-1.0,-1.0,-1.0,-1.0,-1.0,-1.0,-1.0,-1.0,-1.0,-1.0,-1.0,-1.0,-1.0,-1.0,-1.0,-1.0,-1.0,-1.0,-1.0,-1.0,-1.0,-1.0,-1.0,-1.0,-1.0,-1.0,-1.0,-1.0,-1.0,-1.0,-1.0,-1.0,-1.0,-1.0,-1.0,-1.0,-1.0,-1.0,-1.0,-1.0,-1.0,-1.0,-1.0,-1.0,-1.0,-1.0,-1.0,-1.0,-1.0,-1.0,-1.0,-1.0,-1.0,-1.0,-1.0,-1.0,-1.0,-1.0,-1.0,-1.0,-1.0,-1.0,-1.0,-1.0,-1.0,-1.0,-1.0,-1.0,-1.0,-1.0,-1.0,-1.0,-1.0,-1.0,-1.0,-1.0,-1.0,-1.0,-1.0,-1.0,-1.0,-1.0,-1.0,-1.0,-1.0,-1.0,-1.0,-1.0,-1.0,-1.0,-1.0,-1.0
-1.0,-1.0,-1.0,-1.0,-1.0,-1.0,-1.0,-1.0,-1.0,-1.0,-1.0,-1.0,-1.0,-1.0,-1.0,-1.0,-1.0,-1.0,-1.0,-1.0,-1.0,-1.0,-1.0,-1.0,-1.0,-1.0,-1.0,-1.0,-1.0,-1.0,-1.0,-1.0,-1.0,-1.0,-1.0,-1.0,-1.0,-1.0,-1.0,-1.0,-1.0,-1.0,-1.0,-1.0,-1.0,-1.0,-1.0,-1.0,-1.0,-1.0,-1.0,-1.0,-1.0,-1.0,-1.0,-1.0,-1.0,-1.0,-1.0,-1.0,-1.0,-1.0,-1.0,-1.0,-1.0,-1.0,-1.0,-1.0,-1.0,-1.0,-1.0,-1.0,-1.0,-1.0,-1.0,-1.0,-1.0,-1.0,-1.0,-1.0,-1.0,-1.0,-1.0,-1.0,-1.0,-1.0,-1.0,-1.0,-1.0,-1.0,-1.0,-1.0
0.0,0.0,0.0,0.0,0.0,0.0,0.0,0.0,0.0,0.0,0.0,0.0,0.0,0.0,0.0,0.0,0.0,0.0,0.0,0.0,0.0,0.0,0.0,0.0,0.0,0.0,0.0,0.0,0.0,0.0,0.0,0.0,0.0,0.0,0.0,0.0,0.0,0.0,0.0,0.0,0.0,0.0,0.0,0.0,0.0,0.0,0.0,0.0,0.0,0.0,0.0,0.0,0.0,0.0,0.0,0.0,0.0,0.0,0.0,0.0,0.0,0.0,0.0,0.0,0.0,0.0,0.0,0.0,0.0,0.0,0.0,0.0,0.0,0.0,0.0,0.0,0.0,0.0,0.0,0.0,0.0,0.0,0.0,0.0,0.0,0.0,0.0,0.0,0.0,0.0,0.0,0.0
0.30918791307372295,0.30918791307372295,0.30918791307372295,0.30918791307372295,0.30918791307372295,0.30918791307372295,0.30918791307372295,0.30918791307372295,0.30918791307372295,0.30918791307372295,0.30918791307372295,0.30918791307372295,0.30918791307372295,0.30918791307372295,0.30918791307372295,0.30918791307372295,0.30918791307372295,0.30918791307372295,0.30918791307372295,0.30918791307372295,0.30918791307372295,0.30918791307372295,0.30918791307372295,0.30918791307372295,-3.234513096367228,0.30918791307372295,0.30918791307372295,0.30918791307372295,0.30918791307372295,0.30918791307372295,0.30918791307372295,0.30918791307372295,0.30918791307372295,0.30918791307372295,0.30918791307372295,0.30918791307372295,0.30918791307372295,0.30918791307372295,0.30918791307372295,0.30918791307372295,0.30918791307372295,0.30918791307372295,0.30918791307372295,0.30918791307372295,0.30918791307372295,0.30918791307372295,0.30918791307372295,0.30918791307372295,0.30918791307372295,0.30918791307372295,0.30918791307372295,0.30918791307372295,0.30918791307372295,0.30918791307372295,0.30918791307372295,0.30918791307372295,0.30918791307372295,0.30918791307372295,0.30918791307372295,0.30918791307372295,0.30918791307372295,0.30918791307372295,0.30918791307372295,0.30918791307372295,0.30918791307372295,0.30918791307372295,0.30918791307372295,0.30918791307372295,0.30918791307372295,0.30918791307372295,0.30918791307372295,0.30918791307372295,0.30918791307372295,0.30918791307372295,0.30918791307372295,0.30918791307372295,0.30918791307372295,0.30918791307372295,0.30918791307372295,0.30918791307372295,0.30918791307372295,0.30918791307372295,0.30918791307372295,0.30918791307372295,0.30918791307372295,0.30918791307372295,0.30918791307372295,0.30918791307372295,0.30918791307372295,-3.234513096367228,0.30918791307372295,0.30918791307372295
-0.3402387645907802,-1.2519502074688795,-0.6767243314855225,-1.2519502074688795,-0.3402387645907802,-0.3402387645907802,-0.6767243314855225,-0.3402387645907802,-0.3402387645907802,-0.3402387645907802,-1.2519502074688795,-1.2519502074688795,-1.2519502074688795,-1.2519502074688795,-1.2519502074688795,-1.2519502074688795,-1.2519502074688795,-1.2519502074688795,-1.2519502074688795,-0.6767243314855225,-0.6767243314855225,0.5714726782873192,0.9953943577611701,-0.6767243314855225,0.0,-0.3402387645907802,-0.3402387645907802,1.6526141078838175,1.6526141078838175,1.6241791724479058,1.6241791724479058,1.234134666849785,1.3854388633592911,1.6526141078838175,1.6526141078838175,-0.6767243314855225,0.9381388627512518,1.5424861659638789,1.234134666849785,1.0992641859387686,1.419316037235021,1.6526141078838175,1.6526141078838175,1.6526141078838175,1.274624429645994,1.350119681269004,1.6526141078838175,-0.6767243314855225,0.7380043757662827,0.810212987375934,1.6526141078838175,1.6526141078838175,1.6526141078838175,1.6526141078838175,1.6526141078838175,-1.2519502074688795,-0.6767243314855225,1.146698554270676,1.3854388633592911,1.6526141078838175,1.4518643469057944,1.0992641859387686,-0.6767243314855225,0.08368291488307082,-0.6767243314855225,-0.10149845550216545,0.08368291488307082,-0.6767243314855225,-0.3402387645907802,-0.10149845550216545,0.08368291488307082,0.08368291488307082,-0.6767243314855225,-0.10149845550216545,-0.3402387645907802,-0.10149845550216545,0.23498711139257678,-0.10149845550216545,-0.10149845550216545,-1.2519502074688795,-1.2519502074688795,-0.3402387645907802,-0.6767243314855225,-1.2519502074688795,-0.3402387645907802,-1.2519502074688795,0.5714726782873192,0.08368291488307082,-0.10149845550216545,0.0,-1.2519502074688795,-0.10149845550216545
1.0967041662709258,2.1461823394862485,2.1461823394862485,0.04722599305560278,0.04722599305560278,1.0967041662709258,0.5719650796632643,-0.4775130935520587,1.6214432528785871,0.04722599305560278,0.04722599305560278,1.0967041662709258,1.0967041662709258,1.6214432528785871,1.0967041662709258,0.04722599305560278,1.6214432528785871,-1.0022521801597202,-0.4775130935520587,0.5719650796632643,-0.4775130935520587,-1.0022521801597202,-0.4775130935520587,-0.4775130935520587,-1.0,-1.0022521801597202,-1.0022521801597202,-0.4775130935520587,0.04722599305560278,-0.4775130935520587,0.04722599305560278,0.04722599305560278,-1.0022521801597202,-0.4775130935520587,0.04722599305560278,1.0967041662709258,-0.4775130935520587,0.04722599305560278,0.5719650796632643,-0.4775130935520587,0.04722599305560278,0.04722599305560278,-0.4775130935520587,0.04722599305560278,-0.4775130935520587,-0.4775130935520587,-0.4775130935520587,-1.0022521801597202,-0.4775130935520587,-0.4775130935520587,-0.4775130935520587,0.04722599305560278,-0.4775130935520587,0.04722599305560278,-0.4775130935520587,2.1461823394862485,-1.0022521801597202,0.04722599305560278,-0.4775130935520587,-0.4775130935520587,0.04722599305560278,0.5719650796632643,0.5719650796632643,0.5719650796632643,-1.0022521801597202,0.04722599305560278,0.5719650796632643,1.0967041662709258,0.04722599305560278,0.04722599305560278,0.5719650796632643,0.04722599305560278,0.04722599305560278,0.04722599305560278,0.5719650796632643,0.04722599305560278,0.04722599305560278,0.04722599305560278,0.04722599305560278,-0.4775130935520587,3.1956605127015716,0.04722599305560278,2.6709214260939103,1.0967041662709258,-1.0022521801597202,1.0967041662709258,-0.4775130935520587,-0.4775130935520587,0.04722599305560278,-1.0,-0.4775130935520587,0.5719650796632643
-1.0,-1.0,-1.0,-1.0,-1.0,-1.0,-1.0,-1.0,-1.0,1.0,-1.0,-1.0,-1.0,-1.0,-1.0,-1.0,-1.0,-1.0,-1.0,-1.0,-1.0,-1.0,1.0,-1.0,-1.0,-1.0,-1.0,1.0,1.0,1.0,1.0,1.0,1.0,1.0,1.0,-1.0,1.0,1.0,1.0,1.0,1.0,1.0,1.0,1.0,1.0,1.0,1.0,-1.0,1.0,1.0,1.0,1.0,1.0,1.0,1.0,-1.0,-1.0,1.0,1.0,1.0,1.0,-1.0,-1.0,-1.0,-1.0,-1.0,-1.0,-1.0,-1.0,-1.0,-1.0,-1.0,1.0,1.0,1.0,1.0,-1.0,1.0,1.0,-1.0,-1.0,1.0,-1.0,-1.0,1.0,-1.0,1.0,1.0,1.0,-1.0,-1.0,-1.0
-1.0,-1.0,-1.0,-1.0,-1.0,-1.0,-1.0,-1.0,-1.0,-1.0,-1.0,-1.0,-1.0,-1.0,-1.0,-1.0,-1.0,-1.0,-1.0,-1.0,-1.0,-1.0,-1.0,1.0,-1.0,1.0,-1.0,-1.0,-1.0,-1.0,-1.0,-1.0,-1.0,-1.0,-1.0,-1.0,-1.0,-1.0,-1.0,-1.0,-1.0,-1.0,-1.0,-1.0,-1.0,-1.0,-1.0,-1.0,-1.0,-1.0,-1.0,-1.0,-1.0,-1.0,-1.0,-1.0,-1.0,-1.0,-1.0,-1.0,-1.0,-1.0,-1.0,-1.0,-1.0,-1.0,-1.0,-1.0,-1.0,-1.0,-1.0,-1.0,-1.0,-1.0,-1.0,-1.0,-1.0,-1.0,-1.0,-1.0,-1.0,-1.0,-1.0,-1.0,-1.0,-1.0,-1.0,-1.0,-1.0,-1.0,-1.0,-1.0
-1.0,-1.0,-1.0,-1.0,-1.0,-1.0,-1.0,-1.0,-1.0,-1.0,-1.0,-1.0,-1.0,-1.0,-1.0,-1.0,-1.0,-1.0,-1.0,-1.0,-1.0,-1.0,-1.0,-1.0,-1.0,-1.0,-1.0,-1.0,-1.0,-1.0,-1.0,-1.0,-1.0,-1.0,-1.0,-1.0,-1.0,-1.0,-1.0,-1.0,-1.0,-1.0,-1.0,-1.0,-1.0,-1.0,-1.0,-1.0,-1.0,-1.0,-1.0,-1.0,-1.0,-1.0,-1.0,-1.0,-1.0,-1.0,-1.0,-1.0,-1.0,-1.0,-1.0,-1.0,-1.0,1.0,1.0,-1.0,-1.0,1.0,1.0,1.0,-1.0,1.0,-1.0,1.0,-1.0,1.0,1.0,-1.0,-1.0,-1.0,-1.0,-1.0,-1.0,-1.0,-1.0,-1.0,1.0,-1.0,-1.0,-1.0
-2.446043165467626,-2.446043165467626,-2.446043165467626,-2.446043165467626,-2.446043165467626,-2.446043165467626,-2.446043165467626,-2.446043165467626,-2.446043165467626,-0.2659690429474603,-2.446043165467626,-2.446043165467626,-2.446043165467626,-2.446043165467626,-2.446043165467626,-2.446043165467626,-2.446043165467626,-2.446043165467626,-2.446043165467626,-2.446043165467626,-2.446043165467626,-2.446043165467626,-1.1379986919555263,-2.446043165467626,0.0,-2.446043165467626,-2.446043165467626,-1.1044590900706008,-0.9153528241236797,-1.0153695225637671,-0.8109875735775016,-0.8109875735775016,1.3690865489426642,0.13562355856941244,-0.9511351957395123,-2.446043165467626,-1.5117256843875548,0.2602557452470625,-1.1379986919555263,-0.13772938868156795,-0.6147809025506865,-1.0995267956757588,-0.9071673142769207,-0.7642716995234982,0.35690927777258696,-1.308613188500583,-0.5318317408157732,-2.446043165467626,0.526785183423509,0.8240680183126226,-0.6370454893338713,0.38216110158556216,0.09737664413923411,-0.0842961994041131,0.22950234853439577,-2.446043165467626,-2.446043165467626,-0.6293147300341544,-0.5384783082624808,-0.3905447070914697,-1.439855108919857,-2.446043165467626,-2.446043165467626,-2.446043165467626,-2.446043165467626,-2.446043165467626,-2.446043165467626,-2.446043165467626,-2.446043165467626,-2.446043165467626,-2.446043165467626,-2.446043165467626,0.8240680183126226,-0.8109875735775016,-0.2659690429474603,-0.8109875735775016,-2.446043165467626,-0.8109875735775016,-0.8109875735775016,-2.446043165467626,-2.446043165467626,-0.2659690429474603,-2.446043165467626,-2.446043165467626,-0.2659690429474603,-2.446043165467626,-0.9926604171208488,1.478090255068672,-0.8109875735775016,0.0,-2.446043165467626,-2.446043165467626
-0.2009922210080832,-0.8379914509840762,-0.3722746267518522,-0.8379914509840762,-0.42046223010339584,-0.1626419043936299,-0.5819073491100745,-0.5819073491100745,-0.056175010404242665,-0.471255805443032,-0.8379914509840762,-0.8379914509840762,-0.8379914509840762,-0.8379914509840762,-0.8379914509840762,-0.8379914509840762,-0.8379914509840762,-0.8379914509840762,-0.8379914509840762,-0.7769746277781607,-0.8379914509840762,0.17992290709390768,0.9646677700188816,-0.8379914509840762,-0.8379914509840762,-0.7769746277781607,-0.8379914509840762,1.958254076688911,1.9803654469444316,1.7476381493227773,1.841193229814521,1.371628788500744,1.25453315675921,1.9343684095689797,1.8804336007819646,-0.5819073491100745,0.9646677700188816,1.712561188979272,1.5143466634839207,1.1855515525929101,1.5330739075074233,1.858836045025753,1.6971177897184708,1.9221939113374944,1.1855515525929101,1.3568339583366793,1.9543150675667953,-0.8379914509840762,0.6116316105355352,0.7056552457997395,1.9803654469444316,1.9015457768842317,1.8675347395748603,1.9181004307898353,1.95035947309421,-0.8379914509840762,-0.8379914509840762,1.3493482430384722,1.4691409249859186,1.7719147533754682,1.7277548187839609,1.334195458098001,-0.7073537229411824,0.2056629363936535,-0.8379914509840762,-0.2009922210080832,0.1262253037870841,-0.5819073491100745,-0.42046223010339584,-0.24097494863154706,0.15345771195397964,0.008640501350139093,-0.8379914509840762,-0.1626419043936299,-0.3264385948391911,-0.12579591524122108,0.27890408578508746,-0.1626419043936299,-0.12579591524122108,-0.8379914509840762,-0.8379914509840762,-0.5249534087498556,-0.28273525918707676,-0.8379914509840762,-0.8379914509840762,-0.8379914509840762,0.4304078178496487,-0.2009922210080832,-0.2009922210080832,-0.8379914509840762,-0.8379914509840762,-0.023208389321739645
-1.0,-1.0,-1.0,-1.0,-1.0,-1.0,-1.0,1.0,-1.0,-1.0,-1.0,-1.0,-1.0,-1.0,-1.0,-1.0,-1.0,-1.0,-1.0,-1.0,-1.0,1.0,1.0,-1.0,1.0,-1.0,-1.0,1.0,1.0,1.0,1.0,1.0,1.0,1.0,1.0,-1.0,1.0,1.0,1.0,1.0,1.0,1.0,1.0,1.0,1.0,1.0,1.0,-1.0,1.0,1.0,1.0,1.0,1.0,1.0,1.0,-1.0,-1.0,1.0,1.0,1.0,1.0,1.0,1.0,1.0,1.0,-1.0,-1.0,-1.0,-1.0,-1.0,-1.0,-1.0,-1.0,-1.0,-1.0,-1.0,-1.0,-1.0,-1.0,-1.0,-1.0,-1.0,-1.0,-1.0,-1.0,-1.0,1.0,-1.0,1.0,-1.0,-1.0,1.0
-0.16989594669116745,-0.16989594669116745,-0.16989594669116745,-0.16989594669116745,-0.16989594669116745,-0.16989594669116745,-0.16989594669116745,2.2788781480215374,-0.16989594669116745,-0.16989594669116745,-0.16989594669116745,-0.16989594669116745,-0.16989594669116745,-0.16989594669116745,-0.16989594669116745,-0.16989594669116745,-0.16989594669116745,-0.16989594669116745,-0.16989594669116745,-0.16989594669116745,-0.16989594669116745,4.7276522427342424,2.2788781480215374,-0.16989594669116745,2.2788781480215374,-0.16989594669116745,-0.16989594669116745,9.625200432159653,12.073974526872357,9.625200432159653,2.2788781480215374,7.176426337446948,14.522748621585063,12.073974526872357,12.073974526872357,-0.16989594669116745,7.176426337446948,4.7276522427342424,4.7276522427342424,7.176426337446948,4.7276522427342424,9.625200432159653,9.625200432159653,12.073974526872357,2.2788781480215374,9.625200432159653,16.971522716297766,-0.16989594669116745,4.7276522427342424,2.2788781480215374,16.971522716297766,4.7276522427342424,7.176426337446948,12.073974526872357,14.522748621585063,-0.16989594669116745,-0.16989594669116745,4.7276522427342424,16.971522716297766,4.7276522427342424,9.625200432159653,4.7276522427342424,2.2788781480215374,2.2788781480215374,2.2788781480215374,-0.16989594669116745,-0.16989594669116745,-0.16989594669116745,-0.16989594669116745,-0.16989594669116745,-0.16989594669116745,-0.16989594669116745,-0.16989594669116745,-0.16989594669116745,-0.16989594669116745,-0.16989594669116745,-0.16989594669116745,-0.16989594669116745,-0.16989594669116745,-0.16989594669116745,-0.16989594669116745,-0.16989594669116745,-0.16989594669116745,-0.16989594669116745,-0.16989594669116745,-0.16989594669116745,2.2788781480215374,-0.16989594669116745,2.2788781480215374,-0.16989594669116745,-0.16989594669116745,4.7276522427342424
0.0,0.0,0.0,0.0,0.0,0.0,0.0,0.934053787354754,0.0,0.0,0.0,0.0,0.0,0.0,0.0,0.0,0.0,0.0,0.0,0.0,0.0,0.7396578900350247,-1.0917363902447395,0.0,1.383949894750324,0.0,0.0,-1.0917363902447395,-1.0917363902447395,-0.8705405329702639,-1.0917363902447395,-0.684763232380635,0.6649638079681363,-0.8303048116639812,-0.7355505479325227,0.0,0.030197894596355735,-1.0917363902447395,-1.0917363902447395,-0.3578572530666546,-1.0917363902447395,-1.0658962776699565,-0.7817848743258048,-0.8089162938928366,-1.0917363902447395,-0.18396419733726313,-0.3100145547513889,0.0,-0.018780700201000446,-1.0917363902447395,-0.5120977390159995,-1.0917363902447395,-1.0917363902447395,-0.8017247464651974,-0.5574843988968935,0.0,0.0,-1.0917363902447395,0.542353696767468,-1.0917363902447395,-0.8356089111084966,-1.0917363902447395,1.1544416789126346,-0.4495729319754428,1.383949894750324,0.0,0.0,0.0,0.0,0.0,0.0,0.0,0.0,0.0,0.0,0.0,0.0,0.0,0.0,0.0,0.0,0.0,0.0,0.0,0.0,0.0,-0.8444113720980554,0.0,0.2648508492298048,0.0,0.0,1.0965249461265436
-0.5077224524862195,-0.5077224524862195,-0.5077224524862195,-0.5077224524862195,-0.5077224524862195,-0.5077224524862195,-0.5077224524862195,-0.5077224524862195,-0.5077224524862195,-0.5077224524862195,-0.5077224524862195,-0.5077224524862195,-0.5077224524862195,-0.5077224524862195,-0.5077224524862195,-0.5077224524862195,-0.5077224524862195,-0.5077224524862195,-0.5077224524862195,-0.5077224524862195,-0.5077224524862195,1.969566382794139,-0.5077224524862195,-0.5077224524862195,-0.5077224524862195,-0.5077224524862195,1.969566382794139,-0.5077224524862195,-0.5077224524862195,-0.5077224524862195,-0.5077224524862195,-0.5077224524862195,-0.5077224524862195,-0.5077224524862195,-0.5077224524862195,-0.5077224524862195,-0.5077224524862195,-0.5077224524862195,-0.5077224524862195,-0.5077224524862195,-0.5077224524862195,-0.5077224524862195,-0.5077224524862195,-0.5077224524862195,-0.5077224524862195,1.969566382794139,1.969566382794139,-0.5077224524862195,-0.5077224524862195,-0.5077224524862195,-0.5077224524862195,1.969566382794139,-0.5077224524862195,-0.5077224524862195,1.969566382794139,-0.5077224524862195,1.969566382794139,-0.5077224524862195,-0.5077224524862195,-0.5077224524862195,-0.5077224524862195,-0.5077224524862195,-0.5077224524862195,-0.5077224524862195,1.969566382794139,-0.5077224524862195,-0.5077224524862195,-0.5077224524862195,-0.5077224524862195,-0.5077224524862195,-0.5077224524862195,-0.5077224524862195,-0.5077224524862195,-0.5077224524862195,-0.5077224524862195,-0.5077224524862195,-0.5077224524862195,-0.5077224524862195,-0.5077224524862195,-0.5077224524862195,-0.5077224524862195,-0.5077224524862195,-0.5077224524862195,-0.5077224524862195,-0.5077224524862195,-0.5077224524862195,1.969566382794139,-0.5077224524862195,-0.5077224524862195,-0.5077224524862195,1.969566382794139,-0.5077224524862195
-0.8700053950135924,-0.8700053950135924,-0.8700053950135924,-0.8700053950135924,-0.8700053950135924,-0.8700053950135924,-0.8700053950135924,-0.8700053950135924,-0.8700053950135924,-0.8700053950135924,-0.8700053950135924,-0.8700053950135924,-0.8700053950135924,-0.8700053950135924,-0.8700053950135924,-0.8700053950135924,-0.8700053950135924,-0.8700053950135924,-0.8700053950135924,-0.8700053950135924,-0.8700053950135924,-0.05109015634402179,-0.8700053950135924,-0.8700053950135924,-0.8700053950135924,-0.8700053950135924,-0.5424392995457642,-0.8700053950135924,-0.8700053950135924,-0.8700053950135924,-0.8700053950135924,-0.8700053950135924,-0.8700053950135924,-0.8700053950135924,-0.8700053950135924,-0.8700053950135924,-0.8700053950135924,-0.8700053950135924,-0.8700053950135924,-0.8700053950135924,-0.8700053950135924,-0.8700053950135924,-0.8700053950135924,-0.8700053950135924,-0.8700053950135924,-0.688024230864799,-0.8562421136914148,-0.8700053950135924,-0.8700053950135924,-0.8700053950135924,-0.8700053950135924,-0.8408884087497855,-0.8700053950135924,-0.8700053950135924,-0.8423626865352947,-0.8700053950135924,-0.5424392995457642,-0.8700053950135924,-0.8700053950135924,-0.8700053950135924,-0.8700053950135924,-0.8700053950135924,-0.8700053950135924,-0.8700053950135924,0.4402589868577207,-0.8700053950135924,-0.8700053950135924,-0.8700053950135924,-0.8700053950135924,-0.8700053950135924,-0.8700053950135924,-0.8700053950135924,-0.8700053950135924,-0.8700053950135924,-0.8700053950135924,-0.8700053950135924,-0.8700053950135924,-0.8700053950135924,-0.8700053950135924,-0.8700053950135924,-0.8700053950135924,-0.8700053950135924,-0.8700053950135924,-0.8700053950135924,-0.8700053950135924,-0.8700053950135924,-0.7306155671549421,-0.8700053950135924,-0.8700053950135924,-0.8700053950135924,2.40565555966469,-0.8700053950135924
0.06830250281695922,-0.901855017471593,-0.11203533773096849,-1.096933728981207,-0.16277054484031625,0.10868034111592541,-0.3327510165778624,-0.3327510165778624,0.2207759744561858,-0.21624949762990653,-1.096933728981207,-1.096933728981207,-1.096933728981207,-1.0183565364195493,-1.096933728981207,-1.096933728981207,-1.0183565364195493,-1.096933728981207,-1.096933728981207,-0.538131199345661,-0.797640857572655,0.4693560222117804,1.2955891273952507,-0.797640857572655,-1.096933728981207,-0.538131199345661,-0.797640857572655,1.6519520208818297,1.8336742139069309,1.8704253214638973,1.8704253214638973,1.7240655429471978,1.6007792469953916,1.8704253214638973,1.8704253214638973,-0.3327510165778624,1.2955891273952507,1.8704253214638973,1.8704253214638973,1.5281506925395878,1.8704253214638973,1.5468138817625183,1.8704253214638973,1.8704253214638973,1.5281506925395878,0.6218294938510074,1.6519520208818297,-1.096933728981207,0.9238884943961923,1.0228830132458286,1.8704253214638973,1.8704253214638973,1.8704253214638973,1.609494014237879,1.6436049697978885,-0.901855017471593,-0.797640857572655,1.7006070596461935,1.826732994660001,1.8704253214638973,1.8704253214638973,0.9909731594196948,-0.4648295453855011,0.49645688688845147,-1.096933728981207,0.06830250281695922,0.41281951000609457,-0.3327510165778624,-0.16277054484031625,0.026205950473936392,0.4414916533030797,0.2890181816638531,-0.7033676826920172,0.10868034111592541,-0.0637760259906795,0.14747432049602588,0.5735701821107184,0.10868034111592541,0.14747432049602588,-1.096933728981207,-0.7033676826920172,-0.2727860098355923,-0.017762162850330287,-1.096933728981207,-0.6173030170247277,-1.096933728981207,0.026205950473936392,0.06830250281695922,0.06830250281695922,-1.096933728981207,-1.096933728981207,-0.4648295453855011
-1.0,-1.0,-1.0,-1.0,-1.0,-1.0,-1.0,-1.0,-1.0,-1.0,-1.0,-1.0,-1.0,-1.0,-1.0,-1.0,-1.0,-1.0,-1.0,-1.0,-1.0,-1.0,-1.0,-1.0,-1.0,-1.0,-1.0,1.0,1.0,-1.0,-1.0,-1.0,-1.0,-1.0,-1.0,-1.0,-1.0,-1.0,-1.0,-1.0,-1.0,1.0,-1.0,-1.0,-1.0,1.0,1.0,-1.0,-1.0,-1.0,-1.0,-1.0,-1.0,1.0,1.0,-1.0,-1.0,-1.0,-1.0,-1.0,-1.0,1.0,-1.0,-1.0,-1.0,-1.0,-1.0,-1.0,-1.0,-1.0,-1.0,-1.0,-1.0,-1.0,-1.0,-1.0,-1.0,-1.0,-1.0,-1.0,-1.0,-1.0,-1.0,-1.0,-1.0,-1.0,1.0,-1.0,-1.0,-1.0,-1.0,1.0
-1.7341909183157396,-1.725953769342469,-1.7198404845643969,-1.714703029281416,-1.7047151273904815,-1.7003525955300731,-1.6941245072819904,-1.689761975421582,-1.6850550331511418,-1.6736320878850726,-1.6659115545268501,-1.6569568838660123,-1.6499538721953568,0.0811389512291373,0.12685943316091594,0.17220680381515951,0.21746807186689504,0.2634468616061975,0.26838341081665945,0.3305781906949796,0.4827214893267172,0.48648130296956915,0.49242238254262505,0.5231897125055041,0.5237637298555577,0.5279827573784528,0.5351292733866215,0.5651503807944308,0.5815385761384643,0.596376924637353,0.6087182976635079,0.6192802169044963,0.6272303572027401,0.638682003336312,0.6531759414251681,0.6669236569589548,0.696858661764256,0.7066169567151691,0.7171788759561576,0.7258178370744658,0.7343419947227635,0.7456788373863246,0.7576758000024473,0.7701032756311103,0.7802633827270608,0.8901016026598394,0.9027586852285238,0.9104218168517408,0.9127465871194586,0.9166786059673265,0.9272979269433202,0.9429111988647811,0.9573477352186324,0.9718990750424941,0.9860773035888207,1.084549979990536,1.0868460493907508,1.0970348573542041,1.1062191349550636,1.1169532594010683,1.129122427222207,1.1448792034811812,1.1556420287946885,1.1631329552128895,1.195507533755919,1.2023096393540555,1.2107476943998452,1.21688968004542,1.222945563088487,1.2296615660841153,1.2382144245999154,1.246394171838181,1.251703832326178,1.2584772370568118,1.2650784365824292,1.2722823543256037,1.2816388371314793,1.2892445670196908,1.2965632882328757,1.3176871267148524,1.3216191455627206,1.3251780531330535,1.3299710980060022,1.33390311685387,1.3375481270267113,1.3426855823096917,1.5847199979598412,1.5906323766653947,1.5926127365230798,1.5990130299761787,1.599644449061238,1.6018544158589447
-1.1401172191954432,-1.1400947004844317,-1.1400530439724241,-1.1400016023784192,-1.139858638718824,-1.1397783943947069,-1.1396450806743952,-1.1395385629202874,-1.139411497852439,-1.1390507440969377,-1.1387648943032906,-1.1383908942196397,-1.1380666322759898,-0.20240982278581743,-0.15459960649441398,-0.10600535002679587,-0.056337295224547626,-0.004689052317201555,9.276681302575056E-4,0.07287896568216029,0.25816115647191595,0.2629065753034169,0.2704214487152321,0.3096601849592587,0.31039736621451064,0.3158213982126939,0.32503213889893817,0.3640419101264723,0.38555317248908433,0.40516184044663206,0.4215661657407536,0.43567399707426846,0.446335053299676,0.46175476648716984,0.48137786918557335,0.5001010680269248,0.5412417595001634,0.5547630480325753,0.569458878054734,0.5815262724595427,0.5934749010112927,0.6094301953147601,0.6263941266798784,0.644053116229686,0.6585555099504252,0.8190846567322115,0.8380238895168333,0.8495347751249119,0.8530334436299626,0.8589579397810239,0.8750023404447883,0.8987084017584879,0.9207511408333944,0.943089105139912,0.9649701196080003,1.1200954076621654,1.123778222285346,1.140156881003502,1.1549713330700078,1.1723465161277948,1.1921238321213299,1.2178568376402032,1.2355151830956195,1.2478442704753636,1.3014955701177362,1.3128438207208515,1.3269579618372427,1.3372569824422023,1.347432627586204,1.3587418552036175,1.3731813365947776,1.3870298239070495,1.3960395579577203,1.4075563273095124,1.4188054007266389,1.4311098406048537,1.4471349624695042,1.4601982003476173,1.4727995429134548,1.5093413083836218,1.516171252756259,1.5223606803888567,1.530707823999147,1.5375652353672358,1.5439299585583752,1.5529135390977198,1.993155522867829,2.0043265039387554,2.0080726845681824,2.02019515724104,2.0213923586741314,2.0255843491196077
-1.0,-1.0,-1.0,-1.0,-1.0,-1.0,-1.0,-1.0,-1.0,-1.0,-1.0,-1.0,-1.0,-1.0,-1.0,-1.0,-1.0,-1.0,-1.0,-1.0,-1.0,-1.0,-1.0,-1.0,1.0,-1.0,-1.0,1.0,1.0,1.0,1.0,1.0,1.0,-1.0,1.0,-1.0,-1.0,1.0,1.0,-1.0,1.0,1.0,1.0,1.0,1.0,-1.0,1.0,-1.0,1.0,1.0,1.0,1.0,-1.0,-1.0,1.0,-1.0,-1.0,1.0,1.0,1.0,-1.0,-1.0,1.0,1.0,-1.0,-1.0,-1.0,-1.0,-1.0,-1.0,-1.0,-1.0,-1.0,-1.0,-1.0,-1.0,-1.0,-1.0,-1.0,-1.0,-1.0,-1.0,-1.0,-1.0,-1.0,-1.0,-1.0,-1.0,1.0,-1.0,-1.0,1.0
-1.0,-1.0,-1.0,-1.0,-1.0,-1.0,-1.0,-1.0,-1.0,-1.0,-1.0,-1.0,-1.0,-1.0,-1.0,-1.0,-1.0,-1.0,-1.0,-1.0,-1.0,-1.0,-1.0,-1.0,-1.0,-1.0,-1.0,-1.0,-1.0,-1.0,-1.0,-1.0,-1.0,-1.0,-1.0,-1.0,-1.0,-1.0,-1.0,-1.0,-1.0,-1.0,-1.0,-1.0,-1.0,-1.0,-1.0,-1.0,-1.0,-1.0,-1.0,-1.0,-1.0,-1.0,-1.0,-1.0,-1.0,-1.0,-1.0,-1.0,-1.0,-1.0,-1.0,-1.0,-1.0,-1.0,-1.0,-1.0,-1.0,-1.0,-1.0,-1.0,-1.0,-1.0,-1.0,-1.0,-1.0,-1.0,-1.0,-1.0,-1.0,-1.0,-1.0,-1.0,-1.0,-1.0,-1.0,-1.0,-1.0,-1.0,-1.0,-1.0
-1.0,-1.0,-1.0,-1.0,-1.0,-1.0,-1.0,-1.0,-1.0,-1.0,-1.0,-1.0,-1.0,-1.0,-1.0,-1.0,-1.0,-1.0,-1.0,-1.0,-1.0,-1.0,-1.0,-1.0,-1.0,-1.0,-1.0,-1.0,-1.0,-1.0,-1.0,-1.0,-1.0,-1.0,-1.0,-1.0,-1.0,-1.0,-1.0,-1.0,-1.0,-1.0,-1.0,-1.0,-1.0,-1.0,-1.0,-1.0,-1.0,-1.0,-1.0,-1.0,-1.0,-1.0,-1.0,-1.0,-1.0,-1.0,-1.0,-1.0,-1.0,-1.0,-1.0,-1.0,-1.0,-1.0,-1.0,-1.0,-1.0,-1.0,-1.0,-1.0,-1.0,-1.0,-1.0,-1.0,-1.0,-1.0,-1.0,-1.0,-1.0,-1.0,-1.0,-1.0,-1.0,-1.0,-1.0,-1.0,-1.0,1.0,-1.0,-1.0
-1.0,-1.0,-1.0,-1.0,-1.0,-1.0,-1.0,-1.0,-1.0,-1.0,-1.0,-1.0,-1.0,-1.0,-1.0,-1.0,-1.0,-1.0,-1.0,-1.0,-1.0,-1.0,-1.0,-1.0,-1.0,-1.0,-1.0,-1.0,-1.0,-1.0,-1.0,-1.0,-1.0,-1.0,-1.0,-1.0,-1.0,-1.0,-1.0,-1.0,-1.0,-1.0,-1.0,-1.0,-1.0,-1.0,-1.0,-1.0,-1.0,-1.0,-1.0,-1.0,-1.0,-1.0,-1.0,-1.0,-1.0,-1.0,-1.0,-1.0,-1.0,-1.0,-1.0,-1.0,-1.0,-1.0,-1.0,-1.0,-1.0,-1.0,-1.0,-1.0,-1.0,-1.0,-1.0,-1.0,-1.0,-1.0,-1.0,-1.0,-1.0,-1.0,-1.0,-1.0,-1.0,-1.0,-1.0,-1.0,-1.0,-1.0,-1.0,-1.0
-1.0,-1.0,-1.0,-1.0,-1.0,-1.0,-1.0,-1.0,-1.0,-1.0,-1.0,-1.0,-1.0,-1.0,-1.0,-1.0,-1.0,-1.0,-1.0,-1.0,-1.0,-1.0,-1.0,-1.0,-1.0,-1.0,-1.0,-1.0,-1.0,-1.0,-1.0,-1.0,-1.0,-1.0,-1.0,-1.0,-1.0,-1.0,-1.0,-1.0,-1.0,-1.0,-1.0,-1.0,-1.0,-1.0,-1.0,-1.0,-1.0,-1.0,-1.0,-1.0,-1.0,-1.0,-1.0,-1.0,-1.0,-1.0,-1.0,-1.0,-1.0,-1.0,-1.0,-1.0,-1.0,-1.0,-1.0,-1.0,-1.0,-1.0,-1.0,-1.0,-1.0,-1.0,-1.0,-1.0,-1.0,-1.0,-1.0,-1.0,-1.0,-1.0,-1.0,-1.0,-1.0,-1.0,-1.0,-1.0,-1.0,-1.0,-1.0,-1.0
-1.0,-1.0,-1.0,-1.0,-1.0,-1.0,-1.0,-1.0,-1.0,-1.0,-1.0,-1.0,-1.0,-1.0,-1.0,-1.0,-1.0,-1.0,-1.0,-1.0,-1.0,-1.0,-1.0,-1.0,-1.0,-1.0,-1.0,-1.0,-1.0,-1.0,-1.0,-1.0,-1.0,-1.0,-1.0,-1.0,-1.0,-1.0,-1.0,-1.0,-1.0,-1.0,-1.0,-1.0,-1.0,-1.0,-1.0,-1.0,-1.0,-1.0,-1.0,-1.0,-1.0,-1.0,-1.0,-1.0,-1.0,-1.0,-1.0,-1.0,-1.0,-1.0,-1.0,-1.0,-1.0,-1.0,-1.0,-1.0,-1.0,-1.0,-1.0,-1.0,-1.0,-1.0,-1.0,-1.0,-1.0,-1.0,-1.0,-1.0,-1.0,-1.0,-1.0,-1.0,-1.0,-1.0,-1.0,-1.0,-1.0,-1.0,-1.0,-1.0
-1.0,-1.0,-1.0,-1.0,-1.0,-1.0,-1.0,-1.0,-1.0,-1.0,-1.0,-1.0,-1.0,-1.0,-1.0,-1.0,-1.0,-1.0,-1.0,-1.0,-1.0,1.0,-1.0,-1.0,-1.0,-1.0,-1.0,-1.0,-1.0,-1.0,-1.0,-1.0,-1.0,-1.0,-1.0,-1.0,-1.0,-1.0,-1.0,-1.0,-1.0,-1.0,-1.0,-1.0,-1.0,1.0,-1.0,-1.0,-1.0,-1.0,-1.0,-1.0,-1.0,-1.0,-1.0,-1.0,-1.0,-1.0,-1.0,-1.0,-1.0,-1.0,-1.0,-1.0,-1.0,-1.0,-1.0,-1.0,-1.0,-1.0,-1.0,-1.0,-1.0,-1.0,-1.0,-1.0,-1.0,-1.0,-1.0,-1.0,-1.0,-1.0,-1.0,-1.0,-1.0,-1.0,-1.0,-1.0,-1.0,-1.0,1.0,-1.0
1.337810426714739,1.337810426714739,1.337810426714739,1.337810426714739,1.337810426714739,1.337810426714739,1.337810426714739,1.337810426714739,1.337810426714739,-0.27666196209412575,1.337810426714739,1.337810426714739,1.337810426714739,1.337810426714739,1.337810426714739,1.337810426714739,1.337810426714739,1.337810426714739,1.337810426714739,1.337810426714739,1.337810426714739,-0.54574069356227,0.04623251566764726,1.337810426714739,0.0,1.337810426714739,0.5305742323103066,0.15800368104672238,-0.20796100937885484,-0.2514358310189872,-0.5541494039206494,-0.47847101069523384,-0.8820891078974501,-0.6377939438013719,-0.5995564398558987,1.337810426714739,-0.21900223392238052,-0.6663621938755758,-0.5995564398558987,-0.5140843722130765,-0.1152147232132392,-0.22917748007033553,-0.44285764917739123,-0.2535980708254276,-0.27666196209412575,0.4954770064666357,-0.2569732744257249,1.337810426714739,-0.8637428307518948,-0.6802800592963419,-0.5171152965975737,-0.6257370731879344,-0.54574069356227,-0.814819425030414,-0.5885486735685656,1.337810426714739,0.12695613510809048,-0.54574069356227,-0.5793755349957879,-0.3227897446315219,-0.80447024305087,0.6255431963578871,1.337810426714739,1.337810426714739,-1.0838981564985581,-1.0838981564985581,-1.0838981564985581,-1.0838981564985581,-1.0838981564985581,-1.0838981564985581,-1.0838981564985581,-1.0838981564985581,-1.0838981564985581,-1.0838981564985581,-1.0838981564985581,-1.0838981564985581,-1.0838981564985581,-1.0838981564985581,-1.0838981564985581,1.337810426714739,1.337810426714739,0.5305742323103066,1.337810426714739,1.337810426714739,0.5305742323103066,1.337810426714739,-0.54574069356227,-1.0838981564985581,-1.0838981564985581,0.0,-1.0838981564985581,1.337810426714739
1.4516825767754173,1.4516825767754173,1.4516825767754173,1.4516825767754173,1.4516825767754173,1.4516825767754173,1.4516825767754173,1.4516825767754173,1.4516825767754173,-0.59926643194068,1.4516825767754173,1.4516825767754173,1.4516825767754173,1.4516825767754173,1.4516825767754173,1.4516825767754173,1.4516825767754173,1.4516825767754173,1.4516825767754173,1.4516825767754173,1.4516825767754173,-0.7416934464348534,-0.35315255089474823,1.4516825767754173,0.0,1.4516825767754173,0.16983944632785655,-0.24884541048105102,-0.5537723163104903,-0.5829930328236699,-0.7452263040209394,-0.7114277058548415,-0.8396120188995977,-0.7773396535250156,-0.7633423526379678,1.4516825767754173,-0.5613343393049868,-0.7870465433213452,-0.7633423526379678,-0.727894289321231,-0.4864642364612945,-0.5682183284350296,-0.6939631476329132,-0.5844075156530428,-0.59926643194068,0.12573822709506718,-0.5866081357090146,1.4516825767754173,-0.8365663172466746,-0.791542901507814,-0.7292496194555073,-0.773050277821664,-0.7416934464348534,-0.8271496551313574,-0.759099557813635,1.4516825767754173,-0.2788056493287897,-0.7416934464348534,-0.7554910634639764,-0.6277285814493931,-0.8249163321230168,0.29403186035045786,1.4516825767754173,1.4516825767754173,-0.8556350580301921,-0.8556350580301921,-0.8556350580301921,-0.8556350580301921,-0.8556350580301921,-0.8556350580301921,-0.8556350580301921,-0.8556350580301921,-0.8556350580301921,-0.8556350580301921,-0.8556350580301921,-0.8556350580301921,-0.8556350580301921,-0.8556350580301921,-0.8556350580301921,1.4516825767754173,1.4516825767754173,0.16983944632785655,1.4516825767754173,1.4516825767754173,0.16983944632785655,1.4516825767754173,-0.7416934464348534,-0.8556350580301921,-0.8556350580301921,0.0,-0.8556350580301921,1.4516825767754173
1.4965912411460476,1.4965912411460476,1.4965912411460476,1.4965912411460476,1.4965912411460476,1.4965912411460476,1.4965912411460476,1.4965912411460476,1.4965912411460476,-0.6897800420511516,1.4965912411460476,1.4965912411460476,1.4965912411460476,1.4965912411460476,1.4965912411460476,1.4965912411460476,1.4965912411460476,1.4965912411460476,1.4965912411460476,1.4965912411460476,1.4965912411460476,-0.7489553331918166,-0.5431249836705395,1.4965912411460476,0.0,1.4965912411460476,-0.10114161965190568,-0.46766750123687095,-0.6664308688829086,-0.6816475645444238,-0.7501051126572267,-0.7383952689010893,-0.7725573202010455,-0.7596787858394277,-0.7557075453598672,1.4965912411460476,-0.6704427427730423,-0.7622345315358593,-0.7557075453598672,-0.7442946934233594,-0.62856164612163,-0.6740503828326087,-0.7317593189182665,-0.6823643256826666,-0.6897800420511516,-0.14406842684139615,-0.6834757335394666,1.4965912411460476,-0.772165413180122,-0.7633598448510573,-0.7447641536683066,-0.7584966646174347,-0.7489553331918166,-0.7707567562436405,-0.7544407518181988,1.4965912411460476,-0.49006343445140743,-0.7489553331918166,-0.7533411663448202,-0.7033876168103551,-0.7703833932293824,0.02469565409643729,1.4965912411460476,1.4965912411460476,-0.7738712452510439,-0.7738712452510439,-0.7738712452510439,-0.7738712452510439,-0.7738712452510439,-0.7738712452510439,-0.7738712452510439,-0.7738712452510439,-0.7738712452510439,-0.7738712452510439,-0.7738712452510439,-0.7738712452510439,-0.7738712452510439,-0.7738712452510439,-0.7738712452510439,1.4965912411460476,1.4965912411460476,-0.10114161965190568,1.4965912411460476,1.4965912411460476,-0.10114161965190568,1.4965912411460476,-0.7489553331918166,-0.7738712452510439,-0.7738712452510439,0.0,-0.7738712452510439,1.4965912411460476
-1.0,-1.0,-1.0,-1.0,-1.0,-1.0,-1.0,-1.0,-1.0,-1.0,-1.0,-1.0,-1.0,-1.0,-1.0,-1.0,-1.0,-1.0,-1.0,-1.0,-1.0,-1.0,-1.0,-1.0,-1.0,-1.0,-1.0,-1.0,-1.0,-1.0,-1.0,-1.0,-1.0,-1.0,-1.0,-1.0,-1.0,-1.0,-1.0,-1.0,-1.0,-1.0,-1.0,-1.0,-1.0,-1.0,-1.0,-1.0,-1.0,-1.0,-1.0,-1.0,-1.0,-1.0,-1.0,-1.0,-1.0,-1.0,-1.0,-1.0,-1.0,-1.0,-1.0,-1.0,-1.0,-1.0,-1.0,-1.0,-1.0,-1.0,-1.0,-1.0,-1.0,-1.0,-1.0,-1.0,-1.0,-1.0,-1.0,-1.0,-1.0,-1.0,-1.0,-1.0,-1.0,-1.0,-1.0,-1.0,-1.0,-1.0,-1.0,-1.0
1.0,1.0,1.0,1.0,1.0,1.0,1.0,1.0,1.0,1.0,1.0,1.0,1.0,1.0,1.0,1.0,1.0,1.0,1.0,1.0,1.0,1.0,1.0,1.0,1.0,1.0,1.0,1.0,1.0,1.0,1.0,1.0,1.0,1.0,1.0,1.0,1.0,1.0,1.0,1.0,1.0,1.0,1.0,1.0,1.0,1.0,1.0,1.0,1.0,1.0,1.0,1.0,1.0,1.0,1.0,1.0,1.0,1.0,1.0,1.0,1.0,1.0,1.0,1.0,1.0,1.0,1.0,1.0,1.0,1.0,1.0,1.0,1.0,1.0,1.0,1.0,1.0,1.0,1.0,1.0,1.0,1.0,1.0,1.0,1.0,1.0,1.0,1.0,1.0,1.0,1.0,1.0
0.0,0.0,0.0,0.0,0.0,0.0,0.0,0.0,0.0,0.0,0.0,0.0,0.0,0.0,0.0,0.0,0.0,0.0,0.0,0.0,0.0,0.0,0.0,0.0,0.0,0.0,0.0,0.0,0.0,0.0,0.0,0.0,0.0,0.0,0.0,0.0,0.0,0.0,0.0,0.0,0.0,0.0,0.0,0.0,0.0,0.0,0.0,0.0,0.0,0.0,0.0,0.0,0.0,0.0,0.0,0.0,0.0,0.0,0.0,0.0,0.0,0.0,0.0,0.0,0.0,0.0,0.0,0.0,0.0,0.0,0.0,0.0,0.0,0.0,0.0,0.0,0.0,0.0,0.0,0.0,0.0,0.0,0.0,0.0,0.0,0.0,0.0,0.0,0.0,0.0,0.0,0.0
0.7037037037037037,1.0,1.0,1.0,1.0,1.0,1.0,1.0,1.0,1.0,1.0,1.0,1.0,1.0,1.0,1.0,1.0,1.0,1.0,0.44680851063829796,-0.8449612403100775,-0.8449612403100775,-0.8449612403100775,0.8181818181818181,0.8181818181818181,0.9166666666666667,0.3529411764705883,-0.9567723342939481,-0.9567723342939481,-0.9567723342939481,-0.9567723342939481,-0.9567723342939481,-0.9567723342939481,-0.9567723342939481,-0.9567723342939481,0.6767676767676767,0.6767676767676767,-0.9567723342939481,-0.9567723342939481,-0.9567723342939481,-0.9567723342939481,-0.9567723342939481,-0.9567723342939481,-0.9567723342939481,-0.9567723342939481,-0.9567723342939481,-0.9567723342939481,-0.9567723342939481,-0.9567723342939481,-0.9567723342939481,-0.9567723342939481,-0.9567723342939481,-0.9567723342939481,-0.9567723342939481,-0.9567723342939481,-1.0,-1.0,-0.9567723342939481,-0.9567723342939481,-0.9567723342939481,-0.9567723342939481,-0.9567723342939481,0.4509803921568627,0.4509803921568627,-1.0,-1.0,-1.0,-1.0,-1.0,-1.0,-1.0,-1.0,-1.0,-1.0,-1.0,-1.0,-1.0,-1.0,-1.0,1.0,1.0,1.0,1.0,1.0,1.0,1.0,-0.49473684210526314,-0.49473684210526314,-0.49473684210526314,-1.0,-1.0,1.0
0.5719650796632643,0.5719650796632643,0.5719650796632643,0.5719650796632643,0.5719650796632643,0.5719650796632643,0.5719650796632643,0.5719650796632643,0.5719650796632643,0.04722599305560278,0.04722599305560278,0.04722599305560278,0.04722599305560278,0.04722599305560278,0.04722599305560278,0.04722599305560278,0.04722599305560278,0.04722599305560278,0.04722599305560278,0.04722599305560278,-1.0022521801597202,-1.0022521801597202,-1.0022521801597202,-0.4775130935520587,-0.4775130935520587,-0.4775130935520587,-1.0022521801597202,-0.4775130935520587,-0.4775130935520587,-0.4775130935520587,-0.4775130935520587,-0.4775130935520587,-0.4775130935520587,-0.4775130935520587,-0.4775130935520587,0.04722599305560278,0.04722599305560278,-0.4775130935520587,-0.4775130935520587,-0.4775130935520587,-0.4775130935520587,-0.4775130935520587,-0.4775130935520587,-0.4775130935520587,-0.4775130935520587,-0.4775130935520587,-0.4775130935520587,-0.4775130935520587,-0.4775130935520587,-0.4775130935520587,-0.4775130935520587,-0.4775130935520587,-0.4775130935520587,-0.4775130935520587,-0.4775130935520587,0.04722599305560278,0.04722599305560278,-0.4775130935520587,-0.4775130935520587,-0.4775130935520587,-0.4775130935520587,-0.4775130935520587,0.5719650796632643,0.5719650796632643,0.04722599305560278,0.04722599305560278,0.04722599305560278,0.04722599305560278,0.04722599305560278,0.04722599305560278,0.04722599305560278,0.04722599305560278,0.04722599305560278,0.04722599305560278,0.04722599305560278,0.04722599305560278,0.04722599305560278,0.04722599305560278,0.04722599305560278,0.5719650796632643,0.5719650796632643,0.5719650796632643,0.5719650796632643,0.5719650796632643,0.5719650796632643,0.5719650796632643,-0.4775130935520587,-0.4775130935520587,-0.4775130935520587,-0.4775130935520587,-0.4775130935520587,0.04722599305560278
-1.0,-1.0,-1.0,-1.0,-1.0,-1.0,-1.0,-1.0,-1.0,1.0,1.0,1.0,1.0,-1.0,-1.0,-1.0,-1.0,-1.0,-1.0,-1.0,1.0,1.0,1.0,-1.0,-1.0,-1.0,-1.0,1.0,1.0,1.0,1.0,1.0,1.0,1.0,1.0,1.0,1.0,1.0,1.0,1.0,1.0,1.0,1.0,1.0,1.0,1.0,1.0,1.0,1.0,1.0,1.0,1.0,1.0,1.0,1.0,-1.0,-1.0,1.0,1.0,1.0,1.0,1.0,-1.0,-1.0,1.0,1.0,1.0,1.0,1.0,1.0,1.0,1.0,1.0,1.0,1.0,1.0,1.0,1.0,1.0,1.0,1.0,1.0,1.0,1.0,1.0,1.0,1.0,1.0,1.0,-1.0,-1.0,-1.0
-2.446043165467626,-2.446043165467626,-2.446043165467626,-2.446043165467626,-2.446043165467626,-2.446043165467626,-2.446043165467626,-2.446043165467626,-2.446043165467626,-1.356006104207543,-1.356006104207543,-1.356006104207543,-1.356006104207543,-2.446043165467626,-2.446043165467626,-2.446043165467626,-2.446043165467626,-2.446043165467626,-2.446043165467626,-2.446043165467626,-1.691402123056799,-1.691402123056799,-1.691402123056799,-2.446043165467626,-2.446043165467626,-2.446043165467626,-2.446043165467626,-0.5346150362351141,-0.5346150362351141,-0.5346150362351141,-0.5346150362351141,-0.5346150362351141,-0.5346150362351141,-0.5346150362351141,-0.5346150362351141,-1.6285153695225636,-1.6285153695225636,-0.5346150362351141,-0.5346150362351141,-0.5346150362351141,-0.5346150362351141,-0.5346150362351141,-0.5346150362351141,-0.5346150362351141,-0.5346150362351141,-0.5346150362351141,-0.5346150362351141,-0.5346150362351141,-0.5346150362351141,-0.5346150362351141,-0.5346150362351141,-0.5346150362351141,-0.5346150362351141,-0.5346150362351141,-0.5346150362351141,-2.446043165467626,-2.446043165467626,-0.5346150362351141,-0.5346150362351141,-0.5346150362351141,-0.5346150362351141,-0.5346150362351141,-2.446043165467626,-2.446043165467626,-1.7575987057244156,-1.7325643617337536,-1.7325643617337536,-1.7325643617337536,-1.7325643617337536,-1.7325643617337536,-1.7325643617337536,-1.7325643617337536,-1.7325643617337536,-1.7325643617337536,-1.7325643617337536,-1.7325643617337536,-1.7325643617337536,-1.7325643617337536,-1.7325643617337536,-1.356006104207543,-1.356006104207543,-1.356006104207543,-1.356006104207543,-1.356006104207543,-1.356006104207543,-1.356006104207543,-0.2659690429474603,-0.2659690429474603,-0.2659690429474603,-2.446043165467626,-2.446043165467626,-2.446043165467626
-1.0,-1.0,-1.0,-1.0,-1.0,-1.0,-1.0,-1.0,-1.0,-1.0,-1.0,-1.0,-1.0,-1.0,-1.0,-1.0,-1.0,-1.0,-1.0,-1.0,-1.0,-1.0,-1.0,1.0,1.0,1.0,1.0,-1.0,-1.0,-1.0,-1.0,-1.0,-1.0,-1.0,-1.0,-1.0,-1.0,-1.0,-1.0,-1.0,-1.0,-1.0,-1.0,-1.0,-1.0,-1.0,-1.0,-1.0,-1.0,-1.0,-1.0,-1.0,-1.0,-1.0,-1.0,-1.0,-1.0,-1.0,-1.0,-1.0,-1.0,-1.0,-1.0,-1.0,-1.0,-1.0,-1.0,-1.0,-1.0,-1.0,-1.0,-1.0,-1.0,-1.0,-1.0,-1.0,-1.0,-1.0,-1.0,-1.0,-1.0,-1.0,-1.0,-1.0,-1.0,-1.0,-1.0,-1.0,-1.0,-1.0,-1.0,-1.0
-1.0,-1.0,-1.0,-1.0,-1.0,-1.0,-1.0,-1.0,-1.0,-1.0,-1.0,-1.0,-1.0,-1.0,-1.0,-1.0,-1.0,-1.0,-1.0,-1.0,-1.0,-1.0,-1.0,-1.0,-1.0,-1.0,-1.0,-1.0,-1.0,-1.0,-1.0,-1.0,-1.0,-1.0,-1.0,-1.0,-1.0,-1.0,-1.0,-1.0,-1.0,-1.0,-1.0,-1.0,-1.0,-1.0,-1.0,-1.0,-1.0,-1.0,-1.0,-1.0,-1.0,-1.0,-1.0,-1.0,-1.0,-1.0,-1.0,-1.0,-1.0,-1.0,-1.0,-1.0,1.0,1.0,1.0,1.0,1.0,1.0,1.0,1.0,1.0,1.0,1.0,1.0,1.0,1.0,1.0,-1.0,-1.0,-1.0,-1.0,-1.0,-1.0,-1.0,1.0,1.0,1.0,-1.0,-1.0,-1.0
-0.4263568526951478,-0.5012833246928948,-0.5012833246928948,-0.5012833246928948,-0.5012833246928948,-0.5012833246928948,-0.5012833246928948,-0.5012833246928948,-0.5012833246928948,-1.116393498764381,-1.116393498764381,-1.116393498764381,-1.116393498764381,-1.1559062969083356,-1.1559062969083356,-1.1559062969083356,-1.1559062969083356,-1.1559062969083356,-1.1559062969083356,-1.0046039244345522,-0.5327979418870692,-0.5327979418870692,-0.5327979418870692,-1.6355140186915886,-1.6355140186915886,-1.3186664344168477,-1.1559062969083356,1.2251932253208597,1.2251932253208597,1.2251932253208597,1.2251932253208597,1.2251932253208597,1.2251932253208597,1.2251932253208597,1.2251932253208597,-0.6564860513389768,-0.6564860513389768,1.2251932253208597,1.2251932253208597,1.2251932253208597,1.2251932253208597,1.2251932253208597,1.2251932253208597,1.2251932253208597,1.2251932253208597,1.2251932253208597,1.2251932253208597,1.2251932253208597,1.2251932253208597,1.2251932253208597,1.2251932253208597,1.2251932253208597,1.2251932253208597,1.2251932253208597,1.2251932253208597,-1.4278322527259624,-1.4278322527259624,1.2251932253208597,1.2251932253208597,1.2251932253208597,1.2251932253208597,1.2251932253208597,-0.9664366202222776,-0.9664366202222776,-0.05322241521020756,-0.059758042301207494,-0.059758042301207494,-0.059758042301207494,-0.059758042301207494,-0.059758042301207494,-0.059758042301207494,-0.059758042301207494,-0.059758042301207494,-0.059758042301207494,-0.059758042301207494,-0.059758042301207494,-0.059758042301207494,-0.059758042301207494,-0.059758042301207494,-0.7560623202458499,-0.7560623202458499,-0.7560623202458499,-0.7560623202458499,-0.7560623202458499,-0.7560623202458499,-0.7560623202458499,-0.6757584618689061,-0.6757584618689061,-0.6757584618689061,-1.6355140186915886,-1.6355140186915886,-1.1559062969083356
-1.0917363902447395,-1.0917363902447395,-1.0917363902447395,-1.0917363902447395,-1.0917363902447395,-1.0917363902447395,-1.0917363902447395,-1.0917363902447395,-1.0917363902447395,0.0,0.0,0.0,0.0,0.0,0.0,0.0,0.0,0.0,0.0,0.0,-0.6976073246208357,-0.6976073246208357,-0.6976073246208357,1.383949894750324,1.383949894750324,0.2648508492298048,-0.3100145547513889,-0.8886993731618278,-0.8886993731618278,-0.8886993731618278,-0.8886993731618278,-0.8886993731618278,-0.8886993731618278,-0.8886993731618278,-0.8886993731618278,-0.2607435071273028,-0.2607435071273028,-0.8886993731618278,-0.8886993731618278,-0.8886993731618278,-0.8886993731618278,-0.8886993731618278,-0.8886993731618278,-0.8886993731618278,-0.8886993731618278,-0.8886993731618278,-0.8886993731618278,-0.8886993731618278,-0.8886993731618278,-0.8886993731618278,-0.8886993731618278,-0.8886993731618278,-0.8886993731618278,-0.8886993731618278,-0.8886993731618278,0.0,0.0,-0.8886993731618278,-0.8886993731618278,-0.8886993731618278,-0.8886993731618278,-0.8886993731618278,0.16479248605383176,0.16479248605383176,-1.0917363902447395,0.0,0.0,0.0,0.0,0.0,0.0,0.0,0.0,0.0,0.0,0.0,0.0,0.0,0.0,0.0,0.0,0.0,0.0,0.0,0.0,0.0,-0.8618766940553412,-0.8618766940553412,-0.8618766940553412,0.0,0.0,0.8339954241787803
-0.5077224524862195,-0.5077224524862195,-0.5077224524862195,-0.5077224524862195,-0.5077224524862195,-0.5077224524862195,-0.5077224524862195,-0.5077224524862195,-0.5077224524862195,-0.5077224524862195,-0.5077224524862195,-0.5077224524862195,-0.5077224524862195,-0.5077224524862195,-0.5077224524862195,-0.5077224524862195,-0.5077224524862195,-0.5077224524862195,-0.5077224524862195,-0.5077224524862195,1.969566382794139,1.969566382794139,1.969566382794139,-0.5077224524862195,-0.5077224524862195,-0.5077224524862195,1.969566382794139,1.969566382794139,1.969566382794139,1.969566382794139,1.969566382794139,1.969566382794139,1.969566382794139,1.969566382794139,1.969566382794139,-0.5077224524862195,-0.5077224524862195,1.969566382794139,1.969566382794139,1.969566382794139,1.969566382794139,1.969566382794139,1.969566382794139,1.969566382794139,1.969566382794139,1.969566382794139,1.969566382794139,1.969566382794139,1.969566382794139,1.969566382794139,1.969566382794139,1.969566382794139,1.969566382794139,1.969566382794139,1.969566382794139,1.969566382794139,1.969566382794139,1.969566382794139,1.969566382794139,1.969566382794139,1.969566382794139,1.969566382794139,-0.5077224524862195,-0.5077224524862195,1.969566382794139,-0.5077224524862195,-0.5077224524862195,-0.5077224524862195,-0.5077224524862195,-0.5077224524862195,-0.5077224524862195,-0.5077224524862195,-0.5077224524862195,-0.5077224524862195,-0.5077224524862195,-0.5077224524862195,-0.5077224524862195,-0.5077224524862195,-0.5077224524862195,-0.5077224524862195,-0.5077224524862195,-0.5077224524862195,-0.5077224524862195,-0.5077224524862195,-0.5077224524862195,-0.5077224524862195,1.969566382794139,1.969566382794139,1.969566382794139,1.969566382794139,1.969566382794139,1.969566382794139
-0.8700053950135924,-0.8700053950135924,-0.8700053950135924,-0.8700053950135924,-0.8700053950135924,-0.8700053950135924,-0.8700053950135924,-0.8700053950135924,-0.8700053950135924,-0.8700053950135924,-0.8700053950135924,-0.8700053950135924,-0.8700053950135924,-0.8700053950135924,-0.8700053950135924,-0.8700053950135924,-0.8700053950135924,-0.8700053950135924,-0.8700053950135924,-0.8700053950135924,-0.6414709098034796,-0.6414709098034796,-0.6414709098034796,-0.8700053950135924,-0.8700053950135924,-0.8700053950135924,-0.7736624257583489,-0.8623354396081857,-0.8623354396081857,-0.8623354396081857,-0.8623354396081857,-0.8623354396081857,-0.8623354396081857,-0.8623354396081857,-0.8623354396081857,-0.8700053950135924,-0.8700053950135924,-0.8623354396081857,-0.8623354396081857,-0.8623354396081857,-0.8623354396081857,-0.8623354396081857,-0.8623354396081857,-0.8623354396081857,-0.8623354396081857,-0.8623354396081857,-0.8623354396081857,-0.8623354396081857,-0.8623354396081857,-0.8623354396081857,-0.8623354396081857,-0.8623354396081857,-0.8623354396081857,-0.8623354396081857,-0.8623354396081857,-0.6976021868726302,-0.6976021868726302,-0.8623354396081857,-0.8623354396081857,-0.8623354396081857,-0.8623354396081857,-0.8623354396081857,-0.8700053950135924,-0.8700053950135924,-0.8518072785987132,-0.8700053950135924,-0.8700053950135924,-0.8700053950135924,-0.8700053950135924,-0.8700053950135924,-0.8700053950135924,-0.8700053950135924,-0.8700053950135924,-0.8700053950135924,-0.8700053950135924,-0.8700053950135924,-0.8700053950135924,-0.8700053950135924,-0.8700053950135924,-0.8700053950135924,-0.8700053950135924,-0.8700053950135924,-0.8700053950135924,-0.8700053950135924,-0.8700053950135924,-0.8700053950135924,-0.8010441117572075,-0.8010441117572075,-0.8010441117572075,1.7505233687290338,1.7505233687290338,-0.484633517992618
-0.21624949762990653,-0.2727860098355923,-0.2727860098355923,-0.2727860098355923,-0.2727860098355923,-0.2727860098355923,-0.2727860098355923,-0.2727860098355923,-0.2727860098355923,-0.901855017471593,-0.901855017471593,-0.901855017471593,-0.901855017471593,-1.096933728981207,-1.096933728981207,-1.096933728981207,-1.096933728981207,-1.096933728981207,-1.096933728981207,-1.096933728981207,0.6451039720015455,0.6451039720015455,0.6451039720015455,-1.096933728981207,-1.096933728981207,-1.0183565364195493,-1.0183565364195493,1.6602292213472265,1.6602292213472265,1.6602292213472265,1.6602292213472265,1.6602292213472265,1.6602292213472265,1.6602292213472265,1.6602292213472265,0.774302965490234,0.774302965490234,1.6602292213472265,1.6602292213472265,1.6602292213472265,1.6602292213472265,1.6602292213472265,1.6602292213472265,1.6602292213472265,1.6602292213472265,1.6602292213472265,1.6602292213472265,1.6602292213472265,1.6602292213472265,1.6602292213472265,1.6602292213472265,1.6602292213472265,1.6602292213472265,1.6602292213472265,1.6602292213472265,-0.901855017471593,-0.901855017471593,1.6602292213472265,1.6602292213472265,1.6602292213472265,1.6602292213472265,1.6602292213472265,0.10868034111592541,0.10868034111592541,0.06830250281695922,0.10868034111592541,0.10868034111592541,0.10868034111592541,0.10868034111592541,0.10868034111592541,0.10868034111592541,0.10868034111592541,0.10868034111592541,0.10868034111592541,0.10868034111592541,0.10868034111592541,0.10868034111592541,0.10868034111592541,0.10868034111592541,-0.7033676826920172,-0.7033676826920172,-0.7033676826920172,-0.7033676826920172,-0.7033676826920172,-0.7033676826920172,-0.7033676826920172,0.026205950473936392,0.026205950473936392,0.026205950473936392,-1.096933728981207,-1.096933728981207,-1.0183565364195493
-1.0,-1.0,-1.0,-1.0,-1.0,-1.0,-1.0,-1.0,-1.0,-1.0,-1.0,-1.0,-1.0,-1.0,-1.0,-1.0,-1.0,-1.0,-1.0,-1.0,-1.0,-1.0,-1.0,1.0,1.0,-1.0,-1.0,1.0,1.0,1.0,1.0,1.0,1.0,1.0,1.0,-1.0,-1.0,1.0,1.0,1.0,1.0,1.0,1.0,1.0,1.0,1.0,1.0,1.0,1.0,1.0,1.0,1.0,1.0,1.0,1.0,-1.0,-1.0,1.0,1.0,1.0,1.0,1.0,1.0,1.0,-1.0,-1.0,-1.0,-1.0,-1.0,-1.0,-1.0,-1.0,-1.0,-1.0,-1.0,-1.0,-1.0,-1.0,-1.0,-1.0,-1.0,-1.0,-1.0,-1.0,-1.0,-1.0,1.0,1.0,1.0,-1.0,-1.0,1.0
-1.0,-1.0,-1.0,-1.0,-1.0,-1.0,-1.0,-1.0,-1.0,-1.0,-1.0,-1.0,-1.0,-1.0,-1.0,-1.0,-1.0,-1.0,-1.0,-1.0,-1.0,-1.0,-1.0,-1.0,-1.0,-1.0,-1.0,-1.0,-1.0,-1.0,-1.0,-1.0,-1.0,-1.0,-1.0,-1.0,-1.0,-1.0,-1.0,-1.0,-1.0,-1.0,-1.0,-1.0,-1.0,-1.0,-1.0,-1.0,-1.0,-1.0,-1.0,-1.0,-1.0,-1.0,-1.0,-1.0,-1.0,-1.0,-1.0,-1.0,-1.0,-1.0,-1.0,-1.0,-1.0,-1.0,-1.0,-1.0,-1.0,-1.0,-1.0,-1.0,-1.0,-1.0,-1.0,-1.0,-1.0,-1.0,-1.0,-1.0,-1.0,-1.0,-1.0,-1.0,-1.0,-1.0,-1.0,-1.0,-1.0,-1.0,-1.0,-1.0
-1.0,-1.0,-1.0,-1.0,-1.0,-1.0,-1.0,-1.0,-1.0,-1.0,-1.0,-1.0,-1.0,-1.0,-1.0,-1.0,-1.0,-1.0,-1.0,-1.0,-1.0,-1.0,-1.0,-1.0,-1.0,-1.0,-1.0,-1.0,-1.0,-1.0,-1.0,-1.0,-1.0,-1.0,-1.0,-1.0,-1.0,-1.0,-1.0,-1.0,-1.0,-1.0,-1.0,-1.0,-1.0,-1.0,-1.0,-1.0,-1.0,-1.0,-1.0,-1.0,-1.0,-1.0,-1.0,-1.0,-1.0,-1.0,-1.0,-1.0,-1.0,-1.0,-1.0,-1.0,-1.0,-1.0,-1.0,-1.0,-1.0,-1.0,-1.0,-1.0,-1.0,-1.0,-1.0,-1.0,-1.0,-1.0,-1.0,-1.0,-1.0,-1.0,-1.0,-1.0,-1.0,-1.0,-1.0,-1.0,-1.0,1.0,1.0,1.0
-1.0,-1.0,-1.0,-1.0,-1.0,-1.0,-1.0,-1.0,-1.0,-1.0,-1.0,-1.0,-1.0,-1.0,-1.0,-1.0,-1.0,-1.0,-1.0,-1.0,-1.0,-1.0,-1.0,-1.0,-1.0,-1.0,-1.0,-1.0,-1.0,-1.0,-1.0,-1.0,-1.0,-1.0,-1.0,-1.0,-1.0,-1.0,-1.0,-1.0,-1.0,-1.0,-1.0,-1.0,-1.0,-1.0,-1.0,-1.0,-1.0,-1.0,-1.0,-1.0,-1.0,-1.0,-1.0,-1.0,-1.0,-1.0,-1.0,-1.0,-1.0,-1.0,-1.0,-1.0,-1.0,-1.0,-1.0,-1.0,-1.0,-1.0,-1.0,-1.0,-1.0,-1.0,-1.0,-1.0,-1.0,-1.0,-1.0,-1.0,-1.0,-1.0,-1.0,-1.0,-1.0,-1.0,-1.0,-1.0,-1.0,-1.0,-1.0,-1.0
-1.0,-1.0,-1.0,-1.0,-1.0,-1.0,-1.0,-1.0,-1.0,-1.0,-1.0,-1.0,-1.0,-1.0,-1.0,-1.0,-1.0,-1.0,-1.0,-1.0,-1.0,-1.0,-1.0,-1.0,-1.0,-1.0,-1.0,-1.0,-1.0,-1.0,-1.0,-1.0,-1.0,-1.0,-1.0,-1.0,-1.0,-1.0,-1.0,-1.0,-1.0,-1.0,-1.0,-1.0,-1.0,-1.0,-1.0,-1.0,-1.0,-1.0,-1.0,-1.0,-1.0,-1.0,-1.0,-1.0,-1.0,-1.0,-1.0,-1.0,-1.0,-1.0,-1.0,-1.0,-1.0,-1.0,-1.0,-1.0,-1.0,-1.0,-1.0,-1.0,-1.0,-1.0,-1.0,-1.0,-1.0,-1.0,-1.0,-1.0,-1.0,-1.0,-1.0,-1.0,-1.0,-1.0,-1.0,-1.0,-1.0,-1.0,-1.0,-1.0
-1.0,-1.0,-1.0,-1.0,-1.0,-1.0,-1.0,-1.0,-1.0,-1.0,-1.0,-1.0,-1.0,-1.0,-1.0,-1.0,-1.0,-1.0,-1.0,-1.0,-1.0,-1.0,-1.0,-1.0,-1.0,-1.0,-1.0,-1.0,-1.0,-1.0,-1.0,-1.0,-1.0,-1.0,-1.0,-1.0,-1.0,-1.0,-1.0,-1.0,-1.0,-1.0,-1.0,-1.0,-1.0,-1.0,-1.0,-1.0,-1.0,-1.0,-1.0,-1.0,-1.0,-1.0,-1.0,-1.0,-1.0,-1.0,-1.0,-1.0,-1.0,-1.0,-1.0,-1.0,-1.0,-1.0,-1.0,-1.0,-1.0,-1.0,-1.0,-1.0,-1.0,-1.0,-1.0,-1.0,-1.0,-1.0,-1.0,-1.0,-1.0,-1.0,-1.0,-1.0,-1.0,-1.0,-1.0,-1.0,-1.0,-1.0,-1.0,-1.0
-1.0,-1.0,-1.0,-1.0,-1.0,-1.0,-1.0,-1.0,-1.0,-1.0,-1.0,-1.0,-1.0,-1.0,-1.0,-1.0,-1.0,-1.0,-1.0,-1.0,1.0,1.0,1.0,-1.0,-1.0,-1.0,-1.0,1.0,1.0,1.0,1.0,1.0,1.0,1.0,1.0,-1.0,-1.0,1.0,1.0,1.0,1.0,1.0,1.0,1.0,1.0,1.0,1.0,1.0,1.0,1.0,1.0,1.0,1.0,1.0,1.0,-1.0,-1.0,1.0,1.0,1.0,1.0,1.0,-1.0,-1.0,-1.0,-1.0,-1.0,-1.0,-1.0,-1.0,-1.0,-1.0,-1.0,-1.0,-1.0,-1.0,-1.0,-1.0,-1.0,-1.0,-1.0,-1.0,-1.0,-1.0,-1.0,-1.0,-1.0,-1.0,-1.0,1.0,1.0,1.0
1.337810426714739,1.337810426714739,1.337810426714739,1.337810426714739,1.337810426714739,1.337810426714739,1.337810426714739,1.337810426714739,1.337810426714739,0.5305742323103066,0.5305742323103066,0.5305742323103066,0.5305742323103066,1.337810426714739,1.337810426714739,1.337810426714739,1.337810426714739,1.337810426714739,1.337810426714739,1.337810426714739,-0.059329140523701626,-0.059329140523701626,-0.059329140523701626,1.337810426714739,1.337810426714739,1.337810426714739,1.035096853813077,-0.38934051485723076,-0.38934051485723076,-0.38934051485723076,-0.38934051485723076,-0.38934051485723076,-0.38934051485723076,-0.38934051485723076,-0.38934051485723076,-0.0244006513427406,-0.0244006513427406,-0.38934051485723076,-0.38934051485723076,-0.38934051485723076,-0.38934051485723076,-0.38934051485723076,-0.38934051485723076,-0.38934051485723076,-0.38934051485723076,-0.38934051485723076,-0.38934051485723076,-0.38934051485723076,-0.38934051485723076,-0.38934051485723076,-0.38934051485723076,-0.38934051485723076,-0.38934051485723076,-0.38934051485723076,-0.38934051485723076,0.5305742323103066,0.5305742323103066,-0.38934051485723076,-0.38934051485723076,-0.38934051485723076,-0.38934051485723076,-0.38934051485723076,1.337810426714739,1.337810426714739,-1.0838981564985581,-1.0838981564985581,-1.0838981564985581,-1.0838981564985581,-1.0838981564985581,-1.0838981564985581,-1.0838981564985581,-1.0838981564985581,-1.0838981564985581,-1.0838981564985581,-1.0838981564985581,-1.0838981564985581,-1.0838981564985581,-1.0838981564985581,-1.0838981564985581,0.934192329512523,0.934192329512523,0.934192329512523,0.934192329512523,0.934192329512523,0.934192329512523,0.934192329512523,-0.814819425030414,-0.814819425030414,-0.814819425030414,-1.0838981564985581,-1.0838981564985581,0.8534687100720798
1.4516825767754173,1.4516825767754173,1.4516825767754173,1.4516825767754173,1.4516825767754173,1.4516825767754173,1.4516825767754173,1.4516825767754173,1.4516825767754173,0.16983944632785655,0.16983944632785655,0.16983944632785655,0.16983944632785655,1.4516825767754173,1.4516825767754173,1.4516825767754173,1.4516825767754173,1.4516825767754173,1.4516825767754173,1.4516825767754173,-0.44263885416705784,-0.44263885416705784,-0.44263885416705784,1.4516825767754173,1.4516825767754173,1.4516825767754173,0.9109050061178527,-0.6658420491052696,-0.6658420491052696,-0.6658420491052696,-0.6658420491052696,-0.6658420491052696,-0.6658420491052696,-0.6658420491052696,-0.6658420491052696,-0.4140000419931809,-0.4140000419931809,-0.6658420491052696,-0.6658420491052696,-0.6658420491052696,-0.6658420491052696,-0.6658420491052696,-0.6658420491052696,-0.6658420491052696,-0.6658420491052696,-0.6658420491052696,-0.6658420491052696,-0.6658420491052696,-0.6658420491052696,-0.6658420491052696,-0.6658420491052696,-0.6658420491052696,-0.6658420491052696,-0.6658420491052696,-0.6658420491052696,0.16983944632785655,0.16983944632785655,-0.6658420491052696,-0.6658420491052696,-0.6658420491052696,-0.6658420491052696,-0.6658420491052696,1.4516825767754173,1.4516825767754173,-0.8556350580301921,-0.8556350580301921,-0.8556350580301921,-0.8556350580301921,-0.8556350580301921,-0.8556350580301921,-0.8556350580301921,-0.8556350580301921,-0.8556350580301921,-0.8556350580301921,-0.8556350580301921,-0.8556350580301921,-0.8556350580301921,-0.8556350580301921,-0.8556350580301921,0.7466688550292592,0.7466688550292592,0.7466688550292592,0.7466688550292592,0.7466688550292592,0.7466688550292592,0.7466688550292592,-0.8271496551313574,-0.8271496551313574,-0.8271496551313574,-0.8556350580301921,-0.8556350580301921,0.6210482282453983
1.4965912411460476,1.4965912411460476,1.4965912411460476,1.4965912411460476,1.4965912411460476,1.4965912411460476,1.4965912411460476,1.4965912411460476,1.4965912411460476,-0.10114161965190568,-0.10114161965190568,-0.10114161965190568,-0.10114161965190568,1.4965912411460476,1.4965912411460476,1.4965912411460476,1.4965912411460476,1.4965912411460476,1.4965912411460476,1.4965912411460476,-0.6019330585535856,-0.6019330585535856,-0.6019330585535856,1.4965912411460476,1.4965912411460476,1.4965912411460476,0.7471612407532576,-0.7203071752238307,-0.7203071752238307,-0.7203071752238307,-0.7203071752238307,-0.7203071752238307,-0.7203071752238307,-0.7203071752238307,-0.7203071752238307,-0.5837421845005062,-0.5837421845005062,-0.7203071752238307,-0.7203071752238307,-0.7203071752238307,-0.7203071752238307,-0.7203071752238307,-0.7203071752238307,-0.7203071752238307,-0.7203071752238307,-0.7203071752238307,-0.7203071752238307,-0.7203071752238307,-0.7203071752238307,-0.7203071752238307,-0.7203071752238307,-0.7203071752238307,-0.7203071752238307,-0.7203071752238307,-0.7203071752238307,-0.10114161965190568,-0.10114161965190568,-0.7203071752238307,-0.7203071752238307,-0.7203071752238307,-0.7203071752238307,-0.7203071752238307,1.4965912411460476,1.4965912411460476,-0.7738712452510439,-0.7738712452510439,-0.7738712452510439,-0.7738712452510439,-0.7738712452510439,-0.7738712452510439,-0.7738712452510439,-0.7738712452510439,-0.7738712452510439,-0.7738712452510439,-0.7738712452510439,-0.7738712452510439,-0.7738712452510439,-0.7738712452510439,-0.7738712452510439,0.5400538047472733,0.5400538047472733,0.5400538047472733,0.5400538047472733,0.5400538047472733,0.5400538047472733,0.5400538047472733,-0.7707567562436405,-0.7707567562436405,-0.7707567562436405,-0.7738712452510439,-0.7738712452510439,0.38860554778426726
-1.0,-1.0,-1.0,-1.0,-1.0,-1.0,-1.0,-1.0,-1.0,-1.0,-1.0,-1.0,-1.0,-1.0,-1.0,-1.0,-1.0,-1.0,-1.0,1.0,-1.0,-1.0,-1.0,-1.0,-1.0,-1.0,-1.0,-1.0,-1.0,-1.0,-1.0,-1.0,-1.0,-1.0,-1.0,-1.0,-1.0,-1.0,-1.0,-1.0,-1.0,-1.0,-1.0,-1.0,-1.0,-1.0,-1.0,-1.0,-1.0,-1.0,-1.0,-1.0,-1.0,-1.0,-1.0,-1.0,-1.0,-1.0,-1.0,-1.0,-1.0,-1.0,-1.0,-1.0,-1.0,-1.0,-1.0,-1.0,-1.0,-1.0,-1.0,-1.0,-1.0,-1.0,-1.0,-1.0,-1.0,-1.0,-1.0,-1.0,-1.0,-1.0,-1.0,-1.0,-1.0,-1.0,-1.0,-1.0,-1.0,-1.0,-1.0,-1.0
-1.0,-1.0,-1.0,-1.0,-1.0,-1.0,-1.0,-1.0,-1.0,-1.0,-1.0,-1.0,-1.0,-1.0,-1.0,-1.0,-1.0,-1.0,-1.0,-1.0,-1.0,-1.0,-1.0,-1.0,-1.0,-1.0,-1.0,-1.0,-1.0,-1.0,-1.0,-1.0,-1.0,-1.0,-1.0,-1.0,-1.0,-1.0,-1.0,-1.0,-1.0,-1.0,-1.0,-1.0,-1.0,-1.0,-1.0,-1.0,-1.0,-1.0,-1.0,-1.0,-1.0,-1.0,-1.0,-1.0,-1.0,-1.0,-1.0,-1.0,-1.0,-1.0,-1.0,-1.0,-1.0,-1.0,-1.0,-1.0,-1.0,-1.0,-1.0,-1.0,-1.0,-1.0,-1.0,-1.0,-1.0,-1.0,-1.0,-1.0,-1.0,-1.0,-1.0,-1.0,-1.0,-1.0,-1.0,-1.0,-1.0,-1.0,-1.0,-1.0
1.0,1.0,1.0,1.0,1.0,1.0,1.0,1.0,1.0,1.0,1.0,1.0,1.0,1.0,1.0,1.0,1.0,1.0,1.0,1.0,1.0,1.0,1.0,-1.0,-1.0,1.0,1.0,1.0,1.0,1.0,1.0,1.0,1.0,1.0,1.0,1.0,1.0,1.0,1.0,1.0,1.0,1.0,1.0,1.0,1.0,1.0,1.0,1.0,1.0,1.0,1.0,1.0,1.0,1.0,1.0,1.0,1.0,1.0,1.0,1.0,1.0,1.0,1.0,1.0,1.0,-1.0,-1.0,-1.0,-1.0,-1.0,-1.0,-1.0,-1.0,-1.0,-1.0,-1.0,-1.0,-1.0,-1.0,1.0,1.0,1.0,1.0,1.0,1.0,1.0,-1.0,-1.0,-1.0,-1.0,-1.0,-1.0
-1.0,-1.0,-1.0,-1.0,-1.0,-1.0,-1.0,-1.0,-1.0,-1.0,-1.0,-1.0,-1.0,-1.0,-1.0,-1.0,-1.0,-1.0,-1.0,-1.0,-1.0,-1.0,-1.0,-1.0,-1.0,-1.0,-1.0,-1.0,-1.0,-1.0,-1.0,-1.0,-1.0,-1.0,-1.0,-1.0,-1.0,-1.0,-1.0,-1.0,-1.0,-1.0,-1.0,-1.0,-1.0,-1.0,-1.0,-1.0,-1.0,-1.0,-1.0,-1.0,-1.0,-1.0,-1.0,-1.0,-1.0,-1.0,-1.0,-1.0,-1.0,-1.0,-1.0,-1.0,-1.0,-1.0,-1.0,-1.0,-1.0,-1.0,-1.0,-1.0,-1.0,-1.0,-1.0,-1.0,-1.0,-1.0,-1.0,-1.0,-1.0,-1.0,-1.0,-1.0,-1.0,-1.0,1.0,1.0,1.0,-1.0,-1.0,1.0
-1.0,-1.0,-1.0,-1.0,-1.0,-1.0,-1.0,-1.0,-1.0,-1.0,-1.0,-1.0,-1.0,-1.0,-1.0,-1.0,-1.0,-1.0,-1.0,-1.0,-1.0,-1.0,-1.0,-1.0,-1.0,-1.0,-1.0,-1.0,-1.0,-1.0,-1.0,-1.0,-1.0,-1.0,-1.0,-1.0,-1.0,-1.0,-1.0,-1.0,-1.0,-1.0,-1.0,-1.0,-1.0,-1.0,-1.0,-1.0,-1.0,-1.0,-1.0,-1.0,-1.0,-1.0,-1.0,-1.0,-1.0,-1.0,-1.0,-1.0,-1.0,-1.0,-1.0,-1.0,-1.0,-1.0,-1.0,-1.0,-1.0,-1.0,-1.0,-1.0,-1.0,-1.0,-1.0,-1.0,-1.0,-1.0,-1.0,-1.0,-1.0,-1.0,-1.0,-1.0,-1.0,-1.0,-1.0,-1.0,-1.0,-1.0,-1.0,-1.0
-1.0,-1.0,-1.0,-1.0,-1.0,-1.0,-1.0,-1.0,-1.0,-1.0,-1.0,-1.0,-1.0,-1.0,-1.0,-1.0,-1.0,-1.0,-1.0,-1.0,-1.0,-1.0,-1.0,-1.0,-1.0,-1.0,-1.0,-1.0,-1.0,-1.0,-1.0,-1.0,-1.0,-1.0,-1.0,-1.0,-1.0,-1.0,-1.0,-1.0,-1.0,-1.0,-1.0,-1.0,-1.0,-1.0,-1.0,-1.0,-1.0,-1.0,-1.0,-1.0,-1.0,-1.0,-1.0,-1.0,-1.0,-1.0,-1.0,-1.0,-1.0,-1.0,-1.0,-1.0,-1.0,-1.0,-1.0,-1.0,-1.0,-1.0,-1.0,-1.0,-1.0,-1.0,-1.0,-1.0,-1.0,-1.0,-1.0,-1.0,-1.0,-1.0,-1.0,-1.0,-1.0,-1.0,-1.0,-1.0,-1.0,-1.0,-1.0,-1.0
-1.0,-1.0,-1.0,-1.0,-1.0,-1.0,-1.0,-1.0,-1.0,-1.0,-1.0,-1.0,-1.0,-1.0,-1.0,-1.0,-1.0,-1.0,-1.0,-1.0,-1.0,-1.0,-1.0,-1.0,-1.0,-1.0,-1.0,-1.0,-1.0,-1.0,-1.0,-1.0,-1.0,-1.0,-1.0,-1.0,-1.0,-1.0,-1.0,-1.0,-1.0,-1.0,-1.0,-1.0,-1.0,-1.0,-1.0,-1.0,-1.0,-1.0,-1.0,-1.0,-1.0,-1.0,-1.0,-1.0,-1.0,-1.0,-1.0,-1.0,-1.0,-1.0,-1.0,-1.0,-1.0,-1.0,-1.0,-1.0,-1.0,-1.0,-1.0,-1.0,-1.0,-1.0,-1.0,-1.0,-1.0,-1.0,-1.0,-1.0,-1.0,-1.0,-1.0,-1.0,-1.0,-1.0,-1.0,-1.0,-1.0,-1.0,-1.0,-1.0
-1.0,-1.0,-1.0,-1.0,-1.0,-1.0,-1.0,-1.0,-1.0,-1.0,-1.0,-1.0,-1.0,1.0,1.0,1.0,1.0,1.0,1.0,-1.0,-1.0,-1.0,-1.0,-1.0,-1.0,-1.0,-1.0,-1.0,-1.0,-1.0,-1.0,-1.0,-1.0,-1.0,-1.0,-1.0,-1.0,-1.0,-1.0,-1.0,-1.0,-1.0,-1.0,-1.0,-1.0,-1.0,-1.0,-1.0,-1.0,-1.0,-1.0,-1.0,-1.0,-1.0,-1.0,-1.0,-1.0,-1.0,-1.0,-1.0,-1.0,-1.0,-1.0,-1.0,-1.0,1.0,1.0,1.0,1.0,1.0,1.0,1.0,1.0,1.0,1.0,1.0,1.0,1.0,1.0,1.0,1.0,1.0,1.0,1.0,1.0,1.0,-1.0,-1.0,-1.0,-1.0,-1.0,-1.0
-1.0,-1.0,-1.0,-1.0,-1.0,-1.0,-1.0,-1.0,-1.0,-1.0,-1.0,-1.0,-1.0,-1.0,-1.0,-1.0,-1.0,-1.0,-1.0,-1.0,-1.0,-1.0,-1.0,1.0,1.0,-1.0,-1.0,-1.0,-1.0,-1.0,-1.0,-1.0,-1.0,-1.0,-1.0,-1.0,-1.0,-1.0,-1.0,-1.0,-1.0,-1.0,-1.0,-1.0,-1.0,-1.0,-1.0,-1.0,-1.0,-1.0,-1.0,-1.0,-1.0,-1.0,-1.0,-1.0,-1.0,-1.0,-1.0,-1.0,-1.0,-1.0,-1.0,-1.0,-1.0,-1.0,-1.0,-1.0,-1.0,-1.0,-1.0,-1.0,-1.0,-1.0,-1.0,-1.0,-1.0,-1.0,-1.0,-1.0,-1.0,-1.0,-1.0,-1.0,-1.0,-1.0,-1.0,-1.0,-1.0,1.0,1.0,-1.0
-1.0,-1.0,-1.0,-1.0,-1.0,-1.0,-1.0,-1.0,-1.0,-1.0,-1.0,-1.0,-1.0,-1.0,-1.0,-1.0,-1.0,-1.0,-1.0,-1.0,-1.0,-1.0,-1.0,-1.0,-1.0,-1.0,-1.0,-1.0,-1.0,-1.0,-1.0,-1.0,-1.0,-1.0,-1.0,-1.0,-1.0,-1.0,-1.0,-1.0,-1.0,-1.0,-1.0,-1.0,-1.0,-1.0,-1.0,-1.0,-1.0,-1.0,-1.0,-1.0,-1.0,-1.0,-1.0,-1.0,-1.0,-1.0,-1.0,-1.0,-1.0,-1.0,-1.0,-1.0,-1.0,-1.0,-1.0,-1.0,-1.0,-1.0,-1.0,-1.0,-1.0,-1.0,-1.0,-1.0,-1.0,-1.0,-1.0,-1.0,-1.0,-1.0,-1.0,-1.0,-1.0,-1.0,-1.0,-1.0,-1.0,-1.0,-1.0,-1.0
-1.0,-1.0,-1.0,-1.0,-1.0,-1.0,-1.0,-1.0,-1.0,-1.0,-1.0,-1.0,-1.0,-1.0,-1.0,-1.0,-1.0,-1.0,-1.0,-1.0,-1.0,-1.0,-1.0,-1.0,-1.0,-1.0,-1.0,-1.0,-1.0,-1.0,-1.0,-1.0,-1.0,-1.0,-1.0,-1.0,-1.0,-1.0,-1.0,-1.0,-1.0,-1.0,-1.0,-1.0,-1.0,-1.0,-1.0,-1.0,-1.0,-1.0,-1.0,-1.0,-1.0,-1.0,-1.0,-1.0,-1.0,-1.0,-1.0,-1.0,-1.0,-1.0,-1.0,-1.0,-1.0,-1.0,-1.0,-1.0,-1.0,-1.0,-1.0,-1.0,-1.0,-1.0,-1.0,-1.0,-1.0,-1.0,-1.0,-1.0,-1.0,-1.0,-1.0,-1.0,-1.0,-1.0,-1.0,-1.0,-1.0,-1.0,-1.0,-1.0
-1.0,-1.0,-1.0,-1.0,-1.0,-1.0,-1.0,-1.0,-1.0,-1.0,-1.0,-1.0,-1.0,-1.0,-1.0,-1.0,-1.0,-1.0,-1.0,-1.0,-1.0,-1.0,-1.0,-1.0,-1.0,-1.0,-1.0,-1.0,-1.0,-1.0,-1.0,-1.0,-1.0,-1.0,-1.0,-1.0,-1.0,-1.0,-1.0,-1.0,-1.0,-1.0,-1.0,-1.0,-1.0,-1.0,-1.0,-1.0,-1.0,-1.0,-1.0,-1.0,-1.0,-1.0,-1.0,-1.0,-1.0,-1.0,-1.0,-1.0,-1.0,-1.0,-1.0,-1.0,-1.0,-1.0,-1.0,-1.0,-1.0,-1.0,-1.0,-1.0,-1.0,-1.0,-1.0,-1.0,-1.0,-1.0,-1.0,-1.0,-1.0,-1.0,-1.0,-1.0,-1.0,-1.0,-1.0,-1.0,-1.0,-1.0,-1.0,-1.0
-1.0,-1.0,-1.0,-1.0,-1.0,-1.0,-1.0,-1.0,-1.0,-1.0,-1.0,-1.0,-1.0,-1.0,-1.0,-1.0,-1.0,-1.0,-1.0,-1.0,-1.0,-1.0,-1.0,-1.0,-1.0,-1.0,-1.0,-1.0,-1.0,-1.0,-1.0,-1.0,-1.0,-1.0,-1.0,-1.0,-1.0,-1.0,-1.0,-1.0,-1.0,-1.0,-1.0,-1.0,-1.0,-1.0,-1.0,-1.0,-1.0,-1.0,-1.0,-1.0,-1.0,-1.0,-1.0,-1.0,-1.0,-1.0,-1.0,-1.0,-1.0,-1.0,-1.0,-1.0,-1.0,-1.0,-1.0,-1.0,-1.0,-1.0,-1.0,-1.0,-1.0,-1.0,-1.0,-1.0,-1.0,-1.0,-1.0,-1.0,-1.0,-1.0,-1.0,-1.0,-1.0,-1.0,-1.0,-1.0,-1.0,-1.0,-1.0,-1.0
-1.0,-1.0,-1.0,-1.0,-1.0,-1.0,-1.0,-1.0,-1.0,-1.0,-1.0,-1.0,-1.0,-1.0,-1.0,-1.0,-1.0,-1.0,-1.0,-1.0,-1.0,-1.0,-1.0,-1.0,-1.0,-1.0,-1.0,-1.0,-1.0,-1.0,-1.0,-1.0,-1.0,-1.0,-1.0,-1.0,-1.0,-1.0,-1.0,-1.0,-1.0,-1.0,-1.0,-1.0,-1.0,-1.0,-1.0,-1.0,-1.0,-1.0,-1.0,-1.0,-1.0,-1.0,-1.0,-1.0,-1.0,-1.0,-1.0,-1.0,-1.0,-1.0,-1.0,-1.0,-1.0,-1.0,-1.0,-1.0,-1.0,-1.0,-1.0,-1.0,-1.0,-1.0,-1.0,-1.0,-1.0,-1.0,-1.0,-1.0,-1.0,-1.0,-1.0,-1.0,-1.0,-1.0,-1.0,-1.0,-1.0,-1.0,-1.0,1.0
-1.0,-1.0,-1.0,-1.0,-1.0,-1.0,-1.0,-1.0,-1.0,-1.0,-1.0,-1.0,-1.0,-1.0,-1.0,-1.0,-1.0,-1.0,-1.0,-1.0,-1.0,-1.0,-1.0,-1.0,-1.0,-1.0,-1.0,-1.0,-1.0,-1.0,-1.0,-1.0,-1.0,-1.0,-1.0,-1.0,-1.0,-1.0,-1.0,-1.0,-1.0,-1.0,-1.0,-1.0,-1.0,-1.0,-1.0,-1.0,-1.0,-1.0,-1.0,-1.0,-1.0,-1.0,-1.0,-1.0,-1.0,-1.0,-1.0,-1.0,-1.0,-1.0,-1.0,-1.0,-1.0,-1.0,-1.0,-1.0,-1.0,-1.0,-1.0,-1.0,-1.0,-1.0,-1.0,-1.0,-1.0,-1.0,-1.0,-1.0,-1.0,-1.0,-1.0,-1.0,-1.0,-1.0,-1.0,-1.0,-1.0,-1.0,-1.0,-1.0
-1.0,-1.0,-1.0,-1.0,-1.0,-1.0,-1.0,-1.0,-1.0,-1.0,-1.0,-1.0,-1.0,1.0,1.0,1.0,1.0,1.0,1.0,-1.0,-1.0,-1.0,-1.0,-1.0,-1.0,-1.0,-1.0,-1.0,-1.0,-1.0,-1.0,-1.0,-1.0,-1.0,-1.0,-1.0,-1.0,-1.0,-1.0,-1.0,-1.0,-1.0,-1.0,-1.0,-1.0,-1.0,-1.0,-1.0,-1.0,-1.0,-1.0,-1.0,-1.0,-1.0,-1.0,-1.0,-1.0,-1.0,-1.0,-1.0,-1.0,-1.0,-1.0,-1.0,-1.0,1.0,1.0,1.0,1.0,1.0,1.0,1.0,1.0,1.0,1.0,1.0,1.0,1.0,1.0,1.0,1.0,1.0,1.0,1.0,1.0,1.0,-1.0,-1.0,-1.0,-1.0,-1.0,-1.0
-1.0,-1.0,-1.0,-1.0,-1.0,-1.0,-1.0,-1.0,-1.0,-1.0,-1.0,-1.0,-1.0,-1.0,-1.0,-1.0,-1.0,-1.0,-1.0,-1.0,-1.0,-1.0,-1.0,-1.0,-1.0,-1.0,-1.0,-1.0,-1.0,-1.0,-1.0,-1.0,-1.0,-1.0,-1.0,-1.0,-1.0,-1.0,-1.0,-1.0,-1.0,-1.0,-1.0,-1.0,-1.0,-1.0,-1.0,-1.0,-1.0,-1.0,-1.0,-1.0,-1.0,-1.0,-1.0,-1.0,-1.0,-1.0,-1.0,-1.0,-1.0,-1.0,-1.0,-1.0,-1.0,-1.0,-1.0,-1.0,-1.0,-1.0,-1.0,-1.0,-1.0,-1.0,-1.0,-1.0,-1.0,-1.0,-1.0,-1.0,-1.0,-1.0,-1.0,-1.0,-1.0,-1.0,-1.0,-1.0,-1.0,-1.0,-1.0,-1.0
-1.0,-1.0,-1.0,-1.0,-1.0,-1.0,-1.0,-1.0,-1.0,-1.0,-1.0,-1.0,-1.0,-1.0,-1.0,-1.0,-1.0,-1.0,-1.0,-1.0,-1.0,-1.0,-1.0,-1.0,-1.0,-1.0,-1.0,-1.0,-1.0,-1.0,-1.0,-1.0,-1.0,-1.0,-1.0,-1.0,-1.0,-1.0,-1.0,-1.0,-1.0,-1.0,-1.0,-1.0,-1.0,-1.0,-1.0,-1.0,-1.0,-1.0,-1.0,-1.0,-1.0,-1.0,-1.0,-1.0,-1.0,-1.0,-1.0,-1.0,-1.0,-1.0,-1.0,-1.0,-1.0,-1.0,-1.0,-1.0,-1.0,-1.0,-1.0,-1.0,-1.0,-1.0,-1.0,-1.0,-1.0,-1.0,-1.0,-1.0,-1.0,-1.0,-1.0,-1.0,-1.0,-1.0,-1.0,-1.0,-1.0,-1.0,-1.0,-1.0
-1.0,-1.0,-1.0,-1.0,-1.0,-1.0,-1.0,-1.0,-1.0,-1.0,-1.0,-1.0,-1.0,-1.0,-1.0,-1.0,-1.0,-1.0,-1.0,-1.0,-1.0,-1.0,-1.0,-1.0,-1.0,-1.0,-1.0,-1.0,-1.0,-1.0,-1.0,-1.0,-1.0,-1.0,-1.0,-1.0,-1.0,-1.0,-1.0,-1.0,-1.0,-1.0,-1.0,-1.0,-1.0,-1.0,-1.0,-1.0,-1.0,-1.0,-1.0,-1.0,-1.0,-1.0,-1.0,-1.0,-1.0,-1.0,-1.0,-1.0,-1.0,-1.0,-1.0,-1.0,-1.0,-1.0,-1.0,-1.0,-1.0,-1.0,-1.0,-1.0,-1.0,-1.0,-1.0,-1.0,-1.0,-1.0,-1.0,-1.0,-1.0,-1.0,-1.0,-1.0,-1.0,-1.0,-1.0,-1.0,-1.0,-1.0,-1.0,-1.0
-1.0,-1.0,-1.0,-1.0,-1.0,-1.0,-1.0,-1.0,-1.0,-1.0,-1.0,-1.0,-1.0,-1.0,-1.0,-1.0,-1.0,-1.0,-1.0,-1.0,-1.0,-1.0,-1.0,-1.0,-1.0,-1.0,-1.0,-1.0,-1.0,-1.0,-1.0,-1.0,-1.0,-1.0,-1.0,-1.0,-1.0,-1.0,-1.0,-1.0,-1.0,-1.0,-1.0,-1.0,-1.0,-1.0,-1.0,-1.0,-1.0,-1.0,-1.0,-1.0,-1.0,-1.0,-1.0,-1.0,-1.0,-1.0,-1.0,-1.0,-1.0,-1.0,-1.0,-1.0,-1.0,-1.0,-1.0,-1.0,-1.0,-1.0,-1.0,-1.0,-1.0,-1.0,-1.0,-1.0,-1.0,-1.0,-1.0,-1.0,-1.0,-1.0,-1.0,-1.0,-1.0,-1.0,-1.0,-1.0,-1.0,-1.0,-1.0,-1.0
-1.0,-1.0,-1.0,-1.0,-1.0,-1.0,-1.0,-1.0,-1.0,-1.0,-1.0,-1.0,-1.0,-1.0,-1.0,-1.0,-1.0,-1.0,-1.0,-1.0,-1.0,-1.0,-1.0,-1.0,-1.0,-1.0,-1.0,-1.0,-1.0,-1.0,-1.0,-1.0,-1.0,-1.0,-1.0,-1.0,-1.0,-1.0,-1.0,-1.0,-1.0,-1.0,-1.0,-1.0,-1.0,-1.0,-1.0,-1.0,-1.0,-1.0,-1.0,-1.0,-1.0,-1.0,-1.0,-1.0,-1.0,-1.0,-1.0,-1.0,-1.0,-1.0,-1.0,-1.0,-1.0,-1.0,-1.0,-1.0,-1.0,-1.0,-1.0,-1.0,-1.0,-1.0,-1.0,-1.0,-1.0,-1.0,-1.0,-1.0,-1.0,-1.0,-1.0,-1.0,-1.0,-1.0,-1.0,-1.0,-1.0,-1.0,-1.0,-1.0
1.0,1.0,1.0,1.0,1.0,1.0,1.0,1.0,1.0,1.0,1.0,1.0,1.0,1.0,1.0,1.0,1.0,1.0,1.0,1.0,1.0,1.0,1.0,1.0,1.0,1.0,1.0,1.0,1.0,1.0,1.0,1.0,1.0,1.0,1.0,1.0,1.0,1.0,1.0,1.0,1.0,1.0,1.0,1.0,1.0,1.0,1.0,1.0,1.0,1.0,1.0,1.0,1.0,1.0,1.0,1.0,1.0,1.0,1.0,1.0,1.0,1.0,1.0,1.0,1.0,1.0,1.0,1.0,1.0,1.0,1.0,1.0,1.0,1.0,1.0,1.0,1.0,1.0,1.0,1.0,1.0,1.0,1.0,1.0,1.0,1.0,1.0,1.0,1.0,1.0,1.0,1.0
0.0,0.0,0.0,0.0,0.0,0.0,0.0,0.0,0.0,0.0,0.0,0.0,0.0,0.0,0.0,0.0,0.0,0.0,0.0,0.0,0.0,0.0,0.0,0.0,0.0,0.0,0.0,0.0,0.0,0.0,0.0,0.0,0.0,0.0,0.0,0.0,0.0,0.0,0.0,0.0,0.0,0.0,0.0,0.0,0.0,0.0,0.0,0.0,0.0,0.0,0.0,0.0,0.0,0.0,0.0,0.0,0.0,0.0,0.0,0.0,0.0,0.0,0.0,0.0,0.0,0.0,0.0,0.0,0.0,0.0,0.0,0.0,0.0,0.0,0.0,0.0,0.0,0.0,0.0,0.0,0.0,0.0,0.0,0.0,0.0,0.0,0.0,0.0,0.0,0.0,0.0,0.0
0.7587939698492463,0.7037037037037037,0.7037037037037037,0.7037037037037037,0.7037037037037037,0.7037037037037037,0.7037037037037037,0.7037037037037037,0.7037037037037037,0.7587939698492463,0.7587939698492463,0.7587939698492463,0.7587939698492463,0.44680851063829796,0.44680851063829796,0.44680851063829796,0.44680851063829796,0.44680851063829796,0.44680851063829796,0.6991869918699187,-0.5950920245398773,-0.5950920245398773,-0.5950920245398773,0.9166666666666667,0.9166666666666667,0.3529411764705883,-0.5950920245398773,-0.9464566929133859,-0.9464566929133859,-0.9464566929133859,-0.9464566929133859,-0.9464566929133859,-0.9464566929133859,-0.9464566929133859,-0.9464566929133859,-0.9567723342939481,-0.9567723342939481,-0.9464566929133859,-0.9464566929133859,-0.9464566929133859,-0.9464566929133859,-0.9464566929133859,-0.9464566929133859,-0.9464566929133859,-0.9464566929133859,-0.9464566929133859,-0.9464566929133859,-0.9464566929133859,-0.9464566929133859,-0.9464566929133859,-0.9464566929133859,-0.9464566929133859,-0.9464566929133859,-0.9464566929133859,-0.9464566929133859,-0.9567723342939481,-0.9567723342939481,-0.9464566929133859,-0.9464566929133859,-0.9464566929133859,-0.9464566929133859,-0.9464566929133859,-0.9567723342939481,-0.9567723342939481,-0.9496296296296296,-1.0,-1.0,-1.0,-1.0,-1.0,-1.0,-1.0,-1.0,-1.0,-1.0,-1.0,-1.0,-1.0,-1.0,0.32057416267942584,0.32057416267942584,0.32057416267942584,0.32057416267942584,0.32057416267942584,0.32057416267942584,0.32057416267942584,-0.10077519379844957,-0.10077519379844957,-0.10077519379844957,1.0,1.0,-0.10077519379844957
0.5719650796632643,0.5719650796632643,0.5719650796632643,0.5719650796632643,0.5719650796632643,0.5719650796632643,0.5719650796632643,0.5719650796632643,0.5719650796632643,0.5719650796632643,0.5719650796632643,0.5719650796632643,0.5719650796632643,0.04722599305560278,0.04722599305560278,0.04722599305560278,0.04722599305560278,0.04722599305560278,0.04722599305560278,0.5719650796632643,-1.0022521801597202,-1.0022521801597202,-1.0022521801597202,-0.4775130935520587,-0.4775130935520587,-1.0022521801597202,-1.0022521801597202,-0.4775130935520587,-0.4775130935520587,-0.4775130935520587,-0.4775130935520587,-0.4775130935520587,-0.4775130935520587,-0.4775130935520587,-0.4775130935520587,-0.4775130935520587,-0.4775130935520587,-0.4775130935520587,-0.4775130935520587,-0.4775130935520587,-0.4775130935520587,-0.4775130935520587,-0.4775130935520587,-0.4775130935520587,-0.4775130935520587,-0.4775130935520587,-0.4775130935520587,-0.4775130935520587,-0.4775130935520587,-0.4775130935520587,-0.4775130935520587,-0.4775130935520587,-0.4775130935520587,-0.4775130935520587,-0.4775130935520587,-0.4775130935520587,-0.4775130935520587,-0.4775130935520587,-0.4775130935520587,-0.4775130935520587,-0.4775130935520587,-0.4775130935520587,-0.4775130935520587,-0.4775130935520587,-0.4775130935520587,0.04722599305560278,0.04722599305560278,0.04722599305560278,0.04722599305560278,0.04722599305560278,0.04722599305560278,0.04722599305560278,0.04722599305560278,0.04722599305560278,0.04722599305560278,0.04722599305560278,0.04722599305560278,0.04722599305560278,0.04722599305560278,0.04722599305560278,0.04722599305560278,0.04722599305560278,0.04722599305560278,0.04722599305560278,0.04722599305560278,0.04722599305560278,-0.4775130935520587,-0.4775130935520587,-0.4775130935520587,0.04722599305560278,0.04722599305560278,-0.4775130935520587
1.0,-1.0,-1.0,-1.0,-1.0,-1.0,-1.0,-1.0,-1.0,1.0,1.0,1.0,1.0,-1.0,-1.0,-1.0,-1.0,-1.0,-1.0,1.0,1.0,1.0,1.0,-1.0,-1.0,-1.0,1.0,1.0,1.0,1.0,1.0,1.0,1.0,1.0,1.0,1.0,1.0,1.0,1.0,1.0,1.0,1.0,1.0,1.0,1.0,1.0,1.0,1.0,1.0,1.0,1.0,1.0,1.0,1.0,1.0,1.0,1.0,1.0,1.0,1.0,1.0,1.0,1.0,1.0,1.0,1.0,1.0,1.0,1.0,1.0,1.0,1.0,1.0,1.0,1.0,1.0,1.0,1.0,1.0,1.0,1.0,1.0,1.0,1.0,1.0,1.0,1.0,1.0,1.0,-1.0,-1.0,1.0
-2.2038127074098295,-2.446043165467626,-2.446043165467626,-2.446043165467626,-2.446043165467626,-2.446043165467626,-2.446043165467626,-2.446043165467626,-2.446043165467626,-2.2038127074098295,-2.2038127074098295,-2.2038127074098295,-2.2038127074098295,-2.446043165467626,-2.446043165467626,-2.446043165467626,-2.446043165467626,-2.446043165467626,-2.446043165467626,-2.2591796692516115,-1.8689647212711111,-1.8689647212711111,-1.8689647212711111,-2.446043165467626,-2.446043165467626,-2.446043165467626,-1.8689647212711111,-0.5823204929030678,-0.5823204929030678,-0.5823204929030678,-0.5823204929030678,-0.5823204929030678,-0.5823204929030678,-0.5823204929030678,-0.5823204929030678,-0.5346150362351141,-0.5346150362351141,-0.5823204929030678,-0.5823204929030678,-0.5823204929030678,-0.5823204929030678,-0.5823204929030678,-0.5823204929030678,-0.5823204929030678,-0.5823204929030678,-0.5823204929030678,-0.5823204929030678,-0.5823204929030678,-0.5823204929030678,-0.5823204929030678,-0.5823204929030678,-0.5823204929030678,-0.5823204929030678,-0.5823204929030678,-0.5823204929030678,-0.5346150362351141,-0.5346150362351141,-0.5823204929030678,-0.5823204929030678,-0.5823204929030678,-0.5823204929030678,-0.5823204929030678,-0.5346150362351141,-0.5346150362351141,-0.6487796775566558,-1.7575987057244156,-1.7575987057244156,-1.7575987057244156,-1.7575987057244156,-1.7575987057244156,-1.7575987057244156,-1.7575987057244156,-1.7575987057244156,-1.7575987057244156,-1.7575987057244156,-1.7575987057244156,-1.7575987057244156,-1.7575987057244156,-1.7575987057244156,-0.9511351957395123,-0.9511351957395123,-0.9511351957395123,-0.9511351957395123,-0.9511351957395123,-0.9511351957395123,-0.9511351957395123,-0.7398982000170614,-0.7398982000170614,-0.7398982000170614,-2.446043165467626,-2.446043165467626,-0.7398982000170614
-1.0,-1.0,-1.0,-1.0,-1.0,-1.0,-1.0,-1.0,-1.0,-1.0,-1.0,-1.0,-1.0,-1.0,-1.0,-1.0,-1.0,-1.0,-1.0,-1.0,1.0,1.0,1.0,1.0,1.0,1.0,1.0,1.0,1.0,1.0,1.0,1.0,1.0,1.0,1.0,-1.0,-1.0,1.0,1.0,1.0,1.0,1.0,1.0,1.0,1.0,1.0,1.0,1.0,1.0,1.0,1.0,1.0,1.0,1.0,1.0,-1.0,-1.0,1.0,1.0,1.0,1.0,1.0,-1.0,-1.0,1.0,-1.0,-1.0,-1.0,-1.0,-1.0,-1.0,-1.0,-1.0,-1.0,-1.0,-1.0,-1.0,-1.0,-1.0,-1.0,-1.0,-1.0,-1.0,-1.0,-1.0,-1.0,-1.0,-1.0,-1.0,-1.0,-1.0,-1.0
-1.0,-1.0,-1.0,-1.0,-1.0,-1.0,-1.0,-1.0,-1.0,-1.0,-1.0,-1.0,-1.0,-1.0,-1.0,-1.0,-1.0,-1.0,-1.0,-1.0,-1.0,-1.0,-1.0,-1.0,-1.0,-1.0,-1.0,-1.0,-1.0,-1.0,-1.0,-1.0,-1.0,-1.0,-1.0,-1.0,-1.0,-1.0,-1.0,-1.0,-1.0,-1.0,-1.0,-1.0,-1.0,-1.0,-1.0,-1.0,-1.0,-1.0,-1.0,-1.0,-1.0,-1.0,-1.0,-1.0,-1.0,-1.0,-1.0,-1.0,-1.0,-1.0,-1.0,-1.0,1.0,1.0,1.0,1.0,1.0,1.0,1.0,1.0,1.0,1.0,1.0,1.0,1.0,1.0,1.0,1.0,1.0,1.0,1.0,1.0,1.0,1.0,1.0,1.0,1.0,-1.0,-1.0,1.0
-0.3302313903156578,-0.4263568526951478,-0.4263568526951478,-0.4263568526951478,-0.4263568526951478,-0.4263568526951478,-0.4263568526951478,-0.4263568526951478,-0.4263568526951478,-0.3302313903156578,-0.3302313903156578,-0.3302313903156578,-0.3302313903156578,-1.0046039244345522,-1.0046039244345522,-1.0046039244345522,-1.0046039244345522,-1.0046039244345522,-1.0046039244345522,-0.2311534878820736,-0.42348121457627924,-0.42348121457627924,-0.42348121457627924,-1.3186664344168477,-1.3186664344168477,-1.1559062969083356,-0.42348121457627924,1.2387147552471545,1.2387147552471545,1.2387147552471545,1.2387147552471545,1.2387147552471545,1.2387147552471545,1.2387147552471545,1.2387147552471545,1.2251932253208597,1.2251932253208597,1.2387147552471545,1.2387147552471545,1.2387147552471545,1.2387147552471545,1.2387147552471545,1.2387147552471545,1.2387147552471545,1.2387147552471545,1.2387147552471545,1.2387147552471545,1.2387147552471545,1.2387147552471545,1.2387147552471545,1.2387147552471545,1.2387147552471545,1.2387147552471545,1.2387147552471545,1.2387147552471545,1.2251932253208597,1.2251932253208597,1.2387147552471545,1.2387147552471545,1.2387147552471545,1.2387147552471545,1.2387147552471545,1.2251932253208597,1.2251932253208597,1.2672604057050225,-0.05322241521020756,-0.05322241521020756,-0.05322241521020756,-0.05322241521020756,-0.05322241521020756,-0.05322241521020756,-0.05322241521020756,-0.05322241521020756,-0.05322241521020756,-0.05322241521020756,-0.05322241521020756,-0.05322241521020756,-0.05322241521020756,-0.05322241521020756,-0.30732044300709765,-0.30732044300709765,-0.30732044300709765,-0.30732044300709765,-0.30732044300709765,-0.30732044300709765,-0.30732044300709765,-0.5327979418870692,-0.5327979418870692,-0.5327979418870692,-1.1559062969083356,-1.1559062969083356,-0.5327979418870692
-1.0917363902447395,-1.0917363902447395,-1.0917363902447395,-1.0917363902447395,-1.0917363902447395,-1.0917363902447395,-1.0917363902447395,-1.0917363902447395,-1.0917363902447395,-1.0917363902447395,-1.0917363902447395,-1.0917363902447395,-1.0917363902447395,0.0,0.0,0.0,0.0,0.0,0.0,-1.0917363902447395,-0.6089046799496666,-0.6089046799496666,-0.6089046799496666,0.2648508492298048,0.2648508492298048,-0.3100145547513889,-0.6089046799496666,-0.8800257390788094,-0.8800257390788094,-0.8800257390788094,-0.8800257390788094,-0.8800257390788094,-0.8800257390788094,-0.8800257390788094,-0.8800257390788094,-0.8886993731618278,-0.8886993731618278,-0.8800257390788094,-0.8800257390788094,-0.8800257390788094,-0.8800257390788094,-0.8800257390788094,-0.8800257390788094,-0.8800257390788094,-0.8800257390788094,-0.8800257390788094,-0.8800257390788094,-0.8800257390788094,-0.8800257390788094,-0.8800257390788094,-0.8800257390788094,-0.8800257390788094,-0.8800257390788094,-0.8800257390788094,-0.8800257390788094,-0.8886993731618278,-0.8886993731618278,-0.8800257390788094,-0.8800257390788094,-0.8800257390788094,-0.8800257390788094,-0.8800257390788094,-0.8886993731618278,-0.8886993731618278,-0.9670369392639937,-1.0917363902447395,-1.0917363902447395,-1.0917363902447395,-1.0917363902447395,-1.0917363902447395,-1.0917363902447395,-1.0917363902447395,-1.0917363902447395,-1.0917363902447395,-1.0917363902447395,-1.0917363902447395,-1.0917363902447395,-1.0917363902447395,-1.0917363902447395,-1.0191820973633288,-1.0191820973633288,-1.0191820973633288,-1.0191820973633288,-1.0191820973633288,-1.0191820973633288,-1.0191820973633288,-0.22280028381561584,-0.22280028381561584,-0.22280028381561584,0.8339954241787803,0.8339954241787803,-0.22280028381561584
-0.5077224524862195,-0.5077224524862195,-0.5077224524862195,-0.5077224524862195,-0.5077224524862195,-0.5077224524862195,-0.5077224524862195,-0.5077224524862195,-0.5077224524862195,-0.5077224524862195,-0.5077224524862195,-0.5077224524862195,-0.5077224524862195,-0.5077224524862195,-0.5077224524862195,-0.5077224524862195,-0.5077224524862195,-0.5077224524862195,-0.5077224524862195,-0.5077224524862195,1.969566382794139,1.969566382794139,1.969566382794139,-0.5077224524862195,-0.5077224524862195,1.969566382794139,1.969566382794139,1.969566382794139,1.969566382794139,1.969566382794139,1.969566382794139,1.969566382794139,1.969566382794139,1.969566382794139,1.969566382794139,1.969566382794139,1.969566382794139,1.969566382794139,1.969566382794139,1.969566382794139,1.969566382794139,1.969566382794139,1.969566382794139,1.969566382794139,1.969566382794139,1.969566382794139,1.969566382794139,1.969566382794139,1.969566382794139,1.969566382794139,1.969566382794139,1.969566382794139,1.969566382794139,1.969566382794139,1.969566382794139,1.969566382794139,1.969566382794139,1.969566382794139,1.969566382794139,1.969566382794139,1.969566382794139,1.969566382794139,1.969566382794139,1.969566382794139,1.969566382794139,1.969566382794139,1.969566382794139,1.969566382794139,1.969566382794139,1.969566382794139,1.969566382794139,1.969566382794139,1.969566382794139,1.969566382794139,1.969566382794139,1.969566382794139,1.969566382794139,1.969566382794139,1.969566382794139,1.969566382794139,1.969566382794139,1.969566382794139,1.969566382794139,1.969566382794139,1.969566382794139,1.969566382794139,1.969566382794139,1.969566382794139,1.969566382794139,1.969566382794139,1.969566382794139,1.969566382794139
-0.8700053950135924,-0.8700053950135924,-0.8700053950135924,-0.8700053950135924,-0.8700053950135924,-0.8700053950135924,-0.8700053950135924,-0.8700053950135924,-0.8700053950135924,-0.8700053950135924,-0.8700053950135924,-0.8700053950135924,-0.8700053950135924,-0.8700053950135924,-0.8700053950135924,-0.8700053950135924,-0.8700053950135924,-0.8700053950135924,-0.8700053950135924,-0.8700053950135924,-0.6690446002480536,-0.6690446002480536,-0.6690446002480536,-0.8700053950135924,-0.8700053950135924,-0.7736624257583489,-0.6690446002480536,-0.8568225075319476,-0.8568225075319476,-0.8568225075319476,-0.8568225075319476,-0.8568225075319476,-0.8568225075319476,-0.8568225075319476,-0.8568225075319476,-0.8623354396081857,-0.8623354396081857,-0.8568225075319476,-0.8568225075319476,-0.8568225075319476,-0.8568225075319476,-0.8568225075319476,-0.8568225075319476,-0.8568225075319476,-0.8568225075319476,-0.8568225075319476,-0.8568225075319476,-0.8568225075319476,-0.8568225075319476,-0.8568225075319476,-0.8568225075319476,-0.8568225075319476,-0.8568225075319476,-0.8568225075319476,-0.8568225075319476,-0.8623354396081857,-0.8623354396081857,-0.8568225075319476,-0.8568225075319476,-0.8568225075319476,-0.8568225075319476,-0.8568225075319476,-0.8623354396081857,-0.8623354396081857,-0.8565253087803486,-0.8518072785987132,-0.8518072785987132,-0.8518072785987132,-0.8518072785987132,-0.8518072785987132,-0.8518072785987132,-0.8518072785987132,-0.8518072785987132,-0.8518072785987132,-0.8518072785987132,-0.8518072785987132,-0.8518072785987132,-0.8518072785987132,-0.8518072785987132,-0.7759672814821584,-0.7759672814821584,-0.7759672814821584,-0.7759672814821584,-0.7759672814821584,-0.7759672814821584,-0.7759672814821584,-0.717649071540184,-0.717649071540184,-0.717649071540184,-0.484633517992618,-0.484633517992618,-0.717649071540184
-0.3965873381778338,-0.21624949762990653,-0.21624949762990653,-0.21624949762990653,-0.21624949762990653,-0.21624949762990653,-0.21624949762990653,-0.21624949762990653,-0.21624949762990653,-0.3965873381778338,-0.3965873381778338,-0.3965873381778338,-0.3965873381778338,-1.096933728981207,-1.096933728981207,-1.096933728981207,-1.096933728981207,-1.096933728981207,-1.096933728981207,-0.6173030170247277,0.026205950473936392,0.026205950473936392,0.026205950473936392,-1.0183565364195493,-1.0183565364195493,-1.0183565364195493,0.026205950473936392,1.5468138817625183,1.5468138817625183,1.5468138817625183,1.5468138817625183,1.5468138817625183,1.5468138817625183,1.5468138817625183,1.5468138817625183,1.6602292213472265,1.6602292213472265,1.5468138817625183,1.5468138817625183,1.5468138817625183,1.5468138817625183,1.5468138817625183,1.5468138817625183,1.5468138817625183,1.5468138817625183,1.5468138817625183,1.5468138817625183,1.5468138817625183,1.5468138817625183,1.5468138817625183,1.5468138817625183,1.5468138817625183,1.5468138817625183,1.5468138817625183,1.5468138817625183,1.6602292213472265,1.6602292213472265,1.5468138817625183,1.5468138817625183,1.5468138817625183,1.5468138817625183,1.5468138817625183,1.6602292213472265,1.6602292213472265,1.3646254893492975,0.06830250281695922,0.06830250281695922,0.06830250281695922,0.06830250281695922,0.06830250281695922,0.06830250281695922,0.06830250281695922,0.06830250281695922,0.06830250281695922,0.06830250281695922,0.06830250281695922,0.06830250281695922,0.06830250281695922,0.06830250281695922,-0.538131199345661,-0.538131199345661,-0.538131199345661,-0.538131199345661,-0.538131199345661,-0.538131199345661,-0.538131199345661,-0.3327510165778624,-0.3327510165778624,-0.3327510165778624,-1.0183565364195493,-1.0183565364195493,-0.3327510165778624
-1.0,-1.0,-1.0,-1.0,-1.0,-1.0,-1.0,-1.0,-1.0,-1.0,-1.0,-1.0,-1.0,-1.0,-1.0,-1.0,-1.0,-1.0,-1.0,-1.0,-1.0,-1.0,-1.0,-1.0,-1.0,-1.0,-1.0,1.0,1.0,1.0,1.0,1.0,1.0,1.0,1.0,1.0,1.0,1.0,1.0,1.0,1.0,1.0,1.0,1.0,1.0,1.0,1.0,1.0,1.0,1.0,1.0,1.0,1.0,1.0,1.0,1.0,1.0,1.0,1.0,1.0,1.0,1.0,1.0,1.0,-1.0,-1.0,-1.0,-1.0,-1.0,-1.0,-1.0,-1.0,-1.0,-1.0,-1.0,-1.0,-1.0,-1.0,-1.0,1.0,1.0,1.0,1.0,1.0,1.0,1.0,1.0,1.0,1.0,1.0,1.0,1.0
-1.0,-1.0,-1.0,-1.0,-1.0,-1.0,-1.0,-1.0,-1.0,-1.0,-1.0,-1.0,-1.0,-1.0,-1.0,-1.0,-1.0,-1.0,-1.0,-1.0,-1.0,-1.0,-1.0,-1.0,-1.0,-1.0,-1.0,-1.0,-1.0,-1.0,-1.0,-1.0,-1.0,-1.0,-1.0,-1.0,-1.0,-1.0,-1.0,-1.0,-1.0,-1.0,-1.0,-1.0,-1.0,-1.0,-1.0,-1.0,-1.0,-1.0,-1.0,-1.0,-1.0,-1.0,-1.0,-1.0,-1.0,-1.0,-1.0,-1.0,-1.0,-1.0,-1.0,-1.0,-1.0,-1.0,-1.0,-1.0,-1.0,-1.0,-1.0,-1.0,-1.0,-1.0,-1.0,-1.0,-1.0,-1.0,-1.0,-1.0,-1.0,-1.0,-1.0,-1.0,-1.0,-1.0,-1.0,-1.0,-1.0,-1.0,-1.0,-1.0
-1.0,-1.0,-1.0,-1.0,-1.0,-1.0,-1.0,-1.0,-1.0,-1.0,-1.0,-1.0,-1.0,-1.0,-1.0,-1.0,-1.0,-1.0,-1.0,-1.0,-1.0,-1.0,-1.0,-1.0,-1.0,-1.0,-1.0,-1.0,-1.0,-1.0,-1.0,-1.0,-1.0,-1.0,-1.0,-1.0,-1.0,-1.0,-1.0,-1.0,-1.0,-1.0,-1.0,-1.0,-1.0,-1.0,-1.0,-1.0,-1.0,-1.0,-1.0,-1.0,-1.0,-1.0,-1.0,-1.0,-1.0,-1.0,-1.0,-1.0,-1.0,-1.0,-1.0,-1.0,-1.0,-1.0,-1.0,-1.0,-1.0,-1.0,-1.0,-1.0,-1.0,-1.0,-1.0,-1.0,-1.0,-1.0,-1.0,1.0,1.0,1.0,1.0,1.0,1.0,1.0,1.0,1.0,1.0,1.0,1.0,1.0
-1.0,-1.0,-1.0,-1.0,-1.0,-1.0,-1.0,-1.0,-1.0,-1.0,-1.0,-1.0,-1.0,-1.0,-1.0,-1.0,-1.0,-1.0,-1.0,-1.0,-1.0,-1.0,-1.0,-1.0,-1.0,-1.0,-1.0,-1.0,-1.0,-1.0,-1.0,-1.0,-1.0,-1.0,-1.0,-1.0,-1.0,-1.0,-1.0,-1.0,-1.0,-1.0,-1.0,-1.0,-1.0,-1.0,-1.0,-1.0,-1.0,-1.0,-1.0,-1.0,-1.0,-1.0,-1.0,-1.0,-1.0,-1.0,-1.0,-1.0,-1.0,-1.0,-1.0,-1.0,-1.0,-1.0,-1.0,-1.0,-1.0,-1.0,-1.0,-1.0,-1.0,-1.0,-1.0,-1.0,-1.0,-1.0,-1.0,-1.0,-1.0,-1.0,-1.0,-1.0,-1.0,-1.0,-1.0,-1.0,-1.0,-1.0,-1.0,-1.0
-1.0,-1.0,-1.0,-1.0,-1.0,-1.0,-1.0,-1.0,-1.0,-1.0,-1.0,-1.0,-1.0,-1.0,-1.0,-1.0,-1.0,-1.0,-1.0,-1.0,-1.0,-1.0,-1.0,-1.0,-1.0,-1.0,-1.0,-1.0,-1.0,-1.0,-1.0,-1.0,-1.0,-1.0,-1.0,-1.0,-1.0,-1.0,-1.0,-1.0,-1.0,-1.0,-1.0,-1.0,-1.0,-1.0,-1.0,-1.0,-1.0,-1.0,-1.0,-1.0,-1.0,-1.0,-1.0,-1.0,-1.0,-1.0,-1.0,-1.0,-1.0,-1.0,-1.0,-1.0,-1.0,-1.0,-1.0,-1.0,-1.0,-1.0,-1.0,-1.0,-1.0,-1.0,-1.0,-1.0,-1.0,-1.0,-1.0,-1.0,-1.0,-1.0,-1.0,-1.0,-1.0,-1.0,-1.0,-1.0,-1.0,-1.0,-1.0,-1.0
-1.0,-1.0,-1.0,-1.0,-1.0,-1.0,-1.0,-1.0,-1.0,-1.0,-1.0,-1.0,-1.0,-1.0,-1.0,-1.0,-1.0,-1.0,-1.0,-1.0,-1.0,-1.0,-1.0,-1.0,-1.0,-1.0,-1.0,-1.0,-1.0,-1.0,-1.0,-1.0,-1.0,-1.0,-1.0,-1.0,-1.0,-1.0,-1.0,-1.0,-1.0,-1.0,-1.0,-1.0,-1.0,-1.0,-1.0,-1.0,-1.0,-1.0,-1.0,-1.0,-1.0,-1.0,-1.0,-1.0,-1.0,-1.0,-1.0,-1.0,-1.0,-1.0,-1.0,-1.0,-1.0,-1.0,-1.0,-1.0,-1.0,-1.0,-1.0,-1.0,-1.0,-1.0,-1.0,-1.0,-1.0,-1.0,-1.0,-1.0,-1.0,-1.0,-1.0,-1.0,-1.0,-1.0,-1.0,-1.0,-1.0,-1.0,-1.0,-1.0
-1.0,-1.0,-1.0,-1.0,-1.0,-1.0,-1.0,-1.0,-1.0,-1.0,-1.0,-1.0,-1.0,-1.0,-1.0,-1.0,-1.0,-1.0,-1.0,-1.0,1.0,1.0,1.0,-1.0,-1.0,-1.0,1.0,1.0,1.0,1.0,1.0,1.0,1.0,1.0,1.0,1.0,1.0,1.0,1.0,1.0,1.0,1.0,1.0,1.0,1.0,1.0,1.0,1.0,1.0,1.0,1.0,1.0,1.0,1.0,1.0,1.0,1.0,1.0,1.0,1.0,1.0,1.0,1.0,1.0,1.0,-1.0,-1.0,-1.0,-1.0,-1.0,-1.0,-1.0,-1.0,-1.0,-1.0,-1.0,-1.0,-1.0,-1.0,1.0,1.0,1.0,1.0,1.0,1.0,1.0,1.0,1.0,1.0,1.0,1.0,1.0
1.1584246057359764,1.337810426714739,1.337810426714739,1.337810426714739,1.337810426714739,1.337810426714739,1.337810426714739,1.337810426714739,1.337810426714739,1.1584246057359764,1.1584246057359764,1.1584246057359764,1.1584246057359764,1.337810426714739,1.337810426714739,1.337810426714739,1.337810426714739,1.337810426714739,1.337810426714739,1.1994270791025508,0.1981828581437757,0.1981828581437757,0.1981828581437757,1.337810426714739,1.337810426714739,1.035096853813077,0.1981828581437757,-0.36833547313059123,-0.36833547313059123,-0.36833547313059123,-0.36833547313059123,-0.36833547313059123,-0.36833547313059123,-0.36833547313059123,-0.36833547313059123,-0.38934051485723076,-0.38934051485723076,-0.36833547313059123,-0.36833547313059123,-0.36833547313059123,-0.36833547313059123,-0.36833547313059123,-0.36833547313059123,-0.36833547313059123,-0.36833547313059123,-0.36833547313059123,-0.36833547313059123,-0.36833547313059123,-0.36833547313059123,-0.36833547313059123,-0.36833547313059123,-0.36833547313059123,-0.36833547313059123,-0.36833547313059123,-0.36833547313059123,-0.38934051485723076,-0.38934051485723076,-0.36833547313059123,-0.36833547313059123,-0.36833547313059123,-0.36833547313059123,-0.36833547313059123,-0.38934051485723076,-0.38934051485723076,-0.40879883915437504,-1.0838981564985581,-1.0838981564985581,-1.0838981564985581,-1.0838981564985581,-1.0838981564985581,-1.0838981564985581,-1.0838981564985581,-1.0838981564985581,-1.0838981564985581,-1.0838981564985581,-1.0838981564985581,-1.0838981564985581,-1.0838981564985581,-1.0838981564985581,0.023168624398949136,0.023168624398949136,0.023168624398949136,0.023168624398949136,0.023168624398949136,0.023168624398949136,0.023168624398949136,-0.4521480913124806,-0.4521480913124806,-0.4521480913124806,0.8534687100720798,0.8534687100720798,-0.4521480913124806
1.12251792105555,1.4516825767754173,1.4516825767754173,1.4516825767754173,1.4516825767754173,1.4516825767754173,1.4516825767754173,1.4516825767754173,1.4516825767754173,1.12251792105555,1.12251792105555,1.12251792105555,1.12251792105555,1.4516825767754173,1.4516825767754173,1.4516825767754173,1.4516825767754173,1.4516825767754173,1.4516825767754173,1.1955232311969988,-0.2089474164410766,-0.2089474164410766,-0.2089474164410766,1.4516825767754173,1.4516825767754173,0.9109050061178527,-0.2089474164410766,-0.6541888989017903,-0.6541888989017903,-0.6541888989017903,-0.6541888989017903,-0.6541888989017903,-0.6541888989017903,-0.6541888989017903,-0.6541888989017903,-0.6658420491052696,-0.6658420491052696,-0.6541888989017903,-0.6541888989017903,-0.6541888989017903,-0.6541888989017903,-0.6541888989017903,-0.6541888989017903,-0.6541888989017903,-0.6541888989017903,-0.6541888989017903,-0.6541888989017903,-0.6541888989017903,-0.6541888989017903,-0.6541888989017903,-0.6541888989017903,-0.6541888989017903,-0.6541888989017903,-0.6541888989017903,-0.6541888989017903,-0.6658420491052696,-0.6658420491052696,-0.6541888989017903,-0.6541888989017903,-0.6541888989017903,-0.6541888989017903,-0.6541888989017903,-0.6658420491052696,-0.6658420491052696,-0.676327349301327,-0.8556350580301921,-0.8556350580301921,-0.8556350580301921,-0.8556350580301921,-0.8556350580301921,-0.8556350580301921,-0.8556350580301921,-0.8556350580301921,-0.8556350580301921,-0.8556350580301921,-0.8556350580301921,-0.8556350580301921,-0.8556350580301921,-0.8556350580301921,-0.37345276047081577,-0.37345276047081577,-0.37345276047081577,-0.37345276047081577,-0.37345276047081577,-0.37345276047081577,-0.37345276047081577,-0.6986153324101507,-0.6986153324101507,-0.6986153324101507,0.6210482282453983,0.6210482282453983,-0.6986153324101507
1.0284950784777858,1.4965912411460476,1.4965912411460476,1.4965912411460476,1.4965912411460476,1.4965912411460476,1.4965912411460476,1.4965912411460476,1.4965912411460476,1.0284950784777858,1.0284950784777858,1.0284950784777858,1.0284950784777858,1.4965912411460476,1.4965912411460476,1.4965912411460476,1.4965912411460476,1.4965912411460476,1.4965912411460476,1.1291867226475516,-0.43697583458882533,-0.43697583458882533,-0.43697583458882533,1.4965912411460476,1.4965912411460476,0.7471612407532576,-0.43697583458882533,-0.7152990178801576,-0.7152990178801576,-0.7152990178801576,-0.7152990178801576,-0.7152990178801576,-0.7152990178801576,-0.7152990178801576,-0.7152990178801576,-0.7203071752238307,-0.7203071752238307,-0.7152990178801576,-0.7152990178801576,-0.7152990178801576,-0.7152990178801576,-0.7152990178801576,-0.7152990178801576,-0.7152990178801576,-0.7152990178801576,-0.7152990178801576,-0.7152990178801576,-0.7152990178801576,-0.7152990178801576,-0.7152990178801576,-0.7152990178801576,-0.7152990178801576,-0.7152990178801576,-0.7152990178801576,-0.7152990178801576,-0.7203071752238307,-0.7203071752238307,-0.7152990178801576,-0.7152990178801576,-0.7152990178801576,-0.7152990178801576,-0.7152990178801576,-0.7203071752238307,-0.7203071752238307,-0.7246840913254929,-0.7738712452510439,-0.7738712452510439,-0.7738712452510439,-0.7738712452510439,-0.7738712452510439,-0.7738712452510439,-0.7738712452510439,-0.7738712452510439,-0.7738712452510439,-0.7738712452510439,-0.7738712452510439,-0.7738712452510439,-0.7738712452510439,-0.7738712452510439,-0.5569659544222979,-0.5569659544222979,-0.5569659544222979,-0.5569659544222979,-0.5569659544222979,-0.5569659544222979,-0.5569659544222979,-0.7335638648728264,-0.7335638648728264,-0.7335638648728264,0.38860554778426726,0.38860554778426726,-0.7335638648728264
-1.0,-1.0,-1.0,-1.0,-1.0,-1.0,-1.0,-1.0,-1.0,-1.0,-1.0,-1.0,-1.0,1.0,1.0,1.0,1.0,1.0,1.0,1.0,-1.0,-1.0,-1.0,-1.0,-1.0,-1.0,-1.0,-1.0,-1.0,-1.0,-1.0,-1.0,-1.0,-1.0,-1.0,-1.0,-1.0,-1.0,-1.0,-1.0,-1.0,-1.0,-1.0,-1.0,-1.0,-1.0,-1.0,-1.0,-1.0,-1.0,-1.0,-1.0,-1.0,-1.0,-1.0,-1.0,-1.0,-1.0,-1.0,-1.0,-1.0,-1.0,-1.0,-1.0,-1.0,-1.0,-1.0,-1.0,-1.0,-1.0,-1.0,-1.0,-1.0,-1.0,-1.0,-1.0,-1.0,-1.0,-1.0,-1.0,-1.0,-1.0,-1.0,-1.0,-1.0,-1.0,-1.0,-1.0,-1.0,-1.0,-1.0,-1.0
1.0,1.0,1.0,1.0,1.0,1.0,1.0,1.0,1.0,1.0,1.0,1.0,1.0,1.0,1.0,1.0,1.0,1.0,1.0,1.0,1.0,1.0,1.0,1.0,1.0,1.0,1.0,1.0,1.0,1.0,1.0,1.0,1.0,1.0,1.0,1.0,1.0,1.0,1.0,1.0,1.0,1.0,1.0,1.0,1.0,1.0,1.0,1.0,1.0,1.0,1.0,1.0,1.0,1.0,1.0,1.0,1.0,1.0,1.0,1.0,1.0,1.0,1.0,1.0,1.0,1.0,1.0,1.0,1.0,1.0,1.0,1.0,1.0,1.0,1.0,1.0,1.0,1.0,1.0,1.0,1.0,1.0,1.0,1.0,1.0,1.0,1.0,1.0,1.0,1.0,1.0,1.0
-0.8468606431852986,-0.8468606431852986,-0.8468606431852986,-0.8468606431852986,-0.8468606431852986,-0.8468606431852986,-0.8468606431852986,-0.8468606431852986,-0.8468606431852986,-0.8468606431852986,-0.8468606431852986,-0.8468606431852986,-0.8468606431852986,-0.8468606431852986,-0.8468606431852986,-0.8468606431852986,-0.8468606431852986,-0.8468606431852986,-0.8468606431852986,-0.8468606431852986,-0.8468606431852986,-0.8468606431852986,-0.8468606431852986,-0.8468606431852986,-0.8468606431852986,-0.8468606431852986,-0.8468606431852986,-0.8468606431852986,-0.8468606431852986,-0.8468606431852986,-0.8468606431852986,-0.8468606431852986,-0.8468606431852986,-0.8468606431852986,-0.8468606431852986,-0.8468606431852986,-0.8468606431852986,-0.8468606431852986,-0.8468606431852986,-0.8468606431852986,-0.8468606431852986,-0.8468606431852986,-0.8468606431852986,-0.8468606431852986,-0.8468606431852986,-0.8468606431852986,-0.8468606431852986,-0.8468606431852986,-0.8468606431852986,-0.8468606431852986,-0.8468606431852986,-0.8468606431852986,-0.8468606431852986,-0.8468606431852986,-0.8468606431852986,-0.8468606431852986,-0.8468606431852986,-0.8468606431852986,-0.8468606431852986,-0.8468606431852986,-0.8468606431852986,-0.8468606431852986,-0.8468606431852986,-0.8468606431852986,-0.8468606431852986,-0.8468606431852986,-0.8468606431852986,-0.8468606431852986,-0.8468606431852986,-0.8468606431852986,-0.8468606431852986,-0.8468606431852986,-0.8468606431852986,-0.8468606431852986,-0.8468606431852986,-0.8468606431852986,-0.8468606431852986,-0.8468606431852986,-0.8468606431852986,-0.8468606431852986,-0.8468606431852986,-0.8468606431852986,-0.8468606431852986,-0.8468606431852986,-0.8468606431852986,-0.8468606431852986,-0.8468606431852986,-0.8468606431852986,-0.8468606431852986,-0.8468606431852986,-0.8468606431852986,-0.8468606431852986
-0.4775130935520587,-0.4775130935520587,-0.4775130935520587,-0.4775130935520587,-0.4775130935520587,-0.4775130935520587,-0.4775130935520587,-0.4775130935520587,-0.4775130935520587,-0.4775130935520587,-0.4775130935520587,-0.4775130935520587,-0.4775130935520587,-0.4775130935520587,-0.4775130935520587,-0.4775130935520587,-0.4775130935520587,-0.4775130935520587,-0.4775130935520587,-0.4775130935520587,-0.4775130935520587,-0.4775130935520587,-0.4775130935520587,-0.4775130935520587,-0.4775130935520587,-0.4775130935520587,-0.4775130935520587,-0.4775130935520587,-0.4775130935520587,-0.4775130935520587,-0.4775130935520587,-0.4775130935520587,-0.4775130935520587,-0.4775130935520587,-0.4775130935520587,-0.4775130935520587,-0.4775130935520587,-0.4775130935520587,-0.4775130935520587,-0.4775130935520587,-0.4775130935520587,-0.4775130935520587,-0.4775130935520587,-0.4775130935520587,-0.4775130935520587,-0.4775130935520587,-0.4775130935520587,-0.4775130935520587,-0.4775130935520587,-0.4775130935520587,-0.4775130935520587,-0.4775130935520587,-0.4775130935520587,-0.4775130935520587,-0.4775130935520587,-0.4775130935520587,-0.4775130935520587,-0.4775130935520587,-0.4775130935520587,-0.4775130935520587,-0.4775130935520587,-0.4775130935520587,-0.4775130935520587,-0.4775130935520587,-0.4775130935520587,-0.4775130935520587,-0.4775130935520587,-0.4775130935520587,-0.4775130935520587,-0.4775130935520587,-0.4775130935520587,-0.4775130935520587,-0.4775130935520587,-0.4775130935520587,-0.4775130935520587,-0.4775130935520587,-0.4775130935520587,-0.4775130935520587,-0.4775130935520587,-0.4775130935520587,-0.4775130935520587,-0.4775130935520587,-0.4775130935520587,-0.4775130935520587,-0.4775130935520587,-0.4775130935520587,-0.4775130935520587,-0.4775130935520587,-0.4775130935520587,-0.4775130935520587,-0.4775130935520587,-0.4775130935520587
1.0,1.0,1.0,1.0,1.0,1.0,1.0,1.0,1.0,1.0,1.0,1.0,1.0,1.0,1.0,1.0,1.0,1.0,1.0,1.0,1.0,1.0,1.0,1.0,1.0,1.0,1.0,1.0,1.0,1.0,1.0,1.0,1.0,1.0,1.0,1.0,1.0,1.0,1.0,1.0,1.0,1.0,1.0,1.0,1.0,1.0,1.0,1.0,1.0,1.0,1.0,1.0,1.0,1.0,1.0,1.0,1.0,1.0,1.0,1.0,1.0,1.0,1.0,1.0,1.0,1.0,1.0,1.0,1.0,1.0,1.0,1.0,1.0,1.0,1.0,1.0,1.0,1.0,1.0,1.0,1.0,1.0,1.0,1.0,1.0,1.0,1.0,1.0,1.0,1.0,1.0,1.0
-0.7108821291760653,-0.7108821291760653,-0.7108821291760653,-0.7108821291760653,-0.7108821291760653,-0.7108821291760653,-0.7108821291760653,-0.7108821291760653,-0.7108821291760653,-0.7108821291760653,-0.7108821291760653,-0.7108821291760653,-0.7108821291760653,-0.7108821291760653,-0.7108821291760653,-0.7108821291760653,-0.7108821291760653,-0.7108821291760653,-0.7108821291760653,-0.7108821291760653,-0.7108821291760653,-0.7108821291760653,-0.7108821291760653,-0.7108821291760653,-0.7108821291760653,-0.7108821291760653,-0.7108821291760653,-0.7108821291760653,-0.7108821291760653,-0.7108821291760653,-0.7108821291760653,-0.7108821291760653,-0.7108821291760653,-0.7108821291760653,-0.7108821291760653,-0.7108821291760653,-0.7108821291760653,-0.7108821291760653,-0.7108821291760653,-0.7108821291760653,-0.7108821291760653,-0.7108821291760653,-0.7108821291760653,-0.7108821291760653,-0.7108821291760653,-0.7108821291760653,-0.7108821291760653,-0.7108821291760653,-0.7108821291760653,-0.7108821291760653,-0.7108821291760653,-0.7108821291760653,-0.7108821291760653,-0.7108821291760653,-0.7108821291760653,-0.7108821291760653,-0.7108821291760653,-0.7108821291760653,-0.7108821291760653,-0.7108821291760653,-0.7108821291760653,-0.7108821291760653,-0.7108821291760653,-0.7108821291760653,-0.7108821291760653,-0.7108821291760653,-0.7108821291760653,-0.7108821291760653,-0.7108821291760653,-0.7108821291760653,-0.7108821291760653,-0.7108821291760653,-0.7108821291760653,-0.7108821291760653,-0.7108821291760653,-0.7108821291760653,-0.7108821291760653,-0.7108821291760653,-0.7108821291760653,-0.7108821291760653,-0.7108821291760653,-0.7108821291760653,-0.7108821291760653,-0.7108821291760653,-0.7108821291760653,-0.7108821291760653,-0.7108821291760653,-0.7108821291760653,-0.7108821291760653,-0.7108821291760653,-0.7108821291760653,-0.7108821291760653
1.0,1.0,1.0,1.0,1.0,1.0,1.0,1.0,1.0,1.0,1.0,1.0,1.0,1.0,1.0,1.0,1.0,1.0,1.0,1.0,1.0,1.0,1.0,1.0,1.0,1.0,1.0,1.0,1.0,1.0,1.0,1.0,1.0,1.0,1.0,1.0,1.0,1.0,1.0,1.0,1.0,1.0,1.0,1.0,1.0,1.0,1.0,1.0,1.0,1.0,1.0,1.0,1.0,1.0,1.0,1.0,1.0,1.0,1.0,1.0,1.0,1.0,1.0,1.0,1.0,1.0,1.0,1.0,1.0,1.0,1.0,1.0,1.0,1.0,1.0,1.0,1.0,1.0,1.0,1.0,1.0,1.0,1.0,1.0,1.0,1.0,1.0,1.0,1.0,1.0,1.0,1.0
1.0,1.0,1.0,1.0,1.0,1.0,1.0,1.0,1.0,1.0,1.0,1.0,1.0,1.0,1.0,1.0,1.0,1.0,1.0,1.0,1.0,1.0,1.0,1.0,1.0,1.0,1.0,1.0,1.0,1.0,1.0,1.0,1.0,1.0,1.0,1.0,1.0,1.0,1.0,1.0,1.0,1.0,1.0,1.0,1.0,1.0,1.0,1.0,1.0,1.0,1.0,1.0,1.0,1.0,1.0,1.0,1.0,1.0,1.0,1.0,1.0,1.0,1.0,1.0,1.0,1.0,1.0,1.0,1.0,1.0,1.0,1.0,1.0,1.0,1.0,1.0,1.0,1.0,1.0,1.0,1.0,1.0,1.0,1.0,1.0,1.0,1.0,1.0,1.0,1.0,1.0,1.0
1.30101038423854,1.30101038423854,1.30101038423854,1.30101038423854,1.30101038423854,1.30101038423854,1.30101038423854,1.30101038423854,1.30101038423854,1.30101038423854,1.30101038423854,1.30101038423854,1.30101038423854,1.30101038423854,1.30101038423854,1.30101038423854,1.30101038423854,1.30101038423854,1.30101038423854,1.30101038423854,1.30101038423854,1.30101038423854,1.30101038423854,1.30101038423854,1.30101038423854,1.30101038423854,1.30101038423854,1.30101038423854,1.30101038423854,1.30101038423854,1.30101038423854,1.30101038423854,1.30101038423854,1.30101038423854,1.30101038423854,1.30101038423854,1.30101038423854,1.30101038423854,1.30101038423854,1.30101038423854,1.30101038423854,1.30101038423854,1.30101038423854,1.30101038423854,1.30101038423854,1.30101038423854,1.30101038423854,1.30101038423854,1.30101038423854,1.30101038423854,1.30101038423854,1.30101038423854,1.30101038423854,1.30101038423854,1.30101038423854,1.30101038423854,1.30101038423854,1.30101038423854,1.30101038423854,1.30101038423854,1.30101038423854,1.30101038423854,1.30101038423854,1.30101038423854,1.30101038423854,1.30101038423854,1.30101038423854,1.30101038423854,1.30101038423854,1.30101038423854,1.30101038423854,1.30101038423854,1.30101038423854,1.30101038423854,1.30101038423854,1.30101038423854,1.30101038423854,1.30101038423854,1.30101038423854,1.30101038423854,1.30101038423854,1.30101038423854,1.30101038423854,1.30101038423854,1.30101038423854,1.30101038423854,1.30101038423854,1.30101038423854,1.30101038423854,1.30101038423854,1.30101038423854,1.30101038423854
-1.0188661900940459,-1.0188661900940459,-1.0188661900940459,-1.0188661900940459,-1.0188661900940459,-1.0188661900940459,-1.0188661900940459,-1.0188661900940459,-1.0188661900940459,-1.0188661900940459,-1.0188661900940459,-1.0188661900940459,-1.0188661900940459,-1.0188661900940459,-1.0188661900940459,-1.0188661900940459,-1.0188661900940459,-1.0188661900940459,-1.0188661900940459,-1.0188661900940459,-1.0188661900940459,-1.0188661900940459,-1.0188661900940459,-1.0188661900940459,-1.0188661900940459,-1.0188661900940459,-1.0188661900940459,-1.0188661900940459,-1.0188661900940459,-1.0188661900940459,-1.0188661900940459,-1.0188661900940459,-1.0188661900940459,-1.0188661900940459,-1.0188661900940459,-1.0188661900940459,-1.0188661900940459,-1.0188661900940459,-1.0188661900940459,-1.0188661900940459,-1.0188661900940459,-1.0188661900940459,-1.0188661900940459,-1.0188661900940459,-1.0188661900940459,-1.0188661900940459,-1.0188661900940459,-1.0188661900940459,-1.0188661900940459,-1.0188661900940459,-1.0188661900940459,-1.0188661900940459,-1.0188661900940459,-1.0188661900940459,-1.0188661900940459,-1.0188661900940459,-1.0188661900940459,-1.0188661900940459,-1.0188661900940459,-1.0188661900940459,-1.0188661900940459,-1.0188661900940459,-1.0188661900940459,-1.0188661900940459,-1.0188661900940459,-1.0188661900940459,-1.0188661900940459,-1.0188661900940459,-1.0188661900940459,-1.0188661900940459,-1.0188661900940459,-1.0188661900940459,-1.0188661900940459,-1.0188661900940459,-1.0188661900940459,-1.0188661900940459,-1.0188661900940459,-1.0188661900940459,-1.0188661900940459,-1.0188661900940459,-1.0188661900940459,-1.0188661900940459,-1.0188661900940459,-1.0188661900940459,-1.0188661900940459,-1.0188661900940459,-1.0188661900940459,-1.0188661900940459,-1.0188661900940459,-1.0188661900940459,-1.0188661900940459,-1.0188661900940459
1.969566382794139,1.969566382794139,1.969566382794139,1.969566382794139,1.969566382794139,1.969566382794139,1.969566382794139,1.969566382794139,1.969566382794139,1.969566382794139,1.969566382794139,1.969566382794139,1.969566382794139,1.969566382794139,1.969566382794139,1.969566382794139,1.969566382794139,1.969566382794139,1.969566382794139,1.969566382794139,1.969566382794139,1.969566382794139,1.969566382794139,1.969566382794139,1.969566382794139,1.969566382794139,1.969566382794139,1.969566382794139,1.969566382794139,1.969566382794139,1.969566382794139,1.969566382794139,1.969566382794139,1.969566382794139,1.969566382794139,1.969566382794139,1.969566382794139,1.969566382794139,1.969566382794139,1.969566382794139,1.969566382794139,1.969566382794139,1.969566382794139,1.969566382794139,1.969566382794139,1.969566382794139,1.969566382794139,1.969566382794139,1.969566382794139,1.969566382794139,1.969566382794139,1.969566382794139,1.969566382794139,1.969566382794139,1.969566382794139,1.969566382794139,1.969566382794139,1.969566382794139,1.969566382794139,1.969566382794139,1.969566382794139,1.969566382794139,1.969566382794139,1.969566382794139,1.969566382794139,1.969566382794139,1.969566382794139,1.969566382794139,1.969566382794139,1.969566382794139,1.969566382794139,1.969566382794139,1.969566382794139,1.969566382794139,1.969566382794139,1.969566382794139,1.969566382794139,1.969566382794139,1.969566382794139,1.969566382794139,1.969566382794139,1.969566382794139,1.969566382794139,1.969566382794139,1.969566382794139,1.969566382794139,1.969566382794139,1.969566382794139,1.969566382794139,1.969566382794139,1.969566382794139,1.969566382794139
-0.8544547840495762,-0.8544547840495762,-0.8544547840495762,-0.8544547840495762,-0.8544547840495762,-0.8544547840495762,-0.8544547840495762,-0.8544547840495762,-0.8544547840495762,-0.8544547840495762,-0.8544547840495762,-0.8544547840495762,-0.8544547840495762,-0.8544547840495762,-0.8544547840495762,-0.8544547840495762,-0.8544547840495762,-0.8544547840495762,-0.8544547840495762,-0.8544547840495762,-0.8544547840495762,-0.8544547840495762,-0.8544547840495762,-0.8544547840495762,-0.8544547840495762,-0.8544547840495762,-0.8544547840495762,-0.8544547840495762,-0.8544547840495762,-0.8544547840495762,-0.8544547840495762,-0.8544547840495762,-0.8544547840495762,-0.8544547840495762,-0.8544547840495762,-0.8544547840495762,-0.8544547840495762,-0.8544547840495762,-0.8544547840495762,-0.8544547840495762,-0.8544547840495762,-0.8544547840495762,-0.8544547840495762,-0.8544547840495762,-0.8544547840495762,-0.8544547840495762,-0.8544547840495762,-0.8544547840495762,-0.8544547840495762,-0.8544547840495762,-0.8544547840495762,-0.8544547840495762,-0.8544547840495762,-0.8544547840495762,-0.8544547840495762,-0.8544547840495762,-0.8544547840495762,-0.8544547840495762,-0.8544547840495762,-0.8544547840495762,-0.8544547840495762,-0.8544547840495762,-0.8544547840495762,-0.8544547840495762,-0.8544547840495762,-0.8544547840495762,-0.8544547840495762,-0.8544547840495762,-0.8544547840495762,-0.8544547840495762,-0.8544547840495762,-0.8544547840495762,-0.8544547840495762,-0.8544547840495762,-0.8544547840495762,-0.8544547840495762,-0.8544547840495762,-0.8544547840495762,-0.8544547840495762,-0.8544547840495762,-0.8544547840495762,-0.8544547840495762,-0.8544547840495762,-0.8544547840495762,-0.8544547840495762,-0.8544547840495762,-0.8544547840495762,-0.8544547840495762,-0.8544547840495762,-0.8544547840495762,-0.8544547840495762,-0.8544547840495762
1.0228830132458286,1.0228830132458286,1.0228830132458286,1.0228830132458286,1.0228830132458286,1.0228830132458286,1.0228830132458286,1.0228830132458286,1.0228830132458286,1.0228830132458286,1.0228830132458286,1.0228830132458286,1.0228830132458286,1.0228830132458286,1.0228830132458286,1.0228830132458286,1.0228830132458286,1.0228830132458286,1.0228830132458286,1.0228830132458286,1.0228830132458286,1.0228830132458286,1.0228830132458286,1.0228830132458286,1.0228830132458286,1.0228830132458286,1.0228830132458286,1.0228830132458286,1.0228830132458286,1.0228830132458286,1.0228830132458286,1.0228830132458286,1.0228830132458286,1.0228830132458286,1.0228830132458286,1.0228830132458286,1.0228830132458286,1.0228830132458286,1.0228830132458286,1.0228830132458286,1.0228830132458286,1.0228830132458286,1.0228830132458286,1.0228830132458286,1.0228830132458286,1.0228830132458286,1.0228830132458286,1.0228830132458286,1.0228830132458286,1.0228830132458286,1.0228830132458286,1.0228830132458286,1.0228830132458286,1.0228830132458286,1.0228830132458286,1.0228830132458286,1.0228830132458286,1.0228830132458286,1.0228830132458286,1.0228830132458286,1.0228830132458286,1.0228830132458286,1.0228830132458286,1.0228830132458286,1.0228830132458286,1.0228830132458286,1.0228830132458286,1.0228830132458286,1.0228830132458286,1.0228830132458286,1.0228830132458286,1.0228830132458286,1.0228830132458286,1.0228830132458286,1.0228830132458286,1.0228830132458286,1.0228830132458286,1.0228830132458286,1.0228830132458286,1.0228830132458286,1.0228830132458286,1.0228830132458286,1.0228830132458286,1.0228830132458286,1.0228830132458286,1.0228830132458286,1.0228830132458286,1.0228830132458286,1.0228830132458286,1.0228830132458286,1.0228830132458286,1.0228830132458286
1.0,1.0,1.0,1.0,1.0,1.0,1.0,1.0,1.0,1.0,1.0,1.0,1.0,1.0,1.0,1.0,1.0,1.0,1.0,1.0,1.0,1.0,1.0,1.0,1.0,1.0,1.0,1.0,1.0,1.0,1.0,1.0,1.0,1.0,1.0,1.0,1.0,1.0,1.0,1.0,1.0,1.0,1.0,1.0,1.0,1.0,1.0,1.0,1.0,1.0,1.0,1.0,1.0,1.0,1.0,1.0,1.0,1.0,1.0,1.0,1.0,1.0,1.0,1.0,1.0,1.0,1.0,1.0,1.0,1.0,1.0,1.0,1.0,1.0,1.0,1.0,1.0,1.0,1.0,1.0,1.0,1.0,1.0,1.0,1.0,1.0,1.0,1.0,1.0,1.0,1.0,1.0
-1.0,-1.0,-1.0,-1.0,-1.0,-1.0,-1.0,-1.0,-1.0,-1.0,-1.0,-1.0,-1.0,-1.0,-1.0,-1.0,-1.0,-1.0,-1.0,-1.0,-1.0,-1.0,-1.0,-1.0,-1.0,-1.0,-1.0,-1.0,-1.0,-1.0,-1.0,-1.0,-1.0,-1.0,-1.0,-1.0,-1.0,-1.0,-1.0,-1.0,-1.0,-1.0,-1.0,-1.0,-1.0,-1.0,-1.0,-1.0,-1.0,-1.0,-1.0,-1.0,-1.0,-1.0,-1.0,-1.0,-1.0,-1.0,-1.0,-1.0,-1.0,-1.0,-1.0,-1.0,-1.0,-1.0,-1.0,-1.0,-1.0,-1.0,-1.0,-1.0,-1.0,-1.0,-1.0,-1.0,-1.0,-1.0,-1.0,-1.0,-1.0,-1.0,-1.0,-1.0,-1.0,-1.0,-1.0,-1.0,-1.0,-1.0,-1.0,-1.0
1.0,1.0,1.0,1.0,1.0,1.0,1.0,1.0,1.0,1.0,1.0,1.0,1.0,1.0,1.0,1.0,1.0,1.0,1.0,1.0,1.0,1.0,1.0,1.0,1.0,1.0,1.0,1.0,1.0,1.0,1.0,1.0,1.0,1.0,1.0,1.0,1.0,1.0,1.0,1.0,1.0,1.0,1.0,1.0,1.0,1.0,1.0,1.0,1.0,1.0,1.0,1.0,1.0,1.0,1.0,1.0,1.0,1.0,1.0,1.0,1.0,1.0,1.0,1.0,1.0,1.0,1.0,1.0,1.0,1.0,1.0,1.0,1.0,1.0,1.0,1.0,1.0,1.0,1.0,1.0,1.0,1.0,1.0,1.0,1.0,1.0,1.0,1.0,1.0,1.0,1.0,1.0
-1.0,-1.0,-1.0,-1.0,-1.0,-1.0,-1.0,-1.0,-1.0,-1.0,-1.0,-1.0,-1.0,-1.0,-1.0,-1.0,-1.0,-1.0,-1.0,-1.0,-1.0,-1.0,-1.0,-1.0,-1.0,-1.0,-1.0,-1.0,-1.0,-1.0,-1.0,-1.0,-1.0,-1.0,-1.0,-1.0,-1.0,-1.0,-1.0,-1.0,-1.0,-1.0,-1.0,-1.0,-1.0,-1.0,-1.0,-1.0,-1.0,-1.0,-1.0,-1.0,-1.0,-1.0,-1.0,-1.0,-1.0,-1.0,-1.0,-1.0,-1.0,-1.0,-1.0,-1.0,-1.0,-1.0,-1.0,-1.0,-1.0,-1.0,-1.0,-1.0,-1.0,-1.0,-1.0,-1.0,-1.0,-1.0,-1.0,-1.0,-1.0,-1.0,-1.0,-1.0,-1.0,-1.0,-1.0,-1.0,-1.0,-1.0,-1.0,-1.0
-1.0,-1.0,-1.0,-1.0,-1.0,-1.0,-1.0,-1.0,-1.0,-1.0,-1.0,-1.0,-1.0,-1.0,-1.0,-1.0,-1.0,-1.0,-1.0,-1.0,-1.0,-1.0,-1.0,-1.0,-1.0,-1.0,-1.0,-1.0,-1.0,-1.0,-1.0,-1.0,-1.0,-1.0,-1.0,-1.0,-1.0,-1.0,-1.0,-1.0,-1.0,-1.0,-1.0,-1.0,-1.0,-1.0,-1.0,-1.0,-1.0,-1.0,-1.0,-1.0,-1.0,-1.0,-1.0,-1.0,-1.0,-1.0,-1.0,-1.0,-1.0,-1.0,-1.0,-1.0,-1.0,-1.0,-1.0,-1.0,-1.0,-1.0,-1.0,-1.0,-1.0,-1.0,-1.0,-1.0,-1.0,-1.0,-1.0,-1.0,-1.0,-1.0,-1.0,-1.0,-1.0,-1.0,-1.0,-1.0,-1.0,-1.0,-1.0,-1.0
-1.0,-1.0,-1.0,-1.0,-1.0,-1.0,-1.0,-1.0,-1.0,-1.0,-1.0,-1.0,-1.0,-1.0,-1.0,-1.0,-1.0,-1.0,-1.0,-1.0,-1.0,-1.0,-1.0,-1.0,-1.0,-1.0,-1.0,-1.0,-1.0,-1.0,-1.0,-1.0,-1.0,-1.0,-1.0,-1.0,-1.0,-1.0,-1.0,-1.0,-1.0,-1.0,-1.0,-1.0,-1.0,-1.0,-1.0,-1.0,-1.0,-1.0,-1.0,-1.0,-1.0,-1.0,-1.0,-1.0,-1.0,-1.0,-1.0,-1.0,-1.0,-1.0,-1.0,-1.0,-1.0,-1.0,-1.0,-1.0,-1.0,-1.0,-1.0,-1.0,-1.0,-1.0,-1.0,-1.0,-1.0,-1.0,-1.0,-1.0,-1.0,-1.0,-1.0,-1.0,-1.0,-1.0,-1.0,-1.0,-1.0,-1.0,-1.0,-1.0
1.0,1.0,1.0,1.0,1.0,1.0,1.0,1.0,1.0,1.0,1.0,1.0,1.0,1.0,1.0,1.0,1.0,1.0,1.0,1.0,1.0,1.0,1.0,1.0,1.0,1.0,1.0,1.0,1.0,1.0,1.0,1.0,1.0,1.0,1.0,1.0,1.0,1.0,1.0,1.0,1.0,1.0,1.0,1.0,1.0,1.0,1.0,1.0,1.0,1.0,1.0,1.0,1.0,1.0,1.0,1.0,1.0,1.0,1.0,1.0,1.0,1.0,1.0,1.0,1.0,1.0,1.0,1.0,1.0,1.0,1.0,1.0,1.0,1.0,1.0,1.0,1.0,1.0,1.0,1.0,1.0,1.0,1.0,1.0,1.0,1.0,1.0,1.0,1.0,1.0,1.0,1.0
-0.3425587942904059,-0.3425587942904059,-0.3425587942904059,-0.3425587942904059,-0.3425587942904059,-0.3425587942904059,-0.3425587942904059,-0.3425587942904059,-0.3425587942904059,-0.3425587942904059,-0.3425587942904059,-0.3425587942904059,-0.3425587942904059,-0.3425587942904059,-0.3425587942904059,-0.3425587942904059,-0.3425587942904059,-0.3425587942904059,-0.3425587942904059,-0.3425587942904059,-0.3425587942904059,-0.3425587942904059,-0.3425587942904059,-0.3425587942904059,-0.3425587942904059,-0.3425587942904059,-0.3425587942904059,-0.3425587942904059,-0.3425587942904059,-0.3425587942904059,-0.3425587942904059,-0.3425587942904059,-0.3425587942904059,-0.3425587942904059,-0.3425587942904059,-0.3425587942904059,-0.3425587942904059,-0.3425587942904059,-0.3425587942904059,-0.3425587942904059,-0.3425587942904059,-0.3425587942904059,-0.3425587942904059,-0.3425587942904059,-0.3425587942904059,-0.3425587942904059,-0.3425587942904059,-0.3425587942904059,-0.3425587942904059,-0.3425587942904059,-0.3425587942904059,-0.3425587942904059,-0.3425587942904059,-0.3425587942904059,-0.3425587942904059,-0.3425587942904059,-0.3425587942904059,-0.3425587942904059,-0.3425587942904059,-0.3425587942904059,-0.3425587942904059,-0.3425587942904059,-0.3425587942904059,-0.3425587942904059,-0.3425587942904059,-0.3425587942904059,-0.3425587942904059,-0.3425587942904059,-0.3425587942904059,-0.3425587942904059,-0.3425587942904059,-0.3425587942904059,-0.3425587942904059,-0.3425587942904059,-0.3425587942904059,-0.3425587942904059,-0.3425587942904059,-0.3425587942904059,-0.3425587942904059,-0.3425587942904059,-0.3425587942904059,-0.3425587942904059,-0.3425587942904059,-0.3425587942904059,-0.3425587942904059,-0.3425587942904059,-0.3425587942904059,-0.3425587942904059,-0.3425587942904059,-0.3425587942904059,-0.3425587942904059,-0.3425587942904059
-0.6394141218239189,-0.6394141218239189,-0.6394141218239189,-0.6394141218239189,-0.6394141218239189,-0.6394141218239189,-0.6394141218239189,-0.6394141218239189,-0.6394141218239189,-0.6394141218239189,-0.6394141218239189,-0.6394141218239189,-0.6394141218239189,-0.6394141218239189,-0.6394141218239189,-0.6394141218239189,-0.6394141218239189,-0.6394141218239189,-0.6394141218239189,-0.6394141218239189,-0.6394141218239189,-0.6394141218239189,-0.6394141218239189,-0.6394141218239189,-0.6394141218239189,-0.6394141218239189,-0.6394141218239189,-0.6394141218239189,-0.6394141218239189,-0.6394141218239189,-0.6394141218239189,-0.6394141218239189,-0.6394141218239189,-0.6394141218239189,-0.6394141218239189,-0.6394141218239189,-0.6394141218239189,-0.6394141218239189,-0.6394141218239189,-0.6394141218239189,-0.6394141218239189,-0.6394141218239189,-0.6394141218239189,-0.6394141218239189,-0.6394141218239189,-0.6394141218239189,-0.6394141218239189,-0.6394141218239189,-0.6394141218239189,-0.6394141218239189,-0.6394141218239189,-0.6394141218239189,-0.6394141218239189,-0.6394141218239189,-0.6394141218239189,-0.6394141218239189,-0.6394141218239189,-0.6394141218239189,-0.6394141218239189,-0.6394141218239189,-0.6394141218239189,-0.6394141218239189,-0.6394141218239189,-0.6394141218239189,-0.6394141218239189,-0.6394141218239189,-0.6394141218239189,-0.6394141218239189,-0.6394141218239189,-0.6394141218239189,-0.6394141218239189,-0.6394141218239189,-0.6394141218239189,-0.6394141218239189,-0.6394141218239189,-0.6394141218239189,-0.6394141218239189,-0.6394141218239189,-0.6394141218239189,-0.6394141218239189,-0.6394141218239189,-0.6394141218239189,-0.6394141218239189,-0.6394141218239189,-0.6394141218239189,-0.6394141218239189,-0.6394141218239189,-0.6394141218239189,-0.6394141218239189,-0.6394141218239189,-0.6394141218239189,-0.6394141218239189
-0.7087384273640225,-0.7087384273640225,-0.7087384273640225,-0.7087384273640225,-0.7087384273640225,-0.7087384273640225,-0.7087384273640225,-0.7087384273640225,-0.7087384273640225,-0.7087384273640225,-0.7087384273640225,-0.7087384273640225,-0.7087384273640225,-0.7087384273640225,-0.7087384273640225,-0.7087384273640225,-0.7087384273640225,-0.7087384273640225,-0.7087384273640225,-0.7087384273640225,-0.7087384273640225,-0.7087384273640225,-0.7087384273640225,-0.7087384273640225,-0.7087384273640225,-0.7087384273640225,-0.7087384273640225,-0.7087384273640225,-0.7087384273640225,-0.7087384273640225,-0.7087384273640225,-0.7087384273640225,-0.7087384273640225,-0.7087384273640225,-0.7087384273640225,-0.7087384273640225,-0.7087384273640225,-0.7087384273640225,-0.7087384273640225,-0.7087384273640225,-0.7087384273640225,-0.7087384273640225,-0.7087384273640225,-0.7087384273640225,-0.7087384273640225,-0.7087384273640225,-0.7087384273640225,-0.7087384273640225,-0.7087384273640225,-0.7087384273640225,-0.7087384273640225,-0.7087384273640225,-0.7087384273640225,-0.7087384273640225,-0.7087384273640225,-0.7087384273640225,-0.7087384273640225,-0.7087384273640225,-0.7087384273640225,-0.7087384273640225,-0.7087384273640225,-0.7087384273640225,-0.7087384273640225,-0.7087384273640225,-0.7087384273640225,-0.7087384273640225,-0.7087384273640225,-0.7087384273640225,-0.7087384273640225,-0.7087384273640225,-0.7087384273640225,-0.7087384273640225,-0.7087384273640225,-0.7087384273640225,-0.7087384273640225,-0.7087384273640225,-0.7087384273640225,-0.7087384273640225,-0.7087384273640225,-0.7087384273640225,-0.7087384273640225,-0.7087384273640225,-0.7087384273640225,-0.7087384273640225,-0.7087384273640225,-0.7087384273640225,-0.7087384273640225,-0.7087384273640225,-0.7087384273640225,-0.7087384273640225,-0.7087384273640225,-0.7087384273640225
1.0,1.0,1.0,1.0,1.0,1.0,1.0,1.0,1.0,1.0,1.0,1.0,1.0,1.0,1.0,1.0,1.0,1.0,1.0,1.0,1.0,1.0,1.0,1.0,1.0,1.0,1.0,1.0,1.0,1.0,1.0,1.0,1.0,1.0,1.0,1.0,1.0,1.0,1.0,1.0,1.0,1.0,1.0,1.0,1.0,1.0,1.0,1.0,1.0,1.0,1.0,1.0,1.0,1.0,1.0,1.0,1.0,1.0,1.0,1.0,1.0,1.0,1.0,1.0,1.0,1.0,1.0,1.0,1.0,1.0,1.0,1.0,1.0,1.0,1.0,1.0,1.0,1.0,1.0,1.0,1.0,1.0,1.0,1.0,1.0,1.0,1.0,1.0,1.0,1.0,1.0,1.0
-1.0,1.0,1.0,1.0,1.0,1.0,1.0,1.0,1.0,1.0,1.0,1.0,1.0,1.0,1.0,1.0,1.0,1.0,1.0,-1.0,1.0,-1.0,-1.0,1.0,-1.0,1.0,-1.0,-1.0,-1.0,-1.0,-1.0,-1.0,-1.0,-1.0,-1.0,-1.0,1.0,-1.0,-1.0,-1.0,-1.0,-1.0,-1.0,-1.0,-1.0,-1.0,-1.0,-1.0,-1.0,-1.0,-1.0,-1.0,-1.0,-1.0,-1.0,-1.0,-1.0,-1.0,-1.0,-1.0,-1.0,-1.0,-1.0,1.0,-1.0,-1.0,-1.0,-1.0,-1.0,-1.0,-1.0,-1.0,-1.0,-1.0,-1.0,-1.0,-1.0,-1.0,-1.0,1.0,1.0,1.0,1.0,1.0,1.0,1.0,-1.0,1.0,-1.0,-1.0,-1.0,-1.0
-1.0,-1.0,-1.0,-1.0,-1.0,-1.0,-1.0,-1.0,-1.0,-1.0,-1.0,-1.0,-1.0,-1.0,-1.0,-1.0,-1.0,-1.0,-1.0,-1.0,-1.0,-1.0,-1.0,-1.0,-1.0,-1.0,1.0,1.0,1.0,1.0,1.0,1.0,1.0,1.0,1.0,-1.0,-1.0,1.0,1.0,1.0,1.0,1.0,1.0,1.0,1.0,-1.0,1.0,1.0,1.0,1.0,1.0,1.0,1.0,1.0,1.0,-1.0,-1.0,1.0,1.0,1.0,1.0,1.0,-1.0,-1.0,-1.0,-1.0,-1.0,-1.0,-1.0,-1.0,-1.0,-1.0,-1.0,-1.0,-1.0,-1.0,-1.0,-1.0,-1.0,-1.0,-1.0,-1.0,-1.0,-1.0,-1.0,-1.0,-1.0,-1.0,-1.0,-1.0,-1.0,-1.0
-1.0,-1.0,-1.0,-1.0,-1.0,-1.0,-1.0,-1.0,-1.0,-1.0,-1.0,-1.0,-1.0,-1.0,-1.0,-1.0,-1.0,-1.0,-1.0,-1.0,-1.0,-1.0,-1.0,-1.0,-1.0,-1.0,-1.0,-1.0,-1.0,-1.0,-1.0,-1.0,-1.0,-1.0,-1.0,-1.0,-1.0,-1.0,-1.0,-1.0,-1.0,-1.0,-1.0,-1.0,-1.0,-1.0,-1.0,-1.0,-1.0,-1.0,-1.0,-1.0,-1.0,-1.0,-1.0,-1.0,-1.0,-1.0,-1.0,-1.0,-1.0,-1.0,-1.0,-1.0,-1.0,-1.0,-1.0,-1.0,-1.0,-1.0,-1.0,-1.0,-1.0,-1.0,-1.0,-1.0,-1.0,-1.0,-1.0,-1.0,-1.0,-1.0,-1.0,-1.0,-1.0,-1.0,-1.0,-1.0,-1.0,-1.0,-1.0,-1.0
-1.0,-1.0,-1.0,-1.0,-1.0,-1.0,-1.0,-1.0,-1.0,-1.0,-1.0,-1.0,-1.0,-1.0,-1.0,-1.0,-1.0,-1.0,-1.0,-1.0,-1.0,-1.0,-1.0,-1.0,-1.0,-1.0,-1.0,-1.0,-1.0,-1.0,-1.0,-1.0,-1.0,-1.0,-1.0,-1.0,-1.0,-1.0,-1.0,-1.0,-1.0,-1.0,-1.0,-1.0,-1.0,-1.0,-1.0,-1.0,-1.0,-1.0,-1.0,-1.0,-1.0,-1.0,-1.0,-1.0,-1.0,-1.0,-1.0,-1.0,-1.0,-1.0,-1.0,-1.0,-1.0,-1.0,-1.0,-1.0,-1.0,-1.0,-1.0,-1.0,-1.0,-1.0,-1.0,-1.0,-1.0,-1.0,-1.0,-1.0,-1.0,-1.0,-1.0,-1.0,-1.0,-1.0,-1.0,-1.0,-1.0,-1.0,-1.0,-1.0
-1.0,-1.0,-1.0,-1.0,-1.0,-1.0,-1.0,-1.0,-1.0,-1.0,-1.0,-1.0,-1.0,1.0,1.0,1.0,1.0,1.0,1.0,-1.0,-1.0,-1.0,-1.0,-1.0,-1.0,-1.0,-1.0,-1.0,-1.0,-1.0,-1.0,-1.0,-1.0,-1.0,-1.0,-1.0,1.0,-1.0,-1.0,-1.0,-1.0,-1.0,-1.0,-1.0,-1.0,-1.0,-1.0,-1.0,-1.0,-1.0,-1.0,-1.0,-1.0,-1.0,-1.0,-1.0,-1.0,-1.0,-1.0,-1.0,-1.0,-1.0,-1.0,-1.0,-1.0,1.0,1.0,1.0,1.0,1.0,1.0,1.0,1.0,1.0,1.0,1.0,1.0,1.0,1.0,1.0,1.0,1.0,1.0,1.0,1.0,1.0,-1.0,-1.0,-1.0,-1.0,-1.0,-1.0
1.0,-1.0,-1.0,-1.0,-1.0,-1.0,-1.0,-1.0,-1.0,-1.0,-1.0,-1.0,-1.0,-1.0,-1.0,-1.0,-1.0,-1.0,-1.0,-1.0,-1.0,-1.0,-1.0,-1.0,-1.0,1.0,-1.0,-1.0,-1.0,-1.0,-1.0,-1.0,-1.0,-1.0,-1.0,-1.0,1.0,-1.0,-1.0,-1.0,-1.0,-1.0,-1.0,-1.0,-1.0,1.0,-1.0,-1.0,-1.0,-1.0,-1.0,-1.0,-1.0,-1.0,-1.0,-1.0,1.0,-1.0,-1.0,-1.0,-1.0,-1.0,1.0,1.0,1.0,-1.0,-1.0,-1.0,-1.0,-1.0,-1.0,-1.0,-1.0,-1.0,-1.0,-1.0,-1.0,-1.0,-1.0,-1.0,-1.0,-1.0,-1.0,-1.0,-1.0,-1.0,1.0,-1.0,1.0,-1.0,-1.0,1.0
-1.0,-1.0,-1.0,-1.0,-1.0,-1.0,-1.0,-1.0,-1.0,-1.0,-1.0,-1.0,-1.0,-1.0,-1.0,-1.0,-1.0,-1.0,-1.0,-1.0,-1.0,-1.0,-1.0,-1.0,-1.0,-1.0,-1.0,-1.0,-1.0,-1.0,-1.0,-1.0,-1.0,-1.0,-1.0,-1.0,-1.0,-1.0,-1.0,-1.0,-1.0,-1.0,-1.0,-1.0,-1.0,-1.0,-1.0,-1.0,-1.0,-1.0,-1.0,-1.0,-1.0,-1.0,-1.0,-1.0,-1.0,-1.0,-1.0,-1.0,-1.0,-1.0,-1.0,-1.0,-1.0,-1.0,-1.0,-1.0,-1.0,-1.0,-1.0,-1.0,-1.0,-1.0,-1.0,-1.0,-1.0,-1.0,-1.0,-1.0,-1.0,-1.0,-1.0,-1.0,-1.0,-1.0,-1.0,-1.0,-1.0,-1.0,-1.0,-1.0
-1.0,-1.0,-1.0,-1.0,-1.0,-1.0,-1.0,-1.0,-1.0,-1.0,-1.0,-1.0,-1.0,-1.0,-1.0,-1.0,-1.0,-1.0,-1.0,-1.0,-1.0,-1.0,-1.0,-1.0,-1.0,-1.0,-1.0,-1.0,-1.0,-1.0,-1.0,-1.0,-1.0,-1.0,-1.0,-1.0,-1.0,-1.0,-1.0,-1.0,-1.0,-1.0,-1.0,-1.0,-1.0,-1.0,-1.0,-1.0,-1.0,-1.0,-1.0,-1.0,-1.0,-1.0,-1.0,-1.0,-1.0,-1.0,-1.0,-1.0,-1.0,-1.0,-1.0,-1.0,-1.0,-1.0,-1.0,-1.0,-1.0,-1.0,-1.0,-1.0,-1.0,-1.0,-1.0,-1.0,-1.0,-1.0,-1.0,-1.0,-1.0,-1.0,-1.0,-1.0,-1.0,-1.0,-1.0,-1.0,-1.0,-1.0,-1.0,-1.0
-1.0,-1.0,-1.0,-1.0,-1.0,-1.0,-1.0,-1.0,-1.0,1.0,1.0,1.0,1.0,-1.0,-1.0,-1.0,-1.0,-1.0,-1.0,1.0,1.0,1.0,-1.0,-1.0,-1.0,-1.0,1.0,-1.0,-1.0,-1.0,-1.0,-1.0,-1.0,-1.0,-1.0,-1.0,1.0,-1.0,-1.0,-1.0,-1.0,-1.0,-1.0,-1.0,-1.0,1.0,-1.0,-1.0,-1.0,-1.0,-1.0,-1.0,-1.0,-1.0,-1.0,-1.0,-1.0,-1.0,-1.0,-1.0,-1.0,1.0,-1.0,-1.0,-1.0,-1.0,-1.0,-1.0,-1.0,-1.0,-1.0,-1.0,-1.0,-1.0,-1.0,-1.0,-1.0,-1.0,-1.0,-1.0,-1.0,-1.0,-1.0,-1.0,-1.0,-1.0,-1.0,-1.0,-1.0,-1.0,-1.0,-1.0
-1.0,-1.0,-1.0,-1.0,-1.0,-1.0,-1.0,-1.0,-1.0,-1.0,-1.0,-1.0,-1.0,-1.0,-1.0,-1.0,-1.0,-1.0,-1.0,-1.0,-1.0,-1.0,-1.0,-1.0,-1.0,-1.0,-1.0,-1.0,-1.0,-1.0,-1.0,-1.0,-1.0,-1.0,-1.0,-1.0,-1.0,-1.0,-1.0,-1.0,-1.0,-1.0,-1.0,-1.0,-1.0,-1.0,-1.0,-1.0,-1.0,-1.0,-1.0,-1.0,-1.0,-1.0,-1.0,-1.0,-1.0,-1.0,-1.0,-1.0,-1.0,-1.0,-1.0,-1.0,-1.0,-1.0,-1.0,-1.0,-1.0,-1.0,-1.0,-1.0,-1.0,-1.0,-1.0,-1.0,-1.0,-1.0,-1.0,-1.0,-1.0,-1.0,-1.0,-1.0,-1.0,-1.0,-1.0,-1.0,-1.0,-1.0,-1.0,-1.0
-1.0,-1.0,-1.0,-1.0,-1.0,-1.0,-1.0,-1.0,-1.0,-1.0,-1.0,-1.0,-1.0,-1.0,-1.0,-1.0,-1.0,-1.0,-1.0,-1.0,-1.0,-1.0,-1.0,-1.0,-1.0,-1.0,-1.0,-1.0,-1.0,-1.0,-1.0,-1.0,-1.0,-1.0,-1.0,-1.0,-1.0,-1.0,-1.0,-1.0,-1.0,-1.0,-1.0,-1.0,-1.0,-1.0,-1.0,-1.0,-1.0,-1.0,-1.0,-1.0,-1.0,-1.0,-1.0,-1.0,-1.0,-1.0,-1.0,-1.0,-1.0,-1.0,-1.0,-1.0,-1.0,-1.0,-1.0,-1.0,-1.0,-1.0,-1.0,-1.0,-1.0,-1.0,-1.0,-1.0,-1.0,-1.0,-1.0,-1.0,-1.0,-1.0,-1.0,-1.0,-1.0,-1.0,-1.0,-1.0,-1.0,-1.0,-1.0,-1.0
-1.0,-1.0,-1.0,-1.0,-1.0,-1.0,-1.0,-1.0,-1.0,-1.0,-1.0,-1.0,-1.0,-1.0,-1.0,-1.0,-1.0,-1.0,-1.0,-1.0,-1.0,-1.0,-1.0,-1.0,-1.0,-1.0,-1.0,-1.0,-1.0,-1.0,-1.0,-1.0,-1.0,-1.0,-1.0,-1.0,-1.0,-1.0,-1.0,-1.0,-1.0,-1.0,-1.0,-1.0,-1.0,-1.0,-1.0,-1.0,-1.0,-1.0,-1.0,-1.0,-1.0,-1.0,-1.0,-1.0,-1.0,-1.0,-1.0,-1.0,-1.0,-1.0,-1.0,-1.0,-1.0,-1.0,-1.0,-1.0,-1.0,-1.0,-1.0,-1.0,-1.0,-1.0,-1.0,-1.0,-1.0,-1.0,-1.0,-1.0,-1.0,-1.0,-1.0,-1.0,-1.0,-1.0,-1.0,-1.0,-1.0,-1.0,-1.0,-1.0
-1.0,-1.0,-1.0,-1.0,-1.0,-1.0,-1.0,-1.0,-1.0,-1.0,-1.0,-1.0,-1.0,-1.0,-1.0,-1.0,-1.0,-1.0,-1.0,-1.0,-1.0,-1.0,-1.0,-1.0,-1.0,-1.0,-1.0,-1.0,-1.0,-1.0,-1.0,-1.0,-1.0,-1.0,-1.0,-1.0,-1.0,-1.0,-1.0,-1.0,-1.0,-1.0,-1.0,-1.0,-1.0,-1.0,-1.0,-1.0,-1.0,-1.0,-1.0,-1.0,-1.0,-1.0,-1.0,-1.0,-1.0,-1.0,-1.0,-1.0,-1.0,-1.0,-1.0,-1.0,-1.0,-1.0,-1.0,-1.0,-1.0,-1.0,-1.0,-1.0,-1.0,-1.0,-1.0,-1.0,-1.0,-1.0,-1.0,-1.0,-1.0,-1.0,-1.0,-1.0,-1.0,-1.0,-1.0,-1.0,-1.0,-1.0,-1.0,-1.0
-1.0,-1.0,-1.0,-1.0,-1.0,-1.0,-1.0,-1.0,-1.0,-1.0,-1.0,-1.0,-1.0,-1.0,-1.0,-1.0,-1.0,-1.0,-1.0,-1.0,-1.0,-1.0,-1.0,-1.0,-1.0,-1.0,-1.0,-1.0,-1.0,-1.0,-1.0,-1.0,-1.0,-1.0,-1.0,-1.0,-1.0,-1.0,-1.0,-1.0,-1.0,-1.0,-1.0,-1.0,-1.0,-1.0,-1.0,-1.0,-1.0,-1.0,-1.0,-1.0,-1.0,-1.0,-1.0,-1.0,-1.0,-1.0,-1.0,-1.0,-1.0,-1.0,-1.0,-1.0,-1.0,-1.0,-1.0,-1.0,-1.0,-1.0,-1.0,-1.0,-1.0,-1.0,-1.0,-1.0,-1.0,-1.0,-1.0,-1.0,-1.0,-1.0,-1.0,-1.0,-1.0,-1.0,-1.0,-1.0,-1.0,-1.0,-1.0,-1.0
-1.0,-1.0,-1.0,-1.0,-1.0,-1.0,-1.0,-1.0,-1.0,-1.0,-1.0,-1.0,-1.0,-1.0,-1.0,-1.0,-1.0,-1.0,-1.0,-1.0,-1.0,-1.0,-1.0,-1.0,-1.0,-1.0,-1.0,-1.0,-1.0,-1.0,-1.0,-1.0,-1.0,-1.0,-1.0,1.0,-1.0,-1.0,-1.0,-1.0,-1.0,-1.0,-1.0,-1.0,-1.0,-1.0,-1.0,-1.0,-1.0,-1.0,-1.0,-1.0,-1.0,-1.0,-1.0,-1.0,-1.0,-1.0,-1.0,-1.0,-1.0,-1.0,-1.0,-1.0,-1.0,-1.0,-1.0,-1.0,-1.0,-1.0,-1.0,-1.0,-1.0,-1.0,-1.0,-1.0,-1.0,-1.0,-1.0,-1.0,-1.0,-1.0,-1.0,-1.0,-1.0,-1.0,-1.0,-1.0,-1.0,-1.0,-1.0,-1.0
-1.0,-1.0,-1.0,-1.0,-1.0,-1.0,-1.0,-1.0,-1.0,-1.0,-1.0,-1.0,-1.0,-1.0,-1.0,-1.0,-1.0,-1.0,-1.0,-1.0,-1.0,-1.0,-1.0,-1.0,-1.0,-1.0,-1.0,-1.0,-1.0,-1.0,-1.0,-1.0,-1.0,-1.0,-1.0,-1.0,-1.0,-1.0,-1.0,-1.0,-1.0,-1.0,-1.0,-1.0,-1.0,-1.0,-1.0,-1.0,-1.0,-1.0,-1.0,-1.0,-1.0,-1.0,-1.0,-1.0,-1.0,-1.0,-1.0,-1.0,-1.0,-1.0,-1.0,-1.0,-1.0,-1.0,-1.0,-1.0,-1.0,-1.0,-1.0,-1.0,-1.0,-1.0,-1.0,-1.0,-1.0,-1.0,-1.0,-1.0,-1.0,-1.0,-1.0,-1.0,-1.0,-1.0,-1.0,-1.0,-1.0,-1.0,-1.0,-1.0
-1.0,-1.0,-1.0,-1.0,-1.0,-1.0,-1.0,-1.0,-1.0,-1.0,-1.0,-1.0,-1.0,-1.0,-1.0,-1.0,-1.0,-1.0,-1.0,-1.0,-1.0,-1.0,-1.0,-1.0,-1.0,-1.0,-1.0,-1.0,-1.0,-1.0,-1.0,-1.0,-1.0,-1.0,-1.0,-1.0,-1.0,-1.0,-1.0,-1.0,-1.0,-1.0,-1.0,-1.0,-1.0,-1.0,-1.0,-1.0,-1.0,-1.0,-1.0,-1.0,-1.0,-1.0,-1.0,-1.0,-1.0,-1.0,-1.0,-1.0,-1.0,-1.0,-1.0,-1.0,-1.0,-1.0,-1.0,-1.0,-1.0,-1.0,-1.0,-1.0,-1.0,-1.0,-1.0,-1.0,-1.0,-1.0,-1.0,-1.0,-1.0,-1.0,-1.0,-1.0,-1.0,-1.0,-1.0,-1.0,-1.0,-1.0,-1.0,-1.0
-1.0,-1.0,-1.0,-1.0,-1.0,-1.0,-1.0,-1.0,-1.0,-1.0,-1.0,-1.0,-1.0,-1.0,-1.0,-1.0,-1.0,-1.0,-1.0,-1.0,-1.0,-1.0,1.0,-1.0,-1.0,-1.0,-1.0,-1.0,-1.0,-1.0,-1.0,-1.0,-1.0,-1.0,-1.0,-1.0,-1.0,-1.0,-1.0,-1.0,-1.0,-1.0,-1.0,-1.0,-1.0,-1.0,-1.0,-1.0,-1.0,-1.0,-1.0,-1.0,-1.0,-1.0,-1.0,-1.0,-1.0,-1.0,-1.0,-1.0,-1.0,-1.0,-1.0,-1.0,-1.0,-1.0,-1.0,-1.0,-1.0,-1.0,-1.0,-1.0,-1.0,-1.0,-1.0,-1.0,-1.0,-1.0,-1.0,-1.0,-1.0,-1.0,-1.0,-1.0,-1.0,-1.0,-1.0,-1.0,-1.0,-1.0,-1.0,-1.0
-1.0,-1.0,-1.0,-1.0,-1.0,-1.0,-1.0,-1.0,-1.0,-1.0,-1.0,-1.0,-1.0,-1.0,-1.0,-1.0,-1.0,-1.0,-1.0,-1.0,-1.0,-1.0,-1.0,-1.0,-1.0,-1.0,-1.0,-1.0,-1.0,-1.0,-1.0,-1.0,-1.0,-1.0,-1.0,-1.0,-1.0,-1.0,-1.0,-1.0,-1.0,-1.0,-1.0,-1.0,-1.0,-1.0,-1.0,-1.0,-1.0,-1.0,-1.0,-1.0,-1.0,-1.0,-1.0,-1.0,-1.0,-1.0,-1.0,-1.0,-1.0,-1.0,-1.0,-1.0,-1.0,-1.0,-1.0,-1.0,-1.0,-1.0,-1.0,-1.0,-1.0,-1.0,-1.0,-1.0,-1.0,-1.0,-1.0,-1.0,-1.0,-1.0,-1.0,-1.0,-1.0,-1.0,-1.0,-1.0,-1.0,-1.0,-1.0,-1.0
