-1.0,-1.0,-1.0,-1.0,1.0,1.0,1.0,1.0,1.0,1.0,1.0,1.0,1.0,1.0,1.0,1.0,1.0,1.0,1.0,-1.0,1.0,-1.0,1.0,1.0,1.0,1.0,1.0,-1.0,-1.0,-1.0,-1.0,1.0,-1.0,1.0,1.0,1.0,1.0,1.0,1.0,1.0,1.0,1.0,1.0,1.0,1.0,1.0,1.0,1.0,1.0,-1.0,-1.0,-1.0,-1.0,-1.0,-1.0,-1.0,-1.0,-1.0,-1.0,-1.0,-1.0,-1.0,-1.0,-1.0,-1.0,-1.0,-1.0,1.0,1.0,1.0,-1.0,1.0,-1.0,-1.0,-1.0,-1.0,-1.0,-1.0,-1.0,-1.0,1.0,-1.0,-1.0,-1.0,-1.0,-1.0,-1.0,-1.0,-1.0,-1.0,-1.0,-1.0,-1.0,-1.0,-1.0,-1.0,-1.0,-1.0,-1.0,1.0,1.0,1.0,1.0,1.0,1.0,1.0,-1.0,-1.0,1.0,-1.0,1.0,-1.0,1.0,-1.0,1.0,-1.0,1.0,1.0,1.0,-1.0,1.0,-1.0,1.0,-1.0,-1.0,1.0,1.0,1.0,1.0,1.0,1.0,1.0,1.0,1.0,1.0,1.0,-1.0,-1.0,-1.0,-1.0,-1.0,1.0,-1.0,-1.0,-1.0,-1.0,-1.0,-1.0,-1.0,-1.0,-1.0,-1.0,-1.0,-1.0,-1.0,-1.0,1.0,1.0,1.0,1.0,1.0,1.0,1.0,1.0,-1.0,-1.0,-1.0,1.0,1.0,1.0,-1.0,-1.0,-1.0,-1.0,1.0,1.0,1.0,1.0,1.0,1.0,1.0,1.0,1.0,1.0,-1.0,1.0,1.0,1.0,1.0,1.0,1.0,1.0,1.0,1.0,-1.0,1.0,1.0,1.0,1.0,1.0,1.0,1.0,1.0,1.0,-1.0,1.0,1.0,1.0,1.0,1.0,1.0,1.0,1.0,-1.0,1.0,-1.0,1.0,-1.0,1.0,-1.0,1.0,-1.0,-1.0,-1.0,-1.0,-1.0,-1.0,1.0,1.0,-1.0,-1.0,-1.0,-1.0,-1.0,-1.0,-1.0,-1.0,-1.0,-1.0,-1.0,-1.0,-1.0,-1.0,1.0,-1.0,1.0,-1.0,-1.0,-1.0,1.0,-1.0,-1.0,-1.0,-1.0,-1.0,-1.0,-1.0,-1.0,-1.0
-1.0,-1.0,-1.0,-1.0,-1.0,-1.0,-1.0,-1.0,-1.0,-1.0,-1.0,-1.0,-1.0,-1.0,-1.0,-1.0,-1.0,-1.0,-1.0,-1.0,-1.0,-1.0,-1.0,-1.0,-1.0,-1.0,-1.0,-1.0,-1.0,-1.0,-1.0,-1.0,-1.0,-1.0,-1.0,-1.0,-1.0,-1.0,-1.0,-1.0,-1.0,-1.0,-1.0,-1.0,-1.0,-1.0,-1.0,-1.0,-1.0,-1.0,-1.0,-1.0,-1.0,-1.0,-1.0,-1.0,-1.0,-1.0,-1.0,-1.0,-1.0,-1.0,-1.0,-1.0,-1.0,-1.0,-1.0,-1.0,-1.0,-1.0,-1.0,-1.0,-1.0,-1.0,-1.0,-1.0,-1.0,-1.0,-1.0,-1.0,-1.0,-1.0,-1.0,-1.0,-1.0,-1.0,-1.0,-1.0,-1.0,-1.0,-1.0,-1.0,-1.0,-1.0,-1.0,-1.0,-1.0,-1.0,-1.0,-1.0,-1.0,-1.0,-1.0,-1.0,-1.0,-1.0,-1.0,-1.0,-1.0,-1.0,-1.0,-1.0,-1.0,-1.0,-1.0,-1.0,-1.0,-1.0,-1.0,-1.0,-1.0,-1.0,-1.0,-1.0,-1.0,-1.0,-1.0,-1.0,-1.0,-1.0,-1.0,-1.0,-1.0,-1.0,-1.0,-1.0,-1.0,-1.0,-1.0,-1.0,-1.0,-1.0,-1.0,-1.0,-1.0,-1.0,-1.0,-1.0,-1.0,-1.0,-1.0,-1.0,-1.0,-1.0,-1.0,-1.0,-1.0,-1.0,-1.0,-1.0,-1.0,-1.0,-1.0,-1.0,-1.0,-1.0,-1.0,-1.0,-1.0,-1.0,-1.0,-1.0,-1.0,-1.0,-1.0,-1.0,-1.0,-1.0,-1.0,-1.0,-1.0,-1.0,-1.0,-1.0,-1.0,-1.0,-1.0,-1.0,-1.0,-1.0,-1.0,-1.0,-1.0,-1.0,-1.0,-1.0,-1.0,-1.0,-1.0,-1.0,-1.0,-1.0,-1.0,-1.0,-1.0,-1.0,-1.0,-1.0,-1.0,-1.0,-1.0,-1.0,-1.0,-1.0,-1.0,-1.0,-1.0,-1.0,-1.0,-1.0,-1.0,-1.0,-1.0,-1.0,-1.0,-1.0,-1.0,-1.0,-1.0,-1.0,-1.0,-1.0,-1.0,-1.0,-1.0,-1.0,-1.0,-1.0,-1.0,-1.0,-1.0,-1.0,-1.0,-1.0,-1.0,-1.0,-1.0,-1.0,-1.0,-1.0,-1.0,-1.0,-1.0,-1.0,-1.0,-1.0,-1.0,-1.0,-1.0
0.0,0.0,0.0,0.0,0.0,0.0,0.0,0.0,0.0,0.0,0.0,0.0,0.0,0.0,0.0,0.0,0.0,0.0,0.0,0.0,0.0,0.0,0.0,0.0,0.0,0.0,0.0,0.0,0.0,0.0,0.0,0.0,0.0,0.0,0.0,0.0,0.0,0.0,0.0,0.0,0.0,0.0,0.0,0.0,0.0,0.0,0.0,0.0,0.0,0.0,0.0,0.0,0.0,0.0,0.0,0.0,0.0,0.0,0.0,0.0,0.0,0.0,0.0,0.0,0.0,0.0,0.0,0.0,0.0,0.0,0.0,0.0,0.0,0.0,0.0,0.0,0.0,0.0,0.0,0.0,0.0,0.0,0.0,0.0,0.0,0.0,0.0,0.0,0.0,0.0,0.0,0.0,0.0,0.0,0.0,0.0,0.0,0.0,0.0,0.0,0.0,0.0,0.0,0.0,0.0,0.0,0.0,0.0,0.0,0.0,0.0,0.0,0.0,0.0,0.0,0.0,0.0,0.0,0.0,0.0,0.0,0.0,0.0,0.0,0.0,0.0,0.0,0.0,0.0,0.0,0.0,0.0,0.0,0.0,0.0,0.0,0.0,0.0,0.0,0.0,0.0,0.0,0.0,0.0,0.0,0.0,0.0,0.0,0.0,0.0,0.0,0.0,0.0,0.0,0.0,0.0,0.0,0.0,0.0,0.0,0.0,0.0,0.0,0.0,0.0,0.0,0.0,0.0,0.0,0.0,0.0,0.0,0.0,0.0,0.0,0.0,0.0,0.0,0.0,0.0,0.0,0.0,0.0,0.0,0.0,0.0,0.0,0.0,0.0,0.0,0.0,0.0,0.0,0.0,0.0,0.0,0.0,0.0,0.0,0.0,0.0,0.0,0.0,0.0,0.0,0.0,0.0,0.0,0.0,0.0,0.0,0.0,0.0,0.0,0.0,0.0,0.0,0.0,0.0,0.0,0.0,0.0,0.0,0.0,0.0,0.0,0.0,0.0,0.0,0.0,0.0,0.0,0.0,0.0,0.0,0.0,0.0,0.0,0.0,0.0,0.0,0.0,0.0,0.0,0.0,0.0,0.0,0.0,0.0,0.0,0.0,0.0,0.0,0.0,0.0,0.0,0.0,0.0,0.0
0.30918791307372295,0.30918791307372295,0.30918791307372295,0.30918791307372295,0.30918791307372295,0.30918791307372295,0.30918791307372295,0.30918791307372295,0.30918791307372295,0.30918791307372295,0.30918791307372295,0.30918791307372295,0.30918791307372295,0.30918791307372295,0.30918791307372295,0.30918791307372295,0.30918791307372295,0.30918791307372295,0.30918791307372295,0.30918791307372295,0.30918791307372295,0.30918791307372295,0.30918791307372295,0.30918791307372295,0.30918791307372295,0.30918791307372295,0.30918791307372295,0.30918791307372295,0.30918791307372295,0.30918791307372295,0.30918791307372295,0.30918791307372295,0.30918791307372295,0.30918791307372295,0.30918791307372295,0.30918791307372295,0.30918791307372295,0.30918791307372295,0.30918791307372295,0.30918791307372295,0.30918791307372295,0.30918791307372295,0.30918791307372295,0.30918791307372295,0.30918791307372295,0.30918791307372295,0.30918791307372295,0.30918791307372295,0.30918791307372295,0.30918791307372295,0.30918791307372295,0.30918791307372295,0.30918791307372295,0.30918791307372295,0.30918791307372295,0.30918791307372295,0.30918791307372295,0.30918791307372295,0.30918791307372295,0.30918791307372295,0.30918791307372295,0.30918791307372295,0.30918791307372295,0.30918791307372295,0.30918791307372295,0.30918791307372295,0.30918791307372295,0.30918791307372295,0.30918791307372295,0.30918791307372295,0.30918791307372295,0.30918791307372295,0.30918791307372295,0.30918791307372295,-3.234513096367228,0.30918791307372295,0.30918791307372295,0.30918791307372295,0.30918791307372295,0.30918791307372295,0.30918791307372295,0.30918791307372295,0.30918791307372295,0.30918791307372295,0.30918791307372295,0.30918791307372295,0.30918791307372295,-3.234513096367228,0.30918791307372295,0.30918791307372295,0.30918791307372295,0.30918791307372295,0.30918791307372295,0.30918791307372295,0.30918791307372295,0.30918791307372295,0.30918791307372295,0.30918791307372295,0.30918791307372295,0.30918791307372295,0.30918791307372295,0.30918791307372295,0.30918791307372295,0.30918791307372295,0.30918791307372295,0.30918791307372295,0.30918791307372295,0.30918791307372295,-3.234513096367228,0.30918791307372295,-3.234513096367228,0.30918791307372295,-3.234513096367228,0.30918791307372295,-3.234513096367228,0.30918791307372295,-3.234513096367228,0.30918791307372295,-3.234513096367228,0.30918791307372295,-3.234513096367228,0.30918791307372295,-3.234513096367228,0.30918791307372295,0.30918791307372295,0.30918791307372295,0.30918791307372295,0.30918791307372295,0.30918791307372295,0.30918791307372295,0.30918791307372295,0.30918791307372295,0.30918791307372295,0.30918791307372295,0.30918791307372295,0.30918791307372295,0.30918791307372295,0.30918791307372295,0.30918791307372295,0.30918791307372295,0.30918791307372295,0.30918791307372295,0.30918791307372295,0.30918791307372295,0.30918791307372295,0.30918791307372295,0.30918791307372295,0.30918791307372295,0.30918791307372295,0.30918791307372295,0.30918791307372295,0.30918791307372295,0.30918791307372295,0.30918791307372295,0.30918791307372295,0.30918791307372295,0.30918791307372295,0.30918791307372295,0.30918791307372295,0.30918791307372295,0.30918791307372295,0.30918791307372295,0.30918791307372295,0.30918791307372295,0.30918791307372295,0.30918791307372295,0.30918791307372295,0.30918791307372295,0.30918791307372295,0.30918791307372295,0.30918791307372295,0.30918791307372295,0.30918791307372295,0.30918791307372295,0.30918791307372295,0.30918791307372295,0.30918791307372295,0.30918791307372295,0.30918791307372295,0.30918791307372295,0.30918791307372295,0.30918791307372295,0.30918791307372295,0.30918791307372295,0.30918791307372295,0.30918791307372295,0.30918791307372295,0.30918791307372295,0.30918791307372295,0.30918791307372295,0.30918791307372295,0.30918791307372295,0.30918791307372295,0.30918791307372295,0.30918791307372295,0.30918791307372295,0.30918791307372295,0.30918791307372295,0.30918791307372295,0.30918791307372295,0.30918791307372295,0.30918791307372295,0.30918791307372295,0.30918791307372295,0.30918791307372295,0.30918791307372295,0.30918791307372295,0.30918791307372295,0.30918791307372295,0.30918791307372295,0.30918791307372295,0.30918791307372295,0.30918791307372295,0.30918791307372295,0.30918791307372295,0.30918791307372295,0.30918791307372295,0.30918791307372295,0.30918791307372295,0.30918791307372295,0.30918791307372295,0.30918791307372295,0.30918791307372295,0.30918791307372295,0.30918791307372295,0.30918791307372295,0.30918791307372295,0.30918791307372295,0.30918791307372295,0.30918791307372295,0.30918791307372295,0.30918791307372295,0.30918791307372295,0.30918791307372295,0.30918791307372295,0.30918791307372295,0.30918791307372295,0.30918791307372295,0.30918791307372295,0.30918791307372295,0.30918791307372295,0.30918791307372295,0.30918791307372295,-3.234513096367228,0.30918791307372295,-3.234513096367228,0.30918791307372295,-3.234513096367228,0.30918791307372295,-3.234513096367228,0.30918791307372295,0.30918791307372295,0.30918791307372295,0.30918791307372295,0.30918791307372295,0.30918791307372295,0.30918791307372295,0.30918791307372295,0.30918791307372295
-0.10149845550216545,0.5714726782873192,-0.3402387645907802,-1.2519502074688795,-1.2519502074688795,-1.2519502074688795,-0.6767243314855225,-1.2519502074688795,-1.2519502074688795,-1.2519502074688795,-1.2519502074688795,-1.2519502074688795,-0.3402387645907802,-1.2519502074688795,-1.2519502074688795,-1.2519502074688795,-0.6767243314855225,-1.2519502074688795,-1.2519502074688795,-0.3402387645907802,-1.2519502074688795,-1.2519502074688795,-1.2519502074688795,-0.6767243314855225,-0.6767243314855225,-1.2519502074688795,-0.6767243314855225,-0.6767243314855225,-1.2519502074688795,-0.3402387645907802,-1.2519502074688795,-1.2519502074688795,-0.6767243314855225,-0.3402387645907802,-0.6767243314855225,-1.2519502074688795,-1.2519502074688795,-1.2519502074688795,-1.2519502074688795,-1.2519502074688795,-1.2519502074688795,-1.2519502074688795,-0.6767243314855225,-1.2519502074688795,-1.2519502074688795,-1.2519502074688795,-1.2519502074688795,-1.2519502074688795,-1.2519502074688795,0.6589087908664282,-1.2519502074688795,-0.6767243314855225,-0.3402387645907802,-0.3402387645907802,-0.10149845550216545,-0.3402387645907802,-1.2519502074688795,0.9381388627512518,-1.2519502074688795,0.810212987375934,-1.2519502074688795,0.7380043757662827,-1.2519502074688795,0.8766384709224371,-1.2519502074688795,0.7380043757662827,-1.2519502074688795,-1.2519502074688795,-1.2519502074688795,-1.2519502074688795,-1.2519502074688795,-1.2519502074688795,-1.2519502074688795,-0.3402387645907802,0.0,-0.6767243314855225,-0.6767243314855225,1.0992641859387686,-1.2519502074688795,-0.6767243314855225,-0.6767243314855225,0.810212987375934,0.6589087908664282,0.7380043757662827,0.6589087908664282,1.6526141078838175,0.5714726782873192,0.0,1.3854388633592911,1.274624429645994,1.419316037235021,1.6526141078838175,1.513364738734609,0.9953943577611701,-0.3402387645907802,0.810212987375934,0.23498711139257678,-0.3402387645907802,1.146698554270676,-0.6767243314855225,-1.2519502074688795,-1.2519502074688795,-1.2519502074688795,-1.2519502074688795,-1.2519502074688795,-1.2519502074688795,-0.6767243314855225,-0.6767243314855225,0.0,-0.6767243314855225,0.0,-0.3402387645907802,0.0,-0.6767243314855225,0.0,-0.6767243314855225,0.0,-0.6767243314855225,0.0,-0.6767243314855225,0.0,-0.6767243314855225,0.0,-1.2519502074688795,-0.3402387645907802,-0.6767243314855225,-1.2519502074688795,-1.2519502074688795,-1.2519502074688795,-1.2519502074688795,-1.2519502074688795,-1.2519502074688795,-0.6767243314855225,0.5714726782873192,-0.6767243314855225,0.5714726782873192,-0.6767243314855225,-0.6767243314855225,-0.3402387645907802,0.4737274204811915,-0.6767243314855225,0.6589087908664282,0.4737274204811915,-0.6767243314855225,0.7380043757662827,0.4737274204811915,-0.6767243314855225,0.7380043757662827,-0.10149845550216545,0.6589087908664282,0.810212987375934,0.810212987375934,0.6589087908664282,0.7380043757662827,-0.6767243314855225,-0.10149845550216545,0.8766384709224371,0.8766384709224371,0.7380043757662827,0.7380043757662827,0.9953943577611701,0.9953943577611701,-0.6767243314855225,-1.2519502074688795,0.5714726782873192,-0.6767243314855225,-0.3402387645907802,1.234134666849785,1.234134666849785,-0.6767243314855225,-0.6767243314855225,-0.6767243314855225,0.6589087908664282,-1.2519502074688795,0.6589087908664282,-0.3402387645907802,-1.2519502074688795,-1.2519502074688795,-1.2519502074688795,-1.2519502074688795,-1.2519502074688795,-1.2519502074688795,-1.2519502074688795,-0.6767243314855225,-0.6767243314855225,-0.6767243314855225,-1.2519502074688795,-1.2519502074688795,-1.2519502074688795,-1.2519502074688795,-1.2519502074688795,-1.2519502074688795,-1.2519502074688795,-1.2519502074688795,-0.6767243314855225,-1.2519502074688795,-1.2519502074688795,-1.2519502074688795,-0.6767243314855225,-0.6767243314855225,-1.2519502074688795,-1.2519502074688795,-1.2519502074688795,-1.2519502074688795,-1.2519502074688795,-1.2519502074688795,-1.2519502074688795,-1.2519502074688795,-1.2519502074688795,-1.2519502074688795,-0.3402387645907802,-0.6767243314855225,-1.2519502074688795,-1.2519502074688795,-1.2519502074688795,-0.6767243314855225,-0.6767243314855225,-0.6767243314855225,-1.2519502074688795,-0.6767243314855225,-0.6767243314855225,-1.2519502074688795,-0.6767243314855225,-0.6767243314855225,-0.6767243314855225,-0.6767243314855225,-0.3402387645907802,-0.6767243314855225,-1.2519502074688795,-1.2519502074688795,-0.10149845550216545,-1.2519502074688795,-1.2519502074688795,-1.2519502074688795,-0.6767243314855225,-0.6767243314855225,-0.6767243314855225,-0.6767243314855225,-1.2519502074688795,-0.6767243314855225,-1.2519502074688795,-0.3402387645907802,0.36291298676789485,0.0,-0.3402387645907802,0.0,-1.2519502074688795,0.0,-0.3402387645907802,0.0,-1.2519502074688795,-0.10149845550216545,-0.6767243314855225,-0.3402387645907802,-1.2519502074688795,0.4737274204811915,0.23498711139257678,0.4737274204811915,-0.3402387645907802
-0.4775130935520587,0.04722599305560278,-0.4775130935520587,1.6214432528785871,-0.4775130935520587,0.04722599305560278,-1.0022521801597202,0.5719650796632643,1.6214432528785871,1.0967041662709258,4.245138685916894,1.0967041662709258,-0.4775130935520587,0.5719650796632643,0.04722599305560278,-0.4775130935520587,0.04722599305560278,0.04722599305560278,0.5719650796632643,-1.0022521801597202,0.5719650796632643,2.6709214260939103,2.6709214260939103,0.04722599305560278,1.6214432528785871,0.04722599305560278,0.5719650796632643,-1.0022521801597202,0.5719650796632643,-0.4775130935520587,0.5719650796632643,-0.4775130935520587,-1.0022521801597202,-1.0022521801597202,-0.4775130935520587,1.6214432528785871,1.0967041662709258,2.1461823394862485,1.6214432528785871,0.04722599305560278,-0.4775130935520587,-0.4775130935520587,-0.4775130935520587,1.6214432528785871,1.0967041662709258,2.1461823394862485,1.6214432528785871,0.04722599305560278,-0.4775130935520587,-0.4775130935520587,-1.0022521801597202,0.5719650796632643,0.04722599305560278,-0.4775130935520587,-0.4775130935520587,0.04722599305560278,-1.0022521801597202,-0.4775130935520587,-1.0022521801597202,0.04722599305560278,-1.0022521801597202,-0.4775130935520587,-1.0022521801597202,-1.0022521801597202,-1.0022521801597202,-0.4775130935520587,-0.4775130935520587,1.6214432528785871,0.04722599305560278,1.6214432528785871,1.0967041662709258,1.6214432528785871,0.5719650796632643,-0.4775130935520587,-1.0,-1.0022521801597202,0.5719650796632643,-1.0022521801597202,0.04722599305560278,-1.0022521801597202,0.04722599305560278,-0.4775130935520587,0.04722599305560278,-0.4775130935520587,0.04722599305560278,-0.4775130935520587,0.04722599305560278,-1.0,-0.4775130935520587,-0.4775130935520587,0.04722599305560278,-0.4775130935520587,0.04722599305560278,-1.0022521801597202,-1.0022521801597202,0.04722599305560278,0.5719650796632643,0.04722599305560278,0.04722599305560278,-0.4775130935520587,1.6214432528785871,1.0967041662709258,2.1461823394862485,1.6214432528785871,0.04722599305560278,-0.4775130935520587,0.04722599305560278,0.5719650796632643,-1.0,1.0967041662709258,-1.0,0.5719650796632643,-1.0,0.5719650796632643,-1.0,1.0967041662709258,-1.0,0.04722599305560278,-1.0,0.04722599305560278,-1.0,-0.4775130935520587,-1.0,1.0967041662709258,0.04722599305560278,-0.4775130935520587,1.6214432528785871,1.0967041662709258,2.1461823394862485,1.6214432528785871,0.04722599305560278,-0.4775130935520587,-0.4775130935520587,0.04722599305560278,-0.4775130935520587,0.04722599305560278,1.0967041662709258,0.04722599305560278,-1.0022521801597202,-0.4775130935520587,-1.0022521801597202,0.5719650796632643,-0.4775130935520587,-1.0022521801597202,-0.4775130935520587,-0.4775130935520587,-1.0022521801597202,-0.4775130935520587,-1.0022521801597202,-0.4775130935520587,-0.4775130935520587,0.04722599305560278,0.04722599305560278,-0.4775130935520587,-1.0022521801597202,-1.0022521801597202,-0.4775130935520587,-0.4775130935520587,0.04722599305560278,0.04722599305560278,0.04722599305560278,0.04722599305560278,-1.0022521801597202,0.04722599305560278,-0.4775130935520587,-1.0022521801597202,-0.4775130935520587,-0.4775130935520587,-0.4775130935520587,-1.0022521801597202,0.04722599305560278,-1.0022521801597202,0.04722599305560278,0.5719650796632643,0.5719650796632643,-1.0022521801597202,1.6214432528785871,1.0967041662709258,2.1461823394862485,1.6214432528785871,2.1461823394862485,0.04722599305560278,1.0967041662709258,1.6214432528785871,0.04722599305560278,-0.4775130935520587,-0.4775130935520587,1.6214432528785871,1.0967041662709258,2.1461823394862485,1.6214432528785871,2.1461823394862485,0.04722599305560278,1.0967041662709258,1.6214432528785871,-0.4775130935520587,-0.4775130935520587,0.04722599305560278,0.04722599305560278,-1.0022521801597202,0.04722599305560278,0.5719650796632643,0.5719650796632643,1.6214432528785871,0.04722599305560278,1.0967041662709258,0.5719650796632643,4.245138685916894,2.6709214260939103,1.0967041662709258,-0.4775130935520587,0.04722599305560278,0.5719650796632643,3.1956605127015716,0.04722599305560278,1.0967041662709258,1.6214432528785871,-0.4775130935520587,0.04722599305560278,1.0967041662709258,0.5719650796632643,2.1461823394862485,2.1461823394862485,0.5719650796632643,0.04722599305560278,1.0967041662709258,-1.0022521801597202,-0.4775130935520587,-0.4775130935520587,1.6214432528785871,-0.4775130935520587,1.6214432528785871,1.0967041662709258,-0.4775130935520587,-0.4775130935520587,-1.0022521801597202,0.5719650796632643,0.5719650796632643,2.1461823394862485,-0.4775130935520587,1.0967041662709258,0.5719650796632643,0.04722599305560278,-1.0,-1.0022521801597202,-1.0,1.0967041662709258,-1.0,-0.4775130935520587,-1.0,1.0967041662709258,-0.4775130935520587,-0.4775130935520587,0.04722599305560278,0.5719650796632643,-0.4775130935520587,0.04722599305560278,-0.4775130935520587,-1.0022521801597202
1.0,1.0,1.0,-1.0,-1.0,-1.0,-1.0,-1.0,-1.0,-1.0,-1.0,-1.0,-1.0,-1.0,-1.0,-1.0,-1.0,-1.0,-1.0,-1.0,-1.0,-1.0,-1.0,-1.0,-1.0,-1.0,-1.0,1.0,-1.0,1.0,-1.0,-1.0,-1.0,-1.0,1.0,-1.0,-1.0,-1.0,-1.0,-1.0,-1.0,-1.0,1.0,-1.0,-1.0,-1.0,-1.0,-1.0,-1.0,1.0,-1.0,-1.0,-1.0,1.0,-1.0,-1.0,-1.0,1.0,-1.0,1.0,-1.0,1.0,-1.0,1.0,-1.0,1.0,-1.0,-1.0,-1.0,-1.0,-1.0,-1.0,-1.0,-1.0,-1.0,-1.0,-1.0,1.0,-1.0,-1.0,-1.0,1.0,1.0,1.0,1.0,1.0,1.0,-1.0,1.0,1.0,1.0,1.0,1.0,1.0,-1.0,1.0,1.0,1.0,1.0,1.0,-1.0,-1.0,-1.0,-1.0,-1.0,-1.0,1.0,-1.0,-1.0,-1.0,-1.0,-1.0,-1.0,-1.0,-1.0,-1.0,-1.0,-1.0,-1.0,-1.0,-1.0,-1.0,-1.0,-1.0,1.0,1.0,-1.0,-1.0,-1.0,-1.0,-1.0,-1.0,-1.0,1.0,-1.0,1.0,-1.0,-1.0,1.0,1.0,-1.0,1.0,1.0,-1.0,1.0,1.0,-1.0,1.0,1.0,1.0,1.0,1.0,1.0,1.0,-1.0,1.0,1.0,1.0,1.0,1.0,1.0,1.0,-1.0,-1.0,1.0,-1.0,1.0,1.0,1.0,-1.0,-1.0,-1.0,1.0,-1.0,1.0,-1.0,-1.0,-1.0,-1.0,-1.0,-1.0,-1.0,-1.0,-1.0,-1.0,-1.0,-1.0,-1.0,-1.0,-1.0,-1.0,-1.0,-1.0,-1.0,-1.0,-1.0,-1.0,-1.0,-1.0,-1.0,-1.0,-1.0,-1.0,-1.0,-1.0,-1.0,-1.0,-1.0,-1.0,-1.0,-1.0,-1.0,-1.0,-1.0,-1.0,-1.0,-1.0,-1.0,-1.0,-1.0,-1.0,-1.0,-1.0,-1.0,-1.0,-1.0,-1.0,-1.0,-1.0,-1.0,1.0,-1.0,-1.0,-1.0,-1.0,-1.0,-1.0,-1.0,-1.0,-1.0,-1.0,-1.0,-1.0,-1.0,1.0,-1.0,-1.0,-1.0,-1.0,-1.0,-1.0,1.0,-1.0,-1.0,-1.0,1.0,1.0,1.0,1.0
1.0,-1.0,-1.0,-1.0,-1.0,-1.0,1.0,-1.0,-1.0,-1.0,-1.0,-1.0,-1.0,-1.0,-1.0,-1.0,-1.0,-1.0,-1.0,-1.0,-1.0,-1.0,-1.0,-1.0,-1.0,-1.0,-1.0,-1.0,-1.0,-1.0,-1.0,-1.0,-1.0,1.0,-1.0,-1.0,-1.0,-1.0,-1.0,-1.0,-1.0,-1.0,-1.0,-1.0,-1.0,-1.0,-1.0,-1.0,-1.0,-1.0,-1.0,1.0,-1.0,-1.0,-1.0,-1.0,-1.0,-1.0,-1.0,-1.0,-1.0,-1.0,-1.0,-1.0,-1.0,-1.0,-1.0,-1.0,-1.0,-1.0,-1.0,-1.0,-1.0,-1.0,-1.0,-1.0,-1.0,-1.0,-1.0,-1.0,-1.0,-1.0,-1.0,-1.0,-1.0,-1.0,-1.0,-1.0,-1.0,-1.0,-1.0,-1.0,-1.0,-1.0,1.0,-1.0,-1.0,-1.0,-1.0,-1.0,-1.0,-1.0,-1.0,-1.0,-1.0,-1.0,-1.0,-1.0,-1.0,-1.0,-1.0,-1.0,-1.0,-1.0,-1.0,-1.0,-1.0,-1.0,-1.0,-1.0,-1.0,-1.0,-1.0,-1.0,-1.0,-1.0,-1.0,-1.0,-1.0,-1.0,-1.0,-1.0,-1.0,-1.0,-1.0,-1.0,-1.0,-1.0,-1.0,-1.0,-1.0,-1.0,-1.0,-1.0,-1.0,-1.0,-1.0,-1.0,-1.0,-1.0,-1.0,-1.0,-1.0,-1.0,-1.0,1.0,-1.0,-1.0,-1.0,-1.0,-1.0,-1.0,-1.0,-1.0,-1.0,-1.0,-1.0,-1.0,-1.0,-1.0,-1.0,-1.0,-1.0,-1.0,-1.0,1.0,-1.0,-1.0,-1.0,-1.0,-1.0,-1.0,-1.0,-1.0,-1.0,-1.0,-1.0,-1.0,-1.0,-1.0,-1.0,-1.0,-1.0,-1.0,-1.0,-1.0,-1.0,-1.0,-1.0,1.0,-1.0,-1.0,-1.0,-1.0,-1.0,-1.0,-1.0,-1.0,-1.0,-1.0,-1.0,-1.0,-1.0,-1.0,-1.0,-1.0,-1.0,-1.0,-1.0,-1.0,-1.0,-1.0,-1.0,-1.0,-1.0,-1.0,-1.0,-1.0,-1.0,-1.0,-1.0,-1.0,-1.0,-1.0,-1.0,-1.0,-1.0,-1.0,-1.0,1.0,-1.0,-1.0,-1.0,-1.0,-1.0,-1.0,-1.0,-1.0,-1.0,-1.0,-1.0,-1.0,-1.0,-1.0,-1.0,-1.0,-1.0,-1.0,-1.0
-1.0,-1.0,-1.0,-1.0,-1.0,-1.0,-1.0,-1.0,-1.0,-1.0,-1.0,-1.0,-1.0,-1.0,-1.0,-1.0,-1.0,-1.0,-1.0,-1.0,-1.0,-1.0,-1.0,-1.0,-1.0,-1.0,-1.0,-1.0,-1.0,-1.0,-1.0,-1.0,-1.0,-1.0,-1.0,-1.0,-1.0,-1.0,-1.0,-1.0,-1.0,-1.0,-1.0,-1.0,-1.0,-1.0,-1.0,-1.0,-1.0,-1.0,-1.0,-1.0,-1.0,-1.0,-1.0,-1.0,-1.0,-1.0,-1.0,-1.0,-1.0,-1.0,-1.0,-1.0,-1.0,-1.0,-1.0,-1.0,-1.0,-1.0,-1.0,-1.0,-1.0,-1.0,-1.0,-1.0,-1.0,-1.0,-1.0,-1.0,-1.0,-1.0,-1.0,-1.0,-1.0,-1.0,-1.0,-1.0,-1.0,-1.0,-1.0,-1.0,-1.0,-1.0,-1.0,-1.0,-1.0,-1.0,-1.0,-1.0,-1.0,-1.0,-1.0,-1.0,-1.0,-1.0,-1.0,-1.0,-1.0,-1.0,-1.0,-1.0,-1.0,-1.0,-1.0,-1.0,-1.0,-1.0,-1.0,-1.0,-1.0,-1.0,-1.0,-1.0,-1.0,-1.0,-1.0,-1.0,-1.0,-1.0,-1.0,-1.0,-1.0,-1.0,-1.0,-1.0,-1.0,-1.0,-1.0,-1.0,-1.0,-1.0,-1.0,-1.0,-1.0,-1.0,-1.0,-1.0,-1.0,-1.0,-1.0,-1.0,-1.0,-1.0,-1.0,-1.0,-1.0,-1.0,-1.0,-1.0,-1.0,-1.0,-1.0,-1.0,-1.0,-1.0,-1.0,-1.0,-1.0,-1.0,-1.0,-1.0,-1.0,-1.0,-1.0,-1.0,-1.0,-1.0,-1.0,-1.0,-1.0,-1.0,-1.0,-1.0,-1.0,-1.0,-1.0,-1.0,-1.0,-1.0,-1.0,-1.0,-1.0,-1.0,-1.0,-1.0,-1.0,-1.0,-1.0,-1.0,-1.0,-1.0,-1.0,-1.0,-1.0,-1.0,-1.0,-1.0,-1.0,-1.0,-1.0,-1.0,-1.0,-1.0,-1.0,-1.0,-1.0,-1.0,-1.0,-1.0,-1.0,-1.0,-1.0,-1.0,-1.0,-1.0,-1.0,-1.0,-1.0,-1.0,-1.0,-1.0,-1.0,-1.0,-1.0,-1.0,-1.0,-1.0,-1.0,-1.0,-1.0,-1.0,-1.0,-1.0,-1.0,-1.0,-1.0,-1.0,-1.0,-1.0,-1.0,-1.0,-1.0,-1.0,-1.0,-1.0,-1.0,-1.0,-1.0
-0.8109875735775016,-0.9926604171208488,-0.2659690429474603,-2.446043165467626,-2.446043165467626,-2.446043165467626,-2.446043165467626,-2.446043165467626,-2.446043165467626,-2.446043165467626,-2.446043165467626,-2.446043165467626,-2.446043165467626,-2.446043165467626,-2.446043165467626,-2.446043165467626,-2.446043165467626,-2.446043165467626,-2.446043165467626,-2.446043165467626,-2.446043165467626,-2.446043165467626,-2.446043165467626,-2.446043165467626,-2.446043165467626,-2.446043165467626,-2.446043165467626,0.8240680183126226,-2.446043165467626,-0.2659690429474603,-2.446043165467626,-2.446043165467626,-2.446043165467626,-2.446043165467626,0.8240680183126226,-2.446043165467626,-2.446043165467626,-2.446043165467626,-2.446043165467626,-2.446043165467626,-2.446043165467626,-2.446043165467626,0.8240680183126226,-2.446043165467626,-2.446043165467626,-2.446043165467626,-2.446043165467626,-2.446043165467626,-2.446043165467626,-1.1379986919555263,-2.446043165467626,-2.446043165467626,-2.446043165467626,-0.2659690429474603,-2.446043165467626,-2.446043165467626,-2.446043165467626,-0.577408203307484,-2.446043165467626,-1.356006104207543,-2.446043165467626,-1.8514774956893987,-2.446043165467626,-0.4336670523720882,-2.446043165467626,-0.662346156132945,-2.446043165467626,-2.446043165467626,-2.446043165467626,-2.446043165467626,-2.446043165467626,-2.446043165467626,-2.446043165467626,-2.446043165467626,0.0,-2.446043165467626,-2.446043165467626,-0.13772938868156795,-2.446043165467626,-2.446043165467626,-2.446043165467626,-0.2659690429474603,-1.1379986919555263,-1.8514774956893987,-1.1379986919555263,-1.1379986919555263,-0.2659690429474603,0.0,-0.5384783082624808,-0.577408203307484,-1.3996075866579463,-0.4022236756049705,-0.343828833037466,-0.2659690429474603,-2.446043165467626,0.2790494876825813,-1.356006104207543,-0.2659690429474603,0.46072233122592815,0.8240680183126226,-2.446043165467626,-2.446043165467626,-2.446043165467626,-2.446043165467626,-2.446043165467626,-2.446043165467626,0.8240680183126226,-2.446043165467626,0.0,-2.446043165467626,0.0,-2.446043165467626,0.0,-2.446043165467626,0.0,-2.446043165467626,0.0,-2.446043165467626,0.0,-2.446043165467626,0.0,-2.446043165467626,0.0,-2.446043165467626,-0.2659690429474603,0.8240680183126226,-2.446043165467626,-2.446043165467626,-2.446043165467626,-2.446043165467626,-2.446043165467626,-2.446043165467626,-2.446043165467626,-1.7193517912942373,-2.446043165467626,-1.7193517912942373,-2.446043165467626,-2.446043165467626,-0.2659690429474603,-0.8109875735775016,-2.446043165467626,-1.7920209287115763,-0.8109875735775016,-2.446043165467626,-1.2569118259111718,-0.8109875735775016,-2.446043165467626,-0.662346156132945,0.8240680183126226,-1.1379986919555263,0.2790494876825813,-1.356006104207543,-1.7920209287115763,-1.2569118259111718,-2.446043165467626,-0.8109875735775016,-1.9429491371937413,-1.9429491371937413,-1.8514774956893987,-1.8514774956893987,-1.1379986919555263,-1.1379986919555263,-2.446043165467626,-2.446043165467626,-0.2659690429474603,-2.446043165467626,-0.2659690429474603,-1.7920209287115763,-1.7920209287115763,-2.446043165467626,-2.446043165467626,-2.446043165467626,-1.7920209287115763,-2.446043165467626,-1.7920209287115763,-2.446043165467626,-2.446043165467626,-2.446043165467626,-2.446043165467626,-2.446043165467626,-2.446043165467626,-2.446043165467626,-2.446043165467626,-2.446043165467626,-2.446043165467626,-2.446043165467626,-2.446043165467626,-2.446043165467626,-2.446043165467626,-2.446043165467626,-2.446043165467626,-2.446043165467626,-2.446043165467626,-2.446043165467626,-2.446043165467626,-2.446043165467626,-2.446043165467626,-2.446043165467626,-2.446043165467626,-2.446043165467626,-2.446043165467626,-2.446043165467626,-2.446043165467626,-2.446043165467626,-2.446043165467626,-2.446043165467626,-2.446043165467626,-2.446043165467626,-2.446043165467626,-2.446043165467626,-2.446043165467626,-2.446043165467626,-2.446043165467626,-2.446043165467626,-2.446043165467626,-2.446043165467626,-2.446043165467626,-2.446043165467626,-2.446043165467626,-2.446043165467626,-2.446043165467626,-2.446043165467626,-2.446043165467626,-2.446043165467626,-2.446043165467626,-2.446043165467626,-2.446043165467626,-2.446043165467626,-2.446043165467626,-2.446043165467626,0.8240680183126226,-2.446043165467626,-2.446043165467626,-2.446043165467626,-2.446043165467626,-2.446043165467626,-2.446043165467626,-2.446043165467626,-2.446043165467626,-2.446043165467626,-2.446043165467626,-2.446043165467626,-2.446043165467626,0.0,-0.2659690429474603,0.0,-2.446043165467626,0.0,-2.446043165467626,0.0,-2.446043165467626,-0.8109875735775016,-2.446043165467626,-2.446043165467626,-2.446043165467626,0.006540222367560503,-1.356006104207543,-0.8109875735775016,-0.2659690429474603
-0.3722746267518522,0.6116316105355352,-0.6425382111868007,-0.8379914509840762,-0.8379914509840762,-0.8379914509840762,-0.8379914509840762,-0.8379914509840762,-0.8379914509840762,-0.8379914509840762,-0.7769746277781607,-0.8379914509840762,-0.5819073491100745,-0.8379914509840762,-0.8379914509840762,-0.8379914509840762,-0.8379914509840762,-0.8379914509840762,-0.8379914509840762,-0.8379914509840762,-0.8379914509840762,-0.8379914509840762,-0.8379914509840762,-0.8379914509840762,-0.5249534087498556,-0.8379914509840762,-0.7769746277781607,-0.8379914509840762,-0.8379914509840762,-0.7073537229411824,-0.8379914509840762,-0.8379914509840762,-0.8379914509840762,-0.7769746277781607,-0.8379914509840762,-0.8379914509840762,-0.8379914509840762,-0.8379914509840762,-0.8379914509840762,-0.8379914509840762,-0.8379914509840762,-0.8379914509840762,-0.8379914509840762,-0.8379914509840762,-0.8379914509840762,-0.8379914509840762,-0.8379914509840762,-0.8379914509840762,-0.8379914509840762,0.5950037021326975,-0.8379914509840762,-0.7769746277781607,-0.42046223010339584,-0.5819073491100745,-0.42046223010339584,-0.471255805443032,-0.8379914509840762,0.9062979253977095,-0.8379914509840762,0.8568416489305937,-0.8379914509840762,0.7056552457997395,-0.8379914509840762,0.8046364244909198,-0.8379914509840762,0.6440297279399877,-0.8379914509840762,-0.8379914509840762,-0.8379914509840762,-0.8379914509840762,-0.8379914509840762,-0.8379914509840762,-0.8379914509840762,-0.5249534087498556,-0.8379914509840762,-0.8379914509840762,-0.7769746277781607,0.9646677700188816,-0.8379914509840762,-0.8379914509840762,-0.8379914509840762,0.8179622124489789,0.7493585814518534,0.7634859499187053,0.7056552457997395,1.7955797905576363,0.6116316105355352,-0.8379914509840762,1.4625016584885797,1.3493482430384722,1.5514351232272507,1.9803654469444316,1.6382154512191858,0.8046364244909198,-0.5819073491100745,0.8568416489305937,0.41020376390539265,-0.3722746267518522,1.229254888245025,-0.8379914509840762,-0.8379914509840762,-0.8379914509840762,-0.8379914509840762,-0.8379914509840762,-0.8379914509840762,-0.8379914509840762,-0.8379914509840762,-0.7073537229411824,-0.8379914509840762,-0.6425382111868007,-0.8379914509840762,-0.3264385948391911,-0.8379914509840762,-0.7769746277781607,-0.8379914509840762,-0.6425382111868007,-0.8379914509840762,-0.8379914509840762,-0.8379914509840762,-0.8379914509840762,-0.8379914509840762,-0.8379914509840762,-0.8379914509840762,-0.8379914509840762,-0.42046223010339584,-0.8379914509840762,-0.8379914509840762,-0.8379914509840762,-0.8379914509840762,-0.8379914509840762,-0.8379914509840762,-0.8379914509840762,-0.8379914509840762,0.6116316105355352,-0.8379914509840762,0.6116316105355352,-0.6425382111868007,-0.8379914509840762,-0.7769746277781607,0.27890408578508746,-0.8379914509840762,0.8179622124489789,0.27890408578508746,-0.8379914509840762,0.6440297279399877,0.27890408578508746,-0.8379914509840762,0.6906236883320888,-0.5819073491100745,0.6440297279399877,0.7493585814518534,0.8311016196308474,0.6906236883320888,0.6598192138870784,-0.8379914509840762,-0.6425382111868007,0.8046364244909198,0.8046364244909198,0.8046364244909198,0.8046364244909198,1.07153881643408,1.07153881643408,-0.8379914509840762,-0.8379914509840762,0.4885368081433098,-0.8379914509840762,-0.7073537229411824,1.3031363550298556,1.3031363550298556,-0.8379914509840762,-0.8379914509840762,-0.8379914509840762,0.7204500759638045,-0.8379914509840762,0.8179622124489789,-0.7769746277781607,-0.8379914509840762,-0.8379914509840762,-0.8379914509840762,-0.8379914509840762,-0.8379914509840762,-0.8379914509840762,-0.8379914509840762,-0.5249534087498556,-0.8379914509840762,-0.8379914509840762,-0.8379914509840762,-0.8379914509840762,-0.8379914509840762,-0.8379914509840762,-0.8379914509840762,-0.8379914509840762,-0.8379914509840762,-0.8379914509840762,-0.42046223010339584,-0.8379914509840762,-0.8379914509840762,-0.8379914509840762,-0.8379914509840762,-0.8379914509840762,-0.8379914509840762,-0.8379914509840762,-0.8379914509840762,-0.8379914509840762,-0.8379914509840762,-0.8379914509840762,-0.8379914509840762,-0.7769746277781607,-0.8379914509840762,-0.8379914509840762,-0.5819073491100745,-0.8379914509840762,-0.8379914509840762,-0.8379914509840762,-0.8379914509840762,-0.471255805443032,-0.5249534087498556,-0.8379914509840762,-0.8379914509840762,-0.6425382111868007,-0.7769746277781607,-0.8379914509840762,-0.42046223010339584,-0.7769746277781607,-0.8379914509840762,-0.5819073491100745,-0.7073537229411824,-0.8379914509840762,-0.8379914509840762,-0.8379914509840762,-0.3264385948391911,-0.8379914509840762,-0.8379914509840762,-0.8379914509840762,-0.8379914509840762,-0.8379914509840762,-0.7769746277781607,-0.7073537229411824,-0.8379914509840762,-0.8379914509840762,-0.8379914509840762,-0.3722746267518522,0.38955562945212996,-0.8379914509840762,-0.8379914509840762,-0.8379914509840762,-0.8379914509840762,-0.8379914509840762,-0.6425382111868007,-0.8379914509840762,-0.8379914509840762,-0.3264385948391911,-0.8379914509840762,-0.471255805443032,-0.8379914509840762,0.4304078178496487,0.17992290709390768,0.38955562945212996,-0.7769746277781607
-1.0,1.0,-1.0,-1.0,-1.0,-1.0,-1.0,-1.0,-1.0,-1.0,-1.0,-1.0,-1.0,-1.0,-1.0,-1.0,-1.0,-1.0,-1.0,-1.0,-1.0,-1.0,-1.0,-1.0,-1.0,-1.0,-1.0,-1.0,-1.0,-1.0,-1.0,-1.0,-1.0,-1.0,1.0,-1.0,-1.0,-1.0,-1.0,-1.0,-1.0,-1.0,1.0,-1.0,-1.0,-1.0,-1.0,-1.0,-1.0,-1.0,-1.0,-1.0,-1.0,-1.0,-1.0,-1.0,-1.0,-1.0,-1.0,-1.0,-1.0,1.0,-1.0,1.0,-1.0,-1.0,-1.0,-1.0,-1.0,-1.0,-1.0,-1.0,-1.0,1.0,-1.0,1.0,-1.0,1.0,-1.0,1.0,-1.0,1.0,-1.0,1.0,-1.0,-1.0,-1.0,1.0,1.0,1.0,1.0,1.0,1.0,-1.0,1.0,1.0,-1.0,1.0,1.0,1.0,-1.0,-1.0,-1.0,-1.0,-1.0,-1.0,-1.0,-1.0,1.0,-1.0,1.0,-1.0,1.0,-1.0,1.0,-1.0,1.0,-1.0,1.0,-1.0,1.0,-1.0,1.0,-1.0,1.0,1.0,-1.0,-1.0,-1.0,-1.0,-1.0,-1.0,-1.0,-1.0,-1.0,-1.0,-1.0,-1.0,1.0,1.0,1.0,-1.0,1.0,1.0,-1.0,1.0,1.0,-1.0,-1.0,-1.0,1.0,-1.0,-1.0,1.0,-1.0,-1.0,-1.0,-1.0,-1.0,-1.0,-1.0,-1.0,-1.0,-1.0,1.0,-1.0,-1.0,1.0,1.0,-1.0,-1.0,-1.0,-1.0,-1.0,-1.0,-1.0,-1.0,-1.0,-1.0,-1.0,-1.0,-1.0,-1.0,-1.0,-1.0,-1.0,-1.0,-1.0,-1.0,-1.0,-1.0,-1.0,-1.0,-1.0,-1.0,-1.0,-1.0,-1.0,-1.0,-1.0,-1.0,-1.0,-1.0,-1.0,-1.0,-1.0,-1.0,-1.0,-1.0,-1.0,-1.0,-1.0,-1.0,-1.0,-1.0,-1.0,-1.0,-1.0,-1.0,-1.0,-1.0,-1.0,-1.0,-1.0,-1.0,-1.0,-1.0,-1.0,-1.0,-1.0,-1.0,-1.0,-1.0,-1.0,-1.0,-1.0,-1.0,-1.0,-1.0,-1.0,-1.0,-1.0,1.0,-1.0,-1.0,-1.0,-1.0,-1.0,-1.0,-1.0,-1.0,-1.0,-1.0,-1.0,-1.0,1.0,1.0,1.0,-1.0
-0.16989594669116745,4.7276522427342424,-0.16989594669116745,-0.16989594669116745,-0.16989594669116745,-0.16989594669116745,-0.16989594669116745,-0.16989594669116745,-0.16989594669116745,-0.16989594669116745,-0.16989594669116745,-0.16989594669116745,-0.16989594669116745,-0.16989594669116745,-0.16989594669116745,-0.16989594669116745,-0.16989594669116745,-0.16989594669116745,-0.16989594669116745,-0.16989594669116745,-0.16989594669116745,-0.16989594669116745,-0.16989594669116745,-0.16989594669116745,-0.16989594669116745,-0.16989594669116745,-0.16989594669116745,-0.16989594669116745,-0.16989594669116745,-0.16989594669116745,-0.16989594669116745,-0.16989594669116745,-0.16989594669116745,-0.16989594669116745,2.2788781480215374,-0.16989594669116745,-0.16989594669116745,-0.16989594669116745,-0.16989594669116745,-0.16989594669116745,-0.16989594669116745,-0.16989594669116745,2.2788781480215374,-0.16989594669116745,-0.16989594669116745,-0.16989594669116745,-0.16989594669116745,-0.16989594669116745,-0.16989594669116745,-0.16989594669116745,-0.16989594669116745,-0.16989594669116745,-0.16989594669116745,-0.16989594669116745,-0.16989594669116745,-0.16989594669116745,-0.16989594669116745,-0.16989594669116745,-0.16989594669116745,-0.16989594669116745,-0.16989594669116745,2.2788781480215374,-0.16989594669116745,4.7276522427342424,-0.16989594669116745,-0.16989594669116745,-0.16989594669116745,-0.16989594669116745,-0.16989594669116745,-0.16989594669116745,-0.16989594669116745,-0.16989594669116745,-0.16989594669116745,2.2788781480215374,-0.16989594669116745,2.2788781480215374,-0.16989594669116745,2.2788781480215374,-0.16989594669116745,2.2788781480215374,-0.16989594669116745,2.2788781480215374,-0.16989594669116745,2.2788781480215374,-0.16989594669116745,-0.16989594669116745,-0.16989594669116745,2.2788781480215374,2.2788781480215374,4.7276522427342424,2.2788781480215374,12.073974526872357,2.2788781480215374,-0.16989594669116745,7.176426337446948,2.2788781480215374,-0.16989594669116745,4.7276522427342424,2.2788781480215374,2.2788781480215374,-0.16989594669116745,-0.16989594669116745,-0.16989594669116745,-0.16989594669116745,-0.16989594669116745,-0.16989594669116745,-0.16989594669116745,-0.16989594669116745,2.2788781480215374,-0.16989594669116745,2.2788781480215374,-0.16989594669116745,2.2788781480215374,-0.16989594669116745,2.2788781480215374,-0.16989594669116745,2.2788781480215374,-0.16989594669116745,2.2788781480215374,-0.16989594669116745,2.2788781480215374,-0.16989594669116745,2.2788781480215374,-0.16989594669116745,2.2788781480215374,2.2788781480215374,-0.16989594669116745,-0.16989594669116745,-0.16989594669116745,-0.16989594669116745,-0.16989594669116745,-0.16989594669116745,-0.16989594669116745,-0.16989594669116745,-0.16989594669116745,-0.16989594669116745,-0.16989594669116745,-0.16989594669116745,2.2788781480215374,4.7276522427342424,2.2788781480215374,-0.16989594669116745,4.7276522427342424,2.2788781480215374,-0.16989594669116745,4.7276522427342424,2.2788781480215374,-0.16989594669116745,-0.16989594669116745,-0.16989594669116745,2.2788781480215374,-0.16989594669116745,-0.16989594669116745,2.2788781480215374,-0.16989594669116745,-0.16989594669116745,-0.16989594669116745,-0.16989594669116745,-0.16989594669116745,-0.16989594669116745,-0.16989594669116745,-0.16989594669116745,-0.16989594669116745,-0.16989594669116745,2.2788781480215374,-0.16989594669116745,-0.16989594669116745,2.2788781480215374,2.2788781480215374,-0.16989594669116745,-0.16989594669116745,-0.16989594669116745,-0.16989594669116745,-0.16989594669116745,-0.16989594669116745,-0.16989594669116745,-0.16989594669116745,-0.16989594669116745,-0.16989594669116745,-0.16989594669116745,-0.16989594669116745,-0.16989594669116745,-0.16989594669116745,-0.16989594669116745,-0.16989594669116745,-0.16989594669116745,-0.16989594669116745,-0.16989594669116745,-0.16989594669116745,-0.16989594669116745,-0.16989594669116745,-0.16989594669116745,-0.16989594669116745,-0.16989594669116745,-0.16989594669116745,-0.16989594669116745,-0.16989594669116745,-0.16989594669116745,-0.16989594669116745,-0.16989594669116745,-0.16989594669116745,-0.16989594669116745,-0.16989594669116745,-0.16989594669116745,-0.16989594669116745,-0.16989594669116745,-0.16989594669116745,-0.16989594669116745,-0.16989594669116745,-0.16989594669116745,-0.16989594669116745,-0.16989594669116745,-0.16989594669116745,-0.16989594669116745,-0.16989594669116745,-0.16989594669116745,-0.16989594669116745,-0.16989594669116745,-0.16989594669116745,-0.16989594669116745,-0.16989594669116745,-0.16989594669116745,-0.16989594669116745,-0.16989594669116745,-0.16989594669116745,-0.16989594669116745,-0.16989594669116745,-0.16989594669116745,-0.16989594669116745,-0.16989594669116745,-0.16989594669116745,-0.16989594669116745,-0.16989594669116745,-0.16989594669116745,-0.16989594669116745,-0.16989594669116745,-0.16989594669116745,-0.16989594669116745,-0.16989594669116745,-0.16989594669116745,-0.16989594669116745,-0.16989594669116745,4.7276522427342424,-0.16989594669116745,-0.16989594669116745,-0.16989594669116745,-0.16989594669116745,-0.16989594669116745,-0.16989594669116745,-0.16989594669116745,-0.16989594669116745,-0.16989594669116745,-0.16989594669116745,-0.16989594669116745,-0.16989594669116745,2.2788781480215374,2.2788781480215374,4.7276522427342424,-0.16989594669116745
0.0,-0.018780700201000446,0.0,0.0,0.0,0.0,0.0,0.0,0.0,0.0,0.0,0.0,0.0,0.0,0.0,0.0,0.0,0.0,0.0,0.0,0.0,0.0,0.0,0.0,0.0,0.0,0.0,0.0,0.0,0.0,0.0,0.0,0.0,0.0,1.383949894750324,0.0,0.0,0.0,0.0,0.0,0.0,0.0,1.383949894750324,0.0,0.0,0.0,0.0,0.0,0.0,0.0,0.0,0.0,0.0,0.0,0.0,0.0,0.0,0.0,0.0,0.0,0.0,-1.0917363902447395,0.0,-0.3578572530666546,0.0,0.0,0.0,0.0,0.0,0.0,0.0,0.0,0.0,0.8339954241787803,0.0,1.383949894750324,0.0,-1.0917363902447395,0.0,1.383949894750324,0.0,-1.0917363902447395,0.0,-1.0917363902447395,0.0,0.0,0.0,1.383949894750324,-1.0917363902447395,-1.0917363902447395,-1.0917363902447395,-1.0489208753293875,-1.0917363902447395,0.0,1.383949894750324,-1.0917363902447395,0.0,1.383949894750324,-1.0917363902447395,1.383949894750324,0.0,0.0,0.0,0.0,0.0,0.0,0.0,0.0,1.383949894750324,0.0,1.383949894750324,0.0,1.383949894750324,0.0,1.383949894750324,0.0,1.383949894750324,0.0,1.383949894750324,0.0,1.383949894750324,0.0,1.383949894750324,0.0,0.650422237923948,1.383949894750324,0.0,0.0,0.0,0.0,0.0,0.0,0.0,0.0,0.0,0.0,0.0,0.0,1.2767537390924786,0.5657648343056333,1.383949894750324,0.0,0.5657648343056333,1.383949894750324,0.0,0.5657648343056333,1.383949894750324,0.0,0.0,0.0,-1.0917363902447395,0.0,0.0,-1.0917363902447395,0.0,0.0,0.0,0.0,0.0,0.0,0.0,0.0,0.0,0.0,-0.9465340976736566,0.0,0.0,-1.0917363902447395,-1.0917363902447395,0.0,0.0,0.0,0.0,0.0,0.0,0.0,0.0,0.0,0.0,0.0,0.0,0.0,0.0,0.0,0.0,0.0,0.0,0.0,0.0,0.0,0.0,0.0,0.0,0.0,0.0,0.0,0.0,0.0,0.0,0.0,0.0,0.0,0.0,0.0,0.0,0.0,0.0,0.0,0.0,0.0,0.0,0.0,0.0,0.0,0.0,0.0,0.0,0.0,0.0,0.0,0.0,0.0,0.0,0.0,0.0,0.0,0.0,0.0,0.0,0.0,0.0,0.0,0.0,0.0,0.0,0.0,0.0,0.0,0.0,0.0,0.0,0.0,0.3713689369859047,0.0,0.0,0.0,0.0,0.0,0.0,0.0,0.0,0.0,0.0,0.0,0.0,-0.8444113720980554,-0.4043520888951437,0.3713689369859047,0.0
-0.5077224524862195,-0.5077224524862195,-0.5077224524862195,-0.5077224524862195,-0.5077224524862195,-0.5077224524862195,-0.5077224524862195,-0.5077224524862195,-0.5077224524862195,-0.5077224524862195,-0.5077224524862195,-0.5077224524862195,-0.5077224524862195,-0.5077224524862195,-0.5077224524862195,-0.5077224524862195,-0.5077224524862195,-0.5077224524862195,-0.5077224524862195,1.969566382794139,-0.5077224524862195,-0.5077224524862195,-0.5077224524862195,-0.5077224524862195,-0.5077224524862195,-0.5077224524862195,-0.5077224524862195,-0.5077224524862195,-0.5077224524862195,-0.5077224524862195,-0.5077224524862195,-0.5077224524862195,-0.5077224524862195,-0.5077224524862195,-0.5077224524862195,-0.5077224524862195,-0.5077224524862195,-0.5077224524862195,-0.5077224524862195,-0.5077224524862195,-0.5077224524862195,-0.5077224524862195,-0.5077224524862195,-0.5077224524862195,-0.5077224524862195,-0.5077224524862195,-0.5077224524862195,-0.5077224524862195,-0.5077224524862195,-0.5077224524862195,-0.5077224524862195,-0.5077224524862195,-0.5077224524862195,-0.5077224524862195,-0.5077224524862195,-0.5077224524862195,1.969566382794139,-0.5077224524862195,1.969566382794139,-0.5077224524862195,1.969566382794139,-0.5077224524862195,1.969566382794139,-0.5077224524862195,1.969566382794139,-0.5077224524862195,-0.5077224524862195,-0.5077224524862195,-0.5077224524862195,-0.5077224524862195,-0.5077224524862195,-0.5077224524862195,-0.5077224524862195,1.969566382794139,-0.5077224524862195,1.969566382794139,-0.5077224524862195,1.969566382794139,-0.5077224524862195,-0.5077224524862195,-0.5077224524862195,-0.5077224524862195,-0.5077224524862195,-0.5077224524862195,-0.5077224524862195,-0.5077224524862195,-0.5077224524862195,-0.5077224524862195,-0.5077224524862195,-0.5077224524862195,-0.5077224524862195,1.969566382794139,-0.5077224524862195,-0.5077224524862195,1.969566382794139,-0.5077224524862195,-0.5077224524862195,-0.5077224524862195,-0.5077224524862195,-0.5077224524862195,-0.5077224524862195,-0.5077224524862195,-0.5077224524862195,-0.5077224524862195,-0.5077224524862195,-0.5077224524862195,-0.5077224524862195,-0.5077224524862195,-0.5077224524862195,-0.5077224524862195,-0.5077224524862195,-0.5077224524862195,-0.5077224524862195,-0.5077224524862195,-0.5077224524862195,-0.5077224524862195,-0.5077224524862195,-0.5077224524862195,-0.5077224524862195,-0.5077224524862195,-0.5077224524862195,-0.5077224524862195,-0.5077224524862195,-0.5077224524862195,-0.5077224524862195,-0.5077224524862195,-0.5077224524862195,-0.5077224524862195,-0.5077224524862195,-0.5077224524862195,-0.5077224524862195,-0.5077224524862195,-0.5077224524862195,1.969566382794139,-0.5077224524862195,1.969566382794139,-0.5077224524862195,-0.5077224524862195,-0.5077224524862195,1.969566382794139,1.969566382794139,-0.5077224524862195,1.969566382794139,1.969566382794139,-0.5077224524862195,1.969566382794139,1.969566382794139,-0.5077224524862195,-0.5077224524862195,1.969566382794139,1.969566382794139,1.969566382794139,-0.5077224524862195,-0.5077224524862195,-0.5077224524862195,-0.5077224524862195,-0.5077224524862195,-0.5077224524862195,1.969566382794139,1.969566382794139,-0.5077224524862195,-0.5077224524862195,-0.5077224524862195,-0.5077224524862195,-0.5077224524862195,-0.5077224524862195,-0.5077224524862195,-0.5077224524862195,-0.5077224524862195,-0.5077224524862195,-0.5077224524862195,-0.5077224524862195,-0.5077224524862195,-0.5077224524862195,-0.5077224524862195,-0.5077224524862195,-0.5077224524862195,-0.5077224524862195,-0.5077224524862195,-0.5077224524862195,-0.5077224524862195,-0.5077224524862195,-0.5077224524862195,-0.5077224524862195,-0.5077224524862195,-0.5077224524862195,-0.5077224524862195,-0.5077224524862195,-0.5077224524862195,-0.5077224524862195,-0.5077224524862195,-0.5077224524862195,-0.5077224524862195,-0.5077224524862195,-0.5077224524862195,-0.5077224524862195,-0.5077224524862195,-0.5077224524862195,-0.5077224524862195,-0.5077224524862195,-0.5077224524862195,-0.5077224524862195,-0.5077224524862195,-0.5077224524862195,-0.5077224524862195,-0.5077224524862195,-0.5077224524862195,-0.5077224524862195,-0.5077224524862195,-0.5077224524862195,-0.5077224524862195,-0.5077224524862195,-0.5077224524862195,-0.5077224524862195,-0.5077224524862195,-0.5077224524862195,-0.5077224524862195,-0.5077224524862195,-0.5077224524862195,-0.5077224524862195,-0.5077224524862195,-0.5077224524862195,-0.5077224524862195,-0.5077224524862195,-0.5077224524862195,-0.5077224524862195,-0.5077224524862195,-0.5077224524862195,-0.5077224524862195,-0.5077224524862195,-0.5077224524862195,-0.5077224524862195,-0.5077224524862195,-0.5077224524862195,-0.5077224524862195,-0.5077224524862195,-0.5077224524862195,-0.5077224524862195,-0.5077224524862195,-0.5077224524862195,-0.5077224524862195,-0.5077224524862195,1.969566382794139,-0.5077224524862195,-0.5077224524862195,-0.5077224524862195,-0.5077224524862195,-0.5077224524862195,-0.5077224524862195,-0.5077224524862195,-0.5077224524862195,-0.5077224524862195,-0.5077224524862195,-0.5077224524862195,-0.5077224524862195,-0.5077224524862195,-0.5077224524862195,-0.5077224524862195,-0.5077224524862195
-0.8700053950135924,-0.8700053950135924,-0.8700053950135924,-0.8700053950135924,-0.8700053950135924,-0.8700053950135924,-0.8700053950135924,-0.8700053950135924,-0.8700053950135924,-0.8700053950135924,-0.8700053950135924,-0.8700053950135924,-0.8700053950135924,-0.8700053950135924,-0.8700053950135924,-0.8700053950135924,-0.8700053950135924,-0.8700053950135924,-0.8700053950135924,-0.5424392995457642,-0.8700053950135924,-0.8700053950135924,-0.8700053950135924,-0.8700053950135924,-0.8700053950135924,-0.8700053950135924,-0.8700053950135924,-0.8700053950135924,-0.8700053950135924,-0.8700053950135924,-0.8700053950135924,-0.8700053950135924,-0.8700053950135924,-0.8700053950135924,-0.8700053950135924,-0.8700053950135924,-0.8700053950135924,-0.8700053950135924,-0.8700053950135924,-0.8700053950135924,-0.8700053950135924,-0.8700053950135924,-0.8700053950135924,-0.8700053950135924,-0.8700053950135924,-0.8700053950135924,-0.8700053950135924,-0.8700053950135924,-0.8700053950135924,-0.8700053950135924,-0.8700053950135924,-0.8700053950135924,-0.8700053950135924,-0.8700053950135924,-0.8700053950135924,-0.8700053950135924,2.40565555966469,-0.8700053950135924,2.40565555966469,-0.8700053950135924,2.40565555966469,-0.8700053950135924,2.40565555966469,-0.8700053950135924,2.40565555966469,-0.8700053950135924,-0.8700053950135924,-0.8700053950135924,-0.8700053950135924,-0.8700053950135924,-0.8700053950135924,-0.8700053950135924,-0.8700053950135924,0.09342429753884365,-0.8700053950135924,0.7678250823255489,-0.8700053950135924,-0.7121422164748801,-0.8700053950135924,-0.8700053950135924,-0.8700053950135924,-0.8700053950135924,-0.8700053950135924,-0.8700053950135924,-0.8700053950135924,-0.8700053950135924,-0.8700053950135924,-0.8700053950135924,-0.8700053950135924,-0.8700053950135924,-0.8700053950135924,-0.7345457314742649,-0.8700053950135924,-0.8700053950135924,-0.6652765853461998,-0.8700053950135924,-0.8700053950135924,-0.8700053950135924,-0.8700053950135924,-0.8700053950135924,-0.8700053950135924,-0.8700053950135924,-0.8700053950135924,-0.8700053950135924,-0.8700053950135924,-0.8700053950135924,-0.8700053950135924,-0.8700053950135924,-0.8700053950135924,-0.8700053950135924,-0.8700053950135924,-0.8700053950135924,-0.8700053950135924,-0.8700053950135924,-0.8700053950135924,-0.8700053950135924,-0.8700053950135924,-0.8700053950135924,-0.8700053950135924,-0.8700053950135924,-0.8700053950135924,-0.8700053950135924,-0.8700053950135924,-0.8700053950135924,-0.8700053950135924,-0.8700053950135924,-0.8700053950135924,-0.8700053950135924,-0.8700053950135924,-0.8700053950135924,-0.8700053950135924,-0.8700053950135924,-0.8700053950135924,-0.6976021868726302,-0.8700053950135924,-0.6976021868726302,-0.8700053950135924,-0.8700053950135924,-0.8700053950135924,-0.4605477756788071,1.8597120672183098,-0.8700053950135924,-0.4605477756788071,1.8597120672183098,-0.8700053950135924,-0.4605477756788071,1.8597120672183098,-0.8700053950135924,-0.8700053950135924,-0.7589660406177184,-0.7707429418415233,-0.7790148129391957,-0.8700053950135924,-0.8700053950135924,-0.8700053950135924,-0.8700053950135924,-0.8700053950135924,-0.8700053950135924,-0.8232102385181884,-0.8232102385181884,-0.8700053950135924,-0.8700053950135924,-0.8700053950135924,-0.8700053950135924,-0.8700053950135924,-0.8700053950135924,-0.8700053950135924,-0.8700053950135924,-0.8700053950135924,-0.8700053950135924,-0.8700053950135924,-0.8700053950135924,-0.8700053950135924,-0.8700053950135924,-0.8700053950135924,-0.8700053950135924,-0.8700053950135924,-0.8700053950135924,-0.8700053950135924,-0.8700053950135924,-0.8700053950135924,-0.8700053950135924,-0.8700053950135924,-0.8700053950135924,-0.8700053950135924,-0.8700053950135924,-0.8700053950135924,-0.8700053950135924,-0.8700053950135924,-0.8700053950135924,-0.8700053950135924,-0.8700053950135924,-0.8700053950135924,-0.8700053950135924,-0.8700053950135924,-0.8700053950135924,-0.8700053950135924,-0.8700053950135924,-0.8700053950135924,-0.8700053950135924,-0.8700053950135924,-0.8700053950135924,-0.8700053950135924,-0.8700053950135924,-0.8700053950135924,-0.8700053950135924,-0.8700053950135924,-0.8700053950135924,-0.8700053950135924,-0.8700053950135924,-0.8700053950135924,-0.8700053950135924,-0.8700053950135924,-0.8700053950135924,-0.8700053950135924,-0.8700053950135924,-0.8700053950135924,-0.8700053950135924,-0.8700053950135924,-0.8700053950135924,-0.8700053950135924,-0.8700053950135924,-0.8700053950135924,-0.8700053950135924,-0.8700053950135924,-0.8700053950135924,-0.8700053950135924,-0.8700053950135924,-0.8700053950135924,-0.8700053950135924,-0.8700053950135924,-0.8700053950135924,-0.8700053950135924,-0.8700053950135924,-0.8700053950135924,-0.8700053950135924,-0.8700053950135924,-0.8700053950135924,-0.8700053950135924,-0.8700053950135924,-0.8700053950135924,-0.8700053950135924,-0.5788355323755229,-0.8700053950135924,-0.8700053950135924,-0.8700053950135924,-0.8700053950135924,-0.8700053950135924,-0.8700053950135924,-0.8700053950135924,-0.8700053950135924,-0.8700053950135924,-0.8700053950135924,-0.8700053950135924,-0.8700053950135924,-0.8700053950135924,-0.8700053950135924,-0.8700053950135924,-0.8700053950135924
-0.11203533773096849,0.2207759744561858,-0.3965873381778338,-1.0183565364195493,-1.096933728981207,-1.096933728981207,-1.0183565364195493,-1.096933728981207,-1.0183565364195493,-1.096933728981207,-0.538131199345661,-1.096933728981207,-0.3327510165778624,-1.096933728981207,-1.096933728981207,-1.096933728981207,-0.7033676826920172,-1.096933728981207,-1.096933728981207,-0.797640857572655,-1.096933728981207,-0.797640857572655,-0.797640857572655,-0.7033676826920172,-0.2727860098355923,-1.096933728981207,-0.538131199345661,-1.096933728981207,-1.096933728981207,-0.4648295453855011,-1.096933728981207,-1.096933728981207,-1.096933728981207,-0.538131199345661,-0.7033676826920172,-1.0183565364195493,-1.096933728981207,-0.901855017471593,-1.0183565364195493,-1.096933728981207,-1.096933728981207,-1.096933728981207,-0.7033676826920172,-1.0183565364195493,-1.096933728981207,-0.901855017471593,-1.0183565364195493,-1.096933728981207,-1.096933728981207,0.9063814942978732,-1.096933728981207,-0.538131199345661,-0.16277054484031625,-0.3327510165778624,-0.16277054484031625,-0.21624949762990653,-1.096933728981207,1.234133359732534,-1.096933728981207,1.1820624067301388,-1.096933728981207,1.0228830132458286,-1.096933728981207,1.127097173144767,-1.096933728981207,0.9579994499562016,-1.096933728981207,-0.797640857572655,-1.096933728981207,-0.797640857572655,-1.096933728981207,-0.797640857572655,-1.096933728981207,-0.2727860098355923,-1.096933728981207,-1.096933728981207,-0.538131199345661,1.2955891273952507,-1.096933728981207,-1.0183565364195493,-0.7033676826920172,1.1411274748183142,1.0688968763861773,1.0837711368852283,1.0228830132458286,1.8704253214638973,0.9238884943961923,-1.096933728981207,1.8197427204531835,1.7006070596461935,1.8704253214638973,1.8704253214638973,1.8704253214638973,1.127097173144767,-0.3327510165778624,1.1820624067301388,0.7118114703156233,-0.11203533773096849,1.5741645556799375,-0.7033676826920172,-1.0183565364195493,-1.096933728981207,-0.901855017471593,-1.0183565364195493,-1.096933728981207,-1.096933728981207,-0.7033676826920172,-0.4648295453855011,-1.096933728981207,-0.3965873381778338,-1.096933728981207,-0.0637760259906795,-1.096933728981207,-0.538131199345661,-1.096933728981207,-0.3965873381778338,-1.096933728981207,-0.7033676826920172,-1.096933728981207,-0.7033676826920172,-1.096933728981207,-0.797640857572655,-1.096933728981207,-1.096933728981207,-0.16277054484031625,-0.7033676826920172,-1.0183565364195493,-1.096933728981207,-0.901855017471593,-1.0183565364195493,-1.096933728981207,-1.096933728981207,-0.901855017471593,0.9238884943961923,-0.901855017471593,0.9238884943961923,-0.3965873381778338,-0.6173030170247277,-0.538131199345661,0.5735701821107184,-1.096933728981207,1.1411274748183142,0.5735701821107184,-1.096933728981207,0.9579994499562016,0.5735701821107184,-1.096933728981207,1.0070567606776377,-0.3327510165778624,0.9579994499562016,1.0688968763861773,1.1549615420534673,1.0070567606776377,0.9746237015055396,-1.096933728981207,-0.3965873381778338,1.127097173144767,1.127097173144767,1.127097173144767,1.127097173144767,1.4081102800724594,1.4081102800724594,-1.096933728981207,-1.096933728981207,0.7942858609576123,-1.096933728981207,-0.4648295453855011,1.6519520208818297,1.6519520208818297,-1.096933728981207,-0.6173030170247277,-1.0183565364195493,1.038460023105511,-1.096933728981207,1.1411274748183142,-0.538131199345661,-1.0183565364195493,-1.096933728981207,-0.901855017471593,-1.0183565364195493,-0.901855017471593,-1.096933728981207,-1.096933728981207,-0.2727860098355923,-0.7033676826920172,-0.797640857572655,-1.096933728981207,-1.0183565364195493,-1.096933728981207,-0.901855017471593,-1.0183565364195493,-0.901855017471593,-1.096933728981207,-1.096933728981207,-0.16277054484031625,-1.096933728981207,-1.096933728981207,-1.096933728981207,-0.7033676826920172,-1.0183565364195493,-1.096933728981207,-1.096933728981207,-1.096933728981207,-1.0183565364195493,-1.096933728981207,-1.096933728981207,-1.096933728981207,-0.538131199345661,-0.797640857572655,-1.096933728981207,-0.3327510165778624,-0.7033676826920172,-1.096933728981207,-0.7033676826920172,-1.096933728981207,-0.21624949762990653,-0.2727860098355923,-0.901855017471593,-1.096933728981207,-0.3965873381778338,-0.538131199345661,-0.901855017471593,-0.16277054484031625,-0.538131199345661,-0.6173030170247277,-0.3327510165778624,-0.4648295453855011,-0.797640857572655,-1.096933728981207,-1.0183565364195493,-0.0637760259906795,-1.0183565364195493,-1.096933728981207,-1.096933728981207,-0.797640857572655,-1.0183565364195493,-0.538131199345661,-0.4648295453855011,-0.901855017471593,-0.901855017471593,-1.096933728981207,-0.11203533773096849,-0.017762162850330287,-1.096933728981207,-0.6173030170247277,-1.096933728981207,-1.096933728981207,-1.096933728981207,-0.3965873381778338,-1.096933728981207,-1.096933728981207,-0.0637760259906795,-0.901855017471593,-0.21624949762990653,-1.096933728981207,0.7330836812166751,0.4693560222117804,0.6900717010586743,-0.538131199345661
-1.0,1.0,-1.0,-1.0,-1.0,-1.0,-1.0,-1.0,-1.0,-1.0,-1.0,-1.0,-1.0,-1.0,-1.0,-1.0,-1.0,-1.0,-1.0,-1.0,-1.0,-1.0,-1.0,-1.0,-1.0,-1.0,-1.0,-1.0,-1.0,-1.0,-1.0,-1.0,-1.0,-1.0,-1.0,-1.0,-1.0,-1.0,-1.0,-1.0,-1.0,-1.0,-1.0,-1.0,-1.0,-1.0,-1.0,-1.0,-1.0,-1.0,-1.0,-1.0,-1.0,-1.0,-1.0,-1.0,-1.0,-1.0,-1.0,-1.0,-1.0,-1.0,-1.0,-1.0,-1.0,-1.0,-1.0,-1.0,-1.0,-1.0,-1.0,-1.0,-1.0,-1.0,-1.0,-1.0,-1.0,-1.0,-1.0,-1.0,-1.0,-1.0,-1.0,-1.0,-1.0,-1.0,-1.0,-1.0,-1.0,-1.0,-1.0,-1.0,-1.0,-1.0,-1.0,-1.0,-1.0,-1.0,-1.0,-1.0,-1.0,-1.0,-1.0,-1.0,-1.0,-1.0,-1.0,-1.0,-1.0,-1.0,-1.0,-1.0,-1.0,-1.0,-1.0,-1.0,-1.0,-1.0,-1.0,-1.0,-1.0,-1.0,-1.0,-1.0,-1.0,-1.0,-1.0,-1.0,-1.0,-1.0,-1.0,-1.0,-1.0,-1.0,-1.0,-1.0,-1.0,-1.0,-1.0,-1.0,-1.0,-1.0,-1.0,-1.0,-1.0,-1.0,-1.0,-1.0,-1.0,-1.0,-1.0,-1.0,-1.0,-1.0,-1.0,-1.0,-1.0,-1.0,-1.0,-1.0,-1.0,-1.0,-1.0,-1.0,-1.0,-1.0,-1.0,-1.0,-1.0,-1.0,-1.0,-1.0,-1.0,-1.0,-1.0,-1.0,-1.0,-1.0,-1.0,-1.0,-1.0,-1.0,-1.0,-1.0,-1.0,-1.0,-1.0,-1.0,-1.0,-1.0,-1.0,-1.0,-1.0,-1.0,-1.0,-1.0,-1.0,-1.0,-1.0,-1.0,-1.0,-1.0,-1.0,-1.0,-1.0,-1.0,-1.0,-1.0,-1.0,-1.0,-1.0,-1.0,-1.0,-1.0,-1.0,-1.0,-1.0,-1.0,-1.0,-1.0,-1.0,-1.0,-1.0,-1.0,-1.0,-1.0,-1.0,-1.0,-1.0,-1.0,-1.0,-1.0,-1.0,-1.0,-1.0,-1.0,-1.0,-1.0,-1.0,-1.0,-1.0,-1.0,1.0,-1.0,-1.0,-1.0,-1.0,-1.0,-1.0,-1.0,-1.0,-1.0,-1.0,-1.0,-1.0,-1.0,-1.0,-1.0,-1.0
-1.734577631304225,-0.738044738057686,-0.735914877845054,-0.7177430917755762,-0.7049337197166261,-0.7005682615503092,-0.6958402739860977,-0.6913690780787283,-0.6868374606050429,-0.6823209485229367,-0.6775476447839883,-0.6729556057439874,-0.6677744564324072,-0.663182417392406,-0.6587867484429315,-0.6544515010597726,-0.6498141458450347,-0.6453429499376653,-0.6409170702050327,-0.6360229233334527,-0.6305547715818725,-0.6244521933839764,-0.6192861494639752,-0.6141956325018688,-0.6089993777987098,-0.6038937554450243,-0.5975192801987073,-0.5940450401355486,-0.5751784060534391,-0.5672027592997532,-0.5608282840534358,-0.5549976029039608,-0.5504810908218545,-0.5343183218323773,-0.45712977086393886,-0.44623878353551544,-0.4360728550028815,-0.4244417034870896,-0.4104994270597179,-0.4010887681060316,-0.3904998886091871,-0.38240339872286944,-0.3744730681439204,-0.3635820808154969,-0.35341615228286305,-0.3417850007670709,-0.32784272433969947,-0.3184320653860131,-0.3078431858891686,-0.3017708184744304,-0.2989763210323246,-0.2963479828975872,-0.2825718657775839,-0.2722850941123185,-0.2626629596765269,-0.2530106144575774,-0.24532197014389154,-0.20607816282177738,-0.198253569983881,-0.1592665543186091,-0.15136643452281784,-0.11271173747228286,-0.10523456864070223,-0.06600586671016709,-0.057592163600691346,-0.018257723929103867,-0.0040133396701531356,-0.0036205994891003505,0.0064849074772175,0.0068927530498492946,0.018025426643536138,0.018463482999325584,0.028161144393012007,0.03847812684143526,0.0395355042519619,0.03991313904143568,0.04600061184775273,0.07494254211302227,0.07772193416354942,0.0877670195635516,0.09128657580144728,0.09917159020565952,0.10840098446039848,0.1174793247993477,0.1264519273972446,0.13362698839724593,0.1401374121677738,0.14113436801198478,0.14352101988145877,0.14778074030672297,0.15225193621409225,0.15885299233409378,0.16568062932777974,0.1726895310204127,0.17410943782883412,0.17571060933620292,0.18024222680988822,0.18136002578673052,0.18356541295725712,0.19225101311515394,0.20314200044357736,0.21330792897621126,0.2249390804920032,0.23888135691937484,0.24829201587306118,0.2588808953699059,0.2631255104035907,0.2657085323635915,0.26699249064780217,0.26962082878253957,0.27091989245832965,0.2738201276414881,0.2752098236667515,0.27774752945201525,0.27901638234464693,0.2816447204793847,0.2829437841551744,0.2853908575909644,0.28662949970043844,0.2890765731362281,0.29031521524570214,0.2927169725067555,0.2939405092246505,0.29620631796149316,0.3000430874225466,0.305088288209916,0.31597927553833943,0.3261452040709733,0.3377763555867656,0.3517186320141369,0.36112929096782326,0.37171817046466793,0.37868175598256426,0.3850562312288814,0.39218597605414607,0.3985604513004632,0.44354430742257867,0.46371000518047806,0.4662023947910048,0.47367956362258556,0.4755828429615331,0.523240353393123,0.5300830957783875,0.5319863751173355,0.5775291307278717,0.5841906084141892,0.5860938877531368,0.6330112339973578,0.6720435658373666,0.6902455626900024,0.7018918195973733,0.7139459220773762,0.7255770735931681,0.7372384358921181,0.7455464012605412,0.747404364424752,0.766391841639493,0.769835870919494,0.7794428999637064,0.7828869292437074,0.7935664410900254,0.7977053183826579,0.801693141759501,0.8236261703321376,0.8438220788731947,0.852250887374249,0.8542145882795126,0.8730812223616223,0.8783076878479391,0.8828393053216245,0.905059336334261,0.9075064097700511,0.928321639365845,0.9522787904100611,0.9737133410605923,0.9832297377553313,0.9917038624311227,0.9965224823448077,1.0014770507827038,1.0065675677448098,1.010872604344811,1.015192746336391,1.0196941530269183,1.0310836182774472,1.0364611376795538,1.041612076207976,1.0465666446458717,1.053575546338505,1.05839416625219,1.063348734690086,1.0684392516521926,1.0727442882521934,1.0770644302437733,1.0815658369343006,1.0917770816416712,1.0989823534248309,1.1033327061995688,1.1077283751490434,1.112411046538518,1.117259877235361,1.1217159677511517,1.1261720582669423,1.1306432541743114,1.1352050824311548,1.1395403298143136,1.144041736504841,1.1483769838879998,1.1531653930185273,1.157802748233265,1.1623796818816872,1.167591041976425,1.1727721912880051,1.1773189141532694,1.1819260585848494,1.1864274652753766,1.1918503008522199,1.1976658766101163,1.202892342096433,1.2090855526438027,1.2153089739743306,1.220414596328016,1.227423498020649,1.2340094487490716,1.2407464533932835,1.2465318183680218,1.252543764216444,1.2588276071132876,1.263933229466973,1.269492013568027,1.2745070035722388,1.2797787852332922,1.285110988460662,1.2895670789764524,1.295201390035401,1.303539566186982,1.3113641590248786,1.319385121953301,1.3273154525322504,1.332345547928041,1.3393242388375162,1.3460310326985703,1.3535686230964667,1.4083709837449,1.4100476822101635,1.4115733267596375,1.4119207507659535,1.4132198144417434,1.414171454111217,1.4158783633596386,1.4164825790227966,1.4177816426985863,1.5558751325133544,1.5598327451070395,1.563593987610198,1.5830195211807288,1.5857838078396769,1.5891825209449408,1.5925510232670468,1.602490370925996
-1.1401173281531416,-0.8575816526350338,-0.8563730184734637,-0.8459561594614617,-0.8385004324601701,-0.8359381885030042,-0.8331509385273409,-0.8305033777483205,-0.8278084391135226,-0.8251108640721184,-0.8222473070029527,-0.8194802645905375,-0.8163438421948873,-0.8135512787281329,-0.8108669009658553,-0.8082086596811286,-0.8053533442615246,-0.8025887567947496,-0.7998409925176955,-0.7967895397222017,-0.793364089452827,-0.7895211341560432,-0.7862513871271013,-0.7830145980677651,-0.7796953776559797,-0.7764190954371795,-0.7723077818839056,-0.7700572896181168,-0.7577162927412582,-0.7524384108183945,-0.7481940944866203,-0.7442916181764115,-0.7412554277597979,-0.7302950971768081,-0.6759030335168718,-0.6679557841634695,-0.6604767514627217,-0.6518476746288939,-0.6414026096928284,-0.6342899869711803,-0.6262266454183163,-0.620018221800172,-0.6139010717504181,-0.6054419023920503,-0.5974850303524096,-0.588309242833667,-0.5772088350895805,-0.5696538737228654,-0.561092812442566,-0.5561545639447791,-0.553874941582077,-0.5517268117262162,-0.5404033920879485,-0.5318776947407612,-0.5238483815631086,-0.5157409602415858,-0.5092450263524763,-0.47556527677766985,-0.46874535163231534,-0.43424529890470587,-0.42714907241724864,-0.3919160909975895,-0.3850027250028176,-0.3482110373522572,-0.3402060463020028,-0.3022483354432752,-0.2882855111676641,-0.2878988995291233,-0.27792091979085076,-0.27751700188845485,-0.26645500898323266,-0.26601829264377147,-0.2563223485957846,-0.24594848110566137,-0.2448818539363986,-0.24450076157878928,-0.2383463625298421,-0.20879798024819332,-0.20593528007442952,-0.1955524796703208,-0.19190102174646145,-0.18369493360350211,-0.17404481120671897,-0.1645053714354713,-0.15503098830758358,-0.14742172891512115,-0.14049199367499016,-0.13942869962642526,-0.13688094198947828,-0.1323256284209478,-0.1275330648574162,-0.12043677569877788,-0.11307083742600108,-0.10548176898827477,-0.10394092547124861,-0.10220200313413898,-0.09727262280309278,-0.09605491345227839,-0.09365032196497922,-0.08415328787630909,-0.07218421085231706,-0.060951100450727484,-0.04802686785219223,-0.032433194122847384,-0.02184539991884509,-0.009871793182786049,-0.005054199748674526,-0.0021174825097172484,-6.562990592532836E-4,0.002337753162649223,0.00381902272661965,0.007129506023202442,0.008717474375710053,0.011620076498908196,0.01307275087682065,0.016084774546448764,0.017574926550099148,0.02038456356691322,0.021808023572690786,0.02462278950553353,0.02604884562930109,0.02881648925686588,0.030227682125050698,0.03284325023933288,0.03727893633097465,0.0431244302317506,0.05579234542041602,0.06767776939319148,0.08134833401225217,0.09783663690386207,0.10902828156083456,0.12168134121428067,0.13003715100324675,0.13771024501591755,0.1463198494077724,0.15404189545172323,0.20919227884454256,0.23428905545167034,0.23740696130304978,0.24678187417274564,0.24917329199614602,0.3097252129367055,0.31852539215056,0.3209778571539091,0.3802762338035295,0.3890486064761263,0.3915596336108553,0.4541097190832608,0.5071014075306939,0.53210930070295,0.5482090414939228,0.5649538164621689,0.581189385360069,0.5975443557033934,0.609243384879212,0.6118650836752636,0.6387701060284509,0.6436722193353629,0.6573821855724411,0.6623098593789072,0.6776328573156051,0.683588770311547,0.6893365288299607,0.7211108502878836,0.7506105298605591,0.7629908900131297,0.7658810059091098,0.7937600924328159,0.8015190057396981,0.8082589603820508,0.8414762183749749,0.8451515701731624,0.8765524245915473,0.9129980111641286,0.9458826524389201,0.9605663466539092,0.9736851743723152,0.9811631122088281,0.9888657942851485,0.9967943697026806,1.0035110455046554,1.0102618833933354,1.0173072638952825,1.0351849560527786,1.0436515191183318,1.0517767647465461,1.059606486367131,1.0707065194465488,1.0783539969708147,1.0862310019862669,1.0943386835943094,1.1012068290232728,1.1081096680113183,1.1153134272811345,1.131697557499915,1.1432942299101045,1.1503102880845903,1.157410361259069,1.1649861003280988,1.1728437968457537,1.180076833872534,1.1873211627409812,1.1946013979791281,1.2020409220796862,1.2091219003963263,1.2164855851016674,1.2235883484657848,1.2314459828312747,1.2390681706525801,1.246603037796165,1.255196845871438,1.263756144703184,1.2712799421439456,1.2789157148195693,1.286387898260907,1.2954049246916248,1.305093578186855,1.313817192745521,1.3241745331445465,1.3346043686592477,1.3431773305220955,1.354970272787006,1.366077029718595,1.3774640495764732,1.3872631879521455,1.3974662708297831,1.4081527685756032,1.4168520820270192,1.4263403794546254,1.4349155512875655,1.443945232495944,1.4530944826621597,1.4607528584842175,1.470452325807386,1.4848396234839865,1.4983767057537705,1.5122896594695496,1.526081372476985,1.534847795280008,1.5470340483823708,1.5587716100839302,1.57199367734929,1.6690966480685225,1.6720944751586084,1.6748236168823762,1.6754452896308507,1.6777704132821372,1.6794743105386996,1.6825317974789888,1.6836144907882717,1.6859429844103901,1.9389404493222528,1.946350934737589,1.9534019791961748,1.9899462846864229,1.9951640425641561,2.0015852743518407,2.0079559099953372,2.026791179391116
-1.0,1.0,-1.0,-1.0,-1.0,-1.0,-1.0,-1.0,-1.0,-1.0,-1.0,-1.0,-1.0,-1.0,-1.0,-1.0,-1.0,-1.0,-1.0,-1.0,-1.0,-1.0,-1.0,-1.0,-1.0,-1.0,-1.0,-1.0,-1.0,-1.0,-1.0,-1.0,-1.0,-1.0,1.0,-1.0,-1.0,-1.0,-1.0,-1.0,-1.0,-1.0,1.0,-1.0,-1.0,-1.0,-1.0,-1.0,-1.0,-1.0,-1.0,-1.0,-1.0,-1.0,-1.0,-1.0,-1.0,-1.0,-1.0,-1.0,-1.0,-1.0,-1.0,-1.0,-1.0,-1.0,-1.0,-1.0,-1.0,-1.0,-1.0,-1.0,-1.0,-1.0,-1.0,-1.0,-1.0,1.0,-1.0,1.0,-1.0,-1.0,-1.0,-1.0,-1.0,-1.0,-1.0,1.0,1.0,1.0,1.0,1.0,-1.0,-1.0,1.0,-1.0,-1.0,1.0,1.0,1.0,-1.0,-1.0,-1.0,-1.0,-1.0,-1.0,-1.0,-1.0,-1.0,-1.0,-1.0,-1.0,-1.0,-1.0,-1.0,-1.0,-1.0,-1.0,-1.0,-1.0,-1.0,-1.0,-1.0,-1.0,1.0,1.0,-1.0,-1.0,-1.0,-1.0,-1.0,-1.0,-1.0,-1.0,-1.0,-1.0,-1.0,-1.0,-1.0,1.0,-1.0,-1.0,1.0,-1.0,-1.0,1.0,-1.0,-1.0,-1.0,-1.0,-1.0,-1.0,-1.0,-1.0,-1.0,-1.0,-1.0,-1.0,-1.0,-1.0,-1.0,-1.0,-1.0,-1.0,-1.0,-1.0,-1.0,-1.0,-1.0,-1.0,-1.0,-1.0,-1.0,-1.0,-1.0,-1.0,-1.0,-1.0,-1.0,-1.0,-1.0,-1.0,-1.0,-1.0,-1.0,-1.0,-1.0,-1.0,-1.0,-1.0,-1.0,-1.0,-1.0,-1.0,-1.0,-1.0,-1.0,-1.0,-1.0,-1.0,-1.0,-1.0,-1.0,-1.0,-1.0,-1.0,-1.0,-1.0,-1.0,-1.0,-1.0,-1.0,-1.0,-1.0,-1.0,-1.0,-1.0,-1.0,-1.0,-1.0,-1.0,-1.0,-1.0,-1.0,-1.0,-1.0,-1.0,-1.0,-1.0,-1.0,-1.0,-1.0,-1.0,-1.0,-1.0,-1.0,-1.0,-1.0,-1.0,-1.0,-1.0,-1.0,-1.0,-1.0,-1.0,-1.0,-1.0,-1.0,-1.0,-1.0,-1.0,-1.0,-1.0,-1.0,-1.0,1.0,-1.0,1.0,-1.0
-1.0,-1.0,-1.0,-1.0,-1.0,-1.0,-1.0,-1.0,-1.0,-1.0,-1.0,-1.0,-1.0,-1.0,-1.0,-1.0,-1.0,-1.0,-1.0,-1.0,-1.0,-1.0,-1.0,-1.0,-1.0,-1.0,-1.0,-1.0,-1.0,-1.0,-1.0,-1.0,-1.0,-1.0,-1.0,-1.0,-1.0,-1.0,-1.0,-1.0,-1.0,-1.0,-1.0,-1.0,-1.0,-1.0,-1.0,-1.0,-1.0,-1.0,-1.0,-1.0,-1.0,-1.0,-1.0,-1.0,-1.0,-1.0,-1.0,-1.0,-1.0,-1.0,-1.0,-1.0,-1.0,-1.0,-1.0,-1.0,-1.0,-1.0,-1.0,-1.0,-1.0,-1.0,-1.0,-1.0,-1.0,-1.0,-1.0,-1.0,-1.0,-1.0,-1.0,-1.0,-1.0,-1.0,-1.0,-1.0,-1.0,-1.0,-1.0,-1.0,-1.0,-1.0,-1.0,-1.0,-1.0,-1.0,-1.0,-1.0,-1.0,-1.0,-1.0,-1.0,-1.0,-1.0,-1.0,-1.0,-1.0,-1.0,-1.0,-1.0,-1.0,-1.0,-1.0,-1.0,-1.0,-1.0,-1.0,-1.0,-1.0,-1.0,-1.0,-1.0,-1.0,-1.0,-1.0,-1.0,-1.0,-1.0,-1.0,-1.0,-1.0,-1.0,-1.0,-1.0,-1.0,-1.0,-1.0,-1.0,-1.0,-1.0,-1.0,-1.0,-1.0,-1.0,-1.0,-1.0,-1.0,-1.0,-1.0,-1.0,-1.0,-1.0,-1.0,-1.0,-1.0,-1.0,-1.0,-1.0,-1.0,-1.0,-1.0,-1.0,-1.0,-1.0,-1.0,-1.0,-1.0,-1.0,-1.0,-1.0,-1.0,-1.0,-1.0,-1.0,-1.0,-1.0,-1.0,-1.0,-1.0,-1.0,-1.0,-1.0,-1.0,-1.0,-1.0,-1.0,-1.0,-1.0,-1.0,-1.0,-1.0,-1.0,-1.0,-1.0,-1.0,-1.0,-1.0,-1.0,-1.0,-1.0,-1.0,-1.0,-1.0,-1.0,-1.0,-1.0,-1.0,-1.0,-1.0,-1.0,-1.0,-1.0,-1.0,-1.0,-1.0,-1.0,-1.0,-1.0,-1.0,-1.0,-1.0,-1.0,-1.0,-1.0,-1.0,-1.0,-1.0,-1.0,-1.0,-1.0,-1.0,-1.0,-1.0,-1.0,-1.0,-1.0,-1.0,-1.0,-1.0,-1.0,-1.0,-1.0,-1.0,-1.0,-1.0,-1.0,-1.0,-1.0,-1.0,-1.0,-1.0,-1.0,-1.0,-1.0,-1.0,-1.0,-1.0
-1.0,-1.0,-1.0,-1.0,-1.0,-1.0,-1.0,-1.0,-1.0,-1.0,-1.0,-1.0,-1.0,-1.0,-1.0,-1.0,-1.0,-1.0,-1.0,-1.0,-1.0,-1.0,-1.0,-1.0,-1.0,-1.0,-1.0,-1.0,-1.0,-1.0,-1.0,-1.0,-1.0,-1.0,-1.0,-1.0,-1.0,-1.0,-1.0,-1.0,-1.0,-1.0,-1.0,-1.0,-1.0,-1.0,-1.0,-1.0,-1.0,-1.0,-1.0,-1.0,-1.0,-1.0,-1.0,-1.0,-1.0,-1.0,-1.0,-1.0,-1.0,-1.0,-1.0,-1.0,-1.0,-1.0,-1.0,-1.0,-1.0,-1.0,-1.0,-1.0,-1.0,-1.0,-1.0,-1.0,-1.0,-1.0,-1.0,-1.0,-1.0,-1.0,-1.0,-1.0,-1.0,-1.0,-1.0,-1.0,-1.0,-1.0,-1.0,-1.0,-1.0,-1.0,-1.0,-1.0,-1.0,-1.0,-1.0,-1.0,-1.0,-1.0,-1.0,-1.0,-1.0,-1.0,-1.0,-1.0,-1.0,-1.0,-1.0,-1.0,-1.0,-1.0,-1.0,-1.0,-1.0,-1.0,-1.0,-1.0,-1.0,-1.0,-1.0,-1.0,-1.0,-1.0,-1.0,-1.0,-1.0,-1.0,-1.0,-1.0,-1.0,-1.0,-1.0,-1.0,-1.0,-1.0,-1.0,-1.0,-1.0,-1.0,-1.0,-1.0,-1.0,-1.0,-1.0,-1.0,-1.0,-1.0,-1.0,-1.0,-1.0,-1.0,-1.0,-1.0,-1.0,-1.0,-1.0,-1.0,-1.0,-1.0,-1.0,-1.0,-1.0,-1.0,-1.0,-1.0,-1.0,-1.0,-1.0,-1.0,-1.0,-1.0,-1.0,-1.0,-1.0,-1.0,-1.0,-1.0,-1.0,-1.0,-1.0,-1.0,-1.0,-1.0,-1.0,-1.0,-1.0,-1.0,-1.0,-1.0,-1.0,-1.0,-1.0,-1.0,-1.0,-1.0,-1.0,-1.0,-1.0,-1.0,-1.0,-1.0,-1.0,-1.0,-1.0,-1.0,-1.0,-1.0,-1.0,-1.0,-1.0,-1.0,-1.0,-1.0,-1.0,-1.0,-1.0,-1.0,-1.0,-1.0,-1.0,-1.0,-1.0,-1.0,-1.0,-1.0,-1.0,-1.0,-1.0,-1.0,-1.0,-1.0,-1.0,-1.0,-1.0,-1.0,-1.0,-1.0,-1.0,-1.0,1.0,-1.0,-1.0,-1.0,-1.0,-1.0,-1.0,-1.0,-1.0,-1.0,-1.0,-1.0,-1.0,-1.0,-1.0,-1.0,-1.0
-1.0,-1.0,-1.0,-1.0,-1.0,-1.0,-1.0,-1.0,-1.0,-1.0,-1.0,-1.0,-1.0,-1.0,-1.0,-1.0,-1.0,-1.0,-1.0,-1.0,-1.0,-1.0,-1.0,-1.0,-1.0,-1.0,-1.0,-1.0,-1.0,-1.0,-1.0,-1.0,-1.0,-1.0,-1.0,-1.0,-1.0,-1.0,-1.0,-1.0,-1.0,-1.0,-1.0,-1.0,-1.0,-1.0,-1.0,-1.0,-1.0,-1.0,-1.0,-1.0,-1.0,-1.0,-1.0,-1.0,-1.0,-1.0,-1.0,-1.0,-1.0,-1.0,-1.0,-1.0,-1.0,-1.0,-1.0,-1.0,-1.0,-1.0,-1.0,-1.0,-1.0,-1.0,-1.0,-1.0,-1.0,-1.0,-1.0,-1.0,-1.0,-1.0,-1.0,-1.0,-1.0,-1.0,-1.0,-1.0,-1.0,-1.0,-1.0,-1.0,-1.0,-1.0,-1.0,-1.0,-1.0,-1.0,-1.0,-1.0,-1.0,-1.0,-1.0,-1.0,-1.0,-1.0,-1.0,-1.0,-1.0,-1.0,-1.0,-1.0,-1.0,-1.0,-1.0,-1.0,-1.0,-1.0,-1.0,-1.0,-1.0,-1.0,-1.0,-1.0,-1.0,-1.0,-1.0,-1.0,-1.0,-1.0,-1.0,-1.0,-1.0,-1.0,-1.0,-1.0,-1.0,-1.0,-1.0,-1.0,-1.0,-1.0,-1.0,-1.0,-1.0,-1.0,-1.0,-1.0,-1.0,-1.0,-1.0,-1.0,-1.0,-1.0,-1.0,-1.0,-1.0,-1.0,-1.0,-1.0,-1.0,-1.0,-1.0,-1.0,-1.0,-1.0,-1.0,-1.0,-1.0,-1.0,-1.0,-1.0,-1.0,-1.0,-1.0,-1.0,-1.0,-1.0,-1.0,-1.0,-1.0,-1.0,-1.0,-1.0,-1.0,-1.0,-1.0,-1.0,-1.0,-1.0,-1.0,-1.0,-1.0,-1.0,-1.0,-1.0,-1.0,-1.0,-1.0,-1.0,-1.0,-1.0,-1.0,-1.0,-1.0,-1.0,-1.0,-1.0,-1.0,-1.0,-1.0,-1.0,-1.0,-1.0,-1.0,-1.0,-1.0,-1.0,-1.0,-1.0,-1.0,-1.0,-1.0,-1.0,-1.0,-1.0,-1.0,-1.0,-1.0,-1.0,-1.0,-1.0,-1.0,-1.0,-1.0,-1.0,-1.0,-1.0,-1.0,-1.0,-1.0,-1.0,-1.0,-1.0,-1.0,-1.0,-1.0,-1.0,-1.0,-1.0,-1.0,-1.0,-1.0,-1.0,-1.0,-1.0,-1.0,-1.0,-1.0
-1.0,-1.0,-1.0,-1.0,-1.0,-1.0,-1.0,-1.0,-1.0,-1.0,-1.0,-1.0,-1.0,-1.0,-1.0,-1.0,-1.0,-1.0,-1.0,-1.0,-1.0,-1.0,-1.0,-1.0,-1.0,-1.0,-1.0,-1.0,-1.0,-1.0,-1.0,-1.0,-1.0,-1.0,-1.0,-1.0,-1.0,-1.0,-1.0,-1.0,-1.0,-1.0,-1.0,-1.0,-1.0,-1.0,-1.0,-1.0,-1.0,-1.0,-1.0,-1.0,-1.0,-1.0,-1.0,-1.0,-1.0,-1.0,-1.0,-1.0,-1.0,-1.0,-1.0,-1.0,-1.0,-1.0,-1.0,-1.0,-1.0,-1.0,-1.0,-1.0,-1.0,-1.0,-1.0,-1.0,-1.0,-1.0,-1.0,-1.0,-1.0,-1.0,-1.0,-1.0,-1.0,-1.0,-1.0,-1.0,-1.0,-1.0,-1.0,-1.0,-1.0,-1.0,-1.0,-1.0,-1.0,-1.0,-1.0,-1.0,-1.0,-1.0,-1.0,-1.0,-1.0,-1.0,-1.0,-1.0,-1.0,-1.0,-1.0,-1.0,-1.0,-1.0,-1.0,-1.0,-1.0,-1.0,-1.0,-1.0,-1.0,-1.0,-1.0,-1.0,-1.0,-1.0,-1.0,-1.0,-1.0,-1.0,-1.0,-1.0,-1.0,-1.0,-1.0,-1.0,-1.0,-1.0,-1.0,-1.0,-1.0,-1.0,-1.0,-1.0,-1.0,-1.0,-1.0,-1.0,-1.0,-1.0,-1.0,-1.0,-1.0,-1.0,-1.0,-1.0,-1.0,-1.0,-1.0,-1.0,-1.0,-1.0,-1.0,-1.0,-1.0,-1.0,-1.0,-1.0,-1.0,-1.0,-1.0,-1.0,-1.0,-1.0,-1.0,-1.0,-1.0,-1.0,-1.0,-1.0,-1.0,-1.0,-1.0,-1.0,-1.0,-1.0,-1.0,-1.0,-1.0,-1.0,-1.0,-1.0,-1.0,-1.0,-1.0,-1.0,-1.0,-1.0,-1.0,-1.0,-1.0,-1.0,-1.0,-1.0,-1.0,-1.0,-1.0,-1.0,-1.0,-1.0,-1.0,-1.0,-1.0,-1.0,-1.0,-1.0,-1.0,-1.0,-1.0,-1.0,-1.0,-1.0,-1.0,-1.0,-1.0,-1.0,-1.0,-1.0,-1.0,-1.0,-1.0,-1.0,-1.0,-1.0,-1.0,-1.0,-1.0,-1.0,-1.0,-1.0,-1.0,-1.0,-1.0,-1.0,-1.0,-1.0,-1.0,-1.0,-1.0,-1.0,-1.0,-1.0,-1.0,-1.0,-1.0,-1.0,-1.0,-1.0,-1.0
-1.0,-1.0,-1.0,-1.0,-1.0,-1.0,-1.0,-1.0,-1.0,-1.0,-1.0,-1.0,-1.0,-1.0,-1.0,-1.0,-1.0,-1.0,-1.0,-1.0,-1.0,-1.0,-1.0,-1.0,-1.0,-1.0,-1.0,-1.0,-1.0,-1.0,-1.0,-1.0,-1.0,-1.0,-1.0,-1.0,-1.0,-1.0,-1.0,-1.0,-1.0,-1.0,-1.0,-1.0,-1.0,-1.0,-1.0,-1.0,-1.0,-1.0,-1.0,-1.0,-1.0,-1.0,-1.0,-1.0,-1.0,-1.0,-1.0,-1.0,-1.0,-1.0,-1.0,-1.0,-1.0,-1.0,-1.0,-1.0,-1.0,-1.0,-1.0,-1.0,-1.0,-1.0,-1.0,-1.0,-1.0,-1.0,-1.0,-1.0,-1.0,-1.0,-1.0,-1.0,-1.0,-1.0,-1.0,-1.0,-1.0,-1.0,-1.0,-1.0,-1.0,-1.0,-1.0,-1.0,-1.0,-1.0,-1.0,-1.0,-1.0,-1.0,-1.0,-1.0,-1.0,-1.0,-1.0,-1.0,-1.0,-1.0,-1.0,-1.0,-1.0,-1.0,-1.0,-1.0,-1.0,-1.0,-1.0,-1.0,-1.0,-1.0,-1.0,-1.0,-1.0,-1.0,-1.0,-1.0,-1.0,-1.0,-1.0,-1.0,-1.0,-1.0,-1.0,-1.0,-1.0,-1.0,-1.0,-1.0,-1.0,-1.0,-1.0,-1.0,-1.0,-1.0,-1.0,-1.0,-1.0,-1.0,-1.0,-1.0,-1.0,-1.0,-1.0,-1.0,-1.0,-1.0,-1.0,-1.0,-1.0,-1.0,-1.0,-1.0,-1.0,-1.0,-1.0,-1.0,-1.0,-1.0,-1.0,-1.0,-1.0,-1.0,-1.0,-1.0,-1.0,-1.0,-1.0,-1.0,-1.0,-1.0,-1.0,-1.0,-1.0,-1.0,-1.0,-1.0,-1.0,-1.0,-1.0,-1.0,-1.0,-1.0,-1.0,-1.0,-1.0,-1.0,-1.0,-1.0,-1.0,-1.0,-1.0,-1.0,-1.0,-1.0,-1.0,-1.0,-1.0,-1.0,-1.0,-1.0,-1.0,-1.0,-1.0,-1.0,-1.0,-1.0,-1.0,-1.0,-1.0,-1.0,-1.0,-1.0,-1.0,-1.0,-1.0,-1.0,-1.0,-1.0,-1.0,-1.0,-1.0,-1.0,-1.0,-1.0,-1.0,-1.0,-1.0,-1.0,-1.0,-1.0,-1.0,-1.0,-1.0,-1.0,-1.0,-1.0,-1.0,-1.0,-1.0,-1.0,-1.0,-1.0,-1.0,-1.0,-1.0,-1.0,-1.0
-1.0,-1.0,-1.0,-1.0,-1.0,-1.0,-1.0,-1.0,-1.0,-1.0,-1.0,-1.0,-1.0,-1.0,-1.0,-1.0,-1.0,-1.0,-1.0,-1.0,-1.0,-1.0,-1.0,-1.0,-1.0,-1.0,-1.0,-1.0,-1.0,-1.0,-1.0,-1.0,-1.0,-1.0,-1.0,-1.0,-1.0,-1.0,-1.0,-1.0,-1.0,-1.0,-1.0,-1.0,-1.0,-1.0,-1.0,-1.0,-1.0,-1.0,-1.0,-1.0,-1.0,-1.0,-1.0,-1.0,-1.0,-1.0,-1.0,-1.0,-1.0,-1.0,-1.0,-1.0,-1.0,-1.0,-1.0,-1.0,-1.0,-1.0,-1.0,-1.0,-1.0,1.0,-1.0,-1.0,-1.0,1.0,-1.0,-1.0,-1.0,-1.0,-1.0,-1.0,-1.0,-1.0,-1.0,-1.0,-1.0,-1.0,-1.0,-1.0,-1.0,-1.0,-1.0,-1.0,-1.0,-1.0,-1.0,-1.0,-1.0,-1.0,-1.0,-1.0,-1.0,-1.0,-1.0,-1.0,-1.0,-1.0,-1.0,-1.0,-1.0,-1.0,-1.0,-1.0,-1.0,-1.0,-1.0,-1.0,-1.0,-1.0,-1.0,-1.0,-1.0,-1.0,-1.0,-1.0,-1.0,-1.0,-1.0,-1.0,-1.0,-1.0,-1.0,-1.0,-1.0,-1.0,-1.0,-1.0,-1.0,-1.0,-1.0,-1.0,-1.0,-1.0,-1.0,-1.0,-1.0,-1.0,-1.0,-1.0,-1.0,-1.0,-1.0,-1.0,-1.0,-1.0,-1.0,-1.0,-1.0,-1.0,-1.0,-1.0,-1.0,-1.0,-1.0,-1.0,-1.0,-1.0,-1.0,-1.0,-1.0,-1.0,-1.0,-1.0,-1.0,-1.0,-1.0,-1.0,-1.0,-1.0,-1.0,-1.0,-1.0,-1.0,-1.0,-1.0,-1.0,-1.0,-1.0,-1.0,-1.0,-1.0,-1.0,-1.0,-1.0,-1.0,-1.0,-1.0,-1.0,-1.0,-1.0,-1.0,-1.0,-1.0,-1.0,-1.0,-1.0,-1.0,-1.0,-1.0,-1.0,-1.0,-1.0,-1.0,-1.0,-1.0,-1.0,-1.0,-1.0,-1.0,-1.0,-1.0,-1.0,-1.0,-1.0,-1.0,-1.0,-1.0,-1.0,-1.0,-1.0,-1.0,-1.0,-1.0,-1.0,-1.0,-1.0,-1.0,-1.0,-1.0,1.0,-1.0,-1.0,-1.0,-1.0,-1.0,-1.0,-1.0,-1.0,-1.0,-1.0,-1.0,-1.0,-1.0,-1.0,-1.0,-1.0
-0.47847101069523384,-0.54574069356227,0.5305742323103066,1.337810426714739,1.337810426714739,1.337810426714739,1.337810426714739,1.337810426714739,1.337810426714739,1.337810426714739,1.337810426714739,1.337810426714739,1.337810426714739,1.337810426714739,1.337810426714739,1.337810426714739,1.337810426714739,1.337810426714739,1.337810426714739,0.5305742323103066,1.337810426714739,1.337810426714739,1.337810426714739,1.337810426714739,1.337810426714739,1.337810426714739,1.337810426714739,0.12695613510809048,1.337810426714739,0.5305742323103066,1.337810426714739,1.337810426714739,1.337810426714739,1.337810426714739,0.12695613510809048,1.337810426714739,1.337810426714739,1.337810426714739,1.337810426714739,1.337810426714739,1.337810426714739,1.337810426714739,0.12695613510809048,1.337810426714739,1.337810426714739,1.337810426714739,1.337810426714739,1.337810426714739,1.337810426714739,-0.5995564398558987,1.337810426714739,1.337810426714739,-0.27666196209412575,-1.0838981564985581,0.12695613510809048,1.337810426714739,-1.0838981564985581,-0.9109189719833226,-1.0838981564985581,-0.47847101069523384,-1.0838981564985581,-0.423432179258568,-1.0838981564985581,-0.3387570539713897,-1.0838981564985581,-0.6435875050052313,1.337810426714739,-1.0838981564985581,1.337810426714739,-1.0838981564985581,1.337810426714739,-1.0838981564985581,1.337810426714739,-0.27666196209412575,0.0,-1.0838981564985581,1.337810426714739,-0.22917748007033553,1.337810426714739,1.337810426714739,-1.0838981564985581,-0.8820891078974501,-0.1152147232132392,-0.20327685351190458,-0.5995564398558987,-0.6687481136619929,-1.0838981564985581,0.0,-0.27666196209412575,-0.27666196209412575,-0.5995564398558987,-0.9829936321980041,-0.6514501952104694,-1.0838981564985581,-0.27666196209412575,-0.6802800592963419,-1.0838981564985581,-1.0838981564985581,-0.814819425030414,0.12695613510809048,1.337810426714739,1.337810426714739,1.337810426714739,1.337810426714739,1.337810426714739,1.337810426714739,0.12695613510809048,-1.0838981564985581,0.0,-1.0838981564985581,0.0,-1.0838981564985581,0.0,-1.0838981564985581,0.0,-1.0838981564985581,0.0,-1.0838981564985581,0.0,-1.0838981564985581,0.0,-1.0838981564985581,0.0,-1.0838981564985581,-0.27666196209412575,0.12695613510809048,1.337810426714739,1.337810426714739,1.337810426714739,1.337810426714739,1.337810426714739,1.337810426714739,1.337810426714739,-0.54574069356227,1.337810426714739,-0.54574069356227,1.337810426714739,1.337810426714739,-0.27666196209412575,-0.781184583596896,-1.0838981564985581,-0.357385581534569,-0.781184583596896,-1.0838981564985581,-0.423432179258568,-0.781184583596896,-1.0838981564985581,0.01687847223475875,-1.0838981564985581,-0.8417272981772284,-0.8820891078974501,0.12695613510809048,-0.8417272981772284,-0.423432179258568,1.337810426714739,0.7323832809114148,-0.5250423296031819,-0.5250423296031819,0.01687847223475875,0.01687847223475875,-0.5995564398558987,-0.5995564398558987,1.337810426714739,1.337810426714739,-0.54574069356227,1.337810426714739,0.5305742323103066,0.8534687100720798,0.8534687100720798,1.337810426714739,1.337810426714739,-1.0838981564985581,-0.1152147232132392,-1.0838981564985581,-0.357385581534569,1.337810426714739,1.337810426714739,1.337810426714739,1.337810426714739,1.337810426714739,1.337810426714739,1.337810426714739,1.337810426714739,1.337810426714739,1.337810426714739,1.337810426714739,1.337810426714739,1.337810426714739,1.337810426714739,1.337810426714739,1.337810426714739,1.337810426714739,1.337810426714739,1.337810426714739,1.337810426714739,1.337810426714739,1.337810426714739,1.337810426714739,1.337810426714739,1.337810426714739,1.337810426714739,1.337810426714739,1.337810426714739,1.337810426714739,1.337810426714739,1.337810426714739,1.337810426714739,1.337810426714739,1.337810426714739,1.337810426714739,1.337810426714739,1.337810426714739,1.337810426714739,1.337810426714739,1.337810426714739,1.337810426714739,1.337810426714739,1.337810426714739,1.337810426714739,1.337810426714739,1.337810426714739,1.337810426714739,1.337810426714739,1.337810426714739,1.337810426714739,1.337810426714739,1.337810426714739,1.337810426714739,1.337810426714739,1.337810426714739,0.12695613510809048,1.337810426714739,1.337810426714739,1.337810426714739,0.12695613510809048,0.12695613510809048,1.337810426714739,1.337810426714739,1.337810426714739,1.337810426714739,1.337810426714739,1.337810426714739,0.991852057684268,0.0,0.5305742323103066,0.0,1.337810426714739,0.0,1.337810426714739,0.0,1.337810426714739,0.7323832809114148,1.337810426714739,1.337810426714739,1.337810426714739,-0.781184583596896,-0.6802800592963419,-0.781184583596896,-1.0838981564985581
-0.7114277058548415,-0.7416934464348534,0.16983944632785655,1.4516825767754173,1.4516825767754173,1.4516825767754173,1.4516825767754173,1.4516825767754173,1.4516825767754173,1.4516825767754173,1.4516825767754173,1.4516825767754173,1.4516825767754173,1.4516825767754173,1.4516825767754173,1.4516825767754173,1.4516825767754173,1.4516825767754173,1.4516825767754173,0.16983944632785655,1.4516825767754173,1.4516825767754173,1.4516825767754173,1.4516825767754173,1.4516825767754173,1.4516825767754173,1.4516825767754173,-0.2788056493287897,1.4516825767754173,0.16983944632785655,1.4516825767754173,1.4516825767754173,1.4516825767754173,1.4516825767754173,-0.2788056493287897,1.4516825767754173,1.4516825767754173,1.4516825767754173,1.4516825767754173,1.4516825767754173,1.4516825767754173,1.4516825767754173,-0.2788056493287897,1.4516825767754173,1.4516825767754173,1.4516825767754173,1.4516825767754173,1.4516825767754173,1.4516825767754173,-0.7633423526379678,1.4516825767754173,1.4516825767754173,-0.59926643194068,-0.8556350580301921,-0.2788056493287897,1.4516825767754173,-0.8556350580301921,-0.843863029281184,-0.8556350580301921,-0.7114277058548415,-0.8556350580301921,-0.6840163909785353,-0.8556350580301921,-0.6371907849125014,-0.8556350580301921,-0.7793600948961223,1.4516825767754173,-0.8556350580301921,1.4516825767754173,-0.8556350580301921,1.4516825767754173,-0.8556350580301921,1.4516825767754173,-0.59926643194068,0.0,-0.8556350580301921,1.4516825767754173,-0.5682183284350296,1.4516825767754173,1.4516825767754173,-0.8556350580301921,-0.8396120188995977,-0.4864642364612945,-0.5505352054939131,-0.7633423526379678,-0.7878281724359047,-0.8556350580301921,0.0,-0.59926643194068,-0.59926643194068,-0.7633423526379678,-0.8516292982475435,-0.7820598783488908,-0.8556350580301921,-0.59926643194068,-0.791542901507814,-0.8556350580301921,-0.8556350580301921,-0.8271496551313574,-0.2788056493287897,1.4516825767754173,1.4516825767754173,1.4516825767754173,1.4516825767754173,1.4516825767754173,1.4516825767754173,-0.2788056493287897,-0.8556350580301921,0.0,-0.8556350580301921,0.0,-0.8556350580301921,0.0,-0.8556350580301921,0.0,-0.8556350580301921,0.0,-0.8556350580301921,0.0,-0.8556350580301921,0.0,-0.8556350580301921,0.0,-0.8556350580301921,-0.59926643194068,-0.2788056493287897,1.4516825767754173,1.4516825767754173,1.4516825767754173,1.4516825767754173,1.4516825767754173,1.4516825767754173,1.4516825767754173,-0.7416934464348534,1.4516825767754173,-0.7416934464348534,1.4516825767754173,1.4516825767754173,-0.59926643194068,-0.8195832199863545,-0.8556350580301921,-0.6479764708976872,-0.8195832199863545,-0.8556350580301921,-0.6840163909785353,-0.8195832199863545,-0.8556350580301921,-0.3789165384422563,-0.8556350580301921,-0.832561881682136,-0.8396120188995977,-0.2788056493287897,-0.832561881682136,-0.6840163909785353,1.4516825767754173,0.4422311115479633,-0.732760154401491,-0.732760154401491,-0.3789165384422563,-0.3789165384422563,-0.7633423526379678,-0.7633423526379678,1.4516825767754173,1.4516825767754173,-0.7416934464348534,1.4516825767754173,0.16983944632785655,0.6210482282453983,0.6210482282453983,1.4516825767754173,1.4516825767754173,-0.8556350580301921,-0.4864642364612945,-0.8556350580301921,-0.6479764708976872,1.4516825767754173,1.4516825767754173,1.4516825767754173,1.4516825767754173,1.4516825767754173,1.4516825767754173,1.4516825767754173,1.4516825767754173,1.4516825767754173,1.4516825767754173,1.4516825767754173,1.4516825767754173,1.4516825767754173,1.4516825767754173,1.4516825767754173,1.4516825767754173,1.4516825767754173,1.4516825767754173,1.4516825767754173,1.4516825767754173,1.4516825767754173,1.4516825767754173,1.4516825767754173,1.4516825767754173,1.4516825767754173,1.4516825767754173,1.4516825767754173,1.4516825767754173,1.4516825767754173,1.4516825767754173,1.4516825767754173,1.4516825767754173,1.4516825767754173,1.4516825767754173,1.4516825767754173,1.4516825767754173,1.4516825767754173,1.4516825767754173,1.4516825767754173,1.4516825767754173,1.4516825767754173,1.4516825767754173,1.4516825767754173,1.4516825767754173,1.4516825767754173,1.4516825767754173,1.4516825767754173,1.4516825767754173,1.4516825767754173,1.4516825767754173,1.4516825767754173,1.4516825767754173,1.4516825767754173,1.4516825767754173,1.4516825767754173,-0.2788056493287897,1.4516825767754173,1.4516825767754173,1.4516825767754173,-0.2788056493287897,-0.2788056493287897,1.4516825767754173,1.4516825767754173,1.4516825767754173,1.4516825767754173,1.4516825767754173,1.4516825767754173,0.8395370818269903,0.0,0.16983944632785655,0.0,1.4516825767754173,0.0,1.4516825767754173,0.0,1.4516825767754173,0.4422311115479633,1.4516825767754173,1.4516825767754173,1.4516825767754173,-0.8195832199863545,-0.791542901507814,-0.8195832199863545,-0.8556350580301921
-0.7383952689010893,-0.7489553331918166,-0.10114161965190568,1.4965912411460476,1.4965912411460476,1.4965912411460476,1.4965912411460476,1.4965912411460476,1.4965912411460476,1.4965912411460476,1.4965912411460476,1.4965912411460476,1.4965912411460476,1.4965912411460476,1.4965912411460476,1.4965912411460476,1.4965912411460476,1.4965912411460476,1.4965912411460476,-0.10114161965190568,1.4965912411460476,1.4965912411460476,1.4965912411460476,1.4965912411460476,1.4965912411460476,1.4965912411460476,1.4965912411460476,-0.49006343445140743,1.4965912411460476,-0.10114161965190568,1.4965912411460476,1.4965912411460476,1.4965912411460476,1.4965912411460476,-0.49006343445140743,1.4965912411460476,1.4965912411460476,1.4965912411460476,1.4965912411460476,1.4965912411460476,1.4965912411460476,1.4965912411460476,-0.49006343445140743,1.4965912411460476,1.4965912411460476,1.4965912411460476,1.4965912411460476,1.4965912411460476,1.4965912411460476,-0.7557075453598672,1.4965912411460476,1.4965912411460476,-0.6897800420511516,-0.7738712452510439,-0.49006343445140743,1.4965912411460476,-0.7738712452510439,-0.7730438172312198,-0.7738712452510439,-0.7383952689010893,-0.7738712452510439,-0.7278137793361517,-0.7738712452510439,-0.7077312365439825,-0.7738712452510439,-0.7602245886836685,1.4965912411460476,-0.7738712452510439,1.4965912411460476,-0.7738712452510439,1.4965912411460476,-0.7738712452510439,1.4965912411460476,-0.6897800420511516,0.0,-0.7738712452510439,1.4965912411460476,-0.6740503828326087,1.4965912411460476,1.4965912411460476,-0.7738712452510439,-0.7725573202010455,-0.62856164612163,-0.6646979927120402,-0.7557075453598672,-0.7624328803049967,-0.7738712452510439,0.0,-0.6897800420511516,-0.6897800420511516,-0.7557075453598672,-0.7737070046197941,-0.7609426824412937,-0.7738712452510439,-0.6897800420511516,-0.7633598448510573,-0.7738712452510439,-0.7738712452510439,-0.7707567562436405,-0.49006343445140743,1.4965912411460476,1.4965912411460476,1.4965912411460476,1.4965912411460476,1.4965912411460476,1.4965912411460476,-0.49006343445140743,-0.7738712452510439,0.0,-0.7738712452510439,0.0,-0.7738712452510439,0.0,-0.7738712452510439,0.0,-0.7738712452510439,0.0,-0.7738712452510439,0.0,-0.7738712452510439,0.0,-0.7738712452510439,0.0,-0.7738712452510439,-0.6897800420511516,-0.49006343445140743,1.4965912411460476,1.4965912411460476,1.4965912411460476,1.4965912411460476,1.4965912411460476,1.4965912411460476,1.4965912411460476,-0.7489553331918166,1.4965912411460476,-0.7489553331918166,1.4965912411460476,1.4965912411460476,-0.6897800420511516,-0.7694367482072996,-0.7738712452510439,-0.7125687581183223,-0.7694367482072996,-0.7738712452510439,-0.7278137793361517,-0.7694367482072996,-0.7738712452510439,-0.5606422363858024,-0.7738712452510439,-0.7716007827646468,-0.7725573202010455,-0.49006343445140743,-0.7716007827646468,-0.7278137793361517,1.4965912411460476,0.1839801161977291,-0.7459684290777524,-0.7459684290777524,-0.5606422363858024,-0.5606422363858024,-0.7557075453598672,-0.7557075453598672,1.4965912411460476,1.4965912411460476,-0.7489553331918166,1.4965912411460476,-0.10114161965190568,0.38860554778426726,0.38860554778426726,1.4965912411460476,1.4965912411460476,-0.7738712452510439,-0.62856164612163,-0.7738712452510439,-0.7125687581183223,1.4965912411460476,1.4965912411460476,1.4965912411460476,1.4965912411460476,1.4965912411460476,1.4965912411460476,1.4965912411460476,1.4965912411460476,1.4965912411460476,1.4965912411460476,1.4965912411460476,1.4965912411460476,1.4965912411460476,1.4965912411460476,1.4965912411460476,1.4965912411460476,1.4965912411460476,1.4965912411460476,1.4965912411460476,1.4965912411460476,1.4965912411460476,1.4965912411460476,1.4965912411460476,1.4965912411460476,1.4965912411460476,1.4965912411460476,1.4965912411460476,1.4965912411460476,1.4965912411460476,1.4965912411460476,1.4965912411460476,1.4965912411460476,1.4965912411460476,1.4965912411460476,1.4965912411460476,1.4965912411460476,1.4965912411460476,1.4965912411460476,1.4965912411460476,1.4965912411460476,1.4965912411460476,1.4965912411460476,1.4965912411460476,1.4965912411460476,1.4965912411460476,1.4965912411460476,1.4965912411460476,1.4965912411460476,1.4965912411460476,1.4965912411460476,1.4965912411460476,1.4965912411460476,1.4965912411460476,1.4965912411460476,1.4965912411460476,-0.49006343445140743,1.4965912411460476,1.4965912411460476,1.4965912411460476,-0.49006343445140743,-0.49006343445140743,1.4965912411460476,1.4965912411460476,1.4965912411460476,1.4965912411460476,1.4965912411460476,1.4965912411460476,0.6559243730048503,0.0,-0.10114161965190568,0.0,1.4965912411460476,0.0,1.4965912411460476,0.0,1.4965912411460476,0.1839801161977291,1.4965912411460476,1.4965912411460476,1.4965912411460476,-0.7694367482072996,-0.7633598448510573,-0.7694367482072996,-0.7738712452510439
-1.0,-1.0,-1.0,-1.0,-1.0,-1.0,-1.0,-1.0,-1.0,-1.0,-1.0,-1.0,-1.0,-1.0,-1.0,-1.0,-1.0,-1.0,-1.0,-1.0,-1.0,-1.0,-1.0,-1.0,-1.0,-1.0,-1.0,-1.0,-1.0,-1.0,-1.0,-1.0,-1.0,-1.0,-1.0,-1.0,-1.0,-1.0,-1.0,-1.0,-1.0,-1.0,-1.0,-1.0,-1.0,-1.0,-1.0,-1.0,-1.0,-1.0,-1.0,1.0,-1.0,-1.0,-1.0,-1.0,-1.0,-1.0,-1.0,-1.0,-1.0,-1.0,-1.0,-1.0,-1.0,-1.0,-1.0,-1.0,-1.0,-1.0,-1.0,-1.0,-1.0,-1.0,-1.0,-1.0,-1.0,-1.0,-1.0,-1.0,-1.0,-1.0,-1.0,-1.0,-1.0,-1.0,-1.0,-1.0,-1.0,-1.0,-1.0,-1.0,-1.0,-1.0,-1.0,-1.0,-1.0,-1.0,-1.0,-1.0,-1.0,-1.0,-1.0,-1.0,-1.0,-1.0,-1.0,-1.0,-1.0,-1.0,-1.0,-1.0,-1.0,-1.0,-1.0,-1.0,-1.0,-1.0,-1.0,-1.0,-1.0,-1.0,-1.0,-1.0,-1.0,-1.0,-1.0,-1.0,-1.0,-1.0,-1.0,-1.0,-1.0,-1.0,-1.0,-1.0,-1.0,-1.0,-1.0,-1.0,-1.0,-1.0,-1.0,-1.0,-1.0,-1.0,-1.0,-1.0,-1.0,-1.0,-1.0,-1.0,-1.0,-1.0,-1.0,-1.0,-1.0,-1.0,-1.0,-1.0,-1.0,-1.0,-1.0,-1.0,-1.0,-1.0,-1.0,-1.0,-1.0,-1.0,-1.0,-1.0,-1.0,-1.0,-1.0,-1.0,-1.0,-1.0,-1.0,-1.0,-1.0,-1.0,-1.0,-1.0,-1.0,-1.0,-1.0,-1.0,-1.0,-1.0,-1.0,-1.0,-1.0,-1.0,-1.0,-1.0,-1.0,-1.0,-1.0,-1.0,-1.0,-1.0,-1.0,-1.0,-1.0,-1.0,-1.0,-1.0,-1.0,-1.0,-1.0,-1.0,-1.0,-1.0,-1.0,-1.0,-1.0,-1.0,-1.0,-1.0,-1.0,-1.0,-1.0,-1.0,-1.0,-1.0,-1.0,-1.0,-1.0,-1.0,-1.0,-1.0,-1.0,-1.0,-1.0,-1.0,-1.0,-1.0,-1.0,-1.0,-1.0,-1.0,-1.0,-1.0,-1.0,-1.0,-1.0,-1.0,-1.0,-1.0,-1.0,-1.0,-1.0,-1.0,-1.0,-1.0,-1.0,-1.0,-1.0
1.0,1.0,1.0,1.0,1.0,1.0,1.0,1.0,1.0,1.0,1.0,1.0,1.0,1.0,1.0,1.0,1.0,1.0,1.0,1.0,1.0,1.0,1.0,1.0,1.0,1.0,1.0,1.0,1.0,1.0,1.0,1.0,1.0,1.0,1.0,1.0,1.0,1.0,1.0,1.0,1.0,1.0,1.0,1.0,1.0,1.0,1.0,1.0,1.0,1.0,1.0,1.0,1.0,1.0,1.0,1.0,1.0,1.0,1.0,1.0,1.0,1.0,1.0,1.0,1.0,1.0,1.0,1.0,1.0,1.0,1.0,1.0,1.0,1.0,1.0,1.0,1.0,1.0,1.0,1.0,1.0,1.0,1.0,1.0,1.0,1.0,1.0,1.0,1.0,1.0,1.0,1.0,1.0,1.0,1.0,1.0,1.0,1.0,1.0,1.0,1.0,1.0,1.0,1.0,1.0,1.0,1.0,1.0,1.0,1.0,1.0,1.0,1.0,1.0,1.0,1.0,1.0,1.0,1.0,1.0,1.0,1.0,1.0,1.0,1.0,1.0,1.0,1.0,1.0,1.0,1.0,1.0,1.0,1.0,1.0,1.0,1.0,1.0,1.0,1.0,1.0,1.0,1.0,1.0,1.0,1.0,1.0,1.0,1.0,1.0,1.0,1.0,1.0,1.0,1.0,1.0,1.0,1.0,1.0,1.0,1.0,1.0,1.0,1.0,1.0,1.0,1.0,1.0,1.0,1.0,1.0,1.0,1.0,1.0,1.0,1.0,1.0,1.0,1.0,1.0,1.0,1.0,1.0,1.0,1.0,1.0,1.0,1.0,1.0,1.0,1.0,1.0,1.0,1.0,1.0,1.0,1.0,1.0,1.0,1.0,1.0,1.0,1.0,1.0,1.0,1.0,1.0,1.0,1.0,1.0,1.0,1.0,1.0,1.0,1.0,1.0,1.0,1.0,1.0,1.0,1.0,1.0,1.0,1.0,1.0,1.0,1.0,1.0,1.0,1.0,1.0,1.0,1.0,1.0,1.0,1.0,1.0,1.0,1.0,1.0,1.0,1.0,1.0,1.0,1.0,1.0,1.0,1.0,1.0,1.0,1.0,1.0,1.0,1.0,1.0,1.0,1.0,1.0,1.0
1.0,0.0,0.0,0.0,0.0,0.0,0.0,0.0,0.0,0.0,0.0,0.0,0.0,0.0,0.0,0.0,0.0,0.0,0.0,0.0,0.0,0.0,0.0,0.0,0.0,0.0,0.0,0.0,0.0,0.0,0.0,0.0,0.0,0.0,0.0,0.0,0.0,0.0,0.0,0.0,0.0,0.0,0.0,0.0,0.0,0.0,0.0,0.0,0.0,0.0,0.0,0.0,0.0,0.0,0.0,0.0,0.0,0.0,0.0,0.0,0.0,0.0,0.0,0.0,0.0,0.0,0.0,0.0,0.0,0.0,0.0,0.0,0.0,0.0,0.0,0.0,0.0,0.0,0.0,0.0,0.0,0.0,0.0,0.0,0.0,0.0,0.0,0.0,0.0,0.0,0.0,0.0,0.0,0.0,0.0,0.0,0.0,0.0,0.0,0.0,0.0,0.0,0.0,0.0,0.0,0.0,0.0,0.0,0.0,0.0,0.0,0.0,0.0,0.0,0.0,0.0,0.0,0.0,0.0,0.0,0.0,0.0,0.0,0.0,0.0,0.0,0.0,0.0,0.0,0.0,0.0,0.0,0.0,0.0,0.0,0.0,0.0,0.0,0.0,0.0,0.0,0.0,0.0,0.0,0.0,0.0,0.0,0.0,0.0,0.0,0.0,0.0,0.0,0.0,0.0,0.0,0.0,0.0,0.0,0.0,0.0,0.0,0.0,0.0,0.0,0.0,0.0,0.0,0.0,0.0,0.0,0.0,0.0,0.0,0.0,0.0,0.0,0.0,0.0,0.0,0.0,0.0,0.0,0.0,0.0,0.0,0.0,0.0,0.0,0.0,0.0,0.0,0.0,0.0,0.0,0.0,0.0,0.0,0.0,0.0,0.0,0.0,0.0,0.0,0.0,0.0,0.0,0.0,0.0,0.0,0.0,0.0,0.0,0.0,0.0,0.0,0.0,0.0,0.0,0.0,0.0,0.0,0.0,0.0,0.0,0.0,0.0,0.0,0.0,0.0,0.0,0.0,0.0,0.0,0.0,0.0,0.0,0.0,0.0,0.0,0.0,0.0,0.0,0.0,0.0,0.0,0.0,0.0,0.0,0.0,0.0,0.0,0.0,0.0,0.0,0.0,0.0,0.0,1.0
0.2422127659574469,-0.5833333333333333,-0.5833333333333333,0.7606837606837606,1.0,1.0,1.0,1.0,1.0,1.0,1.0,1.0,1.0,1.0,1.0,1.0,1.0,1.0,1.0,1.0,1.0,1.0,1.0,1.0,1.0,1.0,1.0,1.0,0.7606837606837606,-1.0,-1.0,1.0,1.0,0.7829457364341086,0.5769230769230769,1.0,1.0,1.0,1.0,1.0,1.0,0.6071428571428572,0.5769230769230769,1.0,1.0,1.0,1.0,1.0,1.0,-0.23180914512922468,0.7333333333333334,0.7333333333333334,1.0,1.0,1.0,0.901907356948229,1.0,1.0,1.0,1.0,1.0,1.0,1.0,1.0,1.0,1.0,-1.0,-1.0,-1.0,-1.0,-1.0,-1.0,-1.0,-1.0,-1.0,-1.0,-0.7425742574257426,-1.0,-1.0,0.1578947368421053,0.1578947368421053,0.944055944055944,0.944055944055944,0.944055944055944,0.944055944055944,-0.5598455598455598,-0.5598455598455598,-0.5598455598455598,-0.7154255319148937,-0.7154255319148937,-0.7154255319148937,-0.7154255319148937,-0.453125,-0.453125,-0.453125,-0.34285714285714286,-0.34285714285714286,-0.34285714285714286,-0.7154255319148937,0.5769230769230769,1.0,1.0,1.0,1.0,1.0,1.0,0.625,0.625,0.625,0.625,0.625,0.625,0.625,0.625,0.625,0.625,0.625,0.625,0.625,0.625,0.625,0.625,0.625,0.625,0.562043795620438,0.5769230769230769,1.0,1.0,1.0,1.0,1.0,1.0,1.0,1.0,1.0,1.0,0.16219264606361383,-1.0,-1.0,-1.0,-1.0,0.21367521367521358,-1.0,-1.0,0.12380952380952381,-1.0,-1.0,0.14814814814814814,0.9044776119402984,1.0,1.0,1.0,1.0,1.0,-1.0,-1.0,1.0,1.0,1.0,1.0,1.0,1.0,0.9149797570850202,0.8181818181818181,0.8181818181818181,-1.0,-1.0,1.0,1.0,0.8490566037735849,0.6770186335403727,0.7777777777777777,0.7777777777777777,0.8441558441558441,0.8441558441558441,1.0,1.0,1.0,1.0,1.0,1.0,1.0,1.0,1.0,1.0,1.0,1.0,1.0,1.0,1.0,1.0,1.0,1.0,1.0,1.0,1.0,1.0,1.0,1.0,1.0,1.0,1.0,1.0,1.0,1.0,1.0,1.0,1.0,1.0,1.0,1.0,1.0,1.0,1.0,1.0,1.0,1.0,1.0,1.0,1.0,1.0,1.0,1.0,1.0,1.0,1.0,1.0,1.0,1.0,1.0,1.0,1.0,1.0,1.0,1.0,1.0,1.0,1.0,1.0,1.0,1.0,0.8125,-0.0888888888888889,-0.0888888888888889,-0.0888888888888889,-0.0888888888888889,-0.0888888888888889,0.875,0.875,-0.0888888888888889,-0.0888888888888889,-0.9340659340659341,-0.9340659340659341,-0.9340659340659341,-0.9340659340659341,-0.9340659340659341,-0.9340659340659341,-0.9340659340659341,0.2422127659574469
-0.4775130935520587,0.04722599305560278,0.04722599305560278,0.04722599305560278,0.04722599305560278,0.04722599305560278,0.04722599305560278,0.04722599305560278,0.04722599305560278,0.04722599305560278,0.04722599305560278,0.04722599305560278,0.04722599305560278,0.04722599305560278,0.04722599305560278,0.04722599305560278,0.04722599305560278,0.04722599305560278,0.04722599305560278,0.04722599305560278,0.5719650796632643,0.5719650796632643,0.5719650796632643,0.5719650796632643,0.5719650796632643,0.5719650796632643,0.5719650796632643,0.04722599305560278,0.04722599305560278,-0.4775130935520587,-0.4775130935520587,-1.0022521801597202,-1.0022521801597202,0.04722599305560278,0.5719650796632643,0.5719650796632643,0.5719650796632643,0.5719650796632643,0.5719650796632643,0.5719650796632643,0.5719650796632643,0.5719650796632643,0.5719650796632643,0.5719650796632643,0.5719650796632643,0.5719650796632643,0.5719650796632643,0.5719650796632643,0.5719650796632643,-0.4775130935520587,-0.4775130935520587,-0.4775130935520587,-0.4775130935520587,-0.4775130935520587,-0.4775130935520587,-0.4775130935520587,-0.4775130935520587,-0.4775130935520587,-0.4775130935520587,-0.4775130935520587,-0.4775130935520587,-0.4775130935520587,-1.0022521801597202,-1.0022521801597202,-0.4775130935520587,-0.4775130935520587,0.5719650796632643,0.5719650796632643,0.5719650796632643,0.5719650796632643,1.0967041662709258,1.0967041662709258,0.5719650796632643,-1.0022521801597202,-1.0022521801597202,-1.0022521801597202,-0.4775130935520587,-1.0022521801597202,-1.0022521801597202,-0.4775130935520587,-0.4775130935520587,0.04722599305560278,0.04722599305560278,0.04722599305560278,0.04722599305560278,-0.4775130935520587,-0.4775130935520587,-0.4775130935520587,-0.4775130935520587,-0.4775130935520587,-0.4775130935520587,-0.4775130935520587,-0.4775130935520587,-0.4775130935520587,-0.4775130935520587,0.04722599305560278,0.04722599305560278,0.04722599305560278,-0.4775130935520587,0.5719650796632643,0.5719650796632643,0.5719650796632643,0.5719650796632643,0.5719650796632643,0.5719650796632643,0.5719650796632643,0.04722599305560278,0.04722599305560278,0.04722599305560278,0.04722599305560278,0.04722599305560278,0.04722599305560278,0.04722599305560278,0.04722599305560278,0.04722599305560278,0.04722599305560278,0.04722599305560278,0.04722599305560278,0.04722599305560278,0.04722599305560278,0.04722599305560278,0.04722599305560278,0.04722599305560278,0.04722599305560278,0.04722599305560278,0.5719650796632643,0.5719650796632643,0.5719650796632643,0.5719650796632643,0.5719650796632643,0.5719650796632643,0.5719650796632643,0.04722599305560278,0.04722599305560278,0.04722599305560278,0.04722599305560278,-0.4775130935520587,-0.4775130935520587,-0.4775130935520587,-1.0022521801597202,-1.0022521801597202,-0.4775130935520587,-1.0022521801597202,-1.0022521801597202,-0.4775130935520587,-1.0022521801597202,-1.0022521801597202,-0.4775130935520587,-0.4775130935520587,-0.4775130935520587,-0.4775130935520587,-0.4775130935520587,-0.4775130935520587,-0.4775130935520587,-1.0022521801597202,-1.0022521801597202,-0.4775130935520587,-0.4775130935520587,0.04722599305560278,0.04722599305560278,0.04722599305560278,0.04722599305560278,-0.4775130935520587,-0.4775130935520587,-0.4775130935520587,-1.0022521801597202,-1.0022521801597202,-0.4775130935520587,-0.4775130935520587,-0.4775130935520587,0.04722599305560278,0.04722599305560278,0.04722599305560278,0.5719650796632643,0.5719650796632643,0.5719650796632643,1.0967041662709258,1.0967041662709258,1.0967041662709258,1.0967041662709258,1.0967041662709258,1.0967041662709258,1.0967041662709258,0.04722599305560278,0.04722599305560278,0.04722599305560278,0.04722599305560278,1.0967041662709258,1.0967041662709258,1.0967041662709258,1.0967041662709258,1.0967041662709258,1.0967041662709258,1.0967041662709258,0.5719650796632643,0.04722599305560278,0.04722599305560278,0.04722599305560278,0.04722599305560278,0.04722599305560278,0.04722599305560278,0.04722599305560278,0.04722599305560278,0.04722599305560278,0.04722599305560278,0.04722599305560278,0.04722599305560278,0.04722599305560278,0.04722599305560278,0.04722599305560278,0.04722599305560278,0.04722599305560278,0.04722599305560278,0.04722599305560278,0.04722599305560278,0.5719650796632643,0.5719650796632643,0.5719650796632643,0.5719650796632643,0.5719650796632643,1.0967041662709258,1.0967041662709258,1.0967041662709258,1.0967041662709258,0.04722599305560278,0.04722599305560278,0.04722599305560278,0.04722599305560278,0.04722599305560278,0.04722599305560278,0.04722599305560278,0.04722599305560278,0.04722599305560278,0.04722599305560278,0.04722599305560278,0.04722599305560278,0.04722599305560278,0.04722599305560278,0.5719650796632643,0.04722599305560278,0.04722599305560278,0.04722599305560278,-0.4775130935520587,-0.4775130935520587,-0.4775130935520587,-0.4775130935520587,-0.4775130935520587,-0.4775130935520587,-0.4775130935520587,-0.4775130935520587,-0.4775130935520587,-0.4775130935520587,-0.4775130935520587,-0.4775130935520587,-0.4775130935520587,-0.4775130935520587,-0.4775130935520587,-0.4775130935520587,-0.4775130935520587
1.0,1.0,1.0,1.0,-1.0,-1.0,-1.0,-1.0,-1.0,-1.0,-1.0,-1.0,-1.0,-1.0,-1.0,-1.0,-1.0,-1.0,-1.0,-1.0,-1.0,-1.0,-1.0,-1.0,-1.0,-1.0,-1.0,1.0,1.0,1.0,1.0,-1.0,-1.0,1.0,1.0,-1.0,-1.0,-1.0,-1.0,-1.0,-1.0,1.0,1.0,-1.0,-1.0,-1.0,-1.0,-1.0,-1.0,1.0,-1.0,-1.0,1.0,1.0,1.0,1.0,1.0,1.0,1.0,1.0,1.0,1.0,1.0,1.0,1.0,1.0,-1.0,-1.0,-1.0,-1.0,-1.0,-1.0,-1.0,-1.0,-1.0,-1.0,1.0,1.0,1.0,-1.0,-1.0,1.0,1.0,1.0,1.0,1.0,1.0,1.0,1.0,1.0,1.0,1.0,1.0,1.0,1.0,1.0,1.0,1.0,1.0,1.0,-1.0,-1.0,-1.0,-1.0,-1.0,-1.0,1.0,1.0,1.0,1.0,1.0,1.0,1.0,1.0,1.0,1.0,1.0,1.0,1.0,1.0,1.0,1.0,1.0,1.0,1.0,1.0,-1.0,-1.0,-1.0,-1.0,-1.0,-1.0,1.0,1.0,1.0,1.0,1.0,1.0,1.0,1.0,1.0,1.0,1.0,1.0,1.0,1.0,1.0,1.0,1.0,1.0,1.0,1.0,1.0,1.0,1.0,1.0,1.0,1.0,1.0,1.0,1.0,1.0,1.0,1.0,1.0,1.0,1.0,1.0,1.0,1.0,1.0,1.0,1.0,1.0,1.0,-1.0,-1.0,-1.0,-1.0,-1.0,-1.0,-1.0,-1.0,-1.0,-1.0,-1.0,-1.0,-1.0,-1.0,-1.0,-1.0,-1.0,-1.0,-1.0,-1.0,-1.0,-1.0,-1.0,-1.0,-1.0,-1.0,-1.0,-1.0,-1.0,-1.0,-1.0,-1.0,-1.0,-1.0,-1.0,-1.0,-1.0,-1.0,-1.0,-1.0,-1.0,-1.0,-1.0,-1.0,-1.0,-1.0,-1.0,-1.0,-1.0,1.0,1.0,1.0,1.0,1.0,1.0,1.0,1.0,1.0,-1.0,-1.0,-1.0,-1.0,-1.0,-1.0,-1.0,-1.0,1.0,1.0,1.0,1.0,1.0,1.0,-1.0,-1.0,1.0,1.0,1.0,1.0,1.0,1.0,1.0,1.0,1.0,1.0
-1.2995500014331163,-0.8109875735775016,-0.8109875735775016,-2.119032047089601,-2.446043165467626,-2.446043165467626,-2.446043165467626,-2.446043165467626,-2.446043165467626,-2.446043165467626,-2.446043165467626,-2.446043165467626,-2.446043165467626,-2.446043165467626,-2.446043165467626,-2.446043165467626,-2.446043165467626,-2.446043165467626,-2.446043165467626,-2.446043165467626,-2.446043165467626,-2.446043165467626,-2.446043165467626,-2.446043165467626,-2.446043165467626,-2.446043165467626,-2.446043165467626,-2.2536836840687875,-2.119032047089601,-0.8109875735775016,-0.8109875735775016,-2.446043165467626,-2.446043165467626,-2.1616856712258654,-1.6285153695225636,-2.446043165467626,-2.446043165467626,-2.446043165467626,-2.446043165467626,-2.446043165467626,-2.446043165467626,-1.7193517912942373,-1.6285153695225636,-2.446043165467626,-2.446043165467626,-2.446043165467626,-2.446043165467626,-2.446043165467626,-2.446043165467626,-0.8673688008840575,-2.446043165467626,-2.446043165467626,-1.7920209287115763,-1.7920209287115763,-1.7920209287115763,-1.1190415256727424,-0.7019838674514933,-0.7019838674514933,-1.439855108919857,-1.439855108919857,-1.9010246348375845,-1.9010246348375845,-0.577408203307484,-0.577408203307484,-0.8109875735775016,-0.8109875735775016,-2.446043165467626,-2.446043165467626,-2.446043165467626,-2.446043165467626,-2.446043165467626,-2.446043165467626,-2.446043165467626,-2.446043165467626,-2.446043165467626,-2.446043165467626,-0.4839764551994768,-0.2659690429474603,-0.2659690429474603,-2.446043165467626,-2.446043165467626,-1.193660158913488,-1.193660158913488,-1.193660158913488,-1.193660158913488,-0.9596289910220583,-0.9596289910220583,-0.9596289910220583,-0.5993921440387796,-0.5993921440387796,-0.5993921440387796,-0.5993921440387796,-0.45554070577530054,-0.45554070577530054,-0.45554070577530054,-0.2659690429474603,-0.2659690429474603,-0.2659690429474603,-0.5993921440387796,-1.6285153695225636,-2.446043165467626,-2.446043165467626,-2.446043165467626,-2.446043165467626,-2.446043165467626,-2.446043165467626,-2.119032047089601,-2.119032047089601,-2.119032047089601,-2.119032047089601,-2.119032047089601,-2.119032047089601,-2.119032047089601,-2.119032047089601,-2.119032047089601,-2.119032047089601,-2.119032047089601,-2.119032047089601,-2.119032047089601,-2.119032047089601,-2.119032047089601,-2.119032047089601,-2.119032047089601,-2.119032047089601,-1.5541946608002855,-1.6285153695225636,-2.446043165467626,-2.446043165467626,-2.446043165467626,-2.446043165467626,-2.446043165467626,-2.446043165467626,-1.8514774956893987,-1.8514774956893987,-1.8514774956893987,-1.8514774956893987,-1.107301429213391,-1.1379986919555263,-1.1379986919555263,-1.1379986919555263,-1.1379986919555263,-1.4650098103335514,-1.1379986919555263,-1.1379986919555263,-1.2002865240275313,-1.1379986919555263,-1.1379986919555263,-0.8888473636675076,-0.894125993504118,-1.019085557999881,-1.019085557999881,-1.019085557999881,-1.019085557999881,-1.019085557999881,-1.356006104207543,-1.356006104207543,-1.9429491371937413,-1.9429491371937413,-1.8514774956893987,-1.8514774956893987,-1.1379986919555263,-1.1379986919555263,-1.6095030951982598,-0.4839764551994768,-0.4839764551994768,-1.1379986919555263,-1.1379986919555263,-1.7920209287115763,-1.7920209287115763,-1.750274828493105,-1.922825376062786,-1.9010246348375845,-1.9010246348375845,-1.8514774956893987,-1.8514774956893987,-2.446043165467626,-2.446043165467626,-2.446043165467626,-2.446043165467626,-2.446043165467626,-2.446043165467626,-2.446043165467626,-2.446043165467626,-2.446043165467626,-2.446043165467626,-2.446043165467626,-2.446043165467626,-2.446043165467626,-2.446043165467626,-2.446043165467626,-2.446043165467626,-2.446043165467626,-2.446043165467626,-2.446043165467626,-2.446043165467626,-2.446043165467626,-2.446043165467626,-2.446043165467626,-2.446043165467626,-2.446043165467626,-2.446043165467626,-2.446043165467626,-2.446043165467626,-2.446043165467626,-2.446043165467626,-2.446043165467626,-2.446043165467626,-2.446043165467626,-2.446043165467626,-2.446043165467626,-2.446043165467626,-2.446043165467626,-2.446043165467626,-2.446043165467626,-2.446043165467626,-2.446043165467626,-2.446043165467626,-2.446043165467626,-2.446043165467626,-2.446043165467626,-2.446043165467626,-2.446043165467626,-2.446043165467626,-2.446043165467626,-1.676605239872273,-1.5740135164595594,-1.5740135164595594,-1.1379986919555263,-0.8109875735775016,-0.8109875735775016,-0.8109875735775016,-0.8109875735775016,-0.8109875735775016,-2.446043165467626,-2.446043165467626,-2.446043165467626,-2.446043165467626,-2.446043165467626,-2.446043165467626,-2.446043165467626,-2.446043165467626,-2.275428668922569,-2.0100283409635926,-2.0100283409635926,-2.0100283409635926,-2.0100283409635926,-2.0100283409635926,-2.446043165467626,-2.446043165467626,-2.0100283409635926,-2.0100283409635926,-1.0153695225637671,-1.0153695225637671,-1.0153695225637671,-1.0153695225637671,-1.0153695225637671,-1.0153695225637671,-1.0153695225637671,-1.2995500014331163
1.0,-1.0,-1.0,1.0,1.0,1.0,1.0,1.0,1.0,1.0,1.0,1.0,1.0,1.0,1.0,1.0,1.0,1.0,1.0,-1.0,-1.0,-1.0,-1.0,-1.0,-1.0,-1.0,-1.0,1.0,1.0,-1.0,-1.0,-1.0,-1.0,1.0,-1.0,-1.0,-1.0,-1.0,-1.0,-1.0,-1.0,-1.0,-1.0,-1.0,-1.0,-1.0,-1.0,-1.0,-1.0,1.0,1.0,1.0,-1.0,-1.0,-1.0,-1.0,-1.0,-1.0,-1.0,-1.0,-1.0,-1.0,-1.0,-1.0,-1.0,-1.0,-1.0,-1.0,-1.0,-1.0,-1.0,-1.0,-1.0,-1.0,-1.0,-1.0,-1.0,-1.0,-1.0,-1.0,-1.0,-1.0,-1.0,-1.0,-1.0,-1.0,-1.0,-1.0,1.0,1.0,1.0,1.0,1.0,1.0,1.0,-1.0,-1.0,-1.0,1.0,-1.0,-1.0,-1.0,-1.0,-1.0,-1.0,-1.0,-1.0,-1.0,-1.0,-1.0,-1.0,-1.0,-1.0,-1.0,-1.0,-1.0,-1.0,-1.0,-1.0,-1.0,-1.0,-1.0,-1.0,-1.0,-1.0,-1.0,-1.0,-1.0,-1.0,-1.0,-1.0,-1.0,-1.0,-1.0,-1.0,-1.0,1.0,-1.0,-1.0,-1.0,-1.0,-1.0,-1.0,-1.0,-1.0,-1.0,-1.0,-1.0,-1.0,-1.0,-1.0,-1.0,-1.0,-1.0,1.0,1.0,-1.0,-1.0,-1.0,-1.0,-1.0,-1.0,1.0,-1.0,-1.0,-1.0,-1.0,-1.0,-1.0,-1.0,-1.0,-1.0,-1.0,-1.0,-1.0,1.0,-1.0,-1.0,-1.0,-1.0,-1.0,-1.0,-1.0,-1.0,-1.0,-1.0,-1.0,-1.0,-1.0,-1.0,-1.0,-1.0,-1.0,-1.0,1.0,1.0,1.0,1.0,1.0,1.0,1.0,1.0,1.0,1.0,1.0,1.0,1.0,1.0,1.0,1.0,1.0,1.0,1.0,1.0,1.0,-1.0,-1.0,-1.0,-1.0,-1.0,-1.0,-1.0,-1.0,-1.0,-1.0,-1.0,-1.0,-1.0,-1.0,-1.0,-1.0,-1.0,-1.0,1.0,1.0,1.0,1.0,1.0,1.0,1.0,1.0,1.0,-1.0,-1.0,-1.0,-1.0,-1.0,-1.0,-1.0,-1.0,-1.0,-1.0,-1.0,-1.0,-1.0,-1.0,-1.0,-1.0,1.0
-1.0,-1.0,-1.0,-1.0,-1.0,-1.0,-1.0,-1.0,-1.0,-1.0,-1.0,-1.0,-1.0,-1.0,-1.0,-1.0,-1.0,-1.0,-1.0,-1.0,-1.0,-1.0,-1.0,-1.0,-1.0,-1.0,-1.0,-1.0,-1.0,-1.0,-1.0,-1.0,-1.0,-1.0,-1.0,-1.0,-1.0,-1.0,-1.0,-1.0,-1.0,-1.0,-1.0,-1.0,-1.0,-1.0,-1.0,-1.0,-1.0,-1.0,-1.0,-1.0,-1.0,-1.0,-1.0,-1.0,-1.0,-1.0,-1.0,-1.0,-1.0,-1.0,-1.0,-1.0,-1.0,-1.0,-1.0,-1.0,-1.0,-1.0,-1.0,-1.0,-1.0,-1.0,-1.0,-1.0,-1.0,-1.0,-1.0,-1.0,-1.0,-1.0,-1.0,-1.0,-1.0,-1.0,-1.0,-1.0,-1.0,-1.0,-1.0,-1.0,-1.0,-1.0,-1.0,-1.0,-1.0,-1.0,-1.0,-1.0,-1.0,-1.0,-1.0,-1.0,-1.0,-1.0,-1.0,-1.0,-1.0,-1.0,-1.0,-1.0,-1.0,-1.0,-1.0,-1.0,-1.0,-1.0,-1.0,-1.0,-1.0,-1.0,-1.0,-1.0,-1.0,-1.0,-1.0,-1.0,-1.0,-1.0,-1.0,-1.0,-1.0,-1.0,-1.0,-1.0,-1.0,-1.0,-1.0,-1.0,-1.0,-1.0,-1.0,-1.0,-1.0,-1.0,-1.0,-1.0,-1.0,-1.0,-1.0,-1.0,-1.0,-1.0,-1.0,-1.0,-1.0,-1.0,-1.0,-1.0,-1.0,-1.0,-1.0,-1.0,-1.0,-1.0,-1.0,-1.0,-1.0,-1.0,-1.0,-1.0,-1.0,-1.0,-1.0,-1.0,-1.0,-1.0,-1.0,-1.0,-1.0,-1.0,-1.0,-1.0,-1.0,-1.0,-1.0,-1.0,-1.0,-1.0,-1.0,-1.0,-1.0,-1.0,-1.0,-1.0,-1.0,-1.0,-1.0,-1.0,-1.0,-1.0,-1.0,-1.0,-1.0,-1.0,-1.0,-1.0,-1.0,-1.0,-1.0,-1.0,-1.0,-1.0,-1.0,-1.0,-1.0,-1.0,-1.0,-1.0,-1.0,-1.0,-1.0,-1.0,-1.0,-1.0,-1.0,-1.0,-1.0,-1.0,-1.0,-1.0,-1.0,-1.0,-1.0,-1.0,-1.0,-1.0,-1.0,-1.0,-1.0,-1.0,-1.0,-1.0,-1.0,-1.0,-1.0,-1.0,-1.0,-1.0,-1.0,-1.0,-1.0,-1.0,-1.0,-1.0,-1.0,-1.0,-1.0
1.2516174481366167,-0.8052962060672638,-0.8052962060672638,-0.2545228432907936,-0.34453729490425905,-0.34453729490425905,-0.34453729490425905,-0.34453729490425905,-0.34453729490425905,-0.34453729490425905,-0.34453729490425905,-0.34453729490425905,-0.34453729490425905,-0.34453729490425905,-0.34453729490425905,-0.34453729490425905,-0.34453729490425905,-0.34453729490425905,-0.34453729490425905,-0.7445237162316573,-0.8052962060672638,-0.8052962060672638,-0.8052962060672638,-0.8052962060672638,-0.8052962060672638,-0.8052962060672638,-0.8052962060672638,-0.32788908105231945,-0.2545228432907936,-1.4038634235729013,-1.4038634235729013,-1.6355140186915886,-1.6355140186915886,-0.20889739022354328,-0.9573627483264356,-1.0684242678951832,-1.0684242678951832,-1.0684242678951832,-1.0684242678951832,-1.0684242678951832,-1.0684242678951832,-0.922732854796659,-0.9573627483264356,-1.0684242678951832,-1.0684242678951832,-1.0684242678951832,-1.0684242678951832,-1.0684242678951832,-1.0684242678951832,0.8551533095952522,-1.5382942985503691,-1.5382942985503691,-0.9397270810447315,-0.9397270810447315,-0.9397270810447315,-0.044223435488518384,-0.7619402558565319,-0.7619402558565319,-0.786220507693313,-0.786220507693313,-0.8603350077758544,-0.8603350077758544,-0.8118318331582638,-0.8118318331582638,-0.8904931952233175,-0.8904931952233175,-1.570533958123711,-1.570533958123711,-1.5382942985503691,-1.5382942985503691,-1.4798068485718616,-1.4798068485718616,-0.9573627483264356,-1.3186664344168477,-1.3186664344168477,-1.3186664344168477,-0.6471399454012805,-0.7115248530475669,-0.7115248530475669,-1.4278322527259624,-1.4278322527259624,-0.16075149027109703,-0.16075149027109703,-0.16075149027109703,-0.16075149027109703,-0.2070896907946087,-0.2070896907946087,-0.2070896907946087,0.6148988338830773,0.6148988338830773,0.6148988338830773,0.6148988338830773,-0.21253390444880266,-0.21253390444880266,-0.21253390444880266,-0.494559615603129,-0.494559615603129,-0.494559615603129,0.6148988338830773,-0.9573627483264356,-1.0684242678951832,-1.0684242678951832,-1.0684242678951832,-1.0684242678951832,-1.0684242678951832,-1.0684242678951832,-0.48139565440373794,-0.48139565440373794,-0.48139565440373794,-0.48139565440373794,-0.48139565440373794,-0.48139565440373794,-0.48139565440373794,-0.48139565440373794,-0.48139565440373794,-0.48139565440373794,-0.48139565440373794,-0.48139565440373794,-0.48139565440373794,-0.48139565440373794,-0.48139565440373794,-0.48139565440373794,-0.48139565440373794,-0.48139565440373794,-0.5046818103606892,-0.9573627483264356,-1.0684242678951832,-1.0684242678951832,-1.0684242678951832,-1.0684242678951832,-1.0684242678951832,-1.0684242678951832,-0.8459557280250349,-0.8459557280250349,-0.8459557280250349,-0.8459557280250349,1.1200148760490907,-1.2995907360428969,-1.2995907360428969,-1.014653553042479,-1.014653553042479,-0.5784233949543195,-1.014653553042479,-1.014653553042479,-0.6289904905805966,-1.014653553042479,-1.014653553042479,-0.6158265293812056,-0.08685489167052979,-0.10972378374539982,-0.10972378374539982,-0.10972378374539982,-0.10972378374539982,-0.10972378374539982,-1.3810642814376528,-1.3810642814376528,-0.494559615603129,-0.494559615603129,-0.494559615603129,-0.494559615603129,-0.3618006197601861,-0.3618006197601861,0.09464276504108543,-0.9311527171810882,-0.9311527171810882,-1.4038634235729013,-1.4038634235729013,-0.24660248893856307,-0.24660248893856307,-0.19638793178213923,-0.42925029673623216,-0.8052962060672638,-0.8052962060672638,-0.7739227000683718,-0.7739227000683718,-0.42925029673623216,-0.9484617226391953,-0.9484617226391953,-0.9484617226391953,-0.9484617226391953,-0.9484617226391953,-0.9484617226391953,-0.9484617226391953,-1.0571637297741268,-1.0571637297741268,-1.0571637297741268,-1.0571637297741268,-0.9484617226391953,-0.9484617226391953,-0.9484617226391953,-0.9484617226391953,-0.9484617226391953,-0.9484617226391953,-0.9484617226391953,-0.39565813341225264,-0.450022148404846,-0.450022148404846,-0.450022148404846,-0.450022148404846,-0.450022148404846,-0.450022148404846,-0.450022148404846,-0.450022148404846,-0.450022148404846,-0.450022148404846,-0.450022148404846,-0.450022148404846,-0.450022148404846,-0.450022148404846,-0.450022148404846,-0.450022148404846,-0.450022148404846,-0.450022148404846,-0.450022148404846,-0.450022148404846,-0.574446437165577,-0.6517896327158449,-0.6517896327158449,-0.6517896327158449,-0.6517896327158449,-0.9397270810447315,-1.0684242678951832,-1.0684242678951832,-1.0684242678951832,-0.6517896327158449,-0.7115248530475669,-0.7115248530475669,-0.9063350418007386,-0.9947658827533218,-0.9947658827533218,-0.9947658827533218,-0.9947658827533218,-0.9947658827533218,-0.792492947100855,-0.8184601672666545,-0.8184601672666545,-0.8184601672666545,-0.8184601672666545,-1.2995907360428969,-1.508136111102906,-1.508136111102906,0.2809486536116246,-0.7010235185372593,-0.7010235185372593,-0.7010235185372593,-0.7010235185372593,-0.7010235185372593,-1.508136111102906,-1.508136111102906,-0.7010235185372593,-0.7010235185372593,-0.3719594920201892,-0.3719594920201892,-0.3719594920201892,-0.3719594920201892,-0.3719594920201892,-0.3719594920201892,-0.3719594920201892,1.2516174481366167
-1.0917363902447395,-0.4043520888951437,-0.4043520888951437,0.0,0.0,0.0,0.0,0.0,0.0,0.0,0.0,0.0,0.0,0.0,0.0,0.0,0.0,0.0,0.0,0.0,0.0,0.0,0.0,0.0,0.0,0.0,0.0,0.0,0.0,0.0,0.0,0.0,0.0,0.0,-1.011266218767859,0.0,0.0,0.0,0.0,0.0,0.0,-1.0917363902447395,-1.011266218767859,0.0,0.0,0.0,0.0,0.0,0.0,-1.0917363902447395,0.0,0.0,0.0,0.0,0.0,-1.0917363902447395,0.0,0.0,0.0,0.0,-1.0917363902447395,-1.0917363902447395,-0.3812683906048199,-0.3812683906048199,0.0,0.0,0.0,0.0,0.0,0.0,0.0,0.0,0.0,1.383949894750324,1.383949894750324,1.383949894750324,-1.0917363902447395,-1.0917363902447395,-1.0917363902447395,0.650422237923948,0.650422237923948,-1.0917363902447395,-1.0917363902447395,-1.0917363902447395,-1.0917363902447395,-1.0917363902447395,-1.0917363902447395,-1.0917363902447395,-1.0917363902447395,-1.0917363902447395,-1.0917363902447395,-1.0917363902447395,-1.0917363902447395,-1.0917363902447395,-1.0917363902447395,-0.8326642938718752,-0.8326642938718752,-0.8326642938718752,-1.0917363902447395,-1.011266218767859,0.0,0.0,0.0,0.0,0.0,0.0,0.7396578900350247,0.7396578900350247,0.7396578900350247,0.7396578900350247,0.7396578900350247,0.7396578900350247,0.7396578900350247,0.7396578900350247,0.7396578900350247,0.7396578900350247,0.7396578900350247,0.7396578900350247,0.7396578900350247,0.7396578900350247,0.7396578900350247,0.7396578900350247,0.7396578900350247,0.7396578900350247,-1.0917363902447395,-1.011266218767859,0.0,0.0,0.0,0.0,0.0,0.0,0.0,0.0,0.0,0.0,-1.0917363902447395,0.1974758812565125,0.1974758812565125,1.004296623162281,1.004296623162281,-0.5364591779626391,1.004296623162281,1.004296623162281,-0.3578572530666546,1.004296623162281,1.004296623162281,-0.4043520888951437,-1.0917363902447395,-1.0917363902447395,-1.0917363902447395,-1.0917363902447395,-1.0917363902447395,-1.0917363902447395,0.0,0.0,0.0,0.0,0.0,0.0,0.0,0.0,0.0,-1.0917363902447395,-1.0917363902447395,0.0,0.0,-1.0917363902447395,-1.0917363902447395,-1.0917363902447395,0.0,0.0,0.0,0.0,0.0,0.0,0.0,0.0,0.0,0.0,0.0,0.0,0.0,0.0,0.0,0.0,0.0,0.0,0.0,0.0,0.0,0.0,0.0,0.0,0.0,0.0,0.0,0.0,0.0,0.0,0.0,0.0,0.0,0.0,0.0,0.0,0.0,0.0,0.0,0.0,0.0,0.0,0.0,0.0,0.0,0.0,0.0,0.0,0.0,0.0,0.0,0.0,0.0,0.0,0.0,0.0,0.0,0.0,0.0,0.0,0.0,0.0,0.0,0.0,0.0,0.0,0.0,0.0,0.0,0.0,0.0,-1.0917363902447395,-0.7726410419442644,-0.7726410419442644,-0.7726410419442644,-0.7726410419442644,-0.7726410419442644,0.0,0.0,-0.7726410419442644,-0.7726410419442644,-0.7908783272099785,-0.7908783272099785,-0.7908783272099785,-0.7908783272099785,-0.7908783272099785,-0.7908783272099785,-0.7908783272099785,-1.0917363902447395
1.969566382794139,-0.5077224524862195,-0.5077224524862195,1.969566382794139,1.969566382794139,1.969566382794139,1.969566382794139,1.969566382794139,1.969566382794139,1.969566382794139,1.969566382794139,1.969566382794139,1.969566382794139,1.969566382794139,1.969566382794139,1.969566382794139,1.969566382794139,1.969566382794139,1.969566382794139,1.969566382794139,-0.5077224524862195,-0.5077224524862195,-0.5077224524862195,-0.5077224524862195,-0.5077224524862195,-0.5077224524862195,-0.5077224524862195,1.969566382794139,1.969566382794139,-0.5077224524862195,-0.5077224524862195,-0.5077224524862195,-0.5077224524862195,1.969566382794139,-0.5077224524862195,-0.5077224524862195,-0.5077224524862195,-0.5077224524862195,-0.5077224524862195,-0.5077224524862195,-0.5077224524862195,-0.5077224524862195,-0.5077224524862195,-0.5077224524862195,-0.5077224524862195,-0.5077224524862195,-0.5077224524862195,-0.5077224524862195,-0.5077224524862195,1.969566382794139,-0.5077224524862195,-0.5077224524862195,-0.5077224524862195,-0.5077224524862195,-0.5077224524862195,1.969566382794139,1.969566382794139,1.969566382794139,1.969566382794139,1.969566382794139,1.969566382794139,1.969566382794139,1.969566382794139,1.969566382794139,1.969566382794139,1.969566382794139,-0.5077224524862195,-0.5077224524862195,-0.5077224524862195,-0.5077224524862195,-0.5077224524862195,-0.5077224524862195,-0.5077224524862195,1.969566382794139,1.969566382794139,1.969566382794139,1.969566382794139,1.969566382794139,1.969566382794139,-0.5077224524862195,-0.5077224524862195,-0.5077224524862195,-0.5077224524862195,-0.5077224524862195,-0.5077224524862195,-0.5077224524862195,-0.5077224524862195,-0.5077224524862195,1.969566382794139,1.969566382794139,1.969566382794139,1.969566382794139,1.969566382794139,1.969566382794139,1.969566382794139,-0.5077224524862195,-0.5077224524862195,-0.5077224524862195,1.969566382794139,-0.5077224524862195,-0.5077224524862195,-0.5077224524862195,-0.5077224524862195,-0.5077224524862195,-0.5077224524862195,-0.5077224524862195,-0.5077224524862195,-0.5077224524862195,-0.5077224524862195,-0.5077224524862195,-0.5077224524862195,-0.5077224524862195,-0.5077224524862195,-0.5077224524862195,-0.5077224524862195,-0.5077224524862195,-0.5077224524862195,-0.5077224524862195,-0.5077224524862195,-0.5077224524862195,-0.5077224524862195,-0.5077224524862195,-0.5077224524862195,-0.5077224524862195,1.969566382794139,-0.5077224524862195,-0.5077224524862195,-0.5077224524862195,-0.5077224524862195,-0.5077224524862195,-0.5077224524862195,-0.5077224524862195,1.969566382794139,1.969566382794139,1.969566382794139,1.969566382794139,1.969566382794139,-0.5077224524862195,-0.5077224524862195,1.969566382794139,1.969566382794139,1.969566382794139,1.969566382794139,1.969566382794139,1.969566382794139,1.969566382794139,1.969566382794139,1.969566382794139,1.969566382794139,1.969566382794139,1.969566382794139,1.969566382794139,1.969566382794139,1.969566382794139,-0.5077224524862195,-0.5077224524862195,-0.5077224524862195,-0.5077224524862195,1.969566382794139,1.969566382794139,-0.5077224524862195,-0.5077224524862195,1.969566382794139,-0.5077224524862195,-0.5077224524862195,-0.5077224524862195,-0.5077224524862195,-0.5077224524862195,-0.5077224524862195,-0.5077224524862195,-0.5077224524862195,-0.5077224524862195,-0.5077224524862195,-0.5077224524862195,-0.5077224524862195,-0.5077224524862195,-0.5077224524862195,-0.5077224524862195,-0.5077224524862195,-0.5077224524862195,-0.5077224524862195,-0.5077224524862195,-0.5077224524862195,-0.5077224524862195,-0.5077224524862195,-0.5077224524862195,-0.5077224524862195,-0.5077224524862195,-0.5077224524862195,-0.5077224524862195,-0.5077224524862195,-0.5077224524862195,-0.5077224524862195,-0.5077224524862195,-0.5077224524862195,-0.5077224524862195,-0.5077224524862195,-0.5077224524862195,-0.5077224524862195,-0.5077224524862195,-0.5077224524862195,-0.5077224524862195,-0.5077224524862195,-0.5077224524862195,-0.5077224524862195,-0.5077224524862195,-0.5077224524862195,-0.5077224524862195,-0.5077224524862195,-0.5077224524862195,-0.5077224524862195,-0.5077224524862195,-0.5077224524862195,-0.5077224524862195,-0.5077224524862195,-0.5077224524862195,-0.5077224524862195,-0.5077224524862195,-0.5077224524862195,-0.5077224524862195,-0.5077224524862195,-0.5077224524862195,-0.5077224524862195,-0.5077224524862195,-0.5077224524862195,-0.5077224524862195,-0.5077224524862195,-0.5077224524862195,-0.5077224524862195,-0.5077224524862195,-0.5077224524862195,-0.5077224524862195,-0.5077224524862195,-0.5077224524862195,-0.5077224524862195,-0.5077224524862195,-0.5077224524862195,-0.5077224524862195,-0.5077224524862195,-0.5077224524862195,-0.5077224524862195,1.969566382794139,1.969566382794139,1.969566382794139,1.969566382794139,1.969566382794139,1.969566382794139,-0.5077224524862195,-0.5077224524862195,1.969566382794139,1.969566382794139,-0.5077224524862195,-0.5077224524862195,-0.5077224524862195,-0.5077224524862195,-0.5077224524862195,-0.5077224524862195,-0.5077224524862195,1.969566382794139
-0.8265157687216935,-0.8700053950135924,-0.8700053950135924,-0.8560068439252237,-0.8530330584608552,-0.8530330584608552,-0.8530330584608552,-0.8530330584608552,-0.8530330584608552,-0.8530330584608552,-0.8530330584608552,-0.8530330584608552,-0.8530330584608552,-0.8530330584608552,-0.8530330584608552,-0.8530330584608552,-0.8530330584608552,-0.8530330584608552,-0.8530330584608552,-0.8300583102004426,-0.8700053950135924,-0.8700053950135924,-0.8700053950135924,-0.8700053950135924,-0.8700053950135924,-0.8700053950135924,-0.8700053950135924,-0.853627090240201,-0.8560068439252237,-0.8700053950135924,-0.8700053950135924,-0.8700053950135924,-0.8700053950135924,-0.8573090347241418,-0.8700053950135924,-0.8700053950135924,-0.8700053950135924,-0.8700053950135924,-0.8700053950135924,-0.8700053950135924,-0.8700053950135924,-0.8700053950135924,-0.8700053950135924,-0.8700053950135924,-0.8700053950135924,-0.8700053950135924,-0.8700053950135924,-0.8700053950135924,-0.8700053950135924,-0.8322343541843,-0.8700053950135924,-0.8700053950135924,-0.8700053950135924,-0.8700053950135924,-0.8700053950135924,-0.8253778615711092,-0.8285413322961458,-0.8285413322961458,-0.826329915617882,-0.826329915617882,-0.8188231925967443,-0.8188231925967443,-0.8238693252293914,-0.8238693252293914,-0.8154110457689544,-0.8154110457689544,-0.8700053950135924,-0.8700053950135924,-0.8700053950135924,-0.8700053950135924,-0.8700053950135924,-0.8700053950135924,-0.8700053950135924,0.22188158987916837,0.22188158987916837,0.22188158987916837,-0.7402762482936605,-0.7211117152554887,-0.7211117152554887,-0.8700053950135924,-0.8700053950135924,-0.8700053950135924,-0.8700053950135924,-0.8700053950135924,-0.8700053950135924,-0.8700053950135924,-0.8700053950135924,-0.8700053950135924,-0.8438698022900956,-0.8438698022900956,-0.8438698022900956,-0.8438698022900956,-0.8572098444093804,-0.8572098444093804,-0.8572098444093804,-0.8700053950135924,-0.8700053950135924,-0.8700053950135924,-0.8438698022900956,-0.8700053950135924,-0.8700053950135924,-0.8700053950135924,-0.8700053950135924,-0.8700053950135924,-0.8700053950135924,-0.8700053950135924,-0.8700053950135924,-0.8700053950135924,-0.8700053950135924,-0.8700053950135924,-0.8700053950135924,-0.8700053950135924,-0.8700053950135924,-0.8700053950135924,-0.8700053950135924,-0.8700053950135924,-0.8700053950135924,-0.8700053950135924,-0.8700053950135924,-0.8700053950135924,-0.8700053950135924,-0.8700053950135924,-0.8700053950135924,-0.8700053950135924,-0.7982755930863308,-0.8700053950135924,-0.8700053950135924,-0.8700053950135924,-0.8700053950135924,-0.8700053950135924,-0.8700053950135924,-0.8700053950135924,-0.7211117152554887,-0.7211117152554887,-0.7211117152554887,-0.7211117152554887,-0.8160637641334854,-0.8700053950135924,-0.8700053950135924,-0.15790518747483537,-0.15790518747483537,-0.5900343732462179,-0.15790518747483537,-0.15790518747483537,-0.5580376850442322,-0.15790518747483537,-0.15790518747483537,-0.5667034547656034,-0.8113368406014442,-0.808394217182653,-0.808394217182653,-0.808394217182653,-0.808394217182653,-0.808394217182653,-0.8700053950135924,-0.8700053950135924,-0.8700053950135924,-0.8700053950135924,-0.8232102385181884,-0.8232102385181884,-0.8700053950135924,-0.8700053950135924,-0.85674360977198,-0.8700053950135924,-0.8700053950135924,-0.8700053950135924,-0.8700053950135924,-0.8700053950135924,-0.8700053950135924,-0.8700053950135924,-0.8700053950135924,-0.8700053950135924,-0.8700053950135924,-0.8700053950135924,-0.8700053950135924,-0.8700053950135924,-0.8700053950135924,-0.8700053950135924,-0.8700053950135924,-0.8700053950135924,-0.8700053950135924,-0.8700053950135924,-0.8700053950135924,-0.8700053950135924,-0.8700053950135924,-0.8700053950135924,-0.8700053950135924,-0.8700053950135924,-0.8700053950135924,-0.8700053950135924,-0.8700053950135924,-0.8700053950135924,-0.8700053950135924,-0.8700053950135924,-0.8700053950135924,-0.8700053950135924,-0.8700053950135924,-0.8700053950135924,-0.8700053950135924,-0.8700053950135924,-0.8700053950135924,-0.8700053950135924,-0.8700053950135924,-0.8700053950135924,-0.8700053950135924,-0.8700053950135924,-0.8700053950135924,-0.8700053950135924,-0.8700053950135924,-0.8700053950135924,-0.8700053950135924,-0.8700053950135924,-0.8700053950135924,-0.8700053950135924,-0.8700053950135924,-0.8700053950135924,-0.8700053950135924,-0.8700053950135924,-0.8700053950135924,-0.8700053950135924,-0.8700053950135924,-0.8700053950135924,-0.8700053950135924,-0.8700053950135924,-0.8700053950135924,-0.8700053950135924,-0.8700053950135924,-0.8700053950135924,-0.8700053950135924,-0.8700053950135924,-0.8700053950135924,-0.8700053950135924,-0.8700053950135924,-0.8700053950135924,-0.8700053950135924,-0.8700053950135924,-0.8700053950135924,-0.8700053950135924,-0.8700053950135924,-0.8700053950135924,-0.8700053950135924,-0.8522028898251235,-0.7244204636945576,-0.7244204636945576,-0.7244204636945576,-0.7244204636945576,-0.7244204636945576,-0.8700053950135924,-0.8700053950135924,-0.7244204636945576,-0.7244204636945576,-0.8700053950135924,-0.8700053950135924,-0.8700053950135924,-0.8700053950135924,-0.8700053950135924,-0.8700053950135924,-0.8700053950135924,-0.8265157687216935
-0.017762162850330287,0.06830250281695922,0.06830250281695922,-1.0183565364195493,-1.0183565364195493,-1.0183565364195493,-1.0183565364195493,-1.0183565364195493,-1.0183565364195493,-1.0183565364195493,-1.0183565364195493,-1.0183565364195493,-1.0183565364195493,-1.0183565364195493,-1.0183565364195493,-1.0183565364195493,-1.0183565364195493,-1.0183565364195493,-1.0183565364195493,-0.797640857572655,-0.797640857572655,-0.797640857572655,-0.797640857572655,-0.797640857572655,-0.797640857572655,-0.797640857572655,-0.797640857572655,-1.0183565364195493,-1.0183565364195493,-0.797640857572655,-0.797640857572655,-1.096933728981207,-1.096933728981207,-1.0183565364195493,-1.096933728981207,-1.096933728981207,-1.096933728981207,-1.096933728981207,-1.096933728981207,-1.096933728981207,-1.096933728981207,-1.096933728981207,-1.096933728981207,-1.096933728981207,-1.096933728981207,-1.096933728981207,-1.096933728981207,-1.096933728981207,-1.096933728981207,0.5228349750013707,-1.096933728981207,-1.096933728981207,-0.21624949762990653,-0.21624949762990653,-0.21624949762990653,0.38329135654449087,0.5485278398908471,0.5485278398908471,0.49645688688845147,0.49645688688845147,0.3528545032638245,0.3528545032638245,0.4414916533030797,0.4414916533030797,0.2890181816638531,0.2890181816638531,-1.096933728981207,-1.096933728981207,-1.096933728981207,-1.096933728981207,-1.0183565364195493,-1.0183565364195493,-1.096933728981207,-1.0183565364195493,-1.0183565364195493,-1.0183565364195493,0.38329135654449087,0.6678433569913562,0.6678433569913562,-0.901855017471593,-0.901855017471593,0.7330836812166751,0.7330836812166751,0.7330836812166751,0.7330836812166751,1.3307094918432318,1.3307094918432318,1.3307094918432318,1.1411274748183142,1.1411274748183142,1.1411274748183142,1.1411274748183142,1.3191407086946754,1.3191407086946754,1.3191407086946754,0.7118114703156233,0.7118114703156233,0.7118114703156233,1.1411274748183142,-1.096933728981207,-1.096933728981207,-1.096933728981207,-1.096933728981207,-1.096933728981207,-1.096933728981207,-1.096933728981207,-1.0183565364195493,-1.0183565364195493,-1.0183565364195493,-1.0183565364195493,-1.0183565364195493,-1.0183565364195493,-1.0183565364195493,-1.0183565364195493,-1.0183565364195493,-1.0183565364195493,-1.0183565364195493,-1.0183565364195493,-1.0183565364195493,-1.0183565364195493,-1.0183565364195493,-1.0183565364195493,-1.0183565364195493,-1.0183565364195493,-0.538131199345661,-1.096933728981207,-1.096933728981207,-1.096933728981207,-1.096933728981207,-1.096933728981207,-1.096933728981207,-1.096933728981207,0.38329135654449087,0.38329135654449087,0.38329135654449087,0.38329135654449087,0.3528545032638245,-0.6173030170247277,-0.6173030170247277,0.026205950473936392,0.026205950473936392,0.5485278398908471,0.026205950473936392,0.026205950473936392,0.4414916533030797,0.026205950473936392,0.026205950473936392,0.4693560222117804,0.8885590358382506,1.0228830132458286,1.0228830132458286,1.0228830132458286,1.0228830132458286,1.0228830132458286,-0.797640857572655,-0.797640857572655,1.127097173144767,1.127097173144767,1.127097173144767,1.127097173144767,1.4081102800724594,1.4081102800724594,0.870409541606602,0.1848040217649151,0.1848040217649151,-0.797640857572655,-0.797640857572655,1.6519520208818297,1.6519520208818297,0.8519207849180238,0.3528545032638245,0.4693560222117804,0.4693560222117804,0.5228349750013707,0.5228349750013707,-1.0183565364195493,-1.096933728981207,-1.096933728981207,-1.096933728981207,-1.096933728981207,-1.096933728981207,-1.096933728981207,-1.096933728981207,-0.797640857572655,-0.797640857572655,-0.797640857572655,-0.797640857572655,-1.096933728981207,-1.096933728981207,-1.096933728981207,-1.096933728981207,-1.096933728981207,-1.096933728981207,-1.096933728981207,-1.0183565364195493,-1.096933728981207,-1.096933728981207,-1.096933728981207,-1.096933728981207,-1.096933728981207,-1.096933728981207,-1.096933728981207,-1.096933728981207,-1.096933728981207,-1.096933728981207,-1.096933728981207,-1.096933728981207,-1.096933728981207,-1.096933728981207,-1.096933728981207,-1.096933728981207,-1.096933728981207,-1.096933728981207,-1.096933728981207,-1.096933728981207,-0.538131199345661,-0.6173030170247277,-0.6173030170247277,-0.6173030170247277,-0.6173030170247277,-0.538131199345661,-0.538131199345661,-0.538131199345661,-0.538131199345661,-0.7033676826920172,-0.7033676826920172,-0.7033676826920172,-0.901855017471593,-0.901855017471593,-0.901855017471593,-0.901855017471593,-0.901855017471593,-0.901855017471593,-0.901855017471593,-0.797640857572655,-0.797640857572655,-0.797640857572655,-0.797640857572655,-1.0183565364195493,-1.0183565364195493,-1.0183565364195493,-0.901855017471593,-0.901855017471593,-0.901855017471593,-0.901855017471593,-0.901855017471593,-0.901855017471593,-1.0183565364195493,-1.0183565364195493,-0.901855017471593,-0.901855017471593,0.14747432049602588,0.14747432049602588,0.14747432049602588,0.14747432049602588,0.14747432049602588,0.14747432049602588,0.14747432049602588,-0.017762162850330287
-1.0,-1.0,-1.0,-1.0,-1.0,-1.0,-1.0,-1.0,-1.0,-1.0,-1.0,-1.0,-1.0,-1.0,-1.0,-1.0,-1.0,-1.0,-1.0,-1.0,-1.0,-1.0,-1.0,-1.0,-1.0,-1.0,-1.0,-1.0,-1.0,-1.0,-1.0,-1.0,-1.0,-1.0,-1.0,-1.0,-1.0,-1.0,-1.0,-1.0,-1.0,-1.0,-1.0,-1.0,-1.0,-1.0,-1.0,-1.0,-1.0,-1.0,-1.0,-1.0,-1.0,-1.0,-1.0,-1.0,-1.0,-1.0,-1.0,-1.0,-1.0,-1.0,-1.0,-1.0,-1.0,-1.0,-1.0,-1.0,-1.0,-1.0,-1.0,-1.0,-1.0,-1.0,-1.0,-1.0,-1.0,-1.0,-1.0,-1.0,-1.0,-1.0,-1.0,-1.0,-1.0,1.0,1.0,1.0,-1.0,-1.0,-1.0,-1.0,1.0,1.0,1.0,1.0,1.0,1.0,-1.0,-1.0,-1.0,-1.0,-1.0,-1.0,-1.0,-1.0,-1.0,-1.0,-1.0,-1.0,-1.0,-1.0,-1.0,-1.0,-1.0,-1.0,-1.0,-1.0,-1.0,-1.0,-1.0,-1.0,-1.0,-1.0,-1.0,-1.0,-1.0,-1.0,-1.0,-1.0,-1.0,-1.0,-1.0,-1.0,-1.0,-1.0,-1.0,-1.0,-1.0,-1.0,-1.0,-1.0,-1.0,-1.0,-1.0,-1.0,-1.0,-1.0,-1.0,-1.0,-1.0,-1.0,-1.0,-1.0,-1.0,-1.0,-1.0,-1.0,-1.0,-1.0,-1.0,-1.0,-1.0,-1.0,-1.0,-1.0,-1.0,-1.0,-1.0,-1.0,-1.0,-1.0,-1.0,-1.0,-1.0,-1.0,-1.0,-1.0,-1.0,-1.0,-1.0,-1.0,-1.0,-1.0,-1.0,-1.0,-1.0,-1.0,-1.0,-1.0,-1.0,-1.0,-1.0,-1.0,-1.0,-1.0,-1.0,-1.0,-1.0,-1.0,-1.0,-1.0,-1.0,-1.0,-1.0,-1.0,-1.0,-1.0,-1.0,-1.0,-1.0,-1.0,-1.0,-1.0,-1.0,-1.0,-1.0,-1.0,-1.0,-1.0,-1.0,-1.0,-1.0,-1.0,-1.0,-1.0,-1.0,-1.0,-1.0,-1.0,-1.0,-1.0,-1.0,-1.0,-1.0,-1.0,-1.0,-1.0,-1.0,-1.0,-1.0,-1.0,-1.0,-1.0,-1.0,-1.0,-1.0,-1.0,-1.0,-1.0,-1.0,1.0,1.0,1.0,1.0,1.0,1.0,1.0,-1.0
-1.0,-1.0,-1.0,-1.0,-1.0,-1.0,-1.0,-1.0,-1.0,-1.0,-1.0,-1.0,-1.0,-1.0,-1.0,-1.0,-1.0,-1.0,-1.0,-1.0,-1.0,-1.0,-1.0,-1.0,-1.0,-1.0,-1.0,-1.0,-1.0,-1.0,-1.0,-1.0,-1.0,-1.0,-1.0,-1.0,-1.0,-1.0,-1.0,-1.0,-1.0,-1.0,-1.0,-1.0,-1.0,-1.0,-1.0,-1.0,-1.0,-1.0,-1.0,-1.0,-1.0,-1.0,-1.0,-1.0,-1.0,-1.0,-1.0,-1.0,-1.0,-1.0,-1.0,-1.0,-1.0,-1.0,-1.0,-1.0,-1.0,-1.0,-1.0,-1.0,-1.0,-1.0,-1.0,-1.0,-1.0,-1.0,-1.0,-1.0,-1.0,-1.0,-1.0,-1.0,-1.0,-1.0,-1.0,-1.0,-1.0,-1.0,-1.0,-1.0,-1.0,-1.0,-1.0,-1.0,-1.0,-1.0,-1.0,-1.0,-1.0,-1.0,-1.0,-1.0,-1.0,-1.0,-1.0,-1.0,-1.0,-1.0,-1.0,-1.0,-1.0,-1.0,-1.0,-1.0,-1.0,-1.0,-1.0,-1.0,-1.0,-1.0,-1.0,-1.0,-1.0,-1.0,-1.0,-1.0,-1.0,-1.0,-1.0,-1.0,-1.0,-1.0,-1.0,-1.0,-1.0,-1.0,-1.0,-1.0,-1.0,-1.0,-1.0,-1.0,-1.0,-1.0,-1.0,-1.0,-1.0,-1.0,-1.0,-1.0,-1.0,-1.0,-1.0,-1.0,-1.0,-1.0,-1.0,-1.0,-1.0,-1.0,-1.0,-1.0,-1.0,-1.0,-1.0,-1.0,-1.0,-1.0,-1.0,-1.0,-1.0,-1.0,-1.0,-1.0,-1.0,-1.0,-1.0,-1.0,-1.0,-1.0,-1.0,-1.0,-1.0,-1.0,-1.0,-1.0,-1.0,-1.0,-1.0,-1.0,-1.0,-1.0,-1.0,-1.0,-1.0,-1.0,-1.0,-1.0,-1.0,-1.0,-1.0,-1.0,-1.0,-1.0,-1.0,-1.0,-1.0,-1.0,-1.0,-1.0,-1.0,-1.0,-1.0,-1.0,-1.0,-1.0,-1.0,-1.0,-1.0,-1.0,-1.0,-1.0,-1.0,-1.0,-1.0,-1.0,-1.0,-1.0,-1.0,-1.0,-1.0,-1.0,-1.0,-1.0,-1.0,-1.0,-1.0,-1.0,-1.0,-1.0,-1.0,-1.0,-1.0,-1.0,-1.0,-1.0,-1.0,-1.0,-1.0,-1.0,-1.0,-1.0,-1.0,-1.0,-1.0,-1.0,-1.0
1.0,-1.0,-1.0,-1.0,-1.0,-1.0,-1.0,-1.0,-1.0,-1.0,-1.0,-1.0,-1.0,-1.0,-1.0,-1.0,-1.0,-1.0,-1.0,-1.0,-1.0,-1.0,-1.0,-1.0,-1.0,-1.0,-1.0,-1.0,-1.0,-1.0,-1.0,-1.0,-1.0,-1.0,-1.0,-1.0,-1.0,-1.0,-1.0,-1.0,-1.0,-1.0,-1.0,-1.0,-1.0,-1.0,-1.0,-1.0,-1.0,-1.0,-1.0,-1.0,-1.0,-1.0,-1.0,-1.0,-1.0,-1.0,-1.0,-1.0,-1.0,-1.0,-1.0,-1.0,-1.0,-1.0,-1.0,-1.0,-1.0,-1.0,-1.0,-1.0,-1.0,-1.0,-1.0,-1.0,-1.0,-1.0,-1.0,-1.0,-1.0,-1.0,-1.0,-1.0,-1.0,-1.0,-1.0,-1.0,-1.0,-1.0,-1.0,-1.0,-1.0,-1.0,-1.0,-1.0,-1.0,-1.0,-1.0,-1.0,-1.0,-1.0,-1.0,-1.0,-1.0,-1.0,-1.0,-1.0,-1.0,-1.0,-1.0,-1.0,-1.0,-1.0,-1.0,-1.0,-1.0,-1.0,-1.0,-1.0,-1.0,-1.0,-1.0,-1.0,-1.0,-1.0,-1.0,-1.0,-1.0,-1.0,-1.0,-1.0,-1.0,-1.0,-1.0,-1.0,-1.0,-1.0,-1.0,-1.0,-1.0,-1.0,-1.0,-1.0,-1.0,-1.0,-1.0,-1.0,-1.0,-1.0,-1.0,-1.0,-1.0,-1.0,-1.0,-1.0,-1.0,-1.0,-1.0,-1.0,-1.0,-1.0,-1.0,-1.0,-1.0,-1.0,-1.0,-1.0,-1.0,-1.0,-1.0,-1.0,-1.0,-1.0,-1.0,-1.0,-1.0,-1.0,-1.0,-1.0,-1.0,-1.0,-1.0,-1.0,-1.0,-1.0,-1.0,-1.0,-1.0,-1.0,-1.0,-1.0,-1.0,-1.0,-1.0,-1.0,-1.0,-1.0,-1.0,-1.0,-1.0,-1.0,-1.0,-1.0,-1.0,-1.0,-1.0,-1.0,-1.0,-1.0,-1.0,-1.0,-1.0,-1.0,-1.0,-1.0,-1.0,-1.0,-1.0,-1.0,-1.0,-1.0,-1.0,-1.0,-1.0,-1.0,-1.0,-1.0,-1.0,-1.0,-1.0,-1.0,-1.0,-1.0,-1.0,-1.0,-1.0,-1.0,-1.0,-1.0,-1.0,1.0,1.0,1.0,1.0,1.0,1.0,-1.0,-1.0,1.0,1.0,-1.0,-1.0,-1.0,-1.0,-1.0,-1.0,-1.0,1.0
-1.0,-1.0,-1.0,-1.0,-1.0,-1.0,-1.0,-1.0,-1.0,-1.0,-1.0,-1.0,-1.0,-1.0,-1.0,-1.0,-1.0,-1.0,-1.0,-1.0,-1.0,-1.0,-1.0,-1.0,-1.0,-1.0,-1.0,-1.0,-1.0,-1.0,-1.0,-1.0,-1.0,-1.0,-1.0,-1.0,-1.0,-1.0,-1.0,-1.0,-1.0,-1.0,-1.0,-1.0,-1.0,-1.0,-1.0,-1.0,-1.0,-1.0,-1.0,-1.0,-1.0,-1.0,-1.0,-1.0,-1.0,-1.0,-1.0,-1.0,-1.0,-1.0,-1.0,-1.0,-1.0,-1.0,-1.0,-1.0,-1.0,-1.0,-1.0,-1.0,-1.0,-1.0,-1.0,-1.0,-1.0,-1.0,-1.0,-1.0,-1.0,-1.0,-1.0,-1.0,-1.0,-1.0,-1.0,-1.0,-1.0,-1.0,-1.0,-1.0,-1.0,-1.0,-1.0,-1.0,-1.0,-1.0,-1.0,-1.0,-1.0,-1.0,-1.0,-1.0,-1.0,-1.0,-1.0,-1.0,-1.0,-1.0,-1.0,-1.0,-1.0,-1.0,-1.0,-1.0,-1.0,-1.0,-1.0,-1.0,-1.0,-1.0,-1.0,-1.0,-1.0,-1.0,-1.0,-1.0,-1.0,-1.0,-1.0,-1.0,-1.0,-1.0,-1.0,-1.0,-1.0,-1.0,-1.0,-1.0,-1.0,-1.0,-1.0,-1.0,-1.0,-1.0,-1.0,-1.0,-1.0,-1.0,-1.0,-1.0,-1.0,-1.0,-1.0,-1.0,-1.0,-1.0,-1.0,-1.0,-1.0,-1.0,-1.0,-1.0,-1.0,-1.0,-1.0,-1.0,-1.0,-1.0,-1.0,-1.0,-1.0,-1.0,-1.0,-1.0,-1.0,-1.0,-1.0,-1.0,-1.0,-1.0,-1.0,-1.0,-1.0,-1.0,-1.0,-1.0,-1.0,-1.0,-1.0,-1.0,-1.0,-1.0,-1.0,-1.0,-1.0,-1.0,-1.0,-1.0,-1.0,-1.0,-1.0,-1.0,-1.0,-1.0,-1.0,-1.0,-1.0,-1.0,-1.0,-1.0,-1.0,-1.0,-1.0,-1.0,-1.0,-1.0,-1.0,-1.0,-1.0,-1.0,-1.0,-1.0,-1.0,-1.0,-1.0,-1.0,-1.0,-1.0,-1.0,-1.0,-1.0,-1.0,-1.0,-1.0,-1.0,-1.0,-1.0,-1.0,-1.0,-1.0,-1.0,-1.0,-1.0,-1.0,-1.0,-1.0,-1.0,-1.0,-1.0,-1.0,-1.0,-1.0,-1.0,-1.0,-1.0,-1.0,-1.0
-1.0,-1.0,-1.0,-1.0,-1.0,-1.0,-1.0,-1.0,-1.0,-1.0,-1.0,-1.0,-1.0,-1.0,-1.0,-1.0,-1.0,-1.0,-1.0,-1.0,-1.0,-1.0,-1.0,-1.0,-1.0,-1.0,-1.0,-1.0,-1.0,-1.0,-1.0,-1.0,-1.0,-1.0,-1.0,-1.0,-1.0,-1.0,-1.0,-1.0,-1.0,-1.0,-1.0,-1.0,-1.0,-1.0,-1.0,-1.0,-1.0,-1.0,-1.0,-1.0,-1.0,-1.0,-1.0,-1.0,-1.0,-1.0,-1.0,-1.0,-1.0,-1.0,-1.0,-1.0,-1.0,-1.0,-1.0,-1.0,-1.0,-1.0,-1.0,-1.0,-1.0,-1.0,-1.0,-1.0,-1.0,-1.0,-1.0,-1.0,-1.0,-1.0,-1.0,-1.0,-1.0,-1.0,-1.0,-1.0,-1.0,-1.0,-1.0,-1.0,-1.0,-1.0,-1.0,-1.0,-1.0,-1.0,-1.0,-1.0,-1.0,-1.0,-1.0,-1.0,-1.0,-1.0,-1.0,-1.0,-1.0,-1.0,-1.0,-1.0,-1.0,-1.0,-1.0,-1.0,-1.0,-1.0,-1.0,-1.0,-1.0,-1.0,-1.0,-1.0,-1.0,-1.0,-1.0,-1.0,-1.0,-1.0,-1.0,-1.0,-1.0,-1.0,-1.0,-1.0,-1.0,-1.0,-1.0,-1.0,-1.0,-1.0,-1.0,-1.0,-1.0,-1.0,-1.0,-1.0,-1.0,-1.0,-1.0,-1.0,-1.0,-1.0,-1.0,-1.0,-1.0,-1.0,-1.0,-1.0,-1.0,-1.0,-1.0,-1.0,-1.0,-1.0,-1.0,-1.0,-1.0,-1.0,-1.0,-1.0,-1.0,-1.0,-1.0,-1.0,-1.0,-1.0,-1.0,-1.0,-1.0,-1.0,-1.0,-1.0,-1.0,-1.0,-1.0,-1.0,-1.0,-1.0,-1.0,-1.0,-1.0,-1.0,-1.0,-1.0,-1.0,-1.0,-1.0,-1.0,-1.0,-1.0,-1.0,-1.0,-1.0,-1.0,-1.0,-1.0,-1.0,-1.0,-1.0,-1.0,-1.0,-1.0,-1.0,-1.0,-1.0,-1.0,-1.0,-1.0,-1.0,-1.0,-1.0,-1.0,-1.0,-1.0,-1.0,-1.0,-1.0,-1.0,-1.0,-1.0,-1.0,-1.0,-1.0,-1.0,-1.0,-1.0,-1.0,-1.0,-1.0,-1.0,-1.0,-1.0,-1.0,-1.0,-1.0,-1.0,-1.0,-1.0,-1.0,-1.0,-1.0,-1.0,-1.0,-1.0,-1.0,-1.0,-1.0
-1.0,-1.0,-1.0,-1.0,-1.0,-1.0,-1.0,-1.0,-1.0,-1.0,-1.0,-1.0,-1.0,-1.0,-1.0,-1.0,-1.0,-1.0,-1.0,-1.0,-1.0,-1.0,-1.0,-1.0,-1.0,-1.0,-1.0,-1.0,-1.0,-1.0,-1.0,-1.0,-1.0,-1.0,-1.0,-1.0,-1.0,-1.0,-1.0,-1.0,-1.0,-1.0,-1.0,-1.0,-1.0,-1.0,-1.0,-1.0,-1.0,-1.0,-1.0,-1.0,-1.0,-1.0,-1.0,-1.0,-1.0,-1.0,-1.0,-1.0,-1.0,-1.0,-1.0,-1.0,-1.0,-1.0,-1.0,-1.0,-1.0,-1.0,-1.0,-1.0,-1.0,-1.0,-1.0,-1.0,-1.0,-1.0,-1.0,-1.0,-1.0,-1.0,-1.0,-1.0,-1.0,-1.0,-1.0,-1.0,-1.0,-1.0,-1.0,-1.0,-1.0,-1.0,-1.0,-1.0,-1.0,-1.0,-1.0,-1.0,-1.0,-1.0,-1.0,-1.0,-1.0,-1.0,-1.0,-1.0,-1.0,-1.0,-1.0,-1.0,-1.0,-1.0,-1.0,-1.0,-1.0,-1.0,-1.0,-1.0,-1.0,-1.0,-1.0,-1.0,-1.0,-1.0,-1.0,-1.0,-1.0,-1.0,-1.0,-1.0,-1.0,-1.0,-1.0,-1.0,-1.0,-1.0,-1.0,-1.0,-1.0,-1.0,-1.0,-1.0,-1.0,-1.0,-1.0,-1.0,-1.0,-1.0,-1.0,-1.0,-1.0,-1.0,-1.0,-1.0,-1.0,-1.0,-1.0,-1.0,-1.0,-1.0,-1.0,-1.0,-1.0,-1.0,-1.0,-1.0,-1.0,-1.0,-1.0,-1.0,-1.0,-1.0,-1.0,-1.0,-1.0,-1.0,-1.0,-1.0,-1.0,-1.0,-1.0,-1.0,-1.0,-1.0,-1.0,-1.0,-1.0,-1.0,-1.0,-1.0,-1.0,-1.0,-1.0,-1.0,-1.0,-1.0,-1.0,-1.0,-1.0,-1.0,-1.0,-1.0,-1.0,-1.0,-1.0,-1.0,-1.0,-1.0,-1.0,-1.0,-1.0,-1.0,-1.0,-1.0,-1.0,-1.0,-1.0,-1.0,-1.0,-1.0,-1.0,-1.0,-1.0,-1.0,-1.0,-1.0,-1.0,-1.0,-1.0,-1.0,-1.0,-1.0,-1.0,-1.0,-1.0,-1.0,-1.0,-1.0,-1.0,-1.0,-1.0,-1.0,-1.0,-1.0,-1.0,-1.0,-1.0,-1.0,-1.0,-1.0,-1.0,-1.0,-1.0,-1.0,-1.0,-1.0,-1.0
1.0,-1.0,-1.0,-1.0,-1.0,-1.0,-1.0,-1.0,-1.0,-1.0,-1.0,-1.0,-1.0,-1.0,-1.0,-1.0,-1.0,-1.0,-1.0,-1.0,-1.0,-1.0,-1.0,-1.0,-1.0,-1.0,-1.0,-1.0,-1.0,-1.0,-1.0,-1.0,-1.0,-1.0,-1.0,-1.0,-1.0,-1.0,-1.0,-1.0,-1.0,-1.0,-1.0,-1.0,-1.0,-1.0,-1.0,-1.0,-1.0,1.0,-1.0,-1.0,-1.0,-1.0,-1.0,-1.0,-1.0,-1.0,-1.0,-1.0,-1.0,-1.0,-1.0,-1.0,-1.0,-1.0,-1.0,-1.0,-1.0,-1.0,-1.0,-1.0,-1.0,1.0,1.0,1.0,1.0,1.0,1.0,-1.0,-1.0,-1.0,-1.0,-1.0,-1.0,-1.0,-1.0,-1.0,-1.0,-1.0,-1.0,-1.0,-1.0,-1.0,-1.0,-1.0,-1.0,-1.0,-1.0,-1.0,-1.0,-1.0,-1.0,-1.0,-1.0,-1.0,-1.0,-1.0,-1.0,-1.0,-1.0,-1.0,-1.0,-1.0,-1.0,-1.0,-1.0,-1.0,-1.0,-1.0,-1.0,-1.0,-1.0,-1.0,-1.0,-1.0,-1.0,-1.0,-1.0,-1.0,-1.0,-1.0,-1.0,-1.0,-1.0,-1.0,1.0,-1.0,-1.0,-1.0,-1.0,-1.0,-1.0,-1.0,-1.0,-1.0,-1.0,-1.0,-1.0,-1.0,-1.0,-1.0,-1.0,-1.0,-1.0,-1.0,-1.0,-1.0,-1.0,-1.0,-1.0,-1.0,-1.0,-1.0,-1.0,-1.0,-1.0,-1.0,-1.0,-1.0,-1.0,-1.0,-1.0,-1.0,-1.0,-1.0,-1.0,-1.0,-1.0,-1.0,-1.0,-1.0,-1.0,-1.0,-1.0,-1.0,-1.0,-1.0,-1.0,-1.0,-1.0,-1.0,-1.0,-1.0,-1.0,-1.0,-1.0,-1.0,-1.0,-1.0,-1.0,-1.0,-1.0,-1.0,-1.0,-1.0,-1.0,-1.0,-1.0,-1.0,-1.0,-1.0,-1.0,-1.0,-1.0,-1.0,-1.0,-1.0,-1.0,-1.0,-1.0,-1.0,-1.0,-1.0,-1.0,-1.0,-1.0,-1.0,-1.0,-1.0,-1.0,-1.0,-1.0,-1.0,-1.0,-1.0,-1.0,-1.0,-1.0,-1.0,-1.0,1.0,1.0,1.0,1.0,1.0,1.0,-1.0,-1.0,1.0,1.0,-1.0,-1.0,-1.0,-1.0,-1.0,-1.0,-1.0,1.0
-0.10218959736727137,-0.27666196209412575,-0.27666196209412575,1.1561822829737418,1.2621320334893233,1.2621320334893233,1.2621320334893233,1.2621320334893233,1.2621320334893233,1.2621320334893233,1.2621320334893233,1.2621320334893233,1.2621320334893233,1.2621320334893233,1.2621320334893233,1.2621320334893233,1.2621320334893233,1.2621320334893233,1.2621320334893233,1.1515251510829472,1.337810426714739,1.337810426714739,1.337810426714739,1.337810426714739,1.337810426714739,1.337810426714739,1.337810426714739,1.1953569806433686,1.1561822829737418,0.7323832809114148,0.7323832809114148,1.337810426714739,1.337810426714739,1.1798729104182197,1.035096853813077,1.337810426714739,1.337810426714739,1.337810426714739,1.337810426714739,1.337810426714739,1.337810426714739,1.0687316952465948,1.035096853813077,1.337810426714739,1.337810426714739,1.337810426714739,1.337810426714739,1.337810426714739,1.337810426714739,-0.5049149549946894,1.337810426714739,1.337810426714739,-0.357385581534569,-0.357385581534569,-0.357385581534569,-0.5223425429998225,-0.9224509176176717,-0.9224509176176717,-0.5250423296031819,-0.5250423296031819,-0.47847101069523384,-0.47847101069523384,-0.39198141843761614,-0.39198141843761614,-0.6802800592963419,-0.6802800592963419,0.12695613510809048,0.12695613510809048,0.12695613510809048,0.12695613510809048,0.12695613510809048,0.12695613510809048,0.2999353196233259,-0.5995564398558987,-0.5995564398558987,-0.5995564398558987,0.005870705947425645,-0.14212259636005364,-0.14212259636005364,0.12695613510809048,0.12695613510809048,-0.4140638675246674,-0.4140638675246674,-0.4140638675246674,-0.4140638675246674,-0.7536651678785631,-0.7536651678785631,-0.7536651678785631,-0.6565378182844469,-0.6565378182844469,-0.6565378182844469,-0.6565378182844469,-0.7680231239055194,-0.7680231239055194,-0.7680231239055194,-0.8532592438115775,-0.8532592438115775,-0.8532592438115775,-0.6565378182844469,1.035096853813077,1.337810426714739,1.337810426714739,1.337810426714739,1.337810426714739,1.337810426714739,1.337810426714739,-0.9628127273378934,-0.9628127273378934,-0.9628127273378934,-0.9628127273378934,-0.9628127273378934,-0.9628127273378934,-0.9628127273378934,-0.9628127273378934,-0.9628127273378934,-0.9628127273378934,-0.9628127273378934,-0.9628127273378934,-0.9628127273378934,-0.9628127273378934,-0.9628127273378934,-0.9628127273378934,-0.9628127273378934,-0.9628127273378934,0.23703379798142207,1.035096853813077,1.337810426714739,1.337810426714739,1.337810426714739,1.337810426714739,1.337810426714739,1.337810426714739,-0.20327685351190458,-0.20327685351190458,-0.20327685351190458,-0.20327685351190458,-0.3608586968429583,0.3691269934294201,0.3691269934294201,-0.8417272981772284,-0.8417272981772284,-0.5995564398558987,-0.8417272981772284,-0.8417272981772284,-0.6226203311245968,-0.8417272981772284,-0.8417272981772284,-0.39198141843761614,-0.5913472582178875,-0.555525374706566,-0.555525374706566,-0.555525374706566,-0.555525374706566,-0.555525374706566,0.934192329512523,0.934192329512523,-0.5250423296031819,-0.5250423296031819,0.01687847223475875,0.01687847223475875,-0.5995564398558987,-0.5995564398558987,-0.26727549471733003,-0.357385581534569,-0.357385581534569,0.8534687100720798,0.8534687100720798,0.8534687100720798,0.8534687100720798,0.8740789958866608,-0.21208306654177117,-0.27666196209412575,-0.27666196209412575,-0.423432179258568,-0.423432179258568,1.337810426714739,1.337810426714739,1.337810426714739,1.337810426714739,1.337810426714739,1.337810426714739,1.337810426714739,1.337810426714739,1.337810426714739,1.337810426714739,1.337810426714739,1.337810426714739,1.337810426714739,1.337810426714739,1.337810426714739,1.337810426714739,1.337810426714739,1.337810426714739,1.337810426714739,1.337810426714739,1.337810426714739,1.337810426714739,1.337810426714739,1.337810426714739,1.337810426714739,1.337810426714739,1.337810426714739,1.337810426714739,1.337810426714739,1.337810426714739,1.337810426714739,1.337810426714739,1.337810426714739,1.337810426714739,1.337810426714739,1.337810426714739,1.337810426714739,1.337810426714739,1.337810426714739,1.337810426714739,1.337810426714739,1.337810426714739,1.337810426714739,1.337810426714739,1.337810426714739,1.337810426714739,1.337810426714739,1.337810426714739,1.337810426714739,1.0529035345719981,1.0149159489529662,1.0149159489529662,0.8534687100720798,0.7323832809114148,0.7323832809114148,0.7323832809114148,0.7323832809114148,0.7323832809114148,0.9652398754511549,0.934192329512523,0.934192329512523,0.934192329512523,0.934192329512523,1.337810426714739,1.337810426714739,1.337810426714739,1.2114604136775236,1.0149159489529662,1.0149159489529662,1.0149159489529662,1.0149159489529662,1.0149159489529662,1.337810426714739,1.337810426714739,1.0149159489529662,1.0149159489529662,-0.17575743779357167,-0.17575743779357167,-0.17575743779357167,-0.17575743779357167,-0.17575743779357167,-0.17575743779357167,-0.17575743779357167,-0.10218959736727137
-0.47646958953771346,-0.59926643194068,-0.59926643194068,1.1185635932503577,1.3097284644778067,1.3097284644778067,1.3097284644778067,1.3097284644778067,1.3097284644778067,1.3097284644778067,1.3097284644778067,1.3097284644778067,1.3097284644778067,1.3097284644778067,1.3097284644778067,1.3097284644778067,1.3097284644778067,1.3097284644778067,1.3097284644778067,1.110363400029026,1.4516825767754173,1.4516825767754173,1.4516825767754173,1.4516825767754173,1.4516825767754173,1.4516825767754173,1.4516825767754173,1.1882172413131853,1.1185635932503577,0.4422311115479633,0.4422311115479633,1.4516825767754173,1.4516825767754173,1.1605418355215908,0.9109050061178527,1.4516825767754173,1.4516825767754173,1.4516825767754173,1.4516825767754173,1.4516825767754173,1.4516825767754173,0.9674307274952277,0.9109050061178527,1.4516825767754173,1.4516825767754173,1.4516825767754173,1.4516825767754173,1.4516825767754173,1.4516825767754173,-0.7237500135695898,1.4516825767754173,1.4516825767754173,-0.6479764708976872,-0.6479764708976872,-0.6479764708976872,-0.7315700896390482,-0.8453803129866116,-0.8453803129866116,-0.732760154401491,-0.732760154401491,-0.7114277058548415,-0.7114277058548415,-0.6672825980460608,-0.6672825980460608,-0.791542901507814,-0.791542901507814,-0.2788056493287897,-0.2788056493287897,-0.2788056493287897,-0.2788056493287897,-0.2788056493287897,-0.2788056493287897,-0.1022252180936666,-0.7633423526379678,-0.7633423526379678,-0.7633423526379678,-0.38840323698205614,-0.5066888725194671,-0.5066888725194671,-0.2788056493287897,-0.2788056493287897,-0.6791132471283596,-0.6791132471283596,-0.6791132471283596,-0.6791132471283596,-0.8127303912672779,-0.8127303912672779,-0.8127303912672779,-0.7837808756314015,-0.7837808756314015,-0.7837808756314015,-0.7837808756314015,-0.8163801266251818,-0.8163801266251818,-0.8163801266251818,-0.8347070069208442,-0.8347070069208442,-0.8347070069208442,-0.7837808756314015,0.9109050061178527,1.4516825767754173,1.4516825767754173,1.4516825767754173,1.4516825767754173,1.4516825767754173,1.4516825767754173,-0.8498667639431781,-0.8498667639431781,-0.8498667639431781,-0.8498667639431781,-0.8498667639431781,-0.8498667639431781,-0.8498667639431781,-0.8498667639431781,-0.8498667639431781,-0.8498667639431781,-0.8498667639431781,-0.8498667639431781,-0.8498667639431781,-0.8498667639431781,-0.8498667639431781,-0.8498667639431781,-0.8498667639431781,-0.8498667639431781,-0.16916038982356457,0.9109050061178527,1.4516825767754173,1.4516825767754173,1.4516825767754173,1.4516825767754173,1.4516825767754173,1.4516825767754173,-0.5505352054939131,-0.5505352054939131,-0.5505352054939131,-0.5505352054939131,-0.649957161474518,-0.02500070950017269,-0.02500070950017269,-0.832561881682136,-0.832561881682136,-0.7633423526379678,-0.832561881682136,-0.832561881682136,-0.7719228535928003,-0.832561881682136,-0.832561881682136,-0.6672825980460608,-0.7601872730798883,-0.7457991111171317,-0.7457991111171317,-0.7457991111171317,-0.7457991111171317,-0.7457991111171317,0.7466688550292592,0.7466688550292592,-0.732760154401491,-0.732760154401491,-0.3789165384422563,-0.3789165384422563,-0.7633423526379678,-0.7633423526379678,-0.5932697077230643,-0.6479764708976872,-0.6479764708976872,0.6210482282453983,0.6210482282453983,0.6210482282453983,0.6210482282453983,0.6526341428115009,-0.5566066925593851,-0.59926643194068,-0.59926643194068,-0.6840163909785353,-0.6840163909785353,1.4516825767754173,1.4516825767754173,1.4516825767754173,1.4516825767754173,1.4516825767754173,1.4516825767754173,1.4516825767754173,1.4516825767754173,1.4516825767754173,1.4516825767754173,1.4516825767754173,1.4516825767754173,1.4516825767754173,1.4516825767754173,1.4516825767754173,1.4516825767754173,1.4516825767754173,1.4516825767754173,1.4516825767754173,1.4516825767754173,1.4516825767754173,1.4516825767754173,1.4516825767754173,1.4516825767754173,1.4516825767754173,1.4516825767754173,1.4516825767754173,1.4516825767754173,1.4516825767754173,1.4516825767754173,1.4516825767754173,1.4516825767754173,1.4516825767754173,1.4516825767754173,1.4516825767754173,1.4516825767754173,1.4516825767754173,1.4516825767754173,1.4516825767754173,1.4516825767754173,1.4516825767754173,1.4516825767754173,1.4516825767754173,1.4516825767754173,1.4516825767754173,1.4516825767754173,1.4516825767754173,1.4516825767754173,1.4516825767754173,0.940719501939573,0.8774168543349103,0.8774168543349103,0.6210482282453983,0.4422311115479633,0.4422311115479633,0.4422311115479633,0.4422311115479633,0.4422311115479633,0.7963497574223449,0.7466688550292592,0.7466688550292592,0.7466688550292592,0.7466688550292592,1.4516825767754173,1.4516825767754173,1.4516825767754173,1.2171997865161552,0.8774168543349103,0.8774168543349103,0.8774168543349103,0.8774168543349103,0.8774168543349103,1.4516825767754173,1.4516825767754173,0.8774168543349103,0.8774168543349103,-0.5311685156356533,-0.5311685156356533,-0.5311685156356533,-0.5311685156356533,-0.5311685156356533,-0.5311685156356533,-0.5311685156356533,-0.47646958953771346
-0.6226208842340586,-0.6897800420511516,-0.6897800420511516,1.0230933848032044,1.2903178395956283,1.2903178395956283,1.2903178395956283,1.2903178395956283,1.2903178395956283,1.2903178395956283,1.2903178395956283,1.2903178395956283,1.2903178395956283,1.2903178395956283,1.2903178395956283,1.2903178395956283,1.2903178395956283,1.2903178395956283,1.2903178395956283,1.0119089898396139,1.4965912411460476,1.4965912411460476,1.4965912411460476,1.4965912411460476,1.4965912411460476,1.4965912411460476,1.4965912411460476,1.119028071720763,1.0230933848032044,0.1839801161977291,0.1839801161977291,1.4965912411460476,1.4965912411460476,1.0807114467228771,0.7471612407532576,1.4965912411460476,1.4965912411460476,1.4965912411460476,1.4965912411460476,1.4965912411460476,1.4965912411460476,0.8207471265395059,0.7471612407532576,1.4965912411460476,1.4965912411460476,1.4965912411460476,1.4965912411460476,1.4965912411460476,1.4965912411460476,-0.7428437600089286,1.4965912411460476,1.4965912411460476,-0.7125687581183223,-0.7125687581183223,-0.7125687581183223,-0.745562083723407,-0.7731985156254447,-0.7731985156254447,-0.7459684290777524,-0.7459684290777524,-0.7383952689010893,-0.7383952689010893,-0.720915851982307,-0.720915851982307,-0.7633598448510573,-0.7633598448510573,-0.49006343445140743,-0.49006343445140743,-0.49006343445140743,-0.49006343445140743,-0.49006343445140743,-0.49006343445140743,-0.3502280991011493,-0.7557075453598672,-0.7557075453598672,-0.7557075453598672,-0.5669753511781089,-0.6403375290586224,-0.6403375290586224,-0.49006343445140743,-0.49006343445140743,-0.7258259558391178,-0.7258259558391178,-0.7258259558391178,-0.7258259558391178,-0.7681140620116823,-0.7681140620116823,-0.7681140620116823,-0.7613936374487396,-0.7613936374487396,-0.7613936374487396,-0.7613936374487396,-0.7688328227037667,-0.7688328227037667,-0.7688328227037667,-0.7719099343892388,-0.7719099343892388,-0.7719099343892388,-0.7613936374487396,0.7471612407532576,1.4965912411460476,1.4965912411460476,1.4965912411460476,1.4965912411460476,1.4965912411460476,1.4965912411460476,-0.7735874374402443,-0.7735874374402443,-0.7735874374402443,-0.7735874374402443,-0.7735874374402443,-0.7735874374402443,-0.7735874374402443,-0.7735874374402443,-0.7735874374402443,-0.7735874374402443,-0.7735874374402443,-0.7735874374402443,-0.7735874374402443,-0.7735874374402443,-0.7735874374402443,-0.7735874374402443,-0.7735874374402443,-0.7735874374402443,-0.40541151793190666,0.7471612407532576,1.4965912411460476,1.4965912411460476,1.4965912411460476,1.4965912411460476,1.4965912411460476,1.4965912411460476,-0.6646979927120402,-0.6646979927120402,-0.6646979927120402,-0.6646979927120402,-0.7134437370662517,-0.2834513481892721,-0.2834513481892721,-0.7716007827646468,-0.7716007827646468,-0.7557075453598672,-0.7716007827646468,-0.7716007827646468,-0.7581807583566034,-0.7716007827646468,-0.7716007827646468,-0.720915851982307,-0.7547682250956522,-0.750289822702619,-0.750289822702619,-0.750289822702619,-0.750289822702619,-0.750289822702619,0.5400538047472733,0.5400538047472733,-0.7459684290777524,-0.7459684290777524,-0.5606422363858024,-0.5606422363858024,-0.7557075453598672,-0.7557075453598672,-0.6868123863129336,-0.7125687581183223,-0.7125687581183223,0.38860554778426726,0.38860554778426726,0.38860554778426726,0.38860554778426726,0.42610195484509267,-0.6679405474857012,-0.6897800420511516,-0.6897800420511516,-0.7278137793361517,-0.7278137793361517,1.4965912411460476,1.4965912411460476,1.4965912411460476,1.4965912411460476,1.4965912411460476,1.4965912411460476,1.4965912411460476,1.4965912411460476,1.4965912411460476,1.4965912411460476,1.4965912411460476,1.4965912411460476,1.4965912411460476,1.4965912411460476,1.4965912411460476,1.4965912411460476,1.4965912411460476,1.4965912411460476,1.4965912411460476,1.4965912411460476,1.4965912411460476,1.4965912411460476,1.4965912411460476,1.4965912411460476,1.4965912411460476,1.4965912411460476,1.4965912411460476,1.4965912411460476,1.4965912411460476,1.4965912411460476,1.4965912411460476,1.4965912411460476,1.4965912411460476,1.4965912411460476,1.4965912411460476,1.4965912411460476,1.4965912411460476,1.4965912411460476,1.4965912411460476,1.4965912411460476,1.4965912411460476,1.4965912411460476,1.4965912411460476,1.4965912411460476,1.4965912411460476,1.4965912411460476,1.4965912411460476,1.4965912411460476,1.4965912411460476,0.7858297300370047,0.7041157421902631,0.7041157421902631,0.38860554778426726,0.1839801161977291,0.1839801161977291,0.1839801161977291,0.1839801161977291,0.1839801161977291,0.6016342483286233,0.5400538047472733,0.5400538047472733,0.5400538047472733,0.5400538047472733,1.4965912411460476,1.4965912411460476,1.4965912411460476,1.159433440075718,0.7041157421902631,0.7041157421902631,0.7041157421902631,0.7041157421902631,0.7041157421902631,1.4965912411460476,1.4965912411460476,0.7041157421902631,0.7041157421902631,-0.6541398250699473,-0.6541398250699473,-0.6541398250699473,-0.6541398250699473,-0.6541398250699473,-0.6541398250699473,-0.6541398250699473,-0.6226208842340586
1.0,-1.0,-1.0,1.0,-1.0,-1.0,-1.0,-1.0,-1.0,-1.0,-1.0,-1.0,-1.0,-1.0,-1.0,-1.0,-1.0,-1.0,-1.0,-1.0,-1.0,-1.0,-1.0,-1.0,-1.0,-1.0,-1.0,-1.0,1.0,1.0,1.0,-1.0,-1.0,1.0,-1.0,-1.0,-1.0,-1.0,-1.0,-1.0,-1.0,-1.0,-1.0,-1.0,-1.0,-1.0,-1.0,-1.0,-1.0,1.0,-1.0,-1.0,-1.0,-1.0,-1.0,-1.0,-1.0,-1.0,-1.0,-1.0,-1.0,-1.0,-1.0,-1.0,-1.0,-1.0,-1.0,-1.0,-1.0,-1.0,-1.0,-1.0,1.0,-1.0,-1.0,-1.0,-1.0,-1.0,-1.0,-1.0,-1.0,-1.0,-1.0,-1.0,-1.0,-1.0,-1.0,-1.0,-1.0,-1.0,-1.0,-1.0,-1.0,-1.0,-1.0,-1.0,-1.0,-1.0,-1.0,-1.0,-1.0,-1.0,-1.0,-1.0,-1.0,-1.0,-1.0,-1.0,-1.0,-1.0,-1.0,-1.0,-1.0,-1.0,-1.0,-1.0,-1.0,-1.0,-1.0,-1.0,-1.0,-1.0,-1.0,-1.0,-1.0,-1.0,-1.0,-1.0,-1.0,-1.0,-1.0,-1.0,-1.0,-1.0,-1.0,-1.0,1.0,-1.0,-1.0,-1.0,-1.0,-1.0,-1.0,-1.0,-1.0,-1.0,-1.0,-1.0,-1.0,-1.0,-1.0,-1.0,-1.0,-1.0,-1.0,-1.0,-1.0,-1.0,-1.0,-1.0,-1.0,-1.0,-1.0,-1.0,-1.0,-1.0,-1.0,-1.0,-1.0,-1.0,-1.0,-1.0,-1.0,-1.0,-1.0,-1.0,-1.0,-1.0,-1.0,-1.0,-1.0,-1.0,-1.0,-1.0,-1.0,-1.0,-1.0,-1.0,-1.0,-1.0,-1.0,-1.0,-1.0,-1.0,-1.0,-1.0,-1.0,-1.0,-1.0,-1.0,-1.0,-1.0,-1.0,-1.0,-1.0,-1.0,-1.0,-1.0,-1.0,-1.0,-1.0,-1.0,-1.0,-1.0,-1.0,-1.0,-1.0,-1.0,-1.0,-1.0,-1.0,-1.0,-1.0,-1.0,-1.0,-1.0,-1.0,-1.0,-1.0,-1.0,-1.0,-1.0,-1.0,-1.0,-1.0,-1.0,-1.0,-1.0,-1.0,-1.0,-1.0,-1.0,-1.0,-1.0,-1.0,-1.0,-1.0,-1.0,-1.0,-1.0,-1.0,1.0,1.0,1.0,1.0,1.0,1.0,1.0,1.0
-1.0,-1.0,-1.0,-1.0,-1.0,-1.0,-1.0,-1.0,-1.0,-1.0,-1.0,-1.0,-1.0,-1.0,-1.0,-1.0,-1.0,-1.0,-1.0,-1.0,-1.0,-1.0,-1.0,-1.0,-1.0,-1.0,-1.0,-1.0,-1.0,-1.0,-1.0,-1.0,-1.0,-1.0,-1.0,-1.0,-1.0,-1.0,-1.0,-1.0,-1.0,-1.0,-1.0,-1.0,-1.0,-1.0,-1.0,-1.0,-1.0,-1.0,-1.0,-1.0,-1.0,-1.0,-1.0,-1.0,-1.0,-1.0,-1.0,-1.0,-1.0,-1.0,-1.0,-1.0,-1.0,-1.0,-1.0,-1.0,-1.0,-1.0,-1.0,-1.0,-1.0,-1.0,-1.0,-1.0,-1.0,-1.0,-1.0,-1.0,-1.0,-1.0,-1.0,-1.0,-1.0,-1.0,-1.0,-1.0,-1.0,-1.0,-1.0,-1.0,-1.0,-1.0,-1.0,-1.0,-1.0,-1.0,-1.0,-1.0,-1.0,-1.0,-1.0,-1.0,-1.0,-1.0,-1.0,-1.0,-1.0,-1.0,-1.0,-1.0,-1.0,-1.0,-1.0,-1.0,-1.0,-1.0,-1.0,-1.0,-1.0,-1.0,-1.0,-1.0,-1.0,-1.0,-1.0,-1.0,-1.0,-1.0,-1.0,-1.0,-1.0,-1.0,-1.0,-1.0,-1.0,-1.0,-1.0,-1.0,-1.0,-1.0,-1.0,-1.0,-1.0,-1.0,-1.0,-1.0,-1.0,-1.0,-1.0,-1.0,-1.0,-1.0,-1.0,-1.0,-1.0,-1.0,-1.0,-1.0,-1.0,-1.0,-1.0,-1.0,-1.0,-1.0,-1.0,-1.0,-1.0,-1.0,-1.0,-1.0,-1.0,-1.0,-1.0,-1.0,-1.0,-1.0,-1.0,-1.0,-1.0,-1.0,-1.0,-1.0,-1.0,-1.0,-1.0,-1.0,-1.0,-1.0,-1.0,-1.0,-1.0,-1.0,-1.0,-1.0,-1.0,-1.0,-1.0,-1.0,-1.0,-1.0,-1.0,-1.0,-1.0,-1.0,-1.0,-1.0,-1.0,-1.0,-1.0,-1.0,-1.0,-1.0,-1.0,-1.0,-1.0,-1.0,-1.0,-1.0,-1.0,-1.0,-1.0,-1.0,-1.0,-1.0,-1.0,-1.0,-1.0,-1.0,-1.0,-1.0,-1.0,-1.0,-1.0,-1.0,-1.0,-1.0,-1.0,-1.0,-1.0,-1.0,-1.0,-1.0,-1.0,-1.0,-1.0,-1.0,-1.0,-1.0,-1.0,-1.0,-1.0,-1.0,-1.0,-1.0,-1.0,-1.0,-1.0
-1.0,1.0,1.0,1.0,1.0,1.0,1.0,1.0,1.0,1.0,1.0,1.0,1.0,1.0,1.0,1.0,1.0,1.0,1.0,-1.0,-1.0,-1.0,-1.0,-1.0,-1.0,-1.0,-1.0,1.0,1.0,1.0,1.0,1.0,1.0,1.0,1.0,1.0,1.0,1.0,1.0,1.0,1.0,1.0,1.0,1.0,1.0,1.0,1.0,1.0,1.0,1.0,-1.0,-1.0,1.0,1.0,1.0,1.0,-1.0,-1.0,-1.0,-1.0,-1.0,-1.0,-1.0,-1.0,-1.0,-1.0,1.0,1.0,1.0,1.0,1.0,1.0,1.0,-1.0,-1.0,-1.0,1.0,1.0,1.0,1.0,1.0,1.0,1.0,1.0,1.0,-1.0,-1.0,-1.0,1.0,1.0,1.0,1.0,-1.0,-1.0,-1.0,-1.0,-1.0,-1.0,1.0,1.0,1.0,1.0,1.0,1.0,1.0,1.0,1.0,1.0,1.0,1.0,1.0,1.0,1.0,1.0,1.0,1.0,1.0,1.0,1.0,1.0,1.0,1.0,1.0,1.0,1.0,1.0,1.0,1.0,1.0,1.0,1.0,1.0,1.0,1.0,1.0,1.0,1.0,-1.0,-1.0,-1.0,-1.0,-1.0,-1.0,-1.0,-1.0,-1.0,-1.0,-1.0,1.0,1.0,1.0,1.0,1.0,1.0,1.0,1.0,-1.0,-1.0,-1.0,-1.0,-1.0,-1.0,1.0,1.0,1.0,1.0,1.0,-1.0,-1.0,1.0,1.0,1.0,1.0,1.0,1.0,1.0,-1.0,-1.0,-1.0,-1.0,-1.0,-1.0,-1.0,1.0,1.0,1.0,1.0,-1.0,-1.0,-1.0,-1.0,-1.0,-1.0,-1.0,-1.0,-1.0,-1.0,-1.0,-1.0,-1.0,-1.0,-1.0,-1.0,-1.0,-1.0,-1.0,-1.0,-1.0,-1.0,-1.0,-1.0,-1.0,-1.0,-1.0,-1.0,-1.0,-1.0,-1.0,-1.0,-1.0,-1.0,-1.0,-1.0,-1.0,-1.0,-1.0,-1.0,-1.0,-1.0,-1.0,-1.0,-1.0,-1.0,-1.0,-1.0,-1.0,-1.0,-1.0,-1.0,-1.0,-1.0,1.0,1.0,1.0,1.0,1.0,1.0,-1.0,-1.0,1.0,1.0,1.0,1.0,1.0,1.0,1.0,1.0,1.0,-1.0
-1.0,-1.0,-1.0,-1.0,-1.0,-1.0,-1.0,-1.0,-1.0,-1.0,-1.0,-1.0,-1.0,-1.0,-1.0,-1.0,-1.0,-1.0,-1.0,-1.0,-1.0,-1.0,-1.0,-1.0,-1.0,-1.0,-1.0,-1.0,-1.0,-1.0,-1.0,-1.0,-1.0,-1.0,-1.0,-1.0,-1.0,-1.0,-1.0,-1.0,-1.0,-1.0,-1.0,-1.0,-1.0,-1.0,-1.0,-1.0,-1.0,-1.0,1.0,1.0,-1.0,-1.0,-1.0,-1.0,-1.0,-1.0,-1.0,-1.0,-1.0,-1.0,-1.0,-1.0,-1.0,-1.0,-1.0,-1.0,-1.0,-1.0,-1.0,-1.0,-1.0,1.0,1.0,1.0,-1.0,-1.0,-1.0,-1.0,-1.0,-1.0,-1.0,-1.0,-1.0,1.0,1.0,1.0,-1.0,-1.0,-1.0,-1.0,1.0,1.0,1.0,1.0,1.0,1.0,-1.0,-1.0,-1.0,-1.0,-1.0,-1.0,-1.0,-1.0,-1.0,-1.0,-1.0,-1.0,-1.0,-1.0,-1.0,-1.0,-1.0,-1.0,-1.0,-1.0,-1.0,-1.0,-1.0,-1.0,-1.0,-1.0,-1.0,-1.0,-1.0,-1.0,-1.0,-1.0,-1.0,-1.0,-1.0,-1.0,-1.0,-1.0,-1.0,-1.0,-1.0,1.0,1.0,-1.0,1.0,1.0,-1.0,1.0,1.0,-1.0,-1.0,-1.0,-1.0,-1.0,-1.0,-1.0,-1.0,-1.0,-1.0,-1.0,-1.0,-1.0,-1.0,-1.0,-1.0,-1.0,-1.0,-1.0,-1.0,-1.0,-1.0,-1.0,-1.0,-1.0,-1.0,-1.0,-1.0,-1.0,-1.0,-1.0,-1.0,-1.0,-1.0,-1.0,-1.0,-1.0,-1.0,-1.0,-1.0,-1.0,-1.0,-1.0,-1.0,-1.0,-1.0,-1.0,-1.0,-1.0,-1.0,-1.0,-1.0,-1.0,-1.0,-1.0,-1.0,-1.0,-1.0,-1.0,-1.0,-1.0,-1.0,-1.0,-1.0,-1.0,-1.0,-1.0,-1.0,-1.0,-1.0,-1.0,-1.0,-1.0,-1.0,-1.0,-1.0,-1.0,-1.0,-1.0,-1.0,-1.0,-1.0,-1.0,-1.0,-1.0,-1.0,-1.0,-1.0,-1.0,-1.0,-1.0,-1.0,-1.0,-1.0,-1.0,1.0,1.0,1.0,1.0,1.0,-1.0,-1.0,1.0,1.0,-1.0,-1.0,-1.0,-1.0,-1.0,-1.0,-1.0,-1.0
-1.0,-1.0,-1.0,-1.0,-1.0,-1.0,-1.0,-1.0,-1.0,-1.0,-1.0,-1.0,-1.0,-1.0,-1.0,-1.0,-1.0,-1.0,-1.0,-1.0,-1.0,-1.0,-1.0,-1.0,-1.0,-1.0,-1.0,-1.0,-1.0,-1.0,-1.0,-1.0,-1.0,-1.0,-1.0,-1.0,-1.0,-1.0,-1.0,-1.0,-1.0,-1.0,-1.0,-1.0,-1.0,-1.0,-1.0,-1.0,-1.0,-1.0,-1.0,-1.0,-1.0,-1.0,-1.0,-1.0,-1.0,-1.0,-1.0,-1.0,-1.0,-1.0,-1.0,-1.0,-1.0,-1.0,-1.0,-1.0,-1.0,-1.0,-1.0,-1.0,-1.0,-1.0,-1.0,-1.0,-1.0,-1.0,-1.0,-1.0,-1.0,-1.0,-1.0,-1.0,-1.0,-1.0,-1.0,-1.0,-1.0,-1.0,-1.0,-1.0,-1.0,-1.0,-1.0,-1.0,-1.0,-1.0,-1.0,-1.0,-1.0,-1.0,-1.0,-1.0,-1.0,-1.0,-1.0,-1.0,-1.0,-1.0,-1.0,-1.0,-1.0,-1.0,-1.0,-1.0,-1.0,-1.0,-1.0,-1.0,-1.0,-1.0,-1.0,-1.0,-1.0,-1.0,-1.0,-1.0,-1.0,-1.0,-1.0,-1.0,-1.0,-1.0,-1.0,-1.0,-1.0,-1.0,-1.0,-1.0,-1.0,-1.0,-1.0,-1.0,-1.0,-1.0,-1.0,-1.0,-1.0,-1.0,-1.0,-1.0,-1.0,-1.0,-1.0,-1.0,-1.0,-1.0,-1.0,-1.0,-1.0,-1.0,-1.0,-1.0,-1.0,-1.0,-1.0,-1.0,-1.0,-1.0,-1.0,-1.0,-1.0,-1.0,-1.0,-1.0,-1.0,-1.0,-1.0,-1.0,-1.0,-1.0,-1.0,-1.0,-1.0,-1.0,-1.0,-1.0,-1.0,-1.0,-1.0,-1.0,-1.0,-1.0,-1.0,-1.0,-1.0,-1.0,-1.0,-1.0,-1.0,-1.0,-1.0,-1.0,-1.0,-1.0,-1.0,-1.0,-1.0,-1.0,-1.0,-1.0,-1.0,-1.0,-1.0,-1.0,-1.0,-1.0,-1.0,-1.0,-1.0,-1.0,-1.0,-1.0,-1.0,-1.0,-1.0,-1.0,-1.0,-1.0,-1.0,-1.0,-1.0,-1.0,-1.0,-1.0,-1.0,-1.0,-1.0,-1.0,-1.0,-1.0,-1.0,-1.0,-1.0,-1.0,-1.0,-1.0,-1.0,-1.0,-1.0,-1.0,-1.0,-1.0,-1.0,-1.0,-1.0,-1.0,-1.0
-1.0,-1.0,-1.0,-1.0,-1.0,-1.0,-1.0,-1.0,-1.0,-1.0,-1.0,-1.0,-1.0,-1.0,-1.0,-1.0,-1.0,-1.0,-1.0,-1.0,-1.0,-1.0,-1.0,-1.0,-1.0,-1.0,-1.0,-1.0,-1.0,-1.0,-1.0,-1.0,-1.0,-1.0,-1.0,-1.0,-1.0,-1.0,-1.0,-1.0,-1.0,-1.0,-1.0,-1.0,-1.0,-1.0,-1.0,-1.0,-1.0,-1.0,-1.0,-1.0,-1.0,-1.0,-1.0,-1.0,-1.0,-1.0,-1.0,-1.0,-1.0,-1.0,-1.0,-1.0,-1.0,-1.0,-1.0,-1.0,-1.0,-1.0,-1.0,-1.0,-1.0,-1.0,-1.0,-1.0,-1.0,-1.0,-1.0,-1.0,-1.0,-1.0,-1.0,-1.0,-1.0,-1.0,-1.0,-1.0,-1.0,-1.0,-1.0,-1.0,-1.0,-1.0,-1.0,-1.0,-1.0,-1.0,-1.0,-1.0,-1.0,-1.0,-1.0,-1.0,-1.0,-1.0,-1.0,-1.0,-1.0,-1.0,-1.0,-1.0,-1.0,-1.0,-1.0,-1.0,-1.0,-1.0,-1.0,-1.0,-1.0,-1.0,-1.0,-1.0,-1.0,-1.0,-1.0,-1.0,-1.0,-1.0,-1.0,-1.0,-1.0,-1.0,-1.0,-1.0,-1.0,-1.0,-1.0,-1.0,-1.0,-1.0,-1.0,-1.0,-1.0,-1.0,-1.0,-1.0,-1.0,-1.0,-1.0,-1.0,-1.0,-1.0,-1.0,-1.0,-1.0,-1.0,-1.0,-1.0,-1.0,-1.0,-1.0,-1.0,-1.0,-1.0,-1.0,-1.0,-1.0,-1.0,-1.0,-1.0,-1.0,-1.0,-1.0,-1.0,-1.0,-1.0,-1.0,-1.0,-1.0,-1.0,-1.0,-1.0,-1.0,-1.0,-1.0,-1.0,-1.0,-1.0,-1.0,-1.0,-1.0,-1.0,-1.0,-1.0,-1.0,-1.0,-1.0,-1.0,-1.0,-1.0,-1.0,-1.0,-1.0,-1.0,-1.0,-1.0,-1.0,-1.0,-1.0,-1.0,-1.0,-1.0,-1.0,-1.0,-1.0,-1.0,-1.0,-1.0,-1.0,-1.0,-1.0,-1.0,-1.0,-1.0,-1.0,-1.0,-1.0,-1.0,-1.0,-1.0,-1.0,-1.0,-1.0,-1.0,-1.0,-1.0,-1.0,-1.0,-1.0,-1.0,-1.0,-1.0,-1.0,-1.0,-1.0,-1.0,-1.0,-1.0,-1.0,-1.0,-1.0,-1.0,-1.0,-1.0,-1.0,-1.0,-1.0
1.0,-1.0,-1.0,-1.0,-1.0,-1.0,-1.0,-1.0,-1.0,-1.0,-1.0,-1.0,-1.0,-1.0,-1.0,-1.0,-1.0,-1.0,-1.0,-1.0,-1.0,-1.0,-1.0,-1.0,-1.0,-1.0,-1.0,-1.0,-1.0,-1.0,-1.0,-1.0,-1.0,-1.0,-1.0,-1.0,-1.0,-1.0,-1.0,-1.0,-1.0,-1.0,-1.0,-1.0,-1.0,-1.0,-1.0,-1.0,-1.0,-1.0,-1.0,-1.0,-1.0,-1.0,-1.0,-1.0,-1.0,-1.0,-1.0,-1.0,-1.0,-1.0,-1.0,-1.0,-1.0,-1.0,-1.0,-1.0,-1.0,-1.0,-1.0,-1.0,-1.0,-1.0,-1.0,-1.0,-1.0,-1.0,-1.0,-1.0,-1.0,-1.0,-1.0,-1.0,-1.0,-1.0,-1.0,-1.0,-1.0,-1.0,-1.0,-1.0,-1.0,-1.0,-1.0,-1.0,-1.0,-1.0,-1.0,-1.0,-1.0,-1.0,-1.0,-1.0,-1.0,-1.0,-1.0,-1.0,-1.0,-1.0,-1.0,-1.0,-1.0,-1.0,-1.0,-1.0,-1.0,-1.0,-1.0,-1.0,-1.0,-1.0,-1.0,-1.0,-1.0,-1.0,-1.0,-1.0,-1.0,-1.0,-1.0,-1.0,-1.0,-1.0,-1.0,-1.0,-1.0,-1.0,-1.0,-1.0,-1.0,-1.0,-1.0,-1.0,-1.0,-1.0,-1.0,-1.0,-1.0,-1.0,-1.0,-1.0,-1.0,-1.0,-1.0,-1.0,-1.0,-1.0,-1.0,-1.0,-1.0,-1.0,-1.0,-1.0,-1.0,-1.0,-1.0,-1.0,-1.0,-1.0,-1.0,-1.0,-1.0,-1.0,-1.0,-1.0,-1.0,-1.0,-1.0,-1.0,-1.0,-1.0,-1.0,-1.0,-1.0,-1.0,-1.0,-1.0,-1.0,-1.0,-1.0,-1.0,-1.0,-1.0,-1.0,-1.0,-1.0,-1.0,-1.0,-1.0,-1.0,-1.0,-1.0,-1.0,-1.0,-1.0,-1.0,-1.0,-1.0,-1.0,-1.0,-1.0,-1.0,-1.0,-1.0,-1.0,-1.0,-1.0,-1.0,-1.0,-1.0,-1.0,-1.0,-1.0,-1.0,-1.0,-1.0,-1.0,-1.0,-1.0,-1.0,-1.0,-1.0,-1.0,-1.0,-1.0,-1.0,-1.0,-1.0,-1.0,-1.0,-1.0,-1.0,-1.0,-1.0,-1.0,-1.0,-1.0,-1.0,-1.0,-1.0,-1.0,-1.0,-1.0,-1.0,-1.0,-1.0,-1.0,1.0
-1.0,-1.0,-1.0,-1.0,1.0,1.0,1.0,1.0,1.0,1.0,1.0,1.0,1.0,1.0,1.0,1.0,1.0,1.0,1.0,-1.0,1.0,1.0,1.0,1.0,1.0,1.0,1.0,-1.0,-1.0,-1.0,-1.0,-1.0,-1.0,-1.0,-1.0,1.0,1.0,1.0,1.0,1.0,1.0,-1.0,-1.0,1.0,1.0,1.0,1.0,1.0,1.0,-1.0,-1.0,-1.0,1.0,1.0,1.0,-1.0,-1.0,-1.0,-1.0,-1.0,-1.0,-1.0,-1.0,-1.0,-1.0,-1.0,-1.0,-1.0,-1.0,-1.0,-1.0,-1.0,-1.0,-1.0,-1.0,-1.0,-1.0,-1.0,-1.0,-1.0,-1.0,-1.0,-1.0,-1.0,-1.0,-1.0,-1.0,-1.0,-1.0,-1.0,-1.0,-1.0,-1.0,-1.0,-1.0,-1.0,-1.0,-1.0,-1.0,-1.0,1.0,1.0,1.0,1.0,1.0,1.0,-1.0,-1.0,-1.0,-1.0,-1.0,-1.0,-1.0,-1.0,-1.0,-1.0,-1.0,-1.0,-1.0,-1.0,-1.0,-1.0,-1.0,-1.0,-1.0,-1.0,1.0,1.0,1.0,1.0,1.0,1.0,-1.0,-1.0,-1.0,-1.0,-1.0,-1.0,-1.0,-1.0,-1.0,-1.0,-1.0,-1.0,-1.0,-1.0,-1.0,-1.0,-1.0,-1.0,-1.0,-1.0,-1.0,-1.0,-1.0,-1.0,-1.0,-1.0,-1.0,-1.0,-1.0,-1.0,-1.0,-1.0,-1.0,-1.0,-1.0,-1.0,-1.0,-1.0,-1.0,-1.0,-1.0,-1.0,-1.0,-1.0,1.0,1.0,1.0,1.0,1.0,1.0,1.0,1.0,1.0,1.0,1.0,1.0,1.0,1.0,1.0,1.0,1.0,1.0,-1.0,1.0,1.0,1.0,1.0,1.0,1.0,1.0,1.0,1.0,1.0,1.0,1.0,1.0,1.0,1.0,1.0,1.0,1.0,1.0,1.0,-1.0,1.0,1.0,1.0,1.0,-1.0,1.0,1.0,1.0,-1.0,1.0,1.0,-1.0,1.0,1.0,1.0,1.0,1.0,-1.0,1.0,1.0,1.0,1.0,-1.0,1.0,1.0,-1.0,-1.0,-1.0,-1.0,-1.0,-1.0,-1.0,-1.0,-1.0,-1.0,-1.0,-1.0,-1.0,-1.0,-1.0,-1.0,-1.0,-1.0
-1.0,-1.0,-1.0,-1.0,-1.0,-1.0,-1.0,-1.0,-1.0,-1.0,-1.0,-1.0,-1.0,-1.0,-1.0,-1.0,-1.0,-1.0,-1.0,-1.0,-1.0,-1.0,-1.0,-1.0,-1.0,-1.0,-1.0,-1.0,-1.0,-1.0,-1.0,-1.0,-1.0,-1.0,-1.0,-1.0,-1.0,-1.0,-1.0,-1.0,-1.0,-1.0,-1.0,-1.0,-1.0,-1.0,-1.0,-1.0,-1.0,-1.0,-1.0,-1.0,-1.0,-1.0,-1.0,-1.0,-1.0,-1.0,-1.0,-1.0,-1.0,-1.0,-1.0,-1.0,-1.0,-1.0,-1.0,-1.0,-1.0,-1.0,-1.0,-1.0,-1.0,-1.0,-1.0,-1.0,-1.0,-1.0,-1.0,-1.0,-1.0,-1.0,-1.0,-1.0,-1.0,-1.0,-1.0,-1.0,-1.0,-1.0,-1.0,-1.0,-1.0,-1.0,-1.0,-1.0,-1.0,-1.0,-1.0,-1.0,-1.0,-1.0,-1.0,-1.0,-1.0,-1.0,-1.0,-1.0,-1.0,-1.0,-1.0,-1.0,-1.0,-1.0,-1.0,-1.0,-1.0,-1.0,-1.0,-1.0,-1.0,-1.0,-1.0,-1.0,-1.0,-1.0,-1.0,-1.0,-1.0,-1.0,-1.0,-1.0,-1.0,-1.0,-1.0,-1.0,-1.0,-1.0,-1.0,-1.0,-1.0,-1.0,-1.0,-1.0,-1.0,-1.0,-1.0,-1.0,-1.0,-1.0,-1.0,-1.0,-1.0,-1.0,-1.0,-1.0,-1.0,-1.0,-1.0,-1.0,-1.0,-1.0,-1.0,-1.0,-1.0,-1.0,-1.0,-1.0,-1.0,-1.0,-1.0,-1.0,-1.0,-1.0,-1.0,-1.0,-1.0,-1.0,-1.0,-1.0,-1.0,-1.0,-1.0,-1.0,-1.0,-1.0,-1.0,-1.0,-1.0,-1.0,-1.0,-1.0,-1.0,-1.0,-1.0,-1.0,-1.0,-1.0,-1.0,-1.0,-1.0,-1.0,-1.0,-1.0,-1.0,-1.0,-1.0,-1.0,-1.0,-1.0,-1.0,-1.0,-1.0,-1.0,-1.0,-1.0,-1.0,-1.0,-1.0,-1.0,-1.0,-1.0,-1.0,-1.0,-1.0,-1.0,-1.0,-1.0,-1.0,-1.0,-1.0,-1.0,-1.0,-1.0,-1.0,-1.0,-1.0,-1.0,-1.0,-1.0,-1.0,-1.0,-1.0,-1.0,-1.0,-1.0,-1.0,1.0,1.0,-1.0,-1.0,-1.0,-1.0,-1.0,-1.0,-1.0,-1.0,-1.0,-1.0
-1.0,-1.0,-1.0,-1.0,-1.0,-1.0,-1.0,-1.0,-1.0,-1.0,-1.0,-1.0,-1.0,-1.0,-1.0,-1.0,-1.0,-1.0,-1.0,1.0,-1.0,-1.0,-1.0,-1.0,-1.0,-1.0,-1.0,-1.0,-1.0,-1.0,-1.0,-1.0,-1.0,-1.0,-1.0,-1.0,-1.0,-1.0,-1.0,-1.0,-1.0,-1.0,-1.0,-1.0,-1.0,-1.0,-1.0,-1.0,-1.0,-1.0,-1.0,-1.0,-1.0,-1.0,-1.0,-1.0,-1.0,-1.0,-1.0,-1.0,-1.0,-1.0,-1.0,-1.0,-1.0,-1.0,-1.0,-1.0,-1.0,-1.0,-1.0,-1.0,-1.0,-1.0,-1.0,-1.0,-1.0,-1.0,-1.0,-1.0,-1.0,-1.0,-1.0,-1.0,-1.0,-1.0,-1.0,-1.0,-1.0,-1.0,-1.0,-1.0,-1.0,-1.0,-1.0,-1.0,-1.0,-1.0,-1.0,-1.0,-1.0,-1.0,-1.0,-1.0,-1.0,-1.0,-1.0,-1.0,-1.0,-1.0,-1.0,-1.0,-1.0,-1.0,-1.0,-1.0,-1.0,-1.0,-1.0,-1.0,-1.0,-1.0,-1.0,-1.0,-1.0,-1.0,-1.0,-1.0,-1.0,-1.0,-1.0,-1.0,-1.0,-1.0,-1.0,-1.0,-1.0,-1.0,-1.0,-1.0,-1.0,1.0,-1.0,-1.0,1.0,-1.0,-1.0,1.0,-1.0,-1.0,-1.0,-1.0,-1.0,-1.0,-1.0,-1.0,1.0,1.0,1.0,1.0,1.0,1.0,-1.0,-1.0,-1.0,-1.0,-1.0,1.0,1.0,-1.0,-1.0,-1.0,-1.0,-1.0,-1.0,-1.0,-1.0,-1.0,-1.0,-1.0,-1.0,-1.0,-1.0,-1.0,-1.0,-1.0,-1.0,-1.0,-1.0,-1.0,-1.0,-1.0,-1.0,-1.0,1.0,-1.0,-1.0,-1.0,-1.0,-1.0,-1.0,-1.0,-1.0,-1.0,-1.0,-1.0,-1.0,-1.0,-1.0,-1.0,-1.0,-1.0,-1.0,-1.0,-1.0,1.0,-1.0,-1.0,-1.0,-1.0,1.0,-1.0,-1.0,-1.0,1.0,-1.0,-1.0,1.0,-1.0,-1.0,-1.0,-1.0,-1.0,1.0,-1.0,-1.0,-1.0,-1.0,1.0,-1.0,-1.0,-1.0,-1.0,-1.0,-1.0,-1.0,-1.0,-1.0,-1.0,-1.0,-1.0,-1.0,-1.0,-1.0,-1.0,-1.0,-1.0,-1.0,-1.0
-1.0,-1.0,-1.0,-1.0,-1.0,-1.0,-1.0,-1.0,-1.0,-1.0,-1.0,-1.0,-1.0,-1.0,-1.0,-1.0,-1.0,-1.0,-1.0,-1.0,-1.0,-1.0,-1.0,-1.0,-1.0,-1.0,-1.0,-1.0,-1.0,-1.0,-1.0,-1.0,-1.0,-1.0,-1.0,-1.0,-1.0,-1.0,-1.0,-1.0,-1.0,-1.0,-1.0,-1.0,-1.0,-1.0,-1.0,-1.0,-1.0,-1.0,-1.0,-1.0,-1.0,-1.0,-1.0,-1.0,-1.0,-1.0,-1.0,-1.0,-1.0,-1.0,-1.0,-1.0,-1.0,-1.0,-1.0,-1.0,-1.0,-1.0,-1.0,-1.0,-1.0,-1.0,-1.0,-1.0,-1.0,-1.0,-1.0,-1.0,-1.0,-1.0,-1.0,-1.0,-1.0,-1.0,-1.0,-1.0,-1.0,-1.0,-1.0,-1.0,-1.0,-1.0,-1.0,-1.0,-1.0,-1.0,-1.0,-1.0,-1.0,-1.0,-1.0,-1.0,-1.0,-1.0,-1.0,-1.0,-1.0,-1.0,-1.0,-1.0,-1.0,-1.0,-1.0,-1.0,-1.0,-1.0,-1.0,-1.0,-1.0,-1.0,-1.0,-1.0,-1.0,-1.0,-1.0,-1.0,-1.0,-1.0,-1.0,-1.0,-1.0,-1.0,-1.0,-1.0,-1.0,-1.0,-1.0,-1.0,-1.0,-1.0,-1.0,-1.0,-1.0,-1.0,-1.0,-1.0,-1.0,-1.0,-1.0,-1.0,-1.0,-1.0,-1.0,-1.0,-1.0,-1.0,-1.0,-1.0,-1.0,-1.0,-1.0,-1.0,-1.0,-1.0,-1.0,-1.0,-1.0,-1.0,-1.0,-1.0,-1.0,-1.0,-1.0,-1.0,-1.0,-1.0,-1.0,-1.0,-1.0,-1.0,-1.0,-1.0,-1.0,-1.0,-1.0,-1.0,-1.0,-1.0,-1.0,-1.0,-1.0,-1.0,-1.0,-1.0,-1.0,-1.0,-1.0,-1.0,-1.0,-1.0,-1.0,-1.0,-1.0,-1.0,-1.0,-1.0,-1.0,-1.0,-1.0,-1.0,-1.0,-1.0,-1.0,-1.0,-1.0,-1.0,-1.0,-1.0,-1.0,-1.0,-1.0,-1.0,-1.0,-1.0,-1.0,-1.0,-1.0,-1.0,-1.0,-1.0,-1.0,-1.0,-1.0,-1.0,-1.0,-1.0,-1.0,-1.0,-1.0,-1.0,-1.0,-1.0,-1.0,-1.0,-1.0,-1.0,-1.0,-1.0,-1.0,-1.0,-1.0,-1.0,-1.0,-1.0,-1.0,-1.0,-1.0
-1.0,-1.0,-1.0,-1.0,-1.0,-1.0,-1.0,-1.0,-1.0,-1.0,-1.0,-1.0,-1.0,-1.0,-1.0,-1.0,-1.0,-1.0,-1.0,-1.0,-1.0,-1.0,-1.0,-1.0,-1.0,-1.0,-1.0,-1.0,-1.0,-1.0,-1.0,-1.0,-1.0,-1.0,-1.0,-1.0,-1.0,-1.0,-1.0,-1.0,-1.0,-1.0,-1.0,-1.0,-1.0,-1.0,-1.0,-1.0,-1.0,-1.0,-1.0,-1.0,-1.0,-1.0,-1.0,-1.0,-1.0,-1.0,-1.0,-1.0,-1.0,-1.0,-1.0,-1.0,-1.0,-1.0,-1.0,-1.0,-1.0,-1.0,-1.0,-1.0,-1.0,-1.0,-1.0,-1.0,-1.0,-1.0,-1.0,-1.0,-1.0,-1.0,-1.0,-1.0,-1.0,-1.0,-1.0,-1.0,-1.0,-1.0,-1.0,-1.0,-1.0,-1.0,-1.0,-1.0,-1.0,-1.0,-1.0,-1.0,-1.0,-1.0,-1.0,-1.0,-1.0,-1.0,-1.0,-1.0,-1.0,-1.0,-1.0,-1.0,-1.0,-1.0,-1.0,-1.0,-1.0,-1.0,-1.0,-1.0,-1.0,-1.0,-1.0,-1.0,-1.0,-1.0,-1.0,-1.0,-1.0,-1.0,-1.0,-1.0,-1.0,-1.0,-1.0,-1.0,-1.0,-1.0,-1.0,-1.0,-1.0,-1.0,-1.0,-1.0,-1.0,-1.0,-1.0,-1.0,-1.0,-1.0,-1.0,-1.0,-1.0,-1.0,-1.0,-1.0,-1.0,-1.0,-1.0,-1.0,-1.0,-1.0,-1.0,-1.0,-1.0,-1.0,-1.0,-1.0,-1.0,-1.0,-1.0,-1.0,-1.0,-1.0,-1.0,-1.0,-1.0,-1.0,-1.0,-1.0,-1.0,-1.0,-1.0,-1.0,-1.0,-1.0,-1.0,-1.0,-1.0,-1.0,-1.0,-1.0,-1.0,-1.0,-1.0,-1.0,-1.0,-1.0,-1.0,-1.0,-1.0,-1.0,-1.0,-1.0,-1.0,-1.0,-1.0,-1.0,-1.0,-1.0,-1.0,-1.0,-1.0,-1.0,-1.0,-1.0,-1.0,-1.0,-1.0,-1.0,-1.0,-1.0,-1.0,-1.0,-1.0,-1.0,-1.0,-1.0,-1.0,-1.0,-1.0,-1.0,-1.0,-1.0,-1.0,-1.0,-1.0,-1.0,-1.0,-1.0,-1.0,-1.0,-1.0,-1.0,-1.0,-1.0,-1.0,-1.0,-1.0,-1.0,-1.0,-1.0,-1.0,-1.0,-1.0,-1.0,-1.0,-1.0,-1.0
-1.0,-1.0,-1.0,-1.0,-1.0,-1.0,-1.0,-1.0,-1.0,-1.0,-1.0,-1.0,-1.0,-1.0,-1.0,-1.0,-1.0,-1.0,-1.0,-1.0,-1.0,-1.0,-1.0,-1.0,-1.0,-1.0,-1.0,-1.0,-1.0,-1.0,-1.0,-1.0,-1.0,-1.0,-1.0,-1.0,-1.0,-1.0,-1.0,-1.0,-1.0,-1.0,-1.0,-1.0,-1.0,-1.0,-1.0,-1.0,-1.0,-1.0,-1.0,-1.0,-1.0,-1.0,-1.0,-1.0,-1.0,-1.0,-1.0,-1.0,-1.0,-1.0,-1.0,-1.0,-1.0,-1.0,-1.0,-1.0,-1.0,-1.0,-1.0,-1.0,-1.0,-1.0,-1.0,-1.0,-1.0,-1.0,-1.0,-1.0,-1.0,-1.0,-1.0,-1.0,-1.0,-1.0,-1.0,-1.0,-1.0,-1.0,-1.0,-1.0,-1.0,-1.0,-1.0,-1.0,-1.0,-1.0,-1.0,-1.0,-1.0,-1.0,-1.0,-1.0,-1.0,-1.0,-1.0,-1.0,-1.0,-1.0,-1.0,-1.0,-1.0,-1.0,-1.0,-1.0,-1.0,-1.0,-1.0,-1.0,-1.0,-1.0,-1.0,-1.0,-1.0,-1.0,-1.0,-1.0,-1.0,-1.0,-1.0,-1.0,-1.0,-1.0,-1.0,-1.0,-1.0,-1.0,-1.0,-1.0,-1.0,-1.0,-1.0,-1.0,-1.0,-1.0,-1.0,-1.0,-1.0,-1.0,-1.0,-1.0,-1.0,-1.0,-1.0,-1.0,-1.0,-1.0,-1.0,-1.0,-1.0,-1.0,-1.0,-1.0,-1.0,-1.0,-1.0,-1.0,-1.0,-1.0,-1.0,-1.0,-1.0,-1.0,-1.0,-1.0,-1.0,-1.0,-1.0,-1.0,-1.0,-1.0,-1.0,-1.0,-1.0,-1.0,-1.0,-1.0,-1.0,-1.0,-1.0,-1.0,-1.0,-1.0,-1.0,-1.0,-1.0,-1.0,-1.0,-1.0,-1.0,-1.0,-1.0,-1.0,-1.0,-1.0,-1.0,-1.0,-1.0,-1.0,-1.0,-1.0,-1.0,-1.0,-1.0,-1.0,-1.0,-1.0,-1.0,-1.0,-1.0,-1.0,-1.0,-1.0,-1.0,-1.0,-1.0,-1.0,-1.0,-1.0,-1.0,-1.0,-1.0,-1.0,-1.0,-1.0,-1.0,-1.0,-1.0,-1.0,-1.0,-1.0,-1.0,-1.0,-1.0,-1.0,-1.0,-1.0,-1.0,-1.0,-1.0,-1.0,-1.0,-1.0,-1.0,-1.0,-1.0,-1.0,-1.0
-1.0,-1.0,-1.0,-1.0,-1.0,-1.0,-1.0,-1.0,-1.0,-1.0,-1.0,-1.0,-1.0,-1.0,-1.0,-1.0,-1.0,-1.0,-1.0,-1.0,-1.0,-1.0,-1.0,-1.0,-1.0,-1.0,-1.0,-1.0,-1.0,-1.0,-1.0,-1.0,-1.0,-1.0,-1.0,-1.0,-1.0,-1.0,-1.0,-1.0,-1.0,-1.0,-1.0,-1.0,-1.0,-1.0,-1.0,-1.0,-1.0,-1.0,-1.0,-1.0,-1.0,-1.0,-1.0,-1.0,1.0,1.0,1.0,1.0,1.0,1.0,1.0,1.0,1.0,1.0,-1.0,-1.0,-1.0,-1.0,-1.0,-1.0,-1.0,-1.0,-1.0,-1.0,-1.0,-1.0,-1.0,-1.0,-1.0,-1.0,-1.0,-1.0,-1.0,-1.0,-1.0,-1.0,-1.0,-1.0,-1.0,-1.0,-1.0,-1.0,-1.0,-1.0,-1.0,-1.0,-1.0,-1.0,-1.0,-1.0,-1.0,-1.0,-1.0,-1.0,-1.0,-1.0,-1.0,-1.0,-1.0,-1.0,-1.0,-1.0,-1.0,-1.0,-1.0,-1.0,-1.0,-1.0,-1.0,-1.0,-1.0,-1.0,-1.0,-1.0,-1.0,-1.0,-1.0,-1.0,-1.0,-1.0,-1.0,-1.0,-1.0,-1.0,-1.0,-1.0,-1.0,-1.0,-1.0,-1.0,-1.0,-1.0,-1.0,-1.0,-1.0,-1.0,-1.0,-1.0,-1.0,-1.0,-1.0,-1.0,-1.0,-1.0,1.0,1.0,1.0,1.0,1.0,1.0,-1.0,-1.0,-1.0,-1.0,-1.0,1.0,1.0,-1.0,-1.0,-1.0,-1.0,-1.0,-1.0,-1.0,-1.0,-1.0,-1.0,-1.0,-1.0,-1.0,-1.0,-1.0,-1.0,-1.0,-1.0,-1.0,-1.0,-1.0,-1.0,-1.0,-1.0,-1.0,-1.0,-1.0,-1.0,-1.0,-1.0,-1.0,-1.0,-1.0,-1.0,-1.0,-1.0,-1.0,-1.0,-1.0,-1.0,-1.0,-1.0,-1.0,-1.0,-1.0,-1.0,-1.0,-1.0,-1.0,-1.0,-1.0,-1.0,-1.0,-1.0,-1.0,-1.0,-1.0,-1.0,-1.0,-1.0,-1.0,-1.0,-1.0,-1.0,-1.0,-1.0,-1.0,-1.0,-1.0,-1.0,-1.0,-1.0,-1.0,-1.0,-1.0,-1.0,-1.0,-1.0,-1.0,-1.0,-1.0,-1.0,-1.0,-1.0,-1.0,-1.0,-1.0,-1.0,-1.0,-1.0
-1.0,-1.0,-1.0,-1.0,-1.0,-1.0,-1.0,-1.0,-1.0,-1.0,-1.0,-1.0,-1.0,-1.0,-1.0,-1.0,-1.0,-1.0,-1.0,-1.0,-1.0,-1.0,-1.0,-1.0,-1.0,-1.0,-1.0,-1.0,-1.0,-1.0,-1.0,-1.0,-1.0,-1.0,-1.0,-1.0,-1.0,-1.0,-1.0,-1.0,-1.0,-1.0,-1.0,-1.0,-1.0,-1.0,-1.0,-1.0,-1.0,-1.0,-1.0,-1.0,-1.0,-1.0,-1.0,-1.0,-1.0,-1.0,-1.0,-1.0,-1.0,-1.0,-1.0,-1.0,-1.0,-1.0,-1.0,-1.0,-1.0,-1.0,-1.0,-1.0,-1.0,-1.0,-1.0,-1.0,-1.0,-1.0,-1.0,-1.0,-1.0,-1.0,-1.0,-1.0,-1.0,-1.0,-1.0,-1.0,-1.0,-1.0,-1.0,-1.0,-1.0,-1.0,-1.0,-1.0,-1.0,-1.0,-1.0,-1.0,-1.0,-1.0,-1.0,-1.0,-1.0,-1.0,-1.0,-1.0,-1.0,-1.0,-1.0,-1.0,-1.0,-1.0,-1.0,-1.0,-1.0,-1.0,-1.0,-1.0,-1.0,-1.0,-1.0,-1.0,-1.0,-1.0,-1.0,-1.0,-1.0,-1.0,-1.0,-1.0,-1.0,-1.0,-1.0,-1.0,-1.0,-1.0,-1.0,-1.0,-1.0,-1.0,-1.0,-1.0,-1.0,-1.0,-1.0,-1.0,-1.0,-1.0,-1.0,-1.0,-1.0,-1.0,-1.0,-1.0,-1.0,-1.0,-1.0,-1.0,-1.0,-1.0,-1.0,-1.0,-1.0,-1.0,-1.0,1.0,1.0,-1.0,-1.0,-1.0,-1.0,-1.0,-1.0,-1.0,-1.0,-1.0,-1.0,-1.0,-1.0,-1.0,-1.0,-1.0,-1.0,-1.0,-1.0,-1.0,-1.0,-1.0,-1.0,-1.0,-1.0,-1.0,-1.0,-1.0,-1.0,-1.0,-1.0,-1.0,-1.0,-1.0,-1.0,-1.0,-1.0,-1.0,-1.0,-1.0,-1.0,-1.0,-1.0,-1.0,-1.0,-1.0,-1.0,-1.0,-1.0,-1.0,-1.0,-1.0,-1.0,-1.0,-1.0,-1.0,-1.0,-1.0,-1.0,-1.0,-1.0,-1.0,-1.0,-1.0,-1.0,-1.0,-1.0,-1.0,-1.0,-1.0,-1.0,-1.0,-1.0,-1.0,-1.0,-1.0,-1.0,-1.0,-1.0,-1.0,-1.0,-1.0,-1.0,-1.0,-1.0,-1.0,-1.0,-1.0,-1.0,-1.0,-1.0
-1.0,-1.0,-1.0,-1.0,1.0,1.0,1.0,1.0,1.0,1.0,1.0,1.0,1.0,1.0,1.0,1.0,1.0,1.0,1.0,-1.0,1.0,1.0,1.0,1.0,1.0,1.0,1.0,-1.0,-1.0,-1.0,-1.0,-1.0,-1.0,-1.0,-1.0,1.0,1.0,1.0,1.0,1.0,1.0,-1.0,-1.0,1.0,1.0,1.0,1.0,1.0,1.0,-1.0,-1.0,-1.0,1.0,1.0,1.0,-1.0,-1.0,-1.0,-1.0,-1.0,-1.0,-1.0,-1.0,-1.0,-1.0,-1.0,-1.0,-1.0,-1.0,-1.0,-1.0,-1.0,-1.0,-1.0,-1.0,-1.0,-1.0,-1.0,-1.0,-1.0,-1.0,-1.0,-1.0,-1.0,-1.0,-1.0,-1.0,-1.0,-1.0,-1.0,-1.0,-1.0,-1.0,-1.0,-1.0,-1.0,-1.0,-1.0,-1.0,-1.0,1.0,1.0,1.0,1.0,1.0,1.0,-1.0,-1.0,-1.0,-1.0,-1.0,-1.0,-1.0,-1.0,-1.0,-1.0,-1.0,-1.0,-1.0,-1.0,-1.0,-1.0,-1.0,-1.0,-1.0,-1.0,1.0,1.0,1.0,1.0,1.0,1.0,-1.0,-1.0,-1.0,-1.0,-1.0,-1.0,-1.0,-1.0,-1.0,-1.0,-1.0,-1.0,-1.0,-1.0,-1.0,-1.0,-1.0,-1.0,-1.0,-1.0,-1.0,-1.0,-1.0,-1.0,-1.0,-1.0,-1.0,-1.0,-1.0,-1.0,-1.0,-1.0,-1.0,-1.0,-1.0,-1.0,-1.0,-1.0,-1.0,-1.0,-1.0,-1.0,-1.0,-1.0,1.0,1.0,1.0,1.0,1.0,1.0,1.0,1.0,1.0,1.0,1.0,1.0,1.0,1.0,1.0,1.0,1.0,1.0,-1.0,1.0,1.0,1.0,1.0,1.0,1.0,1.0,1.0,1.0,1.0,1.0,1.0,1.0,1.0,1.0,1.0,1.0,1.0,1.0,1.0,-1.0,1.0,1.0,1.0,1.0,-1.0,1.0,1.0,1.0,-1.0,1.0,1.0,-1.0,1.0,1.0,1.0,1.0,1.0,-1.0,1.0,1.0,1.0,1.0,-1.0,1.0,1.0,-1.0,-1.0,-1.0,-1.0,-1.0,-1.0,-1.0,-1.0,-1.0,-1.0,-1.0,-1.0,-1.0,-1.0,-1.0,-1.0,-1.0,-1.0
-1.0,-1.0,-1.0,-1.0,-1.0,-1.0,-1.0,-1.0,-1.0,-1.0,-1.0,-1.0,-1.0,-1.0,-1.0,-1.0,-1.0,-1.0,-1.0,-1.0,-1.0,-1.0,-1.0,-1.0,-1.0,-1.0,-1.0,-1.0,-1.0,-1.0,-1.0,-1.0,-1.0,-1.0,-1.0,-1.0,-1.0,-1.0,-1.0,-1.0,-1.0,-1.0,-1.0,-1.0,-1.0,-1.0,-1.0,-1.0,-1.0,-1.0,-1.0,-1.0,-1.0,-1.0,-1.0,-1.0,-1.0,-1.0,-1.0,-1.0,-1.0,-1.0,-1.0,-1.0,-1.0,-1.0,-1.0,-1.0,-1.0,-1.0,-1.0,-1.0,-1.0,-1.0,-1.0,-1.0,-1.0,-1.0,-1.0,-1.0,-1.0,-1.0,-1.0,-1.0,-1.0,-1.0,-1.0,-1.0,-1.0,-1.0,-1.0,-1.0,-1.0,-1.0,-1.0,-1.0,-1.0,-1.0,-1.0,-1.0,-1.0,-1.0,-1.0,-1.0,-1.0,-1.0,-1.0,-1.0,-1.0,-1.0,-1.0,-1.0,-1.0,-1.0,-1.0,-1.0,-1.0,-1.0,-1.0,-1.0,-1.0,-1.0,-1.0,-1.0,-1.0,-1.0,-1.0,-1.0,-1.0,-1.0,-1.0,-1.0,-1.0,-1.0,-1.0,-1.0,-1.0,-1.0,-1.0,-1.0,-1.0,-1.0,-1.0,-1.0,-1.0,-1.0,-1.0,-1.0,-1.0,-1.0,-1.0,-1.0,-1.0,-1.0,-1.0,-1.0,-1.0,-1.0,-1.0,-1.0,-1.0,-1.0,-1.0,-1.0,-1.0,-1.0,-1.0,-1.0,-1.0,-1.0,-1.0,-1.0,-1.0,-1.0,-1.0,-1.0,-1.0,-1.0,-1.0,-1.0,-1.0,-1.0,-1.0,-1.0,-1.0,-1.0,-1.0,-1.0,-1.0,-1.0,-1.0,-1.0,-1.0,-1.0,-1.0,-1.0,-1.0,-1.0,-1.0,-1.0,-1.0,-1.0,-1.0,-1.0,-1.0,-1.0,-1.0,-1.0,-1.0,-1.0,-1.0,-1.0,-1.0,-1.0,-1.0,-1.0,-1.0,-1.0,-1.0,-1.0,-1.0,-1.0,-1.0,-1.0,-1.0,-1.0,-1.0,-1.0,-1.0,-1.0,-1.0,-1.0,-1.0,-1.0,-1.0,-1.0,-1.0,-1.0,-1.0,-1.0,-1.0,-1.0,-1.0,-1.0,-1.0,-1.0,-1.0,-1.0,-1.0,-1.0,-1.0,-1.0,-1.0,-1.0,-1.0,-1.0,-1.0,-1.0,-1.0
-1.0,-1.0,-1.0,-1.0,-1.0,-1.0,-1.0,-1.0,-1.0,-1.0,-1.0,-1.0,-1.0,-1.0,-1.0,-1.0,-1.0,-1.0,-1.0,-1.0,-1.0,-1.0,-1.0,-1.0,-1.0,-1.0,-1.0,-1.0,-1.0,1.0,1.0,-1.0,-1.0,-1.0,-1.0,-1.0,-1.0,-1.0,-1.0,-1.0,-1.0,-1.0,-1.0,-1.0,-1.0,-1.0,-1.0,-1.0,-1.0,-1.0,-1.0,-1.0,-1.0,-1.0,-1.0,-1.0,-1.0,-1.0,-1.0,-1.0,-1.0,-1.0,-1.0,-1.0,-1.0,-1.0,-1.0,-1.0,-1.0,-1.0,-1.0,-1.0,1.0,-1.0,-1.0,-1.0,-1.0,-1.0,-1.0,-1.0,-1.0,-1.0,-1.0,-1.0,-1.0,-1.0,-1.0,-1.0,-1.0,-1.0,-1.0,-1.0,-1.0,-1.0,-1.0,-1.0,-1.0,-1.0,-1.0,-1.0,-1.0,-1.0,-1.0,-1.0,-1.0,-1.0,-1.0,-1.0,-1.0,-1.0,-1.0,-1.0,-1.0,-1.0,-1.0,-1.0,-1.0,-1.0,-1.0,-1.0,-1.0,-1.0,-1.0,-1.0,-1.0,-1.0,-1.0,-1.0,-1.0,-1.0,-1.0,-1.0,-1.0,-1.0,-1.0,-1.0,-1.0,-1.0,-1.0,-1.0,-1.0,-1.0,-1.0,-1.0,-1.0,-1.0,-1.0,-1.0,-1.0,-1.0,-1.0,-1.0,-1.0,-1.0,-1.0,-1.0,-1.0,-1.0,-1.0,-1.0,-1.0,-1.0,-1.0,-1.0,-1.0,-1.0,-1.0,-1.0,-1.0,-1.0,-1.0,-1.0,-1.0,-1.0,-1.0,-1.0,-1.0,-1.0,-1.0,-1.0,-1.0,-1.0,-1.0,-1.0,-1.0,-1.0,-1.0,-1.0,-1.0,-1.0,-1.0,-1.0,-1.0,-1.0,-1.0,-1.0,-1.0,-1.0,-1.0,-1.0,-1.0,-1.0,-1.0,-1.0,-1.0,-1.0,-1.0,-1.0,-1.0,-1.0,-1.0,-1.0,-1.0,-1.0,-1.0,-1.0,-1.0,-1.0,-1.0,-1.0,-1.0,-1.0,-1.0,-1.0,-1.0,-1.0,-1.0,-1.0,-1.0,-1.0,-1.0,-1.0,-1.0,-1.0,-1.0,-1.0,-1.0,-1.0,-1.0,-1.0,-1.0,-1.0,-1.0,-1.0,-1.0,-1.0,-1.0,-1.0,-1.0,-1.0,-1.0,1.0,1.0,1.0,1.0,1.0,1.0,1.0,-1.0
-1.0,-1.0,-1.0,-1.0,-1.0,-1.0,-1.0,-1.0,-1.0,-1.0,-1.0,-1.0,-1.0,-1.0,-1.0,-1.0,-1.0,-1.0,-1.0,-1.0,-1.0,-1.0,-1.0,-1.0,-1.0,-1.0,-1.0,-1.0,-1.0,-1.0,-1.0,-1.0,-1.0,-1.0,-1.0,-1.0,-1.0,-1.0,-1.0,-1.0,-1.0,-1.0,-1.0,-1.0,-1.0,-1.0,-1.0,-1.0,-1.0,-1.0,-1.0,-1.0,-1.0,-1.0,-1.0,-1.0,-1.0,-1.0,-1.0,-1.0,-1.0,-1.0,-1.0,-1.0,-1.0,-1.0,-1.0,-1.0,-1.0,-1.0,-1.0,-1.0,-1.0,-1.0,-1.0,-1.0,-1.0,-1.0,-1.0,-1.0,-1.0,-1.0,-1.0,-1.0,-1.0,-1.0,-1.0,-1.0,-1.0,-1.0,-1.0,-1.0,-1.0,-1.0,-1.0,-1.0,-1.0,-1.0,-1.0,-1.0,-1.0,-1.0,-1.0,-1.0,-1.0,-1.0,-1.0,-1.0,-1.0,-1.0,-1.0,-1.0,-1.0,-1.0,-1.0,-1.0,-1.0,-1.0,-1.0,-1.0,-1.0,-1.0,-1.0,-1.0,-1.0,-1.0,-1.0,-1.0,-1.0,-1.0,-1.0,-1.0,-1.0,-1.0,-1.0,-1.0,-1.0,-1.0,-1.0,-1.0,-1.0,-1.0,-1.0,-1.0,-1.0,-1.0,-1.0,-1.0,-1.0,-1.0,-1.0,-1.0,-1.0,-1.0,-1.0,-1.0,-1.0,-1.0,-1.0,-1.0,-1.0,-1.0,-1.0,-1.0,-1.0,-1.0,-1.0,-1.0,-1.0,-1.0,-1.0,-1.0,-1.0,-1.0,-1.0,-1.0,-1.0,-1.0,-1.0,-1.0,-1.0,-1.0,-1.0,-1.0,-1.0,-1.0,-1.0,-1.0,-1.0,-1.0,-1.0,-1.0,-1.0,-1.0,-1.0,-1.0,-1.0,-1.0,-1.0,-1.0,-1.0,-1.0,-1.0,-1.0,-1.0,-1.0,-1.0,-1.0,-1.0,-1.0,-1.0,-1.0,-1.0,-1.0,-1.0,-1.0,-1.0,-1.0,-1.0,-1.0,-1.0,-1.0,-1.0,-1.0,-1.0,-1.0,-1.0,-1.0,-1.0,-1.0,-1.0,-1.0,-1.0,-1.0,-1.0,-1.0,-1.0,-1.0,-1.0,-1.0,-1.0,-1.0,-1.0,-1.0,-1.0,-1.0,-1.0,-1.0,-1.0,-1.0,-1.0,-1.0,-1.0,-1.0,-1.0,-1.0,-1.0,-1.0,-1.0
-1.0,-1.0,-1.0,-1.0,-1.0,-1.0,-1.0,-1.0,-1.0,-1.0,-1.0,-1.0,-1.0,-1.0,-1.0,-1.0,-1.0,-1.0,-1.0,-1.0,-1.0,-1.0,-1.0,-1.0,-1.0,-1.0,-1.0,-1.0,-1.0,-1.0,-1.0,-1.0,-1.0,-1.0,-1.0,-1.0,-1.0,-1.0,-1.0,-1.0,-1.0,-1.0,-1.0,-1.0,-1.0,-1.0,-1.0,-1.0,-1.0,-1.0,-1.0,-1.0,-1.0,-1.0,-1.0,-1.0,-1.0,-1.0,-1.0,-1.0,-1.0,-1.0,-1.0,-1.0,-1.0,-1.0,-1.0,-1.0,-1.0,-1.0,-1.0,-1.0,-1.0,-1.0,-1.0,-1.0,-1.0,-1.0,-1.0,-1.0,-1.0,-1.0,-1.0,-1.0,-1.0,-1.0,-1.0,-1.0,-1.0,-1.0,-1.0,-1.0,-1.0,-1.0,-1.0,-1.0,-1.0,-1.0,-1.0,-1.0,-1.0,-1.0,-1.0,-1.0,-1.0,-1.0,-1.0,-1.0,-1.0,-1.0,-1.0,-1.0,-1.0,-1.0,-1.0,-1.0,-1.0,-1.0,-1.0,-1.0,-1.0,-1.0,-1.0,-1.0,-1.0,-1.0,-1.0,-1.0,-1.0,-1.0,-1.0,-1.0,-1.0,-1.0,-1.0,-1.0,-1.0,-1.0,-1.0,-1.0,-1.0,-1.0,-1.0,-1.0,-1.0,-1.0,-1.0,-1.0,-1.0,-1.0,-1.0,-1.0,-1.0,-1.0,-1.0,-1.0,-1.0,-1.0,-1.0,-1.0,-1.0,-1.0,-1.0,-1.0,-1.0,-1.0,-1.0,-1.0,-1.0,-1.0,-1.0,-1.0,-1.0,-1.0,-1.0,-1.0,-1.0,-1.0,-1.0,-1.0,-1.0,-1.0,-1.0,-1.0,-1.0,-1.0,-1.0,-1.0,-1.0,-1.0,-1.0,-1.0,-1.0,-1.0,-1.0,-1.0,-1.0,-1.0,-1.0,-1.0,-1.0,-1.0,-1.0,-1.0,-1.0,-1.0,-1.0,-1.0,-1.0,-1.0,-1.0,-1.0,-1.0,-1.0,-1.0,-1.0,-1.0,-1.0,-1.0,-1.0,-1.0,-1.0,-1.0,-1.0,-1.0,-1.0,-1.0,-1.0,-1.0,-1.0,-1.0,-1.0,-1.0,-1.0,-1.0,-1.0,-1.0,-1.0,-1.0,-1.0,-1.0,-1.0,-1.0,-1.0,-1.0,-1.0,-1.0,-1.0,-1.0,-1.0,-1.0,-1.0,-1.0,-1.0,-1.0,-1.0,-1.0,-1.0,-1.0
-1.0,-1.0,-1.0,-1.0,-1.0,-1.0,-1.0,-1.0,-1.0,-1.0,-1.0,-1.0,-1.0,-1.0,-1.0,-1.0,-1.0,-1.0,-1.0,-1.0,-1.0,-1.0,-1.0,-1.0,-1.0,-1.0,-1.0,-1.0,-1.0,-1.0,-1.0,-1.0,-1.0,-1.0,-1.0,-1.0,-1.0,-1.0,-1.0,-1.0,-1.0,-1.0,-1.0,-1.0,-1.0,-1.0,-1.0,-1.0,-1.0,-1.0,-1.0,-1.0,-1.0,-1.0,-1.0,-1.0,-1.0,-1.0,-1.0,-1.0,-1.0,-1.0,-1.0,-1.0,-1.0,-1.0,-1.0,-1.0,-1.0,-1.0,-1.0,-1.0,-1.0,-1.0,-1.0,-1.0,-1.0,-1.0,-1.0,-1.0,-1.0,-1.0,-1.0,-1.0,-1.0,-1.0,-1.0,-1.0,-1.0,-1.0,-1.0,-1.0,-1.0,-1.0,-1.0,-1.0,-1.0,-1.0,-1.0,-1.0,-1.0,-1.0,-1.0,-1.0,-1.0,-1.0,-1.0,-1.0,-1.0,-1.0,-1.0,-1.0,-1.0,-1.0,-1.0,-1.0,-1.0,-1.0,-1.0,-1.0,-1.0,-1.0,-1.0,-1.0,-1.0,-1.0,-1.0,-1.0,-1.0,-1.0,-1.0,-1.0,-1.0,-1.0,-1.0,-1.0,-1.0,-1.0,-1.0,-1.0,-1.0,-1.0,-1.0,-1.0,-1.0,-1.0,-1.0,-1.0,-1.0,-1.0,-1.0,-1.0,-1.0,-1.0,-1.0,-1.0,-1.0,-1.0,-1.0,-1.0,-1.0,-1.0,-1.0,-1.0,-1.0,-1.0,-1.0,-1.0,-1.0,-1.0,-1.0,-1.0,-1.0,-1.0,-1.0,-1.0,-1.0,-1.0,-1.0,-1.0,-1.0,-1.0,-1.0,-1.0,-1.0,-1.0,-1.0,-1.0,-1.0,-1.0,-1.0,-1.0,-1.0,-1.0,-1.0,-1.0,-1.0,-1.0,-1.0,-1.0,-1.0,-1.0,-1.0,-1.0,-1.0,-1.0,-1.0,-1.0,-1.0,-1.0,-1.0,-1.0,-1.0,-1.0,-1.0,-1.0,-1.0,-1.0,-1.0,-1.0,-1.0,-1.0,-1.0,-1.0,-1.0,-1.0,-1.0,-1.0,-1.0,-1.0,-1.0,-1.0,-1.0,-1.0,-1.0,-1.0,-1.0,-1.0,-1.0,-1.0,-1.0,-1.0,-1.0,-1.0,-1.0,-1.0,-1.0,-1.0,-1.0,-1.0,-1.0,-1.0,-1.0,-1.0,-1.0,-1.0,-1.0,-1.0,-1.0
0.0,1.0,1.0,1.0,1.0,1.0,1.0,1.0,1.0,1.0,1.0,1.0,1.0,1.0,1.0,1.0,1.0,1.0,1.0,1.0,1.0,1.0,1.0,1.0,1.0,1.0,1.0,1.0,1.0,1.0,1.0,1.0,1.0,1.0,1.0,1.0,1.0,1.0,1.0,1.0,1.0,1.0,1.0,1.0,1.0,1.0,1.0,1.0,1.0,1.0,1.0,1.0,1.0,1.0,1.0,1.0,1.0,1.0,1.0,1.0,1.0,1.0,1.0,1.0,1.0,1.0,1.0,1.0,1.0,1.0,1.0,1.0,1.0,1.0,1.0,1.0,1.0,1.0,1.0,1.0,1.0,1.0,1.0,1.0,1.0,1.0,1.0,1.0,1.0,1.0,1.0,1.0,1.0,1.0,1.0,1.0,1.0,1.0,1.0,1.0,1.0,1.0,1.0,1.0,1.0,1.0,1.0,1.0,1.0,1.0,1.0,1.0,1.0,1.0,1.0,1.0,1.0,1.0,1.0,1.0,1.0,1.0,1.0,1.0,1.0,1.0,1.0,1.0,1.0,1.0,1.0,1.0,1.0,1.0,1.0,1.0,1.0,1.0,1.0,1.0,1.0,1.0,1.0,1.0,1.0,1.0,1.0,1.0,1.0,1.0,1.0,1.0,1.0,1.0,1.0,1.0,1.0,1.0,1.0,1.0,1.0,1.0,1.0,1.0,1.0,1.0,1.0,1.0,1.0,1.0,1.0,1.0,1.0,1.0,1.0,1.0,1.0,1.0,1.0,1.0,1.0,1.0,1.0,1.0,1.0,1.0,1.0,1.0,1.0,1.0,1.0,1.0,1.0,1.0,1.0,1.0,1.0,1.0,1.0,1.0,1.0,1.0,1.0,1.0,1.0,1.0,1.0,1.0,1.0,1.0,1.0,1.0,1.0,1.0,1.0,1.0,1.0,1.0,1.0,1.0,1.0,1.0,1.0,1.0,1.0,1.0,1.0,1.0,1.0,1.0,1.0,1.0,1.0,1.0,1.0,1.0,1.0,1.0,1.0,1.0,1.0,1.0,1.0,1.0,1.0,1.0,1.0,1.0,1.0,1.0,1.0,1.0,1.0,1.0,1.0,1.0,1.0,1.0,0.0
0.0,1.0,1.0,0.0,0.0,0.0,0.0,0.0,0.0,0.0,0.0,0.0,0.0,0.0,0.0,0.0,0.0,0.0,0.0,0.0,0.0,0.0,0.0,0.0,0.0,0.0,0.0,0.0,0.0,0.0,0.0,0.0,0.0,1.0,0.0,0.0,0.0,0.0,0.0,0.0,0.0,0.0,0.0,0.0,0.0,0.0,0.0,0.0,0.0,0.0,0.0,0.0,0.0,0.0,0.0,0.0,0.0,0.0,0.0,0.0,0.0,0.0,0.0,0.0,0.0,0.0,0.0,0.0,0.0,0.0,0.0,0.0,0.0,0.0,0.0,0.0,0.0,0.0,0.0,0.0,0.0,0.0,0.0,0.0,0.0,0.0,0.0,0.0,0.0,0.0,0.0,0.0,0.0,0.0,0.0,0.0,0.0,0.0,0.0,0.0,0.0,0.0,0.0,0.0,0.0,0.0,0.0,0.0,0.0,0.0,0.0,0.0,0.0,0.0,0.0,0.0,0.0,0.0,0.0,0.0,0.0,0.0,0.0,0.0,0.0,0.0,0.0,0.0,0.0,0.0,0.0,0.0,0.0,0.0,0.0,0.0,0.0,0.0,0.0,0.0,0.0,0.0,0.0,0.0,0.0,0.0,0.0,0.0,0.0,0.0,0.0,0.0,0.0,0.0,0.0,0.0,0.0,0.0,0.0,0.0,0.0,0.0,0.0,0.0,0.0,0.0,0.0,0.0,0.0,0.0,0.0,0.0,0.0,0.0,0.0,0.0,0.0,0.0,0.0,0.0,0.0,0.0,0.0,0.0,0.0,0.0,0.0,0.0,0.0,0.0,0.0,0.0,0.0,0.0,0.0,0.0,0.0,0.0,0.0,0.0,0.0,0.0,0.0,0.0,0.0,0.0,0.0,0.0,0.0,0.0,0.0,0.0,0.0,0.0,0.0,0.0,0.0,0.0,0.0,0.0,0.0,0.0,0.0,0.0,0.0,0.0,0.0,0.0,0.0,0.0,0.0,0.0,0.0,0.0,0.0,0.0,0.0,0.0,0.0,0.0,0.0,0.0,0.0,0.0,0.0,0.0,0.0,0.0,0.0,0.0,0.0,1.0,1.0,1.0,1.0,1.0,1.0,1.0,0.0
0.0,0.2422127659574469,0.2422127659574469,0.7714285714285714,1.0,1.0,1.0,1.0,1.0,1.0,1.0,1.0,1.0,1.0,1.0,1.0,1.0,1.0,1.0,1.0,1.0,1.0,1.0,1.0,1.0,1.0,1.0,0.7606837606837606,0.7714285714285714,0.7606837606837606,0.7606837606837606,0.7714285714285714,0.7714285714285714,0.2422127659574469,-0.10981468771448177,0.5769230769230769,0.5769230769230769,0.5769230769230769,0.5769230769230769,0.5769230769230769,0.5769230769230769,-0.23180914512922468,0.6071428571428572,0.5769230769230769,0.5769230769230769,0.5769230769230769,0.5769230769230769,0.5769230769230769,0.5769230769230769,-0.12229210342417884,0.7049180327868851,0.7049180327868851,0.7049180327868851,0.7049180327868851,0.7049180327868851,0.665871121718377,0.901907356948229,0.901907356948229,0.901907356948229,0.901907356948229,0.901907356948229,0.901907356948229,0.901907356948229,0.901907356948229,0.901907356948229,0.901907356948229,-1.0,-1.0,-1.0,-1.0,-1.0,-1.0,0.665871121718377,-0.23180914512922468,-0.23180914512922468,-0.23180914512922468,-0.23180914512922468,-0.7425742574257426,-0.7425742574257426,0.944055944055944,0.944055944055944,-0.23180914512922468,-0.23180914512922468,-0.23180914512922468,-0.23180914512922468,-0.7154255319148937,-0.7154255319148937,-0.7154255319148937,-0.23180914512922468,-0.23180914512922468,-0.23180914512922468,-0.23180914512922468,-0.7154255319148937,-0.7154255319148937,-0.7154255319148937,-0.7154255319148937,-0.7154255319148937,-0.7154255319148937,-0.23180914512922468,-0.7154255319148937,0.5769230769230769,0.5769230769230769,0.5769230769230769,0.5769230769230769,0.5769230769230769,0.5769230769230769,-0.12229210342417884,-0.12229210342417884,-0.12229210342417884,-0.12229210342417884,-0.12229210342417884,-0.12229210342417884,-0.12229210342417884,-0.12229210342417884,-0.12229210342417884,-0.12229210342417884,-0.12229210342417884,-0.12229210342417884,-0.12229210342417884,-0.12229210342417884,-0.12229210342417884,-0.12229210342417884,-0.12229210342417884,-0.12229210342417884,-0.12229210342417884,0.562043795620438,0.5769230769230769,0.5769230769230769,0.5769230769230769,0.5769230769230769,0.5769230769230769,0.5769230769230769,0.562043795620438,0.562043795620438,-0.12229210342417884,-0.12229210342417884,0.2675422138836774,0.08169014084507031,0.08169014084507031,0.21367521367521358,0.21367521367521358,0.16363636363636358,0.12380952380952381,0.12380952380952381,0.16363636363636358,0.14814814814814814,0.14814814814814814,0.16363636363636358,0.7007978723404256,0.9044776119402984,0.9044776119402984,0.9044776119402984,0.9044776119402984,0.9044776119402984,0.9149797570850202,0.9149797570850202,1.0,1.0,1.0,1.0,1.0,1.0,0.7007978723404256,0.7007978723404256,0.7007978723404256,0.8490566037735849,0.8490566037735849,0.8490566037735849,0.8490566037735849,0.7007978723404256,0.2675422138836774,0.6770186335403727,0.6770186335403727,0.6770186335403727,0.6770186335403727,0.8125,1.0,1.0,1.0,1.0,1.0,1.0,1.0,1.0,1.0,1.0,1.0,1.0,1.0,1.0,1.0,1.0,1.0,1.0,1.0,1.0,1.0,1.0,1.0,1.0,1.0,1.0,1.0,1.0,1.0,1.0,1.0,1.0,1.0,1.0,1.0,1.0,1.0,1.0,1.0,1.0,1.0,1.0,1.0,1.0,1.0,1.0,1.0,1.0,1.0,1.0,1.0,1.0,1.0,1.0,1.0,1.0,1.0,1.0,1.0,1.0,1.0,1.0,1.0,1.0,1.0,0.2675422138836774,0.8125,0.8125,0.8125,0.8125,0.8125,-0.0888888888888889,-0.0888888888888889,0.8125,0.8125,0.2422127659574469,0.2422127659574469,0.2422127659574469,0.2422127659574469,0.2422127659574469,0.2422127659574469,0.2422127659574469,0.0
0.0,-0.4775130935520587,-0.4775130935520587,0.04722599305560278,0.04722599305560278,0.04722599305560278,0.04722599305560278,0.04722599305560278,0.04722599305560278,0.04722599305560278,0.04722599305560278,0.04722599305560278,0.04722599305560278,0.04722599305560278,0.04722599305560278,0.04722599305560278,0.04722599305560278,0.04722599305560278,0.04722599305560278,0.04722599305560278,0.04722599305560278,0.04722599305560278,0.04722599305560278,0.04722599305560278,0.04722599305560278,0.04722599305560278,0.04722599305560278,0.04722599305560278,0.04722599305560278,0.04722599305560278,0.04722599305560278,0.04722599305560278,0.04722599305560278,-0.4775130935520587,-0.4775130935520587,0.5719650796632643,0.5719650796632643,0.5719650796632643,0.5719650796632643,0.5719650796632643,0.5719650796632643,-0.4775130935520587,0.5719650796632643,0.5719650796632643,0.5719650796632643,0.5719650796632643,0.5719650796632643,0.5719650796632643,0.5719650796632643,-0.4775130935520587,-0.4775130935520587,-0.4775130935520587,-0.4775130935520587,-0.4775130935520587,-0.4775130935520587,-0.4775130935520587,-0.4775130935520587,-0.4775130935520587,-0.4775130935520587,-0.4775130935520587,-0.4775130935520587,-0.4775130935520587,-0.4775130935520587,-0.4775130935520587,-0.4775130935520587,-0.4775130935520587,0.5719650796632643,0.5719650796632643,0.5719650796632643,0.5719650796632643,0.5719650796632643,0.5719650796632643,-0.4775130935520587,-0.4775130935520587,-0.4775130935520587,-0.4775130935520587,-0.4775130935520587,-0.4775130935520587,-0.4775130935520587,0.04722599305560278,0.04722599305560278,-0.4775130935520587,-0.4775130935520587,-0.4775130935520587,-0.4775130935520587,-0.4775130935520587,-0.4775130935520587,-0.4775130935520587,-0.4775130935520587,-0.4775130935520587,-0.4775130935520587,-0.4775130935520587,-0.4775130935520587,-0.4775130935520587,-0.4775130935520587,-0.4775130935520587,-0.4775130935520587,-0.4775130935520587,-0.4775130935520587,-0.4775130935520587,0.5719650796632643,0.5719650796632643,0.5719650796632643,0.5719650796632643,0.5719650796632643,0.5719650796632643,-0.4775130935520587,-0.4775130935520587,-0.4775130935520587,-0.4775130935520587,-0.4775130935520587,-0.4775130935520587,-0.4775130935520587,-0.4775130935520587,-0.4775130935520587,-0.4775130935520587,-0.4775130935520587,-0.4775130935520587,-0.4775130935520587,-0.4775130935520587,-0.4775130935520587,-0.4775130935520587,-0.4775130935520587,-0.4775130935520587,-0.4775130935520587,0.04722599305560278,0.5719650796632643,0.5719650796632643,0.5719650796632643,0.5719650796632643,0.5719650796632643,0.5719650796632643,0.04722599305560278,0.04722599305560278,-0.4775130935520587,-0.4775130935520587,-0.4775130935520587,-0.4775130935520587,-0.4775130935520587,-0.4775130935520587,-0.4775130935520587,-0.4775130935520587,-0.4775130935520587,-0.4775130935520587,-0.4775130935520587,-0.4775130935520587,-0.4775130935520587,-0.4775130935520587,-0.4775130935520587,-0.4775130935520587,-0.4775130935520587,-0.4775130935520587,-0.4775130935520587,-0.4775130935520587,-0.4775130935520587,-0.4775130935520587,0.04722599305560278,0.04722599305560278,0.04722599305560278,0.04722599305560278,0.04722599305560278,0.04722599305560278,-0.4775130935520587,-0.4775130935520587,-0.4775130935520587,-0.4775130935520587,-0.4775130935520587,-0.4775130935520587,-0.4775130935520587,-0.4775130935520587,-0.4775130935520587,0.04722599305560278,0.04722599305560278,0.04722599305560278,0.04722599305560278,0.04722599305560278,0.5719650796632643,0.5719650796632643,0.5719650796632643,0.5719650796632643,0.5719650796632643,0.5719650796632643,0.5719650796632643,0.5719650796632643,0.5719650796632643,0.5719650796632643,0.5719650796632643,0.5719650796632643,0.5719650796632643,0.5719650796632643,0.5719650796632643,0.5719650796632643,0.5719650796632643,0.5719650796632643,0.04722599305560278,0.5719650796632643,0.5719650796632643,0.5719650796632643,0.5719650796632643,0.5719650796632643,0.5719650796632643,0.5719650796632643,0.5719650796632643,0.5719650796632643,0.5719650796632643,0.5719650796632643,0.5719650796632643,0.5719650796632643,0.5719650796632643,0.5719650796632643,0.5719650796632643,0.5719650796632643,0.5719650796632643,0.5719650796632643,0.5719650796632643,0.04722599305560278,0.5719650796632643,0.5719650796632643,0.5719650796632643,0.5719650796632643,0.5719650796632643,1.0967041662709258,1.0967041662709258,1.0967041662709258,0.04722599305560278,0.04722599305560278,0.04722599305560278,0.04722599305560278,0.04722599305560278,0.04722599305560278,0.04722599305560278,0.04722599305560278,0.04722599305560278,0.04722599305560278,0.04722599305560278,0.04722599305560278,0.04722599305560278,0.04722599305560278,0.04722599305560278,0.5719650796632643,0.5719650796632643,-0.4775130935520587,0.04722599305560278,0.04722599305560278,0.04722599305560278,0.04722599305560278,0.04722599305560278,-0.4775130935520587,-0.4775130935520587,0.04722599305560278,0.04722599305560278,-0.4775130935520587,-0.4775130935520587,-0.4775130935520587,-0.4775130935520587,-0.4775130935520587,-0.4775130935520587,-0.4775130935520587,0.0
0.0,1.0,1.0,1.0,1.0,1.0,1.0,1.0,1.0,1.0,1.0,1.0,1.0,1.0,1.0,1.0,1.0,1.0,1.0,-1.0,-1.0,-1.0,-1.0,-1.0,-1.0,-1.0,-1.0,1.0,1.0,1.0,1.0,1.0,1.0,1.0,1.0,1.0,1.0,1.0,1.0,1.0,1.0,1.0,1.0,1.0,1.0,1.0,1.0,1.0,1.0,1.0,1.0,1.0,1.0,1.0,1.0,1.0,1.0,1.0,1.0,1.0,1.0,1.0,1.0,1.0,1.0,1.0,-1.0,-1.0,-1.0,-1.0,-1.0,-1.0,1.0,1.0,1.0,1.0,1.0,1.0,1.0,1.0,1.0,1.0,1.0,1.0,1.0,1.0,1.0,1.0,1.0,1.0,1.0,1.0,1.0,1.0,1.0,1.0,1.0,1.0,1.0,1.0,1.0,1.0,1.0,1.0,1.0,1.0,1.0,1.0,1.0,1.0,1.0,1.0,1.0,1.0,1.0,1.0,1.0,1.0,1.0,1.0,1.0,1.0,1.0,1.0,1.0,1.0,1.0,1.0,1.0,1.0,1.0,1.0,1.0,1.0,1.0,1.0,1.0,1.0,1.0,1.0,1.0,1.0,1.0,1.0,1.0,1.0,1.0,1.0,1.0,1.0,1.0,1.0,1.0,1.0,1.0,1.0,1.0,1.0,1.0,1.0,1.0,1.0,1.0,1.0,1.0,1.0,1.0,1.0,1.0,1.0,1.0,1.0,1.0,1.0,1.0,1.0,-1.0,-1.0,-1.0,-1.0,-1.0,-1.0,-1.0,-1.0,-1.0,-1.0,-1.0,-1.0,-1.0,-1.0,-1.0,-1.0,-1.0,-1.0,1.0,-1.0,-1.0,-1.0,-1.0,-1.0,-1.0,-1.0,-1.0,-1.0,-1.0,-1.0,-1.0,-1.0,-1.0,-1.0,-1.0,-1.0,-1.0,-1.0,-1.0,1.0,-1.0,-1.0,-1.0,-1.0,-1.0,-1.0,-1.0,-1.0,1.0,1.0,1.0,1.0,1.0,1.0,1.0,1.0,1.0,1.0,-1.0,-1.0,-1.0,-1.0,-1.0,-1.0,-1.0,1.0,1.0,1.0,1.0,1.0,1.0,1.0,1.0,1.0,1.0,1.0,1.0,1.0,1.0,1.0,1.0,1.0,0.0
0.0,-1.2995500014331163,-1.2995500014331163,-2.141846776278766,-2.2536836840687875,-2.2536836840687875,-2.2536836840687875,-2.2536836840687875,-2.2536836840687875,-2.2536836840687875,-2.2536836840687875,-2.2536836840687875,-2.2536836840687875,-2.2536836840687875,-2.2536836840687875,-2.2536836840687875,-2.2536836840687875,-2.2536836840687875,-2.2536836840687875,-2.446043165467626,-2.446043165467626,-2.446043165467626,-2.446043165467626,-2.446043165467626,-2.446043165467626,-2.446043165467626,-2.446043165467626,-2.119032047089601,-2.141846776278766,-2.119032047089601,-2.119032047089601,-2.141846776278766,-2.141846776278766,-1.2995500014331163,-0.9824046920821115,-1.6285153695225636,-1.6285153695225636,-1.6285153695225636,-1.6285153695225636,-1.6285153695225636,-1.6285153695225636,-0.8673688008840575,-1.7193517912942373,-1.6285153695225636,-1.6285153695225636,-1.6285153695225636,-1.6285153695225636,-1.6285153695225636,-1.6285153695225636,-0.9718127137634155,-1.3437584967776544,-1.3437584967776544,-1.3437584967776544,-1.3437584967776544,-1.3437584967776544,-1.2412653609170081,-1.1190415256727424,-1.1190415256727424,-1.1190415256727424,-1.1190415256727424,-1.1190415256727424,-1.1190415256727424,-1.1190415256727424,-1.1190415256727424,-1.1190415256727424,-1.1190415256727424,-2.446043165467626,-2.446043165467626,-2.446043165467626,-2.446043165467626,-2.446043165467626,-2.446043165467626,-1.2412653609170081,-0.8673688008840575,-0.8673688008840575,-0.8673688008840575,-0.8673688008840575,-0.4839764551994768,-0.4839764551994768,-1.193660158913488,-1.193660158913488,-0.8673688008840575,-0.8673688008840575,-0.8673688008840575,-0.8673688008840575,-0.5993921440387796,-0.5993921440387796,-0.5993921440387796,-0.8673688008840575,-0.8673688008840575,-0.8673688008840575,-0.8673688008840575,-0.5993921440387796,-0.5993921440387796,-0.5993921440387796,-0.5993921440387796,-0.5993921440387796,-0.5993921440387796,-0.8673688008840575,-0.5993921440387796,-1.6285153695225636,-1.6285153695225636,-1.6285153695225636,-1.6285153695225636,-1.6285153695225636,-1.6285153695225636,-0.9718127137634155,-0.9718127137634155,-0.9718127137634155,-0.9718127137634155,-0.9718127137634155,-0.9718127137634155,-0.9718127137634155,-0.9718127137634155,-0.9718127137634155,-0.9718127137634155,-0.9718127137634155,-0.9718127137634155,-0.9718127137634155,-0.9718127137634155,-0.9718127137634155,-0.9718127137634155,-0.9718127137634155,-0.9718127137634155,-0.9718127137634155,-1.5541946608002855,-1.6285153695225636,-1.6285153695225636,-1.6285153695225636,-1.6285153695225636,-1.6285153695225636,-1.6285153695225636,-1.5541946608002855,-1.5541946608002855,-0.9718127137634155,-0.9718127137634155,-1.2778887844921016,-1.1770447956424548,-1.1770447956424548,-1.4650098103335514,-1.4650098103335514,-1.1801936749720459,-1.2002865240275313,-1.2002865240275313,-1.1801936749720459,-0.8888473636675076,-0.8888473636675076,-1.1801936749720459,-1.3276408275204776,-0.894125993504118,-0.894125993504118,-0.894125993504118,-0.894125993504118,-0.894125993504118,-1.6095030951982598,-1.6095030951982598,-1.6075531183444853,-1.6075531183444853,-1.6075531183444853,-1.6075531183444853,-1.6075531183444853,-1.6075531183444853,-1.3276408275204776,-1.3276408275204776,-1.3276408275204776,-1.750274828493105,-1.750274828493105,-1.750274828493105,-1.750274828493105,-1.3276408275204776,-1.2778887844921016,-1.922825376062786,-1.922825376062786,-1.922825376062786,-1.922825376062786,-2.275428668922569,-2.446043165467626,-2.446043165467626,-2.446043165467626,-2.446043165467626,-2.446043165467626,-2.446043165467626,-2.446043165467626,-2.446043165467626,-2.446043165467626,-2.446043165467626,-2.446043165467626,-2.446043165467626,-2.446043165467626,-2.446043165467626,-2.446043165467626,-2.446043165467626,-2.446043165467626,-2.446043165467626,-2.2668589910139136,-2.446043165467626,-2.446043165467626,-2.446043165467626,-2.446043165467626,-2.446043165467626,-2.446043165467626,-2.446043165467626,-2.446043165467626,-2.446043165467626,-2.446043165467626,-2.446043165467626,-2.446043165467626,-2.446043165467626,-2.446043165467626,-2.446043165467626,-2.446043165467626,-2.446043165467626,-2.446043165467626,-2.446043165467626,-2.446043165467626,-2.2668589910139136,-2.446043165467626,-2.446043165467626,-2.446043165467626,-2.446043165467626,-2.446043165467626,-2.446043165467626,-2.446043165467626,-2.446043165467626,-2.2668589910139136,-1.676605239872273,-1.676605239872273,-1.5740135164595594,-1.1379986919555263,-1.1379986919555263,-1.1379986919555263,-1.1379986919555263,-1.1379986919555263,-2.2668589910139136,-2.446043165467626,-2.446043165467626,-2.446043165467626,-2.446043165467626,-2.446043165467626,-2.446043165467626,-2.446043165467626,-1.2778887844921016,-2.275428668922569,-2.275428668922569,-2.275428668922569,-2.275428668922569,-2.275428668922569,-2.0100283409635926,-2.0100283409635926,-2.275428668922569,-2.275428668922569,-1.2995500014331163,-1.2995500014331163,-1.2995500014331163,-1.2995500014331163,-1.2995500014331163,-1.2995500014331163,-1.2995500014331163,0.0
0.0,1.0,1.0,1.0,1.0,1.0,1.0,1.0,1.0,1.0,1.0,1.0,1.0,1.0,1.0,1.0,1.0,1.0,1.0,1.0,-1.0,-1.0,-1.0,-1.0,-1.0,-1.0,-1.0,1.0,1.0,1.0,1.0,1.0,1.0,1.0,1.0,-1.0,-1.0,-1.0,-1.0,-1.0,-1.0,1.0,-1.0,-1.0,-1.0,-1.0,-1.0,-1.0,-1.0,1.0,1.0,1.0,1.0,1.0,1.0,-1.0,-1.0,-1.0,-1.0,-1.0,-1.0,-1.0,-1.0,-1.0,-1.0,-1.0,-1.0,-1.0,-1.0,-1.0,-1.0,-1.0,-1.0,1.0,1.0,1.0,1.0,-1.0,-1.0,-1.0,-1.0,1.0,1.0,1.0,1.0,1.0,1.0,1.0,1.0,1.0,1.0,1.0,1.0,1.0,1.0,1.0,1.0,1.0,1.0,1.0,-1.0,-1.0,-1.0,-1.0,-1.0,-1.0,1.0,1.0,1.0,1.0,1.0,1.0,1.0,1.0,1.0,1.0,1.0,1.0,1.0,1.0,1.0,1.0,1.0,1.0,1.0,-1.0,-1.0,-1.0,-1.0,-1.0,-1.0,-1.0,-1.0,-1.0,1.0,1.0,1.0,-1.0,-1.0,-1.0,-1.0,-1.0,-1.0,-1.0,-1.0,-1.0,-1.0,-1.0,1.0,-1.0,-1.0,-1.0,-1.0,-1.0,1.0,1.0,-1.0,-1.0,-1.0,-1.0,-1.0,-1.0,1.0,1.0,1.0,-1.0,-1.0,-1.0,-1.0,1.0,1.0,-1.0,-1.0,-1.0,-1.0,1.0,1.0,1.0,1.0,1.0,1.0,1.0,1.0,-1.0,-1.0,-1.0,-1.0,-1.0,-1.0,-1.0,-1.0,-1.0,-1.0,-1.0,1.0,1.0,1.0,1.0,1.0,1.0,1.0,1.0,1.0,1.0,1.0,1.0,1.0,1.0,1.0,1.0,1.0,1.0,1.0,1.0,1.0,1.0,-1.0,-1.0,-1.0,-1.0,-1.0,-1.0,-1.0,-1.0,1.0,-1.0,-1.0,-1.0,-1.0,-1.0,-1.0,-1.0,-1.0,1.0,1.0,1.0,1.0,1.0,1.0,1.0,1.0,1.0,1.0,1.0,1.0,1.0,1.0,-1.0,-1.0,1.0,1.0,1.0,1.0,1.0,1.0,1.0,1.0,1.0,0.0
0.0,-1.0,-1.0,-1.0,-1.0,-1.0,-1.0,-1.0,-1.0,-1.0,-1.0,-1.0,-1.0,-1.0,-1.0,-1.0,-1.0,-1.0,-1.0,-1.0,-1.0,-1.0,-1.0,-1.0,-1.0,-1.0,-1.0,-1.0,-1.0,-1.0,-1.0,-1.0,-1.0,-1.0,-1.0,-1.0,-1.0,-1.0,-1.0,-1.0,-1.0,-1.0,-1.0,-1.0,-1.0,-1.0,-1.0,-1.0,-1.0,-1.0,-1.0,-1.0,-1.0,-1.0,-1.0,-1.0,-1.0,-1.0,-1.0,-1.0,-1.0,-1.0,-1.0,-1.0,-1.0,-1.0,-1.0,-1.0,-1.0,-1.0,-1.0,-1.0,-1.0,-1.0,-1.0,-1.0,-1.0,-1.0,-1.0,-1.0,-1.0,-1.0,-1.0,-1.0,-1.0,-1.0,-1.0,-1.0,-1.0,-1.0,-1.0,-1.0,-1.0,-1.0,-1.0,-1.0,-1.0,-1.0,-1.0,-1.0,-1.0,-1.0,-1.0,-1.0,-1.0,-1.0,-1.0,-1.0,-1.0,-1.0,-1.0,-1.0,-1.0,-1.0,-1.0,-1.0,-1.0,-1.0,-1.0,-1.0,-1.0,-1.0,-1.0,-1.0,-1.0,-1.0,-1.0,-1.0,-1.0,-1.0,-1.0,-1.0,-1.0,-1.0,-1.0,-1.0,-1.0,-1.0,-1.0,-1.0,-1.0,-1.0,-1.0,-1.0,-1.0,-1.0,-1.0,-1.0,-1.0,-1.0,-1.0,-1.0,-1.0,-1.0,-1.0,-1.0,-1.0,-1.0,-1.0,-1.0,-1.0,-1.0,-1.0,-1.0,-1.0,-1.0,-1.0,-1.0,-1.0,-1.0,-1.0,-1.0,-1.0,-1.0,-1.0,-1.0,-1.0,-1.0,-1.0,-1.0,-1.0,-1.0,-1.0,-1.0,-1.0,-1.0,-1.0,-1.0,-1.0,-1.0,-1.0,-1.0,-1.0,-1.0,-1.0,-1.0,-1.0,-1.0,-1.0,-1.0,-1.0,-1.0,-1.0,-1.0,-1.0,-1.0,-1.0,-1.0,-1.0,-1.0,-1.0,-1.0,-1.0,-1.0,-1.0,-1.0,-1.0,-1.0,-1.0,-1.0,-1.0,-1.0,-1.0,-1.0,-1.0,-1.0,-1.0,-1.0,-1.0,-1.0,-1.0,-1.0,-1.0,-1.0,-1.0,-1.0,-1.0,-1.0,-1.0,-1.0,-1.0,-1.0,-1.0,-1.0,-1.0,-1.0,-1.0,-1.0,-1.0,-1.0,-1.0,-1.0,-1.0,-1.0,-1.0,-1.0,-1.0,-1.0,0.0
0.0,1.2516174481366167,1.2516174481366167,-0.23305691096040773,-0.32788908105231945,-0.32788908105231945,-0.32788908105231945,-0.32788908105231945,-0.32788908105231945,-0.32788908105231945,-0.32788908105231945,-0.32788908105231945,-0.32788908105231945,-0.32788908105231945,-0.32788908105231945,-0.32788908105231945,-0.32788908105231945,-0.32788908105231945,-0.32788908105231945,-0.34453729490425905,-0.7445237162316573,-0.7445237162316573,-0.7445237162316573,-0.7445237162316573,-0.7445237162316573,-0.7445237162316573,-0.7445237162316573,-0.2545228432907936,-0.23305691096040773,-0.2545228432907936,-0.2545228432907936,-0.23305691096040773,-0.23305691096040773,1.2516174481366167,0.9239635452126869,-0.9573627483264356,-0.9573627483264356,-0.9573627483264356,-0.9573627483264356,-0.9573627483264356,-0.9573627483264356,0.8551533095952522,-0.922732854796659,-0.9573627483264356,-0.9573627483264356,-0.9573627483264356,-0.9573627483264356,-0.9573627483264356,-0.9573627483264356,0.9155495140730822,0.08893243264165773,0.08893243264165773,0.08893243264165773,0.08893243264165773,0.08893243264165773,0.017696691552400664,-0.044223435488518384,-0.044223435488518384,-0.044223435488518384,-0.044223435488518384,-0.044223435488518384,-0.044223435488518384,-0.044223435488518384,-0.044223435488518384,-0.044223435488518384,-0.044223435488518384,-0.9573627483264356,-0.9573627483264356,-0.9573627483264356,-0.9573627483264356,-0.9573627483264356,-0.9573627483264356,0.017696691552400664,0.8551533095952522,0.8551533095952522,0.8551533095952522,0.8551533095952522,-0.6471399454012805,-0.6471399454012805,-0.16075149027109703,-0.16075149027109703,0.8551533095952522,0.8551533095952522,0.8551533095952522,0.8551533095952522,0.6148988338830773,0.6148988338830773,0.6148988338830773,0.8551533095952522,0.8551533095952522,0.8551533095952522,0.8551533095952522,0.6148988338830773,0.6148988338830773,0.6148988338830773,0.6148988338830773,0.6148988338830773,0.6148988338830773,0.8551533095952522,0.6148988338830773,-0.9573627483264356,-0.9573627483264356,-0.9573627483264356,-0.9573627483264356,-0.9573627483264356,-0.9573627483264356,0.9155495140730822,0.9155495140730822,0.9155495140730822,0.9155495140730822,0.9155495140730822,0.9155495140730822,0.9155495140730822,0.9155495140730822,0.9155495140730822,0.9155495140730822,0.9155495140730822,0.9155495140730822,0.9155495140730822,0.9155495140730822,0.9155495140730822,0.9155495140730822,0.9155495140730822,0.9155495140730822,0.9155495140730822,-0.5046818103606892,-0.9573627483264356,-0.9573627483264356,-0.9573627483264356,-0.9573627483264356,-0.9573627483264356,-0.9573627483264356,-0.5046818103606892,-0.5046818103606892,0.9155495140730822,0.9155495140730822,1.2061245407289205,-0.059758042301207494,-0.059758042301207494,-0.5784233949543195,-0.5784233949543195,-0.09388193716797864,-0.6289904905805966,-0.6289904905805966,-0.09388193716797864,-0.6158265293812056,-0.6158265293812056,-0.09388193716797864,0.6148988338830773,-0.08685489167052979,-0.08685489167052979,-0.08685489167052979,-0.08685489167052979,-0.08685489167052979,0.09464276504108543,0.09464276504108543,0.06737646454469418,0.06737646454469418,0.06737646454469418,0.06737646454469418,0.06737646454469418,0.06737646454469418,0.6148988338830773,0.6148988338830773,0.6148988338830773,-0.19638793178213923,-0.19638793178213923,-0.19638793178213923,-0.19638793178213923,0.6148988338830773,1.2061245407289205,-0.42925029673623216,-0.42925029673623216,-0.42925029673623216,-0.42925029673623216,0.2809486536116246,-0.42925029673623216,-0.42925029673623216,-0.42925029673623216,-0.42925029673623216,-0.42925029673623216,-0.42925029673623216,-0.42925029673623216,-0.6757584618689061,-0.6757584618689061,-0.6757584618689061,-0.6757584618689061,-0.6757584618689061,-0.6757584618689061,-0.6757584618689061,-0.6757584618689061,-0.6757584618689061,-0.6757584618689061,-0.6757584618689061,0.06637261943334387,-0.39565813341225264,-0.39565813341225264,-0.39565813341225264,-0.39565813341225264,-0.39565813341225264,-0.39565813341225264,-0.39565813341225264,-0.39565813341225264,-0.39565813341225264,-0.39565813341225264,-0.39565813341225264,-0.39565813341225264,-0.39565813341225264,-0.39565813341225264,-0.39565813341225264,-0.39565813341225264,-0.39565813341225264,-0.39565813341225264,-0.39565813341225264,-0.39565813341225264,0.06637261943334387,-0.574446437165577,-0.574446437165577,-0.574446437165577,-0.574446437165577,-0.6517896327158449,-0.9397270810447315,-0.9397270810447315,-0.9397270810447315,0.06637261943334387,-0.6517896327158449,-0.6517896327158449,-0.7115248530475669,-0.9063350418007386,-0.9063350418007386,-0.9063350418007386,-0.9063350418007386,-0.9063350418007386,0.06637261943334387,-0.792492947100855,-0.792492947100855,-0.792492947100855,-0.792492947100855,-0.8184601672666545,-1.2995907360428969,-1.2995907360428969,1.2061245407289205,0.2809486536116246,0.2809486536116246,0.2809486536116246,0.2809486536116246,0.2809486536116246,-0.7010235185372593,-0.7010235185372593,0.2809486536116246,0.2809486536116246,1.2516174481366167,1.2516174481366167,1.2516174481366167,1.2516174481366167,1.2516174481366167,1.2516174481366167,1.2516174481366167,0.0
0.0,-1.0917363902447395,-1.0917363902447395,0.0,0.0,0.0,0.0,0.0,0.0,0.0,0.0,0.0,0.0,0.0,0.0,0.0,0.0,0.0,0.0,0.0,0.0,0.0,0.0,0.0,0.0,0.0,0.0,0.0,0.0,0.0,0.0,0.0,0.0,-1.0917363902447395,-1.0917363902447395,-1.011266218767859,-1.011266218767859,-1.011266218767859,-1.011266218767859,-1.011266218767859,-1.011266218767859,-1.0917363902447395,-1.0917363902447395,-1.011266218767859,-1.011266218767859,-1.011266218767859,-1.011266218767859,-1.011266218767859,-1.011266218767859,-1.0917363902447395,-1.0917363902447395,-1.0917363902447395,-1.0917363902447395,-1.0917363902447395,-1.0917363902447395,-1.0917363902447395,-1.0917363902447395,-1.0917363902447395,-1.0917363902447395,-1.0917363902447395,-1.0917363902447395,-1.0917363902447395,-1.0917363902447395,-1.0917363902447395,-1.0917363902447395,-1.0917363902447395,0.0,0.0,0.0,0.0,0.0,0.0,-1.0917363902447395,-1.0917363902447395,-1.0917363902447395,-1.0917363902447395,-1.0917363902447395,-1.0917363902447395,-1.0917363902447395,-1.0917363902447395,-1.0917363902447395,-1.0917363902447395,-1.0917363902447395,-1.0917363902447395,-1.0917363902447395,-1.0917363902447395,-1.0917363902447395,-1.0917363902447395,-1.0917363902447395,-1.0917363902447395,-1.0917363902447395,-1.0917363902447395,-1.0917363902447395,-1.0917363902447395,-1.0917363902447395,-1.0917363902447395,-1.0917363902447395,-1.0917363902447395,-1.0917363902447395,-1.0917363902447395,-1.011266218767859,-1.011266218767859,-1.011266218767859,-1.011266218767859,-1.011266218767859,-1.011266218767859,-1.0917363902447395,-1.0917363902447395,-1.0917363902447395,-1.0917363902447395,-1.0917363902447395,-1.0917363902447395,-1.0917363902447395,-1.0917363902447395,-1.0917363902447395,-1.0917363902447395,-1.0917363902447395,-1.0917363902447395,-1.0917363902447395,-1.0917363902447395,-1.0917363902447395,-1.0917363902447395,-1.0917363902447395,-1.0917363902447395,-1.0917363902447395,-1.0917363902447395,-1.011266218767859,-1.011266218767859,-1.011266218767859,-1.011266218767859,-1.011266218767859,-1.011266218767859,-1.0917363902447395,-1.0917363902447395,-1.0917363902447395,-1.0917363902447395,-1.0917363902447395,-0.3812683906048199,-0.3812683906048199,-0.5364591779626391,-0.5364591779626391,-0.43463656285669505,-0.3578572530666546,-0.3578572530666546,-0.43463656285669505,-0.4043520888951437,-0.4043520888951437,-0.43463656285669505,-1.0917363902447395,-1.0917363902447395,-1.0917363902447395,-1.0917363902447395,-1.0917363902447395,-1.0917363902447395,0.0,0.0,0.0,0.0,0.0,0.0,0.0,0.0,-1.0917363902447395,-1.0917363902447395,-1.0917363902447395,-1.0917363902447395,-1.0917363902447395,-1.0917363902447395,-1.0917363902447395,-1.0917363902447395,-1.0917363902447395,0.0,0.0,0.0,0.0,-1.0917363902447395,0.0,0.0,0.0,0.0,0.0,0.0,0.0,0.0,0.0,0.0,0.0,0.0,0.0,0.0,0.0,0.0,0.0,0.0,0.0,0.0,0.0,0.0,0.0,0.0,0.0,0.0,0.0,0.0,0.0,0.0,0.0,0.0,0.0,0.0,0.0,0.0,0.0,0.0,0.0,0.0,0.0,0.0,0.0,0.0,0.0,0.0,0.0,0.0,0.0,0.0,0.0,0.0,0.0,0.0,0.0,0.0,0.0,0.0,0.0,0.0,0.0,0.0,0.0,0.0,0.0,-1.0917363902447395,-1.0917363902447395,-1.0917363902447395,-1.0917363902447395,-1.0917363902447395,-1.0917363902447395,-0.7726410419442644,-0.7726410419442644,-1.0917363902447395,-1.0917363902447395,-1.0917363902447395,-1.0917363902447395,-1.0917363902447395,-1.0917363902447395,-1.0917363902447395,-1.0917363902447395,-1.0917363902447395,0.0
0.0,1.969566382794139,1.969566382794139,1.969566382794139,1.969566382794139,1.969566382794139,1.969566382794139,1.969566382794139,1.969566382794139,1.969566382794139,1.969566382794139,1.969566382794139,1.969566382794139,1.969566382794139,1.969566382794139,1.969566382794139,1.969566382794139,1.969566382794139,1.969566382794139,1.969566382794139,1.969566382794139,1.969566382794139,1.969566382794139,1.969566382794139,1.969566382794139,1.969566382794139,1.969566382794139,1.969566382794139,1.969566382794139,1.969566382794139,1.969566382794139,1.969566382794139,1.969566382794139,1.969566382794139,1.969566382794139,-0.5077224524862195,-0.5077224524862195,-0.5077224524862195,-0.5077224524862195,-0.5077224524862195,-0.5077224524862195,1.969566382794139,-0.5077224524862195,-0.5077224524862195,-0.5077224524862195,-0.5077224524862195,-0.5077224524862195,-0.5077224524862195,-0.5077224524862195,1.969566382794139,1.969566382794139,1.969566382794139,1.969566382794139,1.969566382794139,1.969566382794139,1.969566382794139,1.969566382794139,1.969566382794139,1.969566382794139,1.969566382794139,1.969566382794139,1.969566382794139,1.969566382794139,1.969566382794139,1.969566382794139,1.969566382794139,-0.5077224524862195,-0.5077224524862195,-0.5077224524862195,-0.5077224524862195,-0.5077224524862195,-0.5077224524862195,1.969566382794139,1.969566382794139,1.969566382794139,1.969566382794139,1.969566382794139,1.969566382794139,1.969566382794139,-0.5077224524862195,-0.5077224524862195,1.969566382794139,1.969566382794139,1.969566382794139,1.969566382794139,1.969566382794139,1.969566382794139,1.969566382794139,1.969566382794139,1.969566382794139,1.969566382794139,1.969566382794139,1.969566382794139,1.969566382794139,1.969566382794139,1.969566382794139,1.969566382794139,1.969566382794139,1.969566382794139,1.969566382794139,-0.5077224524862195,-0.5077224524862195,-0.5077224524862195,-0.5077224524862195,-0.5077224524862195,-0.5077224524862195,1.969566382794139,1.969566382794139,1.969566382794139,1.969566382794139,1.969566382794139,1.969566382794139,1.969566382794139,1.969566382794139,1.969566382794139,1.969566382794139,1.969566382794139,1.969566382794139,1.969566382794139,1.969566382794139,1.969566382794139,1.969566382794139,1.969566382794139,1.969566382794139,1.969566382794139,1.969566382794139,-0.5077224524862195,-0.5077224524862195,-0.5077224524862195,-0.5077224524862195,-0.5077224524862195,-0.5077224524862195,1.969566382794139,1.969566382794139,1.969566382794139,1.969566382794139,1.969566382794139,1.969566382794139,1.969566382794139,1.969566382794139,1.969566382794139,1.969566382794139,1.969566382794139,1.969566382794139,1.969566382794139,1.969566382794139,1.969566382794139,1.969566382794139,1.969566382794139,1.969566382794139,1.969566382794139,1.969566382794139,1.969566382794139,1.969566382794139,1.969566382794139,1.969566382794139,1.969566382794139,1.969566382794139,1.969566382794139,1.969566382794139,1.969566382794139,1.969566382794139,1.969566382794139,1.969566382794139,1.969566382794139,-0.5077224524862195,-0.5077224524862195,-0.5077224524862195,-0.5077224524862195,1.969566382794139,1.969566382794139,-0.5077224524862195,-0.5077224524862195,-0.5077224524862195,-0.5077224524862195,1.969566382794139,-0.5077224524862195,-0.5077224524862195,-0.5077224524862195,-0.5077224524862195,-0.5077224524862195,-0.5077224524862195,-0.5077224524862195,-0.5077224524862195,-0.5077224524862195,-0.5077224524862195,-0.5077224524862195,-0.5077224524862195,-0.5077224524862195,-0.5077224524862195,-0.5077224524862195,-0.5077224524862195,-0.5077224524862195,-0.5077224524862195,-0.5077224524862195,-0.5077224524862195,-0.5077224524862195,-0.5077224524862195,-0.5077224524862195,-0.5077224524862195,-0.5077224524862195,-0.5077224524862195,-0.5077224524862195,-0.5077224524862195,-0.5077224524862195,-0.5077224524862195,-0.5077224524862195,-0.5077224524862195,-0.5077224524862195,-0.5077224524862195,-0.5077224524862195,-0.5077224524862195,-0.5077224524862195,-0.5077224524862195,-0.5077224524862195,-0.5077224524862195,-0.5077224524862195,-0.5077224524862195,-0.5077224524862195,-0.5077224524862195,-0.5077224524862195,-0.5077224524862195,-0.5077224524862195,-0.5077224524862195,-0.5077224524862195,-0.5077224524862195,-0.5077224524862195,-0.5077224524862195,-0.5077224524862195,-0.5077224524862195,-0.5077224524862195,-0.5077224524862195,-0.5077224524862195,-0.5077224524862195,-0.5077224524862195,-0.5077224524862195,-0.5077224524862195,-0.5077224524862195,-0.5077224524862195,-0.5077224524862195,-0.5077224524862195,1.969566382794139,1.969566382794139,1.969566382794139,1.969566382794139,1.969566382794139,1.969566382794139,1.969566382794139,1.969566382794139,1.969566382794139,1.969566382794139,1.969566382794139,1.969566382794139,1.969566382794139,1.969566382794139,1.969566382794139,1.969566382794139,1.969566382794139,0.0
0.0,-0.8265157687216935,-0.8265157687216935,-0.8566353503006199,-0.853627090240201,-0.853627090240201,-0.853627090240201,-0.853627090240201,-0.853627090240201,-0.853627090240201,-0.853627090240201,-0.853627090240201,-0.853627090240201,-0.853627090240201,-0.853627090240201,-0.853627090240201,-0.853627090240201,-0.853627090240201,-0.853627090240201,-0.8530330584608552,-0.8300583102004426,-0.8300583102004426,-0.8300583102004426,-0.8300583102004426,-0.8300583102004426,-0.8300583102004426,-0.8300583102004426,-0.8560068439252237,-0.8566353503006199,-0.8560068439252237,-0.8560068439252237,-0.8566353503006199,-0.8566353503006199,-0.8265157687216935,-0.8306614919889734,-0.8700053950135924,-0.8700053950135924,-0.8700053950135924,-0.8700053950135924,-0.8700053950135924,-0.8700053950135924,-0.8322343541843,-0.8700053950135924,-0.8700053950135924,-0.8700053950135924,-0.8700053950135924,-0.8700053950135924,-0.8700053950135924,-0.8700053950135924,-0.8299466481883865,-0.8364432950681183,-0.8364432950681183,-0.8364432950681183,-0.8364432950681183,-0.8364432950681183,-0.8309163621415365,-0.8253778615711092,-0.8253778615711092,-0.8253778615711092,-0.8253778615711092,-0.8253778615711092,-0.8253778615711092,-0.8253778615711092,-0.8253778615711092,-0.8253778615711092,-0.8253778615711092,-0.8700053950135924,-0.8700053950135924,-0.8700053950135924,-0.8700053950135924,-0.8700053950135924,-0.8700053950135924,-0.8309163621415365,-0.8322343541843,-0.8322343541843,-0.8322343541843,-0.8322343541843,-0.7402762482936605,-0.7402762482936605,-0.8700053950135924,-0.8700053950135924,-0.8322343541843,-0.8322343541843,-0.8322343541843,-0.8322343541843,-0.8438698022900956,-0.8438698022900956,-0.8438698022900956,-0.8322343541843,-0.8322343541843,-0.8322343541843,-0.8322343541843,-0.8438698022900956,-0.8438698022900956,-0.8438698022900956,-0.8438698022900956,-0.8438698022900956,-0.8438698022900956,-0.8322343541843,-0.8438698022900956,-0.8700053950135924,-0.8700053950135924,-0.8700053950135924,-0.8700053950135924,-0.8700053950135924,-0.8700053950135924,-0.8299466481883865,-0.8299466481883865,-0.8299466481883865,-0.8299466481883865,-0.8299466481883865,-0.8299466481883865,-0.8299466481883865,-0.8299466481883865,-0.8299466481883865,-0.8299466481883865,-0.8299466481883865,-0.8299466481883865,-0.8299466481883865,-0.8299466481883865,-0.8299466481883865,-0.8299466481883865,-0.8299466481883865,-0.8299466481883865,-0.8299466481883865,-0.7982755930863308,-0.8700053950135924,-0.8700053950135924,-0.8700053950135924,-0.8700053950135924,-0.8700053950135924,-0.8700053950135924,-0.7982755930863308,-0.7982755930863308,-0.8299466481883865,-0.8299466481883865,-0.8226834637733997,-0.5931889763083855,-0.5931889763083855,-0.5900343732462179,-0.5900343732462179,-0.5722180354973849,-0.5580376850442322,-0.5580376850442322,-0.5722180354973849,-0.5667034547656034,-0.5667034547656034,-0.5722180354973849,-0.7872426847225188,-0.8113368406014442,-0.8113368406014442,-0.8113368406014442,-0.8113368406014442,-0.8113368406014442,-0.85674360977198,-0.85674360977198,-0.8559467643068188,-0.8559467643068188,-0.8559467643068188,-0.8559467643068188,-0.8559467643068188,-0.8559467643068188,-0.7872426847225188,-0.7872426847225188,-0.7872426847225188,-0.8700053950135924,-0.8700053950135924,-0.8700053950135924,-0.8700053950135924,-0.7872426847225188,-0.8226834637733997,-0.8700053950135924,-0.8700053950135924,-0.8700053950135924,-0.8700053950135924,-0.8522028898251235,-0.8700053950135924,-0.8700053950135924,-0.8700053950135924,-0.8700053950135924,-0.8700053950135924,-0.8700053950135924,-0.8700053950135924,-0.8700053950135924,-0.8700053950135924,-0.8700053950135924,-0.8700053950135924,-0.8700053950135924,-0.8700053950135924,-0.8700053950135924,-0.8700053950135924,-0.8700053950135924,-0.8700053950135924,-0.8700053950135924,-0.8700053950135924,-0.8700053950135924,-0.8700053950135924,-0.8700053950135924,-0.8700053950135924,-0.8700053950135924,-0.8700053950135924,-0.8700053950135924,-0.8700053950135924,-0.8700053950135924,-0.8700053950135924,-0.8700053950135924,-0.8700053950135924,-0.8700053950135924,-0.8700053950135924,-0.8700053950135924,-0.8700053950135924,-0.8700053950135924,-0.8700053950135924,-0.8700053950135924,-0.8700053950135924,-0.8700053950135924,-0.8700053950135924,-0.8700053950135924,-0.8700053950135924,-0.8700053950135924,-0.8700053950135924,-0.8700053950135924,-0.8700053950135924,-0.8700053950135924,-0.8700053950135924,-0.8700053950135924,-0.8700053950135924,-0.8700053950135924,-0.8700053950135924,-0.8700053950135924,-0.8700053950135924,-0.8700053950135924,-0.8700053950135924,-0.8700053950135924,-0.8700053950135924,-0.8700053950135924,-0.8700053950135924,-0.8700053950135924,-0.8700053950135924,-0.8700053950135924,-0.8700053950135924,-0.8226834637733997,-0.8522028898251235,-0.8522028898251235,-0.8522028898251235,-0.8522028898251235,-0.8522028898251235,-0.7244204636945576,-0.7244204636945576,-0.8522028898251235,-0.8522028898251235,-0.8265157687216935,-0.8265157687216935,-0.8265157687216935,-0.8265157687216935,-0.8265157687216935,-0.8265157687216935,-0.8265157687216935,0.0
0.0,-0.017762162850330287,-0.017762162850330287,-1.0183565364195493,-1.0183565364195493,-1.0183565364195493,-1.0183565364195493,-1.0183565364195493,-1.0183565364195493,-1.0183565364195493,-1.0183565364195493,-1.0183565364195493,-1.0183565364195493,-1.0183565364195493,-1.0183565364195493,-1.0183565364195493,-1.0183565364195493,-1.0183565364195493,-1.0183565364195493,-1.0183565364195493,-0.797640857572655,-0.797640857572655,-0.797640857572655,-0.797640857572655,-0.797640857572655,-0.797640857572655,-0.797640857572655,-1.0183565364195493,-1.0183565364195493,-1.0183565364195493,-1.0183565364195493,-1.0183565364195493,-1.0183565364195493,-0.017762162850330287,0.2207759744561858,-1.096933728981207,-1.096933728981207,-1.096933728981207,-1.096933728981207,-1.096933728981207,-1.096933728981207,0.5228349750013707,-1.096933728981207,-1.096933728981207,-1.096933728981207,-1.096933728981207,-1.096933728981207,-1.096933728981207,-1.096933728981207,0.2890181816638531,-0.0637760259906795,-0.0637760259906795,-0.0637760259906795,-0.0637760259906795,-0.0637760259906795,0.026205950473936392,0.38329135654449087,0.38329135654449087,0.38329135654449087,0.38329135654449087,0.38329135654449087,0.38329135654449087,0.38329135654449087,0.38329135654449087,0.38329135654449087,0.38329135654449087,-1.096933728981207,-1.096933728981207,-1.096933728981207,-1.096933728981207,-1.096933728981207,-1.096933728981207,0.026205950473936392,0.5228349750013707,0.5228349750013707,0.5228349750013707,0.5228349750013707,0.38329135654449087,0.38329135654449087,0.7330836812166751,0.7330836812166751,0.5228349750013707,0.5228349750013707,0.5228349750013707,0.5228349750013707,1.1411274748183142,1.1411274748183142,1.1411274748183142,0.5228349750013707,0.5228349750013707,0.5228349750013707,0.5228349750013707,1.1411274748183142,1.1411274748183142,1.1411274748183142,1.1411274748183142,1.1411274748183142,1.1411274748183142,0.5228349750013707,1.1411274748183142,-1.096933728981207,-1.096933728981207,-1.096933728981207,-1.096933728981207,-1.096933728981207,-1.096933728981207,0.2890181816638531,0.2890181816638531,0.2890181816638531,0.2890181816638531,0.2890181816638531,0.2890181816638531,0.2890181816638531,0.2890181816638531,0.2890181816638531,0.2890181816638531,0.2890181816638531,0.2890181816638531,0.2890181816638531,0.2890181816638531,0.2890181816638531,0.2890181816638531,0.2890181816638531,0.2890181816638531,0.2890181816638531,-0.538131199345661,-1.096933728981207,-1.096933728981207,-1.096933728981207,-1.096933728981207,-1.096933728981207,-1.096933728981207,-0.538131199345661,-0.538131199345661,0.2890181816638531,0.2890181816638531,0.06830250281695922,0.3528545032638245,0.3528545032638245,0.5485278398908471,0.5485278398908471,0.4693560222117804,0.4414916533030797,0.4414916533030797,0.4693560222117804,0.4693560222117804,0.4693560222117804,0.4693560222117804,0.6900717010586743,0.8885590358382506,0.8885590358382506,0.8885590358382506,0.8885590358382506,0.8885590358382506,0.870409541606602,0.870409541606602,1.2213703480254048,1.2213703480254048,1.2213703480254048,1.2213703480254048,1.2213703480254048,1.2213703480254048,0.6900717010586743,0.6900717010586743,0.6900717010586743,0.8519207849180238,0.8519207849180238,0.8519207849180238,0.8519207849180238,0.6900717010586743,0.06830250281695922,0.3528545032638245,0.3528545032638245,0.3528545032638245,0.3528545032638245,-0.901855017471593,-1.0183565364195493,-1.0183565364195493,-1.0183565364195493,-1.0183565364195493,-1.0183565364195493,-1.0183565364195493,-1.0183565364195493,-1.0183565364195493,-1.0183565364195493,-1.0183565364195493,-1.0183565364195493,-1.0183565364195493,-1.0183565364195493,-1.0183565364195493,-1.0183565364195493,-1.0183565364195493,-1.0183565364195493,-1.0183565364195493,-0.901855017471593,-1.0183565364195493,-1.0183565364195493,-1.0183565364195493,-1.0183565364195493,-1.0183565364195493,-1.0183565364195493,-1.0183565364195493,-1.0183565364195493,-1.0183565364195493,-1.0183565364195493,-1.0183565364195493,-1.0183565364195493,-1.0183565364195493,-1.0183565364195493,-1.0183565364195493,-1.0183565364195493,-1.0183565364195493,-1.0183565364195493,-1.0183565364195493,-1.0183565364195493,-0.901855017471593,-0.538131199345661,-0.538131199345661,-0.538131199345661,-0.538131199345661,-0.6173030170247277,-0.538131199345661,-0.538131199345661,-0.538131199345661,-0.901855017471593,-0.7033676826920172,-0.7033676826920172,-0.7033676826920172,-0.901855017471593,-0.901855017471593,-0.901855017471593,-0.901855017471593,-0.901855017471593,-0.901855017471593,-0.901855017471593,-0.901855017471593,-0.901855017471593,-0.901855017471593,-0.797640857572655,-1.0183565364195493,-1.0183565364195493,0.06830250281695922,-0.901855017471593,-0.901855017471593,-0.901855017471593,-0.901855017471593,-0.901855017471593,-0.901855017471593,-0.901855017471593,-0.901855017471593,-0.901855017471593,-0.017762162850330287,-0.017762162850330287,-0.017762162850330287,-0.017762162850330287,-0.017762162850330287,-0.017762162850330287,-0.017762162850330287,0.0
0.0,-1.0,-1.0,-1.0,-1.0,-1.0,-1.0,-1.0,-1.0,-1.0,-1.0,-1.0,-1.0,-1.0,-1.0,-1.0,-1.0,-1.0,-1.0,-1.0,-1.0,-1.0,-1.0,-1.0,-1.0,-1.0,-1.0,-1.0,-1.0,-1.0,-1.0,-1.0,-1.0,-1.0,-1.0,-1.0,-1.0,-1.0,-1.0,-1.0,-1.0,-1.0,-1.0,-1.0,-1.0,-1.0,-1.0,-1.0,-1.0,-1.0,-1.0,-1.0,-1.0,-1.0,-1.0,-1.0,-1.0,-1.0,-1.0,-1.0,-1.0,-1.0,-1.0,-1.0,-1.0,-1.0,-1.0,-1.0,-1.0,-1.0,-1.0,-1.0,-1.0,-1.0,-1.0,-1.0,-1.0,-1.0,-1.0,-1.0,-1.0,-1.0,-1.0,-1.0,-1.0,-1.0,-1.0,-1.0,-1.0,-1.0,-1.0,-1.0,-1.0,-1.0,-1.0,-1.0,-1.0,-1.0,-1.0,-1.0,-1.0,-1.0,-1.0,-1.0,-1.0,-1.0,-1.0,-1.0,-1.0,-1.0,-1.0,-1.0,-1.0,-1.0,-1.0,-1.0,-1.0,-1.0,-1.0,-1.0,-1.0,-1.0,-1.0,-1.0,-1.0,-1.0,-1.0,-1.0,-1.0,-1.0,-1.0,-1.0,-1.0,-1.0,-1.0,-1.0,-1.0,-1.0,-1.0,-1.0,-1.0,-1.0,-1.0,-1.0,-1.0,-1.0,-1.0,-1.0,-1.0,-1.0,-1.0,-1.0,-1.0,-1.0,-1.0,-1.0,-1.0,-1.0,-1.0,-1.0,-1.0,-1.0,-1.0,-1.0,-1.0,-1.0,-1.0,-1.0,-1.0,-1.0,-1.0,-1.0,-1.0,-1.0,-1.0,-1.0,-1.0,-1.0,-1.0,-1.0,-1.0,-1.0,-1.0,-1.0,-1.0,-1.0,-1.0,-1.0,-1.0,-1.0,-1.0,-1.0,-1.0,-1.0,-1.0,-1.0,-1.0,-1.0,-1.0,-1.0,-1.0,-1.0,-1.0,-1.0,-1.0,-1.0,-1.0,-1.0,-1.0,-1.0,-1.0,-1.0,-1.0,-1.0,-1.0,-1.0,-1.0,-1.0,-1.0,-1.0,-1.0,-1.0,-1.0,-1.0,-1.0,-1.0,-1.0,-1.0,-1.0,-1.0,-1.0,-1.0,-1.0,-1.0,-1.0,-1.0,-1.0,-1.0,-1.0,-1.0,-1.0,-1.0,-1.0,-1.0,-1.0,-1.0,-1.0,-1.0,-1.0,-1.0,-1.0,-1.0,-1.0,-1.0,-1.0,-1.0,-1.0,-1.0,0.0
0.0,-1.0,-1.0,-1.0,-1.0,-1.0,-1.0,-1.0,-1.0,-1.0,-1.0,-1.0,-1.0,-1.0,-1.0,-1.0,-1.0,-1.0,-1.0,-1.0,-1.0,-1.0,-1.0,-1.0,-1.0,-1.0,-1.0,-1.0,-1.0,-1.0,-1.0,-1.0,-1.0,-1.0,-1.0,-1.0,-1.0,-1.0,-1.0,-1.0,-1.0,-1.0,-1.0,-1.0,-1.0,-1.0,-1.0,-1.0,-1.0,-1.0,-1.0,-1.0,-1.0,-1.0,-1.0,-1.0,-1.0,-1.0,-1.0,-1.0,-1.0,-1.0,-1.0,-1.0,-1.0,-1.0,-1.0,-1.0,-1.0,-1.0,-1.0,-1.0,-1.0,-1.0,-1.0,-1.0,-1.0,-1.0,-1.0,-1.0,-1.0,-1.0,-1.0,-1.0,-1.0,-1.0,-1.0,-1.0,-1.0,-1.0,-1.0,-1.0,-1.0,-1.0,-1.0,-1.0,-1.0,-1.0,-1.0,-1.0,-1.0,-1.0,-1.0,-1.0,-1.0,-1.0,-1.0,-1.0,-1.0,-1.0,-1.0,-1.0,-1.0,-1.0,-1.0,-1.0,-1.0,-1.0,-1.0,-1.0,-1.0,-1.0,-1.0,-1.0,-1.0,-1.0,-1.0,-1.0,-1.0,-1.0,-1.0,-1.0,-1.0,-1.0,-1.0,-1.0,-1.0,-1.0,-1.0,-1.0,-1.0,-1.0,-1.0,-1.0,-1.0,-1.0,-1.0,-1.0,-1.0,-1.0,-1.0,-1.0,-1.0,-1.0,-1.0,-1.0,-1.0,-1.0,-1.0,-1.0,-1.0,-1.0,-1.0,-1.0,-1.0,-1.0,-1.0,-1.0,-1.0,-1.0,-1.0,-1.0,-1.0,-1.0,-1.0,-1.0,-1.0,-1.0,-1.0,-1.0,-1.0,-1.0,-1.0,-1.0,-1.0,-1.0,-1.0,-1.0,-1.0,-1.0,-1.0,-1.0,-1.0,-1.0,-1.0,-1.0,-1.0,-1.0,-1.0,-1.0,-1.0,-1.0,-1.0,-1.0,-1.0,-1.0,-1.0,-1.0,-1.0,-1.0,-1.0,-1.0,-1.0,-1.0,-1.0,-1.0,-1.0,-1.0,-1.0,-1.0,-1.0,-1.0,-1.0,-1.0,-1.0,-1.0,-1.0,-1.0,-1.0,-1.0,-1.0,-1.0,-1.0,-1.0,-1.0,-1.0,-1.0,-1.0,-1.0,-1.0,-1.0,-1.0,-1.0,-1.0,-1.0,-1.0,-1.0,-1.0,-1.0,-1.0,-1.0,-1.0,-1.0,-1.0,-1.0,-1.0,-1.0,-1.0,0.0
0.0,1.0,1.0,-1.0,-1.0,-1.0,-1.0,-1.0,-1.0,-1.0,-1.0,-1.0,-1.0,-1.0,-1.0,-1.0,-1.0,-1.0,-1.0,-1.0,-1.0,-1.0,-1.0,-1.0,-1.0,-1.0,-1.0,-1.0,-1.0,-1.0,-1.0,-1.0,-1.0,1.0,-1.0,-1.0,-1.0,-1.0,-1.0,-1.0,-1.0,-1.0,-1.0,-1.0,-1.0,-1.0,-1.0,-1.0,-1.0,-1.0,-1.0,-1.0,-1.0,-1.0,-1.0,-1.0,-1.0,-1.0,-1.0,-1.0,-1.0,-1.0,-1.0,-1.0,-1.0,-1.0,-1.0,-1.0,-1.0,-1.0,-1.0,-1.0,-1.0,-1.0,-1.0,-1.0,-1.0,-1.0,-1.0,-1.0,-1.0,-1.0,-1.0,-1.0,-1.0,-1.0,-1.0,-1.0,-1.0,-1.0,-1.0,-1.0,-1.0,-1.0,-1.0,-1.0,-1.0,-1.0,-1.0,-1.0,-1.0,-1.0,-1.0,-1.0,-1.0,-1.0,-1.0,-1.0,-1.0,-1.0,-1.0,-1.0,-1.0,-1.0,-1.0,-1.0,-1.0,-1.0,-1.0,-1.0,-1.0,-1.0,-1.0,-1.0,-1.0,-1.0,-1.0,-1.0,-1.0,-1.0,-1.0,-1.0,-1.0,-1.0,-1.0,-1.0,1.0,-1.0,-1.0,-1.0,-1.0,-1.0,-1.0,-1.0,-1.0,-1.0,-1.0,-1.0,-1.0,-1.0,-1.0,-1.0,-1.0,-1.0,-1.0,-1.0,-1.0,-1.0,-1.0,-1.0,-1.0,-1.0,-1.0,-1.0,-1.0,-1.0,-1.0,-1.0,-1.0,-1.0,1.0,-1.0,-1.0,-1.0,-1.0,1.0,-1.0,-1.0,-1.0,-1.0,-1.0,-1.0,-1.0,-1.0,-1.0,-1.0,-1.0,-1.0,-1.0,-1.0,-1.0,-1.0,-1.0,-1.0,-1.0,-1.0,-1.0,-1.0,-1.0,-1.0,-1.0,-1.0,-1.0,-1.0,-1.0,-1.0,-1.0,-1.0,-1.0,-1.0,-1.0,-1.0,-1.0,-1.0,-1.0,-1.0,-1.0,-1.0,-1.0,-1.0,-1.0,-1.0,-1.0,-1.0,-1.0,-1.0,-1.0,-1.0,-1.0,-1.0,-1.0,-1.0,-1.0,-1.0,-1.0,-1.0,-1.0,-1.0,-1.0,-1.0,-1.0,1.0,1.0,1.0,1.0,1.0,1.0,1.0,1.0,1.0,1.0,1.0,1.0,1.0,1.0,1.0,1.0,1.0,0.0
0.0,-1.0,-1.0,-1.0,-1.0,-1.0,-1.0,-1.0,-1.0,-1.0,-1.0,-1.0,-1.0,-1.0,-1.0,-1.0,-1.0,-1.0,-1.0,-1.0,-1.0,-1.0,-1.0,-1.0,-1.0,-1.0,-1.0,-1.0,-1.0,-1.0,-1.0,-1.0,-1.0,-1.0,-1.0,-1.0,-1.0,-1.0,-1.0,-1.0,-1.0,-1.0,-1.0,-1.0,-1.0,-1.0,-1.0,-1.0,-1.0,-1.0,-1.0,-1.0,-1.0,-1.0,-1.0,-1.0,-1.0,-1.0,-1.0,-1.0,-1.0,-1.0,-1.0,-1.0,-1.0,-1.0,-1.0,-1.0,-1.0,-1.0,-1.0,-1.0,-1.0,-1.0,-1.0,-1.0,-1.0,-1.0,-1.0,-1.0,-1.0,-1.0,-1.0,-1.0,-1.0,-1.0,-1.0,-1.0,-1.0,-1.0,-1.0,-1.0,-1.0,-1.0,-1.0,-1.0,-1.0,-1.0,-1.0,-1.0,-1.0,-1.0,-1.0,-1.0,-1.0,-1.0,-1.0,-1.0,-1.0,-1.0,-1.0,-1.0,-1.0,-1.0,-1.0,-1.0,-1.0,-1.0,-1.0,-1.0,-1.0,-1.0,-1.0,-1.0,-1.0,-1.0,-1.0,-1.0,-1.0,-1.0,-1.0,-1.0,-1.0,-1.0,-1.0,-1.0,-1.0,-1.0,-1.0,-1.0,-1.0,-1.0,-1.0,-1.0,-1.0,-1.0,-1.0,-1.0,-1.0,-1.0,-1.0,-1.0,-1.0,-1.0,-1.0,-1.0,-1.0,-1.0,-1.0,-1.0,-1.0,-1.0,-1.0,-1.0,-1.0,-1.0,-1.0,-1.0,-1.0,-1.0,-1.0,-1.0,-1.0,-1.0,-1.0,-1.0,-1.0,-1.0,-1.0,-1.0,-1.0,-1.0,-1.0,-1.0,-1.0,-1.0,-1.0,-1.0,-1.0,-1.0,-1.0,-1.0,-1.0,-1.0,-1.0,-1.0,-1.0,-1.0,-1.0,-1.0,-1.0,-1.0,-1.0,-1.0,-1.0,-1.0,-1.0,-1.0,-1.0,-1.0,-1.0,-1.0,-1.0,-1.0,-1.0,-1.0,-1.0,-1.0,-1.0,-1.0,-1.0,-1.0,-1.0,-1.0,-1.0,-1.0,-1.0,-1.0,-1.0,-1.0,-1.0,-1.0,-1.0,-1.0,-1.0,-1.0,-1.0,-1.0,-1.0,-1.0,-1.0,-1.0,-1.0,-1.0,-1.0,-1.0,-1.0,-1.0,-1.0,-1.0,-1.0,-1.0,-1.0,-1.0,-1.0,-1.0,-1.0,-1.0,0.0
0.0,-1.0,-1.0,-1.0,-1.0,-1.0,-1.0,-1.0,-1.0,-1.0,-1.0,-1.0,-1.0,-1.0,-1.0,-1.0,-1.0,-1.0,-1.0,-1.0,-1.0,-1.0,-1.0,-1.0,-1.0,-1.0,-1.0,-1.0,-1.0,-1.0,-1.0,-1.0,-1.0,-1.0,-1.0,-1.0,-1.0,-1.0,-1.0,-1.0,-1.0,-1.0,-1.0,-1.0,-1.0,-1.0,-1.0,-1.0,-1.0,-1.0,-1.0,-1.0,-1.0,-1.0,-1.0,-1.0,-1.0,-1.0,-1.0,-1.0,-1.0,-1.0,-1.0,-1.0,-1.0,-1.0,-1.0,-1.0,-1.0,-1.0,-1.0,-1.0,-1.0,-1.0,-1.0,-1.0,-1.0,-1.0,-1.0,-1.0,-1.0,-1.0,-1.0,-1.0,-1.0,-1.0,-1.0,-1.0,-1.0,-1.0,-1.0,-1.0,-1.0,-1.0,-1.0,-1.0,-1.0,-1.0,-1.0,-1.0,-1.0,-1.0,-1.0,-1.0,-1.0,-1.0,-1.0,-1.0,-1.0,-1.0,-1.0,-1.0,-1.0,-1.0,-1.0,-1.0,-1.0,-1.0,-1.0,-1.0,-1.0,-1.0,-1.0,-1.0,-1.0,-1.0,-1.0,-1.0,-1.0,-1.0,-1.0,-1.0,-1.0,-1.0,-1.0,-1.0,-1.0,-1.0,-1.0,-1.0,-1.0,-1.0,-1.0,-1.0,-1.0,-1.0,-1.0,-1.0,-1.0,-1.0,-1.0,-1.0,-1.0,-1.0,-1.0,-1.0,-1.0,-1.0,-1.0,-1.0,-1.0,-1.0,-1.0,-1.0,-1.0,-1.0,-1.0,-1.0,-1.0,-1.0,-1.0,-1.0,-1.0,-1.0,-1.0,-1.0,-1.0,-1.0,-1.0,-1.0,-1.0,-1.0,-1.0,-1.0,-1.0,-1.0,-1.0,-1.0,-1.0,-1.0,-1.0,-1.0,-1.0,-1.0,-1.0,-1.0,-1.0,-1.0,-1.0,-1.0,-1.0,-1.0,-1.0,-1.0,-1.0,-1.0,-1.0,-1.0,-1.0,-1.0,-1.0,-1.0,-1.0,-1.0,-1.0,-1.0,-1.0,-1.0,-1.0,-1.0,-1.0,-1.0,-1.0,-1.0,-1.0,-1.0,-1.0,-1.0,-1.0,-1.0,-1.0,-1.0,-1.0,-1.0,-1.0,-1.0,-1.0,-1.0,-1.0,-1.0,-1.0,-1.0,-1.0,-1.0,-1.0,-1.0,-1.0,-1.0,-1.0,-1.0,-1.0,-1.0,-1.0,-1.0,-1.0,-1.0,-1.0,-1.0,0.0
0.0,-1.0,-1.0,-1.0,-1.0,-1.0,-1.0,-1.0,-1.0,-1.0,-1.0,-1.0,-1.0,-1.0,-1.0,-1.0,-1.0,-1.0,-1.0,-1.0,-1.0,-1.0,-1.0,-1.0,-1.0,-1.0,-1.0,-1.0,-1.0,-1.0,-1.0,-1.0,-1.0,-1.0,-1.0,-1.0,-1.0,-1.0,-1.0,-1.0,-1.0,-1.0,-1.0,-1.0,-1.0,-1.0,-1.0,-1.0,-1.0,-1.0,-1.0,-1.0,-1.0,-1.0,-1.0,-1.0,-1.0,-1.0,-1.0,-1.0,-1.0,-1.0,-1.0,-1.0,-1.0,-1.0,-1.0,-1.0,-1.0,-1.0,-1.0,-1.0,-1.0,-1.0,-1.0,-1.0,-1.0,-1.0,-1.0,-1.0,-1.0,-1.0,-1.0,-1.0,-1.0,-1.0,-1.0,-1.0,-1.0,-1.0,-1.0,-1.0,-1.0,-1.0,-1.0,-1.0,-1.0,-1.0,-1.0,-1.0,-1.0,-1.0,-1.0,-1.0,-1.0,-1.0,-1.0,-1.0,-1.0,-1.0,-1.0,-1.0,-1.0,-1.0,-1.0,-1.0,-1.0,-1.0,-1.0,-1.0,-1.0,-1.0,-1.0,-1.0,-1.0,-1.0,-1.0,-1.0,-1.0,-1.0,-1.0,-1.0,-1.0,-1.0,-1.0,-1.0,-1.0,-1.0,-1.0,-1.0,-1.0,-1.0,-1.0,-1.0,-1.0,-1.0,-1.0,-1.0,-1.0,-1.0,-1.0,-1.0,-1.0,-1.0,-1.0,-1.0,-1.0,-1.0,-1.0,-1.0,-1.0,-1.0,-1.0,-1.0,-1.0,-1.0,-1.0,-1.0,-1.0,-1.0,-1.0,-1.0,-1.0,-1.0,-1.0,-1.0,-1.0,-1.0,-1.0,-1.0,-1.0,-1.0,-1.0,-1.0,-1.0,-1.0,-1.0,-1.0,-1.0,-1.0,-1.0,-1.0,-1.0,-1.0,-1.0,-1.0,-1.0,-1.0,-1.0,-1.0,-1.0,-1.0,-1.0,-1.0,-1.0,-1.0,-1.0,-1.0,-1.0,-1.0,-1.0,-1.0,-1.0,-1.0,-1.0,-1.0,-1.0,-1.0,-1.0,-1.0,-1.0,-1.0,-1.0,-1.0,-1.0,-1.0,-1.0,-1.0,-1.0,-1.0,-1.0,-1.0,-1.0,-1.0,-1.0,-1.0,-1.0,-1.0,-1.0,-1.0,-1.0,-1.0,-1.0,-1.0,-1.0,-1.0,-1.0,-1.0,-1.0,-1.0,-1.0,-1.0,-1.0,-1.0,-1.0,-1.0,-1.0,-1.0,0.0
0.0,1.0,1.0,-1.0,-1.0,-1.0,-1.0,-1.0,-1.0,-1.0,-1.0,-1.0,-1.0,-1.0,-1.0,-1.0,-1.0,-1.0,-1.0,-1.0,-1.0,-1.0,-1.0,-1.0,-1.0,-1.0,-1.0,-1.0,-1.0,-1.0,-1.0,-1.0,-1.0,1.0,1.0,-1.0,-1.0,-1.0,-1.0,-1.0,-1.0,1.0,-1.0,-1.0,-1.0,-1.0,-1.0,-1.0,-1.0,1.0,-1.0,-1.0,-1.0,-1.0,-1.0,-1.0,-1.0,-1.0,-1.0,-1.0,-1.0,-1.0,-1.0,-1.0,-1.0,-1.0,-1.0,-1.0,-1.0,-1.0,-1.0,-1.0,-1.0,1.0,1.0,1.0,1.0,1.0,1.0,-1.0,-1.0,1.0,1.0,1.0,1.0,-1.0,-1.0,-1.0,1.0,1.0,1.0,1.0,-1.0,-1.0,-1.0,-1.0,-1.0,-1.0,1.0,-1.0,-1.0,-1.0,-1.0,-1.0,-1.0,-1.0,1.0,1.0,1.0,1.0,1.0,1.0,1.0,1.0,1.0,1.0,1.0,1.0,1.0,1.0,1.0,1.0,1.0,1.0,1.0,-1.0,-1.0,-1.0,-1.0,-1.0,-1.0,-1.0,-1.0,-1.0,1.0,1.0,1.0,-1.0,-1.0,-1.0,-1.0,-1.0,-1.0,-1.0,-1.0,-1.0,-1.0,-1.0,-1.0,-1.0,-1.0,-1.0,-1.0,-1.0,-1.0,-1.0,-1.0,-1.0,-1.0,-1.0,-1.0,-1.0,-1.0,-1.0,-1.0,-1.0,-1.0,-1.0,-1.0,-1.0,1.0,-1.0,-1.0,-1.0,-1.0,1.0,-1.0,-1.0,-1.0,-1.0,-1.0,-1.0,-1.0,-1.0,-1.0,-1.0,-1.0,-1.0,-1.0,-1.0,-1.0,-1.0,-1.0,-1.0,-1.0,-1.0,-1.0,-1.0,-1.0,-1.0,-1.0,-1.0,-1.0,-1.0,-1.0,-1.0,-1.0,-1.0,-1.0,-1.0,-1.0,-1.0,-1.0,-1.0,-1.0,-1.0,-1.0,-1.0,-1.0,-1.0,-1.0,-1.0,-1.0,-1.0,-1.0,-1.0,-1.0,-1.0,-1.0,-1.0,-1.0,-1.0,-1.0,-1.0,-1.0,-1.0,-1.0,-1.0,-1.0,-1.0,-1.0,1.0,1.0,1.0,1.0,1.0,1.0,1.0,1.0,1.0,1.0,1.0,1.0,1.0,1.0,1.0,1.0,1.0,0.0
0.0,-0.10218959736727137,-0.10218959736727137,1.168854013932416,1.1953569806433686,1.1953569806433686,1.1953569806433686,1.1953569806433686,1.1953569806433686,1.1953569806433686,1.1953569806433686,1.1953569806433686,1.1953569806433686,1.1953569806433686,1.1953569806433686,1.1953569806433686,1.1953569806433686,1.1953569806433686,1.1953569806433686,1.2621320334893233,1.1515251510829472,1.1515251510829472,1.1515251510829472,1.1515251510829472,1.1515251510829472,1.1515251510829472,1.1515251510829472,1.1561822829737418,1.168854013932416,1.1561822829737418,1.1561822829737418,1.168854013932416,1.168854013932416,-0.10218959736727137,-0.45894110276609434,1.035096853813077,1.035096853813077,1.035096853813077,1.035096853813077,1.035096853813077,1.035096853813077,-0.5049149549946894,1.0687316952465948,1.035096853813077,1.035096853813077,1.035096853813077,1.035096853813077,1.035096853813077,1.035096853813077,-0.48343352828378566,-0.37643272769467356,-0.37643272769467356,-0.37643272769467356,-0.37643272769467356,-0.37643272769467356,-0.44660642407400625,-0.5223425429998225,-0.5223425429998225,-0.5223425429998225,-0.5223425429998225,-0.5223425429998225,-0.5223425429998225,-0.5223425429998225,-0.5223425429998225,-0.5223425429998225,-0.5223425429998225,0.2999353196233259,0.2999353196233259,0.2999353196233259,0.2999353196233259,0.2999353196233259,0.2999353196233259,-0.44660642407400625,-0.5049149549946894,-0.5049149549946894,-0.5049149549946894,-0.5049149549946894,0.005870705947425645,0.005870705947425645,-0.4140638675246674,-0.4140638675246674,-0.5049149549946894,-0.5049149549946894,-0.5049149549946894,-0.5049149549946894,-0.6565378182844469,-0.6565378182844469,-0.6565378182844469,-0.5049149549946894,-0.5049149549946894,-0.5049149549946894,-0.5049149549946894,-0.6565378182844469,-0.6565378182844469,-0.6565378182844469,-0.6565378182844469,-0.6565378182844469,-0.6565378182844469,-0.5049149549946894,-0.6565378182844469,1.035096853813077,1.035096853813077,1.035096853813077,1.035096853813077,1.035096853813077,1.035096853813077,-0.48343352828378566,-0.48343352828378566,-0.48343352828378566,-0.48343352828378566,-0.48343352828378566,-0.48343352828378566,-0.48343352828378566,-0.48343352828378566,-0.48343352828378566,-0.48343352828378566,-0.48343352828378566,-0.48343352828378566,-0.48343352828378566,-0.48343352828378566,-0.48343352828378566,-0.48343352828378566,-0.48343352828378566,-0.48343352828378566,-0.48343352828378566,0.23703379798142207,1.035096853813077,1.035096853813077,1.035096853813077,1.035096853813077,1.035096853813077,1.035096853813077,0.23703379798142207,0.23703379798142207,-0.48343352828378566,-0.48343352828378566,-0.15740104693404422,-0.4694347846384678,-0.4694347846384678,-0.5995564398558987,-0.5995564398558987,-0.5370607344826523,-0.6226203311245968,-0.6226203311245968,-0.5370607344826523,-0.39198141843761614,-0.39198141843761614,-0.5370607344826523,-0.192637376802958,-0.5913472582178875,-0.5913472582178875,-0.5913472582178875,-0.5913472582178875,-0.5913472582178875,-0.26727549471733003,-0.26727549471733003,-0.4008521458486538,-0.4008521458486538,-0.4008521458486538,-0.4008521458486538,-0.4008521458486538,-0.4008521458486538,-0.192637376802958,-0.192637376802958,-0.192637376802958,0.8740789958866608,0.8740789958866608,0.8740789958866608,0.8740789958866608,-0.192637376802958,-0.15740104693404422,-0.21208306654177117,-0.21208306654177117,-0.21208306654177117,-0.21208306654177117,1.2114604136775236,1.337810426714739,1.337810426714739,1.337810426714739,1.337810426714739,1.337810426714739,1.337810426714739,1.337810426714739,1.337810426714739,1.337810426714739,1.337810426714739,1.337810426714739,1.337810426714739,1.337810426714739,1.337810426714739,1.337810426714739,1.337810426714739,1.337810426714739,1.337810426714739,1.205114065990723,1.337810426714739,1.337810426714739,1.337810426714739,1.337810426714739,1.337810426714739,1.337810426714739,1.337810426714739,1.337810426714739,1.337810426714739,1.337810426714739,1.337810426714739,1.337810426714739,1.337810426714739,1.337810426714739,1.337810426714739,1.337810426714739,1.337810426714739,1.337810426714739,1.337810426714739,1.337810426714739,1.205114065990723,1.337810426714739,1.337810426714739,1.337810426714739,1.337810426714739,1.337810426714739,1.337810426714739,1.337810426714739,1.337810426714739,1.205114065990723,1.0529035345719981,1.0529035345719981,1.0149159489529662,0.8534687100720798,0.8534687100720798,0.8534687100720798,0.8534687100720798,0.8534687100720798,1.205114065990723,0.9652398754511549,0.9652398754511549,0.9652398754511549,0.9652398754511549,0.934192329512523,1.337810426714739,1.337810426714739,-0.15740104693404422,1.2114604136775236,1.2114604136775236,1.2114604136775236,1.2114604136775236,1.2114604136775236,1.0149159489529662,1.0149159489529662,1.2114604136775236,1.2114604136775236,-0.10218959736727137,-0.10218959736727137,-0.10218959736727137,-0.10218959736727137,-0.10218959736727137,-0.10218959736727137,-0.10218959736727137,0.0
0.0,-0.47646958953771346,-0.47646958953771346,1.1409621381239319,1.1882172413131853,1.1882172413131853,1.1882172413131853,1.1882172413131853,1.1882172413131853,1.1882172413131853,1.1882172413131853,1.1882172413131853,1.1882172413131853,1.1882172413131853,1.1882172413131853,1.1882172413131853,1.1882172413131853,1.1882172413131853,1.1882172413131853,1.3097284644778067,1.110363400029026,1.110363400029026,1.110363400029026,1.110363400029026,1.110363400029026,1.110363400029026,1.110363400029026,1.1185635932503577,1.1409621381239319,1.1185635932503577,1.1185635932503577,1.1409621381239319,1.1409621381239319,-0.47646958953771346,-0.7019739460348133,0.9109050061178527,0.9109050061178527,0.9109050061178527,0.9109050061178527,0.9109050061178527,0.9109050061178527,-0.7237500135695898,0.9674307274952277,0.9109050061178527,0.9109050061178527,0.9109050061178527,0.9109050061178527,0.9109050061178527,0.9109050061178527,-0.7137820720587256,-0.6587222034501401,-0.6587222034501401,-0.6587222034501401,-0.6587222034501401,-0.6587222034501401,-0.6958485182237094,-0.7315700896390482,-0.7315700896390482,-0.7315700896390482,-0.7315700896390482,-0.7315700896390482,-0.7315700896390482,-0.7315700896390482,-0.7315700896390482,-0.7315700896390482,-0.7315700896390482,-0.1022252180936666,-0.1022252180936666,-0.1022252180936666,-0.1022252180936666,-0.1022252180936666,-0.1022252180936666,-0.6958485182237094,-0.7237500135695898,-0.7237500135695898,-0.7237500135695898,-0.7237500135695898,-0.38840323698205614,-0.38840323698205614,-0.6791132471283596,-0.6791132471283596,-0.7237500135695898,-0.7237500135695898,-0.7237500135695898,-0.7237500135695898,-0.7837808756314015,-0.7837808756314015,-0.7837808756314015,-0.7237500135695898,-0.7237500135695898,-0.7237500135695898,-0.7237500135695898,-0.7837808756314015,-0.7837808756314015,-0.7837808756314015,-0.7837808756314015,-0.7837808756314015,-0.7837808756314015,-0.7237500135695898,-0.7837808756314015,0.9109050061178527,0.9109050061178527,0.9109050061178527,0.9109050061178527,0.9109050061178527,0.9109050061178527,-0.7137820720587256,-0.7137820720587256,-0.7137820720587256,-0.7137820720587256,-0.7137820720587256,-0.7137820720587256,-0.7137820720587256,-0.7137820720587256,-0.7137820720587256,-0.7137820720587256,-0.7137820720587256,-0.7137820720587256,-0.7137820720587256,-0.7137820720587256,-0.7137820720587256,-0.7137820720587256,-0.7137820720587256,-0.7137820720587256,-0.7137820720587256,-0.16916038982356457,0.9109050061178527,0.9109050061178527,0.9109050061178527,0.9109050061178527,0.9109050061178527,0.9109050061178527,-0.16916038982356457,-0.16916038982356457,-0.7137820720587256,-0.7137820720587256,-0.5179189615062693,-0.7070908841699067,-0.7070908841699067,-0.7633423526379678,-0.7633423526379678,-0.7379882691587302,-0.7719228535928003,-0.7719228535928003,-0.7379882691587302,-0.6672825980460608,-0.6672825980460608,-0.7379882691587302,-0.5431183689472637,-0.7601872730798883,-0.7601872730798883,-0.7601872730798883,-0.7601872730798883,-0.7601872730798883,-0.5932697077230643,-0.5932697077230643,-0.6720811896465769,-0.6720811896465769,-0.6720811896465769,-0.6720811896465769,-0.6720811896465769,-0.6720811896465769,-0.5431183689472637,-0.5431183689472637,-0.5431183689472637,0.6526341428115009,0.6526341428115009,0.6526341428115009,0.6526341428115009,-0.5431183689472637,-0.5179189615062693,-0.5566066925593851,-0.5566066925593851,-0.5566066925593851,-0.5566066925593851,1.2171997865161552,1.4516825767754173,1.4516825767754173,1.4516825767754173,1.4516825767754173,1.4516825767754173,1.4516825767754173,1.4516825767754173,1.4516825767754173,1.4516825767754173,1.4516825767754173,1.4516825767754173,1.4516825767754173,1.4516825767754173,1.4516825767754173,1.4516825767754173,1.4516825767754173,1.4516825767754173,1.4516825767754173,1.205753431237871,1.4516825767754173,1.4516825767754173,1.4516825767754173,1.4516825767754173,1.4516825767754173,1.4516825767754173,1.4516825767754173,1.4516825767754173,1.4516825767754173,1.4516825767754173,1.4516825767754173,1.4516825767754173,1.4516825767754173,1.4516825767754173,1.4516825767754173,1.4516825767754173,1.4516825767754173,1.4516825767754173,1.4516825767754173,1.4516825767754173,1.205753431237871,1.4516825767754173,1.4516825767754173,1.4516825767754173,1.4516825767754173,1.4516825767754173,1.4516825767754173,1.4516825767754173,1.4516825767754173,1.205753431237871,0.940719501939573,0.940719501939573,0.8774168543349103,0.6210482282453983,0.6210482282453983,0.6210482282453983,0.6210482282453983,0.6210482282453983,1.205753431237871,0.7963497574223449,0.7963497574223449,0.7963497574223449,0.7963497574223449,0.7466688550292592,1.4516825767754173,1.4516825767754173,-0.5179189615062693,1.2171997865161552,1.2171997865161552,1.2171997865161552,1.2171997865161552,1.2171997865161552,0.8774168543349103,0.8774168543349103,1.2171997865161552,1.2171997865161552,-0.47646958953771346,-0.47646958953771346,-0.47646958953771346,-0.47646958953771346,-0.47646958953771346,-0.47646958953771346,-0.47646958953771346,0.0
0.0,-0.6226208842340586,-0.6226208842340586,1.0537615308493478,1.119028071720763,1.119028071720763,1.119028071720763,1.119028071720763,1.119028071720763,1.119028071720763,1.119028071720763,1.119028071720763,1.119028071720763,1.119028071720763,1.119028071720763,1.119028071720763,1.119028071720763,1.119028071720763,1.119028071720763,1.2903178395956283,1.0119089898396139,1.0119089898396139,1.0119089898396139,1.0119089898396139,1.0119089898396139,1.0119089898396139,1.0119089898396139,1.0230933848032044,1.0537615308493478,1.0230933848032044,1.0230933848032044,1.0537615308493478,1.0537615308493478,-0.6226208842340586,-0.7348501720062616,0.7471612407532576,0.7471612407532576,0.7471612407532576,0.7471612407532576,0.7471612407532576,0.7471612407532576,-0.7428437600089286,0.8207471265395059,0.7471612407532576,0.7471612407532576,0.7471612407532576,0.7471612407532576,0.7471612407532576,0.7471612407532576,-0.7392604980197217,-0.7172649992162321,-0.7172649992162321,-0.7172649992162321,-0.7172649992162321,-0.7172649992162321,-0.7324938125641163,-0.745562083723407,-0.745562083723407,-0.745562083723407,-0.745562083723407,-0.745562083723407,-0.745562083723407,-0.745562083723407,-0.745562083723407,-0.745562083723407,-0.745562083723407,-0.3502280991011493,-0.3502280991011493,-0.3502280991011493,-0.3502280991011493,-0.3502280991011493,-0.3502280991011493,-0.7324938125641163,-0.7428437600089286,-0.7428437600089286,-0.7428437600089286,-0.7428437600089286,-0.5669753511781089,-0.5669753511781089,-0.7258259558391178,-0.7258259558391178,-0.7428437600089286,-0.7428437600089286,-0.7428437600089286,-0.7428437600089286,-0.7613936374487396,-0.7613936374487396,-0.7613936374487396,-0.7428437600089286,-0.7428437600089286,-0.7428437600089286,-0.7428437600089286,-0.7613936374487396,-0.7613936374487396,-0.7613936374487396,-0.7613936374487396,-0.7613936374487396,-0.7613936374487396,-0.7428437600089286,-0.7613936374487396,0.7471612407532576,0.7471612407532576,0.7471612407532576,0.7471612407532576,0.7471612407532576,0.7471612407532576,-0.7392604980197217,-0.7392604980197217,-0.7392604980197217,-0.7392604980197217,-0.7392604980197217,-0.7392604980197217,-0.7392604980197217,-0.7392604980197217,-0.7392604980197217,-0.7392604980197217,-0.7392604980197217,-0.7392604980197217,-0.7392604980197217,-0.7392604980197217,-0.7392604980197217,-0.7392604980197217,-0.7392604980197217,-0.7392604980197217,-0.7392604980197217,-0.40541151793190666,0.7471612407532576,0.7471612407532576,0.7471612407532576,0.7471612407532576,0.7471612407532576,0.7471612407532576,-0.40541151793190666,-0.40541151793190666,-0.7392604980197217,-0.7392604980197217,-0.6467316296949446,-0.7367829657895778,-0.7367829657895778,-0.7557075453598672,-0.7557075453598672,-0.7477301746983869,-0.7581807583566034,-0.7581807583566034,-0.7477301746983869,-0.720915851982307,-0.720915851982307,-0.7477301746983869,-0.6606929691834086,-0.7547682250956522,-0.7547682250956522,-0.7547682250956522,-0.7547682250956522,-0.7547682250956522,-0.6868123863129336,-0.6868123863129336,-0.7229265973406859,-0.7229265973406859,-0.7229265973406859,-0.7229265973406859,-0.7229265973406859,-0.7229265973406859,-0.6606929691834086,-0.6606929691834086,-0.6606929691834086,0.42610195484509267,0.42610195484509267,0.42610195484509267,0.42610195484509267,-0.6606929691834086,-0.6467316296949446,-0.6679405474857012,-0.6679405474857012,-0.6679405474857012,-0.6679405474857012,1.159433440075718,1.4965912411460476,1.4965912411460476,1.4965912411460476,1.4965912411460476,1.4965912411460476,1.4965912411460476,1.4965912411460476,1.4965912411460476,1.4965912411460476,1.4965912411460476,1.4965912411460476,1.4965912411460476,1.4965912411460476,1.4965912411460476,1.4965912411460476,1.4965912411460476,1.4965912411460476,1.4965912411460476,1.1434417794852072,1.4965912411460476,1.4965912411460476,1.4965912411460476,1.4965912411460476,1.4965912411460476,1.4965912411460476,1.4965912411460476,1.4965912411460476,1.4965912411460476,1.4965912411460476,1.4965912411460476,1.4965912411460476,1.4965912411460476,1.4965912411460476,1.4965912411460476,1.4965912411460476,1.4965912411460476,1.4965912411460476,1.4965912411460476,1.4965912411460476,1.1434417794852072,1.4965912411460476,1.4965912411460476,1.4965912411460476,1.4965912411460476,1.4965912411460476,1.4965912411460476,1.4965912411460476,1.4965912411460476,1.1434417794852072,0.7858297300370047,0.7858297300370047,0.7041157421902631,0.38860554778426726,0.38860554778426726,0.38860554778426726,0.38860554778426726,0.38860554778426726,1.1434417794852072,0.6016342483286233,0.6016342483286233,0.6016342483286233,0.6016342483286233,0.5400538047472733,1.4965912411460476,1.4965912411460476,-0.6467316296949446,1.159433440075718,1.159433440075718,1.159433440075718,1.159433440075718,1.159433440075718,0.7041157421902631,0.7041157421902631,1.159433440075718,1.159433440075718,-0.6226208842340586,-0.6226208842340586,-0.6226208842340586,-0.6226208842340586,-0.6226208842340586,-0.6226208842340586,-0.6226208842340586,0.0
0.0,1.0,1.0,1.0,-1.0,-1.0,-1.0,-1.0,-1.0,-1.0,-1.0,-1.0,-1.0,-1.0,-1.0,-1.0,-1.0,-1.0,-1.0,-1.0,-1.0,-1.0,-1.0,-1.0,-1.0,-1.0,-1.0,1.0,1.0,1.0,1.0,1.0,1.0,1.0,1.0,-1.0,-1.0,-1.0,-1.0,-1.0,-1.0,1.0,-1.0,-1.0,-1.0,-1.0,-1.0,-1.0,-1.0,1.0,1.0,1.0,1.0,1.0,1.0,1.0,-1.0,-1.0,-1.0,-1.0,-1.0,-1.0,-1.0,-1.0,-1.0,-1.0,1.0,1.0,1.0,1.0,1.0,1.0,1.0,1.0,1.0,1.0,1.0,-1.0,-1.0,-1.0,-1.0,1.0,1.0,1.0,1.0,-1.0,-1.0,-1.0,1.0,1.0,1.0,1.0,-1.0,-1.0,-1.0,-1.0,-1.0,-1.0,1.0,-1.0,-1.0,-1.0,-1.0,-1.0,-1.0,-1.0,1.0,1.0,1.0,1.0,1.0,1.0,1.0,1.0,1.0,1.0,1.0,1.0,1.0,1.0,1.0,1.0,1.0,1.0,1.0,-1.0,-1.0,-1.0,-1.0,-1.0,-1.0,-1.0,-1.0,-1.0,1.0,1.0,1.0,-1.0,-1.0,-1.0,-1.0,-1.0,-1.0,-1.0,-1.0,-1.0,-1.0,-1.0,-1.0,-1.0,-1.0,-1.0,-1.0,-1.0,-1.0,-1.0,-1.0,-1.0,-1.0,-1.0,-1.0,-1.0,-1.0,-1.0,-1.0,-1.0,-1.0,-1.0,-1.0,-1.0,1.0,-1.0,-1.0,-1.0,-1.0,-1.0,-1.0,-1.0,-1.0,-1.0,-1.0,-1.0,-1.0,-1.0,-1.0,-1.0,-1.0,-1.0,-1.0,-1.0,-1.0,-1.0,-1.0,-1.0,-1.0,-1.0,-1.0,-1.0,-1.0,-1.0,-1.0,-1.0,-1.0,-1.0,-1.0,-1.0,-1.0,-1.0,-1.0,-1.0,-1.0,-1.0,-1.0,-1.0,-1.0,-1.0,-1.0,-1.0,-1.0,-1.0,-1.0,-1.0,-1.0,-1.0,-1.0,-1.0,-1.0,-1.0,-1.0,-1.0,-1.0,-1.0,-1.0,-1.0,-1.0,-1.0,-1.0,-1.0,-1.0,-1.0,-1.0,1.0,-1.0,-1.0,-1.0,-1.0,-1.0,-1.0,-1.0,-1.0,-1.0,1.0,1.0,1.0,1.0,1.0,1.0,1.0,0.0
1.0,1.0,1.0,1.0,1.0,1.0,1.0,1.0,1.0,1.0,1.0,1.0,1.0,1.0,1.0,1.0,1.0,1.0,1.0,1.0,1.0,1.0,1.0,1.0,1.0,1.0,1.0,1.0,1.0,1.0,1.0,1.0,1.0,1.0,1.0,1.0,1.0,1.0,1.0,1.0,1.0,1.0,1.0,1.0,1.0,1.0,1.0,1.0,1.0,1.0,1.0,1.0,1.0,1.0,1.0,1.0,1.0,1.0,1.0,1.0,1.0,1.0,1.0,1.0,1.0,1.0,1.0,1.0,1.0,1.0,1.0,1.0,1.0,1.0,1.0,1.0,1.0,1.0,1.0,1.0,1.0,1.0,1.0,1.0,1.0,1.0,1.0,1.0,1.0,1.0,1.0,1.0,1.0,1.0,1.0,1.0,1.0,1.0,1.0,1.0,1.0,1.0,1.0,1.0,1.0,1.0,1.0,1.0,1.0,1.0,1.0,1.0,1.0,1.0,1.0,1.0,1.0,1.0,1.0,1.0,1.0,1.0,1.0,1.0,1.0,1.0,1.0,1.0,1.0,1.0,1.0,1.0,1.0,1.0,1.0,1.0,1.0,1.0,1.0,1.0,1.0,1.0,1.0,1.0,1.0,1.0,1.0,1.0,1.0,1.0,1.0,1.0,1.0,1.0,1.0,1.0,1.0,1.0,1.0,1.0,1.0,1.0,1.0,1.0,1.0,1.0,1.0,1.0,1.0,1.0,1.0,1.0,1.0,1.0,1.0,1.0,1.0,1.0,1.0,1.0,1.0,1.0,1.0,1.0,1.0,1.0,1.0,1.0,1.0,1.0,1.0,1.0,1.0,1.0,1.0,1.0,1.0,1.0,1.0,1.0,1.0,1.0,1.0,1.0,1.0,1.0,1.0,1.0,1.0,1.0,1.0,1.0,1.0,1.0,1.0,1.0,1.0,1.0,1.0,1.0,1.0,1.0,1.0,1.0,1.0,1.0,1.0,1.0,1.0,1.0,1.0,1.0,1.0,1.0,1.0,1.0,1.0,1.0,1.0,1.0,1.0,1.0,1.0,1.0,1.0,1.0,1.0,1.0,1.0,1.0,1.0,1.0,1.0,1.0,1.0,1.0,1.0,1.0,1.0
0.2422127659574469,0.2422127659574469,0.2422127659574469,0.2422127659574469,0.2422127659574469,0.2422127659574469,0.2422127659574469,0.2422127659574469,0.2422127659574469,0.2422127659574469,0.2422127659574469,0.2422127659574469,0.2422127659574469,0.2422127659574469,0.2422127659574469,0.2422127659574469,0.2422127659574469,0.2422127659574469,0.2422127659574469,0.2422127659574469,0.2422127659574469,0.2422127659574469,0.2422127659574469,0.2422127659574469,0.2422127659574469,0.2422127659574469,0.2422127659574469,0.2422127659574469,0.2422127659574469,0.2422127659574469,0.2422127659574469,0.2422127659574469,0.2422127659574469,0.2422127659574469,0.2422127659574469,0.2422127659574469,0.2422127659574469,0.2422127659574469,0.2422127659574469,0.2422127659574469,0.2422127659574469,0.2422127659574469,0.2422127659574469,0.2422127659574469,0.2422127659574469,0.2422127659574469,0.2422127659574469,0.2422127659574469,0.2422127659574469,0.2422127659574469,0.2422127659574469,0.2422127659574469,0.2422127659574469,0.2422127659574469,0.2422127659574469,0.2422127659574469,0.2422127659574469,0.2422127659574469,0.2422127659574469,0.2422127659574469,0.2422127659574469,0.2422127659574469,0.2422127659574469,0.2422127659574469,0.2422127659574469,0.2422127659574469,0.2422127659574469,0.2422127659574469,0.2422127659574469,0.2422127659574469,0.2422127659574469,0.2422127659574469,0.2422127659574469,0.2422127659574469,0.2422127659574469,0.2422127659574469,0.2422127659574469,0.2422127659574469,0.2422127659574469,0.2422127659574469,0.2422127659574469,0.2422127659574469,0.2422127659574469,0.2422127659574469,0.2422127659574469,0.2422127659574469,0.2422127659574469,0.2422127659574469,0.2422127659574469,0.2422127659574469,0.2422127659574469,0.2422127659574469,0.2422127659574469,0.2422127659574469,0.2422127659574469,0.2422127659574469,0.2422127659574469,0.2422127659574469,0.2422127659574469,0.2422127659574469,0.2422127659574469,0.2422127659574469,0.2422127659574469,0.2422127659574469,0.2422127659574469,0.2422127659574469,0.2422127659574469,0.2422127659574469,0.2422127659574469,0.2422127659574469,0.2422127659574469,0.2422127659574469,0.2422127659574469,0.2422127659574469,0.2422127659574469,0.2422127659574469,0.2422127659574469,0.2422127659574469,0.2422127659574469,0.2422127659574469,0.2422127659574469,0.2422127659574469,0.2422127659574469,0.2422127659574469,0.2422127659574469,0.2422127659574469,0.2422127659574469,0.2422127659574469,0.2422127659574469,0.2422127659574469,0.2422127659574469,0.2422127659574469,0.2422127659574469,0.2422127659574469,0.2422127659574469,0.2422127659574469,0.2422127659574469,0.2422127659574469,0.2422127659574469,0.2422127659574469,0.2422127659574469,0.2422127659574469,0.2422127659574469,0.2422127659574469,0.2422127659574469,0.2422127659574469,0.2422127659574469,0.2422127659574469,0.2422127659574469,0.2422127659574469,0.2422127659574469,0.2422127659574469,0.2422127659574469,0.2422127659574469,0.2422127659574469,0.2422127659574469,0.2422127659574469,0.2422127659574469,0.2422127659574469,0.2422127659574469,0.2422127659574469,0.2422127659574469,0.2422127659574469,0.2422127659574469,0.2422127659574469,0.2422127659574469,0.2422127659574469,0.2422127659574469,0.2422127659574469,0.2422127659574469,0.2422127659574469,0.2422127659574469,0.2422127659574469,0.2422127659574469,0.2422127659574469,0.2422127659574469,0.2422127659574469,0.2422127659574469,0.2422127659574469,0.2422127659574469,0.2422127659574469,0.2422127659574469,0.2422127659574469,0.2422127659574469,0.2422127659574469,0.2422127659574469,0.2422127659574469,0.2422127659574469,0.2422127659574469,0.2422127659574469,0.2422127659574469,0.2422127659574469,0.2422127659574469,0.2422127659574469,0.2422127659574469,0.2422127659574469,0.2422127659574469,0.2422127659574469,0.2422127659574469,0.2422127659574469,0.2422127659574469,0.2422127659574469,0.2422127659574469,0.2422127659574469,0.2422127659574469,0.2422127659574469,0.2422127659574469,0.2422127659574469,0.2422127659574469,0.2422127659574469,0.2422127659574469,0.2422127659574469,0.2422127659574469,0.2422127659574469,0.2422127659574469,0.2422127659574469,0.2422127659574469,0.2422127659574469,0.2422127659574469,0.2422127659574469,0.2422127659574469,0.2422127659574469,0.2422127659574469,0.2422127659574469,0.2422127659574469,0.2422127659574469,0.2422127659574469,0.2422127659574469,0.2422127659574469,0.2422127659574469,0.2422127659574469,0.2422127659574469,0.2422127659574469,0.2422127659574469,0.2422127659574469,0.2422127659574469,0.2422127659574469,0.2422127659574469,0.2422127659574469,0.2422127659574469,0.2422127659574469,0.2422127659574469,0.2422127659574469,0.2422127659574469,0.2422127659574469,0.2422127659574469,0.2422127659574469,0.2422127659574469,0.2422127659574469,0.2422127659574469,0.2422127659574469,0.2422127659574469,0.2422127659574469,0.2422127659574469,0.2422127659574469,0.2422127659574469,0.2422127659574469,0.2422127659574469,0.2422127659574469
-0.4775130935520587,-0.4775130935520587,-0.4775130935520587,-0.4775130935520587,-0.4775130935520587,-0.4775130935520587,-0.4775130935520587,-0.4775130935520587,-0.4775130935520587,-0.4775130935520587,-0.4775130935520587,-0.4775130935520587,-0.4775130935520587,-0.4775130935520587,-0.4775130935520587,-0.4775130935520587,-0.4775130935520587,-0.4775130935520587,-0.4775130935520587,-0.4775130935520587,-0.4775130935520587,-0.4775130935520587,-0.4775130935520587,-0.4775130935520587,-0.4775130935520587,-0.4775130935520587,-0.4775130935520587,-0.4775130935520587,-0.4775130935520587,-0.4775130935520587,-0.4775130935520587,-0.4775130935520587,-0.4775130935520587,-0.4775130935520587,-0.4775130935520587,-0.4775130935520587,-0.4775130935520587,-0.4775130935520587,-0.4775130935520587,-0.4775130935520587,-0.4775130935520587,-0.4775130935520587,-0.4775130935520587,-0.4775130935520587,-0.4775130935520587,-0.4775130935520587,-0.4775130935520587,-0.4775130935520587,-0.4775130935520587,-0.4775130935520587,-0.4775130935520587,-0.4775130935520587,-0.4775130935520587,-0.4775130935520587,-0.4775130935520587,-0.4775130935520587,-0.4775130935520587,-0.4775130935520587,-0.4775130935520587,-0.4775130935520587,-0.4775130935520587,-0.4775130935520587,-0.4775130935520587,-0.4775130935520587,-0.4775130935520587,-0.4775130935520587,-0.4775130935520587,-0.4775130935520587,-0.4775130935520587,-0.4775130935520587,-0.4775130935520587,-0.4775130935520587,-0.4775130935520587,-0.4775130935520587,-0.4775130935520587,-0.4775130935520587,-0.4775130935520587,-0.4775130935520587,-0.4775130935520587,-0.4775130935520587,-0.4775130935520587,-0.4775130935520587,-0.4775130935520587,-0.4775130935520587,-0.4775130935520587,-0.4775130935520587,-0.4775130935520587,-0.4775130935520587,-0.4775130935520587,-0.4775130935520587,-0.4775130935520587,-0.4775130935520587,-0.4775130935520587,-0.4775130935520587,-0.4775130935520587,-0.4775130935520587,-0.4775130935520587,-0.4775130935520587,-0.4775130935520587,-0.4775130935520587,-0.4775130935520587,-0.4775130935520587,-0.4775130935520587,-0.4775130935520587,-0.4775130935520587,-0.4775130935520587,-0.4775130935520587,-0.4775130935520587,-0.4775130935520587,-0.4775130935520587,-0.4775130935520587,-0.4775130935520587,-0.4775130935520587,-0.4775130935520587,-0.4775130935520587,-0.4775130935520587,-0.4775130935520587,-0.4775130935520587,-0.4775130935520587,-0.4775130935520587,-0.4775130935520587,-0.4775130935520587,-0.4775130935520587,-0.4775130935520587,-0.4775130935520587,-0.4775130935520587,-0.4775130935520587,-0.4775130935520587,-0.4775130935520587,-0.4775130935520587,-0.4775130935520587,-0.4775130935520587,-0.4775130935520587,-0.4775130935520587,-0.4775130935520587,-0.4775130935520587,-0.4775130935520587,-0.4775130935520587,-0.4775130935520587,-0.4775130935520587,-0.4775130935520587,-0.4775130935520587,-0.4775130935520587,-0.4775130935520587,-0.4775130935520587,-0.4775130935520587,-0.4775130935520587,-0.4775130935520587,-0.4775130935520587,-0.4775130935520587,-0.4775130935520587,-0.4775130935520587,-0.4775130935520587,-0.4775130935520587,-0.4775130935520587,-0.4775130935520587,-0.4775130935520587,-0.4775130935520587,-0.4775130935520587,-0.4775130935520587,-0.4775130935520587,-0.4775130935520587,-0.4775130935520587,-0.4775130935520587,-0.4775130935520587,-0.4775130935520587,-0.4775130935520587,-0.4775130935520587,-0.4775130935520587,-0.4775130935520587,-0.4775130935520587,-0.4775130935520587,-0.4775130935520587,-0.4775130935520587,-0.4775130935520587,-0.4775130935520587,-0.4775130935520587,-0.4775130935520587,-0.4775130935520587,-0.4775130935520587,-0.4775130935520587,-0.4775130935520587,-0.4775130935520587,-0.4775130935520587,-0.4775130935520587,-0.4775130935520587,-0.4775130935520587,-0.4775130935520587,-0.4775130935520587,-0.4775130935520587,-0.4775130935520587,-0.4775130935520587,-0.4775130935520587,-0.4775130935520587,-0.4775130935520587,-0.4775130935520587,-0.4775130935520587,-0.4775130935520587,-0.4775130935520587,-0.4775130935520587,-0.4775130935520587,-0.4775130935520587,-0.4775130935520587,-0.4775130935520587,-0.4775130935520587,-0.4775130935520587,-0.4775130935520587,-0.4775130935520587,-0.4775130935520587,-0.4775130935520587,-0.4775130935520587,-0.4775130935520587,-0.4775130935520587,-0.4775130935520587,-0.4775130935520587,-0.4775130935520587,-0.4775130935520587,-0.4775130935520587,-0.4775130935520587,-0.4775130935520587,-0.4775130935520587,-0.4775130935520587,-0.4775130935520587,-0.4775130935520587,-0.4775130935520587,-0.4775130935520587,-0.4775130935520587,-0.4775130935520587,-0.4775130935520587,-0.4775130935520587,-0.4775130935520587,-0.4775130935520587,-0.4775130935520587,-0.4775130935520587,-0.4775130935520587,-0.4775130935520587,-0.4775130935520587,-0.4775130935520587,-0.4775130935520587,-0.4775130935520587,-0.4775130935520587,-0.4775130935520587,-0.4775130935520587,-0.4775130935520587,-0.4775130935520587,-0.4775130935520587,-0.4775130935520587,-0.4775130935520587,-0.4775130935520587,-0.4775130935520587,-0.4775130935520587,-0.4775130935520587,-0.4775130935520587,-0.4775130935520587,-0.4775130935520587,-0.4775130935520587,-0.4775130935520587,-0.4775130935520587,-0.4775130935520587
1.0,1.0,1.0,1.0,1.0,1.0,1.0,1.0,1.0,1.0,1.0,1.0,1.0,1.0,1.0,1.0,1.0,1.0,1.0,1.0,1.0,1.0,1.0,1.0,1.0,1.0,1.0,1.0,1.0,1.0,1.0,1.0,1.0,1.0,1.0,1.0,1.0,1.0,1.0,1.0,1.0,1.0,1.0,1.0,1.0,1.0,1.0,1.0,1.0,1.0,1.0,1.0,1.0,1.0,1.0,1.0,1.0,1.0,1.0,1.0,1.0,1.0,1.0,1.0,1.0,1.0,1.0,1.0,1.0,1.0,1.0,1.0,1.0,1.0,1.0,1.0,1.0,1.0,1.0,1.0,1.0,1.0,1.0,1.0,1.0,1.0,1.0,1.0,1.0,1.0,1.0,1.0,1.0,1.0,1.0,1.0,1.0,1.0,1.0,1.0,1.0,1.0,1.0,1.0,1.0,1.0,1.0,1.0,1.0,1.0,1.0,1.0,1.0,1.0,1.0,1.0,1.0,1.0,1.0,1.0,1.0,1.0,1.0,1.0,1.0,1.0,1.0,1.0,1.0,1.0,1.0,1.0,1.0,1.0,1.0,1.0,1.0,1.0,1.0,1.0,1.0,1.0,1.0,1.0,1.0,1.0,1.0,1.0,1.0,1.0,1.0,1.0,1.0,1.0,1.0,1.0,1.0,1.0,1.0,1.0,1.0,1.0,1.0,1.0,1.0,1.0,1.0,1.0,1.0,1.0,1.0,1.0,1.0,1.0,1.0,1.0,1.0,1.0,1.0,1.0,1.0,1.0,1.0,1.0,1.0,1.0,1.0,1.0,1.0,1.0,1.0,1.0,1.0,1.0,1.0,1.0,1.0,1.0,1.0,1.0,1.0,1.0,1.0,1.0,1.0,1.0,1.0,1.0,1.0,1.0,1.0,1.0,1.0,1.0,1.0,1.0,1.0,1.0,1.0,1.0,1.0,1.0,1.0,1.0,1.0,1.0,1.0,1.0,1.0,1.0,1.0,1.0,1.0,1.0,1.0,1.0,1.0,1.0,1.0,1.0,1.0,1.0,1.0,1.0,1.0,1.0,1.0,1.0,1.0,1.0,1.0,1.0,1.0,1.0,1.0,1.0,1.0,1.0,1.0
-1.2995500014331163,-1.2995500014331163,-1.2995500014331163,-1.2995500014331163,-1.2995500014331163,-1.2995500014331163,-1.2995500014331163,-1.2995500014331163,-1.2995500014331163,-1.2995500014331163,-1.2995500014331163,-1.2995500014331163,-1.2995500014331163,-1.2995500014331163,-1.2995500014331163,-1.2995500014331163,-1.2995500014331163,-1.2995500014331163,-1.2995500014331163,-1.2995500014331163,-1.2995500014331163,-1.2995500014331163,-1.2995500014331163,-1.2995500014331163,-1.2995500014331163,-1.2995500014331163,-1.2995500014331163,-1.2995500014331163,-1.2995500014331163,-1.2995500014331163,-1.2995500014331163,-1.2995500014331163,-1.2995500014331163,-1.2995500014331163,-1.2995500014331163,-1.2995500014331163,-1.2995500014331163,-1.2995500014331163,-1.2995500014331163,-1.2995500014331163,-1.2995500014331163,-1.2995500014331163,-1.2995500014331163,-1.2995500014331163,-1.2995500014331163,-1.2995500014331163,-1.2995500014331163,-1.2995500014331163,-1.2995500014331163,-1.2995500014331163,-1.2995500014331163,-1.2995500014331163,-1.2995500014331163,-1.2995500014331163,-1.2995500014331163,-1.2995500014331163,-1.2995500014331163,-1.2995500014331163,-1.2995500014331163,-1.2995500014331163,-1.2995500014331163,-1.2995500014331163,-1.2995500014331163,-1.2995500014331163,-1.2995500014331163,-1.2995500014331163,-1.2995500014331163,-1.2995500014331163,-1.2995500014331163,-1.2995500014331163,-1.2995500014331163,-1.2995500014331163,-1.2995500014331163,-1.2995500014331163,-1.2995500014331163,-1.2995500014331163,-1.2995500014331163,-1.2995500014331163,-1.2995500014331163,-1.2995500014331163,-1.2995500014331163,-1.2995500014331163,-1.2995500014331163,-1.2995500014331163,-1.2995500014331163,-1.2995500014331163,-1.2995500014331163,-1.2995500014331163,-1.2995500014331163,-1.2995500014331163,-1.2995500014331163,-1.2995500014331163,-1.2995500014331163,-1.2995500014331163,-1.2995500014331163,-1.2995500014331163,-1.2995500014331163,-1.2995500014331163,-1.2995500014331163,-1.2995500014331163,-1.2995500014331163,-1.2995500014331163,-1.2995500014331163,-1.2995500014331163,-1.2995500014331163,-1.2995500014331163,-1.2995500014331163,-1.2995500014331163,-1.2995500014331163,-1.2995500014331163,-1.2995500014331163,-1.2995500014331163,-1.2995500014331163,-1.2995500014331163,-1.2995500014331163,-1.2995500014331163,-1.2995500014331163,-1.2995500014331163,-1.2995500014331163,-1.2995500014331163,-1.2995500014331163,-1.2995500014331163,-1.2995500014331163,-1.2995500014331163,-1.2995500014331163,-1.2995500014331163,-1.2995500014331163,-1.2995500014331163,-1.2995500014331163,-1.2995500014331163,-1.2995500014331163,-1.2995500014331163,-1.2995500014331163,-1.2995500014331163,-1.2995500014331163,-1.2995500014331163,-1.2995500014331163,-1.2995500014331163,-1.2995500014331163,-1.2995500014331163,-1.2995500014331163,-1.2995500014331163,-1.2995500014331163,-1.2995500014331163,-1.2995500014331163,-1.2995500014331163,-1.2995500014331163,-1.2995500014331163,-1.2995500014331163,-1.2995500014331163,-1.2995500014331163,-1.2995500014331163,-1.2995500014331163,-1.2995500014331163,-1.2995500014331163,-1.2995500014331163,-1.2995500014331163,-1.2995500014331163,-1.2995500014331163,-1.2995500014331163,-1.2995500014331163,-1.2995500014331163,-1.2995500014331163,-1.2995500014331163,-1.2995500014331163,-1.2995500014331163,-1.2995500014331163,-1.2995500014331163,-1.2995500014331163,-1.2995500014331163,-1.2995500014331163,-1.2995500014331163,-1.2995500014331163,-1.2995500014331163,-1.2995500014331163,-1.2995500014331163,-1.2995500014331163,-1.2995500014331163,-1.2995500014331163,-1.2995500014331163,-1.2995500014331163,-1.2995500014331163,-1.2995500014331163,-1.2995500014331163,-1.2995500014331163,-1.2995500014331163,-1.2995500014331163,-1.2995500014331163,-1.2995500014331163,-1.2995500014331163,-1.2995500014331163,-1.2995500014331163,-1.2995500014331163,-1.2995500014331163,-1.2995500014331163,-1.2995500014331163,-1.2995500014331163,-1.2995500014331163,-1.2995500014331163,-1.2995500014331163,-1.2995500014331163,-1.2995500014331163,-1.2995500014331163,-1.2995500014331163,-1.2995500014331163,-1.2995500014331163,-1.2995500014331163,-1.2995500014331163,-1.2995500014331163,-1.2995500014331163,-1.2995500014331163,-1.2995500014331163,-1.2995500014331163,-1.2995500014331163,-1.2995500014331163,-1.2995500014331163,-1.2995500014331163,-1.2995500014331163,-1.2995500014331163,-1.2995500014331163,-1.2995500014331163,-1.2995500014331163,-1.2995500014331163,-1.2995500014331163,-1.2995500014331163,-1.2995500014331163,-1.2995500014331163,-1.2995500014331163,-1.2995500014331163,-1.2995500014331163,-1.2995500014331163,-1.2995500014331163,-1.2995500014331163,-1.2995500014331163,-1.2995500014331163,-1.2995500014331163,-1.2995500014331163,-1.2995500014331163,-1.2995500014331163,-1.2995500014331163,-1.2995500014331163,-1.2995500014331163,-1.2995500014331163,-1.2995500014331163,-1.2995500014331163,-1.2995500014331163,-1.2995500014331163,-1.2995500014331163,-1.2995500014331163,-1.2995500014331163,-1.2995500014331163,-1.2995500014331163,-1.2995500014331163,-1.2995500014331163,-1.2995500014331163,-1.2995500014331163,-1.2995500014331163,-1.2995500014331163,-1.2995500014331163
1.0,1.0,1.0,1.0,1.0,1.0,1.0,1.0,1.0,1.0,1.0,1.0,1.0,1.0,1.0,1.0,1.0,1.0,1.0,1.0,1.0,1.0,1.0,1.0,1.0,1.0,1.0,1.0,1.0,1.0,1.0,1.0,1.0,1.0,1.0,1.0,1.0,1.0,1.0,1.0,1.0,1.0,1.0,1.0,1.0,1.0,1.0,1.0,1.0,1.0,1.0,1.0,1.0,1.0,1.0,1.0,1.0,1.0,1.0,1.0,1.0,1.0,1.0,1.0,1.0,1.0,1.0,1.0,1.0,1.0,1.0,1.0,1.0,1.0,1.0,1.0,1.0,1.0,1.0,1.0,1.0,1.0,1.0,1.0,1.0,1.0,1.0,1.0,1.0,1.0,1.0,1.0,1.0,1.0,1.0,1.0,1.0,1.0,1.0,1.0,1.0,1.0,1.0,1.0,1.0,1.0,1.0,1.0,1.0,1.0,1.0,1.0,1.0,1.0,1.0,1.0,1.0,1.0,1.0,1.0,1.0,1.0,1.0,1.0,1.0,1.0,1.0,1.0,1.0,1.0,1.0,1.0,1.0,1.0,1.0,1.0,1.0,1.0,1.0,1.0,1.0,1.0,1.0,1.0,1.0,1.0,1.0,1.0,1.0,1.0,1.0,1.0,1.0,1.0,1.0,1.0,1.0,1.0,1.0,1.0,1.0,1.0,1.0,1.0,1.0,1.0,1.0,1.0,1.0,1.0,1.0,1.0,1.0,1.0,1.0,1.0,1.0,1.0,1.0,1.0,1.0,1.0,1.0,1.0,1.0,1.0,1.0,1.0,1.0,1.0,1.0,1.0,1.0,1.0,1.0,1.0,1.0,1.0,1.0,1.0,1.0,1.0,1.0,1.0,1.0,1.0,1.0,1.0,1.0,1.0,1.0,1.0,1.0,1.0,1.0,1.0,1.0,1.0,1.0,1.0,1.0,1.0,1.0,1.0,1.0,1.0,1.0,1.0,1.0,1.0,1.0,1.0,1.0,1.0,1.0,1.0,1.0,1.0,1.0,1.0,1.0,1.0,1.0,1.0,1.0,1.0,1.0,1.0,1.0,1.0,1.0,1.0,1.0,1.0,1.0,1.0,1.0,1.0,1.0
-1.0,-1.0,-1.0,-1.0,-1.0,-1.0,-1.0,-1.0,-1.0,-1.0,-1.0,-1.0,-1.0,-1.0,-1.0,-1.0,-1.0,-1.0,-1.0,-1.0,-1.0,-1.0,-1.0,-1.0,-1.0,-1.0,-1.0,-1.0,-1.0,-1.0,-1.0,-1.0,-1.0,-1.0,-1.0,-1.0,-1.0,-1.0,-1.0,-1.0,-1.0,-1.0,-1.0,-1.0,-1.0,-1.0,-1.0,-1.0,-1.0,-1.0,-1.0,-1.0,-1.0,-1.0,-1.0,-1.0,-1.0,-1.0,-1.0,-1.0,-1.0,-1.0,-1.0,-1.0,-1.0,-1.0,-1.0,-1.0,-1.0,-1.0,-1.0,-1.0,-1.0,-1.0,-1.0,-1.0,-1.0,-1.0,-1.0,-1.0,-1.0,-1.0,-1.0,-1.0,-1.0,-1.0,-1.0,-1.0,-1.0,-1.0,-1.0,-1.0,-1.0,-1.0,-1.0,-1.0,-1.0,-1.0,-1.0,-1.0,-1.0,-1.0,-1.0,-1.0,-1.0,-1.0,-1.0,-1.0,-1.0,-1.0,-1.0,-1.0,-1.0,-1.0,-1.0,-1.0,-1.0,-1.0,-1.0,-1.0,-1.0,-1.0,-1.0,-1.0,-1.0,-1.0,-1.0,-1.0,-1.0,-1.0,-1.0,-1.0,-1.0,-1.0,-1.0,-1.0,-1.0,-1.0,-1.0,-1.0,-1.0,-1.0,-1.0,-1.0,-1.0,-1.0,-1.0,-1.0,-1.0,-1.0,-1.0,-1.0,-1.0,-1.0,-1.0,-1.0,-1.0,-1.0,-1.0,-1.0,-1.0,-1.0,-1.0,-1.0,-1.0,-1.0,-1.0,-1.0,-1.0,-1.0,-1.0,-1.0,-1.0,-1.0,-1.0,-1.0,-1.0,-1.0,-1.0,-1.0,-1.0,-1.0,-1.0,-1.0,-1.0,-1.0,-1.0,-1.0,-1.0,-1.0,-1.0,-1.0,-1.0,-1.0,-1.0,-1.0,-1.0,-1.0,-1.0,-1.0,-1.0,-1.0,-1.0,-1.0,-1.0,-1.0,-1.0,-1.0,-1.0,-1.0,-1.0,-1.0,-1.0,-1.0,-1.0,-1.0,-1.0,-1.0,-1.0,-1.0,-1.0,-1.0,-1.0,-1.0,-1.0,-1.0,-1.0,-1.0,-1.0,-1.0,-1.0,-1.0,-1.0,-1.0,-1.0,-1.0,-1.0,-1.0,-1.0,-1.0,-1.0,-1.0,-1.0,-1.0,-1.0,-1.0,-1.0,-1.0,-1.0,-1.0,-1.0,-1.0,-1.0,-1.0,-1.0,-1.0,-1.0,-1.0,-1.0
1.2516174481366167,1.2516174481366167,1.2516174481366167,1.2516174481366167,1.2516174481366167,1.2516174481366167,1.2516174481366167,1.2516174481366167,1.2516174481366167,1.2516174481366167,1.2516174481366167,1.2516174481366167,1.2516174481366167,1.2516174481366167,1.2516174481366167,1.2516174481366167,1.2516174481366167,1.2516174481366167,1.2516174481366167,1.2516174481366167,1.2516174481366167,1.2516174481366167,1.2516174481366167,1.2516174481366167,1.2516174481366167,1.2516174481366167,1.2516174481366167,1.2516174481366167,1.2516174481366167,1.2516174481366167,1.2516174481366167,1.2516174481366167,1.2516174481366167,1.2516174481366167,1.2516174481366167,1.2516174481366167,1.2516174481366167,1.2516174481366167,1.2516174481366167,1.2516174481366167,1.2516174481366167,1.2516174481366167,1.2516174481366167,1.2516174481366167,1.2516174481366167,1.2516174481366167,1.2516174481366167,1.2516174481366167,1.2516174481366167,1.2516174481366167,1.2516174481366167,1.2516174481366167,1.2516174481366167,1.2516174481366167,1.2516174481366167,1.2516174481366167,1.2516174481366167,1.2516174481366167,1.2516174481366167,1.2516174481366167,1.2516174481366167,1.2516174481366167,1.2516174481366167,1.2516174481366167,1.2516174481366167,1.2516174481366167,1.2516174481366167,1.2516174481366167,1.2516174481366167,1.2516174481366167,1.2516174481366167,1.2516174481366167,1.2516174481366167,1.2516174481366167,1.2516174481366167,1.2516174481366167,1.2516174481366167,1.2516174481366167,1.2516174481366167,1.2516174481366167,1.2516174481366167,1.2516174481366167,1.2516174481366167,1.2516174481366167,1.2516174481366167,1.2516174481366167,1.2516174481366167,1.2516174481366167,1.2516174481366167,1.2516174481366167,1.2516174481366167,1.2516174481366167,1.2516174481366167,1.2516174481366167,1.2516174481366167,1.2516174481366167,1.2516174481366167,1.2516174481366167,1.2516174481366167,1.2516174481366167,1.2516174481366167,1.2516174481366167,1.2516174481366167,1.2516174481366167,1.2516174481366167,1.2516174481366167,1.2516174481366167,1.2516174481366167,1.2516174481366167,1.2516174481366167,1.2516174481366167,1.2516174481366167,1.2516174481366167,1.2516174481366167,1.2516174481366167,1.2516174481366167,1.2516174481366167,1.2516174481366167,1.2516174481366167,1.2516174481366167,1.2516174481366167,1.2516174481366167,1.2516174481366167,1.2516174481366167,1.2516174481366167,1.2516174481366167,1.2516174481366167,1.2516174481366167,1.2516174481366167,1.2516174481366167,1.2516174481366167,1.2516174481366167,1.2516174481366167,1.2516174481366167,1.2516174481366167,1.2516174481366167,1.2516174481366167,1.2516174481366167,1.2516174481366167,1.2516174481366167,1.2516174481366167,1.2516174481366167,1.2516174481366167,1.2516174481366167,1.2516174481366167,1.2516174481366167,1.2516174481366167,1.2516174481366167,1.2516174481366167,1.2516174481366167,1.2516174481366167,1.2516174481366167,1.2516174481366167,1.2516174481366167,1.2516174481366167,1.2516174481366167,1.2516174481366167,1.2516174481366167,1.2516174481366167,1.2516174481366167,1.2516174481366167,1.2516174481366167,1.2516174481366167,1.2516174481366167,1.2516174481366167,1.2516174481366167,1.2516174481366167,1.2516174481366167,1.2516174481366167,1.2516174481366167,1.2516174481366167,1.2516174481366167,1.2516174481366167,1.2516174481366167,1.2516174481366167,1.2516174481366167,1.2516174481366167,1.2516174481366167,1.2516174481366167,1.2516174481366167,1.2516174481366167,1.2516174481366167,1.2516174481366167,1.2516174481366167,1.2516174481366167,1.2516174481366167,1.2516174481366167,1.2516174481366167,1.2516174481366167,1.2516174481366167,1.2516174481366167,1.2516174481366167,1.2516174481366167,1.2516174481366167,1.2516174481366167,1.2516174481366167,1.2516174481366167,1.2516174481366167,1.2516174481366167,1.2516174481366167,1.2516174481366167,1.2516174481366167,1.2516174481366167,1.2516174481366167,1.2516174481366167,1.2516174481366167,1.2516174481366167,1.2516174481366167,1.2516174481366167,1.2516174481366167,1.2516174481366167,1.2516174481366167,1.2516174481366167,1.2516174481366167,1.2516174481366167,1.2516174481366167,1.2516174481366167,1.2516174481366167,1.2516174481366167,1.2516174481366167,1.2516174481366167,1.2516174481366167,1.2516174481366167,1.2516174481366167,1.2516174481366167,1.2516174481366167,1.2516174481366167,1.2516174481366167,1.2516174481366167,1.2516174481366167,1.2516174481366167,1.2516174481366167,1.2516174481366167,1.2516174481366167,1.2516174481366167,1.2516174481366167,1.2516174481366167,1.2516174481366167,1.2516174481366167,1.2516174481366167,1.2516174481366167,1.2516174481366167,1.2516174481366167,1.2516174481366167,1.2516174481366167,1.2516174481366167,1.2516174481366167,1.2516174481366167,1.2516174481366167,1.2516174481366167,1.2516174481366167,1.2516174481366167,1.2516174481366167,1.2516174481366167,1.2516174481366167,1.2516174481366167,1.2516174481366167,1.2516174481366167,1.2516174481366167
-1.0917363902447395,-1.0917363902447395,-1.0917363902447395,-1.0917363902447395,-1.0917363902447395,-1.0917363902447395,-1.0917363902447395,-1.0917363902447395,-1.0917363902447395,-1.0917363902447395,-1.0917363902447395,-1.0917363902447395,-1.0917363902447395,-1.0917363902447395,-1.0917363902447395,-1.0917363902447395,-1.0917363902447395,-1.0917363902447395,-1.0917363902447395,-1.0917363902447395,-1.0917363902447395,-1.0917363902447395,-1.0917363902447395,-1.0917363902447395,-1.0917363902447395,-1.0917363902447395,-1.0917363902447395,-1.0917363902447395,-1.0917363902447395,-1.0917363902447395,-1.0917363902447395,-1.0917363902447395,-1.0917363902447395,-1.0917363902447395,-1.0917363902447395,-1.0917363902447395,-1.0917363902447395,-1.0917363902447395,-1.0917363902447395,-1.0917363902447395,-1.0917363902447395,-1.0917363902447395,-1.0917363902447395,-1.0917363902447395,-1.0917363902447395,-1.0917363902447395,-1.0917363902447395,-1.0917363902447395,-1.0917363902447395,-1.0917363902447395,-1.0917363902447395,-1.0917363902447395,-1.0917363902447395,-1.0917363902447395,-1.0917363902447395,-1.0917363902447395,-1.0917363902447395,-1.0917363902447395,-1.0917363902447395,-1.0917363902447395,-1.0917363902447395,-1.0917363902447395,-1.0917363902447395,-1.0917363902447395,-1.0917363902447395,-1.0917363902447395,-1.0917363902447395,-1.0917363902447395,-1.0917363902447395,-1.0917363902447395,-1.0917363902447395,-1.0917363902447395,-1.0917363902447395,-1.0917363902447395,-1.0917363902447395,-1.0917363902447395,-1.0917363902447395,-1.0917363902447395,-1.0917363902447395,-1.0917363902447395,-1.0917363902447395,-1.0917363902447395,-1.0917363902447395,-1.0917363902447395,-1.0917363902447395,-1.0917363902447395,-1.0917363902447395,-1.0917363902447395,-1.0917363902447395,-1.0917363902447395,-1.0917363902447395,-1.0917363902447395,-1.0917363902447395,-1.0917363902447395,-1.0917363902447395,-1.0917363902447395,-1.0917363902447395,-1.0917363902447395,-1.0917363902447395,-1.0917363902447395,-1.0917363902447395,-1.0917363902447395,-1.0917363902447395,-1.0917363902447395,-1.0917363902447395,-1.0917363902447395,-1.0917363902447395,-1.0917363902447395,-1.0917363902447395,-1.0917363902447395,-1.0917363902447395,-1.0917363902447395,-1.0917363902447395,-1.0917363902447395,-1.0917363902447395,-1.0917363902447395,-1.0917363902447395,-1.0917363902447395,-1.0917363902447395,-1.0917363902447395,-1.0917363902447395,-1.0917363902447395,-1.0917363902447395,-1.0917363902447395,-1.0917363902447395,-1.0917363902447395,-1.0917363902447395,-1.0917363902447395,-1.0917363902447395,-1.0917363902447395,-1.0917363902447395,-1.0917363902447395,-1.0917363902447395,-1.0917363902447395,-1.0917363902447395,-1.0917363902447395,-1.0917363902447395,-1.0917363902447395,-1.0917363902447395,-1.0917363902447395,-1.0917363902447395,-1.0917363902447395,-1.0917363902447395,-1.0917363902447395,-1.0917363902447395,-1.0917363902447395,-1.0917363902447395,-1.0917363902447395,-1.0917363902447395,-1.0917363902447395,-1.0917363902447395,-1.0917363902447395,-1.0917363902447395,-1.0917363902447395,-1.0917363902447395,-1.0917363902447395,-1.0917363902447395,-1.0917363902447395,-1.0917363902447395,-1.0917363902447395,-1.0917363902447395,-1.0917363902447395,-1.0917363902447395,-1.0917363902447395,-1.0917363902447395,-1.0917363902447395,-1.0917363902447395,-1.0917363902447395,-1.0917363902447395,-1.0917363902447395,-1.0917363902447395,-1.0917363902447395,-1.0917363902447395,-1.0917363902447395,-1.0917363902447395,-1.0917363902447395,-1.0917363902447395,-1.0917363902447395,-1.0917363902447395,-1.0917363902447395,-1.0917363902447395,-1.0917363902447395,-1.0917363902447395,-1.0917363902447395,-1.0917363902447395,-1.0917363902447395,-1.0917363902447395,-1.0917363902447395,-1.0917363902447395,-1.0917363902447395,-1.0917363902447395,-1.0917363902447395,-1.0917363902447395,-1.0917363902447395,-1.0917363902447395,-1.0917363902447395,-1.0917363902447395,-1.0917363902447395,-1.0917363902447395,-1.0917363902447395,-1.0917363902447395,-1.0917363902447395,-1.0917363902447395,-1.0917363902447395,-1.0917363902447395,-1.0917363902447395,-1.0917363902447395,-1.0917363902447395,-1.0917363902447395,-1.0917363902447395,-1.0917363902447395,-1.0917363902447395,-1.0917363902447395,-1.0917363902447395,-1.0917363902447395,-1.0917363902447395,-1.0917363902447395,-1.0917363902447395,-1.0917363902447395,-1.0917363902447395,-1.0917363902447395,-1.0917363902447395,-1.0917363902447395,-1.0917363902447395,-1.0917363902447395,-1.0917363902447395,-1.0917363902447395,-1.0917363902447395,-1.0917363902447395,-1.0917363902447395,-1.0917363902447395,-1.0917363902447395,-1.0917363902447395,-1.0917363902447395,-1.0917363902447395,-1.0917363902447395,-1.0917363902447395,-1.0917363902447395,-1.0917363902447395,-1.0917363902447395,-1.0917363902447395,-1.0917363902447395,-1.0917363902447395,-1.0917363902447395,-1.0917363902447395,-1.0917363902447395,-1.0917363902447395,-1.0917363902447395,-1.0917363902447395,-1.0917363902447395,-1.0917363902447395,-1.0917363902447395,-1.0917363902447395,-1.0917363902447395,-1.0917363902447395,-1.0917363902447395,-1.0917363902447395,-1.0917363902447395,-1.0917363902447395
1.969566382794139,1.969566382794139,1.969566382794139,1.969566382794139,1.969566382794139,1.969566382794139,1.969566382794139,1.969566382794139,1.969566382794139,1.969566382794139,1.969566382794139,1.969566382794139,1.969566382794139,1.969566382794139,1.969566382794139,1.969566382794139,1.969566382794139,1.969566382794139,1.969566382794139,1.969566382794139,1.969566382794139,1.969566382794139,1.969566382794139,1.969566382794139,1.969566382794139,1.969566382794139,1.969566382794139,1.969566382794139,1.969566382794139,1.969566382794139,1.969566382794139,1.969566382794139,1.969566382794139,1.969566382794139,1.969566382794139,1.969566382794139,1.969566382794139,1.969566382794139,1.969566382794139,1.969566382794139,1.969566382794139,1.969566382794139,1.969566382794139,1.969566382794139,1.969566382794139,1.969566382794139,1.969566382794139,1.969566382794139,1.969566382794139,1.969566382794139,1.969566382794139,1.969566382794139,1.969566382794139,1.969566382794139,1.969566382794139,1.969566382794139,1.969566382794139,1.969566382794139,1.969566382794139,1.969566382794139,1.969566382794139,1.969566382794139,1.969566382794139,1.969566382794139,1.969566382794139,1.969566382794139,1.969566382794139,1.969566382794139,1.969566382794139,1.969566382794139,1.969566382794139,1.969566382794139,1.969566382794139,1.969566382794139,1.969566382794139,1.969566382794139,1.969566382794139,1.969566382794139,1.969566382794139,1.969566382794139,1.969566382794139,1.969566382794139,1.969566382794139,1.969566382794139,1.969566382794139,1.969566382794139,1.969566382794139,1.969566382794139,1.969566382794139,1.969566382794139,1.969566382794139,1.969566382794139,1.969566382794139,1.969566382794139,1.969566382794139,1.969566382794139,1.969566382794139,1.969566382794139,1.969566382794139,1.969566382794139,1.969566382794139,1.969566382794139,1.969566382794139,1.969566382794139,1.969566382794139,1.969566382794139,1.969566382794139,1.969566382794139,1.969566382794139,1.969566382794139,1.969566382794139,1.969566382794139,1.969566382794139,1.969566382794139,1.969566382794139,1.969566382794139,1.969566382794139,1.969566382794139,1.969566382794139,1.969566382794139,1.969566382794139,1.969566382794139,1.969566382794139,1.969566382794139,1.969566382794139,1.969566382794139,1.969566382794139,1.969566382794139,1.969566382794139,1.969566382794139,1.969566382794139,1.969566382794139,1.969566382794139,1.969566382794139,1.969566382794139,1.969566382794139,1.969566382794139,1.969566382794139,1.969566382794139,1.969566382794139,1.969566382794139,1.969566382794139,1.969566382794139,1.969566382794139,1.969566382794139,1.969566382794139,1.969566382794139,1.969566382794139,1.969566382794139,1.969566382794139,1.969566382794139,1.969566382794139,1.969566382794139,1.969566382794139,1.969566382794139,1.969566382794139,1.969566382794139,1.969566382794139,1.969566382794139,1.969566382794139,1.969566382794139,1.969566382794139,1.969566382794139,1.969566382794139,1.969566382794139,1.969566382794139,1.969566382794139,1.969566382794139,1.969566382794139,1.969566382794139,1.969566382794139,1.969566382794139,1.969566382794139,1.969566382794139,1.969566382794139,1.969566382794139,1.969566382794139,1.969566382794139,1.969566382794139,1.969566382794139,1.969566382794139,1.969566382794139,1.969566382794139,1.969566382794139,1.969566382794139,1.969566382794139,1.969566382794139,1.969566382794139,1.969566382794139,1.969566382794139,1.969566382794139,1.969566382794139,1.969566382794139,1.969566382794139,1.969566382794139,1.969566382794139,1.969566382794139,1.969566382794139,1.969566382794139,1.969566382794139,1.969566382794139,1.969566382794139,1.969566382794139,1.969566382794139,1.969566382794139,1.969566382794139,1.969566382794139,1.969566382794139,1.969566382794139,1.969566382794139,1.969566382794139,1.969566382794139,1.969566382794139,1.969566382794139,1.969566382794139,1.969566382794139,1.969566382794139,1.969566382794139,1.969566382794139,1.969566382794139,1.969566382794139,1.969566382794139,1.969566382794139,1.969566382794139,1.969566382794139,1.969566382794139,1.969566382794139,1.969566382794139,1.969566382794139,1.969566382794139,1.969566382794139,1.969566382794139,1.969566382794139,1.969566382794139,1.969566382794139,1.969566382794139,1.969566382794139,1.969566382794139,1.969566382794139,1.969566382794139,1.969566382794139,1.969566382794139,1.969566382794139,1.969566382794139,1.969566382794139,1.969566382794139,1.969566382794139,1.969566382794139,1.969566382794139,1.969566382794139,1.969566382794139,1.969566382794139,1.969566382794139,1.969566382794139,1.969566382794139,1.969566382794139,1.969566382794139,1.969566382794139,1.969566382794139
-0.8265157687216935,-0.8265157687216935,-0.8265157687216935,-0.8265157687216935,-0.8265157687216935,-0.8265157687216935,-0.8265157687216935,-0.8265157687216935,-0.8265157687216935,-0.8265157687216935,-0.8265157687216935,-0.8265157687216935,-0.8265157687216935,-0.8265157687216935,-0.8265157687216935,-0.8265157687216935,-0.8265157687216935,-0.8265157687216935,-0.8265157687216935,-0.8265157687216935,-0.8265157687216935,-0.8265157687216935,-0.8265157687216935,-0.8265157687216935,-0.8265157687216935,-0.8265157687216935,-0.8265157687216935,-0.8265157687216935,-0.8265157687216935,-0.8265157687216935,-0.8265157687216935,-0.8265157687216935,-0.8265157687216935,-0.8265157687216935,-0.8265157687216935,-0.8265157687216935,-0.8265157687216935,-0.8265157687216935,-0.8265157687216935,-0.8265157687216935,-0.8265157687216935,-0.8265157687216935,-0.8265157687216935,-0.8265157687216935,-0.8265157687216935,-0.8265157687216935,-0.8265157687216935,-0.8265157687216935,-0.8265157687216935,-0.8265157687216935,-0.8265157687216935,-0.8265157687216935,-0.8265157687216935,-0.8265157687216935,-0.8265157687216935,-0.8265157687216935,-0.8265157687216935,-0.8265157687216935,-0.8265157687216935,-0.8265157687216935,-0.8265157687216935,-0.8265157687216935,-0.8265157687216935,-0.8265157687216935,-0.8265157687216935,-0.8265157687216935,-0.8265157687216935,-0.8265157687216935,-0.8265157687216935,-0.8265157687216935,-0.8265157687216935,-0.8265157687216935,-0.8265157687216935,-0.8265157687216935,-0.8265157687216935,-0.8265157687216935,-0.8265157687216935,-0.8265157687216935,-0.8265157687216935,-0.8265157687216935,-0.8265157687216935,-0.8265157687216935,-0.8265157687216935,-0.8265157687216935,-0.8265157687216935,-0.8265157687216935,-0.8265157687216935,-0.8265157687216935,-0.8265157687216935,-0.8265157687216935,-0.8265157687216935,-0.8265157687216935,-0.8265157687216935,-0.8265157687216935,-0.8265157687216935,-0.8265157687216935,-0.8265157687216935,-0.8265157687216935,-0.8265157687216935,-0.8265157687216935,-0.8265157687216935,-0.8265157687216935,-0.8265157687216935,-0.8265157687216935,-0.8265157687216935,-0.8265157687216935,-0.8265157687216935,-0.8265157687216935,-0.8265157687216935,-0.8265157687216935,-0.8265157687216935,-0.8265157687216935,-0.8265157687216935,-0.8265157687216935,-0.8265157687216935,-0.8265157687216935,-0.8265157687216935,-0.8265157687216935,-0.8265157687216935,-0.8265157687216935,-0.8265157687216935,-0.8265157687216935,-0.8265157687216935,-0.8265157687216935,-0.8265157687216935,-0.8265157687216935,-0.8265157687216935,-0.8265157687216935,-0.8265157687216935,-0.8265157687216935,-0.8265157687216935,-0.8265157687216935,-0.8265157687216935,-0.8265157687216935,-0.8265157687216935,-0.8265157687216935,-0.8265157687216935,-0.8265157687216935,-0.8265157687216935,-0.8265157687216935,-0.8265157687216935,-0.8265157687216935,-0.8265157687216935,-0.8265157687216935,-0.8265157687216935,-0.8265157687216935,-0.8265157687216935,-0.8265157687216935,-0.8265157687216935,-0.8265157687216935,-0.8265157687216935,-0.8265157687216935,-0.8265157687216935,-0.8265157687216935,-0.8265157687216935,-0.8265157687216935,-0.8265157687216935,-0.8265157687216935,-0.8265157687216935,-0.8265157687216935,-0.8265157687216935,-0.8265157687216935,-0.8265157687216935,-0.8265157687216935,-0.8265157687216935,-0.8265157687216935,-0.8265157687216935,-0.8265157687216935,-0.8265157687216935,-0.8265157687216935,-0.8265157687216935,-0.8265157687216935,-0.8265157687216935,-0.8265157687216935,-0.8265157687216935,-0.8265157687216935,-0.8265157687216935,-0.8265157687216935,-0.8265157687216935,-0.8265157687216935,-0.8265157687216935,-0.8265157687216935,-0.8265157687216935,-0.8265157687216935,-0.8265157687216935,-0.8265157687216935,-0.8265157687216935,-0.8265157687216935,-0.8265157687216935,-0.8265157687216935,-0.8265157687216935,-0.8265157687216935,-0.8265157687216935,-0.8265157687216935,-0.8265157687216935,-0.8265157687216935,-0.8265157687216935,-0.8265157687216935,-0.8265157687216935,-0.8265157687216935,-0.8265157687216935,-0.8265157687216935,-0.8265157687216935,-0.8265157687216935,-0.8265157687216935,-0.8265157687216935,-0.8265157687216935,-0.8265157687216935,-0.8265157687216935,-0.8265157687216935,-0.8265157687216935,-0.8265157687216935,-0.8265157687216935,-0.8265157687216935,-0.8265157687216935,-0.8265157687216935,-0.8265157687216935,-0.8265157687216935,-0.8265157687216935,-0.8265157687216935,-0.8265157687216935,-0.8265157687216935,-0.8265157687216935,-0.8265157687216935,-0.8265157687216935,-0.8265157687216935,-0.8265157687216935,-0.8265157687216935,-0.8265157687216935,-0.8265157687216935,-0.8265157687216935,-0.8265157687216935,-0.8265157687216935,-0.8265157687216935,-0.8265157687216935,-0.8265157687216935,-0.8265157687216935,-0.8265157687216935,-0.8265157687216935,-0.8265157687216935,-0.8265157687216935,-0.8265157687216935,-0.8265157687216935,-0.8265157687216935,-0.8265157687216935,-0.8265157687216935,-0.8265157687216935,-0.8265157687216935,-0.8265157687216935,-0.8265157687216935,-0.8265157687216935,-0.8265157687216935,-0.8265157687216935,-0.8265157687216935,-0.8265157687216935,-0.8265157687216935,-0.8265157687216935,-0.8265157687216935,-0.8265157687216935
-0.017762162850330287,-0.017762162850330287,-0.017762162850330287,-0.017762162850330287,-0.017762162850330287,-0.017762162850330287,-0.017762162850330287,-0.017762162850330287,-0.017762162850330287,-0.017762162850330287,-0.017762162850330287,-0.017762162850330287,-0.017762162850330287,-0.017762162850330287,-0.017762162850330287,-0.017762162850330287,-0.017762162850330287,-0.017762162850330287,-0.017762162850330287,-0.017762162850330287,-0.017762162850330287,-0.017762162850330287,-0.017762162850330287,-0.017762162850330287,-0.017762162850330287,-0.017762162850330287,-0.017762162850330287,-0.017762162850330287,-0.017762162850330287,-0.017762162850330287,-0.017762162850330287,-0.017762162850330287,-0.017762162850330287,-0.017762162850330287,-0.017762162850330287,-0.017762162850330287,-0.017762162850330287,-0.017762162850330287,-0.017762162850330287,-0.017762162850330287,-0.017762162850330287,-0.017762162850330287,-0.017762162850330287,-0.017762162850330287,-0.017762162850330287,-0.017762162850330287,-0.017762162850330287,-0.017762162850330287,-0.017762162850330287,-0.017762162850330287,-0.017762162850330287,-0.017762162850330287,-0.017762162850330287,-0.017762162850330287,-0.017762162850330287,-0.017762162850330287,-0.017762162850330287,-0.017762162850330287,-0.017762162850330287,-0.017762162850330287,-0.017762162850330287,-0.017762162850330287,-0.017762162850330287,-0.017762162850330287,-0.017762162850330287,-0.017762162850330287,-0.017762162850330287,-0.017762162850330287,-0.017762162850330287,-0.017762162850330287,-0.017762162850330287,-0.017762162850330287,-0.017762162850330287,-0.017762162850330287,-0.017762162850330287,-0.017762162850330287,-0.017762162850330287,-0.017762162850330287,-0.017762162850330287,-0.017762162850330287,-0.017762162850330287,-0.017762162850330287,-0.017762162850330287,-0.017762162850330287,-0.017762162850330287,-0.017762162850330287,-0.017762162850330287,-0.017762162850330287,-0.017762162850330287,-0.017762162850330287,-0.017762162850330287,-0.017762162850330287,-0.017762162850330287,-0.017762162850330287,-0.017762162850330287,-0.017762162850330287,-0.017762162850330287,-0.017762162850330287,-0.017762162850330287,-0.017762162850330287,-0.017762162850330287,-0.017762162850330287,-0.017762162850330287,-0.017762162850330287,-0.017762162850330287,-0.017762162850330287,-0.017762162850330287,-0.017762162850330287,-0.017762162850330287,-0.017762162850330287,-0.017762162850330287,-0.017762162850330287,-0.017762162850330287,-0.017762162850330287,-0.017762162850330287,-0.017762162850330287,-0.017762162850330287,-0.017762162850330287,-0.017762162850330287,-0.017762162850330287,-0.017762162850330287,-0.017762162850330287,-0.017762162850330287,-0.017762162850330287,-0.017762162850330287,-0.017762162850330287,-0.017762162850330287,-0.017762162850330287,-0.017762162850330287,-0.017762162850330287,-0.017762162850330287,-0.017762162850330287,-0.017762162850330287,-0.017762162850330287,-0.017762162850330287,-0.017762162850330287,-0.017762162850330287,-0.017762162850330287,-0.017762162850330287,-0.017762162850330287,-0.017762162850330287,-0.017762162850330287,-0.017762162850330287,-0.017762162850330287,-0.017762162850330287,-0.017762162850330287,-0.017762162850330287,-0.017762162850330287,-0.017762162850330287,-0.017762162850330287,-0.017762162850330287,-0.017762162850330287,-0.017762162850330287,-0.017762162850330287,-0.017762162850330287,-0.017762162850330287,-0.017762162850330287,-0.017762162850330287,-0.017762162850330287,-0.017762162850330287,-0.017762162850330287,-0.017762162850330287,-0.017762162850330287,-0.017762162850330287,-0.017762162850330287,-0.017762162850330287,-0.017762162850330287,-0.017762162850330287,-0.017762162850330287,-0.017762162850330287,-0.017762162850330287,-0.017762162850330287,-0.017762162850330287,-0.017762162850330287,-0.017762162850330287,-0.017762162850330287,-0.017762162850330287,-0.017762162850330287,-0.017762162850330287,-0.017762162850330287,-0.017762162850330287,-0.017762162850330287,-0.017762162850330287,-0.017762162850330287,-0.017762162850330287,-0.017762162850330287,-0.017762162850330287,-0.017762162850330287,-0.017762162850330287,-0.017762162850330287,-0.017762162850330287,-0.017762162850330287,-0.017762162850330287,-0.017762162850330287,-0.017762162850330287,-0.017762162850330287,-0.017762162850330287,-0.017762162850330287,-0.017762162850330287,-0.017762162850330287,-0.017762162850330287,-0.017762162850330287,-0.017762162850330287,-0.017762162850330287,-0.017762162850330287,-0.017762162850330287,-0.017762162850330287,-0.017762162850330287,-0.017762162850330287,-0.017762162850330287,-0.017762162850330287,-0.017762162850330287,-0.017762162850330287,-0.017762162850330287,-0.017762162850330287,-0.017762162850330287,-0.017762162850330287,-0.017762162850330287,-0.017762162850330287,-0.017762162850330287,-0.017762162850330287,-0.017762162850330287,-0.017762162850330287,-0.017762162850330287,-0.017762162850330287,-0.017762162850330287,-0.017762162850330287,-0.017762162850330287,-0.017762162850330287,-0.017762162850330287,-0.017762162850330287,-0.017762162850330287,-0.017762162850330287,-0.017762162850330287,-0.017762162850330287,-0.017762162850330287,-0.017762162850330287,-0.017762162850330287,-0.017762162850330287,-0.017762162850330287,-0.017762162850330287,-0.017762162850330287,-0.017762162850330287,-0.017762162850330287,-0.017762162850330287,-0.017762162850330287,-0.017762162850330287,-0.017762162850330287,-0.017762162850330287,-0.017762162850330287,-0.017762162850330287,-0.017762162850330287,-0.017762162850330287,-0.017762162850330287,-0.017762162850330287,-0.017762162850330287,-0.017762162850330287,-0.017762162850330287,-0.017762162850330287
-1.0,-1.0,-1.0,-1.0,-1.0,-1.0,-1.0,-1.0,-1.0,-1.0,-1.0,-1.0,-1.0,-1.0,-1.0,-1.0,-1.0,-1.0,-1.0,-1.0,-1.0,-1.0,-1.0,-1.0,-1.0,-1.0,-1.0,-1.0,-1.0,-1.0,-1.0,-1.0,-1.0,-1.0,-1.0,-1.0,-1.0,-1.0,-1.0,-1.0,-1.0,-1.0,-1.0,-1.0,-1.0,-1.0,-1.0,-1.0,-1.0,-1.0,-1.0,-1.0,-1.0,-1.0,-1.0,-1.0,-1.0,-1.0,-1.0,-1.0,-1.0,-1.0,-1.0,-1.0,-1.0,-1.0,-1.0,-1.0,-1.0,-1.0,-1.0,-1.0,-1.0,-1.0,-1.0,-1.0,-1.0,-1.0,-1.0,-1.0,-1.0,-1.0,-1.0,-1.0,-1.0,-1.0,-1.0,-1.0,-1.0,-1.0,-1.0,-1.0,-1.0,-1.0,-1.0,-1.0,-1.0,-1.0,-1.0,-1.0,-1.0,-1.0,-1.0,-1.0,-1.0,-1.0,-1.0,-1.0,-1.0,-1.0,-1.0,-1.0,-1.0,-1.0,-1.0,-1.0,-1.0,-1.0,-1.0,-1.0,-1.0,-1.0,-1.0,-1.0,-1.0,-1.0,-1.0,-1.0,-1.0,-1.0,-1.0,-1.0,-1.0,-1.0,-1.0,-1.0,-1.0,-1.0,-1.0,-1.0,-1.0,-1.0,-1.0,-1.0,-1.0,-1.0,-1.0,-1.0,-1.0,-1.0,-1.0,-1.0,-1.0,-1.0,-1.0,-1.0,-1.0,-1.0,-1.0,-1.0,-1.0,-1.0,-1.0,-1.0,-1.0,-1.0,-1.0,-1.0,-1.0,-1.0,-1.0,-1.0,-1.0,-1.0,-1.0,-1.0,-1.0,-1.0,-1.0,-1.0,-1.0,-1.0,-1.0,-1.0,-1.0,-1.0,-1.0,-1.0,-1.0,-1.0,-1.0,-1.0,-1.0,-1.0,-1.0,-1.0,-1.0,-1.0,-1.0,-1.0,-1.0,-1.0,-1.0,-1.0,-1.0,-1.0,-1.0,-1.0,-1.0,-1.0,-1.0,-1.0,-1.0,-1.0,-1.0,-1.0,-1.0,-1.0,-1.0,-1.0,-1.0,-1.0,-1.0,-1.0,-1.0,-1.0,-1.0,-1.0,-1.0,-1.0,-1.0,-1.0,-1.0,-1.0,-1.0,-1.0,-1.0,-1.0,-1.0,-1.0,-1.0,-1.0,-1.0,-1.0,-1.0,-1.0,-1.0,-1.0,-1.0,-1.0,-1.0,-1.0,-1.0,-1.0,-1.0,-1.0,-1.0,-1.0,-1.0
-1.0,-1.0,-1.0,-1.0,-1.0,-1.0,-1.0,-1.0,-1.0,-1.0,-1.0,-1.0,-1.0,-1.0,-1.0,-1.0,-1.0,-1.0,-1.0,-1.0,-1.0,-1.0,-1.0,-1.0,-1.0,-1.0,-1.0,-1.0,-1.0,-1.0,-1.0,-1.0,-1.0,-1.0,-1.0,-1.0,-1.0,-1.0,-1.0,-1.0,-1.0,-1.0,-1.0,-1.0,-1.0,-1.0,-1.0,-1.0,-1.0,-1.0,-1.0,-1.0,-1.0,-1.0,-1.0,-1.0,-1.0,-1.0,-1.0,-1.0,-1.0,-1.0,-1.0,-1.0,-1.0,-1.0,-1.0,-1.0,-1.0,-1.0,-1.0,-1.0,-1.0,-1.0,-1.0,-1.0,-1.0,-1.0,-1.0,-1.0,-1.0,-1.0,-1.0,-1.0,-1.0,-1.0,-1.0,-1.0,-1.0,-1.0,-1.0,-1.0,-1.0,-1.0,-1.0,-1.0,-1.0,-1.0,-1.0,-1.0,-1.0,-1.0,-1.0,-1.0,-1.0,-1.0,-1.0,-1.0,-1.0,-1.0,-1.0,-1.0,-1.0,-1.0,-1.0,-1.0,-1.0,-1.0,-1.0,-1.0,-1.0,-1.0,-1.0,-1.0,-1.0,-1.0,-1.0,-1.0,-1.0,-1.0,-1.0,-1.0,-1.0,-1.0,-1.0,-1.0,-1.0,-1.0,-1.0,-1.0,-1.0,-1.0,-1.0,-1.0,-1.0,-1.0,-1.0,-1.0,-1.0,-1.0,-1.0,-1.0,-1.0,-1.0,-1.0,-1.0,-1.0,-1.0,-1.0,-1.0,-1.0,-1.0,-1.0,-1.0,-1.0,-1.0,-1.0,-1.0,-1.0,-1.0,-1.0,-1.0,-1.0,-1.0,-1.0,-1.0,-1.0,-1.0,-1.0,-1.0,-1.0,-1.0,-1.0,-1.0,-1.0,-1.0,-1.0,-1.0,-1.0,-1.0,-1.0,-1.0,-1.0,-1.0,-1.0,-1.0,-1.0,-1.0,-1.0,-1.0,-1.0,-1.0,-1.0,-1.0,-1.0,-1.0,-1.0,-1.0,-1.0,-1.0,-1.0,-1.0,-1.0,-1.0,-1.0,-1.0,-1.0,-1.0,-1.0,-1.0,-1.0,-1.0,-1.0,-1.0,-1.0,-1.0,-1.0,-1.0,-1.0,-1.0,-1.0,-1.0,-1.0,-1.0,-1.0,-1.0,-1.0,-1.0,-1.0,-1.0,-1.0,-1.0,-1.0,-1.0,-1.0,-1.0,-1.0,-1.0,-1.0,-1.0,-1.0,-1.0,-1.0,-1.0,-1.0,-1.0,-1.0,-1.0,-1.0
1.0,1.0,1.0,1.0,1.0,1.0,1.0,1.0,1.0,1.0,1.0,1.0,1.0,1.0,1.0,1.0,1.0,1.0,1.0,1.0,1.0,1.0,1.0,1.0,1.0,1.0,1.0,1.0,1.0,1.0,1.0,1.0,1.0,1.0,1.0,1.0,1.0,1.0,1.0,1.0,1.0,1.0,1.0,1.0,1.0,1.0,1.0,1.0,1.0,1.0,1.0,1.0,1.0,1.0,1.0,1.0,1.0,1.0,1.0,1.0,1.0,1.0,1.0,1.0,1.0,1.0,1.0,1.0,1.0,1.0,1.0,1.0,1.0,1.0,1.0,1.0,1.0,1.0,1.0,1.0,1.0,1.0,1.0,1.0,1.0,1.0,1.0,1.0,1.0,1.0,1.0,1.0,1.0,1.0,1.0,1.0,1.0,1.0,1.0,1.0,1.0,1.0,1.0,1.0,1.0,1.0,1.0,1.0,1.0,1.0,1.0,1.0,1.0,1.0,1.0,1.0,1.0,1.0,1.0,1.0,1.0,1.0,1.0,1.0,1.0,1.0,1.0,1.0,1.0,1.0,1.0,1.0,1.0,1.0,1.0,1.0,1.0,1.0,1.0,1.0,1.0,1.0,1.0,1.0,1.0,1.0,1.0,1.0,1.0,1.0,1.0,1.0,1.0,1.0,1.0,1.0,1.0,1.0,1.0,1.0,1.0,1.0,1.0,1.0,1.0,1.0,1.0,1.0,1.0,1.0,1.0,1.0,1.0,1.0,1.0,1.0,1.0,1.0,1.0,1.0,1.0,1.0,1.0,1.0,1.0,1.0,1.0,1.0,1.0,1.0,1.0,1.0,1.0,1.0,1.0,1.0,1.0,1.0,1.0,1.0,1.0,1.0,1.0,1.0,1.0,1.0,1.0,1.0,1.0,1.0,1.0,1.0,1.0,1.0,1.0,1.0,1.0,1.0,1.0,1.0,1.0,1.0,1.0,1.0,1.0,1.0,1.0,1.0,1.0,1.0,1.0,1.0,1.0,1.0,1.0,1.0,1.0,1.0,1.0,1.0,1.0,1.0,1.0,1.0,1.0,1.0,1.0,1.0,1.0,1.0,1.0,1.0,1.0,1.0,1.0,1.0,1.0,1.0,1.0
-1.0,-1.0,-1.0,-1.0,-1.0,-1.0,-1.0,-1.0,-1.0,-1.0,-1.0,-1.0,-1.0,-1.0,-1.0,-1.0,-1.0,-1.0,-1.0,-1.0,-1.0,-1.0,-1.0,-1.0,-1.0,-1.0,-1.0,-1.0,-1.0,-1.0,-1.0,-1.0,-1.0,-1.0,-1.0,-1.0,-1.0,-1.0,-1.0,-1.0,-1.0,-1.0,-1.0,-1.0,-1.0,-1.0,-1.0,-1.0,-1.0,-1.0,-1.0,-1.0,-1.0,-1.0,-1.0,-1.0,-1.0,-1.0,-1.0,-1.0,-1.0,-1.0,-1.0,-1.0,-1.0,-1.0,-1.0,-1.0,-1.0,-1.0,-1.0,-1.0,-1.0,-1.0,-1.0,-1.0,-1.0,-1.0,-1.0,-1.0,-1.0,-1.0,-1.0,-1.0,-1.0,-1.0,-1.0,-1.0,-1.0,-1.0,-1.0,-1.0,-1.0,-1.0,-1.0,-1.0,-1.0,-1.0,-1.0,-1.0,-1.0,-1.0,-1.0,-1.0,-1.0,-1.0,-1.0,-1.0,-1.0,-1.0,-1.0,-1.0,-1.0,-1.0,-1.0,-1.0,-1.0,-1.0,-1.0,-1.0,-1.0,-1.0,-1.0,-1.0,-1.0,-1.0,-1.0,-1.0,-1.0,-1.0,-1.0,-1.0,-1.0,-1.0,-1.0,-1.0,-1.0,-1.0,-1.0,-1.0,-1.0,-1.0,-1.0,-1.0,-1.0,-1.0,-1.0,-1.0,-1.0,-1.0,-1.0,-1.0,-1.0,-1.0,-1.0,-1.0,-1.0,-1.0,-1.0,-1.0,-1.0,-1.0,-1.0,-1.0,-1.0,-1.0,-1.0,-1.0,-1.0,-1.0,-1.0,-1.0,-1.0,-1.0,-1.0,-1.0,-1.0,-1.0,-1.0,-1.0,-1.0,-1.0,-1.0,-1.0,-1.0,-1.0,-1.0,-1.0,-1.0,-1.0,-1.0,-1.0,-1.0,-1.0,-1.0,-1.0,-1.0,-1.0,-1.0,-1.0,-1.0,-1.0,-1.0,-1.0,-1.0,-1.0,-1.0,-1.0,-1.0,-1.0,-1.0,-1.0,-1.0,-1.0,-1.0,-1.0,-1.0,-1.0,-1.0,-1.0,-1.0,-1.0,-1.0,-1.0,-1.0,-1.0,-1.0,-1.0,-1.0,-1.0,-1.0,-1.0,-1.0,-1.0,-1.0,-1.0,-1.0,-1.0,-1.0,-1.0,-1.0,-1.0,-1.0,-1.0,-1.0,-1.0,-1.0,-1.0,-1.0,-1.0,-1.0,-1.0,-1.0,-1.0,-1.0,-1.0,-1.0,-1.0,-1.0
-1.0,-1.0,-1.0,-1.0,-1.0,-1.0,-1.0,-1.0,-1.0,-1.0,-1.0,-1.0,-1.0,-1.0,-1.0,-1.0,-1.0,-1.0,-1.0,-1.0,-1.0,-1.0,-1.0,-1.0,-1.0,-1.0,-1.0,-1.0,-1.0,-1.0,-1.0,-1.0,-1.0,-1.0,-1.0,-1.0,-1.0,-1.0,-1.0,-1.0,-1.0,-1.0,-1.0,-1.0,-1.0,-1.0,-1.0,-1.0,-1.0,-1.0,-1.0,-1.0,-1.0,-1.0,-1.0,-1.0,-1.0,-1.0,-1.0,-1.0,-1.0,-1.0,-1.0,-1.0,-1.0,-1.0,-1.0,-1.0,-1.0,-1.0,-1.0,-1.0,-1.0,-1.0,-1.0,-1.0,-1.0,-1.0,-1.0,-1.0,-1.0,-1.0,-1.0,-1.0,-1.0,-1.0,-1.0,-1.0,-1.0,-1.0,-1.0,-1.0,-1.0,-1.0,-1.0,-1.0,-1.0,-1.0,-1.0,-1.0,-1.0,-1.0,-1.0,-1.0,-1.0,-1.0,-1.0,-1.0,-1.0,-1.0,-1.0,-1.0,-1.0,-1.0,-1.0,-1.0,-1.0,-1.0,-1.0,-1.0,-1.0,-1.0,-1.0,-1.0,-1.0,-1.0,-1.0,-1.0,-1.0,-1.0,-1.0,-1.0,-1.0,-1.0,-1.0,-1.0,-1.0,-1.0,-1.0,-1.0,-1.0,-1.0,-1.0,-1.0,-1.0,-1.0,-1.0,-1.0,-1.0,-1.0,-1.0,-1.0,-1.0,-1.0,-1.0,-1.0,-1.0,-1.0,-1.0,-1.0,-1.0,-1.0,-1.0,-1.0,-1.0,-1.0,-1.0,-1.0,-1.0,-1.0,-1.0,-1.0,-1.0,-1.0,-1.0,-1.0,-1.0,-1.0,-1.0,-1.0,-1.0,-1.0,-1.0,-1.0,-1.0,-1.0,-1.0,-1.0,-1.0,-1.0,-1.0,-1.0,-1.0,-1.0,-1.0,-1.0,-1.0,-1.0,-1.0,-1.0,-1.0,-1.0,-1.0,-1.0,-1.0,-1.0,-1.0,-1.0,-1.0,-1.0,-1.0,-1.0,-1.0,-1.0,-1.0,-1.0,-1.0,-1.0,-1.0,-1.0,-1.0,-1.0,-1.0,-1.0,-1.0,-1.0,-1.0,-1.0,-1.0,-1.0,-1.0,-1.0,-1.0,-1.0,-1.0,-1.0,-1.0,-1.0,-1.0,-1.0,-1.0,-1.0,-1.0,-1.0,-1.0,-1.0,-1.0,-1.0,-1.0,-1.0,-1.0,-1.0,-1.0,-1.0,-1.0,-1.0,-1.0,-1.0,-1.0
-1.0,-1.0,-1.0,-1.0,-1.0,-1.0,-1.0,-1.0,-1.0,-1.0,-1.0,-1.0,-1.0,-1.0,-1.0,-1.0,-1.0,-1.0,-1.0,-1.0,-1.0,-1.0,-1.0,-1.0,-1.0,-1.0,-1.0,-1.0,-1.0,-1.0,-1.0,-1.0,-1.0,-1.0,-1.0,-1.0,-1.0,-1.0,-1.0,-1.0,-1.0,-1.0,-1.0,-1.0,-1.0,-1.0,-1.0,-1.0,-1.0,-1.0,-1.0,-1.0,-1.0,-1.0,-1.0,-1.0,-1.0,-1.0,-1.0,-1.0,-1.0,-1.0,-1.0,-1.0,-1.0,-1.0,-1.0,-1.0,-1.0,-1.0,-1.0,-1.0,-1.0,-1.0,-1.0,-1.0,-1.0,-1.0,-1.0,-1.0,-1.0,-1.0,-1.0,-1.0,-1.0,-1.0,-1.0,-1.0,-1.0,-1.0,-1.0,-1.0,-1.0,-1.0,-1.0,-1.0,-1.0,-1.0,-1.0,-1.0,-1.0,-1.0,-1.0,-1.0,-1.0,-1.0,-1.0,-1.0,-1.0,-1.0,-1.0,-1.0,-1.0,-1.0,-1.0,-1.0,-1.0,-1.0,-1.0,-1.0,-1.0,-1.0,-1.0,-1.0,-1.0,-1.0,-1.0,-1.0,-1.0,-1.0,-1.0,-1.0,-1.0,-1.0,-1.0,-1.0,-1.0,-1.0,-1.0,-1.0,-1.0,-1.0,-1.0,-1.0,-1.0,-1.0,-1.0,-1.0,-1.0,-1.0,-1.0,-1.0,-1.0,-1.0,-1.0,-1.0,-1.0,-1.0,-1.0,-1.0,-1.0,-1.0,-1.0,-1.0,-1.0,-1.0,-1.0,-1.0,-1.0,-1.0,-1.0,-1.0,-1.0,-1.0,-1.0,-1.0,-1.0,-1.0,-1.0,-1.0,-1.0,-1.0,-1.0,-1.0,-1.0,-1.0,-1.0,-1.0,-1.0,-1.0,-1.0,-1.0,-1.0,-1.0,-1.0,-1.0,-1.0,-1.0,-1.0,-1.0,-1.0,-1.0,-1.0,-1.0,-1.0,-1.0,-1.0,-1.0,-1.0,-1.0,-1.0,-1.0,-1.0,-1.0,-1.0,-1.0,-1.0,-1.0,-1.0,-1.0,-1.0,-1.0,-1.0,-1.0,-1.0,-1.0,-1.0,-1.0,-1.0,-1.0,-1.0,-1.0,-1.0,-1.0,-1.0,-1.0,-1.0,-1.0,-1.0,-1.0,-1.0,-1.0,-1.0,-1.0,-1.0,-1.0,-1.0,-1.0,-1.0,-1.0,-1.0,-1.0,-1.0,-1.0,-1.0,-1.0,-1.0,-1.0,-1.0
1.0,1.0,1.0,1.0,1.0,1.0,1.0,1.0,1.0,1.0,1.0,1.0,1.0,1.0,1.0,1.0,1.0,1.0,1.0,1.0,1.0,1.0,1.0,1.0,1.0,1.0,1.0,1.0,1.0,1.0,1.0,1.0,1.0,1.0,1.0,1.0,1.0,1.0,1.0,1.0,1.0,1.0,1.0,1.0,1.0,1.0,1.0,1.0,1.0,1.0,1.0,1.0,1.0,1.0,1.0,1.0,1.0,1.0,1.0,1.0,1.0,1.0,1.0,1.0,1.0,1.0,1.0,1.0,1.0,1.0,1.0,1.0,1.0,1.0,1.0,1.0,1.0,1.0,1.0,1.0,1.0,1.0,1.0,1.0,1.0,1.0,1.0,1.0,1.0,1.0,1.0,1.0,1.0,1.0,1.0,1.0,1.0,1.0,1.0,1.0,1.0,1.0,1.0,1.0,1.0,1.0,1.0,1.0,1.0,1.0,1.0,1.0,1.0,1.0,1.0,1.0,1.0,1.0,1.0,1.0,1.0,1.0,1.0,1.0,1.0,1.0,1.0,1.0,1.0,1.0,1.0,1.0,1.0,1.0,1.0,1.0,1.0,1.0,1.0,1.0,1.0,1.0,1.0,1.0,1.0,1.0,1.0,1.0,1.0,1.0,1.0,1.0,1.0,1.0,1.0,1.0,1.0,1.0,1.0,1.0,1.0,1.0,1.0,1.0,1.0,1.0,1.0,1.0,1.0,1.0,1.0,1.0,1.0,1.0,1.0,1.0,1.0,1.0,1.0,1.0,1.0,1.0,1.0,1.0,1.0,1.0,1.0,1.0,1.0,1.0,1.0,1.0,1.0,1.0,1.0,1.0,1.0,1.0,1.0,1.0,1.0,1.0,1.0,1.0,1.0,1.0,1.0,1.0,1.0,1.0,1.0,1.0,1.0,1.0,1.0,1.0,1.0,1.0,1.0,1.0,1.0,1.0,1.0,1.0,1.0,1.0,1.0,1.0,1.0,1.0,1.0,1.0,1.0,1.0,1.0,1.0,1.0,1.0,1.0,1.0,1.0,1.0,1.0,1.0,1.0,1.0,1.0,1.0,1.0,1.0,1.0,1.0,1.0,1.0,1.0,1.0,1.0,1.0,1.0
-0.10218959736727137,-0.10218959736727137,-0.10218959736727137,-0.10218959736727137,-0.10218959736727137,-0.10218959736727137,-0.10218959736727137,-0.10218959736727137,-0.10218959736727137,-0.10218959736727137,-0.10218959736727137,-0.10218959736727137,-0.10218959736727137,-0.10218959736727137,-0.10218959736727137,-0.10218959736727137,-0.10218959736727137,-0.10218959736727137,-0.10218959736727137,-0.10218959736727137,-0.10218959736727137,-0.10218959736727137,-0.10218959736727137,-0.10218959736727137,-0.10218959736727137,-0.10218959736727137,-0.10218959736727137,-0.10218959736727137,-0.10218959736727137,-0.10218959736727137,-0.10218959736727137,-0.10218959736727137,-0.10218959736727137,-0.10218959736727137,-0.10218959736727137,-0.10218959736727137,-0.10218959736727137,-0.10218959736727137,-0.10218959736727137,-0.10218959736727137,-0.10218959736727137,-0.10218959736727137,-0.10218959736727137,-0.10218959736727137,-0.10218959736727137,-0.10218959736727137,-0.10218959736727137,-0.10218959736727137,-0.10218959736727137,-0.10218959736727137,-0.10218959736727137,-0.10218959736727137,-0.10218959736727137,-0.10218959736727137,-0.10218959736727137,-0.10218959736727137,-0.10218959736727137,-0.10218959736727137,-0.10218959736727137,-0.10218959736727137,-0.10218959736727137,-0.10218959736727137,-0.10218959736727137,-0.10218959736727137,-0.10218959736727137,-0.10218959736727137,-0.10218959736727137,-0.10218959736727137,-0.10218959736727137,-0.10218959736727137,-0.10218959736727137,-0.10218959736727137,-0.10218959736727137,-0.10218959736727137,-0.10218959736727137,-0.10218959736727137,-0.10218959736727137,-0.10218959736727137,-0.10218959736727137,-0.10218959736727137,-0.10218959736727137,-0.10218959736727137,-0.10218959736727137,-0.10218959736727137,-0.10218959736727137,-0.10218959736727137,-0.10218959736727137,-0.10218959736727137,-0.10218959736727137,-0.10218959736727137,-0.10218959736727137,-0.10218959736727137,-0.10218959736727137,-0.10218959736727137,-0.10218959736727137,-0.10218959736727137,-0.10218959736727137,-0.10218959736727137,-0.10218959736727137,-0.10218959736727137,-0.10218959736727137,-0.10218959736727137,-0.10218959736727137,-0.10218959736727137,-0.10218959736727137,-0.10218959736727137,-0.10218959736727137,-0.10218959736727137,-0.10218959736727137,-0.10218959736727137,-0.10218959736727137,-0.10218959736727137,-0.10218959736727137,-0.10218959736727137,-0.10218959736727137,-0.10218959736727137,-0.10218959736727137,-0.10218959736727137,-0.10218959736727137,-0.10218959736727137,-0.10218959736727137,-0.10218959736727137,-0.10218959736727137,-0.10218959736727137,-0.10218959736727137,-0.10218959736727137,-0.10218959736727137,-0.10218959736727137,-0.10218959736727137,-0.10218959736727137,-0.10218959736727137,-0.10218959736727137,-0.10218959736727137,-0.10218959736727137,-0.10218959736727137,-0.10218959736727137,-0.10218959736727137,-0.10218959736727137,-0.10218959736727137,-0.10218959736727137,-0.10218959736727137,-0.10218959736727137,-0.10218959736727137,-0.10218959736727137,-0.10218959736727137,-0.10218959736727137,-0.10218959736727137,-0.10218959736727137,-0.10218959736727137,-0.10218959736727137,-0.10218959736727137,-0.10218959736727137,-0.10218959736727137,-0.10218959736727137,-0.10218959736727137,-0.10218959736727137,-0.10218959736727137,-0.10218959736727137,-0.10218959736727137,-0.10218959736727137,-0.10218959736727137,-0.10218959736727137,-0.10218959736727137,-0.10218959736727137,-0.10218959736727137,-0.10218959736727137,-0.10218959736727137,-0.10218959736727137,-0.10218959736727137,-0.10218959736727137,-0.10218959736727137,-0.10218959736727137,-0.10218959736727137,-0.10218959736727137,-0.10218959736727137,-0.10218959736727137,-0.10218959736727137,-0.10218959736727137,-0.10218959736727137,-0.10218959736727137,-0.10218959736727137,-0.10218959736727137,-0.10218959736727137,-0.10218959736727137,-0.10218959736727137,-0.10218959736727137,-0.10218959736727137,-0.10218959736727137,-0.10218959736727137,-0.10218959736727137,-0.10218959736727137,-0.10218959736727137,-0.10218959736727137,-0.10218959736727137,-0.10218959736727137,-0.10218959736727137,-0.10218959736727137,-0.10218959736727137,-0.10218959736727137,-0.10218959736727137,-0.10218959736727137,-0.10218959736727137,-0.10218959736727137,-0.10218959736727137,-0.10218959736727137,-0.10218959736727137,-0.10218959736727137,-0.10218959736727137,-0.10218959736727137,-0.10218959736727137,-0.10218959736727137,-0.10218959736727137,-0.10218959736727137,-0.10218959736727137,-0.10218959736727137,-0.10218959736727137,-0.10218959736727137,-0.10218959736727137,-0.10218959736727137,-0.10218959736727137,-0.10218959736727137,-0.10218959736727137,-0.10218959736727137,-0.10218959736727137,-0.10218959736727137,-0.10218959736727137,-0.10218959736727137,-0.10218959736727137,-0.10218959736727137,-0.10218959736727137,-0.10218959736727137,-0.10218959736727137,-0.10218959736727137,-0.10218959736727137,-0.10218959736727137,-0.10218959736727137,-0.10218959736727137,-0.10218959736727137,-0.10218959736727137,-0.10218959736727137,-0.10218959736727137,-0.10218959736727137,-0.10218959736727137,-0.10218959736727137,-0.10218959736727137,-0.10218959736727137,-0.10218959736727137,-0.10218959736727137,-0.10218959736727137,-0.10218959736727137,-0.10218959736727137,-0.10218959736727137,-0.10218959736727137,-0.10218959736727137,-0.10218959736727137,-0.10218959736727137,-0.10218959736727137,-0.10218959736727137,-0.10218959736727137
-0.47646958953771346,-0.47646958953771346,-0.47646958953771346,-0.47646958953771346,-0.47646958953771346,-0.47646958953771346,-0.47646958953771346,-0.47646958953771346,-0.47646958953771346,-0.47646958953771346,-0.47646958953771346,-0.47646958953771346,-0.47646958953771346,-0.47646958953771346,-0.47646958953771346,-0.47646958953771346,-0.47646958953771346,-0.47646958953771346,-0.47646958953771346,-0.47646958953771346,-0.47646958953771346,-0.47646958953771346,-0.47646958953771346,-0.47646958953771346,-0.47646958953771346,-0.47646958953771346,-0.47646958953771346,-0.47646958953771346,-0.47646958953771346,-0.47646958953771346,-0.47646958953771346,-0.47646958953771346,-0.47646958953771346,-0.47646958953771346,-0.47646958953771346,-0.47646958953771346,-0.47646958953771346,-0.47646958953771346,-0.47646958953771346,-0.47646958953771346,-0.47646958953771346,-0.47646958953771346,-0.47646958953771346,-0.47646958953771346,-0.47646958953771346,-0.47646958953771346,-0.47646958953771346,-0.47646958953771346,-0.47646958953771346,-0.47646958953771346,-0.47646958953771346,-0.47646958953771346,-0.47646958953771346,-0.47646958953771346,-0.47646958953771346,-0.47646958953771346,-0.47646958953771346,-0.47646958953771346,-0.47646958953771346,-0.47646958953771346,-0.47646958953771346,-0.47646958953771346,-0.47646958953771346,-0.47646958953771346,-0.47646958953771346,-0.47646958953771346,-0.47646958953771346,-0.47646958953771346,-0.47646958953771346,-0.47646958953771346,-0.47646958953771346,-0.47646958953771346,-0.47646958953771346,-0.47646958953771346,-0.47646958953771346,-0.47646958953771346,-0.47646958953771346,-0.47646958953771346,-0.47646958953771346,-0.47646958953771346,-0.47646958953771346,-0.47646958953771346,-0.47646958953771346,-0.47646958953771346,-0.47646958953771346,-0.47646958953771346,-0.47646958953771346,-0.47646958953771346,-0.47646958953771346,-0.47646958953771346,-0.47646958953771346,-0.47646958953771346,-0.47646958953771346,-0.47646958953771346,-0.47646958953771346,-0.47646958953771346,-0.47646958953771346,-0.47646958953771346,-0.47646958953771346,-0.47646958953771346,-0.47646958953771346,-0.47646958953771346,-0.47646958953771346,-0.47646958953771346,-0.47646958953771346,-0.47646958953771346,-0.47646958953771346,-0.47646958953771346,-0.47646958953771346,-0.47646958953771346,-0.47646958953771346,-0.47646958953771346,-0.47646958953771346,-0.47646958953771346,-0.47646958953771346,-0.47646958953771346,-0.47646958953771346,-0.47646958953771346,-0.47646958953771346,-0.47646958953771346,-0.47646958953771346,-0.47646958953771346,-0.47646958953771346,-0.47646958953771346,-0.47646958953771346,-0.47646958953771346,-0.47646958953771346,-0.47646958953771346,-0.47646958953771346,-0.47646958953771346,-0.47646958953771346,-0.47646958953771346,-0.47646958953771346,-0.47646958953771346,-0.47646958953771346,-0.47646958953771346,-0.47646958953771346,-0.47646958953771346,-0.47646958953771346,-0.47646958953771346,-0.47646958953771346,-0.47646958953771346,-0.47646958953771346,-0.47646958953771346,-0.47646958953771346,-0.47646958953771346,-0.47646958953771346,-0.47646958953771346,-0.47646958953771346,-0.47646958953771346,-0.47646958953771346,-0.47646958953771346,-0.47646958953771346,-0.47646958953771346,-0.47646958953771346,-0.47646958953771346,-0.47646958953771346,-0.47646958953771346,-0.47646958953771346,-0.47646958953771346,-0.47646958953771346,-0.47646958953771346,-0.47646958953771346,-0.47646958953771346,-0.47646958953771346,-0.47646958953771346,-0.47646958953771346,-0.47646958953771346,-0.47646958953771346,-0.47646958953771346,-0.47646958953771346,-0.47646958953771346,-0.47646958953771346,-0.47646958953771346,-0.47646958953771346,-0.47646958953771346,-0.47646958953771346,-0.47646958953771346,-0.47646958953771346,-0.47646958953771346,-0.47646958953771346,-0.47646958953771346,-0.47646958953771346,-0.47646958953771346,-0.47646958953771346,-0.47646958953771346,-0.47646958953771346,-0.47646958953771346,-0.47646958953771346,-0.47646958953771346,-0.47646958953771346,-0.47646958953771346,-0.47646958953771346,-0.47646958953771346,-0.47646958953771346,-0.47646958953771346,-0.47646958953771346,-0.47646958953771346,-0.47646958953771346,-0.47646958953771346,-0.47646958953771346,-0.47646958953771346,-0.47646958953771346,-0.47646958953771346,-0.47646958953771346,-0.47646958953771346,-0.47646958953771346,-0.47646958953771346,-0.47646958953771346,-0.47646958953771346,-0.47646958953771346,-0.47646958953771346,-0.47646958953771346,-0.47646958953771346,-0.47646958953771346,-0.47646958953771346,-0.47646958953771346,-0.47646958953771346,-0.47646958953771346,-0.47646958953771346,-0.47646958953771346,-0.47646958953771346,-0.47646958953771346,-0.47646958953771346,-0.47646958953771346,-0.47646958953771346,-0.47646958953771346,-0.47646958953771346,-0.47646958953771346,-0.47646958953771346,-0.47646958953771346,-0.47646958953771346,-0.47646958953771346,-0.47646958953771346,-0.47646958953771346,-0.47646958953771346,-0.47646958953771346,-0.47646958953771346,-0.47646958953771346,-0.47646958953771346,-0.47646958953771346,-0.47646958953771346,-0.47646958953771346,-0.47646958953771346,-0.47646958953771346,-0.47646958953771346,-0.47646958953771346,-0.47646958953771346,-0.47646958953771346,-0.47646958953771346,-0.47646958953771346,-0.47646958953771346,-0.47646958953771346,-0.47646958953771346,-0.47646958953771346,-0.47646958953771346,-0.47646958953771346,-0.47646958953771346,-0.47646958953771346
-0.6226208842340586,-0.6226208842340586,-0.6226208842340586,-0.6226208842340586,-0.6226208842340586,-0.6226208842340586,-0.6226208842340586,-0.6226208842340586,-0.6226208842340586,-0.6226208842340586,-0.6226208842340586,-0.6226208842340586,-0.6226208842340586,-0.6226208842340586,-0.6226208842340586,-0.6226208842340586,-0.6226208842340586,-0.6226208842340586,-0.6226208842340586,-0.6226208842340586,-0.6226208842340586,-0.6226208842340586,-0.6226208842340586,-0.6226208842340586,-0.6226208842340586,-0.6226208842340586,-0.6226208842340586,-0.6226208842340586,-0.6226208842340586,-0.6226208842340586,-0.6226208842340586,-0.6226208842340586,-0.6226208842340586,-0.6226208842340586,-0.6226208842340586,-0.6226208842340586,-0.6226208842340586,-0.6226208842340586,-0.6226208842340586,-0.6226208842340586,-0.6226208842340586,-0.6226208842340586,-0.6226208842340586,-0.6226208842340586,-0.6226208842340586,-0.6226208842340586,-0.6226208842340586,-0.6226208842340586,-0.6226208842340586,-0.6226208842340586,-0.6226208842340586,-0.6226208842340586,-0.6226208842340586,-0.6226208842340586,-0.6226208842340586,-0.6226208842340586,-0.6226208842340586,-0.6226208842340586,-0.6226208842340586,-0.6226208842340586,-0.6226208842340586,-0.6226208842340586,-0.6226208842340586,-0.6226208842340586,-0.6226208842340586,-0.6226208842340586,-0.6226208842340586,-0.6226208842340586,-0.6226208842340586,-0.6226208842340586,-0.6226208842340586,-0.6226208842340586,-0.6226208842340586,-0.6226208842340586,-0.6226208842340586,-0.6226208842340586,-0.6226208842340586,-0.6226208842340586,-0.6226208842340586,-0.6226208842340586,-0.6226208842340586,-0.6226208842340586,-0.6226208842340586,-0.6226208842340586,-0.6226208842340586,-0.6226208842340586,-0.6226208842340586,-0.6226208842340586,-0.6226208842340586,-0.6226208842340586,-0.6226208842340586,-0.6226208842340586,-0.6226208842340586,-0.6226208842340586,-0.6226208842340586,-0.6226208842340586,-0.6226208842340586,-0.6226208842340586,-0.6226208842340586,-0.6226208842340586,-0.6226208842340586,-0.6226208842340586,-0.6226208842340586,-0.6226208842340586,-0.6226208842340586,-0.6226208842340586,-0.6226208842340586,-0.6226208842340586,-0.6226208842340586,-0.6226208842340586,-0.6226208842340586,-0.6226208842340586,-0.6226208842340586,-0.6226208842340586,-0.6226208842340586,-0.6226208842340586,-0.6226208842340586,-0.6226208842340586,-0.6226208842340586,-0.6226208842340586,-0.6226208842340586,-0.6226208842340586,-0.6226208842340586,-0.6226208842340586,-0.6226208842340586,-0.6226208842340586,-0.6226208842340586,-0.6226208842340586,-0.6226208842340586,-0.6226208842340586,-0.6226208842340586,-0.6226208842340586,-0.6226208842340586,-0.6226208842340586,-0.6226208842340586,-0.6226208842340586,-0.6226208842340586,-0.6226208842340586,-0.6226208842340586,-0.6226208842340586,-0.6226208842340586,-0.6226208842340586,-0.6226208842340586,-0.6226208842340586,-0.6226208842340586,-0.6226208842340586,-0.6226208842340586,-0.6226208842340586,-0.6226208842340586,-0.6226208842340586,-0.6226208842340586,-0.6226208842340586,-0.6226208842340586,-0.6226208842340586,-0.6226208842340586,-0.6226208842340586,-0.6226208842340586,-0.6226208842340586,-0.6226208842340586,-0.6226208842340586,-0.6226208842340586,-0.6226208842340586,-0.6226208842340586,-0.6226208842340586,-0.6226208842340586,-0.6226208842340586,-0.6226208842340586,-0.6226208842340586,-0.6226208842340586,-0.6226208842340586,-0.6226208842340586,-0.6226208842340586,-0.6226208842340586,-0.6226208842340586,-0.6226208842340586,-0.6226208842340586,-0.6226208842340586,-0.6226208842340586,-0.6226208842340586,-0.6226208842340586,-0.6226208842340586,-0.6226208842340586,-0.6226208842340586,-0.6226208842340586,-0.6226208842340586,-0.6226208842340586,-0.6226208842340586,-0.6226208842340586,-0.6226208842340586,-0.6226208842340586,-0.6226208842340586,-0.6226208842340586,-0.6226208842340586,-0.6226208842340586,-0.6226208842340586,-0.6226208842340586,-0.6226208842340586,-0.6226208842340586,-0.6226208842340586,-0.6226208842340586,-0.6226208842340586,-0.6226208842340586,-0.6226208842340586,-0.6226208842340586,-0.6226208842340586,-0.6226208842340586,-0.6226208842340586,-0.6226208842340586,-0.6226208842340586,-0.6226208842340586,-0.6226208842340586,-0.6226208842340586,-0.6226208842340586,-0.6226208842340586,-0.6226208842340586,-0.6226208842340586,-0.6226208842340586,-0.6226208842340586,-0.6226208842340586,-0.6226208842340586,-0.6226208842340586,-0.6226208842340586,-0.6226208842340586,-0.6226208842340586,-0.6226208842340586,-0.6226208842340586,-0.6226208842340586,-0.6226208842340586,-0.6226208842340586,-0.6226208842340586,-0.6226208842340586,-0.6226208842340586,-0.6226208842340586,-0.6226208842340586,-0.6226208842340586,-0.6226208842340586,-0.6226208842340586,-0.6226208842340586,-0.6226208842340586,-0.6226208842340586,-0.6226208842340586,-0.6226208842340586,-0.6226208842340586,-0.6226208842340586,-0.6226208842340586,-0.6226208842340586,-0.6226208842340586,-0.6226208842340586,-0.6226208842340586,-0.6226208842340586,-0.6226208842340586,-0.6226208842340586,-0.6226208842340586,-0.6226208842340586,-0.6226208842340586,-0.6226208842340586,-0.6226208842340586,-0.6226208842340586,-0.6226208842340586
1.0,1.0,1.0,1.0,1.0,1.0,1.0,1.0,1.0,1.0,1.0,1.0,1.0,1.0,1.0,1.0,1.0,1.0,1.0,1.0,1.0,1.0,1.0,1.0,1.0,1.0,1.0,1.0,1.0,1.0,1.0,1.0,1.0,1.0,1.0,1.0,1.0,1.0,1.0,1.0,1.0,1.0,1.0,1.0,1.0,1.0,1.0,1.0,1.0,1.0,1.0,1.0,1.0,1.0,1.0,1.0,1.0,1.0,1.0,1.0,1.0,1.0,1.0,1.0,1.0,1.0,1.0,1.0,1.0,1.0,1.0,1.0,1.0,1.0,1.0,1.0,1.0,1.0,1.0,1.0,1.0,1.0,1.0,1.0,1.0,1.0,1.0,1.0,1.0,1.0,1.0,1.0,1.0,1.0,1.0,1.0,1.0,1.0,1.0,1.0,1.0,1.0,1.0,1.0,1.0,1.0,1.0,1.0,1.0,1.0,1.0,1.0,1.0,1.0,1.0,1.0,1.0,1.0,1.0,1.0,1.0,1.0,1.0,1.0,1.0,1.0,1.0,1.0,1.0,1.0,1.0,1.0,1.0,1.0,1.0,1.0,1.0,1.0,1.0,1.0,1.0,1.0,1.0,1.0,1.0,1.0,1.0,1.0,1.0,1.0,1.0,1.0,1.0,1.0,1.0,1.0,1.0,1.0,1.0,1.0,1.0,1.0,1.0,1.0,1.0,1.0,1.0,1.0,1.0,1.0,1.0,1.0,1.0,1.0,1.0,1.0,1.0,1.0,1.0,1.0,1.0,1.0,1.0,1.0,1.0,1.0,1.0,1.0,1.0,1.0,1.0,1.0,1.0,1.0,1.0,1.0,1.0,1.0,1.0,1.0,1.0,1.0,1.0,1.0,1.0,1.0,1.0,1.0,1.0,1.0,1.0,1.0,1.0,1.0,1.0,1.0,1.0,1.0,1.0,1.0,1.0,1.0,1.0,1.0,1.0,1.0,1.0,1.0,1.0,1.0,1.0,1.0,1.0,1.0,1.0,1.0,1.0,1.0,1.0,1.0,1.0,1.0,1.0,1.0,1.0,1.0,1.0,1.0,1.0,1.0,1.0,1.0,1.0,1.0,1.0,1.0,1.0,1.0,1.0
1.0,-1.0,1.0,-1.0,1.0,1.0,1.0,1.0,1.0,1.0,1.0,1.0,1.0,1.0,1.0,1.0,1.0,1.0,1.0,1.0,1.0,1.0,1.0,1.0,1.0,1.0,1.0,1.0,1.0,-1.0,-1.0,1.0,1.0,1.0,-1.0,1.0,1.0,1.0,1.0,1.0,1.0,1.0,-1.0,1.0,1.0,1.0,1.0,1.0,1.0,-1.0,-1.0,1.0,1.0,1.0,1.0,-1.0,-1.0,-1.0,-1.0,-1.0,-1.0,-1.0,-1.0,-1.0,-1.0,-1.0,-1.0,-1.0,-1.0,-1.0,-1.0,-1.0,-1.0,-1.0,-1.0,-1.0,1.0,-1.0,-1.0,-1.0,1.0,1.0,1.0,1.0,1.0,-1.0,1.0,-1.0,-1.0,-1.0,-1.0,-1.0,-1.0,1.0,-1.0,-1.0,1.0,-1.0,-1.0,-1.0,1.0,1.0,1.0,1.0,1.0,1.0,-1.0,1.0,-1.0,1.0,-1.0,1.0,-1.0,1.0,-1.0,1.0,-1.0,1.0,-1.0,1.0,-1.0,1.0,-1.0,1.0,-1.0,-1.0,1.0,1.0,1.0,1.0,1.0,1.0,1.0,1.0,1.0,1.0,-1.0,-1.0,-1.0,-1.0,-1.0,1.0,-1.0,-1.0,1.0,-1.0,-1.0,1.0,-1.0,1.0,1.0,1.0,1.0,1.0,-1.0,-1.0,-1.0,-1.0,-1.0,-1.0,-1.0,-1.0,1.0,-1.0,1.0,-1.0,-1.0,-1.0,-1.0,1.0,-1.0,-1.0,1.0,-1.0,1.0,1.0,1.0,1.0,1.0,1.0,1.0,1.0,1.0,1.0,1.0,1.0,1.0,1.0,1.0,1.0,1.0,1.0,1.0,1.0,1.0,1.0,1.0,1.0,1.0,1.0,1.0,1.0,1.0,1.0,1.0,1.0,1.0,1.0,1.0,1.0,1.0,1.0,1.0,1.0,1.0,1.0,1.0,1.0,1.0,1.0,1.0,1.0,1.0,1.0,1.0,1.0,1.0,1.0,1.0,1.0,1.0,1.0,1.0,1.0,1.0,1.0,1.0,1.0,1.0,1.0,1.0,-1.0,-1.0,-1.0,1.0,-1.0,1.0,-1.0,1.0,-1.0,1.0,-1.0,-1.0,-1.0,1.0,-1.0,-1.0,-1.0,-1.0
-1.0,1.0,-1.0,-1.0,-1.0,-1.0,-1.0,-1.0,-1.0,-1.0,-1.0,-1.0,-1.0,-1.0,-1.0,-1.0,-1.0,-1.0,-1.0,-1.0,-1.0,-1.0,-1.0,-1.0,-1.0,-1.0,-1.0,-1.0,-1.0,-1.0,-1.0,-1.0,-1.0,-1.0,-1.0,-1.0,-1.0,-1.0,-1.0,-1.0,-1.0,1.0,-1.0,-1.0,-1.0,-1.0,-1.0,-1.0,-1.0,-1.0,-1.0,-1.0,-1.0,-1.0,-1.0,-1.0,-1.0,-1.0,-1.0,-1.0,-1.0,-1.0,-1.0,-1.0,-1.0,-1.0,-1.0,-1.0,-1.0,-1.0,-1.0,-1.0,1.0,-1.0,-1.0,-1.0,-1.0,-1.0,-1.0,-1.0,-1.0,-1.0,-1.0,-1.0,-1.0,-1.0,-1.0,-1.0,1.0,1.0,1.0,1.0,-1.0,-1.0,-1.0,-1.0,-1.0,-1.0,1.0,-1.0,-1.0,-1.0,-1.0,-1.0,-1.0,-1.0,-1.0,-1.0,-1.0,-1.0,-1.0,-1.0,-1.0,-1.0,-1.0,-1.0,-1.0,-1.0,-1.0,-1.0,-1.0,-1.0,-1.0,-1.0,-1.0,-1.0,-1.0,-1.0,-1.0,-1.0,-1.0,-1.0,1.0,1.0,1.0,1.0,1.0,-1.0,-1.0,-1.0,-1.0,-1.0,-1.0,-1.0,-1.0,-1.0,-1.0,-1.0,-1.0,-1.0,-1.0,-1.0,-1.0,-1.0,-1.0,-1.0,-1.0,-1.0,-1.0,-1.0,-1.0,-1.0,-1.0,-1.0,-1.0,-1.0,-1.0,-1.0,-1.0,-1.0,-1.0,-1.0,-1.0,-1.0,-1.0,-1.0,-1.0,-1.0,-1.0,-1.0,-1.0,-1.0,-1.0,-1.0,-1.0,-1.0,-1.0,-1.0,-1.0,-1.0,-1.0,-1.0,-1.0,-1.0,-1.0,-1.0,-1.0,-1.0,-1.0,-1.0,-1.0,-1.0,-1.0,-1.0,-1.0,-1.0,-1.0,-1.0,-1.0,-1.0,-1.0,-1.0,-1.0,-1.0,-1.0,-1.0,-1.0,-1.0,-1.0,-1.0,-1.0,-1.0,-1.0,-1.0,-1.0,-1.0,-1.0,-1.0,-1.0,-1.0,-1.0,-1.0,-1.0,-1.0,-1.0,-1.0,-1.0,-1.0,-1.0,-1.0,-1.0,-1.0,-1.0,-1.0,-1.0,-1.0,-1.0,-1.0,-1.0,-1.0,-1.0,-1.0,-1.0,-1.0,-1.0,-1.0,-1.0,-1.0,-1.0
-1.0,-1.0,-1.0,-1.0,-1.0,-1.0,-1.0,-1.0,-1.0,-1.0,-1.0,-1.0,-1.0,-1.0,-1.0,-1.0,-1.0,-1.0,-1.0,-1.0,-1.0,-1.0,-1.0,-1.0,-1.0,-1.0,-1.0,-1.0,-1.0,-1.0,-1.0,-1.0,-1.0,-1.0,-1.0,-1.0,-1.0,-1.0,-1.0,-1.0,-1.0,-1.0,-1.0,-1.0,-1.0,-1.0,-1.0,-1.0,-1.0,-1.0,-1.0,-1.0,-1.0,-1.0,-1.0,-1.0,-1.0,-1.0,-1.0,-1.0,-1.0,-1.0,-1.0,-1.0,-1.0,-1.0,-1.0,-1.0,-1.0,-1.0,-1.0,-1.0,-1.0,-1.0,-1.0,-1.0,-1.0,-1.0,-1.0,-1.0,-1.0,-1.0,-1.0,-1.0,-1.0,-1.0,-1.0,-1.0,-1.0,-1.0,-1.0,-1.0,-1.0,-1.0,-1.0,-1.0,-1.0,-1.0,-1.0,-1.0,-1.0,-1.0,-1.0,-1.0,-1.0,-1.0,-1.0,-1.0,-1.0,-1.0,-1.0,-1.0,-1.0,-1.0,-1.0,-1.0,-1.0,-1.0,-1.0,-1.0,-1.0,-1.0,-1.0,-1.0,-1.0,-1.0,-1.0,-1.0,-1.0,-1.0,-1.0,-1.0,-1.0,-1.0,-1.0,-1.0,-1.0,-1.0,-1.0,-1.0,-1.0,-1.0,-1.0,-1.0,-1.0,-1.0,-1.0,-1.0,-1.0,-1.0,-1.0,-1.0,-1.0,-1.0,-1.0,-1.0,-1.0,-1.0,-1.0,-1.0,-1.0,-1.0,-1.0,-1.0,-1.0,-1.0,-1.0,-1.0,-1.0,-1.0,-1.0,-1.0,-1.0,-1.0,-1.0,-1.0,-1.0,-1.0,-1.0,-1.0,-1.0,-1.0,-1.0,-1.0,-1.0,-1.0,-1.0,-1.0,-1.0,-1.0,-1.0,-1.0,-1.0,-1.0,-1.0,-1.0,-1.0,-1.0,-1.0,-1.0,-1.0,-1.0,-1.0,-1.0,-1.0,-1.0,-1.0,-1.0,-1.0,-1.0,-1.0,-1.0,-1.0,-1.0,-1.0,-1.0,-1.0,-1.0,-1.0,-1.0,-1.0,-1.0,-1.0,-1.0,-1.0,-1.0,-1.0,-1.0,-1.0,-1.0,-1.0,-1.0,-1.0,-1.0,-1.0,-1.0,-1.0,-1.0,-1.0,-1.0,-1.0,-1.0,-1.0,-1.0,-1.0,-1.0,-1.0,-1.0,-1.0,-1.0,-1.0,-1.0,-1.0,-1.0,-1.0,-1.0,-1.0,-1.0,-1.0
-1.0,-1.0,-1.0,-1.0,-1.0,-1.0,-1.0,-1.0,-1.0,-1.0,-1.0,-1.0,-1.0,-1.0,-1.0,-1.0,-1.0,-1.0,-1.0,-1.0,-1.0,-1.0,-1.0,-1.0,-1.0,-1.0,-1.0,-1.0,-1.0,-1.0,-1.0,-1.0,-1.0,-1.0,-1.0,-1.0,-1.0,-1.0,-1.0,-1.0,-1.0,-1.0,-1.0,-1.0,-1.0,-1.0,-1.0,-1.0,-1.0,-1.0,-1.0,-1.0,-1.0,-1.0,-1.0,-1.0,-1.0,-1.0,-1.0,-1.0,-1.0,-1.0,-1.0,-1.0,-1.0,-1.0,-1.0,-1.0,-1.0,-1.0,-1.0,-1.0,-1.0,-1.0,-1.0,-1.0,-1.0,-1.0,-1.0,-1.0,-1.0,-1.0,-1.0,-1.0,-1.0,-1.0,-1.0,-1.0,-1.0,-1.0,-1.0,-1.0,-1.0,-1.0,-1.0,-1.0,-1.0,-1.0,-1.0,-1.0,-1.0,-1.0,-1.0,-1.0,-1.0,-1.0,-1.0,-1.0,-1.0,-1.0,-1.0,-1.0,-1.0,-1.0,-1.0,-1.0,-1.0,-1.0,-1.0,-1.0,-1.0,-1.0,-1.0,-1.0,-1.0,-1.0,-1.0,-1.0,-1.0,-1.0,-1.0,-1.0,-1.0,-1.0,-1.0,-1.0,-1.0,-1.0,-1.0,-1.0,-1.0,-1.0,-1.0,-1.0,-1.0,-1.0,-1.0,-1.0,-1.0,-1.0,-1.0,-1.0,-1.0,-1.0,-1.0,-1.0,-1.0,-1.0,-1.0,-1.0,-1.0,-1.0,-1.0,-1.0,-1.0,-1.0,-1.0,-1.0,-1.0,-1.0,-1.0,-1.0,-1.0,-1.0,-1.0,-1.0,-1.0,-1.0,-1.0,-1.0,-1.0,-1.0,-1.0,-1.0,-1.0,-1.0,-1.0,-1.0,-1.0,-1.0,-1.0,-1.0,-1.0,-1.0,-1.0,-1.0,-1.0,-1.0,-1.0,-1.0,-1.0,-1.0,-1.0,-1.0,-1.0,-1.0,-1.0,-1.0,-1.0,-1.0,-1.0,-1.0,-1.0,-1.0,-1.0,-1.0,-1.0,-1.0,-1.0,-1.0,-1.0,-1.0,-1.0,-1.0,-1.0,-1.0,-1.0,-1.0,-1.0,-1.0,-1.0,-1.0,-1.0,-1.0,-1.0,-1.0,-1.0,-1.0,-1.0,-1.0,-1.0,-1.0,-1.0,-1.0,-1.0,-1.0,-1.0,-1.0,-1.0,-1.0,-1.0,-1.0,-1.0,-1.0,-1.0,-1.0,-1.0,-1.0,-1.0
-1.0,-1.0,-1.0,-1.0,1.0,1.0,1.0,1.0,1.0,1.0,1.0,1.0,1.0,1.0,1.0,1.0,1.0,1.0,1.0,-1.0,1.0,1.0,1.0,1.0,1.0,1.0,1.0,1.0,-1.0,-1.0,-1.0,-1.0,-1.0,-1.0,-1.0,1.0,1.0,1.0,1.0,1.0,1.0,-1.0,-1.0,1.0,1.0,1.0,1.0,1.0,1.0,-1.0,-1.0,-1.0,1.0,1.0,1.0,-1.0,-1.0,-1.0,-1.0,-1.0,-1.0,-1.0,-1.0,-1.0,-1.0,-1.0,-1.0,-1.0,-1.0,-1.0,-1.0,-1.0,-1.0,-1.0,-1.0,-1.0,-1.0,-1.0,-1.0,-1.0,-1.0,-1.0,-1.0,-1.0,-1.0,-1.0,-1.0,-1.0,-1.0,-1.0,-1.0,-1.0,-1.0,-1.0,-1.0,-1.0,-1.0,-1.0,-1.0,-1.0,1.0,1.0,1.0,1.0,1.0,1.0,-1.0,-1.0,-1.0,-1.0,-1.0,-1.0,-1.0,-1.0,-1.0,-1.0,-1.0,-1.0,-1.0,-1.0,-1.0,-1.0,-1.0,-1.0,-1.0,-1.0,1.0,1.0,1.0,1.0,1.0,1.0,-1.0,-1.0,-1.0,-1.0,-1.0,-1.0,-1.0,-1.0,-1.0,-1.0,-1.0,-1.0,-1.0,-1.0,-1.0,-1.0,-1.0,-1.0,-1.0,-1.0,-1.0,-1.0,-1.0,-1.0,-1.0,-1.0,-1.0,-1.0,-1.0,-1.0,-1.0,-1.0,-1.0,-1.0,-1.0,-1.0,-1.0,-1.0,-1.0,-1.0,-1.0,-1.0,-1.0,-1.0,1.0,1.0,1.0,1.0,1.0,1.0,1.0,1.0,1.0,1.0,1.0,1.0,1.0,1.0,1.0,1.0,1.0,1.0,-1.0,1.0,1.0,1.0,1.0,1.0,1.0,1.0,1.0,1.0,1.0,1.0,1.0,1.0,1.0,1.0,1.0,1.0,1.0,1.0,1.0,-1.0,1.0,1.0,1.0,1.0,-1.0,1.0,1.0,1.0,-1.0,1.0,1.0,-1.0,1.0,1.0,1.0,1.0,1.0,-1.0,1.0,1.0,1.0,1.0,-1.0,1.0,1.0,-1.0,-1.0,-1.0,-1.0,-1.0,-1.0,-1.0,-1.0,-1.0,-1.0,-1.0,-1.0,-1.0,-1.0,-1.0,-1.0,-1.0,-1.0
-1.0,-1.0,-1.0,1.0,-1.0,-1.0,-1.0,-1.0,-1.0,-1.0,-1.0,-1.0,-1.0,-1.0,-1.0,-1.0,-1.0,-1.0,-1.0,-1.0,-1.0,-1.0,-1.0,-1.0,-1.0,-1.0,-1.0,-1.0,1.0,-1.0,-1.0,1.0,1.0,1.0,-1.0,1.0,1.0,1.0,1.0,1.0,1.0,-1.0,-1.0,1.0,1.0,1.0,1.0,1.0,1.0,-1.0,-1.0,1.0,1.0,1.0,1.0,1.0,1.0,1.0,1.0,1.0,1.0,1.0,1.0,1.0,1.0,1.0,-1.0,1.0,-1.0,1.0,-1.0,1.0,-1.0,-1.0,1.0,-1.0,-1.0,1.0,1.0,-1.0,-1.0,-1.0,-1.0,-1.0,-1.0,-1.0,-1.0,-1.0,-1.0,-1.0,-1.0,-1.0,-1.0,-1.0,-1.0,-1.0,-1.0,-1.0,-1.0,-1.0,1.0,1.0,1.0,1.0,1.0,1.0,1.0,-1.0,1.0,-1.0,1.0,-1.0,1.0,-1.0,1.0,-1.0,1.0,-1.0,1.0,-1.0,1.0,-1.0,1.0,-1.0,-1.0,-1.0,1.0,1.0,1.0,1.0,1.0,1.0,-1.0,-1.0,-1.0,-1.0,-1.0,1.0,1.0,1.0,1.0,1.0,1.0,1.0,1.0,1.0,1.0,1.0,1.0,-1.0,-1.0,-1.0,-1.0,-1.0,1.0,1.0,1.0,1.0,1.0,1.0,1.0,1.0,-1.0,1.0,-1.0,1.0,1.0,1.0,1.0,-1.0,-1.0,-1.0,-1.0,-1.0,-1.0,1.0,-1.0,-1.0,-1.0,-1.0,-1.0,-1.0,-1.0,-1.0,-1.0,-1.0,-1.0,-1.0,-1.0,-1.0,-1.0,-1.0,-1.0,-1.0,-1.0,-1.0,-1.0,-1.0,-1.0,-1.0,-1.0,-1.0,-1.0,-1.0,-1.0,-1.0,-1.0,-1.0,-1.0,-1.0,-1.0,-1.0,-1.0,-1.0,-1.0,-1.0,-1.0,-1.0,-1.0,-1.0,-1.0,-1.0,-1.0,-1.0,-1.0,-1.0,-1.0,-1.0,-1.0,-1.0,-1.0,-1.0,-1.0,-1.0,-1.0,-1.0,-1.0,-1.0,-1.0,-1.0,-1.0,-1.0,1.0,1.0,-1.0,-1.0,-1.0,-1.0,-1.0,-1.0,-1.0,-1.0,-1.0,-1.0,-1.0,-1.0,-1.0,-1.0,1.0
-1.0,-1.0,-1.0,-1.0,-1.0,-1.0,-1.0,-1.0,-1.0,-1.0,-1.0,-1.0,-1.0,-1.0,-1.0,-1.0,-1.0,-1.0,-1.0,-1.0,-1.0,-1.0,-1.0,-1.0,-1.0,-1.0,-1.0,-1.0,-1.0,-1.0,-1.0,-1.0,-1.0,-1.0,-1.0,-1.0,-1.0,-1.0,-1.0,-1.0,-1.0,-1.0,-1.0,-1.0,-1.0,-1.0,-1.0,-1.0,-1.0,-1.0,-1.0,-1.0,-1.0,-1.0,-1.0,-1.0,-1.0,-1.0,-1.0,-1.0,-1.0,-1.0,-1.0,-1.0,-1.0,-1.0,-1.0,-1.0,-1.0,-1.0,-1.0,-1.0,-1.0,-1.0,-1.0,-1.0,-1.0,-1.0,-1.0,-1.0,-1.0,-1.0,-1.0,-1.0,-1.0,-1.0,-1.0,-1.0,-1.0,-1.0,-1.0,-1.0,-1.0,-1.0,-1.0,-1.0,-1.0,-1.0,-1.0,-1.0,-1.0,-1.0,-1.0,-1.0,-1.0,-1.0,-1.0,-1.0,-1.0,-1.0,-1.0,-1.0,-1.0,-1.0,-1.0,-1.0,-1.0,-1.0,-1.0,-1.0,-1.0,-1.0,-1.0,-1.0,-1.0,-1.0,-1.0,-1.0,-1.0,-1.0,-1.0,-1.0,-1.0,-1.0,-1.0,-1.0,-1.0,-1.0,-1.0,-1.0,-1.0,-1.0,-1.0,-1.0,-1.0,-1.0,-1.0,-1.0,-1.0,-1.0,-1.0,-1.0,-1.0,-1.0,-1.0,-1.0,-1.0,-1.0,-1.0,-1.0,-1.0,-1.0,-1.0,-1.0,-1.0,-1.0,-1.0,-1.0,-1.0,-1.0,-1.0,-1.0,-1.0,-1.0,-1.0,-1.0,-1.0,-1.0,-1.0,-1.0,-1.0,-1.0,-1.0,-1.0,-1.0,-1.0,-1.0,-1.0,-1.0,-1.0,-1.0,-1.0,-1.0,-1.0,-1.0,-1.0,-1.0,-1.0,-1.0,-1.0,-1.0,-1.0,-1.0,-1.0,-1.0,-1.0,-1.0,-1.0,-1.0,-1.0,-1.0,-1.0,-1.0,-1.0,-1.0,-1.0,-1.0,-1.0,-1.0,-1.0,-1.0,-1.0,-1.0,-1.0,-1.0,-1.0,-1.0,-1.0,-1.0,-1.0,-1.0,-1.0,-1.0,-1.0,-1.0,-1.0,-1.0,-1.0,-1.0,-1.0,-1.0,-1.0,-1.0,-1.0,-1.0,-1.0,-1.0,-1.0,-1.0,-1.0,-1.0,-1.0,-1.0,-1.0,-1.0,-1.0,-1.0,-1.0,-1.0
-1.0,-1.0,-1.0,-1.0,-1.0,-1.0,-1.0,-1.0,-1.0,-1.0,-1.0,-1.0,-1.0,-1.0,-1.0,-1.0,-1.0,-1.0,-1.0,-1.0,-1.0,-1.0,-1.0,-1.0,-1.0,-1.0,-1.0,-1.0,-1.0,-1.0,-1.0,-1.0,-1.0,-1.0,-1.0,-1.0,-1.0,-1.0,-1.0,-1.0,-1.0,-1.0,-1.0,-1.0,-1.0,-1.0,-1.0,-1.0,-1.0,-1.0,-1.0,-1.0,-1.0,-1.0,-1.0,-1.0,-1.0,-1.0,-1.0,-1.0,-1.0,-1.0,-1.0,-1.0,-1.0,-1.0,-1.0,-1.0,-1.0,-1.0,-1.0,-1.0,-1.0,-1.0,-1.0,-1.0,-1.0,-1.0,-1.0,-1.0,-1.0,-1.0,-1.0,-1.0,-1.0,-1.0,-1.0,-1.0,-1.0,-1.0,-1.0,-1.0,-1.0,-1.0,-1.0,-1.0,-1.0,-1.0,-1.0,-1.0,-1.0,-1.0,-1.0,-1.0,-1.0,-1.0,-1.0,-1.0,-1.0,-1.0,-1.0,-1.0,-1.0,-1.0,-1.0,-1.0,-1.0,-1.0,-1.0,-1.0,-1.0,-1.0,-1.0,-1.0,-1.0,-1.0,-1.0,-1.0,-1.0,-1.0,-1.0,-1.0,-1.0,-1.0,-1.0,-1.0,-1.0,-1.0,-1.0,-1.0,-1.0,-1.0,-1.0,-1.0,-1.0,-1.0,-1.0,-1.0,-1.0,-1.0,-1.0,-1.0,-1.0,-1.0,-1.0,-1.0,-1.0,-1.0,-1.0,-1.0,-1.0,-1.0,-1.0,-1.0,-1.0,-1.0,-1.0,-1.0,-1.0,-1.0,-1.0,-1.0,-1.0,-1.0,-1.0,-1.0,-1.0,-1.0,-1.0,-1.0,-1.0,-1.0,-1.0,-1.0,-1.0,-1.0,-1.0,-1.0,-1.0,-1.0,-1.0,-1.0,-1.0,-1.0,-1.0,-1.0,-1.0,-1.0,-1.0,-1.0,-1.0,-1.0,-1.0,-1.0,-1.0,-1.0,-1.0,-1.0,-1.0,-1.0,-1.0,-1.0,-1.0,-1.0,-1.0,-1.0,-1.0,-1.0,-1.0,-1.0,-1.0,-1.0,-1.0,-1.0,-1.0,-1.0,-1.0,-1.0,-1.0,-1.0,-1.0,-1.0,-1.0,-1.0,-1.0,-1.0,-1.0,-1.0,-1.0,-1.0,-1.0,-1.0,-1.0,-1.0,-1.0,-1.0,-1.0,-1.0,-1.0,-1.0,-1.0,-1.0,-1.0,-1.0,-1.0,-1.0,-1.0,-1.0,-1.0
-1.0,-1.0,-1.0,-1.0,-1.0,-1.0,-1.0,-1.0,-1.0,-1.0,-1.0,-1.0,-1.0,-1.0,-1.0,-1.0,-1.0,-1.0,-1.0,-1.0,-1.0,-1.0,-1.0,-1.0,-1.0,-1.0,-1.0,-1.0,-1.0,-1.0,-1.0,-1.0,-1.0,1.0,-1.0,-1.0,-1.0,-1.0,-1.0,-1.0,-1.0,-1.0,-1.0,-1.0,-1.0,-1.0,-1.0,-1.0,-1.0,-1.0,-1.0,-1.0,-1.0,-1.0,-1.0,-1.0,-1.0,-1.0,-1.0,-1.0,-1.0,-1.0,-1.0,-1.0,-1.0,-1.0,-1.0,-1.0,-1.0,-1.0,-1.0,-1.0,-1.0,-1.0,-1.0,-1.0,-1.0,-1.0,-1.0,-1.0,-1.0,-1.0,-1.0,-1.0,-1.0,-1.0,-1.0,-1.0,-1.0,-1.0,-1.0,-1.0,-1.0,-1.0,-1.0,-1.0,-1.0,-1.0,-1.0,-1.0,-1.0,-1.0,-1.0,-1.0,-1.0,-1.0,-1.0,-1.0,-1.0,-1.0,-1.0,-1.0,-1.0,-1.0,-1.0,-1.0,-1.0,-1.0,-1.0,-1.0,-1.0,-1.0,-1.0,-1.0,-1.0,-1.0,-1.0,-1.0,-1.0,-1.0,-1.0,-1.0,-1.0,-1.0,-1.0,-1.0,1.0,-1.0,-1.0,-1.0,-1.0,-1.0,-1.0,-1.0,-1.0,-1.0,-1.0,-1.0,-1.0,1.0,1.0,1.0,1.0,1.0,-1.0,-1.0,-1.0,-1.0,-1.0,-1.0,-1.0,-1.0,-1.0,-1.0,1.0,-1.0,-1.0,-1.0,-1.0,-1.0,1.0,-1.0,1.0,-1.0,1.0,-1.0,-1.0,-1.0,-1.0,-1.0,-1.0,-1.0,-1.0,-1.0,-1.0,-1.0,-1.0,-1.0,-1.0,-1.0,-1.0,-1.0,-1.0,-1.0,-1.0,-1.0,-1.0,-1.0,-1.0,-1.0,-1.0,-1.0,-1.0,-1.0,-1.0,-1.0,-1.0,-1.0,-1.0,-1.0,-1.0,-1.0,-1.0,-1.0,-1.0,-1.0,-1.0,-1.0,-1.0,-1.0,-1.0,-1.0,-1.0,-1.0,-1.0,-1.0,-1.0,-1.0,-1.0,-1.0,-1.0,-1.0,-1.0,-1.0,-1.0,-1.0,-1.0,-1.0,-1.0,-1.0,-1.0,1.0,-1.0,-1.0,-1.0,-1.0,-1.0,-1.0,-1.0,-1.0,-1.0,-1.0,-1.0,-1.0,-1.0,1.0,1.0,1.0,1.0
-1.0,-1.0,-1.0,-1.0,-1.0,-1.0,-1.0,-1.0,-1.0,-1.0,-1.0,-1.0,-1.0,-1.0,-1.0,-1.0,-1.0,-1.0,-1.0,-1.0,-1.0,-1.0,-1.0,-1.0,-1.0,-1.0,-1.0,-1.0,-1.0,-1.0,-1.0,-1.0,-1.0,-1.0,-1.0,-1.0,-1.0,-1.0,-1.0,-1.0,-1.0,-1.0,-1.0,-1.0,-1.0,-1.0,-1.0,-1.0,-1.0,-1.0,-1.0,-1.0,-1.0,-1.0,-1.0,-1.0,-1.0,-1.0,-1.0,-1.0,-1.0,-1.0,-1.0,-1.0,-1.0,-1.0,-1.0,-1.0,-1.0,-1.0,-1.0,-1.0,-1.0,-1.0,-1.0,-1.0,-1.0,-1.0,-1.0,-1.0,-1.0,-1.0,-1.0,-1.0,-1.0,-1.0,-1.0,-1.0,-1.0,-1.0,-1.0,-1.0,-1.0,-1.0,-1.0,-1.0,-1.0,-1.0,-1.0,-1.0,-1.0,-1.0,-1.0,-1.0,-1.0,-1.0,-1.0,-1.0,-1.0,-1.0,-1.0,-1.0,-1.0,-1.0,-1.0,-1.0,-1.0,-1.0,-1.0,-1.0,-1.0,-1.0,-1.0,-1.0,-1.0,-1.0,-1.0,-1.0,-1.0,-1.0,-1.0,-1.0,-1.0,-1.0,-1.0,-1.0,-1.0,-1.0,-1.0,-1.0,-1.0,-1.0,-1.0,-1.0,-1.0,-1.0,-1.0,-1.0,-1.0,-1.0,-1.0,-1.0,-1.0,-1.0,-1.0,-1.0,-1.0,-1.0,-1.0,-1.0,-1.0,-1.0,-1.0,-1.0,-1.0,-1.0,-1.0,-1.0,-1.0,-1.0,-1.0,-1.0,-1.0,-1.0,-1.0,-1.0,-1.0,-1.0,-1.0,-1.0,-1.0,-1.0,-1.0,-1.0,-1.0,-1.0,-1.0,-1.0,-1.0,-1.0,-1.0,-1.0,-1.0,-1.0,-1.0,-1.0,-1.0,-1.0,-1.0,-1.0,-1.0,-1.0,-1.0,-1.0,-1.0,-1.0,-1.0,-1.0,-1.0,-1.0,-1.0,-1.0,-1.0,-1.0,-1.0,-1.0,-1.0,-1.0,-1.0,-1.0,-1.0,-1.0,-1.0,-1.0,-1.0,-1.0,-1.0,-1.0,-1.0,-1.0,-1.0,-1.0,-1.0,-1.0,-1.0,-1.0,-1.0,-1.0,-1.0,-1.0,-1.0,-1.0,-1.0,-1.0,-1.0,-1.0,-1.0,-1.0,-1.0,-1.0,-1.0,-1.0,-1.0,-1.0,-1.0,-1.0,-1.0,-1.0,-1.0
-1.0,-1.0,-1.0,-1.0,-1.0,-1.0,-1.0,-1.0,-1.0,-1.0,-1.0,-1.0,-1.0,-1.0,-1.0,-1.0,-1.0,-1.0,-1.0,-1.0,-1.0,-1.0,-1.0,-1.0,-1.0,-1.0,-1.0,-1.0,-1.0,-1.0,-1.0,-1.0,-1.0,-1.0,-1.0,-1.0,-1.0,-1.0,-1.0,-1.0,-1.0,-1.0,-1.0,-1.0,-1.0,-1.0,-1.0,-1.0,-1.0,-1.0,-1.0,-1.0,-1.0,-1.0,-1.0,-1.0,-1.0,-1.0,-1.0,-1.0,-1.0,-1.0,-1.0,-1.0,-1.0,-1.0,-1.0,-1.0,-1.0,-1.0,-1.0,-1.0,-1.0,-1.0,-1.0,-1.0,-1.0,-1.0,-1.0,-1.0,-1.0,-1.0,-1.0,-1.0,-1.0,-1.0,-1.0,-1.0,-1.0,-1.0,-1.0,-1.0,-1.0,-1.0,-1.0,-1.0,-1.0,-1.0,-1.0,-1.0,-1.0,-1.0,-1.0,-1.0,-1.0,-1.0,-1.0,-1.0,-1.0,-1.0,-1.0,-1.0,-1.0,-1.0,-1.0,-1.0,-1.0,-1.0,-1.0,-1.0,-1.0,-1.0,-1.0,-1.0,-1.0,-1.0,-1.0,-1.0,-1.0,-1.0,-1.0,-1.0,-1.0,-1.0,-1.0,-1.0,-1.0,-1.0,-1.0,-1.0,-1.0,-1.0,-1.0,-1.0,-1.0,-1.0,-1.0,-1.0,-1.0,-1.0,-1.0,-1.0,-1.0,-1.0,-1.0,-1.0,-1.0,-1.0,-1.0,-1.0,-1.0,-1.0,-1.0,-1.0,-1.0,-1.0,-1.0,-1.0,-1.0,-1.0,-1.0,-1.0,-1.0,-1.0,-1.0,-1.0,-1.0,-1.0,-1.0,-1.0,-1.0,-1.0,-1.0,-1.0,-1.0,-1.0,-1.0,-1.0,-1.0,-1.0,-1.0,-1.0,-1.0,-1.0,-1.0,-1.0,-1.0,-1.0,-1.0,-1.0,-1.0,-1.0,-1.0,-1.0,-1.0,-1.0,-1.0,-1.0,-1.0,-1.0,-1.0,-1.0,-1.0,-1.0,-1.0,-1.0,-1.0,-1.0,-1.0,-1.0,-1.0,-1.0,-1.0,-1.0,-1.0,-1.0,-1.0,-1.0,-1.0,-1.0,-1.0,-1.0,-1.0,-1.0,-1.0,-1.0,-1.0,-1.0,-1.0,-1.0,-1.0,-1.0,-1.0,-1.0,-1.0,-1.0,-1.0,-1.0,-1.0,-1.0,-1.0,-1.0,-1.0,-1.0,-1.0,-1.0,-1.0,-1.0,-1.0
-1.0,-1.0,-1.0,-1.0,-1.0,-1.0,-1.0,-1.0,-1.0,-1.0,-1.0,-1.0,-1.0,-1.0,-1.0,-1.0,-1.0,-1.0,-1.0,-1.0,-1.0,-1.0,-1.0,-1.0,-1.0,-1.0,-1.0,-1.0,-1.0,-1.0,-1.0,-1.0,-1.0,-1.0,1.0,-1.0,-1.0,-1.0,-1.0,-1.0,-1.0,-1.0,1.0,-1.0,-1.0,-1.0,-1.0,-1.0,-1.0,-1.0,-1.0,-1.0,-1.0,-1.0,-1.0,-1.0,-1.0,-1.0,-1.0,-1.0,-1.0,-1.0,-1.0,-1.0,-1.0,-1.0,-1.0,-1.0,-1.0,-1.0,-1.0,-1.0,-1.0,-1.0,-1.0,-1.0,-1.0,-1.0,-1.0,-1.0,1.0,-1.0,-1.0,-1.0,-1.0,-1.0,-1.0,-1.0,-1.0,-1.0,-1.0,-1.0,-1.0,-1.0,-1.0,-1.0,-1.0,-1.0,-1.0,1.0,-1.0,-1.0,-1.0,-1.0,-1.0,-1.0,-1.0,-1.0,-1.0,-1.0,-1.0,-1.0,-1.0,-1.0,-1.0,-1.0,-1.0,-1.0,-1.0,-1.0,-1.0,-1.0,-1.0,-1.0,1.0,1.0,-1.0,-1.0,-1.0,-1.0,-1.0,-1.0,-1.0,-1.0,-1.0,-1.0,-1.0,-1.0,-1.0,-1.0,-1.0,-1.0,-1.0,-1.0,-1.0,-1.0,-1.0,-1.0,-1.0,-1.0,-1.0,-1.0,-1.0,-1.0,-1.0,-1.0,-1.0,-1.0,-1.0,-1.0,-1.0,-1.0,-1.0,-1.0,-1.0,-1.0,-1.0,-1.0,-1.0,-1.0,-1.0,-1.0,-1.0,-1.0,-1.0,-1.0,-1.0,-1.0,-1.0,-1.0,-1.0,-1.0,-1.0,-1.0,-1.0,-1.0,-1.0,-1.0,-1.0,-1.0,-1.0,-1.0,-1.0,-1.0,-1.0,-1.0,-1.0,-1.0,-1.0,-1.0,-1.0,-1.0,-1.0,-1.0,-1.0,-1.0,-1.0,-1.0,-1.0,-1.0,-1.0,-1.0,-1.0,-1.0,-1.0,-1.0,-1.0,-1.0,-1.0,-1.0,-1.0,-1.0,-1.0,-1.0,-1.0,-1.0,-1.0,-1.0,-1.0,-1.0,-1.0,-1.0,-1.0,-1.0,-1.0,-1.0,-1.0,-1.0,-1.0,-1.0,-1.0,-1.0,-1.0,-1.0,-1.0,-1.0,-1.0,-1.0,-1.0,-1.0,-1.0,-1.0,-1.0,-1.0,-1.0,-1.0,-1.0,-1.0,-1.0
-1.0,-1.0,-1.0,-1.0,-1.0,-1.0,-1.0,-1.0,-1.0,-1.0,-1.0,-1.0,-1.0,-1.0,-1.0,-1.0,-1.0,-1.0,-1.0,-1.0,-1.0,-1.0,-1.0,-1.0,-1.0,-1.0,-1.0,-1.0,-1.0,-1.0,-1.0,-1.0,-1.0,-1.0,-1.0,-1.0,-1.0,-1.0,-1.0,-1.0,-1.0,-1.0,-1.0,-1.0,-1.0,-1.0,-1.0,-1.0,-1.0,-1.0,-1.0,-1.0,-1.0,-1.0,-1.0,-1.0,-1.0,-1.0,-1.0,-1.0,-1.0,-1.0,-1.0,-1.0,-1.0,-1.0,-1.0,-1.0,-1.0,-1.0,-1.0,-1.0,-1.0,-1.0,-1.0,-1.0,-1.0,-1.0,-1.0,-1.0,-1.0,1.0,1.0,1.0,1.0,-1.0,-1.0,-1.0,-1.0,-1.0,-1.0,-1.0,-1.0,-1.0,-1.0,-1.0,-1.0,-1.0,-1.0,-1.0,-1.0,-1.0,-1.0,-1.0,-1.0,-1.0,-1.0,-1.0,-1.0,-1.0,-1.0,-1.0,-1.0,-1.0,-1.0,-1.0,-1.0,-1.0,-1.0,-1.0,-1.0,-1.0,-1.0,-1.0,-1.0,-1.0,-1.0,-1.0,-1.0,-1.0,-1.0,-1.0,-1.0,-1.0,-1.0,-1.0,-1.0,-1.0,-1.0,-1.0,-1.0,-1.0,-1.0,-1.0,-1.0,-1.0,-1.0,-1.0,-1.0,-1.0,-1.0,-1.0,-1.0,-1.0,-1.0,-1.0,-1.0,-1.0,-1.0,-1.0,-1.0,-1.0,-1.0,-1.0,-1.0,-1.0,-1.0,-1.0,-1.0,-1.0,-1.0,-1.0,-1.0,-1.0,-1.0,-1.0,-1.0,-1.0,-1.0,-1.0,-1.0,-1.0,-1.0,-1.0,-1.0,-1.0,-1.0,-1.0,-1.0,-1.0,-1.0,-1.0,-1.0,-1.0,-1.0,-1.0,-1.0,-1.0,-1.0,-1.0,-1.0,-1.0,-1.0,-1.0,-1.0,-1.0,-1.0,-1.0,-1.0,-1.0,-1.0,-1.0,-1.0,-1.0,-1.0,-1.0,-1.0,-1.0,-1.0,-1.0,-1.0,-1.0,-1.0,-1.0,-1.0,-1.0,-1.0,-1.0,-1.0,-1.0,-1.0,-1.0,-1.0,-1.0,-1.0,-1.0,-1.0,-1.0,-1.0,-1.0,-1.0,1.0,-1.0,-1.0,-1.0,-1.0,-1.0,-1.0,-1.0,-1.0,-1.0,-1.0,-1.0,-1.0,-1.0,-1.0,-1.0,-1.0,-1.0
-1.0,-1.0,-1.0,-1.0,-1.0,-1.0,-1.0,-1.0,-1.0,-1.0,-1.0,-1.0,-1.0,-1.0,-1.0,-1.0,-1.0,-1.0,-1.0,-1.0,-1.0,-1.0,-1.0,-1.0,-1.0,-1.0,-1.0,-1.0,-1.0,-1.0,-1.0,-1.0,-1.0,-1.0,-1.0,-1.0,-1.0,-1.0,-1.0,-1.0,-1.0,-1.0,-1.0,-1.0,-1.0,-1.0,-1.0,-1.0,-1.0,-1.0,-1.0,-1.0,-1.0,-1.0,-1.0,-1.0,-1.0,-1.0,-1.0,-1.0,-1.0,-1.0,-1.0,-1.0,-1.0,-1.0,-1.0,-1.0,-1.0,-1.0,-1.0,-1.0,-1.0,-1.0,-1.0,-1.0,-1.0,-1.0,-1.0,-1.0,-1.0,-1.0,-1.0,-1.0,-1.0,-1.0,-1.0,-1.0,-1.0,-1.0,-1.0,-1.0,-1.0,-1.0,-1.0,-1.0,-1.0,-1.0,-1.0,-1.0,-1.0,-1.0,-1.0,-1.0,-1.0,-1.0,-1.0,-1.0,-1.0,-1.0,-1.0,-1.0,-1.0,-1.0,-1.0,-1.0,-1.0,-1.0,-1.0,-1.0,-1.0,-1.0,-1.0,-1.0,-1.0,-1.0,-1.0,-1.0,-1.0,-1.0,-1.0,-1.0,-1.0,-1.0,-1.0,-1.0,-1.0,-1.0,-1.0,-1.0,-1.0,-1.0,-1.0,-1.0,-1.0,-1.0,-1.0,-1.0,-1.0,-1.0,-1.0,-1.0,-1.0,-1.0,-1.0,-1.0,-1.0,-1.0,-1.0,-1.0,-1.0,-1.0,-1.0,-1.0,-1.0,-1.0,-1.0,-1.0,-1.0,-1.0,-1.0,-1.0,-1.0,-1.0,-1.0,-1.0,-1.0,-1.0,-1.0,-1.0,-1.0,-1.0,-1.0,-1.0,-1.0,-1.0,-1.0,-1.0,-1.0,-1.0,-1.0,-1.0,-1.0,-1.0,-1.0,-1.0,-1.0,-1.0,-1.0,-1.0,-1.0,-1.0,-1.0,-1.0,-1.0,-1.0,-1.0,-1.0,-1.0,-1.0,-1.0,-1.0,-1.0,-1.0,-1.0,-1.0,-1.0,-1.0,-1.0,-1.0,-1.0,-1.0,-1.0,-1.0,-1.0,-1.0,-1.0,-1.0,-1.0,-1.0,-1.0,-1.0,-1.0,-1.0,-1.0,-1.0,-1.0,-1.0,-1.0,-1.0,-1.0,-1.0,-1.0,-1.0,-1.0,-1.0,-1.0,-1.0,-1.0,-1.0,-1.0,-1.0,-1.0,-1.0,-1.0,-1.0,-1.0,-1.0,-1.0
-1.0,-1.0,-1.0,-1.0,-1.0,-1.0,-1.0,-1.0,-1.0,-1.0,-1.0,-1.0,-1.0,-1.0,-1.0,-1.0,-1.0,-1.0,-1.0,-1.0,-1.0,-1.0,-1.0,-1.0,-1.0,-1.0,-1.0,-1.0,-1.0,-1.0,-1.0,-1.0,-1.0,-1.0,-1.0,-1.0,-1.0,-1.0,-1.0,-1.0,-1.0,-1.0,-1.0,-1.0,-1.0,-1.0,-1.0,-1.0,-1.0,-1.0,-1.0,-1.0,-1.0,-1.0,-1.0,1.0,-1.0,-1.0,-1.0,-1.0,-1.0,-1.0,-1.0,-1.0,-1.0,-1.0,-1.0,-1.0,-1.0,-1.0,-1.0,-1.0,-1.0,-1.0,-1.0,-1.0,-1.0,-1.0,-1.0,1.0,-1.0,-1.0,-1.0,-1.0,-1.0,-1.0,-1.0,-1.0,-1.0,-1.0,-1.0,-1.0,-1.0,-1.0,-1.0,-1.0,-1.0,-1.0,-1.0,-1.0,-1.0,-1.0,-1.0,-1.0,-1.0,-1.0,-1.0,-1.0,-1.0,-1.0,-1.0,-1.0,-1.0,-1.0,-1.0,-1.0,-1.0,-1.0,-1.0,-1.0,-1.0,-1.0,-1.0,-1.0,-1.0,-1.0,-1.0,-1.0,-1.0,-1.0,-1.0,-1.0,-1.0,-1.0,-1.0,-1.0,-1.0,-1.0,-1.0,-1.0,-1.0,-1.0,-1.0,-1.0,-1.0,-1.0,-1.0,-1.0,1.0,-1.0,-1.0,-1.0,-1.0,-1.0,-1.0,-1.0,-1.0,-1.0,-1.0,-1.0,-1.0,-1.0,-1.0,1.0,-1.0,-1.0,-1.0,-1.0,-1.0,-1.0,1.0,1.0,-1.0,1.0,-1.0,-1.0,-1.0,-1.0,-1.0,-1.0,-1.0,-1.0,-1.0,-1.0,-1.0,-1.0,-1.0,-1.0,-1.0,-1.0,-1.0,-1.0,-1.0,-1.0,-1.0,-1.0,-1.0,-1.0,-1.0,-1.0,-1.0,-1.0,-1.0,-1.0,-1.0,-1.0,-1.0,-1.0,-1.0,-1.0,-1.0,-1.0,-1.0,-1.0,-1.0,-1.0,-1.0,-1.0,-1.0,-1.0,-1.0,-1.0,-1.0,-1.0,-1.0,-1.0,-1.0,-1.0,-1.0,-1.0,-1.0,-1.0,-1.0,-1.0,-1.0,-1.0,-1.0,-1.0,-1.0,-1.0,-1.0,-1.0,-1.0,-1.0,-1.0,-1.0,-1.0,-1.0,-1.0,-1.0,-1.0,-1.0,-1.0,-1.0,-1.0,-1.0,-1.0,-1.0,-1.0
-1.0,-1.0,-1.0,-1.0,-1.0,-1.0,-1.0,-1.0,-1.0,-1.0,-1.0,-1.0,-1.0,-1.0,-1.0,-1.0,-1.0,-1.0,-1.0,-1.0,-1.0,-1.0,-1.0,-1.0,-1.0,-1.0,-1.0,-1.0,-1.0,-1.0,-1.0,-1.0,-1.0,-1.0,-1.0,-1.0,-1.0,-1.0,-1.0,-1.0,-1.0,-1.0,-1.0,-1.0,-1.0,-1.0,-1.0,-1.0,-1.0,-1.0,-1.0,-1.0,-1.0,-1.0,-1.0,-1.0,-1.0,-1.0,-1.0,-1.0,-1.0,-1.0,-1.0,-1.0,-1.0,-1.0,-1.0,-1.0,-1.0,-1.0,-1.0,-1.0,-1.0,-1.0,-1.0,-1.0,-1.0,-1.0,-1.0,-1.0,-1.0,-1.0,-1.0,-1.0,-1.0,-1.0,-1.0,-1.0,-1.0,-1.0,-1.0,-1.0,-1.0,-1.0,-1.0,-1.0,-1.0,-1.0,-1.0,-1.0,-1.0,-1.0,-1.0,-1.0,-1.0,-1.0,-1.0,-1.0,-1.0,-1.0,-1.0,-1.0,-1.0,-1.0,-1.0,-1.0,-1.0,-1.0,-1.0,-1.0,-1.0,-1.0,-1.0,-1.0,-1.0,-1.0,-1.0,-1.0,-1.0,-1.0,-1.0,-1.0,-1.0,-1.0,-1.0,-1.0,-1.0,-1.0,-1.0,-1.0,-1.0,-1.0,-1.0,-1.0,-1.0,-1.0,-1.0,-1.0,-1.0,-1.0,-1.0,-1.0,-1.0,-1.0,-1.0,-1.0,-1.0,-1.0,-1.0,-1.0,-1.0,-1.0,-1.0,-1.0,-1.0,-1.0,-1.0,-1.0,-1.0,-1.0,-1.0,-1.0,-1.0,-1.0,-1.0,-1.0,-1.0,-1.0,-1.0,-1.0,-1.0,-1.0,-1.0,-1.0,-1.0,-1.0,-1.0,-1.0,-1.0,-1.0,-1.0,-1.0,-1.0,-1.0,-1.0,-1.0,-1.0,-1.0,-1.0,-1.0,-1.0,-1.0,-1.0,-1.0,-1.0,-1.0,-1.0,-1.0,-1.0,-1.0,-1.0,-1.0,-1.0,-1.0,-1.0,-1.0,-1.0,-1.0,-1.0,-1.0,-1.0,-1.0,-1.0,-1.0,-1.0,-1.0,-1.0,-1.0,-1.0,-1.0,-1.0,-1.0,-1.0,-1.0,-1.0,-1.0,-1.0,-1.0,-1.0,-1.0,-1.0,-1.0,-1.0,-1.0,-1.0,-1.0,-1.0,-1.0,-1.0,-1.0,-1.0,-1.0,-1.0,-1.0,-1.0,-1.0,-1.0,-1.0,-1.0
-1.0,-1.0,-1.0,-1.0,-1.0,-1.0,-1.0,-1.0,-1.0,-1.0,-1.0,-1.0,-1.0,-1.0,-1.0,-1.0,-1.0,-1.0,-1.0,-1.0,-1.0,-1.0,-1.0,-1.0,-1.0,-1.0,-1.0,-1.0,-1.0,-1.0,-1.0,-1.0,-1.0,-1.0,-1.0,-1.0,-1.0,-1.0,-1.0,-1.0,-1.0,-1.0,-1.0,-1.0,-1.0,-1.0,-1.0,-1.0,-1.0,-1.0,-1.0,-1.0,-1.0,-1.0,-1.0,-1.0,-1.0,-1.0,-1.0,-1.0,-1.0,-1.0,-1.0,-1.0,-1.0,-1.0,-1.0,-1.0,-1.0,-1.0,-1.0,-1.0,-1.0,-1.0,-1.0,-1.0,-1.0,-1.0,-1.0,-1.0,-1.0,-1.0,-1.0,-1.0,-1.0,-1.0,-1.0,-1.0,-1.0,-1.0,-1.0,-1.0,-1.0,-1.0,-1.0,-1.0,-1.0,-1.0,-1.0,-1.0,-1.0,-1.0,-1.0,-1.0,-1.0,-1.0,-1.0,-1.0,-1.0,-1.0,-1.0,-1.0,-1.0,-1.0,-1.0,-1.0,-1.0,-1.0,-1.0,-1.0,-1.0,-1.0,-1.0,-1.0,-1.0,-1.0,-1.0,-1.0,-1.0,-1.0,-1.0,-1.0,-1.0,-1.0,-1.0,-1.0,-1.0,-1.0,-1.0,-1.0,-1.0,-1.0,-1.0,-1.0,-1.0,-1.0,-1.0,-1.0,-1.0,-1.0,-1.0,-1.0,-1.0,-1.0,-1.0,-1.0,-1.0,-1.0,-1.0,-1.0,-1.0,-1.0,-1.0,-1.0,-1.0,-1.0,-1.0,-1.0,-1.0,-1.0,-1.0,-1.0,-1.0,-1.0,-1.0,-1.0,-1.0,-1.0,-1.0,-1.0,-1.0,-1.0,-1.0,-1.0,-1.0,-1.0,-1.0,-1.0,-1.0,-1.0,-1.0,-1.0,-1.0,-1.0,-1.0,-1.0,-1.0,-1.0,-1.0,-1.0,-1.0,-1.0,-1.0,-1.0,-1.0,-1.0,-1.0,-1.0,-1.0,-1.0,-1.0,-1.0,-1.0,-1.0,-1.0,-1.0,-1.0,-1.0,-1.0,-1.0,-1.0,-1.0,-1.0,-1.0,-1.0,-1.0,-1.0,-1.0,-1.0,-1.0,-1.0,-1.0,-1.0,-1.0,-1.0,-1.0,-1.0,-1.0,-1.0,-1.0,-1.0,-1.0,-1.0,-1.0,-1.0,-1.0,-1.0,-1.0,-1.0,-1.0,-1.0,-1.0,-1.0,-1.0,-1.0,-1.0,-1.0,-1.0,-1.0
-1.0,-1.0,-1.0,-1.0,-1.0,-1.0,-1.0,-1.0,-1.0,-1.0,-1.0,-1.0,-1.0,-1.0,-1.0,-1.0,-1.0,-1.0,-1.0,-1.0,-1.0,-1.0,-1.0,-1.0,-1.0,-1.0,-1.0,-1.0,-1.0,-1.0,-1.0,-1.0,-1.0,-1.0,-1.0,-1.0,-1.0,-1.0,-1.0,-1.0,-1.0,-1.0,-1.0,-1.0,-1.0,-1.0,-1.0,-1.0,-1.0,1.0,-1.0,-1.0,-1.0,-1.0,-1.0,-1.0,-1.0,-1.0,-1.0,-1.0,-1.0,-1.0,-1.0,-1.0,-1.0,-1.0,-1.0,-1.0,-1.0,-1.0,-1.0,-1.0,-1.0,-1.0,-1.0,-1.0,-1.0,-1.0,-1.0,-1.0,-1.0,-1.0,-1.0,-1.0,-1.0,-1.0,-1.0,-1.0,-1.0,-1.0,-1.0,-1.0,-1.0,-1.0,-1.0,-1.0,-1.0,-1.0,-1.0,-1.0,-1.0,-1.0,-1.0,-1.0,-1.0,-1.0,-1.0,-1.0,-1.0,-1.0,-1.0,-1.0,-1.0,-1.0,-1.0,-1.0,-1.0,-1.0,-1.0,-1.0,-1.0,-1.0,-1.0,-1.0,-1.0,-1.0,-1.0,-1.0,-1.0,-1.0,-1.0,-1.0,-1.0,-1.0,-1.0,-1.0,-1.0,-1.0,-1.0,-1.0,-1.0,-1.0,-1.0,-1.0,-1.0,-1.0,-1.0,-1.0,-1.0,-1.0,-1.0,-1.0,-1.0,-1.0,-1.0,-1.0,-1.0,-1.0,-1.0,-1.0,-1.0,-1.0,-1.0,-1.0,-1.0,-1.0,-1.0,-1.0,-1.0,-1.0,-1.0,-1.0,-1.0,-1.0,-1.0,-1.0,-1.0,-1.0,-1.0,-1.0,-1.0,-1.0,-1.0,-1.0,-1.0,-1.0,-1.0,-1.0,-1.0,-1.0,-1.0,-1.0,-1.0,-1.0,-1.0,-1.0,-1.0,-1.0,-1.0,-1.0,-1.0,-1.0,-1.0,-1.0,-1.0,-1.0,-1.0,-1.0,-1.0,-1.0,-1.0,-1.0,-1.0,-1.0,-1.0,-1.0,-1.0,-1.0,-1.0,-1.0,-1.0,-1.0,-1.0,-1.0,-1.0,-1.0,-1.0,-1.0,-1.0,-1.0,-1.0,-1.0,-1.0,-1.0,-1.0,-1.0,-1.0,-1.0,-1.0,-1.0,-1.0,-1.0,-1.0,-1.0,-1.0,-1.0,-1.0,-1.0,-1.0,-1.0,-1.0,-1.0,-1.0,-1.0,-1.0,-1.0,-1.0,-1.0,-1.0
-1.0,-1.0,-1.0,-1.0,-1.0,-1.0,-1.0,-1.0,-1.0,-1.0,-1.0,-1.0,-1.0,-1.0,-1.0,-1.0,-1.0,-1.0,-1.0,-1.0,-1.0,-1.0,-1.0,-1.0,-1.0,-1.0,-1.0,-1.0,-1.0,-1.0,-1.0,-1.0,-1.0,-1.0,-1.0,-1.0,-1.0,-1.0,-1.0,-1.0,-1.0,-1.0,-1.0,-1.0,-1.0,-1.0,-1.0,-1.0,-1.0,-1.0,-1.0,-1.0,-1.0,-1.0,-1.0,-1.0,-1.0,-1.0,-1.0,-1.0,-1.0,-1.0,-1.0,-1.0,-1.0,-1.0,-1.0,-1.0,-1.0,-1.0,-1.0,-1.0,-1.0,-1.0,-1.0,-1.0,-1.0,-1.0,-1.0,-1.0,-1.0,-1.0,-1.0,-1.0,-1.0,-1.0,-1.0,-1.0,-1.0,-1.0,-1.0,-1.0,-1.0,-1.0,-1.0,-1.0,-1.0,-1.0,-1.0,-1.0,-1.0,-1.0,-1.0,-1.0,-1.0,-1.0,-1.0,-1.0,-1.0,-1.0,-1.0,-1.0,-1.0,-1.0,-1.0,-1.0,-1.0,-1.0,-1.0,-1.0,-1.0,-1.0,-1.0,-1.0,-1.0,-1.0,-1.0,-1.0,-1.0,-1.0,-1.0,-1.0,-1.0,-1.0,-1.0,-1.0,-1.0,-1.0,-1.0,-1.0,-1.0,-1.0,-1.0,-1.0,-1.0,-1.0,-1.0,-1.0,-1.0,-1.0,-1.0,-1.0,-1.0,-1.0,-1.0,-1.0,-1.0,-1.0,-1.0,-1.0,-1.0,-1.0,-1.0,-1.0,-1.0,-1.0,-1.0,-1.0,-1.0,-1.0,-1.0,-1.0,-1.0,-1.0,-1.0,-1.0,-1.0,-1.0,-1.0,-1.0,-1.0,-1.0,-1.0,-1.0,-1.0,-1.0,-1.0,-1.0,-1.0,-1.0,-1.0,-1.0,-1.0,-1.0,-1.0,-1.0,-1.0,-1.0,-1.0,-1.0,-1.0,-1.0,-1.0,-1.0,-1.0,-1.0,-1.0,-1.0,-1.0,-1.0,-1.0,-1.0,-1.0,-1.0,-1.0,-1.0,-1.0,-1.0,-1.0,-1.0,-1.0,-1.0,-1.0,-1.0,-1.0,-1.0,-1.0,-1.0,-1.0,-1.0,-1.0,-1.0,-1.0,-1.0,-1.0,-1.0,-1.0,-1.0,-1.0,-1.0,-1.0,-1.0,-1.0,-1.0,-1.0,-1.0,-1.0,-1.0,-1.0,-1.0,-1.0,-1.0,-1.0,-1.0,-1.0,-1.0,-1.0,-1.0,-1.0
