-1.0,-1.0,-1.0,1.0,1.0,1.0,1.0,1.0,-1.0,-1.0,-1.0,-1.0,-1.0,-1.0,-1.0,-1.0,-1.0,-1.0,-1.0,1.0,1.0,1.0,1.0,1.0,1.0,1.0,1.0,-1.0,1.0,1.0,1.0,1.0,1.0,1.0,1.0,1.0,1.0,-1.0,-1.0,-1.0,-1.0,-1.0,-1.0,1.0,-1.0,-1.0,-1.0,1.0,-1.0,-1.0,-1.0,-1.0,-1.0,1.0,1.0,-1.0,-1.0,1.0,-1.0,-1.0,-1.0,1.0,1.0,-1.0,-1.0,-1.0,-1.0,-1.0,-1.0,-1.0,-1.0,1.0,-1.0,-1.0,-1.0,-1.0,-1.0,-1.0,-1.0,-1.0,-1.0,-1.0,-1.0,-1.0,-1.0,-1.0,1.0,1.0,1.0,1.0,1.0,1.0,1.0,1.0,1.0,1.0,1.0,1.0,1.0,-1.0,-1.0,-1.0,-1.0,-1.0,-1.0,-1.0,-1.0,-1.0,-1.0,1.0,1.0,1.0,1.0,1.0,1.0,1.0,1.0,1.0,1.0,1.0,1.0,1.0,1.0,1.0,1.0,-1.0,-1.0,-1.0,-1.0,-1.0,-1.0,-1.0,-1.0,-1.0,-1.0,1.0,1.0,1.0,-1.0,1.0,1.0,1.0,1.0,1.0,1.0,1.0,1.0,1.0,1.0,1.0,1.0,1.0,1.0,1.0,1.0,1.0,1.0,1.0,1.0,1.0,1.0,1.0,1.0,1.0,1.0,1.0,1.0,1.0,-1.0,1.0,-1.0,1.0,-1.0,-1.0,-1.0,1.0,1.0,1.0,1.0,1.0,1.0,-1.0,-1.0,1.0,1.0,1.0,1.0,1.0,1.0,-1.0,1.0,1.0,-1.0,1.0,-1.0,-1.0,-1.0,1.0,1.0,1.0,1.0,1.0,1.0,-1.0,1.0,1.0,-1.0,1.0,-1.0,-1.0,-1.0,-1.0,-1.0,1.0,1.0,1.0,1.0,1.0,1.0,1.0,-1.0,-1.0,1.0,1.0,-1.0,1.0,-1.0,-1.0,-1.0,-1.0,-1.0,-1.0,-1.0,-1.0,-1.0,1.0,1.0,1.0,1.0,1.0,1.0,1.0,-1.0,-1.0,1.0,-1.0,1.0,1.0,1.0,1.0,1.0,1.0,-1.0,1.0,1.0,-1.0,1.0,-1.0,-1.0,-1.0,-1.0,-1.0,1.0,1.0,1.0,-1.0,1.0,-1.0,-1.0,-1.0,-1.0,-1.0,-1.0,1.0,-1.0,1.0,1.0,1.0,1.0,1.0,1.0,-1.0,-1.0,-1.0,-1.0,1.0,-1.0,1.0,1.0,-1.0,1.0,-1.0,-1.0,1.0,1.0,-1.0,1.0,-1.0,-1.0,-1.0,1.0,1.0,-1.0,1.0,-1.0,-1.0,1.0,-1.0,-1.0,-1.0,1.0,-1.0,1.0,1.0,-1.0,1.0,-1.0,-1.0,-1.0,-1.0,1.0,1.0,-1.0,1.0,-1.0,-1.0,-1.0,-1.0,1.0,-1.0,1.0,1.0,1.0,-1.0,1.0,-1.0,-1.0,-1.0,-1.0,1.0,1.0,-1.0,1.0,-1.0,-1.0,1.0,-1.0,-1.0,-1.0,-1.0,-1.0,1.0,1.0,1.0,-1.0,1.0,-1.0,-1.0,-1.0,-1.0,-1.0,-1.0,-1.0,-1.0,1.0,1.0,1.0,-1.0,1.0,-1.0,-1.0,-1.0,1.0,-1.0,1.0,1.0,-1.0,1.0,-1.0,-1.0,1.0,1.0,-1.0,1.0,-1.0,-1.0,-1.0,1.0,-1.0,1.0,1.0,-1.0,1.0,-1.0,-1.0,-1.0,1.0,1.0,-1.0,1.0,-1.0,-1.0,-1.0,-1.0,-1.0,-1.0,-1.0,1.0,-1.0,-1.0,1.0,1.0,1.0,-1.0,1.0,-1.0,-1.0,-1.0,1.0,1.0,-1.0,1.0,-1.0,-1.0,-1.0,-1.0,1.0,1.0,-1.0,1.0,-1.0,-1.0,-1.0,-1.0,-1.0,1.0,-1.0,1.0,1.0,1.0,-1.0,1.0,-1.0,-1.0,-1.0,1.0,-1.0,1.0,1.0,-1.0,1.0,-1.0,-1.0,1.0,1.0,-1.0,1.0,-1.0,-1.0,-1.0,-1.0,1.0,1.0,-1.0,1.0,-1.0,-1.0,-1.0,-1.0,-1.0,-1.0,1.0,1.0,1.0,-1.0,1.0,-1.0,-1.0,-1.0,-1.0,1.0,1.0,-1.0,1.0,-1.0,-1.0,-1.0,-1.0,-1.0,-1.0,-1.0,-1.0,1.0,1.0,-1.0,1.0,-1.0,-1.0,-1.0,-1.0,-1.0,-1.0,1.0,-1.0,1.0,1.0,1.0,-1.0,1.0,-1.0,-1.0,-1.0,-1.0,1.0,1.0,-1.0,1.0,-1.0,-1.0,1.0,1.0,-1.0,1.0,-1.0,-1.0,-1.0,-1.0,-1.0,-1.0,-1.0,1.0,1.0,1.0,-1.0,1.0,-1.0,-1.0,-1.0,-1.0,1.0,-1.0,1.0,1.0,-1.0,1.0,-1.0,-1.0,-1.0,-1.0,-1.0,-1.0,-1.0,1.0,-1.0,1.0,1.0,1.0,-1.0,1.0,-1.0,-1.0,-1.0,-1.0,1.0,-1.0,1.0,1.0,-1.0,1.0,-1.0,-1.0,1.0,1.0,-1.0,1.0,-1.0,-1.0,-1.0,1.0,1.0,-1.0,1.0,-1.0,-1.0,-1.0,1.0,1.0,-1.0,1.0,-1.0,-1.0,-1.0,-1.0,1.0,1.0,1.0,-1.0,1.0,-1.0,-1.0,-1.0,1.0,1.0,-1.0,1.0,-1.0,-1.0,-1.0,-1.0,-1.0,-1.0,1.0,1.0,-1.0,1.0,-1.0,-1.0,-1.0,-1.0,1.0,1.0,1.0,-1.0,1.0,-1.0,-1.0,-1.0,-1.0,-1.0,-1.0,-1.0,1.0,1.0,1.0,-1.0,1.0,-1.0,-1.0,1.0,1.0,-1.0,1.0,-1.0,-1.0,-1.0,-1.0,1.0,1.0,-1.0,-1.0,-1.0,-1.0,-1.0,-1.0,-1.0,-1.0,1.0,1.0,1.0,1.0,1.0,-1.0,-1.0,-1.0,-1.0,-1.0,-1.0,-1.0,-1.0,-1.0,-1.0,-1.0,1.0,1.0,-1.0,-1.0,-1.0,-1.0,-1.0,-1.0,-1.0,-1.0,-1.0,-1.0,-1.0,1.0,1.0,1.0,1.0,1.0,1.0,1.0,1.0,1.0,1.0,1.0,1.0,-1.0,-1.0,-1.0,-1.0,-1.0,-1.0,-1.0,-1.0,-1.0,-1.0,-1.0,1.0,1.0,-1.0,-1.0,1.0,1.0,-1.0,1.0,1.0,1.0,-1.0,-1.0,-1.0
-1.0,-1.0,-1.0,-1.0,-1.0,-1.0,-1.0,-1.0,-1.0,-1.0,-1.0,-1.0,-1.0,-1.0,-1.0,-1.0,-1.0,-1.0,-1.0,-1.0,-1.0,-1.0,-1.0,-1.0,-1.0,-1.0,-1.0,-1.0,-1.0,-1.0,-1.0,-1.0,-1.0,-1.0,-1.0,-1.0,-1.0,-1.0,-1.0,-1.0,-1.0,-1.0,-1.0,-1.0,-1.0,-1.0,-1.0,-1.0,-1.0,-1.0,-1.0,-1.0,-1.0,-1.0,-1.0,-1.0,-1.0,-1.0,-1.0,-1.0,-1.0,-1.0,-1.0,-1.0,-1.0,-1.0,-1.0,-1.0,-1.0,-1.0,-1.0,-1.0,-1.0,-1.0,-1.0,-1.0,-1.0,-1.0,-1.0,-1.0,-1.0,-1.0,-1.0,-1.0,-1.0,-1.0,-1.0,-1.0,-1.0,-1.0,-1.0,-1.0,-1.0,-1.0,-1.0,-1.0,-1.0,-1.0,-1.0,-1.0,-1.0,-1.0,-1.0,-1.0,-1.0,-1.0,-1.0,-1.0,-1.0,-1.0,-1.0,-1.0,-1.0,-1.0,-1.0,-1.0,-1.0,-1.0,-1.0,-1.0,-1.0,-1.0,-1.0,-1.0,-1.0,-1.0,-1.0,-1.0,-1.0,-1.0,-1.0,-1.0,-1.0,-1.0,-1.0,-1.0,-1.0,-1.0,-1.0,-1.0,-1.0,1.0,-1.0,-1.0,-1.0,1.0,-1.0,-1.0,-1.0,1.0,-1.0,-1.0,-1.0,1.0,-1.0,-1.0,-1.0,1.0,-1.0,-1.0,-1.0,1.0,-1.0,-1.0,-1.0,1.0,-1.0,-1.0,-1.0,-1.0,-1.0,1.0,-1.0,-1.0,-1.0,1.0,1.0,-1.0,1.0,-1.0,-1.0,-1.0,-1.0,1.0,1.0,-1.0,1.0,-1.0,-1.0,-1.0,1.0,1.0,-1.0,1.0,-1.0,-1.0,-1.0,1.0,1.0,-1.0,1.0,-1.0,-1.0,-1.0,1.0,1.0,-1.0,1.0,-1.0,-1.0,-1.0,-1.0,-1.0,1.0,1.0,1.0,-1.0,1.0,-1.0,-1.0,-1.0,-1.0,1.0,1.0,-1.0,1.0,-1.0,-1.0,-1.0,-1.0,-1.0,-1.0,-1.0,-1.0,-1.0,1.0,1.0,1.0,-1.0,1.0,-1.0,-1.0,-1.0,-1.0,-1.0,-1.0,1.0,1.0,-1.0,1.0,-1.0,-1.0,-1.0,1.0,1.0,-1.0,1.0,-1.0,-1.0,-1.0,-1.0,-1.0,1.0,1.0,1.0,-1.0,1.0,-1.0,-1.0,-1.0,-1.0,-1.0,-1.0,1.0,-1.0,1.0,1.0,-1.0,1.0,-1.0,-1.0,-1.0,-1.0,-1.0,-1.0,-1.0,-1.0,1.0,1.0,-1.0,1.0,-1.0,-1.0,1.0,1.0,-1.0,1.0,-1.0,-1.0,-1.0,1.0,1.0,-1.0,1.0,-1.0,-1.0,-1.0,-1.0,-1.0,-1.0,-1.0,-1.0,1.0,1.0,-1.0,1.0,-1.0,-1.0,-1.0,-1.0,1.0,1.0,-1.0,1.0,-1.0,-1.0,-1.0,-1.0,-1.0,-1.0,1.0,1.0,1.0,-1.0,1.0,-1.0,-1.0,-1.0,-1.0,1.0,1.0,-1.0,1.0,-1.0,-1.0,-1.0,-1.0,-1.0,-1.0,-1.0,-1.0,1.0,1.0,1.0,-1.0,1.0,-1.0,-1.0,-1.0,-1.0,-1.0,-1.0,-1.0,-1.0,1.0,1.0,1.0,-1.0,1.0,-1.0,-1.0,-1.0,-1.0,-1.0,1.0,1.0,-1.0,1.0,-1.0,-1.0,1.0,1.0,-1.0,1.0,-1.0,-1.0,-1.0,-1.0,-1.0,1.0,1.0,-1.0,1.0,-1.0,-1.0,-1.0,1.0,1.0,-1.0,1.0,-1.0,-1.0,-1.0,-1.0,-1.0,-1.0,-1.0,-1.0,-1.0,-1.0,1.0,1.0,1.0,-1.0,1.0,-1.0,-1.0,-1.0,1.0,1.0,-1.0,1.0,-1.0,-1.0,-1.0,-1.0,1.0,1.0,-1.0,1.0,-1.0,-1.0,-1.0,-1.0,-1.0,-1.0,-1.0,1.0,1.0,1.0,-1.0,1.0,-1.0,-1.0,-1.0,-1.0,-1.0,1.0,1.0,-1.0,1.0,-1.0,-1.0,1.0,1.0,-1.0,1.0,-1.0,-1.0,-1.0,-1.0,1.0,1.0,-1.0,1.0,-1.0,-1.0,-1.0,-1.0,-1.0,-1.0,1.0,1.0,1.0,-1.0,1.0,-1.0,-1.0,-1.0,-1.0,1.0,1.0,-1.0,1.0,-1.0,-1.0,-1.0,-1.0,-1.0,-1.0,-1.0,-1.0,1.0,1.0,-1.0,1.0,-1.0,-1.0,-1.0,-1.0,-1.0,-1.0,-1.0,-1.0,-1.0,1.0,1.0,-1.0,1.0,-1.0,-1.0,-1.0,-1.0,1.0,1.0,-1.0,1.0,-1.0,-1.0,1.0,1.0,-1.0,1.0,-1.0,-1.0,-1.0,-1.0,-1.0,-1.0,-1.0,-1.0,1.0,1.0,-1.0,1.0,-1.0,-1.0,-1.0,-1.0,-1.0,-1.0,1.0,1.0,-1.0,1.0,-1.0,-1.0,-1.0,-1.0,-1.0,-1.0,-1.0,-1.0,-1.0,1.0,1.0,1.0,-1.0,1.0,-1.0,-1.0,-1.0,-1.0,-1.0,-1.0,1.0,1.0,-1.0,1.0,-1.0,-1.0,1.0,1.0,-1.0,1.0,-1.0,-1.0,-1.0,1.0,1.0,-1.0,1.0,-1.0,-1.0,-1.0,1.0,1.0,-1.0,1.0,-1.0,-1.0,-1.0,-1.0,1.0,1.0,1.0,-1.0,1.0,-1.0,-1.0,-1.0,1.0,1.0,-1.0,1.0,-1.0,-1.0,-1.0,-1.0,-1.0,-1.0,1.0,1.0,-1.0,1.0,-1.0,-1.0,-1.0,-1.0,1.0,1.0,1.0,-1.0,1.0,-1.0,-1.0,-1.0,-1.0,-1.0,-1.0,-1.0,1.0,1.0,1.0,-1.0,1.0,-1.0,-1.0,1.0,1.0,-1.0,1.0,-1.0,-1.0,-1.0,-1.0,1.0,1.0,-1.0,-1.0,-1.0,-1.0,-1.0,-1.0,-1.0,-1.0,-1.0,-1.0,-1.0,-1.0,-1.0,-1.0,-1.0,-1.0,-1.0,-1.0,-1.0,-1.0,-1.0,-1.0,-1.0,-1.0,-1.0,-1.0,-1.0,-1.0,-1.0,-1.0,-1.0,-1.0,-1.0,-1.0,-1.0,-1.0,-1.0,-1.0,-1.0,-1.0,-1.0,-1.0,-1.0,-1.0,-1.0,-1.0,-1.0,-1.0,-1.0,-1.0,-1.0,-1.0,-1.0,-1.0,-1.0,-1.0,-1.0,-1.0,-1.0,-1.0,-1.0,-1.0,-1.0,-1.0,-1.0,-1.0,-1.0,-1.0,-1.0,-1.0,-1.0,-1.0,-1.0
0.0,0.0,0.0,0.0,0.0,0.0,0.0,0.0,0.0,0.0,0.0,0.0,0.0,0.0,0.0,0.0,0.0,0.0,0.0,0.0,0.0,0.0,0.0,0.0,0.0,0.0,0.0,0.0,0.0,0.0,0.0,0.0,0.0,0.0,0.0,0.0,0.0,0.0,0.0,0.0,0.0,0.0,0.0,0.0,0.0,0.0,0.0,0.0,0.0,0.0,0.0,0.0,0.0,0.0,0.0,0.0,0.0,0.0,0.0,0.0,0.0,0.0,0.0,0.0,0.0,0.0,0.0,0.0,0.0,0.0,0.0,0.0,0.0,0.0,0.0,0.0,0.0,0.0,0.0,0.0,0.0,0.0,0.0,0.0,0.0,0.0,0.0,0.0,0.0,0.0,0.0,0.0,0.0,0.0,0.0,0.0,0.0,0.0,0.0,0.0,0.0,0.0,0.0,0.0,0.0,0.0,0.0,0.0,0.0,0.0,0.0,0.0,0.0,0.0,0.0,0.0,0.0,0.0,0.0,0.0,0.0,0.0,0.0,0.0,0.0,0.0,0.0,0.0,0.0,0.0,0.0,0.0,0.0,0.0,0.0,0.0,0.0,0.0,0.0,0.0,0.0,0.0,0.0,0.0,0.0,0.0,0.0,0.0,0.0,0.0,0.0,0.0,0.0,0.0,0.0,0.0,0.0,0.0,0.0,0.0,0.0,0.0,0.0,0.0,0.0,0.0,0.0,0.0,0.0,0.0,0.0,0.0,0.0,0.0,0.0,0.0,0.0,0.0,0.0,0.0,0.0,0.0,0.0,0.0,0.0,0.0,0.0,0.0,0.0,0.0,0.0,0.0,0.0,0.0,0.0,0.0,0.0,0.0,0.0,0.0,0.0,0.0,0.0,0.0,0.0,0.0,0.0,0.0,0.0,0.0,0.0,0.0,0.0,0.0,0.0,0.0,0.0,0.0,0.0,0.0,0.0,0.0,0.0,0.0,0.0,0.0,0.0,0.0,0.0,0.0,0.0,0.0,0.0,0.0,0.0,0.0,0.0,0.0,0.0,0.0,0.0,0.0,0.0,0.0,0.0,0.0,0.0,0.0,0.0,0.0,0.0,0.0,0.0,0.0,0.0,0.0,0.0,0.0,0.0,0.0,0.0,0.0,0.0,0.0,0.0,0.0,0.0,0.0,0.0,0.0,0.0,0.0,0.0,0.0,0.0,0.0,0.0,0.0,0.0,0.0,0.0,0.0,0.0,0.0,0.0,0.0,0.0,0.0,0.0,0.0,0.0,0.0,0.0,0.0,0.0,0.0,0.0,0.0,0.0,0.0,0.0,0.0,0.0,0.0,0.0,0.0,0.0,0.0,0.0,0.0,0.0,0.0,0.0,0.0,0.0,0.0,0.0,0.0,0.0,0.0,0.0,0.0,0.0,0.0,0.0,0.0,0.0,0.0,0.0,0.0,0.0,0.0,0.0,0.0,0.0,0.0,0.0,0.0,0.0,0.0,0.0,0.0,0.0,0.0,0.0,0.0,0.0,0.0,0.0,0.0,0.0,0.0,0.0,0.0,0.0,0.0,0.0,0.0,0.0,0.0,0.0,0.0,0.0,0.0,0.0,0.0,0.0,0.0,0.0,0.0,0.0,0.0,0.0,0.0,0.0,0.0,0.0,0.0,0.0,0.0,0.0,0.0,0.0,0.0,0.0,0.0,0.0,0.0,0.0,0.0,0.0,0.0,0.0,0.0,0.0,0.0,0.0,0.0,0.0,0.0,0.0,0.0,0.0,0.0,0.0,0.0,0.0,0.0,0.0,0.0,0.0,0.0,0.0,0.0,0.0,0.0,0.0,0.0,0.0,0.0,0.0,0.0,0.0,0.0,0.0,0.0,0.0,0.0,0.0,0.0,0.0,0.0,0.0,0.0,0.0,0.0,0.0,0.0,0.0,0.0,0.0,0.0,0.0,0.0,0.0,0.0,0.0,0.0,0.0,0.0,0.0,0.0,0.0,0.0,0.0,0.0,0.0,0.0,0.0,0.0,0.0,0.0,0.0,0.0,0.0,0.0,0.0,0.0,0.0,0.0,0.0,0.0,0.0,0.0,0.0,0.0,0.0,0.0,0.0,0.0,0.0,0.0,0.0,0.0,0.0,0.0,0.0,0.0,0.0,0.0,0.0,0.0,0.0,0.0,0.0,0.0,0.0,0.0,0.0,0.0,0.0,0.0,0.0,0.0,0.0,0.0,0.0,0.0,0.0,0.0,0.0,0.0,0.0,0.0,0.0,0.0,0.0,0.0,0.0,0.0,0.0,0.0,0.0,0.0,0.0,0.0,0.0,0.0,0.0,0.0,0.0,0.0,0.0,0.0,0.0,0.0,0.0,0.0,0.0,0.0,0.0,0.0,0.0,0.0,0.0,0.0,0.0,0.0,0.0,0.0,0.0,0.0,0.0,0.0,0.0,0.0,0.0,0.0,0.0,0.0,0.0,0.0,0.0,0.0,0.0,0.0,0.0,0.0,0.0,0.0,0.0,0.0,0.0,0.0,0.0,0.0,0.0,0.0,0.0,0.0,0.0,0.0,0.0,0.0,0.0,0.0,0.0,0.0,0.0,0.0,0.0,0.0,0.0,0.0,0.0,0.0,0.0,0.0,0.0,0.0,0.0,0.0,0.0,0.0,0.0,0.0,0.0,0.0,0.0,0.0,0.0,0.0,0.0,0.0,0.0,0.0,0.0,0.0,0.0,0.0,0.0,0.0,0.0,0.0,0.0,0.0,0.0,0.0,0.0,0.0,0.0,0.0,0.0,0.0,0.0,0.0,0.0,0.0,0.0,0.0,0.0,0.0,0.0,0.0,0.0,0.0,0.0,0.0,0.0,0.0,0.0,0.0,0.0,0.0,0.0,0.0,0.0,0.0,0.0,0.0,0.0,0.0,0.0,0.0,0.0,0.0,0.0,0.0,0.0,0.0,0.0,0.0,0.0,0.0,0.0,0.0,0.0,0.0,0.0,0.0,0.0,0.0,0.0,0.0,0.0,0.0,0.0,0.0,0.0,0.0,0.0,0.0,0.0,0.0,0.0,0.0,0.0,0.0,0.0,0.0,0.0,0.0,0.0,0.0,0.0,0.0,0.0,0.0,0.0,0.0,0.0,0.0,0.0,0.0,0.0,0.0,0.0,0.0,0.0,0.0,0.0
0.30918791307372295,0.30918791307372295,0.30918791307372295,0.30918791307372295,0.30918791307372295,0.30918791307372295,0.30918791307372295,0.30918791307372295,0.30918791307372295,0.30918791307372295,0.30918791307372295,0.30918791307372295,0.30918791307372295,0.30918791307372295,0.30918791307372295,0.30918791307372295,0.30918791307372295,0.30918791307372295,0.30918791307372295,0.30918791307372295,0.30918791307372295,0.30918791307372295,0.30918791307372295,0.30918791307372295,0.30918791307372295,0.30918791307372295,0.30918791307372295,0.30918791307372295,0.30918791307372295,0.30918791307372295,0.30918791307372295,0.30918791307372295,0.30918791307372295,0.30918791307372295,0.30918791307372295,0.30918791307372295,0.30918791307372295,0.30918791307372295,0.30918791307372295,0.30918791307372295,0.30918791307372295,0.30918791307372295,0.30918791307372295,0.30918791307372295,0.30918791307372295,0.30918791307372295,0.30918791307372295,0.30918791307372295,0.30918791307372295,0.30918791307372295,0.30918791307372295,0.30918791307372295,0.30918791307372295,0.30918791307372295,0.30918791307372295,0.30918791307372295,0.30918791307372295,0.30918791307372295,0.30918791307372295,0.30918791307372295,0.30918791307372295,0.30918791307372295,0.30918791307372295,0.30918791307372295,0.30918791307372295,0.30918791307372295,0.30918791307372295,0.30918791307372295,0.30918791307372295,0.30918791307372295,0.30918791307372295,0.30918791307372295,0.30918791307372295,0.30918791307372295,0.30918791307372295,0.30918791307372295,0.30918791307372295,0.30918791307372295,0.30918791307372295,0.30918791307372295,0.30918791307372295,0.30918791307372295,0.30918791307372295,0.30918791307372295,0.30918791307372295,0.30918791307372295,0.30918791307372295,0.30918791307372295,0.30918791307372295,0.30918791307372295,0.30918791307372295,0.30918791307372295,0.30918791307372295,0.30918791307372295,0.30918791307372295,0.30918791307372295,0.30918791307372295,0.30918791307372295,0.30918791307372295,0.30918791307372295,0.30918791307372295,0.30918791307372295,0.30918791307372295,0.30918791307372295,0.30918791307372295,0.30918791307372295,0.30918791307372295,0.30918791307372295,0.30918791307372295,0.30918791307372295,0.30918791307372295,0.30918791307372295,0.30918791307372295,0.30918791307372295,0.30918791307372295,0.30918791307372295,0.30918791307372295,0.30918791307372295,0.30918791307372295,0.30918791307372295,0.30918791307372295,0.30918791307372295,0.30918791307372295,0.30918791307372295,0.30918791307372295,0.30918791307372295,0.30918791307372295,0.30918791307372295,0.30918791307372295,0.30918791307372295,0.30918791307372295,0.30918791307372295,0.30918791307372295,0.30918791307372295,0.30918791307372295,0.30918791307372295,0.30918791307372295,0.30918791307372295,0.30918791307372295,0.30918791307372295,0.30918791307372295,0.30918791307372295,0.30918791307372295,0.30918791307372295,0.30918791307372295,0.30918791307372295,0.30918791307372295,0.30918791307372295,0.30918791307372295,0.30918791307372295,0.30918791307372295,0.30918791307372295,0.30918791307372295,0.30918791307372295,0.30918791307372295,0.30918791307372295,0.30918791307372295,0.30918791307372295,0.30918791307372295,0.30918791307372295,0.30918791307372295,0.30918791307372295,0.30918791307372295,0.30918791307372295,0.30918791307372295,0.30918791307372295,0.30918791307372295,0.30918791307372295,0.30918791307372295,0.30918791307372295,0.30918791307372295,0.30918791307372295,0.30918791307372295,0.30918791307372295,0.30918791307372295,0.30918791307372295,0.30918791307372295,0.30918791307372295,0.30918791307372295,0.30918791307372295,0.30918791307372295,0.30918791307372295,0.30918791307372295,0.30918791307372295,0.30918791307372295,0.30918791307372295,0.30918791307372295,0.30918791307372295,0.30918791307372295,0.30918791307372295,0.30918791307372295,0.30918791307372295,0.30918791307372295,0.30918791307372295,0.30918791307372295,0.30918791307372295,0.30918791307372295,0.30918791307372295,0.30918791307372295,0.30918791307372295,0.30918791307372295,0.30918791307372295,0.30918791307372295,0.30918791307372295,0.30918791307372295,0.30918791307372295,0.30918791307372295,0.30918791307372295,0.30918791307372295,0.30918791307372295,0.30918791307372295,0.30918791307372295,0.30918791307372295,0.30918791307372295,0.30918791307372295,0.30918791307372295,0.30918791307372295,0.30918791307372295,0.30918791307372295,0.30918791307372295,0.30918791307372295,0.30918791307372295,0.30918791307372295,0.30918791307372295,0.30918791307372295,0.30918791307372295,0.30918791307372295,0.30918791307372295,0.30918791307372295,0.30918791307372295,0.30918791307372295,0.30918791307372295,0.30918791307372295,0.30918791307372295,0.30918791307372295,0.30918791307372295,0.30918791307372295,0.30918791307372295,0.30918791307372295,0.30918791307372295,0.30918791307372295,0.30918791307372295,0.30918791307372295,0.30918791307372295,0.30918791307372295,0.30918791307372295,0.30918791307372295,0.30918791307372295,0.30918791307372295,0.30918791307372295,0.30918791307372295,0.30918791307372295,0.30918791307372295,0.30918791307372295,0.30918791307372295,0.30918791307372295,0.30918791307372295,0.30918791307372295,0.30918791307372295,0.30918791307372295,0.30918791307372295,0.30918791307372295,0.30918791307372295,0.30918791307372295,0.30918791307372295,0.30918791307372295,0.30918791307372295,0.30918791307372295,0.30918791307372295,0.30918791307372295,0.30918791307372295,0.30918791307372295,0.30918791307372295,0.30918791307372295,0.30918791307372295,0.30918791307372295,0.30918791307372295,0.30918791307372295,0.30918791307372295,0.30918791307372295,0.30918791307372295,0.30918791307372295,0.30918791307372295,0.30918791307372295,0.30918791307372295,0.30918791307372295,0.30918791307372295,0.30918791307372295,0.30918791307372295,0.30918791307372295,0.30918791307372295,0.30918791307372295,0.30918791307372295,0.30918791307372295,0.30918791307372295,0.30918791307372295,0.30918791307372295,0.30918791307372295,0.30918791307372295,0.30918791307372295,0.30918791307372295,0.30918791307372295,0.30918791307372295,0.30918791307372295,0.30918791307372295,0.30918791307372295,0.30918791307372295,0.30918791307372295,0.30918791307372295,0.30918791307372295,0.30918791307372295,0.30918791307372295,0.30918791307372295,0.30918791307372295,0.30918791307372295,0.30918791307372295,0.30918791307372295,0.30918791307372295,0.30918791307372295,0.30918791307372295,0.30918791307372295,0.30918791307372295,0.30918791307372295,0.30918791307372295,0.30918791307372295,0.30918791307372295,0.30918791307372295,0.30918791307372295,0.30918791307372295,0.30918791307372295,0.30918791307372295,0.30918791307372295,0.30918791307372295,0.30918791307372295,0.30918791307372295,0.30918791307372295,0.30918791307372295,0.30918791307372295,0.30918791307372295,0.30918791307372295,0.30918791307372295,0.30918791307372295,0.30918791307372295,0.30918791307372295,0.30918791307372295,0.30918791307372295,0.30918791307372295,0.30918791307372295,0.30918791307372295,0.30918791307372295,0.30918791307372295,0.30918791307372295,0.30918791307372295,0.30918791307372295,0.30918791307372295,0.30918791307372295,0.30918791307372295,0.30918791307372295,0.30918791307372295,0.30918791307372295,0.30918791307372295,0.30918791307372295,0.30918791307372295,0.30918791307372295,0.30918791307372295,0.30918791307372295,0.30918791307372295,0.30918791307372295,0.30918791307372295,0.30918791307372295,0.30918791307372295,0.30918791307372295,0.30918791307372295,0.30918791307372295,0.30918791307372295,0.30918791307372295,0.30918791307372295,0.30918791307372295,0.30918791307372295,0.30918791307372295,0.30918791307372295,0.30918791307372295,0.30918791307372295,0.30918791307372295,0.30918791307372295,0.30918791307372295,0.30918791307372295,0.30918791307372295,0.30918791307372295,0.30918791307372295,0.30918791307372295,0.30918791307372295,0.30918791307372295,0.30918791307372295,0.30918791307372295,0.30918791307372295,0.30918791307372295,0.30918791307372295,0.30918791307372295,0.30918791307372295,0.30918791307372295,0.30918791307372295,0.30918791307372295,0.30918791307372295,-3.234513096367228,0.30918791307372295,0.30918791307372295,0.30918791307372295,0.30918791307372295,0.30918791307372295,0.30918791307372295,0.30918791307372295,0.30918791307372295,0.30918791307372295,0.30918791307372295,0.30918791307372295,0.30918791307372295,0.30918791307372295,0.30918791307372295,0.30918791307372295,0.30918791307372295,0.30918791307372295,0.30918791307372295,0.30918791307372295,0.30918791307372295,0.30918791307372295,0.30918791307372295,0.30918791307372295,0.30918791307372295,0.30918791307372295,0.30918791307372295,0.30918791307372295,0.30918791307372295,0.30918791307372295,0.30918791307372295,0.30918791307372295,0.30918791307372295,0.30918791307372295,0.30918791307372295,0.30918791307372295,0.30918791307372295,0.30918791307372295,0.30918791307372295,0.30918791307372295,0.30918791307372295,0.30918791307372295,0.30918791307372295,0.30918791307372295,0.30918791307372295,0.30918791307372295,0.30918791307372295,0.30918791307372295,0.30918791307372295,0.30918791307372295,0.30918791307372295,0.30918791307372295,0.30918791307372295,0.30918791307372295,0.30918791307372295,0.30918791307372295,0.30918791307372295,0.30918791307372295,0.30918791307372295,0.30918791307372295,0.30918791307372295,0.30918791307372295,0.30918791307372295,0.30918791307372295,0.30918791307372295,0.30918791307372295,0.30918791307372295,0.30918791307372295,0.30918791307372295,0.30918791307372295,0.30918791307372295,0.30918791307372295,0.30918791307372295,0.30918791307372295,0.30918791307372295,0.30918791307372295,0.30918791307372295,0.30918791307372295,0.30918791307372295,0.30918791307372295,0.30918791307372295,0.30918791307372295,0.30918791307372295,0.30918791307372295,0.30918791307372295,0.30918791307372295,0.30918791307372295,0.30918791307372295,0.30918791307372295,0.30918791307372295,0.30918791307372295,0.30918791307372295,0.30918791307372295,0.30918791307372295,0.30918791307372295,0.30918791307372295,0.30918791307372295,0.30918791307372295,0.30918791307372295,0.30918791307372295,0.30918791307372295,0.30918791307372295,0.30918791307372295,0.30918791307372295,0.30918791307372295,0.30918791307372295,0.30918791307372295,0.30918791307372295,0.30918791307372295,0.30918791307372295,0.30918791307372295,0.30918791307372295,0.30918791307372295,0.30918791307372295,0.30918791307372295,0.30918791307372295,0.30918791307372295,0.30918791307372295,0.30918791307372295,0.30918791307372295,0.30918791307372295,0.30918791307372295,0.30918791307372295,0.30918791307372295,0.30918791307372295,0.30918791307372295,0.30918791307372295,0.30918791307372295,0.30918791307372295,0.30918791307372295,0.30918791307372295,0.30918791307372295,0.30918791307372295,0.30918791307372295,0.30918791307372295,0.30918791307372295,0.30918791307372295,0.30918791307372295,0.30918791307372295,0.30918791307372295,0.30918791307372295,0.30918791307372295,0.30918791307372295,0.30918791307372295,0.30918791307372295,0.30918791307372295,0.30918791307372295,-3.234513096367228,0.30918791307372295,0.30918791307372295,0.30918791307372295,0.30918791307372295,0.30918791307372295,0.30918791307372295,0.30918791307372295,0.30918791307372295,0.30918791307372295,0.30918791307372295,0.30918791307372295,0.30918791307372295,0.30918791307372295,0.30918791307372295,0.30918791307372295,0.30918791307372295,0.30918791307372295,0.30918791307372295,0.30918791307372295,0.30918791307372295,0.30918791307372295,0.30918791307372295,0.30918791307372295,0.30918791307372295,0.30918791307372295,0.30918791307372295,0.30918791307372295,0.30918791307372295,0.30918791307372295,0.30918791307372295,0.30918791307372295,0.30918791307372295,0.30918791307372295,0.30918791307372295,0.30918791307372295,0.30918791307372295,0.30918791307372295,0.30918791307372295,0.30918791307372295,0.30918791307372295,0.30918791307372295,0.30918791307372295,0.30918791307372295,0.30918791307372295,0.30918791307372295,0.30918791307372295,0.30918791307372295,0.30918791307372295,0.30918791307372295,0.30918791307372295,0.30918791307372295,0.30918791307372295,0.30918791307372295,0.30918791307372295,0.30918791307372295,0.30918791307372295,0.30918791307372295,0.30918791307372295,0.30918791307372295,0.30918791307372295,0.30918791307372295,0.30918791307372295,0.30918791307372295,0.30918791307372295,0.30918791307372295,0.30918791307372295,0.30918791307372295,0.30918791307372295,0.30918791307372295,0.30918791307372295,0.30918791307372295,0.30918791307372295,0.30918791307372295,0.30918791307372295,0.30918791307372295,0.30918791307372295,0.30918791307372295,0.30918791307372295,0.30918791307372295,0.30918791307372295,0.30918791307372295,0.30918791307372295,0.30918791307372295,0.30918791307372295,0.30918791307372295,0.30918791307372295,0.30918791307372295,0.30918791307372295,0.30918791307372295,0.30918791307372295,0.30918791307372295,0.30918791307372295,0.30918791307372295,0.30918791307372295,0.30918791307372295,0.30918791307372295,0.30918791307372295,0.30918791307372295,0.30918791307372295,0.30918791307372295,0.30918791307372295,0.30918791307372295,0.30918791307372295,0.30918791307372295,0.30918791307372295,0.30918791307372295,0.30918791307372295,0.30918791307372295,0.30918791307372295,0.30918791307372295,0.30918791307372295,0.30918791307372295,0.30918791307372295,0.30918791307372295,0.30918791307372295,0.30918791307372295,0.30918791307372295,0.30918791307372295,0.30918791307372295,0.30918791307372295,0.30918791307372295,0.30918791307372295,0.30918791307372295,0.30918791307372295,0.30918791307372295,0.30918791307372295,0.30918791307372295,0.30918791307372295,0.30918791307372295,0.30918791307372295,0.30918791307372295,0.30918791307372295,0.30918791307372295,0.30918791307372295,0.30918791307372295,0.30918791307372295,0.30918791307372295,0.30918791307372295,0.30918791307372295,0.30918791307372295,0.30918791307372295,0.30918791307372295,0.30918791307372295,0.30918791307372295,0.30918791307372295,0.30918791307372295,0.30918791307372295,0.30918791307372295,0.30918791307372295,0.30918791307372295,0.30918791307372295,0.30918791307372295,0.30918791307372295,0.30918791307372295,0.30918791307372295,0.30918791307372295,0.30918791307372295,0.30918791307372295,0.30918791307372295,0.30918791307372295,0.30918791307372295,0.30918791307372295,0.30918791307372295,0.30918791307372295,0.30918791307372295,0.30918791307372295,0.30918791307372295,0.30918791307372295,0.30918791307372295
-0.10149845550216545,0.08368291488307082,-0.3402387645907802,0.23498711139257678,-1.2519502074688795,-1.2519502074688795,-1.2519502074688795,-0.6767243314855225,-0.6767243314855225,-0.6767243314855225,-0.6767243314855225,-0.6767243314855225,-0.6767243314855225,-0.6767243314855225,-1.2519502074688795,-1.2519502074688795,-1.2519502074688795,-0.6767243314855225,-1.2519502074688795,-0.3402387645907802,-0.6767243314855225,-0.3402387645907802,-0.6767243314855225,-0.3402387645907802,-0.6767243314855225,-0.3402387645907802,-0.6767243314855225,-0.6767243314855225,-0.6767243314855225,-1.2519502074688795,-1.2519502074688795,-1.2519502074688795,-1.2519502074688795,-1.2519502074688795,-1.2519502074688795,-1.2519502074688795,-1.2519502074688795,-0.6767243314855225,-0.6767243314855225,-1.2519502074688795,-1.2519502074688795,-1.2519502074688795,-0.6767243314855225,-1.2519502074688795,-1.2519502074688795,-1.2519502074688795,-1.2519502074688795,-1.2519502074688795,-0.3402387645907802,-1.2519502074688795,-1.2519502074688795,-0.6767243314855225,-1.2519502074688795,-1.2519502074688795,-1.2519502074688795,-1.2519502074688795,-0.6767243314855225,-1.2519502074688795,-1.2519502074688795,-1.2519502074688795,-1.2519502074688795,-0.6767243314855225,-1.2519502074688795,-1.2519502074688795,-1.2519502074688795,-0.6767243314855225,-0.6767243314855225,-1.2519502074688795,-1.2519502074688795,-1.2519502074688795,-1.2519502074688795,-1.2519502074688795,-1.2519502074688795,-1.2519502074688795,-1.2519502074688795,-0.6767243314855225,-0.6767243314855225,-0.6767243314855225,-1.2519502074688795,-1.2519502074688795,-1.2519502074688795,-1.2519502074688795,-1.2519502074688795,0.36291298676789485,-0.3402387645907802,-0.3402387645907802,-1.2519502074688795,-0.6767243314855225,-0.3402387645907802,-0.6767243314855225,-0.3402387645907802,-0.6767243314855225,-0.3402387645907802,-0.6767243314855225,-0.6767243314855225,-1.2519502074688795,-1.2519502074688795,-0.6767243314855225,-0.6767243314855225,-0.3402387645907802,-1.2519502074688795,-1.2519502074688795,-1.2519502074688795,-1.2519502074688795,-0.3402387645907802,-0.3402387645907802,-0.6767243314855225,-0.6767243314855225,-1.2519502074688795,-1.2519502074688795,-1.2519502074688795,-0.6767243314855225,-1.2519502074688795,-1.2519502074688795,-0.6767243314855225,-0.6767243314855225,-1.2519502074688795,-1.2519502074688795,-1.2519502074688795,-1.2519502074688795,-1.2519502074688795,-1.2519502074688795,-1.2519502074688795,-1.2519502074688795,-1.2519502074688795,0.9953943577611701,0.5714726782873192,0.4737274204811915,-1.2519502074688795,0.9381388627512518,-0.6767243314855225,-0.10149845550216545,-0.3402387645907802,0.36291298676789485,-0.3402387645907802,-0.3402387645907802,-0.3402387645907802,-0.3402387645907802,-0.6767243314855225,-1.2519502074688795,-0.6767243314855225,-1.2519502074688795,-0.6767243314855225,0.5714726782873192,-0.6767243314855225,-1.2519502074688795,-0.6767243314855225,0.5714726782873192,-0.6767243314855225,-1.2519502074688795,-0.6767243314855225,0.5714726782873192,-0.6767243314855225,-1.2519502074688795,-0.6767243314855225,0.4737274204811915,-0.6767243314855225,-1.2519502074688795,-0.6767243314855225,0.4737274204811915,-0.6767243314855225,-1.2519502074688795,-0.6767243314855225,0.5714726782873192,-0.6767243314855225,-1.2519502074688795,-0.6767243314855225,0.4737274204811915,-0.6767243314855225,-1.2519502074688795,-0.6767243314855225,-1.2519502074688795,-0.6767243314855225,0.23498711139257678,1.6526141078838175,-1.2519502074688795,-1.2519502074688795,-0.6767243314855225,-1.2519502074688795,-0.6767243314855225,0.5714726782873192,0.36291298676789485,0.08368291488307082,-1.2519502074688795,-1.2519502074688795,-0.6767243314855225,-1.2519502074688795,-0.6767243314855225,0.5714726782873192,1.513364738734609,-1.2519502074688795,-1.2519502074688795,-0.6767243314855225,-1.2519502074688795,-0.6767243314855225,1.1915676175655106,0.23498711139257678,-1.2519502074688795,-1.2519502074688795,-0.6767243314855225,-1.2519502074688795,-0.6767243314855225,0.5714726782873192,1.0992641859387686,-1.2519502074688795,-1.2519502074688795,-0.6767243314855225,-1.2519502074688795,-0.6767243314855225,0.810212987375934,-0.6767243314855225,-1.2519502074688795,-1.2519502074688795,-0.3402387645907802,-1.2519502074688795,-1.2519502074688795,-0.6767243314855225,-1.2519502074688795,-0.6767243314855225,0.4737274204811915,0.9381388627512518,0.23498711139257678,-1.2519502074688795,-1.2519502074688795,-0.6767243314855225,-1.2519502074688795,-0.6767243314855225,0.9953943577611701,-0.6767243314855225,-1.2519502074688795,-0.3402387645907802,-1.2519502074688795,-0.10149845550216545,-1.2519502074688795,-0.10149845550216545,-0.3402387645907802,-1.2519502074688795,-1.2519502074688795,-0.6767243314855225,-1.2519502074688795,-0.6767243314855225,0.4737274204811915,1.419316037235021,1.6241791724479058,-1.2519502074688795,-0.10149845550216545,-1.2519502074688795,-1.2519502074688795,-0.6767243314855225,-1.2519502074688795,-0.6767243314855225,0.5714726782873192,1.146698554270676,-1.2519502074688795,-1.2519502074688795,-0.6767243314855225,-1.2519502074688795,-0.6767243314855225,0.5714726782873192,-0.3402387645907802,-1.2519502074688795,0.36291298676789485,-0.3402387645907802,-1.2519502074688795,-1.2519502074688795,-0.6767243314855225,-1.2519502074688795,-0.6767243314855225,0.8766384709224371,-0.6767243314855225,-1.2519502074688795,0.5714726782873192,-0.10149845550216545,-0.3402387645907802,0.810212987375934,-1.2519502074688795,-1.2519502074688795,-0.6767243314855225,-1.2519502074688795,-0.6767243314855225,0.4737274204811915,1.350119681269004,-0.6767243314855225,-1.2519502074688795,0.6589087908664282,-1.2519502074688795,-0.10149845550216545,-1.2519502074688795,-1.2519502074688795,-0.6767243314855225,-1.2519502074688795,-0.6767243314855225,1.146698554270676,-1.2519502074688795,-1.2519502074688795,-0.6767243314855225,-1.2519502074688795,-0.6767243314855225,0.4737274204811915,1.6526141078838175,-1.2519502074688795,-1.2519502074688795,-0.6767243314855225,-1.2519502074688795,-0.6767243314855225,1.0489532964645487,-1.2519502074688795,0.36291298676789485,0.8766384709224371,-1.2519502074688795,-1.2519502074688795,-0.10149845550216545,-1.2519502074688795,-1.2519502074688795,-0.6767243314855225,-1.2519502074688795,-0.6767243314855225,0.5714726782873192,1.31323025174964,0.23498711139257678,-1.2519502074688795,-1.2519502074688795,-0.6767243314855225,-1.2519502074688795,-0.6767243314855225,-0.6767243314855225,-1.2519502074688795,0.4737274204811915,-1.2519502074688795,0.9381388627512518,-0.3402387645907802,-1.2519502074688795,-1.2519502074688795,-0.6767243314855225,-1.2519502074688795,-0.6767243314855225,0.6589087908664282,1.234134666849785,1.146698554270676,-1.2519502074688795,-1.2519502074688795,-0.6767243314855225,-1.2519502074688795,-0.6767243314855225,0.08368291488307082,-1.2519502074688795,-0.10149845550216545,-0.6767243314855225,-1.2519502074688795,0.4737274204811915,-0.10149845550216545,-0.3402387645907802,-1.2519502074688795,-1.2519502074688795,-0.6767243314855225,-1.2519502074688795,-0.6767243314855225,0.4737274204811915,1.1915676175655106,-0.6767243314855225,-1.2519502074688795,0.9953943577611701,-1.2519502074688795,-0.10149845550216545,-0.3402387645907802,-1.2519502074688795,-1.2519502074688795,-0.6767243314855225,-1.2519502074688795,-0.6767243314855225,0.4737274204811915,1.3854388633592911,-1.2519502074688795,1.146698554270676,-1.2519502074688795,-1.2519502074688795,-0.6767243314855225,-1.2519502074688795,-0.6767243314855225,1.1915676175655106,-1.2519502074688795,-1.2519502074688795,-0.6767243314855225,-1.2519502074688795,-0.6767243314855225,0.4737274204811915,0.6589087908664282,-1.2519502074688795,1.146698554270676,-1.2519502074688795,-1.2519502074688795,-0.6767243314855225,-1.2519502074688795,-0.6767243314855225,0.6589087908664282,0.9953943577611701,-1.2519502074688795,-1.2519502074688795,-0.6767243314855225,-1.2519502074688795,-0.6767243314855225,1.6526141078838175,-0.6767243314855225,-1.2519502074688795,0.0,-1.2519502074688795,1.146698554270676,-1.2519502074688795,-1.2519502074688795,-0.10149845550216545,-0.3402387645907802,-1.2519502074688795,-1.2519502074688795,-0.6767243314855225,-1.2519502074688795,-0.6767243314855225,0.4737274204811915,1.6526141078838175,-1.2519502074688795,-1.2519502074688795,-0.6767243314855225,-1.2519502074688795,-0.6767243314855225,0.36291298676789485,0.08368291488307082,1.419316037235021,-1.2519502074688795,-1.2519502074688795,-0.6767243314855225,-1.2519502074688795,-0.6767243314855225,1.0489532964645487,-0.3402387645907802,-1.2519502074688795,0.9381388627512518,-1.2519502074688795,-0.10149845550216545,-0.3402387645907802,-1.2519502074688795,-1.2519502074688795,-0.6767243314855225,-1.2519502074688795,-0.6767243314855225,0.4737274204811915,1.6526141078838175,-1.2519502074688795,0.5714726782873192,-1.2519502074688795,-1.2519502074688795,-0.6767243314855225,-1.2519502074688795,-0.6767243314855225,1.6241791724479058,-1.2519502074688795,-1.2519502074688795,-0.6767243314855225,-1.2519502074688795,-0.6767243314855225,0.4737274204811915,1.1915676175655106,1.6526141078838175,-1.2519502074688795,-1.2519502074688795,-0.6767243314855225,-1.2519502074688795,-0.6767243314855225,-0.6767243314855225,-0.6767243314855225,-1.2519502074688795,-1.2519502074688795,-0.10149845550216545,-0.3402387645907802,-1.2519502074688795,-1.2519502074688795,-0.6767243314855225,-1.2519502074688795,-0.6767243314855225,0.4737274204811915,0.6589087908664282,1.234134666849785,-1.2519502074688795,-1.2519502074688795,-0.6767243314855225,-1.2519502074688795,-0.6767243314855225,0.9953943577611701,-0.6767243314855225,-1.2519502074688795,-0.10149845550216545,-1.2519502074688795,1.234134666849785,-0.3402387645907802,-1.2519502074688795,-1.2519502074688795,-0.6767243314855225,-1.2519502074688795,-0.6767243314855225,-0.6767243314855225,-1.2519502074688795,0.6589087908664282,-1.2519502074688795,0.08368291488307082,-1.2519502074688795,-0.10149845550216545,-0.3402387645907802,-1.2519502074688795,-1.2519502074688795,-0.6767243314855225,-1.2519502074688795,-0.6767243314855225,0.4737274204811915,1.1915676175655106,0.9381388627512518,-1.2519502074688795,-1.2519502074688795,-0.6767243314855225,-1.2519502074688795,-0.6767243314855225,1.6526141078838175,-1.2519502074688795,-1.2519502074688795,-0.6767243314855225,-1.2519502074688795,-0.6767243314855225,-0.3402387645907802,-0.6767243314855225,-1.2519502074688795,0.08368291488307082,-1.2519502074688795,0.9381388627512518,-0.3402387645907802,-1.2519502074688795,-1.2519502074688795,-0.6767243314855225,-1.2519502074688795,-0.6767243314855225,0.4737274204811915,1.31323025174964,0.8766384709224371,-1.2519502074688795,1.31323025174964,-1.2519502074688795,-1.2519502074688795,-0.6767243314855225,-1.2519502074688795,-0.6767243314855225,1.146698554270676,-0.3402387645907802,-1.2519502074688795,0.36291298676789485,-1.2519502074688795,0.0,-1.2519502074688795,-0.10149845550216545,-0.3402387645907802,-1.2519502074688795,-1.2519502074688795,-0.6767243314855225,-1.2519502074688795,-0.6767243314855225,0.36291298676789485,1.4831841211654184,0.9381388627512518,-1.2519502074688795,-0.10149845550216545,-1.2519502074688795,-1.2519502074688795,-0.6767243314855225,-1.2519502074688795,-0.6767243314855225,1.4831841211654184,-1.2519502074688795,-1.2519502074688795,-0.6767243314855225,-1.2519502074688795,-0.6767243314855225,0.6589087908664282,1.6526141078838175,-1.2519502074688795,-1.2519502074688795,-0.6767243314855225,-1.2519502074688795,-0.6767243314855225,1.513364738734609,1.234134666849785,-1.2519502074688795,-1.2519502074688795,-0.6767243314855225,-1.2519502074688795,-0.6767243314855225,-0.6767243314855225,-1.2519502074688795,1.0992641859387686,-0.3402387645907802,-1.2519502074688795,-1.2519502074688795,-0.6767243314855225,-1.2519502074688795,-0.6767243314855225,0.6589087908664282,0.5714726782873192,-1.2519502074688795,-1.2519502074688795,-0.6767243314855225,-1.2519502074688795,-0.6767243314855225,-0.3402387645907802,-0.6767243314855225,-1.2519502074688795,0.5714726782873192,-0.3402387645907802,-1.2519502074688795,-1.2519502074688795,-0.6767243314855225,-1.2519502074688795,-0.6767243314855225,-0.6767243314855225,-1.2519502074688795,0.5714726782873192,-0.3402387645907802,-1.2519502074688795,-1.2519502074688795,-0.6767243314855225,-1.2519502074688795,-0.6767243314855225,-0.6767243314855225,-1.2519502074688795,-0.3402387645907802,-1.2519502074688795,1.146698554270676,-0.10149845550216545,-0.3402387645907802,-1.2519502074688795,-1.2519502074688795,-0.6767243314855225,-1.2519502074688795,-0.6767243314855225,1.513364738734609,-1.2519502074688795,-1.2519502074688795,-0.6767243314855225,-1.2519502074688795,-0.6767243314855225,0.4737274204811915,1.6526141078838175,0.23498711139257678,-1.2519502074688795,-1.2519502074688795,-1.2519502074688795,-1.2519502074688795,-1.2519502074688795,-1.2519502074688795,-1.2519502074688795,-1.2519502074688795,-1.2519502074688795,-1.2519502074688795,-1.2519502074688795,-0.6767243314855225,-0.3402387645907802,-0.3402387645907802,-0.3402387645907802,-0.3402387645907802,-0.3402387645907802,-0.3402387645907802,-0.3402387645907802,-0.3402387645907802,-0.3402387645907802,-0.6767243314855225,-1.2519502074688795,-1.2519502074688795,-1.2519502074688795,-1.2519502074688795,-1.2519502074688795,-1.2519502074688795,-1.2519502074688795,-1.2519502074688795,-1.2519502074688795,-1.2519502074688795,-1.2519502074688795,-1.2519502074688795,-1.2519502074688795,-0.6767243314855225,-0.6767243314855225,-0.3402387645907802,-0.6767243314855225,-1.2519502074688795,-1.2519502074688795,-1.2519502074688795,-1.2519502074688795,-1.2519502074688795,-1.2519502074688795,-1.2519502074688795,-1.2519502074688795,-1.2519502074688795,-1.2519502074688795,-1.2519502074688795,-1.2519502074688795,-0.6767243314855225,-0.6767243314855225,-1.2519502074688795,-0.3402387645907802,-0.6767243314855225,-0.6767243314855225,-0.6767243314855225,-1.2519502074688795,-0.6767243314855225,-0.6767243314855225,-0.3402387645907802,-1.2519502074688795,-1.2519502074688795,-0.3402387645907802,-0.3402387645907802,-1.2519502074688795,-0.6767243314855225,-0.3402387645907802,0.23498711139257678,-1.2519502074688795,-1.2519502074688795,-0.3402387645907802,0.810212987375934,-1.2519502074688795
-0.4775130935520587,-0.4775130935520587,0.5719650796632643,0.04722599305560278,2.6709214260939103,2.1461823394862485,2.6709214260939103,0.04722599305560278,-1.0022521801597202,-0.4775130935520587,1.0967041662709258,0.5719650796632643,1.0967041662709258,1.0967041662709258,2.6709214260939103,4.245138685916894,4.245138685916894,-1.0022521801597202,0.5719650796632643,-1.0022521801597202,2.6709214260939103,-1.0022521801597202,-0.4775130935520587,-1.0022521801597202,-0.4775130935520587,-1.0022521801597202,1.6214432528785871,1.0967041662709258,2.6709214260939103,-0.4775130935520587,1.0967041662709258,0.04722599305560278,1.0967041662709258,2.1461823394862485,-0.4775130935520587,-0.4775130935520587,-0.4775130935520587,-0.4775130935520587,-1.0022521801597202,3.1956605127015716,1.0967041662709258,0.5719650796632643,1.6214432528785871,1.6214432528785871,-0.4775130935520587,1.6214432528785871,2.6709214260939103,1.0967041662709258,0.04722599305560278,2.6709214260939103,1.6214432528785871,0.5719650796632643,1.0967041662709258,0.04722599305560278,1.6214432528785871,1.0967041662709258,0.04722599305560278,0.5719650796632643,1.0967041662709258,-1.0022521801597202,-0.4775130935520587,-0.4775130935520587,1.0967041662709258,0.04722599305560278,0.04722599305560278,-1.0022521801597202,-0.4775130935520587,-0.4775130935520587,0.04722599305560278,2.1461823394862485,0.04722599305560278,2.1461823394862485,1.0967041662709258,-0.4775130935520587,1.0967041662709258,-1.0022521801597202,0.5719650796632643,0.04722599305560278,0.04722599305560278,-1.0022521801597202,0.5719650796632643,0.5719650796632643,0.04722599305560278,-1.0022521801597202,0.04722599305560278,0.04722599305560278,2.1461823394862485,2.6709214260939103,-1.0022521801597202,-0.4775130935520587,-1.0022521801597202,-0.4775130935520587,-1.0022521801597202,1.6214432528785871,0.04722599305560278,0.5719650796632643,1.6214432528785871,1.0967041662709258,0.5719650796632643,-0.4775130935520587,0.04722599305560278,1.6214432528785871,1.6214432528785871,3.1956605127015716,-1.0022521801597202,0.04722599305560278,0.04722599305560278,1.0967041662709258,2.6709214260939103,1.6214432528785871,1.0967041662709258,0.04722599305560278,0.5719650796632643,1.6214432528785871,1.0967041662709258,0.5719650796632643,0.5719650796632643,-1.0022521801597202,0.5719650796632643,-1.0022521801597202,-1.0022521801597202,-1.0022521801597202,-1.0022521801597202,-0.4775130935520587,-1.0022521801597202,-0.4775130935520587,-0.4775130935520587,-0.4775130935520587,1.0967041662709258,-0.4775130935520587,-1.0022521801597202,-1.0022521801597202,-1.0022521801597202,-0.4775130935520587,-1.0022521801597202,0.04722599305560278,-0.4775130935520587,-0.4775130935520587,-0.4775130935520587,-0.4775130935520587,-1.0022521801597202,-1.0022521801597202,-1.0022521801597202,-0.4775130935520587,-1.0022521801597202,-1.0022521801597202,-1.0022521801597202,-0.4775130935520587,-1.0022521801597202,-1.0022521801597202,-1.0022521801597202,-0.4775130935520587,-1.0022521801597202,-1.0022521801597202,-1.0022521801597202,-0.4775130935520587,-1.0022521801597202,-1.0022521801597202,-1.0022521801597202,-0.4775130935520587,-1.0022521801597202,-1.0022521801597202,-1.0022521801597202,-0.4775130935520587,-1.0022521801597202,-1.0022521801597202,-1.0022521801597202,0.04722599305560278,-0.4775130935520587,-0.4775130935520587,-1.0022521801597202,-1.0022521801597202,-1.0022521801597202,-1.0022521801597202,-0.4775130935520587,1.6214432528785871,1.0967041662709258,-1.0022521801597202,-1.0022521801597202,-1.0022521801597202,-0.4775130935520587,0.04722599305560278,-1.0022521801597202,1.6214432528785871,1.0967041662709258,-1.0022521801597202,-1.0022521801597202,-1.0022521801597202,-0.4775130935520587,-0.4775130935520587,1.6214432528785871,1.0967041662709258,-1.0022521801597202,-1.0022521801597202,-1.0022521801597202,-1.0022521801597202,-0.4775130935520587,1.6214432528785871,1.0967041662709258,-1.0022521801597202,-1.0022521801597202,-1.0022521801597202,-0.4775130935520587,-0.4775130935520587,1.6214432528785871,1.0967041662709258,-1.0022521801597202,-1.0022521801597202,-1.0022521801597202,-0.4775130935520587,-1.0022521801597202,1.0967041662709258,2.6709214260939103,-1.0022521801597202,1.6214432528785871,1.0967041662709258,-1.0022521801597202,-1.0022521801597202,-1.0022521801597202,-0.4775130935520587,-1.0022521801597202,-0.4775130935520587,1.6214432528785871,1.0967041662709258,-1.0022521801597202,-1.0022521801597202,-1.0022521801597202,0.04722599305560278,0.5719650796632643,4.245138685916894,0.04722599305560278,4.769877772524556,0.04722599305560278,3.720399599309233,0.04722599305560278,-1.0022521801597202,1.6214432528785871,1.0967041662709258,-1.0022521801597202,-1.0022521801597202,-1.0022521801597202,-0.4775130935520587,-1.0022521801597202,-0.4775130935520587,1.0967041662709258,-1.0022521801597202,1.6214432528785871,1.0967041662709258,-1.0022521801597202,-1.0022521801597202,-1.0022521801597202,-0.4775130935520587,-1.0022521801597202,1.6214432528785871,1.0967041662709258,-1.0022521801597202,-1.0022521801597202,-1.0022521801597202,-0.4775130935520587,0.5719650796632643,1.0967041662709258,-0.4775130935520587,-1.0022521801597202,1.6214432528785871,1.0967041662709258,-1.0022521801597202,-1.0022521801597202,-1.0022521801597202,-0.4775130935520587,1.6214432528785871,3.1956605127015716,0.5719650796632643,0.04722599305560278,-1.0022521801597202,-0.4775130935520587,1.6214432528785871,1.0967041662709258,-1.0022521801597202,-1.0022521801597202,-1.0022521801597202,0.04722599305560278,-0.4775130935520587,-1.0022521801597202,0.04722599305560278,-0.4775130935520587,1.0967041662709258,-1.0022521801597202,1.6214432528785871,1.0967041662709258,-1.0022521801597202,-1.0022521801597202,-1.0022521801597202,-0.4775130935520587,1.6214432528785871,1.0967041662709258,-1.0022521801597202,-1.0022521801597202,-1.0022521801597202,0.04722599305560278,-0.4775130935520587,1.6214432528785871,1.0967041662709258,-1.0022521801597202,-1.0022521801597202,-1.0022521801597202,-0.4775130935520587,-1.0022521801597202,0.04722599305560278,0.04722599305560278,0.04722599305560278,1.0967041662709258,-1.0022521801597202,1.6214432528785871,1.0967041662709258,-1.0022521801597202,-1.0022521801597202,-1.0022521801597202,-0.4775130935520587,-0.4775130935520587,0.5719650796632643,1.6214432528785871,1.0967041662709258,-1.0022521801597202,-1.0022521801597202,-1.0022521801597202,0.5719650796632643,1.0967041662709258,-1.0022521801597202,-1.0022521801597202,-1.0022521801597202,-1.0022521801597202,1.6214432528785871,1.0967041662709258,-1.0022521801597202,-1.0022521801597202,-1.0022521801597202,-1.0022521801597202,-0.4775130935520587,-0.4775130935520587,1.6214432528785871,1.0967041662709258,-1.0022521801597202,-1.0022521801597202,-1.0022521801597202,-1.0022521801597202,-1.0022521801597202,-0.4775130935520587,0.04722599305560278,2.6709214260939103,-1.0022521801597202,0.04722599305560278,-1.0022521801597202,1.6214432528785871,1.0967041662709258,-1.0022521801597202,-1.0022521801597202,-1.0022521801597202,0.04722599305560278,-0.4775130935520587,0.5719650796632643,4.769877772524556,0.04722599305560278,0.5719650796632643,0.04722599305560278,-1.0022521801597202,1.6214432528785871,1.0967041662709258,-1.0022521801597202,-1.0022521801597202,-1.0022521801597202,-0.4775130935520587,-1.0022521801597202,-1.0022521801597202,-0.4775130935520587,1.6214432528785871,1.0967041662709258,-1.0022521801597202,-1.0022521801597202,-1.0022521801597202,-1.0022521801597202,1.6214432528785871,1.0967041662709258,-1.0022521801597202,-1.0022521801597202,-1.0022521801597202,-0.4775130935520587,-0.4775130935520587,-1.0022521801597202,-0.4775130935520587,1.6214432528785871,1.0967041662709258,-1.0022521801597202,-1.0022521801597202,-1.0022521801597202,-1.0022521801597202,-0.4775130935520587,1.6214432528785871,1.0967041662709258,-1.0022521801597202,-1.0022521801597202,-1.0022521801597202,-0.4775130935520587,0.5719650796632643,3.720399599309233,-1.0,3.1956605127015716,-1.0022521801597202,1.6214432528785871,2.6709214260939103,0.04722599305560278,-1.0022521801597202,1.6214432528785871,1.0967041662709258,-1.0022521801597202,-1.0022521801597202,-1.0022521801597202,-0.4775130935520587,-1.0022521801597202,1.6214432528785871,1.0967041662709258,-1.0022521801597202,-1.0022521801597202,-1.0022521801597202,0.04722599305560278,-0.4775130935520587,-0.4775130935520587,1.6214432528785871,1.0967041662709258,-1.0022521801597202,-1.0022521801597202,-1.0022521801597202,-0.4775130935520587,0.04722599305560278,3.720399599309233,-0.4775130935520587,1.6214432528785871,0.04722599305560278,-1.0022521801597202,1.6214432528785871,1.0967041662709258,-1.0022521801597202,-1.0022521801597202,-1.0022521801597202,0.04722599305560278,-1.0022521801597202,-1.0022521801597202,-0.4775130935520587,1.6214432528785871,1.0967041662709258,-1.0022521801597202,-1.0022521801597202,-1.0022521801597202,-0.4775130935520587,1.6214432528785871,1.0967041662709258,-1.0022521801597202,-1.0022521801597202,-1.0022521801597202,-1.0022521801597202,-1.0022521801597202,-1.0022521801597202,1.6214432528785871,1.0967041662709258,-1.0022521801597202,-1.0022521801597202,-1.0022521801597202,0.04722599305560278,0.5719650796632643,4.245138685916894,-1.0022521801597202,0.04722599305560278,-1.0022521801597202,1.6214432528785871,1.0967041662709258,-1.0022521801597202,-1.0022521801597202,-1.0022521801597202,0.04722599305560278,0.04722599305560278,-0.4775130935520587,1.6214432528785871,1.0967041662709258,-1.0022521801597202,-1.0022521801597202,-1.0022521801597202,-0.4775130935520587,0.5719650796632643,5.294616859132217,-0.4775130935520587,0.5719650796632643,-0.4775130935520587,-1.0022521801597202,1.6214432528785871,1.0967041662709258,-1.0022521801597202,-1.0022521801597202,-1.0022521801597202,1.0967041662709258,2.1461823394862485,-0.4775130935520587,4.769877772524556,-0.4775130935520587,1.6214432528785871,0.04722599305560278,-1.0022521801597202,1.6214432528785871,1.0967041662709258,-1.0022521801597202,-1.0022521801597202,-1.0022521801597202,0.04722599305560278,0.04722599305560278,-1.0022521801597202,1.6214432528785871,1.0967041662709258,-1.0022521801597202,-1.0022521801597202,-1.0022521801597202,-0.4775130935520587,1.6214432528785871,1.0967041662709258,-1.0022521801597202,-1.0022521801597202,-1.0022521801597202,0.04722599305560278,-0.4775130935520587,1.6214432528785871,0.04722599305560278,2.6709214260939103,0.04722599305560278,-1.0022521801597202,1.6214432528785871,1.0967041662709258,-1.0022521801597202,-1.0022521801597202,-1.0022521801597202,-0.4775130935520587,-0.4775130935520587,-1.0022521801597202,-1.0022521801597202,-1.0022521801597202,1.6214432528785871,1.0967041662709258,-1.0022521801597202,-1.0022521801597202,-1.0022521801597202,-1.0022521801597202,0.04722599305560278,0.5719650796632643,-0.4775130935520587,5.294616859132217,-1.0,1.6214432528785871,0.04722599305560278,-1.0022521801597202,1.6214432528785871,1.0967041662709258,-1.0022521801597202,-1.0022521801597202,-1.0022521801597202,-1.0022521801597202,-1.0022521801597202,-0.4775130935520587,1.0967041662709258,-1.0022521801597202,1.6214432528785871,1.0967041662709258,-1.0022521801597202,-1.0022521801597202,-1.0022521801597202,-1.0022521801597202,1.6214432528785871,1.0967041662709258,-1.0022521801597202,-1.0022521801597202,-1.0022521801597202,-0.4775130935520587,-0.4775130935520587,1.6214432528785871,1.0967041662709258,-1.0022521801597202,-1.0022521801597202,-1.0022521801597202,-0.4775130935520587,-0.4775130935520587,1.6214432528785871,1.0967041662709258,-1.0022521801597202,-1.0022521801597202,-1.0022521801597202,0.5719650796632643,4.245138685916894,-0.4775130935520587,-1.0022521801597202,1.6214432528785871,1.0967041662709258,-1.0022521801597202,-1.0022521801597202,-1.0022521801597202,-0.4775130935520587,-0.4775130935520587,1.6214432528785871,1.0967041662709258,-1.0022521801597202,-1.0022521801597202,-1.0022521801597202,-1.0022521801597202,2.1461823394862485,3.1956605127015716,-1.0022521801597202,-0.4775130935520587,1.6214432528785871,1.0967041662709258,-1.0022521801597202,-1.0022521801597202,-1.0022521801597202,1.0967041662709258,4.245138685916894,0.5719650796632643,-1.0022521801597202,1.6214432528785871,1.0967041662709258,-1.0022521801597202,-1.0022521801597202,-1.0022521801597202,0.04722599305560278,3.1956605127015716,-0.4775130935520587,3.1956605127015716,-0.4775130935520587,0.04722599305560278,-1.0022521801597202,1.6214432528785871,1.0967041662709258,-1.0022521801597202,-1.0022521801597202,-1.0022521801597202,-1.0022521801597202,1.6214432528785871,1.0967041662709258,-1.0022521801597202,-1.0022521801597202,-1.0022521801597202,0.04722599305560278,-0.4775130935520587,0.04722599305560278,1.6214432528785871,1.0967041662709258,-1.0022521801597202,-1.0022521801597202,-1.0022521801597202,0.5719650796632643,0.04722599305560278,0.04722599305560278,0.5719650796632643,0.5719650796632643,-1.0022521801597202,-0.4775130935520587,0.04722599305560278,-0.4775130935520587,-0.4775130935520587,0.04722599305560278,0.04722599305560278,0.04722599305560278,0.04722599305560278,0.04722599305560278,0.04722599305560278,-1.0022521801597202,0.5719650796632643,0.5719650796632643,5.294616859132217,-0.4775130935520587,-1.0022521801597202,-1.0022521801597202,-1.0022521801597202,-1.0022521801597202,-1.0022521801597202,1.0967041662709258,2.1461823394862485,1.6214432528785871,2.6709214260939103,1.0967041662709258,1.0967041662709258,0.04722599305560278,0.04722599305560278,0.5719650796632643,-1.0022521801597202,0.5719650796632643,-1.0022521801597202,-1.0022521801597202,-1.0022521801597202,-1.0022521801597202,-0.4775130935520587,1.0967041662709258,0.04722599305560278,1.0967041662709258,2.1461823394862485,-0.4775130935520587,2.6709214260939103,2.6709214260939103,-1.0022521801597202,0.5719650796632643,0.5719650796632643,1.0967041662709258,-0.4775130935520587,-0.4775130935520587,0.04722599305560278,1.0967041662709258,1.6214432528785871,1.0967041662709258,0.04722599305560278,-0.4775130935520587,0.5719650796632643,0.5719650796632643,0.5719650796632643,0.04722599305560278,2.6709214260939103,2.1461823394862485,-1.0022521801597202,0.04722599305560278,0.04722599305560278
1.0,1.0,-1.0,1.0,-1.0,-1.0,-1.0,-1.0,1.0,-1.0,-1.0,-1.0,-1.0,-1.0,-1.0,-1.0,-1.0,1.0,-1.0,1.0,-1.0,1.0,-1.0,1.0,-1.0,1.0,-1.0,-1.0,-1.0,-1.0,-1.0,-1.0,-1.0,-1.0,-1.0,-1.0,-1.0,-1.0,-1.0,-1.0,-1.0,-1.0,-1.0,-1.0,-1.0,-1.0,-1.0,-1.0,-1.0,-1.0,-1.0,-1.0,-1.0,-1.0,-1.0,-1.0,-1.0,-1.0,-1.0,-1.0,-1.0,-1.0,-1.0,-1.0,-1.0,-1.0,-1.0,-1.0,-1.0,-1.0,-1.0,-1.0,-1.0,-1.0,-1.0,-1.0,-1.0,-1.0,-1.0,-1.0,-1.0,-1.0,-1.0,1.0,1.0,1.0,-1.0,-1.0,1.0,-1.0,1.0,-1.0,1.0,-1.0,-1.0,-1.0,-1.0,-1.0,-1.0,-1.0,-1.0,-1.0,-1.0,-1.0,-1.0,1.0,-1.0,-1.0,-1.0,-1.0,-1.0,-1.0,-1.0,-1.0,-1.0,-1.0,-1.0,-1.0,-1.0,-1.0,-1.0,-1.0,-1.0,-1.0,-1.0,1.0,1.0,1.0,-1.0,1.0,-1.0,-1.0,-1.0,1.0,-1.0,1.0,1.0,-1.0,-1.0,-1.0,-1.0,-1.0,-1.0,-1.0,-1.0,-1.0,-1.0,-1.0,-1.0,-1.0,-1.0,-1.0,-1.0,-1.0,-1.0,-1.0,-1.0,-1.0,-1.0,-1.0,-1.0,-1.0,-1.0,-1.0,-1.0,-1.0,-1.0,-1.0,-1.0,-1.0,-1.0,-1.0,-1.0,1.0,1.0,-1.0,-1.0,-1.0,-1.0,-1.0,-1.0,1.0,1.0,-1.0,-1.0,-1.0,-1.0,-1.0,-1.0,1.0,-1.0,-1.0,-1.0,-1.0,-1.0,1.0,1.0,-1.0,-1.0,-1.0,-1.0,-1.0,-1.0,1.0,-1.0,-1.0,-1.0,-1.0,-1.0,1.0,-1.0,-1.0,-1.0,-1.0,-1.0,-1.0,-1.0,-1.0,-1.0,-1.0,1.0,1.0,-1.0,-1.0,-1.0,-1.0,-1.0,1.0,-1.0,-1.0,1.0,-1.0,1.0,-1.0,-1.0,-1.0,-1.0,-1.0,-1.0,-1.0,-1.0,-1.0,1.0,1.0,-1.0,1.0,-1.0,-1.0,-1.0,-1.0,-1.0,-1.0,1.0,-1.0,-1.0,-1.0,-1.0,-1.0,1.0,-1.0,-1.0,1.0,-1.0,-1.0,-1.0,-1.0,-1.0,-1.0,1.0,-1.0,-1.0,1.0,-1.0,-1.0,1.0,-1.0,-1.0,-1.0,-1.0,-1.0,-1.0,1.0,-1.0,-1.0,1.0,-1.0,1.0,-1.0,-1.0,-1.0,-1.0,-1.0,1.0,-1.0,-1.0,-1.0,-1.0,-1.0,-1.0,1.0,-1.0,-1.0,-1.0,-1.0,-1.0,1.0,-1.0,1.0,1.0,-1.0,-1.0,1.0,-1.0,-1.0,-1.0,-1.0,-1.0,-1.0,1.0,1.0,-1.0,-1.0,-1.0,-1.0,-1.0,-1.0,-1.0,1.0,-1.0,1.0,-1.0,-1.0,-1.0,-1.0,-1.0,-1.0,-1.0,1.0,1.0,-1.0,-1.0,-1.0,-1.0,-1.0,1.0,-1.0,-1.0,-1.0,-1.0,1.0,-1.0,-1.0,-1.0,-1.0,-1.0,-1.0,-1.0,-1.0,1.0,-1.0,-1.0,1.0,-1.0,-1.0,-1.0,-1.0,-1.0,-1.0,-1.0,-1.0,-1.0,1.0,-1.0,1.0,-1.0,-1.0,-1.0,-1.0,-1.0,1.0,-1.0,-1.0,-1.0,-1.0,-1.0,-1.0,1.0,-1.0,1.0,-1.0,-1.0,-1.0,-1.0,-1.0,-1.0,1.0,-1.0,-1.0,-1.0,-1.0,-1.0,1.0,-1.0,-1.0,-1.0,-1.0,1.0,-1.0,-1.0,-1.0,-1.0,-1.0,-1.0,-1.0,-1.0,-1.0,-1.0,1.0,-1.0,-1.0,-1.0,-1.0,-1.0,-1.0,1.0,1.0,-1.0,-1.0,-1.0,-1.0,-1.0,1.0,-1.0,-1.0,1.0,-1.0,-1.0,-1.0,-1.0,-1.0,-1.0,-1.0,-1.0,-1.0,1.0,-1.0,1.0,-1.0,-1.0,-1.0,-1.0,-1.0,1.0,-1.0,-1.0,-1.0,-1.0,-1.0,-1.0,1.0,1.0,-1.0,-1.0,-1.0,-1.0,-1.0,-1.0,-1.0,-1.0,-1.0,-1.0,-1.0,-1.0,-1.0,-1.0,-1.0,-1.0,-1.0,1.0,1.0,-1.0,-1.0,-1.0,-1.0,-1.0,1.0,-1.0,-1.0,1.0,-1.0,1.0,-1.0,-1.0,-1.0,-1.0,-1.0,-1.0,-1.0,-1.0,1.0,-1.0,1.0,-1.0,-1.0,-1.0,-1.0,-1.0,-1.0,-1.0,-1.0,-1.0,1.0,1.0,-1.0,-1.0,-1.0,-1.0,-1.0,1.0,-1.0,-1.0,-1.0,-1.0,-1.0,-1.0,-1.0,-1.0,1.0,-1.0,1.0,-1.0,-1.0,-1.0,-1.0,-1.0,-1.0,-1.0,1.0,1.0,-1.0,1.0,-1.0,-1.0,-1.0,-1.0,-1.0,1.0,-1.0,-1.0,1.0,-1.0,-1.0,-1.0,-1.0,-1.0,-1.0,-1.0,-1.0,-1.0,-1.0,1.0,1.0,1.0,-1.0,1.0,-1.0,-1.0,-1.0,-1.0,-1.0,1.0,-1.0,-1.0,-1.0,-1.0,-1.0,-1.0,1.0,-1.0,-1.0,-1.0,-1.0,-1.0,1.0,1.0,-1.0,-1.0,-1.0,-1.0,-1.0,-1.0,-1.0,1.0,-1.0,-1.0,-1.0,-1.0,-1.0,-1.0,-1.0,1.0,-1.0,-1.0,-1.0,-1.0,-1.0,1.0,-1.0,-1.0,1.0,-1.0,-1.0,-1.0,-1.0,-1.0,-1.0,-1.0,-1.0,1.0,-1.0,-1.0,-1.0,-1.0,-1.0,-1.0,-1.0,-1.0,1.0,-1.0,1.0,-1.0,-1.0,-1.0,-1.0,-1.0,-1.0,-1.0,1.0,-1.0,-1.0,-1.0,-1.0,-1.0,-1.0,1.0,1.0,-1.0,-1.0,-1.0,1.0,-1.0,-1.0,-1.0,-1.0,-1.0,-1.0,-1.0,-1.0,1.0,1.0,-1.0,1.0,1.0,1.0,1.0,1.0,1.0,-1.0,-1.0,-1.0,-1.0,-1.0,-1.0,-1.0,-1.0,-1.0,-1.0,-1.0,-1.0,-1.0,-1.0,-1.0,-1.0,1.0,-1.0,-1.0,-1.0,-1.0,-1.0,-1.0,-1.0,-1.0,-1.0,-1.0,-1.0,-1.0,-1.0,-1.0,-1.0,-1.0,1.0,-1.0,-1.0,-1.0,-1.0,-1.0,-1.0,-1.0,-1.0,-1.0,1.0,-1.0,-1.0,-1.0,-1.0,1.0,-1.0,-1.0,1.0,1.0,-1.0
1.0,-1.0,-1.0,-1.0,-1.0,-1.0,-1.0,-1.0,-1.0,-1.0,-1.0,-1.0,-1.0,-1.0,-1.0,-1.0,-1.0,-1.0,-1.0,-1.0,-1.0,-1.0,-1.0,-1.0,-1.0,-1.0,-1.0,-1.0,-1.0,-1.0,-1.0,-1.0,-1.0,-1.0,-1.0,-1.0,-1.0,-1.0,-1.0,-1.0,-1.0,-1.0,-1.0,-1.0,-1.0,-1.0,-1.0,-1.0,-1.0,-1.0,-1.0,-1.0,-1.0,-1.0,-1.0,-1.0,-1.0,-1.0,-1.0,-1.0,-1.0,-1.0,-1.0,-1.0,-1.0,-1.0,1.0,-1.0,-1.0,-1.0,-1.0,-1.0,-1.0,-1.0,-1.0,1.0,-1.0,-1.0,-1.0,-1.0,-1.0,-1.0,-1.0,-1.0,-1.0,-1.0,-1.0,-1.0,-1.0,-1.0,-1.0,-1.0,-1.0,-1.0,-1.0,-1.0,-1.0,-1.0,-1.0,-1.0,-1.0,-1.0,-1.0,-1.0,-1.0,-1.0,-1.0,-1.0,-1.0,-1.0,-1.0,-1.0,-1.0,-1.0,-1.0,-1.0,-1.0,-1.0,-1.0,-1.0,-1.0,-1.0,-1.0,-1.0,-1.0,-1.0,-1.0,-1.0,-1.0,-1.0,-1.0,-1.0,-1.0,-1.0,-1.0,-1.0,-1.0,-1.0,-1.0,-1.0,-1.0,-1.0,-1.0,-1.0,-1.0,-1.0,-1.0,-1.0,-1.0,-1.0,-1.0,-1.0,-1.0,-1.0,-1.0,-1.0,-1.0,-1.0,-1.0,-1.0,-1.0,-1.0,-1.0,-1.0,-1.0,-1.0,-1.0,-1.0,-1.0,-1.0,-1.0,-1.0,-1.0,-1.0,-1.0,-1.0,-1.0,-1.0,-1.0,-1.0,-1.0,-1.0,-1.0,-1.0,-1.0,-1.0,-1.0,-1.0,-1.0,-1.0,-1.0,-1.0,-1.0,-1.0,-1.0,-1.0,-1.0,-1.0,-1.0,-1.0,-1.0,-1.0,-1.0,-1.0,-1.0,-1.0,-1.0,-1.0,-1.0,-1.0,1.0,-1.0,-1.0,1.0,-1.0,-1.0,-1.0,-1.0,-1.0,-1.0,-1.0,-1.0,-1.0,-1.0,-1.0,-1.0,-1.0,-1.0,1.0,-1.0,-1.0,-1.0,-1.0,-1.0,-1.0,1.0,-1.0,-1.0,-1.0,-1.0,-1.0,-1.0,-1.0,-1.0,-1.0,-1.0,-1.0,-1.0,-1.0,-1.0,-1.0,-1.0,-1.0,-1.0,-1.0,-1.0,-1.0,-1.0,-1.0,-1.0,-1.0,-1.0,1.0,-1.0,-1.0,-1.0,-1.0,-1.0,-1.0,-1.0,-1.0,-1.0,-1.0,1.0,-1.0,-1.0,-1.0,-1.0,-1.0,-1.0,-1.0,-1.0,-1.0,-1.0,-1.0,-1.0,-1.0,-1.0,-1.0,-1.0,-1.0,-1.0,-1.0,-1.0,-1.0,-1.0,-1.0,-1.0,-1.0,-1.0,-1.0,-1.0,-1.0,-1.0,-1.0,-1.0,-1.0,-1.0,-1.0,-1.0,-1.0,-1.0,-1.0,-1.0,-1.0,-1.0,-1.0,-1.0,-1.0,-1.0,-1.0,-1.0,-1.0,-1.0,-1.0,1.0,-1.0,-1.0,-1.0,-1.0,1.0,-1.0,-1.0,-1.0,-1.0,-1.0,-1.0,-1.0,-1.0,-1.0,-1.0,-1.0,-1.0,-1.0,-1.0,-1.0,-1.0,1.0,-1.0,-1.0,-1.0,1.0,-1.0,-1.0,-1.0,-1.0,-1.0,-1.0,-1.0,1.0,-1.0,-1.0,-1.0,-1.0,1.0,-1.0,-1.0,-1.0,-1.0,-1.0,-1.0,-1.0,-1.0,-1.0,-1.0,-1.0,-1.0,-1.0,-1.0,-1.0,-1.0,-1.0,-1.0,-1.0,-1.0,-1.0,-1.0,-1.0,-1.0,-1.0,-1.0,-1.0,-1.0,-1.0,-1.0,-1.0,-1.0,-1.0,-1.0,-1.0,-1.0,-1.0,-1.0,-1.0,-1.0,-1.0,-1.0,-1.0,-1.0,-1.0,1.0,-1.0,-1.0,-1.0,-1.0,-1.0,-1.0,-1.0,-1.0,-1.0,-1.0,-1.0,-1.0,-1.0,1.0,-1.0,-1.0,-1.0,-1.0,-1.0,-1.0,-1.0,1.0,-1.0,-1.0,-1.0,-1.0,1.0,-1.0,-1.0,-1.0,-1.0,-1.0,-1.0,-1.0,-1.0,-1.0,-1.0,-1.0,-1.0,-1.0,-1.0,-1.0,-1.0,-1.0,-1.0,-1.0,-1.0,-1.0,-1.0,-1.0,-1.0,-1.0,-1.0,-1.0,-1.0,-1.0,1.0,-1.0,-1.0,-1.0,1.0,-1.0,-1.0,-1.0,-1.0,-1.0,-1.0,-1.0,-1.0,-1.0,-1.0,-1.0,-1.0,-1.0,-1.0,1.0,-1.0,1.0,-1.0,-1.0,1.0,-1.0,-1.0,-1.0,-1.0,-1.0,-1.0,-1.0,-1.0,-1.0,-1.0,-1.0,-1.0,1.0,-1.0,-1.0,-1.0,-1.0,-1.0,-1.0,-1.0,-1.0,-1.0,-1.0,-1.0,-1.0,-1.0,-1.0,-1.0,-1.0,-1.0,-1.0,-1.0,-1.0,1.0,-1.0,-1.0,-1.0,-1.0,1.0,-1.0,-1.0,-1.0,-1.0,-1.0,-1.0,-1.0,-1.0,-1.0,-1.0,-1.0,-1.0,-1.0,-1.0,-1.0,-1.0,-1.0,-1.0,-1.0,-1.0,-1.0,-1.0,-1.0,1.0,-1.0,-1.0,-1.0,-1.0,-1.0,-1.0,-1.0,-1.0,-1.0,-1.0,-1.0,-1.0,-1.0,-1.0,-1.0,-1.0,-1.0,-1.0,-1.0,-1.0,-1.0,-1.0,-1.0,-1.0,-1.0,-1.0,-1.0,-1.0,-1.0,-1.0,-1.0,-1.0,-1.0,-1.0,-1.0,1.0,-1.0,-1.0,1.0,-1.0,-1.0,-1.0,-1.0,-1.0,-1.0,-1.0,-1.0,-1.0,-1.0,-1.0,-1.0,-1.0,1.0,-1.0,-1.0,-1.0,-1.0,-1.0,-1.0,-1.0,-1.0,1.0,-1.0,-1.0,1.0,-1.0,-1.0,-1.0,-1.0,-1.0,1.0,-1.0,-1.0,-1.0,-1.0,-1.0,1.0,-1.0,-1.0,-1.0,-1.0,-1.0,-1.0,-1.0,-1.0,-1.0,-1.0,-1.0,-1.0,-1.0,-1.0,-1.0,-1.0,-1.0,-1.0,-1.0,-1.0,-1.0,-1.0,-1.0,-1.0,-1.0,-1.0,-1.0,-1.0,-1.0,-1.0,-1.0,-1.0,-1.0,-1.0,-1.0,-1.0,-1.0,-1.0,-1.0,-1.0,-1.0,-1.0,-1.0,-1.0,-1.0,-1.0,-1.0,-1.0,-1.0,-1.0,-1.0,-1.0,-1.0,-1.0,-1.0,-1.0,-1.0,-1.0,-1.0,-1.0,-1.0,-1.0,-1.0,-1.0,-1.0,-1.0,-1.0,-1.0,-1.0,-1.0,-1.0,-1.0,-1.0,-1.0,-1.0,-1.0,-1.0,-1.0,-1.0,-1.0,-1.0,-1.0,-1.0,-1.0,-1.0,-1.0,-1.0,-1.0,-1.0
-1.0,-1.0,-1.0,-1.0,-1.0,-1.0,-1.0,-1.0,-1.0,-1.0,-1.0,-1.0,-1.0,-1.0,-1.0,-1.0,-1.0,-1.0,-1.0,-1.0,-1.0,-1.0,-1.0,-1.0,-1.0,-1.0,-1.0,-1.0,-1.0,-1.0,-1.0,-1.0,-1.0,-1.0,-1.0,-1.0,-1.0,-1.0,-1.0,-1.0,-1.0,-1.0,-1.0,-1.0,-1.0,-1.0,-1.0,-1.0,-1.0,-1.0,-1.0,-1.0,-1.0,-1.0,-1.0,-1.0,-1.0,-1.0,-1.0,-1.0,-1.0,-1.0,-1.0,-1.0,-1.0,-1.0,-1.0,-1.0,-1.0,-1.0,-1.0,-1.0,-1.0,-1.0,-1.0,-1.0,-1.0,-1.0,-1.0,-1.0,-1.0,-1.0,-1.0,-1.0,-1.0,-1.0,-1.0,-1.0,-1.0,-1.0,-1.0,-1.0,-1.0,-1.0,-1.0,-1.0,-1.0,-1.0,-1.0,-1.0,-1.0,-1.0,-1.0,-1.0,-1.0,-1.0,-1.0,-1.0,-1.0,-1.0,-1.0,-1.0,-1.0,-1.0,-1.0,-1.0,-1.0,-1.0,-1.0,-1.0,-1.0,-1.0,-1.0,-1.0,-1.0,-1.0,-1.0,-1.0,-1.0,-1.0,-1.0,-1.0,-1.0,-1.0,-1.0,-1.0,-1.0,-1.0,-1.0,-1.0,-1.0,-1.0,-1.0,-1.0,-1.0,-1.0,-1.0,-1.0,-1.0,-1.0,-1.0,-1.0,-1.0,-1.0,-1.0,-1.0,-1.0,-1.0,-1.0,-1.0,-1.0,-1.0,-1.0,-1.0,-1.0,-1.0,-1.0,-1.0,-1.0,-1.0,-1.0,-1.0,-1.0,-1.0,-1.0,-1.0,-1.0,-1.0,-1.0,-1.0,-1.0,-1.0,-1.0,-1.0,-1.0,-1.0,-1.0,-1.0,-1.0,-1.0,-1.0,-1.0,-1.0,-1.0,-1.0,-1.0,-1.0,-1.0,-1.0,-1.0,-1.0,-1.0,-1.0,-1.0,-1.0,-1.0,-1.0,-1.0,-1.0,-1.0,-1.0,-1.0,-1.0,-1.0,-1.0,-1.0,-1.0,-1.0,-1.0,-1.0,-1.0,-1.0,-1.0,-1.0,-1.0,-1.0,-1.0,-1.0,-1.0,-1.0,-1.0,-1.0,-1.0,-1.0,-1.0,-1.0,-1.0,-1.0,-1.0,-1.0,-1.0,-1.0,-1.0,-1.0,-1.0,-1.0,-1.0,-1.0,-1.0,-1.0,-1.0,-1.0,-1.0,-1.0,-1.0,-1.0,-1.0,-1.0,-1.0,-1.0,-1.0,-1.0,-1.0,-1.0,-1.0,-1.0,-1.0,-1.0,-1.0,-1.0,-1.0,-1.0,-1.0,-1.0,-1.0,-1.0,-1.0,-1.0,-1.0,-1.0,-1.0,-1.0,-1.0,-1.0,-1.0,-1.0,-1.0,-1.0,-1.0,-1.0,-1.0,-1.0,-1.0,-1.0,-1.0,-1.0,-1.0,-1.0,-1.0,-1.0,-1.0,-1.0,-1.0,-1.0,-1.0,-1.0,-1.0,-1.0,-1.0,-1.0,-1.0,-1.0,-1.0,-1.0,-1.0,-1.0,-1.0,-1.0,-1.0,-1.0,-1.0,-1.0,-1.0,-1.0,-1.0,-1.0,-1.0,-1.0,-1.0,-1.0,-1.0,-1.0,-1.0,-1.0,-1.0,-1.0,-1.0,-1.0,-1.0,-1.0,-1.0,-1.0,-1.0,-1.0,-1.0,-1.0,-1.0,-1.0,-1.0,-1.0,-1.0,-1.0,-1.0,-1.0,-1.0,-1.0,-1.0,-1.0,-1.0,-1.0,-1.0,-1.0,-1.0,-1.0,-1.0,-1.0,-1.0,-1.0,-1.0,-1.0,-1.0,-1.0,-1.0,-1.0,-1.0,-1.0,-1.0,-1.0,-1.0,-1.0,-1.0,-1.0,-1.0,-1.0,-1.0,-1.0,-1.0,-1.0,-1.0,-1.0,-1.0,-1.0,-1.0,-1.0,-1.0,-1.0,-1.0,-1.0,-1.0,-1.0,-1.0,-1.0,-1.0,-1.0,-1.0,-1.0,-1.0,-1.0,-1.0,-1.0,-1.0,-1.0,-1.0,-1.0,-1.0,-1.0,-1.0,-1.0,-1.0,-1.0,-1.0,-1.0,-1.0,-1.0,-1.0,-1.0,-1.0,-1.0,-1.0,-1.0,-1.0,-1.0,-1.0,-1.0,-1.0,-1.0,-1.0,-1.0,-1.0,-1.0,-1.0,-1.0,-1.0,-1.0,-1.0,-1.0,-1.0,-1.0,-1.0,-1.0,-1.0,-1.0,-1.0,-1.0,-1.0,-1.0,-1.0,-1.0,-1.0,-1.0,-1.0,-1.0,-1.0,-1.0,-1.0,-1.0,-1.0,-1.0,-1.0,-1.0,-1.0,-1.0,-1.0,-1.0,-1.0,-1.0,-1.0,-1.0,-1.0,-1.0,-1.0,-1.0,-1.0,-1.0,-1.0,-1.0,-1.0,-1.0,-1.0,-1.0,-1.0,-1.0,-1.0,-1.0,-1.0,-1.0,-1.0,-1.0,-1.0,-1.0,-1.0,-1.0,-1.0,-1.0,-1.0,-1.0,-1.0,-1.0,-1.0,-1.0,-1.0,-1.0,-1.0,-1.0,-1.0,-1.0,-1.0,-1.0,-1.0,-1.0,-1.0,-1.0,-1.0,-1.0,-1.0,-1.0,-1.0,-1.0,-1.0,-1.0,-1.0,-1.0,-1.0,-1.0,-1.0,-1.0,-1.0,-1.0,-1.0,-1.0,-1.0,-1.0,-1.0,-1.0,-1.0,-1.0,-1.0,-1.0,-1.0,-1.0,-1.0,-1.0,-1.0,-1.0,-1.0,-1.0,-1.0,-1.0,-1.0,-1.0,-1.0,-1.0,-1.0,-1.0,-1.0,-1.0,-1.0,-1.0,-1.0,-1.0,-1.0,-1.0,-1.0,-1.0,-1.0,-1.0,-1.0,-1.0,-1.0,-1.0,-1.0,-1.0,-1.0,-1.0,-1.0,-1.0,-1.0,-1.0,-1.0,-1.0,-1.0,-1.0,-1.0,-1.0,-1.0,-1.0,-1.0,-1.0,-1.0,-1.0,-1.0,-1.0,-1.0,-1.0,-1.0,-1.0,-1.0,-1.0,-1.0,-1.0,-1.0,-1.0,-1.0,-1.0,-1.0,-1.0,-1.0,-1.0,-1.0,-1.0,-1.0,-1.0,-1.0,-1.0,-1.0,-1.0,-1.0,-1.0,-1.0,-1.0,-1.0,-1.0,-1.0,-1.0,-1.0,-1.0,-1.0,-1.0,-1.0,-1.0,-1.0,-1.0,-1.0,-1.0,-1.0,-1.0,-1.0,-1.0,-1.0,-1.0,-1.0,-1.0,-1.0,-1.0,-1.0,-1.0,-1.0,-1.0,-1.0,-1.0,-1.0,-1.0,-1.0,-1.0,-1.0,-1.0,-1.0,1.0,-1.0,-1.0,-1.0,-1.0,-1.0,-1.0,-1.0,-1.0,-1.0,-1.0,-1.0,-1.0,-1.0,-1.0,-1.0,-1.0,-1.0,-1.0,-1.0,-1.0,-1.0,-1.0,-1.0,-1.0,-1.0,-1.0,-1.0,-1.0,-1.0,-1.0,-1.0,-1.0,-1.0,-1.0,-1.0,-1.0,-1.0,-1.0,-1.0,-1.0,-1.0,-1.0,-1.0,-1.0,-1.0,-1.0,-1.0,-1.0,-1.0,-1.0,-1.0,-1.0,-1.0
-0.8109875735775016,-1.1379986919555263,-2.446043165467626,-1.356006104207543,-2.446043165467626,-2.446043165467626,-2.446043165467626,-2.446043165467626,0.8240680183126226,-2.446043165467626,-2.446043165467626,-2.446043165467626,-2.446043165467626,-2.446043165467626,-2.446043165467626,-2.446043165467626,-2.446043165467626,0.8240680183126226,-2.446043165467626,1.914105079572705,-2.446043165467626,1.914105079572705,-2.446043165467626,1.914105079572705,-2.446043165467626,1.914105079572705,-2.446043165467626,-2.446043165467626,-2.446043165467626,-2.446043165467626,-2.446043165467626,-2.446043165467626,-2.446043165467626,-2.446043165467626,-2.446043165467626,-2.446043165467626,-2.446043165467626,-2.446043165467626,-2.446043165467626,-2.446043165467626,-2.446043165467626,-2.446043165467626,-2.446043165467626,-2.446043165467626,-2.446043165467626,-2.446043165467626,-2.446043165467626,-2.446043165467626,-2.446043165467626,-2.446043165467626,-2.446043165467626,-2.446043165467626,-2.446043165467626,-2.446043165467626,-2.446043165467626,-2.446043165467626,-2.446043165467626,-2.446043165467626,-2.446043165467626,-2.446043165467626,-2.446043165467626,-2.446043165467626,-2.446043165467626,-2.446043165467626,-2.446043165467626,-2.446043165467626,-2.446043165467626,-2.446043165467626,-2.446043165467626,-2.446043165467626,-2.446043165467626,-2.446043165467626,-2.446043165467626,-2.446043165467626,-2.446043165467626,-2.446043165467626,-2.446043165467626,-2.446043165467626,-2.446043165467626,-2.446043165467626,-2.446043165467626,-2.446043165467626,-2.446043165467626,0.35690927777258696,-0.2659690429474603,-0.2659690429474603,-2.446043165467626,-2.446043165467626,1.914105079572705,-2.446043165467626,1.914105079572705,-2.446043165467626,1.914105079572705,-2.446043165467626,-2.446043165467626,-2.446043165467626,-2.446043165467626,-2.446043165467626,-2.446043165467626,-2.446043165467626,-2.446043165467626,-2.446043165467626,-2.446043165467626,-2.446043165467626,-2.446043165467626,-0.2659690429474603,-2.446043165467626,-2.446043165467626,-2.446043165467626,-2.446043165467626,-2.446043165467626,-2.446043165467626,-2.446043165467626,-2.446043165467626,-2.446043165467626,-2.446043165467626,-2.446043165467626,-2.446043165467626,-2.446043165467626,-2.446043165467626,-2.446043165467626,-2.446043165467626,-2.446043165467626,-2.446043165467626,-2.446043165467626,-1.1379986919555263,-0.2659690429474603,-0.8109875735775016,-2.446043165467626,-1.0445669438475194,-2.446043165467626,-2.446043165467626,-2.446043165467626,-1.5117256843875548,-2.446043165467626,-0.2659690429474603,-0.2659690429474603,-2.446043165467626,-2.446043165467626,-2.446043165467626,-2.446043165467626,-2.446043165467626,-2.446043165467626,-2.446043165467626,-2.446043165467626,-2.446043165467626,-2.446043165467626,-2.446043165467626,-2.446043165467626,-2.446043165467626,-2.446043165467626,-2.446043165467626,-2.446043165467626,-2.446043165467626,-2.446043165467626,-2.446043165467626,-2.446043165467626,-2.446043165467626,-2.446043165467626,-2.446043165467626,-2.446043165467626,-2.446043165467626,-2.446043165467626,-2.446043165467626,-2.446043165467626,-2.446043165467626,-2.446043165467626,-2.446043165467626,-2.446043165467626,-2.446043165467626,-2.446043165467626,-2.446043165467626,-2.446043165467626,0.8240680183126226,-0.2871348111272675,-2.446043165467626,-2.446043165467626,-2.446043165467626,-2.446043165467626,-2.446043165467626,-2.446043165467626,-1.5117256843875548,0.17004578155657307,-2.446043165467626,-2.446043165467626,-2.446043165467626,-2.446043165467626,-2.446043165467626,-2.446043165467626,-1.7453050546575726,-2.446043165467626,-2.446043165467626,-2.446043165467626,-2.446043165467626,-2.446043165467626,-1.0691542459812056,-0.2659690429474603,-2.446043165467626,-2.446043165467626,-2.446043165467626,-2.446043165467626,-2.446043165467626,-2.446043165467626,-1.291886277074597,-2.446043165467626,-2.446043165467626,-2.446043165467626,-2.446043165467626,-2.446043165467626,-1.9010246348375845,-2.446043165467626,-2.446043165467626,-2.446043165467626,-2.446043165467626,-2.446043165467626,-2.446043165467626,-2.446043165467626,-2.446043165467626,-2.446043165467626,-2.446043165467626,-0.11024946276744832,-1.356006104207543,-2.446043165467626,-2.446043165467626,-2.446043165467626,-2.446043165467626,-2.446043165467626,-1.1379986919555263,-2.446043165467626,-2.446043165467626,-0.2659690429474603,-2.446043165467626,-0.8109875735775016,-2.446043165467626,-2.446043165467626,-2.446043165467626,-2.446043165467626,-2.446043165467626,-2.446043165467626,-2.446043165467626,-2.446043165467626,-2.446043165467626,0.4316546762589928,0.6196860693263571,-2.446043165467626,-0.8109875735775016,-2.446043165467626,-2.446043165467626,-2.446043165467626,-2.446043165467626,-2.446043165467626,-2.446043165467626,0.8240680183126226,-2.446043165467626,-2.446043165467626,-2.446043165467626,-2.446043165467626,-2.446043165467626,-0.2659690429474603,-2.446043165467626,-2.446043165467626,-1.5117256843875548,-2.446043165467626,-2.446043165467626,-2.446043165467626,-2.446043165467626,-2.446043165467626,-2.446043165467626,-0.4336670523720882,-2.446043165467626,-2.446043165467626,-0.2659690429474603,-2.446043165467626,-2.446043165467626,0.8240680183126226,-2.446043165467626,-2.446043165467626,-2.446043165467626,-2.446043165467626,-2.446043165467626,-2.446043165467626,-0.7398982000170614,-2.446043165467626,-2.446043165467626,0.17004578155657307,-2.446043165467626,-0.8109875735775016,-2.446043165467626,-2.446043165467626,-2.446043165467626,-2.446043165467626,-2.446043165467626,-0.6293147300341544,-2.446043165467626,-2.446043165467626,-2.446043165467626,-2.446043165467626,-2.446043165467626,-2.446043165467626,0.06942697590179618,-2.446043165467626,-2.446043165467626,-2.446043165467626,-2.446043165467626,-2.446043165467626,-0.4022236756049705,-2.446043165467626,-1.5117256843875548,0.06942697590179618,-2.446043165467626,-2.446043165467626,-0.8109875735775016,-2.446043165467626,-2.446043165467626,-2.446043165467626,-2.446043165467626,-2.446043165467626,-2.446043165467626,0.22950234853439577,-1.356006104207543,-2.446043165467626,-2.446043165467626,-2.446043165467626,-2.446043165467626,-2.446043165467626,-2.446043165467626,-2.446043165467626,0.006540222367560503,-2.446043165467626,0.8240680183126226,-2.446043165467626,-2.446043165467626,-2.446043165467626,-2.446043165467626,-2.446043165467626,-2.446043165467626,-2.446043165467626,0.17004578155657307,0.46072233122592815,-2.446043165467626,-2.446043165467626,-2.446043165467626,-2.446043165467626,-2.446043165467626,0.17004578155657307,-2.446043165467626,-2.446043165467626,-2.446043165467626,-2.446043165467626,0.006540222367560503,-2.446043165467626,-2.446043165467626,-2.446043165467626,-2.446043165467626,-2.446043165467626,-2.446043165467626,-2.446043165467626,-2.446043165467626,0.30773467350521483,-2.446043165467626,-2.446043165467626,-0.2659690429474603,-2.446043165467626,-2.446043165467626,-2.446043165467626,-2.446043165467626,-2.446043165467626,-2.446043165467626,-2.446043165467626,-2.446043165467626,-2.446043165467626,0.006540222367560503,-2.446043165467626,0.09737664413923411,-2.446043165467626,-2.446043165467626,-2.446043165467626,-2.446043165467626,-2.446043165467626,-0.7249320161096005,-2.446043165467626,-2.446043165467626,-2.446043165467626,-2.446043165467626,-2.446043165467626,-2.446043165467626,0.17004578155657307,-2.446043165467626,0.8240680183126226,-2.446043165467626,-2.446043165467626,-2.446043165467626,-2.446043165467626,-2.446043165467626,-2.446043165467626,-0.7019838674514933,-2.446043165467626,-2.446043165467626,-2.446043165467626,-2.446043165467626,-2.446043165467626,-0.0842961994041131,-2.446043165467626,-2.446043165467626,0.0,-2.446043165467626,0.46072233122592815,-2.446043165467626,-2.446043165467626,-2.446043165467626,-2.446043165467626,-2.446043165467626,-2.446043165467626,-2.446043165467626,-2.446043165467626,-2.446043165467626,-2.446043165467626,-0.33008887008040616,-2.446043165467626,-2.446043165467626,-2.446043165467626,-2.446043165467626,-2.446043165467626,-2.446043165467626,-1.1379986919555263,-0.6147809025506865,-2.446043165467626,-2.446043165467626,-2.446043165467626,-2.446043165467626,-2.446043165467626,-1.2197514715500326,-2.446043165467626,-2.446043165467626,-1.0445669438475194,-2.446043165467626,-2.446043165467626,-2.446043165467626,-2.446043165467626,-2.446043165467626,-2.446043165467626,-2.446043165467626,-2.446043165467626,-2.446043165467626,-0.2659690429474603,-2.446043165467626,-0.2659690429474603,-2.446043165467626,-2.446043165467626,-2.446043165467626,-2.446043165467626,-2.446043165467626,-0.8109875735775016,-2.446043165467626,-2.446043165467626,-2.446043165467626,-2.446043165467626,-2.446043165467626,-2.446043165467626,-0.03648755636639027,0.05463009271726987,-2.446043165467626,-2.446043165467626,-2.446043165467626,-2.446043165467626,-2.446043165467626,-2.446043165467626,-2.446043165467626,-2.446043165467626,-2.446043165467626,-2.446043165467626,-2.446043165467626,-2.446043165467626,-2.446043165467626,-2.446043165467626,-2.446043165467626,-2.446043165467626,-2.446043165467626,-1.7920209287115763,-1.1379986919555263,-2.446043165467626,-2.446043165467626,-2.446043165467626,-2.446043165467626,-2.446043165467626,0.17004578155657307,-2.446043165467626,-2.446043165467626,-0.8109875735775016,-2.446043165467626,0.49705689993459784,-2.446043165467626,-2.446043165467626,-2.446043165467626,-2.446043165467626,-2.446043165467626,-2.446043165467626,-2.446043165467626,-2.446043165467626,-1.7920209287115763,-2.446043165467626,-1.1379986919555263,-2.446043165467626,-2.446043165467626,-2.446043165467626,-2.446043165467626,-2.446043165467626,-2.446043165467626,-2.446043165467626,-2.446043165467626,-2.446043165467626,-0.38070978623799534,0.35690927777258696,-2.446043165467626,-2.446043165467626,-2.446043165467626,-2.446043165467626,-2.446043165467626,-0.33008887008040616,-2.446043165467626,-2.446043165467626,-2.446043165467626,-2.446043165467626,-2.446043165467626,-2.446043165467626,-2.446043165467626,-2.446043165467626,-1.1379986919555263,-2.446043165467626,0.35690927777258696,-2.446043165467626,-2.446043165467626,-2.446043165467626,-2.446043165467626,-2.446043165467626,-2.446043165467626,-2.446043165467626,0.22950234853439577,0.06942697590179618,-2.446043165467626,1.1213508532017358,-2.446043165467626,-2.446043165467626,-2.446043165467626,-2.446043165467626,-2.446043165467626,0.09737664413923411,-2.446043165467626,-2.446043165467626,-1.5117256843875548,-2.446043165467626,0.0,-2.446043165467626,-2.446043165467626,-2.446043165467626,-2.446043165467626,-2.446043165467626,-2.446043165467626,-2.446043165467626,-2.446043165467626,-1.5117256843875548,0.218491873168132,-1.9788844249275905,-2.446043165467626,-0.8109875735775016,-2.446043165467626,-2.446043165467626,-2.446043165467626,-2.446043165467626,-2.446043165467626,0.218491873168132,-2.446043165467626,-2.446043165467626,-2.446043165467626,-2.446043165467626,-2.446043165467626,-2.446043165467626,-0.2659690429474603,-2.446043165467626,-2.446043165467626,-2.446043165467626,-2.446043165467626,-2.446043165467626,-0.11024946276744832,-0.15696533682145206,-2.446043165467626,-2.446043165467626,-2.446043165467626,-2.446043165467626,-2.446043165467626,-2.446043165467626,-2.446043165467626,-0.13772938868156795,-2.446043165467626,-2.446043165467626,-2.446043165467626,-2.446043165467626,-2.446043165467626,-2.446043165467626,-2.446043165467626,-0.9926604171208488,-2.446043165467626,-2.446043165467626,-2.446043165467626,-2.446043165467626,-2.446043165467626,-0.2659690429474603,-2.446043165467626,-2.446043165467626,1.187413705399317,-2.446043165467626,-2.446043165467626,-2.446043165467626,-2.446043165467626,-2.446043165467626,-2.446043165467626,-2.446043165467626,-2.446043165467626,-1.7193517912942373,-2.446043165467626,-2.446043165467626,-2.446043165467626,-2.446043165467626,-2.446043165467626,-2.446043165467626,-2.446043165467626,-2.446043165467626,-0.2659690429474603,-2.446043165467626,0.46072233122592815,-2.446043165467626,-2.446043165467626,-2.446043165467626,-2.446043165467626,-2.446043165467626,-2.446043165467626,-2.446043165467626,-0.577408203307484,-2.446043165467626,-2.446043165467626,-2.446043165467626,-2.446043165467626,-2.446043165467626,-2.446043165467626,-0.8109875735775016,-1.356006104207543,-2.446043165467626,-2.446043165467626,-2.446043165467626,4.094179202092871,-2.446043165467626,-2.446043165467626,-2.446043165467626,-2.446043165467626,-2.446043165467626,-2.446043165467626,-2.446043165467626,-2.446043165467626,-0.2659690429474603,-0.2659690429474603,-2.446043165467626,-0.2659690429474603,-0.2659690429474603,-0.2659690429474603,-0.2659690429474603,-0.2659690429474603,-0.2659690429474603,-2.446043165467626,-2.446043165467626,-2.446043165467626,-2.446043165467626,-2.446043165467626,-2.446043165467626,-2.446043165467626,-2.446043165467626,-2.446043165467626,-2.446043165467626,-2.446043165467626,-2.446043165467626,-2.446043165467626,-2.446043165467626,-2.446043165467626,-2.446043165467626,-0.2659690429474603,-2.446043165467626,-2.446043165467626,-2.446043165467626,-2.446043165467626,-2.446043165467626,-2.446043165467626,-2.446043165467626,-2.446043165467626,-2.446043165467626,-2.446043165467626,-2.446043165467626,-2.446043165467626,-2.446043165467626,-2.446043165467626,-2.446043165467626,-2.446043165467626,-0.2659690429474603,-2.446043165467626,-2.446043165467626,-2.446043165467626,-2.446043165467626,-2.446043165467626,-2.446043165467626,-2.446043165467626,-2.446043165467626,-2.446043165467626,-0.2659690429474603,-2.446043165467626,-2.446043165467626,-2.446043165467626,-2.446043165467626,-1.356006104207543,-2.446043165467626,-2.446043165467626,-0.2659690429474603,-1.356006104207543,-2.446043165467626
-0.3722746267518522,-0.09034067734104072,-0.3722746267518522,0.30210161745907094,-0.8379914509840762,-0.8379914509840762,-0.8379914509840762,-0.8379914509840762,-0.8379914509840762,-0.8379914509840762,-0.471255805443032,-0.7073537229411824,-0.6425382111868007,-0.471255805443032,-0.8379914509840762,-0.7769746277781607,-0.7769746277781607,-0.8379914509840762,-0.8379914509840762,-0.7769746277781607,-0.3264385948391911,-0.7769746277781607,-0.8379914509840762,-0.7769746277781607,-0.8379914509840762,-0.7769746277781607,-0.5249534087498556,-0.5819073491100745,-0.3264385948391911,-0.8379914509840762,-0.8379914509840762,-0.8379914509840762,-0.8379914509840762,-0.8379914509840762,-0.8379914509840762,-0.8379914509840762,-0.8379914509840762,-0.8379914509840762,-0.8379914509840762,-0.8379914509840762,-0.8379914509840762,-0.8379914509840762,-0.471255805443032,-0.8379914509840762,-0.8379914509840762,-0.8379914509840762,-0.8379914509840762,-0.8379914509840762,-0.5249534087498556,-0.8379914509840762,-0.8379914509840762,-0.7073537229411824,-0.8379914509840762,-0.8379914509840762,-0.8379914509840762,-0.8379914509840762,-0.8379914509840762,-0.8379914509840762,-0.8379914509840762,-0.8379914509840762,-0.8379914509840762,-0.8379914509840762,-0.8379914509840762,-0.8379914509840762,-0.8379914509840762,-0.8379914509840762,-0.8379914509840762,-0.8379914509840762,-0.8379914509840762,-0.8379914509840762,-0.8379914509840762,-0.8379914509840762,-0.8379914509840762,-0.8379914509840762,-0.8379914509840762,-0.8379914509840762,-0.5819073491100745,-0.7769746277781607,-0.8379914509840762,-0.8379914509840762,-0.8379914509840762,-0.8379914509840762,-0.8379914509840762,0.06927136342686518,-0.471255805443032,-0.42046223010339584,-0.8379914509840762,-0.3264385948391911,-0.7769746277781607,-0.8379914509840762,-0.7769746277781607,-0.8379914509840762,-0.7769746277781607,-0.5249534087498556,-0.8379914509840762,-0.8379914509840762,-0.8379914509840762,-0.6425382111868007,-0.7073537229411824,-0.5819073491100745,-0.8379914509840762,-0.8379914509840762,-0.8379914509840762,-0.8379914509840762,-0.7769746277781607,-0.42046223010339584,-0.8379914509840762,-0.6425382111868007,-0.8379914509840762,-0.8379914509840762,-0.8379914509840762,-0.8379914509840762,-0.8379914509840762,-0.8379914509840762,-0.6425382111868007,-0.7073537229411824,-0.8379914509840762,-0.8379914509840762,-0.8379914509840762,-0.8379914509840762,-0.8379914509840762,-0.8379914509840762,-0.8379914509840762,-0.8379914509840762,-0.8379914509840762,0.975918830234688,0.38955562945212996,0.3684434533498625,-0.8379914509840762,0.975918830234688,-0.8379914509840762,-0.6425382111868007,-0.8379914509840762,0.1262253037870841,-0.8379914509840762,-0.5249534087498556,-0.5819073491100745,-0.6425382111868007,-0.8379914509840762,-0.8379914509840762,-0.8379914509840762,-0.8379914509840762,-0.8379914509840762,0.6116316105355352,-0.8379914509840762,-0.8379914509840762,-0.8379914509840762,0.6116316105355352,-0.8379914509840762,-0.8379914509840762,-0.8379914509840762,0.5950037021326975,-0.8379914509840762,-0.8379914509840762,-0.8379914509840762,0.4885368081433098,-0.8379914509840762,-0.8379914509840762,-0.8379914509840762,0.5432776678586332,-0.8379914509840762,-0.8379914509840762,-0.8379914509840762,0.507140431889075,-0.8379914509840762,-0.8379914509840762,-0.8379914509840762,0.5950037021326975,-0.8379914509840762,-0.8379914509840762,-0.8379914509840762,-0.8379914509840762,-0.8379914509840762,-0.2009922210080832,1.9803654469444316,-0.8379914509840762,-0.8379914509840762,-0.8379914509840762,-0.8379914509840762,-0.8379914509840762,0.6116316105355352,0.41020376390539265,-0.2009922210080832,-0.8379914509840762,-0.8379914509840762,-0.8379914509840762,-0.8379914509840762,-0.8379914509840762,0.6116316105355352,1.4757335997556553,-0.8379914509840762,-0.8379914509840762,-0.8379914509840762,-0.8379914509840762,-0.8379914509840762,1.0302375590512844,0.039444975795149016,-0.8379914509840762,-0.8379914509840762,-0.8379914509840762,-0.8379914509840762,-0.8379914509840762,0.5950037021326975,1.0815865303865884,-0.8379914509840762,-0.8379914509840762,-0.8379914509840762,-0.8379914509840762,-0.8379914509840762,0.7350155196539405,-0.8379914509840762,-0.8379914509840762,-0.3722746267518522,-0.7073537229411824,-0.8379914509840762,-0.8379914509840762,-0.8379914509840762,-0.8379914509840762,-0.8379914509840762,0.4885368081433098,0.791118892007384,0.1262253037870841,-0.8379914509840762,-0.8379914509840762,-0.8379914509840762,-0.8379914509840762,-0.8379914509840762,1.07153881643408,-0.7073537229411824,-0.5819073491100745,-0.5249534087498556,-0.6425382111868007,-0.1626419043936299,-0.7769746277781607,-0.12579591524122108,-0.7073537229411824,-0.8379914509840762,-0.8379914509840762,-0.8379914509840762,-0.8379914509840762,-0.8379914509840762,0.5432776678586332,1.3187942558098,1.7476381493227773,-0.8379914509840762,-0.7769746277781607,-0.8379914509840762,-0.8379914509840762,-0.8379914509840762,-0.8379914509840762,-0.8379914509840762,0.507140431889075,0.9646677700188816,-0.8379914509840762,-0.8379914509840762,-0.8379914509840762,-0.8379914509840762,-0.8379914509840762,0.4304078178496487,-0.3722746267518522,-0.8379914509840762,0.15345771195397964,-0.7073537229411824,-0.8379914509840762,-0.8379914509840762,-0.8379914509840762,-0.8379914509840762,-0.8379914509840762,0.7493585814518534,-0.5249534087498556,-0.7073537229411824,0.7774040163240238,-0.12579591524122108,-0.7073537229411824,0.7204500759638045,-0.8379914509840762,-0.8379914509840762,-0.8379914509840762,-0.8379914509840762,-0.8379914509840762,0.5950037021326975,1.2872130534997008,-0.8379914509840762,-0.8379914509840762,0.6116316105355352,-0.8379914509840762,-0.7769746277781607,-0.8379914509840762,-0.8379914509840762,-0.8379914509840762,-0.8379914509840762,-0.8379914509840762,1.1674846054109034,-0.8379914509840762,-0.8379914509840762,-0.8379914509840762,-0.8379914509840762,-0.8379914509840762,0.5950037021326975,1.8846941627298162,-0.8379914509840762,-0.8379914509840762,-0.8379914509840762,-0.8379914509840762,-0.8379914509840762,1.07153881643408,-0.8379914509840762,0.4885368081433098,0.9646677700188816,-0.8379914509840762,-0.8379914509840762,-0.7769746277781607,-0.8379914509840762,-0.8379914509840762,-0.8379914509840762,-0.8379914509840762,-0.8379914509840762,0.5950037021326975,1.3789397382325823,0.32474011769774863,-0.8379914509840762,-0.8379914509840762,-0.8379914509840762,-0.8379914509840762,-0.8379914509840762,-0.7073537229411824,-0.8379914509840762,0.17992290709390768,-0.8379914509840762,0.6598192138870784,-0.7073537229411824,-0.8379914509840762,-0.8379914509840762,-0.8379914509840762,-0.8379914509840762,-0.8379914509840762,0.5253827972957186,1.2206753555631018,1.0613824764423323,-0.8379914509840762,-0.8379914509840762,-0.8379914509840762,-0.8379914509840762,-0.8379914509840762,-0.24097494863154706,-0.8379914509840762,-0.3264385948391911,-0.8379914509840762,-0.7769746277781607,0.17992290709390768,-0.12579591524122108,-0.7073537229411824,-0.8379914509840762,-0.8379914509840762,-0.8379914509840762,-0.8379914509840762,-0.8379914509840762,0.560838035195899,1.1207360408385294,-0.7769746277781607,-0.5249534087498556,1.05111513600155,-0.8379914509840762,-0.12579591524122108,-0.7073537229411824,-0.8379914509840762,-0.8379914509840762,-0.8379914509840762,-0.8379914509840762,-0.8379914509840762,0.4885368081433098,1.3109979264240181,-0.8379914509840762,1.111100548173595,-0.8379914509840762,-0.8379914509840762,-0.8379914509840762,-0.8379914509840762,-0.8379914509840762,0.9646677700188816,-0.8379914509840762,-0.8379914509840762,-0.8379914509840762,-0.8379914509840762,-0.8379914509840762,0.4695573283015892,0.5780761757080852,-0.8379914509840762,1.1207360408385294,-0.8379914509840762,-0.8379914509840762,-0.8379914509840762,-0.8379914509840762,-0.8379914509840762,0.5950037021326975,0.975918830234688,-0.8379914509840762,-0.8379914509840762,-0.8379914509840762,-0.8379914509840762,-0.8379914509840762,1.8002420944160884,-0.7769746277781607,-0.6425382111868007,-0.8379914509840762,-0.8379914509840762,0.9182656324552789,-0.8379914509840762,-0.8379914509840762,-0.12579591524122108,-0.7073537229411824,-0.8379914509840762,-0.8379914509840762,-0.8379914509840762,-0.8379914509840762,-0.8379914509840762,0.5253827972957186,1.6270975427716277,-0.8379914509840762,-0.8379914509840762,-0.8379914509840762,-0.8379914509840762,-0.8379914509840762,0.4695573283015892,-0.09034067734104072,1.5080203614675325,-0.8379914509840762,-0.8379914509840762,-0.8379914509840762,-0.8379914509840762,-0.8379914509840762,1.0196221658868025,-0.42046223010339584,-0.6425382111868007,0.975918830234688,-0.8379914509840762,-0.12579591524122108,-0.7073537229411824,-0.8379914509840762,-0.8379914509840762,-0.8379914509840762,-0.8379914509840762,-0.8379914509840762,0.5950037021326975,1.9015457768842317,-0.8379914509840762,0.4695573283015892,-0.8379914509840762,-0.8379914509840762,-0.8379914509840762,-0.8379914509840762,-0.8379914509840762,1.6971177897184708,-0.8379914509840762,-0.8379914509840762,-0.8379914509840762,-0.8379914509840762,-0.8379914509840762,0.3684434533498625,1.07153881643408,1.5753715084975637,-0.8379914509840762,-0.8379914509840762,-0.8379914509840762,-0.8379914509840762,-0.8379914509840762,-0.7073537229411824,-0.7769746277781607,-0.5819073491100745,-0.8379914509840762,-0.12579591524122108,-0.7073537229411824,-0.8379914509840762,-0.8379914509840762,-0.8379914509840762,-0.8379914509840762,-0.8379914509840762,0.6440297279399877,0.6906236883320888,1.1674846054109034,-0.8379914509840762,-0.8379914509840762,-0.8379914509840762,-0.8379914509840762,-0.8379914509840762,0.9646677700188816,-0.7769746277781607,-0.471255805443032,-0.3722746267518522,-0.8379914509840762,1.1944563803955726,-0.7073537229411824,-0.8379914509840762,-0.8379914509840762,-0.8379914509840762,-0.8379914509840762,-0.8379914509840762,-0.6425382111868007,-0.8379914509840762,0.6598192138870784,-0.6425382111868007,-0.023208389321739645,-0.8379914509840762,-0.12579591524122108,-0.7073537229411824,-0.8379914509840762,-0.8379914509840762,-0.8379914509840762,-0.8379914509840762,-0.8379914509840762,0.5780761757080852,1.3933931356110212,0.7056552457997395,-0.8379914509840762,-0.8379914509840762,-0.8379914509840762,-0.8379914509840762,-0.8379914509840762,1.6708008784237416,-0.8379914509840762,-0.8379914509840762,-0.8379914509840762,-0.8379914509840762,-0.8379914509840762,-0.3264385948391911,-0.8379914509840762,-0.8379914509840762,0.008640501350139093,-0.8379914509840762,1.0302375590512844,-0.7073537229411824,-0.8379914509840762,-0.8379914509840762,-0.8379914509840762,-0.8379914509840762,-0.8379914509840762,0.5432776678586332,1.2710151988005547,0.560838035195899,-0.8379914509840762,1.1944563803955726,-0.8379914509840762,-0.8379914509840762,-0.8379914509840762,-0.8379914509840762,-0.8379914509840762,1.0302375590512844,-0.471255805443032,-0.8379914509840762,0.2056629363936535,-0.5819073491100745,-0.8379914509840762,-0.8379914509840762,-0.12579591524122108,-0.7073537229411824,-0.8379914509840762,-0.8379914509840762,-0.8379914509840762,-0.8379914509840762,-0.8379914509840762,0.1262253037870841,1.3933931356110212,0.8818951949704836,-0.8379914509840762,-0.7769746277781607,-0.8379914509840762,-0.8379914509840762,-0.8379914509840762,-0.8379914509840762,-0.8379914509840762,1.3861942321908802,-0.8379914509840762,-0.8379914509840762,-0.8379914509840762,-0.8379914509840762,-0.8379914509840762,0.7056552457997395,1.841193229814521,-0.8379914509840762,-0.8379914509840762,-0.8379914509840762,-0.8379914509840762,-0.8379914509840762,1.5514351232272507,1.1765615098326578,-0.8379914509840762,-0.8379914509840762,-0.8379914509840762,-0.8379914509840762,-0.8379914509840762,-0.7073537229411824,-0.5819073491100745,0.975918830234688,-0.7073537229411824,-0.8379914509840762,-0.8379914509840762,-0.8379914509840762,-0.8379914509840762,-0.8379914509840762,0.6753477046111246,0.41020376390539265,-0.8379914509840762,-0.8379914509840762,-0.8379914509840762,-0.8379914509840762,-0.8379914509840762,-0.7769746277781607,-0.42046223010339584,-0.7073537229411824,0.27890408578508746,-0.6425382111868007,-0.8379914509840762,-0.8379914509840762,-0.8379914509840762,-0.8379914509840762,-0.8379914509840762,-0.5819073491100745,-0.5819073491100745,0.7204500759638045,-0.7073537229411824,-0.8379914509840762,-0.8379914509840762,-0.8379914509840762,-0.8379914509840762,-0.8379914509840762,-0.8379914509840762,-0.7073537229411824,-0.6425382111868007,-0.8379914509840762,1.1302737095538447,-0.12579591524122108,-0.7073537229411824,-0.8379914509840762,-0.8379914509840762,-0.8379914509840762,-0.8379914509840762,-0.8379914509840762,1.421649470091061,-0.8379914509840762,-0.8379914509840762,-0.8379914509840762,-0.8379914509840762,-0.8379914509840762,0.560838035195899,1.7227175289710197,0.30210161745907094,-0.8379914509840762,-0.8379914509840762,-0.8379914509840762,-0.8379914509840762,-0.8379914509840762,-0.8379914509840762,-0.8379914509840762,-0.8379914509840762,-0.8379914509840762,-0.8379914509840762,-0.8379914509840762,-0.8379914509840762,-0.5249534087498556,-0.5819073491100745,-0.6425382111868007,-0.5249534087498556,-0.471255805443032,-0.5249534087498556,-0.471255805443032,-0.471255805443032,-0.42046223010339584,-0.8379914509840762,-0.8379914509840762,-0.8379914509840762,-0.6425382111868007,-0.8379914509840762,-0.8379914509840762,-0.8379914509840762,-0.8379914509840762,-0.8379914509840762,-0.8379914509840762,-0.8379914509840762,-0.8379914509840762,-0.8379914509840762,-0.8379914509840762,-0.5249534087498556,-0.5819073491100745,-0.471255805443032,-0.8379914509840762,-0.8379914509840762,-0.8379914509840762,-0.8379914509840762,-0.8379914509840762,-0.8379914509840762,-0.8379914509840762,-0.8379914509840762,-0.8379914509840762,-0.8379914509840762,-0.8379914509840762,-0.8379914509840762,-0.8379914509840762,-0.8379914509840762,-0.2009922210080832,-0.8379914509840762,-0.8379914509840762,-0.7073537229411824,-0.7769746277781607,-0.471255805443032,-0.8379914509840762,-0.8379914509840762,-0.8379914509840762,-0.1626419043936299,-0.8379914509840762,-0.8379914509840762,-0.5249534087498556,-0.7073537229411824,-0.8379914509840762,-0.7073537229411824,-0.3722746267518522,0.30210161745907094,-0.8379914509840762,-0.8379914509840762,-0.8379914509840762,0.998024610130591,-0.8379914509840762
-1.0,-1.0,-1.0,1.0,-1.0,-1.0,-1.0,-1.0,-1.0,-1.0,-1.0,-1.0,-1.0,-1.0,-1.0,-1.0,-1.0,-1.0,-1.0,-1.0,-1.0,-1.0,-1.0,-1.0,-1.0,-1.0,-1.0,1.0,-1.0,-1.0,-1.0,-1.0,-1.0,-1.0,-1.0,-1.0,-1.0,-1.0,-1.0,-1.0,-1.0,-1.0,-1.0,-1.0,-1.0,-1.0,-1.0,-1.0,-1.0,-1.0,-1.0,-1.0,-1.0,-1.0,-1.0,-1.0,-1.0,-1.0,-1.0,-1.0,-1.0,-1.0,-1.0,-1.0,-1.0,-1.0,-1.0,-1.0,-1.0,-1.0,-1.0,-1.0,-1.0,-1.0,-1.0,-1.0,-1.0,-1.0,-1.0,-1.0,-1.0,-1.0,-1.0,1.0,-1.0,-1.0,-1.0,-1.0,-1.0,-1.0,-1.0,-1.0,-1.0,-1.0,-1.0,-1.0,-1.0,-1.0,-1.0,-1.0,-1.0,-1.0,-1.0,-1.0,-1.0,-1.0,-1.0,-1.0,-1.0,-1.0,-1.0,-1.0,-1.0,-1.0,-1.0,-1.0,-1.0,-1.0,-1.0,-1.0,-1.0,-1.0,-1.0,-1.0,-1.0,1.0,-1.0,-1.0,-1.0,1.0,-1.0,-1.0,1.0,-1.0,1.0,-1.0,-1.0,-1.0,-1.0,-1.0,1.0,-1.0,1.0,1.0,1.0,-1.0,1.0,1.0,1.0,-1.0,1.0,1.0,1.0,-1.0,1.0,1.0,1.0,-1.0,1.0,1.0,1.0,-1.0,1.0,1.0,1.0,-1.0,1.0,1.0,-1.0,-1.0,1.0,-1.0,1.0,1.0,1.0,-1.0,-1.0,1.0,-1.0,1.0,1.0,1.0,1.0,-1.0,-1.0,1.0,-1.0,1.0,1.0,1.0,-1.0,-1.0,1.0,-1.0,1.0,1.0,1.0,-1.0,-1.0,1.0,-1.0,1.0,1.0,1.0,-1.0,-1.0,1.0,-1.0,1.0,1.0,-1.0,-1.0,1.0,1.0,-1.0,-1.0,1.0,-1.0,1.0,1.0,1.0,1.0,-1.0,-1.0,1.0,-1.0,1.0,1.0,-1.0,-1.0,-1.0,-1.0,1.0,-1.0,1.0,1.0,-1.0,-1.0,1.0,-1.0,1.0,1.0,1.0,1.0,-1.0,1.0,-1.0,-1.0,1.0,-1.0,1.0,1.0,1.0,-1.0,-1.0,1.0,-1.0,1.0,1.0,-1.0,-1.0,1.0,1.0,-1.0,-1.0,1.0,-1.0,1.0,1.0,-1.0,-1.0,1.0,1.0,1.0,1.0,-1.0,-1.0,1.0,-1.0,1.0,1.0,1.0,1.0,1.0,1.0,-1.0,1.0,-1.0,-1.0,1.0,-1.0,1.0,1.0,-1.0,-1.0,1.0,-1.0,1.0,1.0,1.0,-1.0,-1.0,1.0,-1.0,1.0,1.0,-1.0,1.0,1.0,1.0,-1.0,1.0,-1.0,-1.0,1.0,-1.0,1.0,1.0,1.0,1.0,-1.0,-1.0,1.0,-1.0,1.0,-1.0,-1.0,-1.0,-1.0,1.0,1.0,-1.0,-1.0,1.0,-1.0,1.0,1.0,1.0,1.0,-1.0,-1.0,1.0,-1.0,1.0,-1.0,-1.0,1.0,-1.0,-1.0,-1.0,1.0,1.0,-1.0,-1.0,1.0,-1.0,1.0,1.0,1.0,-1.0,-1.0,1.0,-1.0,1.0,1.0,-1.0,-1.0,1.0,-1.0,1.0,1.0,1.0,-1.0,1.0,-1.0,-1.0,1.0,-1.0,1.0,1.0,-1.0,-1.0,1.0,-1.0,1.0,1.0,-1.0,-1.0,1.0,-1.0,-1.0,1.0,-1.0,1.0,1.0,1.0,-1.0,-1.0,1.0,-1.0,1.0,1.0,-1.0,-1.0,1.0,-1.0,1.0,-1.0,-1.0,1.0,1.0,-1.0,-1.0,1.0,-1.0,1.0,1.0,1.0,-1.0,-1.0,1.0,-1.0,1.0,1.0,1.0,1.0,-1.0,-1.0,1.0,-1.0,1.0,1.0,-1.0,-1.0,1.0,-1.0,1.0,1.0,-1.0,-1.0,1.0,-1.0,1.0,1.0,1.0,-1.0,1.0,-1.0,-1.0,1.0,-1.0,1.0,1.0,-1.0,-1.0,1.0,-1.0,1.0,1.0,1.0,1.0,-1.0,-1.0,1.0,-1.0,1.0,1.0,-1.0,-1.0,-1.0,1.0,1.0,-1.0,-1.0,1.0,-1.0,1.0,1.0,1.0,1.0,-1.0,-1.0,1.0,-1.0,1.0,1.0,-1.0,-1.0,-1.0,-1.0,1.0,1.0,-1.0,-1.0,1.0,-1.0,1.0,-1.0,-1.0,-1.0,-1.0,1.0,-1.0,1.0,1.0,-1.0,-1.0,1.0,-1.0,1.0,1.0,1.0,1.0,-1.0,-1.0,1.0,-1.0,1.0,1.0,-1.0,-1.0,1.0,-1.0,1.0,1.0,-1.0,-1.0,1.0,-1.0,1.0,1.0,-1.0,-1.0,1.0,-1.0,1.0,1.0,1.0,-1.0,-1.0,1.0,-1.0,-1.0,1.0,-1.0,1.0,1.0,-1.0,-1.0,-1.0,-1.0,1.0,-1.0,1.0,1.0,-1.0,-1.0,1.0,-1.0,1.0,1.0,1.0,1.0,-1.0,1.0,-1.0,-1.0,1.0,-1.0,1.0,1.0,-1.0,-1.0,1.0,-1.0,1.0,1.0,1.0,-1.0,-1.0,1.0,-1.0,1.0,1.0,1.0,-1.0,-1.0,1.0,-1.0,1.0,-1.0,-1.0,-1.0,1.0,-1.0,-1.0,1.0,-1.0,1.0,1.0,1.0,-1.0,-1.0,1.0,-1.0,1.0,1.0,-1.0,-1.0,1.0,1.0,-1.0,-1.0,1.0,-1.0,1.0,-1.0,-1.0,1.0,1.0,-1.0,-1.0,1.0,-1.0,1.0,-1.0,-1.0,1.0,-1.0,1.0,1.0,1.0,-1.0,-1.0,1.0,-1.0,1.0,1.0,-1.0,-1.0,1.0,-1.0,1.0,1.0,1.0,1.0,-1.0,-1.0,-1.0,-1.0,-1.0,-1.0,-1.0,-1.0,-1.0,-1.0,-1.0,-1.0,-1.0,-1.0,-1.0,-1.0,-1.0,-1.0,-1.0,-1.0,-1.0,-1.0,-1.0,-1.0,-1.0,-1.0,-1.0,-1.0,-1.0,-1.0,-1.0,-1.0,-1.0,-1.0,-1.0,-1.0,1.0,-1.0,-1.0,-1.0,-1.0,-1.0,-1.0,-1.0,-1.0,-1.0,-1.0,-1.0,-1.0,-1.0,-1.0,-1.0,-1.0,-1.0,-1.0,-1.0,-1.0,-1.0,-1.0,-1.0,-1.0,-1.0,-1.0,-1.0,-1.0,-1.0,-1.0,-1.0,-1.0,1.0,-1.0,-1.0,-1.0,1.0,-1.0
-0.16989594669116745,-0.16989594669116745,-0.16989594669116745,2.2788781480215374,-0.16989594669116745,-0.16989594669116745,-0.16989594669116745,-0.16989594669116745,-0.16989594669116745,-0.16989594669116745,-0.16989594669116745,-0.16989594669116745,-0.16989594669116745,-0.16989594669116745,-0.16989594669116745,-0.16989594669116745,-0.16989594669116745,-0.16989594669116745,-0.16989594669116745,-0.16989594669116745,-0.16989594669116745,-0.16989594669116745,-0.16989594669116745,-0.16989594669116745,-0.16989594669116745,-0.16989594669116745,-0.16989594669116745,2.2788781480215374,-0.16989594669116745,-0.16989594669116745,-0.16989594669116745,-0.16989594669116745,-0.16989594669116745,-0.16989594669116745,-0.16989594669116745,-0.16989594669116745,-0.16989594669116745,-0.16989594669116745,-0.16989594669116745,-0.16989594669116745,-0.16989594669116745,-0.16989594669116745,-0.16989594669116745,-0.16989594669116745,-0.16989594669116745,-0.16989594669116745,-0.16989594669116745,-0.16989594669116745,-0.16989594669116745,-0.16989594669116745,-0.16989594669116745,-0.16989594669116745,-0.16989594669116745,-0.16989594669116745,-0.16989594669116745,-0.16989594669116745,-0.16989594669116745,-0.16989594669116745,-0.16989594669116745,-0.16989594669116745,-0.16989594669116745,-0.16989594669116745,-0.16989594669116745,-0.16989594669116745,-0.16989594669116745,-0.16989594669116745,-0.16989594669116745,-0.16989594669116745,-0.16989594669116745,-0.16989594669116745,-0.16989594669116745,-0.16989594669116745,-0.16989594669116745,-0.16989594669116745,-0.16989594669116745,-0.16989594669116745,-0.16989594669116745,-0.16989594669116745,-0.16989594669116745,-0.16989594669116745,-0.16989594669116745,-0.16989594669116745,-0.16989594669116745,2.2788781480215374,-0.16989594669116745,-0.16989594669116745,-0.16989594669116745,-0.16989594669116745,-0.16989594669116745,-0.16989594669116745,-0.16989594669116745,-0.16989594669116745,-0.16989594669116745,-0.16989594669116745,-0.16989594669116745,-0.16989594669116745,-0.16989594669116745,-0.16989594669116745,-0.16989594669116745,-0.16989594669116745,-0.16989594669116745,-0.16989594669116745,-0.16989594669116745,-0.16989594669116745,-0.16989594669116745,-0.16989594669116745,-0.16989594669116745,-0.16989594669116745,-0.16989594669116745,-0.16989594669116745,-0.16989594669116745,-0.16989594669116745,-0.16989594669116745,-0.16989594669116745,-0.16989594669116745,-0.16989594669116745,-0.16989594669116745,-0.16989594669116745,-0.16989594669116745,-0.16989594669116745,-0.16989594669116745,-0.16989594669116745,-0.16989594669116745,-0.16989594669116745,-0.16989594669116745,4.7276522427342424,-0.16989594669116745,-0.16989594669116745,-0.16989594669116745,4.7276522427342424,-0.16989594669116745,-0.16989594669116745,2.2788781480215374,-0.16989594669116745,2.2788781480215374,-0.16989594669116745,-0.16989594669116745,-0.16989594669116745,-0.16989594669116745,-0.16989594669116745,2.2788781480215374,-0.16989594669116745,2.2788781480215374,7.176426337446948,2.2788781480215374,-0.16989594669116745,2.2788781480215374,7.176426337446948,2.2788781480215374,-0.16989594669116745,2.2788781480215374,12.073974526872357,2.2788781480215374,-0.16989594669116745,2.2788781480215374,7.176426337446948,2.2788781480215374,-0.16989594669116745,2.2788781480215374,7.176426337446948,2.2788781480215374,-0.16989594669116745,2.2788781480215374,7.176426337446948,2.2788781480215374,-0.16989594669116745,2.2788781480215374,7.176426337446948,-0.16989594669116745,-0.16989594669116745,2.2788781480215374,-0.16989594669116745,2.2788781480215374,2.2788781480215374,24.31784500043588,-0.16989594669116745,-0.16989594669116745,2.2788781480215374,-0.16989594669116745,2.2788781480215374,7.176426337446948,4.7276522427342424,2.2788781480215374,-0.16989594669116745,-0.16989594669116745,2.2788781480215374,-0.16989594669116745,2.2788781480215374,7.176426337446948,9.625200432159653,-0.16989594669116745,-0.16989594669116745,2.2788781480215374,-0.16989594669116745,2.2788781480215374,12.073974526872357,2.2788781480215374,-0.16989594669116745,-0.16989594669116745,2.2788781480215374,-0.16989594669116745,2.2788781480215374,12.073974526872357,4.7276522427342424,-0.16989594669116745,-0.16989594669116745,2.2788781480215374,-0.16989594669116745,2.2788781480215374,7.176426337446948,-0.16989594669116745,-0.16989594669116745,24.31784500043588,2.2788781480215374,-0.16989594669116745,-0.16989594669116745,2.2788781480215374,-0.16989594669116745,2.2788781480215374,7.176426337446948,4.7276522427342424,2.2788781480215374,-0.16989594669116745,-0.16989594669116745,2.2788781480215374,-0.16989594669116745,2.2788781480215374,4.7276522427342424,-0.16989594669116745,-0.16989594669116745,-0.16989594669116745,-0.16989594669116745,2.2788781480215374,-0.16989594669116745,4.7276522427342424,2.2788781480215374,-0.16989594669116745,-0.16989594669116745,2.2788781480215374,-0.16989594669116745,2.2788781480215374,7.176426337446948,4.7276522427342424,4.7276522427342424,-0.16989594669116745,2.2788781480215374,-0.16989594669116745,-0.16989594669116745,2.2788781480215374,-0.16989594669116745,2.2788781480215374,7.176426337446948,4.7276522427342424,-0.16989594669116745,-0.16989594669116745,2.2788781480215374,-0.16989594669116745,2.2788781480215374,2.2788781480215374,-0.16989594669116745,-0.16989594669116745,2.2788781480215374,2.2788781480215374,-0.16989594669116745,-0.16989594669116745,2.2788781480215374,-0.16989594669116745,2.2788781480215374,2.2788781480215374,-0.16989594669116745,-0.16989594669116745,4.7276522427342424,4.7276522427342424,2.2788781480215374,7.176426337446948,-0.16989594669116745,-0.16989594669116745,2.2788781480215374,-0.16989594669116745,2.2788781480215374,7.176426337446948,4.7276522427342424,2.2788781480215374,2.2788781480215374,4.7276522427342424,-0.16989594669116745,2.2788781480215374,-0.16989594669116745,-0.16989594669116745,2.2788781480215374,-0.16989594669116745,2.2788781480215374,12.073974526872357,-0.16989594669116745,-0.16989594669116745,2.2788781480215374,-0.16989594669116745,2.2788781480215374,7.176426337446948,24.31784500043588,-0.16989594669116745,-0.16989594669116745,2.2788781480215374,-0.16989594669116745,2.2788781480215374,2.2788781480215374,-0.16989594669116745,4.7276522427342424,4.7276522427342424,2.2788781480215374,-0.16989594669116745,2.2788781480215374,-0.16989594669116745,-0.16989594669116745,2.2788781480215374,-0.16989594669116745,2.2788781480215374,7.176426337446948,4.7276522427342424,2.2788781480215374,-0.16989594669116745,-0.16989594669116745,2.2788781480215374,-0.16989594669116745,2.2788781480215374,-0.16989594669116745,-0.16989594669116745,-0.16989594669116745,-0.16989594669116745,9.625200432159653,2.2788781480215374,-0.16989594669116745,-0.16989594669116745,2.2788781480215374,-0.16989594669116745,2.2788781480215374,7.176426337446948,7.176426337446948,4.7276522427342424,-0.16989594669116745,-0.16989594669116745,2.2788781480215374,-0.16989594669116745,2.2788781480215374,-0.16989594669116745,-0.16989594669116745,2.2788781480215374,-0.16989594669116745,-0.16989594669116745,-0.16989594669116745,4.7276522427342424,2.2788781480215374,-0.16989594669116745,-0.16989594669116745,2.2788781480215374,-0.16989594669116745,2.2788781480215374,7.176426337446948,4.7276522427342424,-0.16989594669116745,-0.16989594669116745,2.2788781480215374,-0.16989594669116745,4.7276522427342424,2.2788781480215374,-0.16989594669116745,-0.16989594669116745,2.2788781480215374,-0.16989594669116745,2.2788781480215374,7.176426337446948,4.7276522427342424,-0.16989594669116745,7.176426337446948,-0.16989594669116745,-0.16989594669116745,2.2788781480215374,-0.16989594669116745,2.2788781480215374,4.7276522427342424,-0.16989594669116745,-0.16989594669116745,2.2788781480215374,-0.16989594669116745,2.2788781480215374,7.176426337446948,-0.16989594669116745,-0.16989594669116745,4.7276522427342424,-0.16989594669116745,-0.16989594669116745,2.2788781480215374,-0.16989594669116745,2.2788781480215374,12.073974526872357,4.7276522427342424,-0.16989594669116745,-0.16989594669116745,2.2788781480215374,-0.16989594669116745,2.2788781480215374,12.073974526872357,-0.16989594669116745,-0.16989594669116745,2.2788781480215374,-0.16989594669116745,2.2788781480215374,-0.16989594669116745,-0.16989594669116745,4.7276522427342424,2.2788781480215374,-0.16989594669116745,-0.16989594669116745,2.2788781480215374,-0.16989594669116745,2.2788781480215374,7.176426337446948,9.625200432159653,-0.16989594669116745,-0.16989594669116745,2.2788781480215374,-0.16989594669116745,2.2788781480215374,7.176426337446948,2.2788781480215374,12.073974526872357,-0.16989594669116745,-0.16989594669116745,2.2788781480215374,-0.16989594669116745,2.2788781480215374,4.7276522427342424,-0.16989594669116745,-0.16989594669116745,2.2788781480215374,-0.16989594669116745,4.7276522427342424,2.2788781480215374,-0.16989594669116745,-0.16989594669116745,2.2788781480215374,-0.16989594669116745,2.2788781480215374,7.176426337446948,9.625200432159653,-0.16989594669116745,7.176426337446948,-0.16989594669116745,-0.16989594669116745,2.2788781480215374,-0.16989594669116745,2.2788781480215374,9.625200432159653,-0.16989594669116745,-0.16989594669116745,2.2788781480215374,-0.16989594669116745,2.2788781480215374,7.176426337446948,2.2788781480215374,4.7276522427342424,-0.16989594669116745,-0.16989594669116745,2.2788781480215374,-0.16989594669116745,2.2788781480215374,4.7276522427342424,-0.16989594669116745,-0.16989594669116745,-0.16989594669116745,4.7276522427342424,2.2788781480215374,-0.16989594669116745,-0.16989594669116745,2.2788781480215374,-0.16989594669116745,2.2788781480215374,7.176426337446948,2.2788781480215374,9.625200432159653,-0.16989594669116745,-0.16989594669116745,2.2788781480215374,-0.16989594669116745,2.2788781480215374,7.176426337446948,-0.16989594669116745,-0.16989594669116745,-0.16989594669116745,-0.16989594669116745,7.176426337446948,2.2788781480215374,-0.16989594669116745,-0.16989594669116745,2.2788781480215374,-0.16989594669116745,2.2788781480215374,-0.16989594669116745,-0.16989594669116745,-0.16989594669116745,-0.16989594669116745,2.2788781480215374,-0.16989594669116745,4.7276522427342424,2.2788781480215374,-0.16989594669116745,-0.16989594669116745,2.2788781480215374,-0.16989594669116745,2.2788781480215374,7.176426337446948,9.625200432159653,4.7276522427342424,-0.16989594669116745,-0.16989594669116745,2.2788781480215374,-0.16989594669116745,2.2788781480215374,7.176426337446948,-0.16989594669116745,-0.16989594669116745,2.2788781480215374,-0.16989594669116745,2.2788781480215374,4.7276522427342424,-0.16989594669116745,-0.16989594669116745,2.2788781480215374,-0.16989594669116745,4.7276522427342424,2.2788781480215374,-0.16989594669116745,-0.16989594669116745,2.2788781480215374,-0.16989594669116745,2.2788781480215374,7.176426337446948,2.2788781480215374,-0.16989594669116745,-0.16989594669116745,14.522748621585063,-0.16989594669116745,-0.16989594669116745,2.2788781480215374,-0.16989594669116745,2.2788781480215374,4.7276522427342424,-0.16989594669116745,-0.16989594669116745,-0.16989594669116745,-0.16989594669116745,2.2788781480215374,-0.16989594669116745,4.7276522427342424,2.2788781480215374,-0.16989594669116745,-0.16989594669116745,2.2788781480215374,-0.16989594669116745,2.2788781480215374,2.2788781480215374,19.420296811010473,4.7276522427342424,-0.16989594669116745,2.2788781480215374,-0.16989594669116745,-0.16989594669116745,2.2788781480215374,-0.16989594669116745,2.2788781480215374,9.625200432159653,-0.16989594669116745,-0.16989594669116745,2.2788781480215374,-0.16989594669116745,2.2788781480215374,7.176426337446948,9.625200432159653,-0.16989594669116745,-0.16989594669116745,2.2788781480215374,-0.16989594669116745,2.2788781480215374,7.176426337446948,4.7276522427342424,-0.16989594669116745,-0.16989594669116745,2.2788781480215374,-0.16989594669116745,2.2788781480215374,-0.16989594669116745,-0.16989594669116745,-0.16989594669116745,2.2788781480215374,-0.16989594669116745,-0.16989594669116745,2.2788781480215374,-0.16989594669116745,2.2788781480215374,7.176426337446948,2.2788781480215374,-0.16989594669116745,-0.16989594669116745,2.2788781480215374,-0.16989594669116745,2.2788781480215374,2.2788781480215374,-0.16989594669116745,-0.16989594669116745,2.2788781480215374,2.2788781480215374,-0.16989594669116745,-0.16989594669116745,2.2788781480215374,-0.16989594669116745,2.2788781480215374,-0.16989594669116745,-0.16989594669116745,2.2788781480215374,2.2788781480215374,-0.16989594669116745,-0.16989594669116745,2.2788781480215374,-0.16989594669116745,2.2788781480215374,-0.16989594669116745,-0.16989594669116745,2.2788781480215374,-0.16989594669116745,2.2788781480215374,4.7276522427342424,2.2788781480215374,-0.16989594669116745,-0.16989594669116745,2.2788781480215374,-0.16989594669116745,2.2788781480215374,12.073974526872357,-0.16989594669116745,-0.16989594669116745,2.2788781480215374,-0.16989594669116745,2.2788781480215374,7.176426337446948,19.420296811010473,4.7276522427342424,-0.16989594669116745,-0.16989594669116745,-0.16989594669116745,-0.16989594669116745,-0.16989594669116745,-0.16989594669116745,-0.16989594669116745,-0.16989594669116745,-0.16989594669116745,-0.16989594669116745,-0.16989594669116745,-0.16989594669116745,-0.16989594669116745,-0.16989594669116745,-0.16989594669116745,-0.16989594669116745,-0.16989594669116745,-0.16989594669116745,-0.16989594669116745,-0.16989594669116745,-0.16989594669116745,-0.16989594669116745,-0.16989594669116745,-0.16989594669116745,-0.16989594669116745,-0.16989594669116745,-0.16989594669116745,-0.16989594669116745,-0.16989594669116745,-0.16989594669116745,-0.16989594669116745,-0.16989594669116745,-0.16989594669116745,-0.16989594669116745,-0.16989594669116745,-0.16989594669116745,2.2788781480215374,-0.16989594669116745,-0.16989594669116745,-0.16989594669116745,-0.16989594669116745,-0.16989594669116745,-0.16989594669116745,-0.16989594669116745,-0.16989594669116745,-0.16989594669116745,-0.16989594669116745,-0.16989594669116745,-0.16989594669116745,-0.16989594669116745,-0.16989594669116745,-0.16989594669116745,-0.16989594669116745,-0.16989594669116745,-0.16989594669116745,-0.16989594669116745,-0.16989594669116745,-0.16989594669116745,-0.16989594669116745,-0.16989594669116745,-0.16989594669116745,-0.16989594669116745,-0.16989594669116745,-0.16989594669116745,-0.16989594669116745,-0.16989594669116745,-0.16989594669116745,-0.16989594669116745,-0.16989594669116745,2.2788781480215374,-0.16989594669116745,-0.16989594669116745,-0.16989594669116745,4.7276522427342424,-0.16989594669116745
0.0,0.0,0.0,-0.6189992528449889,0.0,0.0,0.0,0.0,0.0,0.0,0.0,0.0,0.0,0.0,0.0,0.0,0.0,0.0,0.0,0.0,0.0,0.0,0.0,0.0,0.0,0.0,0.0,0.934053787354754,0.0,0.0,0.0,0.0,0.0,0.0,0.0,0.0,0.0,0.0,0.0,0.0,0.0,0.0,0.0,0.0,0.0,0.0,0.0,0.0,0.0,0.0,0.0,0.0,0.0,0.0,0.0,0.0,0.0,0.0,0.0,0.0,0.0,0.0,0.0,0.0,0.0,0.0,0.0,0.0,0.0,0.0,0.0,0.0,0.0,0.0,0.0,0.0,0.0,0.0,0.0,0.0,0.0,0.0,0.0,-0.20995619157541512,0.0,0.0,0.0,0.0,0.0,0.0,0.0,0.0,0.0,0.0,0.0,0.0,0.0,0.0,0.0,0.0,0.0,0.0,0.0,0.0,0.0,0.0,0.0,0.0,0.0,0.0,0.0,0.0,0.0,0.0,0.0,0.0,0.0,0.0,0.0,0.0,0.0,0.0,0.0,0.0,0.0,-0.6587712381424831,0.0,0.0,0.0,-0.6587712381424831,0.0,0.0,1.383949894750324,0.0,1.383949894750324,0.0,0.0,0.0,0.0,0.0,1.383949894750324,0.0,1.383949894750324,0.650422237923948,1.383949894750324,0.0,1.383949894750324,0.650422237923948,1.383949894750324,0.0,1.383949894750324,1.383949894750324,1.383949894750324,0.0,1.383949894750324,0.866678819381461,1.383949894750324,0.0,1.383949894750324,0.7705084615920185,1.383949894750324,0.0,1.383949894750324,0.8339954241787803,1.383949894750324,0.0,1.383949894750324,0.6796346381074146,0.0,0.0,1.383949894750324,0.0,1.383949894750324,0.2648508492298048,-0.6797964590767374,0.0,0.0,1.383949894750324,0.0,1.383949894750324,0.650422237923948,0.33509368503733256,0.2648508492298048,0.0,0.0,1.383949894750324,0.0,1.383949894750324,0.650422237923948,-0.3928505961947983,0.0,0.0,1.383949894750324,0.0,1.383949894750324,0.7580989480676288,-0.15755631358618027,0.0,0.0,1.383949894750324,0.0,1.383949894750324,1.383949894750324,-0.8444113720980554,0.0,0.0,1.383949894750324,0.0,1.383949894750324,0.4336577452381378,0.0,0.0,1.383949894750324,1.1544416789126346,0.0,0.0,1.383949894750324,0.0,1.383949894750324,0.866678819381461,-0.3341092530876167,-0.3100145547513889,0.0,0.0,1.383949894750324,0.0,1.383949894750324,-0.8267592517111287,0.0,0.0,0.0,0.0,0.1974758812565125,0.0,1.2767537390924786,1.1544416789126346,0.0,0.0,1.383949894750324,0.0,1.383949894750324,0.7705084615920185,-1.0917363902447395,-1.0917363902447395,0.0,1.2767537390924786,0.0,0.0,1.383949894750324,0.0,1.383949894750324,0.8339954241787803,-0.6390050435285928,0.0,0.0,1.383949894750324,0.0,1.383949894750324,-0.8444113720980554,0.0,0.0,-0.3578572530666546,1.1544416789126346,0.0,0.0,1.383949894750324,0.0,1.383949894750324,-1.0917363902447395,0.0,0.0,-0.3100145547513889,1.2767537390924786,1.1544416789126346,0.4592467465495334,0.0,0.0,1.383949894750324,0.0,1.383949894750324,0.6796346381074146,-1.0917363902447395,1.383949894750324,1.383949894750324,-0.018780700201000446,0.0,1.2767537390924786,0.0,0.0,1.383949894750324,0.0,1.383949894750324,0.5169792867654512,0.0,0.0,1.383949894750324,0.0,1.383949894750324,0.6796346381074146,0.5582797533434439,0.0,0.0,1.383949894750324,0.0,1.383949894750324,-1.0917363902447395,0.0,0.1974758812565125,-0.6390050435285928,1.383949894750324,0.0,1.2767537390924786,0.0,0.0,1.383949894750324,0.0,1.383949894750324,0.6796346381074146,-1.0917363902447395,-0.6587712381424831,0.0,0.0,1.383949894750324,0.0,1.383949894750324,0.0,0.0,0.0,0.0,1.0405718751108533,1.1544416789126346,0.0,0.0,1.383949894750324,0.0,1.383949894750324,0.8019466982872586,-0.4195637866530037,-0.8089162938928366,0.0,0.0,1.383949894750324,0.0,1.383949894750324,0.0,0.0,0.4852387407876861,0.0,0.0,0.0,1.2767537390924786,1.1544416789126346,0.0,0.0,1.383949894750324,0.0,1.383949894750324,0.7396578900350247,-0.9131903873898224,0.0,0.0,-1.0917363902447395,0.0,1.2767537390924786,1.1544416789126346,0.0,0.0,1.383949894750324,0.0,1.383949894750324,0.866678819381461,-1.0917363902447395,0.0,-0.2270595314009002,0.0,0.0,1.383949894750324,0.0,1.383949894750324,-0.6390050435285928,0.0,0.0,1.383949894750324,0.0,1.383949894750324,0.900022529665296,0.0,0.0,-0.9131903873898224,0.0,0.0,1.383949894750324,0.0,1.383949894750324,1.383949894750324,-0.6587712381424831,0.0,0.0,1.383949894750324,0.0,1.383949894750324,-0.5946677430407699,0.0,0.0,1.383949894750324,0.0,-1.0917363902447395,0.0,0.0,1.2767537390924786,1.1544416789126346,0.0,0.0,1.383949894750324,0.0,1.383949894750324,0.8019466982872586,-0.6587712381424831,0.0,0.0,1.383949894750324,0.0,1.383949894750324,0.900022529665296,0.07045495191007624,-0.08128397892632201,0.0,0.0,1.383949894750324,0.0,1.383949894750324,-0.7355505479325227,0.0,0.0,-1.0917363902447395,0.0,1.2767537390924786,1.1544416789126346,0.0,0.0,1.383949894750324,0.0,1.383949894750324,0.6796346381074146,-1.0917363902447395,0.0,0.900022529665296,0.0,0.0,1.383949894750324,0.0,1.383949894750324,-0.7817848743258048,0.0,0.0,1.383949894750324,0.0,1.383949894750324,1.0776623691225948,-1.0917363902447395,-1.0917363902447395,0.0,0.0,1.383949894750324,0.0,1.383949894750324,1.383949894750324,0.0,0.0,0.0,1.2767537390924786,1.1544416789126346,0.0,0.0,1.383949894750324,0.0,1.383949894750324,0.5935042691764026,-1.0917363902447395,0.14869033371633045,0.0,0.0,1.383949894750324,0.0,1.383949894750324,0.030197894596355735,0.0,0.0,0.0,0.0,-0.3735015173381506,1.1544416789126346,0.0,0.0,1.383949894750324,0.0,1.383949894750324,0.0,0.0,0.0,0.0,-0.04748503280362552,0.0,1.2767537390924786,1.1544416789126346,0.0,0.0,1.383949894750324,0.0,1.383949894750324,0.7093734160734742,-0.24819243886005646,-0.18396419733726313,0.0,0.0,1.383949894750324,0.0,1.383949894750324,-1.0917363902447395,0.0,0.0,1.383949894750324,0.0,1.383949894750324,1.383949894750324,0.0,0.0,-0.10343810381931595,0.0,-0.7541999839116611,1.1544416789126346,0.0,0.0,1.383949894750324,0.0,1.383949894750324,0.7705084615920185,-1.0917363902447395,0.0,0.0,0.7705084615920185,0.0,0.0,1.383949894750324,0.0,1.383949894750324,-0.7541999839116611,0.0,0.0,0.0,0.0,1.383949894750324,0.0,1.2767537390924786,1.1544416789126346,0.0,0.0,1.383949894750324,0.0,1.383949894750324,-0.3100145547513889,0.8958175400701119,-0.4935877410062204,0.0,1.2767537390924786,0.0,0.0,1.383949894750324,0.0,1.383949894750324,-0.2355451928868114,0.0,0.0,1.383949894750324,0.0,1.383949894750324,0.4852387407876861,-1.0349008592548838,0.0,0.0,1.383949894750324,0.0,1.383949894750324,-1.000652307440521,-1.011266218767859,0.0,0.0,1.383949894750324,0.0,1.383949894750324,0.0,0.0,0.0,1.1544416789126346,0.0,0.0,1.383949894750324,0.0,1.383949894750324,0.5384839235448632,-0.8089162938928366,0.0,0.0,1.383949894750324,0.0,1.383949894750324,1.2767537390924786,0.0,0.0,-0.5782451446245359,1.0405718751108533,0.0,0.0,1.383949894750324,0.0,1.383949894750324,0.0,0.0,-1.0917363902447395,1.1544416789126346,0.0,0.0,1.383949894750324,0.0,1.383949894750324,0.0,0.0,1.0405718751108533,0.0,-1.0917363902447395,1.2767537390924786,1.1544416789126346,0.0,0.0,1.383949894750324,0.0,1.383949894750324,0.07045495191007624,0.0,0.0,1.383949894750324,0.0,1.383949894750324,0.7396578900350247,0.3172507272190404,0.5250107260851802,0.0,0.0,0.0,0.0,0.0,0.0,0.0,0.0,0.0,0.0,0.0,0.0,0.0,0.0,0.0,0.0,0.0,0.0,0.0,0.0,0.0,0.0,0.0,0.0,0.0,0.0,0.0,0.0,0.0,0.0,0.0,0.0,0.0,0.0,0.0,0.0,0.934053787354754,0.0,0.0,0.0,0.0,0.0,0.0,0.0,0.0,0.0,0.0,0.0,0.0,0.0,0.0,0.0,0.0,0.0,0.0,0.0,0.0,0.0,0.0,0.0,0.0,0.0,0.0,0.0,0.0,0.0,0.0,0.0,0.0,-0.6189992528449889,0.0,0.0,0.0,-0.6976073246208357,0.0
-0.5077224524862195,-0.5077224524862195,-0.5077224524862195,-0.5077224524862195,-0.5077224524862195,-0.5077224524862195,-0.5077224524862195,-0.5077224524862195,-0.5077224524862195,-0.5077224524862195,-0.5077224524862195,-0.5077224524862195,-0.5077224524862195,-0.5077224524862195,-0.5077224524862195,-0.5077224524862195,-0.5077224524862195,-0.5077224524862195,-0.5077224524862195,-0.5077224524862195,-0.5077224524862195,-0.5077224524862195,-0.5077224524862195,-0.5077224524862195,-0.5077224524862195,-0.5077224524862195,-0.5077224524862195,-0.5077224524862195,-0.5077224524862195,-0.5077224524862195,-0.5077224524862195,-0.5077224524862195,-0.5077224524862195,-0.5077224524862195,-0.5077224524862195,-0.5077224524862195,-0.5077224524862195,-0.5077224524862195,-0.5077224524862195,-0.5077224524862195,-0.5077224524862195,-0.5077224524862195,-0.5077224524862195,-0.5077224524862195,-0.5077224524862195,-0.5077224524862195,-0.5077224524862195,-0.5077224524862195,-0.5077224524862195,-0.5077224524862195,-0.5077224524862195,-0.5077224524862195,-0.5077224524862195,-0.5077224524862195,-0.5077224524862195,-0.5077224524862195,-0.5077224524862195,-0.5077224524862195,-0.5077224524862195,1.969566382794139,-0.5077224524862195,-0.5077224524862195,-0.5077224524862195,-0.5077224524862195,-0.5077224524862195,-0.5077224524862195,-0.5077224524862195,-0.5077224524862195,-0.5077224524862195,-0.5077224524862195,-0.5077224524862195,-0.5077224524862195,-0.5077224524862195,-0.5077224524862195,-0.5077224524862195,-0.5077224524862195,-0.5077224524862195,-0.5077224524862195,-0.5077224524862195,-0.5077224524862195,-0.5077224524862195,-0.5077224524862195,-0.5077224524862195,-0.5077224524862195,-0.5077224524862195,-0.5077224524862195,-0.5077224524862195,-0.5077224524862195,-0.5077224524862195,-0.5077224524862195,-0.5077224524862195,-0.5077224524862195,-0.5077224524862195,-0.5077224524862195,-0.5077224524862195,-0.5077224524862195,-0.5077224524862195,-0.5077224524862195,-0.5077224524862195,-0.5077224524862195,-0.5077224524862195,-0.5077224524862195,-0.5077224524862195,-0.5077224524862195,-0.5077224524862195,-0.5077224524862195,-0.5077224524862195,-0.5077224524862195,-0.5077224524862195,-0.5077224524862195,-0.5077224524862195,-0.5077224524862195,-0.5077224524862195,-0.5077224524862195,-0.5077224524862195,-0.5077224524862195,-0.5077224524862195,-0.5077224524862195,-0.5077224524862195,-0.5077224524862195,-0.5077224524862195,-0.5077224524862195,-0.5077224524862195,-0.5077224524862195,-0.5077224524862195,1.969566382794139,1.969566382794139,1.969566382794139,-0.5077224524862195,1.969566382794139,-0.5077224524862195,1.969566382794139,1.969566382794139,1.969566382794139,1.969566382794139,-0.5077224524862195,-0.5077224524862195,-0.5077224524862195,-0.5077224524862195,-0.5077224524862195,1.969566382794139,-0.5077224524862195,1.969566382794139,1.969566382794139,1.969566382794139,-0.5077224524862195,1.969566382794139,1.969566382794139,1.969566382794139,-0.5077224524862195,1.969566382794139,1.969566382794139,1.969566382794139,-0.5077224524862195,1.969566382794139,1.969566382794139,1.969566382794139,-0.5077224524862195,1.969566382794139,1.969566382794139,1.969566382794139,-0.5077224524862195,1.969566382794139,1.969566382794139,1.969566382794139,-0.5077224524862195,1.969566382794139,1.969566382794139,-0.5077224524862195,-0.5077224524862195,1.969566382794139,-0.5077224524862195,1.969566382794139,1.969566382794139,1.969566382794139,-0.5077224524862195,-0.5077224524862195,1.969566382794139,-0.5077224524862195,1.969566382794139,1.969566382794139,-0.5077224524862195,-0.5077224524862195,-0.5077224524862195,-0.5077224524862195,1.969566382794139,-0.5077224524862195,1.969566382794139,1.969566382794139,1.969566382794139,-0.5077224524862195,-0.5077224524862195,1.969566382794139,-0.5077224524862195,1.969566382794139,-0.5077224524862195,-0.5077224524862195,-0.5077224524862195,-0.5077224524862195,1.969566382794139,-0.5077224524862195,1.969566382794139,1.969566382794139,-0.5077224524862195,-0.5077224524862195,-0.5077224524862195,1.969566382794139,-0.5077224524862195,1.969566382794139,-0.5077224524862195,-0.5077224524862195,-0.5077224524862195,-0.5077224524862195,1.969566382794139,-0.5077224524862195,-0.5077224524862195,1.969566382794139,-0.5077224524862195,1.969566382794139,1.969566382794139,-0.5077224524862195,-0.5077224524862195,-0.5077224524862195,-0.5077224524862195,1.969566382794139,-0.5077224524862195,1.969566382794139,-0.5077224524862195,-0.5077224524862195,-0.5077224524862195,-0.5077224524862195,-0.5077224524862195,1.969566382794139,-0.5077224524862195,1.969566382794139,1.969566382794139,-0.5077224524862195,-0.5077224524862195,1.969566382794139,-0.5077224524862195,1.969566382794139,1.969566382794139,-0.5077224524862195,-0.5077224524862195,-0.5077224524862195,1.969566382794139,-0.5077224524862195,-0.5077224524862195,1.969566382794139,-0.5077224524862195,1.969566382794139,1.969566382794139,-0.5077224524862195,-0.5077224524862195,-0.5077224524862195,1.969566382794139,-0.5077224524862195,1.969566382794139,-0.5077224524862195,1.969566382794139,-0.5077224524862195,1.969566382794139,1.969566382794139,-0.5077224524862195,-0.5077224524862195,1.969566382794139,-0.5077224524862195,1.969566382794139,-0.5077224524862195,-0.5077224524862195,-0.5077224524862195,-0.5077224524862195,-0.5077224524862195,1.969566382794139,-0.5077224524862195,-0.5077224524862195,-0.5077224524862195,1.969566382794139,-0.5077224524862195,1.969566382794139,1.969566382794139,1.969566382794139,-0.5077224524862195,-0.5077224524862195,-0.5077224524862195,-0.5077224524862195,1.969566382794139,-0.5077224524862195,-0.5077224524862195,1.969566382794139,-0.5077224524862195,1.969566382794139,-0.5077224524862195,-0.5077224524862195,-0.5077224524862195,1.969566382794139,-0.5077224524862195,1.969566382794139,1.969566382794139,1.969566382794139,-0.5077224524862195,-0.5077224524862195,1.969566382794139,-0.5077224524862195,1.969566382794139,1.969566382794139,-0.5077224524862195,-0.5077224524862195,-0.5077224524862195,-0.5077224524862195,-0.5077224524862195,1.969566382794139,-0.5077224524862195,-0.5077224524862195,1.969566382794139,-0.5077224524862195,1.969566382794139,1.969566382794139,1.969566382794139,-0.5077224524862195,-0.5077224524862195,-0.5077224524862195,1.969566382794139,-0.5077224524862195,1.969566382794139,-0.5077224524862195,1.969566382794139,-0.5077224524862195,-0.5077224524862195,-0.5077224524862195,1.969566382794139,-0.5077224524862195,-0.5077224524862195,1.969566382794139,-0.5077224524862195,1.969566382794139,1.969566382794139,-0.5077224524862195,-0.5077224524862195,-0.5077224524862195,-0.5077224524862195,1.969566382794139,-0.5077224524862195,1.969566382794139,-0.5077224524862195,-0.5077224524862195,-0.5077224524862195,-0.5077224524862195,-0.5077224524862195,-0.5077224524862195,1.969566382794139,1.969566382794139,-0.5077224524862195,-0.5077224524862195,1.969566382794139,-0.5077224524862195,1.969566382794139,1.969566382794139,-0.5077224524862195,-0.5077224524862195,-0.5077224524862195,-0.5077224524862195,-0.5077224524862195,1.969566382794139,1.969566382794139,-0.5077224524862195,-0.5077224524862195,1.969566382794139,-0.5077224524862195,1.969566382794139,1.969566382794139,-0.5077224524862195,-0.5077224524862195,-0.5077224524862195,-0.5077224524862195,-0.5077224524862195,1.969566382794139,-0.5077224524862195,1.969566382794139,-0.5077224524862195,-0.5077224524862195,-0.5077224524862195,1.969566382794139,-0.5077224524862195,1.969566382794139,1.969566382794139,1.969566382794139,-0.5077224524862195,-0.5077224524862195,-0.5077224524862195,-0.5077224524862195,1.969566382794139,-0.5077224524862195,1.969566382794139,1.969566382794139,-0.5077224524862195,-0.5077224524862195,-0.5077224524862195,1.969566382794139,-0.5077224524862195,1.969566382794139,-0.5077224524862195,-0.5077224524862195,-0.5077224524862195,-0.5077224524862195,1.969566382794139,1.969566382794139,-0.5077224524862195,-0.5077224524862195,-0.5077224524862195,1.969566382794139,-0.5077224524862195,-0.5077224524862195,1.969566382794139,-0.5077224524862195,1.969566382794139,1.969566382794139,1.969566382794139,-0.5077224524862195,-0.5077224524862195,1.969566382794139,-0.5077224524862195,1.969566382794139,1.969566382794139,-0.5077224524862195,-0.5077224524862195,-0.5077224524862195,-0.5077224524862195,1.969566382794139,-0.5077224524862195,1.969566382794139,-0.5077224524862195,-0.5077224524862195,-0.5077224524862195,-0.5077224524862195,-0.5077224524862195,1.969566382794139,1.969566382794139,-0.5077224524862195,-0.5077224524862195,1.969566382794139,-0.5077224524862195,1.969566382794139,1.969566382794139,-0.5077224524862195,-0.5077224524862195,-0.5077224524862195,-0.5077224524862195,-0.5077224524862195,1.969566382794139,-0.5077224524862195,1.969566382794139,-0.5077224524862195,-0.5077224524862195,-0.5077224524862195,1.969566382794139,-0.5077224524862195,1.969566382794139,1.969566382794139,1.969566382794139,-0.5077224524862195,-0.5077224524862195,-0.5077224524862195,1.969566382794139,-0.5077224524862195,1.969566382794139,-0.5077224524862195,-0.5077224524862195,-0.5077224524862195,1.969566382794139,1.969566382794139,1.969566382794139,-0.5077224524862195,-0.5077224524862195,1.969566382794139,-0.5077224524862195,1.969566382794139,1.969566382794139,-0.5077224524862195,-0.5077224524862195,-0.5077224524862195,-0.5077224524862195,1.969566382794139,-0.5077224524862195,1.969566382794139,-0.5077224524862195,-0.5077224524862195,-0.5077224524862195,-0.5077224524862195,-0.5077224524862195,1.969566382794139,1.969566382794139,-0.5077224524862195,-0.5077224524862195,1.969566382794139,-0.5077224524862195,1.969566382794139,-0.5077224524862195,-0.5077224524862195,-0.5077224524862195,1.969566382794139,-0.5077224524862195,-0.5077224524862195,1.969566382794139,1.969566382794139,-0.5077224524862195,-0.5077224524862195,1.969566382794139,-0.5077224524862195,1.969566382794139,1.969566382794139,-0.5077224524862195,1.969566382794139,-0.5077224524862195,-0.5077224524862195,1.969566382794139,-0.5077224524862195,1.969566382794139,1.969566382794139,-0.5077224524862195,-0.5077224524862195,1.969566382794139,-0.5077224524862195,1.969566382794139,-0.5077224524862195,-0.5077224524862195,1.969566382794139,-0.5077224524862195,-0.5077224524862195,-0.5077224524862195,1.969566382794139,-0.5077224524862195,-0.5077224524862195,1.969566382794139,-0.5077224524862195,1.969566382794139,1.969566382794139,-0.5077224524862195,-0.5077224524862195,-0.5077224524862195,-0.5077224524862195,-0.5077224524862195,-0.5077224524862195,1.969566382794139,-0.5077224524862195,1.969566382794139,1.969566382794139,-0.5077224524862195,-0.5077224524862195,-0.5077224524862195,1.969566382794139,-0.5077224524862195,-0.5077224524862195,1.969566382794139,1.969566382794139,-0.5077224524862195,-0.5077224524862195,1.969566382794139,-0.5077224524862195,1.969566382794139,1.969566382794139,1.969566382794139,1.969566382794139,-0.5077224524862195,1.969566382794139,-0.5077224524862195,-0.5077224524862195,1.969566382794139,-0.5077224524862195,1.969566382794139,1.969566382794139,-0.5077224524862195,-0.5077224524862195,1.969566382794139,-0.5077224524862195,1.969566382794139,1.969566382794139,-0.5077224524862195,-0.5077224524862195,-0.5077224524862195,1.969566382794139,-0.5077224524862195,1.969566382794139,1.969566382794139,-0.5077224524862195,-0.5077224524862195,-0.5077224524862195,1.969566382794139,-0.5077224524862195,1.969566382794139,-0.5077224524862195,-0.5077224524862195,1.969566382794139,1.969566382794139,-0.5077224524862195,-0.5077224524862195,1.969566382794139,-0.5077224524862195,1.969566382794139,1.969566382794139,-0.5077224524862195,-0.5077224524862195,-0.5077224524862195,1.969566382794139,-0.5077224524862195,1.969566382794139,-0.5077224524862195,-0.5077224524862195,1.969566382794139,-0.5077224524862195,1.969566382794139,-0.5077224524862195,-0.5077224524862195,1.969566382794139,-0.5077224524862195,1.969566382794139,-0.5077224524862195,-0.5077224524862195,-0.5077224524862195,1.969566382794139,-0.5077224524862195,-0.5077224524862195,1.969566382794139,-0.5077224524862195,1.969566382794139,-0.5077224524862195,-0.5077224524862195,-0.5077224524862195,1.969566382794139,-0.5077224524862195,-0.5077224524862195,1.969566382794139,-0.5077224524862195,-0.5077224524862195,1.969566382794139,-0.5077224524862195,1.969566382794139,-0.5077224524862195,-0.5077224524862195,-0.5077224524862195,1.969566382794139,-0.5077224524862195,1.969566382794139,1.969566382794139,1.969566382794139,-0.5077224524862195,-0.5077224524862195,-0.5077224524862195,1.969566382794139,-0.5077224524862195,1.969566382794139,-0.5077224524862195,-0.5077224524862195,-0.5077224524862195,-0.5077224524862195,-0.5077224524862195,-0.5077224524862195,-0.5077224524862195,-0.5077224524862195,-0.5077224524862195,-0.5077224524862195,-0.5077224524862195,-0.5077224524862195,-0.5077224524862195,-0.5077224524862195,-0.5077224524862195,-0.5077224524862195,-0.5077224524862195,-0.5077224524862195,-0.5077224524862195,-0.5077224524862195,-0.5077224524862195,1.969566382794139,1.969566382794139,1.969566382794139,1.969566382794139,-0.5077224524862195,-0.5077224524862195,-0.5077224524862195,-0.5077224524862195,-0.5077224524862195,-0.5077224524862195,-0.5077224524862195,-0.5077224524862195,-0.5077224524862195,-0.5077224524862195,-0.5077224524862195,-0.5077224524862195,-0.5077224524862195,-0.5077224524862195,-0.5077224524862195,-0.5077224524862195,-0.5077224524862195,-0.5077224524862195,-0.5077224524862195,-0.5077224524862195,-0.5077224524862195,-0.5077224524862195,-0.5077224524862195,-0.5077224524862195,-0.5077224524862195,-0.5077224524862195,-0.5077224524862195,-0.5077224524862195,-0.5077224524862195,-0.5077224524862195,-0.5077224524862195,-0.5077224524862195,-0.5077224524862195,-0.5077224524862195,-0.5077224524862195,-0.5077224524862195,-0.5077224524862195,-0.5077224524862195,-0.5077224524862195,-0.5077224524862195,-0.5077224524862195,-0.5077224524862195,-0.5077224524862195,1.969566382794139,-0.5077224524862195
-0.8700053950135924,-0.8700053950135924,-0.8700053950135924,-0.8700053950135924,-0.8700053950135924,-0.8700053950135924,-0.8700053950135924,-0.8700053950135924,-0.8700053950135924,-0.8700053950135924,-0.8700053950135924,-0.8700053950135924,-0.8700053950135924,-0.8700053950135924,-0.8700053950135924,-0.8700053950135924,-0.8700053950135924,-0.8700053950135924,-0.8700053950135924,-0.8700053950135924,-0.8700053950135924,-0.8700053950135924,-0.8700053950135924,-0.8700053950135924,-0.8700053950135924,-0.8700053950135924,-0.8700053950135924,-0.8700053950135924,-0.8700053950135924,-0.8700053950135924,-0.8700053950135924,-0.8700053950135924,-0.8700053950135924,-0.8700053950135924,-0.8700053950135924,-0.8700053950135924,-0.8700053950135924,-0.8700053950135924,-0.8700053950135924,-0.8700053950135924,-0.8700053950135924,-0.8700053950135924,-0.8700053950135924,-0.8700053950135924,-0.8700053950135924,-0.8700053950135924,-0.8700053950135924,-0.8700053950135924,-0.8700053950135924,-0.8700053950135924,-0.8700053950135924,-0.8700053950135924,-0.8700053950135924,-0.8700053950135924,-0.8700053950135924,-0.8700053950135924,-0.8700053950135924,-0.8700053950135924,-0.8700053950135924,0.7678250823255489,-0.8700053950135924,-0.8700053950135924,-0.8700053950135924,-0.8700053950135924,-0.8700053950135924,-0.8700053950135924,-0.8700053950135924,-0.8700053950135924,-0.8700053950135924,-0.8700053950135924,-0.8700053950135924,-0.8700053950135924,-0.8700053950135924,-0.8700053950135924,-0.8700053950135924,-0.8700053950135924,-0.8700053950135924,-0.8700053950135924,-0.8700053950135924,-0.8700053950135924,-0.8700053950135924,-0.8700053950135924,-0.8700053950135924,-0.8700053950135924,-0.8700053950135924,-0.8700053950135924,-0.8700053950135924,-0.8700053950135924,-0.8700053950135924,-0.8700053950135924,-0.8700053950135924,-0.8700053950135924,-0.8700053950135924,-0.8700053950135924,-0.8700053950135924,-0.8700053950135924,-0.8700053950135924,-0.8700053950135924,-0.8700053950135924,-0.8700053950135924,-0.8700053950135924,-0.8700053950135924,-0.8700053950135924,-0.8700053950135924,-0.8700053950135924,-0.8700053950135924,-0.8700053950135924,-0.8700053950135924,-0.8700053950135924,-0.8700053950135924,-0.8700053950135924,-0.8700053950135924,-0.8700053950135924,-0.8700053950135924,-0.8700053950135924,-0.8700053950135924,-0.8700053950135924,-0.8700053950135924,-0.8700053950135924,-0.8700053950135924,-0.8700053950135924,-0.8700053950135924,-0.8700053950135924,-0.8700053950135924,-0.8700053950135924,-0.6360296125365723,-0.7244204636945576,-0.7211117152554887,-0.8700053950135924,-0.8310094312674223,-0.8700053950135924,0.4402589868577207,0.5858439181767553,-0.2919475794821308,0.5858439181767553,-0.8700053950135924,-0.8700053950135924,-0.8700053950135924,-0.8700053950135924,-0.8700053950135924,0.7678250823255489,-0.8700053950135924,1.7505233687290338,-0.7550699229196176,0.7678250823255489,-0.8700053950135924,1.7505233687290338,-0.6401344508256428,0.7678250823255489,-0.8700053950135924,1.7505233687290338,-0.7530175037750824,0.7678250823255489,-0.8700053950135924,1.7505233687290338,-0.7389789568264611,0.7678250823255489,-0.8700053950135924,1.7505233687290338,-0.7463955476672421,0.7678250823255489,-0.8700053950135924,1.7505233687290338,-0.7415481026732677,0.7678250823255489,-0.8700053950135924,1.7505233687290338,-0.7530175037750824,-0.8700053950135924,-0.8700053950135924,0.7678250823255489,-0.8700053950135924,1.7505233687290338,-0.7335195219019973,-0.8403882073582735,-0.8700053950135924,-0.8700053950135924,0.7678250823255489,-0.8700053950135924,1.7505233687290338,-0.7550699229196176,-0.8700053950135924,-0.8700053950135924,-0.8700053950135924,-0.8700053950135924,0.7678250823255489,-0.8700053950135924,1.7505233687290338,-0.6401344508256428,-0.7554717951996665,-0.8700053950135924,-0.8700053950135924,0.7678250823255489,-0.8700053950135924,1.7505233687290338,-0.8700053950135924,-0.8700053950135924,-0.8700053950135924,-0.8700053950135924,0.7678250823255489,-0.8700053950135924,1.7505233687290338,-0.7530175037750824,-0.8700053950135924,-0.8700053950135924,-0.8700053950135924,0.7678250823255489,-0.8700053950135924,1.7505233687290338,-0.8700053950135924,-0.8700053950135924,-0.8700053950135924,-0.8700053950135924,0.5338492998485286,-0.8700053950135924,-0.8700053950135924,0.7678250823255489,-0.8700053950135924,1.7505233687290338,-0.7389789568264611,-0.8700053950135924,-0.8700053950135924,-0.8700053950135924,-0.8700053950135924,0.7678250823255489,-0.8700053950135924,1.7505233687290338,-0.8700053950135924,-0.8700053950135924,-0.8700053950135924,-0.8700053950135924,-0.8700053950135924,-0.6079525186393298,-0.8700053950135924,-0.7440184352182739,0.5338492998485286,-0.8700053950135924,-0.8700053950135924,0.7678250823255489,-0.8700053950135924,1.7505233687290338,-0.7463955476672421,-0.8700053950135924,-0.8700053950135924,-0.8700053950135924,-0.11408363624168102,-0.8700053950135924,-0.8700053950135924,0.7678250823255489,-0.8700053950135924,1.7505233687290338,-0.7415481026732677,-0.8700053950135924,-0.8700053950135924,-0.8700053950135924,0.7678250823255489,-0.8700053950135924,1.7505233687290338,-0.8700053950135924,-0.3786562518118501,-0.8700053950135924,-0.6828247690319763,0.5338492998485286,-0.8700053950135924,-0.8700053950135924,0.7678250823255489,-0.8700053950135924,1.7505233687290338,-0.8700053950135924,-0.8700053950135924,-0.8700053950135924,-0.8700053950135924,-0.8700053950135924,0.5338492998485286,-0.8700053950135924,-0.8700053950135924,-0.8700053950135924,0.7678250823255489,-0.8700053950135924,1.7505233687290338,-0.7530175037750824,-0.7860140884833801,-0.8700053950135924,-0.8700053950135924,-0.8700053950135924,-0.8700053950135924,-0.11408363624168102,-0.8700053950135924,-0.8700053950135924,0.7678250823255489,-0.8700053950135924,1.7505233687290338,-0.8700053950135924,-0.8700053950135924,-0.8700053950135924,0.7678250823255489,-0.8700053950135924,1.7505233687290338,-0.7530175037750824,-0.8403614044735174,-0.8700053950135924,-0.8700053950135924,0.7678250823255489,-0.8700053950135924,1.7505233687290338,-0.7291167518016233,-0.8700053950135924,-0.8700053950135924,-0.8700053950135924,-0.8700053950135924,-0.8700053950135924,-0.11408363624168102,-0.8700053950135924,-0.8700053950135924,0.7678250823255489,-0.8700053950135924,1.7505233687290338,-0.7530175037750824,-0.844612674434691,-0.8700053950135924,-0.8700053950135924,-0.8700053950135924,0.7678250823255489,-0.8700053950135924,1.7505233687290338,-0.8700053950135924,-0.2148732040779359,-0.8700053950135924,-0.8700053950135924,-0.8700053950135924,0.5338492998485286,-0.8700053950135924,-0.8700053950135924,0.7678250823255489,-0.8700053950135924,1.7505233687290338,-0.7440184352182739,-0.8700053950135924,-0.8700053950135924,-0.8700053950135924,-0.8700053950135924,0.7678250823255489,-0.8700053950135924,1.7505233687290338,-0.8700053950135924,-0.8700053950135924,-0.8700053950135924,-0.8700053950135924,-0.8700053950135924,-0.8700053950135924,-0.6180314754229553,0.5338492998485286,-0.8700053950135924,-0.8700053950135924,0.7678250823255489,-0.8700053950135924,1.7505233687290338,-0.7486846189143967,-0.8700053950135924,-0.8700053950135924,-0.8700053950135924,-0.8700053950135924,-0.8700053950135924,-0.7440184352182739,0.5338492998485286,-0.8700053950135924,-0.8700053950135924,0.7678250823255489,-0.8700053950135924,1.7505233687290338,-0.7389789568264611,-0.8700053950135924,-0.8700053950135924,-0.8700053950135924,-0.8700053950135924,-0.8700053950135924,0.7678250823255489,-0.8700053950135924,1.7505233687290338,-0.8700053950135924,-0.8700053950135924,-0.8700053950135924,0.7678250823255489,-0.8700053950135924,1.7505233687290338,-0.7363049478838667,-0.6317755074006265,-0.8700053950135924,-0.8700053950135924,-0.8700053950135924,-0.8700053950135924,0.7678250823255489,-0.8700053950135924,1.7505233687290338,-0.7530175037750824,-0.8700053950135924,-0.8700053950135924,-0.8700053950135924,0.7678250823255489,-0.8700053950135924,1.7505233687290338,-0.8700053950135924,-0.8700053950135924,-0.8700053950135924,-0.8700053950135924,-0.324061902567212,-0.8285413322961458,-0.8700053950135924,-0.8700053950135924,-0.8700053950135924,0.5338492998485286,-0.8700053950135924,-0.8700053950135924,0.7678250823255489,-0.8700053950135924,1.7505233687290338,-0.7440184352182739,-0.8115114493943374,-0.8700053950135924,-0.8700053950135924,0.7678250823255489,-0.8700053950135924,1.7505233687290338,-0.7363049478838667,-0.8700053950135924,-0.8700053950135924,-0.8700053950135924,-0.8700053950135924,0.7678250823255489,-0.8700053950135924,1.7505233687290338,-0.8700053950135924,-0.8700053950135924,-0.8700053950135924,-0.8700053950135924,-0.8700053950135924,-0.7440184352182739,0.5338492998485286,-0.8700053950135924,-0.8700053950135924,0.7678250823255489,-0.8700053950135924,1.7505233687290338,-0.7530175037750824,-0.8700053950135924,-0.8700053950135924,-0.8700053950135924,-0.8700053950135924,-0.8700053950135924,0.7678250823255489,-0.8700053950135924,1.7505233687290338,-0.8700053950135924,-0.8700053950135924,-0.8700053950135924,0.7678250823255489,-0.8700053950135924,1.7505233687290338,-0.7211117152554887,-0.8347832342106002,-0.8700053950135924,-0.8700053950135924,-0.8700053950135924,0.7678250823255489,-0.8700053950135924,1.7505233687290338,-0.8700053950135924,-0.8700053950135924,-0.8700053950135924,0.7678250823255489,-0.6180314754229553,0.5338492998485286,-0.8700053950135924,-0.8700053950135924,0.7678250823255489,-0.8700053950135924,1.7505233687290338,-0.7589660406177184,-0.8700053950135924,-0.8700053950135924,-0.8700053950135924,-0.8700053950135924,0.7678250823255489,-0.8700053950135924,1.7505233687290338,-0.8700053950135924,-0.8700053950135924,-0.8700053950135924,-0.8700053950135924,-0.8700053950135924,-0.8082004713404173,0.5338492998485286,-0.8700053950135924,-0.8700053950135924,0.7678250823255489,-0.8700053950135924,1.7505233687290338,-0.8700053950135924,-0.8700053950135924,-0.8700053950135924,-0.6516279980350403,-0.8700053950135924,-0.8700053950135924,-0.7440184352182739,0.5338492998485286,-0.8700053950135924,-0.8700053950135924,0.7678250823255489,-0.8700053950135924,1.7505233687290338,-0.7508904512071094,-0.8700053950135924,-0.766016158357139,-0.8700053950135924,-0.8700053950135924,0.7678250823255489,-0.8700053950135924,1.7505233687290338,-0.8327819750740666,-0.8700053950135924,-0.8700053950135924,0.7678250823255489,-0.8700053950135924,1.7505233687290338,-0.8700053950135924,-0.8700053950135924,0.023356683535030023,-0.8700053950135924,-0.8700053950135924,-0.8700053950135924,0.5338492998485286,-0.8700053950135924,-0.8700053950135924,0.7678250823255489,-0.8700053950135924,1.7505233687290338,-0.7463955476672421,-0.8700053950135924,-0.8700053950135924,-0.8700053950135924,-0.8700053950135924,-0.8700053950135924,-0.8700053950135924,0.7678250823255489,-0.8700053950135924,1.7505233687290338,-0.7963950364814962,-0.8700053950135924,-0.8700053950135924,-0.8700053950135924,-0.6652765853461998,-0.8700053950135924,-0.8700053950135924,-0.6180314754229553,0.5338492998485286,-0.8700053950135924,-0.8700053950135924,0.7678250823255489,-0.8700053950135924,1.7505233687290338,-0.6773194565031052,-0.8199953041024736,-0.5682997807669085,-0.8700053950135924,-0.11408363624168102,-0.8700053950135924,-0.8700053950135924,0.7678250823255489,-0.8700053950135924,1.7505233687290338,-0.8196106110954651,-0.8700053950135924,-0.8700053950135924,0.7678250823255489,-0.8700053950135924,1.7505233687290338,-0.766016158357139,-0.8700053950135924,-0.8700053950135924,-0.8700053950135924,0.7678250823255489,-0.8700053950135924,1.7505233687290338,-0.7854722090864109,-0.8700053950135924,-0.8700053950135924,-0.8700053950135924,0.7678250823255489,-0.8700053950135924,1.7505233687290338,-0.8700053950135924,-0.8700053950135924,-0.6750255762827423,0.5338492998485286,-0.8700053950135924,-0.8700053950135924,0.7678250823255489,-0.8700053950135924,1.7505233687290338,-0.762606675188075,-0.8700053950135924,-0.8700053950135924,-0.8700053950135924,0.7678250823255489,-0.8700053950135924,1.7505233687290338,-0.8700053950135924,-0.8700053950135924,-0.6360296125365723,-0.8700053950135924,0.22188158987916837,-0.8700053950135924,-0.8700053950135924,0.7678250823255489,-0.8700053950135924,1.7505233687290338,-0.8700053950135924,-0.8700053950135924,-0.8700053950135924,0.5338492998485286,-0.8700053950135924,-0.8700053950135924,0.7678250823255489,-0.8700053950135924,1.7505233687290338,-0.8700053950135924,-0.8700053950135924,-0.8700053950135924,-0.5970336487904023,-0.8700053950135924,-0.8700053950135924,0.5338492998485286,-0.8700053950135924,-0.8700053950135924,0.7678250823255489,-0.8700053950135924,1.7505233687290338,-0.8700053950135924,-0.8700053950135924,-0.8700053950135924,0.7678250823255489,-0.8700053950135924,1.7505233687290338,-0.8093450069639946,-0.7819499930061117,-0.8700053950135924,-0.8700053950135924,-0.8700053950135924,2.40565555966469,-0.8700053950135924,2.40565555966469,-0.8700053950135924,-0.8700053950135924,-0.8700053950135924,-0.8700053950135924,-0.8700053950135924,-0.8700053950135924,-0.8700053950135924,-0.8700053950135924,-0.8700053950135924,-0.8700053950135924,-0.8700053950135924,-0.8700053950135924,-0.8700053950135924,-0.8700053950135924,-0.8700053950135924,-0.8700053950135924,-0.8700053950135924,-0.8700053950135924,-0.8700053950135924,-0.8700053950135924,-0.8700053950135924,2.40565555966469,2.40565555966469,2.40565555966469,2.40565555966469,-0.8700053950135924,-0.8700053950135924,-0.8700053950135924,-0.8700053950135924,-0.8700053950135924,-0.8700053950135924,-0.8700053950135924,-0.8700053950135924,-0.8700053950135924,-0.8700053950135924,-0.8700053950135924,-0.8700053950135924,-0.8700053950135924,-0.8700053950135924,-0.8700053950135924,-0.8700053950135924,-0.8700053950135924,-0.8700053950135924,-0.8700053950135924,-0.8700053950135924,-0.8700053950135924,-0.8700053950135924,-0.8700053950135924,-0.8700053950135924,-0.8700053950135924,-0.8700053950135924,-0.8700053950135924,-0.8700053950135924,-0.8700053950135924,-0.8700053950135924,-0.8700053950135924,-0.8700053950135924,-0.8700053950135924,-0.8700053950135924,-0.8700053950135924,-0.8700053950135924,-0.8700053950135924,-0.8700053950135924,-0.8700053950135924,-0.8700053950135924,-0.8700053950135924,-0.8700053950135924,-0.8700053950135924,-0.717649071540184,-0.8700053950135924
-0.11203533773096849,0.1848040217649151,-0.11203533773096849,0.5979941312604431,-0.797640857572655,-0.901855017471593,-0.797640857572655,-0.7033676826920172,-1.096933728981207,-0.797640857572655,-0.21624949762990653,-0.4648295453855011,-0.3965873381778338,-0.21624949762990653,-0.797640857572655,-0.538131199345661,-0.538131199345661,-1.0183565364195493,-1.096933728981207,-0.538131199345661,-0.0637760259906795,-0.538131199345661,-0.797640857572655,-0.538131199345661,-0.797640857572655,-0.538131199345661,-0.2727860098355923,-0.3327510165778624,-0.0637760259906795,-1.096933728981207,-1.096933728981207,-1.096933728981207,-1.096933728981207,-0.901855017471593,-1.096933728981207,-1.096933728981207,-1.096933728981207,-0.797640857572655,-1.096933728981207,-0.7033676826920172,-1.096933728981207,-1.096933728981207,-0.21624949762990653,-1.0183565364195493,-1.096933728981207,-1.0183565364195493,-0.797640857572655,-1.096933728981207,-0.2727860098355923,-0.797640857572655,-1.0183565364195493,-0.4648295453855011,-1.096933728981207,-1.096933728981207,-1.0183565364195493,-1.096933728981207,-0.7033676826920172,-1.096933728981207,-1.096933728981207,-1.096933728981207,-1.096933728981207,-0.901855017471593,-1.096933728981207,-1.096933728981207,-1.096933728981207,-0.797640857572655,-0.6173030170247277,-1.096933728981207,-1.096933728981207,-0.901855017471593,-1.096933728981207,-0.901855017471593,-1.096933728981207,-1.096933728981207,-1.096933728981207,-0.797640857572655,-0.3327510165778624,-0.538131199345661,-1.096933728981207,-1.096933728981207,-1.096933728981207,-1.096933728981207,-1.096933728981207,0.3528545032638245,-0.21624949762990653,-0.16277054484031625,-0.901855017471593,-0.0637760259906795,-0.538131199345661,-0.797640857572655,-0.538131199345661,-0.797640857572655,-0.538131199345661,-0.2727860098355923,-0.7033676826920172,-1.096933728981207,-1.0183565364195493,-0.3965873381778338,-0.4648295453855011,-0.3327510165778624,-1.096933728981207,-1.0183565364195493,-1.0183565364195493,-0.7033676826920172,-0.538131199345661,-0.16277054484031625,-0.6173030170247277,-0.3965873381778338,-0.797640857572655,-1.0183565364195493,-1.096933728981207,-0.7033676826920172,-1.096933728981207,-1.0183565364195493,-0.3965873381778338,-0.4648295453855011,-1.096933728981207,-1.096933728981207,-1.096933728981207,-1.096933728981207,-1.096933728981207,-1.096933728981207,-1.096933728981207,-1.096933728981207,-1.096933728981207,0.6218294938510074,0.6900717010586743,0.6678433569913562,-1.096933728981207,0.6218294938510074,-1.0183565364195493,-0.3965873381778338,-0.901855017471593,0.41281951000609457,-0.901855017471593,-0.2727860098355923,-0.3327510165778624,-0.3965873381778338,-0.797640857572655,-1.096933728981207,-1.096933728981207,-1.096933728981207,-1.096933728981207,0.9238884943961923,-1.096933728981207,-1.096933728981207,-1.096933728981207,0.9238884943961923,-1.096933728981207,-1.096933728981207,-1.096933728981207,0.2207759744561858,-1.096933728981207,-1.096933728981207,-1.096933728981207,0.7942858609576123,-1.096933728981207,-1.096933728981207,-1.096933728981207,0.8519207849180238,-1.096933728981207,-1.096933728981207,-1.096933728981207,0.8138730294009158,-1.096933728981207,-1.096933728981207,-1.096933728981207,0.9063814942978732,-0.901855017471593,-1.096933728981207,-1.096933728981207,-1.096933728981207,-1.096933728981207,0.06830250281695922,0.8885590358382506,-1.0183565364195493,-1.096933728981207,-1.096933728981207,-1.096933728981207,-1.096933728981207,0.9238884943961923,0.7118114703156233,0.06830250281695922,-1.0183565364195493,-1.096933728981207,-1.096933728981207,-1.096933728981207,-1.096933728981207,0.9238884943961923,0.7330836812166751,-1.0183565364195493,-1.096933728981207,-1.096933728981207,-1.096933728981207,-1.096933728981207,0.25548548960086465,0.32145124083595084,-1.0183565364195493,-1.096933728981207,-1.096933728981207,-1.096933728981207,-1.096933728981207,0.2207759744561858,1.418689201058362,-1.0183565364195493,-1.096933728981207,-1.096933728981207,-1.096933728981207,-1.096933728981207,0.3528545032638245,-1.096933728981207,-0.797640857572655,-0.11203533773096849,-0.4648295453855011,-1.0183565364195493,-1.096933728981207,-1.096933728981207,-1.096933728981207,-1.096933728981207,0.7942858609576123,0.41281951000609457,0.41281951000609457,-1.0183565364195493,-1.096933728981207,-1.096933728981207,-1.096933728981207,-1.096933728981207,0.7118114703156233,-0.4648295453855011,-0.3327510165778624,-0.2727860098355923,-0.3965873381778338,0.10868034111592541,-0.538131199345661,0.14747432049602588,-0.4648295453855011,-1.0183565364195493,-1.096933728981207,-1.096933728981207,-1.096933728981207,-1.096933728981207,0.8519207849180238,1.668437730560575,1.8704253214638973,-1.096933728981207,-0.538131199345661,-1.0183565364195493,-1.096933728981207,-1.096933728981207,-1.096933728981207,-1.096933728981207,0.8138730294009158,1.2955891273952507,-1.0183565364195493,-1.096933728981207,-1.096933728981207,-1.096933728981207,-1.096933728981207,0.7330836812166751,-0.11203533773096849,-0.797640857572655,0.4414916533030797,-0.4648295453855011,-1.0183565364195493,-1.096933728981207,-1.096933728981207,-1.096933728981207,-1.096933728981207,1.0688968763861773,-0.2727860098355923,-0.4648295453855011,1.0984250298477816,0.14747432049602588,-0.4648295453855011,0.3528545032638245,-1.0183565364195493,-1.096933728981207,-1.096933728981207,-1.096933728981207,-1.096933728981207,0.9063814942978732,0.9410910094425512,-0.901855017471593,-1.096933728981207,0.9238884943961923,-1.096933728981207,-0.538131199345661,-1.0183565364195493,-1.096933728981207,-1.096933728981207,-1.096933728981207,-1.096933728981207,0.10868034111592541,-1.0183565364195493,-1.096933728981207,-1.096933728981207,-1.096933728981207,-1.096933728981207,0.9063814942978732,0.8885590358382506,-1.0183565364195493,-1.096933728981207,-1.096933728981207,-1.096933728981207,-1.096933728981207,0.7118114703156233,-1.096933728981207,0.7942858609576123,1.2955891273952507,-1.096933728981207,-1.096933728981207,-0.538131199345661,-1.0183565364195493,-1.096933728981207,-1.096933728981207,-1.096933728981207,-1.096933728981207,0.9063814942978732,1.038460023105511,0.6218294938510074,-1.0183565364195493,-1.096933728981207,-1.096933728981207,-1.096933728981207,-1.096933728981207,-0.4648295453855011,-0.797640857572655,0.4693560222117804,-1.096933728981207,-0.11203533773096849,-0.4648295453855011,-1.0183565364195493,-1.096933728981207,-1.096933728981207,-1.096933728981207,-1.096933728981207,0.8330798403377128,0.870409541606602,0.7118114703156233,-1.0183565364195493,-1.096933728981207,-1.096933728981207,-1.096933728981207,-1.096933728981207,0.026205950473936392,-1.096933728981207,-0.0637760259906795,-0.7033676826920172,-0.538131199345661,0.4693560222117804,0.14747432049602588,-0.4648295453855011,-1.0183565364195493,-1.096933728981207,-1.096933728981207,-1.096933728981207,-1.096933728981207,0.870409541606602,0.774302965490234,-0.538131199345661,-0.2727860098355923,1.3866068313717606,-1.096933728981207,0.14747432049602588,-0.4648295453855011,-1.0183565364195493,-1.096933728981207,-1.096933728981207,-1.096933728981207,-1.096933728981207,0.7942858609576123,0.9746237015055396,-1.096933728981207,0.7539080226586461,-1.0183565364195493,-1.096933728981207,-1.096933728981207,-1.096933728981207,-1.096933728981207,1.2955891273952507,-1.0183565364195493,-1.096933728981207,-1.096933728981207,-1.096933728981207,-1.096933728981207,0.774302965490234,0.8885590358382506,-1.096933728981207,0.774302965490234,-1.0183565364195493,-1.096933728981207,-1.096933728981207,-1.096933728981207,-1.096933728981207,0.2207759744561858,0.6218294938510074,-1.0183565364195493,-1.096933728981207,-1.096933728981207,-1.096933728981207,-1.096933728981207,1.0837711368852283,-0.538131199345661,-0.3965873381778338,-1.096933728981207,-0.6173030170247277,1.2467337808773706,-0.901855017471593,-0.7033676826920172,0.14747432049602588,-0.4648295453855011,-1.0183565364195493,-1.096933728981207,-1.096933728981207,-1.096933728981207,-1.096933728981207,0.8330798403377128,1.3074350136926938,-1.0183565364195493,-1.096933728981207,-1.096933728981207,-1.096933728981207,-1.096933728981207,0.774302965490234,0.1848040217649151,0.774302965490234,-1.0183565364195493,-1.096933728981207,-1.096933728981207,-1.096933728981207,-1.096933728981207,1.3534488768330435,-0.16277054484031625,-0.3965873381778338,1.3074350136926938,-0.901855017471593,0.14747432049602588,-0.4648295453855011,-1.0183565364195493,-1.096933728981207,-1.096933728981207,-1.096933728981207,-1.096933728981207,0.9063814942978732,0.6900717010586743,-1.096933728981207,0.06830250281695922,-1.0183565364195493,-1.096933728981207,-1.096933728981207,-1.096933728981207,-1.096933728981207,1.3756772209003612,-1.0183565364195493,-1.096933728981207,-1.096933728981207,-1.096933728981207,-1.096933728981207,0.6678433569913562,1.4081102800724594,1.2467337808773706,-1.0183565364195493,-1.096933728981207,-1.096933728981207,-1.096933728981207,-1.096933728981207,-0.4648295453855011,-0.538131199345661,-0.3327510165778624,-1.096933728981207,0.14747432049602588,-0.4648295453855011,-1.0183565364195493,-1.096933728981207,-1.096933728981207,-1.096933728981207,-1.096933728981207,0.9579994499562016,1.0070567606776377,0.41281951000609457,-1.0183565364195493,-1.096933728981207,-1.096933728981207,-1.096933728981207,-1.096933728981207,0.5979941312604431,-0.538131199345661,-0.21624949762990653,-0.11203533773096849,-1.096933728981207,1.5375263047597103,-0.4648295453855011,-1.0183565364195493,-1.096933728981207,-1.096933728981207,-1.096933728981207,-1.096933728981207,-0.3965873381778338,-0.6173030170247277,0.9746237015055396,-0.3965873381778338,0.25548548960086465,-0.901855017471593,0.14747432049602588,-0.4648295453855011,-1.0183565364195493,-1.096933728981207,-1.096933728981207,-1.096933728981207,-1.096933728981207,0.8885590358382506,1.0537955191846062,0.32145124083595084,-1.0183565364195493,-1.096933728981207,-1.096933728981207,-1.096933728981207,-1.096933728981207,1.3534488768330435,-1.0183565364195493,-1.096933728981207,-1.096933728981207,-1.096933728981207,-1.096933728981207,-0.0637760259906795,-0.797640857572655,-0.7033676826920172,0.2890181816638531,-0.7033676826920172,1.3646254893492975,-0.4648295453855011,-1.0183565364195493,-1.096933728981207,-1.096933728981207,-1.096933728981207,-1.096933728981207,0.8519207849180238,1.6181326690042042,0.870409541606602,-1.096933728981207,1.5375263047597103,-1.0183565364195493,-1.096933728981207,-1.096933728981207,-1.096933728981207,-1.096933728981207,1.3646254893492975,-0.21624949762990653,-0.901855017471593,0.49645688688845147,-0.3327510165778624,-1.096933728981207,-0.901855017471593,0.14747432049602588,-0.4648295453855011,-1.0183565364195493,-1.096933728981207,-1.096933728981207,-1.096933728981207,-1.096933728981207,0.41281951000609457,0.6451039720015455,0.5228349750013707,-1.096933728981207,-0.538131199345661,-1.0183565364195493,-1.096933728981207,-1.096933728981207,-1.096933728981207,-1.096933728981207,1.0537955191846062,-1.0183565364195493,-1.096933728981207,-1.096933728981207,-1.096933728981207,-1.096933728981207,1.0228830132458286,1.5281506925395878,-1.0183565364195493,-1.096933728981207,-1.096933728981207,-1.096933728981207,-1.096933728981207,1.8704253214638973,1.5186853601793993,-1.0183565364195493,-1.096933728981207,-1.096933728981207,-1.096933728981207,-1.096933728981207,-0.4648295453855011,-0.3327510165778624,1.3074350136926938,-0.4648295453855011,-1.0183565364195493,-1.096933728981207,-1.096933728981207,-1.096933728981207,-1.096933728981207,0.9909731594196948,0.7118114703156233,-1.0183565364195493,-1.096933728981207,-1.096933728981207,-1.096933728981207,-1.096933728981207,-0.538131199345661,-0.16277054484031625,-0.4648295453855011,0.5735701821107184,-0.3965873381778338,-1.0183565364195493,-1.096933728981207,-1.096933728981207,-1.096933728981207,-1.096933728981207,-0.3327510165778624,-0.3327510165778624,1.038460023105511,-0.4648295453855011,-1.0183565364195493,-1.096933728981207,-1.096933728981207,-1.096933728981207,-1.096933728981207,-0.6173030170247277,-0.4648295453855011,-0.3965873381778338,-0.6173030170247277,1.469950395780999,0.14747432049602588,-0.4648295453855011,-1.0183565364195493,-1.096933728981207,-1.096933728981207,-1.096933728981207,-1.096933728981207,1.7767307402951829,-1.0183565364195493,-1.096933728981207,-1.096933728981207,-1.096933728981207,-1.096933728981207,0.870409541606602,0.7118114703156233,0.5979941312604431,-1.0183565364195493,-1.096933728981207,-1.096933728981207,-1.096933728981207,-1.096933728981207,-1.096933728981207,-1.096933728981207,-1.096933728981207,-1.096933728981207,-1.096933728981207,-1.096933728981207,-0.901855017471593,-0.2727860098355923,-0.3327510165778624,-0.3965873381778338,-0.2727860098355923,-0.21624949762990653,-0.2727860098355923,-0.21624949762990653,-0.21624949762990653,-0.16277054484031625,-1.0183565364195493,-1.096933728981207,-1.096933728981207,-0.3965873381778338,-1.096933728981207,-1.096933728981207,-1.096933728981207,-1.096933728981207,-1.096933728981207,-1.096933728981207,-1.096933728981207,-0.901855017471593,-1.0183565364195493,-0.797640857572655,-0.2727860098355923,-0.3327510165778624,-0.21624949762990653,-0.6173030170247277,-1.096933728981207,-1.096933728981207,-1.096933728981207,-1.096933728981207,-1.096933728981207,-1.096933728981207,-1.096933728981207,-1.096933728981207,-1.096933728981207,-1.096933728981207,-1.096933728981207,-0.901855017471593,-0.797640857572655,0.06830250281695922,-0.797640857572655,-0.7033676826920172,-0.4648295453855011,-0.538131199345661,-0.21624949762990653,-1.096933728981207,-0.797640857572655,-0.7033676826920172,0.10868034111592541,-1.0183565364195493,-1.096933728981207,-0.2727860098355923,-0.4648295453855011,-1.096933728981207,-0.4648295453855011,-0.11203533773096849,0.5979941312604431,-0.797640857572655,-0.901855017471593,-0.7033676826920172,0.6451039720015455,-1.096933728981207
-1.0,-1.0,-1.0,-1.0,-1.0,-1.0,-1.0,-1.0,-1.0,-1.0,-1.0,-1.0,-1.0,-1.0,-1.0,-1.0,-1.0,-1.0,-1.0,-1.0,-1.0,-1.0,-1.0,-1.0,-1.0,-1.0,-1.0,-1.0,-1.0,-1.0,-1.0,-1.0,-1.0,-1.0,-1.0,-1.0,-1.0,-1.0,-1.0,-1.0,-1.0,-1.0,-1.0,-1.0,-1.0,-1.0,-1.0,-1.0,-1.0,-1.0,-1.0,-1.0,-1.0,-1.0,-1.0,-1.0,-1.0,-1.0,-1.0,-1.0,-1.0,-1.0,-1.0,-1.0,-1.0,-1.0,-1.0,-1.0,-1.0,-1.0,-1.0,-1.0,-1.0,-1.0,-1.0,-1.0,-1.0,-1.0,-1.0,-1.0,-1.0,-1.0,-1.0,-1.0,-1.0,-1.0,-1.0,-1.0,-1.0,-1.0,-1.0,-1.0,-1.0,-1.0,-1.0,-1.0,-1.0,-1.0,-1.0,-1.0,-1.0,-1.0,-1.0,-1.0,-1.0,-1.0,-1.0,-1.0,-1.0,-1.0,-1.0,-1.0,-1.0,-1.0,-1.0,-1.0,-1.0,-1.0,-1.0,-1.0,-1.0,-1.0,-1.0,-1.0,-1.0,1.0,-1.0,-1.0,-1.0,1.0,-1.0,-1.0,-1.0,-1.0,-1.0,-1.0,-1.0,-1.0,-1.0,-1.0,-1.0,-1.0,-1.0,-1.0,-1.0,-1.0,-1.0,-1.0,-1.0,-1.0,-1.0,1.0,-1.0,-1.0,-1.0,-1.0,-1.0,-1.0,-1.0,-1.0,-1.0,-1.0,-1.0,-1.0,-1.0,-1.0,-1.0,-1.0,-1.0,-1.0,-1.0,-1.0,-1.0,-1.0,1.0,-1.0,-1.0,-1.0,-1.0,-1.0,-1.0,-1.0,-1.0,-1.0,-1.0,-1.0,-1.0,-1.0,-1.0,1.0,-1.0,-1.0,-1.0,-1.0,-1.0,1.0,-1.0,-1.0,-1.0,-1.0,-1.0,-1.0,1.0,-1.0,-1.0,-1.0,-1.0,-1.0,-1.0,1.0,-1.0,-1.0,-1.0,-1.0,-1.0,-1.0,-1.0,-1.0,-1.0,-1.0,1.0,-1.0,-1.0,-1.0,-1.0,-1.0,-1.0,1.0,-1.0,-1.0,-1.0,-1.0,-1.0,-1.0,-1.0,-1.0,-1.0,-1.0,-1.0,-1.0,-1.0,-1.0,-1.0,-1.0,-1.0,-1.0,-1.0,-1.0,-1.0,-1.0,-1.0,-1.0,-1.0,-1.0,-1.0,-1.0,-1.0,-1.0,-1.0,-1.0,-1.0,-1.0,-1.0,-1.0,-1.0,-1.0,-1.0,-1.0,-1.0,-1.0,-1.0,-1.0,-1.0,-1.0,1.0,-1.0,-1.0,-1.0,-1.0,-1.0,-1.0,1.0,-1.0,-1.0,-1.0,-1.0,-1.0,-1.0,-1.0,-1.0,-1.0,-1.0,1.0,-1.0,-1.0,-1.0,-1.0,-1.0,-1.0,1.0,-1.0,-1.0,-1.0,-1.0,-1.0,1.0,-1.0,-1.0,-1.0,-1.0,-1.0,-1.0,-1.0,-1.0,-1.0,-1.0,-1.0,-1.0,1.0,-1.0,-1.0,-1.0,-1.0,-1.0,-1.0,-1.0,-1.0,-1.0,-1.0,1.0,-1.0,-1.0,-1.0,-1.0,-1.0,-1.0,-1.0,1.0,1.0,-1.0,-1.0,-1.0,-1.0,-1.0,-1.0,-1.0,-1.0,-1.0,-1.0,-1.0,-1.0,-1.0,-1.0,-1.0,-1.0,-1.0,-1.0,-1.0,1.0,-1.0,-1.0,-1.0,-1.0,-1.0,-1.0,-1.0,-1.0,-1.0,-1.0,-1.0,-1.0,1.0,-1.0,1.0,-1.0,-1.0,-1.0,-1.0,-1.0,-1.0,-1.0,-1.0,-1.0,-1.0,-1.0,-1.0,-1.0,-1.0,1.0,-1.0,-1.0,-1.0,-1.0,-1.0,1.0,1.0,-1.0,-1.0,-1.0,-1.0,-1.0,1.0,-1.0,-1.0,-1.0,-1.0,-1.0,-1.0,-1.0,-1.0,-1.0,-1.0,-1.0,-1.0,-1.0,-1.0,-1.0,1.0,-1.0,-1.0,-1.0,-1.0,-1.0,-1.0,-1.0,1.0,-1.0,-1.0,-1.0,-1.0,-1.0,-1.0,-1.0,-1.0,-1.0,-1.0,-1.0,-1.0,-1.0,-1.0,-1.0,-1.0,-1.0,-1.0,1.0,-1.0,1.0,-1.0,-1.0,-1.0,-1.0,-1.0,1.0,-1.0,-1.0,-1.0,-1.0,-1.0,-1.0,-1.0,1.0,-1.0,-1.0,-1.0,-1.0,-1.0,-1.0,-1.0,-1.0,-1.0,-1.0,-1.0,-1.0,-1.0,-1.0,-1.0,-1.0,-1.0,-1.0,1.0,-1.0,-1.0,-1.0,-1.0,-1.0,1.0,-1.0,-1.0,-1.0,-1.0,-1.0,-1.0,-1.0,-1.0,-1.0,-1.0,-1.0,-1.0,-1.0,-1.0,-1.0,-1.0,-1.0,-1.0,-1.0,-1.0,-1.0,-1.0,-1.0,-1.0,-1.0,1.0,1.0,-1.0,-1.0,-1.0,-1.0,-1.0,1.0,-1.0,-1.0,-1.0,-1.0,-1.0,-1.0,-1.0,-1.0,-1.0,-1.0,-1.0,-1.0,-1.0,-1.0,-1.0,-1.0,-1.0,-1.0,-1.0,-1.0,-1.0,-1.0,-1.0,-1.0,-1.0,-1.0,-1.0,-1.0,-1.0,-1.0,-1.0,-1.0,-1.0,-1.0,-1.0,-1.0,-1.0,-1.0,-1.0,-1.0,-1.0,-1.0,1.0,1.0,-1.0,-1.0,-1.0,-1.0,-1.0,-1.0,-1.0,1.0,-1.0,-1.0,-1.0,-1.0,-1.0,-1.0,1.0,-1.0,-1.0,-1.0,-1.0,-1.0,-1.0,-1.0,-1.0,-1.0,-1.0,-1.0,-1.0,-1.0,-1.0,-1.0,-1.0,-1.0,-1.0,-1.0,-1.0,-1.0,-1.0,-1.0,-1.0,-1.0,-1.0,-1.0,-1.0,-1.0,-1.0,-1.0,-1.0,-1.0,-1.0,-1.0,-1.0,-1.0,-1.0,-1.0,-1.0,-1.0,-1.0,-1.0,-1.0,-1.0,-1.0,-1.0,-1.0,-1.0,-1.0,-1.0,-1.0,-1.0,-1.0,-1.0,-1.0,-1.0,-1.0,-1.0,-1.0,-1.0,-1.0,-1.0,-1.0,-1.0,-1.0,1.0,-1.0,-1.0,-1.0,-1.0,-1.0,-1.0,-1.0,-1.0,-1.0,-1.0,-1.0,-1.0,-1.0,-1.0,-1.0,-1.0,-1.0,-1.0,-1.0,-1.0,-1.0,-1.0,-1.0,-1.0,-1.0,-1.0,-1.0,-1.0,-1.0,-1.0,-1.0,-1.0,-1.0,-1.0,-1.0,-1.0,-1.0,-1.0,-1.0,-1.0,-1.0,-1.0,-1.0,-1.0,-1.0,-1.0,-1.0,-1.0,-1.0,-1.0,-1.0,-1.0,-1.0,-1.0,-1.0,-1.0,-1.0,-1.0,-1.0,-1.0,-1.0,-1.0,-1.0,-1.0,-1.0,-1.0,-1.0,-1.0,-1.0,-1.0,-1.0,-1.0,-1.0,-1.0,1.0,-1.0
-1.7347670904516106,-1.7236993572296029,-1.6934024936157714,-1.6925857906553685,-1.6877700594060983,-1.6807802085518937,-1.6735763251977218,-1.6670145393434526,-1.6426486289524067,-1.6173533669167648,-1.6132754845489614,-1.6111013649440276,-1.6089216129048842,-1.6067531257341598,-1.604579006129226,-1.6024555784321792,-1.6003152534325034,-1.5923228292889773,-1.5848767512637894,-1.5750763157389582,-1.574789061594265,-1.572271363502541,-1.572046066134154,-1.5695903248187364,-1.5693650274503497,-1.5669092861349323,-1.5666445617270777,-1.5636931662012088,-1.5633890147538865,-1.5610515545568722,-1.558984451201922,-1.5567202126496336,-1.5547150660709899,-1.5525860059397334,-1.5463734310064638,-1.5462382525854317,-1.5389160881128567,-1.5356605411396658,-1.5335483783110382,-1.5313066694955884,-1.5291888742327513,-1.5271217708778013,-1.5247223539044805,-1.5225369694311273,-1.5204191741682902,-1.5182788491686143,-1.5160371403531645,-1.512100068840603,-1.5085403704200895,-1.5062141750914946,-1.5039837311444642,-1.5015843141711434,-1.4993932972635804,-1.4955519771325834,-1.4922795328567633,-1.4901110456860391,-1.4878355422653313,-1.4856783199630264,-1.4835210976607216,-1.481408934832094,-1.4793587287797731,-1.4771677118722102,-1.4732362727938584,-1.4700145204259254,-1.4679868441104431,-1.465694443387106,-1.4633513507558822,-1.4612560852298837,-1.4592340413486111,-1.4568796838489677,-1.4548294777966466,-1.4508417143761982,-1.4475298430609103,-1.4455190640480569,-1.443384371482591,-1.4409680572066412,-1.4383208131280947,-1.4357467906942742,-1.4335050818788242,-1.4313872866159871,-1.4291962697084244,-1.427101004182426,-1.425033900827476,-1.4152390977368543,-1.412850945631953,-1.4062103056987483,-1.4013664122784293,-1.3978968328052706,-1.395390399581966,-1.3951651022135791,-1.392979717740226,-1.3927544203718392,-1.390569035898486,-1.3903043114906313,-1.3865756400438276,-1.3839227635310718,-1.3813881681367188,-1.3790845025449625,-1.3764992152427225,-1.3736266737957892,-1.3714356568882264,-1.369458672480631,-1.3674422610335681,-1.3652963035996826,-1.3630827569552812,-1.3608241508372023,-1.3587007231401556,-1.3560140520221413,-1.3539244189303525,-1.3476048277470993,-1.3385873005774127,-1.3348473642621899,-1.3319353957757887,-1.329141708407791,-1.3265789508423895,-1.3237345715665048,-1.3198932514355077,-1.3175557912384932,-1.3158153690677041,-1.3141425361074313,-1.3124528058445293,-1.3107968701868855,-1.3091409345292417,-1.306442998542808,-1.2881206900587414,-1.286650624730017,-1.2813167095334563,-1.280702774204602,-1.279322827823232,-1.1957093419806344,-1.1896826373762843,-1.1872099987582378,-1.1866467553372706,-1.1841515869823853,-1.1834813273114342,-1.1745144920496344,-1.1629623694855948,-1.1489094461324605,-1.133684976463714,-1.1289875263328468,-1.1213105185050622,-1.1209951021893203,-1.1203867992946759,-1.119395490873773,-1.114405154164003,-1.1140897378482613,-1.1134814349536166,-1.112490126532714,-1.1074997898229437,-1.107184373507202,-1.1065760706125574,-1.1055903946258647,-1.1006056903503036,-1.1002902740345621,-1.0996819711399175,-1.0987300897584826,-1.09377918008818,-1.093463763772438,-1.0928554608777936,-1.0918866821937299,-1.0869188752207979,-1.0866034589050564,-1.0859951560104117,-1.0850094800237189,-1.0800247757481583,-1.0797093594324165,-1.0791010565377717,-1.0781153805510788,-1.0712832378547454,-1.0666139498949265,-1.0410370661488009,-1.0407216498330591,-1.0401133469384143,-1.038829151938609,-1.035517280623321,-1.0228949955594437,-1.0104191537850178,-0.9965408358923831,-0.9962254195766415,-0.9956171166819967,-0.9947947812873844,-0.9932289645770952,-0.9927389428008538,-0.9831074803023127,-0.9706316385278867,-0.9567533206352521,-0.9564379043195104,-0.9558296014248657,-0.9550072660302534,-0.9529007356358358,-0.9425990134663436,-0.9301231716919176,-0.9160871456414121,-0.9157717293256705,-0.9151634264310258,-0.9135131232075916,-0.9127358472866567,-0.9030593253144383,-0.8905834835400124,-0.8767164305157971,-0.8764010142000553,-0.8757927113054107,-0.874976008345008,-0.8731454672268644,-0.8631141018994364,-0.8506382601250104,-0.836602234074505,-0.8362868177587633,-0.8356785148641186,-0.8341690224959263,-0.8316625892726216,-0.8311444053253318,-0.8304121888780742,-0.8278550637468826,-0.818009568748374,-0.8055337269739481,-0.791734263160249,-0.7914188468445071,-0.7908105439498626,-0.7900276355947179,-0.7883716999370741,-0.7876901753977035,-0.7779967561228561,-0.7655209143484301,-0.7514848882979247,-0.7511694719821831,-0.7505611690875383,-0.7488883361272655,-0.7442303130358657,-0.74363890744385,-0.742884161259754,-0.7416281284309968,-0.741346506720513,-0.7398820738259981,-0.738659835602499,-0.7358886779713398,-0.7260431829728312,-0.7135673411984053,-0.699734082779448,-0.6994186664637063,-0.6988103635690616,-0.6980105579112882,-0.6960448383721122,-0.69418613508292,-0.6925301994252762,-0.6919387938332605,-0.6823580232426064,-0.6698821814681805,-0.6560151284439653,-0.6556997121282236,-0.6550914092335789,-0.6542747062731763,-0.652506121931339,-0.6425367133802175,-0.6300608716057915,-0.616024845555286,-0.6157094292395444,-0.6151011263448997,-0.6136873853582717,-0.611203481871806,-0.6106120762797903,-0.6097953733193876,-0.607153761675051,-0.5973082666765422,-0.5848324249021163,-0.5707963988516108,-0.5704809825358692,-0.5698726796412245,-0.5683519224046129,-0.5643022022078579,-0.5637051641816324,-0.5626744287212622,-0.5611930985241181,-0.5584670003666363,-0.5576671947088627,-0.5478104348419349,-0.5353345930675089,-0.5214675400432937,-0.521152123727552,-0.5205438208329073,-0.5197271178725046,-0.5177670307675384,-0.5169559602413454,-0.5167700899124263,-0.5163138627414428,-0.5154126732678951,-0.5148212676758794,-0.5052404970852254,-0.49276465531079944,-0.478728629260294,-0.4784132129445522,-0.4778049100499076,-0.4760757527475379,-0.46599369551222297,-0.45351785373779696,-0.4396508007135817,-0.4393353843978401,-0.43872708150319534,-0.4379103785427928,-0.4353645182800205,-0.4246178338079643,-0.4121419920335383,-0.39810596598303294,-0.3977905496672911,-0.3971822467726465,-0.3955094138123735,-0.3934535753258429,-0.3931043644048431,-0.3922594992733921,-0.39166246124716686,-0.39104852591831235,-0.39045712032629665,-0.3808763497356428,-0.36840050796121687,-0.3545334549370016,-0.35421803862125983,-0.35360973572661525,-0.3527930327662125,-0.3507653564507302,-0.3497008263851019,-0.3399623476365771,-0.3274865058621511,-0.31345047981164575,-0.3131350634959041,-0.31252676060125933,-0.30929374336490706,-0.30873613237814945,-0.3079081645493274,-0.30617337481274803,-0.30577347198386123,-0.3029910494842827,-0.2931455544857742,-0.2806697127113482,-0.26684771916081035,-0.2665323028450685,-0.265923999950424,-0.2651298267268599,-0.26323732883240974,-0.26200945817470106,-0.25199499014990223,-0.23951914837547625,-0.22548312232497086,-0.22516770600922922,-0.22455940311458447,-0.22328084054898864,-0.2216192724571351,-0.22143340212821586,-0.2172316062077998,-0.2166739952210422,-0.2158291300895912,-0.21452803778715668,-0.21182446936651358,-0.20197897436800488,-0.1895031325935789,-0.17565860930620236,-0.17534319299046072,-0.17473489009581597,-0.17392945200383278,-0.17208764601726956,-0.16784642305738573,-0.16725501746537005,-0.16607783871554835,-0.16434868141317877,-0.16316023779493768,-0.1603665504269398,-0.1505210554284313,-0.13804521365400532,-0.12424574984030616,-0.12393033352456434,-0.12332203062991977,-0.12253912227477508,-0.12059593247243797,-0.11838801826224599,-0.11777408293339164,-0.10772582030333476,-0.09524997852890878,-0.08121395247840338,-0.08089853616266175,-0.08029023326801699,-0.07867372464984085,-0.06870431609871937,-0.05622847432429358,-0.04244027537901356,-0.04212485906327193,-0.04151655616862736,-0.04073928024769243,-0.03916783110319367,-0.03732602511663028,-0.03670645735356654,-0.02665256228929971,-0.01417672051487373,-3.0966749065849204E-4,5.7488250831399006E-6,6.140517197277158E-4,0.0014307546801302481,0.0031993390219678115,0.013168747573089288,0.025644589347515265,0.03968061539802048,0.03999603171376211,0.04060433460840706,0.042891102897534075,0.048146164015159254,0.04872630473875575,0.049379667107077696,0.05048925664638317,0.05104686763314098,0.05273659789604295,0.05412217671162245,0.055333150066702204,0.05808177796102251,0.06792727295953138,0.08040311473395736,0.09428143262659176,0.0945968489423334,0.09520515183697835,0.09602748723159064,0.09827482848125005,0.10871736150598398,0.12119320328040994,0.13498140222568997,0.1352968185414316,0.13590512143607617,0.1366823973570111,0.13809613834363904,0.13917756571189643,0.14950745005243693,0.16198329182686289,0.1760193178773681,0.17633473419310974,0.1769430370877547,0.17858770787697928,0.18323446609995953,0.18384840142881387,0.18497488827074862,0.18669841313890845,0.18789812162556868,0.19064674951988936,0.20049224451839787,0.21296808629282382,0.22683513931703908,0.2271505556327807,0.22775885852742564,0.22857556148782818,0.231143951487439,0.23394327128964681,0.23428684977643652,0.24406475556442933,0.2565405973388553,0.2705766233893605,0.27089203970510217,0.2715003425997471,0.2736688297704713,0.2841902168741404,0.29666605864856643,0.3103979332517495,0.3107133495674915,0.3113216524621361,0.31207076621202257,0.31382808568544057,0.3153432104878428,0.32573505160468963,0.3382108933791156,0.35224691942962083,0.35256233574536283,0.35317063864000736,0.35439850929771605,0.35815534291556794,0.35874111607337417,0.3594226406127446,0.36053223015205005,0.3633033877832094,0.3731488827817179,0.38562472455614394,0.399525572185617,0.399840988501359,0.4004492913960036,0.401282891659035,0.4029500921850983,0.4039751952112588,0.41405162001236434,0.4265274617867903,0.44056348783729554,0.44087890415303715,0.44148720704768213,0.44310371566585827,0.4458410786917594,0.44643811671798483,0.4472210250731291,0.4485502795466121,0.44923743652019227,0.4524648213223348,0.46231031632084363,0.47478615809526964,0.48882218414577483,0.4891376004615165,0.4897459033561614,0.49300708276356214,0.4935815910529489,0.4945503697370125,0.49604296480257604,0.4963414838156887,0.49775522480231665,0.4989549332889769,0.5016359719727811,0.51148146697129,0.523957308745716,0.5378130969015117,0.5381285132172533,0.5387368161118983,0.5395478866380911,0.5415811953877832,0.542775271440234,0.5526320313071617,0.5651078730815876,0.5791438991320932,0.5794593154478348,0.5800676183424793,0.5822079433421555,0.5927011682747766,0.6051770100492025,0.6192130360997077,0.6195284524154494,0.6201367553100943,0.6214040530072706,0.6236964537306078,0.6242371674147362,0.6250369730725098,0.6262986383354764,0.6269069412301214,0.6298752340586191,0.6397207290571276,0.6521965708315536,0.6660298292505107,0.6663452455662526,0.6669535484608973,0.6677533541186709,0.6696852790525886,0.6707385442497975,0.6725747178021508,0.6732337126046829,0.6833270347084169,0.695802876482843,0.7098389025333486,0.7101543188490902,0.7107626217437347,0.7124129249671691,0.7165414992428595,0.7171160075322459,0.7179439753610679,0.7193295541766475,0.7194759974660991,0.7207320302948562,0.7219317387815164,0.724545188254805,0.7343906832533135,0.7468665250277394,0.7604857509467291,0.7608011672624708,0.7614094701571154,0.7621022595649053,0.7640116547619844,0.7652733200249513,0.7662815257484829,0.7668729313404985,0.7764537019311525,0.7889295437055784,0.8029655697560837,0.8032809860718257,0.8038892889664703,0.8057705219925009,0.8160046549514772,0.8284804967259032,0.8424264038290536,0.8427418201447954,0.8433501230394402,0.8442062530393104,0.8467352159994536,0.8574255761294135,0.8699014179038391,0.8839374439543447,0.8842528602700863,0.8848611631647313,0.8868832070460038,0.8884377588878736,0.8985198161231885,0.9109956578976145,0.9250316839481197,0.9253471002638614,0.9259554031585063,0.9292560096053747,0.9298474151973903,0.9309739020393251,0.9340266813809678,0.9438721763794763,0.9563480181539024,0.9702713955202145,0.9705868118359561,0.9711951147306007,0.9720399798620517,0.9736283263091797,0.9833893347945433,0.9958651765689692,1.0099012026194745,1.010216618935216,1.010824921829861,1.0120471600533598,1.0143789878161646,1.0149872907108093,1.0158546855790989,1.0186202107760485,1.028471338208767,1.0409471799831929,1.054983206033698,1.05529862234944,1.0559069252440845,1.0592187965593725,1.0598214670198072,1.0608353051775485,1.063775435834998,1.0736209308335065,1.0860967726079325,1.100132798658438,1.1004482149741797,1.1010565178688243,1.1043233297104347,1.1048922055656116,1.1056244220128693,1.10681849806532,1.1075000226046905,1.109161590696544,1.1118876888540257,1.1217331838525344,1.1342090256269604,1.1482450516774656,1.1485604679932073,1.1491687708878522,1.1510781660849314,1.1613404612149558,1.1738163029893818,1.1876608262767583,1.1879762425925,1.1885845454871449,1.189389983579128,1.1917274437761425,1.1931073901575122,1.2028402364718276,1.2153160782462535,1.2178619385090257,1.2179689547590093,1.2185378306141863,1.2265527844945514,1.2323936187699824,1.2398059021899122,1.2434388222551511,1.249645764754211,1.2520620790301606,1.254765647450804,1.2620314875812821,1.273651199355838,1.2877717119194885,1.2997800616545114,1.3115011572448412,1.3284040923080704,1.3473347036867818,1.3599062968427722,1.3734410362486165,1.37976062743187,1.3829204230234966,1.3845538289443018,1.3864406944045422,1.3896737116408948,1.39009614420662,1.392957420785134,1.3945908267059393,1.3962523947977927,1.3979195953238561,1.400741444862902,1.4042729811123675,1.4061373168357691,1.408052344467058,1.4101926694667337,1.4109699453876687,1.4187089099917598,1.4897564351125765,1.504806299320823,1.5071437595178372,1.5088841816886265,1.5105570146488991,1.512246744911801,1.513902680569445,1.5155586162270889,1.5196308661606828,1.5217204992524713,1.5240072675415988,1.526034943857081,1.5281865337251763,1.53570583339509,1.5375645366842818,1.5391866777366676,1.540972159381134,1.5425323436572138,1.544092527933293,1.545765360893566,1.5478268318143062,1.5500685406297563,1.552056789905771,1.5538141093791888,1.5556671802341715,1.5573062185891864,1.5595817220098942,1.5616713551016828,1.5638004152329392,1.565873151022099,1.5672868920087268,1.5681317571401778,1.572767250494739,1.5795768634542338,1.5842405189798432,1.588549331150243,1.6026585788454741
-1.1401173504958373,-1.1400818122519802,-1.1396281989981025,-1.1396087460417839,-1.139486328356796,-1.1392851808186428,-1.1390488010308952,-1.1388078072541334,-1.1376986560858093,-1.136190023720148,-1.1359127576849328,-1.1357610687076543,-1.1356062883341027,-1.1354496268575958,-1.1352898739848163,-1.135131251233288,-1.1349687714639018,-1.1343390110516973,-1.1337196139705232,-1.132856312356031,-1.1328301847684976,-1.1325991761844678,-1.1325783285607274,-1.1323492174333831,-1.1323280263181612,-1.1320951711336689,-1.1320698650031271,-1.13178502967128,-1.1317553948715517,-1.131525890289509,-1.1313203420553974,-1.1310924026236804,-1.1308881117145195,-1.130668693397216,-1.1300136980874589,-1.1299992021696432,-1.1291984809506517,-1.1288326766305445,-1.128592123222851,-1.128334040753905,-1.1280875990380779,-1.1278445965397295,-1.1275594810386225,-1.1272969494890461,-1.127039946276108,-1.1267776176462891,-1.1265000698542484,-1.1260057010654838,-1.1255511303561625,-1.125250184020017,-1.124958735539044,-1.1246420489853872,-1.1243500083333986,-1.123831410162468,-1.123382994093462,-1.123082496190497,-1.1227642932590574,-1.1224599116833678,-1.1221528837619883,-1.1218497049476994,-1.121552992964907,-1.1212332602245183,-1.1206527056435573,-1.120170397636295,-1.1198638206647484,-1.1195144025209756,-1.1191541694378606,-1.1188293937680576,-1.1185136006079617,-1.1181429786394212,-1.1178176684651218,-1.1171780761414547,-1.1166400154256693,-1.1163102925855268,-1.115957734543546,-1.1155555381759394,-1.1151110921306027,-1.1146751179400423,-1.1142923597535694,-1.1139281339427927,-1.1135486309244238,-1.1131831593075678,-1.1128201535319886,-1.1110670446403146,-1.1106313320462997,-1.1094027155780413,-1.1084907063663385,-1.1078292518923052,-1.107347156591782,-1.107303647189712,-1.1068801080492607,-1.1068362897935058,-1.1064097547723095,-1.1063579024510521,-1.1056233232589816,-1.1050958709907577,-1.104588197256099,-1.1041236091426987,-1.1035986316367885,-1.1030108655748492,-1.1025593954083437,-1.102149684803769,-1.1017295137921315,-1.1012798088182467,-1.1008131961076033,-1.1003342129228888,-1.0998812513647191,-1.0993044663772613,-1.0988530179856622,-1.0974726109810231,-1.0954635618057489,-1.0946167610601907,-1.093951922193816,-1.0933095561764359,-1.0927163858515279,-1.09205365895263,-1.091151347349746,-1.090598180252043,-1.0901842860511155,-1.089784841927045,-1.0893797474853675,-1.0889811796704862,-1.0885810525053061,-1.0879258047365266,-1.0833663575781414,-1.0829922636124993,-1.0816245998802363,-1.081466143083442,-1.0811091963965695,-1.0574605032222848,-1.0556023429362928,-1.054834000759595,-1.0546584935706387,-1.0538788269091606,-1.0536687872352801,-1.0508342743143264,-1.0471151268020373,-1.042488548888048,-1.037349531890431,-1.0357372999592578,-1.0330754300332838,-1.032965348085348,-1.032752887418921,-1.0324062043531301,-1.0306524828324923,-1.0305411622946845,-1.03032631291922,-1.0299757371424043,-1.0282024193605848,-1.0280898602329058,-1.0278726221484031,-1.0275201692646074,-1.0257293027754102,-1.0256155070783979,-1.0253958841816093,-1.0250517927536344,-1.0232538007284908,-1.023138780585374,-1.0229167962568122,-1.0225628312437758,-1.0207393460981113,-1.0206230954472755,-1.0203987379966841,-1.0200347491030228,-1.0181855433639333,-1.018068056143764,-1.0178413138808868,-1.0174734607080587,-1.0149085258100525,-1.0131403039426514,-1.0032345828267417,-1.003110102524117,-1.002869873602218,-1.0023620326319482,-1.0010480095054277,-0.995982785843563,-0.9908872983992759,-0.9851150048742636,-0.9849825434460391,-0.9847269223533415,-0.9843810259985026,-0.9837213381964128,-0.9835146026977064,-0.9794234627417915,-0.974045699626653,-0.9679593983124859,-0.9678198003435989,-0.9675504159224804,-0.9671859135866284,-0.9662504341648592,-0.9616392443986329,-0.9559740907647002,-0.9494946669859029,-0.9493477748743793,-0.9490643231781761,-0.9482942694072398,-0.9479310454586443,-0.9433804084328073,-0.9374347373570036,-0.930722183889177,-0.9305682299969016,-0.9302711591521056,-0.9298719831281875,-0.9289759004023548,-0.9240315340017682,-0.9178024683821255,-0.9106886117959292,-0.9105274627673855,-0.9102165155883577,-0.9094439969683731,-0.9081584081623053,-0.9078921778733645,-0.9075157225751721,-0.9061986332459635,-0.9010928293759954,-0.8945437660819223,-0.8871967863734455,-0.8870275895415439,-0.8867011215988981,-0.8862806355727382,-0.8853901139541462,-0.8850231538050484,-0.8797752330857905,-0.8729422957308837,-0.8651490493639749,-0.8649726331493477,-0.8646322421114447,-0.8636950817552987,-0.8610771629354617,-0.8607438963240128,-0.8603182957656194,-0.8596093020976079,-0.8594502117809287,-0.8586222151012821,-0.8579302226559986,-0.8563581347402406,-0.8507374302119508,-0.8435359041271555,-0.8354473457938898,-0.8352616472271098,-0.8349033545100547,-0.8344319457184189,-0.833271796718019,-0.8321727865223084,-0.8311920135272225,-0.8308413595537776,-0.8251330548926844,-0.8176216009903462,-0.8091686604710849,-0.8089751201958362,-0.8086017041838772,-0.8081000277040462,-0.8070123385834582,-0.8008478245115217,-0.7930538551798348,-0.7841793936047382,-0.7839786804191405,-0.783591430937223,-0.7826906216495375,-0.7811051721226153,-0.7807271670085381,-0.7802048329618341,-0.7785127549654849,-0.7721712904269921,-0.7640564443063844,-0.754820978235581,-0.7546121525894056,-0.7542092576478027,-0.7532010996861115,-0.7505099981479683,-0.7501124683484686,-0.7494256898476989,-0.7484376222499431,-0.7466160160604123,-0.7460807760519322,-0.7394546422626102,-0.7309886298629196,-0.7214746857226734,-0.7212570121400423,-0.720837053320989,-0.7202728888131147,-0.7189173464424164,-0.7183557932906453,-0.7182270513393619,-0.717910965074954,-0.7172862493240535,-0.7168760286238045,-0.7102027429884871,-0.7014347148016654,-0.6914643820450806,-0.6912390425407978,-0.6908042994442734,-0.6895673527122514,-0.6823213290108573,-0.6732748612891414,-0.6631157338519084,-0.6628833851008649,-0.6624351241713019,-0.6618329614595028,-0.6599534408743017,-0.651978918249113,-0.6426389062071716,-0.6320250593345784,-0.6317852588389246,-0.6313226266876133,-0.630049303269594,-0.6284822649582421,-0.6282158443057447,-0.6275709913667414,-0.6271150505160842,-0.6266459942893061,-0.6261939484498398,-0.6188430955592001,-0.6091927561022201,-0.598362417733962,-0.5981148017968351,-0.5976370970083972,-0.5969954031897747,-0.5954005924465708,-0.5945623808552436,-0.5868643838553099,-0.5769237767775677,-0.5656342265960739,-0.5653792417564,-0.5648873255130495,-0.5622693506322998,-0.5618172173865189,-0.5611455418309476,-0.5597369575201093,-0.5594120086703444,-0.5571485793104508,-0.5491041710341652,-0.538831418518128,-0.5273468773871727,-0.5270835335812694,-0.5265754964744772,-0.5259119091149856,-0.524329148861168,-0.5233011495398044,-0.5148848129088366,-0.5043201144625559,-0.4923284262718529,-0.4920576630499496,-0.49153531706944237,-0.49043673725737297,-0.48900767842778786,-0.48884771997427423,-0.4852264475002153,-0.4847451218984345,-0.48401550377692293,-0.48289109798773683,-0.480551591939684,-0.47199676095053744,-0.4610772199282148,-0.4488561249621427,-0.44857642490010596,-0.4480368435850561,-0.44732207419076986,-0.44568621519623786,-0.4419119015087792,-0.44138479015224263,-0.4403349955837776,-0.4387915239271066,-0.4377297154915089,-0.43523054767529745,-0.426387614504964,-0.4151030012107135,-0.4025180542334178,-0.40222913243537184,-0.4016717663437331,-0.4009541058480361,-0.399171355968736,-0.39714313272552587,-0.39657866989962964,-0.387309659937282,-0.37572143246591827,-0.3625782163607653,-0.36228157610707656,-0.3617093244224118,-0.36018759597496525,-0.3507698784115064,-0.33890480979523085,-0.32568866590234535,-0.3253850709564253,-0.32479940665102913,-0.32405075159658686,-0.32253611693377277,-0.3207591124907159,-0.3201609098081383,-0.31042320002750573,-0.2982597919210577,-0.2846361465482895,-0.2843249947897767,-0.2837247566315227,-0.2829185504182398,-0.281171396909349,-0.27128951988424144,-0.25884359634844484,-0.24473542376809282,-0.24441709909923098,-0.243803027471018,-0.24149269063297962,-0.2361721994004272,-0.2355838728827047,-0.23492106241110272,-0.2337948711878338,-0.2332286528931563,-0.23151176015392144,-0.2301026965425748,-0.22887030381484158,-0.2260699643995446,-0.21600398449156105,-0.20316957227059793,-0.1887883800323898,-0.18846026181522899,-0.18782730262958258,-0.1869713010750171,-0.18462999286030002,-0.17371315319822958,-0.16058935247099457,-0.1459820680780508,-0.14564664965663934,-0.14499961150565246,-0.14417253431517735,-0.142667332029472,-0.14151517500604374,-0.13047615867129875,-0.1170629694377915,-0.10186656836141478,-0.10152378911960858,-0.10086255510071736,-0.0990737206685177,-0.0940113383883936,-0.09334157198878462,-0.09211208536315348,-0.09022957416503936,-0.08891820156058855,-0.08591065653772079,-0.07510247293704689,-0.06132756805057459,-0.04591272399951263,-0.04556083011021807,-0.04488201784259913,-0.043970318612113896,-0.0411007096655245,-0.03796881526909822,-0.03758411073613365,-0.026607658596502853,-0.01252362508747867,0.0034275136568839544,0.003787253295723548,0.004481196651750674,0.006956688298310663,0.019005607870634565,0.03337431463548323,0.0492919485279851,0.049658830769102096,0.05036654914380577,0.05123838034273529,0.05328483071605989,0.05505064801680719,0.0671971048006026,0.0818605546781637,0.0984635695355709,0.09883795807582763,0.09956015288458661,0.1010185575318464,0.10548606517217327,0.10618337135310149,0.10699490585170743,0.10831672958137396,0.11162099178270359,0.12339584397599071,0.13839567502529973,0.15521305800928734,0.15559592674806066,0.1563344762253877,0.15734690430576062,0.15937294594509077,0.1606194724903628,0.1729042239959542,0.18819424274652627,0.2055021829454878,0.20589241250465554,0.2066451578498869,0.20864653148791257,0.21203900587371283,0.21277949430993953,0.21375081934992834,0.2154007738258963,0.21625411036283523,0.22026558644477517,0.2325396349524447,0.24817202883719766,0.26586516038350877,0.26626404592801006,0.26703348495924223,0.2711621211145805,0.2718900721838946,0.2731180226232527,0.27501096760062427,0.275389708623552,0.27718405722156186,0.27870764294043787,0.28211542192835776,0.2946647694773766,0.3106460119757382,0.32849866890388435,0.32890634176869765,0.32969272777481684,0.33074156977681846,0.33337260284524384,0.33491879280221465,0.34771312435704443,0.3639863127856497,0.38240037435601537,0.3828154605752146,0.383616143764792,0.38643503511170774,0.40029271388624327,0.41685017597317764,0.43558406145169437,0.4360063347250093,0.4368208786618106,0.43851852103975447,0.44159168770175283,0.4423169979638166,0.44339015757514266,0.4450837685916533,0.44590065447646693,0.4498897736287674,0.46315710612319616,0.48004815219940944,0.49888048529516843,0.4993111559249372,0.5001418947634696,0.5012344827148264,0.5038751217823149,0.5053156644846662,0.5078284934477986,0.5087308045004472,0.5225816741787593,0.5397820886360217,0.5592393318151521,0.5596778603176944,0.5605237536251476,0.5628196906562357,0.5685702349735513,0.5693712153987192,0.5705258997094317,0.5724591006165779,0.5726634864549499,0.5744169889366266,0.5760926967134803,0.5797458983443914,0.5935432682141919,0.6111059577609134,0.6303792804468146,0.6308268932887735,0.6316903063936727,0.6326738942779969,0.6353861711819887,0.6371794917139636,0.6386131976549563,0.6394544673307379,0.6531107463696851,0.6709718553260777,0.6911724171019719,0.6916276493932056,0.6925057571502778,0.6952227183381662,0.7100385670693881,0.7281802733871509,0.7485644401636778,0.749026750399968,0.7499185084796508,0.7511739318872659,0.7548848206664492,0.7706115656266158,0.7890471359426001,0.8098939991668483,0.8103637550861349,0.8112698726973097,0.8142833870302411,0.8166017644554299,0.8316709762287698,0.8503980928775027,0.871572962179045,0.8720500890214169,0.872970421984256,0.8779677488630191,0.8788638287925714,0.8805711979418338,0.8852017959599725,0.9001720091225399,0.9192208816746834,0.9405844505472591,0.9410696918707465,0.9420056741900228,0.9433059987175048,0.9457517077132637,0.9608130421932115,0.9801422723482279,1.0019945533236572,1.0024869029002734,1.0034365939934415,1.0053454057696254,1.008989458367819,1.0099405893108877,1.0112971955309906,1.0156253356700606,1.031078021324322,1.050727089314771,1.0729392059046008,1.0734396416747998,1.0744049275698757,1.0796640645217799,1.080621755132856,1.0822332894371602,1.0869100443396116,1.1026066937812753,1.1225760791241512,1.1451485708120621,1.1456571048990714,1.146638008976568,1.1519094266148806,1.1528280007985034,1.154010594883539,1.1559397869347994,1.1570412458513342,1.1597277278620237,1.1641387806658485,1.1801048006013508,1.2004155221249195,1.223372036278873,1.2238892000842199,1.2248867471899407,1.2280193035832108,1.244891154971175,1.2654828734536092,1.288437247063904,1.2889614807321557,1.2899726625734778,1.29131186599792,1.2952004542679676,1.297497585437088,1.3137301453811614,1.3346162872983112,1.3388892541452266,1.3390689507305626,1.340024289272895,1.3535037198463802,1.3633497591730561,1.3758727609976056,1.3820219636751663,1.3925454090380667,1.3966480286903673,1.4012423080768992,1.4136100298867034,1.4334511926918987,1.4576659265429313,1.4783478056129469,1.4986140321989336,1.5279774279149447,1.5610561343127272,1.5831359136652656,1.6070077558098956,1.6181895848979304,1.6237890160372115,1.626685778743115,1.6300339277271105,1.6357754626002246,1.6365261022109778,1.6416131059839492,1.6445191916692534,1.6474769389514496,1.6504462904637334,1.6554757202926882,1.6617764162981004,1.665105481353613,1.6685271226763223,1.6723537779799944,1.6737441028681894,1.687605642322808,1.8164530110335366,1.8441149330885453,1.84842278301983,1.8516323326317867,1.8547188630247096,1.8578381860207838,1.8608966978189745,1.863956768967463,1.871488678491105,1.8753572613410001,1.8795936503862125,1.8833525418924693,1.8873437001736506,1.9013125342348394,1.9047704606337899,1.9077898927711041,1.9111150949004894,1.9140221973404243,1.9169306840113407,1.9200507074756665,1.923897773714276,1.92808393827936,1.9317991840784057,1.9350847855998685,1.9385513125546587,1.9416190778131102,1.9458806385779777,1.9497966951077061,1.953789193330395,1.957678546220779,1.960332740014168,1.9619194541724505,1.9706324490886062,1.9834541362130158,1.992250455929583,2.000388482944454,2.0271104202918266
-1.0,-1.0,-1.0,-1.0,-1.0,-1.0,-1.0,-1.0,-1.0,-1.0,-1.0,-1.0,-1.0,-1.0,-1.0,-1.0,-1.0,-1.0,-1.0,-1.0,-1.0,-1.0,-1.0,-1.0,-1.0,-1.0,-1.0,1.0,-1.0,-1.0,-1.0,-1.0,-1.0,-1.0,-1.0,-1.0,-1.0,-1.0,-1.0,-1.0,-1.0,-1.0,-1.0,-1.0,-1.0,-1.0,-1.0,-1.0,-1.0,-1.0,-1.0,-1.0,-1.0,-1.0,-1.0,-1.0,-1.0,-1.0,-1.0,-1.0,-1.0,-1.0,-1.0,-1.0,-1.0,-1.0,-1.0,-1.0,-1.0,-1.0,-1.0,-1.0,-1.0,-1.0,-1.0,-1.0,-1.0,-1.0,-1.0,-1.0,-1.0,-1.0,-1.0,1.0,-1.0,-1.0,-1.0,-1.0,-1.0,-1.0,-1.0,-1.0,-1.0,-1.0,-1.0,-1.0,-1.0,-1.0,-1.0,-1.0,-1.0,-1.0,-1.0,-1.0,-1.0,-1.0,-1.0,-1.0,-1.0,-1.0,-1.0,-1.0,-1.0,-1.0,-1.0,-1.0,-1.0,-1.0,-1.0,-1.0,-1.0,-1.0,-1.0,-1.0,-1.0,-1.0,-1.0,-1.0,-1.0,-1.0,-1.0,-1.0,-1.0,-1.0,-1.0,-1.0,-1.0,-1.0,-1.0,-1.0,-1.0,-1.0,-1.0,-1.0,-1.0,-1.0,-1.0,-1.0,-1.0,-1.0,-1.0,-1.0,-1.0,-1.0,-1.0,-1.0,-1.0,-1.0,-1.0,-1.0,-1.0,-1.0,-1.0,-1.0,-1.0,-1.0,-1.0,-1.0,-1.0,-1.0,-1.0,-1.0,-1.0,1.0,1.0,-1.0,-1.0,-1.0,-1.0,-1.0,-1.0,1.0,1.0,-1.0,-1.0,-1.0,-1.0,-1.0,-1.0,1.0,-1.0,-1.0,-1.0,-1.0,-1.0,1.0,1.0,-1.0,-1.0,-1.0,-1.0,-1.0,-1.0,1.0,-1.0,-1.0,-1.0,-1.0,-1.0,1.0,-1.0,-1.0,1.0,-1.0,-1.0,-1.0,-1.0,-1.0,-1.0,-1.0,1.0,1.0,-1.0,-1.0,-1.0,-1.0,-1.0,1.0,-1.0,-1.0,-1.0,-1.0,1.0,-1.0,-1.0,-1.0,-1.0,-1.0,-1.0,-1.0,-1.0,-1.0,1.0,1.0,-1.0,-1.0,-1.0,-1.0,-1.0,-1.0,-1.0,-1.0,1.0,-1.0,-1.0,-1.0,-1.0,-1.0,1.0,-1.0,-1.0,-1.0,-1.0,-1.0,-1.0,-1.0,-1.0,-1.0,1.0,-1.0,-1.0,1.0,-1.0,-1.0,1.0,-1.0,-1.0,-1.0,-1.0,-1.0,-1.0,1.0,1.0,1.0,1.0,-1.0,-1.0,-1.0,-1.0,-1.0,-1.0,-1.0,1.0,-1.0,-1.0,-1.0,-1.0,-1.0,-1.0,1.0,-1.0,-1.0,-1.0,-1.0,-1.0,-1.0,-1.0,-1.0,1.0,1.0,-1.0,-1.0,-1.0,-1.0,-1.0,-1.0,-1.0,-1.0,-1.0,1.0,-1.0,-1.0,-1.0,-1.0,-1.0,-1.0,-1.0,-1.0,-1.0,-1.0,-1.0,-1.0,-1.0,-1.0,-1.0,-1.0,-1.0,1.0,1.0,-1.0,-1.0,-1.0,-1.0,-1.0,-1.0,-1.0,1.0,-1.0,-1.0,-1.0,-1.0,-1.0,-1.0,-1.0,-1.0,-1.0,-1.0,-1.0,1.0,-1.0,-1.0,1.0,-1.0,-1.0,-1.0,-1.0,-1.0,-1.0,-1.0,-1.0,-1.0,-1.0,-1.0,1.0,-1.0,-1.0,-1.0,-1.0,-1.0,1.0,-1.0,-1.0,-1.0,-1.0,-1.0,-1.0,-1.0,-1.0,1.0,-1.0,-1.0,-1.0,-1.0,-1.0,-1.0,1.0,-1.0,-1.0,-1.0,-1.0,-1.0,1.0,-1.0,-1.0,1.0,-1.0,1.0,-1.0,-1.0,-1.0,-1.0,-1.0,-1.0,-1.0,-1.0,-1.0,-1.0,1.0,-1.0,-1.0,-1.0,-1.0,-1.0,-1.0,1.0,1.0,-1.0,-1.0,-1.0,-1.0,-1.0,1.0,-1.0,-1.0,-1.0,-1.0,-1.0,-1.0,-1.0,-1.0,-1.0,-1.0,-1.0,-1.0,-1.0,-1.0,1.0,-1.0,-1.0,-1.0,-1.0,-1.0,1.0,-1.0,-1.0,-1.0,-1.0,-1.0,-1.0,1.0,1.0,-1.0,-1.0,-1.0,-1.0,-1.0,1.0,-1.0,-1.0,-1.0,-1.0,-1.0,-1.0,-1.0,-1.0,-1.0,-1.0,-1.0,1.0,1.0,-1.0,-1.0,-1.0,-1.0,-1.0,1.0,-1.0,-1.0,-1.0,-1.0,1.0,-1.0,-1.0,-1.0,-1.0,-1.0,-1.0,-1.0,-1.0,-1.0,-1.0,1.0,-1.0,-1.0,-1.0,-1.0,-1.0,-1.0,-1.0,-1.0,-1.0,1.0,1.0,-1.0,-1.0,-1.0,-1.0,-1.0,1.0,-1.0,-1.0,-1.0,-1.0,-1.0,1.0,-1.0,-1.0,-1.0,-1.0,1.0,-1.0,-1.0,-1.0,-1.0,-1.0,-1.0,-1.0,1.0,-1.0,-1.0,1.0,-1.0,-1.0,-1.0,-1.0,-1.0,1.0,-1.0,-1.0,-1.0,-1.0,1.0,-1.0,-1.0,-1.0,-1.0,-1.0,-1.0,-1.0,-1.0,-1.0,1.0,1.0,-1.0,-1.0,-1.0,-1.0,-1.0,-1.0,-1.0,1.0,-1.0,-1.0,-1.0,-1.0,-1.0,-1.0,1.0,-1.0,-1.0,-1.0,-1.0,-1.0,1.0,1.0,-1.0,-1.0,-1.0,-1.0,-1.0,-1.0,-1.0,-1.0,-1.0,-1.0,-1.0,-1.0,-1.0,-1.0,-1.0,1.0,-1.0,-1.0,-1.0,-1.0,-1.0,1.0,-1.0,-1.0,1.0,-1.0,-1.0,-1.0,-1.0,-1.0,-1.0,-1.0,-1.0,1.0,-1.0,-1.0,-1.0,-1.0,-1.0,-1.0,-1.0,-1.0,1.0,-1.0,1.0,-1.0,-1.0,-1.0,-1.0,-1.0,-1.0,-1.0,1.0,-1.0,-1.0,-1.0,-1.0,-1.0,-1.0,1.0,1.0,-1.0,-1.0,-1.0,-1.0,-1.0,-1.0,-1.0,-1.0,-1.0,-1.0,-1.0,-1.0,-1.0,-1.0,-1.0,-1.0,-1.0,-1.0,-1.0,-1.0,-1.0,-1.0,-1.0,-1.0,-1.0,-1.0,-1.0,-1.0,-1.0,-1.0,-1.0,-1.0,-1.0,-1.0,-1.0,-1.0,1.0,-1.0,-1.0,-1.0,-1.0,-1.0,-1.0,-1.0,-1.0,-1.0,-1.0,-1.0,-1.0,-1.0,-1.0,-1.0,-1.0,-1.0,-1.0,-1.0,-1.0,-1.0,-1.0,-1.0,-1.0,-1.0,-1.0,-1.0,-1.0,-1.0,-1.0,-1.0,-1.0,-1.0,-1.0,-1.0,-1.0,1.0,-1.0
-1.0,-1.0,-1.0,-1.0,-1.0,-1.0,-1.0,-1.0,-1.0,-1.0,-1.0,-1.0,-1.0,-1.0,-1.0,-1.0,-1.0,-1.0,-1.0,-1.0,-1.0,-1.0,-1.0,-1.0,-1.0,-1.0,-1.0,-1.0,-1.0,-1.0,-1.0,-1.0,-1.0,-1.0,-1.0,-1.0,-1.0,-1.0,-1.0,-1.0,-1.0,-1.0,-1.0,-1.0,-1.0,-1.0,-1.0,-1.0,-1.0,-1.0,-1.0,-1.0,-1.0,-1.0,-1.0,-1.0,-1.0,-1.0,-1.0,-1.0,-1.0,-1.0,-1.0,-1.0,-1.0,-1.0,-1.0,-1.0,-1.0,-1.0,-1.0,-1.0,-1.0,-1.0,-1.0,-1.0,-1.0,-1.0,-1.0,-1.0,-1.0,-1.0,-1.0,1.0,-1.0,-1.0,-1.0,-1.0,-1.0,-1.0,-1.0,-1.0,-1.0,-1.0,-1.0,-1.0,-1.0,-1.0,-1.0,-1.0,-1.0,-1.0,-1.0,-1.0,-1.0,-1.0,-1.0,-1.0,-1.0,-1.0,-1.0,-1.0,-1.0,-1.0,-1.0,-1.0,-1.0,-1.0,-1.0,-1.0,-1.0,-1.0,-1.0,-1.0,-1.0,-1.0,-1.0,-1.0,-1.0,-1.0,-1.0,-1.0,-1.0,-1.0,-1.0,-1.0,-1.0,-1.0,-1.0,-1.0,-1.0,-1.0,-1.0,-1.0,-1.0,-1.0,-1.0,-1.0,-1.0,-1.0,-1.0,-1.0,-1.0,-1.0,-1.0,-1.0,-1.0,-1.0,-1.0,-1.0,-1.0,-1.0,-1.0,-1.0,-1.0,-1.0,-1.0,-1.0,-1.0,-1.0,-1.0,-1.0,-1.0,-1.0,-1.0,-1.0,-1.0,-1.0,-1.0,-1.0,-1.0,-1.0,-1.0,-1.0,-1.0,-1.0,-1.0,-1.0,-1.0,-1.0,-1.0,-1.0,-1.0,-1.0,-1.0,-1.0,-1.0,-1.0,-1.0,-1.0,-1.0,-1.0,-1.0,-1.0,-1.0,-1.0,-1.0,-1.0,-1.0,-1.0,-1.0,-1.0,-1.0,-1.0,-1.0,-1.0,-1.0,-1.0,-1.0,-1.0,-1.0,-1.0,-1.0,-1.0,-1.0,-1.0,-1.0,-1.0,-1.0,-1.0,-1.0,-1.0,-1.0,-1.0,-1.0,-1.0,-1.0,-1.0,-1.0,-1.0,-1.0,-1.0,-1.0,-1.0,-1.0,-1.0,-1.0,-1.0,-1.0,-1.0,-1.0,-1.0,-1.0,-1.0,-1.0,-1.0,-1.0,-1.0,-1.0,-1.0,-1.0,-1.0,-1.0,-1.0,-1.0,-1.0,-1.0,-1.0,-1.0,-1.0,-1.0,-1.0,-1.0,-1.0,-1.0,-1.0,-1.0,-1.0,-1.0,-1.0,-1.0,-1.0,1.0,-1.0,-1.0,-1.0,-1.0,-1.0,-1.0,-1.0,-1.0,-1.0,-1.0,-1.0,-1.0,-1.0,-1.0,-1.0,-1.0,1.0,-1.0,-1.0,-1.0,-1.0,-1.0,-1.0,-1.0,-1.0,-1.0,-1.0,-1.0,-1.0,-1.0,-1.0,-1.0,-1.0,-1.0,-1.0,-1.0,-1.0,-1.0,-1.0,-1.0,-1.0,-1.0,-1.0,-1.0,-1.0,-1.0,-1.0,-1.0,-1.0,-1.0,-1.0,-1.0,-1.0,-1.0,-1.0,-1.0,-1.0,-1.0,-1.0,-1.0,-1.0,-1.0,-1.0,-1.0,-1.0,-1.0,-1.0,-1.0,-1.0,-1.0,-1.0,-1.0,-1.0,-1.0,-1.0,-1.0,-1.0,-1.0,-1.0,-1.0,-1.0,-1.0,-1.0,-1.0,-1.0,-1.0,-1.0,-1.0,-1.0,-1.0,-1.0,-1.0,-1.0,-1.0,-1.0,-1.0,1.0,-1.0,-1.0,-1.0,-1.0,-1.0,-1.0,-1.0,-1.0,-1.0,-1.0,-1.0,-1.0,-1.0,-1.0,-1.0,-1.0,-1.0,-1.0,-1.0,-1.0,-1.0,-1.0,-1.0,-1.0,-1.0,-1.0,-1.0,-1.0,-1.0,-1.0,-1.0,-1.0,-1.0,-1.0,-1.0,-1.0,-1.0,-1.0,-1.0,-1.0,-1.0,-1.0,-1.0,-1.0,-1.0,-1.0,-1.0,-1.0,-1.0,-1.0,-1.0,-1.0,-1.0,-1.0,-1.0,-1.0,-1.0,-1.0,-1.0,-1.0,-1.0,-1.0,-1.0,-1.0,-1.0,-1.0,-1.0,-1.0,-1.0,-1.0,-1.0,-1.0,1.0,-1.0,-1.0,-1.0,-1.0,-1.0,-1.0,-1.0,-1.0,-1.0,-1.0,-1.0,-1.0,-1.0,-1.0,-1.0,-1.0,-1.0,-1.0,-1.0,-1.0,-1.0,-1.0,-1.0,-1.0,-1.0,-1.0,-1.0,-1.0,-1.0,-1.0,-1.0,-1.0,-1.0,-1.0,-1.0,-1.0,-1.0,-1.0,-1.0,-1.0,-1.0,-1.0,-1.0,-1.0,-1.0,-1.0,-1.0,-1.0,-1.0,-1.0,-1.0,-1.0,-1.0,-1.0,-1.0,-1.0,-1.0,-1.0,-1.0,-1.0,-1.0,-1.0,-1.0,-1.0,-1.0,-1.0,-1.0,-1.0,-1.0,-1.0,-1.0,-1.0,-1.0,-1.0,-1.0,-1.0,-1.0,-1.0,-1.0,-1.0,-1.0,-1.0,-1.0,-1.0,-1.0,-1.0,-1.0,-1.0,-1.0,-1.0,-1.0,-1.0,-1.0,-1.0,-1.0,-1.0,-1.0,-1.0,-1.0,-1.0,-1.0,-1.0,-1.0,-1.0,-1.0,-1.0,-1.0,-1.0,-1.0,-1.0,-1.0,-1.0,-1.0,-1.0,-1.0,-1.0,-1.0,-1.0,-1.0,-1.0,-1.0,-1.0,-1.0,-1.0,-1.0,-1.0,-1.0,-1.0,-1.0,-1.0,-1.0,-1.0,-1.0,-1.0,-1.0,-1.0,-1.0,-1.0,-1.0,-1.0,-1.0,-1.0,-1.0,-1.0,-1.0,-1.0,-1.0,-1.0,-1.0,-1.0,-1.0,-1.0,-1.0,-1.0,-1.0,-1.0,-1.0,-1.0,-1.0,-1.0,-1.0,-1.0,-1.0,-1.0,-1.0,-1.0,-1.0,-1.0,-1.0,-1.0,-1.0,-1.0,-1.0,-1.0,-1.0,-1.0,-1.0,-1.0,-1.0,-1.0,-1.0,-1.0,-1.0,-1.0,-1.0,-1.0,-1.0,-1.0,-1.0,-1.0,-1.0,-1.0,1.0,-1.0,-1.0,-1.0,-1.0,-1.0,-1.0,-1.0,-1.0,-1.0,-1.0,-1.0,-1.0,-1.0,-1.0,-1.0,-1.0,-1.0,-1.0,-1.0,-1.0,-1.0,-1.0,-1.0,-1.0,-1.0,-1.0,-1.0,-1.0,-1.0,-1.0,-1.0,-1.0,-1.0,-1.0,-1.0,-1.0,1.0,-1.0,-1.0,-1.0,-1.0,-1.0,-1.0,-1.0,-1.0,-1.0,-1.0,-1.0,-1.0,-1.0,-1.0,-1.0,-1.0,-1.0,-1.0,-1.0,-1.0,-1.0,-1.0,-1.0,-1.0,-1.0,-1.0,-1.0,-1.0,-1.0,-1.0,-1.0,-1.0,-1.0,-1.0,-1.0,-1.0,-1.0,-1.0
-1.0,-1.0,-1.0,-1.0,-1.0,-1.0,-1.0,-1.0,-1.0,-1.0,-1.0,-1.0,-1.0,-1.0,-1.0,-1.0,-1.0,-1.0,-1.0,-1.0,-1.0,-1.0,-1.0,-1.0,-1.0,-1.0,-1.0,-1.0,-1.0,-1.0,-1.0,-1.0,-1.0,-1.0,-1.0,-1.0,-1.0,-1.0,-1.0,-1.0,-1.0,-1.0,-1.0,-1.0,-1.0,-1.0,-1.0,-1.0,-1.0,-1.0,-1.0,-1.0,-1.0,-1.0,-1.0,-1.0,-1.0,-1.0,-1.0,-1.0,-1.0,-1.0,-1.0,-1.0,-1.0,-1.0,-1.0,-1.0,-1.0,-1.0,-1.0,-1.0,-1.0,-1.0,-1.0,-1.0,-1.0,-1.0,-1.0,-1.0,-1.0,-1.0,-1.0,-1.0,-1.0,-1.0,-1.0,-1.0,-1.0,-1.0,-1.0,-1.0,-1.0,-1.0,-1.0,-1.0,-1.0,-1.0,-1.0,-1.0,-1.0,-1.0,-1.0,-1.0,-1.0,-1.0,-1.0,-1.0,-1.0,-1.0,-1.0,-1.0,-1.0,-1.0,-1.0,-1.0,-1.0,-1.0,-1.0,-1.0,-1.0,-1.0,-1.0,-1.0,-1.0,-1.0,-1.0,-1.0,-1.0,-1.0,-1.0,-1.0,-1.0,-1.0,-1.0,-1.0,-1.0,-1.0,-1.0,-1.0,-1.0,-1.0,-1.0,-1.0,-1.0,-1.0,-1.0,-1.0,-1.0,-1.0,-1.0,-1.0,-1.0,-1.0,-1.0,-1.0,-1.0,-1.0,-1.0,-1.0,-1.0,-1.0,-1.0,-1.0,-1.0,-1.0,-1.0,-1.0,-1.0,-1.0,-1.0,-1.0,-1.0,-1.0,-1.0,-1.0,-1.0,-1.0,-1.0,-1.0,-1.0,-1.0,-1.0,-1.0,-1.0,-1.0,-1.0,-1.0,-1.0,-1.0,-1.0,-1.0,-1.0,-1.0,-1.0,-1.0,-1.0,-1.0,-1.0,-1.0,-1.0,-1.0,-1.0,-1.0,-1.0,-1.0,-1.0,-1.0,-1.0,-1.0,-1.0,-1.0,-1.0,-1.0,-1.0,-1.0,-1.0,-1.0,-1.0,-1.0,-1.0,-1.0,-1.0,-1.0,-1.0,-1.0,-1.0,-1.0,-1.0,-1.0,-1.0,-1.0,-1.0,-1.0,-1.0,-1.0,-1.0,-1.0,-1.0,-1.0,-1.0,-1.0,-1.0,-1.0,-1.0,-1.0,-1.0,-1.0,-1.0,-1.0,-1.0,-1.0,-1.0,-1.0,-1.0,-1.0,-1.0,-1.0,-1.0,-1.0,-1.0,-1.0,-1.0,-1.0,-1.0,-1.0,-1.0,-1.0,-1.0,-1.0,-1.0,-1.0,-1.0,-1.0,-1.0,-1.0,-1.0,-1.0,-1.0,-1.0,-1.0,-1.0,-1.0,-1.0,-1.0,-1.0,-1.0,-1.0,-1.0,-1.0,-1.0,-1.0,-1.0,-1.0,-1.0,-1.0,-1.0,-1.0,-1.0,-1.0,-1.0,-1.0,-1.0,-1.0,-1.0,-1.0,-1.0,-1.0,-1.0,-1.0,-1.0,-1.0,-1.0,-1.0,-1.0,-1.0,-1.0,-1.0,-1.0,-1.0,-1.0,-1.0,-1.0,-1.0,-1.0,-1.0,-1.0,-1.0,-1.0,-1.0,-1.0,-1.0,-1.0,-1.0,-1.0,-1.0,-1.0,-1.0,-1.0,-1.0,-1.0,-1.0,-1.0,-1.0,-1.0,-1.0,-1.0,-1.0,-1.0,-1.0,-1.0,-1.0,-1.0,-1.0,-1.0,-1.0,-1.0,-1.0,-1.0,-1.0,-1.0,-1.0,-1.0,-1.0,-1.0,-1.0,-1.0,-1.0,-1.0,-1.0,-1.0,-1.0,-1.0,-1.0,-1.0,-1.0,-1.0,-1.0,-1.0,-1.0,-1.0,-1.0,-1.0,-1.0,-1.0,-1.0,-1.0,-1.0,-1.0,-1.0,-1.0,-1.0,-1.0,-1.0,-1.0,-1.0,-1.0,-1.0,-1.0,-1.0,-1.0,-1.0,-1.0,-1.0,-1.0,-1.0,-1.0,-1.0,-1.0,-1.0,-1.0,-1.0,-1.0,-1.0,-1.0,-1.0,-1.0,-1.0,-1.0,-1.0,-1.0,-1.0,-1.0,-1.0,-1.0,-1.0,-1.0,-1.0,-1.0,-1.0,-1.0,-1.0,-1.0,-1.0,-1.0,-1.0,-1.0,-1.0,-1.0,-1.0,-1.0,-1.0,-1.0,-1.0,-1.0,-1.0,-1.0,-1.0,-1.0,-1.0,-1.0,-1.0,-1.0,-1.0,-1.0,-1.0,-1.0,-1.0,-1.0,-1.0,-1.0,-1.0,-1.0,-1.0,-1.0,-1.0,-1.0,-1.0,-1.0,-1.0,-1.0,-1.0,-1.0,-1.0,-1.0,-1.0,-1.0,-1.0,-1.0,-1.0,-1.0,-1.0,-1.0,-1.0,-1.0,-1.0,-1.0,-1.0,-1.0,-1.0,-1.0,-1.0,-1.0,-1.0,-1.0,-1.0,-1.0,-1.0,-1.0,-1.0,-1.0,-1.0,-1.0,-1.0,-1.0,-1.0,-1.0,-1.0,-1.0,-1.0,-1.0,-1.0,-1.0,-1.0,-1.0,-1.0,-1.0,-1.0,-1.0,-1.0,-1.0,-1.0,-1.0,-1.0,-1.0,-1.0,-1.0,-1.0,-1.0,-1.0,-1.0,-1.0,-1.0,-1.0,-1.0,-1.0,-1.0,-1.0,-1.0,-1.0,-1.0,-1.0,-1.0,-1.0,-1.0,-1.0,-1.0,-1.0,-1.0,-1.0,-1.0,-1.0,-1.0,-1.0,-1.0,-1.0,-1.0,-1.0,-1.0,-1.0,-1.0,-1.0,-1.0,-1.0,-1.0,-1.0,-1.0,-1.0,-1.0,-1.0,-1.0,-1.0,-1.0,-1.0,-1.0,-1.0,-1.0,-1.0,-1.0,-1.0,-1.0,-1.0,-1.0,-1.0,-1.0,-1.0,-1.0,-1.0,-1.0,-1.0,-1.0,-1.0,-1.0,-1.0,-1.0,-1.0,-1.0,-1.0,-1.0,-1.0,-1.0,-1.0,-1.0,-1.0,-1.0,-1.0,-1.0,-1.0,-1.0,-1.0,-1.0,-1.0,-1.0,-1.0,-1.0,-1.0,-1.0,-1.0,-1.0,-1.0,-1.0,-1.0,-1.0,-1.0,-1.0,-1.0,-1.0,-1.0,-1.0,-1.0,-1.0,-1.0,-1.0,-1.0,-1.0,-1.0,-1.0,-1.0,-1.0,-1.0,-1.0,-1.0,-1.0,-1.0,-1.0,-1.0,-1.0,-1.0,-1.0,-1.0,-1.0,-1.0,-1.0,-1.0,-1.0,-1.0,-1.0,-1.0,-1.0,-1.0,-1.0,-1.0,-1.0,-1.0,-1.0,-1.0,-1.0,-1.0,-1.0,-1.0,-1.0,-1.0,-1.0,-1.0,-1.0,-1.0,-1.0,-1.0,-1.0,-1.0,-1.0,-1.0,-1.0,-1.0,-1.0,-1.0,-1.0,-1.0,-1.0,-1.0,-1.0,-1.0,-1.0,-1.0,-1.0,-1.0,-1.0,-1.0,-1.0,-1.0,-1.0,-1.0,-1.0,-1.0,-1.0,-1.0,-1.0,-1.0,-1.0,-1.0,-1.0,-1.0,-1.0,-1.0,-1.0,-1.0,-1.0,-1.0,-1.0,1.0,-1.0
-1.0,-1.0,-1.0,-1.0,-1.0,-1.0,-1.0,-1.0,-1.0,-1.0,-1.0,-1.0,-1.0,-1.0,-1.0,-1.0,-1.0,-1.0,-1.0,-1.0,-1.0,-1.0,-1.0,-1.0,-1.0,-1.0,-1.0,-1.0,-1.0,-1.0,-1.0,-1.0,-1.0,-1.0,-1.0,-1.0,-1.0,-1.0,-1.0,-1.0,-1.0,-1.0,-1.0,-1.0,-1.0,-1.0,-1.0,-1.0,-1.0,-1.0,-1.0,-1.0,-1.0,-1.0,-1.0,-1.0,-1.0,-1.0,-1.0,-1.0,-1.0,-1.0,-1.0,-1.0,-1.0,-1.0,-1.0,-1.0,-1.0,-1.0,-1.0,-1.0,-1.0,-1.0,-1.0,-1.0,-1.0,-1.0,-1.0,-1.0,-1.0,-1.0,-1.0,-1.0,-1.0,-1.0,-1.0,-1.0,-1.0,-1.0,-1.0,-1.0,-1.0,-1.0,-1.0,-1.0,-1.0,-1.0,-1.0,-1.0,-1.0,-1.0,-1.0,-1.0,-1.0,-1.0,-1.0,-1.0,-1.0,-1.0,-1.0,-1.0,-1.0,-1.0,-1.0,-1.0,-1.0,-1.0,-1.0,-1.0,-1.0,-1.0,-1.0,-1.0,-1.0,-1.0,-1.0,-1.0,-1.0,-1.0,-1.0,-1.0,-1.0,-1.0,-1.0,-1.0,-1.0,-1.0,-1.0,-1.0,-1.0,-1.0,-1.0,-1.0,-1.0,-1.0,-1.0,-1.0,-1.0,-1.0,-1.0,-1.0,-1.0,-1.0,-1.0,-1.0,-1.0,-1.0,-1.0,-1.0,-1.0,-1.0,-1.0,-1.0,-1.0,-1.0,-1.0,-1.0,-1.0,-1.0,-1.0,-1.0,-1.0,-1.0,-1.0,-1.0,-1.0,-1.0,-1.0,-1.0,-1.0,-1.0,-1.0,-1.0,-1.0,-1.0,-1.0,-1.0,-1.0,-1.0,-1.0,-1.0,-1.0,-1.0,-1.0,-1.0,-1.0,-1.0,-1.0,-1.0,-1.0,-1.0,-1.0,-1.0,-1.0,-1.0,-1.0,-1.0,-1.0,-1.0,-1.0,-1.0,-1.0,-1.0,-1.0,-1.0,-1.0,-1.0,-1.0,-1.0,-1.0,-1.0,-1.0,-1.0,-1.0,-1.0,-1.0,-1.0,-1.0,-1.0,-1.0,-1.0,-1.0,-1.0,-1.0,-1.0,-1.0,-1.0,-1.0,-1.0,-1.0,-1.0,-1.0,-1.0,-1.0,-1.0,-1.0,-1.0,-1.0,-1.0,-1.0,-1.0,-1.0,-1.0,-1.0,-1.0,-1.0,-1.0,-1.0,-1.0,-1.0,-1.0,-1.0,-1.0,-1.0,-1.0,-1.0,-1.0,-1.0,-1.0,-1.0,-1.0,-1.0,-1.0,-1.0,-1.0,-1.0,-1.0,-1.0,-1.0,-1.0,-1.0,-1.0,-1.0,-1.0,-1.0,-1.0,-1.0,-1.0,-1.0,-1.0,-1.0,-1.0,-1.0,-1.0,-1.0,-1.0,-1.0,-1.0,-1.0,-1.0,-1.0,-1.0,-1.0,-1.0,-1.0,-1.0,-1.0,-1.0,-1.0,-1.0,-1.0,-1.0,-1.0,-1.0,-1.0,-1.0,-1.0,-1.0,-1.0,-1.0,-1.0,-1.0,-1.0,-1.0,-1.0,-1.0,-1.0,-1.0,-1.0,-1.0,-1.0,-1.0,-1.0,-1.0,-1.0,-1.0,-1.0,-1.0,-1.0,-1.0,-1.0,-1.0,-1.0,-1.0,-1.0,-1.0,-1.0,-1.0,-1.0,-1.0,-1.0,-1.0,-1.0,-1.0,-1.0,-1.0,-1.0,-1.0,-1.0,-1.0,-1.0,-1.0,-1.0,-1.0,-1.0,-1.0,-1.0,-1.0,-1.0,-1.0,-1.0,-1.0,-1.0,-1.0,-1.0,-1.0,-1.0,-1.0,-1.0,-1.0,-1.0,-1.0,-1.0,-1.0,-1.0,-1.0,-1.0,-1.0,-1.0,-1.0,-1.0,-1.0,-1.0,-1.0,-1.0,-1.0,-1.0,-1.0,-1.0,-1.0,-1.0,-1.0,-1.0,-1.0,-1.0,-1.0,-1.0,-1.0,-1.0,-1.0,-1.0,-1.0,-1.0,-1.0,-1.0,-1.0,-1.0,-1.0,-1.0,-1.0,-1.0,-1.0,-1.0,-1.0,-1.0,-1.0,-1.0,-1.0,-1.0,-1.0,-1.0,-1.0,-1.0,-1.0,-1.0,-1.0,-1.0,-1.0,-1.0,-1.0,-1.0,-1.0,-1.0,-1.0,-1.0,-1.0,-1.0,-1.0,-1.0,-1.0,-1.0,-1.0,-1.0,-1.0,-1.0,-1.0,-1.0,-1.0,-1.0,-1.0,-1.0,-1.0,-1.0,-1.0,-1.0,-1.0,-1.0,-1.0,-1.0,-1.0,-1.0,-1.0,-1.0,-1.0,-1.0,-1.0,-1.0,-1.0,-1.0,-1.0,-1.0,-1.0,-1.0,-1.0,-1.0,-1.0,-1.0,-1.0,-1.0,-1.0,-1.0,-1.0,-1.0,-1.0,-1.0,-1.0,-1.0,-1.0,-1.0,-1.0,-1.0,-1.0,-1.0,-1.0,-1.0,-1.0,-1.0,-1.0,-1.0,-1.0,-1.0,-1.0,-1.0,-1.0,-1.0,-1.0,-1.0,-1.0,-1.0,-1.0,-1.0,-1.0,-1.0,-1.0,-1.0,-1.0,-1.0,-1.0,-1.0,-1.0,-1.0,-1.0,-1.0,-1.0,-1.0,-1.0,-1.0,-1.0,-1.0,-1.0,-1.0,-1.0,-1.0,-1.0,-1.0,-1.0,-1.0,-1.0,-1.0,-1.0,-1.0,-1.0,-1.0,-1.0,-1.0,-1.0,-1.0,-1.0,-1.0,-1.0,-1.0,-1.0,-1.0,-1.0,-1.0,-1.0,-1.0,-1.0,-1.0,-1.0,-1.0,-1.0,-1.0,-1.0,-1.0,-1.0,-1.0,-1.0,-1.0,-1.0,-1.0,-1.0,-1.0,-1.0,-1.0,-1.0,-1.0,-1.0,-1.0,-1.0,-1.0,-1.0,-1.0,-1.0,-1.0,-1.0,-1.0,-1.0,-1.0,-1.0,-1.0,-1.0,-1.0,-1.0,-1.0,-1.0,-1.0,-1.0,-1.0,-1.0,-1.0,-1.0,-1.0,-1.0,-1.0,-1.0,-1.0,-1.0,-1.0,-1.0,-1.0,-1.0,-1.0,-1.0,-1.0,-1.0,-1.0,-1.0,-1.0,-1.0,-1.0,-1.0,-1.0,-1.0,-1.0,-1.0,-1.0,-1.0,-1.0,-1.0,-1.0,-1.0,-1.0,-1.0,-1.0,-1.0,-1.0,-1.0,-1.0,-1.0,-1.0,-1.0,-1.0,-1.0,-1.0,-1.0,-1.0,-1.0,-1.0,-1.0,-1.0,-1.0,-1.0,-1.0,-1.0,-1.0,-1.0,-1.0,-1.0,-1.0,-1.0,-1.0,-1.0,-1.0,-1.0,-1.0,-1.0,-1.0,-1.0,-1.0,-1.0,-1.0,-1.0,-1.0,-1.0,-1.0,-1.0,-1.0,-1.0,-1.0,-1.0,-1.0,-1.0,-1.0,-1.0,-1.0,-1.0,-1.0,-1.0,-1.0,-1.0,-1.0,-1.0,-1.0,-1.0,-1.0,-1.0,-1.0,-1.0,-1.0,-1.0,-1.0,-1.0,-1.0,-1.0,-1.0,-1.0,-1.0,-1.0,-1.0
-1.0,-1.0,-1.0,-1.0,-1.0,-1.0,-1.0,-1.0,-1.0,-1.0,-1.0,-1.0,-1.0,-1.0,-1.0,-1.0,-1.0,-1.0,-1.0,-1.0,-1.0,-1.0,-1.0,-1.0,-1.0,-1.0,-1.0,-1.0,-1.0,-1.0,-1.0,-1.0,-1.0,-1.0,-1.0,-1.0,-1.0,-1.0,-1.0,-1.0,-1.0,-1.0,-1.0,-1.0,-1.0,-1.0,-1.0,-1.0,-1.0,-1.0,-1.0,-1.0,-1.0,-1.0,-1.0,-1.0,-1.0,-1.0,-1.0,-1.0,-1.0,-1.0,-1.0,-1.0,-1.0,-1.0,-1.0,-1.0,-1.0,-1.0,-1.0,-1.0,-1.0,-1.0,-1.0,-1.0,-1.0,-1.0,-1.0,-1.0,-1.0,-1.0,-1.0,-1.0,-1.0,-1.0,-1.0,-1.0,-1.0,-1.0,-1.0,-1.0,-1.0,-1.0,-1.0,-1.0,-1.0,-1.0,-1.0,-1.0,-1.0,-1.0,-1.0,-1.0,-1.0,-1.0,-1.0,-1.0,-1.0,-1.0,-1.0,-1.0,-1.0,-1.0,-1.0,-1.0,-1.0,-1.0,-1.0,-1.0,-1.0,-1.0,-1.0,-1.0,-1.0,-1.0,-1.0,-1.0,-1.0,-1.0,-1.0,-1.0,-1.0,-1.0,-1.0,-1.0,-1.0,-1.0,-1.0,-1.0,-1.0,-1.0,-1.0,-1.0,-1.0,-1.0,-1.0,-1.0,-1.0,-1.0,-1.0,-1.0,-1.0,-1.0,-1.0,-1.0,-1.0,-1.0,-1.0,-1.0,-1.0,-1.0,-1.0,-1.0,-1.0,-1.0,-1.0,-1.0,-1.0,-1.0,-1.0,-1.0,-1.0,-1.0,-1.0,-1.0,-1.0,-1.0,-1.0,-1.0,-1.0,-1.0,-1.0,-1.0,-1.0,-1.0,-1.0,-1.0,-1.0,-1.0,-1.0,-1.0,-1.0,-1.0,-1.0,-1.0,-1.0,-1.0,-1.0,-1.0,-1.0,-1.0,-1.0,-1.0,-1.0,-1.0,-1.0,-1.0,-1.0,-1.0,-1.0,-1.0,-1.0,-1.0,-1.0,-1.0,-1.0,-1.0,-1.0,-1.0,-1.0,-1.0,-1.0,-1.0,-1.0,-1.0,-1.0,-1.0,-1.0,-1.0,-1.0,-1.0,-1.0,-1.0,-1.0,-1.0,-1.0,-1.0,-1.0,-1.0,-1.0,-1.0,-1.0,-1.0,-1.0,-1.0,-1.0,-1.0,-1.0,-1.0,-1.0,-1.0,-1.0,-1.0,-1.0,-1.0,-1.0,-1.0,-1.0,-1.0,-1.0,-1.0,-1.0,-1.0,-1.0,-1.0,-1.0,-1.0,-1.0,-1.0,-1.0,-1.0,-1.0,-1.0,-1.0,-1.0,-1.0,-1.0,-1.0,-1.0,-1.0,-1.0,-1.0,-1.0,-1.0,-1.0,-1.0,-1.0,-1.0,-1.0,-1.0,-1.0,-1.0,-1.0,-1.0,-1.0,-1.0,-1.0,-1.0,-1.0,-1.0,-1.0,-1.0,-1.0,-1.0,-1.0,-1.0,-1.0,-1.0,-1.0,-1.0,-1.0,-1.0,-1.0,-1.0,-1.0,-1.0,-1.0,-1.0,-1.0,-1.0,-1.0,-1.0,-1.0,-1.0,-1.0,-1.0,-1.0,-1.0,-1.0,-1.0,-1.0,-1.0,-1.0,-1.0,-1.0,-1.0,-1.0,-1.0,-1.0,-1.0,-1.0,-1.0,-1.0,-1.0,-1.0,-1.0,-1.0,-1.0,-1.0,-1.0,-1.0,-1.0,-1.0,-1.0,-1.0,-1.0,-1.0,-1.0,-1.0,-1.0,-1.0,-1.0,-1.0,-1.0,-1.0,-1.0,-1.0,-1.0,-1.0,-1.0,-1.0,-1.0,-1.0,-1.0,-1.0,-1.0,-1.0,-1.0,-1.0,-1.0,-1.0,-1.0,-1.0,-1.0,-1.0,-1.0,-1.0,-1.0,-1.0,-1.0,-1.0,-1.0,-1.0,-1.0,-1.0,-1.0,-1.0,-1.0,-1.0,-1.0,-1.0,-1.0,-1.0,-1.0,-1.0,-1.0,-1.0,-1.0,-1.0,-1.0,-1.0,-1.0,-1.0,-1.0,-1.0,-1.0,-1.0,-1.0,-1.0,-1.0,-1.0,-1.0,-1.0,-1.0,-1.0,-1.0,-1.0,-1.0,-1.0,-1.0,-1.0,-1.0,-1.0,-1.0,-1.0,-1.0,-1.0,-1.0,-1.0,-1.0,-1.0,-1.0,-1.0,-1.0,-1.0,-1.0,-1.0,-1.0,-1.0,-1.0,-1.0,-1.0,-1.0,-1.0,-1.0,-1.0,-1.0,-1.0,-1.0,-1.0,-1.0,-1.0,-1.0,-1.0,-1.0,-1.0,-1.0,-1.0,-1.0,-1.0,-1.0,-1.0,-1.0,-1.0,-1.0,-1.0,-1.0,-1.0,-1.0,-1.0,-1.0,-1.0,-1.0,-1.0,-1.0,-1.0,-1.0,-1.0,-1.0,-1.0,-1.0,-1.0,-1.0,-1.0,-1.0,-1.0,-1.0,-1.0,-1.0,-1.0,-1.0,-1.0,-1.0,-1.0,-1.0,-1.0,-1.0,-1.0,-1.0,-1.0,-1.0,-1.0,-1.0,-1.0,-1.0,-1.0,-1.0,-1.0,-1.0,-1.0,-1.0,-1.0,-1.0,-1.0,-1.0,-1.0,-1.0,-1.0,-1.0,-1.0,-1.0,-1.0,-1.0,-1.0,-1.0,-1.0,-1.0,-1.0,-1.0,-1.0,-1.0,-1.0,-1.0,-1.0,-1.0,-1.0,-1.0,-1.0,-1.0,-1.0,-1.0,-1.0,-1.0,-1.0,-1.0,-1.0,-1.0,-1.0,-1.0,-1.0,-1.0,-1.0,-1.0,-1.0,-1.0,-1.0,-1.0,-1.0,-1.0,-1.0,-1.0,-1.0,-1.0,-1.0,-1.0,-1.0,-1.0,-1.0,-1.0,-1.0,-1.0,-1.0,-1.0,-1.0,-1.0,-1.0,-1.0,-1.0,-1.0,-1.0,-1.0,-1.0,-1.0,-1.0,-1.0,-1.0,-1.0,-1.0,-1.0,-1.0,-1.0,-1.0,-1.0,-1.0,-1.0,-1.0,-1.0,-1.0,-1.0,-1.0,-1.0,-1.0,-1.0,-1.0,-1.0,-1.0,-1.0,-1.0,-1.0,-1.0,-1.0,-1.0,-1.0,-1.0,-1.0,-1.0,-1.0,-1.0,-1.0,-1.0,-1.0,-1.0,-1.0,-1.0,-1.0,-1.0,-1.0,-1.0,-1.0,-1.0,-1.0,-1.0,-1.0,-1.0,-1.0,-1.0,-1.0,-1.0,-1.0,-1.0,-1.0,-1.0,-1.0,-1.0,-1.0,-1.0,-1.0,-1.0,-1.0,-1.0,-1.0,-1.0,-1.0,-1.0,-1.0,-1.0,-1.0,-1.0,-1.0,-1.0,-1.0,-1.0,-1.0,-1.0,-1.0,-1.0,-1.0,-1.0,-1.0,-1.0,-1.0,-1.0,-1.0,-1.0,-1.0,-1.0,-1.0,-1.0,-1.0,-1.0,-1.0,-1.0,-1.0,-1.0,-1.0,-1.0,-1.0,-1.0,-1.0,-1.0,-1.0,-1.0,-1.0,-1.0,-1.0,-1.0,-1.0,-1.0,-1.0,-1.0,-1.0,-1.0,-1.0,-1.0,-1.0,-1.0,-1.0,-1.0,-1.0,-1.0
-1.0,-1.0,-1.0,-1.0,-1.0,-1.0,-1.0,-1.0,-1.0,-1.0,-1.0,-1.0,-1.0,-1.0,-1.0,-1.0,-1.0,-1.0,-1.0,-1.0,-1.0,-1.0,-1.0,-1.0,-1.0,-1.0,-1.0,-1.0,-1.0,-1.0,-1.0,-1.0,-1.0,-1.0,-1.0,-1.0,-1.0,-1.0,-1.0,-1.0,-1.0,-1.0,-1.0,-1.0,-1.0,-1.0,-1.0,-1.0,-1.0,-1.0,-1.0,-1.0,-1.0,-1.0,-1.0,-1.0,-1.0,-1.0,-1.0,-1.0,-1.0,-1.0,-1.0,-1.0,-1.0,-1.0,-1.0,-1.0,-1.0,-1.0,-1.0,-1.0,-1.0,-1.0,-1.0,-1.0,-1.0,-1.0,-1.0,-1.0,-1.0,-1.0,-1.0,-1.0,-1.0,-1.0,-1.0,-1.0,-1.0,-1.0,-1.0,-1.0,-1.0,-1.0,-1.0,-1.0,-1.0,-1.0,-1.0,-1.0,-1.0,-1.0,-1.0,-1.0,-1.0,-1.0,-1.0,-1.0,-1.0,-1.0,-1.0,-1.0,-1.0,-1.0,-1.0,-1.0,-1.0,-1.0,-1.0,-1.0,-1.0,-1.0,-1.0,-1.0,-1.0,-1.0,-1.0,-1.0,-1.0,-1.0,-1.0,-1.0,-1.0,-1.0,-1.0,-1.0,-1.0,-1.0,-1.0,-1.0,-1.0,-1.0,-1.0,-1.0,-1.0,-1.0,-1.0,-1.0,-1.0,-1.0,-1.0,-1.0,-1.0,-1.0,-1.0,-1.0,-1.0,-1.0,-1.0,-1.0,-1.0,-1.0,-1.0,-1.0,-1.0,-1.0,-1.0,-1.0,-1.0,-1.0,-1.0,-1.0,-1.0,-1.0,-1.0,-1.0,-1.0,-1.0,-1.0,-1.0,-1.0,-1.0,-1.0,-1.0,-1.0,-1.0,-1.0,-1.0,-1.0,-1.0,-1.0,-1.0,-1.0,-1.0,-1.0,-1.0,-1.0,-1.0,-1.0,-1.0,-1.0,-1.0,-1.0,-1.0,-1.0,-1.0,-1.0,-1.0,-1.0,-1.0,-1.0,-1.0,-1.0,-1.0,-1.0,-1.0,-1.0,-1.0,-1.0,-1.0,-1.0,-1.0,-1.0,-1.0,-1.0,-1.0,-1.0,-1.0,-1.0,-1.0,-1.0,-1.0,-1.0,-1.0,-1.0,-1.0,-1.0,-1.0,-1.0,-1.0,-1.0,-1.0,-1.0,-1.0,-1.0,-1.0,-1.0,-1.0,-1.0,-1.0,-1.0,-1.0,-1.0,-1.0,-1.0,-1.0,-1.0,-1.0,-1.0,-1.0,-1.0,-1.0,-1.0,-1.0,-1.0,-1.0,-1.0,-1.0,-1.0,-1.0,-1.0,-1.0,-1.0,-1.0,-1.0,-1.0,-1.0,-1.0,-1.0,-1.0,-1.0,-1.0,-1.0,-1.0,-1.0,-1.0,-1.0,-1.0,-1.0,-1.0,-1.0,-1.0,-1.0,-1.0,-1.0,-1.0,-1.0,-1.0,-1.0,-1.0,-1.0,-1.0,-1.0,-1.0,-1.0,-1.0,-1.0,-1.0,-1.0,-1.0,-1.0,-1.0,-1.0,-1.0,-1.0,-1.0,-1.0,-1.0,-1.0,-1.0,-1.0,-1.0,-1.0,-1.0,-1.0,-1.0,-1.0,-1.0,-1.0,-1.0,-1.0,-1.0,-1.0,-1.0,-1.0,-1.0,-1.0,-1.0,-1.0,-1.0,-1.0,-1.0,-1.0,-1.0,-1.0,-1.0,-1.0,-1.0,-1.0,-1.0,-1.0,-1.0,-1.0,-1.0,-1.0,-1.0,-1.0,-1.0,-1.0,-1.0,-1.0,-1.0,-1.0,-1.0,-1.0,-1.0,-1.0,-1.0,-1.0,-1.0,-1.0,-1.0,-1.0,-1.0,-1.0,-1.0,-1.0,-1.0,-1.0,-1.0,-1.0,-1.0,-1.0,-1.0,-1.0,-1.0,-1.0,-1.0,-1.0,-1.0,-1.0,-1.0,-1.0,-1.0,-1.0,-1.0,-1.0,-1.0,-1.0,-1.0,-1.0,-1.0,-1.0,-1.0,-1.0,-1.0,-1.0,-1.0,-1.0,-1.0,-1.0,-1.0,-1.0,-1.0,-1.0,-1.0,-1.0,-1.0,-1.0,-1.0,-1.0,-1.0,-1.0,-1.0,-1.0,-1.0,-1.0,-1.0,-1.0,-1.0,-1.0,-1.0,-1.0,-1.0,-1.0,-1.0,-1.0,-1.0,-1.0,-1.0,-1.0,-1.0,-1.0,-1.0,-1.0,-1.0,-1.0,-1.0,-1.0,-1.0,-1.0,-1.0,-1.0,-1.0,-1.0,-1.0,-1.0,-1.0,-1.0,-1.0,-1.0,-1.0,-1.0,-1.0,-1.0,-1.0,-1.0,-1.0,-1.0,-1.0,-1.0,-1.0,-1.0,-1.0,-1.0,-1.0,-1.0,-1.0,-1.0,-1.0,-1.0,-1.0,-1.0,-1.0,-1.0,-1.0,-1.0,-1.0,-1.0,-1.0,-1.0,-1.0,-1.0,-1.0,-1.0,-1.0,-1.0,-1.0,-1.0,-1.0,-1.0,-1.0,-1.0,-1.0,-1.0,-1.0,-1.0,-1.0,-1.0,-1.0,-1.0,-1.0,-1.0,-1.0,-1.0,-1.0,-1.0,-1.0,-1.0,-1.0,-1.0,-1.0,-1.0,-1.0,-1.0,-1.0,-1.0,-1.0,-1.0,-1.0,-1.0,-1.0,-1.0,-1.0,-1.0,-1.0,-1.0,-1.0,-1.0,-1.0,-1.0,-1.0,-1.0,-1.0,-1.0,-1.0,-1.0,-1.0,-1.0,-1.0,-1.0,-1.0,-1.0,-1.0,-1.0,-1.0,-1.0,-1.0,-1.0,-1.0,-1.0,-1.0,-1.0,-1.0,-1.0,-1.0,-1.0,-1.0,-1.0,-1.0,-1.0,-1.0,-1.0,-1.0,-1.0,-1.0,-1.0,-1.0,-1.0,-1.0,-1.0,-1.0,-1.0,-1.0,-1.0,-1.0,-1.0,-1.0,-1.0,-1.0,-1.0,-1.0,-1.0,-1.0,-1.0,-1.0,-1.0,-1.0,-1.0,-1.0,-1.0,-1.0,-1.0,-1.0,-1.0,-1.0,-1.0,-1.0,-1.0,-1.0,-1.0,-1.0,-1.0,-1.0,-1.0,-1.0,-1.0,-1.0,-1.0,-1.0,-1.0,-1.0,-1.0,-1.0,-1.0,-1.0,-1.0,-1.0,-1.0,-1.0,-1.0,-1.0,-1.0,-1.0,-1.0,-1.0,-1.0,-1.0,-1.0,-1.0,-1.0,-1.0,-1.0,-1.0,-1.0,-1.0,-1.0,-1.0,-1.0,-1.0,-1.0,-1.0,-1.0,-1.0,-1.0,-1.0,-1.0,-1.0,-1.0,-1.0,-1.0,-1.0,-1.0,-1.0,-1.0,-1.0,-1.0,-1.0,-1.0,-1.0,-1.0,-1.0,-1.0,-1.0,-1.0,-1.0,-1.0,-1.0,-1.0,-1.0,-1.0,-1.0,-1.0,-1.0,-1.0,-1.0,-1.0,-1.0,-1.0,-1.0,-1.0,-1.0,-1.0,-1.0,-1.0,-1.0,-1.0,-1.0,-1.0,-1.0,-1.0,-1.0,-1.0,-1.0,-1.0,-1.0,-1.0,-1.0,-1.0,-1.0,-1.0,-1.0,-1.0,-1.0,-1.0,-1.0,-1.0,-1.0,-1.0,-1.0,-1.0
-1.0,-1.0,-1.0,-1.0,-1.0,-1.0,-1.0,-1.0,-1.0,-1.0,-1.0,-1.0,-1.0,-1.0,-1.0,-1.0,-1.0,-1.0,-1.0,-1.0,-1.0,-1.0,-1.0,-1.0,-1.0,-1.0,-1.0,-1.0,-1.0,-1.0,-1.0,-1.0,-1.0,-1.0,-1.0,-1.0,-1.0,-1.0,-1.0,-1.0,-1.0,-1.0,-1.0,-1.0,-1.0,-1.0,-1.0,-1.0,-1.0,-1.0,-1.0,-1.0,-1.0,-1.0,-1.0,-1.0,-1.0,-1.0,-1.0,-1.0,-1.0,-1.0,-1.0,-1.0,-1.0,-1.0,-1.0,-1.0,-1.0,-1.0,-1.0,-1.0,-1.0,-1.0,-1.0,-1.0,-1.0,-1.0,-1.0,-1.0,-1.0,-1.0,-1.0,-1.0,-1.0,-1.0,-1.0,-1.0,-1.0,-1.0,-1.0,-1.0,-1.0,-1.0,-1.0,-1.0,-1.0,-1.0,-1.0,-1.0,-1.0,-1.0,-1.0,-1.0,-1.0,-1.0,-1.0,-1.0,-1.0,-1.0,-1.0,-1.0,-1.0,-1.0,-1.0,-1.0,-1.0,-1.0,-1.0,-1.0,-1.0,-1.0,-1.0,-1.0,-1.0,1.0,-1.0,-1.0,-1.0,-1.0,-1.0,1.0,-1.0,1.0,-1.0,-1.0,-1.0,-1.0,-1.0,-1.0,-1.0,-1.0,-1.0,-1.0,-1.0,-1.0,-1.0,-1.0,-1.0,-1.0,-1.0,-1.0,-1.0,-1.0,-1.0,-1.0,-1.0,-1.0,-1.0,-1.0,-1.0,-1.0,-1.0,-1.0,-1.0,-1.0,-1.0,-1.0,-1.0,-1.0,-1.0,-1.0,-1.0,-1.0,-1.0,-1.0,-1.0,-1.0,-1.0,-1.0,-1.0,-1.0,-1.0,-1.0,-1.0,-1.0,-1.0,-1.0,-1.0,-1.0,-1.0,-1.0,-1.0,-1.0,-1.0,-1.0,-1.0,-1.0,-1.0,-1.0,-1.0,-1.0,-1.0,-1.0,-1.0,-1.0,-1.0,-1.0,-1.0,-1.0,-1.0,-1.0,-1.0,1.0,-1.0,-1.0,-1.0,-1.0,-1.0,-1.0,-1.0,-1.0,-1.0,-1.0,-1.0,-1.0,-1.0,-1.0,-1.0,-1.0,-1.0,-1.0,-1.0,-1.0,-1.0,1.0,-1.0,-1.0,-1.0,-1.0,-1.0,-1.0,-1.0,-1.0,-1.0,-1.0,-1.0,-1.0,-1.0,-1.0,-1.0,-1.0,-1.0,-1.0,-1.0,-1.0,-1.0,-1.0,-1.0,-1.0,-1.0,-1.0,1.0,-1.0,-1.0,-1.0,-1.0,-1.0,-1.0,-1.0,-1.0,-1.0,-1.0,1.0,-1.0,-1.0,-1.0,-1.0,-1.0,-1.0,-1.0,-1.0,-1.0,-1.0,-1.0,-1.0,-1.0,-1.0,-1.0,-1.0,-1.0,-1.0,-1.0,-1.0,-1.0,-1.0,-1.0,-1.0,-1.0,-1.0,-1.0,-1.0,-1.0,-1.0,-1.0,-1.0,-1.0,-1.0,-1.0,-1.0,-1.0,-1.0,-1.0,-1.0,-1.0,-1.0,-1.0,-1.0,-1.0,-1.0,-1.0,-1.0,-1.0,-1.0,-1.0,-1.0,-1.0,-1.0,-1.0,-1.0,1.0,-1.0,-1.0,-1.0,-1.0,-1.0,-1.0,-1.0,-1.0,-1.0,-1.0,-1.0,-1.0,-1.0,-1.0,-1.0,-1.0,-1.0,-1.0,-1.0,-1.0,1.0,-1.0,-1.0,-1.0,-1.0,-1.0,-1.0,-1.0,-1.0,-1.0,-1.0,-1.0,-1.0,1.0,-1.0,-1.0,-1.0,-1.0,-1.0,-1.0,-1.0,-1.0,-1.0,-1.0,-1.0,-1.0,-1.0,-1.0,-1.0,-1.0,-1.0,-1.0,-1.0,-1.0,-1.0,1.0,-1.0,-1.0,-1.0,-1.0,-1.0,-1.0,-1.0,-1.0,-1.0,-1.0,-1.0,-1.0,-1.0,-1.0,-1.0,-1.0,-1.0,-1.0,-1.0,-1.0,-1.0,-1.0,-1.0,1.0,-1.0,-1.0,-1.0,-1.0,-1.0,-1.0,-1.0,-1.0,-1.0,-1.0,-1.0,-1.0,-1.0,-1.0,-1.0,-1.0,-1.0,-1.0,-1.0,-1.0,-1.0,-1.0,-1.0,-1.0,-1.0,-1.0,1.0,-1.0,-1.0,-1.0,-1.0,-1.0,-1.0,-1.0,-1.0,-1.0,-1.0,-1.0,-1.0,-1.0,-1.0,-1.0,-1.0,-1.0,-1.0,-1.0,-1.0,-1.0,-1.0,-1.0,-1.0,-1.0,-1.0,-1.0,-1.0,-1.0,-1.0,-1.0,-1.0,-1.0,1.0,-1.0,-1.0,-1.0,-1.0,-1.0,-1.0,-1.0,-1.0,-1.0,-1.0,-1.0,-1.0,-1.0,-1.0,-1.0,-1.0,-1.0,-1.0,-1.0,1.0,-1.0,-1.0,-1.0,-1.0,-1.0,-1.0,-1.0,-1.0,-1.0,-1.0,-1.0,-1.0,1.0,-1.0,-1.0,-1.0,-1.0,-1.0,-1.0,-1.0,-1.0,-1.0,-1.0,-1.0,-1.0,-1.0,-1.0,-1.0,-1.0,-1.0,-1.0,-1.0,-1.0,-1.0,-1.0,-1.0,-1.0,-1.0,1.0,-1.0,-1.0,-1.0,-1.0,-1.0,-1.0,-1.0,-1.0,-1.0,-1.0,-1.0,-1.0,-1.0,-1.0,-1.0,-1.0,-1.0,-1.0,-1.0,-1.0,-1.0,-1.0,-1.0,1.0,-1.0,-1.0,-1.0,-1.0,-1.0,-1.0,-1.0,1.0,-1.0,-1.0,-1.0,-1.0,-1.0,-1.0,-1.0,-1.0,-1.0,-1.0,-1.0,-1.0,-1.0,-1.0,-1.0,-1.0,-1.0,-1.0,-1.0,-1.0,1.0,-1.0,-1.0,-1.0,-1.0,-1.0,-1.0,-1.0,-1.0,1.0,1.0,-1.0,-1.0,-1.0,-1.0,-1.0,-1.0,-1.0,-1.0,-1.0,-1.0,-1.0,-1.0,-1.0,-1.0,-1.0,-1.0,1.0,-1.0,-1.0,-1.0,-1.0,-1.0,-1.0,-1.0,-1.0,1.0,-1.0,-1.0,-1.0,-1.0,-1.0,-1.0,-1.0,-1.0,-1.0,-1.0,-1.0,1.0,-1.0,-1.0,-1.0,-1.0,-1.0,-1.0,-1.0,-1.0,-1.0,-1.0,-1.0,-1.0,-1.0,-1.0,-1.0,-1.0,-1.0,-1.0,-1.0,-1.0,-1.0,-1.0,-1.0,-1.0,-1.0,-1.0,-1.0,-1.0,-1.0,-1.0,-1.0,-1.0,-1.0,-1.0,-1.0,-1.0,-1.0,-1.0,-1.0,-1.0,-1.0,-1.0,-1.0,-1.0,-1.0,-1.0,-1.0,-1.0,-1.0,-1.0,-1.0,-1.0,-1.0,-1.0,-1.0,-1.0,-1.0,-1.0,-1.0,-1.0,-1.0,-1.0,-1.0,-1.0,-1.0,-1.0,-1.0,-1.0,-1.0,-1.0,-1.0,-1.0,-1.0,-1.0,-1.0,-1.0,-1.0,-1.0,-1.0,-1.0,-1.0,-1.0,-1.0,-1.0,-1.0,-1.0,-1.0,1.0,-1.0
-0.47847101069523384,0.3691269934294201,1.337810426714739,-0.6802800592963419,1.337810426714739,1.337810426714739,1.337810426714739,0.12695613510809048,0.12695613510809048,0.12695613510809048,0.12695613510809048,0.12695613510809048,0.12695613510809048,0.12695613510809048,1.337810426714739,1.337810426714739,1.337810426714739,0.12695613510809048,1.337810426714739,-1.0838981564985581,0.12695613510809048,-1.0838981564985581,0.12695613510809048,-1.0838981564985581,0.12695613510809048,-1.0838981564985581,0.12695613510809048,-1.0838981564985581,0.12695613510809048,1.337810426714739,1.337810426714739,1.337810426714739,1.337810426714739,1.337810426714739,1.337810426714739,1.337810426714739,1.337810426714739,0.12695613510809048,0.12695613510809048,1.337810426714739,1.337810426714739,1.337810426714739,0.12695613510809048,1.337810426714739,1.337810426714739,1.337810426714739,1.337810426714739,1.337810426714739,0.5305742323103066,1.337810426714739,1.337810426714739,0.12695613510809048,1.337810426714739,1.337810426714739,1.337810426714739,1.337810426714739,0.12695613510809048,1.337810426714739,1.337810426714739,1.337810426714739,1.337810426714739,0.12695613510809048,1.337810426714739,1.337810426714739,1.337810426714739,0.12695613510809048,0.12695613510809048,1.337810426714739,1.337810426714739,1.337810426714739,1.337810426714739,1.337810426714739,1.337810426714739,1.337810426714739,1.337810426714739,0.12695613510809048,0.12695613510809048,0.12695613510809048,1.337810426714739,1.337810426714739,1.337810426714739,1.337810426714739,1.337810426714739,-0.7379397874680871,-0.27666196209412575,-0.27666196209412575,1.337810426714739,0.12695613510809048,-1.0838981564985581,0.12695613510809048,-1.0838981564985581,0.12695613510809048,-1.0838981564985581,0.12695613510809048,0.12695613510809048,1.337810426714739,1.337810426714739,1.337810426714739,1.337810426714739,0.5305742323103066,1.337810426714739,1.337810426714739,1.337810426714739,1.337810426714739,-0.27666196209412575,0.5305742323103066,1.337810426714739,1.337810426714739,1.337810426714739,1.337810426714739,1.337810426714739,0.12695613510809048,1.337810426714739,1.337810426714739,1.337810426714739,1.337810426714739,1.337810426714739,1.337810426714739,1.337810426714739,1.337810426714739,1.337810426714739,1.337810426714739,1.337810426714739,1.337810426714739,1.337810426714739,0.2076797545485337,-0.007583230625981649,0.12695613510809048,1.337810426714739,0.2999353196233259,1.337810426714739,0.12695613510809048,-0.27666196209412575,-0.04602304940714509,-0.27666196209412575,0.5305742323103066,0.5305742323103066,0.5305742323103066,0.12695613510809048,1.337810426714739,-1.0838981564985581,1.337810426714739,-1.0838981564985581,1.0687316952465948,-1.0838981564985581,1.337810426714739,-1.0838981564985581,0.7996529637784509,-1.0838981564985581,1.337810426714739,-1.0838981564985581,1.0687316952465948,-1.0838981564985581,1.337810426714739,-1.0838981564985581,1.035096853813077,-1.0838981564985581,1.337810426714739,-1.0838981564985581,1.035096853813077,-1.0838981564985581,1.337810426714739,-1.0838981564985581,1.0687316952465948,-1.0838981564985581,1.337810426714739,-1.0838981564985581,1.035096853813077,0.12695613510809048,1.337810426714739,-1.0838981564985581,1.337810426714739,-1.0838981564985581,-0.6802800592963419,-0.6136634801464617,1.337810426714739,1.337810426714739,-1.0838981564985581,1.337810426714739,-1.0838981564985581,1.0687316952465948,-0.39198141843761614,-0.5995564398558987,1.337810426714739,1.337810426714739,-1.0838981564985581,1.337810426714739,-1.0838981564985581,0.7996529637784509,-0.30549182617999826,1.337810426714739,1.337810426714739,-1.0838981564985581,1.337810426714739,-1.0838981564985581,0.1906853083505456,0.12695613510809048,1.337810426714739,1.337810426714739,-1.0838981564985581,1.337810426714739,-1.0838981564985581,1.0687316952465948,0.1981828581437757,1.337810426714739,1.337810426714739,-1.0838981564985581,1.337810426714739,-1.0838981564985581,-0.07485291349301758,1.337810426714739,-1.0838981564985581,1.337810426714739,-0.27666196209412575,1.337810426714739,1.337810426714739,-1.0838981564985581,1.337810426714739,-1.0838981564985581,1.035096853813077,-0.5649606029528517,-0.6802800592963419,1.337810426714739,1.337810426714739,-1.0838981564985581,1.337810426714739,-1.0838981564985581,-0.4381092009750122,1.337810426714739,-1.0838981564985581,-0.27666196209412575,1.337810426714739,-1.0838981564985581,1.337810426714739,-0.47847101069523384,-0.27666196209412575,1.337810426714739,1.337810426714739,-1.0838981564985581,1.337810426714739,-1.0838981564985581,1.035096853813077,-0.6964247831844307,-0.9325413700477271,1.337810426714739,-0.47847101069523384,1.337810426714739,1.337810426714739,-1.0838981564985581,1.337810426714739,-1.0838981564985581,1.0687316952465948,-0.9493587907644861,1.337810426714739,1.337810426714739,-1.0838981564985581,1.337810426714739,-1.0838981564985581,-0.54574069356227,-0.27666196209412575,1.337810426714739,0.2999353196233259,-0.27666196209412575,1.337810426714739,1.337810426714739,-1.0838981564985581,1.337810426714739,-1.0838981564985581,-0.1524717783395976,1.337810426714739,-1.0838981564985581,-0.54574069356227,-0.47847101069523384,-0.27666196209412575,-0.27666196209412575,1.337810426714739,1.337810426714739,-1.0838981564985581,1.337810426714739,-1.0838981564985581,1.035096853813077,-0.5574397688434936,0.12695613510809048,1.337810426714739,-0.357385581534569,1.337810426714739,-0.47847101069523384,1.337810426714739,1.337810426714739,-1.0838981564985581,1.337810426714739,-1.0838981564985581,-0.27666196209412575,1.337810426714739,1.337810426714739,-1.0838981564985581,1.337810426714739,-1.0838981564985581,1.035096853813077,-0.4008521458486538,1.337810426714739,1.337810426714739,-1.0838981564985581,1.337810426714739,-1.0838981564985581,-0.781184583596896,1.337810426714739,-0.7379397874680871,-0.5250423296031819,1.337810426714739,1.337810426714739,-0.47847101069523384,1.337810426714739,1.337810426714739,-1.0838981564985581,1.337810426714739,-1.0838981564985581,1.0687316952465948,-0.6435875050052313,-0.6802800592963419,1.337810426714739,1.337810426714739,-1.0838981564985581,1.337810426714739,-1.0838981564985581,1.337810426714739,1.337810426714739,-0.17575743779357167,1.337810426714739,-0.5649606029528517,-0.27666196209412575,1.337810426714739,1.337810426714739,-1.0838981564985581,1.337810426714739,-1.0838981564985581,1.0956395683934095,-0.7206418690165637,-0.27666196209412575,1.337810426714739,1.337810426714739,-1.0838981564985581,1.337810426714739,-1.0838981564985581,-0.5995564398558987,1.337810426714739,-0.47847101069523384,1.337810426714739,1.337810426714739,-0.781184583596896,-0.47847101069523384,-0.27666196209412575,1.337810426714739,1.337810426714739,-1.0838981564985581,1.337810426714739,-1.0838981564985581,1.035096853813077,-0.44660642407400625,1.337810426714739,1.337810426714739,-0.4381092009750122,1.337810426714739,-1.0838981564985581,-0.27666196209412575,1.337810426714739,1.337810426714739,-1.0838981564985581,1.337810426714739,-1.0838981564985581,1.035096853813077,-0.8820891078974501,1.337810426714739,-0.814819425030414,1.337810426714739,1.337810426714739,-1.0838981564985581,1.337810426714739,-1.0838981564985581,-0.8289814635287374,1.337810426714739,1.337810426714739,-1.0838981564985581,1.337810426714739,-1.0838981564985581,1.035096853813077,-0.8417272981772284,1.337810426714739,-0.814819425030414,1.337810426714739,1.337810426714739,-1.0838981564985581,1.337810426714739,-1.0838981564985581,1.0956395683934095,-0.4381092009750122,1.337810426714739,1.337810426714739,-1.0838981564985581,1.337810426714739,-1.0838981564985581,-0.6802800592963419,1.337810426714739,1.337810426714739,0.0,1.337810426714739,-0.814819425030414,1.337810426714739,1.337810426714739,-0.47847101069523384,-0.27666196209412575,1.337810426714739,1.337810426714739,-1.0838981564985581,1.337810426714739,-1.0838981564985581,1.035096853813077,-0.7277645413201321,1.337810426714739,1.337810426714739,-1.0838981564985581,1.337810426714739,-1.0838981564985581,0.991852057684268,-0.1152147232132392,-0.308951409870303,1.337810426714739,1.337810426714739,-1.0838981564985581,1.337810426714739,-1.0838981564985581,-0.32711422424440273,1.337810426714739,-1.0838981564985581,0.12695613510809048,1.337810426714739,-1.0838981564985581,-0.27666196209412575,1.337810426714739,1.337810426714739,-1.0838981564985581,1.337810426714739,-1.0838981564985581,1.035096853813077,-0.7071879324431564,1.337810426714739,-0.54574069356227,1.337810426714739,1.337810426714739,-1.0838981564985581,1.337810426714739,-1.0838981564985581,-0.5541494039206494,1.337810426714739,1.337810426714739,-1.0838981564985581,1.337810426714739,-1.0838981564985581,1.035096853813077,-0.5740647705589167,-0.9414447104271877,1.337810426714739,1.337810426714739,-1.0838981564985581,1.337810426714739,-1.0838981564985581,0.12695613510809048,1.337810426714739,1.337810426714739,-1.0838981564985581,-1.0838981564985581,-0.27666196209412575,1.337810426714739,1.337810426714739,-1.0838981564985581,1.337810426714739,-1.0838981564985581,1.035096853813077,-0.1152147232132392,-0.23630015237390417,1.337810426714739,1.337810426714739,-1.0838981564985581,1.337810426714739,-1.0838981564985581,-0.27666196209412575,1.337810426714739,1.337810426714739,0.12695613510809048,1.337810426714739,-0.9628127273378934,-0.27666196209412575,1.337810426714739,1.337810426714739,-1.0838981564985581,1.337810426714739,-1.0838981564985581,1.337810426714739,1.337810426714739,-0.357385581534569,1.337810426714739,-0.5995564398558987,1.337810426714739,-1.0838981564985581,-0.27666196209412575,1.337810426714739,1.337810426714739,-1.0838981564985581,1.337810426714739,-1.0838981564985581,1.035096853813077,-0.19168973110418552,-0.5649606029528517,1.337810426714739,1.337810426714739,-1.0838981564985581,1.337810426714739,-1.0838981564985581,-0.5853110952487617,1.337810426714739,1.337810426714739,-1.0838981564985581,1.337810426714739,-1.0838981564985581,0.5305742323103066,1.337810426714739,1.337810426714739,0.3691269934294201,-1.0838981564985581,-0.39198141843761614,-0.27666196209412575,1.337810426714739,1.337810426714739,-1.0838981564985581,1.337810426714739,-1.0838981564985581,1.035096853813077,-0.423432179258568,-0.711327605234974,1.337810426714739,-0.8637428307518948,1.337810426714739,1.337810426714739,-1.0838981564985581,1.337810426714739,-1.0838981564985581,-0.4112013278281978,1.337810426714739,1.337810426714739,-0.7379397874680871,1.337810426714739,0.0,1.337810426714739,-0.47847101069523384,-0.27666196209412575,1.337810426714739,1.337810426714739,-1.0838981564985581,1.337810426714739,-1.0838981564985581,-0.04602304940714509,-0.36635487258350713,-0.21900223392238052,1.337810426714739,-0.47847101069523384,1.337810426714739,1.337810426714739,-1.0838981564985581,1.337810426714739,-1.0838981564985581,-0.54574069356227,1.337810426714739,1.337810426714739,-1.0838981564985581,1.337810426714739,-1.0838981564985581,1.0956395683934095,-0.5871374214804459,1.337810426714739,1.337810426714739,-1.0838981564985581,1.337810426714739,-1.0838981564985581,-0.5649606029528517,-0.47847101069523384,1.337810426714739,1.337810426714739,-1.0838981564985581,1.337810426714739,-1.0838981564985581,1.337810426714739,1.337810426714739,-0.5140843722130765,-0.27666196209412575,1.337810426714739,1.337810426714739,-1.0838981564985581,1.337810426714739,-1.0838981564985581,1.0956395683934095,-0.007583230625981649,1.337810426714739,1.337810426714739,-1.0838981564985581,1.337810426714739,-1.0838981564985581,-0.27666196209412575,1.337810426714739,1.337810426714739,-1.0838981564985581,-0.27666196209412575,1.337810426714739,1.337810426714739,-1.0838981564985581,1.337810426714739,-1.0838981564985581,1.337810426714739,-1.0838981564985581,-0.54574069356227,-0.27666196209412575,1.337810426714739,1.337810426714739,-1.0838981564985581,1.337810426714739,-1.0838981564985581,1.337810426714739,1.337810426714739,-0.27666196209412575,1.337810426714739,-0.814819425030414,-0.47847101069523384,-0.27666196209412575,1.337810426714739,1.337810426714739,-1.0838981564985581,1.337810426714739,-1.0838981564985581,-0.9109189719833226,1.337810426714739,1.337810426714739,-1.0838981564985581,1.337810426714739,-1.0838981564985581,1.035096853813077,-0.4112013278281978,-0.27666196209412575,1.337810426714739,1.337810426714739,-1.0838981564985581,-1.0838981564985581,-1.0838981564985581,1.337810426714739,1.337810426714739,1.337810426714739,1.337810426714739,1.337810426714739,1.337810426714739,0.12695613510809048,0.5305742323103066,0.5305742323103066,0.5305742323103066,0.5305742323103066,0.5305742323103066,0.5305742323103066,0.5305742323103066,-0.27666196209412575,-0.27666196209412575,0.12695613510809048,-1.0838981564985581,-1.0838981564985581,-1.0838981564985581,1.337810426714739,-1.0838981564985581,-1.0838981564985581,-1.0838981564985581,-1.0838981564985581,1.337810426714739,1.337810426714739,-1.0838981564985581,-1.0838981564985581,-1.0838981564985581,0.12695613510809048,0.12695613510809048,-0.27666196209412575,0.12695613510809048,1.337810426714739,1.337810426714739,1.337810426714739,1.337810426714739,1.337810426714739,1.337810426714739,1.337810426714739,1.337810426714739,1.337810426714739,1.337810426714739,1.337810426714739,1.337810426714739,0.12695613510809048,0.12695613510809048,1.337810426714739,-0.27666196209412575,0.12695613510809048,0.12695613510809048,0.12695613510809048,1.337810426714739,0.12695613510809048,0.12695613510809048,-0.27666196209412575,1.337810426714739,1.337810426714739,-0.27666196209412575,0.5305742323103066,1.337810426714739,1.337810426714739,1.337810426714739,-0.6802800592963419,1.337810426714739,1.337810426714739,-0.27666196209412575,-0.07485291349301758,1.337810426714739
-0.7114277058548415,-0.02500070950017269,1.4516825767754173,-0.791542901507814,1.4516825767754173,1.4516825767754173,1.4516825767754173,-0.2788056493287897,-0.2788056493287897,-0.2788056493287897,-0.2788056493287897,-0.2788056493287897,-0.2788056493287897,-0.2788056493287897,1.4516825767754173,1.4516825767754173,1.4516825767754173,-0.2788056493287897,1.4516825767754173,-0.8556350580301921,-0.2788056493287897,-0.8556350580301921,-0.2788056493287897,-0.8556350580301921,-0.2788056493287897,-0.8556350580301921,-0.2788056493287897,-0.8556350580301921,-0.2788056493287897,1.4516825767754173,1.4516825767754173,1.4516825767754173,1.4516825767754173,1.4516825767754173,1.4516825767754173,1.4516825767754173,1.4516825767754173,-0.2788056493287897,-0.2788056493287897,1.4516825767754173,1.4516825767754173,1.4516825767754173,-0.2788056493287897,1.4516825767754173,1.4516825767754173,1.4516825767754173,1.4516825767754173,1.4516825767754173,0.16983944632785655,1.4516825767754173,1.4516825767754173,-0.2788056493287897,1.4516825767754173,1.4516825767754173,1.4516825767754173,1.4516825767754173,-0.2788056493287897,1.4516825767754173,1.4516825767754173,1.4516825767754173,1.4516825767754173,-0.2788056493287897,1.4516825767754173,1.4516825767754173,1.4516825767754173,-0.2788056493287897,-0.2788056493287897,1.4516825767754173,1.4516825767754173,1.4516825767754173,1.4516825767754173,1.4516825767754173,1.4516825767754173,1.4516825767754173,1.4516825767754173,-0.2788056493287897,-0.2788056493287897,-0.2788056493287897,1.4516825767754173,1.4516825767754173,1.4516825767754173,1.4516825767754173,1.4516825767754173,-0.8085469430341592,-0.59926643194068,-0.59926643194068,1.4516825767754173,-0.2788056493287897,-0.8556350580301921,-0.2788056493287897,-0.8556350580301921,-0.2788056493287897,-0.8556350580301921,-0.2788056493287897,-0.2788056493287897,1.4516825767754173,1.4516825767754173,1.4516825767754173,1.4516825767754173,0.16983944632785655,1.4516825767754173,1.4516825767754173,1.4516825767754173,1.4516825767754173,-0.59926643194068,0.16983944632785655,1.4516825767754173,1.4516825767754173,1.4516825767754173,1.4516825767754173,1.4516825767754173,-0.2788056493287897,1.4516825767754173,1.4516825767754173,1.4516825767754173,1.4516825767754173,1.4516825767754173,1.4516825767754173,1.4516825767754173,1.4516825767754173,1.4516825767754173,1.4516825767754173,1.4516825767754173,1.4516825767754173,1.4516825767754173,-0.19933137524104094,-0.3998686116488372,-0.2788056493287897,1.4516825767754173,-0.1022252180936666,1.4516825767754173,-0.2788056493287897,-0.59926643194068,-0.43184202306589653,-0.59926643194068,0.16983944632785655,0.16983944632785655,0.16983944632785655,-0.2788056493287897,1.4516825767754173,-0.8556350580301921,1.4516825767754173,-0.8556350580301921,0.9674307274952277,-0.8556350580301921,1.4516825767754173,-0.8556350580301921,0.5401496840127076,-0.8556350580301921,1.4516825767754173,-0.8556350580301921,0.9674307274952277,-0.8556350580301921,1.4516825767754173,-0.8556350580301921,0.9109050061178527,-0.8556350580301921,1.4516825767754173,-0.8556350580301921,0.9109050061178527,-0.8556350580301921,1.4516825767754173,-0.8556350580301921,0.9674307274952277,-0.8556350580301921,1.4516825767754173,-0.8556350580301921,0.9109050061178527,-0.2788056493287897,1.4516825767754173,-0.8556350580301921,1.4516825767754173,-0.8556350580301921,-0.791542901507814,-0.7686403314845947,1.4516825767754173,1.4516825767754173,-0.8556350580301921,1.4516825767754173,-0.8556350580301921,0.9674307274952277,-0.6672825980460608,-0.7633423526379678,1.4516825767754173,1.4516825767754173,-0.8556350580301921,1.4516825767754173,-0.8556350580301921,0.5401496840127076,-0.6172514758627758,1.4516825767754173,1.4516825767754173,-0.8556350580301921,1.4516825767754173,-0.8556350580301921,-0.21648889880426156,-0.2788056493287897,1.4516825767754173,1.4516825767754173,-0.8556350580301921,1.4516825767754173,-0.8556350580301921,0.9674307274952277,-0.2089474164410766,1.4516825767754173,1.4516825767754173,-0.8556350580301921,1.4516825767754173,-0.8556350580301921,-0.4550590797653293,1.4516825767754173,-0.8556350580301921,1.4516825767754173,-0.59926643194068,1.4516825767754173,1.4516825767754173,-0.8556350580301921,1.4516825767754173,-0.8556350580301921,0.9109050061178527,-0.7496867992891182,-0.791542901507814,1.4516825767754173,1.4516825767754173,-0.8556350580301921,1.4516825767754173,-0.8556350580301921,-0.6915591373329043,1.4516825767754173,-0.8556350580301921,-0.59926643194068,1.4516825767754173,-0.8556350580301921,1.4516825767754173,-0.7114277058548415,-0.59926643194068,1.4516825767754173,1.4516825767754173,-0.8556350580301921,1.4516825767754173,-0.8556350580301921,0.9109050061178527,-0.7965677265791685,-0.8466220985192328,1.4516825767754173,-0.7114277058548415,1.4516825767754173,1.4516825767754173,-0.8556350580301921,1.4516825767754173,-0.8556350580301921,0.9674307274952277,-0.8485137073054835,1.4516825767754173,1.4516825767754173,-0.8556350580301921,1.4516825767754173,-0.8556350580301921,-0.7416934464348534,-0.59926643194068,1.4516825767754173,-0.1022252180936666,-0.59926643194068,1.4516825767754173,1.4516825767754173,-0.8556350580301921,1.4516825767754173,-0.8556350580301921,-0.5143158812838001,1.4516825767754173,-0.8556350580301921,-0.7416934464348534,-0.7114277058548415,-0.59926643194068,-0.59926643194068,1.4516825767754173,1.4516825767754173,-0.8556350580301921,1.4516825767754173,-0.8556350580301921,0.9109050061178527,-0.7465935819051633,-0.2788056493287897,1.4516825767754173,-0.6479764708976872,1.4516825767754173,-0.7114277058548415,1.4516825767754173,1.4516825767754173,-0.8556350580301921,1.4516825767754173,-0.8556350580301921,-0.59926643194068,1.4516825767754173,1.4516825767754173,-0.8556350580301921,1.4516825767754173,-0.8556350580301921,0.9109050061178527,-0.6720811896465769,1.4516825767754173,1.4516825767754173,-0.8556350580301921,1.4516825767754173,-0.8556350580301921,-0.8195832199863545,1.4516825767754173,-0.8085469430341592,-0.732760154401491,1.4516825767754173,1.4516825767754173,-0.7114277058548415,1.4516825767754173,1.4516825767754173,-0.8556350580301921,1.4516825767754173,-0.8556350580301921,0.9674307274952277,-0.7793600948961223,-0.791542901507814,1.4516825767754173,1.4516825767754173,-0.8556350580301921,1.4516825767754173,-0.8556350580301921,1.4516825767754173,1.4516825767754173,-0.5311685156356533,1.4516825767754173,-0.7496867992891182,-0.59926643194068,1.4516825767754173,1.4516825767754173,-0.8556350580301921,1.4516825767754173,-0.8556350580301921,1.0132922261623518,-0.8037204112470658,-0.59926643194068,1.4516825767754173,1.4516825767754173,-0.8556350580301921,1.4516825767754173,-0.8556350580301921,-0.7633423526379678,1.4516825767754173,-0.7114277058548415,1.4516825767754173,1.4516825767754173,-0.8195832199863545,-0.7114277058548415,-0.59926643194068,1.4516825767754173,1.4516825767754173,-0.8556350580301921,1.4516825767754173,-0.8556350580301921,0.9109050061178527,-0.6958485182237094,1.4516825767754173,1.4516825767754173,-0.6915591373329043,1.4516825767754173,-0.8556350580301921,-0.59926643194068,1.4516825767754173,1.4516825767754173,-0.8556350580301921,1.4516825767754173,-0.8556350580301921,0.9109050061178527,-0.8396120188995977,1.4516825767754173,-0.8271496551313574,1.4516825767754173,1.4516825767754173,-0.8556350580301921,1.4516825767754173,-0.8556350580301921,-0.8300692116611549,1.4516825767754173,1.4516825767754173,-0.8556350580301921,1.4516825767754173,-0.8556350580301921,0.9109050061178527,-0.832561881682136,1.4516825767754173,-0.8271496551313574,1.4516825767754173,1.4516825767754173,-0.8556350580301921,1.4516825767754173,-0.8556350580301921,1.0132922261623518,-0.6915591373329043,1.4516825767754173,1.4516825767754173,-0.8556350580301921,1.4516825767754173,-0.8556350580301921,-0.791542901507814,1.4516825767754173,1.4516825767754173,0.0,1.4516825767754173,-0.8271496551313574,1.4516825767754173,1.4516825767754173,-0.7114277058548415,-0.59926643194068,1.4516825767754173,1.4516825767754173,-0.8556350580301921,1.4516825767754173,-0.8556350580301921,0.9109050061178527,-0.8057363202532543,1.4516825767754173,1.4516825767754173,-0.8556350580301921,1.4516825767754173,-0.8556350580301921,0.8395370818269903,-0.4864642364612945,-0.6193657322260977,1.4516825767754173,1.4516825767754173,-0.8556350580301921,1.4516825767754173,-0.8556350580301921,-0.6303110702562068,1.4516825767754173,-0.8556350580301921,-0.2788056493287897,1.4516825767754173,-0.8556350580301921,-0.59926643194068,1.4516825767754173,1.4516825767754173,-0.8556350580301921,1.4516825767754173,-0.8556350580301921,0.9109050061178527,-0.7998036683484762,1.4516825767754173,-0.7416934464348534,1.4516825767754173,1.4516825767754173,-0.8556350580301921,1.4516825767754173,-0.8556350580301921,-0.7452263040209394,1.4516825767754173,1.4516825767754173,-0.8556350580301921,1.4516825767754173,-0.8556350580301921,0.9109050061178527,-0.7533716725540432,-0.8476512599858821,1.4516825767754173,1.4516825767754173,-0.8556350580301921,1.4516825767754173,-0.8556350580301921,-0.2788056493287897,1.4516825767754173,1.4516825767754173,-0.8556350580301921,-0.8556350580301921,-0.59926643194068,1.4516825767754173,1.4516825767754173,-0.8556350580301921,1.4516825767754173,-0.8556350580301921,0.9109050061178527,-0.4864642364612945,-0.5729886477665049,1.4516825767754173,1.4516825767754173,-0.8556350580301921,1.4516825767754173,-0.8556350580301921,-0.59926643194068,1.4516825767754173,1.4516825767754173,-0.2788056493287897,1.4516825767754173,-0.8498667639431781,-0.59926643194068,1.4516825767754173,1.4516825767754173,-0.8556350580301921,1.4516825767754173,-0.8556350580301921,1.4516825767754173,1.4516825767754173,-0.6479764708976872,1.4516825767754173,-0.7633423526379678,1.4516825767754173,-0.8556350580301921,-0.59926643194068,1.4516825767754173,1.4516825767754173,-0.8556350580301921,1.4516825767754173,-0.8556350580301921,0.9109050061178527,-0.5424534400094861,-0.7496867992891182,1.4516825767754173,1.4516825767754173,-0.8556350580301921,1.4516825767754173,-0.8556350580301921,-0.7578335319873938,1.4516825767754173,1.4516825767754173,-0.8556350580301921,1.4516825767754173,-0.8556350580301921,0.16983944632785655,1.4516825767754173,1.4516825767754173,-0.02500070950017269,-0.8556350580301921,-0.6672825980460608,-0.59926643194068,1.4516825767754173,1.4516825767754173,-0.8556350580301921,1.4516825767754173,-0.8556350580301921,0.9109050061178527,-0.6840163909785353,-0.8010239897507694,1.4516825767754173,-0.8365663172466746,1.4516825767754173,1.4516825767754173,-0.8556350580301921,1.4516825767754173,-0.8556350580301921,-0.6776012899124753,1.4516825767754173,1.4516825767754173,-0.8085469430341592,1.4516825767754173,0.0,1.4516825767754173,-0.7114277058548415,-0.59926643194068,1.4516825767754173,1.4516825767754173,-0.8556350580301921,1.4516825767754173,-0.8556350580301921,-0.43184202306589653,-0.6530721929718121,-0.5613343393049868,1.4516825767754173,-0.7114277058548415,1.4516825767754173,1.4516825767754173,-0.8556350580301921,1.4516825767754173,-0.8556350580301921,-0.7416934464348534,1.4516825767754173,1.4516825767754173,-0.8556350580301921,1.4516825767754173,-0.8556350580301921,1.0132922261623518,-0.7585487144223296,1.4516825767754173,1.4516825767754173,-0.8556350580301921,1.4516825767754173,-0.8556350580301921,-0.7496867992891182,-0.7114277058548415,1.4516825767754173,1.4516825767754173,-0.8556350580301921,1.4516825767754173,-0.8556350580301921,1.4516825767754173,1.4516825767754173,-0.727894289321231,-0.59926643194068,1.4516825767754173,1.4516825767754173,-0.8556350580301921,1.4516825767754173,-0.8556350580301921,1.0132922261623518,-0.3998686116488372,1.4516825767754173,1.4516825767754173,-0.8556350580301921,1.4516825767754173,-0.8556350580301921,-0.59926643194068,1.4516825767754173,1.4516825767754173,-0.8556350580301921,-0.59926643194068,1.4516825767754173,1.4516825767754173,-0.8556350580301921,1.4516825767754173,-0.8556350580301921,1.4516825767754173,-0.8556350580301921,-0.7416934464348534,-0.59926643194068,1.4516825767754173,1.4516825767754173,-0.8556350580301921,1.4516825767754173,-0.8556350580301921,1.4516825767754173,1.4516825767754173,-0.59926643194068,1.4516825767754173,-0.8271496551313574,-0.7114277058548415,-0.59926643194068,1.4516825767754173,1.4516825767754173,-0.8556350580301921,1.4516825767754173,-0.8556350580301921,-0.843863029281184,1.4516825767754173,1.4516825767754173,-0.8556350580301921,1.4516825767754173,-0.8556350580301921,0.9109050061178527,-0.6776012899124753,-0.59926643194068,1.4516825767754173,1.4516825767754173,-0.8556350580301921,-0.8556350580301921,-0.8556350580301921,1.4516825767754173,1.4516825767754173,1.4516825767754173,1.4516825767754173,1.4516825767754173,1.4516825767754173,-0.2788056493287897,0.16983944632785655,0.16983944632785655,0.16983944632785655,0.16983944632785655,0.16983944632785655,0.16983944632785655,0.16983944632785655,-0.59926643194068,-0.59926643194068,-0.2788056493287897,-0.8556350580301921,-0.8556350580301921,-0.8556350580301921,1.4516825767754173,-0.8556350580301921,-0.8556350580301921,-0.8556350580301921,-0.8556350580301921,1.4516825767754173,1.4516825767754173,-0.8556350580301921,-0.8556350580301921,-0.8556350580301921,-0.2788056493287897,-0.2788056493287897,-0.59926643194068,-0.2788056493287897,1.4516825767754173,1.4516825767754173,1.4516825767754173,1.4516825767754173,1.4516825767754173,1.4516825767754173,1.4516825767754173,1.4516825767754173,1.4516825767754173,1.4516825767754173,1.4516825767754173,1.4516825767754173,-0.2788056493287897,-0.2788056493287897,1.4516825767754173,-0.59926643194068,-0.2788056493287897,-0.2788056493287897,-0.2788056493287897,1.4516825767754173,-0.2788056493287897,-0.2788056493287897,-0.59926643194068,1.4516825767754173,1.4516825767754173,-0.59926643194068,0.16983944632785655,1.4516825767754173,1.4516825767754173,1.4516825767754173,-0.791542901507814,1.4516825767754173,1.4516825767754173,-0.59926643194068,-0.4550590797653293,1.4516825767754173
-0.7383952689010893,-0.2834513481892721,1.4965912411460476,-0.7633598448510573,1.4965912411460476,1.4965912411460476,1.4965912411460476,-0.49006343445140743,-0.49006343445140743,-0.49006343445140743,-0.49006343445140743,-0.49006343445140743,-0.49006343445140743,-0.49006343445140743,1.4965912411460476,1.4965912411460476,1.4965912411460476,-0.49006343445140743,1.4965912411460476,-0.7738712452510439,-0.49006343445140743,-0.7738712452510439,-0.49006343445140743,-0.7738712452510439,-0.49006343445140743,-0.7738712452510439,-0.49006343445140743,-0.7738712452510439,-0.49006343445140743,1.4965912411460476,1.4965912411460476,1.4965912411460476,1.4965912411460476,1.4965912411460476,1.4965912411460476,1.4965912411460476,1.4965912411460476,-0.49006343445140743,-0.49006343445140743,1.4965912411460476,1.4965912411460476,1.4965912411460476,-0.49006343445140743,1.4965912411460476,1.4965912411460476,1.4965912411460476,1.4965912411460476,1.4965912411460476,-0.10114161965190568,1.4965912411460476,1.4965912411460476,-0.49006343445140743,1.4965912411460476,1.4965912411460476,1.4965912411460476,1.4965912411460476,-0.49006343445140743,1.4965912411460476,1.4965912411460476,1.4965912411460476,1.4965912411460476,-0.49006343445140743,1.4965912411460476,1.4965912411460476,1.4965912411460476,-0.49006343445140743,-0.49006343445140743,1.4965912411460476,1.4965912411460476,1.4965912411460476,1.4965912411460476,1.4965912411460476,1.4965912411460476,1.4965912411460476,1.4965912411460476,-0.49006343445140743,-0.49006343445140743,-0.49006343445140743,1.4965912411460476,1.4965912411460476,1.4965912411460476,1.4965912411460476,1.4965912411460476,-0.7672518210924518,-0.6897800420511516,-0.6897800420511516,1.4965912411460476,-0.49006343445140743,-0.7738712452510439,-0.49006343445140743,-0.7738712452510439,-0.49006343445140743,-0.7738712452510439,-0.49006343445140743,-0.49006343445140743,1.4965912411460476,1.4965912411460476,1.4965912411460476,1.4965912411460476,-0.10114161965190568,1.4965912411460476,1.4965912411460476,1.4965912411460476,1.4965912411460476,-0.6897800420511516,-0.10114161965190568,1.4965912411460476,1.4965912411460476,1.4965912411460476,1.4965912411460476,1.4965912411460476,-0.49006343445140743,1.4965912411460476,1.4965912411460476,1.4965912411460476,1.4965912411460476,1.4965912411460476,1.4965912411460476,1.4965912411460476,1.4965912411460476,1.4965912411460476,1.4965912411460476,1.4965912411460476,1.4965912411460476,1.4965912411460476,-0.42943367694428514,-0.5745439487772251,-0.49006343445140743,1.4965912411460476,-0.3502280991011493,1.4965912411460476,-0.49006343445140743,-0.6897800420511516,-0.5951467929690571,-0.6897800420511516,-0.10114161965190568,-0.10114161965190568,-0.10114161965190568,-0.49006343445140743,1.4965912411460476,-0.7738712452510439,1.4965912411460476,-0.7738712452510439,0.8207471265395059,-0.7738712452510439,1.4965912411460476,-0.7738712452510439,0.2943984842883285,-0.7738712452510439,1.4965912411460476,-0.7738712452510439,0.8207471265395059,-0.7738712452510439,1.4965912411460476,-0.7738712452510439,0.7471612407532576,-0.7738712452510439,1.4965912411460476,-0.7738712452510439,0.7471612407532576,-0.7738712452510439,1.4965912411460476,-0.7738712452510439,0.8207471265395059,-0.7738712452510439,1.4965912411460476,-0.7738712452510439,0.7471612407532576,-0.49006343445140743,1.4965912411460476,-0.7738712452510439,1.4965912411460476,-0.7738712452510439,-0.7633598448510573,-0.7572488867926397,1.4965912411460476,1.4965912411460476,-0.7738712452510439,1.4965912411460476,-0.7738712452510439,0.8207471265395059,-0.720915851982307,-0.7557075453598672,1.4965912411460476,1.4965912411460476,-0.7738712452510439,1.4965912411460476,-0.7738712452510439,0.2943984842883285,-0.6984718669445807,1.4965912411460476,1.4965912411460476,-0.7738712452510439,1.4965912411460476,-0.7738712452510439,-0.4428517837556231,-0.49006343445140743,1.4965912411460476,1.4965912411460476,-0.7738712452510439,1.4965912411460476,-0.7738712452510439,0.8207471265395059,-0.43697583458882533,1.4965912411460476,1.4965912411460476,-0.7738712452510439,1.4965912411460476,-0.7738712452510439,-0.6096306140012543,1.4965912411460476,-0.7738712452510439,1.4965912411460476,-0.6897800420511516,1.4965912411460476,1.4965912411460476,-0.7738712452510439,1.4965912411460476,-0.7738712452510439,0.7471612407532576,-0.7515306887157955,-0.7633598448510573,1.4965912411460476,1.4965912411460476,-0.7738712452510439,1.4965912411460476,-0.7738712452510439,-0.730816549212699,1.4965912411460476,-0.7738712452510439,-0.6897800420511516,1.4965912411460476,-0.7738712452510439,1.4965912411460476,-0.7383952689010893,-0.6897800420511516,1.4965912411460476,1.4965912411460476,-0.7738712452510439,1.4965912411460476,-0.7738712452510439,0.7471612407532576,-0.7645714309067614,-0.7733169331205758,1.4965912411460476,-0.7383952689010893,1.4965912411460476,1.4965912411460476,-0.7738712452510439,1.4965912411460476,-0.7738712452510439,0.8207471265395059,-0.7734819341251185,1.4965912411460476,1.4965912411460476,-0.7738712452510439,1.4965912411460476,-0.7738712452510439,-0.7489553331918166,-0.6897800420511516,1.4965912411460476,-0.3502280991011493,-0.6897800420511516,1.4965912411460476,1.4965912411460476,-0.7738712452510439,1.4965912411460476,-0.7738712452510439,-0.6446915407450645,1.4965912411460476,-0.7738712452510439,-0.7489553331918166,-0.7383952689010893,-0.6897800420511516,-0.6897800420511516,1.4965912411460476,1.4965912411460476,-0.7738712452510439,1.4965912411460476,-0.7738712452510439,0.7471612407532576,-0.7505452149395755,-0.49006343445140743,1.4965912411460476,-0.7125687581183223,1.4965912411460476,-0.7383952689010893,1.4965912411460476,1.4965912411460476,-0.7738712452510439,1.4965912411460476,-0.7738712452510439,-0.6897800420511516,1.4965912411460476,1.4965912411460476,-0.7738712452510439,1.4965912411460476,-0.7738712452510439,0.7471612407532576,-0.7229265973406859,1.4965912411460476,1.4965912411460476,-0.7738712452510439,1.4965912411460476,-0.7738712452510439,-0.7694367482072996,1.4965912411460476,-0.7672518210924518,-0.7459684290777524,1.4965912411460476,1.4965912411460476,-0.7383952689010893,1.4965912411460476,1.4965912411460476,-0.7738712452510439,1.4965912411460476,-0.7738712452510439,0.8207471265395059,-0.7602245886836685,-0.7633598448510573,1.4965912411460476,1.4965912411460476,-0.7738712452510439,1.4965912411460476,-0.7738712452510439,1.4965912411460476,1.4965912411460476,-0.6541398250699473,1.4965912411460476,-0.7515306887157955,-0.6897800420511516,1.4965912411460476,1.4965912411460476,-0.7738712452510439,1.4965912411460476,-0.7738712452510439,0.881295907332436,-0.7662084343594536,-0.6897800420511516,1.4965912411460476,1.4965912411460476,-0.7738712452510439,1.4965912411460476,-0.7738712452510439,-0.7557075453598672,1.4965912411460476,-0.7383952689010893,1.4965912411460476,1.4965912411460476,-0.7694367482072996,-0.7383952689010893,-0.6897800420511516,1.4965912411460476,1.4965912411460476,-0.7738712452510439,1.4965912411460476,-0.7738712452510439,0.7471612407532576,-0.7324938125641163,1.4965912411460476,1.4965912411460476,-0.730816549212699,1.4965912411460476,-0.7738712452510439,-0.6897800420511516,1.4965912411460476,1.4965912411460476,-0.7738712452510439,1.4965912411460476,-0.7738712452510439,0.7471612407532576,-0.7725573202010455,1.4965912411460476,-0.7707567562436405,1.4965912411460476,1.4965912411460476,-0.7738712452510439,1.4965912411460476,-0.7738712452510439,-0.7712230895590805,1.4965912411460476,1.4965912411460476,-0.7738712452510439,1.4965912411460476,-0.7738712452510439,0.7471612407532576,-0.7716007827646468,1.4965912411460476,-0.7707567562436405,1.4965912411460476,1.4965912411460476,-0.7738712452510439,1.4965912411460476,-0.7738712452510439,0.881295907332436,-0.730816549212699,1.4965912411460476,1.4965912411460476,-0.7738712452510439,1.4965912411460476,-0.7738712452510439,-0.7633598448510573,1.4965912411460476,1.4965912411460476,0.0,1.4965912411460476,-0.7707567562436405,1.4965912411460476,1.4965912411460476,-0.7383952689010893,-0.6897800420511516,1.4965912411460476,1.4965912411460476,-0.7738712452510439,1.4965912411460476,-0.7738712452510439,0.7471612407532576,-0.7666504074024881,1.4965912411460476,1.4965912411460476,-0.7738712452510439,1.4965912411460476,-0.7738712452510439,0.6559243730048503,-0.62856164612163,-0.6994727304967839,1.4965912411460476,1.4965912411460476,-0.7738712452510439,1.4965912411460476,-0.7738712452510439,-0.7045822289425389,1.4965912411460476,-0.7738712452510439,-0.49006343445140743,1.4965912411460476,-0.7738712452510439,-0.6897800420511516,1.4965912411460476,1.4965912411460476,-0.7738712452510439,1.4965912411460476,-0.7738712452510439,0.7471612407532576,-0.7653250874147289,1.4965912411460476,-0.7489553331918166,1.4965912411460476,1.4965912411460476,-0.7738712452510439,1.4965912411460476,-0.7738712452510439,-0.7501051126572267,1.4965912411460476,1.4965912411460476,-0.7738712452510439,1.4965912411460476,-0.7738712452510439,0.7471612407532576,-0.7526859997153369,-0.7734091116287363,1.4965912411460476,1.4965912411460476,-0.7738712452510439,1.4965912411460476,-0.7738712452510439,-0.49006343445140743,1.4965912411460476,1.4965912411460476,-0.7738712452510439,-0.7738712452510439,-0.6897800420511516,1.4965912411460476,1.4965912411460476,-0.7738712452510439,1.4965912411460476,-0.7738712452510439,0.7471612407532576,-0.62856164612163,-0.6765251661467686,1.4965912411460476,1.4965912411460476,-0.7738712452510439,1.4965912411460476,-0.7738712452510439,-0.6897800420511516,1.4965912411460476,1.4965912411460476,-0.49006343445140743,1.4965912411460476,-0.7735874374402443,-0.6897800420511516,1.4965912411460476,1.4965912411460476,-0.7738712452510439,1.4965912411460476,-0.7738712452510439,1.4965912411460476,1.4965912411460476,-0.7125687581183223,1.4965912411460476,-0.7557075453598672,1.4965912411460476,-0.7738712452510439,-0.6897800420511516,1.4965912411460476,1.4965912411460476,-0.7738712452510439,1.4965912411460476,-0.7738712452510439,0.7471612407532576,-0.6603315699581145,-0.7515306887157955,1.4965912411460476,1.4965912411460476,-0.7738712452510439,1.4965912411460476,-0.7738712452510439,-0.7540572661946068,1.4965912411460476,1.4965912411460476,-0.7738712452510439,1.4965912411460476,-0.7738712452510439,-0.10114161965190568,1.4965912411460476,1.4965912411460476,-0.2834513481892721,-0.7738712452510439,-0.720915851982307,-0.6897800420511516,1.4965912411460476,1.4965912411460476,-0.7738712452510439,1.4965912411460476,-0.7738712452510439,0.7471612407532576,-0.7278137793361517,-0.7656037441626612,1.4965912411460476,-0.772165413180122,1.4965912411460476,1.4965912411460476,-0.7738712452510439,1.4965912411460476,-0.7738712452510439,-0.7252073545103656,1.4965912411460476,1.4965912411460476,-0.7672518210924518,1.4965912411460476,0.0,1.4965912411460476,-0.7383952689010893,-0.6897800420511516,1.4965912411460476,1.4965912411460476,-0.7738712452510439,1.4965912411460476,-0.7738712452510439,-0.5951467929690571,-0.7148113055550976,-0.6704427427730423,1.4965912411460476,-0.7383952689010893,1.4965912411460476,1.4965912411460476,-0.7738712452510439,1.4965912411460476,-0.7738712452510439,-0.7489553331918166,1.4965912411460476,1.4965912411460476,-0.7738712452510439,1.4965912411460476,-0.7738712452510439,0.881295907332436,-0.7542742056341368,1.4965912411460476,1.4965912411460476,-0.7738712452510439,1.4965912411460476,-0.7738712452510439,-0.7515306887157955,-0.7383952689010893,1.4965912411460476,1.4965912411460476,-0.7738712452510439,1.4965912411460476,-0.7738712452510439,1.4965912411460476,1.4965912411460476,-0.7442946934233594,-0.6897800420511516,1.4965912411460476,1.4965912411460476,-0.7738712452510439,1.4965912411460476,-0.7738712452510439,0.881295907332436,-0.5745439487772251,1.4965912411460476,1.4965912411460476,-0.7738712452510439,1.4965912411460476,-0.7738712452510439,-0.6897800420511516,1.4965912411460476,1.4965912411460476,-0.7738712452510439,-0.6897800420511516,1.4965912411460476,1.4965912411460476,-0.7738712452510439,1.4965912411460476,-0.7738712452510439,1.4965912411460476,-0.7738712452510439,-0.7489553331918166,-0.6897800420511516,1.4965912411460476,1.4965912411460476,-0.7738712452510439,1.4965912411460476,-0.7738712452510439,1.4965912411460476,1.4965912411460476,-0.6897800420511516,1.4965912411460476,-0.7707567562436405,-0.7383952689010893,-0.6897800420511516,1.4965912411460476,1.4965912411460476,-0.7738712452510439,1.4965912411460476,-0.7738712452510439,-0.7730438172312198,1.4965912411460476,1.4965912411460476,-0.7738712452510439,1.4965912411460476,-0.7738712452510439,0.7471612407532576,-0.7252073545103656,-0.6897800420511516,1.4965912411460476,1.4965912411460476,-0.7738712452510439,-0.7738712452510439,-0.7738712452510439,1.4965912411460476,1.4965912411460476,1.4965912411460476,1.4965912411460476,1.4965912411460476,1.4965912411460476,-0.49006343445140743,-0.10114161965190568,-0.10114161965190568,-0.10114161965190568,-0.10114161965190568,-0.10114161965190568,-0.10114161965190568,-0.10114161965190568,-0.6897800420511516,-0.6897800420511516,-0.49006343445140743,-0.7738712452510439,-0.7738712452510439,-0.7738712452510439,1.4965912411460476,-0.7738712452510439,-0.7738712452510439,-0.7738712452510439,-0.7738712452510439,1.4965912411460476,1.4965912411460476,-0.7738712452510439,-0.7738712452510439,-0.7738712452510439,-0.49006343445140743,-0.49006343445140743,-0.6897800420511516,-0.49006343445140743,1.4965912411460476,1.4965912411460476,1.4965912411460476,1.4965912411460476,1.4965912411460476,1.4965912411460476,1.4965912411460476,1.4965912411460476,1.4965912411460476,1.4965912411460476,1.4965912411460476,1.4965912411460476,-0.49006343445140743,-0.49006343445140743,1.4965912411460476,-0.6897800420511516,-0.49006343445140743,-0.49006343445140743,-0.49006343445140743,1.4965912411460476,-0.49006343445140743,-0.49006343445140743,-0.6897800420511516,1.4965912411460476,1.4965912411460476,-0.6897800420511516,-0.10114161965190568,1.4965912411460476,1.4965912411460476,1.4965912411460476,-0.7633598448510573,1.4965912411460476,1.4965912411460476,-0.6897800420511516,-0.6096306140012543,1.4965912411460476
-1.0,-1.0,-1.0,-1.0,-1.0,-1.0,-1.0,-1.0,-1.0,-1.0,-1.0,-1.0,-1.0,-1.0,-1.0,-1.0,-1.0,-1.0,-1.0,-1.0,-1.0,-1.0,-1.0,-1.0,-1.0,-1.0,-1.0,-1.0,-1.0,-1.0,-1.0,-1.0,-1.0,-1.0,-1.0,-1.0,-1.0,-1.0,-1.0,-1.0,-1.0,-1.0,-1.0,-1.0,-1.0,-1.0,-1.0,-1.0,-1.0,-1.0,-1.0,-1.0,-1.0,-1.0,-1.0,-1.0,-1.0,-1.0,-1.0,-1.0,-1.0,-1.0,-1.0,-1.0,-1.0,-1.0,-1.0,-1.0,-1.0,-1.0,-1.0,-1.0,-1.0,-1.0,-1.0,-1.0,-1.0,-1.0,-1.0,-1.0,-1.0,-1.0,-1.0,-1.0,-1.0,-1.0,-1.0,-1.0,-1.0,-1.0,-1.0,-1.0,-1.0,-1.0,-1.0,-1.0,-1.0,-1.0,-1.0,-1.0,-1.0,-1.0,-1.0,-1.0,-1.0,-1.0,-1.0,-1.0,-1.0,-1.0,-1.0,-1.0,-1.0,-1.0,-1.0,-1.0,-1.0,-1.0,-1.0,-1.0,-1.0,-1.0,-1.0,-1.0,-1.0,-1.0,-1.0,-1.0,-1.0,-1.0,1.0,-1.0,-1.0,-1.0,-1.0,-1.0,-1.0,-1.0,-1.0,-1.0,-1.0,-1.0,-1.0,-1.0,-1.0,-1.0,-1.0,-1.0,-1.0,-1.0,-1.0,-1.0,-1.0,-1.0,-1.0,-1.0,-1.0,-1.0,-1.0,-1.0,-1.0,-1.0,-1.0,-1.0,-1.0,-1.0,-1.0,-1.0,-1.0,-1.0,-1.0,-1.0,-1.0,-1.0,-1.0,-1.0,-1.0,-1.0,-1.0,-1.0,-1.0,-1.0,-1.0,-1.0,-1.0,-1.0,-1.0,-1.0,-1.0,-1.0,-1.0,-1.0,-1.0,-1.0,-1.0,-1.0,-1.0,-1.0,-1.0,-1.0,-1.0,-1.0,-1.0,-1.0,-1.0,-1.0,-1.0,-1.0,-1.0,-1.0,-1.0,-1.0,-1.0,-1.0,-1.0,-1.0,-1.0,-1.0,-1.0,-1.0,-1.0,-1.0,-1.0,-1.0,-1.0,-1.0,-1.0,-1.0,-1.0,-1.0,-1.0,-1.0,-1.0,-1.0,-1.0,-1.0,-1.0,-1.0,-1.0,-1.0,-1.0,-1.0,-1.0,-1.0,-1.0,-1.0,-1.0,-1.0,-1.0,-1.0,-1.0,-1.0,-1.0,-1.0,-1.0,-1.0,-1.0,-1.0,-1.0,-1.0,-1.0,-1.0,-1.0,-1.0,-1.0,-1.0,-1.0,-1.0,-1.0,-1.0,-1.0,-1.0,-1.0,-1.0,-1.0,-1.0,-1.0,-1.0,-1.0,-1.0,-1.0,-1.0,-1.0,-1.0,-1.0,-1.0,-1.0,-1.0,-1.0,-1.0,-1.0,-1.0,-1.0,-1.0,-1.0,-1.0,-1.0,-1.0,-1.0,-1.0,-1.0,-1.0,-1.0,-1.0,-1.0,-1.0,-1.0,-1.0,-1.0,-1.0,-1.0,-1.0,-1.0,-1.0,-1.0,-1.0,-1.0,-1.0,-1.0,-1.0,-1.0,-1.0,-1.0,-1.0,-1.0,-1.0,-1.0,-1.0,-1.0,-1.0,-1.0,-1.0,-1.0,-1.0,-1.0,-1.0,-1.0,-1.0,-1.0,-1.0,-1.0,-1.0,-1.0,-1.0,-1.0,-1.0,-1.0,-1.0,-1.0,-1.0,-1.0,-1.0,-1.0,-1.0,-1.0,-1.0,-1.0,-1.0,-1.0,-1.0,-1.0,-1.0,-1.0,-1.0,-1.0,-1.0,-1.0,-1.0,-1.0,-1.0,-1.0,-1.0,-1.0,-1.0,-1.0,-1.0,-1.0,-1.0,-1.0,-1.0,-1.0,-1.0,-1.0,-1.0,-1.0,-1.0,-1.0,-1.0,-1.0,-1.0,-1.0,-1.0,-1.0,-1.0,-1.0,-1.0,-1.0,-1.0,-1.0,-1.0,-1.0,-1.0,-1.0,-1.0,-1.0,-1.0,-1.0,-1.0,-1.0,-1.0,-1.0,-1.0,-1.0,-1.0,-1.0,-1.0,-1.0,-1.0,-1.0,-1.0,-1.0,-1.0,-1.0,-1.0,-1.0,-1.0,-1.0,-1.0,-1.0,-1.0,-1.0,-1.0,-1.0,-1.0,-1.0,-1.0,-1.0,-1.0,-1.0,-1.0,-1.0,-1.0,-1.0,-1.0,-1.0,-1.0,-1.0,-1.0,-1.0,-1.0,-1.0,-1.0,-1.0,-1.0,-1.0,-1.0,-1.0,-1.0,-1.0,-1.0,-1.0,-1.0,-1.0,-1.0,-1.0,-1.0,-1.0,-1.0,-1.0,-1.0,-1.0,-1.0,-1.0,-1.0,-1.0,-1.0,-1.0,-1.0,-1.0,-1.0,-1.0,-1.0,-1.0,-1.0,-1.0,-1.0,-1.0,-1.0,-1.0,-1.0,-1.0,-1.0,-1.0,-1.0,-1.0,-1.0,-1.0,-1.0,-1.0,-1.0,-1.0,-1.0,-1.0,-1.0,-1.0,-1.0,-1.0,-1.0,-1.0,-1.0,-1.0,-1.0,-1.0,-1.0,-1.0,-1.0,-1.0,-1.0,-1.0,-1.0,-1.0,-1.0,-1.0,-1.0,-1.0,-1.0,-1.0,-1.0,-1.0,-1.0,-1.0,-1.0,-1.0,-1.0,-1.0,-1.0,-1.0,-1.0,-1.0,-1.0,-1.0,-1.0,-1.0,-1.0,-1.0,-1.0,-1.0,-1.0,-1.0,-1.0,-1.0,-1.0,-1.0,-1.0,-1.0,-1.0,-1.0,-1.0,-1.0,-1.0,-1.0,-1.0,-1.0,-1.0,-1.0,-1.0,-1.0,-1.0,-1.0,-1.0,-1.0,-1.0,-1.0,-1.0,-1.0,-1.0,-1.0,-1.0,-1.0,-1.0,-1.0,-1.0,-1.0,-1.0,-1.0,-1.0,-1.0,-1.0,-1.0,-1.0,-1.0,-1.0,-1.0,-1.0,-1.0,-1.0,-1.0,-1.0,-1.0,-1.0,-1.0,-1.0,-1.0,-1.0,-1.0,-1.0,-1.0,-1.0,-1.0,-1.0,-1.0,-1.0,-1.0,-1.0,-1.0,-1.0,-1.0,-1.0,-1.0,-1.0,-1.0,-1.0,-1.0,-1.0,-1.0,-1.0,-1.0,-1.0,-1.0,-1.0,-1.0,-1.0,-1.0,-1.0,-1.0,-1.0,-1.0,-1.0,-1.0,-1.0,-1.0,-1.0,-1.0,-1.0,-1.0,-1.0,-1.0,-1.0,-1.0,-1.0,-1.0,-1.0,-1.0,-1.0,-1.0,-1.0,-1.0,-1.0,-1.0,-1.0,-1.0,-1.0,-1.0,-1.0,-1.0,-1.0,-1.0,-1.0,-1.0,-1.0,-1.0,-1.0,-1.0,-1.0,-1.0,-1.0,-1.0,-1.0,-1.0,-1.0,-1.0,-1.0,-1.0,-1.0,-1.0,-1.0,-1.0,-1.0,-1.0,-1.0,-1.0,-1.0,-1.0,-1.0,-1.0,-1.0,-1.0,-1.0,-1.0,-1.0,-1.0,-1.0,-1.0,-1.0,-1.0,-1.0,-1.0,-1.0,-1.0,-1.0,-1.0,-1.0,-1.0,-1.0,-1.0,-1.0,-1.0,-1.0,-1.0,-1.0,-1.0
1.0,1.0,1.0,1.0,1.0,1.0,1.0,1.0,1.0,1.0,1.0,1.0,1.0,1.0,1.0,1.0,1.0,1.0,1.0,1.0,1.0,1.0,1.0,1.0,1.0,1.0,1.0,1.0,1.0,1.0,1.0,1.0,1.0,1.0,1.0,1.0,1.0,1.0,1.0,1.0,1.0,1.0,1.0,1.0,1.0,1.0,1.0,1.0,1.0,1.0,1.0,1.0,1.0,1.0,1.0,1.0,1.0,1.0,1.0,1.0,1.0,1.0,1.0,1.0,1.0,1.0,1.0,1.0,1.0,1.0,1.0,1.0,1.0,1.0,1.0,1.0,1.0,1.0,1.0,1.0,1.0,1.0,1.0,1.0,1.0,1.0,1.0,1.0,1.0,1.0,1.0,1.0,1.0,1.0,1.0,1.0,1.0,1.0,1.0,1.0,1.0,1.0,1.0,1.0,1.0,1.0,1.0,1.0,1.0,1.0,1.0,1.0,1.0,1.0,1.0,1.0,1.0,1.0,1.0,1.0,1.0,1.0,1.0,1.0,1.0,1.0,1.0,1.0,1.0,1.0,1.0,1.0,1.0,1.0,1.0,1.0,1.0,1.0,1.0,1.0,1.0,1.0,1.0,1.0,1.0,1.0,1.0,1.0,1.0,1.0,1.0,1.0,1.0,1.0,1.0,1.0,1.0,1.0,1.0,1.0,1.0,1.0,1.0,1.0,1.0,1.0,1.0,1.0,1.0,1.0,1.0,1.0,1.0,1.0,1.0,1.0,1.0,1.0,1.0,1.0,1.0,1.0,1.0,1.0,1.0,1.0,1.0,1.0,1.0,1.0,1.0,1.0,1.0,1.0,1.0,1.0,1.0,1.0,1.0,1.0,1.0,1.0,1.0,1.0,1.0,1.0,1.0,1.0,1.0,1.0,1.0,1.0,1.0,1.0,1.0,1.0,1.0,1.0,1.0,1.0,1.0,1.0,1.0,1.0,1.0,1.0,1.0,1.0,1.0,1.0,1.0,1.0,1.0,1.0,1.0,1.0,1.0,1.0,1.0,1.0,1.0,1.0,1.0,1.0,1.0,1.0,1.0,1.0,1.0,1.0,1.0,1.0,1.0,1.0,1.0,1.0,1.0,1.0,1.0,1.0,1.0,1.0,1.0,1.0,1.0,1.0,1.0,1.0,1.0,1.0,1.0,1.0,1.0,1.0,1.0,1.0,1.0,1.0,1.0,1.0,1.0,1.0,1.0,1.0,1.0,1.0,1.0,1.0,1.0,1.0,1.0,1.0,1.0,1.0,1.0,1.0,1.0,1.0,1.0,1.0,1.0,1.0,1.0,1.0,1.0,1.0,1.0,1.0,1.0,1.0,1.0,1.0,1.0,1.0,1.0,1.0,1.0,1.0,1.0,1.0,1.0,1.0,1.0,1.0,1.0,1.0,1.0,1.0,1.0,1.0,1.0,1.0,1.0,1.0,1.0,1.0,1.0,1.0,1.0,1.0,1.0,1.0,1.0,1.0,1.0,1.0,1.0,1.0,1.0,1.0,1.0,1.0,1.0,1.0,1.0,1.0,1.0,1.0,1.0,1.0,1.0,1.0,1.0,1.0,1.0,1.0,1.0,1.0,1.0,1.0,1.0,1.0,1.0,1.0,1.0,1.0,1.0,1.0,1.0,1.0,1.0,1.0,1.0,1.0,1.0,1.0,1.0,1.0,1.0,1.0,1.0,1.0,1.0,1.0,1.0,1.0,1.0,1.0,1.0,1.0,1.0,1.0,1.0,1.0,1.0,1.0,1.0,1.0,1.0,1.0,1.0,1.0,1.0,1.0,1.0,1.0,1.0,1.0,1.0,1.0,1.0,1.0,1.0,1.0,1.0,1.0,1.0,1.0,1.0,1.0,1.0,1.0,1.0,1.0,1.0,1.0,1.0,1.0,1.0,1.0,1.0,1.0,1.0,1.0,1.0,1.0,1.0,1.0,1.0,1.0,1.0,1.0,1.0,1.0,1.0,1.0,1.0,1.0,1.0,1.0,1.0,1.0,1.0,1.0,1.0,1.0,1.0,1.0,1.0,1.0,1.0,1.0,1.0,1.0,1.0,1.0,1.0,1.0,1.0,1.0,1.0,1.0,1.0,1.0,1.0,1.0,1.0,1.0,1.0,1.0,1.0,1.0,1.0,1.0,1.0,1.0,1.0,1.0,1.0,1.0,1.0,1.0,1.0,1.0,1.0,1.0,1.0,1.0,1.0,1.0,1.0,1.0,1.0,1.0,1.0,1.0,1.0,1.0,1.0,1.0,1.0,1.0,1.0,1.0,1.0,1.0,1.0,1.0,1.0,1.0,1.0,1.0,1.0,1.0,1.0,1.0,1.0,1.0,1.0,1.0,1.0,1.0,1.0,1.0,1.0,1.0,1.0,1.0,1.0,1.0,1.0,1.0,1.0,1.0,1.0,1.0,1.0,1.0,1.0,1.0,1.0,1.0,1.0,1.0,1.0,1.0,1.0,1.0,1.0,1.0,1.0,1.0,1.0,1.0,1.0,1.0,1.0,1.0,1.0,1.0,1.0,1.0,1.0,1.0,1.0,1.0,1.0,1.0,1.0,1.0,1.0,1.0,1.0,1.0,1.0,1.0,1.0,1.0,1.0,1.0,1.0,1.0,1.0,1.0,1.0,1.0,1.0,1.0,1.0,1.0,1.0,1.0,1.0,1.0,1.0,1.0,1.0,1.0,1.0,1.0,1.0,1.0,1.0,1.0,1.0,1.0,1.0,1.0,1.0,1.0,1.0,1.0,1.0,1.0,1.0,1.0,1.0,1.0,1.0,1.0,1.0,1.0,1.0,1.0,1.0,1.0,1.0,1.0,1.0,1.0,1.0,1.0,1.0,1.0,1.0,1.0,1.0,1.0,1.0,1.0,1.0,1.0,1.0,1.0,1.0,1.0,1.0,1.0,1.0,1.0,1.0,1.0,1.0,1.0,1.0,1.0,1.0,1.0,1.0,1.0,1.0,1.0,1.0,1.0,1.0,1.0,1.0,1.0,1.0,1.0,1.0,1.0,1.0,1.0,1.0,1.0,1.0,1.0,1.0,1.0,1.0,1.0,1.0,1.0,1.0,1.0,1.0,1.0,1.0,1.0,1.0,1.0,1.0,1.0,1.0,1.0,1.0,1.0,1.0,1.0,1.0
1.0,0.0,0.0,0.0,0.0,0.0,0.0,0.0,0.0,0.0,0.0,0.0,0.0,0.0,0.0,0.0,0.0,0.0,0.0,0.0,0.0,0.0,0.0,0.0,0.0,0.0,0.0,0.0,0.0,0.0,0.0,0.0,0.0,0.0,0.0,0.0,0.0,0.0,0.0,0.0,0.0,0.0,0.0,0.0,0.0,0.0,0.0,0.0,0.0,0.0,0.0,0.0,0.0,0.0,0.0,0.0,0.0,0.0,0.0,0.0,0.0,0.0,0.0,0.0,0.0,0.0,0.0,0.0,0.0,0.0,0.0,0.0,0.0,0.0,0.0,0.0,0.0,0.0,0.0,0.0,0.0,0.0,0.0,0.0,0.0,0.0,0.0,0.0,0.0,0.0,0.0,0.0,0.0,0.0,0.0,0.0,0.0,0.0,0.0,0.0,0.0,0.0,0.0,0.0,0.0,0.0,0.0,0.0,0.0,0.0,0.0,0.0,0.0,0.0,0.0,0.0,0.0,0.0,0.0,0.0,0.0,0.0,0.0,0.0,0.0,0.0,0.0,0.0,0.0,0.0,0.0,0.0,0.0,0.0,0.0,0.0,0.0,0.0,0.0,0.0,0.0,0.0,0.0,0.0,0.0,0.0,0.0,0.0,0.0,0.0,0.0,0.0,0.0,0.0,0.0,0.0,0.0,0.0,0.0,0.0,0.0,0.0,0.0,0.0,0.0,0.0,0.0,0.0,0.0,0.0,0.0,0.0,0.0,0.0,0.0,0.0,0.0,0.0,0.0,0.0,0.0,0.0,0.0,0.0,0.0,0.0,0.0,0.0,0.0,0.0,0.0,0.0,0.0,0.0,0.0,0.0,0.0,0.0,0.0,0.0,0.0,0.0,0.0,0.0,0.0,0.0,0.0,0.0,0.0,0.0,0.0,0.0,0.0,0.0,0.0,0.0,0.0,0.0,0.0,0.0,0.0,0.0,0.0,0.0,0.0,0.0,0.0,0.0,0.0,0.0,0.0,0.0,0.0,0.0,0.0,0.0,0.0,0.0,0.0,0.0,0.0,0.0,0.0,0.0,0.0,0.0,0.0,0.0,0.0,0.0,0.0,0.0,0.0,0.0,0.0,0.0,0.0,0.0,0.0,0.0,0.0,0.0,0.0,0.0,0.0,0.0,0.0,0.0,0.0,0.0,0.0,0.0,0.0,0.0,0.0,0.0,0.0,0.0,0.0,0.0,0.0,0.0,0.0,0.0,0.0,0.0,0.0,0.0,0.0,0.0,0.0,0.0,0.0,0.0,0.0,0.0,0.0,0.0,0.0,0.0,0.0,0.0,0.0,0.0,0.0,0.0,0.0,0.0,0.0,0.0,0.0,0.0,0.0,0.0,0.0,0.0,0.0,0.0,0.0,0.0,0.0,0.0,0.0,0.0,0.0,0.0,0.0,0.0,0.0,0.0,0.0,0.0,0.0,0.0,0.0,0.0,0.0,0.0,0.0,0.0,0.0,0.0,0.0,0.0,0.0,0.0,0.0,0.0,0.0,0.0,0.0,0.0,0.0,0.0,0.0,0.0,0.0,0.0,0.0,0.0,0.0,0.0,0.0,0.0,0.0,0.0,0.0,0.0,0.0,0.0,0.0,0.0,0.0,0.0,0.0,0.0,0.0,0.0,0.0,0.0,0.0,0.0,0.0,0.0,0.0,0.0,0.0,0.0,0.0,0.0,0.0,0.0,0.0,0.0,0.0,0.0,0.0,0.0,0.0,0.0,0.0,0.0,0.0,0.0,0.0,0.0,0.0,0.0,0.0,0.0,0.0,0.0,0.0,0.0,0.0,0.0,0.0,0.0,0.0,0.0,0.0,0.0,0.0,0.0,0.0,0.0,0.0,0.0,0.0,0.0,0.0,0.0,0.0,0.0,0.0,0.0,0.0,0.0,0.0,0.0,0.0,0.0,0.0,0.0,0.0,0.0,0.0,0.0,0.0,0.0,0.0,0.0,0.0,0.0,0.0,0.0,0.0,0.0,0.0,0.0,0.0,0.0,0.0,0.0,0.0,0.0,0.0,0.0,0.0,0.0,0.0,0.0,0.0,0.0,0.0,0.0,0.0,0.0,0.0,0.0,0.0,0.0,0.0,0.0,0.0,0.0,0.0,0.0,0.0,0.0,0.0,0.0,0.0,0.0,0.0,0.0,0.0,0.0,0.0,0.0,0.0,0.0,0.0,0.0,0.0,0.0,0.0,0.0,0.0,0.0,0.0,0.0,0.0,0.0,0.0,0.0,0.0,0.0,0.0,0.0,0.0,0.0,0.0,0.0,0.0,0.0,0.0,0.0,0.0,0.0,0.0,0.0,0.0,0.0,0.0,0.0,0.0,0.0,0.0,0.0,0.0,0.0,0.0,0.0,0.0,0.0,0.0,0.0,0.0,0.0,0.0,0.0,0.0,0.0,0.0,0.0,0.0,0.0,0.0,0.0,0.0,0.0,0.0,0.0,0.0,0.0,0.0,0.0,0.0,0.0,0.0,0.0,0.0,0.0,0.0,0.0,0.0,0.0,0.0,0.0,0.0,0.0,0.0,0.0,0.0,0.0,0.0,0.0,0.0,0.0,0.0,0.0,0.0,0.0,0.0,0.0,0.0,0.0,0.0,0.0,0.0,0.0,0.0,0.0,0.0,0.0,0.0,0.0,0.0,0.0,0.0,0.0,0.0,0.0,0.0,0.0,0.0,0.0,0.0,0.0,0.0,0.0,0.0,0.0,0.0,0.0,0.0,0.0,0.0,0.0,0.0,0.0,0.0,0.0,0.0,0.0,0.0,0.0,0.0,0.0,0.0,0.0,0.0,0.0,0.0,0.0,0.0,0.0,0.0,0.0,0.0,0.0,0.0,0.0,0.0,0.0,0.0,0.0,0.0,0.0,0.0,0.0,0.0,0.0,0.0,0.0,0.0,0.0,0.0,0.0,0.0,0.0,0.0,0.0,0.0,0.0,0.0,0.0,0.0,0.0,0.0,0.0,0.0,0.0,0.0,0.0,0.0,0.0,0.0,0.0,0.0,0.0,0.0,0.0,0.0,0.0,0.0,0.0,0.0,0.0,0.0,0.0,0.0,0.0,0.0,0.0,0.0,0.0,0.0,0.0,0.0,0.0,0.0,0.0,0.0,0.0,0.0,0.0,0.0,0.0,1.0
-0.44478764478764476,0.6439024390243901,-1.0,-1.0,-0.3555555555555555,-0.3555555555555555,-0.3555555555555555,0.8601398601398602,0.8412698412698412,0.8412698412698412,1.0,1.0,1.0,1.0,1.0,1.0,1.0,1.0,0.8601398601398602,1.0,1.0,1.0,1.0,1.0,1.0,1.0,1.0,-1.0,-1.0,1.0,1.0,1.0,1.0,1.0,-1.0,-1.0,0.913978494623656,1.0,1.0,1.0,1.0,1.0,1.0,1.0,1.0,1.0,1.0,0.7777777777777777,1.0,1.0,1.0,1.0,1.0,0.8305084745762712,1.0,1.0,1.0,1.0,1.0,1.0,1.0,1.0,0.7741935483870968,1.0,1.0,1.0,1.0,1.0,1.0,1.0,1.0,0.8021978021978022,1.0,1.0,1.0,1.0,1.0,1.0,1.0,1.0,1.0,1.0,1.0,-1.0,-1.0,1.0,1.0,0.5670103092783505,1.0,1.0,1.0,1.0,1.0,1.0,1.0,1.0,1.0,1.0,1.0,1.0,1.0,1.0,1.0,1.0,1.0,1.0,1.0,1.0,1.0,1.0,1.0,1.0,1.0,1.0,1.0,1.0,1.0,1.0,1.0,1.0,1.0,1.0,1.0,0.7419354838709677,-0.9310344827586207,-0.9310344827586207,-1.0,-1.0,-1.0,-0.5686886708296164,-0.7866666666666666,-1.0,-1.0,-1.0,-1.0,1.0,1.0,1.0,0.943089430894309,0.943089430894309,-1.0,-1.0,-1.0,1.0,-1.0,-1.0,-1.0,1.0,-1.0,-1.0,-1.0,1.0,-1.0,-1.0,-1.0,1.0,-1.0,-1.0,-1.0,1.0,-1.0,-1.0,-1.0,1.0,-1.0,-1.0,-1.0,1.0,-0.6287932251235003,-0.6287932251235003,-1.0,-1.0,1.0,-1.0,-1.0,1.0,1.0,-1.0,-1.0,1.0,-0.6282051282051282,-1.0,-1.0,1.0,1.0,-1.0,-1.0,1.0,-0.7467248908296944,-0.7467248908296944,1.0,1.0,-1.0,-1.0,1.0,-1.0,-1.0,1.0,1.0,-1.0,-1.0,1.0,-0.6759776536312849,-0.6759776536312849,1.0,1.0,-1.0,-1.0,1.0,-0.7586206896551724,-0.4509803921568627,-0.4509803921568627,-0.4509803921568627,-0.4509803921568627,1.0,1.0,-1.0,-1.0,1.0,-0.6813186813186813,-1.0,-1.0,1.0,1.0,-1.0,-1.0,1.0,-0.41630901287553645,-0.02857142857142858,-0.02857142857142858,0.125,0.125,0.125,0.125,0.125,-0.02857142857142858,1.0,1.0,-1.0,-1.0,1.0,-0.8599033816425121,-1.0,-1.0,-1.0,-1.0,1.0,1.0,-1.0,-1.0,1.0,-0.6441717791411044,-0.6441717791411044,1.0,1.0,-1.0,-1.0,1.0,-0.7777777777777778,-0.6455696202531646,-0.6455696202531646,-0.6455696202531646,-0.6455696202531646,1.0,1.0,-1.0,-1.0,1.0,-0.7026022304832713,-0.4244604316546763,-0.4244604316546763,-0.44680851063829785,-0.44680851063829785,-0.4244604316546763,-0.7026022304832713,1.0,1.0,-1.0,-1.0,1.0,-0.8027210884353742,-1.0,-1.0,-1.0,-1.0,-1.0,-1.0,1.0,1.0,-1.0,-1.0,1.0,-0.5606060606060606,1.0,1.0,-1.0,-1.0,1.0,-0.8104575163398693,-0.8104575163398693,1.0,1.0,-1.0,-1.0,1.0,-0.9589041095890412,-0.9589041095890412,-0.9589041095890412,-0.9744680851063829,-0.9744680851063829,-1.0,-1.0,1.0,1.0,-1.0,-1.0,1.0,-0.7734375,-1.0,-1.0,1.0,1.0,-1.0,-1.0,1.0,-0.7518248175182481,-0.7518248175182481,-0.9393939393939394,-0.9393939393939394,-0.9393939393939394,-0.7518248175182481,1.0,1.0,-1.0,-1.0,1.0,-0.7943262411347518,-1.0,-1.0,1.0,1.0,-1.0,-1.0,1.0,-0.8723404255319149,-0.8723404255319149,-0.8723404255319149,-0.19999999999999996,-0.19999999999999996,-0.16129032258064513,-0.16129032258064513,-0.19999999999999996,1.0,1.0,-1.0,-1.0,1.0,-0.5644699140401146,-0.6466165413533835,-0.44047619047619047,-0.44047619047619047,-0.467741935483871,-0.467741935483871,-0.467741935483871,-0.44047619047619047,1.0,1.0,-1.0,-1.0,1.0,-0.7859531772575251,-0.9727272727272728,-0.9727272727272728,-0.9727272727272728,1.0,1.0,-1.0,-1.0,1.0,-0.4821428571428571,1.0,1.0,-1.0,-1.0,1.0,-0.7264957264957265,-0.9615384615384616,-0.9615384615384616,-0.9615384615384616,1.0,1.0,-1.0,-1.0,1.0,-0.6568047337278107,-0.6568047337278107,1.0,1.0,-1.0,-1.0,1.0,-0.6230366492146597,-0.19999999999999996,-0.19999999999999996,-0.1594202898550725,-0.1594202898550725,-0.1594202898550725,-0.1594202898550725,-0.1594202898550725,-0.1594202898550725,-0.19999999999999996,1.0,1.0,-1.0,-1.0,1.0,-0.7670682730923695,-0.7670682730923695,1.0,1.0,-1.0,-1.0,1.0,-0.7707509881422925,-1.0,-1.0,1.0,1.0,-1.0,-1.0,1.0,-0.615686274509804,-0.4131736526946108,-0.4131736526946108,-0.4117647058823529,-0.4117647058823529,-0.4117647058823529,-0.4131736526946108,1.0,1.0,-1.0,-1.0,1.0,-0.8232044198895028,-0.9783393501805054,-0.9783393501805054,-0.9783393501805054,1.0,1.0,-1.0,-1.0,1.0,-0.7238095238095238,1.0,1.0,-1.0,-1.0,1.0,-0.8215384615384616,-1.0,-1.0,1.0,1.0,-1.0,-1.0,1.0,-0.05882352941176472,0.12676056338028174,0.12676056338028174,0.8571428571428572,0.8571428571428572,0.12676056338028174,1.0,1.0,-1.0,-1.0,1.0,-0.7707509881422925,-1.0,-1.0,1.0,1.0,-1.0,-1.0,1.0,-0.8390804597701149,-0.7640449438202247,-0.7640449438202247,-0.8947368421052632,-0.8947368421052632,-0.8947368421052632,-0.7640449438202247,1.0,1.0,-1.0,-1.0,1.0,-0.28888888888888886,-0.28888888888888886,-0.28057553956834536,-0.28057553956834536,-0.28057553956834536,-0.28057553956834536,-0.28057553956834536,-0.28888888888888886,1.0,1.0,-1.0,-1.0,1.0,-0.7913669064748201,-1.0,-1.0,1.0,1.0,-1.0,-1.0,1.0,-0.7170731707317073,1.0,1.0,-1.0,-1.0,1.0,-0.7311827956989247,-0.696969696969697,-0.696969696969697,-0.8307692307692307,-0.8307692307692307,-0.8307692307692307,-0.696969696969697,1.0,1.0,-1.0,-1.0,1.0,-0.8222222222222222,-0.9784172661870504,-0.9631901840490797,-0.9631901840490797,-0.9631901840490797,1.0,1.0,-1.0,-1.0,1.0,-0.406392694063927,0.0,0.0,0.146067415730337,0.146067415730337,0.146067415730337,0.146067415730337,0.146067415730337,0.0,1.0,1.0,-1.0,-1.0,1.0,-0.8,-1.0,-1.0,-1.0,-1.0,1.0,1.0,-1.0,-1.0,1.0,-0.6352201257861636,1.0,1.0,-1.0,-1.0,1.0,-0.8085808580858086,-0.8085808580858086,1.0,1.0,-1.0,-1.0,1.0,-1.0,-1.0,1.0,1.0,-1.0,-1.0,1.0,-0.78125,-0.78125,-0.78125,-0.78125,1.0,1.0,-1.0,-1.0,1.0,-0.5735294117647058,-0.5735294117647058,1.0,1.0,-1.0,-1.0,1.0,-0.7029702970297029,-0.6590909090909092,-0.6590909090909092,-0.6590909090909092,-0.6590909090909092,1.0,1.0,-1.0,-1.0,1.0,-0.7454545454545455,-0.7454545454545455,-0.7454545454545455,-0.7454545454545455,1.0,1.0,-1.0,-1.0,1.0,-0.45833333333333337,-0.45833333333333337,-0.5,-0.5,-0.5,-0.5,-0.45833333333333337,1.0,1.0,-1.0,-1.0,1.0,-0.6463414634146342,1.0,1.0,-1.0,-1.0,1.0,-0.8129032258064516,-1.0,-1.0,1.0,1.0,-1.0,-1.0,-1.0,1.0,1.0,1.0,1.0,0.922077922077922,0.922077922077922,0.922077922077922,1.0,1.0,1.0,1.0,1.0,1.0,1.0,0.922077922077922,-0.5483870967741935,-1.0,-1.0,-1.0,-1.0,-1.0,-1.0,-1.0,-1.0,-1.0,-1.0,-1.0,-1.0,-1.0,-1.0,-0.030303030303030276,-0.030303030303030276,-0.7647058823529411,-0.437125748502994,1.0,1.0,1.0,1.0,1.0,1.0,1.0,1.0,1.0,1.0,1.0,1.0,1.0,1.0,1.0,1.0,1.0,1.0,1.0,1.0,1.0,1.0,1.0,1.0,1.0,1.0,1.0,1.0,1.0,-1.0,-1.0,-0.525,-0.525,-0.7731958762886598,-0.7731958762886598,-0.44478764478764476
-0.4775130935520587,0.04722599305560278,0.04722599305560278,0.04722599305560278,0.5719650796632643,0.5719650796632643,0.5719650796632643,0.5719650796632643,0.5719650796632643,0.5719650796632643,1.0967041662709258,1.0967041662709258,1.0967041662709258,1.0967041662709258,1.0967041662709258,1.0967041662709258,1.0967041662709258,1.0967041662709258,0.5719650796632643,0.5719650796632643,0.5719650796632643,-0.4775130935520587,-0.4775130935520587,-0.4775130935520587,-0.4775130935520587,0.04722599305560278,0.04722599305560278,1.6214432528785871,1.6214432528785871,0.5719650796632643,0.5719650796632643,0.5719650796632643,0.5719650796632643,0.5719650796632643,-0.4775130935520587,-0.4775130935520587,0.5719650796632643,0.5719650796632643,0.5719650796632643,0.5719650796632643,0.5719650796632643,0.5719650796632643,0.5719650796632643,0.5719650796632643,0.5719650796632643,0.5719650796632643,0.5719650796632643,0.5719650796632643,0.5719650796632643,0.5719650796632643,0.5719650796632643,0.5719650796632643,0.5719650796632643,0.04722599305560278,0.04722599305560278,0.04722599305560278,0.04722599305560278,0.04722599305560278,0.04722599305560278,0.04722599305560278,0.04722599305560278,0.04722599305560278,0.04722599305560278,-0.4775130935520587,-0.4775130935520587,-0.4775130935520587,-0.4775130935520587,-0.4775130935520587,-0.4775130935520587,-0.4775130935520587,-0.4775130935520587,0.04722599305560278,0.04722599305560278,0.04722599305560278,0.04722599305560278,0.04722599305560278,0.04722599305560278,0.04722599305560278,0.04722599305560278,0.04722599305560278,0.04722599305560278,0.04722599305560278,0.04722599305560278,-0.4775130935520587,-0.4775130935520587,0.5719650796632643,0.5719650796632643,0.04722599305560278,-0.4775130935520587,-0.4775130935520587,-0.4775130935520587,-0.4775130935520587,0.04722599305560278,0.04722599305560278,0.5719650796632643,0.5719650796632643,0.5719650796632643,0.5719650796632643,0.5719650796632643,0.5719650796632643,0.5719650796632643,0.5719650796632643,0.5719650796632643,0.5719650796632643,0.5719650796632643,0.5719650796632643,0.5719650796632643,0.5719650796632643,0.5719650796632643,0.5719650796632643,0.5719650796632643,0.5719650796632643,0.5719650796632643,0.5719650796632643,0.5719650796632643,0.5719650796632643,-1.0022521801597202,-1.0022521801597202,-1.0022521801597202,-1.0022521801597202,-1.0022521801597202,-1.0022521801597202,-1.0022521801597202,-1.0022521801597202,-0.4775130935520587,-0.4775130935520587,-0.4775130935520587,-0.4775130935520587,-0.4775130935520587,-0.4775130935520587,-1.0022521801597202,-1.0022521801597202,-1.0022521801597202,-1.0022521801597202,-1.0022521801597202,-0.4775130935520587,-0.4775130935520587,-0.4775130935520587,-1.0022521801597202,-1.0022521801597202,-1.0022521801597202,-1.0022521801597202,-1.0022521801597202,-1.0022521801597202,-1.0022521801597202,-1.0022521801597202,-1.0022521801597202,-1.0022521801597202,-1.0022521801597202,-1.0022521801597202,-1.0022521801597202,-1.0022521801597202,-1.0022521801597202,-1.0022521801597202,-1.0022521801597202,-1.0022521801597202,-1.0022521801597202,-1.0022521801597202,-1.0022521801597202,-1.0022521801597202,-1.0022521801597202,-1.0022521801597202,-1.0022521801597202,-1.0022521801597202,-1.0022521801597202,-1.0022521801597202,-1.0022521801597202,-0.4775130935520587,-0.4775130935520587,-0.4775130935520587,-1.0022521801597202,-1.0022521801597202,-1.0022521801597202,-0.4775130935520587,-0.4775130935520587,1.0967041662709258,1.0967041662709258,-1.0022521801597202,-1.0022521801597202,-1.0022521801597202,-0.4775130935520587,-0.4775130935520587,-0.4775130935520587,1.0967041662709258,1.0967041662709258,-1.0022521801597202,-1.0022521801597202,-1.0022521801597202,-0.4775130935520587,-0.4775130935520587,1.0967041662709258,1.0967041662709258,-1.0022521801597202,-1.0022521801597202,-1.0022521801597202,-1.0022521801597202,-1.0022521801597202,1.0967041662709258,1.0967041662709258,-1.0022521801597202,-1.0022521801597202,-1.0022521801597202,-0.4775130935520587,-0.4775130935520587,1.0967041662709258,1.0967041662709258,-1.0022521801597202,-1.0022521801597202,-1.0022521801597202,-0.4775130935520587,-0.4775130935520587,-0.4775130935520587,-0.4775130935520587,-0.4775130935520587,1.0967041662709258,1.0967041662709258,-1.0022521801597202,-1.0022521801597202,-1.0022521801597202,-0.4775130935520587,-0.4775130935520587,-0.4775130935520587,1.0967041662709258,1.0967041662709258,-1.0022521801597202,-1.0022521801597202,-1.0022521801597202,0.04722599305560278,0.5719650796632643,0.5719650796632643,0.5719650796632643,0.5719650796632643,0.5719650796632643,0.5719650796632643,0.5719650796632643,0.5719650796632643,1.0967041662709258,1.0967041662709258,-1.0022521801597202,-1.0022521801597202,-1.0022521801597202,-0.4775130935520587,-0.4775130935520587,-0.4775130935520587,-1.0022521801597202,-1.0022521801597202,1.0967041662709258,1.0967041662709258,-1.0022521801597202,-1.0022521801597202,-1.0022521801597202,-1.0022521801597202,-1.0022521801597202,1.0967041662709258,1.0967041662709258,-1.0022521801597202,-1.0022521801597202,-1.0022521801597202,-0.4775130935520587,-0.4775130935520587,-0.4775130935520587,-0.4775130935520587,-0.4775130935520587,1.0967041662709258,1.0967041662709258,-1.0022521801597202,-1.0022521801597202,-1.0022521801597202,0.04722599305560278,0.5719650796632643,0.5719650796632643,0.5719650796632643,0.5719650796632643,0.5719650796632643,0.04722599305560278,1.0967041662709258,1.0967041662709258,-1.0022521801597202,-1.0022521801597202,-1.0022521801597202,-0.4775130935520587,-0.4775130935520587,-0.4775130935520587,-0.4775130935520587,-0.4775130935520587,-1.0022521801597202,-1.0022521801597202,1.0967041662709258,1.0967041662709258,-1.0022521801597202,-1.0022521801597202,-1.0022521801597202,-0.4775130935520587,1.0967041662709258,1.0967041662709258,-1.0022521801597202,-1.0022521801597202,-1.0022521801597202,-0.4775130935520587,-0.4775130935520587,1.0967041662709258,1.0967041662709258,-1.0022521801597202,-1.0022521801597202,-1.0022521801597202,0.04722599305560278,0.04722599305560278,0.04722599305560278,0.04722599305560278,0.04722599305560278,-1.0022521801597202,-1.0022521801597202,1.0967041662709258,1.0967041662709258,-1.0022521801597202,-1.0022521801597202,-1.0022521801597202,-0.4775130935520587,0.04722599305560278,0.04722599305560278,1.0967041662709258,1.0967041662709258,-1.0022521801597202,-1.0022521801597202,-1.0022521801597202,-1.0022521801597202,-1.0022521801597202,-1.0022521801597202,-1.0022521801597202,-1.0022521801597202,-1.0022521801597202,1.0967041662709258,1.0967041662709258,-1.0022521801597202,-1.0022521801597202,-1.0022521801597202,-0.4775130935520587,-0.4775130935520587,-0.4775130935520587,1.0967041662709258,1.0967041662709258,-1.0022521801597202,-1.0022521801597202,-1.0022521801597202,-1.0022521801597202,-1.0022521801597202,-1.0022521801597202,-0.4775130935520587,-0.4775130935520587,-0.4775130935520587,-0.4775130935520587,-0.4775130935520587,1.0967041662709258,1.0967041662709258,-1.0022521801597202,-1.0022521801597202,-1.0022521801597202,-0.4775130935520587,-0.4775130935520587,0.04722599305560278,0.04722599305560278,0.04722599305560278,0.04722599305560278,0.04722599305560278,0.04722599305560278,1.0967041662709258,1.0967041662709258,-1.0022521801597202,-1.0022521801597202,-1.0022521801597202,-0.4775130935520587,-0.4775130935520587,-0.4775130935520587,-0.4775130935520587,1.0967041662709258,1.0967041662709258,-1.0022521801597202,-1.0022521801597202,-1.0022521801597202,-1.0022521801597202,1.0967041662709258,1.0967041662709258,-1.0022521801597202,-1.0022521801597202,-1.0022521801597202,-0.4775130935520587,-0.4775130935520587,-0.4775130935520587,-0.4775130935520587,1.0967041662709258,1.0967041662709258,-1.0022521801597202,-1.0022521801597202,-1.0022521801597202,-0.4775130935520587,-0.4775130935520587,1.0967041662709258,1.0967041662709258,-1.0022521801597202,-1.0022521801597202,-1.0022521801597202,-0.4775130935520587,-0.4775130935520587,-0.4775130935520587,-0.4775130935520587,-0.4775130935520587,-0.4775130935520587,-0.4775130935520587,-0.4775130935520587,-0.4775130935520587,-0.4775130935520587,1.0967041662709258,1.0967041662709258,-1.0022521801597202,-1.0022521801597202,-1.0022521801597202,-1.0022521801597202,-1.0022521801597202,1.0967041662709258,1.0967041662709258,-1.0022521801597202,-1.0022521801597202,-1.0022521801597202,-0.4775130935520587,-0.4775130935520587,-0.4775130935520587,1.0967041662709258,1.0967041662709258,-1.0022521801597202,-1.0022521801597202,-1.0022521801597202,0.04722599305560278,0.04722599305560278,0.04722599305560278,0.04722599305560278,0.04722599305560278,0.04722599305560278,0.04722599305560278,1.0967041662709258,1.0967041662709258,-1.0022521801597202,-1.0022521801597202,-1.0022521801597202,-0.4775130935520587,-1.0022521801597202,-1.0022521801597202,-1.0022521801597202,1.0967041662709258,1.0967041662709258,-1.0022521801597202,-1.0022521801597202,-1.0022521801597202,-0.4775130935520587,1.0967041662709258,1.0967041662709258,-1.0022521801597202,-1.0022521801597202,-1.0022521801597202,-1.0022521801597202,-1.0022521801597202,-1.0022521801597202,1.0967041662709258,1.0967041662709258,-1.0022521801597202,-1.0022521801597202,-1.0022521801597202,0.04722599305560278,0.04722599305560278,0.04722599305560278,-0.4775130935520587,-0.4775130935520587,0.04722599305560278,1.0967041662709258,1.0967041662709258,-1.0022521801597202,-1.0022521801597202,-1.0022521801597202,-0.4775130935520587,-0.4775130935520587,-0.4775130935520587,1.0967041662709258,1.0967041662709258,-1.0022521801597202,-1.0022521801597202,-1.0022521801597202,-0.4775130935520587,-0.4775130935520587,-0.4775130935520587,-0.4775130935520587,-0.4775130935520587,-0.4775130935520587,-0.4775130935520587,1.0967041662709258,1.0967041662709258,-1.0022521801597202,-1.0022521801597202,-1.0022521801597202,0.04722599305560278,0.04722599305560278,0.04722599305560278,0.04722599305560278,0.04722599305560278,0.04722599305560278,0.04722599305560278,0.04722599305560278,1.0967041662709258,1.0967041662709258,-1.0022521801597202,-1.0022521801597202,-1.0022521801597202,-0.4775130935520587,-0.4775130935520587,-0.4775130935520587,1.0967041662709258,1.0967041662709258,-1.0022521801597202,-1.0022521801597202,-1.0022521801597202,-0.4775130935520587,1.0967041662709258,1.0967041662709258,-1.0022521801597202,-1.0022521801597202,-1.0022521801597202,0.04722599305560278,0.04722599305560278,0.04722599305560278,0.04722599305560278,0.04722599305560278,0.04722599305560278,0.04722599305560278,1.0967041662709258,1.0967041662709258,-1.0022521801597202,-1.0022521801597202,-1.0022521801597202,-1.0022521801597202,-1.0022521801597202,-1.0022521801597202,-1.0022521801597202,-1.0022521801597202,1.0967041662709258,1.0967041662709258,-1.0022521801597202,-1.0022521801597202,-1.0022521801597202,-0.4775130935520587,0.04722599305560278,0.04722599305560278,0.04722599305560278,0.04722599305560278,0.04722599305560278,0.04722599305560278,0.04722599305560278,0.04722599305560278,1.0967041662709258,1.0967041662709258,-1.0022521801597202,-1.0022521801597202,-1.0022521801597202,-1.0022521801597202,-1.0022521801597202,-1.0022521801597202,-1.0022521801597202,-1.0022521801597202,1.0967041662709258,1.0967041662709258,-1.0022521801597202,-1.0022521801597202,-1.0022521801597202,-1.0022521801597202,1.0967041662709258,1.0967041662709258,-1.0022521801597202,-1.0022521801597202,-1.0022521801597202,-0.4775130935520587,-0.4775130935520587,1.0967041662709258,1.0967041662709258,-1.0022521801597202,-1.0022521801597202,-1.0022521801597202,-0.4775130935520587,-0.4775130935520587,1.0967041662709258,1.0967041662709258,-1.0022521801597202,-1.0022521801597202,-1.0022521801597202,-0.4775130935520587,-0.4775130935520587,-0.4775130935520587,-0.4775130935520587,1.0967041662709258,1.0967041662709258,-1.0022521801597202,-1.0022521801597202,-1.0022521801597202,-0.4775130935520587,-0.4775130935520587,1.0967041662709258,1.0967041662709258,-1.0022521801597202,-1.0022521801597202,-1.0022521801597202,-0.4775130935520587,-0.4775130935520587,-0.4775130935520587,-0.4775130935520587,-0.4775130935520587,1.0967041662709258,1.0967041662709258,-1.0022521801597202,-1.0022521801597202,-1.0022521801597202,0.5719650796632643,0.5719650796632643,0.5719650796632643,0.5719650796632643,1.0967041662709258,1.0967041662709258,-1.0022521801597202,-1.0022521801597202,-1.0022521801597202,-0.4775130935520587,-0.4775130935520587,-0.4775130935520587,-0.4775130935520587,-0.4775130935520587,-0.4775130935520587,-0.4775130935520587,1.0967041662709258,1.0967041662709258,-1.0022521801597202,-1.0022521801597202,-1.0022521801597202,-1.0022521801597202,1.0967041662709258,1.0967041662709258,-1.0022521801597202,-1.0022521801597202,-1.0022521801597202,-0.4775130935520587,-0.4775130935520587,-0.4775130935520587,1.0967041662709258,1.0967041662709258,-1.0022521801597202,-1.0022521801597202,-1.0022521801597202,0.04722599305560278,0.04722599305560278,0.04722599305560278,0.04722599305560278,-0.4775130935520587,-0.4775130935520587,-0.4775130935520587,-0.4775130935520587,-0.4775130935520587,-0.4775130935520587,-0.4775130935520587,-0.4775130935520587,-0.4775130935520587,-0.4775130935520587,-0.4775130935520587,0.04722599305560278,0.5719650796632643,2.1461823394862485,2.1461823394862485,2.1461823394862485,-1.0022521801597202,-1.0022521801597202,-1.0022521801597202,-1.0022521801597202,-1.0022521801597202,-1.0022521801597202,1.6214432528785871,2.1461823394862485,2.1461823394862485,2.1461823394862485,1.0967041662709258,1.0967041662709258,0.04722599305560278,0.04722599305560278,-1.0022521801597202,-1.0022521801597202,-1.0022521801597202,-1.0022521801597202,-1.0022521801597202,-1.0022521801597202,-1.0022521801597202,0.5719650796632643,0.5719650796632643,0.5719650796632643,0.5719650796632643,0.5719650796632643,0.5719650796632643,0.5719650796632643,0.5719650796632643,0.5719650796632643,0.5719650796632643,0.5719650796632643,0.5719650796632643,0.5719650796632643,0.5719650796632643,0.5719650796632643,0.5719650796632643,0.5719650796632643,0.5719650796632643,0.04722599305560278,0.04722599305560278,0.04722599305560278,0.04722599305560278,0.04722599305560278,0.04722599305560278,0.5719650796632643,0.5719650796632643,0.04722599305560278,0.04722599305560278,-0.4775130935520587
1.0,1.0,1.0,1.0,1.0,1.0,1.0,1.0,1.0,1.0,1.0,1.0,1.0,1.0,1.0,1.0,1.0,1.0,1.0,1.0,1.0,1.0,1.0,1.0,1.0,1.0,1.0,-1.0,-1.0,-1.0,-1.0,-1.0,-1.0,-1.0,-1.0,-1.0,-1.0,-1.0,-1.0,-1.0,-1.0,-1.0,-1.0,-1.0,-1.0,-1.0,-1.0,-1.0,-1.0,-1.0,-1.0,-1.0,-1.0,-1.0,-1.0,-1.0,-1.0,-1.0,-1.0,-1.0,-1.0,-1.0,-1.0,-1.0,-1.0,-1.0,-1.0,-1.0,-1.0,-1.0,-1.0,-1.0,-1.0,-1.0,-1.0,-1.0,-1.0,-1.0,-1.0,-1.0,-1.0,-1.0,-1.0,1.0,1.0,1.0,1.0,1.0,1.0,1.0,1.0,1.0,1.0,1.0,1.0,1.0,1.0,1.0,1.0,1.0,1.0,1.0,1.0,1.0,1.0,1.0,1.0,1.0,1.0,1.0,1.0,-1.0,-1.0,-1.0,-1.0,-1.0,-1.0,-1.0,-1.0,-1.0,-1.0,-1.0,-1.0,-1.0,1.0,1.0,1.0,1.0,1.0,1.0,1.0,-1.0,-1.0,1.0,1.0,1.0,1.0,1.0,-1.0,-1.0,-1.0,-1.0,-1.0,-1.0,-1.0,-1.0,-1.0,-1.0,-1.0,-1.0,-1.0,-1.0,-1.0,-1.0,-1.0,-1.0,-1.0,-1.0,-1.0,-1.0,-1.0,-1.0,-1.0,-1.0,-1.0,-1.0,-1.0,-1.0,1.0,1.0,-1.0,-1.0,-1.0,1.0,1.0,-1.0,-1.0,-1.0,-1.0,-1.0,1.0,1.0,1.0,-1.0,-1.0,-1.0,-1.0,-1.0,1.0,1.0,-1.0,-1.0,-1.0,-1.0,-1.0,1.0,1.0,-1.0,-1.0,-1.0,-1.0,-1.0,1.0,1.0,-1.0,-1.0,-1.0,-1.0,-1.0,1.0,-1.0,-1.0,-1.0,-1.0,-1.0,-1.0,-1.0,-1.0,-1.0,1.0,1.0,1.0,-1.0,-1.0,-1.0,-1.0,-1.0,1.0,1.0,1.0,1.0,1.0,1.0,1.0,1.0,1.0,-1.0,-1.0,-1.0,-1.0,-1.0,1.0,1.0,1.0,1.0,1.0,-1.0,-1.0,-1.0,-1.0,-1.0,1.0,1.0,-1.0,-1.0,-1.0,-1.0,-1.0,1.0,1.0,1.0,1.0,1.0,-1.0,-1.0,-1.0,-1.0,-1.0,1.0,1.0,1.0,1.0,1.0,1.0,1.0,-1.0,-1.0,-1.0,-1.0,-1.0,1.0,1.0,1.0,1.0,1.0,1.0,1.0,-1.0,-1.0,-1.0,-1.0,-1.0,1.0,-1.0,-1.0,-1.0,-1.0,-1.0,1.0,1.0,-1.0,-1.0,-1.0,-1.0,-1.0,1.0,1.0,1.0,1.0,1.0,1.0,1.0,-1.0,-1.0,-1.0,-1.0,-1.0,1.0,1.0,1.0,-1.0,-1.0,-1.0,-1.0,-1.0,1.0,1.0,1.0,1.0,1.0,1.0,-1.0,-1.0,-1.0,-1.0,-1.0,1.0,1.0,1.0,-1.0,-1.0,-1.0,-1.0,-1.0,1.0,1.0,1.0,1.0,1.0,1.0,1.0,1.0,-1.0,-1.0,-1.0,-1.0,-1.0,1.0,1.0,1.0,1.0,1.0,1.0,1.0,1.0,-1.0,-1.0,-1.0,-1.0,-1.0,1.0,1.0,1.0,1.0,-1.0,-1.0,-1.0,-1.0,-1.0,1.0,-1.0,-1.0,-1.0,-1.0,-1.0,1.0,1.0,1.0,1.0,-1.0,-1.0,-1.0,-1.0,-1.0,1.0,1.0,-1.0,-1.0,-1.0,-1.0,-1.0,1.0,1.0,1.0,1.0,1.0,1.0,1.0,1.0,1.0,1.0,-1.0,-1.0,-1.0,-1.0,-1.0,1.0,1.0,-1.0,-1.0,-1.0,-1.0,-1.0,1.0,1.0,1.0,-1.0,-1.0,-1.0,-1.0,-1.0,1.0,1.0,1.0,1.0,1.0,1.0,1.0,-1.0,-1.0,-1.0,-1.0,-1.0,1.0,1.0,1.0,1.0,-1.0,-1.0,-1.0,-1.0,-1.0,1.0,-1.0,-1.0,-1.0,-1.0,-1.0,1.0,1.0,1.0,-1.0,-1.0,-1.0,-1.0,-1.0,-1.0,-1.0,-1.0,-1.0,-1.0,-1.0,-1.0,-1.0,-1.0,-1.0,-1.0,1.0,1.0,1.0,-1.0,-1.0,-1.0,-1.0,-1.0,1.0,1.0,1.0,1.0,1.0,1.0,1.0,-1.0,-1.0,-1.0,-1.0,-1.0,1.0,1.0,1.0,1.0,1.0,1.0,1.0,1.0,-1.0,-1.0,-1.0,-1.0,-1.0,1.0,1.0,1.0,-1.0,-1.0,-1.0,-1.0,-1.0,1.0,-1.0,-1.0,-1.0,-1.0,-1.0,1.0,1.0,1.0,1.0,1.0,1.0,1.0,-1.0,-1.0,-1.0,-1.0,-1.0,1.0,1.0,1.0,1.0,1.0,-1.0,-1.0,-1.0,-1.0,-1.0,1.0,1.0,1.0,1.0,1.0,1.0,1.0,1.0,1.0,-1.0,-1.0,-1.0,-1.0,-1.0,1.0,1.0,1.0,1.0,1.0,-1.0,-1.0,-1.0,-1.0,-1.0,1.0,-1.0,-1.0,-1.0,-1.0,-1.0,1.0,1.0,-1.0,-1.0,-1.0,-1.0,-1.0,1.0,1.0,-1.0,-1.0,-1.0,-1.0,-1.0,1.0,1.0,1.0,1.0,-1.0,-1.0,-1.0,-1.0,-1.0,1.0,1.0,-1.0,-1.0,-1.0,-1.0,-1.0,1.0,1.0,1.0,1.0,1.0,-1.0,-1.0,-1.0,-1.0,-1.0,1.0,1.0,1.0,1.0,-1.0,-1.0,-1.0,-1.0,-1.0,1.0,1.0,1.0,1.0,1.0,1.0,1.0,-1.0,-1.0,-1.0,-1.0,-1.0,1.0,-1.0,-1.0,-1.0,-1.0,-1.0,1.0,1.0,1.0,-1.0,-1.0,1.0,1.0,1.0,-1.0,-1.0,-1.0,-1.0,1.0,1.0,1.0,1.0,1.0,1.0,1.0,1.0,1.0,1.0,1.0,1.0,-1.0,-1.0,-1.0,-1.0,-1.0,-1.0,-1.0,-1.0,-1.0,-1.0,-1.0,-1.0,-1.0,-1.0,-1.0,-1.0,1.0,1.0,-1.0,-1.0,-1.0,-1.0,-1.0,-1.0,-1.0,-1.0,-1.0,-1.0,-1.0,-1.0,1.0,1.0,1.0,1.0,1.0,1.0,1.0,1.0,-1.0,-1.0,-1.0,-1.0,-1.0,1.0,1.0,1.0,1.0,1.0,1.0,1.0,1.0,1.0,1.0,1.0
-1.1160990983982957,-1.6410927202294108,-1.7193517912942373,-1.7193517912942373,-1.9010246348375845,-1.9010246348375845,-1.9010246348375845,-1.7920209287115763,-1.676605239872273,-1.676605239872273,-1.9429491371937413,-1.9429491371937413,-1.9429491371937413,-1.9429491371937413,-1.9429491371937413,-1.9429491371937413,-1.9429491371937413,-1.9429491371937413,-1.7920209287115763,0.17004578155657307,0.17004578155657307,0.17004578155657307,0.17004578155657307,0.17004578155657307,0.17004578155657307,0.17004578155657307,0.17004578155657307,-2.446043165467626,-2.446043165467626,-2.446043165467626,-2.446043165467626,-2.446043165467626,-2.446043165467626,-2.446043165467626,-2.446043165467626,-2.446043165467626,-2.446043165467626,-2.446043165467626,-2.446043165467626,-2.446043165467626,-2.446043165467626,-2.446043165467626,-2.446043165467626,-2.446043165467626,-2.446043165467626,-2.446043165467626,-2.446043165467626,-2.446043165467626,-2.446043165467626,-2.446043165467626,-2.446043165467626,-2.446043165467626,-2.446043165467626,-2.446043165467626,-2.446043165467626,-2.446043165467626,-2.446043165467626,-2.446043165467626,-2.446043165467626,-2.446043165467626,-2.446043165467626,-2.446043165467626,-2.446043165467626,-2.446043165467626,-2.446043165467626,-2.446043165467626,-2.446043165467626,-2.446043165467626,-2.446043165467626,-2.446043165467626,-2.446043165467626,-2.446043165467626,-2.446043165467626,-2.446043165467626,-2.446043165467626,-2.446043165467626,-2.446043165467626,-2.446043165467626,-2.446043165467626,-2.446043165467626,-2.446043165467626,-2.446043165467626,-2.446043165467626,0.17004578155657307,0.17004578155657307,-0.8109875735775016,-0.8109875735775016,-0.13772938868156795,0.17004578155657307,0.17004578155657307,0.17004578155657307,0.17004578155657307,0.17004578155657307,0.17004578155657307,-2.2124637951976083,-2.2124637951976083,-2.2124637951976083,-2.2124637951976083,-2.2124637951976083,-2.2124637951976083,-2.2124637951976083,-2.2124637951976083,-2.2124637951976083,-2.2124637951976083,-2.2124637951976083,-2.2124637951976083,-2.2124637951976083,-2.2124637951976083,-2.2124637951976083,-2.2124637951976083,-2.2124637951976083,-2.446043165467626,-2.446043165467626,-2.446043165467626,-2.446043165467626,-2.446043165467626,-2.446043165467626,-2.446043165467626,-2.446043165467626,-2.446043165467626,-2.446043165467626,-2.446043165467626,-2.446043165467626,-2.446043165467626,-1.2197514715500326,-1.2197514715500326,-0.5224483514792443,-0.5224483514792443,-0.6293147300341544,-1.0432728753141673,-2.1018209355960207,-2.446043165467626,-2.446043165467626,-1.7920209287115763,-1.7920209287115763,-0.9926604171208488,-0.9926604171208488,-0.9926604171208488,-2.446043165467626,-2.446043165467626,-2.446043165467626,-2.446043165467626,-2.446043165467626,-2.446043165467626,-2.446043165467626,-2.446043165467626,-2.446043165467626,-2.446043165467626,-2.446043165467626,-2.446043165467626,-2.446043165467626,-2.446043165467626,-2.446043165467626,-2.446043165467626,-2.446043165467626,-2.446043165467626,-2.446043165467626,-2.446043165467626,-2.446043165467626,-2.446043165467626,-2.446043165467626,-2.446043165467626,-2.446043165467626,-2.446043165467626,-2.446043165467626,-2.446043165467626,-2.446043165467626,-2.446043165467626,-0.977438561775784,-0.977438561775784,-2.446043165467626,-2.446043165467626,-2.446043165467626,-0.2259676829012185,-0.2259676829012185,-2.446043165467626,-2.446043165467626,-2.446043165467626,-2.446043165467626,-2.446043165467626,-1.7453050546575726,-0.8109875735775016,-0.8109875735775016,-2.446043165467626,-2.446043165467626,-2.446043165467626,-2.446043165467626,-2.446043165467626,-2.0001189131339556,-2.0001189131339556,-2.446043165467626,-2.446043165467626,-2.446043165467626,-2.446043165467626,-2.446043165467626,-0.8763897972531066,-0.8763897972531066,-2.446043165467626,-2.446043165467626,-2.446043165467626,-2.446043165467626,-2.446043165467626,-1.8514774956893987,-1.8514774956893987,-2.446043165467626,-2.446043165467626,-2.446043165467626,-2.446043165467626,-2.446043165467626,-2.1018209355960207,-2.446043165467626,-2.446043165467626,-2.446043165467626,-2.446043165467626,-2.446043165467626,-2.446043165467626,-2.446043165467626,-2.446043165467626,-2.446043165467626,-1.3248621881715406,-0.4839764551994768,-0.4839764551994768,-2.446043165467626,-2.446043165467626,-2.446043165467626,-2.446043165467626,-2.446043165467626,-1.484245758473435,-1.7575987057244156,-1.7575987057244156,-1.439855108919857,-1.439855108919857,-1.439855108919857,-1.439855108919857,-1.439855108919857,-1.7575987057244156,-2.446043165467626,-2.446043165467626,-2.446043165467626,-2.446043165467626,-2.446043165467626,-0.15271843918017883,0.5372161600862848,0.5372161600862848,-1.1379986919555263,-1.1379986919555263,-2.446043165467626,-2.446043165467626,-2.446043165467626,-2.446043165467626,-2.446043165467626,-0.7148078328780825,-0.7148078328780825,-2.446043165467626,-2.446043165467626,-2.446043165467626,-2.446043165467626,-2.446043165467626,-1.308613188500583,-1.9788844249275905,-1.9788844249275905,-1.9788844249275905,-1.9788844249275905,-2.446043165467626,-2.446043165467626,-2.446043165467626,-2.446043165467626,-2.446043165467626,-0.513704738688388,-1.4133764758528105,-1.4133764758528105,-0.9367610806459726,-0.9367610806459726,-1.4133764758528105,-0.513704738688388,-2.446043165467626,-2.446043165467626,-2.446043165467626,-2.446043165467626,-2.446043165467626,-1.1613566289825281,-0.6293147300341544,-0.6293147300341544,-0.6293147300341544,-0.6293147300341544,-1.1379986919555263,-1.1379986919555263,-2.446043165467626,-2.446043165467626,-2.446043165467626,-2.446043165467626,-2.446043165467626,-1.1379986919555263,-2.446043165467626,-2.446043165467626,-2.446043165467626,-2.446043165467626,-2.446043165467626,-0.6293147300341544,-0.6293147300341544,-2.446043165467626,-2.446043165467626,-2.446043165467626,-2.446043165467626,-2.446043165467626,-0.8109875735775016,-0.8109875735775016,-0.8109875735775016,-0.5528209011737977,-0.5528209011737977,-1.1379986919555263,-1.1379986919555263,-2.446043165467626,-2.446043165467626,-2.446043165467626,-2.446043165467626,-2.446043165467626,-0.9596289910220583,-0.11024946276744832,-0.11024946276744832,-2.446043165467626,-2.446043165467626,-2.446043165467626,-2.446043165467626,-2.446043165467626,-0.19079407320538536,-0.19079407320538536,0.39753177694998143,0.39753177694998143,0.39753177694998143,-0.19079407320538536,-2.446043165467626,-2.446043165467626,-2.446043165467626,-2.446043165467626,-2.446043165467626,-0.5434330221772995,0.30773467350521483,0.30773467350521483,-2.446043165467626,-2.446043165467626,-2.446043165467626,-2.446043165467626,-2.446043165467626,-1.1379986919555263,-1.1379986919555263,-1.1379986919555263,-1.356006104207543,-1.356006104207543,-0.8109875735775016,-0.8109875735775016,-1.356006104207543,-2.446043165467626,-2.446043165467626,-2.446043165467626,-2.446043165467626,-2.446043165467626,-1.0289949858295182,-0.5566455926168158,-1.1883080947829148,-1.1883080947829148,-0.8109875735775016,-0.8109875735775016,-0.8109875735775016,-1.1883080947829148,-2.446043165467626,-2.446043165467626,-2.446043165467626,-2.446043165467626,-2.446043165467626,-0.6418438916578336,-0.0124720519567433,-0.0124720519567433,-0.0124720519567433,-2.446043165467626,-2.446043165467626,-2.446043165467626,-2.446043165467626,-2.446043165467626,-1.1883080947829148,-2.446043165467626,-2.446043165467626,-2.446043165467626,-2.446043165467626,-2.446043165467626,-0.513704738688388,0.4857806544732866,0.4857806544732866,0.4857806544732866,-2.446043165467626,-2.446043165467626,-2.446043165467626,-2.446043165467626,-2.446043165467626,-1.6285153695225636,-1.6285153695225636,-2.446043165467626,-2.446043165467626,-2.446043165467626,-2.446043165467626,-2.446043165467626,-0.39612272190388786,-0.7582438448068525,-0.7582438448068525,-0.3531720078482668,-0.3531720078482668,-0.3531720078482668,-0.3531720078482668,-0.3531720078482668,-0.3531720078482668,-0.7582438448068525,-2.446043165467626,-2.446043165467626,-2.446043165467626,-2.446043165467626,-2.446043165467626,-0.9778299809132286,-0.9778299809132286,-2.446043165467626,-2.446043165467626,-2.446043165467626,-2.446043165467626,-2.446043165467626,-1.2569118259111718,-0.7019838674514933,-0.7019838674514933,-2.446043165467626,-2.446043165467626,-2.446043165467626,-2.446043165467626,-2.446043165467626,-1.5117256843875548,-1.691402123056799,-1.691402123056799,-1.4133764758528105,-1.4133764758528105,-1.4133764758528105,-1.691402123056799,-2.446043165467626,-2.446043165467626,-2.446043165467626,-2.446043165467626,-2.446043165467626,-0.7642716995234982,-0.3056067542660087,-0.3056067542660087,-0.3056067542660087,-2.446043165467626,-2.446043165467626,-2.446043165467626,-2.446043165467626,-2.446043165467626,-1.1044590900706008,-2.446043165467626,-2.446043165467626,-2.446043165467626,-2.446043165467626,-2.446043165467626,-0.5224483514792443,0.021965275121241096,0.021965275121241096,-2.446043165467626,-2.446043165467626,-2.446043165467626,-2.446043165467626,-2.446043165467626,-2.446043165467626,-2.446043165467626,-2.446043165467626,-2.446043165467626,-2.446043165467626,-2.446043165467626,-2.446043165467626,-2.446043165467626,-2.446043165467626,-2.446043165467626,-2.446043165467626,-1.7193517912942373,-1.356006104207543,-1.356006104207543,-2.446043165467626,-2.446043165467626,-2.446043165467626,-2.446043165467626,-2.446043165467626,-0.17118321153354002,-0.33629401464165914,-0.33629401464165914,0.17004578155657307,0.17004578155657307,0.17004578155657307,-0.33629401464165914,-2.446043165467626,-2.446043165467626,-2.446043165467626,-2.446043165467626,-2.446043165467626,-1.9615822493520334,-1.9615822493520334,-1.8231648447475786,-1.8231648447475786,-1.8231648447475786,-1.8231648447475786,-1.8231648447475786,-1.9615822493520334,-2.446043165467626,-2.446043165467626,-2.446043165467626,-2.446043165467626,-2.446043165467626,-0.8109875735775016,-0.0677804863547178,-0.0677804863547178,-2.446043165467626,-2.446043165467626,-2.446043165467626,-2.446043165467626,-2.446043165467626,-0.6913493595367607,-2.446043165467626,-2.446043165467626,-2.446043165467626,-2.446043165467626,-2.446043165467626,-0.8673688008840575,-0.6852140665090306,-0.6852140665090306,-0.15696533682145206,-0.15696533682145206,-0.15696533682145206,-0.6852140665090306,-2.446043165467626,-2.446043165467626,-2.446043165467626,-2.446043165467626,-2.446043165467626,-0.11664889756936679,0.4857806544732866,0.6423951747692754,0.6423951747692754,0.6423951747692754,-2.446043165467626,-2.446043165467626,-2.446043165467626,-2.446043165467626,-2.446043165467626,-1.0691542459812056,-2.119032047089601,-2.119032047089601,-1.9429491371937413,-1.9429491371937413,-1.9429491371937413,-1.9429491371937413,-1.9429491371937413,-2.119032047089601,-2.446043165467626,-2.446043165467626,-2.446043165467626,-2.446043165467626,-2.446043165467626,-0.9199912797035098,-0.5318317408157732,-0.5318317408157732,-1.1379986919555263,-1.1379986919555263,-2.446043165467626,-2.446043165467626,-2.446043165467626,-2.446043165467626,-2.446043165467626,-0.33008887008040616,-2.446043165467626,-2.446043165467626,-2.446043165467626,-2.446043165467626,-2.446043165467626,-0.9277772587125104,-0.9277772587125104,-2.446043165467626,-2.446043165467626,-2.446043165467626,-2.446043165467626,-2.446043165467626,-0.12971441028994973,-0.12971441028994973,-2.446043165467626,-2.446043165467626,-2.446043165467626,-2.446043165467626,-2.446043165467626,-0.7398982000170614,-0.7398982000170614,-0.7398982000170614,-0.7398982000170614,-2.446043165467626,-2.446043165467626,-2.446043165467626,-2.446043165467626,-2.446043165467626,-1.9429491371937413,-1.9429491371937413,-2.446043165467626,-2.446043165467626,-2.446043165467626,-2.446043165467626,-2.446043165467626,-0.2659690429474603,-0.2659690429474603,-0.2659690429474603,-0.2659690429474603,-0.2659690429474603,-2.446043165467626,-2.446043165467626,-2.446043165467626,-2.446043165467626,-2.446043165467626,-2.0100283409635926,-2.0100283409635926,-2.0100283409635926,-2.0100283409635926,-2.446043165467626,-2.446043165467626,-2.446043165467626,-2.446043165467626,-2.446043165467626,-0.606605624591236,-0.606605624591236,-0.1821200382351462,-0.1821200382351462,-0.1821200382351462,-0.1821200382351462,-0.606605624591236,-2.446043165467626,-2.446043165467626,-2.446043165467626,-2.446043165467626,-2.446043165467626,-0.9511351957395123,-2.446043165467626,-2.446043165467626,-2.446043165467626,-2.446043165467626,-2.446043165467626,-1.2986357325622755,-0.8888473636675076,-0.8888473636675076,-2.446043165467626,-2.446043165467626,-0.2659690429474603,-0.2659690429474603,-0.2659690429474603,-2.446043165467626,-2.446043165467626,-2.446043165467626,-2.446043165467626,-0.8109875735775016,-0.8109875735775016,-0.8109875735775016,-0.577408203307484,-0.577408203307484,-0.577408203307484,-0.577408203307484,-0.577408203307484,-0.577408203307484,-0.577408203307484,-0.8109875735775016,-1.922825376062786,-2.446043165467626,-2.446043165467626,-2.446043165467626,-2.446043165467626,-2.446043165467626,-2.446043165467626,-2.446043165467626,-2.446043165467626,-2.446043165467626,-2.446043165467626,-2.446043165467626,-2.446043165467626,-2.446043165467626,-2.446043165467626,-2.446043165467626,-2.446043165467626,-2.1487603305785123,-1.9615822493520334,-2.446043165467626,-2.446043165467626,-2.446043165467626,-2.446043165467626,-2.446043165467626,-2.446043165467626,-2.446043165467626,-2.446043165467626,-2.446043165467626,-2.446043165467626,-2.446043165467626,-2.446043165467626,-2.0100283409635926,-2.0100283409635926,-2.0100283409635926,-2.0100283409635926,-2.0100283409635926,-2.0100283409635926,-2.0100283409635926,-2.0100283409635926,-2.446043165467626,-2.446043165467626,-2.446043165467626,-2.446043165467626,-2.446043165467626,-1.7193517912942373,-1.7193517912942373,-1.7193517912942373,-1.7193517912942373,-1.7193517912942373,-1.7193517912942373,-1.8514774956893987,-1.8514774956893987,-1.1379986919555263,-1.1379986919555263,-1.1160990983982957
1.0,1.0,-1.0,-1.0,-1.0,-1.0,-1.0,-1.0,-1.0,-1.0,-1.0,-1.0,-1.0,-1.0,-1.0,-1.0,-1.0,-1.0,-1.0,-1.0,-1.0,-1.0,-1.0,-1.0,-1.0,-1.0,-1.0,-1.0,-1.0,-1.0,-1.0,-1.0,-1.0,-1.0,-1.0,-1.0,-1.0,-1.0,-1.0,-1.0,-1.0,-1.0,-1.0,-1.0,-1.0,-1.0,-1.0,-1.0,-1.0,-1.0,-1.0,-1.0,-1.0,-1.0,-1.0,-1.0,-1.0,-1.0,-1.0,-1.0,-1.0,-1.0,1.0,1.0,1.0,1.0,1.0,1.0,1.0,1.0,1.0,1.0,1.0,1.0,1.0,1.0,1.0,1.0,1.0,1.0,1.0,1.0,1.0,-1.0,-1.0,-1.0,-1.0,-1.0,-1.0,-1.0,-1.0,-1.0,-1.0,-1.0,-1.0,-1.0,-1.0,-1.0,-1.0,-1.0,-1.0,-1.0,-1.0,-1.0,-1.0,-1.0,-1.0,-1.0,-1.0,-1.0,-1.0,-1.0,-1.0,-1.0,-1.0,-1.0,-1.0,-1.0,-1.0,-1.0,-1.0,-1.0,-1.0,-1.0,-1.0,-1.0,-1.0,-1.0,-1.0,1.0,-1.0,-1.0,-1.0,-1.0,-1.0,-1.0,-1.0,-1.0,-1.0,-1.0,-1.0,-1.0,-1.0,-1.0,-1.0,-1.0,-1.0,-1.0,-1.0,-1.0,-1.0,-1.0,-1.0,-1.0,-1.0,-1.0,-1.0,-1.0,-1.0,-1.0,-1.0,-1.0,-1.0,-1.0,-1.0,-1.0,-1.0,-1.0,1.0,1.0,-1.0,-1.0,-1.0,-1.0,-1.0,-1.0,-1.0,-1.0,-1.0,-1.0,-1.0,-1.0,-1.0,-1.0,-1.0,-1.0,-1.0,-1.0,-1.0,-1.0,-1.0,-1.0,-1.0,-1.0,-1.0,-1.0,-1.0,-1.0,-1.0,-1.0,-1.0,-1.0,-1.0,-1.0,-1.0,-1.0,-1.0,-1.0,-1.0,1.0,1.0,1.0,1.0,1.0,-1.0,-1.0,-1.0,-1.0,-1.0,-1.0,-1.0,-1.0,-1.0,-1.0,-1.0,-1.0,-1.0,1.0,1.0,1.0,-1.0,-1.0,-1.0,-1.0,-1.0,1.0,-1.0,-1.0,-1.0,-1.0,-1.0,-1.0,-1.0,-1.0,-1.0,-1.0,-1.0,-1.0,-1.0,-1.0,-1.0,-1.0,-1.0,-1.0,-1.0,-1.0,-1.0,-1.0,1.0,1.0,1.0,1.0,1.0,-1.0,-1.0,-1.0,-1.0,-1.0,1.0,1.0,1.0,-1.0,-1.0,1.0,1.0,-1.0,-1.0,-1.0,-1.0,-1.0,-1.0,-1.0,-1.0,-1.0,-1.0,-1.0,-1.0,-1.0,-1.0,-1.0,-1.0,-1.0,-1.0,-1.0,-1.0,-1.0,-1.0,-1.0,-1.0,-1.0,-1.0,-1.0,-1.0,-1.0,-1.0,-1.0,-1.0,-1.0,-1.0,-1.0,-1.0,-1.0,-1.0,-1.0,-1.0,-1.0,-1.0,-1.0,-1.0,-1.0,-1.0,-1.0,-1.0,-1.0,-1.0,1.0,1.0,-1.0,-1.0,-1.0,1.0,-1.0,-1.0,-1.0,-1.0,-1.0,-1.0,-1.0,-1.0,-1.0,-1.0,-1.0,-1.0,-1.0,-1.0,-1.0,-1.0,1.0,1.0,-1.0,-1.0,1.0,-1.0,-1.0,-1.0,-1.0,-1.0,1.0,1.0,1.0,1.0,-1.0,-1.0,-1.0,1.0,-1.0,-1.0,-1.0,-1.0,-1.0,-1.0,-1.0,-1.0,-1.0,-1.0,-1.0,-1.0,-1.0,-1.0,-1.0,-1.0,-1.0,-1.0,-1.0,-1.0,-1.0,-1.0,-1.0,-1.0,-1.0,-1.0,-1.0,-1.0,-1.0,-1.0,-1.0,-1.0,-1.0,-1.0,-1.0,-1.0,1.0,1.0,1.0,-1.0,-1.0,-1.0,-1.0,-1.0,-1.0,1.0,-1.0,-1.0,-1.0,-1.0,-1.0,-1.0,-1.0,-1.0,-1.0,-1.0,-1.0,-1.0,1.0,1.0,1.0,-1.0,-1.0,-1.0,-1.0,-1.0,1.0,1.0,1.0,-1.0,-1.0,-1.0,1.0,-1.0,-1.0,-1.0,-1.0,-1.0,-1.0,-1.0,-1.0,-1.0,-1.0,-1.0,-1.0,-1.0,-1.0,-1.0,-1.0,-1.0,-1.0,-1.0,-1.0,-1.0,-1.0,-1.0,-1.0,-1.0,-1.0,-1.0,-1.0,1.0,1.0,1.0,-1.0,-1.0,1.0,-1.0,-1.0,-1.0,-1.0,-1.0,-1.0,-1.0,-1.0,-1.0,-1.0,-1.0,-1.0,-1.0,1.0,1.0,1.0,1.0,1.0,1.0,1.0,-1.0,-1.0,-1.0,-1.0,-1.0,1.0,1.0,-1.0,-1.0,-1.0,-1.0,-1.0,1.0,-1.0,-1.0,-1.0,-1.0,-1.0,-1.0,-1.0,-1.0,-1.0,-1.0,-1.0,-1.0,-1.0,-1.0,-1.0,-1.0,-1.0,-1.0,-1.0,1.0,1.0,1.0,-1.0,-1.0,-1.0,1.0,-1.0,-1.0,-1.0,-1.0,-1.0,-1.0,-1.0,-1.0,-1.0,-1.0,-1.0,-1.0,-1.0,-1.0,-1.0,1.0,1.0,1.0,-1.0,-1.0,-1.0,-1.0,-1.0,1.0,-1.0,-1.0,-1.0,-1.0,-1.0,-1.0,-1.0,-1.0,-1.0,-1.0,-1.0,-1.0,-1.0,-1.0,-1.0,-1.0,-1.0,-1.0,-1.0,-1.0,-1.0,-1.0,-1.0,-1.0,-1.0,-1.0,-1.0,-1.0,-1.0,-1.0,-1.0,-1.0,-1.0,-1.0,-1.0,1.0,1.0,1.0,1.0,-1.0,-1.0,-1.0,-1.0,-1.0,-1.0,-1.0,-1.0,-1.0,-1.0,-1.0,-1.0,1.0,1.0,1.0,1.0,1.0,-1.0,-1.0,-1.0,-1.0,-1.0,1.0,1.0,1.0,1.0,-1.0,-1.0,-1.0,-1.0,-1.0,1.0,1.0,-1.0,-1.0,-1.0,-1.0,1.0,-1.0,-1.0,-1.0,-1.0,-1.0,-1.0,-1.0,-1.0,-1.0,-1.0,-1.0,-1.0,-1.0,-1.0,-1.0,-1.0,-1.0,-1.0,-1.0,-1.0,-1.0,-1.0,-1.0,-1.0,-1.0,-1.0,-1.0,-1.0,-1.0,-1.0,-1.0,-1.0,-1.0,-1.0,-1.0,-1.0,-1.0,-1.0,-1.0,-1.0,-1.0,-1.0,-1.0,-1.0,-1.0,-1.0,-1.0,-1.0,-1.0,-1.0,-1.0,-1.0,-1.0,-1.0,-1.0,-1.0,-1.0,-1.0,-1.0,-1.0,-1.0,-1.0,-1.0,-1.0,-1.0,-1.0,-1.0,-1.0,-1.0,-1.0,-1.0,-1.0,-1.0,-1.0,-1.0,-1.0,-1.0,-1.0,-1.0,-1.0,-1.0,-1.0,-1.0,-1.0,-1.0,-1.0,-1.0,-1.0,1.0
1.0,-1.0,-1.0,-1.0,-1.0,-1.0,-1.0,-1.0,-1.0,-1.0,-1.0,-1.0,-1.0,-1.0,-1.0,-1.0,-1.0,-1.0,-1.0,-1.0,-1.0,-1.0,-1.0,-1.0,-1.0,-1.0,-1.0,-1.0,-1.0,-1.0,-1.0,-1.0,-1.0,-1.0,-1.0,-1.0,-1.0,-1.0,-1.0,-1.0,-1.0,-1.0,-1.0,-1.0,-1.0,-1.0,-1.0,-1.0,-1.0,-1.0,-1.0,-1.0,-1.0,-1.0,-1.0,-1.0,-1.0,-1.0,-1.0,-1.0,-1.0,-1.0,-1.0,-1.0,-1.0,-1.0,-1.0,-1.0,-1.0,-1.0,-1.0,-1.0,-1.0,-1.0,-1.0,-1.0,-1.0,-1.0,-1.0,-1.0,-1.0,-1.0,-1.0,-1.0,-1.0,-1.0,-1.0,-1.0,-1.0,-1.0,-1.0,-1.0,-1.0,-1.0,-1.0,-1.0,-1.0,-1.0,-1.0,-1.0,-1.0,-1.0,-1.0,-1.0,-1.0,-1.0,-1.0,-1.0,-1.0,-1.0,-1.0,-1.0,-1.0,-1.0,-1.0,-1.0,-1.0,-1.0,-1.0,-1.0,-1.0,-1.0,-1.0,-1.0,-1.0,-1.0,-1.0,-1.0,-1.0,-1.0,-1.0,-1.0,-1.0,-1.0,-1.0,-1.0,-1.0,-1.0,-1.0,-1.0,-1.0,-1.0,-1.0,-1.0,-1.0,-1.0,-1.0,-1.0,-1.0,-1.0,-1.0,-1.0,-1.0,-1.0,-1.0,-1.0,-1.0,-1.0,-1.0,-1.0,-1.0,-1.0,-1.0,-1.0,-1.0,-1.0,-1.0,-1.0,-1.0,-1.0,-1.0,-1.0,-1.0,-1.0,-1.0,-1.0,-1.0,-1.0,-1.0,-1.0,-1.0,-1.0,-1.0,-1.0,-1.0,-1.0,-1.0,-1.0,-1.0,-1.0,-1.0,-1.0,-1.0,-1.0,-1.0,-1.0,-1.0,-1.0,-1.0,-1.0,-1.0,-1.0,-1.0,-1.0,-1.0,-1.0,-1.0,-1.0,-1.0,-1.0,-1.0,-1.0,-1.0,-1.0,-1.0,-1.0,-1.0,-1.0,-1.0,-1.0,-1.0,-1.0,-1.0,-1.0,-1.0,-1.0,-1.0,-1.0,-1.0,-1.0,-1.0,-1.0,-1.0,-1.0,-1.0,-1.0,-1.0,-1.0,-1.0,-1.0,-1.0,-1.0,-1.0,-1.0,-1.0,-1.0,-1.0,-1.0,-1.0,-1.0,-1.0,-1.0,-1.0,-1.0,-1.0,-1.0,-1.0,-1.0,-1.0,-1.0,-1.0,-1.0,-1.0,-1.0,-1.0,-1.0,-1.0,-1.0,-1.0,-1.0,-1.0,-1.0,-1.0,-1.0,-1.0,-1.0,-1.0,-1.0,-1.0,-1.0,-1.0,-1.0,-1.0,-1.0,-1.0,-1.0,-1.0,-1.0,-1.0,-1.0,-1.0,-1.0,-1.0,-1.0,-1.0,-1.0,-1.0,-1.0,-1.0,-1.0,-1.0,-1.0,-1.0,-1.0,-1.0,-1.0,-1.0,-1.0,-1.0,-1.0,-1.0,-1.0,-1.0,-1.0,-1.0,-1.0,-1.0,-1.0,-1.0,-1.0,-1.0,-1.0,-1.0,-1.0,-1.0,-1.0,-1.0,-1.0,-1.0,-1.0,-1.0,-1.0,-1.0,-1.0,-1.0,-1.0,-1.0,-1.0,-1.0,-1.0,-1.0,-1.0,-1.0,-1.0,-1.0,-1.0,-1.0,-1.0,-1.0,-1.0,-1.0,-1.0,-1.0,-1.0,-1.0,-1.0,-1.0,-1.0,-1.0,-1.0,-1.0,-1.0,-1.0,-1.0,-1.0,-1.0,-1.0,-1.0,-1.0,-1.0,-1.0,-1.0,-1.0,-1.0,-1.0,-1.0,-1.0,-1.0,-1.0,-1.0,-1.0,-1.0,-1.0,-1.0,-1.0,-1.0,-1.0,-1.0,-1.0,-1.0,-1.0,-1.0,-1.0,-1.0,-1.0,-1.0,-1.0,-1.0,-1.0,-1.0,-1.0,-1.0,-1.0,-1.0,-1.0,-1.0,-1.0,-1.0,-1.0,-1.0,-1.0,-1.0,-1.0,-1.0,-1.0,-1.0,-1.0,-1.0,-1.0,-1.0,-1.0,-1.0,-1.0,-1.0,-1.0,-1.0,-1.0,-1.0,-1.0,-1.0,-1.0,-1.0,-1.0,-1.0,-1.0,-1.0,-1.0,-1.0,-1.0,-1.0,-1.0,-1.0,-1.0,-1.0,-1.0,-1.0,-1.0,-1.0,-1.0,-1.0,-1.0,-1.0,-1.0,-1.0,-1.0,-1.0,-1.0,-1.0,-1.0,-1.0,-1.0,-1.0,-1.0,-1.0,-1.0,-1.0,-1.0,-1.0,-1.0,-1.0,-1.0,-1.0,-1.0,-1.0,-1.0,-1.0,-1.0,-1.0,-1.0,-1.0,-1.0,-1.0,-1.0,-1.0,-1.0,-1.0,-1.0,-1.0,-1.0,-1.0,-1.0,-1.0,-1.0,-1.0,-1.0,-1.0,-1.0,-1.0,-1.0,-1.0,-1.0,-1.0,-1.0,-1.0,-1.0,-1.0,-1.0,-1.0,-1.0,-1.0,-1.0,-1.0,-1.0,-1.0,-1.0,-1.0,-1.0,-1.0,-1.0,-1.0,-1.0,-1.0,-1.0,-1.0,-1.0,-1.0,-1.0,-1.0,-1.0,-1.0,-1.0,-1.0,-1.0,-1.0,-1.0,-1.0,-1.0,-1.0,-1.0,-1.0,-1.0,-1.0,-1.0,-1.0,-1.0,-1.0,-1.0,-1.0,-1.0,-1.0,-1.0,-1.0,-1.0,-1.0,-1.0,-1.0,-1.0,-1.0,-1.0,-1.0,-1.0,-1.0,-1.0,-1.0,-1.0,-1.0,-1.0,-1.0,-1.0,-1.0,-1.0,-1.0,-1.0,-1.0,-1.0,-1.0,-1.0,-1.0,-1.0,-1.0,-1.0,-1.0,-1.0,-1.0,-1.0,-1.0,-1.0,-1.0,-1.0,-1.0,-1.0,-1.0,-1.0,-1.0,-1.0,-1.0,-1.0,-1.0,-1.0,-1.0,-1.0,-1.0,-1.0,-1.0,-1.0,-1.0,-1.0,-1.0,-1.0,-1.0,-1.0,-1.0,-1.0,-1.0,-1.0,-1.0,-1.0,-1.0,-1.0,-1.0,-1.0,-1.0,-1.0,-1.0,-1.0,-1.0,-1.0,-1.0,-1.0,-1.0,-1.0,-1.0,-1.0,-1.0,-1.0,-1.0,-1.0,-1.0,-1.0,-1.0,-1.0,-1.0,-1.0,-1.0,-1.0,-1.0,-1.0,-1.0,-1.0,-1.0,-1.0,-1.0,-1.0,-1.0,-1.0,-1.0,-1.0,-1.0,-1.0,-1.0,-1.0,-1.0,-1.0,-1.0,-1.0,-1.0,1.0,1.0,-1.0,-1.0,-1.0,-1.0,-1.0,-1.0,-1.0,-1.0,-1.0,-1.0,-1.0,-1.0,-1.0,-1.0,-1.0,1.0,1.0,-1.0,-1.0,-1.0,-1.0,-1.0,-1.0,-1.0,-1.0,-1.0,-1.0,-1.0,-1.0,-1.0,-1.0,-1.0,-1.0,-1.0,-1.0,-1.0,-1.0,-1.0,-1.0,-1.0,-1.0,-1.0,-1.0,-1.0,-1.0,-1.0,-1.0,-1.0,-1.0,-1.0,-1.0,-1.0,1.0
1.7061554317390835,0.5209203029749827,-0.8827692223489199,-0.8827692223489199,-0.7010235185372593,-0.7010235185372593,-0.7010235185372593,-0.4846520419346229,-0.543793501424543,-0.543793501424543,-0.6115196812013348,-0.6115196812013348,-0.6115196812013348,-0.6115196812013348,-0.6115196812013348,-0.6115196812013348,-0.6115196812013348,-0.6115196812013348,-0.4846520419346229,-1.1559062969083356,-1.1559062969083356,-1.3385541047060048,-1.3385541047060048,-1.3385541047060048,-1.3385541047060048,-1.214393746886843,-1.214393746886843,-1.116393498764381,-1.116393498764381,-1.18423555943938,-1.18423555943938,-1.18423555943938,-1.18423555943938,-1.18423555943938,-1.6355140186915886,-1.6355140186915886,-0.685701171423712,-0.7062446870410563,-0.7062446870410563,-0.7062446870410563,-0.7062446870410563,-0.7062446870410563,-0.7062446870410563,-0.7062446870410563,-0.7062446870410563,-0.7062446870410563,-0.7062446870410563,-0.8676940530880688,-0.922732854796659,-0.922732854796659,-0.922732854796659,-0.922732854796659,-0.922732854796659,-0.8983469888291029,-0.9397270810447315,-0.9397270810447315,-0.9397270810447315,-0.9397270810447315,-0.9397270810447315,-0.9397270810447315,-0.9397270810447315,-0.9397270810447315,-0.8751708481097702,-0.9311527171810882,-0.9311527171810882,-0.9311527171810882,-0.9311527171810882,-0.9311527171810882,-0.9311527171810882,-0.9311527171810882,-0.9311527171810882,-0.695860043683715,-0.7445237162316573,-0.7445237162316573,-0.7445237162316573,-0.7445237162316573,-0.7445237162316573,-0.7445237162316573,-0.7445237162316573,-0.7445237162316573,-0.7445237162316573,-0.7445237162316573,-0.7445237162316573,-0.9756901843793709,-0.9756901843793709,-1.2466334064601852,-1.2466334064601852,-0.6660229072414099,-1.3385541047060048,-1.3385541047060048,-1.3385541047060048,-1.3385541047060048,-1.214393746886843,-1.214393746886843,-0.3618006197601861,-0.3618006197601861,-0.3618006197601861,-0.3618006197601861,-0.3618006197601861,-0.3618006197601861,-0.3618006197601861,-0.3618006197601861,-0.3618006197601861,-0.3618006197601861,-0.3618006197601861,-0.3618006197601861,-0.3618006197601861,-0.3618006197601861,-0.3618006197601861,-0.3618006197601861,-0.3618006197601861,-0.9397270810447315,-0.9397270810447315,-0.9397270810447315,-0.9397270810447315,-0.9397270810447315,-1.2636276327082574,-1.2636276327082574,-1.2636276327082574,-1.2636276327082574,-1.2636276327082574,-1.2636276327082574,-1.2636276327082574,-1.199071399773296,-0.7168653651146805,-0.7168653651146805,-0.7062446870410563,-0.7062446870410563,-0.6708653310897962,1.6387304078785796,-0.786220507693313,-1.3186664344168477,-1.3186664344168477,-1.046168170236653,-1.046168170236653,-0.9947658827533218,-0.9947658827533218,-0.9947658827533218,0.09274706378145227,0.09274706378145227,-1.6355140186915886,-1.6355140186915886,-1.570533958123711,-0.8118318331582638,-1.6355140186915886,-1.6355140186915886,-1.570533958123711,-0.8118318331582638,-1.6355140186915886,-1.6355140186915886,-1.570533958123711,-0.8184601672666545,-1.6355140186915886,-1.6355140186915886,-1.570533958123711,-0.8603350077758544,-1.6355140186915886,-1.6355140186915886,-1.570533958123711,-0.838928682527586,-1.6355140186915886,-1.6355140186915886,-1.570533958123711,-0.8530900607964313,-1.6355140186915886,-1.6355140186915886,-1.570533958123711,-0.8184601672666545,1.613795241601355,1.613795241601355,-1.6355140186915886,-1.6355140186915886,-1.570533958123711,0.16721601238696251,0.16721601238696251,-1.5382942985503691,-1.5382942985503691,-1.6355140186915886,-1.6355140186915886,-1.570533958123711,-0.4439925199768518,-0.8184601672666545,-0.8184601672666545,-1.5382942985503691,-1.5382942985503691,-1.6355140186915886,-1.6355140186915886,-1.570533958123711,-0.26461588618960746,-0.26461588618960746,-1.5382942985503691,-1.5382942985503691,-1.6355140186915886,-1.6355140186915886,-1.570533958123711,-0.5665926435597917,-0.5665926435597917,-1.5382942985503691,-1.5382942985503691,-1.6355140186915886,-1.6355140186915886,-1.570533958123711,-0.3797262589529182,-0.3797262589529182,-1.5382942985503691,-1.5382942985503691,-1.6355140186915886,-1.6355140186915886,-1.570533958123711,-0.5824344901372128,-0.9664366202222776,-0.9664366202222776,-0.9664366202222776,-0.9664366202222776,-1.5382942985503691,-1.5382942985503691,-1.6355140186915886,-1.6355140186915886,-1.570533958123711,-0.3719594920201892,-0.6379771083039084,-0.6379771083039084,-1.5382942985503691,-1.5382942985503691,-1.6355140186915886,-1.6355140186915886,-1.570533958123711,-0.2565240871188317,-0.494559615603129,-0.494559615603129,-0.6708653310897962,-0.6708653310897962,-0.6708653310897962,-0.6708653310897962,-0.6708653310897962,-0.494559615603129,-1.5382942985503691,-1.5382942985503691,-1.6355140186915886,-1.6355140186915886,-1.570533958123711,0.012086903656688875,-0.12009196831332593,-0.12009196831332593,-1.4038634235729013,-1.4038634235729013,-1.5382942985503691,-1.5382942985503691,-1.6355140186915886,-1.6355140186915886,-1.570533958123711,-0.42348121457627924,-0.42348121457627924,-1.5382942985503691,-1.5382942985503691,-1.6355140186915886,-1.6355140186915886,-1.570533958123711,-0.543793501424543,-0.7619402558565319,-0.7619402558565319,-0.7619402558565319,-0.7619402558565319,-1.5382942985503691,-1.5382942985503691,-1.6355140186915886,-1.6355140186915886,-1.570533958123711,-0.18938720579353313,-0.49790937704173294,-0.49790937704173294,-0.6807033727710262,-0.6807033727710262,-0.49790937704173294,-0.18938720579353313,-1.5382942985503691,-1.5382942985503691,-1.6355140186915886,-1.6355140186915886,-1.570533958123711,-0.14785992180435448,-0.3543238247384848,-0.3543238247384848,-0.3543238247384848,-0.3543238247384848,-1.4038634235729013,-1.4038634235729013,-1.5382942985503691,-1.5382942985503691,-1.6355140186915886,-1.6355140186915886,-1.570533958123711,-0.522055176361509,-1.5382942985503691,-1.5382942985503691,-1.6355140186915886,-1.6355140186915886,-1.570533958123711,-0.1291658402091679,-0.1291658402091679,-1.5382942985503691,-1.5382942985503691,-1.6355140186915886,-1.6355140186915886,-1.570533958123711,-0.4749501767718054,-0.4749501767718054,-0.4749501767718054,-0.2525301335774958,-0.2525301335774958,-1.4038634235729013,-1.4038634235729013,-1.5382942985503691,-1.5382942985503691,-1.6355140186915886,-1.6355140186915886,-1.570533958123711,-0.21253390444880266,-0.40109179602679423,-0.40109179602679423,-1.5382942985503691,-1.5382942985503691,-1.6355140186915886,-1.6355140186915886,-1.570533958123711,-0.5046818103606892,-0.5046818103606892,-0.6564860513389768,-0.6564860513389768,-0.6564860513389768,-0.5046818103606892,-1.5382942985503691,-1.5382942985503691,-1.6355140186915886,-1.6355140186915886,-1.570533958123711,-0.16733314442144212,-0.325558454178002,-0.325558454178002,-1.5382942985503691,-1.5382942985503691,-1.6355140186915886,-1.6355140186915886,-1.570533958123711,-1.0046039244345522,-1.0046039244345522,-1.0046039244345522,-0.6517896327158449,-0.6517896327158449,-0.8751708481097702,-0.8751708481097702,-0.6517896327158449,-1.5382942985503691,-1.5382942985503691,-1.6355140186915886,-1.6355140186915886,-1.570533958123711,-0.06772340083998737,-0.19462789309266396,-0.40936262644707533,-0.40936262644707533,-0.5512702964462444,-0.5512702964462444,-0.5512702964462444,-0.40936262644707533,-1.5382942985503691,-1.5382942985503691,-1.6355140186915886,-1.6355140186915886,-1.570533958123711,-0.13997963860248278,-0.28335161385403645,-0.28335161385403645,-0.28335161385403645,-1.5382942985503691,-1.5382942985503691,-1.6355140186915886,-1.6355140186915886,-1.570533958123711,-0.5988323031331335,-1.5382942985503691,-1.5382942985503691,-1.6355140186915886,-1.6355140186915886,-1.570533958123711,-0.2545228432907936,-0.4439925199768518,-0.4439925199768518,-0.4439925199768518,-1.5382942985503691,-1.5382942985503691,-1.6355140186915886,-1.6355140186915886,-1.570533958123711,-0.40658938554996565,-0.40658938554996565,-1.5382942985503691,-1.5382942985503691,-1.6355140186915886,-1.6355140186915886,-1.570533958123711,-0.025504388501600334,-0.3771229668737334,-0.3771229668737334,-0.5012833246928948,-0.5012833246928948,-0.5012833246928948,-0.5012833246928948,-0.5012833246928948,-0.5012833246928948,-0.3771229668737334,-1.5382942985503691,-1.5382942985503691,-1.6355140186915886,-1.6355140186915886,-1.570533958123711,-0.22548930071742646,-0.22548930071742646,-1.5382942985503691,-1.5382942985503691,-1.6355140186915886,-1.6355140186915886,-1.570533958123711,-0.21804229498714,-0.39028692807312404,-0.39028692807312404,-1.5382942985503691,-1.5382942985503691,-1.6355140186915886,-1.6355140186915886,-1.570533958123711,-0.21436282936522158,-0.41215242410431985,-0.41215242410431985,-0.5705030406020889,-0.5705030406020889,-0.5705030406020889,-0.41215242410431985,-1.5382942985503691,-1.5382942985503691,-1.6355140186915886,-1.6355140186915886,-1.570533958123711,-0.05063354587580772,-0.1756927541180661,-0.1756927541180661,-0.1756927541180661,-1.5382942985503691,-1.5382942985503691,-1.6355140186915886,-1.6355140186915886,-1.570533958123711,-0.3050899389170708,-1.5382942985503691,-1.5382942985503691,-1.6355140186915886,-1.6355140186915886,-1.570533958123711,-0.10101626993937508,-0.21989294976101711,-0.21989294976101711,-1.5382942985503691,-1.5382942985503691,-1.6355140186915886,-1.6355140186915886,-1.570533958123711,-0.7277330577148052,-0.8118318331582638,-0.8118318331582638,-1.2466334064601852,-1.2466334064601852,-0.8118318331582638,-1.5382942985503691,-1.5382942985503691,-1.6355140186915886,-1.6355140186915886,-1.570533958123711,-0.21804229498714,-0.41778248883150454,-0.41778248883150454,-1.5382942985503691,-1.5382942985503691,-1.6355140186915886,-1.6355140186915886,-1.570533958123711,-0.2034951367650964,-0.3823441353775303,-0.3823441353775303,-0.5185284447561899,-0.5185284447561899,-0.5185284447561899,-0.3823441353775303,-1.5382942985503691,-1.5382942985503691,-1.6355140186915886,-1.6355140186915886,-1.570533958123711,-0.3771229668737334,-0.3771229668737334,-0.49790937704173294,-0.49790937704173294,-0.49790937704173294,-0.49790937704173294,-0.49790937704173294,-0.3771229668737334,-1.5382942985503691,-1.5382942985503691,-1.6355140186915886,-1.6355140186915886,-1.570533958123711,-0.17400882537820705,-0.342122355577884,-0.342122355577884,-1.5382942985503691,-1.5382942985503691,-1.6355140186915886,-1.6355140186915886,-1.570533958123711,-0.31635047703812685,-1.5382942985503691,-1.5382942985503691,-1.6355140186915886,-1.6355140186915886,-1.570533958123711,-0.3618006197601861,-0.41778248883150454,-0.41778248883150454,-0.5291895091329055,-0.5291895091329055,-0.5291895091329055,-0.41778248883150454,-1.5382942985503691,-1.5382942985503691,-1.6355140186915886,-1.6355140186915886,-1.570533958123711,-0.05322241521020756,-0.17400882537820705,-0.42348121457627924,-0.42348121457627924,-0.42348121457627924,-1.5382942985503691,-1.5382942985503691,-1.6355140186915886,-1.6355140186915886,-1.570533958123711,-0.2854805000857472,-0.5291895091329055,-0.5291895091329055,-0.7062446870410563,-0.7062446870410563,-0.7062446870410563,-0.7062446870410563,-0.7062446870410563,-0.5291895091329055,-1.5382942985503691,-1.5382942985503691,-1.6355140186915886,-1.6355140186915886,-1.570533958123711,-0.15426125094368243,-0.311813648006837,-0.311813648006837,-1.4038634235729013,-1.4038634235729013,-1.5382942985503691,-1.5382942985503691,-1.6355140186915886,-1.6355140186915886,-1.570533958123711,-0.4350914942896114,-1.5382942985503691,-1.5382942985503691,-1.6355140186915886,-1.6355140186915886,-1.570533958123711,-0.13376971705169682,-0.13376971705169682,-1.5382942985503691,-1.5382942985503691,-1.6355140186915886,-1.6355140186915886,-1.570533958123711,-0.2070896907946087,-0.2070896907946087,-1.5382942985503691,-1.5382942985503691,-1.6355140186915886,-1.6355140186915886,-1.570533958123711,-0.5364344561123285,-0.5364344561123285,-0.5364344561123285,-0.5364344561123285,-1.5382942985503691,-1.5382942985503691,-1.6355140186915886,-1.6355140186915886,-1.570533958123711,-0.5081051935812839,-0.5081051935812839,-1.5382942985503691,-1.5382942985503691,-1.6355140186915886,-1.6355140186915886,-1.570533958123711,-0.6471399454012805,-0.7115248530475669,-0.7115248530475669,-0.7115248530475669,-0.7115248530475669,-1.5382942985503691,-1.5382942985503691,-1.6355140186915886,-1.6355140186915886,-1.570533958123711,-0.6072521655175623,-0.6072521655175623,-0.6072521655175623,-0.6072521655175623,-1.5382942985503691,-1.5382942985503691,-1.6355140186915886,-1.6355140186915886,-1.570533958123711,-0.3469647794262703,-0.3469647794262703,-0.45613059773538484,-0.45613059773538484,-0.45613059773538484,-0.45613059773538484,-0.3469647794262703,-1.5382942985503691,-1.5382942985503691,-1.6355140186915886,-1.6355140186915886,-1.570533958123711,-0.4206231645681314,-1.5382942985503691,-1.5382942985503691,-1.6355140186915886,-1.6355140186915886,-1.570533958123711,-0.12309705725271393,-0.26871494510214816,-0.26871494510214816,-1.5382942985503691,-1.5382942985503691,-1.6355140186915886,-1.6355140186915886,-1.6355140186915886,-1.6355140186915886,-1.6355140186915886,-1.6355140186915886,-1.6355140186915886,-0.450022148404846,-0.450022148404846,-0.450022148404846,-0.574446437165577,-0.574446437165577,-0.574446437165577,-0.574446437165577,-0.574446437165577,-0.574446437165577,-0.574446437165577,-0.450022148404846,-0.4469976089162398,-1.1423607189301805,-1.2636276327082574,-1.2636276327082574,-1.2636276327082574,-1.6355140186915886,-1.6355140186915886,-1.6355140186915886,-1.6355140186915886,-1.6355140186915886,-1.6355140186915886,-1.1559062969083356,-1.2636276327082574,-1.2636276327082574,-1.2636276327082574,-1.1698562796885605,-1.1698562796885605,-0.5081051935812839,-0.41215242410431985,-1.2636276327082574,-1.2636276327082574,-1.2636276327082574,-1.2636276327082574,-1.2636276327082574,-1.2636276327082574,-1.2636276327082574,-1.18423555943938,-1.18423555943938,-1.18423555943938,-1.18423555943938,-1.18423555943938,-0.63346219666291,-0.63346219666291,-0.63346219666291,-0.63346219666291,-0.63346219666291,-0.63346219666291,-0.63346219666291,-0.63346219666291,-0.8827692223489199,-0.8827692223489199,-0.8827692223489199,-0.8827692223489199,-0.8827692223489199,-0.9664366202222776,-0.9664366202222776,-0.9664366202222776,-0.9664366202222776,-0.8827692223489199,-0.8827692223489199,-0.7560623202458499,-0.7560623202458499,-0.6660229072414099,-0.6660229072414099,1.7061554317390835
-0.14212247291710237,-1.0917363902447395,-1.0917363902447395,-1.0917363902447395,-1.0917363902447395,-1.0917363902447395,-1.0917363902447395,0.0,0.0,0.0,0.0,0.0,0.0,0.0,0.0,0.0,0.0,0.0,0.0,0.0,0.0,0.0,0.0,0.0,0.0,0.0,0.0,-0.4495729319754428,-0.4495729319754428,0.0,0.0,0.0,0.0,0.0,0.0,0.0,0.0,0.0,0.0,0.0,0.0,0.0,0.0,0.0,0.0,0.0,0.0,0.0,0.0,0.0,0.0,0.0,0.0,0.0,0.0,0.0,0.0,0.0,0.0,0.0,0.0,0.0,0.0,0.0,0.0,0.0,0.0,0.0,0.0,0.0,0.0,0.0,0.0,0.0,0.0,0.0,0.0,0.0,0.0,0.0,0.0,0.0,0.0,-0.9465340976736566,-0.9465340976736566,0.0,0.0,0.0,0.0,0.0,0.0,0.0,0.0,0.0,0.0,0.0,0.0,0.0,0.0,0.0,0.0,0.0,0.0,0.0,0.0,0.0,0.0,0.0,0.0,0.0,0.0,0.0,0.0,0.0,0.0,0.0,0.0,0.0,0.0,0.0,0.0,0.0,0.0,0.0,-0.716687970928574,-0.716687970928574,0.0,0.0,0.0,0.06640112989739233,-0.47172705686843674,0.2648508492298048,0.2648508492298048,-0.6976073246208357,-0.6976073246208357,0.0,0.0,0.0,1.2394345072904285,1.2394345072904285,1.383949894750324,1.383949894750324,1.383949894750324,1.1310305413744701,1.383949894750324,1.383949894750324,1.383949894750324,1.1310305413744701,1.383949894750324,1.383949894750324,1.383949894750324,1.383949894750324,1.383949894750324,1.383949894750324,1.383949894750324,1.3023427404038748,1.383949894750324,1.383949894750324,1.383949894750324,1.2267360470207667,1.383949894750324,1.383949894750324,1.383949894750324,1.2767537390924786,1.383949894750324,1.383949894750324,1.383949894750324,1.1544416789126346,0.012371817195797484,0.012371817195797484,1.383949894750324,1.383949894750324,1.383949894750324,-0.6276028736657961,-0.6276028736657961,0.0,0.0,1.383949894750324,1.383949894750324,1.383949894750324,0.6075508009675293,0.3113456850582939,0.3113456850582939,0.0,0.0,1.383949894750324,1.383949894750324,1.383949894750324,0.16839217673557955,0.16839217673557955,0.0,0.0,1.383949894750324,1.383949894750324,1.383949894750324,0.5657648343056333,0.5657648343056333,0.0,0.0,1.383949894750324,1.383949894750324,1.383949894750324,0.5749596075203177,0.5749596075203177,0.0,0.0,1.383949894750324,1.383949894750324,1.383949894750324,1.383949894750324,1.383949894750324,1.383949894750324,1.383949894750324,1.383949894750324,0.0,0.0,1.383949894750324,1.383949894750324,1.383949894750324,0.3531316517201907,-0.32611670708888946,-0.32611670708888946,0.0,0.0,1.383949894750324,1.383949894750324,1.383949894750324,-0.5293908265881535,-0.3578572530666546,-0.3578572530666546,-0.20995619157541512,-0.20995619157541512,-0.20995619157541512,-0.20995619157541512,-0.20995619157541512,-0.3578572530666546,0.0,0.0,1.383949894750324,1.383949894750324,1.383949894750324,-0.6350232381634444,-1.0917363902447395,-1.0917363902447395,0.5657648343056333,0.5657648343056333,0.0,0.0,1.383949894750324,1.383949894750324,1.383949894750324,0.3147174074226213,0.3147174074226213,0.0,0.0,1.383949894750324,1.383949894750324,1.383949894750324,-0.6587712381424831,-0.5574843988968935,-0.5574843988968935,-0.5574843988968935,-0.5574843988968935,0.0,0.0,1.383949894750324,1.383949894750324,1.383949894750324,-0.09731395013839046,0.022262987373354214,0.022262987373354214,0.299598606832113,0.299598606832113,0.022262987373354214,-0.09731395013839046,0.0,0.0,1.383949894750324,1.383949894750324,1.383949894750324,0.2308195915403467,-0.18396419733726313,-0.18396419733726313,-0.18396419733726313,-0.18396419733726313,0.5657648343056333,0.5657648343056333,0.0,0.0,1.383949894750324,1.383949894750324,1.383949894750324,0.662878580244985,0.0,0.0,1.383949894750324,1.383949894750324,1.383949894750324,0.6395995268590516,0.6395995268590516,0.0,0.0,1.383949894750324,1.383949894750324,1.383949894750324,-0.9019244219853925,-0.9019244219853925,-0.9019244219853925,-0.5434973870222277,-0.5434973870222277,0.5657648343056333,0.5657648343056333,0.0,0.0,1.383949894750324,1.383949894750324,1.383949894750324,-0.20995619157541512,-1.0917363902447395,-1.0917363902447395,0.0,0.0,1.383949894750324,1.383949894750324,1.383949894750324,0.04618308031155293,0.04618308031155293,0.21406353367791708,0.21406353367791708,0.21406353367791708,0.04618308031155293,0.0,0.0,1.383949894750324,1.383949894750324,1.383949894750324,-0.0013153782437147193,-0.586476870034351,-0.586476870034351,0.0,0.0,1.383949894750324,1.383949894750324,1.383949894750324,-0.8444113720980554,-0.8444113720980554,-0.8444113720980554,-0.27733115954870813,-0.27733115954870813,-0.15755631358618027,-0.15755631358618027,-0.27733115954870813,0.0,0.0,1.383949894750324,1.383949894750324,1.383949894750324,-0.19582950741444374,-0.7480068902535597,-0.6587712381424831,-0.6587712381424831,-0.6323633543914002,-0.6323633543914002,-0.6323633543914002,-0.6587712381424831,0.0,0.0,1.383949894750324,1.383949894750324,1.383949894750324,-0.09792738910599134,-0.7355505479325227,-0.7355505479325227,-0.7355505479325227,0.0,0.0,1.383949894750324,1.383949894750324,1.383949894750324,0.01043169998246617,0.0,0.0,1.383949894750324,1.383949894750324,1.383949894750324,-0.2820400287153005,-1.0917363902447395,-1.0917363902447395,-1.0917363902447395,0.0,0.0,1.383949894750324,1.383949894750324,1.383949894750324,0.6698396092197632,0.6698396092197632,0.0,0.0,1.383949894750324,1.383949894750324,1.383949894750324,-0.5022515799211431,-0.4043520888951437,-0.4043520888951437,-0.3341092530876167,-0.3341092530876167,-0.3341092530876167,-0.3341092530876167,-0.3341092530876167,-0.3341092530876167,-0.4043520888951437,0.0,0.0,1.383949894750324,1.383949894750324,1.383949894750324,0.030197894596355735,0.030197894596355735,0.0,0.0,1.383949894750324,1.383949894750324,1.383949894750324,0.33509368503733256,-0.05694326799082688,-0.05694326799082688,0.0,0.0,1.383949894750324,1.383949894750324,1.383949894750324,-0.6783035078005096,-0.6489177311240713,-0.6489177311240713,-0.5644337039987275,-0.5644337039987275,-0.5644337039987275,-0.6489177311240713,0.0,0.0,1.383949894750324,1.383949894750324,1.383949894750324,-0.11258193620085553,-0.5604662561186997,-0.5604662561186997,-0.5604662561186997,0.0,0.0,1.383949894750324,1.383949894750324,1.383949894750324,-0.3578572530666546,0.0,0.0,1.383949894750324,1.383949894750324,1.383949894750324,-0.6038341459359321,-1.0917363902447395,-1.0917363902447395,0.0,0.0,1.383949894750324,1.383949894750324,1.383949894750324,0.8339954241787803,0.28793454752012865,0.28793454752012865,1.1544416789126346,1.1544416789126346,0.28793454752012865,0.0,0.0,1.383949894750324,1.383949894750324,1.383949894750324,0.17778828172934566,-0.2607435071273028,-0.2607435071273028,0.0,0.0,1.383949894750324,1.383949894750324,1.383949894750324,-0.46226882168123534,-0.7541999839116611,-0.7541999839116611,-0.7480068902535597,-0.7480068902535597,-0.7480068902535597,-0.7541999839116611,0.0,0.0,1.383949894750324,1.383949894750324,1.383949894750324,-0.7726410419442644,-0.7726410419442644,-0.8208330064809864,-0.8208330064809864,-0.8208330064809864,-0.8208330064809864,-0.8208330064809864,-0.7726410419442644,0.0,0.0,1.383949894750324,1.383949894750324,1.383949894750324,0.1795683906813411,-0.2270595314009002,-0.2270595314009002,0.0,0.0,1.383949894750324,1.383949894750324,1.383949894750324,-0.6189992528449889,0.0,0.0,1.383949894750324,1.383949894750324,1.383949894750324,-0.15755631358618027,-0.6290324601764236,-0.6290324601764236,-0.7103522336920313,-0.7103522336920313,-0.7103522336920313,-0.6290324601764236,0.0,0.0,1.383949894750324,1.383949894750324,1.383949894750324,-0.10343810381931595,-0.5664138572336478,0.060298258175281914,0.060298258175281914,0.060298258175281914,0.0,0.0,1.383949894750324,1.383949894750324,1.383949894750324,-0.42711738118017256,-0.2355451928868114,-0.2355451928868114,-0.08499704578671186,-0.08499704578671186,-0.08499704578671186,-0.08499704578671186,-0.08499704578671186,-0.2355451928868114,0.0,0.0,1.383949894750324,1.383949894750324,1.383949894750324,0.5078481015195415,0.5089867407667248,0.5089867407667248,0.5657648343056333,0.5657648343056333,0.0,0.0,1.383949894750324,1.383949894750324,1.383949894750324,0.10130552346706928,0.0,0.0,1.383949894750324,1.383949894750324,1.383949894750324,-0.29375375796494213,-0.29375375796494213,0.0,0.0,1.383949894750324,1.383949894750324,1.383949894750324,-1.0049060662986098,-1.0049060662986098,0.0,0.0,1.383949894750324,1.383949894750324,1.383949894750324,-1.0917363902447395,-1.0917363902447395,-1.0917363902447395,-1.0917363902447395,0.0,0.0,1.383949894750324,1.383949894750324,1.383949894750324,0.3591883833735603,0.3591883833735603,0.0,0.0,1.383949894750324,1.383949894750324,1.383949894750324,-0.29375375796494213,-0.7355505479325227,-0.7355505479325227,-0.7355505479325227,-0.7355505479325227,0.0,0.0,1.383949894750324,1.383949894750324,1.383949894750324,-1.0917363902447395,-1.0917363902447395,-1.0917363902447395,-1.0917363902447395,0.0,0.0,1.383949894750324,1.383949894750324,1.383949894750324,-0.5108701766512428,-0.5108701766512428,-0.4935877410062204,-0.4935877410062204,-0.4935877410062204,-0.4935877410062204,-0.5108701766512428,0.0,0.0,1.383949894750324,1.383949894750324,1.383949894750324,0.3046228345272996,0.0,0.0,1.383949894750324,1.383949894750324,1.383949894750324,0.5116466245387682,0.356763022873432,0.356763022873432,0.0,0.0,0.0,0.0,0.0,0.0,0.0,0.0,0.0,0.0,0.0,0.0,0.0,0.0,0.0,0.0,0.0,0.0,0.0,0.0,-1.0917363902447395,0.0,0.0,0.0,0.0,0.0,0.0,0.0,0.0,0.0,0.0,0.0,0.0,0.0,0.0,-0.2607435071273028,-0.2607435071273028,-1.0917363902447395,-1.0917363902447395,0.0,0.0,0.0,0.0,0.0,0.0,0.0,0.0,0.0,0.0,0.0,0.0,0.0,0.0,0.0,0.0,0.0,0.0,0.0,0.0,0.0,0.0,0.0,0.0,0.0,0.0,0.0,0.0,0.0,-1.0917363902447395,-1.0917363902447395,-1.0917363902447395,-1.0917363902447395,-0.8962624695258486,-0.8962624695258486,-0.14212247291710237
1.969566382794139,1.969566382794139,-0.5077224524862195,-0.5077224524862195,-0.5077224524862195,-0.5077224524862195,-0.5077224524862195,-0.5077224524862195,-0.5077224524862195,-0.5077224524862195,-0.5077224524862195,-0.5077224524862195,-0.5077224524862195,-0.5077224524862195,-0.5077224524862195,-0.5077224524862195,-0.5077224524862195,-0.5077224524862195,-0.5077224524862195,-0.5077224524862195,-0.5077224524862195,-0.5077224524862195,-0.5077224524862195,-0.5077224524862195,-0.5077224524862195,-0.5077224524862195,-0.5077224524862195,-0.5077224524862195,-0.5077224524862195,-0.5077224524862195,-0.5077224524862195,-0.5077224524862195,-0.5077224524862195,-0.5077224524862195,-0.5077224524862195,-0.5077224524862195,-0.5077224524862195,-0.5077224524862195,-0.5077224524862195,-0.5077224524862195,-0.5077224524862195,-0.5077224524862195,-0.5077224524862195,-0.5077224524862195,-0.5077224524862195,-0.5077224524862195,-0.5077224524862195,-0.5077224524862195,-0.5077224524862195,-0.5077224524862195,-0.5077224524862195,-0.5077224524862195,-0.5077224524862195,1.969566382794139,1.969566382794139,1.969566382794139,1.969566382794139,1.969566382794139,1.969566382794139,1.969566382794139,1.969566382794139,1.969566382794139,-0.5077224524862195,-0.5077224524862195,-0.5077224524862195,-0.5077224524862195,-0.5077224524862195,-0.5077224524862195,-0.5077224524862195,-0.5077224524862195,-0.5077224524862195,-0.5077224524862195,-0.5077224524862195,-0.5077224524862195,-0.5077224524862195,-0.5077224524862195,-0.5077224524862195,-0.5077224524862195,-0.5077224524862195,-0.5077224524862195,-0.5077224524862195,-0.5077224524862195,-0.5077224524862195,-0.5077224524862195,-0.5077224524862195,-0.5077224524862195,-0.5077224524862195,-0.5077224524862195,-0.5077224524862195,-0.5077224524862195,-0.5077224524862195,-0.5077224524862195,-0.5077224524862195,-0.5077224524862195,-0.5077224524862195,-0.5077224524862195,-0.5077224524862195,-0.5077224524862195,-0.5077224524862195,-0.5077224524862195,-0.5077224524862195,-0.5077224524862195,-0.5077224524862195,-0.5077224524862195,-0.5077224524862195,-0.5077224524862195,-0.5077224524862195,-0.5077224524862195,-0.5077224524862195,-0.5077224524862195,-0.5077224524862195,-0.5077224524862195,-0.5077224524862195,-0.5077224524862195,-0.5077224524862195,-0.5077224524862195,-0.5077224524862195,-0.5077224524862195,-0.5077224524862195,-0.5077224524862195,-0.5077224524862195,-0.5077224524862195,-0.5077224524862195,-0.5077224524862195,1.969566382794139,1.969566382794139,1.969566382794139,1.969566382794139,1.969566382794139,1.969566382794139,1.969566382794139,1.969566382794139,1.969566382794139,1.969566382794139,1.969566382794139,-0.5077224524862195,-0.5077224524862195,-0.5077224524862195,1.969566382794139,1.969566382794139,1.969566382794139,1.969566382794139,1.969566382794139,1.969566382794139,1.969566382794139,1.969566382794139,1.969566382794139,1.969566382794139,1.969566382794139,1.969566382794139,1.969566382794139,1.969566382794139,1.969566382794139,1.969566382794139,1.969566382794139,1.969566382794139,1.969566382794139,1.969566382794139,1.969566382794139,1.969566382794139,1.969566382794139,1.969566382794139,1.969566382794139,1.969566382794139,1.969566382794139,1.969566382794139,1.969566382794139,1.969566382794139,1.969566382794139,1.969566382794139,1.969566382794139,1.969566382794139,1.969566382794139,1.969566382794139,1.969566382794139,-0.5077224524862195,-0.5077224524862195,1.969566382794139,1.969566382794139,1.969566382794139,1.969566382794139,-0.5077224524862195,-0.5077224524862195,-0.5077224524862195,-0.5077224524862195,1.969566382794139,1.969566382794139,1.969566382794139,1.969566382794139,1.969566382794139,-0.5077224524862195,-0.5077224524862195,1.969566382794139,1.969566382794139,1.969566382794139,-0.5077224524862195,-0.5077224524862195,-0.5077224524862195,-0.5077224524862195,1.969566382794139,1.969566382794139,1.969566382794139,1.969566382794139,1.969566382794139,-0.5077224524862195,-0.5077224524862195,1.969566382794139,1.969566382794139,1.969566382794139,1.969566382794139,1.969566382794139,1.969566382794139,1.969566382794139,1.969566382794139,-0.5077224524862195,-0.5077224524862195,1.969566382794139,1.969566382794139,1.969566382794139,1.969566382794139,-0.5077224524862195,-0.5077224524862195,-0.5077224524862195,-0.5077224524862195,1.969566382794139,1.969566382794139,1.969566382794139,1.969566382794139,1.969566382794139,1.969566382794139,1.969566382794139,1.969566382794139,1.969566382794139,1.969566382794139,1.969566382794139,1.969566382794139,-0.5077224524862195,-0.5077224524862195,1.969566382794139,1.969566382794139,1.969566382794139,1.969566382794139,-0.5077224524862195,-0.5077224524862195,1.969566382794139,1.969566382794139,-0.5077224524862195,-0.5077224524862195,1.969566382794139,1.969566382794139,1.969566382794139,1.969566382794139,1.969566382794139,-0.5077224524862195,-0.5077224524862195,1.969566382794139,1.969566382794139,1.969566382794139,1.969566382794139,1.969566382794139,1.969566382794139,1.969566382794139,1.969566382794139,-0.5077224524862195,-0.5077224524862195,1.969566382794139,1.969566382794139,1.969566382794139,1.969566382794139,1.969566382794139,1.969566382794139,-0.5077224524862195,-0.5077224524862195,1.969566382794139,1.969566382794139,-0.5077224524862195,-0.5077224524862195,1.969566382794139,1.969566382794139,1.969566382794139,1.969566382794139,1.969566382794139,1.969566382794139,1.969566382794139,1.969566382794139,1.969566382794139,1.969566382794139,-0.5077224524862195,-0.5077224524862195,1.969566382794139,1.969566382794139,1.969566382794139,1.969566382794139,-0.5077224524862195,-0.5077224524862195,1.969566382794139,1.969566382794139,1.969566382794139,1.969566382794139,1.969566382794139,-0.5077224524862195,-0.5077224524862195,1.969566382794139,1.969566382794139,1.969566382794139,1.969566382794139,1.969566382794139,1.969566382794139,1.969566382794139,1.969566382794139,1.969566382794139,1.969566382794139,-0.5077224524862195,-0.5077224524862195,1.969566382794139,1.969566382794139,1.969566382794139,1.969566382794139,1.969566382794139,1.969566382794139,-0.5077224524862195,-0.5077224524862195,1.969566382794139,1.969566382794139,1.969566382794139,1.969566382794139,1.969566382794139,-0.5077224524862195,-0.5077224524862195,-0.5077224524862195,1.969566382794139,-0.5077224524862195,-0.5077224524862195,1.969566382794139,1.969566382794139,1.969566382794139,1.969566382794139,-0.5077224524862195,-0.5077224524862195,-0.5077224524862195,-0.5077224524862195,1.969566382794139,1.969566382794139,1.969566382794139,-0.5077224524862195,-0.5077224524862195,-0.5077224524862195,1.969566382794139,1.969566382794139,1.969566382794139,1.969566382794139,1.969566382794139,-0.5077224524862195,-0.5077224524862195,1.969566382794139,1.969566382794139,1.969566382794139,1.969566382794139,1.969566382794139,1.969566382794139,1.969566382794139,1.969566382794139,1.969566382794139,1.969566382794139,1.969566382794139,-0.5077224524862195,-0.5077224524862195,1.969566382794139,1.969566382794139,1.969566382794139,1.969566382794139,-0.5077224524862195,-0.5077224524862195,-0.5077224524862195,-0.5077224524862195,-0.5077224524862195,1.969566382794139,1.969566382794139,1.969566382794139,1.969566382794139,-0.5077224524862195,-0.5077224524862195,1.969566382794139,1.969566382794139,1.969566382794139,1.969566382794139,1.969566382794139,1.969566382794139,1.969566382794139,-0.5077224524862195,-0.5077224524862195,1.969566382794139,1.969566382794139,1.969566382794139,1.969566382794139,1.969566382794139,-0.5077224524862195,-0.5077224524862195,1.969566382794139,1.969566382794139,1.969566382794139,1.969566382794139,1.969566382794139,1.969566382794139,1.969566382794139,1.969566382794139,1.969566382794139,1.969566382794139,1.969566382794139,1.969566382794139,1.969566382794139,-0.5077224524862195,-0.5077224524862195,1.969566382794139,1.969566382794139,1.969566382794139,1.969566382794139,1.969566382794139,-0.5077224524862195,-0.5077224524862195,1.969566382794139,1.969566382794139,1.969566382794139,1.969566382794139,-0.5077224524862195,-0.5077224524862195,-0.5077224524862195,-0.5077224524862195,1.969566382794139,1.969566382794139,1.969566382794139,1.969566382794139,1.969566382794139,1.969566382794139,1.969566382794139,1.969566382794139,1.969566382794139,1.969566382794139,-0.5077224524862195,-0.5077224524862195,1.969566382794139,1.969566382794139,1.969566382794139,1.969566382794139,-0.5077224524862195,-0.5077224524862195,-0.5077224524862195,-0.5077224524862195,-0.5077224524862195,1.969566382794139,1.969566382794139,1.969566382794139,1.969566382794139,-0.5077224524862195,-0.5077224524862195,1.969566382794139,1.969566382794139,1.969566382794139,1.969566382794139,1.969566382794139,1.969566382794139,-0.5077224524862195,-0.5077224524862195,1.969566382794139,1.969566382794139,1.969566382794139,1.969566382794139,1.969566382794139,1.969566382794139,1.969566382794139,1.969566382794139,1.969566382794139,-0.5077224524862195,-0.5077224524862195,1.969566382794139,1.969566382794139,1.969566382794139,1.969566382794139,-0.5077224524862195,-0.5077224524862195,-0.5077224524862195,-0.5077224524862195,1.969566382794139,1.969566382794139,1.969566382794139,1.969566382794139,1.969566382794139,1.969566382794139,1.969566382794139,1.969566382794139,1.969566382794139,1.969566382794139,-0.5077224524862195,-0.5077224524862195,1.969566382794139,1.969566382794139,1.969566382794139,1.969566382794139,1.969566382794139,1.969566382794139,1.969566382794139,1.969566382794139,1.969566382794139,1.969566382794139,1.969566382794139,-0.5077224524862195,-0.5077224524862195,1.969566382794139,1.969566382794139,1.969566382794139,1.969566382794139,1.969566382794139,1.969566382794139,-0.5077224524862195,-0.5077224524862195,1.969566382794139,1.969566382794139,1.969566382794139,1.969566382794139,-0.5077224524862195,-0.5077224524862195,1.969566382794139,1.969566382794139,1.969566382794139,1.969566382794139,1.969566382794139,1.969566382794139,-0.5077224524862195,-0.5077224524862195,-0.5077224524862195,1.969566382794139,-0.5077224524862195,-0.5077224524862195,1.969566382794139,1.969566382794139,1.969566382794139,1.969566382794139,-0.5077224524862195,-0.5077224524862195,-0.5077224524862195,-0.5077224524862195,-0.5077224524862195,-0.5077224524862195,1.969566382794139,1.969566382794139,1.969566382794139,1.969566382794139,1.969566382794139,1.969566382794139,1.969566382794139,1.969566382794139,1.969566382794139,1.969566382794139,1.969566382794139,1.969566382794139,-0.5077224524862195,-0.5077224524862195,1.969566382794139,1.969566382794139,1.969566382794139,1.969566382794139,1.969566382794139,1.969566382794139,1.969566382794139,1.969566382794139,-0.5077224524862195,-0.5077224524862195,1.969566382794139,1.969566382794139,1.969566382794139,1.969566382794139,-0.5077224524862195,-0.5077224524862195,1.969566382794139,1.969566382794139,1.969566382794139,1.969566382794139,1.969566382794139,-0.5077224524862195,-0.5077224524862195,1.969566382794139,1.969566382794139,1.969566382794139,1.969566382794139,1.969566382794139,-0.5077224524862195,-0.5077224524862195,1.969566382794139,1.969566382794139,1.969566382794139,1.969566382794139,1.969566382794139,1.969566382794139,1.969566382794139,-0.5077224524862195,-0.5077224524862195,1.969566382794139,1.969566382794139,1.969566382794139,1.969566382794139,1.969566382794139,-0.5077224524862195,-0.5077224524862195,1.969566382794139,1.969566382794139,1.969566382794139,1.969566382794139,1.969566382794139,1.969566382794139,1.969566382794139,1.969566382794139,-0.5077224524862195,-0.5077224524862195,1.969566382794139,1.969566382794139,1.969566382794139,1.969566382794139,1.969566382794139,1.969566382794139,1.969566382794139,-0.5077224524862195,-0.5077224524862195,1.969566382794139,1.969566382794139,1.969566382794139,1.969566382794139,1.969566382794139,1.969566382794139,1.969566382794139,1.969566382794139,1.969566382794139,1.969566382794139,-0.5077224524862195,-0.5077224524862195,1.969566382794139,1.969566382794139,1.969566382794139,1.969566382794139,-0.5077224524862195,-0.5077224524862195,1.969566382794139,1.969566382794139,1.969566382794139,1.969566382794139,1.969566382794139,1.969566382794139,-0.5077224524862195,-0.5077224524862195,1.969566382794139,1.969566382794139,1.969566382794139,-0.5077224524862195,-0.5077224524862195,-0.5077224524862195,-0.5077224524862195,-0.5077224524862195,-0.5077224524862195,-0.5077224524862195,-0.5077224524862195,-0.5077224524862195,-0.5077224524862195,-0.5077224524862195,-0.5077224524862195,-0.5077224524862195,-0.5077224524862195,-0.5077224524862195,1.969566382794139,-0.5077224524862195,-0.5077224524862195,-0.5077224524862195,-0.5077224524862195,1.969566382794139,1.969566382794139,1.969566382794139,1.969566382794139,1.969566382794139,1.969566382794139,-0.5077224524862195,-0.5077224524862195,-0.5077224524862195,-0.5077224524862195,-0.5077224524862195,-0.5077224524862195,1.969566382794139,1.969566382794139,-0.5077224524862195,-0.5077224524862195,-0.5077224524862195,-0.5077224524862195,-0.5077224524862195,-0.5077224524862195,-0.5077224524862195,-0.5077224524862195,-0.5077224524862195,-0.5077224524862195,-0.5077224524862195,-0.5077224524862195,-0.5077224524862195,-0.5077224524862195,-0.5077224524862195,-0.5077224524862195,-0.5077224524862195,-0.5077224524862195,-0.5077224524862195,-0.5077224524862195,-0.5077224524862195,-0.5077224524862195,-0.5077224524862195,-0.5077224524862195,-0.5077224524862195,-0.5077224524862195,-0.5077224524862195,-0.5077224524862195,-0.5077224524862195,-0.5077224524862195,-0.5077224524862195,-0.5077224524862195,-0.5077224524862195,1.969566382794139,1.969566382794139,1.969566382794139
-0.7144431180153574,-0.8673422560260492,-0.8700053950135924,-0.8700053950135924,-0.8700053950135924,-0.8700053950135924,-0.8700053950135924,-0.8700053950135924,-0.8700053950135924,-0.8700053950135924,-0.8700053950135924,-0.8700053950135924,-0.8700053950135924,-0.8700053950135924,-0.8700053950135924,-0.8700053950135924,-0.8700053950135924,-0.8700053950135924,-0.8700053950135924,-0.8700053950135924,-0.8700053950135924,-0.8700053950135924,-0.8700053950135924,-0.8700053950135924,-0.8700053950135924,-0.8700053950135924,-0.8700053950135924,-0.8700053950135924,-0.8700053950135924,-0.8700053950135924,-0.8700053950135924,-0.8700053950135924,-0.8700053950135924,-0.8700053950135924,-0.8700053950135924,-0.8700053950135924,-0.8700053950135924,-0.8700053950135924,-0.8700053950135924,-0.8700053950135924,-0.8700053950135924,-0.8700053950135924,-0.8700053950135924,-0.8700053950135924,-0.8700053950135924,-0.8700053950135924,-0.8700053950135924,-0.8700053950135924,-0.8700053950135924,-0.8700053950135924,-0.8700053950135924,-0.8700053950135924,-0.8700053950135924,-0.8144857178156554,-0.8093450069639946,-0.8093450069639946,-0.8093450069639946,-0.8093450069639946,-0.8093450069639946,-0.8093450069639946,-0.8093450069639946,-0.8093450069639946,-0.8700053950135924,-0.8700053950135924,-0.8700053950135924,-0.8700053950135924,-0.8700053950135924,-0.8700053950135924,-0.8700053950135924,-0.8700053950135924,-0.8700053950135924,-0.8700053950135924,-0.8700053950135924,-0.8700053950135924,-0.8700053950135924,-0.8700053950135924,-0.8700053950135924,-0.8700053950135924,-0.8700053950135924,-0.8700053950135924,-0.8700053950135924,-0.8700053950135924,-0.8700053950135924,-0.8700053950135924,-0.8700053950135924,-0.8700053950135924,-0.8700053950135924,-0.8700053950135924,-0.8700053950135924,-0.8700053950135924,-0.8700053950135924,-0.8700053950135924,-0.8700053950135924,-0.8700053950135924,-0.8700053950135924,-0.8700053950135924,-0.8700053950135924,-0.8700053950135924,-0.8700053950135924,-0.8700053950135924,-0.8700053950135924,-0.8700053950135924,-0.8700053950135924,-0.8700053950135924,-0.8700053950135924,-0.8700053950135924,-0.8700053950135924,-0.8700053950135924,-0.8700053950135924,-0.8700053950135924,-0.8700053950135924,-0.8700053950135924,-0.8700053950135924,-0.8700053950135924,-0.8700053950135924,-0.8700053950135924,-0.8700053950135924,-0.8700053950135924,-0.8700053950135924,-0.8700053950135924,-0.8700053950135924,-0.8700053950135924,-0.8700053950135924,-0.8700053950135924,-0.6440977429668143,-0.6440977429668143,-0.7227846779493999,-0.7227846779493999,-0.7335195219019973,-0.6961411427358424,0.0035041929006162445,0.4948533361023587,0.4948533361023587,-0.10822377764654999,-0.10822377764654999,-0.8700053950135924,-0.8700053950135924,-0.8700053950135924,-0.4372453095378031,-0.4372453095378031,0.22188158987916837,0.22188158987916837,0.7678250823255489,-0.45478076695578196,0.22188158987916837,0.22188158987916837,0.7678250823255489,-0.3625086273873797,0.22188158987916837,0.22188158987916837,0.7678250823255489,-0.44884898655495614,0.22188158987916837,0.22188158987916837,0.7678250823255489,-0.40936557326195894,0.22188158987916837,0.22188158987916837,0.7678250823255489,-0.42999123692247987,0.22188158987916837,0.22188158987916837,0.7678250823255489,-0.4164523397504456,0.22188158987916837,0.22188158987916837,0.7678250823255489,-0.44884898655495614,-0.708700989811839,-0.708700989811839,0.22188158987916837,0.22188158987916837,0.7678250823255489,-0.8359430627292428,-0.8359430627292428,-0.8700053950135924,-0.8700053950135924,0.22188158987916837,0.22188158987916837,0.7678250823255489,-0.6810249553206146,-0.8700053950135924,-0.8700053950135924,-0.8700053950135924,-0.8700053950135924,0.22188158987916837,0.22188158987916837,0.7678250823255489,-0.6411382540753718,-0.6411382540753718,-0.8700053950135924,-0.8700053950135924,0.22188158987916837,0.22188158987916837,0.7678250823255489,-0.8700053950135924,-0.8700053950135924,-0.8700053950135924,-0.8700053950135924,0.22188158987916837,0.22188158987916837,0.7678250823255489,-0.7053073581861927,-0.7053073581861927,-0.8700053950135924,-0.8700053950135924,0.22188158987916837,0.22188158987916837,0.7678250823255489,-0.7005746559785089,-0.484633517992618,-0.484633517992618,-0.484633517992618,-0.484633517992618,-0.8700053950135924,-0.8700053950135924,0.22188158987916837,0.22188158987916837,0.7678250823255489,-0.7080221609910401,-0.8700053950135924,-0.8700053950135924,-0.8700053950135924,-0.8700053950135924,0.22188158987916837,0.22188158987916837,0.7678250823255489,-0.7434777186526287,-0.6594271907842743,-0.6594271907842743,-0.7676409901798961,-0.7676409901798961,-0.7676409901798961,-0.7676409901798961,-0.7676409901798961,-0.6594271907842743,-0.8700053950135924,-0.8700053950135924,0.22188158987916837,0.22188158987916837,0.7678250823255489,-0.7750587006750915,-0.8700053950135924,-0.8700053950135924,-0.3786562518118501,-0.3786562518118501,-0.8700053950135924,-0.8700053950135924,0.22188158987916837,0.22188158987916837,0.7678250823255489,-0.6891406797246075,-0.6891406797246075,-0.8700053950135924,-0.8700053950135924,0.22188158987916837,0.22188158987916837,0.7678250823255489,-0.5840349942083456,-0.4139007051216797,-0.4139007051216797,-0.4139007051216797,-0.4139007051216797,-0.8700053950135924,-0.8700053950135924,0.22188158987916837,0.22188158987916837,0.7678250823255489,-0.7969423253925155,-0.7286099581210047,-0.7286099581210047,-0.8700053950135924,-0.8700053950135924,-0.7286099581210047,-0.7969423253925155,-0.8700053950135924,-0.8700053950135924,0.22188158987916837,0.22188158987916837,0.7678250823255489,-0.7028798361014351,-0.8180107766853657,-0.8180107766853657,-0.8180107766853657,-0.8180107766853657,-0.3786562518118501,-0.3786562518118501,-0.8700053950135924,-0.8700053950135924,0.22188158987916837,0.22188158987916837,0.7678250823255489,-0.6962961019624714,-0.8700053950135924,-0.8700053950135924,0.22188158987916837,0.22188158987916837,0.7678250823255489,-0.7522528770349615,-0.7522528770349615,-0.8700053950135924,-0.8700053950135924,0.22188158987916837,0.22188158987916837,0.7678250823255489,-0.7802612592689819,-0.7802612592689819,-0.7802612592689819,-0.8142494638701323,-0.8142494638701323,-0.3786562518118501,-0.3786562518118501,-0.8700053950135924,-0.8700053950135924,0.22188158987916837,0.22188158987916837,0.7678250823255489,-0.7420498889714721,-0.85084948299793,-0.85084948299793,-0.8700053950135924,-0.8700053950135924,0.22188158987916837,0.22188158987916837,0.7678250823255489,-0.6787259232075614,-0.6787259232075614,-0.8700053950135924,-0.8700053950135924,-0.8700053950135924,-0.6787259232075614,-0.8700053950135924,-0.8700053950135924,0.22188158987916837,0.22188158987916837,0.7678250823255489,-0.7654630241196048,-0.8700053950135924,-0.8700053950135924,-0.8700053950135924,-0.8700053950135924,0.22188158987916837,0.22188158987916837,0.7678250823255489,-0.8700053950135924,-0.8700053950135924,-0.8700053950135924,-0.6079525186393298,-0.6079525186393298,-0.7643389126046156,-0.7643389126046156,-0.6079525186393298,-0.8700053950135924,-0.8700053950135924,0.22188158987916837,0.22188158987916837,0.7678250823255489,-0.7198318268908058,-0.7838037909431114,-0.7335195219019973,-0.7335195219019973,-0.8435887744113483,-0.8435887744113483,-0.8435887744113483,-0.7335195219019973,-0.8700053950135924,-0.8700053950135924,0.22188158987916837,0.22188158987916837,0.7678250823255489,-0.7714069047389953,-0.8700053950135924,-0.8700053950135924,-0.8700053950135924,-0.8700053950135924,-0.8700053950135924,0.22188158987916837,0.22188158987916837,0.7678250823255489,-0.6652765853461998,-0.8700053950135924,-0.8700053950135924,0.22188158987916837,0.22188158987916837,0.7678250823255489,-0.688024230864799,-0.7860140884833801,-0.7860140884833801,-0.7860140884833801,-0.8700053950135924,-0.8700053950135924,0.22188158987916837,0.22188158987916837,0.7678250823255489,-0.6955619122200745,-0.6955619122200745,-0.8700053950135924,-0.8700053950135924,0.22188158987916837,0.22188158987916837,0.7678250823255489,-0.792830136919078,-0.7062223472796784,-0.7062223472796784,-0.7987953742597168,-0.7987953742597168,-0.7987953742597168,-0.7987953742597168,-0.7987953742597168,-0.7987953742597168,-0.7062223472796784,-0.8700053950135924,-0.8700053950135924,0.22188158987916837,0.22188158987916837,0.7678250823255489,-0.7121422164748801,-0.7121422164748801,-0.8700053950135924,-0.8700053950135924,0.22188158987916837,0.22188158987916837,0.7678250823255489,-0.7534799065072503,-0.8700053950135924,-0.8700053950135924,-0.8700053950135924,-0.8700053950135924,0.22188158987916837,0.22188158987916837,0.7678250823255489,-0.780085290375365,-0.7327022412246824,-0.7327022412246824,-0.842478832369237,-0.842478832369237,-0.842478832369237,-0.7327022412246824,-0.8700053950135924,-0.8700053950135924,0.22188158987916837,0.22188158987916837,0.7678250823255489,-0.7885663105050164,-0.8700053950135924,-0.8700053950135924,-0.8700053950135924,-0.8700053950135924,-0.8700053950135924,0.22188158987916837,0.22188158987916837,0.7678250823255489,-0.7608166965243164,-0.8700053950135924,-0.8700053950135924,0.22188158987916837,0.22188158987916837,0.7678250823255489,-0.7692158271773376,-0.8570067404315358,-0.8570067404315358,-0.8700053950135924,-0.8700053950135924,0.22188158987916837,0.22188158987916837,0.7678250823255489,-0.5231707056947155,-0.45478076695578196,-0.45478076695578196,-0.5190417212980621,-0.5190417212980621,-0.45478076695578196,-0.8700053950135924,-0.8700053950135924,0.22188158987916837,0.22188158987916837,0.7678250823255489,-0.7534799065072503,-0.8700053950135924,-0.8700053950135924,-0.8700053950135924,-0.8700053950135924,0.22188158987916837,0.22188158987916837,0.7678250823255489,-0.7696019941039133,-0.7227846779493999,-0.7227846779493999,-0.8207473355447461,-0.8207473355447461,-0.8207473355447461,-0.7227846779493999,-0.8700053950135924,-0.8700053950135924,0.22188158987916837,0.22188158987916837,0.7678250823255489,-0.7244204636945576,-0.7244204636945576,-0.8228735827160631,-0.8228735827160631,-0.8228735827160631,-0.8228735827160631,-0.8228735827160631,-0.7244204636945576,-0.8700053950135924,-0.8700053950135924,0.22188158987916837,0.22188158987916837,0.7678250823255489,-0.740392911195387,-0.8362356944498988,-0.8362356944498988,-0.8700053950135924,-0.8700053950135924,0.22188158987916837,0.22188158987916837,0.7678250823255489,-0.7261958896862533,-0.8700053950135924,-0.8700053950135924,0.22188158987916837,0.22188158987916837,0.7678250823255489,-0.7115056714001271,-0.691332979303868,-0.691332979303868,-0.8700053950135924,-0.8700053950135924,-0.8700053950135924,-0.691332979303868,-0.8700053950135924,-0.8700053950135924,0.22188158987916837,0.22188158987916837,0.7678250823255489,-0.7881138711466354,-0.8700053950135924,-0.8700053950135924,-0.8700053950135924,-0.8700053950135924,-0.8700053950135924,-0.8700053950135924,0.22188158987916837,0.22188158987916837,0.7678250823255489,-0.7054744794818065,-0.643228867382019,-0.643228867382019,-0.7595898572154481,-0.7595898572154481,-0.7595898572154481,-0.7595898572154481,-0.7595898572154481,-0.643228867382019,-0.8700053950135924,-0.8700053950135924,0.22188158987916837,0.22188158987916837,0.7678250823255489,-0.6328023603644755,-0.7275853535058411,-0.7275853535058411,-0.3786562518118501,-0.3786562518118501,-0.8700053950135924,-0.8700053950135924,0.22188158987916837,0.22188158987916837,0.7678250823255489,-0.684590623994067,-0.8700053950135924,-0.8700053950135924,0.22188158987916837,0.22188158987916837,0.7678250823255489,-0.7727085349736434,-0.7727085349736434,-0.8700053950135924,-0.8700053950135924,0.22188158987916837,0.22188158987916837,0.7678250823255489,-0.8194160366401826,-0.8194160366401826,-0.8700053950135924,-0.8700053950135924,0.22188158987916837,0.22188158987916837,0.7678250823255489,-0.5885032817209276,-0.5885032817209276,-0.5885032817209276,-0.5885032817209276,-0.8700053950135924,-0.8700053950135924,0.22188158987916837,0.22188158987916837,0.7678250823255489,-0.6532337141892943,-0.6532337141892943,-0.8700053950135924,-0.8700053950135924,0.22188158987916837,0.22188158987916837,0.7678250823255489,-0.6754116749336945,-0.6466648753764368,-0.6466648753764368,-0.6466648753764368,-0.6466648753764368,-0.8700053950135924,-0.8700053950135924,0.22188158987916837,0.22188158987916837,0.7678250823255489,-0.691332979303868,-0.691332979303868,-0.691332979303868,-0.691332979303868,-0.8700053950135924,-0.8700053950135924,0.22188158987916837,0.22188158987916837,0.7678250823255489,-0.7505802560409467,-0.7505802560409467,-0.8484549939959721,-0.8484549939959721,-0.8484549939959721,-0.8484549939959721,-0.7505802560409467,-0.8700053950135924,-0.8700053950135924,0.22188158987916837,0.22188158987916837,0.7678250823255489,-0.7301905981675682,-0.8700053950135924,-0.8700053950135924,0.22188158987916837,0.22188158987916837,0.7678250823255489,-0.7326389678819225,-0.7978542726638506,-0.7978542726638506,-0.8700053950135924,-0.8700053950135924,0.7678250823255489,0.7678250823255489,0.7678250823255489,-0.8700053950135924,-0.8700053950135924,-0.8700053950135924,-0.8700053950135924,-0.8700053950135924,-0.8700053950135924,-0.8700053950135924,-0.8700053950135924,-0.8700053950135924,-0.8700053950135924,-0.8700053950135924,-0.8700053950135924,-0.8700053950135924,-0.8700053950135924,-0.8700053950135924,-0.6798057266774341,-0.8700053950135924,-0.8700053950135924,-0.8700053950135924,-0.8700053950135924,0.22188158987916837,0.22188158987916837,1.4229572732612052,1.4229572732612052,1.4229572732612052,1.4229572732612052,-0.8700053950135924,-0.8700053950135924,-0.8700053950135924,-0.8700053950135924,-0.8700053950135924,-0.8700053950135924,-0.6532337141892943,-0.6934727687135652,-0.8700053950135924,-0.8700053950135924,-0.8700053950135924,-0.8700053950135924,-0.8700053950135924,-0.8700053950135924,-0.8700053950135924,-0.8700053950135924,-0.8700053950135924,-0.8700053950135924,-0.8700053950135924,-0.8700053950135924,-0.8700053950135924,-0.8700053950135924,-0.8700053950135924,-0.8700053950135924,-0.8700053950135924,-0.8700053950135924,-0.8700053950135924,-0.8700053950135924,-0.8700053950135924,-0.8700053950135924,-0.8700053950135924,-0.8700053950135924,-0.8700053950135924,-0.8700053950135924,-0.8700053950135924,-0.8700053950135924,-0.8700053950135924,-0.8700053950135924,-0.8700053950135924,-0.8700053950135924,-0.8700053950135924,-0.7349265927588179,-0.7349265927588179,-0.7144431180153574
-0.16277054484031625,-0.797640857572655,0.2890181816638531,0.2890181816638531,-0.21624949762990653,-0.21624949762990653,-0.21624949762990653,-0.7033676826920172,-0.6173030170247277,-0.6173030170247277,-0.538131199345661,-0.538131199345661,-0.538131199345661,-0.538131199345661,-0.538131199345661,-0.538131199345661,-0.538131199345661,-0.538131199345661,-0.7033676826920172,-0.2727860098355923,-0.2727860098355923,-0.7033676826920172,-0.7033676826920172,-0.7033676826920172,-0.7033676826920172,-0.3965873381778338,-0.3965873381778338,-0.21624949762990653,-0.21624949762990653,-1.096933728981207,-1.096933728981207,-1.096933728981207,-1.096933728981207,-1.096933728981207,-1.096933728981207,-1.096933728981207,-1.0183565364195493,-1.0183565364195493,-1.0183565364195493,-1.0183565364195493,-1.0183565364195493,-1.0183565364195493,-1.0183565364195493,-1.0183565364195493,-1.0183565364195493,-1.0183565364195493,-1.0183565364195493,-0.797640857572655,-0.7033676826920172,-0.7033676826920172,-0.7033676826920172,-0.7033676826920172,-0.7033676826920172,-1.096933728981207,-1.096933728981207,-1.096933728981207,-1.096933728981207,-1.096933728981207,-1.096933728981207,-1.096933728981207,-1.096933728981207,-1.096933728981207,-1.096933728981207,-1.096933728981207,-1.096933728981207,-1.096933728981207,-1.096933728981207,-1.096933728981207,-1.096933728981207,-1.096933728981207,-1.096933728981207,-1.096933728981207,-1.096933728981207,-1.096933728981207,-1.096933728981207,-1.096933728981207,-1.096933728981207,-1.096933728981207,-1.096933728981207,-1.096933728981207,-1.096933728981207,-1.096933728981207,-1.096933728981207,0.10868034111592541,0.10868034111592541,-0.4648295453855011,-0.4648295453855011,-0.538131199345661,-0.7033676826920172,-0.7033676826920172,-0.7033676826920172,-0.7033676826920172,-0.3965873381778338,-0.3965873381778338,-0.797640857572655,-0.797640857572655,-0.797640857572655,-0.797640857572655,-0.797640857572655,-0.797640857572655,-0.797640857572655,-0.797640857572655,-0.797640857572655,-0.797640857572655,-0.797640857572655,-0.797640857572655,-0.797640857572655,-0.797640857572655,-0.797640857572655,-0.797640857572655,-0.797640857572655,-0.797640857572655,-0.797640857572655,-0.797640857572655,-0.797640857572655,-0.797640857572655,-1.096933728981207,-1.096933728981207,-1.096933728981207,-1.096933728981207,-1.096933728981207,-1.096933728981207,-1.096933728981207,-1.096933728981207,0.25548548960086465,0.25548548960086465,0.6678433569913562,0.6678433569913562,0.3528545032638245,-0.017762162850330287,-0.3965873381778338,-0.6173030170247277,-0.6173030170247277,-0.0637760259906795,-0.0637760259906795,-0.3327510165778624,-0.3327510165778624,-0.3327510165778624,-0.3965873381778338,-0.3965873381778338,-1.096933728981207,-1.096933728981207,-1.096933728981207,-0.2727860098355923,-1.096933728981207,-1.096933728981207,-1.096933728981207,-0.2727860098355923,-1.096933728981207,-1.096933728981207,-1.096933728981207,-0.4648295453855011,-1.096933728981207,-1.096933728981207,-1.096933728981207,-0.3327510165778624,-1.096933728981207,-1.096933728981207,-1.096933728981207,-0.3327510165778624,-1.096933728981207,-1.096933728981207,-1.096933728981207,-0.3327510165778624,-1.096933728981207,-1.096933728981207,-1.096933728981207,-0.2727860098355923,-0.017762162850330287,-0.017762162850330287,-1.096933728981207,-1.096933728981207,-1.096933728981207,0.8330798403377128,0.8330798403377128,-1.096933728981207,-1.096933728981207,-1.096933728981207,-1.096933728981207,-1.096933728981207,-0.16277054484031625,0.4414916533030797,0.4414916533030797,-1.096933728981207,-1.096933728981207,-1.096933728981207,-1.096933728981207,-1.096933728981207,0.10868034111592541,0.10868034111592541,-1.096933728981207,-1.096933728981207,-1.096933728981207,-1.096933728981207,-1.096933728981207,0.2890181816638531,0.2890181816638531,-1.096933728981207,-1.096933728981207,-1.096933728981207,-1.096933728981207,-1.096933728981207,-0.017762162850330287,-0.017762162850330287,-1.096933728981207,-1.096933728981207,-1.096933728981207,-1.096933728981207,-1.096933728981207,-0.16277054484031625,-0.6173030170247277,-0.6173030170247277,-0.6173030170247277,-0.6173030170247277,-1.096933728981207,-1.096933728981207,-1.096933728981207,-1.096933728981207,-1.096933728981207,-0.11203533773096849,0.41281951000609457,0.41281951000609457,-1.096933728981207,-1.096933728981207,-1.096933728981207,-1.096933728981207,-1.096933728981207,0.026205950473936392,-0.2727860098355923,-0.2727860098355923,-0.16277054484031625,-0.16277054484031625,-0.16277054484031625,-0.16277054484031625,-0.16277054484031625,-0.2727860098355923,-1.096933728981207,-1.096933728981207,-1.096933728981207,-1.096933728981207,-1.096933728981207,0.5979941312604431,1.8704253214638973,1.8704253214638973,-0.797640857572655,-0.797640857572655,-1.096933728981207,-1.096933728981207,-1.096933728981207,-1.096933728981207,-1.096933728981207,0.026205950473936392,0.026205950473936392,-1.096933728981207,-1.096933728981207,-1.096933728981207,-1.096933728981207,-1.096933728981207,0.10868034111592541,-0.16277054484031625,-0.16277054484031625,-0.16277054484031625,-0.16277054484031625,-1.096933728981207,-1.096933728981207,-1.096933728981207,-1.096933728981207,-1.096933728981207,0.38329135654449087,0.1848040217649151,0.1848040217649151,0.7330836812166751,0.7330836812166751,0.1848040217649151,0.38329135654449087,-1.096933728981207,-1.096933728981207,-1.096933728981207,-1.096933728981207,-1.096933728981207,-0.017762162850330287,0.49645688688845147,0.49645688688845147,0.49645688688845147,0.49645688688845147,-0.797640857572655,-0.797640857572655,-1.096933728981207,-1.096933728981207,-1.096933728981207,-1.096933728981207,-1.096933728981207,-0.4648295453855011,-1.096933728981207,-1.096933728981207,-1.096933728981207,-1.096933728981207,-1.096933728981207,0.2890181816638531,0.2890181816638531,-1.096933728981207,-1.096933728981207,-1.096933728981207,-1.096933728981207,-1.096933728981207,0.4693560222117804,0.4693560222117804,0.4693560222117804,0.5485278398908471,0.5485278398908471,-0.797640857572655,-0.797640857572655,-1.096933728981207,-1.096933728981207,-1.096933728981207,-1.096933728981207,-1.096933728981207,0.2207759744561858,0.9238884943961923,0.9238884943961923,-1.096933728981207,-1.096933728981207,-1.096933728981207,-1.096933728981207,-1.096933728981207,-0.2727860098355923,-0.2727860098355923,-0.16277054484031625,-0.16277054484031625,-0.16277054484031625,-0.2727860098355923,-1.096933728981207,-1.096933728981207,-1.096933728981207,-1.096933728981207,-1.096933728981207,0.2207759744561858,0.7942858609576123,0.7942858609576123,-1.096933728981207,-1.096933728981207,-1.096933728981207,-1.096933728981207,-1.096933728981207,-0.3965873381778338,-0.3965873381778338,-0.3965873381778338,-0.11203533773096849,-0.11203533773096849,0.32145124083595084,0.32145124083595084,-0.11203533773096849,-1.096933728981207,-1.096933728981207,-1.096933728981207,-1.096933728981207,-1.096933728981207,0.06830250281695922,0.38329135654449087,0.2207759744561858,0.2207759744561858,0.5979941312604431,0.5979941312604431,0.5979941312604431,0.2207759744561858,-1.096933728981207,-1.096933728981207,-1.096933728981207,-1.096933728981207,-1.096933728981207,0.1848040217649151,0.6678433569913562,0.6678433569913562,0.6678433569913562,-1.096933728981207,-1.096933728981207,-1.096933728981207,-1.096933728981207,-1.096933728981207,-0.21624949762990653,-1.096933728981207,-1.096933728981207,-1.096933728981207,-1.096933728981207,-1.096933728981207,0.026205950473936392,0.5485278398908471,0.5485278398908471,0.5485278398908471,-1.096933728981207,-1.096933728981207,-1.096933728981207,-1.096933728981207,-1.096933728981207,-0.21624949762990653,-0.21624949762990653,-1.096933728981207,-1.096933728981207,-1.096933728981207,-1.096933728981207,-1.096933728981207,0.32145124083595084,-0.11203533773096849,-0.11203533773096849,0.026205950473936392,0.026205950473936392,0.026205950473936392,0.026205950473936392,0.026205950473936392,0.026205950473936392,-0.11203533773096849,-1.096933728981207,-1.096933728981207,-1.096933728981207,-1.096933728981207,-1.096933728981207,0.32145124083595084,0.32145124083595084,-1.096933728981207,-1.096933728981207,-1.096933728981207,-1.096933728981207,-1.096933728981207,0.10868034111592541,0.6451039720015455,0.6451039720015455,-1.096933728981207,-1.096933728981207,-1.096933728981207,-1.096933728981207,-1.096933728981207,0.4693560222117804,0.1848040217649151,0.1848040217649151,0.5485278398908471,0.5485278398908471,0.5485278398908471,0.1848040217649151,-1.096933728981207,-1.096933728981207,-1.096933728981207,-1.096933728981207,-1.096933728981207,0.10868034111592541,0.41281951000609457,0.41281951000609457,0.41281951000609457,-1.096933728981207,-1.096933728981207,-1.096933728981207,-1.096933728981207,-1.096933728981207,0.2890181816638531,-1.096933728981207,-1.096933728981207,-1.096933728981207,-1.096933728981207,-1.096933728981207,0.4693560222117804,1.3074350136926938,1.3074350136926938,-1.096933728981207,-1.096933728981207,-1.096933728981207,-1.096933728981207,-1.096933728981207,-0.4648295453855011,-0.4648295453855011,-0.4648295453855011,-0.4648295453855011,-0.4648295453855011,-0.4648295453855011,-1.096933728981207,-1.096933728981207,-1.096933728981207,-1.096933728981207,-1.096933728981207,0.10868034111592541,0.5979941312604431,0.5979941312604431,-1.096933728981207,-1.096933728981207,-1.096933728981207,-1.096933728981207,-1.096933728981207,0.3528545032638245,0.25548548960086465,0.25548548960086465,0.6678433569913562,0.6678433569913562,0.6678433569913562,0.25548548960086465,-1.096933728981207,-1.096933728981207,-1.096933728981207,-1.096933728981207,-1.096933728981207,-0.017762162850330287,-0.017762162850330287,0.1848040217649151,0.1848040217649151,0.1848040217649151,0.1848040217649151,0.1848040217649151,-0.017762162850330287,-1.096933728981207,-1.096933728981207,-1.096933728981207,-1.096933728981207,-1.096933728981207,0.1848040217649151,0.7539080226586461,0.7539080226586461,-1.096933728981207,-1.096933728981207,-1.096933728981207,-1.096933728981207,-1.096933728981207,0.25548548960086465,-1.096933728981207,-1.096933728981207,-1.096933728981207,-1.096933728981207,-1.096933728981207,0.14747432049602588,0.1848040217649151,0.1848040217649151,0.6451039720015455,0.6451039720015455,0.6451039720015455,0.1848040217649151,-1.096933728981207,-1.096933728981207,-1.096933728981207,-1.096933728981207,-1.096933728981207,0.4693560222117804,1.112864989710445,0.870409541606602,0.870409541606602,0.870409541606602,-1.096933728981207,-1.096933728981207,-1.096933728981207,-1.096933728981207,-1.096933728981207,0.06830250281695922,-0.3327510165778624,-0.3327510165778624,-0.2727860098355923,-0.2727860098355923,-0.2727860098355923,-0.2727860098355923,-0.2727860098355923,-0.3327510165778624,-1.096933728981207,-1.096933728981207,-1.096933728981207,-1.096933728981207,-1.096933728981207,-0.017762162850330287,0.5979941312604431,0.5979941312604431,-0.797640857572655,-0.797640857572655,-1.096933728981207,-1.096933728981207,-1.096933728981207,-1.096933728981207,-1.096933728981207,-0.017762162850330287,-1.096933728981207,-1.096933728981207,-1.096933728981207,-1.096933728981207,-1.096933728981207,0.49645688688845147,0.49645688688845147,-1.096933728981207,-1.096933728981207,-1.096933728981207,-1.096933728981207,-1.096933728981207,1.7317630112380535,1.7317630112380535,-1.096933728981207,-1.096933728981207,-1.096933728981207,-1.096933728981207,-1.096933728981207,0.3528545032638245,0.3528545032638245,0.3528545032638245,0.3528545032638245,-1.096933728981207,-1.096933728981207,-1.096933728981207,-1.096933728981207,-1.096933728981207,-0.16277054484031625,-0.16277054484031625,-1.096933728981207,-1.096933728981207,-1.096933728981207,-1.096933728981207,-1.096933728981207,-0.11203533773096849,-0.017762162850330287,-0.017762162850330287,-0.017762162850330287,-0.017762162850330287,-1.096933728981207,-1.096933728981207,-1.096933728981207,-1.096933728981207,-1.096933728981207,0.1848040217649151,0.1848040217649151,0.1848040217649151,0.1848040217649151,-1.096933728981207,-1.096933728981207,-1.096933728981207,-1.096933728981207,-1.096933728981207,0.1848040217649151,0.1848040217649151,0.5228349750013707,0.5228349750013707,0.5228349750013707,0.5228349750013707,0.1848040217649151,-1.096933728981207,-1.096933728981207,-1.096933728981207,-1.096933728981207,-1.096933728981207,0.1848040217649151,-1.096933728981207,-1.096933728981207,-1.096933728981207,-1.096933728981207,-1.096933728981207,0.2207759744561858,0.6900717010586743,0.6900717010586743,-1.096933728981207,-1.096933728981207,-1.096933728981207,-1.096933728981207,-1.096933728981207,-1.096933728981207,-1.096933728981207,-1.096933728981207,-1.096933728981207,-0.4648295453855011,-0.4648295453855011,-0.4648295453855011,-0.3327510165778624,-0.3327510165778624,-0.3327510165778624,-0.3327510165778624,-0.3327510165778624,-0.3327510165778624,-0.3327510165778624,-0.4648295453855011,-1.0183565364195493,-1.0183565364195493,-0.901855017471593,-0.901855017471593,-0.901855017471593,-1.096933728981207,-1.096933728981207,-1.096933728981207,-1.096933728981207,-1.096933728981207,-1.096933728981207,-1.0183565364195493,-0.901855017471593,-0.901855017471593,-0.901855017471593,-0.3327510165778624,-0.3327510165778624,-1.0183565364195493,-1.0183565364195493,-1.096933728981207,-1.096933728981207,-1.096933728981207,-1.096933728981207,-1.096933728981207,-1.096933728981207,-1.096933728981207,-1.096933728981207,-1.096933728981207,-1.096933728981207,-1.096933728981207,-1.096933728981207,-0.538131199345661,-0.538131199345661,-0.538131199345661,-0.538131199345661,-0.538131199345661,-0.538131199345661,-0.538131199345661,-0.538131199345661,-0.6173030170247277,-0.6173030170247277,-0.6173030170247277,-0.6173030170247277,-0.6173030170247277,-0.6173030170247277,-0.6173030170247277,-0.6173030170247277,-0.6173030170247277,0.2890181816638531,0.2890181816638531,-0.11203533773096849,-0.11203533773096849,0.3528545032638245,0.3528545032638245,-0.16277054484031625
-1.0,-1.0,-1.0,-1.0,-1.0,-1.0,-1.0,-1.0,-1.0,-1.0,-1.0,-1.0,-1.0,-1.0,-1.0,-1.0,-1.0,-1.0,-1.0,-1.0,-1.0,-1.0,-1.0,-1.0,-1.0,-1.0,-1.0,-1.0,-1.0,-1.0,-1.0,-1.0,-1.0,-1.0,-1.0,-1.0,-1.0,-1.0,-1.0,-1.0,-1.0,-1.0,-1.0,-1.0,-1.0,-1.0,-1.0,-1.0,-1.0,-1.0,-1.0,-1.0,-1.0,-1.0,-1.0,-1.0,-1.0,-1.0,-1.0,-1.0,-1.0,-1.0,-1.0,-1.0,-1.0,-1.0,-1.0,-1.0,-1.0,-1.0,-1.0,-1.0,-1.0,-1.0,-1.0,-1.0,-1.0,-1.0,-1.0,-1.0,-1.0,-1.0,-1.0,-1.0,-1.0,-1.0,-1.0,-1.0,-1.0,-1.0,-1.0,-1.0,-1.0,-1.0,-1.0,-1.0,-1.0,-1.0,-1.0,-1.0,-1.0,-1.0,-1.0,-1.0,-1.0,-1.0,-1.0,-1.0,-1.0,-1.0,-1.0,-1.0,-1.0,-1.0,-1.0,-1.0,-1.0,-1.0,-1.0,-1.0,-1.0,-1.0,-1.0,-1.0,-1.0,-1.0,-1.0,-1.0,-1.0,-1.0,-1.0,-1.0,-1.0,-1.0,-1.0,-1.0,-1.0,-1.0,-1.0,-1.0,-1.0,-1.0,-1.0,-1.0,-1.0,-1.0,-1.0,-1.0,-1.0,-1.0,-1.0,-1.0,-1.0,-1.0,-1.0,-1.0,-1.0,-1.0,-1.0,-1.0,-1.0,-1.0,-1.0,-1.0,-1.0,-1.0,-1.0,-1.0,-1.0,-1.0,-1.0,-1.0,-1.0,1.0,1.0,-1.0,-1.0,-1.0,-1.0,-1.0,-1.0,1.0,1.0,-1.0,-1.0,-1.0,-1.0,-1.0,-1.0,-1.0,-1.0,-1.0,-1.0,-1.0,-1.0,1.0,1.0,-1.0,-1.0,-1.0,-1.0,-1.0,-1.0,-1.0,-1.0,-1.0,-1.0,-1.0,-1.0,-1.0,-1.0,-1.0,-1.0,-1.0,-1.0,-1.0,-1.0,-1.0,-1.0,-1.0,1.0,1.0,-1.0,-1.0,-1.0,-1.0,-1.0,-1.0,-1.0,-1.0,-1.0,-1.0,-1.0,-1.0,-1.0,-1.0,-1.0,-1.0,-1.0,-1.0,-1.0,-1.0,1.0,1.0,-1.0,-1.0,-1.0,-1.0,-1.0,-1.0,-1.0,-1.0,-1.0,-1.0,-1.0,-1.0,-1.0,-1.0,-1.0,-1.0,-1.0,-1.0,-1.0,-1.0,-1.0,-1.0,-1.0,-1.0,1.0,-1.0,-1.0,-1.0,-1.0,-1.0,1.0,-1.0,-1.0,-1.0,-1.0,-1.0,-1.0,1.0,1.0,1.0,1.0,-1.0,-1.0,-1.0,-1.0,-1.0,-1.0,-1.0,-1.0,-1.0,-1.0,-1.0,-1.0,-1.0,-1.0,-1.0,-1.0,-1.0,-1.0,-1.0,-1.0,-1.0,-1.0,-1.0,1.0,1.0,-1.0,-1.0,-1.0,-1.0,-1.0,-1.0,-1.0,-1.0,1.0,1.0,-1.0,-1.0,-1.0,-1.0,-1.0,-1.0,-1.0,-1.0,-1.0,-1.0,-1.0,-1.0,-1.0,-1.0,-1.0,-1.0,-1.0,1.0,1.0,-1.0,-1.0,-1.0,-1.0,-1.0,1.0,1.0,1.0,-1.0,-1.0,-1.0,-1.0,-1.0,-1.0,-1.0,-1.0,-1.0,-1.0,-1.0,-1.0,-1.0,-1.0,-1.0,-1.0,-1.0,-1.0,-1.0,-1.0,-1.0,-1.0,-1.0,-1.0,1.0,1.0,1.0,-1.0,-1.0,-1.0,-1.0,-1.0,-1.0,-1.0,-1.0,-1.0,-1.0,-1.0,-1.0,1.0,1.0,1.0,-1.0,-1.0,-1.0,-1.0,-1.0,-1.0,-1.0,-1.0,-1.0,-1.0,-1.0,-1.0,-1.0,-1.0,-1.0,-1.0,-1.0,-1.0,-1.0,-1.0,-1.0,-1.0,-1.0,-1.0,-1.0,-1.0,-1.0,-1.0,-1.0,-1.0,-1.0,-1.0,-1.0,-1.0,-1.0,1.0,1.0,-1.0,-1.0,-1.0,-1.0,-1.0,-1.0,-1.0,-1.0,-1.0,-1.0,-1.0,-1.0,-1.0,-1.0,-1.0,-1.0,-1.0,-1.0,1.0,1.0,1.0,-1.0,-1.0,-1.0,-1.0,-1.0,-1.0,-1.0,-1.0,-1.0,-1.0,-1.0,-1.0,1.0,1.0,-1.0,-1.0,-1.0,-1.0,-1.0,-1.0,-1.0,-1.0,-1.0,-1.0,-1.0,-1.0,-1.0,-1.0,-1.0,-1.0,-1.0,1.0,1.0,-1.0,-1.0,-1.0,-1.0,-1.0,-1.0,-1.0,-1.0,1.0,1.0,1.0,-1.0,-1.0,-1.0,-1.0,-1.0,-1.0,-1.0,-1.0,-1.0,-1.0,-1.0,-1.0,-1.0,-1.0,-1.0,-1.0,-1.0,-1.0,-1.0,-1.0,1.0,1.0,-1.0,-1.0,-1.0,-1.0,-1.0,-1.0,-1.0,-1.0,-1.0,-1.0,-1.0,-1.0,-1.0,-1.0,1.0,1.0,1.0,-1.0,-1.0,-1.0,-1.0,-1.0,-1.0,-1.0,1.0,1.0,1.0,1.0,-1.0,-1.0,-1.0,-1.0,-1.0,-1.0,-1.0,-1.0,-1.0,-1.0,-1.0,-1.0,-1.0,-1.0,-1.0,-1.0,-1.0,-1.0,-1.0,-1.0,1.0,1.0,-1.0,-1.0,-1.0,-1.0,-1.0,-1.0,-1.0,-1.0,-1.0,-1.0,-1.0,-1.0,-1.0,-1.0,-1.0,-1.0,-1.0,-1.0,-1.0,-1.0,1.0,1.0,-1.0,-1.0,-1.0,-1.0,-1.0,-1.0,-1.0,-1.0,-1.0,-1.0,-1.0,-1.0,-1.0,-1.0,-1.0,-1.0,-1.0,-1.0,-1.0,-1.0,-1.0,-1.0,-1.0,-1.0,-1.0,-1.0,-1.0,-1.0,-1.0,-1.0,-1.0,-1.0,-1.0,-1.0,-1.0,-1.0,-1.0,-1.0,-1.0,-1.0,-1.0,-1.0,-1.0,-1.0,-1.0,-1.0,-1.0,-1.0,-1.0,-1.0,-1.0,-1.0,-1.0,-1.0,-1.0,-1.0,-1.0,-1.0,-1.0,1.0,1.0,-1.0,-1.0,-1.0,-1.0,-1.0,-1.0,-1.0,-1.0,-1.0,-1.0,-1.0,-1.0,-1.0,-1.0,-1.0,-1.0,-1.0,-1.0,-1.0,-1.0,-1.0,-1.0,-1.0,-1.0,-1.0,-1.0,-1.0,-1.0,-1.0,-1.0,-1.0,-1.0,-1.0,-1.0,-1.0,1.0,1.0,-1.0,-1.0,-1.0,-1.0,-1.0,-1.0,-1.0,-1.0,-1.0,-1.0,-1.0,-1.0,-1.0,-1.0,-1.0,-1.0,-1.0,-1.0,-1.0,-1.0,-1.0,-1.0,-1.0,-1.0,-1.0,-1.0,-1.0,-1.0,-1.0,-1.0,-1.0,-1.0,-1.0,-1.0,-1.0,1.0,1.0,-1.0
-1.0,-1.0,-1.0,-1.0,-1.0,-1.0,-1.0,-1.0,-1.0,-1.0,-1.0,-1.0,-1.0,-1.0,-1.0,-1.0,-1.0,-1.0,-1.0,-1.0,-1.0,-1.0,-1.0,-1.0,-1.0,-1.0,-1.0,-1.0,-1.0,-1.0,-1.0,-1.0,-1.0,-1.0,-1.0,-1.0,-1.0,-1.0,-1.0,-1.0,-1.0,-1.0,-1.0,-1.0,-1.0,-1.0,-1.0,-1.0,-1.0,-1.0,-1.0,-1.0,-1.0,-1.0,-1.0,-1.0,-1.0,-1.0,-1.0,-1.0,-1.0,-1.0,-1.0,-1.0,-1.0,-1.0,-1.0,-1.0,-1.0,-1.0,-1.0,-1.0,-1.0,-1.0,-1.0,-1.0,-1.0,-1.0,-1.0,-1.0,-1.0,-1.0,-1.0,-1.0,-1.0,-1.0,-1.0,-1.0,-1.0,-1.0,-1.0,-1.0,-1.0,-1.0,-1.0,-1.0,-1.0,-1.0,-1.0,-1.0,-1.0,-1.0,-1.0,-1.0,-1.0,-1.0,-1.0,-1.0,-1.0,-1.0,-1.0,-1.0,-1.0,-1.0,-1.0,-1.0,-1.0,-1.0,-1.0,-1.0,-1.0,-1.0,-1.0,-1.0,-1.0,-1.0,-1.0,-1.0,-1.0,-1.0,-1.0,-1.0,-1.0,-1.0,-1.0,-1.0,-1.0,-1.0,-1.0,-1.0,-1.0,-1.0,-1.0,-1.0,-1.0,-1.0,-1.0,-1.0,-1.0,-1.0,-1.0,-1.0,-1.0,-1.0,-1.0,-1.0,-1.0,-1.0,-1.0,-1.0,-1.0,-1.0,-1.0,-1.0,-1.0,-1.0,-1.0,-1.0,-1.0,-1.0,-1.0,-1.0,-1.0,-1.0,-1.0,-1.0,-1.0,-1.0,-1.0,-1.0,-1.0,-1.0,-1.0,-1.0,-1.0,-1.0,-1.0,-1.0,-1.0,-1.0,-1.0,-1.0,-1.0,-1.0,-1.0,-1.0,-1.0,-1.0,-1.0,-1.0,-1.0,-1.0,-1.0,-1.0,-1.0,-1.0,-1.0,-1.0,-1.0,-1.0,-1.0,-1.0,-1.0,-1.0,-1.0,-1.0,-1.0,-1.0,-1.0,-1.0,-1.0,-1.0,-1.0,-1.0,-1.0,-1.0,-1.0,-1.0,-1.0,-1.0,-1.0,-1.0,-1.0,-1.0,-1.0,-1.0,-1.0,-1.0,-1.0,-1.0,-1.0,-1.0,-1.0,-1.0,-1.0,-1.0,-1.0,-1.0,-1.0,-1.0,-1.0,-1.0,-1.0,-1.0,-1.0,-1.0,-1.0,-1.0,-1.0,-1.0,-1.0,-1.0,-1.0,-1.0,-1.0,-1.0,-1.0,-1.0,-1.0,-1.0,-1.0,-1.0,-1.0,-1.0,-1.0,-1.0,-1.0,-1.0,-1.0,-1.0,-1.0,-1.0,-1.0,-1.0,-1.0,-1.0,-1.0,-1.0,-1.0,-1.0,-1.0,-1.0,-1.0,-1.0,-1.0,-1.0,-1.0,-1.0,-1.0,-1.0,-1.0,-1.0,-1.0,-1.0,-1.0,-1.0,-1.0,-1.0,-1.0,-1.0,-1.0,-1.0,-1.0,-1.0,-1.0,-1.0,-1.0,-1.0,-1.0,-1.0,-1.0,-1.0,-1.0,-1.0,-1.0,-1.0,-1.0,-1.0,-1.0,-1.0,-1.0,-1.0,-1.0,-1.0,-1.0,-1.0,-1.0,-1.0,-1.0,-1.0,-1.0,-1.0,-1.0,-1.0,-1.0,-1.0,-1.0,-1.0,-1.0,-1.0,-1.0,-1.0,-1.0,-1.0,-1.0,-1.0,-1.0,-1.0,-1.0,-1.0,-1.0,-1.0,-1.0,-1.0,-1.0,-1.0,-1.0,-1.0,-1.0,-1.0,-1.0,-1.0,-1.0,-1.0,-1.0,-1.0,-1.0,-1.0,-1.0,-1.0,-1.0,-1.0,-1.0,-1.0,-1.0,-1.0,-1.0,-1.0,-1.0,-1.0,-1.0,-1.0,-1.0,-1.0,-1.0,-1.0,-1.0,-1.0,-1.0,-1.0,-1.0,-1.0,-1.0,-1.0,-1.0,-1.0,-1.0,-1.0,-1.0,-1.0,-1.0,-1.0,-1.0,-1.0,-1.0,-1.0,-1.0,-1.0,-1.0,-1.0,-1.0,-1.0,-1.0,-1.0,-1.0,-1.0,-1.0,-1.0,-1.0,-1.0,-1.0,-1.0,-1.0,-1.0,-1.0,-1.0,-1.0,-1.0,-1.0,-1.0,-1.0,-1.0,-1.0,-1.0,-1.0,-1.0,-1.0,-1.0,-1.0,-1.0,-1.0,-1.0,-1.0,-1.0,-1.0,-1.0,-1.0,-1.0,-1.0,-1.0,-1.0,-1.0,-1.0,-1.0,-1.0,-1.0,-1.0,-1.0,-1.0,-1.0,-1.0,-1.0,-1.0,-1.0,-1.0,-1.0,-1.0,-1.0,-1.0,-1.0,-1.0,-1.0,-1.0,-1.0,-1.0,-1.0,-1.0,-1.0,-1.0,-1.0,-1.0,-1.0,-1.0,-1.0,-1.0,-1.0,-1.0,-1.0,-1.0,-1.0,-1.0,-1.0,-1.0,-1.0,-1.0,-1.0,-1.0,-1.0,-1.0,-1.0,-1.0,-1.0,-1.0,-1.0,-1.0,-1.0,-1.0,-1.0,-1.0,-1.0,-1.0,-1.0,-1.0,-1.0,-1.0,-1.0,-1.0,-1.0,-1.0,-1.0,-1.0,-1.0,-1.0,-1.0,-1.0,-1.0,-1.0,-1.0,-1.0,-1.0,-1.0,-1.0,-1.0,-1.0,-1.0,-1.0,-1.0,-1.0,-1.0,-1.0,-1.0,-1.0,-1.0,-1.0,-1.0,-1.0,-1.0,-1.0,-1.0,-1.0,-1.0,-1.0,-1.0,-1.0,-1.0,-1.0,-1.0,-1.0,-1.0,-1.0,-1.0,-1.0,-1.0,-1.0,-1.0,-1.0,-1.0,-1.0,-1.0,-1.0,-1.0,-1.0,-1.0,-1.0,-1.0,-1.0,-1.0,-1.0,-1.0,-1.0,-1.0,-1.0,-1.0,-1.0,-1.0,-1.0,-1.0,-1.0,-1.0,-1.0,-1.0,-1.0,-1.0,-1.0,-1.0,-1.0,-1.0,-1.0,-1.0,-1.0,-1.0,-1.0,-1.0,-1.0,-1.0,-1.0,-1.0,-1.0,-1.0,-1.0,-1.0,-1.0,-1.0,-1.0,-1.0,-1.0,-1.0,-1.0,-1.0,-1.0,-1.0,-1.0,-1.0,-1.0,-1.0,-1.0,-1.0,-1.0,-1.0,-1.0,-1.0,-1.0,-1.0,-1.0,1.0,1.0,-1.0,-1.0,-1.0,-1.0,-1.0,-1.0,-1.0,-1.0,-1.0,-1.0,-1.0,-1.0,-1.0,-1.0,-1.0,-1.0,-1.0,-1.0,-1.0,-1.0,-1.0,-1.0,-1.0,-1.0,-1.0,-1.0,-1.0,-1.0,-1.0,-1.0,-1.0,-1.0,-1.0,-1.0,-1.0,1.0,1.0,-1.0,-1.0,-1.0,-1.0,-1.0,-1.0,-1.0,-1.0,-1.0,-1.0,-1.0,-1.0,-1.0,-1.0,-1.0,-1.0,-1.0,-1.0,-1.0,-1.0,-1.0,-1.0,-1.0,-1.0,-1.0,-1.0,-1.0,-1.0,-1.0,-1.0,-1.0,-1.0,-1.0,-1.0,-1.0,-1.0,-1.0,-1.0
1.0,-1.0,-1.0,-1.0,-1.0,-1.0,-1.0,-1.0,-1.0,-1.0,-1.0,-1.0,-1.0,-1.0,-1.0,-1.0,-1.0,-1.0,-1.0,-1.0,-1.0,-1.0,-1.0,-1.0,-1.0,-1.0,-1.0,-1.0,-1.0,-1.0,-1.0,-1.0,-1.0,-1.0,-1.0,-1.0,-1.0,-1.0,-1.0,-1.0,-1.0,-1.0,-1.0,-1.0,-1.0,-1.0,-1.0,-1.0,-1.0,-1.0,-1.0,-1.0,-1.0,-1.0,-1.0,-1.0,-1.0,-1.0,-1.0,-1.0,-1.0,-1.0,-1.0,-1.0,-1.0,-1.0,-1.0,-1.0,-1.0,-1.0,-1.0,-1.0,-1.0,-1.0,-1.0,-1.0,-1.0,-1.0,-1.0,-1.0,-1.0,-1.0,-1.0,-1.0,-1.0,-1.0,-1.0,-1.0,-1.0,-1.0,-1.0,-1.0,-1.0,-1.0,-1.0,-1.0,-1.0,-1.0,-1.0,-1.0,-1.0,-1.0,-1.0,-1.0,-1.0,-1.0,-1.0,-1.0,-1.0,-1.0,-1.0,-1.0,-1.0,-1.0,-1.0,-1.0,-1.0,-1.0,-1.0,-1.0,-1.0,-1.0,-1.0,-1.0,-1.0,-1.0,-1.0,-1.0,-1.0,-1.0,-1.0,-1.0,-1.0,-1.0,-1.0,-1.0,-1.0,-1.0,-1.0,-1.0,-1.0,-1.0,-1.0,-1.0,-1.0,-1.0,-1.0,-1.0,-1.0,-1.0,-1.0,-1.0,-1.0,-1.0,-1.0,-1.0,-1.0,-1.0,-1.0,-1.0,-1.0,-1.0,-1.0,-1.0,-1.0,-1.0,-1.0,-1.0,-1.0,-1.0,-1.0,-1.0,-1.0,-1.0,-1.0,-1.0,-1.0,-1.0,-1.0,-1.0,-1.0,-1.0,-1.0,-1.0,-1.0,-1.0,-1.0,-1.0,-1.0,-1.0,-1.0,-1.0,-1.0,-1.0,-1.0,-1.0,-1.0,-1.0,-1.0,-1.0,-1.0,-1.0,-1.0,-1.0,-1.0,-1.0,-1.0,-1.0,-1.0,-1.0,-1.0,-1.0,-1.0,-1.0,-1.0,-1.0,-1.0,-1.0,-1.0,-1.0,-1.0,-1.0,-1.0,-1.0,-1.0,-1.0,-1.0,-1.0,-1.0,-1.0,-1.0,-1.0,-1.0,-1.0,-1.0,-1.0,-1.0,-1.0,-1.0,-1.0,-1.0,-1.0,-1.0,-1.0,-1.0,-1.0,-1.0,-1.0,-1.0,-1.0,-1.0,-1.0,-1.0,-1.0,-1.0,-1.0,-1.0,-1.0,-1.0,-1.0,-1.0,-1.0,-1.0,-1.0,-1.0,-1.0,-1.0,-1.0,-1.0,-1.0,-1.0,-1.0,-1.0,-1.0,-1.0,-1.0,-1.0,-1.0,-1.0,-1.0,-1.0,-1.0,-1.0,-1.0,-1.0,-1.0,-1.0,-1.0,-1.0,-1.0,-1.0,-1.0,-1.0,-1.0,-1.0,-1.0,-1.0,-1.0,-1.0,-1.0,-1.0,-1.0,-1.0,-1.0,-1.0,-1.0,-1.0,-1.0,-1.0,-1.0,-1.0,-1.0,-1.0,-1.0,-1.0,-1.0,-1.0,-1.0,-1.0,-1.0,-1.0,-1.0,-1.0,-1.0,-1.0,-1.0,-1.0,-1.0,-1.0,-1.0,-1.0,-1.0,-1.0,-1.0,-1.0,-1.0,-1.0,-1.0,-1.0,-1.0,-1.0,-1.0,-1.0,-1.0,-1.0,-1.0,-1.0,-1.0,-1.0,-1.0,-1.0,-1.0,-1.0,-1.0,-1.0,-1.0,-1.0,-1.0,-1.0,-1.0,-1.0,-1.0,-1.0,-1.0,-1.0,-1.0,-1.0,-1.0,-1.0,-1.0,-1.0,-1.0,-1.0,-1.0,-1.0,-1.0,-1.0,-1.0,-1.0,-1.0,-1.0,-1.0,-1.0,-1.0,-1.0,-1.0,-1.0,-1.0,-1.0,-1.0,-1.0,-1.0,-1.0,-1.0,-1.0,-1.0,-1.0,-1.0,-1.0,-1.0,-1.0,-1.0,-1.0,-1.0,-1.0,-1.0,-1.0,-1.0,-1.0,-1.0,-1.0,-1.0,-1.0,-1.0,-1.0,-1.0,-1.0,-1.0,-1.0,-1.0,-1.0,-1.0,-1.0,-1.0,-1.0,-1.0,-1.0,-1.0,-1.0,-1.0,-1.0,-1.0,-1.0,-1.0,-1.0,-1.0,-1.0,-1.0,-1.0,-1.0,-1.0,-1.0,-1.0,-1.0,-1.0,-1.0,-1.0,-1.0,-1.0,-1.0,-1.0,-1.0,-1.0,-1.0,-1.0,-1.0,-1.0,-1.0,-1.0,-1.0,-1.0,-1.0,-1.0,-1.0,-1.0,-1.0,-1.0,-1.0,-1.0,-1.0,-1.0,-1.0,-1.0,-1.0,-1.0,-1.0,-1.0,-1.0,-1.0,-1.0,-1.0,-1.0,-1.0,-1.0,-1.0,-1.0,-1.0,-1.0,-1.0,-1.0,-1.0,-1.0,-1.0,-1.0,-1.0,-1.0,-1.0,-1.0,-1.0,-1.0,-1.0,-1.0,-1.0,-1.0,-1.0,-1.0,-1.0,-1.0,-1.0,-1.0,-1.0,-1.0,-1.0,-1.0,-1.0,-1.0,-1.0,-1.0,-1.0,-1.0,-1.0,-1.0,-1.0,-1.0,-1.0,-1.0,-1.0,-1.0,-1.0,-1.0,-1.0,-1.0,-1.0,-1.0,-1.0,-1.0,-1.0,-1.0,-1.0,-1.0,-1.0,-1.0,-1.0,-1.0,-1.0,-1.0,-1.0,-1.0,-1.0,-1.0,-1.0,-1.0,-1.0,-1.0,-1.0,-1.0,-1.0,-1.0,-1.0,-1.0,-1.0,-1.0,-1.0,-1.0,-1.0,-1.0,-1.0,-1.0,-1.0,-1.0,-1.0,-1.0,-1.0,-1.0,-1.0,-1.0,-1.0,-1.0,-1.0,-1.0,-1.0,-1.0,-1.0,-1.0,-1.0,-1.0,-1.0,-1.0,-1.0,-1.0,-1.0,-1.0,-1.0,-1.0,-1.0,-1.0,-1.0,-1.0,-1.0,-1.0,-1.0,-1.0,-1.0,-1.0,-1.0,-1.0,-1.0,-1.0,-1.0,-1.0,-1.0,-1.0,-1.0,-1.0,-1.0,-1.0,-1.0,-1.0,-1.0,-1.0,-1.0,-1.0,-1.0,-1.0,-1.0,-1.0,-1.0,-1.0,-1.0,-1.0,-1.0,-1.0,-1.0,-1.0,-1.0,-1.0,-1.0,-1.0,-1.0,-1.0,-1.0,-1.0,-1.0,-1.0,-1.0,-1.0,-1.0,-1.0,-1.0,-1.0,-1.0,-1.0,-1.0,-1.0,-1.0,-1.0,-1.0,-1.0,-1.0,-1.0,-1.0,-1.0,-1.0,-1.0,-1.0,-1.0,-1.0,-1.0,-1.0,-1.0,-1.0,-1.0,-1.0,-1.0,-1.0,-1.0,-1.0,-1.0,-1.0,-1.0,-1.0,-1.0,-1.0,-1.0,-1.0,-1.0,-1.0,-1.0,-1.0,-1.0,-1.0,-1.0,-1.0,-1.0,-1.0,-1.0,-1.0,-1.0,-1.0,-1.0,-1.0,-1.0,-1.0,-1.0,-1.0,-1.0,-1.0,-1.0,-1.0,-1.0,-1.0,-1.0,-1.0,-1.0,-1.0,-1.0,-1.0,-1.0,1.0,1.0,1.0
-1.0,-1.0,-1.0,-1.0,-1.0,-1.0,-1.0,-1.0,-1.0,-1.0,-1.0,-1.0,-1.0,-1.0,-1.0,-1.0,-1.0,-1.0,-1.0,-1.0,-1.0,-1.0,-1.0,-1.0,-1.0,-1.0,-1.0,-1.0,-1.0,-1.0,-1.0,-1.0,-1.0,-1.0,-1.0,-1.0,-1.0,-1.0,-1.0,-1.0,-1.0,-1.0,-1.0,-1.0,-1.0,-1.0,-1.0,-1.0,-1.0,-1.0,-1.0,-1.0,-1.0,-1.0,-1.0,-1.0,-1.0,-1.0,-1.0,-1.0,-1.0,-1.0,-1.0,-1.0,-1.0,-1.0,-1.0,-1.0,-1.0,-1.0,-1.0,-1.0,-1.0,-1.0,-1.0,-1.0,-1.0,-1.0,-1.0,-1.0,-1.0,-1.0,-1.0,-1.0,-1.0,-1.0,-1.0,-1.0,-1.0,-1.0,-1.0,-1.0,-1.0,-1.0,-1.0,-1.0,-1.0,-1.0,-1.0,-1.0,-1.0,-1.0,-1.0,-1.0,-1.0,-1.0,-1.0,-1.0,-1.0,-1.0,-1.0,-1.0,-1.0,-1.0,-1.0,-1.0,-1.0,-1.0,-1.0,-1.0,-1.0,-1.0,-1.0,-1.0,-1.0,-1.0,-1.0,-1.0,-1.0,-1.0,-1.0,-1.0,-1.0,-1.0,-1.0,-1.0,-1.0,-1.0,-1.0,-1.0,-1.0,-1.0,-1.0,-1.0,-1.0,-1.0,-1.0,-1.0,-1.0,-1.0,-1.0,-1.0,-1.0,-1.0,-1.0,-1.0,-1.0,-1.0,-1.0,-1.0,-1.0,-1.0,-1.0,-1.0,-1.0,-1.0,-1.0,-1.0,-1.0,-1.0,-1.0,-1.0,-1.0,-1.0,-1.0,-1.0,-1.0,-1.0,-1.0,-1.0,-1.0,-1.0,-1.0,-1.0,-1.0,-1.0,-1.0,-1.0,-1.0,-1.0,-1.0,-1.0,-1.0,-1.0,-1.0,-1.0,-1.0,-1.0,-1.0,-1.0,-1.0,-1.0,-1.0,-1.0,-1.0,-1.0,-1.0,-1.0,-1.0,-1.0,-1.0,-1.0,-1.0,-1.0,-1.0,-1.0,-1.0,-1.0,-1.0,-1.0,-1.0,-1.0,-1.0,-1.0,-1.0,-1.0,-1.0,-1.0,-1.0,-1.0,-1.0,-1.0,-1.0,-1.0,-1.0,-1.0,-1.0,-1.0,-1.0,-1.0,-1.0,-1.0,-1.0,-1.0,-1.0,-1.0,-1.0,-1.0,-1.0,-1.0,-1.0,-1.0,-1.0,-1.0,-1.0,-1.0,-1.0,-1.0,-1.0,-1.0,-1.0,-1.0,-1.0,-1.0,-1.0,-1.0,-1.0,-1.0,-1.0,-1.0,-1.0,-1.0,-1.0,-1.0,-1.0,-1.0,-1.0,-1.0,-1.0,-1.0,-1.0,-1.0,-1.0,-1.0,-1.0,-1.0,-1.0,-1.0,-1.0,-1.0,-1.0,-1.0,-1.0,-1.0,-1.0,-1.0,-1.0,-1.0,-1.0,-1.0,-1.0,-1.0,-1.0,-1.0,-1.0,-1.0,-1.0,-1.0,-1.0,-1.0,-1.0,-1.0,-1.0,-1.0,-1.0,-1.0,-1.0,-1.0,-1.0,-1.0,-1.0,-1.0,-1.0,-1.0,-1.0,-1.0,-1.0,-1.0,-1.0,-1.0,-1.0,-1.0,-1.0,-1.0,-1.0,-1.0,-1.0,-1.0,-1.0,-1.0,-1.0,-1.0,-1.0,-1.0,-1.0,-1.0,-1.0,-1.0,-1.0,-1.0,-1.0,-1.0,-1.0,-1.0,-1.0,-1.0,-1.0,-1.0,-1.0,-1.0,-1.0,-1.0,-1.0,-1.0,-1.0,-1.0,-1.0,-1.0,-1.0,-1.0,-1.0,-1.0,-1.0,-1.0,-1.0,-1.0,-1.0,-1.0,-1.0,-1.0,-1.0,-1.0,-1.0,-1.0,-1.0,-1.0,-1.0,-1.0,-1.0,-1.0,-1.0,-1.0,-1.0,-1.0,-1.0,-1.0,-1.0,-1.0,-1.0,-1.0,-1.0,-1.0,-1.0,-1.0,-1.0,-1.0,-1.0,-1.0,-1.0,-1.0,-1.0,-1.0,-1.0,-1.0,-1.0,-1.0,-1.0,-1.0,-1.0,-1.0,-1.0,-1.0,-1.0,-1.0,-1.0,-1.0,-1.0,-1.0,-1.0,-1.0,-1.0,-1.0,-1.0,-1.0,-1.0,-1.0,-1.0,-1.0,-1.0,-1.0,-1.0,-1.0,-1.0,-1.0,-1.0,-1.0,-1.0,-1.0,-1.0,-1.0,-1.0,-1.0,-1.0,-1.0,-1.0,-1.0,-1.0,-1.0,-1.0,-1.0,-1.0,-1.0,-1.0,-1.0,-1.0,-1.0,-1.0,-1.0,-1.0,-1.0,-1.0,-1.0,-1.0,-1.0,-1.0,-1.0,-1.0,-1.0,-1.0,-1.0,-1.0,-1.0,-1.0,-1.0,-1.0,-1.0,-1.0,-1.0,-1.0,-1.0,-1.0,-1.0,-1.0,-1.0,-1.0,-1.0,-1.0,-1.0,-1.0,-1.0,-1.0,-1.0,-1.0,-1.0,-1.0,-1.0,-1.0,-1.0,-1.0,-1.0,-1.0,-1.0,-1.0,-1.0,-1.0,-1.0,-1.0,-1.0,-1.0,-1.0,-1.0,-1.0,-1.0,-1.0,-1.0,-1.0,-1.0,-1.0,-1.0,-1.0,-1.0,-1.0,-1.0,-1.0,-1.0,-1.0,-1.0,-1.0,-1.0,-1.0,-1.0,-1.0,-1.0,-1.0,-1.0,-1.0,-1.0,-1.0,-1.0,-1.0,-1.0,-1.0,-1.0,-1.0,-1.0,-1.0,-1.0,-1.0,-1.0,-1.0,-1.0,-1.0,-1.0,-1.0,-1.0,-1.0,-1.0,-1.0,-1.0,-1.0,-1.0,-1.0,-1.0,-1.0,-1.0,-1.0,-1.0,-1.0,-1.0,-1.0,-1.0,-1.0,-1.0,-1.0,-1.0,-1.0,-1.0,-1.0,-1.0,-1.0,-1.0,-1.0,-1.0,-1.0,-1.0,-1.0,-1.0,-1.0,-1.0,-1.0,-1.0,-1.0,-1.0,-1.0,-1.0,-1.0,-1.0,-1.0,-1.0,-1.0,-1.0,-1.0,-1.0,-1.0,-1.0,-1.0,-1.0,-1.0,-1.0,-1.0,-1.0,-1.0,-1.0,-1.0,-1.0,-1.0,-1.0,-1.0,-1.0,-1.0,-1.0,-1.0,-1.0,-1.0,-1.0,-1.0,-1.0,-1.0,-1.0,-1.0,-1.0,-1.0,-1.0,-1.0,-1.0,-1.0,-1.0,-1.0,-1.0,-1.0,-1.0,-1.0,-1.0,-1.0,-1.0,-1.0,-1.0,-1.0,-1.0,-1.0,-1.0,-1.0,-1.0,-1.0,-1.0,-1.0,-1.0,-1.0,-1.0,-1.0,-1.0,-1.0,-1.0,-1.0,-1.0,-1.0,-1.0,-1.0,-1.0,-1.0,-1.0,-1.0,-1.0,-1.0,-1.0,-1.0,-1.0,-1.0,-1.0,-1.0,-1.0,-1.0,-1.0,-1.0,-1.0,-1.0,-1.0,-1.0,-1.0,-1.0,-1.0,-1.0,-1.0,-1.0,-1.0,-1.0,-1.0,-1.0,-1.0,-1.0,-1.0,-1.0,-1.0,-1.0,-1.0,-1.0,-1.0,-1.0,-1.0,-1.0,-1.0
-1.0,-1.0,-1.0,-1.0,-1.0,-1.0,-1.0,-1.0,-1.0,-1.0,-1.0,-1.0,-1.0,-1.0,-1.0,-1.0,-1.0,-1.0,-1.0,-1.0,-1.0,-1.0,-1.0,-1.0,-1.0,-1.0,-1.0,-1.0,-1.0,-1.0,-1.0,-1.0,-1.0,-1.0,-1.0,-1.0,-1.0,-1.0,-1.0,-1.0,-1.0,-1.0,-1.0,-1.0,-1.0,-1.0,-1.0,-1.0,-1.0,-1.0,-1.0,-1.0,-1.0,-1.0,-1.0,-1.0,-1.0,-1.0,-1.0,-1.0,-1.0,-1.0,-1.0,-1.0,-1.0,-1.0,-1.0,-1.0,-1.0,-1.0,-1.0,-1.0,-1.0,-1.0,-1.0,-1.0,-1.0,-1.0,-1.0,-1.0,-1.0,-1.0,-1.0,-1.0,-1.0,-1.0,-1.0,-1.0,-1.0,-1.0,-1.0,-1.0,-1.0,-1.0,-1.0,-1.0,-1.0,-1.0,-1.0,-1.0,-1.0,-1.0,-1.0,-1.0,-1.0,-1.0,-1.0,-1.0,-1.0,-1.0,-1.0,-1.0,-1.0,-1.0,-1.0,-1.0,-1.0,-1.0,-1.0,-1.0,-1.0,-1.0,-1.0,-1.0,-1.0,-1.0,-1.0,-1.0,-1.0,-1.0,-1.0,-1.0,-1.0,-1.0,-1.0,-1.0,-1.0,-1.0,-1.0,-1.0,-1.0,-1.0,-1.0,-1.0,-1.0,-1.0,-1.0,-1.0,-1.0,-1.0,-1.0,-1.0,-1.0,-1.0,-1.0,-1.0,-1.0,-1.0,-1.0,-1.0,-1.0,-1.0,-1.0,-1.0,-1.0,-1.0,-1.0,-1.0,-1.0,-1.0,-1.0,-1.0,-1.0,-1.0,-1.0,-1.0,-1.0,-1.0,-1.0,-1.0,-1.0,-1.0,-1.0,-1.0,-1.0,-1.0,-1.0,-1.0,-1.0,-1.0,-1.0,-1.0,-1.0,-1.0,-1.0,-1.0,-1.0,-1.0,-1.0,-1.0,-1.0,-1.0,-1.0,-1.0,-1.0,-1.0,-1.0,-1.0,-1.0,-1.0,-1.0,-1.0,-1.0,-1.0,-1.0,-1.0,-1.0,-1.0,-1.0,-1.0,-1.0,-1.0,-1.0,-1.0,-1.0,-1.0,-1.0,-1.0,-1.0,-1.0,-1.0,-1.0,-1.0,-1.0,-1.0,-1.0,-1.0,-1.0,-1.0,-1.0,-1.0,-1.0,-1.0,-1.0,-1.0,-1.0,-1.0,-1.0,-1.0,-1.0,-1.0,-1.0,-1.0,-1.0,-1.0,-1.0,-1.0,-1.0,-1.0,-1.0,-1.0,-1.0,-1.0,-1.0,-1.0,-1.0,-1.0,-1.0,-1.0,-1.0,-1.0,-1.0,-1.0,-1.0,-1.0,-1.0,-1.0,-1.0,-1.0,-1.0,-1.0,-1.0,-1.0,-1.0,-1.0,-1.0,-1.0,-1.0,-1.0,-1.0,-1.0,-1.0,-1.0,-1.0,-1.0,-1.0,-1.0,-1.0,-1.0,-1.0,-1.0,-1.0,-1.0,-1.0,-1.0,-1.0,-1.0,-1.0,-1.0,-1.0,-1.0,-1.0,-1.0,-1.0,-1.0,-1.0,-1.0,-1.0,-1.0,-1.0,-1.0,-1.0,-1.0,-1.0,-1.0,-1.0,-1.0,-1.0,-1.0,-1.0,-1.0,-1.0,-1.0,-1.0,-1.0,-1.0,-1.0,-1.0,-1.0,-1.0,-1.0,-1.0,-1.0,-1.0,-1.0,-1.0,-1.0,-1.0,-1.0,-1.0,-1.0,-1.0,-1.0,-1.0,-1.0,-1.0,-1.0,-1.0,-1.0,-1.0,-1.0,-1.0,-1.0,-1.0,-1.0,-1.0,-1.0,-1.0,-1.0,-1.0,-1.0,-1.0,-1.0,-1.0,-1.0,-1.0,-1.0,-1.0,-1.0,-1.0,-1.0,-1.0,-1.0,-1.0,-1.0,-1.0,-1.0,-1.0,-1.0,-1.0,-1.0,-1.0,-1.0,-1.0,-1.0,-1.0,-1.0,-1.0,-1.0,-1.0,-1.0,-1.0,-1.0,-1.0,-1.0,-1.0,-1.0,-1.0,-1.0,-1.0,-1.0,-1.0,-1.0,-1.0,-1.0,-1.0,-1.0,-1.0,-1.0,-1.0,-1.0,-1.0,-1.0,-1.0,-1.0,-1.0,-1.0,-1.0,-1.0,-1.0,-1.0,-1.0,-1.0,-1.0,-1.0,-1.0,-1.0,-1.0,-1.0,-1.0,-1.0,-1.0,-1.0,-1.0,-1.0,-1.0,-1.0,-1.0,-1.0,-1.0,-1.0,-1.0,-1.0,-1.0,-1.0,-1.0,-1.0,-1.0,-1.0,-1.0,-1.0,-1.0,-1.0,-1.0,-1.0,-1.0,-1.0,-1.0,-1.0,-1.0,-1.0,-1.0,-1.0,-1.0,-1.0,-1.0,-1.0,-1.0,-1.0,-1.0,-1.0,-1.0,-1.0,-1.0,-1.0,-1.0,-1.0,-1.0,-1.0,-1.0,-1.0,-1.0,-1.0,-1.0,-1.0,-1.0,-1.0,-1.0,-1.0,-1.0,-1.0,-1.0,-1.0,-1.0,-1.0,-1.0,-1.0,-1.0,-1.0,-1.0,-1.0,-1.0,-1.0,-1.0,-1.0,-1.0,-1.0,-1.0,-1.0,-1.0,-1.0,-1.0,-1.0,-1.0,-1.0,-1.0,-1.0,-1.0,-1.0,-1.0,-1.0,-1.0,-1.0,-1.0,-1.0,-1.0,-1.0,-1.0,-1.0,-1.0,-1.0,-1.0,-1.0,-1.0,-1.0,-1.0,-1.0,-1.0,-1.0,-1.0,-1.0,-1.0,-1.0,-1.0,-1.0,-1.0,-1.0,-1.0,-1.0,-1.0,-1.0,-1.0,-1.0,-1.0,-1.0,-1.0,-1.0,-1.0,-1.0,-1.0,-1.0,-1.0,-1.0,-1.0,-1.0,-1.0,-1.0,-1.0,-1.0,-1.0,-1.0,-1.0,-1.0,-1.0,-1.0,-1.0,-1.0,-1.0,-1.0,-1.0,-1.0,-1.0,-1.0,-1.0,-1.0,-1.0,-1.0,-1.0,-1.0,-1.0,-1.0,-1.0,-1.0,-1.0,-1.0,-1.0,-1.0,-1.0,-1.0,-1.0,-1.0,-1.0,-1.0,-1.0,-1.0,-1.0,-1.0,-1.0,-1.0,-1.0,-1.0,-1.0,-1.0,-1.0,-1.0,-1.0,-1.0,-1.0,-1.0,-1.0,-1.0,-1.0,-1.0,-1.0,-1.0,-1.0,-1.0,-1.0,-1.0,-1.0,-1.0,-1.0,-1.0,-1.0,-1.0,-1.0,-1.0,-1.0,-1.0,-1.0,-1.0,-1.0,-1.0,-1.0,-1.0,-1.0,-1.0,-1.0,-1.0,-1.0,-1.0,-1.0,-1.0,-1.0,-1.0,-1.0,-1.0,-1.0,-1.0,-1.0,-1.0,-1.0,-1.0,-1.0,-1.0,-1.0,-1.0,-1.0,-1.0,-1.0,-1.0,-1.0,-1.0,-1.0,-1.0,-1.0,-1.0,-1.0,-1.0,-1.0,-1.0,-1.0,-1.0,-1.0,-1.0,-1.0,-1.0,-1.0,-1.0,-1.0,-1.0,-1.0,-1.0,-1.0,-1.0,-1.0,-1.0,-1.0,-1.0,-1.0,-1.0,-1.0,-1.0,-1.0,-1.0,-1.0,-1.0,-1.0,-1.0,-1.0,-1.0
-1.0,-1.0,-1.0,-1.0,-1.0,-1.0,-1.0,-1.0,-1.0,-1.0,-1.0,-1.0,-1.0,-1.0,-1.0,-1.0,-1.0,-1.0,-1.0,-1.0,-1.0,-1.0,-1.0,-1.0,-1.0,-1.0,-1.0,-1.0,-1.0,-1.0,-1.0,-1.0,-1.0,-1.0,-1.0,-1.0,-1.0,-1.0,-1.0,-1.0,-1.0,-1.0,-1.0,-1.0,-1.0,-1.0,-1.0,-1.0,-1.0,-1.0,-1.0,-1.0,-1.0,-1.0,-1.0,-1.0,-1.0,-1.0,-1.0,-1.0,-1.0,-1.0,-1.0,-1.0,-1.0,-1.0,-1.0,-1.0,-1.0,-1.0,-1.0,-1.0,-1.0,-1.0,-1.0,-1.0,-1.0,-1.0,-1.0,-1.0,-1.0,-1.0,-1.0,-1.0,-1.0,-1.0,-1.0,-1.0,-1.0,-1.0,-1.0,-1.0,-1.0,-1.0,-1.0,-1.0,-1.0,-1.0,-1.0,-1.0,-1.0,-1.0,-1.0,-1.0,-1.0,-1.0,-1.0,-1.0,-1.0,-1.0,-1.0,-1.0,-1.0,-1.0,-1.0,-1.0,-1.0,-1.0,-1.0,-1.0,-1.0,-1.0,-1.0,-1.0,-1.0,-1.0,-1.0,-1.0,-1.0,-1.0,-1.0,-1.0,-1.0,-1.0,-1.0,-1.0,-1.0,-1.0,-1.0,-1.0,-1.0,-1.0,-1.0,-1.0,-1.0,-1.0,-1.0,-1.0,-1.0,-1.0,-1.0,-1.0,-1.0,-1.0,-1.0,-1.0,-1.0,-1.0,-1.0,-1.0,-1.0,-1.0,-1.0,-1.0,-1.0,-1.0,-1.0,-1.0,-1.0,-1.0,-1.0,-1.0,-1.0,-1.0,-1.0,-1.0,-1.0,-1.0,-1.0,-1.0,-1.0,-1.0,-1.0,-1.0,-1.0,-1.0,-1.0,-1.0,-1.0,-1.0,-1.0,-1.0,-1.0,-1.0,-1.0,-1.0,-1.0,-1.0,-1.0,-1.0,-1.0,-1.0,-1.0,-1.0,-1.0,-1.0,-1.0,-1.0,-1.0,-1.0,-1.0,-1.0,-1.0,-1.0,-1.0,-1.0,-1.0,-1.0,-1.0,-1.0,-1.0,-1.0,-1.0,-1.0,-1.0,-1.0,-1.0,-1.0,-1.0,-1.0,-1.0,-1.0,-1.0,-1.0,-1.0,-1.0,-1.0,-1.0,-1.0,-1.0,-1.0,-1.0,-1.0,-1.0,-1.0,-1.0,-1.0,-1.0,-1.0,-1.0,-1.0,-1.0,-1.0,-1.0,-1.0,-1.0,-1.0,-1.0,-1.0,-1.0,-1.0,-1.0,-1.0,-1.0,-1.0,-1.0,-1.0,-1.0,-1.0,-1.0,-1.0,-1.0,-1.0,-1.0,-1.0,-1.0,-1.0,-1.0,-1.0,-1.0,-1.0,-1.0,-1.0,-1.0,-1.0,-1.0,-1.0,-1.0,-1.0,-1.0,-1.0,-1.0,-1.0,-1.0,-1.0,-1.0,-1.0,-1.0,-1.0,-1.0,-1.0,-1.0,-1.0,-1.0,-1.0,-1.0,-1.0,-1.0,-1.0,-1.0,-1.0,-1.0,-1.0,-1.0,-1.0,-1.0,-1.0,-1.0,-1.0,-1.0,-1.0,-1.0,-1.0,-1.0,-1.0,-1.0,-1.0,-1.0,-1.0,-1.0,-1.0,-1.0,-1.0,-1.0,-1.0,-1.0,-1.0,-1.0,-1.0,-1.0,-1.0,-1.0,-1.0,-1.0,-1.0,-1.0,-1.0,-1.0,-1.0,-1.0,-1.0,-1.0,-1.0,-1.0,-1.0,-1.0,-1.0,-1.0,-1.0,-1.0,-1.0,-1.0,-1.0,-1.0,-1.0,-1.0,-1.0,-1.0,-1.0,-1.0,-1.0,-1.0,-1.0,-1.0,-1.0,-1.0,-1.0,-1.0,-1.0,-1.0,-1.0,-1.0,-1.0,-1.0,-1.0,-1.0,-1.0,-1.0,-1.0,-1.0,-1.0,-1.0,-1.0,-1.0,-1.0,-1.0,-1.0,-1.0,-1.0,-1.0,-1.0,-1.0,-1.0,-1.0,-1.0,-1.0,-1.0,-1.0,-1.0,-1.0,-1.0,-1.0,-1.0,-1.0,-1.0,-1.0,-1.0,-1.0,-1.0,-1.0,-1.0,-1.0,-1.0,-1.0,-1.0,-1.0,-1.0,-1.0,-1.0,-1.0,-1.0,-1.0,-1.0,-1.0,-1.0,-1.0,-1.0,-1.0,-1.0,-1.0,-1.0,-1.0,-1.0,-1.0,-1.0,-1.0,-1.0,-1.0,-1.0,-1.0,-1.0,-1.0,-1.0,-1.0,-1.0,-1.0,-1.0,-1.0,-1.0,-1.0,-1.0,-1.0,-1.0,-1.0,-1.0,-1.0,-1.0,-1.0,-1.0,-1.0,-1.0,-1.0,-1.0,-1.0,-1.0,-1.0,-1.0,-1.0,-1.0,-1.0,-1.0,-1.0,-1.0,-1.0,-1.0,-1.0,-1.0,-1.0,-1.0,-1.0,-1.0,-1.0,-1.0,-1.0,-1.0,-1.0,-1.0,-1.0,-1.0,-1.0,-1.0,-1.0,-1.0,-1.0,-1.0,-1.0,-1.0,-1.0,-1.0,-1.0,-1.0,-1.0,-1.0,-1.0,-1.0,-1.0,-1.0,-1.0,-1.0,-1.0,-1.0,-1.0,-1.0,-1.0,-1.0,-1.0,-1.0,-1.0,-1.0,-1.0,-1.0,-1.0,-1.0,-1.0,-1.0,-1.0,-1.0,-1.0,-1.0,-1.0,-1.0,-1.0,-1.0,-1.0,-1.0,-1.0,-1.0,-1.0,-1.0,-1.0,-1.0,-1.0,-1.0,-1.0,-1.0,-1.0,-1.0,-1.0,-1.0,-1.0,-1.0,-1.0,-1.0,-1.0,-1.0,-1.0,-1.0,-1.0,-1.0,-1.0,-1.0,-1.0,-1.0,-1.0,-1.0,-1.0,-1.0,-1.0,-1.0,-1.0,-1.0,-1.0,-1.0,-1.0,-1.0,-1.0,-1.0,-1.0,-1.0,-1.0,-1.0,-1.0,-1.0,-1.0,-1.0,-1.0,-1.0,-1.0,-1.0,-1.0,-1.0,-1.0,-1.0,-1.0,-1.0,-1.0,-1.0,-1.0,-1.0,-1.0,-1.0,-1.0,-1.0,-1.0,-1.0,-1.0,-1.0,-1.0,-1.0,-1.0,-1.0,-1.0,-1.0,-1.0,-1.0,-1.0,-1.0,-1.0,-1.0,-1.0,-1.0,-1.0,-1.0,-1.0,-1.0,-1.0,-1.0,-1.0,-1.0,-1.0,-1.0,-1.0,-1.0,-1.0,-1.0,-1.0,-1.0,-1.0,-1.0,-1.0,-1.0,-1.0,-1.0,-1.0,-1.0,-1.0,-1.0,-1.0,-1.0,-1.0,-1.0,-1.0,-1.0,-1.0,-1.0,-1.0,-1.0,-1.0,-1.0,-1.0,-1.0,-1.0,-1.0,-1.0,-1.0,-1.0,-1.0,-1.0,-1.0,-1.0,-1.0,-1.0,-1.0,-1.0,-1.0,-1.0,-1.0,-1.0,-1.0,-1.0,-1.0,-1.0,-1.0,-1.0,-1.0,-1.0,-1.0,-1.0,-1.0,-1.0,-1.0,-1.0,-1.0,-1.0,-1.0,-1.0,-1.0,-1.0,-1.0,-1.0,-1.0,-1.0,-1.0,-1.0,-1.0,-1.0,-1.0,-1.0,-1.0,-1.0,-1.0
1.0,-1.0,-1.0,-1.0,-1.0,-1.0,-1.0,-1.0,-1.0,-1.0,-1.0,-1.0,-1.0,-1.0,-1.0,-1.0,-1.0,-1.0,-1.0,-1.0,-1.0,-1.0,-1.0,-1.0,-1.0,-1.0,-1.0,-1.0,-1.0,-1.0,-1.0,-1.0,-1.0,-1.0,-1.0,-1.0,-1.0,-1.0,-1.0,-1.0,-1.0,-1.0,-1.0,-1.0,-1.0,-1.0,-1.0,-1.0,-1.0,-1.0,-1.0,-1.0,-1.0,-1.0,-1.0,-1.0,-1.0,-1.0,-1.0,-1.0,-1.0,-1.0,-1.0,-1.0,-1.0,-1.0,-1.0,-1.0,-1.0,-1.0,-1.0,-1.0,-1.0,-1.0,-1.0,-1.0,-1.0,-1.0,-1.0,-1.0,-1.0,-1.0,-1.0,-1.0,-1.0,-1.0,-1.0,-1.0,-1.0,-1.0,-1.0,-1.0,-1.0,-1.0,-1.0,-1.0,-1.0,-1.0,-1.0,-1.0,-1.0,-1.0,-1.0,-1.0,-1.0,-1.0,-1.0,-1.0,-1.0,-1.0,-1.0,-1.0,-1.0,-1.0,-1.0,-1.0,-1.0,-1.0,-1.0,-1.0,-1.0,-1.0,-1.0,-1.0,1.0,1.0,-1.0,-1.0,-1.0,1.0,1.0,1.0,1.0,1.0,1.0,-1.0,-1.0,-1.0,-1.0,-1.0,-1.0,-1.0,-1.0,-1.0,-1.0,-1.0,-1.0,-1.0,-1.0,-1.0,-1.0,-1.0,-1.0,-1.0,-1.0,-1.0,-1.0,-1.0,-1.0,-1.0,-1.0,-1.0,-1.0,-1.0,-1.0,-1.0,-1.0,-1.0,1.0,1.0,-1.0,-1.0,-1.0,-1.0,-1.0,-1.0,-1.0,-1.0,-1.0,-1.0,-1.0,-1.0,-1.0,-1.0,-1.0,-1.0,-1.0,-1.0,-1.0,-1.0,-1.0,-1.0,-1.0,-1.0,-1.0,-1.0,-1.0,-1.0,-1.0,-1.0,-1.0,-1.0,-1.0,-1.0,-1.0,-1.0,-1.0,-1.0,-1.0,1.0,1.0,1.0,1.0,1.0,-1.0,-1.0,-1.0,-1.0,-1.0,-1.0,-1.0,-1.0,-1.0,-1.0,-1.0,-1.0,-1.0,1.0,1.0,1.0,-1.0,-1.0,-1.0,-1.0,-1.0,1.0,-1.0,-1.0,-1.0,-1.0,-1.0,-1.0,-1.0,-1.0,-1.0,-1.0,-1.0,-1.0,-1.0,-1.0,-1.0,-1.0,-1.0,-1.0,-1.0,-1.0,-1.0,-1.0,1.0,1.0,1.0,1.0,1.0,-1.0,-1.0,-1.0,-1.0,-1.0,1.0,1.0,1.0,-1.0,-1.0,1.0,1.0,-1.0,-1.0,-1.0,-1.0,-1.0,-1.0,-1.0,-1.0,-1.0,-1.0,-1.0,-1.0,-1.0,-1.0,-1.0,-1.0,-1.0,-1.0,-1.0,-1.0,-1.0,-1.0,-1.0,-1.0,-1.0,-1.0,-1.0,-1.0,-1.0,-1.0,-1.0,-1.0,-1.0,-1.0,-1.0,-1.0,-1.0,-1.0,-1.0,-1.0,-1.0,-1.0,-1.0,-1.0,-1.0,-1.0,-1.0,-1.0,-1.0,-1.0,1.0,1.0,-1.0,-1.0,-1.0,1.0,-1.0,-1.0,-1.0,-1.0,-1.0,-1.0,-1.0,-1.0,-1.0,-1.0,-1.0,-1.0,-1.0,-1.0,-1.0,-1.0,1.0,1.0,-1.0,-1.0,1.0,-1.0,-1.0,-1.0,-1.0,-1.0,1.0,1.0,1.0,1.0,-1.0,-1.0,-1.0,1.0,-1.0,-1.0,-1.0,-1.0,-1.0,-1.0,-1.0,-1.0,-1.0,-1.0,-1.0,-1.0,-1.0,-1.0,-1.0,-1.0,-1.0,-1.0,-1.0,-1.0,1.0,1.0,1.0,1.0,-1.0,-1.0,-1.0,-1.0,-1.0,-1.0,-1.0,-1.0,-1.0,-1.0,-1.0,-1.0,1.0,1.0,1.0,-1.0,-1.0,-1.0,-1.0,-1.0,-1.0,1.0,-1.0,-1.0,-1.0,-1.0,-1.0,-1.0,-1.0,-1.0,-1.0,-1.0,-1.0,-1.0,-1.0,-1.0,-1.0,-1.0,-1.0,-1.0,-1.0,-1.0,1.0,1.0,1.0,-1.0,-1.0,-1.0,1.0,-1.0,-1.0,-1.0,-1.0,-1.0,-1.0,-1.0,-1.0,-1.0,-1.0,-1.0,-1.0,-1.0,-1.0,-1.0,-1.0,-1.0,-1.0,-1.0,-1.0,-1.0,-1.0,-1.0,-1.0,-1.0,-1.0,-1.0,-1.0,1.0,1.0,1.0,-1.0,-1.0,1.0,-1.0,-1.0,-1.0,-1.0,-1.0,-1.0,-1.0,-1.0,-1.0,-1.0,-1.0,-1.0,-1.0,1.0,1.0,1.0,-1.0,-1.0,-1.0,1.0,-1.0,-1.0,-1.0,-1.0,-1.0,1.0,1.0,-1.0,-1.0,-1.0,-1.0,-1.0,1.0,-1.0,-1.0,-1.0,-1.0,-1.0,-1.0,-1.0,-1.0,-1.0,-1.0,-1.0,-1.0,-1.0,-1.0,-1.0,-1.0,-1.0,-1.0,-1.0,1.0,1.0,1.0,-1.0,-1.0,-1.0,1.0,-1.0,-1.0,-1.0,-1.0,-1.0,-1.0,-1.0,-1.0,-1.0,-1.0,-1.0,-1.0,-1.0,-1.0,-1.0,1.0,1.0,1.0,-1.0,-1.0,-1.0,-1.0,-1.0,1.0,-1.0,-1.0,-1.0,-1.0,-1.0,1.0,1.0,1.0,-1.0,-1.0,-1.0,-1.0,-1.0,-1.0,-1.0,-1.0,-1.0,-1.0,-1.0,-1.0,-1.0,-1.0,-1.0,-1.0,-1.0,-1.0,-1.0,-1.0,1.0,1.0,-1.0,-1.0,-1.0,-1.0,-1.0,1.0,1.0,1.0,1.0,-1.0,-1.0,-1.0,-1.0,-1.0,-1.0,-1.0,-1.0,-1.0,-1.0,-1.0,-1.0,1.0,1.0,1.0,1.0,1.0,-1.0,-1.0,-1.0,-1.0,-1.0,1.0,1.0,1.0,1.0,-1.0,-1.0,-1.0,-1.0,-1.0,1.0,1.0,-1.0,-1.0,-1.0,-1.0,1.0,-1.0,-1.0,-1.0,-1.0,-1.0,-1.0,-1.0,-1.0,-1.0,-1.0,-1.0,-1.0,-1.0,-1.0,-1.0,-1.0,-1.0,-1.0,-1.0,-1.0,-1.0,-1.0,-1.0,-1.0,-1.0,-1.0,-1.0,-1.0,-1.0,-1.0,-1.0,-1.0,-1.0,-1.0,-1.0,-1.0,-1.0,-1.0,-1.0,-1.0,-1.0,-1.0,-1.0,-1.0,-1.0,-1.0,-1.0,-1.0,-1.0,-1.0,-1.0,-1.0,-1.0,-1.0,-1.0,-1.0,-1.0,-1.0,-1.0,-1.0,-1.0,-1.0,-1.0,-1.0,-1.0,-1.0,-1.0,-1.0,-1.0,-1.0,-1.0,-1.0,-1.0,-1.0,-1.0,-1.0,-1.0,-1.0,-1.0,-1.0,-1.0,-1.0,-1.0,-1.0,-1.0,-1.0,1.0,1.0,1.0
-0.14629908870408315,0.4063840485557787,-0.007583230625981649,-0.007583230625981649,0.32876518370919866,0.32876518370919866,0.32876518370919866,0.3691269934294201,0.3406363042151462,0.3406363042151462,0.4063840485557787,0.4063840485557787,0.4063840485557787,0.4063840485557787,0.4063840485557787,0.4063840485557787,0.4063840485557787,0.4063840485557787,0.3691269934294201,-0.5995564398558987,-0.5995564398558987,-0.5995564398558987,-0.5995564398558987,-0.5995564398558987,-0.5995564398558987,-0.5995564398558987,-0.5995564398558987,-0.47847101069523384,-0.47847101069523384,1.337810426714739,1.337810426714739,1.337810426714739,1.337810426714739,1.337810426714739,1.337810426714739,1.337810426714739,0.8188728731690326,0.7789545998193629,0.7789545998193629,0.7789545998193629,0.7789545998193629,0.7789545998193629,0.7789545998193629,0.7789545998193629,0.7789545998193629,0.7789545998193629,0.7789545998193629,0.7996529637784509,0.7323832809114148,0.7323832809114148,0.7323832809114148,0.7323832809114148,0.7323832809114148,0.8974997752214124,0.8534687100720798,0.8534687100720798,0.8534687100720798,0.8534687100720798,0.8534687100720798,0.8534687100720798,0.8534687100720798,0.8534687100720798,0.8974997752214124,0.8534687100720798,0.8534687100720798,0.8534687100720798,0.8534687100720798,0.8534687100720798,0.8534687100720798,0.8534687100720798,0.8534687100720798,0.8534687100720798,0.8188728731690326,0.8188728731690326,0.8188728731690326,0.8188728731690326,0.8188728731690326,0.8188728731690326,0.8188728731690326,0.8188728731690326,0.8188728731690326,0.8188728731690326,0.8188728731690326,-0.5995564398558987,-0.5995564398558987,0.12695613510809048,0.12695613510809048,-0.5140843722130765,-0.5995564398558987,-0.5995564398558987,-0.5995564398558987,-0.5995564398558987,-0.5995564398558987,-0.5995564398558987,0.9053624654266502,0.9053624654266502,0.9053624654266502,0.9053624654266502,0.9053624654266502,0.9053624654266502,0.9053624654266502,0.9053624654266502,0.9053624654266502,0.9053624654266502,0.9053624654266502,0.9053624654266502,0.9053624654266502,0.9053624654266502,0.9053624654266502,0.9053624654266502,0.9053624654266502,1.035096853813077,1.035096853813077,1.035096853813077,1.035096853813077,1.035096853813077,1.337810426714739,1.337810426714739,1.337810426714739,1.337810426714739,1.337810426714739,1.337810426714739,1.337810426714739,1.337810426714739,0.27831292155892157,0.27831292155892157,0.055729412072405254,0.055729412072405254,0.12695613510809048,-0.21181473318075025,0.06322696186563523,-0.04602304940714509,-0.04602304940714509,-0.1152147232132392,-0.1152147232132392,0.5305742323103066,0.5305742323103066,0.5305742323103066,0.4234918799913514,0.4234918799913514,-0.27666196209412575,-0.27666196209412575,-0.5995564398558987,0.4729145041385616,-0.27666196209412575,-0.27666196209412575,-0.5995564398558987,0.2999353196233259,-0.27666196209412575,-0.27666196209412575,-0.5995564398558987,0.4729145041385616,-0.27666196209412575,-0.27666196209412575,-0.5995564398558987,0.4063840485557787,-0.27666196209412575,-0.27666196209412575,-0.5995564398558987,0.4063840485557787,-0.27666196209412575,-0.27666196209412575,-0.5995564398558987,0.4729145041385616,-0.27666196209412575,-0.27666196209412575,-0.5995564398558987,0.4063840485557787,-0.24588756172093615,-0.24588756172093615,-0.27666196209412575,-0.27666196209412575,-0.5995564398558987,-0.617330447806088,-0.617330447806088,1.337810426714739,1.337810426714739,-0.27666196209412575,-0.27666196209412575,-0.5995564398558987,0.12695613510809048,-0.47847101069523384,-0.47847101069523384,1.337810426714739,1.337810426714739,-0.27666196209412575,-0.27666196209412575,-0.5995564398558987,-0.038160359201907045,-0.038160359201907045,1.337810426714739,1.337810426714739,-0.27666196209412575,-0.27666196209412575,-0.5995564398558987,0.17539030677235648,0.17539030677235648,1.337810426714739,1.337810426714739,-0.27666196209412575,-0.27666196209412575,-0.5995564398558987,0.3838040151458645,0.3838040151458645,1.337810426714739,1.337810426714739,-0.27666196209412575,-0.27666196209412575,-0.5995564398558987,0.06322696186563523,0.2999353196233259,0.2999353196233259,0.2999353196233259,0.2999353196233259,1.337810426714739,1.337810426714739,-0.27666196209412575,-0.27666196209412575,-0.5995564398558987,-0.1152147232132392,-0.5995564398558987,-0.5995564398558987,1.337810426714739,1.337810426714739,-0.27666196209412575,-0.27666196209412575,-0.5995564398558987,-0.3004042031060208,-0.19168973110418552,-0.19168973110418552,-0.3387570539713897,-0.3387570539713897,-0.3387570539713897,-0.3387570539713897,-0.3387570539713897,-0.19168973110418552,1.337810426714739,1.337810426714739,-0.27666196209412575,-0.27666196209412575,-0.5995564398558987,-0.5177844617214238,-0.8289814635287374,-0.8289814635287374,-0.1152147232132392,-0.1152147232132392,1.337810426714739,1.337810426714739,-0.27666196209412575,-0.27666196209412575,-0.5995564398558987,-0.22917748007033553,-0.22917748007033553,1.337810426714739,1.337810426714739,-0.27666196209412575,-0.27666196209412575,-0.5995564398558987,-0.1362730587194418,0.12695613510809048,0.12695613510809048,0.12695613510809048,0.12695613510809048,1.337810426714739,1.337810426714739,-0.27666196209412575,-0.27666196209412575,-0.5995564398558987,-0.2583156849485705,-0.3191480775890959,-0.3191480775890959,-0.5250423296031819,-0.5250423296031819,-0.3191480775890959,-0.2583156849485705,1.337810426714739,1.337810426714739,-0.27666196209412575,-0.27666196209412575,-0.5995564398558987,-0.13251264166476281,-0.4112013278281978,-0.4112013278281978,-0.4112013278281978,-0.4112013278281978,-0.1152147232132392,-0.1152147232132392,1.337810426714739,1.337810426714739,-0.27666196209412575,-0.27666196209412575,-0.5995564398558987,-0.21208306654177117,1.337810426714739,1.337810426714739,-0.27666196209412575,-0.27666196209412575,-0.5995564398558987,-0.14212259636005364,-0.14212259636005364,1.337810426714739,1.337810426714739,-0.27666196209412575,-0.27666196209412575,-0.5995564398558987,-0.6802800592963419,-0.6802800592963419,-0.6802800592963419,-0.5740647705589167,-0.5740647705589167,-0.1152147232132392,-0.1152147232132392,1.337810426714739,1.337810426714739,-0.27666196209412575,-0.27666196209412575,-0.5995564398558987,-0.20327685351190458,-0.6514501952104694,-0.6514501952104694,1.337810426714739,1.337810426714739,-0.27666196209412575,-0.27666196209412575,-0.5995564398558987,-0.16531903872799716,-0.16531903872799716,-0.34685641378146764,-0.34685641378146764,-0.34685641378146764,-0.16531903872799716,1.337810426714739,1.337810426714739,-0.27666196209412575,-0.27666196209412575,-0.5995564398558987,-0.1592457883625719,-0.5103355973164615,-0.5103355973164615,1.337810426714739,1.337810426714739,-0.27666196209412575,-0.27666196209412575,-0.5995564398558987,-0.357385581534569,-0.357385581534569,-0.357385581534569,-0.27666196209412575,-0.27666196209412575,-0.6802800592963419,-0.6802800592963419,-0.27666196209412575,1.337810426714739,1.337810426714739,-0.27666196209412575,-0.27666196209412575,-0.5995564398558987,-0.1152147232132392,-0.33047770838775453,-0.24561441615549373,-0.24561441615549373,-0.47847101069523384,-0.47847101069523384,-0.47847101069523384,-0.24561441615549373,1.337810426714739,1.337810426714739,-0.27666196209412575,-0.27666196209412575,-0.5995564398558987,-0.45759421256408467,-0.8023041351946865,-0.8023041351946865,-0.8023041351946865,1.337810426714739,1.337810426714739,-0.27666196209412575,-0.27666196209412575,-0.5995564398558987,-0.6181849674190778,1.337810426714739,1.337810426714739,-0.27666196209412575,-0.27666196209412575,-0.5995564398558987,-0.3133545163852363,-0.7498693864001723,-0.7498693864001723,-0.7498693864001723,1.337810426714739,1.337810426714739,-0.27666196209412575,-0.27666196209412575,-0.5995564398558987,0.12695613510809048,0.12695613510809048,1.337810426714739,1.337810426714739,-0.27666196209412575,-0.27666196209412575,-0.5995564398558987,-0.505579688865532,-0.3027018393329784,-0.3027018393329784,-0.5026880965273668,-0.5026880965273668,-0.5026880965273668,-0.5026880965273668,-0.5026880965273668,-0.5026880965273668,-0.3027018393329784,1.337810426714739,1.337810426714739,-0.27666196209412575,-0.27666196209412575,-0.5995564398558987,-0.3425587942904059,-0.3425587942904059,1.337810426714739,1.337810426714739,-0.27666196209412575,-0.27666196209412575,-0.5995564398558987,-0.038160359201907045,-0.27666196209412575,-0.27666196209412575,1.337810426714739,1.337810426714739,-0.27666196209412575,-0.27666196209412575,-0.5995564398558987,-0.1036827775788902,0.033813497292194496,0.033813497292194496,-0.06423138461927515,-0.06423138461927515,-0.06423138461927515,0.033813497292194496,1.337810426714739,1.337810426714739,-0.27666196209412575,-0.27666196209412575,-0.5995564398558987,-0.39198141843761614,-0.6435875050052313,-0.6435875050052313,-0.6435875050052313,1.337810426714739,1.337810426714739,-0.27666196209412575,-0.27666196209412575,-0.5995564398558987,-0.4629472377259179,1.337810426714739,1.337810426714739,-0.27666196209412575,-0.27666196209412575,-0.5995564398558987,-0.5140843722130765,-0.8097424678329018,-0.8097424678329018,1.337810426714739,1.337810426714739,-0.27666196209412575,-0.27666196209412575,-0.5995564398558987,-0.1524717783395976,-0.20327685351190458,-0.20327685351190458,-1.0838981564985581,-1.0838981564985581,-0.20327685351190458,1.337810426714739,1.337810426714739,-0.27666196209412575,-0.27666196209412575,-0.5995564398558987,0.04623251566764726,-0.19593834265368254,-0.19593834265368254,1.337810426714739,1.337810426714739,-0.27666196209412575,-0.27666196209412575,-0.5995564398558987,-0.3995022525469742,-0.45894110276609434,-0.45894110276609434,-0.6964247831844307,-0.6964247831844307,-0.6964247831844307,-0.45894110276609434,1.337810426714739,1.337810426714739,-0.27666196209412575,-0.27666196209412575,-0.5995564398558987,-0.1869690516047444,-0.1869690516047444,-0.39198141843761614,-0.39198141843761614,-0.39198141843761614,-0.39198141843761614,-0.39198141843761614,-0.1869690516047444,1.337810426714739,1.337810426714739,-0.27666196209412575,-0.27666196209412575,-0.5995564398558987,-0.07485291349301758,-0.3500470706763468,-0.3500470706763468,1.337810426714739,1.337810426714739,-0.27666196209412575,-0.27666196209412575,-0.5995564398558987,-0.49323752644653446,1.337810426714739,1.337810426714739,-0.27666196209412575,-0.27666196209412575,-0.5995564398558987,0.0016953463211958136,-0.059329140523701626,-0.059329140523701626,-0.23630015237390417,-0.23630015237390417,-0.23630015237390417,-0.059329140523701626,1.337810426714739,1.337810426714739,-0.27666196209412575,-0.27666196209412575,-0.5995564398558987,-0.3872422626974727,-0.6246085976132777,-0.747549742163378,-0.747549742163378,-0.747549742163378,1.337810426714739,1.337810426714739,-0.27666196209412575,-0.27666196209412575,-0.5995564398558987,-0.19168973110418552,0.005870705947425645,0.005870705947425645,-0.3387570539713897,-0.3387570539713897,-0.3387570539713897,-0.3387570539713897,-0.3387570539713897,0.005870705947425645,1.337810426714739,1.337810426714739,-0.27666196209412575,-0.27666196209412575,-0.5995564398558987,-0.23630015237390417,-0.3160393374309273,-0.3160393374309273,-0.1152147232132392,-0.1152147232132392,1.337810426714739,1.337810426714739,-0.27666196209412575,-0.27666196209412575,-0.5995564398558987,-0.44285764917739123,1.337810426714739,1.337810426714739,-0.27666196209412575,-0.27666196209412575,-0.5995564398558987,-0.21900223392238052,-0.21900223392238052,1.337810426714739,1.337810426714739,-0.27666196209412575,-0.27666196209412575,-0.5995564398558987,-0.5289232728455109,-0.5289232728455109,1.337810426714739,1.337810426714739,-0.27666196209412575,-0.27666196209412575,-0.5995564398558987,-0.24156473625045477,-0.24156473625045477,-0.24156473625045477,-0.24156473625045477,1.337810426714739,1.337810426714739,-0.27666196209412575,-0.27666196209412575,-0.5995564398558987,0.4063840485557787,0.4063840485557787,1.337810426714739,1.337810426714739,-0.27666196209412575,-0.27666196209412575,-0.5995564398558987,-0.4112013278281978,-0.4381092009750122,-0.4381092009750122,-0.4381092009750122,-0.4381092009750122,1.337810426714739,1.337810426714739,-0.27666196209412575,-0.27666196209412575,-0.5995564398558987,-0.27666196209412575,-0.27666196209412575,-0.27666196209412575,-0.27666196209412575,1.337810426714739,1.337810426714739,-0.27666196209412575,-0.27666196209412575,-0.5995564398558987,-0.4027926174698183,-0.4027926174698183,-0.6181849674190778,-0.6181849674190778,-0.6181849674190778,-0.6181849674190778,-0.4027926174698183,1.337810426714739,1.337810426714739,-0.27666196209412575,-0.27666196209412575,-0.5995564398558987,-0.7379397874680871,1.337810426714739,1.337810426714739,-0.27666196209412575,-0.27666196209412575,-0.5995564398558987,-0.1492036156092154,-0.39198141843761614,-0.39198141843761614,1.337810426714739,1.337810426714739,-1.0838981564985581,-1.0838981564985581,-1.0838981564985581,1.337810426714739,1.337810426714739,1.337810426714739,1.337810426714739,0.4729145041385616,0.4729145041385616,0.4729145041385616,0.5305742323103066,0.5305742323103066,0.5305742323103066,0.5305742323103066,0.5305742323103066,0.5305742323103066,0.5305742323103066,0.4729145041385616,-0.308951409870303,-0.5995564398558987,-1.0838981564985581,-1.0838981564985581,-1.0838981564985581,0.12695613510809048,0.12695613510809048,-0.47847101069523384,-0.47847101069523384,-0.47847101069523384,-0.47847101069523384,-0.47847101069523384,-1.0838981564985581,-1.0838981564985581,-1.0838981564985581,0.12695613510809048,0.12695613510809048,-0.3133545163852363,-0.27666196209412575,1.337810426714739,1.337810426714739,1.337810426714739,1.337810426714739,1.337810426714739,1.337810426714739,1.337810426714739,1.337810426714739,1.337810426714739,1.337810426714739,1.337810426714739,1.337810426714739,0.2076797545485337,0.2076797545485337,0.2076797545485337,0.2076797545485337,0.2076797545485337,0.2076797545485337,0.2076797545485337,0.2076797545485337,0.2614955008421626,0.2614955008421626,0.2614955008421626,0.2614955008421626,0.2614955008421626,0.5305742323103066,0.5305742323103066,0.5305742323103066,0.5305742323103066,-0.007583230625981649,-0.007583230625981649,0.23703379798142207,0.23703379798142207,-0.1152147232132392,-0.1152147232132392,-0.14629908870408315
-0.5097769534420512,0.01814203444057139,-0.3998686116488372,-0.3998686116488372,-0.07050614063106092,-0.07050614063106092,-0.07050614063106092,-0.02500070950017269,-0.05725525359918527,-0.05725525359918527,0.01814203444057139,0.01814203444057139,0.01814203444057139,0.01814203444057139,0.01814203444057139,0.01814203444057139,0.01814203444057139,0.01814203444057139,-0.02500070950017269,-0.7633423526379678,-0.7633423526379678,-0.7633423526379678,-0.7633423526379678,-0.7633423526379678,-0.7633423526379678,-0.7633423526379678,-0.7633423526379678,-0.7114277058548415,-0.7114277058548415,1.4516825767754173,1.4516825767754173,1.4516825767754173,1.4516825767754173,1.4516825767754173,1.4516825767754173,1.4516825767754173,0.5687804205998015,0.5096416489553758,0.5096416489553758,0.5096416489553758,0.5096416489553758,0.5096416489553758,0.5096416489553758,0.5096416489553758,0.5096416489553758,0.5096416489553758,0.5096416489553758,0.5401496840127076,0.4422311115479633,0.4422311115479633,0.4422311115479633,0.4422311115479633,0.4422311115479633,0.6889329454347204,0.6210482282453983,0.6210482282453983,0.6210482282453983,0.6210482282453983,0.6210482282453983,0.6210482282453983,0.6210482282453983,0.6210482282453983,0.6889329454347204,0.6210482282453983,0.6210482282453983,0.6210482282453983,0.6210482282453983,0.6210482282453983,0.6210482282453983,0.6210482282453983,0.6210482282453983,0.6210482282453983,0.5687804205998015,0.5687804205998015,0.5687804205998015,0.5687804205998015,0.5687804205998015,0.5687804205998015,0.5687804205998015,0.5687804205998015,0.5687804205998015,0.5687804205998015,0.5687804205998015,-0.7633423526379678,-0.7633423526379678,-0.2788056493287897,-0.2788056493287897,-0.727894289321231,-0.7633423526379678,-0.7633423526379678,-0.7633423526379678,-0.7633423526379678,-0.7633423526379678,-0.7633423526379678,0.7012157440261437,0.7012157440261437,0.7012157440261437,0.7012157440261437,0.7012157440261437,0.7012157440261437,0.7012157440261437,0.7012157440261437,0.7012157440261437,0.7012157440261437,0.7012157440261437,0.7012157440261437,0.7012157440261437,0.7012157440261437,0.7012157440261437,0.7012157440261437,0.7012157440261437,0.9109050061178527,0.9109050061178527,0.9109050061178527,0.9109050061178527,0.9109050061178527,1.4516825767754173,1.4516825767754173,1.4516825767754173,1.4516825767754173,1.4516825767754173,1.4516825767754173,1.4516825767754173,1.4516825767754173,-0.1255853376424797,-0.1255853376424797,-0.3446719831943478,-0.3446719831943478,-0.2788056493287897,-0.5564225901377204,-0.3379266690571884,-0.43184202306589653,-0.43184202306589653,-0.4864642364612945,-0.4864642364612945,0.16983944632785655,0.16983944632785655,0.16983944632785655,0.038318390440411174,0.038318390440411174,-0.59926643194068,-0.59926643194068,-0.7633423526379678,0.09789927063947323,-0.59926643194068,-0.59926643194068,-0.7633423526379678,-0.1022252180936666,-0.59926643194068,-0.59926643194068,-0.7633423526379678,0.09789927063947323,-0.59926643194068,-0.59926643194068,-0.7633423526379678,0.01814203444057139,-0.59926643194068,-0.59926643194068,-0.7633423526379678,0.01814203444057139,-0.59926643194068,-0.59926643194068,-0.7633423526379678,0.09789927063947323,-0.59926643194068,-0.59926643194068,-0.7633423526379678,0.01814203444057139,-0.5793466639930467,-0.5793466639930467,-0.59926643194068,-0.59926643194068,-0.7633423526379678,-0.7699918397026714,-0.7699918397026714,1.4516825767754173,1.4516825767754173,-0.59926643194068,-0.59926643194068,-0.7633423526379678,-0.2788056493287897,-0.7114277058548415,-0.7114277058548415,1.4516825767754173,1.4516825767754173,-0.59926643194068,-0.59926643194068,-0.7633423526379678,-0.42539659410208,-0.42539659410208,1.4516825767754173,1.4516825767754173,-0.59926643194068,-0.59926643194068,-0.7633423526379678,-0.2317363695787552,-0.2317363695787552,1.4516825767754173,1.4516825767754173,-0.59926643194068,-0.59926643194068,-0.7633423526379678,-0.008135467651639396,-0.008135467651639396,1.4516825767754173,1.4516825767754173,-0.59926643194068,-0.59926643194068,-0.7633423526379678,-0.3379266690571884,-0.1022252180936666,-0.1022252180936666,-0.1022252180936666,-0.1022252180936666,1.4516825767754173,1.4516825767754173,-0.59926643194068,-0.59926643194068,-0.7633423526379678,-0.4864642364612945,-0.7633423526379678,-0.7633423526379678,1.4516825767754173,1.4516825767754173,-0.59926643194068,-0.59926643194068,-0.7633423526379678,-0.6141251671898126,-0.5424534400094861,-0.5424534400094861,-0.6371907849125014,-0.6371907849125014,-0.6371907849125014,-0.6371907849125014,-0.6371907849125014,-0.5424534400094861,1.4516825767754173,1.4516825767754173,-0.59926643194068,-0.59926643194068,-0.7633423526379678,-0.7295478740738728,-0.8300692116611549,-0.8300692116611549,-0.4864642364612945,-0.4864642364612945,1.4516825767754173,1.4516825767754173,-0.59926643194068,-0.59926643194068,-0.7633423526379678,-0.5682183284350296,-0.5682183284350296,1.4516825767754173,1.4516825767754173,-0.59926643194068,-0.59926643194068,-0.7633423526379678,-0.5023406753850987,-0.2788056493287897,-0.2788056493287897,-0.2788056493287897,-0.2788056493287897,1.4516825767754173,1.4516825767754173,-0.59926643194068,-0.59926643194068,-0.7633423526379678,-0.5874808907619782,-0.6255424407088571,-0.6255424407088571,-0.732760154401491,-0.732760154401491,-0.6255424407088571,-0.5874808907619782,1.4516825767754173,1.4516825767754173,-0.59926643194068,-0.59926643194068,-0.7633423526379678,-0.4995311883726937,-0.6776012899124753,-0.6776012899124753,-0.6776012899124753,-0.6776012899124753,-0.4864642364612945,-0.4864642364612945,1.4516825767754173,1.4516825767754173,-0.59926643194068,-0.59926643194068,-0.7633423526379678,-0.5566066925593851,1.4516825767754173,1.4516825767754173,-0.59926643194068,-0.59926643194068,-0.7633423526379678,-0.5066888725194671,-0.5066888725194671,1.4516825767754173,1.4516825767754173,-0.59926643194068,-0.59926643194068,-0.7633423526379678,-0.791542901507814,-0.791542901507814,-0.791542901507814,-0.7533716725540432,-0.7533716725540432,-0.4864642364612945,-0.4864642364612945,1.4516825767754173,1.4516825767754173,-0.59926643194068,-0.59926643194068,-0.7633423526379678,-0.5505352054939131,-0.7820598783488908,-0.7820598783488908,1.4516825767754173,1.4516825767754173,-0.59926643194068,-0.59926643194068,-0.7633423526379678,-0.5236666468393731,-0.5236666468393731,-0.6419137648251356,-0.6419137648251356,-0.6419137648251356,-0.5236666468393731,1.4516825767754173,1.4516825767754173,-0.59926643194068,-0.59926643194068,-0.7633423526379678,-0.5192624706089446,-0.7262079607869412,-0.7262079607869412,1.4516825767754173,1.4516825767754173,-0.59926643194068,-0.59926643194068,-0.7633423526379678,-0.6479764708976872,-0.6479764708976872,-0.6479764708976872,-0.59926643194068,-0.59926643194068,-0.791542901507814,-0.791542901507814,-0.59926643194068,1.4516825767754173,1.4516825767754173,-0.59926643194068,-0.59926643194068,-0.7633423526379678,-0.4864642364612945,-0.6323094993033282,-0.5791665248656146,-0.5791665248656146,-0.7114277058548415,-0.7114277058548415,-0.7114277058548415,-0.5791665248656146,1.4516825767754173,1.4516825767754173,-0.59926643194068,-0.59926643194068,-0.7633423526379678,-0.7013108999352866,-0.824438226840284,-0.824438226840284,-0.824438226840284,1.4516825767754173,1.4516825767754173,-0.59926643194068,-0.59926643194068,-0.7633423526379678,-0.7703052638435941,1.4516825767754173,1.4516825767754173,-0.59926643194068,-0.59926643194068,-0.7633423526379678,-0.6220429834321035,-0.8117384086165301,-0.8117384086165301,-0.8117384086165301,1.4516825767754173,1.4516825767754173,-0.59926643194068,-0.59926643194068,-0.7633423526379678,-0.2788056493287897,-0.2788056493287897,1.4516825767754173,1.4516825767754173,-0.59926643194068,-0.59926643194068,-0.7633423526379678,-0.724052675648763,-0.6155395705374127,-0.6155395705374127,-0.7227335622653891,-0.7227335622653891,-0.7227335622653891,-0.7227335622653891,-0.7227335622653891,-0.7227335622653891,-0.6155395705374127,1.4516825767754173,1.4516825767754173,-0.59926643194068,-0.59926643194068,-0.7633423526379678,-0.6394141218239189,-0.6394141218239189,1.4516825767754173,1.4516825767754173,-0.59926643194068,-0.59926643194068,-0.7633423526379678,-0.42539659410208,-0.59926643194068,-0.59926643194068,1.4516825767754173,1.4516825767754173,-0.59926643194068,-0.59926643194068,-0.7633423526379678,-0.4776221348675951,-0.3641354435153876,-0.3641354435153876,-0.4465815161255966,-0.4465815161255966,-0.4465815161255966,-0.3641354435153876,1.4516825767754173,1.4516825767754173,-0.59926643194068,-0.59926643194068,-0.7633423526379678,-0.6672825980460608,-0.7793600948961223,-0.7793600948961223,-0.7793600948961223,1.4516825767754173,1.4516825767754173,-0.59926643194068,-0.59926643194068,-0.7633423526379678,-0.7039376461429069,1.4516825767754173,1.4516825767754173,-0.59926643194068,-0.59926643194068,-0.7633423526379678,-0.727894289321231,-0.8260645935043816,-0.8260645935043816,1.4516825767754173,1.4516825767754173,-0.59926643194068,-0.59926643194068,-0.7633423526379678,-0.5143158812838001,-0.5505352054939131,-0.5505352054939131,-0.8556350580301921,-0.8556350580301921,-0.5505352054939131,1.4516825767754173,1.4516825767754173,-0.59926643194068,-0.59926643194068,-0.7633423526379678,-0.35315255089474823,-0.5454290204618825,-0.5454290204618825,1.4516825767754173,1.4516825767754173,-0.59926643194068,-0.59926643194068,-0.7633423526379678,-0.6713549633788934,-0.7019739460348133,-0.7019739460348133,-0.7965677265791685,-0.7965677265791685,-0.7965677265791685,-0.7019739460348133,1.4516825767754173,1.4516825767754173,-0.59926643194068,-0.59926643194068,-0.7633423526379678,-0.5391305813764734,-0.5391305813764734,-0.6672825980460608,-0.6672825980460608,-0.6672825980460608,-0.6672825980460608,-0.6672825980460608,-0.5391305813764734,1.4516825767754173,1.4516825767754173,-0.59926643194068,-0.59926643194068,-0.7633423526379678,-0.4550590797653293,-0.643760160435554,-0.643760160435554,1.4516825767754173,1.4516825767754173,-0.59926643194068,-0.59926643194068,-0.7633423526379678,-0.7183764241928566,1.4516825767754173,1.4516825767754173,-0.59926643194068,-0.59926643194068,-0.7633423526379678,-0.3919766985983871,-0.44263885416705784,-0.44263885416705784,-0.5729886477665049,-0.5729886477665049,-0.5729886477665049,-0.44263885416705784,1.4516825767754173,1.4516825767754173,-0.59926643194068,-0.59926643194068,-0.7633423526379678,-0.6646935911603715,-0.7726429552324874,-0.811126616000763,-0.811126616000763,-0.811126616000763,1.4516825767754173,1.4516825767754173,-0.59926643194068,-0.59926643194068,-0.7633423526379678,-0.5424534400094861,-0.38840323698205614,-0.38840323698205614,-0.6371907849125014,-0.6371907849125014,-0.6371907849125014,-0.6371907849125014,-0.6371907849125014,-0.38840323698205614,1.4516825767754173,1.4516825767754173,-0.59926643194068,-0.59926643194068,-0.7633423526379678,-0.5729886477665049,-0.6236679668450952,-0.6236679668450952,-0.4864642364612945,-0.4864642364612945,1.4516825767754173,1.4516825767754173,-0.59926643194068,-0.59926643194068,-0.7633423526379678,-0.6939631476329132,1.4516825767754173,1.4516825767754173,-0.59926643194068,-0.59926643194068,-0.7633423526379678,-0.5613343393049868,-0.5613343393049868,1.4516825767754173,1.4516825767754173,-0.59926643194068,-0.59926643194068,-0.7633423526379678,-0.7344608246050711,-0.7344608246050711,1.4516825767754173,1.4516825767754173,-0.59926643194068,-0.59926643194068,-0.7633423526379678,-0.5764888791501184,-0.5764888791501184,-0.5764888791501184,-0.5764888791501184,1.4516825767754173,1.4516825767754173,-0.59926643194068,-0.59926643194068,-0.7633423526379678,0.01814203444057139,0.01814203444057139,1.4516825767754173,1.4516825767754173,-0.59926643194068,-0.59926643194068,-0.7633423526379678,-0.6776012899124753,-0.6915591373329043,-0.6915591373329043,-0.6915591373329043,-0.6915591373329043,1.4516825767754173,1.4516825767754173,-0.59926643194068,-0.59926643194068,-0.7633423526379678,-0.59926643194068,-0.59926643194068,-0.59926643194068,-0.59926643194068,1.4516825767754173,1.4516825767754173,-0.59926643194068,-0.59926643194068,-0.7633423526379678,-0.673122627933264,-0.673122627933264,-0.7703052638435941,-0.7703052638435941,-0.7703052638435941,-0.7703052638435941,-0.673122627933264,1.4516825767754173,1.4516825767754173,-0.59926643194068,-0.59926643194068,-0.7633423526379678,-0.8085469430341592,1.4516825767754173,1.4516825767754173,-0.59926643194068,-0.59926643194068,-0.7633423526379678,-0.5119164568464695,-0.6672825980460608,-0.6672825980460608,1.4516825767754173,1.4516825767754173,-0.8556350580301921,-0.8556350580301921,-0.8556350580301921,1.4516825767754173,1.4516825767754173,1.4516825767754173,1.4516825767754173,0.09789927063947323,0.09789927063947323,0.09789927063947323,0.16983944632785655,0.16983944632785655,0.16983944632785655,0.16983944632785655,0.16983944632785655,0.16983944632785655,0.16983944632785655,0.09789927063947323,-0.6193657322260977,-0.7633423526379678,-0.8556350580301921,-0.8556350580301921,-0.8556350580301921,-0.2788056493287897,-0.2788056493287897,-0.7114277058548415,-0.7114277058548415,-0.7114277058548415,-0.7114277058548415,-0.7114277058548415,-0.8556350580301921,-0.8556350580301921,-0.8556350580301921,-0.2788056493287897,-0.2788056493287897,-0.6220429834321035,-0.59926643194068,1.4516825767754173,1.4516825767754173,1.4516825767754173,1.4516825767754173,1.4516825767754173,1.4516825767754173,1.4516825767754173,1.4516825767754173,1.4516825767754173,1.4516825767754173,1.4516825767754173,1.4516825767754173,-0.19933137524104094,-0.19933137524104094,-0.19933137524104094,-0.19933137524104094,-0.19933137524104094,-0.19933137524104094,-0.19933137524104094,-0.19933137524104094,-0.14349998555932486,-0.14349998555932486,-0.14349998555932486,-0.14349998555932486,-0.14349998555932486,0.16983944632785655,0.16983944632785655,0.16983944632785655,0.16983944632785655,-0.3998686116488372,-0.3998686116488372,-0.16916038982356457,-0.16916038982356457,-0.4864642364612945,-0.4864642364612945,-0.5097769534420512
-0.6421062082830115,-0.24475117559455276,-0.5745439487772251,-0.5745439487772251,-0.32319495310162105,-0.32319495310162105,-0.32319495310162105,-0.2834513481892721,-0.3117376229434738,-0.3117376229434738,-0.24475117559455276,-0.24475117559455276,-0.24475117559455276,-0.24475117559455276,-0.24475117559455276,-0.24475117559455276,-0.24475117559455276,-0.24475117559455276,-0.2834513481892721,-0.7557075453598672,-0.7557075453598672,-0.7557075453598672,-0.7557075453598672,-0.7557075453598672,-0.7557075453598672,-0.7557075453598672,-0.7557075453598672,-0.7383952689010893,-0.7383952689010893,1.4965912411460476,1.4965912411460476,1.4965912411460476,1.4965912411460476,1.4965912411460476,1.4965912411460476,1.4965912411460476,0.3274354491347172,0.25956639079679034,0.25956639079679034,0.25956639079679034,0.25956639079679034,0.25956639079679034,0.25956639079679034,0.25956639079679034,0.25956639079679034,0.25956639079679034,0.25956639079679034,0.2943984842883285,0.1839801161977291,0.1839801161977291,0.1839801161977291,0.1839801161977291,0.1839801161977291,0.4696803344510448,0.38860554778426726,0.38860554778426726,0.38860554778426726,0.38860554778426726,0.38860554778426726,0.38860554778426726,0.38860554778426726,0.38860554778426726,0.4696803344510448,0.38860554778426726,0.38860554778426726,0.38860554778426726,0.38860554778426726,0.38860554778426726,0.38860554778426726,0.38860554778426726,0.38860554778426726,0.38860554778426726,0.3274354491347172,0.3274354491347172,0.3274354491347172,0.3274354491347172,0.3274354491347172,0.3274354491347172,0.3274354491347172,0.3274354491347172,0.3274354491347172,0.3274354491347172,0.3274354491347172,-0.7557075453598672,-0.7557075453598672,-0.49006343445140743,-0.49006343445140743,-0.7442946934233594,-0.7557075453598672,-0.7557075453598672,-0.7557075453598672,-0.7557075453598672,-0.7557075453598672,-0.7557075453598672,0.4845433443988015,0.4845433443988015,0.4845433443988015,0.4845433443988015,0.4845433443988015,0.4845433443988015,0.4845433443988015,0.4845433443988015,0.4845433443988015,0.4845433443988015,0.4845433443988015,0.4845433443988015,0.4845433443988015,0.4845433443988015,0.4845433443988015,0.4845433443988015,0.4845433443988015,0.7471612407532576,0.7471612407532576,0.7471612407532576,0.7471612407532576,0.7471612407532576,1.4965912411460476,1.4965912411460476,1.4965912411460476,1.4965912411460476,1.4965912411460476,1.4965912411460476,1.4965912411460476,1.4965912411460476,-0.3697777021398428,-0.3697777021398428,-0.537258830629568,-0.537258830629568,-0.49006343445140743,-0.6678427050986252,-0.5325580578208822,-0.5951467929690571,-0.5951467929690571,-0.62856164612163,-0.62856164612163,-0.10114161965190568,-0.10114161965190568,-0.10114161965190568,-0.22631894388756194,-0.22631894388756194,-0.6897800420511516,-0.6897800420511516,-0.7557075453598672,-0.17067621879933825,-0.6897800420511516,-0.6897800420511516,-0.7557075453598672,-0.3502280991011493,-0.6897800420511516,-0.6897800420511516,-0.7557075453598672,-0.17067621879933825,-0.6897800420511516,-0.6897800420511516,-0.7557075453598672,-0.24475117559455276,-0.6897800420511516,-0.6897800420511516,-0.7557075453598672,-0.24475117559455276,-0.6897800420511516,-0.6897800420511516,-0.7557075453598672,-0.17067621879933825,-0.6897800420511516,-0.6897800420511516,-0.7557075453598672,-0.24475117559455276,-0.6797912654198531,-0.6797912654198531,-0.6897800420511516,-0.6897800420511516,-0.7557075453598672,-0.7576347338783075,-0.7576347338783075,1.4965912411460476,1.4965912411460476,-0.6897800420511516,-0.6897800420511516,-0.7557075453598672,-0.49006343445140743,-0.7383952689010893,-0.7383952689010893,1.4965912411460476,1.4965912411460476,-0.6897800420511516,-0.6897800420511516,-0.7557075453598672,-0.5910540237752074,-0.5910540237752074,1.4965912411460476,1.4965912411460476,-0.6897800420511516,-0.6897800420511516,-0.7557075453598672,-0.45462605596372163,-0.45462605596372163,1.4965912411460476,1.4965912411460476,-0.6897800420511516,-0.6897800420511516,-0.7557075453598672,-0.26843952053343434,-0.26843952053343434,1.4965912411460476,1.4965912411460476,-0.6897800420511516,-0.6897800420511516,-0.7557075453598672,-0.5325580578208822,-0.3502280991011493,-0.3502280991011493,-0.3502280991011493,-0.3502280991011493,1.4965912411460476,1.4965912411460476,-0.6897800420511516,-0.6897800420511516,-0.7557075453598672,-0.62856164612163,-0.7557075453598672,-0.7557075453598672,1.4965912411460476,1.4965912411460476,-0.6897800420511516,-0.6897800420511516,-0.7557075453598672,-0.6969837638396219,-0.6603315699581145,-0.6603315699581145,-0.7077312365439825,-0.7077312365439825,-0.7077312365439825,-0.7077312365439825,-0.7077312365439825,-0.6603315699581145,1.4965912411460476,1.4965912411460476,-0.6897800420511516,-0.6897800420511516,-0.7557075453598672,-0.7448671267740272,-0.7712230895590805,-0.7712230895590805,-0.62856164612163,-0.62856164612163,1.4965912411460476,1.4965912411460476,-0.6897800420511516,-0.6897800420511516,-0.7557075453598672,-0.6740503828326087,-0.6740503828326087,1.4965912411460476,1.4965912411460476,-0.6897800420511516,-0.6897800420511516,-0.7557075453598672,-0.6378338364745599,-0.49006343445140743,-0.49006343445140743,-0.49006343445140743,-0.49006343445140743,1.4965912411460476,1.4965912411460476,-0.6897800420511516,-0.6897800420511516,-0.7557075453598672,-0.6839152571360201,-0.702371041568033,-0.702371041568033,-0.7459684290777524,-0.7459684290777524,-0.702371041568033,-0.6839152571360201,1.4965912411460476,1.4965912411460476,-0.6897800420511516,-0.6897800420511516,-0.7557075453598672,-0.6362079084528238,-0.7252073545103656,-0.7252073545103656,-0.7252073545103656,-0.7252073545103656,-0.62856164612163,-0.62856164612163,1.4965912411460476,1.4965912411460476,-0.6897800420511516,-0.6897800420511516,-0.7557075453598672,-0.6679405474857012,1.4965912411460476,1.4965912411460476,-0.6897800420511516,-0.6897800420511516,-0.7557075453598672,-0.6403375290586224,-0.6403375290586224,1.4965912411460476,1.4965912411460476,-0.6897800420511516,-0.6897800420511516,-0.7557075453598672,-0.7633598448510573,-0.7633598448510573,-0.7633598448510573,-0.7526859997153369,-0.7526859997153369,-0.62856164612163,-0.62856164612163,1.4965912411460476,1.4965912411460476,-0.6897800420511516,-0.6897800420511516,-0.7557075453598672,-0.6646979927120402,-0.7609426824412937,-0.7609426824412937,1.4965912411460476,1.4965912411460476,-0.6897800420511516,-0.6897800420511516,-0.7557075453598672,-0.6499635176117586,-0.6499635176117586,-0.7098646180763746,-0.7098646180763746,-0.7098646180763746,-0.6499635176117586,1.4965912411460476,1.4965912411460476,-0.6897800420511516,-0.6897800420511516,-0.7557075453598672,-0.6474895587805798,-0.7437070968222737,-0.7437070968222737,1.4965912411460476,1.4965912411460476,-0.6897800420511516,-0.6897800420511516,-0.7557075453598672,-0.7125687581183223,-0.7125687581183223,-0.7125687581183223,-0.6897800420511516,-0.6897800420511516,-0.7633598448510573,-0.7633598448510573,-0.6897800420511516,1.4965912411460476,1.4965912411460476,-0.6897800420511516,-0.6897800420511516,-0.7557075453598672,-0.62856164612163,-0.705501982560524,-0.679699240666185,-0.679699240666185,-0.7383952689010893,-0.7383952689010893,-0.7383952689010893,-0.679699240666185,1.4965912411460476,1.4965912411460476,-0.6897800420511516,-0.6897800420511516,-0.7557075453598672,-0.7345973364622959,-0.7703016499852228,-0.7703016499852228,-0.7703016499852228,1.4965912411460476,1.4965912411460476,-0.6897800420511516,-0.6897800420511516,-0.7557075453598672,-0.7577237821877965,1.4965912411460476,1.4965912411460476,-0.6897800420511516,-0.6897800420511516,-0.7557075453598672,-0.700733695210266,-0.7679132478288694,-0.7679132478288694,-0.7679132478288694,1.4965912411460476,1.4965912411460476,-0.6897800420511516,-0.6897800420511516,-0.7557075453598672,-0.49006343445140743,-0.49006343445140743,1.4965912411460476,1.4965912411460476,-0.6897800420511516,-0.6897800420511516,-0.7557075453598672,-0.742950505850644,-0.6976582115698283,-0.6976582115698283,-0.7424843718390904,-0.7424843718390904,-0.7424843718390904,-0.7424843718390904,-0.7424843718390904,-0.7424843718390904,-0.6976582115698283,1.4965912411460476,1.4965912411460476,-0.6897800420511516,-0.6897800420511516,-0.7557075453598672,-0.7087384273640225,-0.7087384273640225,1.4965912411460476,1.4965912411460476,-0.6897800420511516,-0.6897800420511516,-0.7557075453598672,-0.5910540237752074,-0.6897800420511516,-0.6897800420511516,1.4965912411460476,1.4965912411460476,-0.6897800420511516,-0.6897800420511516,-0.7557075453598672,-0.6233099911252893,-0.5506487158647116,-0.5506487158647116,-0.6043892809653884,-0.6043892809653884,-0.6043892809653884,-0.5506487158647116,1.4965912411460476,1.4965912411460476,-0.6897800420511516,-0.6897800420511516,-0.7557075453598672,-0.720915851982307,-0.7602245886836685,-0.7602245886836685,-0.7602245886836685,1.4965912411460476,1.4965912411460476,-0.6897800420511516,-0.6897800420511516,-0.7557075453598672,-0.7355957772492723,1.4965912411460476,1.4965912411460476,-0.6897800420511516,-0.6897800420511516,-0.7557075453598672,-0.7442946934233594,-0.7705771172321977,-0.7705771172321977,1.4965912411460476,1.4965912411460476,-0.6897800420511516,-0.6897800420511516,-0.7557075453598672,-0.6446915407450645,-0.6646979927120402,-0.6646979927120402,-0.7738712452510439,-0.7738712452510439,-0.6646979927120402,1.4965912411460476,1.4965912411460476,-0.6897800420511516,-0.6897800420511516,-0.7557075453598672,-0.5431249836705395,-0.6619458537919873,-0.6619458537919873,1.4965912411460476,1.4965912411460476,-0.6897800420511516,-0.6897800420511516,-0.7557075453598672,-0.7226239566567477,-0.7348501720062616,-0.7348501720062616,-0.7645714309067614,-0.7645714309067614,-0.7645714309067614,-0.7348501720062616,1.4965912411460476,1.4965912411460476,-0.6897800420511516,-0.6897800420511516,-0.7557075453598672,-0.6585198005323988,-0.6585198005323988,-0.720915851982307,-0.720915851982307,-0.720915851982307,-0.720915851982307,-0.720915851982307,-0.6585198005323988,1.4965912411460476,1.4965912411460476,-0.6897800420511516,-0.6897800420511516,-0.7557075453598672,-0.6096306140012543,-0.7106922796613426,-0.7106922796613426,1.4965912411460476,1.4965912411460476,-0.6897800420511516,-0.6897800420511516,-0.7557075453598672,-0.7409282745106731,1.4965912411460476,1.4965912411460476,-0.6897800420511516,-0.6897800420511516,-0.7557075453598672,-0.5693443649929599,-0.6019330585535856,-0.6019330585535856,-0.6765251661467686,-0.6765251661467686,-0.6765251661467686,-0.6019330585535856,1.4965912411460476,1.4965912411460476,-0.6897800420511516,-0.6897800420511516,-0.7557075453598672,-0.7198202575396496,-0.7583827792961332,-0.7677882589084591,-0.7677882589084591,-0.7677882589084591,1.4965912411460476,1.4965912411460476,-0.6897800420511516,-0.6897800420511516,-0.7557075453598672,-0.6603315699581145,-0.5669753511781089,-0.5669753511781089,-0.7077312365439825,-0.7077312365439825,-0.7077312365439825,-0.7077312365439825,-0.7077312365439825,-0.5669753511781089,1.4965912411460476,1.4965912411460476,-0.6897800420511516,-0.6897800420511516,-0.7557075453598672,-0.6765251661467686,-0.7014955385344493,-0.7014955385344493,-0.62856164612163,-0.62856164612163,1.4965912411460476,1.4965912411460476,-0.6897800420511516,-0.6897800420511516,-0.7557075453598672,-0.7317593189182665,1.4965912411460476,1.4965912411460476,-0.6897800420511516,-0.6897800420511516,-0.7557075453598672,-0.6704427427730423,-0.6704427427730423,1.4965912411460476,1.4965912411460476,-0.6897800420511516,-0.6897800420511516,-0.7557075453598672,-0.7465457102268601,-0.7465457102268601,1.4965912411460476,1.4965912411460476,-0.6897800420511516,-0.6897800420511516,-0.7557075453598672,-0.6783278250952692,-0.6783278250952692,-0.6783278250952692,-0.6783278250952692,1.4965912411460476,1.4965912411460476,-0.6897800420511516,-0.6897800420511516,-0.7557075453598672,-0.24475117559455276,-0.24475117559455276,1.4965912411460476,1.4965912411460476,-0.6897800420511516,-0.6897800420511516,-0.7557075453598672,-0.7252073545103656,-0.730816549212699,-0.730816549212699,-0.730816549212699,-0.730816549212699,1.4965912411460476,1.4965912411460476,-0.6897800420511516,-0.6897800420511516,-0.7557075453598672,-0.6897800420511516,-0.6897800420511516,-0.6897800420511516,-0.6897800420511516,1.4965912411460476,1.4965912411460476,-0.6897800420511516,-0.6897800420511516,-0.7557075453598672,-0.7233595523621438,-0.7233595523621438,-0.7577237821877965,-0.7577237821877965,-0.7577237821877965,-0.7577237821877965,-0.7233595523621438,1.4965912411460476,1.4965912411460476,-0.6897800420511516,-0.6897800420511516,-0.7557075453598672,-0.7672518210924518,1.4965912411460476,1.4965912411460476,-0.6897800420511516,-0.6897800420511516,-0.7557075453598672,-0.6433269776212942,-0.720915851982307,-0.720915851982307,1.4965912411460476,1.4965912411460476,-0.7738712452510439,-0.7738712452510439,-0.7738712452510439,1.4965912411460476,1.4965912411460476,1.4965912411460476,1.4965912411460476,-0.17067621879933825,-0.17067621879933825,-0.17067621879933825,-0.10114161965190568,-0.10114161965190568,-0.10114161965190568,-0.10114161965190568,-0.10114161965190568,-0.10114161965190568,-0.10114161965190568,-0.17067621879933825,-0.6994727304967839,-0.7557075453598672,-0.7738712452510439,-0.7738712452510439,-0.7738712452510439,-0.49006343445140743,-0.49006343445140743,-0.7383952689010893,-0.7383952689010893,-0.7383952689010893,-0.7383952689010893,-0.7383952689010893,-0.7738712452510439,-0.7738712452510439,-0.7738712452510439,-0.49006343445140743,-0.49006343445140743,-0.700733695210266,-0.6897800420511516,1.4965912411460476,1.4965912411460476,1.4965912411460476,1.4965912411460476,1.4965912411460476,1.4965912411460476,1.4965912411460476,1.4965912411460476,1.4965912411460476,1.4965912411460476,1.4965912411460476,1.4965912411460476,-0.42943367694428514,-0.42943367694428514,-0.42943367694428514,-0.42943367694428514,-0.42943367694428514,-0.42943367694428514,-0.42943367694428514,-0.42943367694428514,-0.38456011932561657,-0.38456011932561657,-0.38456011932561657,-0.38456011932561657,-0.38456011932561657,-0.10114161965190568,-0.10114161965190568,-0.10114161965190568,-0.10114161965190568,-0.5745439487772251,-0.5745439487772251,-0.40541151793190666,-0.40541151793190666,-0.62856164612163,-0.62856164612163,-0.6421062082830115
1.0,1.0,-1.0,-1.0,-1.0,-1.0,-1.0,1.0,1.0,1.0,-1.0,-1.0,-1.0,-1.0,-1.0,-1.0,-1.0,-1.0,1.0,-1.0,-1.0,-1.0,-1.0,-1.0,-1.0,-1.0,-1.0,-1.0,-1.0,-1.0,-1.0,-1.0,-1.0,-1.0,-1.0,-1.0,-1.0,-1.0,-1.0,-1.0,-1.0,-1.0,-1.0,-1.0,-1.0,-1.0,-1.0,-1.0,-1.0,-1.0,-1.0,-1.0,-1.0,-1.0,-1.0,-1.0,-1.0,-1.0,-1.0,-1.0,-1.0,-1.0,-1.0,-1.0,-1.0,-1.0,-1.0,-1.0,-1.0,-1.0,-1.0,-1.0,-1.0,-1.0,-1.0,-1.0,-1.0,-1.0,-1.0,-1.0,-1.0,-1.0,-1.0,1.0,1.0,-1.0,-1.0,-1.0,-1.0,-1.0,-1.0,-1.0,-1.0,-1.0,-1.0,-1.0,-1.0,-1.0,-1.0,-1.0,-1.0,-1.0,-1.0,-1.0,-1.0,-1.0,-1.0,-1.0,-1.0,-1.0,-1.0,-1.0,-1.0,-1.0,-1.0,-1.0,-1.0,-1.0,-1.0,-1.0,-1.0,-1.0,-1.0,-1.0,-1.0,-1.0,-1.0,-1.0,-1.0,1.0,-1.0,-1.0,-1.0,-1.0,-1.0,-1.0,-1.0,-1.0,1.0,1.0,-1.0,-1.0,-1.0,-1.0,-1.0,-1.0,-1.0,-1.0,-1.0,-1.0,-1.0,-1.0,-1.0,-1.0,-1.0,-1.0,-1.0,-1.0,-1.0,-1.0,-1.0,-1.0,-1.0,-1.0,-1.0,-1.0,-1.0,-1.0,1.0,1.0,-1.0,-1.0,-1.0,-1.0,-1.0,-1.0,-1.0,-1.0,-1.0,-1.0,-1.0,-1.0,-1.0,-1.0,-1.0,-1.0,-1.0,-1.0,-1.0,-1.0,-1.0,-1.0,-1.0,-1.0,-1.0,-1.0,-1.0,-1.0,-1.0,-1.0,-1.0,-1.0,-1.0,-1.0,-1.0,-1.0,-1.0,-1.0,-1.0,-1.0,-1.0,-1.0,-1.0,-1.0,-1.0,-1.0,-1.0,-1.0,-1.0,-1.0,-1.0,-1.0,-1.0,-1.0,-1.0,-1.0,-1.0,-1.0,-1.0,-1.0,-1.0,-1.0,-1.0,-1.0,-1.0,-1.0,-1.0,-1.0,-1.0,-1.0,-1.0,-1.0,-1.0,-1.0,-1.0,-1.0,-1.0,-1.0,-1.0,-1.0,-1.0,-1.0,-1.0,-1.0,-1.0,-1.0,-1.0,-1.0,-1.0,-1.0,-1.0,-1.0,-1.0,-1.0,-1.0,-1.0,-1.0,-1.0,-1.0,-1.0,-1.0,-1.0,-1.0,-1.0,-1.0,-1.0,-1.0,-1.0,-1.0,-1.0,-1.0,-1.0,-1.0,-1.0,-1.0,-1.0,-1.0,-1.0,-1.0,-1.0,-1.0,-1.0,-1.0,-1.0,-1.0,-1.0,-1.0,-1.0,-1.0,-1.0,-1.0,-1.0,-1.0,-1.0,-1.0,-1.0,-1.0,-1.0,-1.0,-1.0,-1.0,-1.0,-1.0,-1.0,-1.0,-1.0,-1.0,-1.0,-1.0,-1.0,-1.0,-1.0,-1.0,-1.0,-1.0,-1.0,-1.0,-1.0,-1.0,-1.0,-1.0,-1.0,-1.0,-1.0,-1.0,-1.0,-1.0,-1.0,-1.0,-1.0,-1.0,-1.0,-1.0,-1.0,-1.0,-1.0,-1.0,-1.0,-1.0,-1.0,-1.0,-1.0,-1.0,-1.0,-1.0,-1.0,-1.0,-1.0,-1.0,-1.0,-1.0,-1.0,-1.0,-1.0,-1.0,-1.0,-1.0,-1.0,-1.0,-1.0,-1.0,-1.0,-1.0,-1.0,-1.0,-1.0,-1.0,-1.0,-1.0,-1.0,-1.0,-1.0,-1.0,-1.0,-1.0,-1.0,-1.0,-1.0,-1.0,-1.0,-1.0,-1.0,-1.0,-1.0,-1.0,-1.0,-1.0,-1.0,-1.0,-1.0,-1.0,-1.0,-1.0,-1.0,-1.0,-1.0,-1.0,-1.0,-1.0,-1.0,-1.0,-1.0,-1.0,-1.0,-1.0,-1.0,-1.0,-1.0,-1.0,-1.0,-1.0,-1.0,-1.0,-1.0,-1.0,-1.0,-1.0,-1.0,-1.0,-1.0,-1.0,-1.0,-1.0,-1.0,-1.0,-1.0,-1.0,-1.0,-1.0,-1.0,-1.0,-1.0,-1.0,-1.0,-1.0,-1.0,-1.0,-1.0,-1.0,-1.0,-1.0,-1.0,-1.0,-1.0,-1.0,-1.0,-1.0,-1.0,-1.0,-1.0,-1.0,-1.0,-1.0,-1.0,-1.0,-1.0,-1.0,-1.0,-1.0,-1.0,-1.0,-1.0,-1.0,-1.0,-1.0,-1.0,-1.0,-1.0,-1.0,-1.0,-1.0,-1.0,-1.0,-1.0,-1.0,-1.0,-1.0,-1.0,-1.0,-1.0,-1.0,-1.0,-1.0,-1.0,-1.0,-1.0,-1.0,-1.0,-1.0,-1.0,-1.0,-1.0,-1.0,-1.0,-1.0,-1.0,-1.0,-1.0,-1.0,-1.0,-1.0,-1.0,-1.0,-1.0,-1.0,-1.0,-1.0,-1.0,-1.0,-1.0,-1.0,-1.0,-1.0,-1.0,-1.0,-1.0,-1.0,-1.0,-1.0,-1.0,-1.0,-1.0,-1.0,-1.0,-1.0,-1.0,-1.0,-1.0,-1.0,-1.0,-1.0,-1.0,-1.0,-1.0,-1.0,-1.0,-1.0,-1.0,-1.0,-1.0,-1.0,-1.0,-1.0,-1.0,-1.0,-1.0,-1.0,-1.0,-1.0,-1.0,-1.0,-1.0,-1.0,-1.0,-1.0,-1.0,-1.0,-1.0,-1.0,-1.0,-1.0,-1.0,-1.0,-1.0,-1.0,-1.0,-1.0,-1.0,-1.0,-1.0,-1.0,-1.0,-1.0,-1.0,-1.0,-1.0,-1.0,-1.0,-1.0,-1.0,-1.0,-1.0,-1.0,-1.0,-1.0,-1.0,-1.0,-1.0,-1.0,-1.0,-1.0,-1.0,-1.0,-1.0,-1.0,-1.0,-1.0,-1.0,-1.0,-1.0,-1.0,-1.0,-1.0,-1.0,-1.0,-1.0,-1.0,-1.0,-1.0,-1.0,-1.0,-1.0,-1.0,-1.0,-1.0,-1.0,-1.0,-1.0,-1.0,-1.0,-1.0,-1.0,-1.0,-1.0,-1.0,-1.0,-1.0,-1.0,-1.0,-1.0,-1.0,-1.0,-1.0,-1.0,-1.0,-1.0,-1.0,-1.0,-1.0,-1.0,-1.0,-1.0,-1.0,-1.0,-1.0,-1.0,-1.0,-1.0,-1.0,-1.0,-1.0,-1.0,-1.0,-1.0,-1.0,-1.0,-1.0,-1.0,-1.0,-1.0,-1.0,-1.0,-1.0,-1.0,-1.0,-1.0,-1.0,-1.0,-1.0,-1.0,-1.0,-1.0,-1.0,-1.0,-1.0,-1.0,-1.0,-1.0,-1.0,-1.0,-1.0,-1.0,-1.0,-1.0,-1.0,-1.0,-1.0,-1.0,-1.0,-1.0,-1.0,-1.0,-1.0,-1.0,-1.0,-1.0,-1.0,-1.0,-1.0,-1.0,-1.0,-1.0,-1.0,-1.0,-1.0,-1.0,-1.0,-1.0,-1.0,-1.0,1.0
-1.0,-1.0,-1.0,-1.0,-1.0,-1.0,-1.0,-1.0,-1.0,-1.0,-1.0,-1.0,-1.0,-1.0,-1.0,-1.0,-1.0,-1.0,-1.0,-1.0,-1.0,-1.0,-1.0,-1.0,-1.0,-1.0,-1.0,-1.0,-1.0,-1.0,-1.0,-1.0,-1.0,-1.0,-1.0,-1.0,-1.0,-1.0,-1.0,-1.0,-1.0,-1.0,-1.0,-1.0,-1.0,-1.0,-1.0,-1.0,-1.0,-1.0,-1.0,-1.0,-1.0,-1.0,-1.0,-1.0,-1.0,-1.0,-1.0,-1.0,-1.0,-1.0,-1.0,-1.0,-1.0,-1.0,-1.0,-1.0,-1.0,-1.0,-1.0,-1.0,-1.0,-1.0,-1.0,-1.0,-1.0,-1.0,-1.0,-1.0,-1.0,-1.0,-1.0,-1.0,-1.0,-1.0,-1.0,-1.0,-1.0,-1.0,-1.0,-1.0,-1.0,-1.0,-1.0,-1.0,-1.0,-1.0,-1.0,-1.0,-1.0,-1.0,-1.0,-1.0,-1.0,-1.0,-1.0,-1.0,-1.0,-1.0,-1.0,-1.0,-1.0,-1.0,-1.0,-1.0,-1.0,-1.0,-1.0,-1.0,-1.0,-1.0,-1.0,-1.0,-1.0,-1.0,-1.0,-1.0,-1.0,-1.0,-1.0,-1.0,-1.0,-1.0,-1.0,-1.0,-1.0,-1.0,-1.0,-1.0,-1.0,-1.0,-1.0,-1.0,-1.0,-1.0,-1.0,-1.0,-1.0,-1.0,-1.0,-1.0,-1.0,-1.0,-1.0,-1.0,-1.0,-1.0,-1.0,-1.0,-1.0,-1.0,-1.0,-1.0,-1.0,-1.0,-1.0,-1.0,-1.0,-1.0,-1.0,-1.0,-1.0,-1.0,-1.0,-1.0,-1.0,-1.0,-1.0,-1.0,-1.0,-1.0,-1.0,-1.0,-1.0,-1.0,-1.0,-1.0,-1.0,-1.0,-1.0,-1.0,-1.0,-1.0,-1.0,-1.0,-1.0,-1.0,-1.0,-1.0,-1.0,-1.0,-1.0,-1.0,-1.0,-1.0,-1.0,-1.0,-1.0,-1.0,-1.0,-1.0,-1.0,-1.0,-1.0,-1.0,-1.0,-1.0,-1.0,-1.0,-1.0,-1.0,-1.0,-1.0,-1.0,-1.0,-1.0,-1.0,-1.0,-1.0,-1.0,-1.0,-1.0,-1.0,-1.0,-1.0,-1.0,-1.0,-1.0,-1.0,-1.0,-1.0,-1.0,-1.0,-1.0,-1.0,-1.0,-1.0,-1.0,-1.0,-1.0,-1.0,-1.0,-1.0,-1.0,-1.0,-1.0,-1.0,-1.0,-1.0,-1.0,-1.0,-1.0,-1.0,-1.0,-1.0,-1.0,-1.0,-1.0,-1.0,-1.0,-1.0,-1.0,-1.0,-1.0,-1.0,-1.0,-1.0,-1.0,-1.0,-1.0,-1.0,-1.0,-1.0,-1.0,-1.0,-1.0,-1.0,-1.0,-1.0,-1.0,-1.0,-1.0,-1.0,-1.0,-1.0,-1.0,-1.0,-1.0,-1.0,-1.0,-1.0,-1.0,-1.0,-1.0,-1.0,-1.0,-1.0,-1.0,-1.0,-1.0,-1.0,-1.0,-1.0,-1.0,-1.0,-1.0,-1.0,-1.0,-1.0,-1.0,-1.0,-1.0,-1.0,-1.0,-1.0,-1.0,-1.0,-1.0,-1.0,-1.0,-1.0,-1.0,-1.0,-1.0,-1.0,-1.0,-1.0,-1.0,-1.0,-1.0,-1.0,-1.0,-1.0,-1.0,-1.0,-1.0,-1.0,-1.0,-1.0,-1.0,-1.0,-1.0,-1.0,-1.0,-1.0,-1.0,-1.0,-1.0,-1.0,-1.0,-1.0,-1.0,-1.0,-1.0,-1.0,-1.0,-1.0,-1.0,-1.0,-1.0,-1.0,-1.0,-1.0,-1.0,-1.0,-1.0,-1.0,-1.0,-1.0,-1.0,-1.0,-1.0,-1.0,-1.0,-1.0,-1.0,-1.0,-1.0,-1.0,-1.0,-1.0,-1.0,-1.0,-1.0,-1.0,-1.0,-1.0,-1.0,-1.0,-1.0,-1.0,-1.0,-1.0,-1.0,-1.0,-1.0,-1.0,-1.0,-1.0,-1.0,-1.0,-1.0,-1.0,-1.0,-1.0,-1.0,-1.0,-1.0,-1.0,-1.0,-1.0,-1.0,-1.0,-1.0,-1.0,-1.0,-1.0,-1.0,-1.0,-1.0,-1.0,-1.0,-1.0,-1.0,-1.0,-1.0,-1.0,-1.0,-1.0,-1.0,-1.0,-1.0,-1.0,-1.0,-1.0,-1.0,-1.0,-1.0,-1.0,-1.0,-1.0,-1.0,-1.0,-1.0,-1.0,-1.0,-1.0,-1.0,-1.0,-1.0,-1.0,-1.0,-1.0,-1.0,-1.0,-1.0,-1.0,-1.0,-1.0,-1.0,-1.0,-1.0,-1.0,-1.0,-1.0,-1.0,-1.0,-1.0,-1.0,-1.0,-1.0,-1.0,-1.0,-1.0,-1.0,-1.0,-1.0,-1.0,-1.0,-1.0,-1.0,-1.0,-1.0,-1.0,-1.0,-1.0,-1.0,-1.0,-1.0,-1.0,-1.0,-1.0,-1.0,-1.0,-1.0,-1.0,-1.0,-1.0,-1.0,-1.0,-1.0,-1.0,-1.0,-1.0,-1.0,-1.0,-1.0,-1.0,-1.0,-1.0,-1.0,-1.0,-1.0,-1.0,-1.0,-1.0,-1.0,-1.0,-1.0,-1.0,-1.0,-1.0,-1.0,-1.0,-1.0,-1.0,-1.0,-1.0,-1.0,-1.0,-1.0,-1.0,-1.0,-1.0,-1.0,-1.0,-1.0,-1.0,-1.0,-1.0,-1.0,-1.0,-1.0,-1.0,-1.0,-1.0,-1.0,-1.0,-1.0,-1.0,-1.0,-1.0,-1.0,-1.0,-1.0,-1.0,-1.0,-1.0,-1.0,-1.0,-1.0,-1.0,-1.0,-1.0,-1.0,-1.0,-1.0,-1.0,-1.0,-1.0,-1.0,-1.0,-1.0,-1.0,-1.0,-1.0,-1.0,-1.0,-1.0,-1.0,-1.0,-1.0,-1.0,-1.0,-1.0,-1.0,-1.0,-1.0,-1.0,-1.0,-1.0,-1.0,-1.0,-1.0,-1.0,-1.0,-1.0,-1.0,-1.0,-1.0,-1.0,-1.0,-1.0,-1.0,-1.0,-1.0,-1.0,-1.0,-1.0,-1.0,-1.0,-1.0,-1.0,-1.0,-1.0,-1.0,-1.0,-1.0,-1.0,-1.0,-1.0,-1.0,-1.0,-1.0,-1.0,-1.0,-1.0,-1.0,-1.0,-1.0,-1.0,-1.0,-1.0,-1.0,-1.0,-1.0,-1.0,-1.0,-1.0,-1.0,-1.0,-1.0,-1.0,-1.0,-1.0,-1.0,-1.0,-1.0,-1.0,-1.0,-1.0,-1.0,-1.0,-1.0,-1.0,-1.0,-1.0,-1.0,-1.0,-1.0,-1.0,-1.0,-1.0,-1.0,-1.0,-1.0,-1.0,-1.0,-1.0,-1.0,-1.0,-1.0,-1.0,-1.0,-1.0,-1.0,-1.0,-1.0,-1.0,-1.0,-1.0,-1.0,-1.0,-1.0,-1.0,-1.0,-1.0,-1.0,-1.0,-1.0,-1.0,-1.0,-1.0,-1.0,-1.0,-1.0,-1.0,-1.0,-1.0,-1.0,-1.0,-1.0,-1.0,-1.0,-1.0,-1.0,-1.0,-1.0,-1.0,-1.0
-1.0,-1.0,1.0,1.0,1.0,1.0,1.0,1.0,1.0,1.0,-1.0,-1.0,-1.0,-1.0,-1.0,-1.0,-1.0,-1.0,1.0,-1.0,-1.0,-1.0,-1.0,-1.0,-1.0,-1.0,-1.0,-1.0,-1.0,-1.0,-1.0,-1.0,-1.0,-1.0,-1.0,-1.0,-1.0,-1.0,-1.0,-1.0,-1.0,-1.0,-1.0,-1.0,-1.0,-1.0,-1.0,-1.0,-1.0,-1.0,-1.0,-1.0,-1.0,-1.0,-1.0,-1.0,-1.0,-1.0,-1.0,-1.0,-1.0,-1.0,-1.0,-1.0,-1.0,-1.0,-1.0,-1.0,-1.0,-1.0,-1.0,-1.0,-1.0,-1.0,-1.0,-1.0,-1.0,-1.0,-1.0,-1.0,-1.0,-1.0,-1.0,1.0,1.0,-1.0,-1.0,-1.0,-1.0,-1.0,-1.0,-1.0,-1.0,-1.0,-1.0,-1.0,-1.0,-1.0,-1.0,-1.0,-1.0,-1.0,-1.0,-1.0,-1.0,-1.0,-1.0,-1.0,-1.0,-1.0,-1.0,-1.0,-1.0,-1.0,-1.0,-1.0,-1.0,-1.0,-1.0,-1.0,-1.0,-1.0,-1.0,1.0,1.0,1.0,1.0,1.0,1.0,1.0,1.0,-1.0,-1.0,-1.0,-1.0,1.0,1.0,1.0,1.0,1.0,-1.0,-1.0,-1.0,-1.0,-1.0,-1.0,-1.0,-1.0,-1.0,-1.0,-1.0,-1.0,-1.0,-1.0,-1.0,-1.0,-1.0,-1.0,-1.0,-1.0,-1.0,-1.0,-1.0,-1.0,-1.0,-1.0,-1.0,-1.0,1.0,1.0,-1.0,-1.0,-1.0,1.0,1.0,1.0,1.0,-1.0,-1.0,-1.0,1.0,1.0,1.0,1.0,1.0,-1.0,-1.0,-1.0,1.0,1.0,1.0,1.0,-1.0,-1.0,-1.0,1.0,1.0,1.0,1.0,-1.0,-1.0,-1.0,1.0,1.0,1.0,1.0,-1.0,-1.0,-1.0,1.0,-1.0,-1.0,-1.0,-1.0,1.0,1.0,-1.0,-1.0,-1.0,1.0,1.0,1.0,1.0,1.0,-1.0,-1.0,-1.0,1.0,-1.0,-1.0,-1.0,-1.0,-1.0,-1.0,-1.0,-1.0,1.0,1.0,-1.0,-1.0,-1.0,1.0,1.0,1.0,-1.0,-1.0,1.0,1.0,-1.0,-1.0,-1.0,1.0,1.0,1.0,1.0,-1.0,-1.0,-1.0,1.0,-1.0,-1.0,-1.0,-1.0,1.0,1.0,-1.0,-1.0,-1.0,1.0,-1.0,-1.0,-1.0,-1.0,-1.0,1.0,1.0,1.0,-1.0,-1.0,-1.0,1.0,1.0,1.0,1.0,1.0,-1.0,-1.0,1.0,1.0,-1.0,-1.0,-1.0,1.0,1.0,1.0,-1.0,-1.0,-1.0,1.0,1.0,1.0,1.0,-1.0,-1.0,-1.0,-1.0,-1.0,-1.0,1.0,1.0,-1.0,-1.0,1.0,1.0,-1.0,-1.0,-1.0,1.0,1.0,1.0,1.0,1.0,-1.0,-1.0,-1.0,1.0,1.0,-1.0,-1.0,-1.0,1.0,1.0,1.0,-1.0,-1.0,-1.0,1.0,1.0,1.0,1.0,1.0,-1.0,-1.0,-1.0,-1.0,-1.0,-1.0,-1.0,-1.0,-1.0,-1.0,-1.0,1.0,1.0,-1.0,-1.0,-1.0,1.0,1.0,-1.0,-1.0,-1.0,-1.0,-1.0,-1.0,1.0,1.0,-1.0,-1.0,-1.0,1.0,1.0,1.0,1.0,1.0,1.0,-1.0,-1.0,-1.0,1.0,1.0,1.0,-1.0,-1.0,-1.0,1.0,1.0,1.0,1.0,1.0,1.0,-1.0,-1.0,-1.0,1.0,1.0,1.0,1.0,-1.0,-1.0,-1.0,1.0,-1.0,-1.0,-1.0,-1.0,-1.0,-1.0,-1.0,-1.0,-1.0,1.0,1.0,-1.0,-1.0,-1.0,1.0,1.0,1.0,1.0,-1.0,-1.0,-1.0,1.0,1.0,1.0,1.0,1.0,-1.0,-1.0,-1.0,1.0,-1.0,-1.0,-1.0,-1.0,-1.0,-1.0,1.0,1.0,-1.0,-1.0,-1.0,1.0,1.0,1.0,1.0,1.0,1.0,-1.0,-1.0,-1.0,1.0,1.0,1.0,-1.0,-1.0,-1.0,1.0,1.0,1.0,1.0,1.0,-1.0,-1.0,-1.0,1.0,-1.0,-1.0,-1.0,-1.0,-1.0,1.0,1.0,-1.0,-1.0,-1.0,1.0,1.0,1.0,1.0,1.0,-1.0,-1.0,-1.0,1.0,-1.0,-1.0,-1.0,-1.0,-1.0,-1.0,1.0,1.0,-1.0,-1.0,-1.0,1.0,1.0,-1.0,-1.0,-1.0,-1.0,-1.0,1.0,1.0,1.0,-1.0,-1.0,-1.0,1.0,1.0,1.0,1.0,1.0,-1.0,-1.0,-1.0,1.0,1.0,1.0,-1.0,-1.0,-1.0,1.0,-1.0,-1.0,-1.0,-1.0,-1.0,-1.0,1.0,1.0,-1.0,-1.0,-1.0,1.0,1.0,-1.0,-1.0,-1.0,1.0,1.0,-1.0,-1.0,-1.0,1.0,-1.0,-1.0,-1.0,-1.0,-1.0,-1.0,-1.0,-1.0,1.0,1.0,-1.0,-1.0,-1.0,1.0,1.0,1.0,-1.0,-1.0,1.0,1.0,-1.0,-1.0,-1.0,1.0,1.0,1.0,-1.0,-1.0,-1.0,1.0,1.0,1.0,1.0,-1.0,-1.0,-1.0,1.0,1.0,1.0,1.0,-1.0,-1.0,-1.0,1.0,1.0,1.0,1.0,1.0,1.0,-1.0,-1.0,-1.0,1.0,1.0,1.0,1.0,-1.0,-1.0,-1.0,1.0,-1.0,-1.0,-1.0,-1.0,1.0,1.0,-1.0,-1.0,-1.0,1.0,1.0,1.0,1.0,1.0,1.0,-1.0,-1.0,-1.0,1.0,1.0,-1.0,-1.0,-1.0,-1.0,1.0,1.0,1.0,-1.0,-1.0,-1.0,1.0,1.0,1.0,-1.0,-1.0,-1.0,1.0,1.0,1.0,1.0,1.0,1.0,1.0,1.0,1.0,1.0,1.0,1.0,1.0,1.0,1.0,1.0,1.0,1.0,1.0,1.0,1.0,1.0,1.0,1.0,1.0,-1.0,-1.0,-1.0,-1.0,-1.0,-1.0,-1.0,-1.0,-1.0,1.0,-1.0,-1.0,-1.0,1.0,1.0,1.0,1.0,1.0,1.0,1.0,1.0,1.0,1.0,1.0,1.0,1.0,1.0,1.0,1.0,-1.0,-1.0,-1.0,-1.0,-1.0,-1.0,-1.0,-1.0,-1.0,-1.0,-1.0,-1.0,-1.0,-1.0,-1.0,-1.0,-1.0,1.0,1.0,1.0,1.0,1.0,1.0,-1.0
-1.0,-1.0,-1.0,-1.0,-1.0,-1.0,-1.0,-1.0,-1.0,-1.0,-1.0,-1.0,-1.0,-1.0,-1.0,-1.0,-1.0,-1.0,-1.0,-1.0,-1.0,-1.0,-1.0,-1.0,-1.0,-1.0,-1.0,-1.0,-1.0,-1.0,-1.0,-1.0,-1.0,-1.0,-1.0,-1.0,-1.0,-1.0,-1.0,-1.0,-1.0,-1.0,-1.0,-1.0,-1.0,-1.0,-1.0,-1.0,-1.0,-1.0,-1.0,-1.0,-1.0,-1.0,-1.0,-1.0,-1.0,-1.0,-1.0,-1.0,-1.0,-1.0,-1.0,-1.0,-1.0,-1.0,-1.0,-1.0,-1.0,-1.0,-1.0,-1.0,-1.0,-1.0,-1.0,-1.0,-1.0,-1.0,-1.0,-1.0,-1.0,-1.0,-1.0,-1.0,-1.0,-1.0,-1.0,-1.0,-1.0,-1.0,-1.0,-1.0,-1.0,-1.0,-1.0,-1.0,-1.0,-1.0,-1.0,-1.0,-1.0,-1.0,-1.0,-1.0,-1.0,-1.0,-1.0,-1.0,-1.0,-1.0,-1.0,-1.0,-1.0,-1.0,-1.0,-1.0,-1.0,-1.0,-1.0,-1.0,-1.0,-1.0,-1.0,-1.0,-1.0,-1.0,-1.0,-1.0,-1.0,-1.0,-1.0,-1.0,-1.0,-1.0,-1.0,-1.0,-1.0,-1.0,-1.0,-1.0,-1.0,-1.0,-1.0,-1.0,-1.0,-1.0,-1.0,-1.0,-1.0,-1.0,-1.0,-1.0,-1.0,-1.0,-1.0,-1.0,-1.0,-1.0,-1.0,-1.0,-1.0,-1.0,-1.0,-1.0,-1.0,-1.0,-1.0,-1.0,-1.0,-1.0,-1.0,-1.0,1.0,1.0,1.0,-1.0,-1.0,-1.0,-1.0,1.0,-1.0,-1.0,-1.0,-1.0,-1.0,-1.0,-1.0,1.0,-1.0,-1.0,-1.0,-1.0,-1.0,-1.0,1.0,-1.0,-1.0,-1.0,-1.0,-1.0,-1.0,1.0,-1.0,-1.0,-1.0,-1.0,-1.0,-1.0,1.0,-1.0,-1.0,-1.0,-1.0,-1.0,-1.0,-1.0,-1.0,-1.0,1.0,-1.0,-1.0,-1.0,-1.0,-1.0,-1.0,-1.0,1.0,-1.0,-1.0,-1.0,1.0,1.0,1.0,1.0,1.0,-1.0,-1.0,-1.0,-1.0,-1.0,1.0,-1.0,-1.0,-1.0,1.0,1.0,-1.0,-1.0,-1.0,-1.0,1.0,-1.0,-1.0,-1.0,-1.0,-1.0,-1.0,1.0,-1.0,-1.0,-1.0,-1.0,-1.0,-1.0,-1.0,-1.0,-1.0,1.0,-1.0,-1.0,-1.0,1.0,1.0,-1.0,-1.0,-1.0,-1.0,-1.0,-1.0,1.0,-1.0,-1.0,-1.0,-1.0,-1.0,1.0,1.0,-1.0,-1.0,-1.0,-1.0,1.0,-1.0,-1.0,-1.0,-1.0,-1.0,1.0,-1.0,-1.0,-1.0,-1.0,-1.0,-1.0,1.0,1.0,1.0,1.0,-1.0,-1.0,1.0,1.0,-1.0,-1.0,-1.0,-1.0,1.0,-1.0,-1.0,-1.0,-1.0,-1.0,-1.0,-1.0,1.0,-1.0,-1.0,1.0,1.0,1.0,-1.0,-1.0,-1.0,-1.0,-1.0,1.0,-1.0,-1.0,-1.0,-1.0,-1.0,-1.0,-1.0,1.0,1.0,1.0,1.0,-1.0,-1.0,1.0,1.0,-1.0,-1.0,-1.0,-1.0,-1.0,1.0,-1.0,-1.0,-1.0,-1.0,1.0,1.0,1.0,-1.0,-1.0,-1.0,-1.0,-1.0,1.0,-1.0,1.0,1.0,1.0,-1.0,-1.0,-1.0,-1.0,1.0,-1.0,-1.0,-1.0,-1.0,-1.0,1.0,-1.0,1.0,1.0,1.0,-1.0,-1.0,-1.0,-1.0,1.0,-1.0,-1.0,-1.0,-1.0,-1.0,-1.0,1.0,-1.0,-1.0,-1.0,1.0,1.0,1.0,1.0,1.0,1.0,-1.0,-1.0,-1.0,-1.0,-1.0,1.0,-1.0,-1.0,-1.0,-1.0,-1.0,-1.0,1.0,-1.0,-1.0,-1.0,-1.0,-1.0,-1.0,-1.0,1.0,-1.0,-1.0,-1.0,1.0,1.0,1.0,-1.0,-1.0,-1.0,-1.0,-1.0,1.0,-1.0,1.0,1.0,1.0,-1.0,-1.0,-1.0,-1.0,1.0,-1.0,-1.0,-1.0,-1.0,-1.0,1.0,-1.0,-1.0,-1.0,-1.0,-1.0,-1.0,-1.0,1.0,-1.0,-1.0,-1.0,1.0,1.0,-1.0,-1.0,-1.0,-1.0,-1.0,1.0,-1.0,-1.0,-1.0,-1.0,-1.0,-1.0,-1.0,1.0,-1.0,-1.0,-1.0,1.0,1.0,1.0,-1.0,-1.0,-1.0,-1.0,-1.0,1.0,-1.0,-1.0,1.0,1.0,1.0,1.0,1.0,-1.0,-1.0,-1.0,-1.0,-1.0,1.0,-1.0,-1.0,-1.0,-1.0,-1.0,-1.0,-1.0,1.0,-1.0,-1.0,-1.0,-1.0,-1.0,1.0,-1.0,-1.0,-1.0,1.0,1.0,1.0,-1.0,-1.0,-1.0,-1.0,-1.0,1.0,-1.0,-1.0,1.0,1.0,1.0,-1.0,-1.0,-1.0,-1.0,1.0,-1.0,-1.0,-1.0,1.0,1.0,1.0,1.0,1.0,-1.0,-1.0,-1.0,-1.0,-1.0,1.0,-1.0,-1.0,-1.0,1.0,1.0,-1.0,-1.0,-1.0,-1.0,1.0,-1.0,-1.0,-1.0,-1.0,-1.0,1.0,-1.0,-1.0,-1.0,-1.0,-1.0,-1.0,1.0,-1.0,-1.0,-1.0,-1.0,-1.0,-1.0,1.0,-1.0,-1.0,-1.0,-1.0,-1.0,-1.0,-1.0,-1.0,1.0,-1.0,-1.0,-1.0,-1.0,-1.0,-1.0,1.0,-1.0,-1.0,-1.0,-1.0,-1.0,-1.0,-1.0,-1.0,-1.0,1.0,-1.0,-1.0,-1.0,-1.0,-1.0,-1.0,-1.0,-1.0,1.0,-1.0,-1.0,1.0,1.0,1.0,1.0,-1.0,-1.0,-1.0,-1.0,-1.0,1.0,-1.0,-1.0,-1.0,-1.0,-1.0,1.0,-1.0,-1.0,-1.0,-1.0,-1.0,-1.0,-1.0,-1.0,-1.0,-1.0,-1.0,-1.0,-1.0,-1.0,-1.0,-1.0,-1.0,-1.0,-1.0,-1.0,-1.0,-1.0,-1.0,-1.0,-1.0,-1.0,-1.0,-1.0,-1.0,-1.0,-1.0,-1.0,-1.0,-1.0,-1.0,-1.0,-1.0,-1.0,-1.0,-1.0,-1.0,-1.0,-1.0,-1.0,-1.0,-1.0,-1.0,-1.0,-1.0,-1.0,-1.0,-1.0,-1.0,-1.0,-1.0,-1.0,-1.0,-1.0,-1.0,-1.0,-1.0,-1.0,-1.0,-1.0,-1.0,-1.0,-1.0,-1.0,-1.0,-1.0,-1.0,-1.0,-1.0,-1.0,-1.0,-1.0,-1.0,-1.0
-1.0,-1.0,-1.0,-1.0,-1.0,-1.0,-1.0,-1.0,-1.0,-1.0,-1.0,-1.0,-1.0,-1.0,-1.0,-1.0,-1.0,-1.0,-1.0,-1.0,-1.0,-1.0,-1.0,-1.0,-1.0,-1.0,-1.0,-1.0,-1.0,-1.0,-1.0,-1.0,-1.0,-1.0,-1.0,-1.0,-1.0,-1.0,-1.0,-1.0,-1.0,-1.0,-1.0,-1.0,-1.0,-1.0,-1.0,-1.0,-1.0,-1.0,-1.0,-1.0,-1.0,-1.0,-1.0,-1.0,-1.0,-1.0,-1.0,-1.0,-1.0,-1.0,-1.0,-1.0,-1.0,-1.0,-1.0,-1.0,-1.0,-1.0,-1.0,-1.0,-1.0,-1.0,-1.0,-1.0,-1.0,-1.0,-1.0,-1.0,-1.0,-1.0,-1.0,-1.0,-1.0,-1.0,-1.0,-1.0,-1.0,-1.0,-1.0,-1.0,-1.0,-1.0,-1.0,-1.0,-1.0,-1.0,-1.0,-1.0,-1.0,-1.0,-1.0,-1.0,-1.0,-1.0,-1.0,-1.0,-1.0,-1.0,-1.0,-1.0,-1.0,-1.0,-1.0,-1.0,-1.0,-1.0,-1.0,-1.0,-1.0,-1.0,-1.0,-1.0,-1.0,-1.0,-1.0,-1.0,-1.0,-1.0,-1.0,-1.0,-1.0,-1.0,-1.0,-1.0,-1.0,-1.0,-1.0,-1.0,-1.0,-1.0,-1.0,-1.0,-1.0,-1.0,-1.0,-1.0,-1.0,-1.0,-1.0,-1.0,-1.0,-1.0,-1.0,-1.0,-1.0,-1.0,-1.0,-1.0,-1.0,-1.0,-1.0,-1.0,-1.0,-1.0,-1.0,-1.0,-1.0,-1.0,-1.0,-1.0,-1.0,-1.0,-1.0,-1.0,-1.0,-1.0,-1.0,-1.0,-1.0,-1.0,-1.0,-1.0,-1.0,-1.0,-1.0,-1.0,-1.0,-1.0,-1.0,-1.0,-1.0,-1.0,-1.0,-1.0,-1.0,-1.0,-1.0,-1.0,-1.0,-1.0,-1.0,-1.0,-1.0,-1.0,-1.0,-1.0,-1.0,-1.0,-1.0,-1.0,-1.0,-1.0,-1.0,-1.0,-1.0,-1.0,-1.0,-1.0,-1.0,-1.0,-1.0,-1.0,-1.0,-1.0,-1.0,-1.0,-1.0,-1.0,-1.0,-1.0,-1.0,-1.0,-1.0,-1.0,-1.0,-1.0,-1.0,-1.0,-1.0,-1.0,-1.0,-1.0,-1.0,-1.0,-1.0,-1.0,-1.0,-1.0,-1.0,-1.0,-1.0,-1.0,-1.0,-1.0,-1.0,-1.0,-1.0,-1.0,-1.0,-1.0,-1.0,-1.0,-1.0,-1.0,-1.0,-1.0,-1.0,-1.0,-1.0,-1.0,-1.0,-1.0,-1.0,-1.0,-1.0,-1.0,-1.0,-1.0,-1.0,-1.0,-1.0,-1.0,-1.0,-1.0,-1.0,-1.0,-1.0,-1.0,-1.0,-1.0,-1.0,-1.0,-1.0,-1.0,-1.0,-1.0,-1.0,-1.0,-1.0,-1.0,-1.0,-1.0,-1.0,-1.0,-1.0,-1.0,-1.0,-1.0,-1.0,-1.0,-1.0,-1.0,-1.0,-1.0,-1.0,-1.0,-1.0,-1.0,-1.0,-1.0,-1.0,-1.0,-1.0,-1.0,-1.0,-1.0,-1.0,-1.0,-1.0,-1.0,-1.0,-1.0,-1.0,-1.0,-1.0,-1.0,-1.0,-1.0,-1.0,-1.0,-1.0,-1.0,-1.0,-1.0,-1.0,-1.0,-1.0,-1.0,-1.0,-1.0,-1.0,-1.0,-1.0,-1.0,-1.0,-1.0,-1.0,-1.0,-1.0,-1.0,-1.0,-1.0,-1.0,-1.0,-1.0,-1.0,-1.0,-1.0,-1.0,-1.0,-1.0,-1.0,-1.0,-1.0,-1.0,-1.0,-1.0,-1.0,-1.0,-1.0,-1.0,-1.0,-1.0,-1.0,-1.0,-1.0,-1.0,-1.0,-1.0,-1.0,-1.0,-1.0,-1.0,-1.0,-1.0,-1.0,-1.0,-1.0,-1.0,-1.0,-1.0,-1.0,-1.0,-1.0,-1.0,-1.0,-1.0,-1.0,-1.0,-1.0,-1.0,-1.0,-1.0,-1.0,-1.0,-1.0,-1.0,-1.0,-1.0,-1.0,-1.0,-1.0,-1.0,-1.0,-1.0,-1.0,-1.0,-1.0,-1.0,-1.0,-1.0,-1.0,-1.0,-1.0,-1.0,-1.0,-1.0,-1.0,-1.0,-1.0,-1.0,-1.0,-1.0,-1.0,-1.0,-1.0,-1.0,-1.0,-1.0,-1.0,-1.0,-1.0,-1.0,-1.0,-1.0,-1.0,-1.0,-1.0,-1.0,-1.0,-1.0,-1.0,-1.0,-1.0,-1.0,-1.0,-1.0,-1.0,-1.0,-1.0,-1.0,-1.0,-1.0,-1.0,-1.0,-1.0,-1.0,-1.0,-1.0,-1.0,-1.0,-1.0,-1.0,-1.0,-1.0,-1.0,-1.0,-1.0,-1.0,-1.0,-1.0,-1.0,-1.0,-1.0,-1.0,-1.0,-1.0,-1.0,-1.0,-1.0,-1.0,-1.0,-1.0,-1.0,-1.0,-1.0,-1.0,-1.0,-1.0,-1.0,-1.0,-1.0,-1.0,-1.0,-1.0,-1.0,-1.0,-1.0,-1.0,-1.0,-1.0,-1.0,-1.0,-1.0,-1.0,-1.0,-1.0,-1.0,-1.0,-1.0,-1.0,-1.0,-1.0,-1.0,-1.0,-1.0,-1.0,-1.0,-1.0,-1.0,-1.0,-1.0,-1.0,-1.0,-1.0,-1.0,-1.0,-1.0,-1.0,-1.0,-1.0,-1.0,-1.0,-1.0,-1.0,-1.0,-1.0,-1.0,-1.0,-1.0,-1.0,-1.0,-1.0,-1.0,-1.0,-1.0,-1.0,-1.0,-1.0,-1.0,-1.0,-1.0,-1.0,-1.0,-1.0,-1.0,-1.0,-1.0,-1.0,-1.0,-1.0,-1.0,-1.0,-1.0,-1.0,-1.0,-1.0,-1.0,-1.0,-1.0,-1.0,-1.0,-1.0,-1.0,-1.0,-1.0,-1.0,-1.0,-1.0,-1.0,-1.0,-1.0,-1.0,-1.0,-1.0,-1.0,-1.0,-1.0,-1.0,-1.0,-1.0,-1.0,-1.0,-1.0,-1.0,-1.0,-1.0,-1.0,-1.0,-1.0,-1.0,-1.0,-1.0,-1.0,-1.0,-1.0,-1.0,-1.0,-1.0,-1.0,-1.0,-1.0,-1.0,-1.0,-1.0,-1.0,-1.0,-1.0,-1.0,-1.0,-1.0,-1.0,-1.0,-1.0,-1.0,-1.0,-1.0,-1.0,-1.0,-1.0,-1.0,-1.0,-1.0,-1.0,-1.0,-1.0,-1.0,-1.0,-1.0,-1.0,-1.0,-1.0,-1.0,-1.0,-1.0,-1.0,-1.0,-1.0,-1.0,-1.0,-1.0,-1.0,-1.0,-1.0,-1.0,-1.0,-1.0,-1.0,-1.0,-1.0,-1.0,-1.0,-1.0,-1.0,-1.0,-1.0,-1.0,-1.0,-1.0,-1.0,-1.0,-1.0,-1.0,-1.0,-1.0,-1.0,-1.0,-1.0,-1.0,-1.0,-1.0,-1.0,-1.0,-1.0,-1.0,-1.0,-1.0,-1.0,-1.0,-1.0,-1.0,-1.0,-1.0,-1.0,-1.0,-1.0,-1.0,-1.0,-1.0
-1.0,-1.0,-1.0,-1.0,-1.0,-1.0,-1.0,-1.0,-1.0,-1.0,-1.0,-1.0,-1.0,-1.0,-1.0,-1.0,-1.0,-1.0,-1.0,-1.0,-1.0,-1.0,-1.0,-1.0,-1.0,-1.0,-1.0,-1.0,-1.0,-1.0,-1.0,-1.0,-1.0,-1.0,-1.0,-1.0,-1.0,-1.0,-1.0,-1.0,-1.0,-1.0,-1.0,-1.0,-1.0,-1.0,-1.0,-1.0,-1.0,-1.0,-1.0,-1.0,-1.0,-1.0,-1.0,-1.0,-1.0,-1.0,-1.0,-1.0,-1.0,-1.0,-1.0,-1.0,-1.0,-1.0,-1.0,-1.0,-1.0,-1.0,-1.0,-1.0,-1.0,-1.0,-1.0,-1.0,-1.0,-1.0,-1.0,-1.0,-1.0,-1.0,-1.0,-1.0,-1.0,-1.0,-1.0,-1.0,-1.0,-1.0,-1.0,-1.0,-1.0,-1.0,-1.0,-1.0,-1.0,-1.0,-1.0,-1.0,-1.0,-1.0,-1.0,-1.0,-1.0,-1.0,-1.0,-1.0,-1.0,-1.0,-1.0,-1.0,-1.0,-1.0,-1.0,-1.0,-1.0,-1.0,-1.0,-1.0,-1.0,-1.0,-1.0,-1.0,-1.0,-1.0,-1.0,-1.0,-1.0,-1.0,-1.0,-1.0,-1.0,-1.0,-1.0,-1.0,-1.0,-1.0,-1.0,-1.0,-1.0,-1.0,-1.0,-1.0,-1.0,-1.0,-1.0,-1.0,-1.0,-1.0,-1.0,-1.0,-1.0,-1.0,-1.0,-1.0,-1.0,-1.0,-1.0,-1.0,-1.0,-1.0,-1.0,-1.0,-1.0,-1.0,-1.0,-1.0,-1.0,-1.0,-1.0,-1.0,-1.0,-1.0,-1.0,-1.0,-1.0,-1.0,-1.0,-1.0,-1.0,-1.0,-1.0,-1.0,-1.0,-1.0,-1.0,-1.0,-1.0,-1.0,-1.0,-1.0,-1.0,-1.0,-1.0,-1.0,-1.0,-1.0,-1.0,-1.0,-1.0,-1.0,-1.0,-1.0,-1.0,-1.0,-1.0,-1.0,-1.0,-1.0,-1.0,-1.0,-1.0,-1.0,-1.0,-1.0,-1.0,-1.0,-1.0,-1.0,-1.0,-1.0,-1.0,-1.0,-1.0,-1.0,-1.0,-1.0,-1.0,-1.0,-1.0,-1.0,-1.0,-1.0,-1.0,-1.0,-1.0,-1.0,-1.0,-1.0,-1.0,-1.0,-1.0,-1.0,-1.0,-1.0,-1.0,-1.0,-1.0,-1.0,-1.0,-1.0,-1.0,-1.0,-1.0,-1.0,-1.0,-1.0,-1.0,-1.0,-1.0,-1.0,-1.0,-1.0,-1.0,-1.0,-1.0,-1.0,-1.0,-1.0,-1.0,-1.0,-1.0,-1.0,-1.0,-1.0,-1.0,-1.0,-1.0,-1.0,-1.0,-1.0,-1.0,-1.0,-1.0,-1.0,-1.0,-1.0,-1.0,-1.0,-1.0,-1.0,-1.0,-1.0,-1.0,-1.0,-1.0,-1.0,-1.0,-1.0,-1.0,-1.0,-1.0,-1.0,-1.0,-1.0,-1.0,-1.0,-1.0,-1.0,-1.0,-1.0,-1.0,-1.0,-1.0,-1.0,-1.0,-1.0,-1.0,-1.0,-1.0,-1.0,-1.0,-1.0,-1.0,-1.0,-1.0,-1.0,-1.0,-1.0,-1.0,-1.0,-1.0,-1.0,-1.0,-1.0,-1.0,-1.0,-1.0,-1.0,-1.0,-1.0,-1.0,-1.0,-1.0,-1.0,-1.0,-1.0,-1.0,-1.0,-1.0,-1.0,-1.0,-1.0,-1.0,-1.0,-1.0,-1.0,-1.0,-1.0,-1.0,-1.0,-1.0,-1.0,-1.0,-1.0,-1.0,-1.0,-1.0,-1.0,-1.0,-1.0,-1.0,-1.0,-1.0,-1.0,-1.0,-1.0,-1.0,-1.0,-1.0,-1.0,-1.0,-1.0,-1.0,-1.0,-1.0,-1.0,-1.0,-1.0,-1.0,-1.0,-1.0,-1.0,-1.0,-1.0,-1.0,-1.0,-1.0,-1.0,-1.0,-1.0,-1.0,-1.0,-1.0,-1.0,-1.0,-1.0,-1.0,-1.0,-1.0,-1.0,-1.0,-1.0,-1.0,-1.0,-1.0,-1.0,-1.0,-1.0,-1.0,-1.0,-1.0,-1.0,-1.0,-1.0,-1.0,-1.0,-1.0,-1.0,-1.0,-1.0,-1.0,-1.0,-1.0,-1.0,-1.0,-1.0,-1.0,-1.0,-1.0,-1.0,-1.0,-1.0,-1.0,-1.0,-1.0,-1.0,-1.0,-1.0,-1.0,-1.0,-1.0,-1.0,-1.0,-1.0,-1.0,-1.0,-1.0,-1.0,-1.0,-1.0,-1.0,-1.0,-1.0,-1.0,-1.0,-1.0,-1.0,-1.0,-1.0,-1.0,-1.0,-1.0,-1.0,-1.0,-1.0,-1.0,-1.0,-1.0,-1.0,-1.0,-1.0,-1.0,-1.0,-1.0,-1.0,-1.0,-1.0,-1.0,-1.0,-1.0,-1.0,-1.0,-1.0,-1.0,-1.0,-1.0,-1.0,-1.0,-1.0,-1.0,-1.0,-1.0,-1.0,-1.0,-1.0,-1.0,-1.0,-1.0,-1.0,-1.0,-1.0,-1.0,-1.0,-1.0,-1.0,-1.0,-1.0,-1.0,-1.0,-1.0,-1.0,-1.0,-1.0,-1.0,-1.0,-1.0,-1.0,-1.0,-1.0,-1.0,-1.0,-1.0,-1.0,-1.0,-1.0,-1.0,-1.0,-1.0,-1.0,-1.0,-1.0,-1.0,-1.0,-1.0,-1.0,-1.0,-1.0,-1.0,-1.0,-1.0,-1.0,-1.0,-1.0,-1.0,-1.0,-1.0,-1.0,-1.0,-1.0,-1.0,-1.0,-1.0,-1.0,-1.0,-1.0,-1.0,-1.0,-1.0,-1.0,-1.0,-1.0,-1.0,-1.0,-1.0,-1.0,-1.0,-1.0,-1.0,-1.0,-1.0,-1.0,-1.0,-1.0,-1.0,-1.0,-1.0,-1.0,-1.0,-1.0,-1.0,-1.0,-1.0,-1.0,-1.0,-1.0,-1.0,-1.0,-1.0,-1.0,-1.0,-1.0,-1.0,-1.0,-1.0,-1.0,-1.0,-1.0,-1.0,-1.0,-1.0,-1.0,-1.0,-1.0,-1.0,-1.0,-1.0,-1.0,-1.0,-1.0,-1.0,-1.0,-1.0,-1.0,-1.0,-1.0,-1.0,-1.0,-1.0,-1.0,-1.0,-1.0,-1.0,-1.0,-1.0,-1.0,-1.0,-1.0,-1.0,-1.0,-1.0,-1.0,-1.0,-1.0,-1.0,-1.0,-1.0,-1.0,-1.0,-1.0,-1.0,-1.0,-1.0,-1.0,-1.0,-1.0,-1.0,-1.0,-1.0,-1.0,-1.0,-1.0,-1.0,-1.0,-1.0,-1.0,-1.0,-1.0,-1.0,-1.0,-1.0,-1.0,-1.0,-1.0,-1.0,-1.0,-1.0,-1.0,-1.0,-1.0,-1.0,-1.0,-1.0,-1.0,-1.0,-1.0,-1.0,-1.0,-1.0,-1.0,-1.0,-1.0,-1.0,-1.0,-1.0,-1.0,-1.0,-1.0,-1.0,-1.0,-1.0,-1.0,-1.0,-1.0,-1.0,-1.0,-1.0,-1.0,-1.0,-1.0,-1.0,-1.0,-1.0,-1.0,-1.0,-1.0,-1.0,-1.0,-1.0,-1.0
1.0,-1.0,-1.0,-1.0,-1.0,-1.0,-1.0,-1.0,-1.0,-1.0,-1.0,-1.0,-1.0,-1.0,-1.0,-1.0,-1.0,-1.0,-1.0,-1.0,-1.0,-1.0,-1.0,-1.0,-1.0,-1.0,-1.0,-1.0,-1.0,-1.0,-1.0,-1.0,-1.0,-1.0,-1.0,-1.0,-1.0,-1.0,-1.0,-1.0,-1.0,-1.0,-1.0,-1.0,-1.0,-1.0,-1.0,-1.0,-1.0,-1.0,-1.0,-1.0,-1.0,-1.0,-1.0,-1.0,-1.0,-1.0,-1.0,-1.0,-1.0,-1.0,-1.0,-1.0,-1.0,-1.0,-1.0,-1.0,-1.0,-1.0,-1.0,-1.0,-1.0,-1.0,-1.0,-1.0,-1.0,-1.0,-1.0,-1.0,-1.0,-1.0,-1.0,-1.0,-1.0,-1.0,-1.0,-1.0,-1.0,-1.0,-1.0,-1.0,-1.0,-1.0,-1.0,-1.0,-1.0,-1.0,-1.0,-1.0,-1.0,-1.0,-1.0,-1.0,-1.0,-1.0,-1.0,-1.0,-1.0,-1.0,-1.0,-1.0,-1.0,-1.0,-1.0,-1.0,-1.0,-1.0,-1.0,-1.0,-1.0,-1.0,-1.0,-1.0,-1.0,-1.0,-1.0,-1.0,-1.0,-1.0,-1.0,-1.0,-1.0,-1.0,-1.0,-1.0,-1.0,-1.0,-1.0,-1.0,-1.0,-1.0,-1.0,-1.0,-1.0,-1.0,-1.0,-1.0,-1.0,-1.0,-1.0,-1.0,-1.0,-1.0,-1.0,-1.0,-1.0,-1.0,-1.0,-1.0,-1.0,-1.0,-1.0,-1.0,-1.0,-1.0,-1.0,-1.0,-1.0,-1.0,-1.0,-1.0,-1.0,-1.0,-1.0,-1.0,-1.0,-1.0,-1.0,-1.0,-1.0,-1.0,-1.0,-1.0,-1.0,-1.0,-1.0,-1.0,-1.0,-1.0,-1.0,-1.0,-1.0,-1.0,-1.0,-1.0,-1.0,-1.0,-1.0,-1.0,-1.0,-1.0,-1.0,-1.0,-1.0,-1.0,-1.0,-1.0,-1.0,-1.0,-1.0,-1.0,-1.0,-1.0,-1.0,-1.0,-1.0,-1.0,-1.0,-1.0,-1.0,-1.0,-1.0,-1.0,-1.0,-1.0,-1.0,-1.0,-1.0,-1.0,-1.0,-1.0,-1.0,-1.0,-1.0,-1.0,-1.0,-1.0,-1.0,-1.0,-1.0,-1.0,-1.0,-1.0,-1.0,-1.0,-1.0,-1.0,-1.0,-1.0,-1.0,-1.0,-1.0,-1.0,-1.0,-1.0,-1.0,-1.0,-1.0,-1.0,-1.0,-1.0,-1.0,-1.0,-1.0,-1.0,-1.0,-1.0,-1.0,-1.0,-1.0,-1.0,-1.0,-1.0,-1.0,-1.0,-1.0,-1.0,-1.0,-1.0,-1.0,-1.0,-1.0,-1.0,-1.0,-1.0,-1.0,-1.0,-1.0,-1.0,-1.0,-1.0,-1.0,-1.0,-1.0,-1.0,-1.0,-1.0,-1.0,-1.0,-1.0,-1.0,-1.0,-1.0,-1.0,-1.0,-1.0,-1.0,-1.0,-1.0,-1.0,-1.0,-1.0,-1.0,-1.0,-1.0,-1.0,-1.0,-1.0,-1.0,-1.0,-1.0,-1.0,-1.0,-1.0,-1.0,-1.0,-1.0,-1.0,-1.0,-1.0,-1.0,-1.0,-1.0,-1.0,-1.0,-1.0,-1.0,-1.0,-1.0,-1.0,-1.0,-1.0,-1.0,-1.0,-1.0,-1.0,-1.0,-1.0,-1.0,-1.0,-1.0,-1.0,-1.0,-1.0,-1.0,-1.0,-1.0,-1.0,-1.0,-1.0,-1.0,-1.0,-1.0,-1.0,-1.0,-1.0,-1.0,-1.0,-1.0,-1.0,-1.0,-1.0,-1.0,-1.0,-1.0,-1.0,-1.0,-1.0,-1.0,-1.0,-1.0,-1.0,-1.0,-1.0,-1.0,-1.0,-1.0,-1.0,-1.0,-1.0,-1.0,-1.0,-1.0,-1.0,-1.0,-1.0,-1.0,-1.0,-1.0,-1.0,-1.0,-1.0,-1.0,-1.0,-1.0,-1.0,-1.0,-1.0,-1.0,-1.0,-1.0,-1.0,-1.0,-1.0,-1.0,-1.0,-1.0,-1.0,-1.0,-1.0,-1.0,-1.0,-1.0,-1.0,-1.0,-1.0,-1.0,-1.0,-1.0,-1.0,-1.0,-1.0,-1.0,-1.0,-1.0,-1.0,-1.0,-1.0,-1.0,-1.0,-1.0,-1.0,-1.0,-1.0,-1.0,-1.0,-1.0,-1.0,-1.0,-1.0,-1.0,-1.0,-1.0,-1.0,-1.0,-1.0,-1.0,-1.0,-1.0,-1.0,-1.0,-1.0,-1.0,-1.0,-1.0,-1.0,-1.0,-1.0,-1.0,-1.0,-1.0,-1.0,-1.0,-1.0,-1.0,-1.0,-1.0,-1.0,-1.0,-1.0,-1.0,-1.0,-1.0,-1.0,-1.0,-1.0,-1.0,-1.0,-1.0,-1.0,-1.0,-1.0,-1.0,-1.0,-1.0,-1.0,-1.0,-1.0,-1.0,-1.0,-1.0,-1.0,-1.0,-1.0,-1.0,-1.0,-1.0,-1.0,-1.0,-1.0,-1.0,-1.0,-1.0,-1.0,-1.0,-1.0,-1.0,-1.0,-1.0,-1.0,-1.0,-1.0,-1.0,-1.0,-1.0,-1.0,-1.0,-1.0,-1.0,-1.0,-1.0,-1.0,-1.0,-1.0,-1.0,-1.0,-1.0,-1.0,-1.0,-1.0,-1.0,-1.0,-1.0,-1.0,-1.0,-1.0,-1.0,-1.0,-1.0,-1.0,-1.0,-1.0,-1.0,-1.0,-1.0,-1.0,-1.0,-1.0,-1.0,-1.0,-1.0,-1.0,-1.0,-1.0,-1.0,-1.0,-1.0,-1.0,-1.0,-1.0,-1.0,-1.0,-1.0,-1.0,-1.0,-1.0,-1.0,-1.0,-1.0,-1.0,-1.0,-1.0,-1.0,-1.0,-1.0,-1.0,-1.0,-1.0,-1.0,-1.0,-1.0,-1.0,-1.0,-1.0,-1.0,-1.0,-1.0,-1.0,-1.0,-1.0,-1.0,-1.0,-1.0,-1.0,-1.0,-1.0,-1.0,-1.0,-1.0,-1.0,-1.0,-1.0,-1.0,-1.0,-1.0,-1.0,-1.0,-1.0,-1.0,-1.0,-1.0,-1.0,-1.0,-1.0,-1.0,-1.0,-1.0,-1.0,-1.0,-1.0,-1.0,-1.0,-1.0,-1.0,-1.0,-1.0,-1.0,-1.0,-1.0,-1.0,-1.0,-1.0,-1.0,-1.0,-1.0,-1.0,-1.0,-1.0,-1.0,-1.0,-1.0,-1.0,-1.0,-1.0,-1.0,-1.0,-1.0,-1.0,-1.0,-1.0,-1.0,-1.0,-1.0,-1.0,-1.0,-1.0,-1.0,-1.0,-1.0,-1.0,-1.0,-1.0,-1.0,-1.0,-1.0,-1.0,-1.0,-1.0,-1.0,-1.0,-1.0,-1.0,-1.0,-1.0,-1.0,-1.0,-1.0,-1.0,-1.0,-1.0,-1.0,-1.0,-1.0,-1.0,-1.0,-1.0,-1.0,-1.0,-1.0,-1.0,-1.0,-1.0,-1.0,-1.0,-1.0,-1.0,-1.0,-1.0,-1.0,-1.0,-1.0,-1.0,-1.0,-1.0,-1.0,-1.0,-1.0,-1.0,-1.0,1.0
-1.0,-1.0,-1.0,-1.0,-1.0,-1.0,-1.0,-1.0,-1.0,-1.0,1.0,1.0,1.0,1.0,1.0,1.0,1.0,1.0,-1.0,-1.0,-1.0,-1.0,-1.0,-1.0,-1.0,-1.0,-1.0,-1.0,-1.0,1.0,1.0,1.0,1.0,1.0,-1.0,-1.0,-1.0,1.0,1.0,1.0,1.0,1.0,1.0,1.0,1.0,1.0,1.0,-1.0,1.0,1.0,1.0,1.0,1.0,-1.0,1.0,1.0,1.0,1.0,1.0,1.0,1.0,1.0,-1.0,1.0,1.0,1.0,1.0,1.0,1.0,1.0,1.0,-1.0,1.0,1.0,1.0,1.0,1.0,1.0,1.0,1.0,1.0,1.0,1.0,-1.0,-1.0,1.0,1.0,1.0,-1.0,-1.0,-1.0,-1.0,-1.0,-1.0,1.0,1.0,1.0,1.0,1.0,1.0,1.0,1.0,1.0,1.0,1.0,1.0,1.0,1.0,1.0,1.0,1.0,1.0,1.0,1.0,1.0,1.0,1.0,1.0,1.0,1.0,1.0,1.0,1.0,-1.0,-1.0,-1.0,1.0,1.0,-1.0,-1.0,-1.0,-1.0,-1.0,-1.0,-1.0,1.0,1.0,1.0,-1.0,-1.0,-1.0,-1.0,-1.0,-1.0,-1.0,-1.0,-1.0,-1.0,-1.0,-1.0,-1.0,-1.0,-1.0,-1.0,-1.0,-1.0,-1.0,-1.0,-1.0,-1.0,-1.0,-1.0,-1.0,-1.0,-1.0,-1.0,-1.0,-1.0,-1.0,-1.0,-1.0,-1.0,-1.0,-1.0,-1.0,-1.0,-1.0,-1.0,-1.0,-1.0,-1.0,-1.0,-1.0,-1.0,-1.0,-1.0,-1.0,-1.0,-1.0,-1.0,-1.0,-1.0,-1.0,-1.0,-1.0,-1.0,-1.0,-1.0,-1.0,-1.0,-1.0,-1.0,-1.0,-1.0,-1.0,-1.0,-1.0,-1.0,-1.0,-1.0,-1.0,-1.0,-1.0,-1.0,-1.0,-1.0,-1.0,-1.0,-1.0,-1.0,-1.0,-1.0,-1.0,-1.0,-1.0,-1.0,-1.0,-1.0,-1.0,-1.0,-1.0,-1.0,-1.0,-1.0,-1.0,-1.0,-1.0,-1.0,-1.0,-1.0,-1.0,-1.0,-1.0,-1.0,-1.0,-1.0,-1.0,-1.0,-1.0,-1.0,-1.0,-1.0,-1.0,-1.0,-1.0,-1.0,-1.0,-1.0,-1.0,-1.0,-1.0,-1.0,-1.0,-1.0,-1.0,-1.0,-1.0,-1.0,-1.0,-1.0,-1.0,-1.0,-1.0,-1.0,-1.0,-1.0,-1.0,-1.0,-1.0,-1.0,-1.0,-1.0,-1.0,-1.0,-1.0,-1.0,-1.0,-1.0,-1.0,-1.0,-1.0,-1.0,-1.0,-1.0,-1.0,-1.0,-1.0,-1.0,-1.0,-1.0,-1.0,-1.0,-1.0,-1.0,-1.0,-1.0,-1.0,-1.0,-1.0,-1.0,-1.0,-1.0,-1.0,-1.0,-1.0,-1.0,-1.0,-1.0,-1.0,-1.0,-1.0,-1.0,-1.0,-1.0,-1.0,-1.0,-1.0,-1.0,-1.0,-1.0,-1.0,-1.0,-1.0,-1.0,-1.0,-1.0,-1.0,-1.0,-1.0,-1.0,-1.0,-1.0,-1.0,-1.0,-1.0,-1.0,-1.0,-1.0,-1.0,-1.0,-1.0,-1.0,-1.0,-1.0,-1.0,-1.0,-1.0,-1.0,-1.0,-1.0,-1.0,-1.0,-1.0,-1.0,-1.0,-1.0,-1.0,-1.0,-1.0,-1.0,-1.0,-1.0,-1.0,-1.0,-1.0,-1.0,-1.0,-1.0,-1.0,-1.0,-1.0,-1.0,-1.0,-1.0,-1.0,-1.0,-1.0,-1.0,-1.0,-1.0,-1.0,-1.0,-1.0,-1.0,-1.0,-1.0,-1.0,-1.0,-1.0,-1.0,-1.0,-1.0,-1.0,-1.0,-1.0,-1.0,-1.0,-1.0,-1.0,-1.0,-1.0,-1.0,-1.0,-1.0,-1.0,-1.0,-1.0,-1.0,-1.0,-1.0,-1.0,-1.0,-1.0,-1.0,-1.0,-1.0,-1.0,-1.0,-1.0,-1.0,-1.0,-1.0,-1.0,-1.0,-1.0,-1.0,-1.0,-1.0,-1.0,-1.0,-1.0,-1.0,-1.0,-1.0,-1.0,-1.0,-1.0,-1.0,-1.0,-1.0,-1.0,-1.0,-1.0,-1.0,-1.0,-1.0,-1.0,-1.0,-1.0,-1.0,-1.0,-1.0,-1.0,-1.0,-1.0,-1.0,-1.0,-1.0,-1.0,-1.0,-1.0,-1.0,-1.0,-1.0,-1.0,-1.0,-1.0,-1.0,-1.0,-1.0,-1.0,-1.0,-1.0,-1.0,-1.0,-1.0,-1.0,-1.0,-1.0,-1.0,-1.0,-1.0,-1.0,-1.0,-1.0,-1.0,-1.0,-1.0,-1.0,-1.0,-1.0,-1.0,-1.0,-1.0,-1.0,-1.0,-1.0,-1.0,-1.0,-1.0,-1.0,-1.0,-1.0,-1.0,-1.0,-1.0,-1.0,-1.0,-1.0,-1.0,-1.0,-1.0,-1.0,-1.0,-1.0,-1.0,-1.0,-1.0,-1.0,-1.0,-1.0,-1.0,-1.0,-1.0,-1.0,-1.0,-1.0,-1.0,-1.0,-1.0,-1.0,-1.0,-1.0,-1.0,-1.0,-1.0,-1.0,-1.0,-1.0,-1.0,-1.0,-1.0,-1.0,-1.0,-1.0,-1.0,-1.0,-1.0,-1.0,-1.0,-1.0,-1.0,-1.0,-1.0,-1.0,-1.0,-1.0,-1.0,-1.0,-1.0,-1.0,-1.0,-1.0,-1.0,-1.0,-1.0,-1.0,-1.0,-1.0,-1.0,-1.0,-1.0,-1.0,-1.0,-1.0,-1.0,-1.0,-1.0,-1.0,-1.0,-1.0,-1.0,-1.0,-1.0,-1.0,-1.0,-1.0,-1.0,-1.0,-1.0,-1.0,-1.0,-1.0,-1.0,-1.0,-1.0,-1.0,-1.0,-1.0,-1.0,-1.0,-1.0,-1.0,-1.0,-1.0,-1.0,-1.0,-1.0,-1.0,-1.0,-1.0,-1.0,-1.0,-1.0,-1.0,-1.0,-1.0,-1.0,-1.0,-1.0,-1.0,-1.0,-1.0,-1.0,-1.0,-1.0,-1.0,-1.0,-1.0,-1.0,-1.0,-1.0,-1.0,-1.0,-1.0,-1.0,-1.0,-1.0,-1.0,-1.0,-1.0,-1.0,-1.0,-1.0,-1.0,-1.0,-1.0,-1.0,1.0,1.0,1.0,1.0,1.0,1.0,1.0,-1.0,-1.0,-1.0,1.0,1.0,1.0,-1.0,-1.0,1.0,1.0,1.0,1.0,-1.0,1.0,1.0,1.0,-1.0,-1.0,-1.0,-1.0,1.0,1.0,1.0,1.0,1.0,1.0,1.0,1.0,1.0,1.0,1.0,1.0,1.0,1.0,1.0,1.0,1.0,1.0,1.0,1.0,1.0,1.0,1.0,1.0,1.0,1.0,1.0,1.0,1.0,-1.0,-1.0,-1.0,-1.0,-1.0,-1.0,-1.0
-1.0,-1.0,-1.0,-1.0,-1.0,-1.0,-1.0,-1.0,-1.0,-1.0,-1.0,-1.0,-1.0,-1.0,-1.0,-1.0,-1.0,-1.0,-1.0,-1.0,-1.0,-1.0,-1.0,-1.0,-1.0,-1.0,-1.0,-1.0,-1.0,-1.0,-1.0,-1.0,-1.0,-1.0,1.0,1.0,-1.0,-1.0,-1.0,-1.0,-1.0,-1.0,-1.0,-1.0,-1.0,-1.0,-1.0,-1.0,-1.0,-1.0,-1.0,-1.0,-1.0,-1.0,-1.0,-1.0,-1.0,-1.0,-1.0,-1.0,-1.0,-1.0,-1.0,-1.0,-1.0,-1.0,-1.0,-1.0,-1.0,-1.0,-1.0,-1.0,-1.0,-1.0,-1.0,-1.0,-1.0,-1.0,-1.0,-1.0,-1.0,-1.0,-1.0,-1.0,-1.0,-1.0,-1.0,-1.0,-1.0,-1.0,-1.0,-1.0,-1.0,-1.0,-1.0,-1.0,-1.0,-1.0,-1.0,-1.0,-1.0,-1.0,-1.0,-1.0,-1.0,-1.0,-1.0,-1.0,-1.0,-1.0,-1.0,-1.0,-1.0,-1.0,-1.0,-1.0,-1.0,-1.0,-1.0,-1.0,-1.0,-1.0,-1.0,-1.0,-1.0,-1.0,-1.0,-1.0,-1.0,-1.0,-1.0,-1.0,-1.0,-1.0,-1.0,-1.0,-1.0,-1.0,-1.0,-1.0,-1.0,-1.0,1.0,-1.0,-1.0,-1.0,1.0,-1.0,-1.0,-1.0,1.0,-1.0,-1.0,-1.0,1.0,-1.0,-1.0,-1.0,1.0,-1.0,-1.0,-1.0,1.0,-1.0,-1.0,-1.0,1.0,-1.0,-1.0,-1.0,-1.0,-1.0,-1.0,-1.0,-1.0,-1.0,-1.0,-1.0,-1.0,-1.0,-1.0,-1.0,-1.0,-1.0,-1.0,-1.0,-1.0,-1.0,-1.0,-1.0,-1.0,-1.0,-1.0,-1.0,-1.0,-1.0,-1.0,-1.0,-1.0,-1.0,-1.0,-1.0,-1.0,-1.0,-1.0,-1.0,-1.0,-1.0,-1.0,-1.0,-1.0,-1.0,-1.0,-1.0,-1.0,-1.0,-1.0,-1.0,-1.0,-1.0,-1.0,-1.0,-1.0,-1.0,-1.0,-1.0,-1.0,-1.0,-1.0,-1.0,-1.0,-1.0,-1.0,-1.0,-1.0,-1.0,-1.0,-1.0,-1.0,-1.0,-1.0,-1.0,-1.0,-1.0,-1.0,-1.0,-1.0,-1.0,-1.0,-1.0,-1.0,-1.0,-1.0,-1.0,-1.0,-1.0,-1.0,-1.0,-1.0,-1.0,-1.0,-1.0,-1.0,-1.0,-1.0,-1.0,-1.0,-1.0,-1.0,-1.0,-1.0,-1.0,-1.0,-1.0,-1.0,-1.0,-1.0,-1.0,-1.0,-1.0,-1.0,-1.0,-1.0,-1.0,-1.0,-1.0,-1.0,-1.0,-1.0,-1.0,-1.0,-1.0,-1.0,-1.0,-1.0,-1.0,-1.0,-1.0,-1.0,-1.0,-1.0,-1.0,-1.0,-1.0,-1.0,-1.0,-1.0,-1.0,-1.0,-1.0,-1.0,-1.0,-1.0,-1.0,-1.0,-1.0,-1.0,-1.0,-1.0,-1.0,-1.0,-1.0,-1.0,-1.0,-1.0,-1.0,-1.0,-1.0,-1.0,-1.0,-1.0,-1.0,-1.0,-1.0,-1.0,-1.0,-1.0,-1.0,-1.0,-1.0,-1.0,-1.0,-1.0,-1.0,-1.0,-1.0,-1.0,-1.0,-1.0,-1.0,-1.0,-1.0,-1.0,-1.0,-1.0,-1.0,-1.0,-1.0,-1.0,-1.0,-1.0,-1.0,-1.0,-1.0,-1.0,-1.0,-1.0,-1.0,-1.0,-1.0,-1.0,-1.0,-1.0,-1.0,-1.0,-1.0,-1.0,-1.0,-1.0,-1.0,-1.0,-1.0,-1.0,-1.0,-1.0,-1.0,-1.0,-1.0,-1.0,-1.0,-1.0,-1.0,-1.0,-1.0,-1.0,-1.0,-1.0,-1.0,-1.0,-1.0,-1.0,-1.0,-1.0,-1.0,-1.0,-1.0,-1.0,-1.0,-1.0,-1.0,-1.0,-1.0,-1.0,-1.0,-1.0,-1.0,-1.0,-1.0,-1.0,-1.0,-1.0,-1.0,-1.0,-1.0,-1.0,-1.0,-1.0,-1.0,-1.0,-1.0,-1.0,-1.0,-1.0,-1.0,-1.0,-1.0,-1.0,-1.0,-1.0,-1.0,-1.0,-1.0,-1.0,-1.0,-1.0,-1.0,-1.0,-1.0,-1.0,-1.0,-1.0,-1.0,-1.0,-1.0,-1.0,-1.0,-1.0,-1.0,-1.0,-1.0,-1.0,-1.0,-1.0,-1.0,-1.0,-1.0,-1.0,-1.0,-1.0,-1.0,-1.0,-1.0,-1.0,-1.0,-1.0,-1.0,-1.0,-1.0,-1.0,-1.0,-1.0,-1.0,-1.0,-1.0,-1.0,-1.0,-1.0,-1.0,-1.0,-1.0,-1.0,-1.0,-1.0,-1.0,-1.0,-1.0,-1.0,-1.0,-1.0,-1.0,-1.0,-1.0,-1.0,-1.0,-1.0,-1.0,-1.0,-1.0,-1.0,-1.0,-1.0,-1.0,-1.0,-1.0,-1.0,-1.0,-1.0,-1.0,-1.0,-1.0,-1.0,-1.0,-1.0,-1.0,-1.0,-1.0,-1.0,-1.0,-1.0,-1.0,-1.0,-1.0,-1.0,-1.0,-1.0,-1.0,-1.0,-1.0,-1.0,-1.0,-1.0,-1.0,-1.0,-1.0,-1.0,-1.0,-1.0,-1.0,-1.0,-1.0,-1.0,-1.0,-1.0,-1.0,-1.0,-1.0,-1.0,-1.0,-1.0,-1.0,-1.0,-1.0,-1.0,-1.0,-1.0,-1.0,-1.0,-1.0,-1.0,-1.0,-1.0,-1.0,-1.0,-1.0,-1.0,-1.0,-1.0,-1.0,-1.0,-1.0,-1.0,-1.0,-1.0,-1.0,-1.0,-1.0,-1.0,-1.0,-1.0,-1.0,-1.0,-1.0,-1.0,-1.0,-1.0,-1.0,-1.0,-1.0,-1.0,-1.0,-1.0,-1.0,-1.0,-1.0,-1.0,-1.0,-1.0,-1.0,-1.0,-1.0,-1.0,-1.0,-1.0,-1.0,-1.0,-1.0,-1.0,-1.0,-1.0,-1.0,-1.0,-1.0,-1.0,-1.0,-1.0,-1.0,-1.0,-1.0,-1.0,-1.0,-1.0,-1.0,-1.0,-1.0,-1.0,-1.0,-1.0,-1.0,-1.0,-1.0,-1.0,-1.0,-1.0,-1.0,-1.0,-1.0,-1.0,-1.0,-1.0,-1.0,-1.0,-1.0,-1.0,-1.0,-1.0,-1.0,-1.0,-1.0,-1.0,-1.0,-1.0,-1.0,-1.0,-1.0,-1.0,-1.0,-1.0,-1.0,-1.0,-1.0,-1.0,-1.0,-1.0,-1.0,-1.0,-1.0,-1.0,-1.0,-1.0,-1.0,-1.0,-1.0,-1.0,-1.0,-1.0,-1.0,-1.0,-1.0,-1.0,-1.0,-1.0,-1.0,-1.0,-1.0,-1.0,-1.0,-1.0,-1.0,-1.0,-1.0,-1.0,-1.0,-1.0,-1.0,-1.0,-1.0,-1.0,-1.0,-1.0,-1.0,-1.0,-1.0,-1.0,-1.0,-1.0,-1.0,-1.0,-1.0,-1.0,-1.0,-1.0
-1.0,-1.0,-1.0,-1.0,-1.0,-1.0,-1.0,-1.0,-1.0,-1.0,-1.0,-1.0,-1.0,-1.0,-1.0,-1.0,-1.0,-1.0,-1.0,1.0,1.0,1.0,1.0,1.0,1.0,1.0,1.0,-1.0,-1.0,-1.0,-1.0,-1.0,-1.0,-1.0,-1.0,-1.0,1.0,-1.0,-1.0,-1.0,-1.0,-1.0,-1.0,-1.0,-1.0,-1.0,-1.0,1.0,-1.0,-1.0,-1.0,-1.0,-1.0,1.0,-1.0,-1.0,-1.0,-1.0,-1.0,-1.0,-1.0,-1.0,1.0,-1.0,-1.0,-1.0,-1.0,-1.0,-1.0,-1.0,-1.0,1.0,-1.0,-1.0,-1.0,-1.0,-1.0,-1.0,-1.0,-1.0,-1.0,-1.0,-1.0,-1.0,-1.0,-1.0,-1.0,1.0,1.0,1.0,1.0,1.0,1.0,1.0,-1.0,-1.0,-1.0,-1.0,-1.0,-1.0,-1.0,-1.0,-1.0,-1.0,-1.0,-1.0,-1.0,-1.0,-1.0,-1.0,-1.0,-1.0,-1.0,-1.0,-1.0,-1.0,-1.0,-1.0,-1.0,-1.0,-1.0,-1.0,-1.0,-1.0,-1.0,-1.0,-1.0,-1.0,-1.0,-1.0,-1.0,-1.0,-1.0,-1.0,-1.0,-1.0,-1.0,-1.0,-1.0,-1.0,-1.0,-1.0,-1.0,1.0,-1.0,-1.0,-1.0,1.0,-1.0,-1.0,-1.0,1.0,-1.0,-1.0,-1.0,1.0,-1.0,-1.0,-1.0,1.0,-1.0,-1.0,-1.0,1.0,-1.0,-1.0,-1.0,1.0,-1.0,-1.0,-1.0,-1.0,-1.0,-1.0,-1.0,-1.0,-1.0,-1.0,-1.0,-1.0,-1.0,-1.0,-1.0,-1.0,-1.0,-1.0,-1.0,-1.0,-1.0,-1.0,-1.0,-1.0,-1.0,-1.0,-1.0,-1.0,-1.0,-1.0,-1.0,-1.0,-1.0,-1.0,-1.0,-1.0,-1.0,-1.0,-1.0,-1.0,-1.0,-1.0,-1.0,-1.0,-1.0,-1.0,-1.0,-1.0,-1.0,-1.0,-1.0,-1.0,-1.0,-1.0,-1.0,-1.0,-1.0,-1.0,-1.0,-1.0,-1.0,-1.0,-1.0,-1.0,-1.0,-1.0,-1.0,-1.0,-1.0,-1.0,-1.0,-1.0,-1.0,-1.0,-1.0,-1.0,-1.0,-1.0,-1.0,-1.0,-1.0,-1.0,-1.0,-1.0,-1.0,-1.0,-1.0,-1.0,-1.0,-1.0,-1.0,-1.0,-1.0,-1.0,-1.0,-1.0,-1.0,-1.0,-1.0,-1.0,-1.0,-1.0,-1.0,-1.0,-1.0,-1.0,-1.0,-1.0,-1.0,-1.0,-1.0,-1.0,-1.0,-1.0,-1.0,-1.0,-1.0,-1.0,-1.0,-1.0,-1.0,-1.0,-1.0,-1.0,-1.0,-1.0,-1.0,-1.0,-1.0,-1.0,-1.0,-1.0,-1.0,-1.0,-1.0,-1.0,-1.0,-1.0,-1.0,-1.0,-1.0,-1.0,-1.0,-1.0,-1.0,-1.0,-1.0,-1.0,-1.0,-1.0,-1.0,-1.0,-1.0,-1.0,-1.0,-1.0,-1.0,-1.0,-1.0,-1.0,-1.0,-1.0,-1.0,-1.0,-1.0,-1.0,-1.0,-1.0,-1.0,-1.0,-1.0,-1.0,-1.0,-1.0,-1.0,-1.0,-1.0,-1.0,-1.0,-1.0,-1.0,-1.0,-1.0,-1.0,-1.0,-1.0,-1.0,-1.0,-1.0,-1.0,-1.0,-1.0,-1.0,-1.0,-1.0,-1.0,-1.0,-1.0,-1.0,-1.0,-1.0,-1.0,-1.0,-1.0,-1.0,-1.0,-1.0,-1.0,-1.0,-1.0,-1.0,-1.0,-1.0,-1.0,-1.0,-1.0,-1.0,-1.0,-1.0,-1.0,-1.0,-1.0,-1.0,-1.0,-1.0,-1.0,-1.0,-1.0,-1.0,-1.0,-1.0,-1.0,-1.0,-1.0,-1.0,-1.0,-1.0,-1.0,-1.0,-1.0,-1.0,-1.0,-1.0,-1.0,-1.0,-1.0,-1.0,-1.0,-1.0,-1.0,-1.0,-1.0,-1.0,-1.0,-1.0,-1.0,-1.0,-1.0,-1.0,-1.0,-1.0,-1.0,-1.0,-1.0,-1.0,-1.0,-1.0,-1.0,-1.0,-1.0,-1.0,-1.0,-1.0,-1.0,-1.0,-1.0,-1.0,-1.0,-1.0,-1.0,-1.0,-1.0,-1.0,-1.0,-1.0,-1.0,-1.0,-1.0,-1.0,-1.0,-1.0,-1.0,-1.0,-1.0,-1.0,-1.0,-1.0,-1.0,-1.0,-1.0,-1.0,-1.0,-1.0,-1.0,-1.0,-1.0,-1.0,-1.0,-1.0,-1.0,-1.0,-1.0,-1.0,-1.0,-1.0,-1.0,-1.0,-1.0,-1.0,-1.0,-1.0,-1.0,-1.0,-1.0,-1.0,-1.0,-1.0,-1.0,-1.0,-1.0,-1.0,-1.0,-1.0,-1.0,-1.0,-1.0,-1.0,-1.0,-1.0,-1.0,-1.0,-1.0,-1.0,-1.0,-1.0,-1.0,-1.0,-1.0,-1.0,-1.0,-1.0,-1.0,-1.0,-1.0,-1.0,-1.0,-1.0,-1.0,-1.0,-1.0,-1.0,-1.0,-1.0,-1.0,-1.0,-1.0,-1.0,-1.0,-1.0,-1.0,-1.0,-1.0,-1.0,-1.0,-1.0,-1.0,-1.0,-1.0,-1.0,-1.0,-1.0,-1.0,-1.0,-1.0,-1.0,-1.0,-1.0,-1.0,-1.0,-1.0,-1.0,-1.0,-1.0,-1.0,-1.0,-1.0,-1.0,-1.0,-1.0,-1.0,-1.0,-1.0,-1.0,-1.0,-1.0,-1.0,-1.0,-1.0,-1.0,-1.0,-1.0,-1.0,-1.0,-1.0,-1.0,-1.0,-1.0,-1.0,-1.0,-1.0,-1.0,-1.0,-1.0,-1.0,-1.0,-1.0,-1.0,-1.0,-1.0,-1.0,-1.0,-1.0,-1.0,-1.0,-1.0,-1.0,-1.0,-1.0,-1.0,-1.0,-1.0,-1.0,-1.0,-1.0,-1.0,-1.0,-1.0,-1.0,-1.0,-1.0,-1.0,-1.0,-1.0,-1.0,-1.0,-1.0,-1.0,-1.0,-1.0,-1.0,-1.0,-1.0,-1.0,-1.0,-1.0,-1.0,-1.0,-1.0,-1.0,-1.0,-1.0,-1.0,-1.0,-1.0,-1.0,-1.0,-1.0,-1.0,-1.0,-1.0,-1.0,-1.0,-1.0,-1.0,-1.0,-1.0,-1.0,-1.0,-1.0,-1.0,-1.0,-1.0,-1.0,-1.0,-1.0,-1.0,-1.0,-1.0,-1.0,-1.0,-1.0,-1.0,-1.0,-1.0,-1.0,-1.0,-1.0,-1.0,-1.0,-1.0,-1.0,-1.0,-1.0,-1.0,-1.0,-1.0,-1.0,-1.0,-1.0,-1.0,-1.0,-1.0,-1.0,-1.0,-1.0,-1.0,-1.0,-1.0,-1.0,-1.0,-1.0,-1.0,-1.0,-1.0,-1.0,-1.0,-1.0,-1.0,-1.0,-1.0,-1.0,-1.0,-1.0,-1.0,-1.0,-1.0,-1.0,-1.0,-1.0,-1.0,-1.0,-1.0,-1.0
-1.0,-1.0,-1.0,-1.0,-1.0,-1.0,-1.0,-1.0,-1.0,-1.0,-1.0,-1.0,-1.0,-1.0,-1.0,-1.0,-1.0,-1.0,-1.0,-1.0,-1.0,-1.0,-1.0,-1.0,-1.0,-1.0,-1.0,-1.0,-1.0,-1.0,-1.0,-1.0,-1.0,-1.0,-1.0,-1.0,-1.0,-1.0,-1.0,-1.0,-1.0,-1.0,-1.0,-1.0,-1.0,-1.0,-1.0,-1.0,-1.0,-1.0,-1.0,-1.0,-1.0,-1.0,-1.0,-1.0,-1.0,-1.0,-1.0,-1.0,-1.0,-1.0,-1.0,-1.0,-1.0,-1.0,-1.0,-1.0,-1.0,-1.0,-1.0,-1.0,-1.0,-1.0,-1.0,-1.0,-1.0,-1.0,-1.0,-1.0,-1.0,-1.0,-1.0,-1.0,-1.0,-1.0,-1.0,-1.0,-1.0,-1.0,-1.0,-1.0,-1.0,-1.0,-1.0,-1.0,-1.0,-1.0,-1.0,-1.0,-1.0,-1.0,-1.0,-1.0,-1.0,-1.0,-1.0,-1.0,-1.0,-1.0,-1.0,-1.0,-1.0,-1.0,-1.0,-1.0,-1.0,-1.0,-1.0,-1.0,-1.0,-1.0,-1.0,-1.0,-1.0,-1.0,-1.0,-1.0,-1.0,-1.0,-1.0,-1.0,-1.0,-1.0,-1.0,-1.0,-1.0,-1.0,-1.0,-1.0,-1.0,-1.0,-1.0,-1.0,-1.0,-1.0,-1.0,-1.0,-1.0,-1.0,-1.0,-1.0,-1.0,-1.0,-1.0,-1.0,-1.0,-1.0,-1.0,-1.0,-1.0,-1.0,-1.0,-1.0,-1.0,-1.0,-1.0,-1.0,-1.0,-1.0,-1.0,-1.0,-1.0,-1.0,-1.0,-1.0,-1.0,-1.0,-1.0,-1.0,-1.0,-1.0,-1.0,-1.0,-1.0,-1.0,-1.0,-1.0,-1.0,-1.0,-1.0,-1.0,-1.0,-1.0,-1.0,-1.0,-1.0,-1.0,-1.0,-1.0,-1.0,-1.0,-1.0,-1.0,-1.0,-1.0,-1.0,-1.0,-1.0,-1.0,1.0,1.0,1.0,1.0,-1.0,-1.0,-1.0,-1.0,-1.0,-1.0,-1.0,-1.0,-1.0,-1.0,-1.0,-1.0,-1.0,-1.0,1.0,1.0,-1.0,-1.0,-1.0,-1.0,-1.0,1.0,-1.0,-1.0,-1.0,-1.0,-1.0,-1.0,-1.0,-1.0,-1.0,-1.0,-1.0,-1.0,-1.0,-1.0,-1.0,-1.0,-1.0,-1.0,-1.0,-1.0,-1.0,-1.0,-1.0,1.0,1.0,1.0,1.0,-1.0,-1.0,-1.0,-1.0,-1.0,-1.0,1.0,1.0,-1.0,-1.0,1.0,-1.0,-1.0,-1.0,-1.0,-1.0,-1.0,-1.0,-1.0,-1.0,-1.0,-1.0,-1.0,-1.0,-1.0,-1.0,-1.0,-1.0,-1.0,-1.0,-1.0,-1.0,-1.0,-1.0,-1.0,-1.0,-1.0,-1.0,-1.0,-1.0,-1.0,-1.0,-1.0,-1.0,-1.0,-1.0,-1.0,-1.0,-1.0,-1.0,-1.0,-1.0,-1.0,-1.0,-1.0,-1.0,-1.0,-1.0,-1.0,-1.0,-1.0,-1.0,1.0,1.0,-1.0,-1.0,-1.0,1.0,-1.0,-1.0,-1.0,-1.0,-1.0,-1.0,-1.0,-1.0,-1.0,-1.0,-1.0,-1.0,-1.0,-1.0,-1.0,-1.0,1.0,1.0,-1.0,-1.0,1.0,-1.0,-1.0,-1.0,-1.0,-1.0,-1.0,-1.0,1.0,1.0,-1.0,-1.0,-1.0,1.0,-1.0,-1.0,-1.0,-1.0,-1.0,-1.0,-1.0,-1.0,-1.0,-1.0,-1.0,-1.0,-1.0,-1.0,-1.0,-1.0,-1.0,-1.0,-1.0,-1.0,-1.0,-1.0,-1.0,-1.0,-1.0,-1.0,-1.0,-1.0,-1.0,-1.0,-1.0,-1.0,-1.0,-1.0,-1.0,-1.0,-1.0,1.0,1.0,-1.0,-1.0,-1.0,-1.0,-1.0,-1.0,1.0,-1.0,-1.0,-1.0,-1.0,-1.0,-1.0,-1.0,-1.0,-1.0,-1.0,-1.0,-1.0,-1.0,-1.0,-1.0,-1.0,-1.0,-1.0,-1.0,-1.0,-1.0,1.0,1.0,-1.0,-1.0,-1.0,1.0,-1.0,-1.0,-1.0,-1.0,-1.0,-1.0,-1.0,-1.0,-1.0,-1.0,-1.0,-1.0,-1.0,-1.0,-1.0,-1.0,-1.0,-1.0,-1.0,-1.0,-1.0,-1.0,-1.0,-1.0,-1.0,-1.0,-1.0,-1.0,-1.0,1.0,1.0,-1.0,-1.0,1.0,-1.0,-1.0,-1.0,-1.0,-1.0,-1.0,-1.0,-1.0,-1.0,-1.0,-1.0,-1.0,-1.0,-1.0,1.0,1.0,-1.0,-1.0,-1.0,1.0,-1.0,-1.0,-1.0,-1.0,-1.0,1.0,1.0,-1.0,-1.0,-1.0,-1.0,-1.0,1.0,-1.0,-1.0,-1.0,-1.0,-1.0,-1.0,-1.0,-1.0,-1.0,-1.0,-1.0,-1.0,-1.0,-1.0,-1.0,-1.0,-1.0,-1.0,-1.0,-1.0,1.0,1.0,-1.0,-1.0,-1.0,1.0,-1.0,-1.0,-1.0,-1.0,-1.0,-1.0,-1.0,-1.0,-1.0,-1.0,-1.0,-1.0,-1.0,-1.0,-1.0,-1.0,1.0,1.0,-1.0,-1.0,-1.0,-1.0,-1.0,1.0,-1.0,-1.0,-1.0,-1.0,-1.0,-1.0,-1.0,-1.0,-1.0,-1.0,-1.0,-1.0,-1.0,-1.0,-1.0,-1.0,-1.0,-1.0,-1.0,-1.0,-1.0,-1.0,-1.0,-1.0,-1.0,-1.0,-1.0,-1.0,-1.0,-1.0,-1.0,-1.0,-1.0,-1.0,-1.0,1.0,1.0,1.0,1.0,-1.0,-1.0,-1.0,-1.0,-1.0,-1.0,-1.0,-1.0,-1.0,-1.0,-1.0,-1.0,-1.0,1.0,1.0,1.0,1.0,-1.0,-1.0,-1.0,-1.0,-1.0,1.0,1.0,1.0,1.0,-1.0,-1.0,-1.0,-1.0,-1.0,1.0,1.0,-1.0,-1.0,-1.0,-1.0,1.0,-1.0,-1.0,-1.0,-1.0,-1.0,-1.0,-1.0,-1.0,-1.0,-1.0,-1.0,-1.0,-1.0,-1.0,-1.0,-1.0,-1.0,-1.0,-1.0,-1.0,-1.0,-1.0,-1.0,-1.0,-1.0,-1.0,-1.0,-1.0,-1.0,-1.0,-1.0,-1.0,-1.0,-1.0,-1.0,-1.0,-1.0,-1.0,-1.0,-1.0,-1.0,-1.0,-1.0,-1.0,-1.0,-1.0,-1.0,-1.0,-1.0,-1.0,-1.0,-1.0,-1.0,-1.0,-1.0,-1.0,-1.0,-1.0,-1.0,-1.0,-1.0,-1.0,-1.0,-1.0,-1.0,-1.0,-1.0,-1.0,-1.0,-1.0,-1.0,-1.0,-1.0,-1.0,-1.0,-1.0,-1.0,-1.0,-1.0,-1.0,-1.0,-1.0,-1.0,-1.0,-1.0,-1.0,-1.0,-1.0,-1.0
-1.0,-1.0,-1.0,-1.0,-1.0,-1.0,-1.0,-1.0,-1.0,-1.0,-1.0,-1.0,-1.0,-1.0,-1.0,-1.0,-1.0,-1.0,-1.0,-1.0,-1.0,-1.0,-1.0,-1.0,-1.0,-1.0,-1.0,-1.0,-1.0,-1.0,-1.0,-1.0,-1.0,-1.0,-1.0,-1.0,-1.0,-1.0,-1.0,-1.0,-1.0,-1.0,-1.0,-1.0,-1.0,-1.0,-1.0,-1.0,-1.0,-1.0,-1.0,-1.0,-1.0,-1.0,-1.0,-1.0,-1.0,-1.0,-1.0,-1.0,-1.0,-1.0,-1.0,-1.0,-1.0,-1.0,-1.0,-1.0,-1.0,-1.0,-1.0,-1.0,-1.0,-1.0,-1.0,-1.0,-1.0,-1.0,-1.0,-1.0,-1.0,-1.0,-1.0,-1.0,-1.0,-1.0,-1.0,-1.0,-1.0,-1.0,-1.0,-1.0,-1.0,-1.0,-1.0,-1.0,-1.0,-1.0,-1.0,-1.0,-1.0,-1.0,-1.0,-1.0,-1.0,-1.0,-1.0,-1.0,-1.0,-1.0,-1.0,-1.0,-1.0,-1.0,-1.0,-1.0,-1.0,-1.0,-1.0,-1.0,-1.0,-1.0,-1.0,-1.0,-1.0,-1.0,-1.0,-1.0,-1.0,-1.0,-1.0,-1.0,-1.0,-1.0,-1.0,-1.0,-1.0,-1.0,-1.0,-1.0,-1.0,-1.0,-1.0,-1.0,-1.0,-1.0,-1.0,-1.0,-1.0,-1.0,-1.0,-1.0,-1.0,-1.0,-1.0,-1.0,-1.0,-1.0,-1.0,-1.0,-1.0,-1.0,-1.0,-1.0,-1.0,-1.0,-1.0,-1.0,-1.0,-1.0,-1.0,-1.0,-1.0,-1.0,-1.0,-1.0,-1.0,-1.0,-1.0,-1.0,-1.0,-1.0,-1.0,-1.0,-1.0,-1.0,-1.0,-1.0,-1.0,-1.0,-1.0,-1.0,-1.0,-1.0,-1.0,-1.0,-1.0,-1.0,-1.0,-1.0,-1.0,-1.0,-1.0,-1.0,-1.0,-1.0,-1.0,-1.0,-1.0,-1.0,-1.0,-1.0,-1.0,-1.0,-1.0,-1.0,-1.0,-1.0,-1.0,-1.0,-1.0,-1.0,-1.0,-1.0,-1.0,-1.0,-1.0,-1.0,-1.0,-1.0,-1.0,-1.0,-1.0,-1.0,-1.0,-1.0,-1.0,-1.0,-1.0,-1.0,-1.0,-1.0,-1.0,-1.0,-1.0,-1.0,-1.0,-1.0,-1.0,-1.0,-1.0,-1.0,-1.0,-1.0,-1.0,-1.0,-1.0,-1.0,-1.0,-1.0,-1.0,-1.0,-1.0,-1.0,-1.0,-1.0,-1.0,-1.0,-1.0,-1.0,-1.0,-1.0,-1.0,-1.0,-1.0,-1.0,-1.0,-1.0,-1.0,-1.0,-1.0,-1.0,-1.0,-1.0,-1.0,-1.0,-1.0,-1.0,-1.0,-1.0,-1.0,-1.0,-1.0,-1.0,-1.0,-1.0,-1.0,-1.0,-1.0,-1.0,-1.0,-1.0,-1.0,-1.0,-1.0,-1.0,-1.0,-1.0,-1.0,-1.0,-1.0,-1.0,-1.0,-1.0,-1.0,-1.0,-1.0,-1.0,-1.0,-1.0,-1.0,-1.0,-1.0,-1.0,-1.0,-1.0,-1.0,-1.0,-1.0,-1.0,-1.0,-1.0,-1.0,-1.0,-1.0,-1.0,-1.0,-1.0,-1.0,-1.0,-1.0,-1.0,-1.0,-1.0,-1.0,-1.0,-1.0,-1.0,-1.0,-1.0,-1.0,-1.0,-1.0,-1.0,-1.0,-1.0,-1.0,-1.0,-1.0,-1.0,-1.0,-1.0,-1.0,-1.0,-1.0,-1.0,-1.0,-1.0,-1.0,-1.0,-1.0,-1.0,-1.0,-1.0,-1.0,-1.0,-1.0,-1.0,-1.0,-1.0,-1.0,-1.0,-1.0,-1.0,-1.0,-1.0,-1.0,-1.0,-1.0,-1.0,-1.0,-1.0,-1.0,-1.0,-1.0,-1.0,-1.0,-1.0,-1.0,-1.0,-1.0,-1.0,-1.0,-1.0,-1.0,-1.0,-1.0,-1.0,-1.0,-1.0,-1.0,-1.0,-1.0,-1.0,-1.0,-1.0,-1.0,-1.0,-1.0,-1.0,-1.0,-1.0,-1.0,-1.0,-1.0,-1.0,-1.0,-1.0,-1.0,-1.0,-1.0,-1.0,-1.0,-1.0,-1.0,-1.0,-1.0,-1.0,-1.0,-1.0,-1.0,-1.0,-1.0,-1.0,-1.0,-1.0,-1.0,-1.0,-1.0,-1.0,-1.0,-1.0,-1.0,-1.0,-1.0,-1.0,-1.0,-1.0,-1.0,-1.0,-1.0,-1.0,-1.0,-1.0,-1.0,-1.0,-1.0,-1.0,-1.0,-1.0,-1.0,-1.0,-1.0,-1.0,-1.0,-1.0,-1.0,-1.0,-1.0,-1.0,-1.0,-1.0,-1.0,-1.0,-1.0,-1.0,-1.0,-1.0,-1.0,-1.0,-1.0,-1.0,-1.0,-1.0,-1.0,-1.0,-1.0,-1.0,-1.0,-1.0,-1.0,-1.0,-1.0,-1.0,-1.0,-1.0,-1.0,-1.0,-1.0,-1.0,-1.0,-1.0,-1.0,-1.0,-1.0,-1.0,-1.0,-1.0,-1.0,-1.0,-1.0,-1.0,-1.0,-1.0,-1.0,-1.0,-1.0,-1.0,-1.0,-1.0,-1.0,-1.0,-1.0,-1.0,-1.0,-1.0,-1.0,-1.0,-1.0,-1.0,-1.0,-1.0,-1.0,-1.0,-1.0,-1.0,-1.0,-1.0,-1.0,-1.0,-1.0,-1.0,-1.0,-1.0,-1.0,-1.0,-1.0,-1.0,-1.0,-1.0,-1.0,-1.0,-1.0,-1.0,-1.0,-1.0,-1.0,-1.0,-1.0,-1.0,-1.0,-1.0,-1.0,-1.0,-1.0,-1.0,-1.0,-1.0,-1.0,-1.0,-1.0,-1.0,-1.0,-1.0,-1.0,-1.0,-1.0,-1.0,-1.0,-1.0,-1.0,-1.0,-1.0,-1.0,-1.0,-1.0,-1.0,-1.0,-1.0,-1.0,-1.0,-1.0,-1.0,-1.0,-1.0,-1.0,-1.0,-1.0,-1.0,-1.0,-1.0,-1.0,-1.0,-1.0,-1.0,-1.0,-1.0,-1.0,-1.0,-1.0,-1.0,-1.0,-1.0,-1.0,-1.0,-1.0,-1.0,-1.0,-1.0,-1.0,-1.0,-1.0,-1.0,-1.0,-1.0,-1.0,-1.0,-1.0,-1.0,-1.0,-1.0,-1.0,-1.0,-1.0,-1.0,-1.0,-1.0,-1.0,-1.0,-1.0,-1.0,-1.0,-1.0,-1.0,-1.0,-1.0,-1.0,-1.0,-1.0,-1.0,-1.0,-1.0,-1.0,-1.0,-1.0,-1.0,-1.0,-1.0,-1.0,-1.0,-1.0,-1.0,-1.0,-1.0,-1.0,-1.0,-1.0,-1.0,-1.0,-1.0,-1.0,-1.0,-1.0,-1.0,-1.0,-1.0,-1.0,-1.0,-1.0,-1.0,-1.0,-1.0,-1.0,-1.0,-1.0,-1.0,-1.0,-1.0,-1.0,-1.0,-1.0,-1.0,-1.0,-1.0,-1.0,-1.0,-1.0,-1.0,-1.0,-1.0,-1.0,-1.0,-1.0,-1.0,-1.0,-1.0,-1.0,-1.0,-1.0,-1.0,-1.0
-1.0,-1.0,-1.0,-1.0,-1.0,-1.0,-1.0,-1.0,-1.0,-1.0,-1.0,-1.0,-1.0,-1.0,-1.0,-1.0,-1.0,-1.0,-1.0,-1.0,-1.0,-1.0,-1.0,-1.0,-1.0,-1.0,-1.0,-1.0,-1.0,-1.0,-1.0,-1.0,-1.0,-1.0,-1.0,-1.0,-1.0,-1.0,-1.0,-1.0,-1.0,-1.0,-1.0,-1.0,-1.0,-1.0,-1.0,-1.0,-1.0,-1.0,-1.0,-1.0,-1.0,-1.0,-1.0,-1.0,-1.0,-1.0,-1.0,-1.0,-1.0,-1.0,-1.0,-1.0,-1.0,-1.0,-1.0,-1.0,-1.0,-1.0,-1.0,-1.0,-1.0,-1.0,-1.0,-1.0,-1.0,-1.0,-1.0,-1.0,-1.0,-1.0,-1.0,-1.0,-1.0,-1.0,-1.0,-1.0,-1.0,-1.0,-1.0,-1.0,-1.0,-1.0,-1.0,-1.0,-1.0,-1.0,-1.0,-1.0,-1.0,-1.0,-1.0,-1.0,-1.0,-1.0,-1.0,-1.0,-1.0,-1.0,-1.0,-1.0,-1.0,-1.0,-1.0,-1.0,-1.0,-1.0,-1.0,-1.0,-1.0,-1.0,-1.0,-1.0,-1.0,-1.0,-1.0,-1.0,-1.0,-1.0,-1.0,-1.0,-1.0,-1.0,-1.0,-1.0,-1.0,-1.0,-1.0,-1.0,-1.0,-1.0,-1.0,-1.0,-1.0,-1.0,-1.0,-1.0,-1.0,-1.0,-1.0,-1.0,-1.0,-1.0,-1.0,-1.0,-1.0,-1.0,-1.0,-1.0,-1.0,-1.0,-1.0,-1.0,-1.0,-1.0,-1.0,-1.0,-1.0,-1.0,-1.0,-1.0,-1.0,-1.0,-1.0,-1.0,-1.0,-1.0,-1.0,-1.0,-1.0,-1.0,-1.0,-1.0,-1.0,-1.0,-1.0,-1.0,-1.0,-1.0,-1.0,-1.0,-1.0,-1.0,-1.0,-1.0,-1.0,-1.0,-1.0,-1.0,-1.0,-1.0,-1.0,-1.0,-1.0,-1.0,-1.0,-1.0,-1.0,-1.0,-1.0,-1.0,-1.0,-1.0,-1.0,-1.0,-1.0,-1.0,-1.0,-1.0,-1.0,-1.0,-1.0,-1.0,-1.0,-1.0,-1.0,-1.0,-1.0,-1.0,-1.0,-1.0,-1.0,-1.0,-1.0,-1.0,-1.0,-1.0,-1.0,-1.0,-1.0,-1.0,-1.0,-1.0,-1.0,-1.0,-1.0,-1.0,-1.0,-1.0,-1.0,-1.0,-1.0,-1.0,-1.0,-1.0,-1.0,-1.0,-1.0,-1.0,-1.0,-1.0,-1.0,-1.0,-1.0,-1.0,-1.0,-1.0,-1.0,-1.0,-1.0,-1.0,-1.0,-1.0,-1.0,-1.0,-1.0,-1.0,-1.0,-1.0,-1.0,-1.0,-1.0,-1.0,-1.0,-1.0,-1.0,-1.0,-1.0,-1.0,-1.0,-1.0,-1.0,-1.0,-1.0,-1.0,-1.0,-1.0,-1.0,-1.0,-1.0,-1.0,-1.0,-1.0,-1.0,-1.0,-1.0,-1.0,-1.0,-1.0,-1.0,-1.0,-1.0,-1.0,-1.0,-1.0,-1.0,-1.0,-1.0,-1.0,-1.0,-1.0,-1.0,-1.0,-1.0,-1.0,-1.0,-1.0,-1.0,-1.0,-1.0,-1.0,-1.0,-1.0,-1.0,-1.0,-1.0,-1.0,-1.0,-1.0,-1.0,-1.0,-1.0,-1.0,-1.0,-1.0,-1.0,-1.0,-1.0,-1.0,-1.0,-1.0,-1.0,-1.0,-1.0,-1.0,-1.0,-1.0,-1.0,-1.0,-1.0,-1.0,-1.0,-1.0,-1.0,-1.0,-1.0,-1.0,-1.0,-1.0,-1.0,-1.0,-1.0,-1.0,-1.0,-1.0,-1.0,-1.0,-1.0,-1.0,-1.0,-1.0,-1.0,-1.0,-1.0,-1.0,-1.0,-1.0,-1.0,-1.0,-1.0,-1.0,-1.0,-1.0,-1.0,-1.0,-1.0,-1.0,-1.0,-1.0,-1.0,-1.0,-1.0,-1.0,-1.0,-1.0,-1.0,-1.0,-1.0,-1.0,-1.0,-1.0,-1.0,-1.0,-1.0,-1.0,-1.0,-1.0,-1.0,-1.0,-1.0,-1.0,-1.0,-1.0,-1.0,-1.0,-1.0,-1.0,-1.0,-1.0,-1.0,-1.0,-1.0,-1.0,-1.0,-1.0,-1.0,-1.0,-1.0,-1.0,-1.0,-1.0,-1.0,-1.0,-1.0,-1.0,-1.0,-1.0,-1.0,-1.0,-1.0,-1.0,-1.0,-1.0,-1.0,-1.0,-1.0,-1.0,-1.0,-1.0,-1.0,-1.0,-1.0,-1.0,-1.0,-1.0,-1.0,-1.0,-1.0,-1.0,-1.0,-1.0,-1.0,-1.0,-1.0,-1.0,-1.0,-1.0,-1.0,-1.0,-1.0,-1.0,-1.0,-1.0,-1.0,-1.0,-1.0,-1.0,-1.0,-1.0,-1.0,-1.0,-1.0,-1.0,-1.0,-1.0,-1.0,-1.0,-1.0,-1.0,-1.0,-1.0,-1.0,-1.0,-1.0,-1.0,-1.0,-1.0,-1.0,-1.0,-1.0,-1.0,-1.0,-1.0,-1.0,-1.0,-1.0,-1.0,-1.0,-1.0,-1.0,-1.0,-1.0,-1.0,-1.0,-1.0,-1.0,-1.0,-1.0,-1.0,-1.0,-1.0,-1.0,-1.0,-1.0,-1.0,-1.0,-1.0,-1.0,-1.0,-1.0,-1.0,-1.0,-1.0,-1.0,-1.0,-1.0,-1.0,-1.0,-1.0,-1.0,-1.0,-1.0,-1.0,-1.0,-1.0,-1.0,-1.0,-1.0,-1.0,-1.0,-1.0,-1.0,-1.0,-1.0,-1.0,-1.0,-1.0,-1.0,-1.0,-1.0,-1.0,-1.0,-1.0,-1.0,-1.0,-1.0,-1.0,-1.0,-1.0,-1.0,-1.0,-1.0,-1.0,-1.0,-1.0,-1.0,-1.0,-1.0,-1.0,-1.0,-1.0,-1.0,-1.0,-1.0,-1.0,-1.0,-1.0,-1.0,-1.0,-1.0,-1.0,-1.0,-1.0,-1.0,-1.0,-1.0,-1.0,-1.0,-1.0,-1.0,-1.0,-1.0,-1.0,-1.0,-1.0,-1.0,-1.0,-1.0,-1.0,-1.0,-1.0,-1.0,-1.0,-1.0,-1.0,-1.0,-1.0,-1.0,-1.0,-1.0,-1.0,-1.0,-1.0,-1.0,-1.0,-1.0,-1.0,-1.0,-1.0,-1.0,-1.0,-1.0,-1.0,-1.0,-1.0,-1.0,-1.0,-1.0,-1.0,-1.0,-1.0,-1.0,-1.0,-1.0,-1.0,-1.0,-1.0,-1.0,-1.0,-1.0,-1.0,-1.0,-1.0,-1.0,-1.0,-1.0,-1.0,-1.0,-1.0,-1.0,-1.0,-1.0,-1.0,-1.0,-1.0,-1.0,-1.0,-1.0,-1.0,-1.0,-1.0,-1.0,-1.0,-1.0,-1.0,-1.0,-1.0,-1.0,-1.0,-1.0,-1.0,-1.0,-1.0,-1.0,-1.0,-1.0,-1.0,-1.0,-1.0,-1.0,-1.0,-1.0,-1.0,-1.0,-1.0,-1.0,-1.0,-1.0,-1.0,-1.0,-1.0,-1.0,-1.0,-1.0,-1.0,-1.0,-1.0,-1.0,-1.0,-1.0
-1.0,-1.0,-1.0,-1.0,-1.0,-1.0,-1.0,-1.0,-1.0,-1.0,-1.0,-1.0,-1.0,-1.0,-1.0,-1.0,-1.0,-1.0,-1.0,1.0,1.0,1.0,1.0,1.0,1.0,1.0,1.0,-1.0,-1.0,-1.0,-1.0,-1.0,-1.0,-1.0,-1.0,-1.0,-1.0,-1.0,-1.0,-1.0,-1.0,-1.0,-1.0,-1.0,-1.0,-1.0,-1.0,-1.0,-1.0,-1.0,-1.0,-1.0,-1.0,-1.0,-1.0,-1.0,-1.0,-1.0,-1.0,-1.0,-1.0,-1.0,-1.0,-1.0,-1.0,-1.0,-1.0,-1.0,-1.0,-1.0,-1.0,-1.0,-1.0,-1.0,-1.0,-1.0,-1.0,-1.0,-1.0,-1.0,-1.0,-1.0,-1.0,-1.0,-1.0,-1.0,-1.0,-1.0,1.0,1.0,1.0,1.0,1.0,1.0,-1.0,-1.0,-1.0,-1.0,-1.0,-1.0,-1.0,-1.0,-1.0,-1.0,-1.0,-1.0,-1.0,-1.0,-1.0,-1.0,-1.0,-1.0,-1.0,-1.0,-1.0,-1.0,-1.0,-1.0,-1.0,-1.0,-1.0,-1.0,-1.0,-1.0,-1.0,-1.0,-1.0,-1.0,-1.0,-1.0,-1.0,-1.0,-1.0,-1.0,-1.0,-1.0,-1.0,-1.0,-1.0,-1.0,-1.0,-1.0,-1.0,1.0,-1.0,-1.0,-1.0,1.0,-1.0,-1.0,-1.0,1.0,-1.0,-1.0,-1.0,1.0,-1.0,-1.0,-1.0,1.0,-1.0,-1.0,-1.0,1.0,-1.0,-1.0,-1.0,1.0,-1.0,-1.0,-1.0,-1.0,1.0,-1.0,-1.0,-1.0,-1.0,-1.0,-1.0,1.0,-1.0,-1.0,-1.0,-1.0,-1.0,-1.0,-1.0,1.0,-1.0,-1.0,-1.0,-1.0,-1.0,-1.0,1.0,-1.0,-1.0,-1.0,-1.0,-1.0,-1.0,1.0,-1.0,-1.0,-1.0,-1.0,-1.0,-1.0,1.0,-1.0,-1.0,-1.0,-1.0,-1.0,-1.0,-1.0,-1.0,-1.0,1.0,-1.0,-1.0,-1.0,-1.0,-1.0,-1.0,-1.0,1.0,-1.0,-1.0,-1.0,-1.0,-1.0,-1.0,-1.0,-1.0,-1.0,-1.0,-1.0,-1.0,-1.0,1.0,-1.0,-1.0,-1.0,-1.0,-1.0,-1.0,-1.0,-1.0,-1.0,1.0,-1.0,-1.0,-1.0,-1.0,-1.0,-1.0,1.0,-1.0,-1.0,-1.0,-1.0,-1.0,-1.0,-1.0,-1.0,-1.0,1.0,-1.0,-1.0,-1.0,-1.0,-1.0,-1.0,-1.0,-1.0,-1.0,-1.0,-1.0,1.0,-1.0,-1.0,-1.0,-1.0,-1.0,-1.0,-1.0,-1.0,-1.0,-1.0,-1.0,1.0,-1.0,-1.0,-1.0,-1.0,-1.0,1.0,-1.0,-1.0,-1.0,-1.0,-1.0,-1.0,1.0,-1.0,-1.0,-1.0,-1.0,-1.0,-1.0,-1.0,-1.0,-1.0,-1.0,-1.0,1.0,-1.0,-1.0,-1.0,-1.0,-1.0,-1.0,-1.0,1.0,-1.0,-1.0,-1.0,-1.0,-1.0,-1.0,-1.0,-1.0,-1.0,-1.0,1.0,-1.0,-1.0,-1.0,-1.0,-1.0,-1.0,-1.0,1.0,-1.0,-1.0,-1.0,-1.0,-1.0,-1.0,-1.0,-1.0,-1.0,-1.0,-1.0,-1.0,1.0,-1.0,-1.0,-1.0,-1.0,-1.0,-1.0,-1.0,-1.0,-1.0,-1.0,-1.0,-1.0,1.0,-1.0,-1.0,-1.0,-1.0,-1.0,-1.0,-1.0,-1.0,1.0,-1.0,-1.0,-1.0,-1.0,-1.0,1.0,-1.0,-1.0,-1.0,-1.0,-1.0,-1.0,-1.0,-1.0,1.0,-1.0,-1.0,-1.0,-1.0,-1.0,-1.0,1.0,-1.0,-1.0,-1.0,-1.0,-1.0,-1.0,-1.0,-1.0,-1.0,-1.0,-1.0,-1.0,-1.0,-1.0,1.0,-1.0,-1.0,-1.0,-1.0,-1.0,-1.0,1.0,-1.0,-1.0,-1.0,-1.0,-1.0,-1.0,-1.0,1.0,-1.0,-1.0,-1.0,-1.0,-1.0,-1.0,-1.0,-1.0,-1.0,-1.0,-1.0,1.0,-1.0,-1.0,-1.0,-1.0,-1.0,-1.0,-1.0,-1.0,1.0,-1.0,-1.0,-1.0,-1.0,-1.0,1.0,-1.0,-1.0,-1.0,-1.0,-1.0,-1.0,-1.0,1.0,-1.0,-1.0,-1.0,-1.0,-1.0,-1.0,-1.0,-1.0,-1.0,-1.0,1.0,-1.0,-1.0,-1.0,-1.0,-1.0,-1.0,-1.0,1.0,-1.0,-1.0,-1.0,-1.0,-1.0,-1.0,-1.0,-1.0,-1.0,-1.0,-1.0,1.0,-1.0,-1.0,-1.0,-1.0,-1.0,-1.0,-1.0,-1.0,-1.0,-1.0,-1.0,-1.0,1.0,-1.0,-1.0,-1.0,-1.0,-1.0,-1.0,-1.0,1.0,-1.0,-1.0,-1.0,-1.0,-1.0,1.0,-1.0,-1.0,-1.0,-1.0,-1.0,-1.0,-1.0,-1.0,-1.0,-1.0,-1.0,1.0,-1.0,-1.0,-1.0,-1.0,-1.0,-1.0,-1.0,-1.0,-1.0,1.0,-1.0,-1.0,-1.0,-1.0,-1.0,-1.0,-1.0,-1.0,-1.0,-1.0,-1.0,-1.0,-1.0,1.0,-1.0,-1.0,-1.0,-1.0,-1.0,-1.0,-1.0,-1.0,-1.0,1.0,-1.0,-1.0,-1.0,-1.0,-1.0,1.0,-1.0,-1.0,-1.0,-1.0,-1.0,-1.0,1.0,-1.0,-1.0,-1.0,-1.0,-1.0,-1.0,1.0,-1.0,-1.0,-1.0,-1.0,-1.0,-1.0,-1.0,-1.0,1.0,-1.0,-1.0,-1.0,-1.0,-1.0,-1.0,1.0,-1.0,-1.0,-1.0,-1.0,-1.0,-1.0,-1.0,-1.0,-1.0,1.0,-1.0,-1.0,-1.0,-1.0,-1.0,-1.0,-1.0,-1.0,1.0,-1.0,-1.0,-1.0,-1.0,-1.0,-1.0,-1.0,-1.0,-1.0,-1.0,-1.0,1.0,-1.0,-1.0,-1.0,-1.0,-1.0,1.0,-1.0,-1.0,-1.0,-1.0,-1.0,-1.0,-1.0,-1.0,-1.0,-1.0,-1.0,-1.0,-1.0,-1.0,-1.0,-1.0,-1.0,-1.0,-1.0,-1.0,-1.0,-1.0,-1.0,-1.0,-1.0,-1.0,-1.0,-1.0,-1.0,-1.0,-1.0,-1.0,-1.0,-1.0,-1.0,-1.0,-1.0,-1.0,-1.0,-1.0,-1.0,-1.0,-1.0,-1.0,-1.0,-1.0,-1.0,-1.0,-1.0,-1.0,-1.0,-1.0,-1.0,-1.0,-1.0,-1.0,-1.0,-1.0,-1.0,-1.0,-1.0,-1.0,-1.0,-1.0,-1.0,-1.0,-1.0,-1.0,-1.0,-1.0,-1.0,-1.0,-1.0,-1.0,-1.0,-1.0,-1.0,-1.0
-1.0,-1.0,-1.0,-1.0,-1.0,-1.0,-1.0,-1.0,-1.0,-1.0,-1.0,-1.0,-1.0,-1.0,-1.0,-1.0,-1.0,-1.0,-1.0,-1.0,-1.0,-1.0,-1.0,-1.0,-1.0,-1.0,-1.0,-1.0,-1.0,-1.0,-1.0,-1.0,-1.0,-1.0,-1.0,-1.0,-1.0,-1.0,-1.0,-1.0,-1.0,-1.0,-1.0,-1.0,-1.0,-1.0,-1.0,-1.0,-1.0,-1.0,-1.0,-1.0,-1.0,-1.0,-1.0,-1.0,-1.0,-1.0,-1.0,-1.0,-1.0,-1.0,-1.0,-1.0,-1.0,-1.0,-1.0,-1.0,-1.0,-1.0,-1.0,-1.0,-1.0,-1.0,-1.0,-1.0,-1.0,-1.0,-1.0,-1.0,-1.0,-1.0,-1.0,-1.0,-1.0,-1.0,-1.0,-1.0,-1.0,-1.0,-1.0,-1.0,-1.0,-1.0,-1.0,-1.0,-1.0,-1.0,-1.0,-1.0,-1.0,-1.0,-1.0,-1.0,-1.0,-1.0,-1.0,-1.0,-1.0,-1.0,-1.0,-1.0,-1.0,-1.0,-1.0,-1.0,-1.0,-1.0,-1.0,-1.0,-1.0,-1.0,-1.0,-1.0,-1.0,-1.0,-1.0,-1.0,-1.0,-1.0,-1.0,-1.0,-1.0,-1.0,-1.0,-1.0,-1.0,-1.0,-1.0,-1.0,-1.0,-1.0,-1.0,-1.0,-1.0,-1.0,-1.0,-1.0,-1.0,-1.0,-1.0,-1.0,-1.0,-1.0,-1.0,-1.0,-1.0,-1.0,-1.0,-1.0,-1.0,-1.0,-1.0,-1.0,-1.0,-1.0,-1.0,-1.0,-1.0,-1.0,-1.0,-1.0,-1.0,-1.0,-1.0,-1.0,-1.0,-1.0,-1.0,-1.0,-1.0,-1.0,-1.0,-1.0,-1.0,-1.0,-1.0,-1.0,-1.0,-1.0,-1.0,-1.0,-1.0,-1.0,-1.0,-1.0,-1.0,-1.0,-1.0,-1.0,-1.0,-1.0,-1.0,-1.0,-1.0,-1.0,-1.0,-1.0,-1.0,-1.0,-1.0,-1.0,-1.0,-1.0,-1.0,-1.0,-1.0,-1.0,-1.0,-1.0,-1.0,-1.0,-1.0,-1.0,-1.0,-1.0,-1.0,-1.0,-1.0,-1.0,-1.0,-1.0,-1.0,-1.0,-1.0,-1.0,-1.0,-1.0,-1.0,-1.0,-1.0,-1.0,-1.0,-1.0,-1.0,-1.0,-1.0,-1.0,-1.0,-1.0,-1.0,-1.0,-1.0,-1.0,-1.0,-1.0,-1.0,-1.0,-1.0,-1.0,-1.0,-1.0,-1.0,-1.0,-1.0,-1.0,-1.0,-1.0,-1.0,-1.0,-1.0,-1.0,-1.0,-1.0,-1.0,-1.0,-1.0,-1.0,-1.0,-1.0,-1.0,-1.0,-1.0,-1.0,-1.0,-1.0,-1.0,-1.0,-1.0,-1.0,-1.0,-1.0,-1.0,-1.0,-1.0,-1.0,-1.0,-1.0,-1.0,-1.0,-1.0,-1.0,-1.0,-1.0,-1.0,-1.0,-1.0,-1.0,-1.0,-1.0,-1.0,-1.0,-1.0,-1.0,-1.0,-1.0,-1.0,-1.0,-1.0,-1.0,-1.0,-1.0,-1.0,-1.0,-1.0,-1.0,-1.0,-1.0,-1.0,-1.0,-1.0,-1.0,-1.0,-1.0,-1.0,-1.0,-1.0,-1.0,-1.0,-1.0,-1.0,-1.0,-1.0,-1.0,-1.0,-1.0,-1.0,-1.0,-1.0,-1.0,-1.0,-1.0,-1.0,-1.0,-1.0,-1.0,-1.0,-1.0,-1.0,-1.0,-1.0,-1.0,-1.0,-1.0,-1.0,-1.0,-1.0,-1.0,-1.0,-1.0,-1.0,-1.0,-1.0,-1.0,-1.0,-1.0,-1.0,-1.0,-1.0,-1.0,-1.0,-1.0,-1.0,-1.0,-1.0,-1.0,-1.0,-1.0,-1.0,-1.0,-1.0,-1.0,-1.0,-1.0,-1.0,-1.0,-1.0,-1.0,-1.0,-1.0,-1.0,-1.0,-1.0,-1.0,-1.0,-1.0,-1.0,-1.0,-1.0,-1.0,-1.0,-1.0,-1.0,-1.0,-1.0,-1.0,-1.0,-1.0,-1.0,-1.0,-1.0,-1.0,-1.0,-1.0,-1.0,-1.0,-1.0,-1.0,-1.0,-1.0,-1.0,-1.0,-1.0,-1.0,-1.0,-1.0,-1.0,-1.0,-1.0,-1.0,-1.0,-1.0,-1.0,-1.0,-1.0,-1.0,-1.0,-1.0,-1.0,-1.0,-1.0,-1.0,-1.0,-1.0,-1.0,-1.0,-1.0,-1.0,-1.0,-1.0,-1.0,-1.0,-1.0,-1.0,-1.0,-1.0,-1.0,-1.0,-1.0,-1.0,-1.0,-1.0,-1.0,-1.0,-1.0,-1.0,-1.0,-1.0,-1.0,-1.0,-1.0,-1.0,-1.0,-1.0,-1.0,-1.0,-1.0,-1.0,-1.0,-1.0,-1.0,-1.0,-1.0,-1.0,-1.0,-1.0,-1.0,-1.0,-1.0,-1.0,-1.0,-1.0,-1.0,-1.0,-1.0,-1.0,-1.0,-1.0,-1.0,-1.0,-1.0,-1.0,-1.0,-1.0,-1.0,-1.0,-1.0,-1.0,-1.0,-1.0,-1.0,-1.0,-1.0,-1.0,-1.0,-1.0,-1.0,-1.0,-1.0,-1.0,-1.0,-1.0,-1.0,-1.0,-1.0,-1.0,-1.0,-1.0,-1.0,-1.0,-1.0,-1.0,-1.0,-1.0,-1.0,-1.0,-1.0,-1.0,-1.0,-1.0,-1.0,-1.0,-1.0,-1.0,-1.0,-1.0,-1.0,-1.0,-1.0,-1.0,-1.0,-1.0,-1.0,-1.0,-1.0,-1.0,-1.0,-1.0,-1.0,-1.0,-1.0,-1.0,-1.0,-1.0,-1.0,-1.0,-1.0,-1.0,-1.0,-1.0,-1.0,-1.0,-1.0,-1.0,-1.0,-1.0,-1.0,-1.0,-1.0,-1.0,-1.0,-1.0,-1.0,-1.0,-1.0,-1.0,-1.0,-1.0,-1.0,-1.0,-1.0,-1.0,-1.0,-1.0,-1.0,-1.0,-1.0,-1.0,-1.0,-1.0,-1.0,-1.0,-1.0,-1.0,-1.0,-1.0,-1.0,-1.0,-1.0,-1.0,-1.0,-1.0,-1.0,-1.0,-1.0,-1.0,-1.0,-1.0,-1.0,-1.0,-1.0,-1.0,-1.0,-1.0,-1.0,-1.0,-1.0,-1.0,-1.0,-1.0,-1.0,-1.0,-1.0,-1.0,-1.0,-1.0,-1.0,-1.0,-1.0,-1.0,-1.0,-1.0,-1.0,-1.0,-1.0,-1.0,-1.0,-1.0,-1.0,-1.0,-1.0,-1.0,-1.0,-1.0,-1.0,-1.0,-1.0,-1.0,-1.0,-1.0,-1.0,-1.0,-1.0,-1.0,-1.0,-1.0,-1.0,-1.0,-1.0,-1.0,-1.0,-1.0,-1.0,-1.0,-1.0,-1.0,-1.0,-1.0,-1.0,-1.0,-1.0,-1.0,-1.0,-1.0,-1.0,-1.0,-1.0,-1.0,-1.0,-1.0,-1.0,-1.0,-1.0,-1.0,-1.0,-1.0,-1.0,-1.0,-1.0,-1.0,-1.0,-1.0,-1.0,-1.0,-1.0,-1.0,-1.0,-1.0,-1.0,-1.0,-1.0
-1.0,-1.0,-1.0,-1.0,-1.0,-1.0,-1.0,-1.0,-1.0,-1.0,1.0,1.0,1.0,1.0,1.0,1.0,1.0,1.0,-1.0,-1.0,-1.0,-1.0,-1.0,-1.0,-1.0,-1.0,-1.0,-1.0,-1.0,1.0,1.0,1.0,1.0,1.0,-1.0,-1.0,-1.0,1.0,1.0,1.0,1.0,1.0,1.0,1.0,1.0,1.0,1.0,-1.0,1.0,1.0,1.0,1.0,1.0,-1.0,1.0,1.0,1.0,1.0,1.0,1.0,1.0,1.0,-1.0,1.0,1.0,1.0,1.0,1.0,1.0,1.0,1.0,-1.0,1.0,1.0,1.0,1.0,1.0,1.0,1.0,1.0,1.0,1.0,1.0,-1.0,-1.0,1.0,1.0,1.0,-1.0,-1.0,-1.0,-1.0,-1.0,-1.0,1.0,1.0,1.0,1.0,1.0,1.0,1.0,1.0,1.0,1.0,1.0,1.0,1.0,1.0,1.0,1.0,1.0,1.0,1.0,1.0,1.0,1.0,1.0,1.0,1.0,1.0,1.0,1.0,1.0,-1.0,-1.0,-1.0,1.0,1.0,-1.0,-1.0,-1.0,-1.0,-1.0,-1.0,-1.0,1.0,1.0,1.0,-1.0,-1.0,-1.0,-1.0,-1.0,-1.0,-1.0,-1.0,-1.0,-1.0,-1.0,-1.0,-1.0,-1.0,-1.0,-1.0,-1.0,-1.0,-1.0,-1.0,-1.0,-1.0,-1.0,-1.0,-1.0,-1.0,-1.0,-1.0,-1.0,-1.0,-1.0,-1.0,-1.0,-1.0,-1.0,-1.0,-1.0,-1.0,-1.0,-1.0,-1.0,-1.0,-1.0,-1.0,-1.0,-1.0,-1.0,-1.0,-1.0,-1.0,-1.0,-1.0,-1.0,-1.0,-1.0,-1.0,-1.0,-1.0,-1.0,-1.0,-1.0,-1.0,-1.0,-1.0,-1.0,-1.0,-1.0,-1.0,-1.0,-1.0,-1.0,-1.0,-1.0,-1.0,-1.0,-1.0,-1.0,-1.0,-1.0,-1.0,-1.0,-1.0,-1.0,-1.0,-1.0,-1.0,-1.0,-1.0,-1.0,-1.0,-1.0,-1.0,-1.0,-1.0,-1.0,-1.0,-1.0,-1.0,-1.0,-1.0,-1.0,-1.0,-1.0,-1.0,-1.0,-1.0,-1.0,-1.0,-1.0,-1.0,-1.0,-1.0,-1.0,-1.0,-1.0,-1.0,-1.0,-1.0,-1.0,-1.0,-1.0,-1.0,-1.0,-1.0,-1.0,-1.0,-1.0,-1.0,-1.0,-1.0,-1.0,-1.0,-1.0,-1.0,-1.0,-1.0,-1.0,-1.0,-1.0,-1.0,-1.0,-1.0,-1.0,-1.0,-1.0,-1.0,-1.0,-1.0,-1.0,-1.0,-1.0,-1.0,-1.0,-1.0,-1.0,-1.0,-1.0,-1.0,-1.0,-1.0,-1.0,-1.0,-1.0,-1.0,-1.0,-1.0,-1.0,-1.0,-1.0,-1.0,-1.0,-1.0,-1.0,-1.0,-1.0,-1.0,-1.0,-1.0,-1.0,-1.0,-1.0,-1.0,-1.0,-1.0,-1.0,-1.0,-1.0,-1.0,-1.0,-1.0,-1.0,-1.0,-1.0,-1.0,-1.0,-1.0,-1.0,-1.0,-1.0,-1.0,-1.0,-1.0,-1.0,-1.0,-1.0,-1.0,-1.0,-1.0,-1.0,-1.0,-1.0,-1.0,-1.0,-1.0,-1.0,-1.0,-1.0,-1.0,-1.0,-1.0,-1.0,-1.0,-1.0,-1.0,-1.0,-1.0,-1.0,-1.0,-1.0,-1.0,-1.0,-1.0,-1.0,-1.0,-1.0,-1.0,-1.0,-1.0,-1.0,-1.0,-1.0,-1.0,-1.0,-1.0,-1.0,-1.0,-1.0,-1.0,-1.0,-1.0,-1.0,-1.0,-1.0,-1.0,-1.0,-1.0,-1.0,-1.0,-1.0,-1.0,-1.0,-1.0,-1.0,-1.0,-1.0,-1.0,-1.0,-1.0,-1.0,-1.0,-1.0,-1.0,-1.0,-1.0,-1.0,-1.0,-1.0,-1.0,-1.0,-1.0,-1.0,-1.0,-1.0,-1.0,-1.0,-1.0,-1.0,-1.0,-1.0,-1.0,-1.0,-1.0,-1.0,-1.0,-1.0,-1.0,-1.0,-1.0,-1.0,-1.0,-1.0,-1.0,-1.0,-1.0,-1.0,-1.0,-1.0,-1.0,-1.0,-1.0,-1.0,-1.0,-1.0,-1.0,-1.0,-1.0,-1.0,-1.0,-1.0,-1.0,-1.0,-1.0,-1.0,-1.0,-1.0,-1.0,-1.0,-1.0,-1.0,-1.0,-1.0,-1.0,-1.0,-1.0,-1.0,-1.0,-1.0,-1.0,-1.0,-1.0,-1.0,-1.0,-1.0,-1.0,-1.0,-1.0,-1.0,-1.0,-1.0,-1.0,-1.0,-1.0,-1.0,-1.0,-1.0,-1.0,-1.0,-1.0,-1.0,-1.0,-1.0,-1.0,-1.0,-1.0,-1.0,-1.0,-1.0,-1.0,-1.0,-1.0,-1.0,-1.0,-1.0,-1.0,-1.0,-1.0,-1.0,-1.0,-1.0,-1.0,-1.0,-1.0,-1.0,-1.0,-1.0,-1.0,-1.0,-1.0,-1.0,-1.0,-1.0,-1.0,-1.0,-1.0,-1.0,-1.0,-1.0,-1.0,-1.0,-1.0,-1.0,-1.0,-1.0,-1.0,-1.0,-1.0,-1.0,-1.0,-1.0,-1.0,-1.0,-1.0,-1.0,-1.0,-1.0,-1.0,-1.0,-1.0,-1.0,-1.0,-1.0,-1.0,-1.0,-1.0,-1.0,-1.0,-1.0,-1.0,-1.0,-1.0,-1.0,-1.0,-1.0,-1.0,-1.0,-1.0,-1.0,-1.0,-1.0,-1.0,-1.0,-1.0,-1.0,-1.0,-1.0,-1.0,-1.0,-1.0,-1.0,-1.0,-1.0,-1.0,-1.0,-1.0,-1.0,-1.0,-1.0,-1.0,-1.0,-1.0,-1.0,-1.0,-1.0,-1.0,-1.0,-1.0,-1.0,-1.0,-1.0,-1.0,-1.0,-1.0,-1.0,-1.0,-1.0,-1.0,-1.0,-1.0,-1.0,-1.0,-1.0,-1.0,-1.0,-1.0,-1.0,-1.0,-1.0,-1.0,-1.0,-1.0,-1.0,-1.0,-1.0,-1.0,-1.0,-1.0,-1.0,-1.0,-1.0,-1.0,-1.0,-1.0,-1.0,-1.0,-1.0,-1.0,-1.0,-1.0,-1.0,-1.0,-1.0,-1.0,-1.0,-1.0,-1.0,-1.0,-1.0,-1.0,-1.0,-1.0,1.0,1.0,1.0,1.0,1.0,1.0,1.0,-1.0,-1.0,-1.0,1.0,1.0,1.0,-1.0,-1.0,1.0,1.0,1.0,1.0,-1.0,1.0,1.0,1.0,-1.0,-1.0,-1.0,-1.0,1.0,1.0,1.0,1.0,1.0,1.0,1.0,1.0,1.0,1.0,1.0,1.0,1.0,1.0,1.0,1.0,1.0,1.0,1.0,1.0,1.0,1.0,1.0,1.0,1.0,1.0,1.0,1.0,1.0,-1.0,-1.0,-1.0,-1.0,-1.0,-1.0,-1.0
-1.0,-1.0,-1.0,-1.0,-1.0,-1.0,-1.0,-1.0,-1.0,-1.0,-1.0,-1.0,-1.0,-1.0,-1.0,-1.0,-1.0,-1.0,-1.0,-1.0,-1.0,-1.0,-1.0,-1.0,-1.0,-1.0,-1.0,-1.0,-1.0,-1.0,-1.0,-1.0,-1.0,-1.0,-1.0,-1.0,-1.0,-1.0,-1.0,-1.0,-1.0,-1.0,-1.0,-1.0,-1.0,-1.0,-1.0,-1.0,-1.0,-1.0,-1.0,-1.0,-1.0,-1.0,-1.0,-1.0,-1.0,-1.0,-1.0,-1.0,-1.0,-1.0,-1.0,-1.0,-1.0,-1.0,-1.0,-1.0,-1.0,-1.0,-1.0,-1.0,-1.0,-1.0,-1.0,-1.0,-1.0,-1.0,-1.0,-1.0,-1.0,-1.0,-1.0,-1.0,-1.0,-1.0,-1.0,-1.0,-1.0,-1.0,-1.0,-1.0,-1.0,-1.0,-1.0,-1.0,-1.0,-1.0,-1.0,-1.0,-1.0,-1.0,-1.0,-1.0,-1.0,-1.0,-1.0,-1.0,-1.0,-1.0,-1.0,-1.0,-1.0,-1.0,-1.0,-1.0,-1.0,-1.0,-1.0,-1.0,-1.0,-1.0,-1.0,-1.0,-1.0,-1.0,-1.0,-1.0,-1.0,-1.0,-1.0,-1.0,-1.0,-1.0,-1.0,-1.0,-1.0,-1.0,-1.0,-1.0,-1.0,-1.0,-1.0,-1.0,-1.0,-1.0,-1.0,-1.0,-1.0,-1.0,-1.0,-1.0,-1.0,-1.0,-1.0,-1.0,-1.0,-1.0,-1.0,-1.0,-1.0,-1.0,-1.0,-1.0,-1.0,-1.0,-1.0,-1.0,-1.0,-1.0,-1.0,-1.0,-1.0,-1.0,-1.0,-1.0,-1.0,-1.0,-1.0,-1.0,-1.0,-1.0,-1.0,-1.0,-1.0,-1.0,-1.0,-1.0,-1.0,-1.0,-1.0,-1.0,-1.0,-1.0,-1.0,-1.0,-1.0,-1.0,-1.0,-1.0,-1.0,-1.0,-1.0,-1.0,-1.0,-1.0,-1.0,-1.0,-1.0,-1.0,-1.0,-1.0,-1.0,-1.0,-1.0,-1.0,-1.0,-1.0,-1.0,-1.0,-1.0,-1.0,-1.0,-1.0,-1.0,-1.0,-1.0,-1.0,-1.0,-1.0,-1.0,-1.0,-1.0,-1.0,-1.0,-1.0,-1.0,-1.0,-1.0,-1.0,-1.0,-1.0,-1.0,-1.0,-1.0,-1.0,-1.0,-1.0,-1.0,-1.0,-1.0,-1.0,-1.0,-1.0,-1.0,-1.0,-1.0,-1.0,-1.0,-1.0,-1.0,-1.0,-1.0,-1.0,-1.0,-1.0,-1.0,-1.0,-1.0,-1.0,-1.0,-1.0,-1.0,-1.0,-1.0,-1.0,-1.0,-1.0,-1.0,-1.0,-1.0,-1.0,-1.0,-1.0,-1.0,-1.0,-1.0,-1.0,-1.0,-1.0,-1.0,-1.0,-1.0,-1.0,-1.0,-1.0,-1.0,-1.0,-1.0,-1.0,-1.0,-1.0,-1.0,-1.0,-1.0,-1.0,-1.0,-1.0,-1.0,-1.0,-1.0,-1.0,-1.0,-1.0,-1.0,-1.0,-1.0,-1.0,-1.0,-1.0,-1.0,-1.0,-1.0,-1.0,-1.0,-1.0,-1.0,-1.0,-1.0,-1.0,-1.0,-1.0,-1.0,-1.0,-1.0,-1.0,-1.0,-1.0,-1.0,-1.0,-1.0,-1.0,-1.0,-1.0,-1.0,-1.0,-1.0,-1.0,-1.0,-1.0,-1.0,-1.0,-1.0,-1.0,-1.0,-1.0,-1.0,-1.0,-1.0,-1.0,-1.0,-1.0,-1.0,-1.0,-1.0,-1.0,-1.0,-1.0,-1.0,-1.0,-1.0,-1.0,-1.0,-1.0,-1.0,-1.0,-1.0,-1.0,-1.0,-1.0,-1.0,-1.0,-1.0,-1.0,-1.0,-1.0,-1.0,-1.0,-1.0,-1.0,-1.0,-1.0,-1.0,-1.0,-1.0,-1.0,-1.0,-1.0,-1.0,-1.0,-1.0,-1.0,-1.0,-1.0,-1.0,-1.0,-1.0,-1.0,-1.0,-1.0,-1.0,-1.0,-1.0,-1.0,-1.0,-1.0,-1.0,-1.0,-1.0,-1.0,-1.0,-1.0,-1.0,-1.0,-1.0,-1.0,-1.0,-1.0,-1.0,-1.0,-1.0,-1.0,-1.0,-1.0,-1.0,-1.0,-1.0,-1.0,-1.0,-1.0,-1.0,-1.0,-1.0,-1.0,-1.0,-1.0,-1.0,-1.0,-1.0,-1.0,-1.0,-1.0,-1.0,-1.0,-1.0,-1.0,-1.0,-1.0,-1.0,-1.0,-1.0,-1.0,-1.0,-1.0,-1.0,-1.0,-1.0,-1.0,-1.0,-1.0,-1.0,-1.0,-1.0,-1.0,-1.0,-1.0,-1.0,-1.0,-1.0,-1.0,-1.0,-1.0,-1.0,-1.0,-1.0,-1.0,-1.0,-1.0,-1.0,-1.0,-1.0,-1.0,-1.0,-1.0,-1.0,-1.0,-1.0,-1.0,-1.0,-1.0,-1.0,-1.0,-1.0,-1.0,-1.0,-1.0,-1.0,-1.0,-1.0,-1.0,-1.0,-1.0,-1.0,-1.0,-1.0,-1.0,-1.0,-1.0,-1.0,-1.0,-1.0,-1.0,-1.0,-1.0,-1.0,-1.0,-1.0,-1.0,-1.0,-1.0,-1.0,-1.0,-1.0,-1.0,-1.0,-1.0,-1.0,-1.0,-1.0,-1.0,-1.0,-1.0,-1.0,-1.0,-1.0,-1.0,-1.0,-1.0,-1.0,-1.0,-1.0,-1.0,-1.0,-1.0,-1.0,-1.0,-1.0,-1.0,-1.0,-1.0,-1.0,-1.0,-1.0,-1.0,-1.0,-1.0,-1.0,-1.0,-1.0,-1.0,-1.0,-1.0,-1.0,-1.0,-1.0,-1.0,-1.0,-1.0,-1.0,-1.0,-1.0,-1.0,-1.0,-1.0,-1.0,-1.0,-1.0,-1.0,-1.0,-1.0,-1.0,-1.0,-1.0,-1.0,-1.0,-1.0,-1.0,-1.0,-1.0,-1.0,-1.0,-1.0,-1.0,-1.0,-1.0,-1.0,-1.0,-1.0,-1.0,-1.0,-1.0,-1.0,-1.0,-1.0,-1.0,-1.0,-1.0,-1.0,-1.0,-1.0,-1.0,-1.0,-1.0,-1.0,-1.0,-1.0,-1.0,-1.0,-1.0,-1.0,-1.0,-1.0,-1.0,-1.0,-1.0,-1.0,-1.0,-1.0,-1.0,-1.0,-1.0,-1.0,-1.0,-1.0,-1.0,-1.0,-1.0,-1.0,-1.0,-1.0,-1.0,-1.0,-1.0,-1.0,-1.0,-1.0,-1.0,-1.0,-1.0,-1.0,-1.0,-1.0,-1.0,-1.0,-1.0,-1.0,-1.0,-1.0,-1.0,-1.0,-1.0,-1.0,-1.0,-1.0,-1.0,-1.0,-1.0,-1.0,-1.0,-1.0,-1.0,-1.0,-1.0,-1.0,-1.0,-1.0,-1.0,-1.0,-1.0,-1.0,-1.0,-1.0,-1.0,-1.0,-1.0,-1.0,-1.0,-1.0,-1.0,-1.0,-1.0,-1.0,-1.0,-1.0,-1.0,-1.0,-1.0,-1.0,-1.0,-1.0,-1.0,-1.0,-1.0,-1.0,-1.0,-1.0,-1.0,-1.0,-1.0,-1.0,-1.0
-1.0,-1.0,-1.0,-1.0,-1.0,-1.0,-1.0,-1.0,-1.0,-1.0,-1.0,-1.0,-1.0,-1.0,-1.0,-1.0,-1.0,-1.0,-1.0,-1.0,-1.0,-1.0,-1.0,-1.0,-1.0,-1.0,-1.0,-1.0,-1.0,-1.0,-1.0,-1.0,-1.0,-1.0,-1.0,-1.0,-1.0,-1.0,-1.0,-1.0,-1.0,-1.0,-1.0,-1.0,-1.0,-1.0,-1.0,-1.0,-1.0,-1.0,-1.0,-1.0,-1.0,-1.0,-1.0,-1.0,-1.0,-1.0,-1.0,-1.0,-1.0,-1.0,-1.0,-1.0,-1.0,-1.0,-1.0,-1.0,-1.0,-1.0,-1.0,-1.0,-1.0,-1.0,-1.0,-1.0,-1.0,-1.0,-1.0,-1.0,-1.0,-1.0,-1.0,1.0,1.0,-1.0,-1.0,-1.0,-1.0,-1.0,-1.0,-1.0,-1.0,-1.0,-1.0,-1.0,-1.0,-1.0,-1.0,-1.0,-1.0,-1.0,-1.0,-1.0,-1.0,-1.0,-1.0,-1.0,-1.0,-1.0,-1.0,-1.0,-1.0,-1.0,-1.0,-1.0,-1.0,-1.0,-1.0,-1.0,-1.0,-1.0,-1.0,-1.0,-1.0,-1.0,-1.0,-1.0,-1.0,-1.0,-1.0,-1.0,-1.0,-1.0,-1.0,-1.0,-1.0,-1.0,-1.0,-1.0,-1.0,-1.0,-1.0,-1.0,-1.0,-1.0,-1.0,-1.0,-1.0,-1.0,-1.0,-1.0,-1.0,-1.0,-1.0,-1.0,-1.0,-1.0,-1.0,-1.0,-1.0,-1.0,-1.0,-1.0,-1.0,-1.0,-1.0,-1.0,-1.0,-1.0,-1.0,-1.0,-1.0,-1.0,-1.0,-1.0,-1.0,-1.0,-1.0,-1.0,-1.0,-1.0,-1.0,-1.0,-1.0,-1.0,-1.0,-1.0,-1.0,-1.0,-1.0,-1.0,-1.0,-1.0,-1.0,-1.0,-1.0,-1.0,-1.0,-1.0,-1.0,-1.0,-1.0,-1.0,-1.0,-1.0,-1.0,-1.0,-1.0,-1.0,-1.0,-1.0,-1.0,-1.0,-1.0,-1.0,-1.0,-1.0,-1.0,-1.0,-1.0,-1.0,-1.0,-1.0,-1.0,-1.0,-1.0,-1.0,-1.0,-1.0,-1.0,-1.0,-1.0,-1.0,-1.0,-1.0,-1.0,-1.0,-1.0,-1.0,-1.0,-1.0,-1.0,-1.0,-1.0,-1.0,-1.0,-1.0,-1.0,-1.0,-1.0,-1.0,-1.0,-1.0,-1.0,-1.0,-1.0,-1.0,-1.0,-1.0,-1.0,-1.0,-1.0,-1.0,-1.0,-1.0,-1.0,-1.0,-1.0,-1.0,-1.0,-1.0,-1.0,-1.0,-1.0,-1.0,-1.0,-1.0,-1.0,-1.0,-1.0,-1.0,-1.0,-1.0,-1.0,-1.0,-1.0,-1.0,-1.0,-1.0,-1.0,-1.0,-1.0,-1.0,-1.0,-1.0,-1.0,-1.0,-1.0,-1.0,-1.0,-1.0,-1.0,-1.0,-1.0,-1.0,-1.0,-1.0,-1.0,-1.0,-1.0,-1.0,-1.0,-1.0,-1.0,-1.0,-1.0,-1.0,-1.0,-1.0,-1.0,-1.0,-1.0,-1.0,-1.0,-1.0,-1.0,-1.0,-1.0,-1.0,-1.0,-1.0,-1.0,-1.0,-1.0,-1.0,-1.0,-1.0,-1.0,-1.0,-1.0,-1.0,-1.0,-1.0,-1.0,-1.0,-1.0,-1.0,-1.0,-1.0,-1.0,-1.0,-1.0,-1.0,-1.0,-1.0,-1.0,-1.0,-1.0,-1.0,-1.0,-1.0,-1.0,-1.0,-1.0,-1.0,-1.0,-1.0,-1.0,-1.0,-1.0,-1.0,-1.0,-1.0,-1.0,-1.0,-1.0,-1.0,-1.0,-1.0,-1.0,-1.0,-1.0,-1.0,-1.0,-1.0,-1.0,-1.0,-1.0,-1.0,-1.0,-1.0,-1.0,-1.0,-1.0,-1.0,-1.0,-1.0,-1.0,-1.0,-1.0,-1.0,-1.0,-1.0,-1.0,-1.0,-1.0,-1.0,-1.0,-1.0,-1.0,-1.0,-1.0,-1.0,-1.0,-1.0,-1.0,-1.0,-1.0,-1.0,-1.0,-1.0,-1.0,-1.0,-1.0,-1.0,-1.0,-1.0,-1.0,-1.0,-1.0,-1.0,-1.0,-1.0,-1.0,-1.0,-1.0,-1.0,-1.0,-1.0,-1.0,-1.0,-1.0,-1.0,-1.0,-1.0,-1.0,-1.0,-1.0,-1.0,-1.0,-1.0,-1.0,-1.0,-1.0,-1.0,-1.0,-1.0,-1.0,-1.0,-1.0,-1.0,-1.0,-1.0,-1.0,-1.0,-1.0,-1.0,-1.0,-1.0,-1.0,-1.0,-1.0,-1.0,-1.0,-1.0,-1.0,-1.0,-1.0,-1.0,-1.0,-1.0,-1.0,-1.0,-1.0,-1.0,-1.0,-1.0,-1.0,-1.0,-1.0,-1.0,-1.0,-1.0,-1.0,-1.0,-1.0,-1.0,-1.0,-1.0,-1.0,-1.0,-1.0,-1.0,-1.0,-1.0,-1.0,-1.0,-1.0,-1.0,-1.0,-1.0,-1.0,-1.0,-1.0,-1.0,-1.0,-1.0,-1.0,-1.0,-1.0,-1.0,-1.0,-1.0,-1.0,-1.0,-1.0,-1.0,-1.0,-1.0,-1.0,-1.0,-1.0,-1.0,-1.0,-1.0,-1.0,-1.0,-1.0,-1.0,-1.0,-1.0,-1.0,-1.0,-1.0,-1.0,-1.0,-1.0,-1.0,-1.0,-1.0,-1.0,-1.0,-1.0,-1.0,-1.0,-1.0,-1.0,-1.0,-1.0,-1.0,-1.0,-1.0,-1.0,-1.0,-1.0,-1.0,-1.0,-1.0,-1.0,-1.0,-1.0,-1.0,-1.0,-1.0,-1.0,-1.0,-1.0,-1.0,-1.0,-1.0,-1.0,-1.0,-1.0,-1.0,-1.0,-1.0,-1.0,-1.0,-1.0,-1.0,-1.0,-1.0,-1.0,-1.0,-1.0,-1.0,-1.0,-1.0,-1.0,-1.0,-1.0,-1.0,-1.0,-1.0,-1.0,-1.0,-1.0,-1.0,-1.0,-1.0,-1.0,-1.0,-1.0,-1.0,-1.0,-1.0,-1.0,-1.0,-1.0,-1.0,-1.0,-1.0,-1.0,-1.0,-1.0,-1.0,-1.0,-1.0,-1.0,-1.0,-1.0,-1.0,-1.0,-1.0,-1.0,-1.0,-1.0,-1.0,-1.0,-1.0,-1.0,-1.0,-1.0,-1.0,-1.0,-1.0,-1.0,-1.0,-1.0,-1.0,-1.0,-1.0,-1.0,-1.0,-1.0,-1.0,-1.0,-1.0,-1.0,-1.0,-1.0,-1.0,-1.0,-1.0,-1.0,-1.0,-1.0,-1.0,-1.0,-1.0,-1.0,-1.0,-1.0,-1.0,-1.0,-1.0,-1.0,-1.0,-1.0,-1.0,-1.0,-1.0,-1.0,-1.0,-1.0,-1.0,-1.0,-1.0,-1.0,-1.0,-1.0,-1.0,-1.0,-1.0,-1.0,-1.0,-1.0,-1.0,-1.0,-1.0,-1.0,-1.0,-1.0,-1.0,-1.0,-1.0,-1.0,-1.0,-1.0,-1.0,-1.0,-1.0,-1.0,-1.0,-1.0,-1.0,-1.0,-1.0,-1.0,-1.0
-1.0,-1.0,-1.0,-1.0,-1.0,-1.0,-1.0,-1.0,-1.0,-1.0,-1.0,-1.0,-1.0,-1.0,-1.0,-1.0,-1.0,-1.0,-1.0,-1.0,-1.0,-1.0,-1.0,-1.0,-1.0,-1.0,-1.0,-1.0,-1.0,-1.0,-1.0,-1.0,-1.0,-1.0,-1.0,-1.0,-1.0,-1.0,-1.0,-1.0,-1.0,-1.0,-1.0,-1.0,-1.0,-1.0,-1.0,-1.0,-1.0,-1.0,-1.0,-1.0,-1.0,-1.0,-1.0,-1.0,-1.0,-1.0,-1.0,-1.0,-1.0,-1.0,-1.0,-1.0,-1.0,-1.0,-1.0,-1.0,-1.0,-1.0,-1.0,-1.0,-1.0,-1.0,-1.0,-1.0,-1.0,-1.0,-1.0,-1.0,-1.0,-1.0,-1.0,-1.0,-1.0,-1.0,-1.0,-1.0,-1.0,-1.0,-1.0,-1.0,-1.0,-1.0,-1.0,-1.0,-1.0,-1.0,-1.0,-1.0,-1.0,-1.0,-1.0,-1.0,-1.0,-1.0,-1.0,-1.0,-1.0,-1.0,-1.0,-1.0,-1.0,-1.0,-1.0,-1.0,-1.0,-1.0,-1.0,-1.0,-1.0,-1.0,-1.0,-1.0,-1.0,-1.0,-1.0,-1.0,-1.0,-1.0,-1.0,-1.0,-1.0,-1.0,-1.0,-1.0,-1.0,-1.0,-1.0,-1.0,-1.0,-1.0,-1.0,-1.0,-1.0,-1.0,-1.0,-1.0,-1.0,-1.0,-1.0,-1.0,-1.0,-1.0,-1.0,-1.0,-1.0,-1.0,-1.0,-1.0,-1.0,-1.0,-1.0,-1.0,-1.0,-1.0,-1.0,-1.0,-1.0,-1.0,-1.0,-1.0,-1.0,-1.0,-1.0,-1.0,-1.0,-1.0,-1.0,-1.0,-1.0,-1.0,-1.0,-1.0,-1.0,-1.0,-1.0,-1.0,-1.0,-1.0,-1.0,-1.0,-1.0,-1.0,-1.0,-1.0,-1.0,-1.0,-1.0,-1.0,-1.0,-1.0,-1.0,-1.0,-1.0,-1.0,-1.0,-1.0,-1.0,-1.0,-1.0,-1.0,-1.0,-1.0,-1.0,-1.0,-1.0,-1.0,-1.0,-1.0,-1.0,-1.0,-1.0,-1.0,-1.0,-1.0,-1.0,-1.0,-1.0,-1.0,-1.0,-1.0,-1.0,-1.0,-1.0,-1.0,-1.0,-1.0,-1.0,-1.0,-1.0,-1.0,-1.0,-1.0,-1.0,-1.0,-1.0,-1.0,-1.0,-1.0,-1.0,-1.0,-1.0,-1.0,-1.0,-1.0,-1.0,-1.0,-1.0,-1.0,-1.0,-1.0,-1.0,-1.0,-1.0,-1.0,-1.0,-1.0,-1.0,-1.0,-1.0,-1.0,-1.0,-1.0,-1.0,-1.0,-1.0,-1.0,-1.0,-1.0,-1.0,-1.0,-1.0,-1.0,-1.0,-1.0,-1.0,-1.0,-1.0,-1.0,-1.0,-1.0,-1.0,-1.0,-1.0,-1.0,-1.0,-1.0,-1.0,-1.0,-1.0,-1.0,-1.0,-1.0,-1.0,-1.0,-1.0,-1.0,-1.0,-1.0,-1.0,-1.0,-1.0,-1.0,-1.0,-1.0,-1.0,-1.0,-1.0,-1.0,-1.0,-1.0,-1.0,-1.0,-1.0,-1.0,-1.0,-1.0,-1.0,-1.0,-1.0,-1.0,-1.0,-1.0,-1.0,-1.0,-1.0,-1.0,-1.0,-1.0,-1.0,-1.0,-1.0,-1.0,-1.0,-1.0,-1.0,-1.0,-1.0,-1.0,-1.0,-1.0,-1.0,-1.0,-1.0,-1.0,-1.0,-1.0,-1.0,-1.0,-1.0,-1.0,-1.0,-1.0,-1.0,-1.0,-1.0,-1.0,-1.0,-1.0,-1.0,-1.0,-1.0,-1.0,-1.0,-1.0,-1.0,-1.0,-1.0,-1.0,-1.0,-1.0,-1.0,-1.0,-1.0,-1.0,-1.0,-1.0,-1.0,-1.0,-1.0,-1.0,-1.0,-1.0,-1.0,-1.0,-1.0,-1.0,-1.0,-1.0,-1.0,-1.0,-1.0,-1.0,-1.0,-1.0,-1.0,-1.0,-1.0,-1.0,-1.0,-1.0,-1.0,-1.0,-1.0,-1.0,-1.0,-1.0,-1.0,-1.0,-1.0,-1.0,-1.0,-1.0,-1.0,-1.0,-1.0,-1.0,-1.0,-1.0,-1.0,-1.0,-1.0,-1.0,-1.0,-1.0,-1.0,-1.0,-1.0,-1.0,-1.0,-1.0,-1.0,-1.0,-1.0,-1.0,-1.0,-1.0,-1.0,-1.0,-1.0,-1.0,-1.0,-1.0,-1.0,-1.0,-1.0,-1.0,-1.0,-1.0,-1.0,-1.0,-1.0,-1.0,-1.0,-1.0,-1.0,-1.0,-1.0,-1.0,-1.0,-1.0,-1.0,-1.0,-1.0,-1.0,-1.0,-1.0,-1.0,-1.0,-1.0,-1.0,-1.0,-1.0,-1.0,-1.0,-1.0,-1.0,-1.0,-1.0,-1.0,-1.0,-1.0,-1.0,-1.0,-1.0,-1.0,-1.0,-1.0,-1.0,-1.0,-1.0,-1.0,-1.0,-1.0,-1.0,-1.0,-1.0,-1.0,-1.0,-1.0,-1.0,-1.0,-1.0,-1.0,-1.0,-1.0,-1.0,-1.0,-1.0,-1.0,-1.0,-1.0,-1.0,-1.0,-1.0,-1.0,-1.0,-1.0,-1.0,-1.0,-1.0,-1.0,-1.0,-1.0,-1.0,-1.0,-1.0,-1.0,-1.0,-1.0,-1.0,-1.0,-1.0,-1.0,-1.0,-1.0,-1.0,-1.0,-1.0,-1.0,-1.0,-1.0,-1.0,-1.0,-1.0,-1.0,-1.0,-1.0,-1.0,-1.0,-1.0,-1.0,-1.0,-1.0,-1.0,-1.0,-1.0,-1.0,-1.0,-1.0,-1.0,-1.0,-1.0,-1.0,-1.0,-1.0,-1.0,-1.0,-1.0,-1.0,-1.0,-1.0,-1.0,-1.0,-1.0,-1.0,-1.0,-1.0,-1.0,-1.0,-1.0,-1.0,-1.0,-1.0,-1.0,-1.0,-1.0,-1.0,-1.0,-1.0,-1.0,-1.0,-1.0,-1.0,-1.0,-1.0,-1.0,-1.0,-1.0,-1.0,-1.0,-1.0,-1.0,-1.0,-1.0,-1.0,-1.0,-1.0,-1.0,-1.0,-1.0,-1.0,-1.0,-1.0,-1.0,-1.0,-1.0,-1.0,-1.0,-1.0,-1.0,-1.0,-1.0,-1.0,-1.0,-1.0,-1.0,-1.0,-1.0,-1.0,-1.0,-1.0,-1.0,-1.0,-1.0,-1.0,-1.0,-1.0,-1.0,-1.0,-1.0,-1.0,-1.0,-1.0,-1.0,-1.0,-1.0,-1.0,-1.0,-1.0,-1.0,-1.0,-1.0,-1.0,-1.0,-1.0,-1.0,-1.0,-1.0,-1.0,-1.0,-1.0,-1.0,-1.0,-1.0,-1.0,-1.0,-1.0,-1.0,-1.0,-1.0,-1.0,-1.0,-1.0,-1.0,-1.0,-1.0,-1.0,-1.0,-1.0,-1.0,-1.0,-1.0,-1.0,-1.0,-1.0,-1.0,-1.0,-1.0,-1.0,-1.0,-1.0,-1.0,-1.0,-1.0,-1.0,-1.0,-1.0,-1.0,-1.0,-1.0,-1.0,-1.0,-1.0,-1.0,-1.0,-1.0,-1.0,-1.0,-1.0
-1.0,-1.0,-1.0,-1.0,-1.0,-1.0,-1.0,-1.0,-1.0,-1.0,-1.0,-1.0,-1.0,-1.0,-1.0,-1.0,-1.0,-1.0,-1.0,-1.0,-1.0,-1.0,-1.0,-1.0,-1.0,-1.0,-1.0,-1.0,-1.0,-1.0,-1.0,-1.0,-1.0,-1.0,-1.0,-1.0,-1.0,-1.0,-1.0,-1.0,-1.0,-1.0,-1.0,-1.0,-1.0,-1.0,-1.0,-1.0,-1.0,-1.0,-1.0,-1.0,-1.0,-1.0,-1.0,-1.0,-1.0,-1.0,-1.0,-1.0,-1.0,-1.0,-1.0,-1.0,-1.0,-1.0,-1.0,-1.0,-1.0,-1.0,-1.0,-1.0,-1.0,-1.0,-1.0,-1.0,-1.0,-1.0,-1.0,-1.0,-1.0,-1.0,-1.0,-1.0,-1.0,-1.0,-1.0,-1.0,-1.0,-1.0,-1.0,-1.0,-1.0,-1.0,-1.0,-1.0,-1.0,-1.0,-1.0,-1.0,-1.0,-1.0,-1.0,-1.0,-1.0,-1.0,-1.0,-1.0,-1.0,-1.0,-1.0,-1.0,-1.0,-1.0,-1.0,-1.0,-1.0,-1.0,-1.0,-1.0,-1.0,-1.0,-1.0,-1.0,-1.0,-1.0,-1.0,-1.0,-1.0,-1.0,-1.0,-1.0,-1.0,-1.0,-1.0,-1.0,-1.0,-1.0,-1.0,-1.0,-1.0,-1.0,-1.0,-1.0,-1.0,-1.0,-1.0,-1.0,-1.0,-1.0,-1.0,-1.0,-1.0,-1.0,-1.0,-1.0,-1.0,-1.0,-1.0,-1.0,-1.0,-1.0,-1.0,-1.0,-1.0,-1.0,-1.0,-1.0,-1.0,-1.0,-1.0,-1.0,-1.0,-1.0,-1.0,-1.0,-1.0,-1.0,-1.0,-1.0,-1.0,-1.0,-1.0,-1.0,-1.0,-1.0,-1.0,-1.0,-1.0,-1.0,-1.0,-1.0,-1.0,-1.0,-1.0,-1.0,-1.0,-1.0,-1.0,-1.0,-1.0,-1.0,-1.0,-1.0,-1.0,-1.0,-1.0,-1.0,-1.0,-1.0,-1.0,-1.0,-1.0,-1.0,-1.0,-1.0,-1.0,-1.0,-1.0,-1.0,-1.0,-1.0,-1.0,-1.0,-1.0,-1.0,-1.0,-1.0,-1.0,-1.0,-1.0,-1.0,-1.0,-1.0,-1.0,-1.0,-1.0,-1.0,-1.0,-1.0,-1.0,-1.0,-1.0,-1.0,-1.0,-1.0,-1.0,-1.0,-1.0,-1.0,-1.0,-1.0,-1.0,-1.0,-1.0,-1.0,-1.0,-1.0,-1.0,-1.0,-1.0,-1.0,-1.0,-1.0,-1.0,-1.0,-1.0,-1.0,-1.0,-1.0,-1.0,-1.0,-1.0,-1.0,-1.0,-1.0,-1.0,-1.0,-1.0,-1.0,-1.0,-1.0,-1.0,-1.0,-1.0,-1.0,-1.0,-1.0,-1.0,-1.0,-1.0,-1.0,-1.0,-1.0,-1.0,-1.0,-1.0,-1.0,-1.0,-1.0,-1.0,-1.0,-1.0,-1.0,-1.0,-1.0,-1.0,-1.0,-1.0,-1.0,-1.0,-1.0,-1.0,-1.0,-1.0,-1.0,-1.0,-1.0,-1.0,-1.0,-1.0,-1.0,-1.0,-1.0,-1.0,-1.0,-1.0,-1.0,-1.0,-1.0,-1.0,-1.0,-1.0,-1.0,-1.0,-1.0,-1.0,-1.0,-1.0,-1.0,-1.0,-1.0,-1.0,-1.0,-1.0,-1.0,-1.0,-1.0,-1.0,-1.0,-1.0,-1.0,-1.0,-1.0,-1.0,-1.0,-1.0,-1.0,-1.0,-1.0,-1.0,-1.0,-1.0,-1.0,-1.0,-1.0,-1.0,-1.0,-1.0,-1.0,-1.0,-1.0,-1.0,-1.0,-1.0,-1.0,-1.0,-1.0,-1.0,-1.0,-1.0,-1.0,-1.0,-1.0,-1.0,-1.0,-1.0,-1.0,-1.0,-1.0,-1.0,-1.0,-1.0,-1.0,-1.0,-1.0,-1.0,-1.0,-1.0,-1.0,-1.0,-1.0,-1.0,-1.0,-1.0,-1.0,-1.0,-1.0,-1.0,-1.0,-1.0,-1.0,-1.0,-1.0,-1.0,-1.0,-1.0,-1.0,-1.0,-1.0,-1.0,-1.0,-1.0,-1.0,-1.0,-1.0,-1.0,-1.0,-1.0,-1.0,-1.0,-1.0,-1.0,-1.0,-1.0,-1.0,-1.0,-1.0,-1.0,-1.0,-1.0,-1.0,-1.0,-1.0,-1.0,-1.0,-1.0,-1.0,-1.0,-1.0,-1.0,-1.0,-1.0,-1.0,-1.0,-1.0,-1.0,-1.0,-1.0,-1.0,-1.0,-1.0,-1.0,-1.0,-1.0,-1.0,-1.0,-1.0,-1.0,-1.0,-1.0,-1.0,-1.0,-1.0,-1.0,-1.0,-1.0,-1.0,-1.0,-1.0,-1.0,-1.0,-1.0,-1.0,-1.0,-1.0,-1.0,-1.0,-1.0,-1.0,-1.0,-1.0,-1.0,-1.0,-1.0,-1.0,-1.0,-1.0,-1.0,-1.0,-1.0,-1.0,-1.0,-1.0,-1.0,-1.0,-1.0,-1.0,-1.0,-1.0,-1.0,-1.0,-1.0,-1.0,-1.0,-1.0,-1.0,-1.0,-1.0,-1.0,-1.0,-1.0,-1.0,-1.0,-1.0,-1.0,-1.0,-1.0,-1.0,-1.0,-1.0,-1.0,-1.0,-1.0,-1.0,-1.0,-1.0,-1.0,-1.0,-1.0,-1.0,-1.0,-1.0,-1.0,-1.0,-1.0,-1.0,-1.0,-1.0,-1.0,-1.0,-1.0,-1.0,-1.0,-1.0,-1.0,-1.0,-1.0,-1.0,-1.0,-1.0,-1.0,-1.0,-1.0,-1.0,-1.0,-1.0,-1.0,-1.0,-1.0,-1.0,-1.0,-1.0,-1.0,-1.0,-1.0,-1.0,-1.0,-1.0,-1.0,-1.0,-1.0,-1.0,-1.0,-1.0,-1.0,-1.0,-1.0,-1.0,-1.0,-1.0,-1.0,-1.0,-1.0,-1.0,-1.0,-1.0,-1.0,-1.0,-1.0,-1.0,-1.0,-1.0,-1.0,-1.0,-1.0,-1.0,-1.0,-1.0,-1.0,-1.0,-1.0,-1.0,-1.0,-1.0,-1.0,-1.0,-1.0,-1.0,-1.0,-1.0,-1.0,-1.0,-1.0,-1.0,-1.0,-1.0,-1.0,-1.0,-1.0,-1.0,-1.0,-1.0,-1.0,-1.0,-1.0,-1.0,-1.0,-1.0,-1.0,-1.0,-1.0,-1.0,-1.0,-1.0,-1.0,-1.0,-1.0,-1.0,-1.0,-1.0,-1.0,-1.0,-1.0,-1.0,-1.0,-1.0,-1.0,-1.0,-1.0,-1.0,-1.0,-1.0,-1.0,-1.0,-1.0,-1.0,-1.0,-1.0,-1.0,-1.0,-1.0,-1.0,-1.0,-1.0,-1.0,-1.0,-1.0,-1.0,-1.0,-1.0,-1.0,-1.0,-1.0,-1.0,-1.0,-1.0,-1.0,-1.0,-1.0,-1.0,-1.0,-1.0,-1.0,-1.0,-1.0,-1.0,-1.0,-1.0,-1.0,-1.0,-1.0,-1.0,-1.0,-1.0,-1.0,-1.0,-1.0,-1.0,-1.0,-1.0,-1.0,-1.0,-1.0,-1.0,-1.0,-1.0,-1.0,-1.0,-1.0,-1.0
-1.0,-1.0,-1.0,-1.0,-1.0,-1.0,-1.0,-1.0,-1.0,-1.0,-1.0,-1.0,-1.0,-1.0,-1.0,-1.0,-1.0,-1.0,-1.0,-1.0,-1.0,-1.0,-1.0,-1.0,-1.0,-1.0,-1.0,-1.0,-1.0,-1.0,-1.0,-1.0,-1.0,-1.0,-1.0,-1.0,-1.0,-1.0,-1.0,-1.0,-1.0,-1.0,-1.0,-1.0,-1.0,-1.0,-1.0,-1.0,-1.0,-1.0,-1.0,-1.0,-1.0,-1.0,-1.0,-1.0,-1.0,-1.0,-1.0,-1.0,-1.0,-1.0,-1.0,-1.0,-1.0,-1.0,-1.0,-1.0,-1.0,-1.0,-1.0,-1.0,-1.0,-1.0,-1.0,-1.0,-1.0,-1.0,-1.0,-1.0,-1.0,-1.0,-1.0,-1.0,-1.0,-1.0,-1.0,-1.0,-1.0,-1.0,-1.0,-1.0,-1.0,-1.0,-1.0,-1.0,-1.0,-1.0,-1.0,-1.0,-1.0,-1.0,-1.0,-1.0,-1.0,-1.0,-1.0,-1.0,-1.0,-1.0,-1.0,-1.0,-1.0,-1.0,-1.0,-1.0,-1.0,-1.0,-1.0,-1.0,-1.0,-1.0,-1.0,-1.0,-1.0,-1.0,-1.0,-1.0,-1.0,-1.0,-1.0,-1.0,-1.0,-1.0,-1.0,-1.0,-1.0,-1.0,-1.0,-1.0,-1.0,-1.0,-1.0,-1.0,-1.0,-1.0,-1.0,-1.0,-1.0,-1.0,-1.0,-1.0,-1.0,-1.0,-1.0,-1.0,-1.0,-1.0,-1.0,-1.0,-1.0,-1.0,-1.0,-1.0,-1.0,-1.0,-1.0,-1.0,-1.0,-1.0,-1.0,-1.0,-1.0,-1.0,-1.0,-1.0,-1.0,-1.0,-1.0,-1.0,-1.0,-1.0,-1.0,-1.0,-1.0,-1.0,-1.0,-1.0,-1.0,-1.0,-1.0,-1.0,-1.0,-1.0,-1.0,-1.0,-1.0,-1.0,-1.0,-1.0,-1.0,-1.0,-1.0,-1.0,-1.0,-1.0,-1.0,-1.0,-1.0,-1.0,-1.0,-1.0,-1.0,-1.0,-1.0,-1.0,-1.0,-1.0,-1.0,-1.0,-1.0,-1.0,-1.0,-1.0,-1.0,-1.0,-1.0,-1.0,-1.0,-1.0,-1.0,-1.0,-1.0,-1.0,-1.0,-1.0,-1.0,-1.0,-1.0,-1.0,-1.0,-1.0,-1.0,-1.0,-1.0,-1.0,-1.0,-1.0,-1.0,-1.0,-1.0,-1.0,-1.0,-1.0,-1.0,-1.0,-1.0,-1.0,-1.0,-1.0,-1.0,-1.0,-1.0,-1.0,-1.0,-1.0,-1.0,-1.0,-1.0,-1.0,-1.0,-1.0,-1.0,-1.0,-1.0,-1.0,-1.0,-1.0,-1.0,-1.0,-1.0,-1.0,-1.0,-1.0,-1.0,-1.0,-1.0,-1.0,-1.0,-1.0,-1.0,-1.0,-1.0,-1.0,-1.0,-1.0,-1.0,-1.0,-1.0,-1.0,-1.0,-1.0,-1.0,-1.0,-1.0,-1.0,-1.0,-1.0,-1.0,-1.0,-1.0,-1.0,-1.0,-1.0,-1.0,-1.0,-1.0,-1.0,-1.0,-1.0,-1.0,-1.0,-1.0,-1.0,-1.0,-1.0,-1.0,-1.0,-1.0,-1.0,-1.0,-1.0,-1.0,-1.0,-1.0,-1.0,-1.0,-1.0,-1.0,-1.0,-1.0,-1.0,-1.0,-1.0,-1.0,-1.0,-1.0,-1.0,-1.0,-1.0,-1.0,-1.0,-1.0,-1.0,-1.0,-1.0,-1.0,-1.0,-1.0,-1.0,-1.0,-1.0,-1.0,-1.0,-1.0,-1.0,-1.0,-1.0,-1.0,-1.0,-1.0,-1.0,-1.0,-1.0,-1.0,-1.0,-1.0,-1.0,-1.0,-1.0,-1.0,-1.0,-1.0,-1.0,-1.0,-1.0,-1.0,-1.0,-1.0,-1.0,-1.0,-1.0,-1.0,-1.0,-1.0,-1.0,-1.0,-1.0,-1.0,-1.0,-1.0,-1.0,-1.0,-1.0,-1.0,-1.0,-1.0,-1.0,-1.0,-1.0,-1.0,-1.0,-1.0,-1.0,-1.0,-1.0,-1.0,-1.0,-1.0,-1.0,-1.0,-1.0,-1.0,-1.0,-1.0,-1.0,-1.0,-1.0,-1.0,-1.0,-1.0,-1.0,-1.0,-1.0,-1.0,-1.0,-1.0,-1.0,-1.0,-1.0,-1.0,-1.0,-1.0,-1.0,-1.0,-1.0,-1.0,-1.0,-1.0,-1.0,-1.0,-1.0,-1.0,-1.0,-1.0,-1.0,-1.0,-1.0,-1.0,-1.0,-1.0,-1.0,-1.0,-1.0,-1.0,-1.0,-1.0,-1.0,-1.0,-1.0,-1.0,-1.0,-1.0,-1.0,-1.0,-1.0,-1.0,-1.0,-1.0,-1.0,-1.0,-1.0,-1.0,-1.0,-1.0,-1.0,-1.0,-1.0,-1.0,-1.0,-1.0,-1.0,-1.0,-1.0,-1.0,-1.0,-1.0,-1.0,-1.0,-1.0,-1.0,-1.0,-1.0,-1.0,-1.0,-1.0,-1.0,-1.0,-1.0,-1.0,-1.0,-1.0,-1.0,-1.0,-1.0,-1.0,-1.0,-1.0,-1.0,-1.0,-1.0,-1.0,-1.0,-1.0,-1.0,-1.0,-1.0,-1.0,-1.0,-1.0,-1.0,-1.0,-1.0,-1.0,-1.0,-1.0,-1.0,-1.0,-1.0,-1.0,-1.0,-1.0,-1.0,-1.0,-1.0,-1.0,-1.0,-1.0,-1.0,-1.0,-1.0,-1.0,-1.0,-1.0,-1.0,-1.0,-1.0,-1.0,-1.0,-1.0,-1.0,-1.0,-1.0,-1.0,-1.0,-1.0,-1.0,-1.0,-1.0,-1.0,-1.0,-1.0,-1.0,-1.0,-1.0,-1.0,-1.0,-1.0,-1.0,-1.0,-1.0,-1.0,-1.0,-1.0,-1.0,-1.0,-1.0,-1.0,-1.0,-1.0,-1.0,-1.0,-1.0,-1.0,-1.0,-1.0,-1.0,-1.0,-1.0,-1.0,-1.0,-1.0,-1.0,-1.0,-1.0,-1.0,-1.0,-1.0,-1.0,-1.0,-1.0,-1.0,-1.0,-1.0,-1.0,-1.0,-1.0,-1.0,-1.0,-1.0,-1.0,-1.0,-1.0,-1.0,-1.0,-1.0,-1.0,-1.0,-1.0,-1.0,-1.0,-1.0,-1.0,-1.0,-1.0,-1.0,-1.0,-1.0,-1.0,-1.0,-1.0,-1.0,-1.0,-1.0,-1.0,-1.0,-1.0,-1.0,-1.0,-1.0,-1.0,-1.0,-1.0,-1.0,-1.0,-1.0,-1.0,-1.0,-1.0,-1.0,-1.0,-1.0,-1.0,-1.0,-1.0,-1.0,-1.0,-1.0,-1.0,-1.0,-1.0,-1.0,-1.0,-1.0,-1.0,-1.0,-1.0,-1.0,-1.0,-1.0,-1.0,-1.0,-1.0,-1.0,-1.0,-1.0,-1.0,-1.0,-1.0,-1.0,-1.0,-1.0,-1.0,-1.0,-1.0,-1.0,-1.0,-1.0,-1.0,-1.0,-1.0,-1.0,-1.0,-1.0,-1.0,-1.0,-1.0,-1.0,-1.0,-1.0,-1.0,-1.0,-1.0,-1.0,-1.0,-1.0,-1.0,-1.0,-1.0,-1.0,-1.0
0.0,1.0,1.0,1.0,1.0,1.0,1.0,1.0,1.0,1.0,1.0,1.0,1.0,1.0,1.0,1.0,1.0,1.0,1.0,1.0,1.0,1.0,1.0,1.0,1.0,1.0,1.0,1.0,1.0,1.0,1.0,1.0,1.0,1.0,1.0,1.0,1.0,1.0,1.0,1.0,1.0,1.0,1.0,1.0,1.0,1.0,1.0,1.0,1.0,1.0,1.0,1.0,1.0,1.0,1.0,1.0,1.0,1.0,1.0,1.0,1.0,1.0,1.0,1.0,1.0,1.0,1.0,1.0,1.0,1.0,1.0,1.0,1.0,1.0,1.0,1.0,1.0,1.0,1.0,1.0,1.0,1.0,1.0,1.0,1.0,1.0,1.0,1.0,1.0,1.0,1.0,1.0,1.0,1.0,1.0,1.0,1.0,1.0,1.0,1.0,1.0,1.0,1.0,1.0,1.0,1.0,1.0,1.0,1.0,1.0,1.0,1.0,1.0,1.0,1.0,1.0,1.0,1.0,1.0,1.0,1.0,1.0,1.0,1.0,1.0,1.0,1.0,1.0,1.0,1.0,1.0,1.0,1.0,1.0,1.0,1.0,1.0,1.0,1.0,1.0,1.0,1.0,1.0,1.0,1.0,1.0,1.0,1.0,1.0,1.0,1.0,1.0,1.0,1.0,1.0,1.0,1.0,1.0,1.0,1.0,1.0,1.0,1.0,1.0,1.0,1.0,1.0,1.0,1.0,1.0,1.0,1.0,1.0,1.0,1.0,1.0,1.0,1.0,1.0,1.0,1.0,1.0,1.0,1.0,1.0,1.0,1.0,1.0,1.0,1.0,1.0,1.0,1.0,1.0,1.0,1.0,1.0,1.0,1.0,1.0,1.0,1.0,1.0,1.0,1.0,1.0,1.0,1.0,1.0,1.0,1.0,1.0,1.0,1.0,1.0,1.0,1.0,1.0,1.0,1.0,1.0,1.0,1.0,1.0,1.0,1.0,1.0,1.0,1.0,1.0,1.0,1.0,1.0,1.0,1.0,1.0,1.0,1.0,1.0,1.0,1.0,1.0,1.0,1.0,1.0,1.0,1.0,1.0,1.0,1.0,1.0,1.0,1.0,1.0,1.0,1.0,1.0,1.0,1.0,1.0,1.0,1.0,1.0,1.0,1.0,1.0,1.0,1.0,1.0,1.0,1.0,1.0,1.0,1.0,1.0,1.0,1.0,1.0,1.0,1.0,1.0,1.0,1.0,1.0,1.0,1.0,1.0,1.0,1.0,1.0,1.0,1.0,1.0,1.0,1.0,1.0,1.0,1.0,1.0,1.0,1.0,1.0,1.0,1.0,1.0,1.0,1.0,1.0,1.0,1.0,1.0,1.0,1.0,1.0,1.0,1.0,1.0,1.0,1.0,1.0,1.0,1.0,1.0,1.0,1.0,1.0,1.0,1.0,1.0,1.0,1.0,1.0,1.0,1.0,1.0,1.0,1.0,1.0,1.0,1.0,1.0,1.0,1.0,1.0,1.0,1.0,1.0,1.0,1.0,1.0,1.0,1.0,1.0,1.0,1.0,1.0,1.0,1.0,1.0,1.0,1.0,1.0,1.0,1.0,1.0,1.0,1.0,1.0,1.0,1.0,1.0,1.0,1.0,1.0,1.0,1.0,1.0,1.0,1.0,1.0,1.0,1.0,1.0,1.0,1.0,1.0,1.0,1.0,1.0,1.0,1.0,1.0,1.0,1.0,1.0,1.0,1.0,1.0,1.0,1.0,1.0,1.0,1.0,1.0,1.0,1.0,1.0,1.0,1.0,1.0,1.0,1.0,1.0,1.0,1.0,1.0,1.0,1.0,1.0,1.0,1.0,1.0,1.0,1.0,1.0,1.0,1.0,1.0,1.0,1.0,1.0,1.0,1.0,1.0,1.0,1.0,1.0,1.0,1.0,1.0,1.0,1.0,1.0,1.0,1.0,1.0,1.0,1.0,1.0,1.0,1.0,1.0,1.0,1.0,1.0,1.0,1.0,1.0,1.0,1.0,1.0,1.0,1.0,1.0,1.0,1.0,1.0,1.0,1.0,1.0,1.0,1.0,1.0,1.0,1.0,1.0,1.0,1.0,1.0,1.0,1.0,1.0,1.0,1.0,1.0,1.0,1.0,1.0,1.0,1.0,1.0,1.0,1.0,1.0,1.0,1.0,1.0,1.0,1.0,1.0,1.0,1.0,1.0,1.0,1.0,1.0,1.0,1.0,1.0,1.0,1.0,1.0,1.0,1.0,1.0,1.0,1.0,1.0,1.0,1.0,1.0,1.0,1.0,1.0,1.0,1.0,1.0,1.0,1.0,1.0,1.0,1.0,1.0,1.0,1.0,1.0,1.0,1.0,1.0,1.0,1.0,1.0,1.0,1.0,1.0,1.0,1.0,1.0,1.0,1.0,1.0,1.0,1.0,1.0,1.0,1.0,1.0,1.0,1.0,1.0,1.0,1.0,1.0,1.0,1.0,1.0,1.0,1.0,1.0,1.0,1.0,1.0,1.0,1.0,1.0,1.0,1.0,1.0,1.0,1.0,1.0,1.0,1.0,1.0,1.0,1.0,1.0,1.0,1.0,1.0,1.0,1.0,1.0,1.0,1.0,1.0,1.0,1.0,1.0,1.0,1.0,1.0,1.0,1.0,1.0,1.0,1.0,1.0,1.0,1.0,1.0,1.0,1.0,1.0,1.0,1.0,1.0,1.0,1.0,1.0,1.0,1.0,1.0,1.0,1.0,1.0,1.0,1.0,1.0,1.0,1.0,1.0,1.0,1.0,1.0,1.0,1.0,1.0,1.0,1.0,1.0,1.0,1.0,1.0,1.0,1.0,1.0,1.0,1.0,1.0,1.0,1.0,1.0,1.0,1.0,1.0,1.0,1.0,1.0,1.0,1.0,1.0,1.0,1.0,1.0,1.0,1.0,1.0,1.0,1.0,1.0,1.0,1.0,1.0,1.0,1.0,1.0,1.0,1.0,1.0,1.0,1.0,1.0,1.0,1.0,1.0,1.0,1.0,1.0,1.0,1.0,1.0,1.0,1.0,1.0,1.0,1.0,1.0,1.0,1.0,1.0,1.0,1.0,1.0,1.0,1.0,1.0,1.0,1.0,1.0,1.0,1.0,1.0,1.0,1.0,1.0,1.0,1.0,1.0,1.0,0.0
0.0,0.0,0.0,0.0,0.0,0.0,0.0,0.0,0.0,0.0,0.0,0.0,0.0,0.0,0.0,0.0,0.0,0.0,0.0,0.0,0.0,0.0,0.0,0.0,0.0,0.0,0.0,0.0,0.0,0.0,0.0,0.0,0.0,0.0,0.0,0.0,0.0,0.0,0.0,0.0,0.0,0.0,0.0,0.0,0.0,0.0,0.0,0.0,0.0,0.0,0.0,0.0,0.0,0.0,0.0,0.0,0.0,0.0,0.0,0.0,0.0,0.0,0.0,0.0,0.0,0.0,0.0,0.0,0.0,0.0,0.0,0.0,0.0,0.0,0.0,0.0,0.0,0.0,0.0,0.0,0.0,0.0,0.0,0.0,0.0,0.0,0.0,0.0,0.0,0.0,0.0,0.0,0.0,0.0,0.0,0.0,0.0,0.0,0.0,0.0,0.0,0.0,0.0,0.0,0.0,0.0,0.0,0.0,0.0,0.0,0.0,0.0,0.0,0.0,0.0,0.0,0.0,0.0,0.0,0.0,0.0,0.0,0.0,0.0,0.0,0.0,0.0,0.0,0.0,0.0,0.0,0.0,0.0,0.0,0.0,0.0,0.0,0.0,0.0,0.0,0.0,0.0,0.0,0.0,0.0,0.0,0.0,0.0,0.0,0.0,0.0,0.0,0.0,0.0,0.0,0.0,0.0,0.0,0.0,0.0,0.0,0.0,0.0,0.0,0.0,0.0,0.0,0.0,0.0,0.0,0.0,0.0,0.0,0.0,0.0,0.0,0.0,0.0,0.0,0.0,0.0,0.0,0.0,0.0,0.0,0.0,0.0,0.0,0.0,0.0,0.0,0.0,0.0,0.0,0.0,0.0,0.0,0.0,0.0,0.0,0.0,0.0,0.0,0.0,0.0,0.0,0.0,0.0,0.0,0.0,0.0,0.0,0.0,0.0,0.0,0.0,0.0,0.0,0.0,0.0,0.0,0.0,0.0,0.0,0.0,0.0,0.0,0.0,0.0,0.0,0.0,0.0,0.0,0.0,0.0,0.0,0.0,0.0,0.0,0.0,0.0,0.0,0.0,0.0,0.0,0.0,0.0,0.0,0.0,0.0,0.0,0.0,0.0,0.0,0.0,0.0,0.0,0.0,0.0,0.0,0.0,0.0,0.0,0.0,0.0,0.0,0.0,0.0,0.0,0.0,0.0,0.0,0.0,0.0,0.0,0.0,0.0,0.0,0.0,0.0,0.0,0.0,0.0,0.0,0.0,0.0,0.0,0.0,0.0,0.0,0.0,0.0,0.0,0.0,0.0,0.0,0.0,0.0,0.0,0.0,0.0,0.0,0.0,0.0,0.0,0.0,0.0,0.0,0.0,0.0,0.0,0.0,0.0,0.0,0.0,0.0,0.0,0.0,0.0,0.0,0.0,0.0,0.0,0.0,0.0,0.0,0.0,0.0,0.0,0.0,0.0,0.0,0.0,0.0,0.0,0.0,0.0,0.0,0.0,0.0,0.0,0.0,0.0,0.0,0.0,0.0,0.0,0.0,0.0,0.0,0.0,0.0,0.0,0.0,0.0,0.0,0.0,0.0,0.0,0.0,0.0,0.0,0.0,0.0,0.0,0.0,0.0,0.0,0.0,0.0,0.0,0.0,0.0,0.0,0.0,0.0,0.0,0.0,0.0,0.0,0.0,0.0,0.0,0.0,0.0,0.0,0.0,0.0,0.0,0.0,0.0,0.0,0.0,0.0,0.0,0.0,0.0,0.0,0.0,0.0,0.0,0.0,0.0,0.0,0.0,0.0,0.0,0.0,0.0,0.0,0.0,0.0,0.0,0.0,0.0,0.0,0.0,0.0,0.0,0.0,0.0,0.0,0.0,0.0,0.0,0.0,0.0,0.0,0.0,0.0,0.0,0.0,0.0,0.0,0.0,0.0,0.0,0.0,0.0,0.0,0.0,0.0,0.0,0.0,0.0,0.0,0.0,0.0,0.0,0.0,0.0,0.0,0.0,0.0,0.0,0.0,0.0,0.0,0.0,0.0,0.0,0.0,0.0,0.0,0.0,0.0,0.0,0.0,0.0,0.0,0.0,0.0,0.0,0.0,0.0,0.0,0.0,0.0,0.0,0.0,0.0,0.0,0.0,0.0,0.0,0.0,0.0,0.0,0.0,0.0,0.0,0.0,0.0,0.0,0.0,0.0,0.0,0.0,0.0,0.0,0.0,0.0,0.0,0.0,0.0,0.0,0.0,0.0,0.0,0.0,0.0,0.0,0.0,0.0,0.0,0.0,0.0,0.0,0.0,0.0,0.0,0.0,0.0,0.0,0.0,0.0,0.0,0.0,0.0,0.0,0.0,0.0,0.0,0.0,0.0,0.0,0.0,0.0,0.0,0.0,0.0,0.0,0.0,0.0,0.0,0.0,0.0,0.0,0.0,0.0,0.0,0.0,0.0,0.0,0.0,0.0,0.0,0.0,0.0,0.0,0.0,0.0,0.0,0.0,0.0,0.0,0.0,0.0,0.0,0.0,0.0,0.0,0.0,0.0,0.0,0.0,0.0,0.0,0.0,0.0,0.0,0.0,0.0,0.0,0.0,0.0,0.0,0.0,0.0,0.0,0.0,0.0,0.0,0.0,0.0,0.0,0.0,0.0,0.0,0.0,0.0,0.0,0.0,0.0,0.0,0.0,0.0,0.0,0.0,0.0,0.0,0.0,0.0,0.0,0.0,0.0,0.0,0.0,0.0,0.0,0.0,0.0,0.0,0.0,0.0,0.0,0.0,0.0,0.0,0.0,0.0,0.0,0.0,0.0,0.0,0.0,0.0,0.0,0.0,0.0,0.0,0.0,0.0,0.0,0.0,0.0,0.0,0.0,0.0,0.0,0.0,0.0,0.0,0.0,0.0,0.0,0.0,0.0,0.0,0.0,0.0,0.0,0.0,0.0,0.0,0.0,0.0,0.0,0.0,0.0,0.0,0.0,0.0,0.0,0.0,0.0,0.0,0.0,0.0,0.0,0.0,0.0,0.0,0.0,0.0,0.0,0.0,0.0,0.0,0.0,0.0,0.0,0.0,0.0,0.0,0.0,0.0,0.0,0.0,0.0,0.0,0.0,0.0,0.0,0.0,0.0,0.0,0.0,0.0,0.0,0.0,0.0,0.0,0.0,0.0,0.0,0.0,0.0,0.0,0.0,0.0
0.0,0.6463124504361617,-0.3555555555555555,-0.3555555555555555,0.6439024390243901,0.6439024390243901,0.6439024390243901,0.6439024390243901,0.8601398601398602,0.8601398601398602,0.8412698412698412,0.8412698412698412,0.8412698412698412,0.8412698412698412,0.8412698412698412,0.8412698412698412,0.8412698412698412,0.8412698412698412,0.6439024390243901,1.0,1.0,1.0,1.0,1.0,1.0,1.0,1.0,0.4965986394557824,0.4965986394557824,0.6439024390243901,0.6439024390243901,0.6439024390243901,0.6439024390243901,0.6439024390243901,0.6439024390243901,0.6439024390243901,0.826086956521739,0.913978494623656,0.913978494623656,0.913978494623656,0.913978494623656,0.913978494623656,0.913978494623656,0.913978494623656,0.913978494623656,0.913978494623656,0.913978494623656,0.826086956521739,0.7777777777777777,0.7777777777777777,0.7777777777777777,0.7777777777777777,0.7777777777777777,0.826086956521739,0.8305084745762712,0.8305084745762712,0.8305084745762712,0.8305084745762712,0.8305084745762712,0.8305084745762712,0.8305084745762712,0.8305084745762712,0.826086956521739,0.7741935483870968,0.7741935483870968,0.7741935483870968,0.7741935483870968,0.7741935483870968,0.7741935483870968,0.7741935483870968,0.7741935483870968,0.826086956521739,0.8021978021978022,0.8021978021978022,0.8021978021978022,0.8021978021978022,0.8021978021978022,0.8021978021978022,0.8021978021978022,0.8021978021978022,0.8021978021978022,0.8021978021978022,0.8021978021978022,0.7369093231162196,0.7369093231162196,0.7369093231162196,0.7369093231162196,0.7369093231162196,1.0,1.0,1.0,1.0,1.0,1.0,0.7369093231162196,0.7369093231162196,0.7369093231162196,0.7369093231162196,0.7369093231162196,0.7369093231162196,0.7369093231162196,0.7369093231162196,0.7369093231162196,0.7369093231162196,0.7369093231162196,0.7369093231162196,0.7369093231162196,0.7369093231162196,0.7369093231162196,0.7369093231162196,0.7369093231162196,0.7369093231162196,0.7369093231162196,0.7369093231162196,0.7369093231162196,0.7369093231162196,0.7419354838709677,0.7419354838709677,0.7419354838709677,0.7419354838709677,0.7419354838709677,0.7419354838709677,0.7419354838709677,0.6463124504361617,-0.9672131147540983,-0.9672131147540983,-1.0,-1.0,-0.9672131147540983,-0.574037403740374,-0.08943089430894313,-1.0,-1.0,-1.0,-1.0,-0.08943089430894313,-0.08943089430894313,-0.08943089430894313,0.7365853658536585,0.7365853658536585,-1.0,-1.0,1.0,1.0,-1.0,-1.0,1.0,1.0,-1.0,-1.0,1.0,1.0,-1.0,-1.0,1.0,1.0,-1.0,-1.0,1.0,1.0,-1.0,-1.0,1.0,1.0,-1.0,-1.0,1.0,1.0,-0.5686886708296164,-0.5686886708296164,1.0,1.0,-0.9042904290429042,-0.9042904290429042,-0.9042904290429042,-0.9042904290429042,-0.9042904290429042,1.0,1.0,-0.6282051282051282,-0.6501592356687897,-0.6282051282051282,-0.6282051282051282,-0.6282051282051282,-0.6282051282051282,1.0,1.0,-0.7467248908296944,-0.6501592356687897,-0.6501592356687897,-0.7467248908296944,-0.7467248908296944,1.0,1.0,-0.610738255033557,-0.610738255033557,-0.610738255033557,-0.610738255033557,-0.610738255033557,1.0,1.0,-0.6759776536312849,-0.6501592356687897,-0.6501592356687897,-0.6759776536312849,-0.6759776536312849,1.0,1.0,-0.40689655172413797,-0.40689655172413797,-0.7586206896551724,-0.7586206896551724,-0.7586206896551724,-0.7586206896551724,-0.40689655172413797,-0.40689655172413797,1.0,1.0,-0.6813186813186813,-0.6501592356687897,-0.6813186813186813,-0.6813186813186813,-0.6813186813186813,-0.6813186813186813,1.0,1.0,-0.2595419847328244,-0.2595419847328244,-0.41630901287553645,-0.41630901287553645,-0.02857142857142858,-0.02857142857142858,-0.02857142857142858,-0.02857142857142858,-0.02857142857142858,-0.41630901287553645,-0.2595419847328244,-0.2595419847328244,1.0,1.0,-0.8599033816425121,-0.6501592356687897,-0.8599033816425121,-0.8599033816425121,-0.8599033816425121,-0.8599033816425121,-0.8599033816425121,-0.8599033816425121,1.0,1.0,-0.6441717791411044,-0.6501592356687897,-0.6501592356687897,-0.6441717791411044,-0.6441717791411044,1.0,1.0,-0.44516129032258067,-0.44516129032258067,-0.7777777777777778,-0.7777777777777778,-0.7777777777777778,-0.7777777777777778,-0.44516129032258067,-0.44516129032258067,1.0,1.0,-0.5369127516778524,-0.5369127516778524,-0.7026022304832713,-0.7026022304832713,-0.4244604316546763,-0.4244604316546763,-0.7026022304832713,-0.5369127516778524,-0.5369127516778524,-0.5369127516778524,1.0,1.0,-0.8027210884353742,-0.6501592356687897,-0.8027210884353742,-0.8027210884353742,-0.8027210884353742,-0.8027210884353742,-0.8027210884353742,-0.8027210884353742,-0.8027210884353742,-0.8027210884353742,1.0,1.0,-0.5606060606060606,-0.6501592356687897,-0.5606060606060606,-0.5606060606060606,1.0,1.0,-0.8104575163398693,-0.6501592356687897,-0.6501592356687897,-0.8104575163398693,-0.8104575163398693,1.0,1.0,-0.7746478873239436,-0.9744680851063829,-0.9744680851063829,-0.9744680851063829,-0.7746478873239436,-0.7746478873239436,-0.7746478873239436,-0.7746478873239436,-0.7746478873239436,-0.7746478873239436,1.0,1.0,-0.7734375,-0.6501592356687897,-0.7734375,-0.7734375,-0.7734375,-0.7734375,1.0,1.0,-0.4457831325301205,-0.4457831325301205,-0.4457831325301205,-0.7518248175182481,-0.7518248175182481,-0.7518248175182481,-0.4457831325301205,-0.4457831325301205,-0.4457831325301205,1.0,1.0,-0.7943262411347518,-0.6501592356687897,-0.7943262411347518,-0.7943262411347518,-0.7943262411347518,-0.7943262411347518,1.0,1.0,-0.18181818181818177,-0.41496598639455784,-0.41496598639455784,-0.41496598639455784,-0.41496598639455784,-0.41496598639455784,-0.19999999999999996,-0.19999999999999996,-0.41496598639455784,-0.18181818181818177,-0.18181818181818177,1.0,1.0,-0.5644699140401146,-0.6501592356687897,-0.5644699140401146,-0.6466165413533835,-0.6466165413533835,-0.44047619047619047,-0.44047619047619047,-0.44047619047619047,-0.6466165413533835,-0.5644699140401146,-0.5644699140401146,1.0,1.0,-0.7859531772575251,-0.6501592356687897,-0.7859531772575251,-0.7859531772575251,-0.7859531772575251,-0.7859531772575251,-0.7859531772575251,1.0,1.0,-0.4821428571428571,-0.6501592356687897,-0.4821428571428571,-0.4821428571428571,1.0,1.0,-0.7264957264957265,-0.6501592356687897,-0.7264957264957265,-0.7264957264957265,-0.7264957264957265,-0.7264957264957265,-0.7264957264957265,1.0,1.0,-0.6568047337278107,-0.6501592356687897,-0.6501592356687897,-0.6568047337278107,-0.6568047337278107,1.0,1.0,-0.5085158150851581,-0.5085158150851581,-0.6230366492146597,-0.6230366492146597,-0.19999999999999996,-0.19999999999999996,-0.19999999999999996,-0.19999999999999996,-0.19999999999999996,-0.19999999999999996,-0.6230366492146597,-0.5085158150851581,-0.5085158150851581,1.0,1.0,-0.7670682730923695,-0.6501592356687897,-0.6501592356687897,-0.7670682730923695,-0.7670682730923695,1.0,1.0,-0.7707509881422925,-0.6501592356687897,-0.7707509881422925,-0.7707509881422925,-0.7707509881422925,-0.7707509881422925,1.0,1.0,-0.45070422535211263,-0.45070422535211263,-0.615686274509804,-0.615686274509804,-0.4131736526946108,-0.4131736526946108,-0.4131736526946108,-0.615686274509804,-0.45070422535211263,-0.45070422535211263,1.0,1.0,-0.8232044198895028,-0.6501592356687897,-0.8232044198895028,-0.8232044198895028,-0.8232044198895028,-0.8232044198895028,-0.8232044198895028,1.0,1.0,-0.7238095238095238,-0.6501592356687897,-0.7238095238095238,-0.7238095238095238,1.0,1.0,-0.8215384615384616,-0.6501592356687897,-0.8215384615384616,-0.8215384615384616,-0.8215384615384616,-0.8215384615384616,1.0,1.0,0.21052631578947367,0.21052631578947367,-0.05882352941176472,-0.05882352941176472,0.12676056338028174,0.12676056338028174,-0.05882352941176472,0.21052631578947367,0.21052631578947367,1.0,1.0,-0.7707509881422925,-0.6501592356687897,-0.7707509881422925,-0.7707509881422925,-0.7707509881422925,-0.7707509881422925,1.0,1.0,-0.6551724137931034,-0.6551724137931034,-0.8390804597701149,-0.8390804597701149,-0.7640449438202247,-0.7640449438202247,-0.7640449438202247,-0.8390804597701149,-0.6551724137931034,-0.6551724137931034,1.0,1.0,-0.11004784688995217,-0.11004784688995217,-0.11004784688995217,-0.28888888888888886,-0.28888888888888886,-0.28888888888888886,-0.28888888888888886,-0.28888888888888886,-0.11004784688995217,-0.11004784688995217,-0.11004784688995217,1.0,1.0,-0.7913669064748201,-0.6501592356687897,-0.7913669064748201,-0.7913669064748201,-0.7913669064748201,-0.7913669064748201,1.0,1.0,-0.7170731707317073,-0.6501592356687897,-0.7170731707317073,-0.7170731707317073,1.0,1.0,-0.4976744186046511,-0.4976744186046511,-0.7311827956989247,-0.7311827956989247,-0.696969696969697,-0.696969696969697,-0.696969696969697,-0.7311827956989247,-0.4976744186046511,-0.4976744186046511,1.0,1.0,-0.8222222222222222,-0.6501592356687897,-0.8222222222222222,-0.9784172661870504,-0.9784172661870504,-0.9784172661870504,-0.8222222222222222,-0.8222222222222222,1.0,1.0,-0.24193548387096775,-0.24193548387096775,-0.406392694063927,-0.406392694063927,0.0,0.0,0.0,0.0,0.0,-0.406392694063927,-0.24193548387096775,-0.24193548387096775,1.0,1.0,-0.8,-0.6501592356687897,-0.8,-0.8,-0.8,-0.8,-0.8,-0.8,1.0,1.0,-0.6352201257861636,-0.6501592356687897,-0.6352201257861636,-0.6352201257861636,1.0,1.0,-0.8085808580858086,-0.6501592356687897,-0.6501592356687897,-0.8085808580858086,-0.8085808580858086,1.0,1.0,-0.7986111111111112,-0.7986111111111112,-0.7986111111111112,-0.7986111111111112,-0.7986111111111112,1.0,1.0,-0.45222929936305734,-0.45222929936305734,-0.45222929936305734,-0.45222929936305734,-0.45222929936305734,-0.45222929936305734,-0.45222929936305734,1.0,1.0,-0.5735294117647058,-0.6501592356687897,-0.6501592356687897,-0.5735294117647058,-0.5735294117647058,1.0,1.0,-0.32307692307692304,-0.32307692307692304,-0.7029702970297029,-0.7029702970297029,-0.7029702970297029,-0.7029702970297029,-0.32307692307692304,-0.32307692307692304,1.0,1.0,-0.38129496402877694,-0.38129496402877694,-0.38129496402877694,-0.38129496402877694,-0.38129496402877694,-0.38129496402877694,-0.38129496402877694,1.0,1.0,-0.26696832579185525,-0.26696832579185525,-0.26696832579185525,-0.45833333333333337,-0.45833333333333337,-0.45833333333333337,-0.45833333333333337,-0.26696832579185525,-0.26696832579185525,-0.26696832579185525,1.0,1.0,-0.6463414634146342,-0.6501592356687897,-0.6463414634146342,-0.6463414634146342,1.0,1.0,-0.8129032258064516,-0.6501592356687897,-0.8129032258064516,-0.8129032258064516,-0.8129032258064516,-0.8129032258064516,0.6923076923076923,0.6923076923076923,0.6923076923076923,0.6923076923076923,0.6923076923076923,0.6923076923076923,0.6923076923076923,-0.628414442700157,-0.628414442700157,-0.628414442700157,0.922077922077922,0.922077922077922,0.922077922077922,0.922077922077922,0.922077922077922,0.922077922077922,0.922077922077922,-0.628414442700157,-0.437125748502994,-1.0,-1.0,-1.0,-1.0,-1.0,-1.0,-1.0,-1.0,-1.0,-1.0,-1.0,-1.0,-1.0,-1.0,-0.7647058823529411,-0.7647058823529411,-0.5483870967741935,-0.5723808143747283,0.3495575221238938,0.3495575221238938,0.3495575221238938,0.3495575221238938,0.3495575221238938,0.3495575221238938,0.3495575221238938,0.30823529411764716,0.30823529411764716,0.30823529411764716,0.30823529411764716,0.30823529411764716,0.5878378378378379,0.5878378378378379,0.5878378378378379,0.5878378378378379,0.5878378378378379,0.5878378378378379,0.5878378378378379,0.5878378378378379,0.5878378378378379,0.5878378378378379,0.5878378378378379,0.5878378378378379,0.5878378378378379,0.5878378378378379,0.5878378378378379,0.5878378378378379,0.5878378378378379,-0.525,-0.525,0.5878378378378379,0.5878378378378379,0.30823529411764716,0.30823529411764716,0.0
0.0,0.04722599305560278,0.5719650796632643,0.5719650796632643,0.04722599305560278,0.04722599305560278,0.04722599305560278,0.04722599305560278,0.5719650796632643,0.5719650796632643,0.5719650796632643,0.5719650796632643,0.5719650796632643,0.5719650796632643,0.5719650796632643,0.5719650796632643,0.5719650796632643,0.5719650796632643,0.04722599305560278,-0.4775130935520587,-0.4775130935520587,-0.4775130935520587,-0.4775130935520587,-0.4775130935520587,-0.4775130935520587,-0.4775130935520587,-0.4775130935520587,0.04722599305560278,0.04722599305560278,0.04722599305560278,0.04722599305560278,0.04722599305560278,0.04722599305560278,0.04722599305560278,0.04722599305560278,0.04722599305560278,0.04722599305560278,0.5719650796632643,0.5719650796632643,0.5719650796632643,0.5719650796632643,0.5719650796632643,0.5719650796632643,0.5719650796632643,0.5719650796632643,0.5719650796632643,0.5719650796632643,0.04722599305560278,0.5719650796632643,0.5719650796632643,0.5719650796632643,0.5719650796632643,0.5719650796632643,0.04722599305560278,0.04722599305560278,0.04722599305560278,0.04722599305560278,0.04722599305560278,0.04722599305560278,0.04722599305560278,0.04722599305560278,0.04722599305560278,0.04722599305560278,0.04722599305560278,0.04722599305560278,0.04722599305560278,0.04722599305560278,0.04722599305560278,0.04722599305560278,0.04722599305560278,0.04722599305560278,0.04722599305560278,0.04722599305560278,0.04722599305560278,0.04722599305560278,0.04722599305560278,0.04722599305560278,0.04722599305560278,0.04722599305560278,0.04722599305560278,0.04722599305560278,0.04722599305560278,0.04722599305560278,0.04722599305560278,0.04722599305560278,0.04722599305560278,0.04722599305560278,0.04722599305560278,-0.4775130935520587,-0.4775130935520587,-0.4775130935520587,-0.4775130935520587,-0.4775130935520587,-0.4775130935520587,0.04722599305560278,0.04722599305560278,0.04722599305560278,0.04722599305560278,0.04722599305560278,0.04722599305560278,0.04722599305560278,0.04722599305560278,0.04722599305560278,0.04722599305560278,0.04722599305560278,0.04722599305560278,0.04722599305560278,0.04722599305560278,0.04722599305560278,0.04722599305560278,0.04722599305560278,0.04722599305560278,0.04722599305560278,0.04722599305560278,0.04722599305560278,0.04722599305560278,-1.0022521801597202,-1.0022521801597202,-1.0022521801597202,-1.0022521801597202,-1.0022521801597202,-1.0022521801597202,-1.0022521801597202,0.04722599305560278,-0.4775130935520587,-0.4775130935520587,-0.4775130935520587,-0.4775130935520587,-0.4775130935520587,-0.4775130935520587,-1.0022521801597202,-1.0022521801597202,-1.0022521801597202,-1.0022521801597202,-1.0022521801597202,-1.0022521801597202,-1.0022521801597202,-1.0022521801597202,-1.0022521801597202,-1.0022521801597202,-1.0022521801597202,-1.0022521801597202,-1.0022521801597202,-1.0022521801597202,-1.0022521801597202,-1.0022521801597202,-1.0022521801597202,-1.0022521801597202,-1.0022521801597202,-1.0022521801597202,-1.0022521801597202,-1.0022521801597202,-1.0022521801597202,-1.0022521801597202,-1.0022521801597202,-1.0022521801597202,-1.0022521801597202,-1.0022521801597202,-1.0022521801597202,-1.0022521801597202,-1.0022521801597202,-1.0022521801597202,-1.0022521801597202,-1.0022521801597202,-1.0022521801597202,-1.0022521801597202,-0.4775130935520587,-1.0022521801597202,-0.4775130935520587,-0.4775130935520587,-1.0022521801597202,-1.0022521801597202,-0.4775130935520587,-0.4775130935520587,-0.4775130935520587,-0.4775130935520587,-0.4775130935520587,-1.0022521801597202,-1.0022521801597202,-0.4775130935520587,-0.4775130935520587,-0.4775130935520587,-0.4775130935520587,-0.4775130935520587,-0.4775130935520587,-1.0022521801597202,-1.0022521801597202,-0.4775130935520587,-0.4775130935520587,-0.4775130935520587,-0.4775130935520587,-0.4775130935520587,-1.0022521801597202,-1.0022521801597202,-1.0022521801597202,-1.0022521801597202,-1.0022521801597202,-1.0022521801597202,-1.0022521801597202,-1.0022521801597202,-1.0022521801597202,-0.4775130935520587,-0.4775130935520587,-0.4775130935520587,-0.4775130935520587,-0.4775130935520587,-1.0022521801597202,-1.0022521801597202,-0.4775130935520587,-0.4775130935520587,-0.4775130935520587,-0.4775130935520587,-0.4775130935520587,-0.4775130935520587,-0.4775130935520587,-0.4775130935520587,-1.0022521801597202,-1.0022521801597202,-0.4775130935520587,-0.4775130935520587,-0.4775130935520587,-0.4775130935520587,-0.4775130935520587,-0.4775130935520587,-1.0022521801597202,-1.0022521801597202,0.04722599305560278,0.04722599305560278,0.04722599305560278,0.04722599305560278,0.5719650796632643,0.5719650796632643,0.5719650796632643,0.5719650796632643,0.5719650796632643,0.04722599305560278,0.04722599305560278,0.04722599305560278,-1.0022521801597202,-1.0022521801597202,-0.4775130935520587,-0.4775130935520587,-0.4775130935520587,-0.4775130935520587,-0.4775130935520587,-0.4775130935520587,-0.4775130935520587,-0.4775130935520587,-1.0022521801597202,-1.0022521801597202,-1.0022521801597202,-0.4775130935520587,-0.4775130935520587,-1.0022521801597202,-1.0022521801597202,-1.0022521801597202,-1.0022521801597202,-0.4775130935520587,-0.4775130935520587,-0.4775130935520587,-0.4775130935520587,-0.4775130935520587,-0.4775130935520587,-0.4775130935520587,-0.4775130935520587,-1.0022521801597202,-1.0022521801597202,-0.4775130935520587,-0.4775130935520587,0.04722599305560278,0.04722599305560278,0.5719650796632643,0.5719650796632643,0.04722599305560278,-0.4775130935520587,-0.4775130935520587,-0.4775130935520587,-1.0022521801597202,-1.0022521801597202,-0.4775130935520587,-0.4775130935520587,-0.4775130935520587,-0.4775130935520587,-0.4775130935520587,-0.4775130935520587,-0.4775130935520587,-0.4775130935520587,-0.4775130935520587,-0.4775130935520587,-1.0022521801597202,-1.0022521801597202,-0.4775130935520587,-0.4775130935520587,-0.4775130935520587,-0.4775130935520587,-1.0022521801597202,-1.0022521801597202,-0.4775130935520587,-0.4775130935520587,-0.4775130935520587,-0.4775130935520587,-0.4775130935520587,-1.0022521801597202,-1.0022521801597202,-0.4775130935520587,0.04722599305560278,0.04722599305560278,0.04722599305560278,-0.4775130935520587,-0.4775130935520587,-0.4775130935520587,-0.4775130935520587,-0.4775130935520587,-0.4775130935520587,-1.0022521801597202,-1.0022521801597202,-0.4775130935520587,-0.4775130935520587,-0.4775130935520587,-0.4775130935520587,-0.4775130935520587,-0.4775130935520587,-1.0022521801597202,-1.0022521801597202,-1.0022521801597202,-1.0022521801597202,-1.0022521801597202,-1.0022521801597202,-1.0022521801597202,-1.0022521801597202,-1.0022521801597202,-1.0022521801597202,-1.0022521801597202,-1.0022521801597202,-1.0022521801597202,-0.4775130935520587,-0.4775130935520587,-0.4775130935520587,-0.4775130935520587,-0.4775130935520587,-0.4775130935520587,-1.0022521801597202,-1.0022521801597202,-0.4775130935520587,-0.4775130935520587,-0.4775130935520587,-0.4775130935520587,-0.4775130935520587,-0.4775130935520587,-0.4775130935520587,-0.4775130935520587,-0.4775130935520587,-0.4775130935520587,-0.4775130935520587,-1.0022521801597202,-1.0022521801597202,-0.4775130935520587,-0.4775130935520587,-0.4775130935520587,-0.4775130935520587,-0.4775130935520587,0.04722599305560278,0.04722599305560278,0.04722599305560278,-0.4775130935520587,-0.4775130935520587,-0.4775130935520587,-1.0022521801597202,-1.0022521801597202,-0.4775130935520587,-0.4775130935520587,-0.4775130935520587,-0.4775130935520587,-0.4775130935520587,-0.4775130935520587,-0.4775130935520587,-1.0022521801597202,-1.0022521801597202,-1.0022521801597202,-0.4775130935520587,-1.0022521801597202,-1.0022521801597202,-1.0022521801597202,-1.0022521801597202,-0.4775130935520587,-0.4775130935520587,-0.4775130935520587,-0.4775130935520587,-0.4775130935520587,-0.4775130935520587,-0.4775130935520587,-1.0022521801597202,-1.0022521801597202,-0.4775130935520587,-0.4775130935520587,-0.4775130935520587,-0.4775130935520587,-0.4775130935520587,-1.0022521801597202,-1.0022521801597202,-0.4775130935520587,-0.4775130935520587,-0.4775130935520587,-0.4775130935520587,-0.4775130935520587,-0.4775130935520587,-0.4775130935520587,-0.4775130935520587,-0.4775130935520587,-0.4775130935520587,-0.4775130935520587,-0.4775130935520587,-0.4775130935520587,-1.0022521801597202,-1.0022521801597202,-1.0022521801597202,-0.4775130935520587,-0.4775130935520587,-1.0022521801597202,-1.0022521801597202,-1.0022521801597202,-1.0022521801597202,-0.4775130935520587,-0.4775130935520587,-0.4775130935520587,-0.4775130935520587,-0.4775130935520587,-0.4775130935520587,-1.0022521801597202,-1.0022521801597202,-0.4775130935520587,-0.4775130935520587,0.04722599305560278,0.04722599305560278,0.04722599305560278,0.04722599305560278,0.04722599305560278,0.04722599305560278,-0.4775130935520587,-0.4775130935520587,-1.0022521801597202,-1.0022521801597202,-0.4775130935520587,-0.4775130935520587,-0.4775130935520587,-0.4775130935520587,-0.4775130935520587,-0.4775130935520587,-0.4775130935520587,-1.0022521801597202,-1.0022521801597202,-0.4775130935520587,-0.4775130935520587,-0.4775130935520587,-0.4775130935520587,-1.0022521801597202,-1.0022521801597202,-1.0022521801597202,-0.4775130935520587,-1.0022521801597202,-1.0022521801597202,-1.0022521801597202,-1.0022521801597202,-1.0022521801597202,-1.0022521801597202,-0.4775130935520587,-0.4775130935520587,0.04722599305560278,0.04722599305560278,0.04722599305560278,0.04722599305560278,0.04722599305560278,-0.4775130935520587,-0.4775130935520587,-1.0022521801597202,-1.0022521801597202,-0.4775130935520587,-0.4775130935520587,-0.4775130935520587,-0.4775130935520587,-0.4775130935520587,-0.4775130935520587,-1.0022521801597202,-1.0022521801597202,-0.4775130935520587,-0.4775130935520587,-0.4775130935520587,-0.4775130935520587,-0.4775130935520587,-0.4775130935520587,-0.4775130935520587,-0.4775130935520587,-0.4775130935520587,-0.4775130935520587,-1.0022521801597202,-1.0022521801597202,0.04722599305560278,0.04722599305560278,0.04722599305560278,0.04722599305560278,0.04722599305560278,0.04722599305560278,0.04722599305560278,0.04722599305560278,0.04722599305560278,0.04722599305560278,0.04722599305560278,-1.0022521801597202,-1.0022521801597202,-0.4775130935520587,-0.4775130935520587,-0.4775130935520587,-0.4775130935520587,-0.4775130935520587,-0.4775130935520587,-1.0022521801597202,-1.0022521801597202,-0.4775130935520587,-0.4775130935520587,-0.4775130935520587,-0.4775130935520587,-1.0022521801597202,-1.0022521801597202,-0.4775130935520587,-0.4775130935520587,0.04722599305560278,0.04722599305560278,0.04722599305560278,0.04722599305560278,0.04722599305560278,0.04722599305560278,-0.4775130935520587,-0.4775130935520587,-1.0022521801597202,-1.0022521801597202,-1.0022521801597202,-0.4775130935520587,-1.0022521801597202,-1.0022521801597202,-1.0022521801597202,-1.0022521801597202,-1.0022521801597202,-1.0022521801597202,-1.0022521801597202,-1.0022521801597202,-0.4775130935520587,-0.4775130935520587,-0.4775130935520587,-0.4775130935520587,0.04722599305560278,0.04722599305560278,0.04722599305560278,0.04722599305560278,0.04722599305560278,-0.4775130935520587,-0.4775130935520587,-0.4775130935520587,-1.0022521801597202,-1.0022521801597202,-1.0022521801597202,-0.4775130935520587,-1.0022521801597202,-1.0022521801597202,-1.0022521801597202,-1.0022521801597202,-1.0022521801597202,-1.0022521801597202,-1.0022521801597202,-1.0022521801597202,-1.0022521801597202,-0.4775130935520587,-1.0022521801597202,-1.0022521801597202,-1.0022521801597202,-1.0022521801597202,-0.4775130935520587,-0.4775130935520587,-0.4775130935520587,-0.4775130935520587,-0.4775130935520587,-1.0022521801597202,-1.0022521801597202,-0.4775130935520587,-0.4775130935520587,-0.4775130935520587,-0.4775130935520587,-0.4775130935520587,-1.0022521801597202,-1.0022521801597202,-0.4775130935520587,-0.4775130935520587,-0.4775130935520587,-0.4775130935520587,-0.4775130935520587,-0.4775130935520587,-0.4775130935520587,-1.0022521801597202,-1.0022521801597202,-0.4775130935520587,-0.4775130935520587,-0.4775130935520587,-0.4775130935520587,-0.4775130935520587,-1.0022521801597202,-1.0022521801597202,-0.4775130935520587,-0.4775130935520587,-0.4775130935520587,-0.4775130935520587,-0.4775130935520587,-0.4775130935520587,-0.4775130935520587,-0.4775130935520587,-1.0022521801597202,-1.0022521801597202,0.04722599305560278,0.04722599305560278,0.04722599305560278,0.04722599305560278,0.04722599305560278,0.04722599305560278,0.04722599305560278,-1.0022521801597202,-1.0022521801597202,-0.4775130935520587,-0.4775130935520587,-0.4775130935520587,-0.4775130935520587,-0.4775130935520587,-0.4775130935520587,-0.4775130935520587,-0.4775130935520587,-0.4775130935520587,-0.4775130935520587,-1.0022521801597202,-1.0022521801597202,-1.0022521801597202,-0.4775130935520587,-1.0022521801597202,-1.0022521801597202,-1.0022521801597202,-1.0022521801597202,-0.4775130935520587,-0.4775130935520587,-0.4775130935520587,-0.4775130935520587,-0.4775130935520587,-0.4775130935520587,-1.0022521801597202,-1.0022521801597202,-1.0022521801597202,-1.0022521801597202,-1.0022521801597202,-1.0022521801597202,-1.0022521801597202,-0.4775130935520587,-0.4775130935520587,-0.4775130935520587,-0.4775130935520587,-0.4775130935520587,-0.4775130935520587,-0.4775130935520587,-0.4775130935520587,-0.4775130935520587,-0.4775130935520587,-0.4775130935520587,0.04722599305560278,0.04722599305560278,0.5719650796632643,0.5719650796632643,0.5719650796632643,-1.0022521801597202,-1.0022521801597202,-1.0022521801597202,-1.0022521801597202,-1.0022521801597202,-1.0022521801597202,0.04722599305560278,1.6214432528785871,1.6214432528785871,1.6214432528785871,0.04722599305560278,0.04722599305560278,0.04722599305560278,-0.4775130935520587,0.04722599305560278,0.04722599305560278,0.04722599305560278,0.04722599305560278,0.04722599305560278,0.04722599305560278,0.04722599305560278,0.04722599305560278,0.04722599305560278,0.04722599305560278,0.04722599305560278,0.04722599305560278,0.5719650796632643,0.5719650796632643,0.5719650796632643,0.5719650796632643,0.5719650796632643,0.5719650796632643,0.5719650796632643,0.5719650796632643,0.5719650796632643,0.5719650796632643,0.5719650796632643,0.5719650796632643,0.5719650796632643,0.5719650796632643,0.5719650796632643,0.5719650796632643,0.5719650796632643,0.5719650796632643,0.5719650796632643,0.5719650796632643,0.5719650796632643,0.04722599305560278,0.04722599305560278,0.0
0.0,1.0,1.0,1.0,1.0,1.0,1.0,1.0,1.0,1.0,1.0,1.0,1.0,1.0,1.0,1.0,1.0,1.0,1.0,1.0,1.0,1.0,1.0,1.0,1.0,1.0,1.0,1.0,1.0,1.0,1.0,1.0,1.0,1.0,1.0,1.0,-1.0,-1.0,-1.0,-1.0,-1.0,-1.0,-1.0,-1.0,-1.0,-1.0,-1.0,-1.0,-1.0,-1.0,-1.0,-1.0,-1.0,-1.0,-1.0,-1.0,-1.0,-1.0,-1.0,-1.0,-1.0,-1.0,-1.0,-1.0,-1.0,-1.0,-1.0,-1.0,-1.0,-1.0,-1.0,-1.0,-1.0,-1.0,-1.0,-1.0,-1.0,-1.0,-1.0,-1.0,-1.0,-1.0,-1.0,1.0,1.0,1.0,1.0,1.0,1.0,1.0,1.0,1.0,1.0,1.0,1.0,1.0,1.0,1.0,1.0,1.0,1.0,1.0,1.0,1.0,1.0,1.0,1.0,1.0,1.0,1.0,1.0,1.0,1.0,1.0,1.0,1.0,-1.0,-1.0,-1.0,-1.0,-1.0,-1.0,-1.0,1.0,1.0,1.0,1.0,1.0,1.0,1.0,1.0,1.0,1.0,1.0,1.0,1.0,1.0,1.0,1.0,1.0,-1.0,-1.0,-1.0,-1.0,-1.0,-1.0,-1.0,-1.0,-1.0,-1.0,-1.0,-1.0,-1.0,-1.0,-1.0,-1.0,-1.0,-1.0,-1.0,-1.0,-1.0,-1.0,-1.0,-1.0,-1.0,-1.0,-1.0,-1.0,1.0,1.0,-1.0,-1.0,1.0,1.0,1.0,1.0,1.0,-1.0,-1.0,1.0,1.0,1.0,1.0,1.0,1.0,-1.0,-1.0,1.0,1.0,1.0,1.0,1.0,-1.0,-1.0,1.0,1.0,1.0,1.0,1.0,-1.0,-1.0,1.0,1.0,1.0,1.0,1.0,-1.0,-1.0,1.0,1.0,1.0,1.0,1.0,1.0,1.0,1.0,-1.0,-1.0,1.0,1.0,1.0,1.0,1.0,1.0,-1.0,-1.0,1.0,1.0,1.0,1.0,1.0,1.0,1.0,1.0,1.0,1.0,1.0,1.0,-1.0,-1.0,1.0,1.0,1.0,1.0,1.0,1.0,1.0,1.0,-1.0,-1.0,1.0,1.0,1.0,1.0,1.0,-1.0,-1.0,1.0,1.0,1.0,1.0,1.0,1.0,1.0,1.0,-1.0,-1.0,1.0,1.0,1.0,1.0,1.0,1.0,1.0,1.0,1.0,1.0,-1.0,-1.0,1.0,1.0,1.0,1.0,1.0,1.0,1.0,1.0,1.0,1.0,-1.0,-1.0,1.0,1.0,1.0,1.0,-1.0,-1.0,1.0,1.0,1.0,1.0,1.0,-1.0,-1.0,1.0,1.0,1.0,1.0,1.0,1.0,1.0,1.0,1.0,1.0,-1.0,-1.0,1.0,1.0,1.0,1.0,1.0,1.0,-1.0,-1.0,1.0,1.0,1.0,1.0,1.0,1.0,1.0,1.0,1.0,-1.0,-1.0,1.0,1.0,1.0,1.0,1.0,1.0,-1.0,-1.0,1.0,1.0,1.0,1.0,1.0,1.0,1.0,1.0,1.0,1.0,1.0,-1.0,-1.0,1.0,1.0,1.0,1.0,1.0,1.0,1.0,1.0,1.0,1.0,1.0,-1.0,-1.0,1.0,1.0,1.0,1.0,1.0,1.0,1.0,-1.0,-1.0,1.0,1.0,1.0,1.0,-1.0,-1.0,1.0,1.0,1.0,1.0,1.0,1.0,1.0,-1.0,-1.0,1.0,1.0,1.0,1.0,1.0,-1.0,-1.0,1.0,1.0,1.0,1.0,1.0,1.0,1.0,1.0,1.0,1.0,1.0,1.0,1.0,-1.0,-1.0,1.0,1.0,1.0,1.0,1.0,-1.0,-1.0,1.0,1.0,1.0,1.0,1.0,1.0,-1.0,-1.0,1.0,1.0,1.0,1.0,1.0,1.0,1.0,1.0,1.0,1.0,-1.0,-1.0,1.0,1.0,1.0,1.0,1.0,1.0,1.0,-1.0,-1.0,1.0,1.0,1.0,1.0,-1.0,-1.0,1.0,1.0,1.0,1.0,1.0,1.0,-1.0,-1.0,-1.0,-1.0,-1.0,-1.0,-1.0,-1.0,-1.0,-1.0,-1.0,-1.0,-1.0,1.0,1.0,1.0,1.0,1.0,1.0,-1.0,-1.0,1.0,1.0,1.0,1.0,1.0,1.0,1.0,1.0,1.0,1.0,-1.0,-1.0,1.0,1.0,1.0,1.0,1.0,1.0,1.0,1.0,1.0,1.0,1.0,-1.0,-1.0,1.0,1.0,1.0,1.0,1.0,1.0,-1.0,-1.0,1.0,1.0,1.0,1.0,-1.0,-1.0,1.0,1.0,1.0,1.0,1.0,1.0,1.0,1.0,1.0,1.0,-1.0,-1.0,1.0,1.0,1.0,1.0,1.0,1.0,1.0,1.0,-1.0,-1.0,1.0,1.0,1.0,1.0,1.0,1.0,1.0,1.0,1.0,1.0,1.0,1.0,-1.0,-1.0,1.0,1.0,1.0,1.0,1.0,1.0,1.0,1.0,-1.0,-1.0,1.0,1.0,1.0,1.0,-1.0,-1.0,1.0,1.0,1.0,1.0,1.0,-1.0,-1.0,1.0,1.0,1.0,1.0,1.0,-1.0,-1.0,1.0,1.0,1.0,1.0,1.0,1.0,1.0,-1.0,-1.0,1.0,1.0,1.0,1.0,1.0,-1.0,-1.0,1.0,1.0,1.0,1.0,1.0,1.0,1.0,1.0,-1.0,-1.0,1.0,1.0,1.0,1.0,1.0,1.0,1.0,-1.0,-1.0,1.0,1.0,1.0,1.0,1.0,1.0,1.0,1.0,1.0,1.0,-1.0,-1.0,1.0,1.0,1.0,1.0,-1.0,-1.0,1.0,1.0,1.0,1.0,1.0,1.0,1.0,1.0,1.0,1.0,1.0,1.0,1.0,1.0,1.0,1.0,1.0,1.0,1.0,1.0,1.0,1.0,1.0,1.0,1.0,-1.0,-1.0,-1.0,-1.0,-1.0,-1.0,-1.0,-1.0,-1.0,-1.0,-1.0,-1.0,-1.0,-1.0,1.0,1.0,1.0,1.0,1.0,1.0,1.0,1.0,1.0,1.0,1.0,1.0,1.0,1.0,1.0,1.0,1.0,1.0,1.0,1.0,1.0,1.0,1.0,1.0,1.0,1.0,1.0,1.0,1.0,1.0,1.0,1.0,1.0,1.0,1.0,1.0,1.0,1.0,1.0,0.0
0.0,-1.6728149052634294,-1.9010246348375845,-1.9010246348375845,-1.6410927202294108,-1.6410927202294108,-1.6410927202294108,-1.6410927202294108,-1.7920209287115763,-1.7920209287115763,-1.676605239872273,-1.676605239872273,-1.676605239872273,-1.676605239872273,-1.676605239872273,-1.676605239872273,-1.676605239872273,-1.676605239872273,-1.6410927202294108,0.17004578155657307,0.17004578155657307,0.17004578155657307,0.17004578155657307,0.17004578155657307,0.17004578155657307,0.17004578155657307,0.17004578155657307,-0.2659690429474603,-0.2659690429474603,-1.6410927202294108,-1.6410927202294108,-1.6410927202294108,-1.6410927202294108,-1.6410927202294108,-1.6410927202294108,-1.6410927202294108,-2.446043165467626,-2.446043165467626,-2.446043165467626,-2.446043165467626,-2.446043165467626,-2.446043165467626,-2.446043165467626,-2.446043165467626,-2.446043165467626,-2.446043165467626,-2.446043165467626,-2.446043165467626,-2.446043165467626,-2.446043165467626,-2.446043165467626,-2.446043165467626,-2.446043165467626,-2.446043165467626,-2.446043165467626,-2.446043165467626,-2.446043165467626,-2.446043165467626,-2.446043165467626,-2.446043165467626,-2.446043165467626,-2.446043165467626,-2.446043165467626,-2.446043165467626,-2.446043165467626,-2.446043165467626,-2.446043165467626,-2.446043165467626,-2.446043165467626,-2.446043165467626,-2.446043165467626,-2.446043165467626,-2.446043165467626,-2.446043165467626,-2.446043165467626,-2.446043165467626,-2.446043165467626,-2.446043165467626,-2.446043165467626,-2.446043165467626,-2.446043165467626,-2.446043165467626,-2.446043165467626,-1.8280693984540355,-1.8280693984540355,-1.8280693984540355,-1.8280693984540355,-1.8280693984540355,0.17004578155657307,0.17004578155657307,0.17004578155657307,0.17004578155657307,0.17004578155657307,0.17004578155657307,-1.8280693984540355,-1.8280693984540355,-1.8280693984540355,-1.8280693984540355,-1.8280693984540355,-1.8280693984540355,-1.8280693984540355,-1.8280693984540355,-1.8280693984540355,-1.8280693984540355,-1.8280693984540355,-1.8280693984540355,-1.8280693984540355,-1.8280693984540355,-1.8280693984540355,-1.8280693984540355,-1.8280693984540355,-1.8280693984540355,-1.8280693984540355,-1.8280693984540355,-1.8280693984540355,-1.8280693984540355,-2.446043165467626,-2.446043165467626,-2.446043165467626,-2.446043165467626,-2.446043165467626,-2.446043165467626,-2.446043165467626,-1.6728149052634294,-0.9071673142769207,-0.9071673142769207,-0.6293147300341544,-0.6293147300341544,-0.9071673142769207,-1.041465929169979,-1.7453050546575726,-2.061324202669949,-2.061324202669949,-2.061324202669949,-2.061324202669949,-1.7453050546575726,-1.7453050546575726,-1.7453050546575726,-2.290323585287614,-2.290323585287614,-2.446043165467626,-2.446043165467626,-2.446043165467626,-2.446043165467626,-2.446043165467626,-2.446043165467626,-2.446043165467626,-2.446043165467626,-2.446043165467626,-2.446043165467626,-2.446043165467626,-2.446043165467626,-2.446043165467626,-2.446043165467626,-2.446043165467626,-2.446043165467626,-2.446043165467626,-2.446043165467626,-2.446043165467626,-2.446043165467626,-2.446043165467626,-2.446043165467626,-2.446043165467626,-2.446043165467626,-2.446043165467626,-2.446043165467626,-2.446043165467626,-2.446043165467626,-1.0432728753141673,-1.0432728753141673,-2.446043165467626,-2.446043165467626,-0.3599377551250534,-0.3599377551250534,-0.3599377551250534,-0.3599377551250534,-0.3599377551250534,-2.446043165467626,-2.446043165467626,-1.7453050546575726,-0.9759548682892766,-1.7453050546575726,-1.7453050546575726,-1.7453050546575726,-1.7453050546575726,-2.446043165467626,-2.446043165467626,-2.0001189131339556,-0.9759548682892766,-0.9759548682892766,-2.0001189131339556,-2.0001189131339556,-2.446043165467626,-2.446043165467626,-1.2197514715500326,-1.2197514715500326,-1.2197514715500326,-1.2197514715500326,-1.2197514715500326,-2.446043165467626,-2.446043165467626,-1.8514774956893987,-0.9759548682892766,-0.9759548682892766,-1.8514774956893987,-1.8514774956893987,-2.446043165467626,-2.446043165467626,-2.1944961513306835,-2.1944961513306835,-2.1018209355960207,-2.1018209355960207,-2.1018209355960207,-2.1018209355960207,-2.1944961513306835,-2.1944961513306835,-2.446043165467626,-2.446043165467626,-1.3248621881715406,-0.9759548682892766,-1.3248621881715406,-1.3248621881715406,-1.3248621881715406,-1.3248621881715406,-2.446043165467626,-2.446043165467626,-1.6484550718626871,-1.6484550718626871,-1.484245758473435,-1.484245758473435,-1.7575987057244156,-1.7575987057244156,-1.7575987057244156,-1.7575987057244156,-1.7575987057244156,-1.484245758473435,-1.6484550718626871,-1.6484550718626871,-2.446043165467626,-2.446043165467626,-0.15271843918017883,-0.9759548682892766,-0.15271843918017883,-0.15271843918017883,-0.15271843918017883,-0.15271843918017883,-0.15271843918017883,-0.15271843918017883,-2.446043165467626,-2.446043165467626,-0.7148078328780825,-0.9759548682892766,-0.9759548682892766,-0.7148078328780825,-0.7148078328780825,-2.446043165467626,-2.446043165467626,-1.5740135164595594,-1.5740135164595594,-1.308613188500583,-1.308613188500583,-1.308613188500583,-1.308613188500583,-1.5740135164595594,-1.5740135164595594,-2.446043165467626,-2.446043165467626,-0.7789276600110286,-0.7789276600110286,-0.513704738688388,-0.513704738688388,-1.4133764758528105,-1.4133764758528105,-0.513704738688388,-0.7789276600110286,-0.7789276600110286,-0.7789276600110286,-2.446043165467626,-2.446043165467626,-1.1613566289825281,-0.9759548682892766,-1.1613566289825281,-1.1613566289825281,-1.1613566289825281,-1.1613566289825281,-1.1613566289825281,-1.1613566289825281,-1.1613566289825281,-1.1613566289825281,-2.446043165467626,-2.446043165467626,-1.1379986919555263,-0.9759548682892766,-1.1379986919555263,-1.1379986919555263,-2.446043165467626,-2.446043165467626,-0.6293147300341544,-0.9759548682892766,-0.9759548682892766,-0.6293147300341544,-0.6293147300341544,-2.446043165467626,-2.446043165467626,-0.8763897972531066,-0.5528209011737977,-0.5528209011737977,-0.5528209011737977,-0.8763897972531066,-0.8763897972531066,-0.8763897972531066,-0.8763897972531066,-0.8763897972531066,-0.8763897972531066,-2.446043165467626,-2.446043165467626,-0.9596289910220583,-0.9759548682892766,-0.9596289910220583,-0.9596289910220583,-0.9596289910220583,-0.9596289910220583,-2.446043165467626,-2.446043165467626,-0.6293147300341544,-0.6293147300341544,-0.6293147300341544,-0.19079407320538536,-0.19079407320538536,-0.19079407320538536,-0.6293147300341544,-0.6293147300341544,-0.6293147300341544,-2.446043165467626,-2.446043165467626,-0.5434330221772995,-0.9759548682892766,-0.5434330221772995,-0.5434330221772995,-0.5434330221772995,-0.5434330221772995,-2.446043165467626,-2.446043165467626,-1.5117256843875548,-1.278146314117537,-1.278146314117537,-1.278146314117537,-1.278146314117537,-1.278146314117537,-1.356006104207543,-1.356006104207543,-1.278146314117537,-1.5117256843875548,-1.5117256843875548,-2.446043165467626,-2.446043165467626,-1.0289949858295182,-0.9759548682892766,-1.0289949858295182,-0.5566455926168158,-0.5566455926168158,-1.1883080947829148,-1.1883080947829148,-1.1883080947829148,-0.5566455926168158,-1.0289949858295182,-1.0289949858295182,-2.446043165467626,-2.446043165467626,-0.6418438916578336,-0.9759548682892766,-0.6418438916578336,-0.6418438916578336,-0.6418438916578336,-0.6418438916578336,-0.6418438916578336,-2.446043165467626,-2.446043165467626,-1.1883080947829148,-0.9759548682892766,-1.1883080947829148,-1.1883080947829148,-2.446043165467626,-2.446043165467626,-0.513704738688388,-0.9759548682892766,-0.513704738688388,-0.513704738688388,-0.513704738688388,-0.513704738688388,-0.513704738688388,-2.446043165467626,-2.446043165467626,-1.6285153695225636,-0.9759548682892766,-0.9759548682892766,-1.6285153695225636,-1.6285153695225636,-2.446043165467626,-2.446043165467626,-0.5900341152139714,-0.5900341152139714,-0.39612272190388786,-0.39612272190388786,-0.7582438448068525,-0.7582438448068525,-0.7582438448068525,-0.7582438448068525,-0.7582438448068525,-0.7582438448068525,-0.39612272190388786,-0.5900341152139714,-0.5900341152139714,-2.446043165467626,-2.446043165467626,-0.9778299809132286,-0.9759548682892766,-0.9759548682892766,-0.9778299809132286,-0.9778299809132286,-2.446043165467626,-2.446043165467626,-1.2569118259111718,-0.9759548682892766,-1.2569118259111718,-1.2569118259111718,-1.2569118259111718,-1.2569118259111718,-2.446043165467626,-2.446043165467626,-1.6451996102561361,-1.6451996102561361,-1.5117256843875548,-1.5117256843875548,-1.691402123056799,-1.691402123056799,-1.691402123056799,-1.5117256843875548,-1.6451996102561361,-1.6451996102561361,-2.446043165467626,-2.446043165467626,-0.7642716995234982,-0.9759548682892766,-0.7642716995234982,-0.7642716995234982,-0.7642716995234982,-0.7642716995234982,-0.7642716995234982,-2.446043165467626,-2.446043165467626,-1.1044590900706008,-0.9759548682892766,-1.1044590900706008,-1.1044590900706008,-2.446043165467626,-2.446043165467626,-0.5224483514792443,-0.9759548682892766,-0.5224483514792443,-0.5224483514792443,-0.5224483514792443,-0.5224483514792443,-2.446043165467626,-2.446043165467626,-2.446043165467626,-2.446043165467626,-2.446043165467626,-2.446043165467626,-2.446043165467626,-2.446043165467626,-2.446043165467626,-2.446043165467626,-2.446043165467626,-2.446043165467626,-2.446043165467626,-1.7193517912942373,-0.9759548682892766,-1.7193517912942373,-1.7193517912942373,-1.7193517912942373,-1.7193517912942373,-2.446043165467626,-2.446043165467626,-0.4716364129965325,-0.4716364129965325,-0.17118321153354002,-0.17118321153354002,-0.33629401464165914,-0.33629401464165914,-0.33629401464165914,-0.17118321153354002,-0.4716364129965325,-0.4716364129965325,-2.446043165467626,-2.446043165467626,-2.061324202669949,-2.061324202669949,-2.061324202669949,-1.9615822493520334,-1.9615822493520334,-1.9615822493520334,-1.9615822493520334,-1.9615822493520334,-2.061324202669949,-2.061324202669949,-2.061324202669949,-2.446043165467626,-2.446043165467626,-0.8109875735775016,-0.9759548682892766,-0.8109875735775016,-0.8109875735775016,-0.8109875735775016,-0.8109875735775016,-2.446043165467626,-2.446043165467626,-0.6913493595367607,-0.9759548682892766,-0.6913493595367607,-0.6913493595367607,-2.446043165467626,-2.446043165467626,-1.1743332606641959,-1.1743332606641959,-0.8673688008840575,-0.8673688008840575,-0.6852140665090306,-0.6852140665090306,-0.6852140665090306,-0.8673688008840575,-1.1743332606641959,-1.1743332606641959,-2.446043165467626,-2.446043165467626,-0.11664889756936679,-0.9759548682892766,-0.11664889756936679,0.4857806544732866,0.4857806544732866,0.4857806544732866,-0.11664889756936679,-0.11664889756936679,-2.446043165467626,-2.446043165467626,-1.2833369667902041,-1.2833369667902041,-1.0691542459812056,-1.0691542459812056,-2.119032047089601,-2.119032047089601,-2.119032047089601,-2.119032047089601,-2.119032047089601,-1.0691542459812056,-1.2833369667902041,-1.2833369667902041,-2.446043165467626,-2.446043165467626,-0.9199912797035098,-0.9759548682892766,-0.9199912797035098,-0.9199912797035098,-0.9199912797035098,-0.9199912797035098,-0.9199912797035098,-0.9199912797035098,-2.446043165467626,-2.446043165467626,-0.33008887008040616,-0.9759548682892766,-0.33008887008040616,-0.33008887008040616,-2.446043165467626,-2.446043165467626,-0.9277772587125104,-0.9759548682892766,-0.9759548682892766,-0.9277772587125104,-0.9277772587125104,-2.446043165467626,-2.446043165467626,-0.4245198882216541,-0.4245198882216541,-0.4245198882216541,-0.4245198882216541,-0.4245198882216541,-2.446043165467626,-2.446043165467626,-1.1379986919555263,-1.1379986919555263,-1.1379986919555263,-1.1379986919555263,-1.1379986919555263,-1.1379986919555263,-1.1379986919555263,-2.446043165467626,-2.446043165467626,-1.9429491371937413,-0.9759548682892766,-0.9759548682892766,-1.9429491371937413,-1.9429491371937413,-2.446043165467626,-2.446043165467626,-0.8763897972531066,-0.8763897972531066,-0.2659690429474603,-0.2659690429474603,-0.2659690429474603,-0.2659690429474603,-0.8763897972531066,-0.8763897972531066,-2.446043165467626,-2.446043165467626,-2.1487603305785123,-2.1487603305785123,-2.1487603305785123,-2.1487603305785123,-2.1487603305785123,-2.1487603305785123,-2.1487603305785123,-2.446043165467626,-2.446043165467626,-0.9367610806459726,-0.9367610806459726,-0.9367610806459726,-0.606605624591236,-0.606605624591236,-0.606605624591236,-0.606605624591236,-0.9367610806459726,-0.9367610806459726,-0.9367610806459726,-2.446043165467626,-2.446043165467626,-0.9511351957395123,-0.9759548682892766,-0.9511351957395123,-0.9511351957395123,-2.446043165467626,-2.446043165467626,-1.2986357325622755,-0.9759548682892766,-1.2986357325622755,-1.2986357325622755,-1.2986357325622755,-1.2986357325622755,-1.5117256843875548,-1.5117256843875548,-1.5117256843875548,-1.5117256843875548,-1.5117256843875548,-1.5117256843875548,-1.5117256843875548,-0.975590485512749,-0.975590485512749,-0.975590485512749,-0.8109875735775016,-0.8109875735775016,-0.8109875735775016,-0.8109875735775016,-0.8109875735775016,-0.8109875735775016,-0.8109875735775016,-0.975590485512749,-1.9615822493520334,-2.446043165467626,-2.446043165467626,-2.446043165467626,-2.446043165467626,-2.446043165467626,-2.446043165467626,-2.446043165467626,-2.446043165467626,-2.446043165467626,-2.446043165467626,-2.446043165467626,-2.446043165467626,-2.446043165467626,-2.446043165467626,-2.1487603305785123,-2.1487603305785123,-1.922825376062786,-1.0510652879972262,-1.893348317504767,-1.893348317504767,-1.893348317504767,-1.893348317504767,-1.893348317504767,-1.893348317504767,-1.893348317504767,-1.832897318508829,-1.832897318508829,-1.832897318508829,-1.832897318508829,-1.832897318508829,-2.0001189131339556,-2.0001189131339556,-2.0001189131339556,-2.0001189131339556,-2.0001189131339556,-2.0001189131339556,-2.0001189131339556,-2.0001189131339556,-2.0001189131339556,-2.0001189131339556,-2.0001189131339556,-2.0001189131339556,-2.0001189131339556,-2.0001189131339556,-2.0001189131339556,-2.0001189131339556,-2.0001189131339556,-1.8514774956893987,-1.8514774956893987,-2.0001189131339556,-2.0001189131339556,-1.832897318508829,-1.832897318508829,0.0
0.0,1.0,-1.0,-1.0,1.0,1.0,1.0,1.0,-1.0,-1.0,-1.0,-1.0,-1.0,-1.0,-1.0,-1.0,-1.0,-1.0,1.0,-1.0,-1.0,-1.0,-1.0,-1.0,-1.0,-1.0,-1.0,-1.0,-1.0,1.0,1.0,1.0,1.0,1.0,1.0,1.0,1.0,-1.0,-1.0,-1.0,-1.0,-1.0,-1.0,-1.0,-1.0,-1.0,-1.0,1.0,-1.0,-1.0,-1.0,-1.0,-1.0,1.0,-1.0,-1.0,-1.0,-1.0,-1.0,-1.0,-1.0,-1.0,1.0,1.0,1.0,1.0,1.0,1.0,1.0,1.0,1.0,1.0,1.0,1.0,1.0,1.0,1.0,1.0,1.0,1.0,1.0,1.0,1.0,1.0,1.0,1.0,1.0,1.0,-1.0,-1.0,-1.0,-1.0,-1.0,-1.0,1.0,1.0,1.0,1.0,1.0,1.0,1.0,1.0,1.0,1.0,1.0,1.0,1.0,1.0,1.0,1.0,1.0,1.0,1.0,1.0,1.0,1.0,-1.0,-1.0,-1.0,-1.0,-1.0,-1.0,-1.0,1.0,-1.0,-1.0,-1.0,-1.0,-1.0,1.0,-1.0,-1.0,-1.0,-1.0,-1.0,-1.0,-1.0,-1.0,-1.0,-1.0,-1.0,-1.0,-1.0,-1.0,-1.0,-1.0,-1.0,-1.0,-1.0,-1.0,-1.0,-1.0,-1.0,-1.0,-1.0,-1.0,-1.0,-1.0,-1.0,-1.0,-1.0,-1.0,-1.0,-1.0,-1.0,-1.0,-1.0,-1.0,1.0,1.0,-1.0,-1.0,-1.0,-1.0,-1.0,-1.0,-1.0,-1.0,-1.0,-1.0,1.0,-1.0,-1.0,-1.0,-1.0,-1.0,-1.0,-1.0,1.0,1.0,-1.0,-1.0,-1.0,-1.0,-1.0,-1.0,-1.0,-1.0,-1.0,-1.0,-1.0,-1.0,1.0,1.0,-1.0,-1.0,-1.0,-1.0,1.0,1.0,1.0,1.0,1.0,1.0,1.0,1.0,-1.0,-1.0,-1.0,1.0,-1.0,-1.0,-1.0,-1.0,-1.0,-1.0,1.0,1.0,1.0,1.0,1.0,1.0,1.0,1.0,1.0,1.0,1.0,1.0,-1.0,-1.0,-1.0,1.0,-1.0,-1.0,-1.0,-1.0,-1.0,-1.0,-1.0,-1.0,-1.0,1.0,1.0,-1.0,-1.0,-1.0,-1.0,1.0,1.0,1.0,1.0,1.0,1.0,1.0,1.0,-1.0,-1.0,1.0,1.0,1.0,1.0,1.0,1.0,1.0,1.0,1.0,1.0,-1.0,-1.0,-1.0,1.0,-1.0,-1.0,-1.0,-1.0,-1.0,-1.0,-1.0,-1.0,-1.0,-1.0,-1.0,1.0,-1.0,-1.0,-1.0,-1.0,-1.0,1.0,1.0,-1.0,-1.0,-1.0,-1.0,-1.0,-1.0,-1.0,-1.0,-1.0,-1.0,-1.0,-1.0,-1.0,-1.0,-1.0,-1.0,-1.0,1.0,-1.0,-1.0,-1.0,-1.0,-1.0,-1.0,1.0,1.0,1.0,1.0,1.0,1.0,1.0,1.0,1.0,-1.0,-1.0,-1.0,1.0,-1.0,-1.0,-1.0,-1.0,-1.0,-1.0,1.0,1.0,1.0,1.0,1.0,1.0,1.0,1.0,1.0,1.0,1.0,-1.0,-1.0,1.0,1.0,1.0,1.0,1.0,1.0,1.0,1.0,1.0,1.0,1.0,-1.0,-1.0,-1.0,1.0,-1.0,-1.0,-1.0,-1.0,-1.0,-1.0,-1.0,-1.0,1.0,-1.0,-1.0,-1.0,-1.0,-1.0,1.0,-1.0,-1.0,-1.0,-1.0,-1.0,-1.0,-1.0,-1.0,1.0,1.0,-1.0,-1.0,-1.0,-1.0,1.0,1.0,1.0,1.0,1.0,1.0,1.0,1.0,1.0,1.0,1.0,1.0,1.0,-1.0,-1.0,-1.0,1.0,1.0,-1.0,-1.0,-1.0,-1.0,1.0,1.0,1.0,1.0,1.0,1.0,-1.0,-1.0,1.0,1.0,1.0,1.0,1.0,1.0,1.0,1.0,1.0,1.0,-1.0,-1.0,-1.0,1.0,-1.0,-1.0,-1.0,-1.0,-1.0,-1.0,-1.0,-1.0,1.0,-1.0,-1.0,-1.0,-1.0,-1.0,1.0,-1.0,-1.0,-1.0,-1.0,-1.0,-1.0,1.0,1.0,1.0,1.0,1.0,1.0,1.0,1.0,1.0,-1.0,-1.0,-1.0,1.0,-1.0,-1.0,-1.0,-1.0,-1.0,-1.0,1.0,1.0,1.0,1.0,1.0,1.0,1.0,1.0,1.0,1.0,-1.0,-1.0,1.0,1.0,1.0,1.0,1.0,1.0,1.0,1.0,1.0,1.0,1.0,-1.0,-1.0,-1.0,1.0,-1.0,-1.0,-1.0,-1.0,-1.0,-1.0,-1.0,1.0,-1.0,-1.0,-1.0,-1.0,1.0,1.0,1.0,1.0,1.0,1.0,1.0,1.0,1.0,1.0,-1.0,-1.0,-1.0,1.0,-1.0,-1.0,-1.0,-1.0,-1.0,-1.0,-1.0,-1.0,1.0,1.0,1.0,1.0,1.0,1.0,1.0,1.0,1.0,1.0,1.0,1.0,-1.0,-1.0,-1.0,1.0,-1.0,-1.0,-1.0,-1.0,-1.0,-1.0,-1.0,-1.0,-1.0,1.0,-1.0,-1.0,-1.0,-1.0,-1.0,1.0,1.0,-1.0,-1.0,-1.0,-1.0,-1.0,-1.0,-1.0,-1.0,-1.0,-1.0,-1.0,1.0,1.0,1.0,1.0,1.0,1.0,1.0,-1.0,-1.0,-1.0,1.0,1.0,-1.0,-1.0,-1.0,-1.0,1.0,1.0,1.0,1.0,1.0,1.0,1.0,1.0,-1.0,-1.0,1.0,1.0,1.0,1.0,1.0,1.0,1.0,-1.0,-1.0,1.0,1.0,1.0,1.0,1.0,1.0,1.0,1.0,1.0,1.0,-1.0,-1.0,-1.0,1.0,-1.0,-1.0,-1.0,-1.0,-1.0,1.0,-1.0,-1.0,-1.0,-1.0,-1.0,-1.0,-1.0,-1.0,-1.0,-1.0,-1.0,1.0,1.0,1.0,-1.0,-1.0,-1.0,-1.0,-1.0,-1.0,-1.0,1.0,-1.0,-1.0,-1.0,-1.0,-1.0,-1.0,-1.0,-1.0,-1.0,-1.0,-1.0,-1.0,-1.0,-1.0,-1.0,-1.0,-1.0,-1.0,1.0,-1.0,-1.0,-1.0,-1.0,-1.0,-1.0,-1.0,-1.0,-1.0,-1.0,-1.0,-1.0,-1.0,-1.0,-1.0,-1.0,-1.0,-1.0,-1.0,-1.0,-1.0,-1.0,-1.0,-1.0,-1.0,-1.0,-1.0,-1.0,-1.0,-1.0,-1.0,-1.0,-1.0,-1.0,-1.0,0.0
0.0,-1.0,-1.0,-1.0,-1.0,-1.0,-1.0,-1.0,-1.0,-1.0,-1.0,-1.0,-1.0,-1.0,-1.0,-1.0,-1.0,-1.0,-1.0,-1.0,-1.0,-1.0,-1.0,-1.0,-1.0,-1.0,-1.0,-1.0,-1.0,-1.0,-1.0,-1.0,-1.0,-1.0,-1.0,-1.0,-1.0,-1.0,-1.0,-1.0,-1.0,-1.0,-1.0,-1.0,-1.0,-1.0,-1.0,-1.0,-1.0,-1.0,-1.0,-1.0,-1.0,-1.0,-1.0,-1.0,-1.0,-1.0,-1.0,-1.0,-1.0,-1.0,-1.0,-1.0,-1.0,-1.0,-1.0,-1.0,-1.0,-1.0,-1.0,-1.0,-1.0,-1.0,-1.0,-1.0,-1.0,-1.0,-1.0,-1.0,-1.0,-1.0,-1.0,-1.0,-1.0,-1.0,-1.0,-1.0,-1.0,-1.0,-1.0,-1.0,-1.0,-1.0,-1.0,-1.0,-1.0,-1.0,-1.0,-1.0,-1.0,-1.0,-1.0,-1.0,-1.0,-1.0,-1.0,-1.0,-1.0,-1.0,-1.0,-1.0,-1.0,-1.0,-1.0,-1.0,-1.0,-1.0,-1.0,-1.0,-1.0,-1.0,-1.0,-1.0,-1.0,-1.0,-1.0,-1.0,-1.0,-1.0,-1.0,-1.0,-1.0,-1.0,-1.0,-1.0,-1.0,-1.0,-1.0,-1.0,-1.0,-1.0,-1.0,-1.0,-1.0,-1.0,-1.0,-1.0,-1.0,-1.0,-1.0,-1.0,-1.0,-1.0,-1.0,-1.0,-1.0,-1.0,-1.0,-1.0,-1.0,-1.0,-1.0,-1.0,-1.0,-1.0,-1.0,-1.0,-1.0,-1.0,-1.0,-1.0,-1.0,-1.0,-1.0,-1.0,-1.0,-1.0,-1.0,-1.0,-1.0,-1.0,-1.0,-1.0,-1.0,-1.0,-1.0,-1.0,-1.0,-1.0,-1.0,-1.0,-1.0,-1.0,-1.0,-1.0,-1.0,-1.0,-1.0,-1.0,-1.0,-1.0,-1.0,-1.0,-1.0,-1.0,-1.0,-1.0,-1.0,-1.0,-1.0,-1.0,-1.0,-1.0,-1.0,-1.0,-1.0,-1.0,-1.0,-1.0,-1.0,-1.0,-1.0,-1.0,-1.0,-1.0,-1.0,-1.0,-1.0,-1.0,-1.0,-1.0,-1.0,-1.0,-1.0,-1.0,-1.0,-1.0,-1.0,-1.0,-1.0,-1.0,-1.0,-1.0,-1.0,-1.0,-1.0,-1.0,-1.0,-1.0,-1.0,-1.0,-1.0,-1.0,-1.0,-1.0,-1.0,-1.0,-1.0,-1.0,-1.0,-1.0,-1.0,-1.0,-1.0,-1.0,-1.0,-1.0,-1.0,-1.0,-1.0,-1.0,-1.0,-1.0,-1.0,-1.0,-1.0,-1.0,-1.0,-1.0,-1.0,-1.0,-1.0,-1.0,-1.0,-1.0,-1.0,-1.0,-1.0,-1.0,-1.0,-1.0,-1.0,-1.0,-1.0,-1.0,-1.0,-1.0,-1.0,-1.0,-1.0,-1.0,-1.0,-1.0,-1.0,-1.0,-1.0,-1.0,-1.0,-1.0,-1.0,-1.0,-1.0,-1.0,-1.0,-1.0,-1.0,-1.0,-1.0,-1.0,-1.0,-1.0,-1.0,-1.0,-1.0,-1.0,-1.0,-1.0,-1.0,-1.0,-1.0,-1.0,-1.0,-1.0,-1.0,-1.0,-1.0,-1.0,-1.0,-1.0,-1.0,-1.0,-1.0,-1.0,-1.0,-1.0,-1.0,-1.0,-1.0,-1.0,-1.0,-1.0,-1.0,-1.0,-1.0,-1.0,-1.0,-1.0,-1.0,-1.0,-1.0,-1.0,-1.0,-1.0,-1.0,-1.0,-1.0,-1.0,-1.0,-1.0,-1.0,-1.0,-1.0,-1.0,-1.0,-1.0,-1.0,-1.0,-1.0,-1.0,-1.0,-1.0,-1.0,-1.0,-1.0,-1.0,-1.0,-1.0,-1.0,-1.0,-1.0,-1.0,-1.0,-1.0,-1.0,-1.0,-1.0,-1.0,-1.0,-1.0,-1.0,-1.0,-1.0,-1.0,-1.0,-1.0,-1.0,-1.0,-1.0,-1.0,-1.0,-1.0,-1.0,-1.0,-1.0,-1.0,-1.0,-1.0,-1.0,-1.0,-1.0,-1.0,-1.0,-1.0,-1.0,-1.0,-1.0,-1.0,-1.0,-1.0,-1.0,-1.0,-1.0,-1.0,-1.0,-1.0,-1.0,-1.0,-1.0,-1.0,-1.0,-1.0,-1.0,-1.0,-1.0,-1.0,-1.0,-1.0,-1.0,-1.0,-1.0,-1.0,-1.0,-1.0,-1.0,-1.0,-1.0,-1.0,-1.0,-1.0,-1.0,-1.0,-1.0,-1.0,-1.0,-1.0,-1.0,-1.0,-1.0,-1.0,-1.0,-1.0,-1.0,-1.0,-1.0,-1.0,-1.0,-1.0,-1.0,-1.0,-1.0,-1.0,-1.0,-1.0,-1.0,-1.0,-1.0,-1.0,-1.0,-1.0,-1.0,-1.0,-1.0,-1.0,-1.0,-1.0,-1.0,-1.0,-1.0,-1.0,-1.0,-1.0,-1.0,-1.0,-1.0,-1.0,-1.0,-1.0,-1.0,-1.0,-1.0,-1.0,-1.0,-1.0,-1.0,-1.0,-1.0,-1.0,-1.0,-1.0,-1.0,-1.0,-1.0,-1.0,-1.0,-1.0,-1.0,-1.0,-1.0,-1.0,-1.0,-1.0,-1.0,-1.0,-1.0,-1.0,-1.0,-1.0,-1.0,-1.0,-1.0,-1.0,-1.0,-1.0,-1.0,-1.0,-1.0,-1.0,-1.0,-1.0,-1.0,-1.0,-1.0,-1.0,-1.0,-1.0,-1.0,-1.0,-1.0,-1.0,-1.0,-1.0,-1.0,-1.0,-1.0,-1.0,-1.0,-1.0,-1.0,-1.0,-1.0,-1.0,-1.0,-1.0,-1.0,-1.0,-1.0,-1.0,-1.0,-1.0,-1.0,-1.0,-1.0,-1.0,-1.0,-1.0,-1.0,-1.0,-1.0,-1.0,-1.0,-1.0,-1.0,-1.0,-1.0,-1.0,-1.0,-1.0,-1.0,-1.0,-1.0,-1.0,-1.0,-1.0,-1.0,-1.0,-1.0,-1.0,-1.0,-1.0,-1.0,-1.0,-1.0,-1.0,-1.0,-1.0,-1.0,-1.0,-1.0,-1.0,-1.0,-1.0,-1.0,-1.0,-1.0,-1.0,-1.0,-1.0,-1.0,-1.0,-1.0,-1.0,-1.0,-1.0,-1.0,-1.0,-1.0,-1.0,-1.0,-1.0,-1.0,-1.0,-1.0,-1.0,-1.0,-1.0,-1.0,-1.0,-1.0,-1.0,-1.0,-1.0,-1.0,-1.0,-1.0,-1.0,-1.0,-1.0,-1.0,-1.0,-1.0,-1.0,-1.0,-1.0,-1.0,-1.0,1.0,1.0,1.0,1.0,1.0,-1.0,-1.0,-1.0,-1.0,-1.0,-1.0,1.0,-1.0,-1.0,-1.0,1.0,1.0,1.0,1.0,-1.0,-1.0,-1.0,-1.0,-1.0,-1.0,-1.0,-1.0,-1.0,-1.0,-1.0,-1.0,-1.0,-1.0,-1.0,-1.0,-1.0,-1.0,-1.0,-1.0,-1.0,-1.0,-1.0,-1.0,-1.0,-1.0,-1.0,-1.0,-1.0,-1.0,-1.0,-1.0,-1.0,-1.0,-1.0,0.0
0.0,0.5325515588621121,-0.7010235185372593,-0.7010235185372593,0.5209203029749827,0.5209203029749827,0.5209203029749827,0.5209203029749827,-0.4846520419346229,-0.4846520419346229,-0.543793501424543,-0.543793501424543,-0.543793501424543,-0.543793501424543,-0.543793501424543,-0.543793501424543,-0.543793501424543,-0.543793501424543,0.5209203029749827,-0.6072521655175623,-0.6072521655175623,-0.6072521655175623,-0.6072521655175623,-0.6072521655175623,-0.6072521655175623,-0.6072521655175623,-0.6072521655175623,-0.47176047346788036,-0.47176047346788036,0.5209203029749827,0.5209203029749827,0.5209203029749827,0.5209203029749827,0.5209203029749827,0.5209203029749827,0.5209203029749827,-0.04295189805190128,-0.685701171423712,-0.685701171423712,-0.685701171423712,-0.685701171423712,-0.685701171423712,-0.685701171423712,-0.685701171423712,-0.685701171423712,-0.685701171423712,-0.685701171423712,-0.04295189805190128,-0.8676940530880688,-0.8676940530880688,-0.8676940530880688,-0.8676940530880688,-0.8676940530880688,-0.04295189805190128,-0.8983469888291029,-0.8983469888291029,-0.8983469888291029,-0.8983469888291029,-0.8983469888291029,-0.8983469888291029,-0.8983469888291029,-0.8983469888291029,-0.04295189805190128,-0.8751708481097702,-0.8751708481097702,-0.8751708481097702,-0.8751708481097702,-0.8751708481097702,-0.8751708481097702,-0.8751708481097702,-0.8751708481097702,-0.04295189805190128,-0.695860043683715,-0.695860043683715,-0.695860043683715,-0.695860043683715,-0.695860043683715,-0.695860043683715,-0.695860043683715,-0.695860043683715,-0.695860043683715,-0.695860043683715,-0.695860043683715,0.3098750915844873,0.3098750915844873,0.3098750915844873,0.3098750915844873,0.3098750915844873,-0.7800311493989107,-0.7800311493989107,-0.7800311493989107,-0.7800311493989107,-0.7800311493989107,-0.7800311493989107,0.3098750915844873,0.3098750915844873,0.3098750915844873,0.3098750915844873,0.3098750915844873,0.3098750915844873,0.3098750915844873,0.3098750915844873,0.3098750915844873,0.3098750915844873,0.3098750915844873,0.3098750915844873,0.3098750915844873,0.3098750915844873,0.3098750915844873,0.3098750915844873,0.3098750915844873,0.3098750915844873,0.3098750915844873,0.3098750915844873,0.3098750915844873,0.3098750915844873,-1.199071399773296,-1.199071399773296,-1.199071399773296,-1.199071399773296,-1.199071399773296,-1.199071399773296,-1.199071399773296,0.5325515588621121,-0.3693989939993358,-0.3693989939993358,-0.6708653310897962,-0.6708653310897962,-0.3693989939993358,1.6450445305045276,-0.5550540395455995,-0.838928682527586,-0.838928682527586,-0.838928682527586,-0.838928682527586,-0.5550540395455995,-0.5550540395455995,-0.5550540395455995,0.1970197513114568,0.1970197513114568,-1.570533958123711,-1.570533958123711,-0.8118318331582638,0.07925735163152169,-1.570533958123711,-1.570533958123711,-0.8118318331582638,0.07925735163152169,-1.570533958123711,-1.570533958123711,-0.8184601672666545,0.07925735163152169,-1.570533958123711,-1.570533958123711,-0.8603350077758544,0.07925735163152169,-1.570533958123711,-1.570533958123711,-0.838928682527586,0.07925735163152169,-1.570533958123711,-1.570533958123711,-0.8530900607964313,0.07925735163152169,-1.570533958123711,-1.570533958123711,-0.8184601672666545,0.07925735163152169,1.6387304078785796,1.6387304078785796,-1.570533958123711,-1.570533958123711,0.19013083461182906,0.19013083461182906,0.19013083461182906,0.19013083461182906,0.19013083461182906,-1.570533958123711,-1.570533958123711,-0.4439925199768518,1.60666936449635,-0.4439925199768518,-0.4439925199768518,-0.4439925199768518,-0.4439925199768518,-1.570533958123711,-1.570533958123711,-0.26461588618960746,1.60666936449635,1.60666936449635,-0.26461588618960746,-0.26461588618960746,-1.570533958123711,-1.570533958123711,-0.4654456514273555,-0.4654456514273555,-0.4654456514273555,-0.4654456514273555,-0.4654456514273555,-1.570533958123711,-1.570533958123711,-0.3797262589529182,1.60666936449635,1.60666936449635,-0.3797262589529182,-0.3797262589529182,-1.570533958123711,-1.570533958123711,-0.4781618026072083,-0.4781618026072083,-0.5824344901372128,-0.5824344901372128,-0.5824344901372128,-0.5824344901372128,-0.4781618026072083,-0.4781618026072083,-1.570533958123711,-1.570533958123711,-0.3719594920201892,1.60666936449635,-0.3719594920201892,-0.3719594920201892,-0.3719594920201892,-0.3719594920201892,-1.570533958123711,-1.570533958123711,-0.2017081758125717,-0.2017081758125717,-0.2565240871188317,-0.2565240871188317,-0.494559615603129,-0.494559615603129,-0.494559615603129,-0.494559615603129,-0.494559615603129,-0.2565240871188317,-0.2017081758125717,-0.2017081758125717,-1.570533958123711,-1.570533958123711,0.012086903656688875,1.60666936449635,0.012086903656688875,0.012086903656688875,0.012086903656688875,0.012086903656688875,0.012086903656688875,0.012086903656688875,-1.570533958123711,-1.570533958123711,-0.42348121457627924,1.60666936449635,1.60666936449635,-0.42348121457627924,-0.42348121457627924,-1.570533958123711,-1.570533958123711,-0.4469976089162398,-0.4469976089162398,-0.543793501424543,-0.543793501424543,-0.543793501424543,-0.543793501424543,-0.4469976089162398,-0.4469976089162398,-1.570533958123711,-1.570533958123711,-0.14154509976382962,-0.14154509976382962,-0.18938720579353313,-0.18938720579353313,-0.49790937704173294,-0.49790937704173294,-0.18938720579353313,-0.14154509976382962,-0.14154509976382962,-0.14154509976382962,-1.570533958123711,-1.570533958123711,-0.14785992180435448,1.60666936449635,-0.14785992180435448,-0.14785992180435448,-0.14785992180435448,-0.14785992180435448,-0.14785992180435448,-0.14785992180435448,-0.14785992180435448,-0.14785992180435448,-1.570533958123711,-1.570533958123711,-0.522055176361509,1.60666936449635,-0.522055176361509,-0.522055176361509,-1.570533958123711,-1.570533958123711,-0.1291658402091679,1.60666936449635,1.60666936449635,-0.1291658402091679,-0.1291658402091679,-1.570533958123711,-1.570533958123711,-0.16403072983121203,-0.2525301335774958,-0.2525301335774958,-0.2525301335774958,-0.16403072983121203,-0.16403072983121203,-0.16403072983121203,-0.16403072983121203,-0.16403072983121203,-0.16403072983121203,-1.570533958123711,-1.570533958123711,-0.21253390444880266,1.60666936449635,-0.21253390444880266,-0.21253390444880266,-0.21253390444880266,-0.21253390444880266,-1.570533958123711,-1.570533958123711,-0.41495897740348425,-0.41495897740348425,-0.41495897740348425,-0.5046818103606892,-0.5046818103606892,-0.5046818103606892,-0.41495897740348425,-0.41495897740348425,-0.41495897740348425,-1.570533958123711,-1.570533958123711,-0.16733314442144212,1.60666936449635,-0.16733314442144212,-0.16733314442144212,-0.16733314442144212,-0.16733314442144212,-1.570533958123711,-1.570533958123711,-0.3876243013840414,-0.47176047346788036,-0.47176047346788036,-0.47176047346788036,-0.47176047346788036,-0.47176047346788036,-0.6517896327158449,-0.6517896327158449,-0.47176047346788036,-0.3876243013840414,-0.3876243013840414,-1.570533958123711,-1.570533958123711,-0.06772340083998737,1.60666936449635,-0.06772340083998737,-0.19462789309266396,-0.19462789309266396,-0.40936262644707533,-0.40936262644707533,-0.40936262644707533,-0.19462789309266396,-0.06772340083998737,-0.06772340083998737,-1.570533958123711,-1.570533958123711,-0.13997963860248278,1.60666936449635,-0.13997963860248278,-0.13997963860248278,-0.13997963860248278,-0.13997963860248278,-0.13997963860248278,-1.570533958123711,-1.570533958123711,-0.5988323031331335,1.60666936449635,-0.5988323031331335,-0.5988323031331335,-1.570533958123711,-1.570533958123711,-0.2545228432907936,1.60666936449635,-0.2545228432907936,-0.2545228432907936,-0.2545228432907936,-0.2545228432907936,-0.2545228432907936,-1.570533958123711,-1.570533958123711,-0.40658938554996565,1.60666936449635,1.60666936449635,-0.40658938554996565,-0.40658938554996565,-1.570533958123711,-1.570533958123711,0.00868841798889448,0.00868841798889448,-0.025504388501600334,-0.025504388501600334,-0.3771229668737334,-0.3771229668737334,-0.3771229668737334,-0.3771229668737334,-0.3771229668737334,-0.3771229668737334,-0.025504388501600334,0.00868841798889448,0.00868841798889448,-1.570533958123711,-1.570533958123711,-0.22548930071742646,1.60666936449635,1.60666936449635,-0.22548930071742646,-0.22548930071742646,-1.570533958123711,-1.570533958123711,-0.21804229498714,1.60666936449635,-0.21804229498714,-0.21804229498714,-0.21804229498714,-0.21804229498714,-1.570533958123711,-1.570533958123711,-0.16403072983121203,-0.16403072983121203,-0.21436282936522158,-0.21436282936522158,-0.41215242410431985,-0.41215242410431985,-0.41215242410431985,-0.21436282936522158,-0.16403072983121203,-0.16403072983121203,-1.570533958123711,-1.570533958123711,-0.05063354587580772,1.60666936449635,-0.05063354587580772,-0.05063354587580772,-0.05063354587580772,-0.05063354587580772,-0.05063354587580772,-1.570533958123711,-1.570533958123711,-0.3050899389170708,1.60666936449635,-0.3050899389170708,-0.3050899389170708,-1.570533958123711,-1.570533958123711,-0.10101626993937508,1.60666936449635,-0.10101626993937508,-0.10101626993937508,-0.10101626993937508,-0.10101626993937508,-1.570533958123711,-1.570533958123711,-0.5905614727128524,-0.5905614727128524,-0.7277330577148052,-0.7277330577148052,-0.8118318331582638,-0.8118318331582638,-0.7277330577148052,-0.5905614727128524,-0.5905614727128524,-1.570533958123711,-1.570533958123711,-0.21804229498714,1.60666936449635,-0.21804229498714,-0.21804229498714,-0.21804229498714,-0.21804229498714,-1.570533958123711,-1.570533958123711,-0.15426125094368243,-0.15426125094368243,-0.2034951367650964,-0.2034951367650964,-0.3823441353775303,-0.3823441353775303,-0.3823441353775303,-0.2034951367650964,-0.15426125094368243,-0.15426125094368243,-1.570533958123711,-1.570533958123711,-0.30732044300709765,-0.30732044300709765,-0.30732044300709765,-0.3771229668737334,-0.3771229668737334,-0.3771229668737334,-0.3771229668737334,-0.3771229668737334,-0.30732044300709765,-0.30732044300709765,-0.30732044300709765,-1.570533958123711,-1.570533958123711,-0.17400882537820705,1.60666936449635,-0.17400882537820705,-0.17400882537820705,-0.17400882537820705,-0.17400882537820705,-1.570533958123711,-1.570533958123711,-0.31635047703812685,1.60666936449635,-0.31635047703812685,-0.31635047703812685,-1.570533958123711,-1.570533958123711,-0.294094379379597,-0.294094379379597,-0.3618006197601861,-0.3618006197601861,-0.41778248883150454,-0.41778248883150454,-0.41778248883150454,-0.3618006197601861,-0.294094379379597,-0.294094379379597,-1.570533958123711,-1.570533958123711,-0.05322241521020756,1.60666936449635,-0.05322241521020756,-0.17400882537820705,-0.17400882537820705,-0.17400882537820705,-0.05322241521020756,-0.05322241521020756,-1.570533958123711,-1.570533958123711,-0.22736974478271846,-0.22736974478271846,-0.2854805000857472,-0.2854805000857472,-0.5291895091329055,-0.5291895091329055,-0.5291895091329055,-0.5291895091329055,-0.5291895091329055,-0.2854805000857472,-0.22736974478271846,-0.22736974478271846,-1.570533958123711,-1.570533958123711,-0.15426125094368243,1.60666936449635,-0.15426125094368243,-0.15426125094368243,-0.15426125094368243,-0.15426125094368243,-0.15426125094368243,-0.15426125094368243,-1.570533958123711,-1.570533958123711,-0.4350914942896114,1.60666936449635,-0.4350914942896114,-0.4350914942896114,-1.570533958123711,-1.570533958123711,-0.13376971705169682,1.60666936449635,1.60666936449635,-0.13376971705169682,-0.13376971705169682,-1.570533958123711,-1.570533958123711,-0.15749510274021208,-0.15749510274021208,-0.15749510274021208,-0.15749510274021208,-0.15749510274021208,-1.570533958123711,-1.570533958123711,-0.44100663301480947,-0.44100663301480947,-0.44100663301480947,-0.44100663301480947,-0.44100663301480947,-0.44100663301480947,-0.44100663301480947,-1.570533958123711,-1.570533958123711,-0.5081051935812839,1.60666936449635,1.60666936449635,-0.5081051935812839,-0.5081051935812839,-1.570533958123711,-1.570533958123711,-0.5291895091329055,-0.5291895091329055,-0.6471399454012805,-0.6471399454012805,-0.6471399454012805,-0.6471399454012805,-0.5291895091329055,-0.5291895091329055,-1.570533958123711,-1.570533958123711,-0.49790937704173294,-0.49790937704173294,-0.49790937704173294,-0.49790937704173294,-0.49790937704173294,-0.49790937704173294,-0.49790937704173294,-1.570533958123711,-1.570533958123711,-0.28123238246834,-0.28123238246834,-0.28123238246834,-0.3469647794262703,-0.3469647794262703,-0.3469647794262703,-0.3469647794262703,-0.28123238246834,-0.28123238246834,-0.28123238246834,-1.570533958123711,-1.570533958123711,-0.4206231645681314,1.60666936449635,-0.4206231645681314,-0.4206231645681314,-1.570533958123711,-1.570533958123711,-0.12309705725271393,1.60666936449635,-0.12309705725271393,-0.12309705725271393,-0.12309705725271393,-0.12309705725271393,-1.2812632999899616,-1.2812632999899616,-1.2812632999899616,-1.2812632999899616,-1.2812632999899616,-1.2812632999899616,-1.2812632999899616,1.613318658470165,1.613318658470165,1.613318658470165,-0.450022148404846,-0.450022148404846,-0.450022148404846,-0.450022148404846,-0.450022148404846,-0.450022148404846,-0.450022148404846,1.613318658470165,-0.41215242410431985,-0.7277330577148052,-1.1423607189301805,-1.1423607189301805,-1.1423607189301805,-1.508136111102906,-1.508136111102906,-1.508136111102906,-1.508136111102906,-1.508136111102906,-1.508136111102906,-0.7277330577148052,-1.1559062969083356,-1.1559062969083356,-1.1559062969083356,-0.5081051935812839,-0.5081051935812839,-0.4469976089162398,1.650733078589041,0.053122513940295144,0.053122513940295144,0.053122513940295144,0.053122513940295144,0.053122513940295144,0.053122513940295144,0.053122513940295144,0.024340733142251013,0.024340733142251013,0.024340733142251013,0.024340733142251013,0.024340733142251013,-0.14469184377380367,-0.14469184377380367,-0.14469184377380367,-0.14469184377380367,-0.14469184377380367,-0.14469184377380367,-0.14469184377380367,-0.14469184377380367,-0.14469184377380367,-0.14469184377380367,-0.14469184377380367,-0.14469184377380367,-0.14469184377380367,-0.14469184377380367,-0.14469184377380367,-0.14469184377380367,-0.14469184377380367,-0.7560623202458499,-0.7560623202458499,-0.14469184377380367,-0.14469184377380367,0.024340733142251013,0.024340733142251013,0.0
0.0,-1.0917363902447395,-1.0917363902447395,-1.0917363902447395,-1.0917363902447395,-1.0917363902447395,-1.0917363902447395,-1.0917363902447395,0.0,0.0,0.0,0.0,0.0,0.0,0.0,0.0,0.0,0.0,-1.0917363902447395,0.0,0.0,0.0,0.0,0.0,0.0,0.0,0.0,-1.0917363902447395,-1.0917363902447395,-1.0917363902447395,-1.0917363902447395,-1.0917363902447395,-1.0917363902447395,-1.0917363902447395,-1.0917363902447395,-1.0917363902447395,0.0,0.0,0.0,0.0,0.0,0.0,0.0,0.0,0.0,0.0,0.0,0.0,0.0,0.0,0.0,0.0,0.0,0.0,0.0,0.0,0.0,0.0,0.0,0.0,0.0,0.0,0.0,0.0,0.0,0.0,0.0,0.0,0.0,0.0,0.0,0.0,0.0,0.0,0.0,0.0,0.0,0.0,0.0,0.0,0.0,0.0,0.0,-1.0917363902447395,-1.0917363902447395,-1.0917363902447395,-1.0917363902447395,-1.0917363902447395,0.0,0.0,0.0,0.0,0.0,0.0,-1.0917363902447395,-1.0917363902447395,-1.0917363902447395,-1.0917363902447395,-1.0917363902447395,-1.0917363902447395,-1.0917363902447395,-1.0917363902447395,-1.0917363902447395,-1.0917363902447395,-1.0917363902447395,-1.0917363902447395,-1.0917363902447395,-1.0917363902447395,-1.0917363902447395,-1.0917363902447395,-1.0917363902447395,-1.0917363902447395,-1.0917363902447395,-1.0917363902447395,-1.0917363902447395,-1.0917363902447395,0.0,0.0,0.0,0.0,0.0,0.0,0.0,-1.0917363902447395,-1.0917363902447395,-1.0917363902447395,0.0,0.0,-1.0917363902447395,0.05072813312430307,-1.0917363902447395,-0.28556288495852333,-0.28556288495852333,-0.28556288495852333,-0.28556288495852333,-1.0917363902447395,-1.0917363902447395,-1.0917363902447395,0.9580318002285041,0.9580318002285041,1.383949894750324,1.383949894750324,1.1310305413744701,1.2870798886680057,1.383949894750324,1.383949894750324,1.1310305413744701,1.2870798886680057,1.383949894750324,1.383949894750324,1.383949894750324,1.2870798886680057,1.383949894750324,1.383949894750324,1.3023427404038748,1.2870798886680057,1.383949894750324,1.383949894750324,1.2267360470207667,1.2870798886680057,1.383949894750324,1.383949894750324,1.2767537390924786,1.2870798886680057,1.383949894750324,1.383949894750324,1.1544416789126346,1.2870798886680057,0.06640112989739233,0.06640112989739233,1.383949894750324,1.383949894750324,-0.4881496552846707,-0.4881496552846707,-0.4881496552846707,-0.4881496552846707,-0.4881496552846707,1.383949894750324,1.383949894750324,0.6075508009675293,0.03754026619931719,0.6075508009675293,0.6075508009675293,0.6075508009675293,0.6075508009675293,1.383949894750324,1.383949894750324,0.16839217673557955,0.03754026619931719,0.03754026619931719,0.16839217673557955,0.16839217673557955,1.383949894750324,1.383949894750324,0.6833228128786797,0.6833228128786797,0.6833228128786797,0.6833228128786797,0.6833228128786797,1.383949894750324,1.383949894750324,0.5749596075203177,0.03754026619931719,0.03754026619931719,0.5749596075203177,0.5749596075203177,1.383949894750324,1.383949894750324,1.383949894750324,1.383949894750324,1.383949894750324,1.383949894750324,1.383949894750324,1.383949894750324,1.383949894750324,1.383949894750324,1.383949894750324,1.383949894750324,0.3531316517201907,0.03754026619931719,0.3531316517201907,0.3531316517201907,0.3531316517201907,0.3531316517201907,1.383949894750324,1.383949894750324,-0.24819243886005646,-0.24819243886005646,-0.5293908265881535,-0.5293908265881535,-0.3578572530666546,-0.3578572530666546,-0.3578572530666546,-0.3578572530666546,-0.3578572530666546,-0.5293908265881535,-0.24819243886005646,-0.24819243886005646,1.383949894750324,1.383949894750324,-0.6350232381634444,0.03754026619931719,-0.6350232381634444,-0.6350232381634444,-0.6350232381634444,-0.6350232381634444,-0.6350232381634444,-0.6350232381634444,1.383949894750324,1.383949894750324,0.3147174074226213,0.03754026619931719,0.03754026619931719,0.3147174074226213,0.3147174074226213,1.383949894750324,1.383949894750324,-0.15755631358618027,-0.15755631358618027,-0.6587712381424831,-0.6587712381424831,-0.6587712381424831,-0.6587712381424831,-0.15755631358618027,-0.15755631358618027,1.383949894750324,1.383949894750324,0.06490719030561895,0.06490719030561895,-0.09731395013839046,-0.09731395013839046,0.022262987373354214,0.022262987373354214,-0.09731395013839046,0.06490719030561895,0.06490719030561895,0.06490719030561895,1.383949894750324,1.383949894750324,0.2308195915403467,0.03754026619931719,0.2308195915403467,0.2308195915403467,0.2308195915403467,0.2308195915403467,0.2308195915403467,0.2308195915403467,0.2308195915403467,0.2308195915403467,1.383949894750324,1.383949894750324,0.662878580244985,0.03754026619931719,0.662878580244985,0.662878580244985,1.383949894750324,1.383949894750324,0.6395995268590516,0.03754026619931719,0.03754026619931719,0.6395995268590516,0.6395995268590516,1.383949894750324,1.383949894750324,-0.18687249328509128,-0.5434973870222277,-0.5434973870222277,-0.5434973870222277,-0.18687249328509128,-0.18687249328509128,-0.18687249328509128,-0.18687249328509128,-0.18687249328509128,-0.18687249328509128,1.383949894750324,1.383949894750324,-0.20995619157541512,0.03754026619931719,-0.20995619157541512,-0.20995619157541512,-0.20995619157541512,-0.20995619157541512,1.383949894750324,1.383949894750324,0.28461704384369435,0.28461704384369435,0.28461704384369435,0.04618308031155293,0.04618308031155293,0.04618308031155293,0.28461704384369435,0.28461704384369435,0.28461704384369435,1.383949894750324,1.383949894750324,-0.0013153782437147193,0.03754026619931719,-0.0013153782437147193,-0.0013153782437147193,-0.0013153782437147193,-0.0013153782437147193,1.383949894750324,1.383949894750324,-0.06634760980757426,-0.43838334658460176,-0.43838334658460176,-0.43838334658460176,-0.43838334658460176,-0.43838334658460176,-0.27733115954870813,-0.27733115954870813,-0.43838334658460176,-0.06634760980757426,-0.06634760980757426,1.383949894750324,1.383949894750324,-0.19582950741444374,0.03754026619931719,-0.19582950741444374,-0.7480068902535597,-0.7480068902535597,-0.6587712381424831,-0.6587712381424831,-0.6587712381424831,-0.7480068902535597,-0.19582950741444374,-0.19582950741444374,1.383949894750324,1.383949894750324,-0.09792738910599134,0.03754026619931719,-0.09792738910599134,-0.09792738910599134,-0.09792738910599134,-0.09792738910599134,-0.09792738910599134,1.383949894750324,1.383949894750324,0.01043169998246617,0.03754026619931719,0.01043169998246617,0.01043169998246617,1.383949894750324,1.383949894750324,-0.2820400287153005,0.03754026619931719,-0.2820400287153005,-0.2820400287153005,-0.2820400287153005,-0.2820400287153005,-0.2820400287153005,1.383949894750324,1.383949894750324,0.6698396092197632,0.03754026619931719,0.03754026619931719,0.6698396092197632,0.6698396092197632,1.383949894750324,1.383949894750324,-0.32210587273756786,-0.32210587273756786,-0.5022515799211431,-0.5022515799211431,-0.4043520888951437,-0.4043520888951437,-0.4043520888951437,-0.4043520888951437,-0.4043520888951437,-0.4043520888951437,-0.5022515799211431,-0.32210587273756786,-0.32210587273756786,1.383949894750324,1.383949894750324,0.030197894596355735,0.03754026619931719,0.03754026619931719,0.030197894596355735,0.030197894596355735,1.383949894750324,1.383949894750324,0.33509368503733256,0.03754026619931719,0.33509368503733256,0.33509368503733256,0.33509368503733256,0.33509368503733256,1.383949894750324,1.383949894750324,-0.3812683906048199,-0.3812683906048199,-0.6783035078005096,-0.6783035078005096,-0.6489177311240713,-0.6489177311240713,-0.6489177311240713,-0.6783035078005096,-0.3812683906048199,-0.3812683906048199,1.383949894750324,1.383949894750324,-0.11258193620085553,0.03754026619931719,-0.11258193620085553,-0.11258193620085553,-0.11258193620085553,-0.11258193620085553,-0.11258193620085553,1.383949894750324,1.383949894750324,-0.3578572530666546,0.03754026619931719,-0.3578572530666546,-0.3578572530666546,1.383949894750324,1.383949894750324,-0.6038341459359321,0.03754026619931719,-0.6038341459359321,-0.6038341459359321,-0.6038341459359321,-0.6038341459359321,1.383949894750324,1.383949894750324,0.9048413871712874,0.9048413871712874,0.8339954241787803,0.8339954241787803,0.28793454752012865,0.28793454752012865,0.8339954241787803,0.9048413871712874,0.9048413871712874,1.383949894750324,1.383949894750324,0.17778828172934566,0.03754026619931719,0.17778828172934566,0.17778828172934566,0.17778828172934566,0.17778828172934566,1.383949894750324,1.383949894750324,-0.22137808853301771,-0.22137808853301771,-0.46226882168123534,-0.46226882168123534,-0.7541999839116611,-0.7541999839116611,-0.7541999839116611,-0.46226882168123534,-0.22137808853301771,-0.22137808853301771,1.383949894750324,1.383949894750324,-0.3499791592383795,-0.3499791592383795,-0.3499791592383795,-0.7726410419442644,-0.7726410419442644,-0.7726410419442644,-0.7726410419442644,-0.7726410419442644,-0.3499791592383795,-0.3499791592383795,-0.3499791592383795,1.383949894750324,1.383949894750324,0.1795683906813411,0.03754026619931719,0.1795683906813411,0.1795683906813411,0.1795683906813411,0.1795683906813411,1.383949894750324,1.383949894750324,-0.6189992528449889,0.03754026619931719,-0.6189992528449889,-0.6189992528449889,1.383949894750324,1.383949894750324,0.0781137012602126,0.0781137012602126,-0.15755631358618027,-0.15755631358618027,-0.6290324601764236,-0.6290324601764236,-0.6290324601764236,-0.15755631358618027,0.0781137012602126,0.0781137012602126,1.383949894750324,1.383949894750324,-0.10343810381931595,0.03754026619931719,-0.10343810381931595,-0.5664138572336478,-0.5664138572336478,-0.5664138572336478,-0.10343810381931595,-0.10343810381931595,1.383949894750324,1.383949894750324,-0.15755631358618027,-0.15755631358618027,-0.42711738118017256,-0.42711738118017256,-0.2355451928868114,-0.2355451928868114,-0.2355451928868114,-0.2355451928868114,-0.2355451928868114,-0.42711738118017256,-0.15755631358618027,-0.15755631358618027,1.383949894750324,1.383949894750324,0.5078481015195415,0.03754026619931719,0.5078481015195415,0.5078481015195415,0.5078481015195415,0.5078481015195415,0.5078481015195415,0.5078481015195415,1.383949894750324,1.383949894750324,0.10130552346706928,0.03754026619931719,0.10130552346706928,0.10130552346706928,1.383949894750324,1.383949894750324,-0.29375375796494213,0.03754026619931719,0.03754026619931719,-0.29375375796494213,-0.29375375796494213,1.383949894750324,1.383949894750324,-0.6247399804530249,-0.6247399804530249,-0.6247399804530249,-0.6247399804530249,-0.6247399804530249,1.383949894750324,1.383949894750324,-1.0218123091125364,-1.0218123091125364,-1.0218123091125364,-1.0218123091125364,-1.0218123091125364,-1.0218123091125364,-1.0218123091125364,1.383949894750324,1.383949894750324,0.3591883833735603,0.03754026619931719,0.03754026619931719,0.3591883833735603,0.3591883833735603,1.383949894750324,1.383949894750324,0.13274376016230938,0.13274376016230938,-0.29375375796494213,-0.29375375796494213,-0.29375375796494213,-0.29375375796494213,0.13274376016230938,0.13274376016230938,1.383949894750324,1.383949894750324,-0.34602596567576654,-0.34602596567576654,-0.34602596567576654,-0.34602596567576654,-0.34602596567576654,-0.34602596567576654,-0.34602596567576654,1.383949894750324,1.383949894750324,-0.18770249457154495,-0.18770249457154495,-0.18770249457154495,-0.5108701766512428,-0.5108701766512428,-0.5108701766512428,-0.5108701766512428,-0.18770249457154495,-0.18770249457154495,-0.18770249457154495,1.383949894750324,1.383949894750324,0.3046228345272996,0.03754026619931719,0.3046228345272996,0.3046228345272996,1.383949894750324,1.383949894750324,0.5116466245387682,0.03754026619931719,0.5116466245387682,0.5116466245387682,0.5116466245387682,0.5116466245387682,0.0,0.0,0.0,0.0,0.0,0.0,0.0,0.014055098854536504,0.014055098854536504,0.014055098854536504,0.0,0.0,0.0,0.0,0.0,0.0,0.0,0.014055098854536504,-1.0917363902447395,0.0,0.0,0.0,0.0,0.0,0.0,0.0,0.0,0.0,0.0,0.0,0.0,0.0,0.0,-1.0917363902447395,-1.0917363902447395,-1.0917363902447395,0.03394052055041541,-1.0917363902447395,-1.0917363902447395,-1.0917363902447395,-1.0917363902447395,-1.0917363902447395,-1.0917363902447395,-1.0917363902447395,-1.0917363902447395,-1.0917363902447395,-1.0917363902447395,-1.0917363902447395,-1.0917363902447395,-1.0917363902447395,-1.0917363902447395,-1.0917363902447395,-1.0917363902447395,-1.0917363902447395,-1.0917363902447395,-1.0917363902447395,-1.0917363902447395,-1.0917363902447395,-1.0917363902447395,-1.0917363902447395,-1.0917363902447395,-1.0917363902447395,-1.0917363902447395,-1.0917363902447395,-1.0917363902447395,-1.0917363902447395,-1.0917363902447395,-1.0917363902447395,-1.0917363902447395,-1.0917363902447395,-1.0917363902447395,-1.0917363902447395,0.0
0.0,1.969566382794139,-0.5077224524862195,-0.5077224524862195,1.969566382794139,1.969566382794139,1.969566382794139,1.969566382794139,-0.5077224524862195,-0.5077224524862195,-0.5077224524862195,-0.5077224524862195,-0.5077224524862195,-0.5077224524862195,-0.5077224524862195,-0.5077224524862195,-0.5077224524862195,-0.5077224524862195,1.969566382794139,-0.5077224524862195,-0.5077224524862195,-0.5077224524862195,-0.5077224524862195,-0.5077224524862195,-0.5077224524862195,-0.5077224524862195,-0.5077224524862195,-0.5077224524862195,-0.5077224524862195,1.969566382794139,1.969566382794139,1.969566382794139,1.969566382794139,1.969566382794139,1.969566382794139,1.969566382794139,1.969566382794139,-0.5077224524862195,-0.5077224524862195,-0.5077224524862195,-0.5077224524862195,-0.5077224524862195,-0.5077224524862195,-0.5077224524862195,-0.5077224524862195,-0.5077224524862195,-0.5077224524862195,1.969566382794139,-0.5077224524862195,-0.5077224524862195,-0.5077224524862195,-0.5077224524862195,-0.5077224524862195,1.969566382794139,1.969566382794139,1.969566382794139,1.969566382794139,1.969566382794139,1.969566382794139,1.969566382794139,1.969566382794139,1.969566382794139,1.969566382794139,-0.5077224524862195,-0.5077224524862195,-0.5077224524862195,-0.5077224524862195,-0.5077224524862195,-0.5077224524862195,-0.5077224524862195,-0.5077224524862195,1.969566382794139,-0.5077224524862195,-0.5077224524862195,-0.5077224524862195,-0.5077224524862195,-0.5077224524862195,-0.5077224524862195,-0.5077224524862195,-0.5077224524862195,-0.5077224524862195,-0.5077224524862195,-0.5077224524862195,1.969566382794139,1.969566382794139,1.969566382794139,1.969566382794139,1.969566382794139,-0.5077224524862195,-0.5077224524862195,-0.5077224524862195,-0.5077224524862195,-0.5077224524862195,-0.5077224524862195,1.969566382794139,1.969566382794139,1.969566382794139,1.969566382794139,1.969566382794139,1.969566382794139,1.969566382794139,1.969566382794139,1.969566382794139,1.969566382794139,1.969566382794139,1.969566382794139,1.969566382794139,1.969566382794139,1.969566382794139,1.969566382794139,1.969566382794139,1.969566382794139,1.969566382794139,1.969566382794139,1.969566382794139,1.969566382794139,-0.5077224524862195,-0.5077224524862195,-0.5077224524862195,-0.5077224524862195,-0.5077224524862195,-0.5077224524862195,-0.5077224524862195,1.969566382794139,1.969566382794139,1.969566382794139,1.969566382794139,1.969566382794139,1.969566382794139,1.969566382794139,1.969566382794139,1.969566382794139,1.969566382794139,1.969566382794139,1.969566382794139,1.969566382794139,1.969566382794139,1.969566382794139,1.969566382794139,1.969566382794139,1.969566382794139,1.969566382794139,1.969566382794139,1.969566382794139,1.969566382794139,1.969566382794139,1.969566382794139,1.969566382794139,1.969566382794139,1.969566382794139,1.969566382794139,1.969566382794139,1.969566382794139,1.969566382794139,1.969566382794139,1.969566382794139,1.969566382794139,1.969566382794139,1.969566382794139,1.969566382794139,1.969566382794139,1.969566382794139,1.969566382794139,1.969566382794139,1.969566382794139,1.969566382794139,1.969566382794139,1.969566382794139,1.969566382794139,1.969566382794139,1.969566382794139,1.969566382794139,1.969566382794139,1.969566382794139,1.969566382794139,1.969566382794139,1.969566382794139,1.969566382794139,1.969566382794139,1.969566382794139,1.969566382794139,1.969566382794139,1.969566382794139,1.969566382794139,1.969566382794139,1.969566382794139,1.969566382794139,1.969566382794139,1.969566382794139,1.969566382794139,1.969566382794139,1.969566382794139,1.969566382794139,1.969566382794139,1.969566382794139,1.969566382794139,1.969566382794139,1.969566382794139,1.969566382794139,1.969566382794139,1.969566382794139,1.969566382794139,1.969566382794139,1.969566382794139,1.969566382794139,1.969566382794139,1.969566382794139,1.969566382794139,1.969566382794139,1.969566382794139,1.969566382794139,1.969566382794139,1.969566382794139,1.969566382794139,1.969566382794139,1.969566382794139,1.969566382794139,1.969566382794139,1.969566382794139,1.969566382794139,1.969566382794139,1.969566382794139,1.969566382794139,1.969566382794139,1.969566382794139,1.969566382794139,1.969566382794139,1.969566382794139,1.969566382794139,1.969566382794139,1.969566382794139,1.969566382794139,1.969566382794139,1.969566382794139,1.969566382794139,1.969566382794139,1.969566382794139,1.969566382794139,1.969566382794139,1.969566382794139,1.969566382794139,1.969566382794139,1.969566382794139,1.969566382794139,1.969566382794139,1.969566382794139,1.969566382794139,1.969566382794139,1.969566382794139,1.969566382794139,1.969566382794139,1.969566382794139,1.969566382794139,1.969566382794139,1.969566382794139,1.969566382794139,1.969566382794139,1.969566382794139,1.969566382794139,1.969566382794139,1.969566382794139,1.969566382794139,1.969566382794139,1.969566382794139,1.969566382794139,1.969566382794139,1.969566382794139,1.969566382794139,1.969566382794139,1.969566382794139,1.969566382794139,1.969566382794139,1.969566382794139,1.969566382794139,1.969566382794139,1.969566382794139,1.969566382794139,1.969566382794139,1.969566382794139,1.969566382794139,1.969566382794139,1.969566382794139,1.969566382794139,1.969566382794139,1.969566382794139,1.969566382794139,1.969566382794139,1.969566382794139,1.969566382794139,1.969566382794139,1.969566382794139,1.969566382794139,1.969566382794139,1.969566382794139,1.969566382794139,1.969566382794139,1.969566382794139,1.969566382794139,1.969566382794139,1.969566382794139,1.969566382794139,1.969566382794139,1.969566382794139,1.969566382794139,1.969566382794139,1.969566382794139,1.969566382794139,1.969566382794139,1.969566382794139,1.969566382794139,1.969566382794139,1.969566382794139,1.969566382794139,1.969566382794139,1.969566382794139,1.969566382794139,1.969566382794139,1.969566382794139,1.969566382794139,1.969566382794139,1.969566382794139,1.969566382794139,1.969566382794139,1.969566382794139,1.969566382794139,1.969566382794139,1.969566382794139,1.969566382794139,1.969566382794139,1.969566382794139,1.969566382794139,1.969566382794139,1.969566382794139,1.969566382794139,1.969566382794139,1.969566382794139,1.969566382794139,1.969566382794139,1.969566382794139,1.969566382794139,1.969566382794139,1.969566382794139,1.969566382794139,1.969566382794139,1.969566382794139,1.969566382794139,1.969566382794139,1.969566382794139,1.969566382794139,1.969566382794139,1.969566382794139,1.969566382794139,1.969566382794139,1.969566382794139,1.969566382794139,1.969566382794139,1.969566382794139,1.969566382794139,1.969566382794139,1.969566382794139,1.969566382794139,1.969566382794139,1.969566382794139,1.969566382794139,1.969566382794139,1.969566382794139,1.969566382794139,1.969566382794139,1.969566382794139,1.969566382794139,1.969566382794139,1.969566382794139,1.969566382794139,1.969566382794139,1.969566382794139,1.969566382794139,1.969566382794139,1.969566382794139,1.969566382794139,1.969566382794139,1.969566382794139,1.969566382794139,1.969566382794139,1.969566382794139,1.969566382794139,1.969566382794139,1.969566382794139,1.969566382794139,1.969566382794139,1.969566382794139,1.969566382794139,1.969566382794139,1.969566382794139,1.969566382794139,1.969566382794139,1.969566382794139,1.969566382794139,1.969566382794139,1.969566382794139,1.969566382794139,1.969566382794139,1.969566382794139,1.969566382794139,1.969566382794139,1.969566382794139,1.969566382794139,1.969566382794139,1.969566382794139,1.969566382794139,1.969566382794139,1.969566382794139,1.969566382794139,1.969566382794139,1.969566382794139,1.969566382794139,1.969566382794139,1.969566382794139,1.969566382794139,1.969566382794139,1.969566382794139,1.969566382794139,1.969566382794139,1.969566382794139,1.969566382794139,1.969566382794139,1.969566382794139,1.969566382794139,1.969566382794139,1.969566382794139,1.969566382794139,1.969566382794139,1.969566382794139,1.969566382794139,1.969566382794139,1.969566382794139,1.969566382794139,1.969566382794139,1.969566382794139,1.969566382794139,1.969566382794139,1.969566382794139,1.969566382794139,1.969566382794139,1.969566382794139,1.969566382794139,1.969566382794139,1.969566382794139,1.969566382794139,1.969566382794139,1.969566382794139,1.969566382794139,1.969566382794139,1.969566382794139,1.969566382794139,1.969566382794139,1.969566382794139,1.969566382794139,1.969566382794139,1.969566382794139,1.969566382794139,1.969566382794139,1.969566382794139,1.969566382794139,1.969566382794139,1.969566382794139,1.969566382794139,1.969566382794139,1.969566382794139,1.969566382794139,1.969566382794139,1.969566382794139,1.969566382794139,1.969566382794139,1.969566382794139,1.969566382794139,1.969566382794139,1.969566382794139,1.969566382794139,1.969566382794139,1.969566382794139,1.969566382794139,1.969566382794139,1.969566382794139,1.969566382794139,1.969566382794139,1.969566382794139,1.969566382794139,1.969566382794139,1.969566382794139,1.969566382794139,1.969566382794139,1.969566382794139,1.969566382794139,1.969566382794139,1.969566382794139,1.969566382794139,1.969566382794139,1.969566382794139,1.969566382794139,1.969566382794139,1.969566382794139,1.969566382794139,1.969566382794139,1.969566382794139,1.969566382794139,1.969566382794139,1.969566382794139,1.969566382794139,1.969566382794139,1.969566382794139,1.969566382794139,1.969566382794139,1.969566382794139,1.969566382794139,1.969566382794139,1.969566382794139,1.969566382794139,1.969566382794139,1.969566382794139,1.969566382794139,1.969566382794139,1.969566382794139,1.969566382794139,1.969566382794139,1.969566382794139,1.969566382794139,1.969566382794139,1.969566382794139,1.969566382794139,1.969566382794139,1.969566382794139,1.969566382794139,1.969566382794139,1.969566382794139,1.969566382794139,1.969566382794139,1.969566382794139,1.969566382794139,-0.5077224524862195,-0.5077224524862195,-0.5077224524862195,1.969566382794139,1.969566382794139,1.969566382794139,1.969566382794139,1.969566382794139,1.969566382794139,1.969566382794139,1.969566382794139,1.969566382794139,1.969566382794139,1.969566382794139,1.969566382794139,1.969566382794139,1.969566382794139,1.969566382794139,1.969566382794139,1.969566382794139,1.969566382794139,1.969566382794139,1.969566382794139,1.969566382794139,1.969566382794139,1.969566382794139,1.969566382794139,1.969566382794139,1.969566382794139,1.969566382794139,1.969566382794139,1.969566382794139,1.969566382794139,1.969566382794139,1.969566382794139,1.969566382794139,1.969566382794139,1.969566382794139,1.969566382794139,1.969566382794139,1.969566382794139,1.969566382794139,1.969566382794139,1.969566382794139,1.969566382794139,1.969566382794139,1.969566382794139,1.969566382794139,1.969566382794139,1.969566382794139,1.969566382794139,1.969566382794139,1.969566382794139,1.969566382794139,1.969566382794139,1.969566382794139,1.969566382794139,1.969566382794139,1.969566382794139,1.969566382794139,1.969566382794139,1.969566382794139,1.969566382794139,1.969566382794139,1.969566382794139,1.969566382794139,1.969566382794139,1.969566382794139,1.969566382794139,1.969566382794139,1.969566382794139,1.969566382794139,1.969566382794139,1.969566382794139,1.969566382794139,1.969566382794139,1.969566382794139,1.969566382794139,1.969566382794139,1.969566382794139,1.969566382794139,1.969566382794139,1.969566382794139,1.969566382794139,1.969566382794139,1.969566382794139,1.969566382794139,1.969566382794139,1.969566382794139,1.969566382794139,1.969566382794139,1.969566382794139,1.969566382794139,1.969566382794139,1.969566382794139,1.969566382794139,1.969566382794139,1.969566382794139,1.969566382794139,1.969566382794139,1.969566382794139,1.969566382794139,1.969566382794139,1.969566382794139,1.969566382794139,1.969566382794139,1.969566382794139,1.969566382794139,1.969566382794139,1.969566382794139,1.969566382794139,1.969566382794139,1.969566382794139,1.969566382794139,1.969566382794139,1.969566382794139,1.969566382794139,1.969566382794139,1.969566382794139,1.969566382794139,-0.5077224524862195,-0.5077224524862195,-0.5077224524862195,-0.5077224524862195,-0.5077224524862195,-0.5077224524862195,-0.5077224524862195,1.969566382794139,1.969566382794139,1.969566382794139,-0.5077224524862195,-0.5077224524862195,-0.5077224524862195,1.969566382794139,1.969566382794139,1.969566382794139,1.969566382794139,1.969566382794139,1.969566382794139,1.969566382794139,-0.5077224524862195,-0.5077224524862195,-0.5077224524862195,1.969566382794139,1.969566382794139,1.969566382794139,1.969566382794139,1.969566382794139,1.969566382794139,1.969566382794139,1.969566382794139,1.969566382794139,1.969566382794139,1.969566382794139,1.969566382794139,1.969566382794139,1.969566382794139,1.969566382794139,1.969566382794139,-0.5077224524862195,-0.5077224524862195,-0.5077224524862195,-0.5077224524862195,-0.5077224524862195,-0.5077224524862195,-0.5077224524862195,-0.5077224524862195,-0.5077224524862195,-0.5077224524862195,-0.5077224524862195,-0.5077224524862195,-0.5077224524862195,-0.5077224524862195,-0.5077224524862195,-0.5077224524862195,-0.5077224524862195,-0.5077224524862195,-0.5077224524862195,-0.5077224524862195,-0.5077224524862195,1.969566382794139,1.969566382794139,0.0
0.0,-0.8674077257394622,-0.8700053950135924,-0.8700053950135924,-0.8673422560260492,-0.8673422560260492,-0.8673422560260492,-0.8673422560260492,-0.8700053950135924,-0.8700053950135924,-0.8700053950135924,-0.8700053950135924,-0.8700053950135924,-0.8700053950135924,-0.8700053950135924,-0.8700053950135924,-0.8700053950135924,-0.8700053950135924,-0.8673422560260492,-0.8700053950135924,-0.8700053950135924,-0.8700053950135924,-0.8700053950135924,-0.8700053950135924,-0.8700053950135924,-0.8700053950135924,-0.8700053950135924,-0.8700053950135924,-0.8700053950135924,-0.8673422560260492,-0.8673422560260492,-0.8673422560260492,-0.8673422560260492,-0.8673422560260492,-0.8673422560260492,-0.8673422560260492,-0.861104142419358,-0.8700053950135924,-0.8700053950135924,-0.8700053950135924,-0.8700053950135924,-0.8700053950135924,-0.8700053950135924,-0.8700053950135924,-0.8700053950135924,-0.8700053950135924,-0.8700053950135924,-0.861104142419358,-0.8700053950135924,-0.8700053950135924,-0.8700053950135924,-0.8700053950135924,-0.8700053950135924,-0.861104142419358,-0.8144857178156554,-0.8144857178156554,-0.8144857178156554,-0.8144857178156554,-0.8144857178156554,-0.8144857178156554,-0.8144857178156554,-0.8144857178156554,-0.861104142419358,-0.8700053950135924,-0.8700053950135924,-0.8700053950135924,-0.8700053950135924,-0.8700053950135924,-0.8700053950135924,-0.8700053950135924,-0.8700053950135924,-0.861104142419358,-0.8700053950135924,-0.8700053950135924,-0.8700053950135924,-0.8700053950135924,-0.8700053950135924,-0.8700053950135924,-0.8700053950135924,-0.8700053950135924,-0.8700053950135924,-0.8700053950135924,-0.8700053950135924,-0.8658219199756891,-0.8658219199756891,-0.8658219199756891,-0.8658219199756891,-0.8658219199756891,-0.8700053950135924,-0.8700053950135924,-0.8700053950135924,-0.8700053950135924,-0.8700053950135924,-0.8700053950135924,-0.8658219199756891,-0.8658219199756891,-0.8658219199756891,-0.8658219199756891,-0.8658219199756891,-0.8658219199756891,-0.8658219199756891,-0.8658219199756891,-0.8658219199756891,-0.8658219199756891,-0.8658219199756891,-0.8658219199756891,-0.8658219199756891,-0.8658219199756891,-0.8658219199756891,-0.8658219199756891,-0.8658219199756891,-0.8658219199756891,-0.8658219199756891,-0.8658219199756891,-0.8658219199756891,-0.8658219199756891,-0.8700053950135924,-0.8700053950135924,-0.8700053950135924,-0.8700053950135924,-0.8700053950135924,-0.8700053950135924,-0.8700053950135924,-0.8674077257394622,-0.69100752863773,-0.69100752863773,-0.7335195219019973,-0.7335195219019973,-0.69100752863773,-0.6960722427446466,-0.33737759750492863,0.1078038451888799,0.1078038451888799,0.1078038451888799,0.1078038451888799,-0.33737759750492863,-0.33737759750492863,-0.33737759750492863,-0.41727176713122816,-0.41727176713122816,0.7678250823255489,0.7678250823255489,-0.45478076695578196,-0.4245703279548302,0.7678250823255489,0.7678250823255489,-0.3625086273873797,-0.4245703279548302,0.7678250823255489,0.7678250823255489,-0.44884898655495614,-0.4245703279548302,0.7678250823255489,0.7678250823255489,-0.40936557326195894,-0.4245703279548302,0.7678250823255489,0.7678250823255489,-0.42999123692247987,-0.4245703279548302,0.7678250823255489,0.7678250823255489,-0.4164523397504456,-0.4245703279548302,0.7678250823255489,0.7678250823255489,-0.44884898655495614,-0.4245703279548302,-0.6961411427358424,-0.6961411427358424,0.7678250823255489,0.7678250823255489,-0.7997354405402959,-0.7997354405402959,-0.7997354405402959,-0.7997354405402959,-0.7997354405402959,0.7678250823255489,0.7678250823255489,-0.6810249553206146,-0.7067439493425252,-0.6810249553206146,-0.6810249553206146,-0.6810249553206146,-0.6810249553206146,0.7678250823255489,0.7678250823255489,-0.6411382540753718,-0.7067439493425252,-0.7067439493425252,-0.6411382540753718,-0.6411382540753718,0.7678250823255489,0.7678250823255489,-0.716115283048841,-0.716115283048841,-0.716115283048841,-0.716115283048841,-0.716115283048841,0.7678250823255489,0.7678250823255489,-0.7053073581861927,-0.7067439493425252,-0.7067439493425252,-0.7053073581861927,-0.7053073581861927,0.7678250823255489,0.7678250823255489,-0.5763254473527809,-0.5763254473527809,-0.7005746559785089,-0.7005746559785089,-0.7005746559785089,-0.7005746559785089,-0.5763254473527809,-0.5763254473527809,0.7678250823255489,0.7678250823255489,-0.7080221609910401,-0.7067439493425252,-0.7080221609910401,-0.7080221609910401,-0.7080221609910401,-0.7080221609910401,0.7678250823255489,0.7678250823255489,-0.6699650313691172,-0.6699650313691172,-0.7434777186526287,-0.7434777186526287,-0.6594271907842743,-0.6594271907842743,-0.6594271907842743,-0.6594271907842743,-0.6594271907842743,-0.7434777186526287,-0.6699650313691172,-0.6699650313691172,0.7678250823255489,0.7678250823255489,-0.7750587006750915,-0.7067439493425252,-0.7750587006750915,-0.7750587006750915,-0.7750587006750915,-0.7750587006750915,-0.7750587006750915,-0.7750587006750915,0.7678250823255489,0.7678250823255489,-0.6891406797246075,-0.7067439493425252,-0.7067439493425252,-0.6891406797246075,-0.6891406797246075,0.7678250823255489,0.7678250823255489,-0.4896060583412757,-0.4896060583412757,-0.5840349942083456,-0.5840349942083456,-0.5840349942083456,-0.5840349942083456,-0.4896060583412757,-0.4896060583412757,0.7678250823255489,0.7678250823255489,-0.7271074339034661,-0.7271074339034661,-0.7969423253925155,-0.7969423253925155,-0.7286099581210047,-0.7286099581210047,-0.7969423253925155,-0.7271074339034661,-0.7271074339034661,-0.7271074339034661,0.7678250823255489,0.7678250823255489,-0.7028798361014351,-0.7067439493425252,-0.7028798361014351,-0.7028798361014351,-0.7028798361014351,-0.7028798361014351,-0.7028798361014351,-0.7028798361014351,-0.7028798361014351,-0.7028798361014351,0.7678250823255489,0.7678250823255489,-0.6962961019624714,-0.7067439493425252,-0.6962961019624714,-0.6962961019624714,0.7678250823255489,0.7678250823255489,-0.7522528770349615,-0.7067439493425252,-0.7067439493425252,-0.7522528770349615,-0.7522528770349615,0.7678250823255489,0.7678250823255489,-0.7085291507688884,-0.8142494638701323,-0.8142494638701323,-0.8142494638701323,-0.7085291507688884,-0.7085291507688884,-0.7085291507688884,-0.7085291507688884,-0.7085291507688884,-0.7085291507688884,0.7678250823255489,0.7678250823255489,-0.7420498889714721,-0.7067439493425252,-0.7420498889714721,-0.7420498889714721,-0.7420498889714721,-0.7420498889714721,0.7678250823255489,0.7678250823255489,-0.5740119352535066,-0.5740119352535066,-0.5740119352535066,-0.6787259232075614,-0.6787259232075614,-0.6787259232075614,-0.5740119352535066,-0.5740119352535066,-0.5740119352535066,0.7678250823255489,0.7678250823255489,-0.7654630241196048,-0.7067439493425252,-0.7654630241196048,-0.7654630241196048,-0.7654630241196048,-0.7654630241196048,0.7678250823255489,0.7678250823255489,-0.590829745467148,-0.691738132173958,-0.691738132173958,-0.691738132173958,-0.691738132173958,-0.691738132173958,-0.6079525186393298,-0.6079525186393298,-0.691738132173958,-0.590829745467148,-0.590829745467148,0.7678250823255489,0.7678250823255489,-0.7198318268908058,-0.7067439493425252,-0.7198318268908058,-0.7838037909431114,-0.7838037909431114,-0.7335195219019973,-0.7335195219019973,-0.7335195219019973,-0.7838037909431114,-0.7198318268908058,-0.7198318268908058,0.7678250823255489,0.7678250823255489,-0.7714069047389953,-0.7067439493425252,-0.7714069047389953,-0.7714069047389953,-0.7714069047389953,-0.7714069047389953,-0.7714069047389953,0.7678250823255489,0.7678250823255489,-0.6652765853461998,-0.7067439493425252,-0.6652765853461998,-0.6652765853461998,0.7678250823255489,0.7678250823255489,-0.688024230864799,-0.7067439493425252,-0.688024230864799,-0.688024230864799,-0.688024230864799,-0.688024230864799,-0.688024230864799,0.7678250823255489,0.7678250823255489,-0.6955619122200745,-0.7067439493425252,-0.7067439493425252,-0.6955619122200745,-0.6955619122200745,0.7678250823255489,0.7678250823255489,-0.742485747142905,-0.742485747142905,-0.792830136919078,-0.792830136919078,-0.7062223472796784,-0.7062223472796784,-0.7062223472796784,-0.7062223472796784,-0.7062223472796784,-0.7062223472796784,-0.792830136919078,-0.742485747142905,-0.742485747142905,0.7678250823255489,0.7678250823255489,-0.7121422164748801,-0.7067439493425252,-0.7067439493425252,-0.7121422164748801,-0.7121422164748801,0.7678250823255489,0.7678250823255489,-0.7534799065072503,-0.7067439493425252,-0.7534799065072503,-0.7534799065072503,-0.7534799065072503,-0.7534799065072503,0.7678250823255489,0.7678250823255489,-0.7085291507688884,-0.7085291507688884,-0.780085290375365,-0.780085290375365,-0.7327022412246824,-0.7327022412246824,-0.7327022412246824,-0.780085290375365,-0.7085291507688884,-0.7085291507688884,0.7678250823255489,0.7678250823255489,-0.7885663105050164,-0.7067439493425252,-0.7885663105050164,-0.7885663105050164,-0.7885663105050164,-0.7885663105050164,-0.7885663105050164,0.7678250823255489,0.7678250823255489,-0.7608166965243164,-0.7067439493425252,-0.7608166965243164,-0.7608166965243164,0.7678250823255489,0.7678250823255489,-0.7692158271773376,-0.7067439493425252,-0.7692158271773376,-0.7692158271773376,-0.7692158271773376,-0.7692158271773376,0.7678250823255489,0.7678250823255489,-0.4102635066376932,-0.4102635066376932,-0.5231707056947155,-0.5231707056947155,-0.45478076695578196,-0.45478076695578196,-0.5231707056947155,-0.4102635066376932,-0.4102635066376932,0.7678250823255489,0.7678250823255489,-0.7534799065072503,-0.7067439493425252,-0.7534799065072503,-0.7534799065072503,-0.7534799065072503,-0.7534799065072503,0.7678250823255489,0.7678250823255489,-0.7005746559785089,-0.7005746559785089,-0.7696019941039133,-0.7696019941039133,-0.7227846779493999,-0.7227846779493999,-0.7227846779493999,-0.7696019941039133,-0.7005746559785089,-0.7005746559785089,0.7678250823255489,0.7678250823255489,-0.6349101111850076,-0.6349101111850076,-0.6349101111850076,-0.7244204636945576,-0.7244204636945576,-0.7244204636945576,-0.7244204636945576,-0.7244204636945576,-0.6349101111850076,-0.6349101111850076,-0.6349101111850076,0.7678250823255489,0.7678250823255489,-0.740392911195387,-0.7067439493425252,-0.740392911195387,-0.740392911195387,-0.740392911195387,-0.740392911195387,0.7678250823255489,0.7678250823255489,-0.7261958896862533,-0.7067439493425252,-0.7261958896862533,-0.7261958896862533,0.7678250823255489,0.7678250823255489,-0.6262352774561388,-0.6262352774561388,-0.7115056714001271,-0.7115056714001271,-0.691332979303868,-0.691332979303868,-0.691332979303868,-0.7115056714001271,-0.6262352774561388,-0.6262352774561388,0.7678250823255489,0.7678250823255489,-0.7881138711466354,-0.7067439493425252,-0.7881138711466354,-0.8700053950135924,-0.8700053950135924,-0.8700053950135924,-0.7881138711466354,-0.7881138711466354,0.7678250823255489,0.7678250823255489,-0.6322558095933946,-0.6322558095933946,-0.7054744794818065,-0.7054744794818065,-0.643228867382019,-0.643228867382019,-0.643228867382019,-0.643228867382019,-0.643228867382019,-0.7054744794818065,-0.6322558095933946,-0.6322558095933946,0.7678250823255489,0.7678250823255489,-0.6328023603644755,-0.7067439493425252,-0.6328023603644755,-0.6328023603644755,-0.6328023603644755,-0.6328023603644755,-0.6328023603644755,-0.6328023603644755,0.7678250823255489,0.7678250823255489,-0.684590623994067,-0.7067439493425252,-0.684590623994067,-0.684590623994067,0.7678250823255489,0.7678250823255489,-0.7727085349736434,-0.7067439493425252,-0.7067439493425252,-0.7727085349736434,-0.7727085349736434,0.7678250823255489,0.7678250823255489,-0.744893344661297,-0.744893344661297,-0.744893344661297,-0.744893344661297,-0.744893344661297,0.7678250823255489,0.7678250823255489,-0.494451909763853,-0.494451909763853,-0.494451909763853,-0.494451909763853,-0.494451909763853,-0.494451909763853,-0.494451909763853,0.7678250823255489,0.7678250823255489,-0.6532337141892943,-0.7067439493425252,-0.7067439493425252,-0.6532337141892943,-0.6532337141892943,0.7678250823255489,0.7678250823255489,-0.5424392995457642,-0.5424392995457642,-0.6754116749336945,-0.6754116749336945,-0.6754116749336945,-0.6754116749336945,-0.5424392995457642,-0.5424392995457642,0.7678250823255489,0.7678250823255489,-0.5636486150796524,-0.5636486150796524,-0.5636486150796524,-0.5636486150796524,-0.5636486150796524,-0.5636486150796524,-0.5636486150796524,0.7678250823255489,0.7678250823255489,-0.6624974612330677,-0.6624974612330677,-0.6624974612330677,-0.7505802560409467,-0.7505802560409467,-0.7505802560409467,-0.7505802560409467,-0.6624974612330677,-0.6624974612330677,-0.6624974612330677,0.7678250823255489,0.7678250823255489,-0.7301905981675682,-0.7067439493425252,-0.7301905981675682,-0.7301905981675682,0.7678250823255489,0.7678250823255489,-0.7326389678819225,-0.7067439493425252,-0.7326389678819225,-0.7326389678819225,-0.7326389678819225,-0.7326389678819225,-0.6180314754229553,-0.6180314754229553,-0.6180314754229553,-0.6180314754229553,-0.6180314754229553,-0.6180314754229553,-0.6180314754229553,-0.7085363934800005,-0.7085363934800005,-0.7085363934800005,-0.8700053950135924,-0.8700053950135924,-0.8700053950135924,-0.8700053950135924,-0.8700053950135924,-0.8700053950135924,-0.8700053950135924,-0.7085363934800005,-0.6934727687135652,-0.5231707056947155,-0.8700053950135924,-0.8700053950135924,-0.8700053950135924,0.9725538919929415,0.9725538919929415,0.9725538919929415,0.9725538919929415,0.9725538919929415,0.9725538919929415,-0.5231707056947155,-0.8700053950135924,-0.8700053950135924,-0.8700053950135924,-0.6532337141892943,-0.6532337141892943,-0.6798057266774341,-0.6960407898999001,-0.8410172449721917,-0.8410172449721917,-0.8410172449721917,-0.8410172449721917,-0.8410172449721917,-0.8410172449721917,-0.8410172449721917,-0.8391756448519145,-0.8391756448519145,-0.8391756448519145,-0.8391756448519145,-0.8391756448519145,-0.8700053950135924,-0.8700053950135924,-0.8700053950135924,-0.8700053950135924,-0.8700053950135924,-0.8700053950135924,-0.8700053950135924,-0.8700053950135924,-0.8700053950135924,-0.8700053950135924,-0.8700053950135924,-0.8700053950135924,-0.8700053950135924,-0.8700053950135924,-0.8700053950135924,-0.8700053950135924,-0.8700053950135924,-0.8700053950135924,-0.8700053950135924,-0.8700053950135924,-0.8700053950135924,-0.8391756448519145,-0.8391756448519145,0.0
0.0,-0.797640857572655,-0.21624949762990653,-0.21624949762990653,-0.797640857572655,-0.797640857572655,-0.797640857572655,-0.797640857572655,-0.7033676826920172,-0.7033676826920172,-0.6173030170247277,-0.6173030170247277,-0.6173030170247277,-0.6173030170247277,-0.6173030170247277,-0.6173030170247277,-0.6173030170247277,-0.6173030170247277,-0.797640857572655,-0.538131199345661,-0.538131199345661,-0.538131199345661,-0.538131199345661,-0.538131199345661,-0.538131199345661,-0.538131199345661,-0.538131199345661,-0.4648295453855011,-0.4648295453855011,-0.797640857572655,-0.797640857572655,-0.797640857572655,-0.797640857572655,-0.797640857572655,-0.797640857572655,-0.797640857572655,-1.096933728981207,-1.0183565364195493,-1.0183565364195493,-1.0183565364195493,-1.0183565364195493,-1.0183565364195493,-1.0183565364195493,-1.0183565364195493,-1.0183565364195493,-1.0183565364195493,-1.0183565364195493,-1.096933728981207,-0.797640857572655,-0.797640857572655,-0.797640857572655,-0.797640857572655,-0.797640857572655,-1.096933728981207,-1.096933728981207,-1.096933728981207,-1.096933728981207,-1.096933728981207,-1.096933728981207,-1.096933728981207,-1.096933728981207,-1.096933728981207,-1.096933728981207,-1.096933728981207,-1.096933728981207,-1.096933728981207,-1.096933728981207,-1.096933728981207,-1.096933728981207,-1.096933728981207,-1.096933728981207,-1.096933728981207,-1.096933728981207,-1.096933728981207,-1.096933728981207,-1.096933728981207,-1.096933728981207,-1.096933728981207,-1.096933728981207,-1.096933728981207,-1.096933728981207,-1.096933728981207,-1.096933728981207,-0.901855017471593,-0.901855017471593,-0.901855017471593,-0.901855017471593,-0.901855017471593,-0.6173030170247277,-0.6173030170247277,-0.6173030170247277,-0.6173030170247277,-0.6173030170247277,-0.6173030170247277,-0.901855017471593,-0.901855017471593,-0.901855017471593,-0.901855017471593,-0.901855017471593,-0.901855017471593,-0.901855017471593,-0.901855017471593,-0.901855017471593,-0.901855017471593,-0.901855017471593,-0.901855017471593,-0.901855017471593,-0.901855017471593,-0.901855017471593,-0.901855017471593,-0.901855017471593,-0.901855017471593,-0.901855017471593,-0.901855017471593,-0.901855017471593,-0.901855017471593,-1.096933728981207,-1.096933728981207,-1.096933728981207,-1.096933728981207,-1.096933728981207,-1.096933728981207,-1.096933728981207,-0.797640857572655,0.2890181816638531,0.2890181816638531,0.3528545032638245,0.3528545032638245,0.2890181816638531,-0.017762162850330287,-0.3965873381778338,-0.3327510165778624,-0.3327510165778624,-0.3327510165778624,-0.3327510165778624,-0.3965873381778338,-0.3965873381778338,-0.3965873381778338,-0.3965873381778338,-0.3965873381778338,-1.096933728981207,-1.096933728981207,-0.2727860098355923,-0.3327510165778624,-1.096933728981207,-1.096933728981207,-0.2727860098355923,-0.3327510165778624,-1.096933728981207,-1.096933728981207,-0.4648295453855011,-0.3327510165778624,-1.096933728981207,-1.096933728981207,-0.3327510165778624,-0.3327510165778624,-1.096933728981207,-1.096933728981207,-0.3327510165778624,-0.3327510165778624,-1.096933728981207,-1.096933728981207,-0.3327510165778624,-0.3327510165778624,-1.096933728981207,-1.096933728981207,-0.2727860098355923,-0.3327510165778624,-0.017762162850330287,-0.017762162850330287,-1.096933728981207,-1.096933728981207,0.49645688688845147,0.49645688688845147,0.49645688688845147,0.49645688688845147,0.49645688688845147,-1.096933728981207,-1.096933728981207,-0.16277054484031625,0.026205950473936392,-0.16277054484031625,-0.16277054484031625,-0.16277054484031625,-0.16277054484031625,-1.096933728981207,-1.096933728981207,0.10868034111592541,0.026205950473936392,0.026205950473936392,0.10868034111592541,0.10868034111592541,-1.096933728981207,-1.096933728981207,-0.3327510165778624,-0.3327510165778624,-0.3327510165778624,-0.3327510165778624,-0.3327510165778624,-1.096933728981207,-1.096933728981207,-0.017762162850330287,0.026205950473936392,0.026205950473936392,-0.017762162850330287,-0.017762162850330287,-1.096933728981207,-1.096933728981207,-0.538131199345661,-0.538131199345661,-0.16277054484031625,-0.16277054484031625,-0.16277054484031625,-0.16277054484031625,-0.538131199345661,-0.538131199345661,-1.096933728981207,-1.096933728981207,-0.11203533773096849,0.026205950473936392,-0.11203533773096849,-0.11203533773096849,-0.11203533773096849,-0.11203533773096849,-1.096933728981207,-1.096933728981207,-0.2727860098355923,-0.2727860098355923,0.026205950473936392,0.026205950473936392,-0.2727860098355923,-0.2727860098355923,-0.2727860098355923,-0.2727860098355923,-0.2727860098355923,0.026205950473936392,-0.2727860098355923,-0.2727860098355923,-1.096933728981207,-1.096933728981207,0.5979941312604431,0.026205950473936392,0.5979941312604431,0.5979941312604431,0.5979941312604431,0.5979941312604431,0.5979941312604431,0.5979941312604431,-1.096933728981207,-1.096933728981207,0.026205950473936392,0.026205950473936392,0.026205950473936392,0.026205950473936392,0.026205950473936392,-1.096933728981207,-1.096933728981207,-0.3965873381778338,-0.3965873381778338,0.10868034111592541,0.10868034111592541,0.10868034111592541,0.10868034111592541,-0.3965873381778338,-0.3965873381778338,-1.096933728981207,-1.096933728981207,-0.017762162850330287,-0.017762162850330287,0.38329135654449087,0.38329135654449087,0.1848040217649151,0.1848040217649151,0.38329135654449087,-0.017762162850330287,-0.017762162850330287,-0.017762162850330287,-1.096933728981207,-1.096933728981207,-0.017762162850330287,0.026205950473936392,-0.017762162850330287,-0.017762162850330287,-0.017762162850330287,-0.017762162850330287,-0.017762162850330287,-0.017762162850330287,-0.017762162850330287,-0.017762162850330287,-1.096933728981207,-1.096933728981207,-0.4648295453855011,0.026205950473936392,-0.4648295453855011,-0.4648295453855011,-1.096933728981207,-1.096933728981207,0.2890181816638531,0.026205950473936392,0.026205950473936392,0.2890181816638531,0.2890181816638531,-1.096933728981207,-1.096933728981207,-0.0637760259906795,0.5485278398908471,0.5485278398908471,0.5485278398908471,-0.0637760259906795,-0.0637760259906795,-0.0637760259906795,-0.0637760259906795,-0.0637760259906795,-0.0637760259906795,-1.096933728981207,-1.096933728981207,0.2207759744561858,0.026205950473936392,0.2207759744561858,0.2207759744561858,0.2207759744561858,0.2207759744561858,-1.096933728981207,-1.096933728981207,-0.6173030170247277,-0.6173030170247277,-0.6173030170247277,-0.2727860098355923,-0.2727860098355923,-0.2727860098355923,-0.6173030170247277,-0.6173030170247277,-0.6173030170247277,-1.096933728981207,-1.096933728981207,0.2207759744561858,0.026205950473936392,0.2207759744561858,0.2207759744561858,0.2207759744561858,0.2207759744561858,-1.096933728981207,-1.096933728981207,-0.538131199345661,-0.21624949762990653,-0.21624949762990653,-0.21624949762990653,-0.21624949762990653,-0.21624949762990653,-0.11203533773096849,-0.11203533773096849,-0.21624949762990653,-0.538131199345661,-0.538131199345661,-1.096933728981207,-1.096933728981207,0.06830250281695922,0.026205950473936392,0.06830250281695922,0.38329135654449087,0.38329135654449087,0.2207759744561858,0.2207759744561858,0.2207759744561858,0.38329135654449087,0.06830250281695922,0.06830250281695922,-1.096933728981207,-1.096933728981207,0.1848040217649151,0.026205950473936392,0.1848040217649151,0.1848040217649151,0.1848040217649151,0.1848040217649151,0.1848040217649151,-1.096933728981207,-1.096933728981207,-0.21624949762990653,0.026205950473936392,-0.21624949762990653,-0.21624949762990653,-1.096933728981207,-1.096933728981207,0.026205950473936392,0.026205950473936392,0.026205950473936392,0.026205950473936392,0.026205950473936392,0.026205950473936392,0.026205950473936392,-1.096933728981207,-1.096933728981207,-0.21624949762990653,0.026205950473936392,0.026205950473936392,-0.21624949762990653,-0.21624949762990653,-1.096933728981207,-1.096933728981207,0.06830250281695922,0.06830250281695922,0.32145124083595084,0.32145124083595084,-0.11203533773096849,-0.11203533773096849,-0.11203533773096849,-0.11203533773096849,-0.11203533773096849,-0.11203533773096849,0.32145124083595084,0.06830250281695922,0.06830250281695922,-1.096933728981207,-1.096933728981207,0.32145124083595084,0.026205950473936392,0.026205950473936392,0.32145124083595084,0.32145124083595084,-1.096933728981207,-1.096933728981207,0.10868034111592541,0.026205950473936392,0.10868034111592541,0.10868034111592541,0.10868034111592541,0.10868034111592541,-1.096933728981207,-1.096933728981207,0.026205950473936392,0.026205950473936392,0.4693560222117804,0.4693560222117804,0.1848040217649151,0.1848040217649151,0.1848040217649151,0.4693560222117804,0.026205950473936392,0.026205950473936392,-1.096933728981207,-1.096933728981207,0.10868034111592541,0.026205950473936392,0.10868034111592541,0.10868034111592541,0.10868034111592541,0.10868034111592541,0.10868034111592541,-1.096933728981207,-1.096933728981207,0.2890181816638531,0.026205950473936392,0.2890181816638531,0.2890181816638531,-1.096933728981207,-1.096933728981207,0.4693560222117804,0.026205950473936392,0.4693560222117804,0.4693560222117804,0.4693560222117804,0.4693560222117804,-1.096933728981207,-1.096933728981207,-0.797640857572655,-0.797640857572655,-0.4648295453855011,-0.4648295453855011,-0.4648295453855011,-0.4648295453855011,-0.4648295453855011,-0.797640857572655,-0.797640857572655,-1.096933728981207,-1.096933728981207,0.10868034111592541,0.026205950473936392,0.10868034111592541,0.10868034111592541,0.10868034111592541,0.10868034111592541,-1.096933728981207,-1.096933728981207,-0.017762162850330287,-0.017762162850330287,0.3528545032638245,0.3528545032638245,0.25548548960086465,0.25548548960086465,0.25548548960086465,0.3528545032638245,-0.017762162850330287,-0.017762162850330287,-1.096933728981207,-1.096933728981207,-0.3327510165778624,-0.3327510165778624,-0.3327510165778624,-0.017762162850330287,-0.017762162850330287,-0.017762162850330287,-0.017762162850330287,-0.017762162850330287,-0.3327510165778624,-0.3327510165778624,-0.3327510165778624,-1.096933728981207,-1.096933728981207,0.1848040217649151,0.026205950473936392,0.1848040217649151,0.1848040217649151,0.1848040217649151,0.1848040217649151,-1.096933728981207,-1.096933728981207,0.25548548960086465,0.026205950473936392,0.25548548960086465,0.25548548960086465,-1.096933728981207,-1.096933728981207,-0.2727860098355923,-0.2727860098355923,0.14747432049602588,0.14747432049602588,0.1848040217649151,0.1848040217649151,0.1848040217649151,0.14747432049602588,-0.2727860098355923,-0.2727860098355923,-1.096933728981207,-1.096933728981207,0.4693560222117804,0.026205950473936392,0.4693560222117804,1.112864989710445,1.112864989710445,1.112864989710445,0.4693560222117804,0.4693560222117804,-1.096933728981207,-1.096933728981207,-0.2727860098355923,-0.2727860098355923,0.06830250281695922,0.06830250281695922,-0.3327510165778624,-0.3327510165778624,-0.3327510165778624,-0.3327510165778624,-0.3327510165778624,0.06830250281695922,-0.2727860098355923,-0.2727860098355923,-1.096933728981207,-1.096933728981207,-0.017762162850330287,0.026205950473936392,-0.017762162850330287,-0.017762162850330287,-0.017762162850330287,-0.017762162850330287,-0.017762162850330287,-0.017762162850330287,-1.096933728981207,-1.096933728981207,-0.017762162850330287,0.026205950473936392,-0.017762162850330287,-0.017762162850330287,-1.096933728981207,-1.096933728981207,0.49645688688845147,0.026205950473936392,0.026205950473936392,0.49645688688845147,0.49645688688845147,-1.096933728981207,-1.096933728981207,0.5979941312604431,0.5979941312604431,0.5979941312604431,0.5979941312604431,0.5979941312604431,-1.096933728981207,-1.096933728981207,-0.2727860098355923,-0.2727860098355923,-0.2727860098355923,-0.2727860098355923,-0.2727860098355923,-0.2727860098355923,-0.2727860098355923,-1.096933728981207,-1.096933728981207,-0.16277054484031625,0.026205950473936392,0.026205950473936392,-0.16277054484031625,-0.16277054484031625,-1.096933728981207,-1.096933728981207,-0.538131199345661,-0.538131199345661,-0.11203533773096849,-0.11203533773096849,-0.11203533773096849,-0.11203533773096849,-0.538131199345661,-0.538131199345661,-1.096933728981207,-1.096933728981207,-0.3965873381778338,-0.3965873381778338,-0.3965873381778338,-0.3965873381778338,-0.3965873381778338,-0.3965873381778338,-0.3965873381778338,-1.096933728981207,-1.096933728981207,-0.21624949762990653,-0.21624949762990653,-0.21624949762990653,0.1848040217649151,0.1848040217649151,0.1848040217649151,0.1848040217649151,-0.21624949762990653,-0.21624949762990653,-0.21624949762990653,-1.096933728981207,-1.096933728981207,0.1848040217649151,0.026205950473936392,0.1848040217649151,0.1848040217649151,-1.096933728981207,-1.096933728981207,0.2207759744561858,0.026205950473936392,0.2207759744561858,0.2207759744561858,0.2207759744561858,0.2207759744561858,-1.096933728981207,-1.096933728981207,-1.096933728981207,-1.096933728981207,-1.096933728981207,-1.096933728981207,-1.096933728981207,-0.017762162850330287,-0.017762162850330287,-0.017762162850330287,-0.4648295453855011,-0.4648295453855011,-0.4648295453855011,-0.4648295453855011,-0.4648295453855011,-0.4648295453855011,-0.4648295453855011,-0.017762162850330287,-1.0183565364195493,-1.096933728981207,-1.0183565364195493,-1.0183565364195493,-1.0183565364195493,-1.096933728981207,-1.096933728981207,-1.096933728981207,-1.096933728981207,-1.096933728981207,-1.096933728981207,-1.096933728981207,-1.0183565364195493,-1.0183565364195493,-1.0183565364195493,-1.0183565364195493,-1.0183565364195493,-1.0183565364195493,-0.017762162850330287,-0.6173030170247277,-0.6173030170247277,-0.6173030170247277,-0.6173030170247277,-0.6173030170247277,-0.6173030170247277,-0.6173030170247277,-0.4648295453855011,-0.4648295453855011,-0.4648295453855011,-0.4648295453855011,-0.4648295453855011,-0.4648295453855011,-0.4648295453855011,-0.4648295453855011,-0.4648295453855011,-0.4648295453855011,-0.4648295453855011,-0.4648295453855011,-0.4648295453855011,-0.4648295453855011,-0.4648295453855011,-0.4648295453855011,-0.4648295453855011,-0.4648295453855011,-0.4648295453855011,-0.4648295453855011,-0.4648295453855011,-0.4648295453855011,-0.11203533773096849,-0.11203533773096849,-0.4648295453855011,-0.4648295453855011,-0.4648295453855011,-0.4648295453855011,0.0
0.0,-1.0,-1.0,-1.0,-1.0,-1.0,-1.0,-1.0,-1.0,-1.0,-1.0,-1.0,-1.0,-1.0,-1.0,-1.0,-1.0,-1.0,-1.0,-1.0,-1.0,-1.0,-1.0,-1.0,-1.0,-1.0,-1.0,-1.0,-1.0,-1.0,-1.0,-1.0,-1.0,-1.0,-1.0,-1.0,-1.0,-1.0,-1.0,-1.0,-1.0,-1.0,-1.0,-1.0,-1.0,-1.0,-1.0,-1.0,-1.0,-1.0,-1.0,-1.0,-1.0,-1.0,-1.0,-1.0,-1.0,-1.0,-1.0,-1.0,-1.0,-1.0,-1.0,-1.0,-1.0,-1.0,-1.0,-1.0,-1.0,-1.0,-1.0,-1.0,-1.0,-1.0,-1.0,-1.0,-1.0,-1.0,-1.0,-1.0,-1.0,-1.0,-1.0,-1.0,-1.0,-1.0,-1.0,-1.0,-1.0,-1.0,-1.0,-1.0,-1.0,-1.0,-1.0,-1.0,-1.0,-1.0,-1.0,-1.0,-1.0,-1.0,-1.0,-1.0,-1.0,-1.0,-1.0,-1.0,-1.0,-1.0,-1.0,-1.0,-1.0,-1.0,-1.0,-1.0,-1.0,-1.0,-1.0,-1.0,-1.0,-1.0,-1.0,-1.0,-1.0,-1.0,-1.0,-1.0,-1.0,-1.0,-1.0,-1.0,-1.0,-1.0,-1.0,-1.0,-1.0,-1.0,-1.0,-1.0,-1.0,-1.0,-1.0,-1.0,-1.0,-1.0,-1.0,-1.0,-1.0,-1.0,-1.0,-1.0,-1.0,-1.0,-1.0,-1.0,-1.0,-1.0,-1.0,-1.0,-1.0,-1.0,-1.0,-1.0,-1.0,-1.0,-1.0,-1.0,-1.0,-1.0,-1.0,-1.0,-1.0,-1.0,-1.0,-1.0,-1.0,-1.0,-1.0,-1.0,-1.0,-1.0,-1.0,-1.0,-1.0,-1.0,-1.0,-1.0,-1.0,-1.0,-1.0,-1.0,-1.0,-1.0,-1.0,-1.0,-1.0,-1.0,-1.0,-1.0,-1.0,-1.0,-1.0,-1.0,-1.0,-1.0,-1.0,-1.0,-1.0,-1.0,-1.0,-1.0,-1.0,-1.0,-1.0,-1.0,-1.0,-1.0,-1.0,-1.0,-1.0,-1.0,-1.0,-1.0,-1.0,-1.0,-1.0,-1.0,-1.0,-1.0,-1.0,-1.0,-1.0,-1.0,-1.0,-1.0,-1.0,-1.0,-1.0,-1.0,-1.0,-1.0,-1.0,-1.0,-1.0,-1.0,-1.0,-1.0,-1.0,-1.0,-1.0,-1.0,-1.0,-1.0,-1.0,-1.0,-1.0,-1.0,-1.0,-1.0,-1.0,-1.0,-1.0,-1.0,-1.0,-1.0,-1.0,-1.0,-1.0,1.0,1.0,-1.0,-1.0,1.0,-1.0,-1.0,-1.0,-1.0,-1.0,-1.0,-1.0,-1.0,-1.0,-1.0,-1.0,-1.0,-1.0,-1.0,-1.0,-1.0,-1.0,-1.0,-1.0,-1.0,-1.0,-1.0,-1.0,-1.0,-1.0,-1.0,-1.0,-1.0,-1.0,-1.0,-1.0,1.0,1.0,1.0,-1.0,-1.0,-1.0,-1.0,-1.0,-1.0,-1.0,-1.0,-1.0,-1.0,-1.0,-1.0,-1.0,-1.0,-1.0,-1.0,-1.0,-1.0,-1.0,-1.0,-1.0,-1.0,-1.0,-1.0,-1.0,-1.0,-1.0,-1.0,-1.0,-1.0,-1.0,-1.0,-1.0,-1.0,-1.0,-1.0,-1.0,-1.0,-1.0,-1.0,-1.0,-1.0,-1.0,-1.0,-1.0,-1.0,-1.0,-1.0,-1.0,-1.0,-1.0,-1.0,-1.0,-1.0,-1.0,-1.0,-1.0,-1.0,-1.0,-1.0,-1.0,-1.0,-1.0,-1.0,-1.0,-1.0,-1.0,-1.0,-1.0,-1.0,-1.0,-1.0,-1.0,-1.0,-1.0,-1.0,-1.0,-1.0,-1.0,-1.0,-1.0,-1.0,-1.0,-1.0,-1.0,-1.0,-1.0,-1.0,-1.0,-1.0,-1.0,-1.0,-1.0,-1.0,-1.0,-1.0,-1.0,-1.0,-1.0,-1.0,-1.0,-1.0,-1.0,-1.0,-1.0,-1.0,-1.0,-1.0,-1.0,-1.0,-1.0,-1.0,-1.0,-1.0,-1.0,-1.0,-1.0,-1.0,-1.0,-1.0,-1.0,-1.0,-1.0,-1.0,-1.0,-1.0,-1.0,-1.0,-1.0,-1.0,-1.0,-1.0,-1.0,-1.0,-1.0,-1.0,-1.0,-1.0,-1.0,-1.0,-1.0,-1.0,-1.0,-1.0,-1.0,-1.0,-1.0,-1.0,-1.0,-1.0,-1.0,-1.0,-1.0,-1.0,-1.0,-1.0,-1.0,-1.0,-1.0,-1.0,-1.0,-1.0,-1.0,-1.0,-1.0,-1.0,-1.0,-1.0,-1.0,-1.0,-1.0,-1.0,-1.0,-1.0,-1.0,-1.0,-1.0,-1.0,-1.0,-1.0,-1.0,-1.0,-1.0,-1.0,-1.0,-1.0,-1.0,-1.0,-1.0,-1.0,-1.0,-1.0,-1.0,-1.0,-1.0,-1.0,-1.0,-1.0,-1.0,-1.0,-1.0,-1.0,-1.0,-1.0,-1.0,-1.0,-1.0,-1.0,-1.0,-1.0,-1.0,-1.0,-1.0,-1.0,-1.0,-1.0,-1.0,-1.0,-1.0,-1.0,-1.0,-1.0,-1.0,-1.0,-1.0,-1.0,-1.0,-1.0,-1.0,-1.0,1.0,1.0,1.0,-1.0,-1.0,-1.0,-1.0,-1.0,-1.0,-1.0,-1.0,-1.0,-1.0,-1.0,-1.0,-1.0,-1.0,-1.0,-1.0,-1.0,-1.0,-1.0,-1.0,-1.0,-1.0,-1.0,-1.0,-1.0,-1.0,-1.0,-1.0,-1.0,-1.0,-1.0,-1.0,-1.0,-1.0,-1.0,-1.0,-1.0,-1.0,-1.0,-1.0,-1.0,-1.0,-1.0,-1.0,-1.0,-1.0,-1.0,-1.0,-1.0,-1.0,-1.0,-1.0,-1.0,-1.0,-1.0,-1.0,-1.0,-1.0,-1.0,-1.0,-1.0,-1.0,-1.0,-1.0,-1.0,-1.0,-1.0,-1.0,-1.0,-1.0,-1.0,-1.0,-1.0,-1.0,-1.0,-1.0,-1.0,-1.0,-1.0,-1.0,-1.0,-1.0,-1.0,-1.0,-1.0,-1.0,-1.0,-1.0,-1.0,-1.0,-1.0,-1.0,-1.0,-1.0,-1.0,-1.0,-1.0,-1.0,-1.0,-1.0,-1.0,-1.0,-1.0,-1.0,-1.0,-1.0,-1.0,-1.0,-1.0,-1.0,-1.0,-1.0,-1.0,-1.0,-1.0,-1.0,-1.0,-1.0,-1.0,-1.0,-1.0,-1.0,-1.0,-1.0,-1.0,-1.0,-1.0,-1.0,-1.0,-1.0,-1.0,-1.0,-1.0,-1.0,-1.0,-1.0,-1.0,-1.0,-1.0,-1.0,-1.0,-1.0,-1.0,-1.0,1.0,1.0,1.0,1.0,1.0,1.0,1.0,1.0,1.0,1.0,1.0,1.0,-1.0,-1.0,-1.0,-1.0,-1.0,-1.0,-1.0,-1.0,-1.0,-1.0,-1.0,-1.0,-1.0,-1.0,-1.0,-1.0,-1.0,-1.0,-1.0,-1.0,-1.0,1.0,1.0,0.0
0.0,-1.0,-1.0,-1.0,-1.0,-1.0,-1.0,-1.0,-1.0,-1.0,-1.0,-1.0,-1.0,-1.0,-1.0,-1.0,-1.0,-1.0,-1.0,-1.0,-1.0,-1.0,-1.0,-1.0,-1.0,-1.0,-1.0,-1.0,-1.0,-1.0,-1.0,-1.0,-1.0,-1.0,-1.0,-1.0,-1.0,-1.0,-1.0,-1.0,-1.0,-1.0,-1.0,-1.0,-1.0,-1.0,-1.0,-1.0,-1.0,-1.0,-1.0,-1.0,-1.0,-1.0,-1.0,-1.0,-1.0,-1.0,-1.0,-1.0,-1.0,-1.0,-1.0,-1.0,-1.0,-1.0,-1.0,-1.0,-1.0,-1.0,-1.0,-1.0,-1.0,-1.0,-1.0,-1.0,-1.0,-1.0,-1.0,-1.0,-1.0,-1.0,-1.0,-1.0,-1.0,-1.0,-1.0,-1.0,-1.0,-1.0,-1.0,-1.0,-1.0,-1.0,-1.0,-1.0,-1.0,-1.0,-1.0,-1.0,-1.0,-1.0,-1.0,-1.0,-1.0,-1.0,-1.0,-1.0,-1.0,-1.0,-1.0,-1.0,-1.0,-1.0,-1.0,-1.0,-1.0,-1.0,-1.0,-1.0,-1.0,-1.0,-1.0,-1.0,-1.0,-1.0,-1.0,-1.0,-1.0,-1.0,-1.0,-1.0,-1.0,-1.0,-1.0,-1.0,-1.0,-1.0,-1.0,-1.0,-1.0,-1.0,-1.0,-1.0,-1.0,-1.0,-1.0,-1.0,-1.0,-1.0,-1.0,-1.0,-1.0,-1.0,-1.0,-1.0,-1.0,-1.0,-1.0,-1.0,-1.0,-1.0,-1.0,-1.0,-1.0,-1.0,-1.0,-1.0,-1.0,-1.0,-1.0,-1.0,-1.0,-1.0,-1.0,-1.0,-1.0,-1.0,-1.0,-1.0,-1.0,-1.0,-1.0,-1.0,-1.0,-1.0,-1.0,-1.0,-1.0,-1.0,-1.0,-1.0,-1.0,-1.0,-1.0,-1.0,-1.0,-1.0,-1.0,-1.0,-1.0,-1.0,-1.0,-1.0,-1.0,-1.0,-1.0,-1.0,-1.0,-1.0,-1.0,-1.0,-1.0,-1.0,-1.0,-1.0,-1.0,-1.0,-1.0,-1.0,-1.0,-1.0,-1.0,-1.0,-1.0,-1.0,-1.0,-1.0,-1.0,-1.0,-1.0,-1.0,-1.0,-1.0,-1.0,-1.0,-1.0,-1.0,-1.0,-1.0,-1.0,-1.0,-1.0,-1.0,-1.0,-1.0,-1.0,-1.0,-1.0,-1.0,-1.0,-1.0,-1.0,-1.0,-1.0,-1.0,-1.0,-1.0,-1.0,-1.0,-1.0,-1.0,-1.0,-1.0,-1.0,-1.0,-1.0,-1.0,-1.0,-1.0,-1.0,-1.0,-1.0,-1.0,-1.0,-1.0,-1.0,-1.0,-1.0,-1.0,-1.0,-1.0,-1.0,-1.0,-1.0,-1.0,-1.0,-1.0,-1.0,-1.0,-1.0,-1.0,-1.0,-1.0,-1.0,-1.0,-1.0,-1.0,-1.0,-1.0,-1.0,-1.0,-1.0,-1.0,-1.0,-1.0,-1.0,-1.0,-1.0,-1.0,-1.0,-1.0,-1.0,-1.0,-1.0,-1.0,-1.0,-1.0,-1.0,-1.0,-1.0,-1.0,-1.0,-1.0,-1.0,-1.0,-1.0,-1.0,-1.0,-1.0,-1.0,-1.0,-1.0,-1.0,-1.0,-1.0,-1.0,-1.0,-1.0,-1.0,-1.0,-1.0,-1.0,-1.0,-1.0,-1.0,-1.0,-1.0,-1.0,-1.0,-1.0,-1.0,-1.0,-1.0,-1.0,-1.0,-1.0,-1.0,-1.0,-1.0,-1.0,-1.0,-1.0,-1.0,-1.0,-1.0,-1.0,-1.0,-1.0,-1.0,-1.0,-1.0,-1.0,-1.0,-1.0,-1.0,-1.0,-1.0,-1.0,-1.0,-1.0,-1.0,-1.0,-1.0,-1.0,-1.0,-1.0,-1.0,-1.0,-1.0,-1.0,-1.0,-1.0,-1.0,-1.0,-1.0,-1.0,-1.0,-1.0,-1.0,-1.0,-1.0,-1.0,-1.0,-1.0,-1.0,-1.0,-1.0,-1.0,-1.0,-1.0,-1.0,-1.0,-1.0,-1.0,-1.0,-1.0,-1.0,-1.0,-1.0,-1.0,-1.0,-1.0,-1.0,-1.0,-1.0,-1.0,-1.0,-1.0,-1.0,-1.0,-1.0,-1.0,-1.0,-1.0,-1.0,-1.0,-1.0,-1.0,-1.0,-1.0,-1.0,-1.0,-1.0,-1.0,-1.0,-1.0,-1.0,-1.0,-1.0,-1.0,-1.0,-1.0,-1.0,-1.0,-1.0,-1.0,-1.0,-1.0,-1.0,-1.0,-1.0,-1.0,-1.0,-1.0,-1.0,-1.0,-1.0,-1.0,-1.0,-1.0,-1.0,-1.0,-1.0,-1.0,-1.0,-1.0,-1.0,-1.0,-1.0,-1.0,-1.0,-1.0,-1.0,-1.0,-1.0,-1.0,-1.0,-1.0,-1.0,-1.0,-1.0,-1.0,-1.0,-1.0,-1.0,-1.0,-1.0,-1.0,-1.0,-1.0,-1.0,-1.0,-1.0,-1.0,-1.0,-1.0,-1.0,-1.0,-1.0,-1.0,-1.0,-1.0,-1.0,-1.0,-1.0,-1.0,-1.0,-1.0,-1.0,-1.0,-1.0,-1.0,-1.0,-1.0,-1.0,-1.0,-1.0,-1.0,-1.0,-1.0,-1.0,-1.0,-1.0,-1.0,-1.0,-1.0,-1.0,-1.0,-1.0,-1.0,-1.0,-1.0,-1.0,-1.0,-1.0,-1.0,-1.0,-1.0,-1.0,-1.0,-1.0,-1.0,-1.0,-1.0,-1.0,-1.0,-1.0,-1.0,-1.0,-1.0,-1.0,-1.0,-1.0,-1.0,-1.0,-1.0,-1.0,-1.0,-1.0,-1.0,-1.0,-1.0,-1.0,-1.0,-1.0,-1.0,-1.0,-1.0,-1.0,-1.0,-1.0,-1.0,-1.0,-1.0,-1.0,-1.0,-1.0,-1.0,-1.0,-1.0,-1.0,-1.0,-1.0,-1.0,-1.0,-1.0,-1.0,-1.0,-1.0,-1.0,-1.0,-1.0,-1.0,-1.0,-1.0,-1.0,-1.0,-1.0,-1.0,-1.0,-1.0,-1.0,-1.0,-1.0,-1.0,-1.0,-1.0,-1.0,-1.0,-1.0,-1.0,-1.0,-1.0,-1.0,-1.0,-1.0,-1.0,-1.0,-1.0,-1.0,-1.0,-1.0,-1.0,-1.0,-1.0,-1.0,-1.0,-1.0,-1.0,-1.0,-1.0,-1.0,-1.0,-1.0,-1.0,-1.0,-1.0,-1.0,-1.0,-1.0,-1.0,-1.0,-1.0,-1.0,-1.0,-1.0,-1.0,-1.0,-1.0,-1.0,-1.0,-1.0,-1.0,-1.0,-1.0,-1.0,-1.0,-1.0,-1.0,-1.0,-1.0,-1.0,-1.0,-1.0,-1.0,-1.0,-1.0,-1.0,-1.0,-1.0,-1.0,-1.0,-1.0,-1.0,-1.0,-1.0,-1.0,-1.0,-1.0,-1.0,-1.0,-1.0,-1.0,-1.0,-1.0,-1.0,-1.0,-1.0,-1.0,-1.0,-1.0,-1.0,-1.0,-1.0,-1.0,-1.0,-1.0,-1.0,-1.0,-1.0,-1.0,-1.0,-1.0,-1.0,-1.0,-1.0,-1.0,-1.0,-1.0,0.0
0.0,-1.0,-1.0,-1.0,-1.0,-1.0,-1.0,-1.0,-1.0,-1.0,-1.0,-1.0,-1.0,-1.0,-1.0,-1.0,-1.0,-1.0,-1.0,-1.0,-1.0,-1.0,-1.0,-1.0,-1.0,-1.0,-1.0,-1.0,-1.0,-1.0,-1.0,-1.0,-1.0,-1.0,-1.0,-1.0,-1.0,-1.0,-1.0,-1.0,-1.0,-1.0,-1.0,-1.0,-1.0,-1.0,-1.0,-1.0,-1.0,-1.0,-1.0,-1.0,-1.0,-1.0,-1.0,-1.0,-1.0,-1.0,-1.0,-1.0,-1.0,-1.0,-1.0,-1.0,-1.0,-1.0,-1.0,-1.0,-1.0,-1.0,-1.0,-1.0,-1.0,-1.0,-1.0,-1.0,-1.0,-1.0,-1.0,-1.0,-1.0,-1.0,-1.0,-1.0,-1.0,-1.0,-1.0,-1.0,-1.0,-1.0,-1.0,-1.0,-1.0,-1.0,-1.0,-1.0,-1.0,-1.0,-1.0,-1.0,-1.0,-1.0,-1.0,-1.0,-1.0,-1.0,-1.0,-1.0,-1.0,-1.0,-1.0,-1.0,-1.0,-1.0,-1.0,-1.0,-1.0,-1.0,-1.0,-1.0,-1.0,-1.0,-1.0,-1.0,-1.0,-1.0,-1.0,-1.0,-1.0,-1.0,-1.0,-1.0,-1.0,-1.0,-1.0,-1.0,-1.0,-1.0,-1.0,-1.0,-1.0,-1.0,-1.0,-1.0,-1.0,-1.0,-1.0,-1.0,-1.0,-1.0,-1.0,-1.0,-1.0,-1.0,-1.0,-1.0,-1.0,-1.0,-1.0,-1.0,-1.0,-1.0,-1.0,-1.0,-1.0,-1.0,-1.0,-1.0,-1.0,-1.0,-1.0,-1.0,-1.0,-1.0,-1.0,-1.0,-1.0,-1.0,-1.0,-1.0,-1.0,-1.0,-1.0,-1.0,-1.0,-1.0,-1.0,-1.0,-1.0,-1.0,-1.0,-1.0,-1.0,-1.0,-1.0,-1.0,-1.0,-1.0,-1.0,-1.0,-1.0,-1.0,-1.0,-1.0,-1.0,-1.0,-1.0,-1.0,-1.0,-1.0,-1.0,-1.0,-1.0,-1.0,-1.0,-1.0,-1.0,-1.0,-1.0,-1.0,-1.0,-1.0,-1.0,-1.0,-1.0,-1.0,-1.0,-1.0,-1.0,-1.0,-1.0,-1.0,-1.0,-1.0,-1.0,-1.0,-1.0,-1.0,-1.0,-1.0,-1.0,-1.0,-1.0,-1.0,-1.0,-1.0,-1.0,-1.0,-1.0,-1.0,-1.0,-1.0,-1.0,-1.0,-1.0,-1.0,-1.0,-1.0,-1.0,-1.0,-1.0,-1.0,-1.0,-1.0,-1.0,-1.0,-1.0,-1.0,-1.0,-1.0,-1.0,-1.0,-1.0,-1.0,-1.0,-1.0,-1.0,-1.0,-1.0,-1.0,-1.0,-1.0,-1.0,-1.0,-1.0,-1.0,-1.0,-1.0,-1.0,-1.0,-1.0,-1.0,-1.0,-1.0,-1.0,-1.0,-1.0,-1.0,-1.0,-1.0,-1.0,-1.0,-1.0,-1.0,-1.0,-1.0,-1.0,-1.0,-1.0,-1.0,-1.0,-1.0,-1.0,-1.0,-1.0,-1.0,-1.0,-1.0,-1.0,-1.0,-1.0,-1.0,-1.0,-1.0,-1.0,-1.0,-1.0,-1.0,-1.0,-1.0,-1.0,-1.0,-1.0,-1.0,-1.0,-1.0,-1.0,-1.0,-1.0,-1.0,-1.0,-1.0,-1.0,-1.0,-1.0,-1.0,-1.0,-1.0,-1.0,-1.0,-1.0,-1.0,-1.0,-1.0,-1.0,-1.0,-1.0,-1.0,-1.0,-1.0,-1.0,-1.0,-1.0,-1.0,-1.0,-1.0,-1.0,-1.0,-1.0,-1.0,-1.0,-1.0,-1.0,-1.0,-1.0,-1.0,-1.0,-1.0,-1.0,-1.0,-1.0,-1.0,-1.0,-1.0,-1.0,-1.0,-1.0,-1.0,-1.0,-1.0,-1.0,-1.0,-1.0,-1.0,-1.0,-1.0,-1.0,-1.0,-1.0,-1.0,-1.0,-1.0,-1.0,-1.0,-1.0,-1.0,-1.0,-1.0,-1.0,-1.0,-1.0,-1.0,-1.0,-1.0,-1.0,-1.0,-1.0,-1.0,-1.0,-1.0,-1.0,-1.0,-1.0,-1.0,-1.0,-1.0,-1.0,-1.0,-1.0,-1.0,-1.0,-1.0,-1.0,-1.0,-1.0,-1.0,-1.0,-1.0,-1.0,-1.0,-1.0,-1.0,-1.0,-1.0,-1.0,-1.0,-1.0,-1.0,-1.0,-1.0,-1.0,-1.0,-1.0,-1.0,-1.0,-1.0,-1.0,-1.0,-1.0,-1.0,-1.0,-1.0,-1.0,-1.0,-1.0,-1.0,-1.0,-1.0,-1.0,-1.0,-1.0,-1.0,-1.0,-1.0,-1.0,-1.0,-1.0,-1.0,-1.0,-1.0,-1.0,-1.0,-1.0,-1.0,-1.0,-1.0,-1.0,-1.0,-1.0,-1.0,-1.0,-1.0,-1.0,-1.0,-1.0,-1.0,-1.0,-1.0,-1.0,-1.0,-1.0,-1.0,-1.0,-1.0,-1.0,-1.0,-1.0,-1.0,-1.0,-1.0,-1.0,-1.0,-1.0,-1.0,-1.0,-1.0,-1.0,-1.0,-1.0,-1.0,-1.0,-1.0,-1.0,-1.0,-1.0,-1.0,-1.0,-1.0,-1.0,-1.0,-1.0,-1.0,-1.0,-1.0,-1.0,-1.0,-1.0,-1.0,-1.0,-1.0,-1.0,-1.0,-1.0,-1.0,-1.0,-1.0,-1.0,-1.0,-1.0,-1.0,-1.0,-1.0,-1.0,-1.0,-1.0,-1.0,-1.0,-1.0,-1.0,-1.0,-1.0,-1.0,-1.0,-1.0,-1.0,-1.0,-1.0,-1.0,-1.0,-1.0,-1.0,-1.0,-1.0,-1.0,-1.0,-1.0,-1.0,-1.0,-1.0,-1.0,-1.0,-1.0,-1.0,-1.0,-1.0,-1.0,-1.0,-1.0,-1.0,-1.0,-1.0,-1.0,-1.0,-1.0,-1.0,-1.0,-1.0,-1.0,-1.0,-1.0,-1.0,-1.0,-1.0,-1.0,-1.0,-1.0,-1.0,-1.0,-1.0,-1.0,-1.0,-1.0,-1.0,-1.0,-1.0,-1.0,-1.0,-1.0,-1.0,-1.0,-1.0,-1.0,-1.0,-1.0,-1.0,-1.0,-1.0,-1.0,-1.0,-1.0,-1.0,-1.0,-1.0,-1.0,-1.0,-1.0,-1.0,-1.0,-1.0,-1.0,-1.0,-1.0,-1.0,-1.0,-1.0,-1.0,-1.0,-1.0,-1.0,-1.0,-1.0,-1.0,-1.0,-1.0,-1.0,-1.0,-1.0,-1.0,-1.0,-1.0,-1.0,-1.0,-1.0,-1.0,-1.0,-1.0,-1.0,-1.0,-1.0,-1.0,-1.0,-1.0,-1.0,-1.0,-1.0,-1.0,-1.0,-1.0,-1.0,-1.0,-1.0,-1.0,-1.0,-1.0,-1.0,1.0,1.0,1.0,1.0,1.0,1.0,1.0,1.0,1.0,1.0,1.0,1.0,-1.0,-1.0,-1.0,-1.0,-1.0,-1.0,-1.0,-1.0,-1.0,-1.0,-1.0,-1.0,-1.0,-1.0,-1.0,-1.0,-1.0,-1.0,-1.0,-1.0,-1.0,1.0,1.0,0.0
0.0,-1.0,-1.0,-1.0,-1.0,-1.0,-1.0,-1.0,-1.0,-1.0,-1.0,-1.0,-1.0,-1.0,-1.0,-1.0,-1.0,-1.0,-1.0,-1.0,-1.0,-1.0,-1.0,-1.0,-1.0,-1.0,-1.0,-1.0,-1.0,-1.0,-1.0,-1.0,-1.0,-1.0,-1.0,-1.0,-1.0,-1.0,-1.0,-1.0,-1.0,-1.0,-1.0,-1.0,-1.0,-1.0,-1.0,-1.0,-1.0,-1.0,-1.0,-1.0,-1.0,-1.0,-1.0,-1.0,-1.0,-1.0,-1.0,-1.0,-1.0,-1.0,-1.0,-1.0,-1.0,-1.0,-1.0,-1.0,-1.0,-1.0,-1.0,-1.0,-1.0,-1.0,-1.0,-1.0,-1.0,-1.0,-1.0,-1.0,-1.0,-1.0,-1.0,-1.0,-1.0,-1.0,-1.0,-1.0,-1.0,-1.0,-1.0,-1.0,-1.0,-1.0,-1.0,-1.0,-1.0,-1.0,-1.0,-1.0,-1.0,-1.0,-1.0,-1.0,-1.0,-1.0,-1.0,-1.0,-1.0,-1.0,-1.0,-1.0,-1.0,-1.0,-1.0,-1.0,-1.0,-1.0,-1.0,-1.0,-1.0,-1.0,-1.0,-1.0,-1.0,-1.0,-1.0,-1.0,-1.0,-1.0,-1.0,-1.0,-1.0,-1.0,-1.0,-1.0,-1.0,-1.0,-1.0,-1.0,-1.0,-1.0,-1.0,-1.0,-1.0,-1.0,-1.0,-1.0,-1.0,-1.0,-1.0,-1.0,-1.0,-1.0,-1.0,-1.0,-1.0,-1.0,-1.0,-1.0,-1.0,-1.0,-1.0,-1.0,-1.0,-1.0,-1.0,-1.0,-1.0,-1.0,-1.0,-1.0,-1.0,-1.0,-1.0,-1.0,-1.0,-1.0,-1.0,-1.0,-1.0,-1.0,-1.0,-1.0,-1.0,-1.0,-1.0,-1.0,-1.0,-1.0,-1.0,-1.0,-1.0,-1.0,-1.0,-1.0,-1.0,-1.0,-1.0,-1.0,-1.0,-1.0,-1.0,-1.0,-1.0,-1.0,-1.0,-1.0,-1.0,-1.0,-1.0,-1.0,-1.0,-1.0,-1.0,-1.0,-1.0,-1.0,-1.0,-1.0,-1.0,-1.0,-1.0,-1.0,-1.0,-1.0,-1.0,-1.0,-1.0,-1.0,-1.0,-1.0,-1.0,-1.0,-1.0,-1.0,-1.0,-1.0,-1.0,-1.0,-1.0,-1.0,-1.0,-1.0,-1.0,-1.0,-1.0,-1.0,-1.0,-1.0,-1.0,-1.0,-1.0,-1.0,-1.0,-1.0,-1.0,-1.0,-1.0,-1.0,-1.0,-1.0,-1.0,-1.0,-1.0,-1.0,-1.0,-1.0,-1.0,-1.0,-1.0,-1.0,-1.0,-1.0,-1.0,-1.0,-1.0,-1.0,-1.0,-1.0,-1.0,-1.0,-1.0,-1.0,-1.0,-1.0,-1.0,-1.0,-1.0,-1.0,-1.0,-1.0,-1.0,-1.0,-1.0,-1.0,-1.0,-1.0,-1.0,-1.0,-1.0,-1.0,-1.0,-1.0,-1.0,-1.0,-1.0,-1.0,-1.0,-1.0,-1.0,-1.0,-1.0,-1.0,-1.0,-1.0,-1.0,-1.0,-1.0,-1.0,-1.0,-1.0,-1.0,-1.0,-1.0,-1.0,-1.0,-1.0,-1.0,-1.0,-1.0,-1.0,-1.0,-1.0,-1.0,-1.0,-1.0,-1.0,-1.0,-1.0,-1.0,-1.0,-1.0,-1.0,-1.0,-1.0,-1.0,-1.0,-1.0,-1.0,-1.0,-1.0,-1.0,-1.0,-1.0,-1.0,-1.0,-1.0,-1.0,-1.0,-1.0,-1.0,-1.0,-1.0,-1.0,-1.0,-1.0,-1.0,-1.0,-1.0,-1.0,-1.0,-1.0,-1.0,-1.0,-1.0,-1.0,-1.0,-1.0,-1.0,-1.0,-1.0,-1.0,-1.0,-1.0,-1.0,-1.0,-1.0,-1.0,-1.0,-1.0,-1.0,-1.0,-1.0,-1.0,-1.0,-1.0,-1.0,-1.0,-1.0,-1.0,-1.0,-1.0,-1.0,-1.0,-1.0,-1.0,-1.0,-1.0,-1.0,-1.0,-1.0,-1.0,-1.0,-1.0,-1.0,-1.0,-1.0,-1.0,-1.0,-1.0,-1.0,-1.0,-1.0,-1.0,-1.0,-1.0,-1.0,-1.0,-1.0,-1.0,-1.0,-1.0,-1.0,-1.0,-1.0,-1.0,-1.0,-1.0,-1.0,-1.0,-1.0,-1.0,-1.0,-1.0,-1.0,-1.0,-1.0,-1.0,-1.0,-1.0,-1.0,-1.0,-1.0,-1.0,-1.0,-1.0,-1.0,-1.0,-1.0,-1.0,-1.0,-1.0,-1.0,-1.0,-1.0,-1.0,-1.0,-1.0,-1.0,-1.0,-1.0,-1.0,-1.0,-1.0,-1.0,-1.0,-1.0,-1.0,-1.0,-1.0,-1.0,-1.0,-1.0,-1.0,-1.0,-1.0,-1.0,-1.0,-1.0,-1.0,-1.0,-1.0,-1.0,-1.0,-1.0,-1.0,-1.0,-1.0,-1.0,-1.0,-1.0,-1.0,-1.0,-1.0,-1.0,-1.0,-1.0,-1.0,-1.0,-1.0,-1.0,-1.0,-1.0,-1.0,-1.0,-1.0,-1.0,-1.0,-1.0,-1.0,-1.0,-1.0,-1.0,-1.0,-1.0,-1.0,-1.0,-1.0,-1.0,-1.0,-1.0,-1.0,-1.0,-1.0,-1.0,-1.0,-1.0,-1.0,-1.0,-1.0,-1.0,-1.0,-1.0,-1.0,-1.0,-1.0,-1.0,-1.0,-1.0,-1.0,-1.0,-1.0,-1.0,-1.0,-1.0,-1.0,-1.0,-1.0,-1.0,-1.0,-1.0,-1.0,-1.0,-1.0,-1.0,-1.0,-1.0,-1.0,-1.0,-1.0,-1.0,-1.0,-1.0,-1.0,-1.0,-1.0,-1.0,-1.0,-1.0,-1.0,-1.0,-1.0,-1.0,-1.0,-1.0,-1.0,-1.0,-1.0,-1.0,-1.0,-1.0,-1.0,-1.0,-1.0,-1.0,-1.0,-1.0,-1.0,-1.0,-1.0,-1.0,-1.0,-1.0,-1.0,-1.0,-1.0,-1.0,-1.0,-1.0,-1.0,-1.0,-1.0,-1.0,-1.0,-1.0,-1.0,-1.0,-1.0,-1.0,-1.0,-1.0,-1.0,-1.0,-1.0,-1.0,-1.0,-1.0,-1.0,-1.0,-1.0,-1.0,-1.0,-1.0,-1.0,-1.0,-1.0,-1.0,-1.0,-1.0,-1.0,-1.0,-1.0,-1.0,-1.0,-1.0,-1.0,-1.0,-1.0,-1.0,-1.0,-1.0,-1.0,-1.0,-1.0,-1.0,-1.0,-1.0,-1.0,-1.0,-1.0,-1.0,-1.0,-1.0,-1.0,-1.0,-1.0,-1.0,-1.0,-1.0,-1.0,-1.0,-1.0,-1.0,-1.0,-1.0,-1.0,-1.0,-1.0,-1.0,-1.0,-1.0,-1.0,-1.0,-1.0,-1.0,-1.0,-1.0,-1.0,-1.0,-1.0,-1.0,-1.0,-1.0,-1.0,-1.0,-1.0,-1.0,-1.0,-1.0,-1.0,-1.0,-1.0,-1.0,-1.0,-1.0,-1.0,-1.0,-1.0,-1.0,-1.0,-1.0,-1.0,-1.0,-1.0,-1.0,-1.0,-1.0,-1.0,-1.0,0.0
0.0,-1.0,-1.0,-1.0,-1.0,-1.0,-1.0,-1.0,-1.0,-1.0,-1.0,-1.0,-1.0,-1.0,-1.0,-1.0,-1.0,-1.0,-1.0,-1.0,-1.0,-1.0,-1.0,-1.0,-1.0,-1.0,-1.0,-1.0,-1.0,-1.0,-1.0,-1.0,-1.0,-1.0,-1.0,-1.0,-1.0,-1.0,-1.0,-1.0,-1.0,-1.0,-1.0,-1.0,-1.0,-1.0,-1.0,-1.0,-1.0,-1.0,-1.0,-1.0,-1.0,-1.0,-1.0,-1.0,-1.0,-1.0,-1.0,-1.0,-1.0,-1.0,-1.0,-1.0,-1.0,-1.0,-1.0,-1.0,-1.0,-1.0,-1.0,-1.0,-1.0,-1.0,-1.0,-1.0,-1.0,-1.0,-1.0,-1.0,-1.0,-1.0,-1.0,-1.0,-1.0,-1.0,-1.0,-1.0,-1.0,-1.0,-1.0,-1.0,-1.0,-1.0,-1.0,-1.0,-1.0,-1.0,-1.0,-1.0,-1.0,-1.0,-1.0,-1.0,-1.0,-1.0,-1.0,-1.0,-1.0,-1.0,-1.0,-1.0,-1.0,-1.0,-1.0,-1.0,-1.0,-1.0,-1.0,-1.0,-1.0,-1.0,-1.0,-1.0,-1.0,-1.0,-1.0,-1.0,-1.0,-1.0,-1.0,-1.0,-1.0,-1.0,-1.0,-1.0,-1.0,-1.0,-1.0,-1.0,-1.0,-1.0,-1.0,-1.0,-1.0,-1.0,-1.0,-1.0,-1.0,-1.0,-1.0,-1.0,-1.0,-1.0,-1.0,-1.0,-1.0,-1.0,-1.0,-1.0,-1.0,-1.0,-1.0,-1.0,-1.0,-1.0,-1.0,-1.0,-1.0,-1.0,-1.0,-1.0,-1.0,-1.0,-1.0,-1.0,-1.0,-1.0,-1.0,-1.0,-1.0,-1.0,-1.0,-1.0,-1.0,-1.0,-1.0,-1.0,-1.0,-1.0,-1.0,-1.0,-1.0,-1.0,-1.0,-1.0,-1.0,-1.0,-1.0,-1.0,-1.0,-1.0,-1.0,-1.0,-1.0,-1.0,-1.0,-1.0,-1.0,-1.0,-1.0,-1.0,-1.0,-1.0,-1.0,-1.0,-1.0,-1.0,-1.0,-1.0,-1.0,-1.0,-1.0,-1.0,-1.0,-1.0,-1.0,-1.0,-1.0,-1.0,-1.0,-1.0,-1.0,-1.0,-1.0,-1.0,-1.0,-1.0,-1.0,-1.0,-1.0,-1.0,-1.0,-1.0,-1.0,-1.0,-1.0,-1.0,-1.0,-1.0,-1.0,-1.0,-1.0,-1.0,-1.0,-1.0,-1.0,-1.0,-1.0,-1.0,-1.0,-1.0,-1.0,-1.0,-1.0,-1.0,-1.0,-1.0,-1.0,-1.0,-1.0,-1.0,-1.0,-1.0,-1.0,-1.0,-1.0,-1.0,-1.0,-1.0,-1.0,-1.0,-1.0,-1.0,-1.0,-1.0,-1.0,-1.0,-1.0,-1.0,-1.0,-1.0,-1.0,-1.0,-1.0,-1.0,-1.0,-1.0,-1.0,-1.0,-1.0,-1.0,-1.0,-1.0,-1.0,-1.0,-1.0,-1.0,-1.0,-1.0,-1.0,-1.0,-1.0,-1.0,-1.0,-1.0,-1.0,-1.0,-1.0,-1.0,-1.0,-1.0,-1.0,-1.0,-1.0,-1.0,-1.0,-1.0,-1.0,-1.0,-1.0,-1.0,-1.0,-1.0,-1.0,-1.0,-1.0,-1.0,-1.0,-1.0,-1.0,-1.0,-1.0,-1.0,-1.0,-1.0,-1.0,-1.0,-1.0,-1.0,-1.0,-1.0,-1.0,-1.0,-1.0,-1.0,-1.0,-1.0,-1.0,-1.0,-1.0,-1.0,-1.0,-1.0,-1.0,-1.0,-1.0,-1.0,-1.0,-1.0,-1.0,-1.0,-1.0,-1.0,-1.0,-1.0,-1.0,-1.0,-1.0,-1.0,-1.0,-1.0,-1.0,-1.0,-1.0,-1.0,-1.0,-1.0,-1.0,-1.0,-1.0,-1.0,-1.0,-1.0,-1.0,-1.0,-1.0,-1.0,-1.0,-1.0,-1.0,-1.0,-1.0,-1.0,-1.0,-1.0,-1.0,-1.0,-1.0,-1.0,-1.0,-1.0,-1.0,-1.0,-1.0,-1.0,-1.0,-1.0,-1.0,-1.0,-1.0,-1.0,-1.0,-1.0,-1.0,-1.0,-1.0,-1.0,-1.0,-1.0,-1.0,-1.0,-1.0,-1.0,-1.0,-1.0,-1.0,-1.0,-1.0,-1.0,-1.0,-1.0,-1.0,-1.0,-1.0,-1.0,-1.0,-1.0,-1.0,-1.0,-1.0,-1.0,-1.0,-1.0,-1.0,-1.0,-1.0,-1.0,-1.0,-1.0,-1.0,-1.0,-1.0,-1.0,-1.0,-1.0,-1.0,-1.0,-1.0,-1.0,-1.0,-1.0,-1.0,-1.0,-1.0,-1.0,-1.0,-1.0,-1.0,-1.0,-1.0,-1.0,-1.0,-1.0,-1.0,-1.0,-1.0,-1.0,-1.0,-1.0,-1.0,-1.0,-1.0,-1.0,-1.0,-1.0,-1.0,-1.0,-1.0,-1.0,-1.0,-1.0,-1.0,-1.0,-1.0,-1.0,-1.0,-1.0,-1.0,-1.0,-1.0,-1.0,-1.0,-1.0,-1.0,-1.0,-1.0,-1.0,-1.0,-1.0,-1.0,-1.0,-1.0,-1.0,-1.0,-1.0,-1.0,-1.0,-1.0,-1.0,-1.0,-1.0,-1.0,-1.0,-1.0,-1.0,-1.0,-1.0,-1.0,-1.0,-1.0,-1.0,-1.0,-1.0,-1.0,-1.0,-1.0,-1.0,-1.0,-1.0,-1.0,-1.0,-1.0,-1.0,-1.0,-1.0,-1.0,-1.0,-1.0,-1.0,-1.0,-1.0,-1.0,-1.0,-1.0,-1.0,-1.0,-1.0,-1.0,-1.0,-1.0,-1.0,-1.0,-1.0,-1.0,-1.0,-1.0,-1.0,-1.0,-1.0,-1.0,-1.0,-1.0,-1.0,-1.0,-1.0,-1.0,-1.0,-1.0,-1.0,-1.0,-1.0,-1.0,-1.0,-1.0,-1.0,-1.0,-1.0,-1.0,-1.0,-1.0,-1.0,-1.0,-1.0,-1.0,-1.0,-1.0,-1.0,-1.0,-1.0,-1.0,-1.0,-1.0,-1.0,-1.0,-1.0,-1.0,-1.0,-1.0,-1.0,-1.0,-1.0,-1.0,-1.0,-1.0,-1.0,-1.0,-1.0,-1.0,-1.0,-1.0,-1.0,-1.0,-1.0,-1.0,-1.0,-1.0,-1.0,-1.0,-1.0,-1.0,-1.0,-1.0,-1.0,-1.0,-1.0,-1.0,-1.0,-1.0,-1.0,-1.0,-1.0,-1.0,-1.0,-1.0,-1.0,-1.0,-1.0,-1.0,-1.0,-1.0,-1.0,-1.0,-1.0,-1.0,-1.0,-1.0,-1.0,-1.0,-1.0,-1.0,-1.0,-1.0,-1.0,-1.0,-1.0,-1.0,-1.0,-1.0,-1.0,-1.0,-1.0,-1.0,-1.0,-1.0,-1.0,-1.0,-1.0,-1.0,-1.0,-1.0,-1.0,-1.0,-1.0,-1.0,-1.0,-1.0,-1.0,-1.0,-1.0,-1.0,-1.0,-1.0,-1.0,-1.0,-1.0,-1.0,-1.0,-1.0,-1.0,-1.0,-1.0,-1.0,-1.0,-1.0,-1.0,-1.0,-1.0,-1.0,-1.0,0.0
0.0,-1.0,-1.0,-1.0,-1.0,-1.0,-1.0,-1.0,-1.0,-1.0,-1.0,-1.0,-1.0,-1.0,-1.0,-1.0,-1.0,-1.0,-1.0,-1.0,-1.0,-1.0,-1.0,-1.0,-1.0,-1.0,-1.0,-1.0,-1.0,-1.0,-1.0,-1.0,-1.0,-1.0,-1.0,-1.0,-1.0,-1.0,-1.0,-1.0,-1.0,-1.0,-1.0,-1.0,-1.0,-1.0,-1.0,-1.0,-1.0,-1.0,-1.0,-1.0,-1.0,-1.0,-1.0,-1.0,-1.0,-1.0,-1.0,-1.0,-1.0,-1.0,-1.0,-1.0,-1.0,-1.0,-1.0,-1.0,-1.0,-1.0,-1.0,-1.0,-1.0,-1.0,-1.0,-1.0,-1.0,-1.0,-1.0,-1.0,-1.0,-1.0,-1.0,-1.0,-1.0,-1.0,-1.0,-1.0,-1.0,-1.0,-1.0,-1.0,-1.0,-1.0,-1.0,-1.0,-1.0,-1.0,-1.0,-1.0,-1.0,-1.0,-1.0,-1.0,-1.0,-1.0,-1.0,-1.0,-1.0,-1.0,-1.0,-1.0,-1.0,-1.0,-1.0,-1.0,-1.0,-1.0,-1.0,-1.0,-1.0,-1.0,-1.0,-1.0,-1.0,-1.0,-1.0,-1.0,-1.0,-1.0,-1.0,-1.0,-1.0,-1.0,-1.0,-1.0,-1.0,-1.0,-1.0,-1.0,-1.0,-1.0,-1.0,-1.0,-1.0,-1.0,-1.0,-1.0,-1.0,-1.0,-1.0,-1.0,-1.0,-1.0,-1.0,-1.0,-1.0,-1.0,-1.0,-1.0,-1.0,-1.0,-1.0,-1.0,-1.0,-1.0,-1.0,-1.0,-1.0,-1.0,-1.0,-1.0,-1.0,-1.0,-1.0,-1.0,-1.0,-1.0,-1.0,-1.0,-1.0,-1.0,-1.0,-1.0,-1.0,-1.0,-1.0,-1.0,-1.0,-1.0,-1.0,-1.0,-1.0,-1.0,-1.0,-1.0,-1.0,-1.0,-1.0,-1.0,-1.0,-1.0,-1.0,-1.0,-1.0,-1.0,-1.0,-1.0,-1.0,-1.0,-1.0,-1.0,-1.0,-1.0,-1.0,-1.0,-1.0,-1.0,-1.0,-1.0,-1.0,-1.0,-1.0,-1.0,-1.0,-1.0,-1.0,-1.0,-1.0,-1.0,-1.0,-1.0,-1.0,-1.0,-1.0,-1.0,-1.0,-1.0,-1.0,-1.0,-1.0,-1.0,-1.0,-1.0,-1.0,-1.0,-1.0,-1.0,-1.0,-1.0,-1.0,-1.0,-1.0,-1.0,-1.0,-1.0,-1.0,-1.0,-1.0,-1.0,-1.0,-1.0,-1.0,-1.0,-1.0,-1.0,-1.0,-1.0,-1.0,-1.0,-1.0,-1.0,-1.0,-1.0,-1.0,-1.0,-1.0,-1.0,-1.0,-1.0,-1.0,-1.0,-1.0,-1.0,-1.0,-1.0,-1.0,-1.0,-1.0,-1.0,-1.0,-1.0,-1.0,-1.0,-1.0,-1.0,-1.0,-1.0,-1.0,-1.0,-1.0,-1.0,-1.0,-1.0,-1.0,-1.0,-1.0,-1.0,-1.0,-1.0,-1.0,-1.0,-1.0,-1.0,-1.0,-1.0,-1.0,-1.0,-1.0,-1.0,-1.0,-1.0,-1.0,-1.0,-1.0,-1.0,-1.0,-1.0,-1.0,-1.0,-1.0,-1.0,-1.0,-1.0,-1.0,-1.0,-1.0,-1.0,-1.0,-1.0,-1.0,-1.0,-1.0,-1.0,-1.0,-1.0,-1.0,-1.0,-1.0,-1.0,-1.0,-1.0,-1.0,-1.0,-1.0,-1.0,-1.0,-1.0,-1.0,-1.0,-1.0,-1.0,-1.0,-1.0,-1.0,-1.0,-1.0,-1.0,-1.0,-1.0,-1.0,-1.0,-1.0,-1.0,-1.0,-1.0,-1.0,-1.0,-1.0,-1.0,-1.0,-1.0,-1.0,-1.0,-1.0,-1.0,-1.0,-1.0,-1.0,-1.0,-1.0,-1.0,-1.0,-1.0,-1.0,-1.0,-1.0,-1.0,-1.0,-1.0,-1.0,-1.0,-1.0,-1.0,-1.0,-1.0,-1.0,-1.0,-1.0,-1.0,-1.0,-1.0,-1.0,-1.0,-1.0,-1.0,-1.0,-1.0,-1.0,-1.0,-1.0,-1.0,-1.0,-1.0,-1.0,-1.0,-1.0,-1.0,-1.0,-1.0,-1.0,-1.0,-1.0,-1.0,-1.0,-1.0,-1.0,-1.0,-1.0,-1.0,-1.0,-1.0,-1.0,-1.0,-1.0,-1.0,-1.0,-1.0,-1.0,-1.0,-1.0,-1.0,-1.0,-1.0,-1.0,-1.0,-1.0,-1.0,-1.0,-1.0,-1.0,-1.0,-1.0,-1.0,-1.0,-1.0,-1.0,-1.0,-1.0,-1.0,-1.0,-1.0,-1.0,-1.0,-1.0,-1.0,-1.0,-1.0,-1.0,-1.0,-1.0,-1.0,-1.0,-1.0,-1.0,-1.0,-1.0,-1.0,-1.0,-1.0,-1.0,-1.0,-1.0,-1.0,-1.0,-1.0,-1.0,-1.0,-1.0,-1.0,-1.0,-1.0,-1.0,-1.0,-1.0,-1.0,-1.0,-1.0,-1.0,-1.0,-1.0,-1.0,-1.0,-1.0,-1.0,-1.0,-1.0,-1.0,-1.0,-1.0,-1.0,-1.0,-1.0,-1.0,-1.0,-1.0,-1.0,-1.0,-1.0,-1.0,-1.0,-1.0,-1.0,-1.0,-1.0,-1.0,-1.0,-1.0,-1.0,-1.0,-1.0,-1.0,-1.0,-1.0,-1.0,-1.0,-1.0,-1.0,-1.0,-1.0,-1.0,-1.0,-1.0,-1.0,-1.0,-1.0,-1.0,-1.0,-1.0,-1.0,-1.0,-1.0,-1.0,-1.0,-1.0,-1.0,-1.0,-1.0,-1.0,-1.0,-1.0,-1.0,-1.0,-1.0,-1.0,-1.0,-1.0,-1.0,-1.0,-1.0,-1.0,-1.0,-1.0,-1.0,-1.0,-1.0,-1.0,-1.0,-1.0,-1.0,-1.0,-1.0,-1.0,-1.0,-1.0,-1.0,-1.0,-1.0,-1.0,-1.0,-1.0,-1.0,-1.0,-1.0,-1.0,-1.0,-1.0,-1.0,-1.0,-1.0,-1.0,-1.0,-1.0,-1.0,-1.0,-1.0,-1.0,-1.0,-1.0,-1.0,-1.0,-1.0,-1.0,-1.0,-1.0,-1.0,-1.0,-1.0,-1.0,-1.0,-1.0,-1.0,-1.0,-1.0,-1.0,-1.0,-1.0,-1.0,-1.0,-1.0,-1.0,-1.0,-1.0,-1.0,-1.0,-1.0,-1.0,-1.0,-1.0,-1.0,-1.0,-1.0,-1.0,-1.0,-1.0,-1.0,-1.0,-1.0,-1.0,-1.0,-1.0,-1.0,-1.0,-1.0,-1.0,-1.0,-1.0,-1.0,-1.0,-1.0,-1.0,-1.0,-1.0,-1.0,-1.0,-1.0,-1.0,-1.0,-1.0,-1.0,-1.0,-1.0,-1.0,-1.0,-1.0,-1.0,-1.0,-1.0,-1.0,-1.0,-1.0,-1.0,-1.0,-1.0,-1.0,-1.0,-1.0,-1.0,-1.0,-1.0,-1.0,-1.0,-1.0,-1.0,-1.0,-1.0,-1.0,-1.0,-1.0,-1.0,-1.0,-1.0,-1.0,-1.0,-1.0,-1.0,-1.0,-1.0,-1.0,-1.0,0.0
0.0,-1.0,-1.0,-1.0,-1.0,-1.0,-1.0,-1.0,-1.0,-1.0,-1.0,-1.0,-1.0,-1.0,-1.0,-1.0,-1.0,-1.0,-1.0,-1.0,-1.0,-1.0,-1.0,-1.0,-1.0,-1.0,-1.0,-1.0,-1.0,-1.0,-1.0,-1.0,-1.0,-1.0,-1.0,-1.0,-1.0,-1.0,-1.0,-1.0,-1.0,-1.0,-1.0,-1.0,-1.0,-1.0,-1.0,-1.0,-1.0,-1.0,-1.0,-1.0,-1.0,-1.0,-1.0,-1.0,-1.0,-1.0,-1.0,-1.0,-1.0,-1.0,-1.0,-1.0,-1.0,-1.0,-1.0,-1.0,-1.0,-1.0,-1.0,-1.0,-1.0,-1.0,-1.0,-1.0,-1.0,-1.0,-1.0,-1.0,-1.0,-1.0,-1.0,-1.0,-1.0,-1.0,-1.0,-1.0,-1.0,-1.0,-1.0,-1.0,-1.0,-1.0,-1.0,-1.0,-1.0,-1.0,-1.0,-1.0,-1.0,-1.0,-1.0,-1.0,-1.0,-1.0,-1.0,-1.0,-1.0,-1.0,-1.0,-1.0,-1.0,-1.0,-1.0,-1.0,-1.0,-1.0,-1.0,-1.0,-1.0,-1.0,-1.0,-1.0,1.0,1.0,-1.0,-1.0,1.0,1.0,1.0,1.0,1.0,1.0,1.0,1.0,1.0,1.0,1.0,1.0,-1.0,-1.0,-1.0,-1.0,-1.0,-1.0,-1.0,-1.0,-1.0,-1.0,-1.0,-1.0,-1.0,-1.0,-1.0,-1.0,-1.0,-1.0,-1.0,-1.0,-1.0,-1.0,-1.0,-1.0,-1.0,-1.0,-1.0,-1.0,1.0,1.0,-1.0,-1.0,-1.0,-1.0,-1.0,-1.0,-1.0,-1.0,-1.0,-1.0,1.0,-1.0,-1.0,-1.0,-1.0,-1.0,-1.0,-1.0,1.0,1.0,-1.0,-1.0,-1.0,-1.0,-1.0,-1.0,-1.0,-1.0,-1.0,-1.0,-1.0,-1.0,1.0,1.0,-1.0,-1.0,-1.0,-1.0,1.0,1.0,1.0,1.0,1.0,1.0,1.0,1.0,-1.0,-1.0,-1.0,1.0,-1.0,-1.0,-1.0,-1.0,-1.0,-1.0,1.0,1.0,1.0,1.0,1.0,1.0,1.0,1.0,1.0,1.0,1.0,1.0,-1.0,-1.0,-1.0,1.0,-1.0,-1.0,-1.0,-1.0,-1.0,-1.0,-1.0,-1.0,-1.0,1.0,1.0,-1.0,-1.0,-1.0,-1.0,1.0,1.0,1.0,1.0,1.0,1.0,1.0,1.0,-1.0,-1.0,1.0,1.0,1.0,1.0,1.0,1.0,1.0,1.0,1.0,1.0,-1.0,-1.0,-1.0,1.0,-1.0,-1.0,-1.0,-1.0,-1.0,-1.0,-1.0,-1.0,-1.0,-1.0,-1.0,1.0,-1.0,-1.0,-1.0,-1.0,-1.0,1.0,1.0,-1.0,-1.0,-1.0,-1.0,-1.0,-1.0,-1.0,-1.0,-1.0,-1.0,-1.0,-1.0,-1.0,-1.0,-1.0,-1.0,-1.0,1.0,-1.0,-1.0,-1.0,-1.0,-1.0,-1.0,1.0,1.0,1.0,1.0,1.0,1.0,1.0,1.0,1.0,-1.0,-1.0,-1.0,1.0,-1.0,-1.0,-1.0,-1.0,-1.0,-1.0,1.0,1.0,1.0,1.0,1.0,1.0,1.0,1.0,1.0,1.0,1.0,-1.0,-1.0,1.0,1.0,1.0,1.0,1.0,1.0,1.0,1.0,1.0,1.0,1.0,-1.0,-1.0,-1.0,1.0,-1.0,-1.0,-1.0,-1.0,-1.0,-1.0,-1.0,-1.0,1.0,-1.0,-1.0,-1.0,-1.0,1.0,1.0,1.0,1.0,1.0,1.0,1.0,-1.0,-1.0,-1.0,1.0,1.0,-1.0,-1.0,-1.0,-1.0,1.0,1.0,1.0,1.0,1.0,1.0,1.0,1.0,1.0,1.0,1.0,1.0,1.0,-1.0,-1.0,-1.0,1.0,1.0,-1.0,-1.0,-1.0,-1.0,-1.0,1.0,-1.0,-1.0,-1.0,-1.0,-1.0,-1.0,1.0,1.0,1.0,1.0,1.0,1.0,1.0,1.0,1.0,1.0,-1.0,-1.0,-1.0,1.0,-1.0,-1.0,-1.0,-1.0,-1.0,-1.0,-1.0,-1.0,1.0,-1.0,-1.0,-1.0,-1.0,-1.0,1.0,-1.0,-1.0,-1.0,-1.0,-1.0,-1.0,1.0,1.0,1.0,1.0,1.0,1.0,1.0,1.0,1.0,-1.0,-1.0,-1.0,1.0,-1.0,-1.0,-1.0,-1.0,-1.0,-1.0,1.0,1.0,1.0,1.0,1.0,1.0,1.0,1.0,1.0,1.0,-1.0,-1.0,1.0,1.0,1.0,1.0,1.0,1.0,1.0,1.0,1.0,1.0,1.0,-1.0,-1.0,-1.0,1.0,-1.0,-1.0,-1.0,-1.0,-1.0,-1.0,-1.0,1.0,-1.0,-1.0,-1.0,-1.0,1.0,1.0,1.0,1.0,1.0,1.0,1.0,1.0,1.0,1.0,-1.0,-1.0,-1.0,1.0,-1.0,-1.0,-1.0,-1.0,-1.0,-1.0,-1.0,-1.0,1.0,1.0,1.0,1.0,1.0,1.0,1.0,1.0,1.0,1.0,1.0,1.0,-1.0,-1.0,1.0,1.0,1.0,1.0,1.0,1.0,1.0,1.0,-1.0,-1.0,-1.0,1.0,-1.0,-1.0,-1.0,-1.0,-1.0,1.0,1.0,-1.0,-1.0,-1.0,-1.0,1.0,1.0,1.0,1.0,1.0,-1.0,-1.0,1.0,1.0,1.0,1.0,1.0,1.0,1.0,-1.0,-1.0,-1.0,1.0,1.0,-1.0,-1.0,-1.0,-1.0,1.0,1.0,1.0,1.0,1.0,1.0,1.0,1.0,-1.0,-1.0,1.0,1.0,1.0,1.0,1.0,1.0,1.0,-1.0,-1.0,1.0,1.0,1.0,1.0,1.0,1.0,1.0,1.0,1.0,1.0,-1.0,-1.0,-1.0,1.0,-1.0,-1.0,-1.0,-1.0,-1.0,1.0,-1.0,-1.0,-1.0,-1.0,-1.0,-1.0,-1.0,-1.0,-1.0,-1.0,-1.0,1.0,1.0,1.0,-1.0,-1.0,-1.0,-1.0,-1.0,-1.0,-1.0,1.0,-1.0,-1.0,-1.0,-1.0,-1.0,-1.0,-1.0,-1.0,-1.0,-1.0,-1.0,-1.0,-1.0,-1.0,-1.0,-1.0,-1.0,-1.0,1.0,1.0,1.0,1.0,1.0,1.0,1.0,1.0,1.0,1.0,1.0,1.0,1.0,-1.0,-1.0,-1.0,-1.0,-1.0,-1.0,-1.0,-1.0,-1.0,-1.0,-1.0,-1.0,-1.0,-1.0,-1.0,-1.0,-1.0,-1.0,-1.0,-1.0,-1.0,1.0,1.0,0.0
0.0,0.4430905068083485,0.32876518370919866,0.32876518370919866,0.4063840485557787,0.4063840485557787,0.4063840485557787,0.4063840485557787,0.3691269934294201,0.3691269934294201,0.3406363042151462,0.3406363042151462,0.3406363042151462,0.3406363042151462,0.3406363042151462,0.3406363042151462,0.3406363042151462,0.3406363042151462,0.4063840485557787,-0.5995564398558987,-0.5995564398558987,-0.5995564398558987,-0.5995564398558987,-0.5995564398558987,-0.5995564398558987,-0.5995564398558987,-0.5995564398558987,-0.5793755349957879,-0.5793755349957879,0.4063840485557787,0.4063840485557787,0.4063840485557787,0.4063840485557787,0.4063840485557787,0.4063840485557787,0.4063840485557787,0.8534687100720798,0.8188728731690326,0.8188728731690326,0.8188728731690326,0.8188728731690326,0.8188728731690326,0.8188728731690326,0.8188728731690326,0.8188728731690326,0.8188728731690326,0.8188728731690326,0.8534687100720798,0.7996529637784509,0.7996529637784509,0.7996529637784509,0.7996529637784509,0.7996529637784509,0.8534687100720798,0.8974997752214124,0.8974997752214124,0.8974997752214124,0.8974997752214124,0.8974997752214124,0.8974997752214124,0.8974997752214124,0.8974997752214124,0.8534687100720798,0.8974997752214124,0.8974997752214124,0.8974997752214124,0.8974997752214124,0.8974997752214124,0.8974997752214124,0.8974997752214124,0.8974997752214124,0.8534687100720798,0.8534687100720798,0.8534687100720798,0.8534687100720798,0.8534687100720798,0.8534687100720798,0.8534687100720798,0.8534687100720798,0.8534687100720798,0.8534687100720798,0.8534687100720798,0.8534687100720798,0.5559989943387927,0.5559989943387927,0.5559989943387927,0.5559989943387927,0.5559989943387927,-0.5995564398558987,-0.5995564398558987,-0.5995564398558987,-0.5995564398558987,-0.5995564398558987,-0.5995564398558987,0.5559989943387927,0.5559989943387927,0.5559989943387927,0.5559989943387927,0.5559989943387927,0.5559989943387927,0.5559989943387927,0.5559989943387927,0.5559989943387927,0.5559989943387927,0.5559989943387927,0.5559989943387927,0.5559989943387927,0.5559989943387927,0.5559989943387927,0.5559989943387927,0.5559989943387927,0.5559989943387927,0.5559989943387927,0.5559989943387927,0.5559989943387927,0.5559989943387927,1.337810426714739,1.337810426714739,1.337810426714739,1.337810426714739,1.337810426714739,1.337810426714739,1.337810426714739,0.4430905068083485,0.1981828581437757,0.1981828581437757,0.12695613510809048,0.12695613510809048,0.1981828581437757,-0.20637157890311114,0.2134457273657082,-0.08672403399896521,-0.08672403399896521,-0.08672403399896521,-0.08672403399896521,0.2134457273657082,0.2134457273657082,0.2134457273657082,0.37681495718565283,0.37681495718565283,-0.5995564398558987,-0.5995564398558987,0.4729145041385616,0.42011033202338444,-0.5995564398558987,-0.5995564398558987,0.2999353196233259,0.42011033202338444,-0.5995564398558987,-0.5995564398558987,0.4729145041385616,0.42011033202338444,-0.5995564398558987,-0.5995564398558987,0.4063840485557787,0.42011033202338444,-0.5995564398558987,-0.5995564398558987,0.4063840485557787,0.42011033202338444,-0.5995564398558987,-0.5995564398558987,0.4729145041385616,0.42011033202338444,-0.5995564398558987,-0.5995564398558987,0.4063840485557787,0.42011033202338444,-0.21181473318075025,-0.21181473318075025,-0.5995564398558987,-0.5995564398558987,-0.5828550013509795,-0.5828550013509795,-0.5828550013509795,-0.5828550013509795,-0.5828550013509795,-0.5995564398558987,-0.5995564398558987,0.12695613510809048,-0.2570738552056401,0.12695613510809048,0.12695613510809048,0.12695613510809048,0.12695613510809048,-0.5995564398558987,-0.5995564398558987,-0.038160359201907045,-0.2570738552056401,-0.2570738552056401,-0.038160359201907045,-0.038160359201907045,-0.5995564398558987,-0.5995564398558987,0.12695613510809048,0.12695613510809048,0.12695613510809048,0.12695613510809048,0.12695613510809048,-0.5995564398558987,-0.5995564398558987,0.3838040151458645,-0.2570738552056401,-0.2570738552056401,0.3838040151458645,0.3838040151458645,-0.5995564398558987,-0.5995564398558987,0.033813497292194496,0.033813497292194496,0.06322696186563523,0.06322696186563523,0.06322696186563523,0.06322696186563523,0.033813497292194496,0.033813497292194496,-0.5995564398558987,-0.5995564398558987,-0.1152147232132392,-0.2570738552056401,-0.1152147232132392,-0.1152147232132392,-0.1152147232132392,-0.1152147232132392,-0.5995564398558987,-0.5995564398558987,-0.2569732744257249,-0.2569732744257249,-0.3004042031060208,-0.3004042031060208,-0.19168973110418552,-0.19168973110418552,-0.19168973110418552,-0.19168973110418552,-0.19168973110418552,-0.3004042031060208,-0.2569732744257249,-0.2569732744257249,-0.5995564398558987,-0.5995564398558987,-0.5177844617214238,-0.2570738552056401,-0.5177844617214238,-0.5177844617214238,-0.5177844617214238,-0.5177844617214238,-0.5177844617214238,-0.5177844617214238,-0.5995564398558987,-0.5995564398558987,-0.22917748007033553,-0.2570738552056401,-0.2570738552056401,-0.22917748007033553,-0.22917748007033553,-0.5995564398558987,-0.5995564398558987,-0.1152147232132392,-0.1152147232132392,-0.1362730587194418,-0.1362730587194418,-0.1362730587194418,-0.1362730587194418,-0.1152147232132392,-0.1152147232132392,-0.5995564398558987,-0.5995564398558987,-0.22917748007033553,-0.22917748007033553,-0.2583156849485705,-0.2583156849485705,-0.3191480775890959,-0.3191480775890959,-0.2583156849485705,-0.22917748007033553,-0.22917748007033553,-0.22917748007033553,-0.5995564398558987,-0.5995564398558987,-0.13251264166476281,-0.2570738552056401,-0.13251264166476281,-0.13251264166476281,-0.13251264166476281,-0.13251264166476281,-0.13251264166476281,-0.13251264166476281,-0.13251264166476281,-0.13251264166476281,-0.5995564398558987,-0.5995564398558987,-0.21208306654177117,-0.2570738552056401,-0.21208306654177117,-0.21208306654177117,-0.5995564398558987,-0.5995564398558987,-0.14212259636005364,-0.2570738552056401,-0.2570738552056401,-0.14212259636005364,-0.14212259636005364,-0.5995564398558987,-0.5995564398558987,-0.45425392486310084,-0.5740647705589167,-0.5740647705589167,-0.5740647705589167,-0.45425392486310084,-0.45425392486310084,-0.45425392486310084,-0.45425392486310084,-0.45425392486310084,-0.45425392486310084,-0.5995564398558987,-0.5995564398558987,-0.20327685351190458,-0.2570738552056401,-0.20327685351190458,-0.20327685351190458,-0.20327685351190458,-0.20327685351190458,-0.5995564398558987,-0.5995564398558987,-0.14212259636005364,-0.14212259636005364,-0.14212259636005364,-0.16531903872799716,-0.16531903872799716,-0.16531903872799716,-0.14212259636005364,-0.14212259636005364,-0.14212259636005364,-0.5995564398558987,-0.5995564398558987,-0.1592457883625719,-0.2570738552056401,-0.1592457883625719,-0.1592457883625719,-0.1592457883625719,-0.1592457883625719,-0.5995564398558987,-0.5995564398558987,-0.2535980708254276,-0.30549182617999826,-0.30549182617999826,-0.30549182617999826,-0.30549182617999826,-0.30549182617999826,-0.27666196209412575,-0.27666196209412575,-0.30549182617999826,-0.2535980708254276,-0.2535980708254276,-0.5995564398558987,-0.5995564398558987,-0.1152147232132392,-0.2570738552056401,-0.1152147232132392,-0.33047770838775453,-0.33047770838775453,-0.24561441615549373,-0.24561441615549373,-0.24561441615549373,-0.33047770838775453,-0.1152147232132392,-0.1152147232132392,-0.5995564398558987,-0.5995564398558987,-0.45759421256408467,-0.2570738552056401,-0.45759421256408467,-0.45759421256408467,-0.45759421256408467,-0.45759421256408467,-0.45759421256408467,-0.5995564398558987,-0.5995564398558987,-0.6181849674190778,-0.2570738552056401,-0.6181849674190778,-0.6181849674190778,-0.5995564398558987,-0.5995564398558987,-0.3133545163852363,-0.2570738552056401,-0.3133545163852363,-0.3133545163852363,-0.3133545163852363,-0.3133545163852363,-0.3133545163852363,-0.5995564398558987,-0.5995564398558987,0.12695613510809048,-0.2570738552056401,-0.2570738552056401,0.12695613510809048,0.12695613510809048,-0.5995564398558987,-0.5995564398558987,-0.4621081148627116,-0.4621081148627116,-0.505579688865532,-0.505579688865532,-0.3027018393329784,-0.3027018393329784,-0.3027018393329784,-0.3027018393329784,-0.3027018393329784,-0.3027018393329784,-0.505579688865532,-0.4621081148627116,-0.4621081148627116,-0.5995564398558987,-0.5995564398558987,-0.3425587942904059,-0.2570738552056401,-0.2570738552056401,-0.3425587942904059,-0.3425587942904059,-0.5995564398558987,-0.5995564398558987,-0.038160359201907045,-0.2570738552056401,-0.038160359201907045,-0.038160359201907045,-0.038160359201907045,-0.038160359201907045,-0.5995564398558987,-0.5995564398558987,-0.09544567355435517,-0.09544567355435517,-0.1036827775788902,-0.1036827775788902,0.033813497292194496,0.033813497292194496,0.033813497292194496,-0.1036827775788902,-0.09544567355435517,-0.09544567355435517,-0.5995564398558987,-0.5995564398558987,-0.39198141843761614,-0.2570738552056401,-0.39198141843761614,-0.39198141843761614,-0.39198141843761614,-0.39198141843761614,-0.39198141843761614,-0.5995564398558987,-0.5995564398558987,-0.4629472377259179,-0.2570738552056401,-0.4629472377259179,-0.4629472377259179,-0.5995564398558987,-0.5995564398558987,-0.5140843722130765,-0.2570738552056401,-0.5140843722130765,-0.5140843722130765,-0.5140843722130765,-0.5140843722130765,-0.5995564398558987,-0.5995564398558987,-0.1152147232132392,-0.1152147232132392,-0.1524717783395976,-0.1524717783395976,-0.20327685351190458,-0.20327685351190458,-0.1524717783395976,-0.1152147232132392,-0.1152147232132392,-0.5995564398558987,-0.5995564398558987,0.04623251566764726,-0.2570738552056401,0.04623251566764726,0.04623251566764726,0.04623251566764726,0.04623251566764726,-0.5995564398558987,-0.5995564398558987,-0.3528163200568081,-0.3528163200568081,-0.3995022525469742,-0.3995022525469742,-0.45894110276609434,-0.45894110276609434,-0.45894110276609434,-0.3995022525469742,-0.3528163200568081,-0.3528163200568081,-0.5995564398558987,-0.5995564398558987,-0.15795075703465045,-0.15795075703465045,-0.15795075703465045,-0.1869690516047444,-0.1869690516047444,-0.1869690516047444,-0.1869690516047444,-0.1869690516047444,-0.15795075703465045,-0.15795075703465045,-0.15795075703465045,-0.5995564398558987,-0.5995564398558987,-0.07485291349301758,-0.2570738552056401,-0.07485291349301758,-0.07485291349301758,-0.07485291349301758,-0.07485291349301758,-0.5995564398558987,-0.5995564398558987,-0.49323752644653446,-0.2570738552056401,-0.49323752644653446,-0.49323752644653446,-0.5995564398558987,-0.5995564398558987,-0.007583230625981649,-0.007583230625981649,0.0016953463211958136,0.0016953463211958136,-0.059329140523701626,-0.059329140523701626,-0.059329140523701626,0.0016953463211958136,-0.007583230625981649,-0.007583230625981649,-0.5995564398558987,-0.5995564398558987,-0.3872422626974727,-0.2570738552056401,-0.3872422626974727,-0.6246085976132777,-0.6246085976132777,-0.6246085976132777,-0.3872422626974727,-0.3872422626974727,-0.5995564398558987,-0.5995564398558987,-0.1690304695068681,-0.1690304695068681,-0.19168973110418552,-0.19168973110418552,0.005870705947425645,0.005870705947425645,0.005870705947425645,0.005870705947425645,0.005870705947425645,-0.19168973110418552,-0.1690304695068681,-0.1690304695068681,-0.5995564398558987,-0.5995564398558987,-0.23630015237390417,-0.2570738552056401,-0.23630015237390417,-0.23630015237390417,-0.23630015237390417,-0.23630015237390417,-0.23630015237390417,-0.23630015237390417,-0.5995564398558987,-0.5995564398558987,-0.44285764917739123,-0.2570738552056401,-0.44285764917739123,-0.44285764917739123,-0.5995564398558987,-0.5995564398558987,-0.21900223392238052,-0.2570738552056401,-0.2570738552056401,-0.21900223392238052,-0.21900223392238052,-0.5995564398558987,-0.5995564398558987,-0.4674632444079007,-0.4674632444079007,-0.4674632444079007,-0.4674632444079007,-0.4674632444079007,-0.5995564398558987,-0.5995564398558987,-0.19593834265368254,-0.19593834265368254,-0.19593834265368254,-0.19593834265368254,-0.19593834265368254,-0.19593834265368254,-0.19593834265368254,-0.5995564398558987,-0.5995564398558987,0.4063840485557787,-0.2570738552056401,-0.2570738552056401,0.4063840485557787,0.4063840485557787,-0.5995564398558987,-0.5995564398558987,-0.308951409870303,-0.308951409870303,-0.4112013278281978,-0.4112013278281978,-0.4112013278281978,-0.4112013278281978,-0.308951409870303,-0.308951409870303,-0.5995564398558987,-0.5995564398558987,-0.20327685351190458,-0.20327685351190458,-0.20327685351190458,-0.20327685351190458,-0.20327685351190458,-0.20327685351190458,-0.20327685351190458,-0.5995564398558987,-0.5995564398558987,-0.3387570539713897,-0.3387570539713897,-0.3387570539713897,-0.4027926174698183,-0.4027926174698183,-0.4027926174698183,-0.4027926174698183,-0.3387570539713897,-0.3387570539713897,-0.3387570539713897,-0.5995564398558987,-0.5995564398558987,-0.7379397874680871,-0.2570738552056401,-0.7379397874680871,-0.7379397874680871,-0.5995564398558987,-0.5995564398558987,-0.1492036156092154,-0.2570738552056401,-0.1492036156092154,-0.1492036156092154,-0.1492036156092154,-0.1492036156092154,0.2999353196233259,0.2999353196233259,0.2999353196233259,0.2999353196233259,0.2999353196233259,0.2999353196233259,0.2999353196233259,-0.24686465290470036,-0.24686465290470036,-0.24686465290470036,0.4729145041385616,0.4729145041385616,0.4729145041385616,0.4729145041385616,0.4729145041385616,0.4729145041385616,0.4729145041385616,-0.24686465290470036,-0.27666196209412575,-0.4381092009750122,-0.5995564398558987,-0.5995564398558987,-0.5995564398558987,-0.27666196209412575,-0.27666196209412575,-0.27666196209412575,-0.27666196209412575,-0.27666196209412575,-0.27666196209412575,-0.4381092009750122,-0.47847101069523384,-0.47847101069523384,-0.47847101069523384,-0.3133545163852363,-0.3133545163852363,-0.308951409870303,-0.2071049020662322,0.38277042206724154,0.38277042206724154,0.38277042206724154,0.38277042206724154,0.38277042206724154,0.38277042206724154,0.38277042206724154,0.27831292155892157,0.27831292155892157,0.27831292155892157,0.27831292155892157,0.27831292155892157,0.29207262941808815,0.29207262941808815,0.29207262941808815,0.29207262941808815,0.29207262941808815,0.29207262941808815,0.29207262941808815,0.29207262941808815,0.29207262941808815,0.29207262941808815,0.29207262941808815,0.29207262941808815,0.29207262941808815,0.29207262941808815,0.29207262941808815,0.29207262941808815,0.29207262941808815,0.23703379798142207,0.23703379798142207,0.29207262941808815,0.29207262941808815,0.27831292155892157,0.27831292155892157,0.0
0.0,0.06171532971654065,-0.07050614063106092,-0.07050614063106092,0.01814203444057139,0.01814203444057139,0.01814203444057139,0.01814203444057139,-0.02500070950017269,-0.02500070950017269,-0.05725525359918527,-0.05725525359918527,-0.05725525359918527,-0.05725525359918527,-0.05725525359918527,-0.05725525359918527,-0.05725525359918527,-0.05725525359918527,0.01814203444057139,-0.7633423526379678,-0.7633423526379678,-0.7633423526379678,-0.7633423526379678,-0.7633423526379678,-0.7633423526379678,-0.7633423526379678,-0.7633423526379678,-0.7554910634639764,-0.7554910634639764,0.01814203444057139,0.01814203444057139,0.01814203444057139,0.01814203444057139,0.01814203444057139,0.01814203444057139,0.01814203444057139,0.6210482282453983,0.5687804205998015,0.5687804205998015,0.5687804205998015,0.5687804205998015,0.5687804205998015,0.5687804205998015,0.5687804205998015,0.5687804205998015,0.5687804205998015,0.5687804205998015,0.6210482282453983,0.5401496840127076,0.5401496840127076,0.5401496840127076,0.5401496840127076,0.5401496840127076,0.6210482282453983,0.6889329454347204,0.6889329454347204,0.6889329454347204,0.6889329454347204,0.6889329454347204,0.6889329454347204,0.6889329454347204,0.6889329454347204,0.6210482282453983,0.6889329454347204,0.6889329454347204,0.6889329454347204,0.6889329454347204,0.6889329454347204,0.6889329454347204,0.6889329454347204,0.6889329454347204,0.6210482282453983,0.6210482282453983,0.6210482282453983,0.6210482282453983,0.6210482282453983,0.6210482282453983,0.6210482282453983,0.6210482282453983,0.6210482282453983,0.6210482282453983,0.6210482282453983,0.6210482282453983,0.2023921740996541,0.2023921740996541,0.2023921740996541,0.2023921740996541,0.2023921740996541,-0.7633423526379678,-0.7633423526379678,-0.7633423526379678,-0.7633423526379678,-0.7633423526379678,-0.7633423526379678,0.2023921740996541,0.2023921740996541,0.2023921740996541,0.2023921740996541,0.2023921740996541,0.2023921740996541,0.2023921740996541,0.2023921740996541,0.2023921740996541,0.2023921740996541,0.2023921740996541,0.2023921740996541,0.2023921740996541,0.2023921740996541,0.2023921740996541,0.2023921740996541,0.2023921740996541,0.2023921740996541,0.2023921740996541,0.2023921740996541,0.2023921740996541,0.2023921740996541,1.4516825767754173,1.4516825767754173,1.4516825767754173,1.4516825767754173,1.4516825767754173,1.4516825767754173,1.4516825767754173,0.06171532971654065,-0.2089474164410766,-0.2089474164410766,-0.2788056493287897,-0.2788056493287897,-0.2089474164410766,-0.5526758332038222,-0.19345844089848024,-0.46442895385899885,-0.46442895385899885,-0.46442895385899885,-0.46442895385899885,-0.19345844089848024,-0.19345844089848024,-0.19345844089848024,-0.016187674644125113,-0.016187674644125113,-0.7633423526379678,-0.7633423526379678,0.09789927063947323,0.034312054075993775,-0.7633423526379678,-0.7633423526379678,-0.1022252180936666,0.034312054075993775,-0.7633423526379678,-0.7633423526379678,0.09789927063947323,0.034312054075993775,-0.7633423526379678,-0.7633423526379678,0.01814203444057139,0.034312054075993775,-0.7633423526379678,-0.7633423526379678,0.01814203444057139,0.034312054075993775,-0.7633423526379678,-0.7633423526379678,0.09789927063947323,0.034312054075993775,-0.7633423526379678,-0.7633423526379678,0.01814203444057139,0.034312054075993775,-0.5564225901377204,-0.5564225901377204,-0.7633423526379678,-0.7633423526379678,-0.7568675968494526,-0.7568675968494526,-0.7568675968494526,-0.7568675968494526,-0.7568675968494526,-0.7633423526379678,-0.7633423526379678,-0.2788056493287897,-0.5866735764585466,-0.2788056493287897,-0.2788056493287897,-0.2788056493287897,-0.2788056493287897,-0.7633423526379678,-0.7633423526379678,-0.42539659410208,-0.5866735764585466,-0.5866735764585466,-0.42539659410208,-0.42539659410208,-0.7633423526379678,-0.7633423526379678,-0.2788056493287897,-0.2788056493287897,-0.2788056493287897,-0.2788056493287897,-0.2788056493287897,-0.7633423526379678,-0.7633423526379678,-0.008135467651639396,-0.5866735764585466,-0.5866735764585466,-0.008135467651639396,-0.008135467651639396,-0.7633423526379678,-0.7633423526379678,-0.3641354435153876,-0.3641354435153876,-0.3379266690571884,-0.3379266690571884,-0.3379266690571884,-0.3379266690571884,-0.3641354435153876,-0.3641354435153876,-0.7633423526379678,-0.7633423526379678,-0.4864642364612945,-0.5866735764585466,-0.4864642364612945,-0.4864642364612945,-0.4864642364612945,-0.4864642364612945,-0.7633423526379678,-0.7633423526379678,-0.5866081357090146,-0.5866081357090146,-0.6141251671898126,-0.6141251671898126,-0.5424534400094861,-0.5424534400094861,-0.5424534400094861,-0.5424534400094861,-0.5424534400094861,-0.6141251671898126,-0.5866081357090146,-0.5866081357090146,-0.7633423526379678,-0.7633423526379678,-0.7295478740738728,-0.5866735764585466,-0.7295478740738728,-0.7295478740738728,-0.7295478740738728,-0.7295478740738728,-0.7295478740738728,-0.7295478740738728,-0.7633423526379678,-0.7633423526379678,-0.5682183284350296,-0.5866735764585466,-0.5866735764585466,-0.5682183284350296,-0.5682183284350296,-0.7633423526379678,-0.7633423526379678,-0.4864642364612945,-0.4864642364612945,-0.5023406753850987,-0.5023406753850987,-0.5023406753850987,-0.5023406753850987,-0.4864642364612945,-0.4864642364612945,-0.7633423526379678,-0.7633423526379678,-0.5682183284350296,-0.5682183284350296,-0.5874808907619782,-0.5874808907619782,-0.6255424407088571,-0.6255424407088571,-0.5874808907619782,-0.5682183284350296,-0.5682183284350296,-0.5682183284350296,-0.7633423526379678,-0.7633423526379678,-0.4995311883726937,-0.5866735764585466,-0.4995311883726937,-0.4995311883726937,-0.4995311883726937,-0.4995311883726937,-0.4995311883726937,-0.4995311883726937,-0.4995311883726937,-0.4995311883726937,-0.7633423526379678,-0.7633423526379678,-0.5566066925593851,-0.5866735764585466,-0.5566066925593851,-0.5566066925593851,-0.7633423526379678,-0.7633423526379678,-0.5066888725194671,-0.5866735764585466,-0.5866735764585466,-0.5066888725194671,-0.5066888725194671,-0.7633423526379678,-0.7633423526379678,-0.6996603859173329,-0.7533716725540432,-0.7533716725540432,-0.7533716725540432,-0.6996603859173329,-0.6996603859173329,-0.6996603859173329,-0.6996603859173329,-0.6996603859173329,-0.6996603859173329,-0.7633423526379678,-0.7633423526379678,-0.5505352054939131,-0.5866735764585466,-0.5505352054939131,-0.5505352054939131,-0.5505352054939131,-0.5505352054939131,-0.7633423526379678,-0.7633423526379678,-0.5066888725194671,-0.5066888725194671,-0.5066888725194671,-0.5236666468393731,-0.5236666468393731,-0.5236666468393731,-0.5066888725194671,-0.5066888725194671,-0.5066888725194671,-0.7633423526379678,-0.7633423526379678,-0.5192624706089446,-0.5866735764585466,-0.5192624706089446,-0.5192624706089446,-0.5192624706089446,-0.5192624706089446,-0.7633423526379678,-0.7633423526379678,-0.5844075156530428,-0.6172514758627758,-0.6172514758627758,-0.6172514758627758,-0.6172514758627758,-0.6172514758627758,-0.59926643194068,-0.59926643194068,-0.6172514758627758,-0.5844075156530428,-0.5844075156530428,-0.7633423526379678,-0.7633423526379678,-0.4864642364612945,-0.5866735764585466,-0.4864642364612945,-0.6323094993033282,-0.6323094993033282,-0.5791665248656146,-0.5791665248656146,-0.5791665248656146,-0.6323094993033282,-0.4864642364612945,-0.4864642364612945,-0.7633423526379678,-0.7633423526379678,-0.7013108999352866,-0.5866735764585466,-0.7013108999352866,-0.7013108999352866,-0.7013108999352866,-0.7013108999352866,-0.7013108999352866,-0.7633423526379678,-0.7633423526379678,-0.7703052638435941,-0.5866735764585466,-0.7703052638435941,-0.7703052638435941,-0.7633423526379678,-0.7633423526379678,-0.6220429834321035,-0.5866735764585466,-0.6220429834321035,-0.6220429834321035,-0.6220429834321035,-0.6220429834321035,-0.6220429834321035,-0.7633423526379678,-0.7633423526379678,-0.2788056493287897,-0.5866735764585466,-0.5866735764585466,-0.2788056493287897,-0.2788056493287897,-0.7633423526379678,-0.7633423526379678,-0.7035273761155053,-0.7035273761155053,-0.724052675648763,-0.724052675648763,-0.6155395705374127,-0.6155395705374127,-0.6155395705374127,-0.6155395705374127,-0.6155395705374127,-0.6155395705374127,-0.724052675648763,-0.7035273761155053,-0.7035273761155053,-0.7633423526379678,-0.7633423526379678,-0.6394141218239189,-0.5866735764585466,-0.5866735764585466,-0.6394141218239189,-0.6394141218239189,-0.7633423526379678,-0.7633423526379678,-0.42539659410208,-0.5866735764585466,-0.42539659410208,-0.42539659410208,-0.42539659410208,-0.42539659410208,-0.7633423526379678,-0.7633423526379678,-0.4712422825523729,-0.4712422825523729,-0.4776221348675951,-0.4776221348675951,-0.3641354435153876,-0.3641354435153876,-0.3641354435153876,-0.4776221348675951,-0.4712422825523729,-0.4712422825523729,-0.7633423526379678,-0.7633423526379678,-0.6672825980460608,-0.5866735764585466,-0.6672825980460608,-0.6672825980460608,-0.6672825980460608,-0.6672825980460608,-0.6672825980460608,-0.7633423526379678,-0.7633423526379678,-0.7039376461429069,-0.5866735764585466,-0.7039376461429069,-0.7039376461429069,-0.7633423526379678,-0.7633423526379678,-0.727894289321231,-0.5866735764585466,-0.727894289321231,-0.727894289321231,-0.727894289321231,-0.727894289321231,-0.7633423526379678,-0.7633423526379678,-0.4864642364612945,-0.4864642364612945,-0.5143158812838001,-0.5143158812838001,-0.5505352054939131,-0.5505352054939131,-0.5143158812838001,-0.4864642364612945,-0.4864642364612945,-0.7633423526379678,-0.7633423526379678,-0.35315255089474823,-0.5866735764585466,-0.35315255089474823,-0.35315255089474823,-0.35315255089474823,-0.35315255089474823,-0.7633423526379678,-0.7633423526379678,-0.6453561991799834,-0.6453561991799834,-0.6713549633788934,-0.6713549633788934,-0.7019739460348133,-0.7019739460348133,-0.7019739460348133,-0.6713549633788934,-0.6453561991799834,-0.6453561991799834,-0.7633423526379678,-0.7633423526379678,-0.5183195906580917,-0.5183195906580917,-0.5183195906580917,-0.5391305813764734,-0.5391305813764734,-0.5391305813764734,-0.5391305813764734,-0.5391305813764734,-0.5183195906580917,-0.5183195906580917,-0.5183195906580917,-0.7633423526379678,-0.7633423526379678,-0.4550590797653293,-0.5866735764585466,-0.4550590797653293,-0.4550590797653293,-0.4550590797653293,-0.4550590797653293,-0.7633423526379678,-0.7633423526379678,-0.7183764241928566,-0.5866735764585466,-0.7183764241928566,-0.7183764241928566,-0.7633423526379678,-0.7633423526379678,-0.3998686116488372,-0.3998686116488372,-0.3919766985983871,-0.3919766985983871,-0.44263885416705784,-0.44263885416705784,-0.44263885416705784,-0.3919766985983871,-0.3998686116488372,-0.3998686116488372,-0.7633423526379678,-0.7633423526379678,-0.6646935911603715,-0.5866735764585466,-0.6646935911603715,-0.7726429552324874,-0.7726429552324874,-0.7726429552324874,-0.6646935911603715,-0.6646935911603715,-0.7633423526379678,-0.7633423526379678,-0.5263438005196632,-0.5263438005196632,-0.5424534400094861,-0.5424534400094861,-0.38840323698205614,-0.38840323698205614,-0.38840323698205614,-0.38840323698205614,-0.38840323698205614,-0.5424534400094861,-0.5263438005196632,-0.5263438005196632,-0.7633423526379678,-0.7633423526379678,-0.5729886477665049,-0.5866735764585466,-0.5729886477665049,-0.5729886477665049,-0.5729886477665049,-0.5729886477665049,-0.5729886477665049,-0.5729886477665049,-0.7633423526379678,-0.7633423526379678,-0.6939631476329132,-0.5866735764585466,-0.6939631476329132,-0.6939631476329132,-0.7633423526379678,-0.7633423526379678,-0.5613343393049868,-0.5866735764585466,-0.5866735764585466,-0.5613343393049868,-0.5613343393049868,-0.7633423526379678,-0.7633423526379678,-0.7061361302874154,-0.7061361302874154,-0.7061361302874154,-0.7061361302874154,-0.7061361302874154,-0.7633423526379678,-0.7633423526379678,-0.5454290204618825,-0.5454290204618825,-0.5454290204618825,-0.5454290204618825,-0.5454290204618825,-0.5454290204618825,-0.5454290204618825,-0.7633423526379678,-0.7633423526379678,0.01814203444057139,-0.5866735764585466,-0.5866735764585466,0.01814203444057139,0.01814203444057139,-0.7633423526379678,-0.7633423526379678,-0.6193657322260977,-0.6193657322260977,-0.6776012899124753,-0.6776012899124753,-0.6776012899124753,-0.6776012899124753,-0.6193657322260977,-0.6193657322260977,-0.7633423526379678,-0.7633423526379678,-0.5505352054939131,-0.5505352054939131,-0.5505352054939131,-0.5505352054939131,-0.5505352054939131,-0.5505352054939131,-0.5505352054939131,-0.7633423526379678,-0.7633423526379678,-0.6371907849125014,-0.6371907849125014,-0.6371907849125014,-0.673122627933264,-0.673122627933264,-0.673122627933264,-0.673122627933264,-0.6371907849125014,-0.6371907849125014,-0.6371907849125014,-0.7633423526379678,-0.7633423526379678,-0.8085469430341592,-0.5866735764585466,-0.8085469430341592,-0.8085469430341592,-0.7633423526379678,-0.7633423526379678,-0.5119164568464695,-0.5866735764585466,-0.5119164568464695,-0.5119164568464695,-0.5119164568464695,-0.5119164568464695,-0.1022252180936666,-0.1022252180936666,-0.1022252180936666,-0.1022252180936666,-0.1022252180936666,-0.1022252180936666,-0.1022252180936666,-0.5799905736865509,-0.5799905736865509,-0.5799905736865509,0.09789927063947323,0.09789927063947323,0.09789927063947323,0.09789927063947323,0.09789927063947323,0.09789927063947323,0.09789927063947323,-0.5799905736865509,-0.59926643194068,-0.6915591373329043,-0.7633423526379678,-0.7633423526379678,-0.7633423526379678,-0.59926643194068,-0.59926643194068,-0.59926643194068,-0.59926643194068,-0.59926643194068,-0.59926643194068,-0.6915591373329043,-0.7114277058548415,-0.7114277058548415,-0.7114277058548415,-0.6220429834321035,-0.6220429834321035,-0.6193657322260977,-0.5531819698690671,-0.009328708743230874,-0.009328708743230874,-0.009328708743230874,-0.009328708743230874,-0.009328708743230874,-0.009328708743230874,-0.009328708743230874,-0.1255853376424797,-0.1255853376424797,-0.1255853376424797,-0.1255853376424797,-0.1255853376424797,-0.11076237117404215,-0.11076237117404215,-0.11076237117404215,-0.11076237117404215,-0.11076237117404215,-0.11076237117404215,-0.11076237117404215,-0.11076237117404215,-0.11076237117404215,-0.11076237117404215,-0.11076237117404215,-0.11076237117404215,-0.11076237117404215,-0.11076237117404215,-0.11076237117404215,-0.11076237117404215,-0.11076237117404215,-0.16916038982356457,-0.16916038982356457,-0.11076237117404215,-0.11076237117404215,-0.1255853376424797,-0.1255853376424797,0.0
0.0,-0.20468273350231506,-0.32319495310162105,-0.32319495310162105,-0.24475117559455276,-0.24475117559455276,-0.24475117559455276,-0.24475117559455276,-0.2834513481892721,-0.2834513481892721,-0.3117376229434738,-0.3117376229434738,-0.3117376229434738,-0.3117376229434738,-0.3117376229434738,-0.3117376229434738,-0.3117376229434738,-0.3117376229434738,-0.24475117559455276,-0.7557075453598672,-0.7557075453598672,-0.7557075453598672,-0.7557075453598672,-0.7557075453598672,-0.7557075453598672,-0.7557075453598672,-0.7557075453598672,-0.7533411663448202,-0.7533411663448202,-0.24475117559455276,-0.24475117559455276,-0.24475117559455276,-0.24475117559455276,-0.24475117559455276,-0.24475117559455276,-0.24475117559455276,0.38860554778426726,0.3274354491347172,0.3274354491347172,0.3274354491347172,0.3274354491347172,0.3274354491347172,0.3274354491347172,0.3274354491347172,0.3274354491347172,0.3274354491347172,0.3274354491347172,0.38860554778426726,0.2943984842883285,0.2943984842883285,0.2943984842883285,0.2943984842883285,0.2943984842883285,0.38860554778426726,0.4696803344510448,0.4696803344510448,0.4696803344510448,0.4696803344510448,0.4696803344510448,0.4696803344510448,0.4696803344510448,0.4696803344510448,0.38860554778426726,0.4696803344510448,0.4696803344510448,0.4696803344510448,0.4696803344510448,0.4696803344510448,0.4696803344510448,0.4696803344510448,0.4696803344510448,0.38860554778426726,0.38860554778426726,0.38860554778426726,0.38860554778426726,0.38860554778426726,0.38860554778426726,0.38860554778426726,0.38860554778426726,0.38860554778426726,0.38860554778426726,0.38860554778426726,0.38860554778426726,-0.0688559784538733,-0.0688559784538733,-0.0688559784538733,-0.0688559784538733,-0.0688559784538733,-0.7557075453598672,-0.7557075453598672,-0.7557075453598672,-0.7557075453598672,-0.7557075453598672,-0.7557075453598672,-0.0688559784538733,-0.0688559784538733,-0.0688559784538733,-0.0688559784538733,-0.0688559784538733,-0.0688559784538733,-0.0688559784538733,-0.0688559784538733,-0.0688559784538733,-0.0688559784538733,-0.0688559784538733,-0.0688559784538733,-0.0688559784538733,-0.0688559784538733,-0.0688559784538733,-0.0688559784538733,-0.0688559784538733,-0.0688559784538733,-0.0688559784538733,-0.0688559784538733,-0.0688559784538733,-0.0688559784538733,1.4965912411460476,1.4965912411460476,1.4965912411460476,1.4965912411460476,1.4965912411460476,1.4965912411460476,1.4965912411460476,-0.20468273350231506,-0.43697583458882533,-0.43697583458882533,-0.49006343445140743,-0.49006343445140743,-0.43697583458882533,-0.6658449396350146,-0.4248000493877885,-0.6153594127995474,-0.6153594127995474,-0.6153594127995474,-0.6153594127995474,-0.4248000493877885,-0.4248000493877885,-0.4248000493877885,-0.2756256452095269,-0.2756256452095269,-0.7557075453598672,-0.7557075453598672,-0.17067621879933825,-0.22999567739129953,-0.7557075453598672,-0.7557075453598672,-0.3502280991011493,-0.22999567739129953,-0.7557075453598672,-0.7557075453598672,-0.17067621879933825,-0.22999567739129953,-0.7557075453598672,-0.7557075453598672,-0.24475117559455276,-0.22999567739129953,-0.7557075453598672,-0.7557075453598672,-0.24475117559455276,-0.22999567739129953,-0.7557075453598672,-0.7557075453598672,-0.17067621879933825,-0.22999567739129953,-0.7557075453598672,-0.7557075453598672,-0.24475117559455276,-0.22999567739129953,-0.6678427050986252,-0.6678427050986252,-0.7557075453598672,-0.7557075453598672,-0.7537630039512049,-0.7537630039512049,-0.7537630039512049,-0.7537630039512049,-0.7537630039512049,-0.7557075453598672,-0.7557075453598672,-0.49006343445140743,-0.6835087145710822,-0.49006343445140743,-0.49006343445140743,-0.49006343445140743,-0.49006343445140743,-0.7557075453598672,-0.7557075453598672,-0.5910540237752074,-0.6835087145710822,-0.6835087145710822,-0.5910540237752074,-0.5910540237752074,-0.7557075453598672,-0.7557075453598672,-0.49006343445140743,-0.49006343445140743,-0.49006343445140743,-0.49006343445140743,-0.49006343445140743,-0.7557075453598672,-0.7557075453598672,-0.26843952053343434,-0.6835087145710822,-0.6835087145710822,-0.26843952053343434,-0.26843952053343434,-0.7557075453598672,-0.7557075453598672,-0.5506487158647116,-0.5506487158647116,-0.5325580578208822,-0.5325580578208822,-0.5325580578208822,-0.5325580578208822,-0.5506487158647116,-0.5506487158647116,-0.7557075453598672,-0.7557075453598672,-0.62856164612163,-0.6835087145710822,-0.62856164612163,-0.62856164612163,-0.62856164612163,-0.62856164612163,-0.7557075453598672,-0.7557075453598672,-0.6834757335394666,-0.6834757335394666,-0.6969837638396219,-0.6969837638396219,-0.6603315699581145,-0.6603315699581145,-0.6603315699581145,-0.6603315699581145,-0.6603315699581145,-0.6969837638396219,-0.6834757335394666,-0.6834757335394666,-0.7557075453598672,-0.7557075453598672,-0.7448671267740272,-0.6835087145710822,-0.7448671267740272,-0.7448671267740272,-0.7448671267740272,-0.7448671267740272,-0.7448671267740272,-0.7448671267740272,-0.7557075453598672,-0.7557075453598672,-0.6740503828326087,-0.6835087145710822,-0.6835087145710822,-0.6740503828326087,-0.6740503828326087,-0.7557075453598672,-0.7557075453598672,-0.62856164612163,-0.62856164612163,-0.6378338364745599,-0.6378338364745599,-0.6378338364745599,-0.6378338364745599,-0.62856164612163,-0.62856164612163,-0.7557075453598672,-0.7557075453598672,-0.6740503828326087,-0.6740503828326087,-0.6839152571360201,-0.6839152571360201,-0.702371041568033,-0.702371041568033,-0.6839152571360201,-0.6740503828326087,-0.6740503828326087,-0.6740503828326087,-0.7557075453598672,-0.7557075453598672,-0.6362079084528238,-0.6835087145710822,-0.6362079084528238,-0.6362079084528238,-0.6362079084528238,-0.6362079084528238,-0.6362079084528238,-0.6362079084528238,-0.6362079084528238,-0.6362079084528238,-0.7557075453598672,-0.7557075453598672,-0.6679405474857012,-0.6835087145710822,-0.6679405474857012,-0.6679405474857012,-0.7557075453598672,-0.7557075453598672,-0.6403375290586224,-0.6835087145710822,-0.6835087145710822,-0.6403375290586224,-0.6403375290586224,-0.7557075453598672,-0.7557075453598672,-0.7339655965901286,-0.7526859997153369,-0.7526859997153369,-0.7526859997153369,-0.7339655965901286,-0.7339655965901286,-0.7339655965901286,-0.7339655965901286,-0.7339655965901286,-0.7339655965901286,-0.7557075453598672,-0.7557075453598672,-0.6646979927120402,-0.6835087145710822,-0.6646979927120402,-0.6646979927120402,-0.6646979927120402,-0.6646979927120402,-0.7557075453598672,-0.7557075453598672,-0.6403375290586224,-0.6403375290586224,-0.6403375290586224,-0.6499635176117586,-0.6499635176117586,-0.6499635176117586,-0.6403375290586224,-0.6403375290586224,-0.6403375290586224,-0.7557075453598672,-0.7557075453598672,-0.6474895587805798,-0.6835087145710822,-0.6474895587805798,-0.6474895587805798,-0.6474895587805798,-0.6474895587805798,-0.7557075453598672,-0.7557075453598672,-0.6823643256826666,-0.6984718669445807,-0.6984718669445807,-0.6984718669445807,-0.6984718669445807,-0.6984718669445807,-0.6897800420511516,-0.6897800420511516,-0.6984718669445807,-0.6823643256826666,-0.6823643256826666,-0.7557075453598672,-0.7557075453598672,-0.62856164612163,-0.6835087145710822,-0.62856164612163,-0.705501982560524,-0.705501982560524,-0.679699240666185,-0.679699240666185,-0.679699240666185,-0.705501982560524,-0.62856164612163,-0.62856164612163,-0.7557075453598672,-0.7557075453598672,-0.7345973364622959,-0.6835087145710822,-0.7345973364622959,-0.7345973364622959,-0.7345973364622959,-0.7345973364622959,-0.7345973364622959,-0.7557075453598672,-0.7557075453598672,-0.7577237821877965,-0.6835087145710822,-0.7577237821877965,-0.7577237821877965,-0.7557075453598672,-0.7557075453598672,-0.700733695210266,-0.6835087145710822,-0.700733695210266,-0.700733695210266,-0.700733695210266,-0.700733695210266,-0.700733695210266,-0.7557075453598672,-0.7557075453598672,-0.49006343445140743,-0.6835087145710822,-0.6835087145710822,-0.49006343445140743,-0.49006343445140743,-0.7557075453598672,-0.7557075453598672,-0.7354403966483015,-0.7354403966483015,-0.742950505850644,-0.742950505850644,-0.6976582115698283,-0.6976582115698283,-0.6976582115698283,-0.6976582115698283,-0.6976582115698283,-0.6976582115698283,-0.742950505850644,-0.7354403966483015,-0.7354403966483015,-0.7557075453598672,-0.7557075453598672,-0.7087384273640225,-0.6835087145710822,-0.6835087145710822,-0.7087384273640225,-0.7087384273640225,-0.7557075453598672,-0.7557075453598672,-0.5910540237752074,-0.6835087145710822,-0.5910540237752074,-0.5910540237752074,-0.5910540237752074,-0.5910540237752074,-0.7557075453598672,-0.7557075453598672,-0.6194823435929191,-0.6194823435929191,-0.6233099911252893,-0.6233099911252893,-0.5506487158647116,-0.5506487158647116,-0.5506487158647116,-0.6233099911252893,-0.6194823435929191,-0.6194823435929191,-0.7557075453598672,-0.7557075453598672,-0.720915851982307,-0.6835087145710822,-0.720915851982307,-0.720915851982307,-0.720915851982307,-0.720915851982307,-0.720915851982307,-0.7557075453598672,-0.7557075453598672,-0.7355957772492723,-0.6835087145710822,-0.7355957772492723,-0.7355957772492723,-0.7557075453598672,-0.7557075453598672,-0.7442946934233594,-0.6835087145710822,-0.7442946934233594,-0.7442946934233594,-0.7442946934233594,-0.7442946934233594,-0.7557075453598672,-0.7557075453598672,-0.62856164612163,-0.62856164612163,-0.6446915407450645,-0.6446915407450645,-0.6646979927120402,-0.6646979927120402,-0.6446915407450645,-0.62856164612163,-0.62856164612163,-0.7557075453598672,-0.7557075453598672,-0.5431249836705395,-0.6835087145710822,-0.5431249836705395,-0.5431249836705395,-0.5431249836705395,-0.5431249836705395,-0.7557075453598672,-0.7557075453598672,-0.7114048176344041,-0.7114048176344041,-0.7226239566567477,-0.7226239566567477,-0.7348501720062616,-0.7348501720062616,-0.7348501720062616,-0.7226239566567477,-0.7114048176344041,-0.7114048176344041,-0.7557075453598672,-0.7557075453598672,-0.6469577992248274,-0.6469577992248274,-0.6469577992248274,-0.6585198005323988,-0.6585198005323988,-0.6585198005323988,-0.6585198005323988,-0.6585198005323988,-0.6469577992248274,-0.6469577992248274,-0.6469577992248274,-0.7557075453598672,-0.7557075453598672,-0.6096306140012543,-0.6835087145710822,-0.6096306140012543,-0.6096306140012543,-0.6096306140012543,-0.6096306140012543,-0.7557075453598672,-0.7557075453598672,-0.7409282745106731,-0.6835087145710822,-0.7409282745106731,-0.7409282745106731,-0.7557075453598672,-0.7557075453598672,-0.5745439487772251,-0.5745439487772251,-0.5693443649929599,-0.5693443649929599,-0.6019330585535856,-0.6019330585535856,-0.6019330585535856,-0.5693443649929599,-0.5745439487772251,-0.5745439487772251,-0.7557075453598672,-0.7557075453598672,-0.7198202575396496,-0.6835087145710822,-0.7198202575396496,-0.7583827792961332,-0.7583827792961332,-0.7583827792961332,-0.7198202575396496,-0.7198202575396496,-0.7557075453598672,-0.7557075453598672,-0.6514593693040599,-0.6514593693040599,-0.6603315699581145,-0.6603315699581145,-0.5669753511781089,-0.5669753511781089,-0.5669753511781089,-0.5669753511781089,-0.5669753511781089,-0.6603315699581145,-0.6514593693040599,-0.6514593693040599,-0.7557075453598672,-0.7557075453598672,-0.6765251661467686,-0.6835087145710822,-0.6765251661467686,-0.6765251661467686,-0.6765251661467686,-0.6765251661467686,-0.6765251661467686,-0.6765251661467686,-0.7557075453598672,-0.7557075453598672,-0.7317593189182665,-0.6835087145710822,-0.7317593189182665,-0.7317593189182665,-0.7557075453598672,-0.7557075453598672,-0.6704427427730423,-0.6835087145710822,-0.6835087145710822,-0.6704427427730423,-0.6704427427730423,-0.7557075453598672,-0.7557075453598672,-0.7364248196301657,-0.7364248196301657,-0.7364248196301657,-0.7364248196301657,-0.7364248196301657,-0.7557075453598672,-0.7557075453598672,-0.6619458537919873,-0.6619458537919873,-0.6619458537919873,-0.6619458537919873,-0.6619458537919873,-0.6619458537919873,-0.6619458537919873,-0.7557075453598672,-0.7557075453598672,-0.24475117559455276,-0.6835087145710822,-0.6835087145710822,-0.24475117559455276,-0.24475117559455276,-0.7557075453598672,-0.7557075453598672,-0.6994727304967839,-0.6994727304967839,-0.7252073545103656,-0.7252073545103656,-0.7252073545103656,-0.7252073545103656,-0.6994727304967839,-0.6994727304967839,-0.7557075453598672,-0.7557075453598672,-0.6646979927120402,-0.6646979927120402,-0.6646979927120402,-0.6646979927120402,-0.6646979927120402,-0.6646979927120402,-0.6646979927120402,-0.7557075453598672,-0.7557075453598672,-0.7077312365439825,-0.7077312365439825,-0.7077312365439825,-0.7233595523621438,-0.7233595523621438,-0.7233595523621438,-0.7233595523621438,-0.7077312365439825,-0.7077312365439825,-0.7077312365439825,-0.7557075453598672,-0.7557075453598672,-0.7672518210924518,-0.6835087145710822,-0.7672518210924518,-0.7672518210924518,-0.7557075453598672,-0.7557075453598672,-0.6433269776212942,-0.6835087145710822,-0.6433269776212942,-0.6433269776212942,-0.6433269776212942,-0.6433269776212942,-0.3502280991011493,-0.3502280991011493,-0.3502280991011493,-0.3502280991011493,-0.3502280991011493,-0.3502280991011493,-0.3502280991011493,-0.6801199638160356,-0.6801199638160356,-0.6801199638160356,-0.17067621879933825,-0.17067621879933825,-0.17067621879933825,-0.17067621879933825,-0.17067621879933825,-0.17067621879933825,-0.17067621879933825,-0.6801199638160356,-0.6897800420511516,-0.730816549212699,-0.7557075453598672,-0.7557075453598672,-0.7557075453598672,-0.6897800420511516,-0.6897800420511516,-0.6897800420511516,-0.6897800420511516,-0.6897800420511516,-0.6897800420511516,-0.730816549212699,-0.7383952689010893,-0.7383952689010893,-0.7383952689010893,-0.700733695210266,-0.700733695210266,-0.6994727304967839,-0.6661155366024972,-0.2695065822315404,-0.2695065822315404,-0.2695065822315404,-0.2695065822315404,-0.2695065822315404,-0.2695065822315404,-0.2695065822315404,-0.3697777021398428,-0.3697777021398428,-0.3697777021398428,-0.3697777021398428,-0.3697777021398428,-0.35740833731111893,-0.35740833731111893,-0.35740833731111893,-0.35740833731111893,-0.35740833731111893,-0.35740833731111893,-0.35740833731111893,-0.35740833731111893,-0.35740833731111893,-0.35740833731111893,-0.35740833731111893,-0.35740833731111893,-0.35740833731111893,-0.35740833731111893,-0.35740833731111893,-0.35740833731111893,-0.35740833731111893,-0.40541151793190666,-0.40541151793190666,-0.35740833731111893,-0.35740833731111893,-0.3697777021398428,-0.3697777021398428,0.0
0.0,1.0,-1.0,-1.0,1.0,1.0,1.0,1.0,1.0,1.0,1.0,1.0,1.0,1.0,1.0,1.0,1.0,1.0,1.0,-1.0,-1.0,-1.0,-1.0,-1.0,-1.0,-1.0,-1.0,1.0,1.0,1.0,1.0,1.0,1.0,1.0,1.0,1.0,-1.0,-1.0,-1.0,-1.0,-1.0,-1.0,-1.0,-1.0,-1.0,-1.0,-1.0,-1.0,-1.0,-1.0,-1.0,-1.0,-1.0,-1.0,-1.0,-1.0,-1.0,-1.0,-1.0,-1.0,-1.0,-1.0,-1.0,-1.0,-1.0,-1.0,-1.0,-1.0,-1.0,-1.0,-1.0,-1.0,-1.0,-1.0,-1.0,-1.0,-1.0,-1.0,-1.0,-1.0,-1.0,-1.0,-1.0,1.0,1.0,1.0,1.0,1.0,-1.0,-1.0,-1.0,-1.0,-1.0,-1.0,1.0,1.0,1.0,1.0,1.0,1.0,1.0,1.0,1.0,1.0,1.0,1.0,1.0,1.0,1.0,1.0,1.0,1.0,1.0,1.0,1.0,1.0,-1.0,-1.0,-1.0,-1.0,-1.0,-1.0,-1.0,1.0,-1.0,-1.0,-1.0,-1.0,-1.0,1.0,-1.0,-1.0,-1.0,-1.0,-1.0,-1.0,-1.0,-1.0,1.0,1.0,-1.0,-1.0,-1.0,-1.0,-1.0,-1.0,-1.0,-1.0,-1.0,-1.0,-1.0,-1.0,-1.0,-1.0,-1.0,-1.0,-1.0,-1.0,-1.0,-1.0,-1.0,-1.0,-1.0,-1.0,-1.0,-1.0,-1.0,-1.0,1.0,1.0,-1.0,-1.0,-1.0,-1.0,-1.0,-1.0,-1.0,-1.0,-1.0,-1.0,-1.0,-1.0,-1.0,-1.0,-1.0,-1.0,-1.0,-1.0,-1.0,-1.0,-1.0,-1.0,-1.0,-1.0,-1.0,-1.0,-1.0,-1.0,-1.0,-1.0,-1.0,-1.0,-1.0,-1.0,-1.0,-1.0,-1.0,-1.0,-1.0,-1.0,-1.0,-1.0,-1.0,-1.0,-1.0,-1.0,-1.0,-1.0,-1.0,-1.0,-1.0,-1.0,-1.0,-1.0,-1.0,-1.0,-1.0,-1.0,-1.0,-1.0,-1.0,-1.0,-1.0,-1.0,-1.0,-1.0,-1.0,-1.0,-1.0,-1.0,-1.0,-1.0,-1.0,-1.0,-1.0,-1.0,-1.0,-1.0,-1.0,-1.0,-1.0,-1.0,-1.0,-1.0,-1.0,-1.0,-1.0,-1.0,-1.0,-1.0,-1.0,-1.0,-1.0,-1.0,-1.0,-1.0,-1.0,-1.0,-1.0,-1.0,-1.0,-1.0,-1.0,-1.0,-1.0,-1.0,-1.0,-1.0,-1.0,-1.0,-1.0,-1.0,-1.0,-1.0,-1.0,-1.0,-1.0,-1.0,-1.0,-1.0,-1.0,-1.0,-1.0,-1.0,-1.0,-1.0,-1.0,-1.0,-1.0,-1.0,-1.0,-1.0,-1.0,-1.0,-1.0,-1.0,-1.0,-1.0,-1.0,-1.0,-1.0,-1.0,-1.0,-1.0,-1.0,-1.0,-1.0,-1.0,-1.0,-1.0,-1.0,-1.0,-1.0,-1.0,-1.0,-1.0,-1.0,-1.0,-1.0,-1.0,-1.0,-1.0,-1.0,-1.0,-1.0,-1.0,-1.0,-1.0,-1.0,-1.0,-1.0,-1.0,-1.0,-1.0,-1.0,-1.0,-1.0,-1.0,-1.0,-1.0,-1.0,-1.0,-1.0,-1.0,-1.0,-1.0,-1.0,-1.0,-1.0,-1.0,-1.0,-1.0,-1.0,-1.0,-1.0,-1.0,-1.0,-1.0,-1.0,-1.0,-1.0,-1.0,-1.0,-1.0,-1.0,-1.0,-1.0,-1.0,-1.0,-1.0,-1.0,-1.0,-1.0,-1.0,-1.0,-1.0,-1.0,-1.0,-1.0,-1.0,-1.0,-1.0,-1.0,-1.0,-1.0,-1.0,-1.0,-1.0,-1.0,-1.0,-1.0,-1.0,-1.0,-1.0,-1.0,-1.0,-1.0,-1.0,-1.0,-1.0,-1.0,-1.0,-1.0,-1.0,-1.0,-1.0,-1.0,-1.0,-1.0,-1.0,-1.0,-1.0,-1.0,-1.0,-1.0,-1.0,-1.0,-1.0,-1.0,-1.0,-1.0,-1.0,-1.0,-1.0,-1.0,-1.0,-1.0,-1.0,-1.0,-1.0,-1.0,-1.0,-1.0,-1.0,-1.0,-1.0,-1.0,-1.0,-1.0,-1.0,-1.0,-1.0,-1.0,-1.0,-1.0,-1.0,-1.0,-1.0,-1.0,-1.0,-1.0,-1.0,-1.0,-1.0,-1.0,-1.0,-1.0,-1.0,-1.0,-1.0,-1.0,-1.0,-1.0,-1.0,-1.0,-1.0,-1.0,-1.0,-1.0,-1.0,-1.0,-1.0,-1.0,-1.0,-1.0,-1.0,-1.0,-1.0,-1.0,-1.0,-1.0,-1.0,-1.0,-1.0,-1.0,-1.0,-1.0,-1.0,-1.0,-1.0,-1.0,-1.0,-1.0,-1.0,-1.0,-1.0,-1.0,-1.0,-1.0,-1.0,-1.0,-1.0,-1.0,-1.0,-1.0,-1.0,-1.0,-1.0,-1.0,-1.0,-1.0,-1.0,-1.0,-1.0,-1.0,-1.0,-1.0,-1.0,-1.0,-1.0,-1.0,-1.0,-1.0,-1.0,-1.0,-1.0,-1.0,-1.0,-1.0,-1.0,-1.0,-1.0,-1.0,-1.0,-1.0,-1.0,-1.0,-1.0,-1.0,-1.0,-1.0,-1.0,-1.0,-1.0,-1.0,-1.0,-1.0,-1.0,-1.0,-1.0,-1.0,-1.0,-1.0,-1.0,-1.0,-1.0,-1.0,-1.0,-1.0,-1.0,-1.0,-1.0,-1.0,-1.0,-1.0,-1.0,-1.0,-1.0,-1.0,-1.0,-1.0,-1.0,-1.0,-1.0,-1.0,-1.0,-1.0,-1.0,-1.0,-1.0,-1.0,-1.0,-1.0,-1.0,-1.0,-1.0,-1.0,-1.0,-1.0,-1.0,-1.0,-1.0,-1.0,-1.0,-1.0,-1.0,-1.0,-1.0,-1.0,-1.0,-1.0,-1.0,-1.0,-1.0,-1.0,-1.0,-1.0,-1.0,-1.0,-1.0,-1.0,-1.0,-1.0,-1.0,-1.0,-1.0,-1.0,-1.0,-1.0,-1.0,-1.0,-1.0,-1.0,-1.0,-1.0,-1.0,-1.0,-1.0,-1.0,-1.0,-1.0,-1.0,-1.0,-1.0,-1.0,-1.0,-1.0,-1.0,-1.0,-1.0,-1.0,-1.0,-1.0,-1.0,-1.0,-1.0,-1.0,-1.0,-1.0,-1.0,-1.0,-1.0,-1.0,-1.0,-1.0,-1.0,-1.0,-1.0,-1.0,-1.0,-1.0,-1.0,-1.0,-1.0,-1.0,-1.0,-1.0,-1.0,-1.0,-1.0,-1.0,-1.0,-1.0,-1.0,1.0,-1.0,-1.0,-1.0,-1.0,-1.0,-1.0,-1.0,-1.0,-1.0,-1.0,-1.0,-1.0,-1.0,-1.0,-1.0,-1.0,-1.0,-1.0,-1.0,-1.0,-1.0,-1.0,-1.0,-1.0,-1.0,-1.0,-1.0,-1.0,-1.0,-1.0,-1.0,-1.0,-1.0,-1.0,-1.0,0.0
1.0,1.0,1.0,1.0,1.0,1.0,1.0,1.0,1.0,1.0,1.0,1.0,1.0,1.0,1.0,1.0,1.0,1.0,1.0,1.0,1.0,1.0,1.0,1.0,1.0,1.0,1.0,1.0,1.0,1.0,1.0,1.0,1.0,1.0,1.0,1.0,1.0,1.0,1.0,1.0,1.0,1.0,1.0,1.0,1.0,1.0,1.0,1.0,1.0,1.0,1.0,1.0,1.0,1.0,1.0,1.0,1.0,1.0,1.0,1.0,1.0,1.0,1.0,1.0,1.0,1.0,1.0,1.0,1.0,1.0,1.0,1.0,1.0,1.0,1.0,1.0,1.0,1.0,1.0,1.0,1.0,1.0,1.0,1.0,1.0,1.0,1.0,1.0,1.0,1.0,1.0,1.0,1.0,1.0,1.0,1.0,1.0,1.0,1.0,1.0,1.0,1.0,1.0,1.0,1.0,1.0,1.0,1.0,1.0,1.0,1.0,1.0,1.0,1.0,1.0,1.0,1.0,1.0,1.0,1.0,1.0,1.0,1.0,1.0,1.0,1.0,1.0,1.0,1.0,1.0,1.0,1.0,1.0,1.0,1.0,1.0,1.0,1.0,1.0,1.0,1.0,1.0,1.0,1.0,1.0,1.0,1.0,1.0,1.0,1.0,1.0,1.0,1.0,1.0,1.0,1.0,1.0,1.0,1.0,1.0,1.0,1.0,1.0,1.0,1.0,1.0,1.0,1.0,1.0,1.0,1.0,1.0,1.0,1.0,1.0,1.0,1.0,1.0,1.0,1.0,1.0,1.0,1.0,1.0,1.0,1.0,1.0,1.0,1.0,1.0,1.0,1.0,1.0,1.0,1.0,1.0,1.0,1.0,1.0,1.0,1.0,1.0,1.0,1.0,1.0,1.0,1.0,1.0,1.0,1.0,1.0,1.0,1.0,1.0,1.0,1.0,1.0,1.0,1.0,1.0,1.0,1.0,1.0,1.0,1.0,1.0,1.0,1.0,1.0,1.0,1.0,1.0,1.0,1.0,1.0,1.0,1.0,1.0,1.0,1.0,1.0,1.0,1.0,1.0,1.0,1.0,1.0,1.0,1.0,1.0,1.0,1.0,1.0,1.0,1.0,1.0,1.0,1.0,1.0,1.0,1.0,1.0,1.0,1.0,1.0,1.0,1.0,1.0,1.0,1.0,1.0,1.0,1.0,1.0,1.0,1.0,1.0,1.0,1.0,1.0,1.0,1.0,1.0,1.0,1.0,1.0,1.0,1.0,1.0,1.0,1.0,1.0,1.0,1.0,1.0,1.0,1.0,1.0,1.0,1.0,1.0,1.0,1.0,1.0,1.0,1.0,1.0,1.0,1.0,1.0,1.0,1.0,1.0,1.0,1.0,1.0,1.0,1.0,1.0,1.0,1.0,1.0,1.0,1.0,1.0,1.0,1.0,1.0,1.0,1.0,1.0,1.0,1.0,1.0,1.0,1.0,1.0,1.0,1.0,1.0,1.0,1.0,1.0,1.0,1.0,1.0,1.0,1.0,1.0,1.0,1.0,1.0,1.0,1.0,1.0,1.0,1.0,1.0,1.0,1.0,1.0,1.0,1.0,1.0,1.0,1.0,1.0,1.0,1.0,1.0,1.0,1.0,1.0,1.0,1.0,1.0,1.0,1.0,1.0,1.0,1.0,1.0,1.0,1.0,1.0,1.0,1.0,1.0,1.0,1.0,1.0,1.0,1.0,1.0,1.0,1.0,1.0,1.0,1.0,1.0,1.0,1.0,1.0,1.0,1.0,1.0,1.0,1.0,1.0,1.0,1.0,1.0,1.0,1.0,1.0,1.0,1.0,1.0,1.0,1.0,1.0,1.0,1.0,1.0,1.0,1.0,1.0,1.0,1.0,1.0,1.0,1.0,1.0,1.0,1.0,1.0,1.0,1.0,1.0,1.0,1.0,1.0,1.0,1.0,1.0,1.0,1.0,1.0,1.0,1.0,1.0,1.0,1.0,1.0,1.0,1.0,1.0,1.0,1.0,1.0,1.0,1.0,1.0,1.0,1.0,1.0,1.0,1.0,1.0,1.0,1.0,1.0,1.0,1.0,1.0,1.0,1.0,1.0,1.0,1.0,1.0,1.0,1.0,1.0,1.0,1.0,1.0,1.0,1.0,1.0,1.0,1.0,1.0,1.0,1.0,1.0,1.0,1.0,1.0,1.0,1.0,1.0,1.0,1.0,1.0,1.0,1.0,1.0,1.0,1.0,1.0,1.0,1.0,1.0,1.0,1.0,1.0,1.0,1.0,1.0,1.0,1.0,1.0,1.0,1.0,1.0,1.0,1.0,1.0,1.0,1.0,1.0,1.0,1.0,1.0,1.0,1.0,1.0,1.0,1.0,1.0,1.0,1.0,1.0,1.0,1.0,1.0,1.0,1.0,1.0,1.0,1.0,1.0,1.0,1.0,1.0,1.0,1.0,1.0,1.0,1.0,1.0,1.0,1.0,1.0,1.0,1.0,1.0,1.0,1.0,1.0,1.0,1.0,1.0,1.0,1.0,1.0,1.0,1.0,1.0,1.0,1.0,1.0,1.0,1.0,1.0,1.0,1.0,1.0,1.0,1.0,1.0,1.0,1.0,1.0,1.0,1.0,1.0,1.0,1.0,1.0,1.0,1.0,1.0,1.0,1.0,1.0,1.0,1.0,1.0,1.0,1.0,1.0,1.0,1.0,1.0,1.0,1.0,1.0,1.0,1.0,1.0,1.0,1.0,1.0,1.0,1.0,1.0,1.0,1.0,1.0,1.0,1.0,1.0,1.0,1.0,1.0,1.0,1.0,1.0,1.0,1.0,1.0,1.0,1.0,1.0,1.0,1.0,1.0,1.0,1.0,1.0,1.0,1.0,1.0,1.0,1.0,1.0,1.0,1.0,1.0,1.0,1.0,1.0,1.0,1.0,1.0,1.0,1.0,1.0,1.0,1.0,1.0,1.0,1.0,1.0,1.0,1.0,1.0,1.0,1.0,1.0,1.0,1.0,1.0,1.0,1.0,1.0,1.0,1.0,1.0,1.0,1.0,1.0,1.0,1.0,1.0,1.0,1.0,1.0,1.0,1.0,1.0,1.0,1.0,1.0,1.0,1.0,1.0,1.0,1.0,1.0,1.0,1.0,1.0,1.0,1.0,1.0,1.0,1.0,1.0
-0.44478764478764476,-0.44478764478764476,-0.44478764478764476,-0.44478764478764476,-0.44478764478764476,-0.44478764478764476,-0.44478764478764476,-0.44478764478764476,-0.44478764478764476,-0.44478764478764476,-0.44478764478764476,-0.44478764478764476,-0.44478764478764476,-0.44478764478764476,-0.44478764478764476,-0.44478764478764476,-0.44478764478764476,-0.44478764478764476,-0.44478764478764476,-0.44478764478764476,-0.44478764478764476,-0.44478764478764476,-0.44478764478764476,-0.44478764478764476,-0.44478764478764476,-0.44478764478764476,-0.44478764478764476,-0.44478764478764476,-0.44478764478764476,-0.44478764478764476,-0.44478764478764476,-0.44478764478764476,-0.44478764478764476,-0.44478764478764476,-0.44478764478764476,-0.44478764478764476,-0.44478764478764476,-0.44478764478764476,-0.44478764478764476,-0.44478764478764476,-0.44478764478764476,-0.44478764478764476,-0.44478764478764476,-0.44478764478764476,-0.44478764478764476,-0.44478764478764476,-0.44478764478764476,-0.44478764478764476,-0.44478764478764476,-0.44478764478764476,-0.44478764478764476,-0.44478764478764476,-0.44478764478764476,-0.44478764478764476,-0.44478764478764476,-0.44478764478764476,-0.44478764478764476,-0.44478764478764476,-0.44478764478764476,-0.44478764478764476,-0.44478764478764476,-0.44478764478764476,-0.44478764478764476,-0.44478764478764476,-0.44478764478764476,-0.44478764478764476,-0.44478764478764476,-0.44478764478764476,-0.44478764478764476,-0.44478764478764476,-0.44478764478764476,-0.44478764478764476,-0.44478764478764476,-0.44478764478764476,-0.44478764478764476,-0.44478764478764476,-0.44478764478764476,-0.44478764478764476,-0.44478764478764476,-0.44478764478764476,-0.44478764478764476,-0.44478764478764476,-0.44478764478764476,-0.44478764478764476,-0.44478764478764476,-0.44478764478764476,-0.44478764478764476,-0.44478764478764476,-0.44478764478764476,-0.44478764478764476,-0.44478764478764476,-0.44478764478764476,-0.44478764478764476,-0.44478764478764476,-0.44478764478764476,-0.44478764478764476,-0.44478764478764476,-0.44478764478764476,-0.44478764478764476,-0.44478764478764476,-0.44478764478764476,-0.44478764478764476,-0.44478764478764476,-0.44478764478764476,-0.44478764478764476,-0.44478764478764476,-0.44478764478764476,-0.44478764478764476,-0.44478764478764476,-0.44478764478764476,-0.44478764478764476,-0.44478764478764476,-0.44478764478764476,-0.44478764478764476,-0.44478764478764476,-0.44478764478764476,-0.44478764478764476,-0.44478764478764476,-0.44478764478764476,-0.44478764478764476,-0.44478764478764476,-0.44478764478764476,-0.44478764478764476,-0.44478764478764476,-0.44478764478764476,-0.44478764478764476,-0.44478764478764476,-0.44478764478764476,-0.44478764478764476,-0.44478764478764476,-0.44478764478764476,-0.44478764478764476,-0.44478764478764476,-0.44478764478764476,-0.44478764478764476,-0.44478764478764476,-0.44478764478764476,-0.44478764478764476,-0.44478764478764476,-0.44478764478764476,-0.44478764478764476,-0.44478764478764476,-0.44478764478764476,-0.44478764478764476,-0.44478764478764476,-0.44478764478764476,-0.44478764478764476,-0.44478764478764476,-0.44478764478764476,-0.44478764478764476,-0.44478764478764476,-0.44478764478764476,-0.44478764478764476,-0.44478764478764476,-0.44478764478764476,-0.44478764478764476,-0.44478764478764476,-0.44478764478764476,-0.44478764478764476,-0.44478764478764476,-0.44478764478764476,-0.44478764478764476,-0.44478764478764476,-0.44478764478764476,-0.44478764478764476,-0.44478764478764476,-0.44478764478764476,-0.44478764478764476,-0.44478764478764476,-0.44478764478764476,-0.44478764478764476,-0.44478764478764476,-0.44478764478764476,-0.44478764478764476,-0.44478764478764476,-0.44478764478764476,-0.44478764478764476,-0.44478764478764476,-0.44478764478764476,-0.44478764478764476,-0.44478764478764476,-0.44478764478764476,-0.44478764478764476,-0.44478764478764476,-0.44478764478764476,-0.44478764478764476,-0.44478764478764476,-0.44478764478764476,-0.44478764478764476,-0.44478764478764476,-0.44478764478764476,-0.44478764478764476,-0.44478764478764476,-0.44478764478764476,-0.44478764478764476,-0.44478764478764476,-0.44478764478764476,-0.44478764478764476,-0.44478764478764476,-0.44478764478764476,-0.44478764478764476,-0.44478764478764476,-0.44478764478764476,-0.44478764478764476,-0.44478764478764476,-0.44478764478764476,-0.44478764478764476,-0.44478764478764476,-0.44478764478764476,-0.44478764478764476,-0.44478764478764476,-0.44478764478764476,-0.44478764478764476,-0.44478764478764476,-0.44478764478764476,-0.44478764478764476,-0.44478764478764476,-0.44478764478764476,-0.44478764478764476,-0.44478764478764476,-0.44478764478764476,-0.44478764478764476,-0.44478764478764476,-0.44478764478764476,-0.44478764478764476,-0.44478764478764476,-0.44478764478764476,-0.44478764478764476,-0.44478764478764476,-0.44478764478764476,-0.44478764478764476,-0.44478764478764476,-0.44478764478764476,-0.44478764478764476,-0.44478764478764476,-0.44478764478764476,-0.44478764478764476,-0.44478764478764476,-0.44478764478764476,-0.44478764478764476,-0.44478764478764476,-0.44478764478764476,-0.44478764478764476,-0.44478764478764476,-0.44478764478764476,-0.44478764478764476,-0.44478764478764476,-0.44478764478764476,-0.44478764478764476,-0.44478764478764476,-0.44478764478764476,-0.44478764478764476,-0.44478764478764476,-0.44478764478764476,-0.44478764478764476,-0.44478764478764476,-0.44478764478764476,-0.44478764478764476,-0.44478764478764476,-0.44478764478764476,-0.44478764478764476,-0.44478764478764476,-0.44478764478764476,-0.44478764478764476,-0.44478764478764476,-0.44478764478764476,-0.44478764478764476,-0.44478764478764476,-0.44478764478764476,-0.44478764478764476,-0.44478764478764476,-0.44478764478764476,-0.44478764478764476,-0.44478764478764476,-0.44478764478764476,-0.44478764478764476,-0.44478764478764476,-0.44478764478764476,-0.44478764478764476,-0.44478764478764476,-0.44478764478764476,-0.44478764478764476,-0.44478764478764476,-0.44478764478764476,-0.44478764478764476,-0.44478764478764476,-0.44478764478764476,-0.44478764478764476,-0.44478764478764476,-0.44478764478764476,-0.44478764478764476,-0.44478764478764476,-0.44478764478764476,-0.44478764478764476,-0.44478764478764476,-0.44478764478764476,-0.44478764478764476,-0.44478764478764476,-0.44478764478764476,-0.44478764478764476,-0.44478764478764476,-0.44478764478764476,-0.44478764478764476,-0.44478764478764476,-0.44478764478764476,-0.44478764478764476,-0.44478764478764476,-0.44478764478764476,-0.44478764478764476,-0.44478764478764476,-0.44478764478764476,-0.44478764478764476,-0.44478764478764476,-0.44478764478764476,-0.44478764478764476,-0.44478764478764476,-0.44478764478764476,-0.44478764478764476,-0.44478764478764476,-0.44478764478764476,-0.44478764478764476,-0.44478764478764476,-0.44478764478764476,-0.44478764478764476,-0.44478764478764476,-0.44478764478764476,-0.44478764478764476,-0.44478764478764476,-0.44478764478764476,-0.44478764478764476,-0.44478764478764476,-0.44478764478764476,-0.44478764478764476,-0.44478764478764476,-0.44478764478764476,-0.44478764478764476,-0.44478764478764476,-0.44478764478764476,-0.44478764478764476,-0.44478764478764476,-0.44478764478764476,-0.44478764478764476,-0.44478764478764476,-0.44478764478764476,-0.44478764478764476,-0.44478764478764476,-0.44478764478764476,-0.44478764478764476,-0.44478764478764476,-0.44478764478764476,-0.44478764478764476,-0.44478764478764476,-0.44478764478764476,-0.44478764478764476,-0.44478764478764476,-0.44478764478764476,-0.44478764478764476,-0.44478764478764476,-0.44478764478764476,-0.44478764478764476,-0.44478764478764476,-0.44478764478764476,-0.44478764478764476,-0.44478764478764476,-0.44478764478764476,-0.44478764478764476,-0.44478764478764476,-0.44478764478764476,-0.44478764478764476,-0.44478764478764476,-0.44478764478764476,-0.44478764478764476,-0.44478764478764476,-0.44478764478764476,-0.44478764478764476,-0.44478764478764476,-0.44478764478764476,-0.44478764478764476,-0.44478764478764476,-0.44478764478764476,-0.44478764478764476,-0.44478764478764476,-0.44478764478764476,-0.44478764478764476,-0.44478764478764476,-0.44478764478764476,-0.44478764478764476,-0.44478764478764476,-0.44478764478764476,-0.44478764478764476,-0.44478764478764476,-0.44478764478764476,-0.44478764478764476,-0.44478764478764476,-0.44478764478764476,-0.44478764478764476,-0.44478764478764476,-0.44478764478764476,-0.44478764478764476,-0.44478764478764476,-0.44478764478764476,-0.44478764478764476,-0.44478764478764476,-0.44478764478764476,-0.44478764478764476,-0.44478764478764476,-0.44478764478764476,-0.44478764478764476,-0.44478764478764476,-0.44478764478764476,-0.44478764478764476,-0.44478764478764476,-0.44478764478764476,-0.44478764478764476,-0.44478764478764476,-0.44478764478764476,-0.44478764478764476,-0.44478764478764476,-0.44478764478764476,-0.44478764478764476,-0.44478764478764476,-0.44478764478764476,-0.44478764478764476,-0.44478764478764476,-0.44478764478764476,-0.44478764478764476,-0.44478764478764476,-0.44478764478764476,-0.44478764478764476,-0.44478764478764476,-0.44478764478764476,-0.44478764478764476,-0.44478764478764476,-0.44478764478764476,-0.44478764478764476,-0.44478764478764476,-0.44478764478764476,-0.44478764478764476,-0.44478764478764476,-0.44478764478764476,-0.44478764478764476,-0.44478764478764476,-0.44478764478764476,-0.44478764478764476,-0.44478764478764476,-0.44478764478764476,-0.44478764478764476,-0.44478764478764476,-0.44478764478764476,-0.44478764478764476,-0.44478764478764476,-0.44478764478764476,-0.44478764478764476,-0.44478764478764476,-0.44478764478764476,-0.44478764478764476,-0.44478764478764476,-0.44478764478764476,-0.44478764478764476,-0.44478764478764476,-0.44478764478764476,-0.44478764478764476,-0.44478764478764476,-0.44478764478764476,-0.44478764478764476,-0.44478764478764476,-0.44478764478764476,-0.44478764478764476,-0.44478764478764476,-0.44478764478764476,-0.44478764478764476,-0.44478764478764476,-0.44478764478764476,-0.44478764478764476,-0.44478764478764476,-0.44478764478764476,-0.44478764478764476,-0.44478764478764476,-0.44478764478764476,-0.44478764478764476,-0.44478764478764476,-0.44478764478764476,-0.44478764478764476,-0.44478764478764476,-0.44478764478764476,-0.44478764478764476,-0.44478764478764476,-0.44478764478764476,-0.44478764478764476,-0.44478764478764476,-0.44478764478764476,-0.44478764478764476,-0.44478764478764476,-0.44478764478764476,-0.44478764478764476,-0.44478764478764476,-0.44478764478764476,-0.44478764478764476,-0.44478764478764476,-0.44478764478764476,-0.44478764478764476,-0.44478764478764476,-0.44478764478764476,-0.44478764478764476,-0.44478764478764476,-0.44478764478764476,-0.44478764478764476,-0.44478764478764476,-0.44478764478764476,-0.44478764478764476,-0.44478764478764476,-0.44478764478764476,-0.44478764478764476,-0.44478764478764476,-0.44478764478764476,-0.44478764478764476,-0.44478764478764476,-0.44478764478764476,-0.44478764478764476,-0.44478764478764476,-0.44478764478764476,-0.44478764478764476,-0.44478764478764476,-0.44478764478764476,-0.44478764478764476,-0.44478764478764476,-0.44478764478764476,-0.44478764478764476,-0.44478764478764476,-0.44478764478764476,-0.44478764478764476,-0.44478764478764476,-0.44478764478764476,-0.44478764478764476,-0.44478764478764476,-0.44478764478764476,-0.44478764478764476,-0.44478764478764476,-0.44478764478764476,-0.44478764478764476,-0.44478764478764476,-0.44478764478764476,-0.44478764478764476,-0.44478764478764476,-0.44478764478764476,-0.44478764478764476,-0.44478764478764476,-0.44478764478764476,-0.44478764478764476,-0.44478764478764476,-0.44478764478764476,-0.44478764478764476,-0.44478764478764476,-0.44478764478764476,-0.44478764478764476,-0.44478764478764476,-0.44478764478764476,-0.44478764478764476,-0.44478764478764476,-0.44478764478764476,-0.44478764478764476,-0.44478764478764476,-0.44478764478764476,-0.44478764478764476,-0.44478764478764476,-0.44478764478764476,-0.44478764478764476,-0.44478764478764476,-0.44478764478764476,-0.44478764478764476,-0.44478764478764476,-0.44478764478764476,-0.44478764478764476,-0.44478764478764476,-0.44478764478764476,-0.44478764478764476,-0.44478764478764476,-0.44478764478764476,-0.44478764478764476,-0.44478764478764476,-0.44478764478764476,-0.44478764478764476,-0.44478764478764476,-0.44478764478764476,-0.44478764478764476,-0.44478764478764476,-0.44478764478764476,-0.44478764478764476,-0.44478764478764476,-0.44478764478764476,-0.44478764478764476,-0.44478764478764476,-0.44478764478764476,-0.44478764478764476,-0.44478764478764476,-0.44478764478764476,-0.44478764478764476,-0.44478764478764476,-0.44478764478764476,-0.44478764478764476,-0.44478764478764476,-0.44478764478764476,-0.44478764478764476,-0.44478764478764476,-0.44478764478764476,-0.44478764478764476,-0.44478764478764476,-0.44478764478764476,-0.44478764478764476,-0.44478764478764476,-0.44478764478764476,-0.44478764478764476,-0.44478764478764476,-0.44478764478764476,-0.44478764478764476,-0.44478764478764476,-0.44478764478764476,-0.44478764478764476,-0.44478764478764476,-0.44478764478764476,-0.44478764478764476,-0.44478764478764476,-0.44478764478764476,-0.44478764478764476,-0.44478764478764476,-0.44478764478764476,-0.44478764478764476,-0.44478764478764476,-0.44478764478764476,-0.44478764478764476,-0.44478764478764476,-0.44478764478764476,-0.44478764478764476,-0.44478764478764476,-0.44478764478764476,-0.44478764478764476,-0.44478764478764476,-0.44478764478764476,-0.44478764478764476,-0.44478764478764476,-0.44478764478764476,-0.44478764478764476,-0.44478764478764476,-0.44478764478764476,-0.44478764478764476,-0.44478764478764476,-0.44478764478764476,-0.44478764478764476,-0.44478764478764476,-0.44478764478764476,-0.44478764478764476,-0.44478764478764476,-0.44478764478764476,-0.44478764478764476,-0.44478764478764476,-0.44478764478764476,-0.44478764478764476,-0.44478764478764476,-0.44478764478764476,-0.44478764478764476,-0.44478764478764476,-0.44478764478764476,-0.44478764478764476,-0.44478764478764476,-0.44478764478764476,-0.44478764478764476,-0.44478764478764476,-0.44478764478764476,-0.44478764478764476,-0.44478764478764476,-0.44478764478764476,-0.44478764478764476,-0.44478764478764476,-0.44478764478764476,-0.44478764478764476,-0.44478764478764476,-0.44478764478764476,-0.44478764478764476,-0.44478764478764476,-0.44478764478764476,-0.44478764478764476,-0.44478764478764476,-0.44478764478764476,-0.44478764478764476,-0.44478764478764476,-0.44478764478764476,-0.44478764478764476,-0.44478764478764476,-0.44478764478764476,-0.44478764478764476,-0.44478764478764476,-0.44478764478764476,-0.44478764478764476,-0.44478764478764476,-0.44478764478764476,-0.44478764478764476,-0.44478764478764476,-0.44478764478764476,-0.44478764478764476,-0.44478764478764476,-0.44478764478764476,-0.44478764478764476,-0.44478764478764476,-0.44478764478764476,-0.44478764478764476,-0.44478764478764476,-0.44478764478764476,-0.44478764478764476,-0.44478764478764476,-0.44478764478764476,-0.44478764478764476,-0.44478764478764476,-0.44478764478764476,-0.44478764478764476,-0.44478764478764476,-0.44478764478764476,-0.44478764478764476,-0.44478764478764476,-0.44478764478764476,-0.44478764478764476,-0.44478764478764476
-0.4775130935520587,-0.4775130935520587,-0.4775130935520587,-0.4775130935520587,-0.4775130935520587,-0.4775130935520587,-0.4775130935520587,-0.4775130935520587,-0.4775130935520587,-0.4775130935520587,-0.4775130935520587,-0.4775130935520587,-0.4775130935520587,-0.4775130935520587,-0.4775130935520587,-0.4775130935520587,-0.4775130935520587,-0.4775130935520587,-0.4775130935520587,-0.4775130935520587,-0.4775130935520587,-0.4775130935520587,-0.4775130935520587,-0.4775130935520587,-0.4775130935520587,-0.4775130935520587,-0.4775130935520587,-0.4775130935520587,-0.4775130935520587,-0.4775130935520587,-0.4775130935520587,-0.4775130935520587,-0.4775130935520587,-0.4775130935520587,-0.4775130935520587,-0.4775130935520587,-0.4775130935520587,-0.4775130935520587,-0.4775130935520587,-0.4775130935520587,-0.4775130935520587,-0.4775130935520587,-0.4775130935520587,-0.4775130935520587,-0.4775130935520587,-0.4775130935520587,-0.4775130935520587,-0.4775130935520587,-0.4775130935520587,-0.4775130935520587,-0.4775130935520587,-0.4775130935520587,-0.4775130935520587,-0.4775130935520587,-0.4775130935520587,-0.4775130935520587,-0.4775130935520587,-0.4775130935520587,-0.4775130935520587,-0.4775130935520587,-0.4775130935520587,-0.4775130935520587,-0.4775130935520587,-0.4775130935520587,-0.4775130935520587,-0.4775130935520587,-0.4775130935520587,-0.4775130935520587,-0.4775130935520587,-0.4775130935520587,-0.4775130935520587,-0.4775130935520587,-0.4775130935520587,-0.4775130935520587,-0.4775130935520587,-0.4775130935520587,-0.4775130935520587,-0.4775130935520587,-0.4775130935520587,-0.4775130935520587,-0.4775130935520587,-0.4775130935520587,-0.4775130935520587,-0.4775130935520587,-0.4775130935520587,-0.4775130935520587,-0.4775130935520587,-0.4775130935520587,-0.4775130935520587,-0.4775130935520587,-0.4775130935520587,-0.4775130935520587,-0.4775130935520587,-0.4775130935520587,-0.4775130935520587,-0.4775130935520587,-0.4775130935520587,-0.4775130935520587,-0.4775130935520587,-0.4775130935520587,-0.4775130935520587,-0.4775130935520587,-0.4775130935520587,-0.4775130935520587,-0.4775130935520587,-0.4775130935520587,-0.4775130935520587,-0.4775130935520587,-0.4775130935520587,-0.4775130935520587,-0.4775130935520587,-0.4775130935520587,-0.4775130935520587,-0.4775130935520587,-0.4775130935520587,-0.4775130935520587,-0.4775130935520587,-0.4775130935520587,-0.4775130935520587,-0.4775130935520587,-0.4775130935520587,-0.4775130935520587,-0.4775130935520587,-0.4775130935520587,-0.4775130935520587,-0.4775130935520587,-0.4775130935520587,-0.4775130935520587,-0.4775130935520587,-0.4775130935520587,-0.4775130935520587,-0.4775130935520587,-0.4775130935520587,-0.4775130935520587,-0.4775130935520587,-0.4775130935520587,-0.4775130935520587,-0.4775130935520587,-0.4775130935520587,-0.4775130935520587,-0.4775130935520587,-0.4775130935520587,-0.4775130935520587,-0.4775130935520587,-0.4775130935520587,-0.4775130935520587,-0.4775130935520587,-0.4775130935520587,-0.4775130935520587,-0.4775130935520587,-0.4775130935520587,-0.4775130935520587,-0.4775130935520587,-0.4775130935520587,-0.4775130935520587,-0.4775130935520587,-0.4775130935520587,-0.4775130935520587,-0.4775130935520587,-0.4775130935520587,-0.4775130935520587,-0.4775130935520587,-0.4775130935520587,-0.4775130935520587,-0.4775130935520587,-0.4775130935520587,-0.4775130935520587,-0.4775130935520587,-0.4775130935520587,-0.4775130935520587,-0.4775130935520587,-0.4775130935520587,-0.4775130935520587,-0.4775130935520587,-0.4775130935520587,-0.4775130935520587,-0.4775130935520587,-0.4775130935520587,-0.4775130935520587,-0.4775130935520587,-0.4775130935520587,-0.4775130935520587,-0.4775130935520587,-0.4775130935520587,-0.4775130935520587,-0.4775130935520587,-0.4775130935520587,-0.4775130935520587,-0.4775130935520587,-0.4775130935520587,-0.4775130935520587,-0.4775130935520587,-0.4775130935520587,-0.4775130935520587,-0.4775130935520587,-0.4775130935520587,-0.4775130935520587,-0.4775130935520587,-0.4775130935520587,-0.4775130935520587,-0.4775130935520587,-0.4775130935520587,-0.4775130935520587,-0.4775130935520587,-0.4775130935520587,-0.4775130935520587,-0.4775130935520587,-0.4775130935520587,-0.4775130935520587,-0.4775130935520587,-0.4775130935520587,-0.4775130935520587,-0.4775130935520587,-0.4775130935520587,-0.4775130935520587,-0.4775130935520587,-0.4775130935520587,-0.4775130935520587,-0.4775130935520587,-0.4775130935520587,-0.4775130935520587,-0.4775130935520587,-0.4775130935520587,-0.4775130935520587,-0.4775130935520587,-0.4775130935520587,-0.4775130935520587,-0.4775130935520587,-0.4775130935520587,-0.4775130935520587,-0.4775130935520587,-0.4775130935520587,-0.4775130935520587,-0.4775130935520587,-0.4775130935520587,-0.4775130935520587,-0.4775130935520587,-0.4775130935520587,-0.4775130935520587,-0.4775130935520587,-0.4775130935520587,-0.4775130935520587,-0.4775130935520587,-0.4775130935520587,-0.4775130935520587,-0.4775130935520587,-0.4775130935520587,-0.4775130935520587,-0.4775130935520587,-0.4775130935520587,-0.4775130935520587,-0.4775130935520587,-0.4775130935520587,-0.4775130935520587,-0.4775130935520587,-0.4775130935520587,-0.4775130935520587,-0.4775130935520587,-0.4775130935520587,-0.4775130935520587,-0.4775130935520587,-0.4775130935520587,-0.4775130935520587,-0.4775130935520587,-0.4775130935520587,-0.4775130935520587,-0.4775130935520587,-0.4775130935520587,-0.4775130935520587,-0.4775130935520587,-0.4775130935520587,-0.4775130935520587,-0.4775130935520587,-0.4775130935520587,-0.4775130935520587,-0.4775130935520587,-0.4775130935520587,-0.4775130935520587,-0.4775130935520587,-0.4775130935520587,-0.4775130935520587,-0.4775130935520587,-0.4775130935520587,-0.4775130935520587,-0.4775130935520587,-0.4775130935520587,-0.4775130935520587,-0.4775130935520587,-0.4775130935520587,-0.4775130935520587,-0.4775130935520587,-0.4775130935520587,-0.4775130935520587,-0.4775130935520587,-0.4775130935520587,-0.4775130935520587,-0.4775130935520587,-0.4775130935520587,-0.4775130935520587,-0.4775130935520587,-0.4775130935520587,-0.4775130935520587,-0.4775130935520587,-0.4775130935520587,-0.4775130935520587,-0.4775130935520587,-0.4775130935520587,-0.4775130935520587,-0.4775130935520587,-0.4775130935520587,-0.4775130935520587,-0.4775130935520587,-0.4775130935520587,-0.4775130935520587,-0.4775130935520587,-0.4775130935520587,-0.4775130935520587,-0.4775130935520587,-0.4775130935520587,-0.4775130935520587,-0.4775130935520587,-0.4775130935520587,-0.4775130935520587,-0.4775130935520587,-0.4775130935520587,-0.4775130935520587,-0.4775130935520587,-0.4775130935520587,-0.4775130935520587,-0.4775130935520587,-0.4775130935520587,-0.4775130935520587,-0.4775130935520587,-0.4775130935520587,-0.4775130935520587,-0.4775130935520587,-0.4775130935520587,-0.4775130935520587,-0.4775130935520587,-0.4775130935520587,-0.4775130935520587,-0.4775130935520587,-0.4775130935520587,-0.4775130935520587,-0.4775130935520587,-0.4775130935520587,-0.4775130935520587,-0.4775130935520587,-0.4775130935520587,-0.4775130935520587,-0.4775130935520587,-0.4775130935520587,-0.4775130935520587,-0.4775130935520587,-0.4775130935520587,-0.4775130935520587,-0.4775130935520587,-0.4775130935520587,-0.4775130935520587,-0.4775130935520587,-0.4775130935520587,-0.4775130935520587,-0.4775130935520587,-0.4775130935520587,-0.4775130935520587,-0.4775130935520587,-0.4775130935520587,-0.4775130935520587,-0.4775130935520587,-0.4775130935520587,-0.4775130935520587,-0.4775130935520587,-0.4775130935520587,-0.4775130935520587,-0.4775130935520587,-0.4775130935520587,-0.4775130935520587,-0.4775130935520587,-0.4775130935520587,-0.4775130935520587,-0.4775130935520587,-0.4775130935520587,-0.4775130935520587,-0.4775130935520587,-0.4775130935520587,-0.4775130935520587,-0.4775130935520587,-0.4775130935520587,-0.4775130935520587,-0.4775130935520587,-0.4775130935520587,-0.4775130935520587,-0.4775130935520587,-0.4775130935520587,-0.4775130935520587,-0.4775130935520587,-0.4775130935520587,-0.4775130935520587,-0.4775130935520587,-0.4775130935520587,-0.4775130935520587,-0.4775130935520587,-0.4775130935520587,-0.4775130935520587,-0.4775130935520587,-0.4775130935520587,-0.4775130935520587,-0.4775130935520587,-0.4775130935520587,-0.4775130935520587,-0.4775130935520587,-0.4775130935520587,-0.4775130935520587,-0.4775130935520587,-0.4775130935520587,-0.4775130935520587,-0.4775130935520587,-0.4775130935520587,-0.4775130935520587,-0.4775130935520587,-0.4775130935520587,-0.4775130935520587,-0.4775130935520587,-0.4775130935520587,-0.4775130935520587,-0.4775130935520587,-0.4775130935520587,-0.4775130935520587,-0.4775130935520587,-0.4775130935520587,-0.4775130935520587,-0.4775130935520587,-0.4775130935520587,-0.4775130935520587,-0.4775130935520587,-0.4775130935520587,-0.4775130935520587,-0.4775130935520587,-0.4775130935520587,-0.4775130935520587,-0.4775130935520587,-0.4775130935520587,-0.4775130935520587,-0.4775130935520587,-0.4775130935520587,-0.4775130935520587,-0.4775130935520587,-0.4775130935520587,-0.4775130935520587,-0.4775130935520587,-0.4775130935520587,-0.4775130935520587,-0.4775130935520587,-0.4775130935520587,-0.4775130935520587,-0.4775130935520587,-0.4775130935520587,-0.4775130935520587,-0.4775130935520587,-0.4775130935520587,-0.4775130935520587,-0.4775130935520587,-0.4775130935520587,-0.4775130935520587,-0.4775130935520587,-0.4775130935520587,-0.4775130935520587,-0.4775130935520587,-0.4775130935520587,-0.4775130935520587,-0.4775130935520587,-0.4775130935520587,-0.4775130935520587,-0.4775130935520587,-0.4775130935520587,-0.4775130935520587,-0.4775130935520587,-0.4775130935520587,-0.4775130935520587,-0.4775130935520587,-0.4775130935520587,-0.4775130935520587,-0.4775130935520587,-0.4775130935520587,-0.4775130935520587,-0.4775130935520587,-0.4775130935520587,-0.4775130935520587,-0.4775130935520587,-0.4775130935520587,-0.4775130935520587,-0.4775130935520587,-0.4775130935520587,-0.4775130935520587,-0.4775130935520587,-0.4775130935520587,-0.4775130935520587,-0.4775130935520587,-0.4775130935520587,-0.4775130935520587,-0.4775130935520587,-0.4775130935520587,-0.4775130935520587,-0.4775130935520587,-0.4775130935520587,-0.4775130935520587,-0.4775130935520587,-0.4775130935520587,-0.4775130935520587,-0.4775130935520587,-0.4775130935520587,-0.4775130935520587,-0.4775130935520587,-0.4775130935520587,-0.4775130935520587,-0.4775130935520587,-0.4775130935520587,-0.4775130935520587,-0.4775130935520587,-0.4775130935520587,-0.4775130935520587,-0.4775130935520587,-0.4775130935520587,-0.4775130935520587,-0.4775130935520587,-0.4775130935520587,-0.4775130935520587,-0.4775130935520587,-0.4775130935520587,-0.4775130935520587,-0.4775130935520587,-0.4775130935520587,-0.4775130935520587,-0.4775130935520587,-0.4775130935520587,-0.4775130935520587,-0.4775130935520587,-0.4775130935520587,-0.4775130935520587,-0.4775130935520587,-0.4775130935520587,-0.4775130935520587,-0.4775130935520587,-0.4775130935520587,-0.4775130935520587,-0.4775130935520587,-0.4775130935520587,-0.4775130935520587,-0.4775130935520587,-0.4775130935520587,-0.4775130935520587,-0.4775130935520587,-0.4775130935520587,-0.4775130935520587,-0.4775130935520587,-0.4775130935520587,-0.4775130935520587,-0.4775130935520587,-0.4775130935520587,-0.4775130935520587,-0.4775130935520587,-0.4775130935520587,-0.4775130935520587,-0.4775130935520587,-0.4775130935520587,-0.4775130935520587,-0.4775130935520587,-0.4775130935520587,-0.4775130935520587,-0.4775130935520587,-0.4775130935520587,-0.4775130935520587,-0.4775130935520587,-0.4775130935520587,-0.4775130935520587,-0.4775130935520587,-0.4775130935520587,-0.4775130935520587,-0.4775130935520587,-0.4775130935520587,-0.4775130935520587,-0.4775130935520587,-0.4775130935520587,-0.4775130935520587,-0.4775130935520587,-0.4775130935520587,-0.4775130935520587,-0.4775130935520587,-0.4775130935520587,-0.4775130935520587,-0.4775130935520587,-0.4775130935520587,-0.4775130935520587,-0.4775130935520587,-0.4775130935520587,-0.4775130935520587,-0.4775130935520587,-0.4775130935520587,-0.4775130935520587,-0.4775130935520587,-0.4775130935520587,-0.4775130935520587,-0.4775130935520587,-0.4775130935520587,-0.4775130935520587,-0.4775130935520587,-0.4775130935520587,-0.4775130935520587,-0.4775130935520587,-0.4775130935520587,-0.4775130935520587,-0.4775130935520587,-0.4775130935520587,-0.4775130935520587,-0.4775130935520587,-0.4775130935520587,-0.4775130935520587,-0.4775130935520587,-0.4775130935520587,-0.4775130935520587,-0.4775130935520587,-0.4775130935520587,-0.4775130935520587,-0.4775130935520587,-0.4775130935520587,-0.4775130935520587,-0.4775130935520587,-0.4775130935520587,-0.4775130935520587,-0.4775130935520587,-0.4775130935520587,-0.4775130935520587,-0.4775130935520587,-0.4775130935520587,-0.4775130935520587,-0.4775130935520587,-0.4775130935520587,-0.4775130935520587,-0.4775130935520587,-0.4775130935520587,-0.4775130935520587,-0.4775130935520587,-0.4775130935520587,-0.4775130935520587,-0.4775130935520587,-0.4775130935520587,-0.4775130935520587,-0.4775130935520587,-0.4775130935520587,-0.4775130935520587,-0.4775130935520587,-0.4775130935520587,-0.4775130935520587,-0.4775130935520587,-0.4775130935520587,-0.4775130935520587,-0.4775130935520587,-0.4775130935520587,-0.4775130935520587,-0.4775130935520587,-0.4775130935520587,-0.4775130935520587,-0.4775130935520587,-0.4775130935520587,-0.4775130935520587,-0.4775130935520587,-0.4775130935520587,-0.4775130935520587,-0.4775130935520587,-0.4775130935520587,-0.4775130935520587,-0.4775130935520587,-0.4775130935520587,-0.4775130935520587,-0.4775130935520587,-0.4775130935520587,-0.4775130935520587,-0.4775130935520587,-0.4775130935520587,-0.4775130935520587,-0.4775130935520587,-0.4775130935520587,-0.4775130935520587,-0.4775130935520587,-0.4775130935520587,-0.4775130935520587,-0.4775130935520587,-0.4775130935520587,-0.4775130935520587,-0.4775130935520587,-0.4775130935520587,-0.4775130935520587,-0.4775130935520587,-0.4775130935520587,-0.4775130935520587,-0.4775130935520587,-0.4775130935520587,-0.4775130935520587,-0.4775130935520587,-0.4775130935520587,-0.4775130935520587,-0.4775130935520587,-0.4775130935520587,-0.4775130935520587,-0.4775130935520587,-0.4775130935520587,-0.4775130935520587,-0.4775130935520587,-0.4775130935520587,-0.4775130935520587,-0.4775130935520587,-0.4775130935520587,-0.4775130935520587,-0.4775130935520587,-0.4775130935520587,-0.4775130935520587,-0.4775130935520587,-0.4775130935520587,-0.4775130935520587,-0.4775130935520587,-0.4775130935520587
1.0,1.0,1.0,1.0,1.0,1.0,1.0,1.0,1.0,1.0,1.0,1.0,1.0,1.0,1.0,1.0,1.0,1.0,1.0,1.0,1.0,1.0,1.0,1.0,1.0,1.0,1.0,1.0,1.0,1.0,1.0,1.0,1.0,1.0,1.0,1.0,1.0,1.0,1.0,1.0,1.0,1.0,1.0,1.0,1.0,1.0,1.0,1.0,1.0,1.0,1.0,1.0,1.0,1.0,1.0,1.0,1.0,1.0,1.0,1.0,1.0,1.0,1.0,1.0,1.0,1.0,1.0,1.0,1.0,1.0,1.0,1.0,1.0,1.0,1.0,1.0,1.0,1.0,1.0,1.0,1.0,1.0,1.0,1.0,1.0,1.0,1.0,1.0,1.0,1.0,1.0,1.0,1.0,1.0,1.0,1.0,1.0,1.0,1.0,1.0,1.0,1.0,1.0,1.0,1.0,1.0,1.0,1.0,1.0,1.0,1.0,1.0,1.0,1.0,1.0,1.0,1.0,1.0,1.0,1.0,1.0,1.0,1.0,1.0,1.0,1.0,1.0,1.0,1.0,1.0,1.0,1.0,1.0,1.0,1.0,1.0,1.0,1.0,1.0,1.0,1.0,1.0,1.0,1.0,1.0,1.0,1.0,1.0,1.0,1.0,1.0,1.0,1.0,1.0,1.0,1.0,1.0,1.0,1.0,1.0,1.0,1.0,1.0,1.0,1.0,1.0,1.0,1.0,1.0,1.0,1.0,1.0,1.0,1.0,1.0,1.0,1.0,1.0,1.0,1.0,1.0,1.0,1.0,1.0,1.0,1.0,1.0,1.0,1.0,1.0,1.0,1.0,1.0,1.0,1.0,1.0,1.0,1.0,1.0,1.0,1.0,1.0,1.0,1.0,1.0,1.0,1.0,1.0,1.0,1.0,1.0,1.0,1.0,1.0,1.0,1.0,1.0,1.0,1.0,1.0,1.0,1.0,1.0,1.0,1.0,1.0,1.0,1.0,1.0,1.0,1.0,1.0,1.0,1.0,1.0,1.0,1.0,1.0,1.0,1.0,1.0,1.0,1.0,1.0,1.0,1.0,1.0,1.0,1.0,1.0,1.0,1.0,1.0,1.0,1.0,1.0,1.0,1.0,1.0,1.0,1.0,1.0,1.0,1.0,1.0,1.0,1.0,1.0,1.0,1.0,1.0,1.0,1.0,1.0,1.0,1.0,1.0,1.0,1.0,1.0,1.0,1.0,1.0,1.0,1.0,1.0,1.0,1.0,1.0,1.0,1.0,1.0,1.0,1.0,1.0,1.0,1.0,1.0,1.0,1.0,1.0,1.0,1.0,1.0,1.0,1.0,1.0,1.0,1.0,1.0,1.0,1.0,1.0,1.0,1.0,1.0,1.0,1.0,1.0,1.0,1.0,1.0,1.0,1.0,1.0,1.0,1.0,1.0,1.0,1.0,1.0,1.0,1.0,1.0,1.0,1.0,1.0,1.0,1.0,1.0,1.0,1.0,1.0,1.0,1.0,1.0,1.0,1.0,1.0,1.0,1.0,1.0,1.0,1.0,1.0,1.0,1.0,1.0,1.0,1.0,1.0,1.0,1.0,1.0,1.0,1.0,1.0,1.0,1.0,1.0,1.0,1.0,1.0,1.0,1.0,1.0,1.0,1.0,1.0,1.0,1.0,1.0,1.0,1.0,1.0,1.0,1.0,1.0,1.0,1.0,1.0,1.0,1.0,1.0,1.0,1.0,1.0,1.0,1.0,1.0,1.0,1.0,1.0,1.0,1.0,1.0,1.0,1.0,1.0,1.0,1.0,1.0,1.0,1.0,1.0,1.0,1.0,1.0,1.0,1.0,1.0,1.0,1.0,1.0,1.0,1.0,1.0,1.0,1.0,1.0,1.0,1.0,1.0,1.0,1.0,1.0,1.0,1.0,1.0,1.0,1.0,1.0,1.0,1.0,1.0,1.0,1.0,1.0,1.0,1.0,1.0,1.0,1.0,1.0,1.0,1.0,1.0,1.0,1.0,1.0,1.0,1.0,1.0,1.0,1.0,1.0,1.0,1.0,1.0,1.0,1.0,1.0,1.0,1.0,1.0,1.0,1.0,1.0,1.0,1.0,1.0,1.0,1.0,1.0,1.0,1.0,1.0,1.0,1.0,1.0,1.0,1.0,1.0,1.0,1.0,1.0,1.0,1.0,1.0,1.0,1.0,1.0,1.0,1.0,1.0,1.0,1.0,1.0,1.0,1.0,1.0,1.0,1.0,1.0,1.0,1.0,1.0,1.0,1.0,1.0,1.0,1.0,1.0,1.0,1.0,1.0,1.0,1.0,1.0,1.0,1.0,1.0,1.0,1.0,1.0,1.0,1.0,1.0,1.0,1.0,1.0,1.0,1.0,1.0,1.0,1.0,1.0,1.0,1.0,1.0,1.0,1.0,1.0,1.0,1.0,1.0,1.0,1.0,1.0,1.0,1.0,1.0,1.0,1.0,1.0,1.0,1.0,1.0,1.0,1.0,1.0,1.0,1.0,1.0,1.0,1.0,1.0,1.0,1.0,1.0,1.0,1.0,1.0,1.0,1.0,1.0,1.0,1.0,1.0,1.0,1.0,1.0,1.0,1.0,1.0,1.0,1.0,1.0,1.0,1.0,1.0,1.0,1.0,1.0,1.0,1.0,1.0,1.0,1.0,1.0,1.0,1.0,1.0,1.0,1.0,1.0,1.0,1.0,1.0,1.0,1.0,1.0,1.0,1.0,1.0,1.0,1.0,1.0,1.0,1.0,1.0,1.0,1.0,1.0,1.0,1.0,1.0,1.0,1.0,1.0,1.0,1.0,1.0,1.0,1.0,1.0,1.0,1.0,1.0,1.0,1.0,1.0,1.0,1.0,1.0,1.0,1.0,1.0,1.0,1.0,1.0,1.0,1.0,1.0,1.0,1.0,1.0,1.0,1.0,1.0,1.0,1.0,1.0,1.0,1.0,1.0,1.0,1.0,1.0,1.0,1.0,1.0,1.0,1.0,1.0,1.0,1.0,1.0,1.0,1.0,1.0,1.0,1.0,1.0,1.0,1.0,1.0,1.0,1.0,1.0,1.0,1.0,1.0,1.0,1.0,1.0,1.0,1.0,1.0,1.0,1.0,1.0,1.0,1.0,1.0,1.0,1.0,1.0,1.0,1.0,1.0
-1.1160990983982957,-1.1160990983982957,-1.1160990983982957,-1.1160990983982957,-1.1160990983982957,-1.1160990983982957,-1.1160990983982957,-1.1160990983982957,-1.1160990983982957,-1.1160990983982957,-1.1160990983982957,-1.1160990983982957,-1.1160990983982957,-1.1160990983982957,-1.1160990983982957,-1.1160990983982957,-1.1160990983982957,-1.1160990983982957,-1.1160990983982957,-1.1160990983982957,-1.1160990983982957,-1.1160990983982957,-1.1160990983982957,-1.1160990983982957,-1.1160990983982957,-1.1160990983982957,-1.1160990983982957,-1.1160990983982957,-1.1160990983982957,-1.1160990983982957,-1.1160990983982957,-1.1160990983982957,-1.1160990983982957,-1.1160990983982957,-1.1160990983982957,-1.1160990983982957,-1.1160990983982957,-1.1160990983982957,-1.1160990983982957,-1.1160990983982957,-1.1160990983982957,-1.1160990983982957,-1.1160990983982957,-1.1160990983982957,-1.1160990983982957,-1.1160990983982957,-1.1160990983982957,-1.1160990983982957,-1.1160990983982957,-1.1160990983982957,-1.1160990983982957,-1.1160990983982957,-1.1160990983982957,-1.1160990983982957,-1.1160990983982957,-1.1160990983982957,-1.1160990983982957,-1.1160990983982957,-1.1160990983982957,-1.1160990983982957,-1.1160990983982957,-1.1160990983982957,-1.1160990983982957,-1.1160990983982957,-1.1160990983982957,-1.1160990983982957,-1.1160990983982957,-1.1160990983982957,-1.1160990983982957,-1.1160990983982957,-1.1160990983982957,-1.1160990983982957,-1.1160990983982957,-1.1160990983982957,-1.1160990983982957,-1.1160990983982957,-1.1160990983982957,-1.1160990983982957,-1.1160990983982957,-1.1160990983982957,-1.1160990983982957,-1.1160990983982957,-1.1160990983982957,-1.1160990983982957,-1.1160990983982957,-1.1160990983982957,-1.1160990983982957,-1.1160990983982957,-1.1160990983982957,-1.1160990983982957,-1.1160990983982957,-1.1160990983982957,-1.1160990983982957,-1.1160990983982957,-1.1160990983982957,-1.1160990983982957,-1.1160990983982957,-1.1160990983982957,-1.1160990983982957,-1.1160990983982957,-1.1160990983982957,-1.1160990983982957,-1.1160990983982957,-1.1160990983982957,-1.1160990983982957,-1.1160990983982957,-1.1160990983982957,-1.1160990983982957,-1.1160990983982957,-1.1160990983982957,-1.1160990983982957,-1.1160990983982957,-1.1160990983982957,-1.1160990983982957,-1.1160990983982957,-1.1160990983982957,-1.1160990983982957,-1.1160990983982957,-1.1160990983982957,-1.1160990983982957,-1.1160990983982957,-1.1160990983982957,-1.1160990983982957,-1.1160990983982957,-1.1160990983982957,-1.1160990983982957,-1.1160990983982957,-1.1160990983982957,-1.1160990983982957,-1.1160990983982957,-1.1160990983982957,-1.1160990983982957,-1.1160990983982957,-1.1160990983982957,-1.1160990983982957,-1.1160990983982957,-1.1160990983982957,-1.1160990983982957,-1.1160990983982957,-1.1160990983982957,-1.1160990983982957,-1.1160990983982957,-1.1160990983982957,-1.1160990983982957,-1.1160990983982957,-1.1160990983982957,-1.1160990983982957,-1.1160990983982957,-1.1160990983982957,-1.1160990983982957,-1.1160990983982957,-1.1160990983982957,-1.1160990983982957,-1.1160990983982957,-1.1160990983982957,-1.1160990983982957,-1.1160990983982957,-1.1160990983982957,-1.1160990983982957,-1.1160990983982957,-1.1160990983982957,-1.1160990983982957,-1.1160990983982957,-1.1160990983982957,-1.1160990983982957,-1.1160990983982957,-1.1160990983982957,-1.1160990983982957,-1.1160990983982957,-1.1160990983982957,-1.1160990983982957,-1.1160990983982957,-1.1160990983982957,-1.1160990983982957,-1.1160990983982957,-1.1160990983982957,-1.1160990983982957,-1.1160990983982957,-1.1160990983982957,-1.1160990983982957,-1.1160990983982957,-1.1160990983982957,-1.1160990983982957,-1.1160990983982957,-1.1160990983982957,-1.1160990983982957,-1.1160990983982957,-1.1160990983982957,-1.1160990983982957,-1.1160990983982957,-1.1160990983982957,-1.1160990983982957,-1.1160990983982957,-1.1160990983982957,-1.1160990983982957,-1.1160990983982957,-1.1160990983982957,-1.1160990983982957,-1.1160990983982957,-1.1160990983982957,-1.1160990983982957,-1.1160990983982957,-1.1160990983982957,-1.1160990983982957,-1.1160990983982957,-1.1160990983982957,-1.1160990983982957,-1.1160990983982957,-1.1160990983982957,-1.1160990983982957,-1.1160990983982957,-1.1160990983982957,-1.1160990983982957,-1.1160990983982957,-1.1160990983982957,-1.1160990983982957,-1.1160990983982957,-1.1160990983982957,-1.1160990983982957,-1.1160990983982957,-1.1160990983982957,-1.1160990983982957,-1.1160990983982957,-1.1160990983982957,-1.1160990983982957,-1.1160990983982957,-1.1160990983982957,-1.1160990983982957,-1.1160990983982957,-1.1160990983982957,-1.1160990983982957,-1.1160990983982957,-1.1160990983982957,-1.1160990983982957,-1.1160990983982957,-1.1160990983982957,-1.1160990983982957,-1.1160990983982957,-1.1160990983982957,-1.1160990983982957,-1.1160990983982957,-1.1160990983982957,-1.1160990983982957,-1.1160990983982957,-1.1160990983982957,-1.1160990983982957,-1.1160990983982957,-1.1160990983982957,-1.1160990983982957,-1.1160990983982957,-1.1160990983982957,-1.1160990983982957,-1.1160990983982957,-1.1160990983982957,-1.1160990983982957,-1.1160990983982957,-1.1160990983982957,-1.1160990983982957,-1.1160990983982957,-1.1160990983982957,-1.1160990983982957,-1.1160990983982957,-1.1160990983982957,-1.1160990983982957,-1.1160990983982957,-1.1160990983982957,-1.1160990983982957,-1.1160990983982957,-1.1160990983982957,-1.1160990983982957,-1.1160990983982957,-1.1160990983982957,-1.1160990983982957,-1.1160990983982957,-1.1160990983982957,-1.1160990983982957,-1.1160990983982957,-1.1160990983982957,-1.1160990983982957,-1.1160990983982957,-1.1160990983982957,-1.1160990983982957,-1.1160990983982957,-1.1160990983982957,-1.1160990983982957,-1.1160990983982957,-1.1160990983982957,-1.1160990983982957,-1.1160990983982957,-1.1160990983982957,-1.1160990983982957,-1.1160990983982957,-1.1160990983982957,-1.1160990983982957,-1.1160990983982957,-1.1160990983982957,-1.1160990983982957,-1.1160990983982957,-1.1160990983982957,-1.1160990983982957,-1.1160990983982957,-1.1160990983982957,-1.1160990983982957,-1.1160990983982957,-1.1160990983982957,-1.1160990983982957,-1.1160990983982957,-1.1160990983982957,-1.1160990983982957,-1.1160990983982957,-1.1160990983982957,-1.1160990983982957,-1.1160990983982957,-1.1160990983982957,-1.1160990983982957,-1.1160990983982957,-1.1160990983982957,-1.1160990983982957,-1.1160990983982957,-1.1160990983982957,-1.1160990983982957,-1.1160990983982957,-1.1160990983982957,-1.1160990983982957,-1.1160990983982957,-1.1160990983982957,-1.1160990983982957,-1.1160990983982957,-1.1160990983982957,-1.1160990983982957,-1.1160990983982957,-1.1160990983982957,-1.1160990983982957,-1.1160990983982957,-1.1160990983982957,-1.1160990983982957,-1.1160990983982957,-1.1160990983982957,-1.1160990983982957,-1.1160990983982957,-1.1160990983982957,-1.1160990983982957,-1.1160990983982957,-1.1160990983982957,-1.1160990983982957,-1.1160990983982957,-1.1160990983982957,-1.1160990983982957,-1.1160990983982957,-1.1160990983982957,-1.1160990983982957,-1.1160990983982957,-1.1160990983982957,-1.1160990983982957,-1.1160990983982957,-1.1160990983982957,-1.1160990983982957,-1.1160990983982957,-1.1160990983982957,-1.1160990983982957,-1.1160990983982957,-1.1160990983982957,-1.1160990983982957,-1.1160990983982957,-1.1160990983982957,-1.1160990983982957,-1.1160990983982957,-1.1160990983982957,-1.1160990983982957,-1.1160990983982957,-1.1160990983982957,-1.1160990983982957,-1.1160990983982957,-1.1160990983982957,-1.1160990983982957,-1.1160990983982957,-1.1160990983982957,-1.1160990983982957,-1.1160990983982957,-1.1160990983982957,-1.1160990983982957,-1.1160990983982957,-1.1160990983982957,-1.1160990983982957,-1.1160990983982957,-1.1160990983982957,-1.1160990983982957,-1.1160990983982957,-1.1160990983982957,-1.1160990983982957,-1.1160990983982957,-1.1160990983982957,-1.1160990983982957,-1.1160990983982957,-1.1160990983982957,-1.1160990983982957,-1.1160990983982957,-1.1160990983982957,-1.1160990983982957,-1.1160990983982957,-1.1160990983982957,-1.1160990983982957,-1.1160990983982957,-1.1160990983982957,-1.1160990983982957,-1.1160990983982957,-1.1160990983982957,-1.1160990983982957,-1.1160990983982957,-1.1160990983982957,-1.1160990983982957,-1.1160990983982957,-1.1160990983982957,-1.1160990983982957,-1.1160990983982957,-1.1160990983982957,-1.1160990983982957,-1.1160990983982957,-1.1160990983982957,-1.1160990983982957,-1.1160990983982957,-1.1160990983982957,-1.1160990983982957,-1.1160990983982957,-1.1160990983982957,-1.1160990983982957,-1.1160990983982957,-1.1160990983982957,-1.1160990983982957,-1.1160990983982957,-1.1160990983982957,-1.1160990983982957,-1.1160990983982957,-1.1160990983982957,-1.1160990983982957,-1.1160990983982957,-1.1160990983982957,-1.1160990983982957,-1.1160990983982957,-1.1160990983982957,-1.1160990983982957,-1.1160990983982957,-1.1160990983982957,-1.1160990983982957,-1.1160990983982957,-1.1160990983982957,-1.1160990983982957,-1.1160990983982957,-1.1160990983982957,-1.1160990983982957,-1.1160990983982957,-1.1160990983982957,-1.1160990983982957,-1.1160990983982957,-1.1160990983982957,-1.1160990983982957,-1.1160990983982957,-1.1160990983982957,-1.1160990983982957,-1.1160990983982957,-1.1160990983982957,-1.1160990983982957,-1.1160990983982957,-1.1160990983982957,-1.1160990983982957,-1.1160990983982957,-1.1160990983982957,-1.1160990983982957,-1.1160990983982957,-1.1160990983982957,-1.1160990983982957,-1.1160990983982957,-1.1160990983982957,-1.1160990983982957,-1.1160990983982957,-1.1160990983982957,-1.1160990983982957,-1.1160990983982957,-1.1160990983982957,-1.1160990983982957,-1.1160990983982957,-1.1160990983982957,-1.1160990983982957,-1.1160990983982957,-1.1160990983982957,-1.1160990983982957,-1.1160990983982957,-1.1160990983982957,-1.1160990983982957,-1.1160990983982957,-1.1160990983982957,-1.1160990983982957,-1.1160990983982957,-1.1160990983982957,-1.1160990983982957,-1.1160990983982957,-1.1160990983982957,-1.1160990983982957,-1.1160990983982957,-1.1160990983982957,-1.1160990983982957,-1.1160990983982957,-1.1160990983982957,-1.1160990983982957,-1.1160990983982957,-1.1160990983982957,-1.1160990983982957,-1.1160990983982957,-1.1160990983982957,-1.1160990983982957,-1.1160990983982957,-1.1160990983982957,-1.1160990983982957,-1.1160990983982957,-1.1160990983982957,-1.1160990983982957,-1.1160990983982957,-1.1160990983982957,-1.1160990983982957,-1.1160990983982957,-1.1160990983982957,-1.1160990983982957,-1.1160990983982957,-1.1160990983982957,-1.1160990983982957,-1.1160990983982957,-1.1160990983982957,-1.1160990983982957,-1.1160990983982957,-1.1160990983982957,-1.1160990983982957,-1.1160990983982957,-1.1160990983982957,-1.1160990983982957,-1.1160990983982957,-1.1160990983982957,-1.1160990983982957,-1.1160990983982957,-1.1160990983982957,-1.1160990983982957,-1.1160990983982957,-1.1160990983982957,-1.1160990983982957,-1.1160990983982957,-1.1160990983982957,-1.1160990983982957,-1.1160990983982957,-1.1160990983982957,-1.1160990983982957,-1.1160990983982957,-1.1160990983982957,-1.1160990983982957,-1.1160990983982957,-1.1160990983982957,-1.1160990983982957,-1.1160990983982957,-1.1160990983982957,-1.1160990983982957,-1.1160990983982957,-1.1160990983982957,-1.1160990983982957,-1.1160990983982957,-1.1160990983982957,-1.1160990983982957,-1.1160990983982957,-1.1160990983982957,-1.1160990983982957,-1.1160990983982957,-1.1160990983982957,-1.1160990983982957,-1.1160990983982957,-1.1160990983982957,-1.1160990983982957,-1.1160990983982957,-1.1160990983982957,-1.1160990983982957,-1.1160990983982957,-1.1160990983982957,-1.1160990983982957,-1.1160990983982957,-1.1160990983982957,-1.1160990983982957,-1.1160990983982957,-1.1160990983982957,-1.1160990983982957,-1.1160990983982957,-1.1160990983982957,-1.1160990983982957,-1.1160990983982957,-1.1160990983982957,-1.1160990983982957,-1.1160990983982957,-1.1160990983982957,-1.1160990983982957,-1.1160990983982957,-1.1160990983982957,-1.1160990983982957,-1.1160990983982957,-1.1160990983982957,-1.1160990983982957,-1.1160990983982957,-1.1160990983982957,-1.1160990983982957,-1.1160990983982957,-1.1160990983982957,-1.1160990983982957,-1.1160990983982957,-1.1160990983982957,-1.1160990983982957,-1.1160990983982957,-1.1160990983982957,-1.1160990983982957,-1.1160990983982957,-1.1160990983982957,-1.1160990983982957,-1.1160990983982957,-1.1160990983982957,-1.1160990983982957,-1.1160990983982957,-1.1160990983982957,-1.1160990983982957,-1.1160990983982957,-1.1160990983982957,-1.1160990983982957,-1.1160990983982957,-1.1160990983982957,-1.1160990983982957,-1.1160990983982957,-1.1160990983982957,-1.1160990983982957,-1.1160990983982957,-1.1160990983982957,-1.1160990983982957,-1.1160990983982957,-1.1160990983982957,-1.1160990983982957,-1.1160990983982957,-1.1160990983982957,-1.1160990983982957,-1.1160990983982957,-1.1160990983982957,-1.1160990983982957,-1.1160990983982957,-1.1160990983982957,-1.1160990983982957,-1.1160990983982957,-1.1160990983982957,-1.1160990983982957,-1.1160990983982957,-1.1160990983982957,-1.1160990983982957,-1.1160990983982957,-1.1160990983982957,-1.1160990983982957,-1.1160990983982957,-1.1160990983982957,-1.1160990983982957,-1.1160990983982957,-1.1160990983982957,-1.1160990983982957,-1.1160990983982957,-1.1160990983982957,-1.1160990983982957,-1.1160990983982957,-1.1160990983982957,-1.1160990983982957,-1.1160990983982957,-1.1160990983982957,-1.1160990983982957,-1.1160990983982957,-1.1160990983982957,-1.1160990983982957,-1.1160990983982957,-1.1160990983982957,-1.1160990983982957,-1.1160990983982957,-1.1160990983982957,-1.1160990983982957,-1.1160990983982957,-1.1160990983982957,-1.1160990983982957,-1.1160990983982957,-1.1160990983982957,-1.1160990983982957,-1.1160990983982957,-1.1160990983982957,-1.1160990983982957,-1.1160990983982957,-1.1160990983982957,-1.1160990983982957,-1.1160990983982957,-1.1160990983982957,-1.1160990983982957,-1.1160990983982957,-1.1160990983982957,-1.1160990983982957,-1.1160990983982957,-1.1160990983982957,-1.1160990983982957,-1.1160990983982957,-1.1160990983982957,-1.1160990983982957,-1.1160990983982957,-1.1160990983982957,-1.1160990983982957,-1.1160990983982957,-1.1160990983982957,-1.1160990983982957,-1.1160990983982957,-1.1160990983982957,-1.1160990983982957,-1.1160990983982957,-1.1160990983982957,-1.1160990983982957,-1.1160990983982957,-1.1160990983982957,-1.1160990983982957,-1.1160990983982957,-1.1160990983982957,-1.1160990983982957,-1.1160990983982957
1.0,1.0,1.0,1.0,1.0,1.0,1.0,1.0,1.0,1.0,1.0,1.0,1.0,1.0,1.0,1.0,1.0,1.0,1.0,1.0,1.0,1.0,1.0,1.0,1.0,1.0,1.0,1.0,1.0,1.0,1.0,1.0,1.0,1.0,1.0,1.0,1.0,1.0,1.0,1.0,1.0,1.0,1.0,1.0,1.0,1.0,1.0,1.0,1.0,1.0,1.0,1.0,1.0,1.0,1.0,1.0,1.0,1.0,1.0,1.0,1.0,1.0,1.0,1.0,1.0,1.0,1.0,1.0,1.0,1.0,1.0,1.0,1.0,1.0,1.0,1.0,1.0,1.0,1.0,1.0,1.0,1.0,1.0,1.0,1.0,1.0,1.0,1.0,1.0,1.0,1.0,1.0,1.0,1.0,1.0,1.0,1.0,1.0,1.0,1.0,1.0,1.0,1.0,1.0,1.0,1.0,1.0,1.0,1.0,1.0,1.0,1.0,1.0,1.0,1.0,1.0,1.0,1.0,1.0,1.0,1.0,1.0,1.0,1.0,1.0,1.0,1.0,1.0,1.0,1.0,1.0,1.0,1.0,1.0,1.0,1.0,1.0,1.0,1.0,1.0,1.0,1.0,1.0,1.0,1.0,1.0,1.0,1.0,1.0,1.0,1.0,1.0,1.0,1.0,1.0,1.0,1.0,1.0,1.0,1.0,1.0,1.0,1.0,1.0,1.0,1.0,1.0,1.0,1.0,1.0,1.0,1.0,1.0,1.0,1.0,1.0,1.0,1.0,1.0,1.0,1.0,1.0,1.0,1.0,1.0,1.0,1.0,1.0,1.0,1.0,1.0,1.0,1.0,1.0,1.0,1.0,1.0,1.0,1.0,1.0,1.0,1.0,1.0,1.0,1.0,1.0,1.0,1.0,1.0,1.0,1.0,1.0,1.0,1.0,1.0,1.0,1.0,1.0,1.0,1.0,1.0,1.0,1.0,1.0,1.0,1.0,1.0,1.0,1.0,1.0,1.0,1.0,1.0,1.0,1.0,1.0,1.0,1.0,1.0,1.0,1.0,1.0,1.0,1.0,1.0,1.0,1.0,1.0,1.0,1.0,1.0,1.0,1.0,1.0,1.0,1.0,1.0,1.0,1.0,1.0,1.0,1.0,1.0,1.0,1.0,1.0,1.0,1.0,1.0,1.0,1.0,1.0,1.0,1.0,1.0,1.0,1.0,1.0,1.0,1.0,1.0,1.0,1.0,1.0,1.0,1.0,1.0,1.0,1.0,1.0,1.0,1.0,1.0,1.0,1.0,1.0,1.0,1.0,1.0,1.0,1.0,1.0,1.0,1.0,1.0,1.0,1.0,1.0,1.0,1.0,1.0,1.0,1.0,1.0,1.0,1.0,1.0,1.0,1.0,1.0,1.0,1.0,1.0,1.0,1.0,1.0,1.0,1.0,1.0,1.0,1.0,1.0,1.0,1.0,1.0,1.0,1.0,1.0,1.0,1.0,1.0,1.0,1.0,1.0,1.0,1.0,1.0,1.0,1.0,1.0,1.0,1.0,1.0,1.0,1.0,1.0,1.0,1.0,1.0,1.0,1.0,1.0,1.0,1.0,1.0,1.0,1.0,1.0,1.0,1.0,1.0,1.0,1.0,1.0,1.0,1.0,1.0,1.0,1.0,1.0,1.0,1.0,1.0,1.0,1.0,1.0,1.0,1.0,1.0,1.0,1.0,1.0,1.0,1.0,1.0,1.0,1.0,1.0,1.0,1.0,1.0,1.0,1.0,1.0,1.0,1.0,1.0,1.0,1.0,1.0,1.0,1.0,1.0,1.0,1.0,1.0,1.0,1.0,1.0,1.0,1.0,1.0,1.0,1.0,1.0,1.0,1.0,1.0,1.0,1.0,1.0,1.0,1.0,1.0,1.0,1.0,1.0,1.0,1.0,1.0,1.0,1.0,1.0,1.0,1.0,1.0,1.0,1.0,1.0,1.0,1.0,1.0,1.0,1.0,1.0,1.0,1.0,1.0,1.0,1.0,1.0,1.0,1.0,1.0,1.0,1.0,1.0,1.0,1.0,1.0,1.0,1.0,1.0,1.0,1.0,1.0,1.0,1.0,1.0,1.0,1.0,1.0,1.0,1.0,1.0,1.0,1.0,1.0,1.0,1.0,1.0,1.0,1.0,1.0,1.0,1.0,1.0,1.0,1.0,1.0,1.0,1.0,1.0,1.0,1.0,1.0,1.0,1.0,1.0,1.0,1.0,1.0,1.0,1.0,1.0,1.0,1.0,1.0,1.0,1.0,1.0,1.0,1.0,1.0,1.0,1.0,1.0,1.0,1.0,1.0,1.0,1.0,1.0,1.0,1.0,1.0,1.0,1.0,1.0,1.0,1.0,1.0,1.0,1.0,1.0,1.0,1.0,1.0,1.0,1.0,1.0,1.0,1.0,1.0,1.0,1.0,1.0,1.0,1.0,1.0,1.0,1.0,1.0,1.0,1.0,1.0,1.0,1.0,1.0,1.0,1.0,1.0,1.0,1.0,1.0,1.0,1.0,1.0,1.0,1.0,1.0,1.0,1.0,1.0,1.0,1.0,1.0,1.0,1.0,1.0,1.0,1.0,1.0,1.0,1.0,1.0,1.0,1.0,1.0,1.0,1.0,1.0,1.0,1.0,1.0,1.0,1.0,1.0,1.0,1.0,1.0,1.0,1.0,1.0,1.0,1.0,1.0,1.0,1.0,1.0,1.0,1.0,1.0,1.0,1.0,1.0,1.0,1.0,1.0,1.0,1.0,1.0,1.0,1.0,1.0,1.0,1.0,1.0,1.0,1.0,1.0,1.0,1.0,1.0,1.0,1.0,1.0,1.0,1.0,1.0,1.0,1.0,1.0,1.0,1.0,1.0,1.0,1.0,1.0,1.0,1.0,1.0,1.0,1.0,1.0,1.0,1.0,1.0,1.0,1.0,1.0,1.0,1.0,1.0,1.0,1.0,1.0,1.0,1.0,1.0,1.0,1.0,1.0,1.0,1.0,1.0,1.0,1.0,1.0,1.0,1.0,1.0,1.0,1.0,1.0,1.0,1.0,1.0,1.0,1.0,1.0,1.0,1.0,1.0,1.0,1.0,1.0,1.0,1.0,1.0,1.0,1.0,1.0,1.0,1.0,1.0,1.0,1.0,1.0,1.0,1.0
1.0,1.0,1.0,1.0,1.0,1.0,1.0,1.0,1.0,1.0,1.0,1.0,1.0,1.0,1.0,1.0,1.0,1.0,1.0,1.0,1.0,1.0,1.0,1.0,1.0,1.0,1.0,1.0,1.0,1.0,1.0,1.0,1.0,1.0,1.0,1.0,1.0,1.0,1.0,1.0,1.0,1.0,1.0,1.0,1.0,1.0,1.0,1.0,1.0,1.0,1.0,1.0,1.0,1.0,1.0,1.0,1.0,1.0,1.0,1.0,1.0,1.0,1.0,1.0,1.0,1.0,1.0,1.0,1.0,1.0,1.0,1.0,1.0,1.0,1.0,1.0,1.0,1.0,1.0,1.0,1.0,1.0,1.0,1.0,1.0,1.0,1.0,1.0,1.0,1.0,1.0,1.0,1.0,1.0,1.0,1.0,1.0,1.0,1.0,1.0,1.0,1.0,1.0,1.0,1.0,1.0,1.0,1.0,1.0,1.0,1.0,1.0,1.0,1.0,1.0,1.0,1.0,1.0,1.0,1.0,1.0,1.0,1.0,1.0,1.0,1.0,1.0,1.0,1.0,1.0,1.0,1.0,1.0,1.0,1.0,1.0,1.0,1.0,1.0,1.0,1.0,1.0,1.0,1.0,1.0,1.0,1.0,1.0,1.0,1.0,1.0,1.0,1.0,1.0,1.0,1.0,1.0,1.0,1.0,1.0,1.0,1.0,1.0,1.0,1.0,1.0,1.0,1.0,1.0,1.0,1.0,1.0,1.0,1.0,1.0,1.0,1.0,1.0,1.0,1.0,1.0,1.0,1.0,1.0,1.0,1.0,1.0,1.0,1.0,1.0,1.0,1.0,1.0,1.0,1.0,1.0,1.0,1.0,1.0,1.0,1.0,1.0,1.0,1.0,1.0,1.0,1.0,1.0,1.0,1.0,1.0,1.0,1.0,1.0,1.0,1.0,1.0,1.0,1.0,1.0,1.0,1.0,1.0,1.0,1.0,1.0,1.0,1.0,1.0,1.0,1.0,1.0,1.0,1.0,1.0,1.0,1.0,1.0,1.0,1.0,1.0,1.0,1.0,1.0,1.0,1.0,1.0,1.0,1.0,1.0,1.0,1.0,1.0,1.0,1.0,1.0,1.0,1.0,1.0,1.0,1.0,1.0,1.0,1.0,1.0,1.0,1.0,1.0,1.0,1.0,1.0,1.0,1.0,1.0,1.0,1.0,1.0,1.0,1.0,1.0,1.0,1.0,1.0,1.0,1.0,1.0,1.0,1.0,1.0,1.0,1.0,1.0,1.0,1.0,1.0,1.0,1.0,1.0,1.0,1.0,1.0,1.0,1.0,1.0,1.0,1.0,1.0,1.0,1.0,1.0,1.0,1.0,1.0,1.0,1.0,1.0,1.0,1.0,1.0,1.0,1.0,1.0,1.0,1.0,1.0,1.0,1.0,1.0,1.0,1.0,1.0,1.0,1.0,1.0,1.0,1.0,1.0,1.0,1.0,1.0,1.0,1.0,1.0,1.0,1.0,1.0,1.0,1.0,1.0,1.0,1.0,1.0,1.0,1.0,1.0,1.0,1.0,1.0,1.0,1.0,1.0,1.0,1.0,1.0,1.0,1.0,1.0,1.0,1.0,1.0,1.0,1.0,1.0,1.0,1.0,1.0,1.0,1.0,1.0,1.0,1.0,1.0,1.0,1.0,1.0,1.0,1.0,1.0,1.0,1.0,1.0,1.0,1.0,1.0,1.0,1.0,1.0,1.0,1.0,1.0,1.0,1.0,1.0,1.0,1.0,1.0,1.0,1.0,1.0,1.0,1.0,1.0,1.0,1.0,1.0,1.0,1.0,1.0,1.0,1.0,1.0,1.0,1.0,1.0,1.0,1.0,1.0,1.0,1.0,1.0,1.0,1.0,1.0,1.0,1.0,1.0,1.0,1.0,1.0,1.0,1.0,1.0,1.0,1.0,1.0,1.0,1.0,1.0,1.0,1.0,1.0,1.0,1.0,1.0,1.0,1.0,1.0,1.0,1.0,1.0,1.0,1.0,1.0,1.0,1.0,1.0,1.0,1.0,1.0,1.0,1.0,1.0,1.0,1.0,1.0,1.0,1.0,1.0,1.0,1.0,1.0,1.0,1.0,1.0,1.0,1.0,1.0,1.0,1.0,1.0,1.0,1.0,1.0,1.0,1.0,1.0,1.0,1.0,1.0,1.0,1.0,1.0,1.0,1.0,1.0,1.0,1.0,1.0,1.0,1.0,1.0,1.0,1.0,1.0,1.0,1.0,1.0,1.0,1.0,1.0,1.0,1.0,1.0,1.0,1.0,1.0,1.0,1.0,1.0,1.0,1.0,1.0,1.0,1.0,1.0,1.0,1.0,1.0,1.0,1.0,1.0,1.0,1.0,1.0,1.0,1.0,1.0,1.0,1.0,1.0,1.0,1.0,1.0,1.0,1.0,1.0,1.0,1.0,1.0,1.0,1.0,1.0,1.0,1.0,1.0,1.0,1.0,1.0,1.0,1.0,1.0,1.0,1.0,1.0,1.0,1.0,1.0,1.0,1.0,1.0,1.0,1.0,1.0,1.0,1.0,1.0,1.0,1.0,1.0,1.0,1.0,1.0,1.0,1.0,1.0,1.0,1.0,1.0,1.0,1.0,1.0,1.0,1.0,1.0,1.0,1.0,1.0,1.0,1.0,1.0,1.0,1.0,1.0,1.0,1.0,1.0,1.0,1.0,1.0,1.0,1.0,1.0,1.0,1.0,1.0,1.0,1.0,1.0,1.0,1.0,1.0,1.0,1.0,1.0,1.0,1.0,1.0,1.0,1.0,1.0,1.0,1.0,1.0,1.0,1.0,1.0,1.0,1.0,1.0,1.0,1.0,1.0,1.0,1.0,1.0,1.0,1.0,1.0,1.0,1.0,1.0,1.0,1.0,1.0,1.0,1.0,1.0,1.0,1.0,1.0,1.0,1.0,1.0,1.0,1.0,1.0,1.0,1.0,1.0,1.0,1.0,1.0,1.0,1.0,1.0,1.0,1.0,1.0,1.0,1.0,1.0,1.0,1.0,1.0,1.0,1.0,1.0,1.0,1.0,1.0,1.0,1.0,1.0,1.0,1.0,1.0,1.0,1.0,1.0,1.0,1.0,1.0,1.0,1.0,1.0,1.0,1.0,1.0,1.0,1.0,1.0
1.7061554317390835,1.7061554317390835,1.7061554317390835,1.7061554317390835,1.7061554317390835,1.7061554317390835,1.7061554317390835,1.7061554317390835,1.7061554317390835,1.7061554317390835,1.7061554317390835,1.7061554317390835,1.7061554317390835,1.7061554317390835,1.7061554317390835,1.7061554317390835,1.7061554317390835,1.7061554317390835,1.7061554317390835,1.7061554317390835,1.7061554317390835,1.7061554317390835,1.7061554317390835,1.7061554317390835,1.7061554317390835,1.7061554317390835,1.7061554317390835,1.7061554317390835,1.7061554317390835,1.7061554317390835,1.7061554317390835,1.7061554317390835,1.7061554317390835,1.7061554317390835,1.7061554317390835,1.7061554317390835,1.7061554317390835,1.7061554317390835,1.7061554317390835,1.7061554317390835,1.7061554317390835,1.7061554317390835,1.7061554317390835,1.7061554317390835,1.7061554317390835,1.7061554317390835,1.7061554317390835,1.7061554317390835,1.7061554317390835,1.7061554317390835,1.7061554317390835,1.7061554317390835,1.7061554317390835,1.7061554317390835,1.7061554317390835,1.7061554317390835,1.7061554317390835,1.7061554317390835,1.7061554317390835,1.7061554317390835,1.7061554317390835,1.7061554317390835,1.7061554317390835,1.7061554317390835,1.7061554317390835,1.7061554317390835,1.7061554317390835,1.7061554317390835,1.7061554317390835,1.7061554317390835,1.7061554317390835,1.7061554317390835,1.7061554317390835,1.7061554317390835,1.7061554317390835,1.7061554317390835,1.7061554317390835,1.7061554317390835,1.7061554317390835,1.7061554317390835,1.7061554317390835,1.7061554317390835,1.7061554317390835,1.7061554317390835,1.7061554317390835,1.7061554317390835,1.7061554317390835,1.7061554317390835,1.7061554317390835,1.7061554317390835,1.7061554317390835,1.7061554317390835,1.7061554317390835,1.7061554317390835,1.7061554317390835,1.7061554317390835,1.7061554317390835,1.7061554317390835,1.7061554317390835,1.7061554317390835,1.7061554317390835,1.7061554317390835,1.7061554317390835,1.7061554317390835,1.7061554317390835,1.7061554317390835,1.7061554317390835,1.7061554317390835,1.7061554317390835,1.7061554317390835,1.7061554317390835,1.7061554317390835,1.7061554317390835,1.7061554317390835,1.7061554317390835,1.7061554317390835,1.7061554317390835,1.7061554317390835,1.7061554317390835,1.7061554317390835,1.7061554317390835,1.7061554317390835,1.7061554317390835,1.7061554317390835,1.7061554317390835,1.7061554317390835,1.7061554317390835,1.7061554317390835,1.7061554317390835,1.7061554317390835,1.7061554317390835,1.7061554317390835,1.7061554317390835,1.7061554317390835,1.7061554317390835,1.7061554317390835,1.7061554317390835,1.7061554317390835,1.7061554317390835,1.7061554317390835,1.7061554317390835,1.7061554317390835,1.7061554317390835,1.7061554317390835,1.7061554317390835,1.7061554317390835,1.7061554317390835,1.7061554317390835,1.7061554317390835,1.7061554317390835,1.7061554317390835,1.7061554317390835,1.7061554317390835,1.7061554317390835,1.7061554317390835,1.7061554317390835,1.7061554317390835,1.7061554317390835,1.7061554317390835,1.7061554317390835,1.7061554317390835,1.7061554317390835,1.7061554317390835,1.7061554317390835,1.7061554317390835,1.7061554317390835,1.7061554317390835,1.7061554317390835,1.7061554317390835,1.7061554317390835,1.7061554317390835,1.7061554317390835,1.7061554317390835,1.7061554317390835,1.7061554317390835,1.7061554317390835,1.7061554317390835,1.7061554317390835,1.7061554317390835,1.7061554317390835,1.7061554317390835,1.7061554317390835,1.7061554317390835,1.7061554317390835,1.7061554317390835,1.7061554317390835,1.7061554317390835,1.7061554317390835,1.7061554317390835,1.7061554317390835,1.7061554317390835,1.7061554317390835,1.7061554317390835,1.7061554317390835,1.7061554317390835,1.7061554317390835,1.7061554317390835,1.7061554317390835,1.7061554317390835,1.7061554317390835,1.7061554317390835,1.7061554317390835,1.7061554317390835,1.7061554317390835,1.7061554317390835,1.7061554317390835,1.7061554317390835,1.7061554317390835,1.7061554317390835,1.7061554317390835,1.7061554317390835,1.7061554317390835,1.7061554317390835,1.7061554317390835,1.7061554317390835,1.7061554317390835,1.7061554317390835,1.7061554317390835,1.7061554317390835,1.7061554317390835,1.7061554317390835,1.7061554317390835,1.7061554317390835,1.7061554317390835,1.7061554317390835,1.7061554317390835,1.7061554317390835,1.7061554317390835,1.7061554317390835,1.7061554317390835,1.7061554317390835,1.7061554317390835,1.7061554317390835,1.7061554317390835,1.7061554317390835,1.7061554317390835,1.7061554317390835,1.7061554317390835,1.7061554317390835,1.7061554317390835,1.7061554317390835,1.7061554317390835,1.7061554317390835,1.7061554317390835,1.7061554317390835,1.7061554317390835,1.7061554317390835,1.7061554317390835,1.7061554317390835,1.7061554317390835,1.7061554317390835,1.7061554317390835,1.7061554317390835,1.7061554317390835,1.7061554317390835,1.7061554317390835,1.7061554317390835,1.7061554317390835,1.7061554317390835,1.7061554317390835,1.7061554317390835,1.7061554317390835,1.7061554317390835,1.7061554317390835,1.7061554317390835,1.7061554317390835,1.7061554317390835,1.7061554317390835,1.7061554317390835,1.7061554317390835,1.7061554317390835,1.7061554317390835,1.7061554317390835,1.7061554317390835,1.7061554317390835,1.7061554317390835,1.7061554317390835,1.7061554317390835,1.7061554317390835,1.7061554317390835,1.7061554317390835,1.7061554317390835,1.7061554317390835,1.7061554317390835,1.7061554317390835,1.7061554317390835,1.7061554317390835,1.7061554317390835,1.7061554317390835,1.7061554317390835,1.7061554317390835,1.7061554317390835,1.7061554317390835,1.7061554317390835,1.7061554317390835,1.7061554317390835,1.7061554317390835,1.7061554317390835,1.7061554317390835,1.7061554317390835,1.7061554317390835,1.7061554317390835,1.7061554317390835,1.7061554317390835,1.7061554317390835,1.7061554317390835,1.7061554317390835,1.7061554317390835,1.7061554317390835,1.7061554317390835,1.7061554317390835,1.7061554317390835,1.7061554317390835,1.7061554317390835,1.7061554317390835,1.7061554317390835,1.7061554317390835,1.7061554317390835,1.7061554317390835,1.7061554317390835,1.7061554317390835,1.7061554317390835,1.7061554317390835,1.7061554317390835,1.7061554317390835,1.7061554317390835,1.7061554317390835,1.7061554317390835,1.7061554317390835,1.7061554317390835,1.7061554317390835,1.7061554317390835,1.7061554317390835,1.7061554317390835,1.7061554317390835,1.7061554317390835,1.7061554317390835,1.7061554317390835,1.7061554317390835,1.7061554317390835,1.7061554317390835,1.7061554317390835,1.7061554317390835,1.7061554317390835,1.7061554317390835,1.7061554317390835,1.7061554317390835,1.7061554317390835,1.7061554317390835,1.7061554317390835,1.7061554317390835,1.7061554317390835,1.7061554317390835,1.7061554317390835,1.7061554317390835,1.7061554317390835,1.7061554317390835,1.7061554317390835,1.7061554317390835,1.7061554317390835,1.7061554317390835,1.7061554317390835,1.7061554317390835,1.7061554317390835,1.7061554317390835,1.7061554317390835,1.7061554317390835,1.7061554317390835,1.7061554317390835,1.7061554317390835,1.7061554317390835,1.7061554317390835,1.7061554317390835,1.7061554317390835,1.7061554317390835,1.7061554317390835,1.7061554317390835,1.7061554317390835,1.7061554317390835,1.7061554317390835,1.7061554317390835,1.7061554317390835,1.7061554317390835,1.7061554317390835,1.7061554317390835,1.7061554317390835,1.7061554317390835,1.7061554317390835,1.7061554317390835,1.7061554317390835,1.7061554317390835,1.7061554317390835,1.7061554317390835,1.7061554317390835,1.7061554317390835,1.7061554317390835,1.7061554317390835,1.7061554317390835,1.7061554317390835,1.7061554317390835,1.7061554317390835,1.7061554317390835,1.7061554317390835,1.7061554317390835,1.7061554317390835,1.7061554317390835,1.7061554317390835,1.7061554317390835,1.7061554317390835,1.7061554317390835,1.7061554317390835,1.7061554317390835,1.7061554317390835,1.7061554317390835,1.7061554317390835,1.7061554317390835,1.7061554317390835,1.7061554317390835,1.7061554317390835,1.7061554317390835,1.7061554317390835,1.7061554317390835,1.7061554317390835,1.7061554317390835,1.7061554317390835,1.7061554317390835,1.7061554317390835,1.7061554317390835,1.7061554317390835,1.7061554317390835,1.7061554317390835,1.7061554317390835,1.7061554317390835,1.7061554317390835,1.7061554317390835,1.7061554317390835,1.7061554317390835,1.7061554317390835,1.7061554317390835,1.7061554317390835,1.7061554317390835,1.7061554317390835,1.7061554317390835,1.7061554317390835,1.7061554317390835,1.7061554317390835,1.7061554317390835,1.7061554317390835,1.7061554317390835,1.7061554317390835,1.7061554317390835,1.7061554317390835,1.7061554317390835,1.7061554317390835,1.7061554317390835,1.7061554317390835,1.7061554317390835,1.7061554317390835,1.7061554317390835,1.7061554317390835,1.7061554317390835,1.7061554317390835,1.7061554317390835,1.7061554317390835,1.7061554317390835,1.7061554317390835,1.7061554317390835,1.7061554317390835,1.7061554317390835,1.7061554317390835,1.7061554317390835,1.7061554317390835,1.7061554317390835,1.7061554317390835,1.7061554317390835,1.7061554317390835,1.7061554317390835,1.7061554317390835,1.7061554317390835,1.7061554317390835,1.7061554317390835,1.7061554317390835,1.7061554317390835,1.7061554317390835,1.7061554317390835,1.7061554317390835,1.7061554317390835,1.7061554317390835,1.7061554317390835,1.7061554317390835,1.7061554317390835,1.7061554317390835,1.7061554317390835,1.7061554317390835,1.7061554317390835,1.7061554317390835,1.7061554317390835,1.7061554317390835,1.7061554317390835,1.7061554317390835,1.7061554317390835,1.7061554317390835,1.7061554317390835,1.7061554317390835,1.7061554317390835,1.7061554317390835,1.7061554317390835,1.7061554317390835,1.7061554317390835,1.7061554317390835,1.7061554317390835,1.7061554317390835,1.7061554317390835,1.7061554317390835,1.7061554317390835,1.7061554317390835,1.7061554317390835,1.7061554317390835,1.7061554317390835,1.7061554317390835,1.7061554317390835,1.7061554317390835,1.7061554317390835,1.7061554317390835,1.7061554317390835,1.7061554317390835,1.7061554317390835,1.7061554317390835,1.7061554317390835,1.7061554317390835,1.7061554317390835,1.7061554317390835,1.7061554317390835,1.7061554317390835,1.7061554317390835,1.7061554317390835,1.7061554317390835,1.7061554317390835,1.7061554317390835,1.7061554317390835,1.7061554317390835,1.7061554317390835,1.7061554317390835,1.7061554317390835,1.7061554317390835,1.7061554317390835,1.7061554317390835,1.7061554317390835,1.7061554317390835,1.7061554317390835,1.7061554317390835,1.7061554317390835,1.7061554317390835,1.7061554317390835,1.7061554317390835,1.7061554317390835,1.7061554317390835,1.7061554317390835,1.7061554317390835,1.7061554317390835,1.7061554317390835,1.7061554317390835,1.7061554317390835,1.7061554317390835,1.7061554317390835,1.7061554317390835,1.7061554317390835,1.7061554317390835,1.7061554317390835,1.7061554317390835,1.7061554317390835,1.7061554317390835,1.7061554317390835,1.7061554317390835,1.7061554317390835,1.7061554317390835,1.7061554317390835,1.7061554317390835,1.7061554317390835,1.7061554317390835,1.7061554317390835,1.7061554317390835,1.7061554317390835,1.7061554317390835,1.7061554317390835,1.7061554317390835,1.7061554317390835,1.7061554317390835,1.7061554317390835,1.7061554317390835,1.7061554317390835,1.7061554317390835,1.7061554317390835,1.7061554317390835,1.7061554317390835,1.7061554317390835,1.7061554317390835,1.7061554317390835,1.7061554317390835,1.7061554317390835,1.7061554317390835,1.7061554317390835,1.7061554317390835,1.7061554317390835,1.7061554317390835,1.7061554317390835,1.7061554317390835,1.7061554317390835,1.7061554317390835,1.7061554317390835,1.7061554317390835,1.7061554317390835,1.7061554317390835,1.7061554317390835,1.7061554317390835,1.7061554317390835,1.7061554317390835,1.7061554317390835,1.7061554317390835,1.7061554317390835,1.7061554317390835,1.7061554317390835,1.7061554317390835,1.7061554317390835,1.7061554317390835,1.7061554317390835,1.7061554317390835,1.7061554317390835,1.7061554317390835,1.7061554317390835,1.7061554317390835,1.7061554317390835,1.7061554317390835,1.7061554317390835,1.7061554317390835,1.7061554317390835,1.7061554317390835,1.7061554317390835,1.7061554317390835,1.7061554317390835,1.7061554317390835,1.7061554317390835,1.7061554317390835,1.7061554317390835,1.7061554317390835,1.7061554317390835,1.7061554317390835,1.7061554317390835,1.7061554317390835,1.7061554317390835,1.7061554317390835,1.7061554317390835,1.7061554317390835,1.7061554317390835,1.7061554317390835,1.7061554317390835,1.7061554317390835,1.7061554317390835,1.7061554317390835,1.7061554317390835,1.7061554317390835,1.7061554317390835,1.7061554317390835,1.7061554317390835,1.7061554317390835,1.7061554317390835,1.7061554317390835,1.7061554317390835,1.7061554317390835,1.7061554317390835,1.7061554317390835,1.7061554317390835,1.7061554317390835,1.7061554317390835,1.7061554317390835,1.7061554317390835,1.7061554317390835,1.7061554317390835,1.7061554317390835,1.7061554317390835,1.7061554317390835,1.7061554317390835,1.7061554317390835,1.7061554317390835,1.7061554317390835,1.7061554317390835,1.7061554317390835,1.7061554317390835,1.7061554317390835,1.7061554317390835,1.7061554317390835,1.7061554317390835,1.7061554317390835,1.7061554317390835,1.7061554317390835,1.7061554317390835,1.7061554317390835,1.7061554317390835,1.7061554317390835,1.7061554317390835,1.7061554317390835,1.7061554317390835,1.7061554317390835,1.7061554317390835,1.7061554317390835,1.7061554317390835,1.7061554317390835,1.7061554317390835,1.7061554317390835,1.7061554317390835,1.7061554317390835,1.7061554317390835,1.7061554317390835,1.7061554317390835,1.7061554317390835,1.7061554317390835,1.7061554317390835,1.7061554317390835,1.7061554317390835,1.7061554317390835,1.7061554317390835
-0.14212247291710237,-0.14212247291710237,-0.14212247291710237,-0.14212247291710237,-0.14212247291710237,-0.14212247291710237,-0.14212247291710237,-0.14212247291710237,-0.14212247291710237,-0.14212247291710237,-0.14212247291710237,-0.14212247291710237,-0.14212247291710237,-0.14212247291710237,-0.14212247291710237,-0.14212247291710237,-0.14212247291710237,-0.14212247291710237,-0.14212247291710237,-0.14212247291710237,-0.14212247291710237,-0.14212247291710237,-0.14212247291710237,-0.14212247291710237,-0.14212247291710237,-0.14212247291710237,-0.14212247291710237,-0.14212247291710237,-0.14212247291710237,-0.14212247291710237,-0.14212247291710237,-0.14212247291710237,-0.14212247291710237,-0.14212247291710237,-0.14212247291710237,-0.14212247291710237,-0.14212247291710237,-0.14212247291710237,-0.14212247291710237,-0.14212247291710237,-0.14212247291710237,-0.14212247291710237,-0.14212247291710237,-0.14212247291710237,-0.14212247291710237,-0.14212247291710237,-0.14212247291710237,-0.14212247291710237,-0.14212247291710237,-0.14212247291710237,-0.14212247291710237,-0.14212247291710237,-0.14212247291710237,-0.14212247291710237,-0.14212247291710237,-0.14212247291710237,-0.14212247291710237,-0.14212247291710237,-0.14212247291710237,-0.14212247291710237,-0.14212247291710237,-0.14212247291710237,-0.14212247291710237,-0.14212247291710237,-0.14212247291710237,-0.14212247291710237,-0.14212247291710237,-0.14212247291710237,-0.14212247291710237,-0.14212247291710237,-0.14212247291710237,-0.14212247291710237,-0.14212247291710237,-0.14212247291710237,-0.14212247291710237,-0.14212247291710237,-0.14212247291710237,-0.14212247291710237,-0.14212247291710237,-0.14212247291710237,-0.14212247291710237,-0.14212247291710237,-0.14212247291710237,-0.14212247291710237,-0.14212247291710237,-0.14212247291710237,-0.14212247291710237,-0.14212247291710237,-0.14212247291710237,-0.14212247291710237,-0.14212247291710237,-0.14212247291710237,-0.14212247291710237,-0.14212247291710237,-0.14212247291710237,-0.14212247291710237,-0.14212247291710237,-0.14212247291710237,-0.14212247291710237,-0.14212247291710237,-0.14212247291710237,-0.14212247291710237,-0.14212247291710237,-0.14212247291710237,-0.14212247291710237,-0.14212247291710237,-0.14212247291710237,-0.14212247291710237,-0.14212247291710237,-0.14212247291710237,-0.14212247291710237,-0.14212247291710237,-0.14212247291710237,-0.14212247291710237,-0.14212247291710237,-0.14212247291710237,-0.14212247291710237,-0.14212247291710237,-0.14212247291710237,-0.14212247291710237,-0.14212247291710237,-0.14212247291710237,-0.14212247291710237,-0.14212247291710237,-0.14212247291710237,-0.14212247291710237,-0.14212247291710237,-0.14212247291710237,-0.14212247291710237,-0.14212247291710237,-0.14212247291710237,-0.14212247291710237,-0.14212247291710237,-0.14212247291710237,-0.14212247291710237,-0.14212247291710237,-0.14212247291710237,-0.14212247291710237,-0.14212247291710237,-0.14212247291710237,-0.14212247291710237,-0.14212247291710237,-0.14212247291710237,-0.14212247291710237,-0.14212247291710237,-0.14212247291710237,-0.14212247291710237,-0.14212247291710237,-0.14212247291710237,-0.14212247291710237,-0.14212247291710237,-0.14212247291710237,-0.14212247291710237,-0.14212247291710237,-0.14212247291710237,-0.14212247291710237,-0.14212247291710237,-0.14212247291710237,-0.14212247291710237,-0.14212247291710237,-0.14212247291710237,-0.14212247291710237,-0.14212247291710237,-0.14212247291710237,-0.14212247291710237,-0.14212247291710237,-0.14212247291710237,-0.14212247291710237,-0.14212247291710237,-0.14212247291710237,-0.14212247291710237,-0.14212247291710237,-0.14212247291710237,-0.14212247291710237,-0.14212247291710237,-0.14212247291710237,-0.14212247291710237,-0.14212247291710237,-0.14212247291710237,-0.14212247291710237,-0.14212247291710237,-0.14212247291710237,-0.14212247291710237,-0.14212247291710237,-0.14212247291710237,-0.14212247291710237,-0.14212247291710237,-0.14212247291710237,-0.14212247291710237,-0.14212247291710237,-0.14212247291710237,-0.14212247291710237,-0.14212247291710237,-0.14212247291710237,-0.14212247291710237,-0.14212247291710237,-0.14212247291710237,-0.14212247291710237,-0.14212247291710237,-0.14212247291710237,-0.14212247291710237,-0.14212247291710237,-0.14212247291710237,-0.14212247291710237,-0.14212247291710237,-0.14212247291710237,-0.14212247291710237,-0.14212247291710237,-0.14212247291710237,-0.14212247291710237,-0.14212247291710237,-0.14212247291710237,-0.14212247291710237,-0.14212247291710237,-0.14212247291710237,-0.14212247291710237,-0.14212247291710237,-0.14212247291710237,-0.14212247291710237,-0.14212247291710237,-0.14212247291710237,-0.14212247291710237,-0.14212247291710237,-0.14212247291710237,-0.14212247291710237,-0.14212247291710237,-0.14212247291710237,-0.14212247291710237,-0.14212247291710237,-0.14212247291710237,-0.14212247291710237,-0.14212247291710237,-0.14212247291710237,-0.14212247291710237,-0.14212247291710237,-0.14212247291710237,-0.14212247291710237,-0.14212247291710237,-0.14212247291710237,-0.14212247291710237,-0.14212247291710237,-0.14212247291710237,-0.14212247291710237,-0.14212247291710237,-0.14212247291710237,-0.14212247291710237,-0.14212247291710237,-0.14212247291710237,-0.14212247291710237,-0.14212247291710237,-0.14212247291710237,-0.14212247291710237,-0.14212247291710237,-0.14212247291710237,-0.14212247291710237,-0.14212247291710237,-0.14212247291710237,-0.14212247291710237,-0.14212247291710237,-0.14212247291710237,-0.14212247291710237,-0.14212247291710237,-0.14212247291710237,-0.14212247291710237,-0.14212247291710237,-0.14212247291710237,-0.14212247291710237,-0.14212247291710237,-0.14212247291710237,-0.14212247291710237,-0.14212247291710237,-0.14212247291710237,-0.14212247291710237,-0.14212247291710237,-0.14212247291710237,-0.14212247291710237,-0.14212247291710237,-0.14212247291710237,-0.14212247291710237,-0.14212247291710237,-0.14212247291710237,-0.14212247291710237,-0.14212247291710237,-0.14212247291710237,-0.14212247291710237,-0.14212247291710237,-0.14212247291710237,-0.14212247291710237,-0.14212247291710237,-0.14212247291710237,-0.14212247291710237,-0.14212247291710237,-0.14212247291710237,-0.14212247291710237,-0.14212247291710237,-0.14212247291710237,-0.14212247291710237,-0.14212247291710237,-0.14212247291710237,-0.14212247291710237,-0.14212247291710237,-0.14212247291710237,-0.14212247291710237,-0.14212247291710237,-0.14212247291710237,-0.14212247291710237,-0.14212247291710237,-0.14212247291710237,-0.14212247291710237,-0.14212247291710237,-0.14212247291710237,-0.14212247291710237,-0.14212247291710237,-0.14212247291710237,-0.14212247291710237,-0.14212247291710237,-0.14212247291710237,-0.14212247291710237,-0.14212247291710237,-0.14212247291710237,-0.14212247291710237,-0.14212247291710237,-0.14212247291710237,-0.14212247291710237,-0.14212247291710237,-0.14212247291710237,-0.14212247291710237,-0.14212247291710237,-0.14212247291710237,-0.14212247291710237,-0.14212247291710237,-0.14212247291710237,-0.14212247291710237,-0.14212247291710237,-0.14212247291710237,-0.14212247291710237,-0.14212247291710237,-0.14212247291710237,-0.14212247291710237,-0.14212247291710237,-0.14212247291710237,-0.14212247291710237,-0.14212247291710237,-0.14212247291710237,-0.14212247291710237,-0.14212247291710237,-0.14212247291710237,-0.14212247291710237,-0.14212247291710237,-0.14212247291710237,-0.14212247291710237,-0.14212247291710237,-0.14212247291710237,-0.14212247291710237,-0.14212247291710237,-0.14212247291710237,-0.14212247291710237,-0.14212247291710237,-0.14212247291710237,-0.14212247291710237,-0.14212247291710237,-0.14212247291710237,-0.14212247291710237,-0.14212247291710237,-0.14212247291710237,-0.14212247291710237,-0.14212247291710237,-0.14212247291710237,-0.14212247291710237,-0.14212247291710237,-0.14212247291710237,-0.14212247291710237,-0.14212247291710237,-0.14212247291710237,-0.14212247291710237,-0.14212247291710237,-0.14212247291710237,-0.14212247291710237,-0.14212247291710237,-0.14212247291710237,-0.14212247291710237,-0.14212247291710237,-0.14212247291710237,-0.14212247291710237,-0.14212247291710237,-0.14212247291710237,-0.14212247291710237,-0.14212247291710237,-0.14212247291710237,-0.14212247291710237,-0.14212247291710237,-0.14212247291710237,-0.14212247291710237,-0.14212247291710237,-0.14212247291710237,-0.14212247291710237,-0.14212247291710237,-0.14212247291710237,-0.14212247291710237,-0.14212247291710237,-0.14212247291710237,-0.14212247291710237,-0.14212247291710237,-0.14212247291710237,-0.14212247291710237,-0.14212247291710237,-0.14212247291710237,-0.14212247291710237,-0.14212247291710237,-0.14212247291710237,-0.14212247291710237,-0.14212247291710237,-0.14212247291710237,-0.14212247291710237,-0.14212247291710237,-0.14212247291710237,-0.14212247291710237,-0.14212247291710237,-0.14212247291710237,-0.14212247291710237,-0.14212247291710237,-0.14212247291710237,-0.14212247291710237,-0.14212247291710237,-0.14212247291710237,-0.14212247291710237,-0.14212247291710237,-0.14212247291710237,-0.14212247291710237,-0.14212247291710237,-0.14212247291710237,-0.14212247291710237,-0.14212247291710237,-0.14212247291710237,-0.14212247291710237,-0.14212247291710237,-0.14212247291710237,-0.14212247291710237,-0.14212247291710237,-0.14212247291710237,-0.14212247291710237,-0.14212247291710237,-0.14212247291710237,-0.14212247291710237,-0.14212247291710237,-0.14212247291710237,-0.14212247291710237,-0.14212247291710237,-0.14212247291710237,-0.14212247291710237,-0.14212247291710237,-0.14212247291710237,-0.14212247291710237,-0.14212247291710237,-0.14212247291710237,-0.14212247291710237,-0.14212247291710237,-0.14212247291710237,-0.14212247291710237,-0.14212247291710237,-0.14212247291710237,-0.14212247291710237,-0.14212247291710237,-0.14212247291710237,-0.14212247291710237,-0.14212247291710237,-0.14212247291710237,-0.14212247291710237,-0.14212247291710237,-0.14212247291710237,-0.14212247291710237,-0.14212247291710237,-0.14212247291710237,-0.14212247291710237,-0.14212247291710237,-0.14212247291710237,-0.14212247291710237,-0.14212247291710237,-0.14212247291710237,-0.14212247291710237,-0.14212247291710237,-0.14212247291710237,-0.14212247291710237,-0.14212247291710237,-0.14212247291710237,-0.14212247291710237,-0.14212247291710237,-0.14212247291710237,-0.14212247291710237,-0.14212247291710237,-0.14212247291710237,-0.14212247291710237,-0.14212247291710237,-0.14212247291710237,-0.14212247291710237,-0.14212247291710237,-0.14212247291710237,-0.14212247291710237,-0.14212247291710237,-0.14212247291710237,-0.14212247291710237,-0.14212247291710237,-0.14212247291710237,-0.14212247291710237,-0.14212247291710237,-0.14212247291710237,-0.14212247291710237,-0.14212247291710237,-0.14212247291710237,-0.14212247291710237,-0.14212247291710237,-0.14212247291710237,-0.14212247291710237,-0.14212247291710237,-0.14212247291710237,-0.14212247291710237,-0.14212247291710237,-0.14212247291710237,-0.14212247291710237,-0.14212247291710237,-0.14212247291710237,-0.14212247291710237,-0.14212247291710237,-0.14212247291710237,-0.14212247291710237,-0.14212247291710237,-0.14212247291710237,-0.14212247291710237,-0.14212247291710237,-0.14212247291710237,-0.14212247291710237,-0.14212247291710237,-0.14212247291710237,-0.14212247291710237,-0.14212247291710237,-0.14212247291710237,-0.14212247291710237,-0.14212247291710237,-0.14212247291710237,-0.14212247291710237,-0.14212247291710237,-0.14212247291710237,-0.14212247291710237,-0.14212247291710237,-0.14212247291710237,-0.14212247291710237,-0.14212247291710237,-0.14212247291710237,-0.14212247291710237,-0.14212247291710237,-0.14212247291710237,-0.14212247291710237,-0.14212247291710237,-0.14212247291710237,-0.14212247291710237,-0.14212247291710237,-0.14212247291710237,-0.14212247291710237,-0.14212247291710237,-0.14212247291710237,-0.14212247291710237,-0.14212247291710237,-0.14212247291710237,-0.14212247291710237,-0.14212247291710237,-0.14212247291710237,-0.14212247291710237,-0.14212247291710237,-0.14212247291710237,-0.14212247291710237,-0.14212247291710237,-0.14212247291710237,-0.14212247291710237,-0.14212247291710237,-0.14212247291710237,-0.14212247291710237,-0.14212247291710237,-0.14212247291710237,-0.14212247291710237,-0.14212247291710237,-0.14212247291710237,-0.14212247291710237,-0.14212247291710237,-0.14212247291710237,-0.14212247291710237,-0.14212247291710237,-0.14212247291710237,-0.14212247291710237,-0.14212247291710237,-0.14212247291710237,-0.14212247291710237,-0.14212247291710237,-0.14212247291710237,-0.14212247291710237,-0.14212247291710237,-0.14212247291710237,-0.14212247291710237,-0.14212247291710237,-0.14212247291710237,-0.14212247291710237,-0.14212247291710237,-0.14212247291710237,-0.14212247291710237,-0.14212247291710237,-0.14212247291710237,-0.14212247291710237,-0.14212247291710237,-0.14212247291710237,-0.14212247291710237,-0.14212247291710237,-0.14212247291710237,-0.14212247291710237,-0.14212247291710237,-0.14212247291710237,-0.14212247291710237,-0.14212247291710237,-0.14212247291710237,-0.14212247291710237,-0.14212247291710237,-0.14212247291710237,-0.14212247291710237,-0.14212247291710237,-0.14212247291710237,-0.14212247291710237,-0.14212247291710237,-0.14212247291710237,-0.14212247291710237,-0.14212247291710237,-0.14212247291710237,-0.14212247291710237,-0.14212247291710237,-0.14212247291710237,-0.14212247291710237,-0.14212247291710237,-0.14212247291710237,-0.14212247291710237,-0.14212247291710237,-0.14212247291710237,-0.14212247291710237,-0.14212247291710237,-0.14212247291710237,-0.14212247291710237,-0.14212247291710237,-0.14212247291710237,-0.14212247291710237,-0.14212247291710237,-0.14212247291710237,-0.14212247291710237,-0.14212247291710237,-0.14212247291710237,-0.14212247291710237,-0.14212247291710237,-0.14212247291710237,-0.14212247291710237,-0.14212247291710237,-0.14212247291710237,-0.14212247291710237,-0.14212247291710237,-0.14212247291710237,-0.14212247291710237,-0.14212247291710237,-0.14212247291710237,-0.14212247291710237,-0.14212247291710237,-0.14212247291710237,-0.14212247291710237,-0.14212247291710237,-0.14212247291710237,-0.14212247291710237,-0.14212247291710237,-0.14212247291710237,-0.14212247291710237,-0.14212247291710237,-0.14212247291710237,-0.14212247291710237,-0.14212247291710237,-0.14212247291710237,-0.14212247291710237,-0.14212247291710237,-0.14212247291710237,-0.14212247291710237,-0.14212247291710237,-0.14212247291710237,-0.14212247291710237,-0.14212247291710237,-0.14212247291710237,-0.14212247291710237,-0.14212247291710237,-0.14212247291710237,-0.14212247291710237,-0.14212247291710237,-0.14212247291710237,-0.14212247291710237,-0.14212247291710237,-0.14212247291710237,-0.14212247291710237,-0.14212247291710237,-0.14212247291710237,-0.14212247291710237,-0.14212247291710237,-0.14212247291710237,-0.14212247291710237,-0.14212247291710237,-0.14212247291710237,-0.14212247291710237,-0.14212247291710237,-0.14212247291710237,-0.14212247291710237,-0.14212247291710237,-0.14212247291710237,-0.14212247291710237,-0.14212247291710237,-0.14212247291710237,-0.14212247291710237,-0.14212247291710237,-0.14212247291710237,-0.14212247291710237,-0.14212247291710237,-0.14212247291710237,-0.14212247291710237,-0.14212247291710237
1.969566382794139,1.969566382794139,1.969566382794139,1.969566382794139,1.969566382794139,1.969566382794139,1.969566382794139,1.969566382794139,1.969566382794139,1.969566382794139,1.969566382794139,1.969566382794139,1.969566382794139,1.969566382794139,1.969566382794139,1.969566382794139,1.969566382794139,1.969566382794139,1.969566382794139,1.969566382794139,1.969566382794139,1.969566382794139,1.969566382794139,1.969566382794139,1.969566382794139,1.969566382794139,1.969566382794139,1.969566382794139,1.969566382794139,1.969566382794139,1.969566382794139,1.969566382794139,1.969566382794139,1.969566382794139,1.969566382794139,1.969566382794139,1.969566382794139,1.969566382794139,1.969566382794139,1.969566382794139,1.969566382794139,1.969566382794139,1.969566382794139,1.969566382794139,1.969566382794139,1.969566382794139,1.969566382794139,1.969566382794139,1.969566382794139,1.969566382794139,1.969566382794139,1.969566382794139,1.969566382794139,1.969566382794139,1.969566382794139,1.969566382794139,1.969566382794139,1.969566382794139,1.969566382794139,1.969566382794139,1.969566382794139,1.969566382794139,1.969566382794139,1.969566382794139,1.969566382794139,1.969566382794139,1.969566382794139,1.969566382794139,1.969566382794139,1.969566382794139,1.969566382794139,1.969566382794139,1.969566382794139,1.969566382794139,1.969566382794139,1.969566382794139,1.969566382794139,1.969566382794139,1.969566382794139,1.969566382794139,1.969566382794139,1.969566382794139,1.969566382794139,1.969566382794139,1.969566382794139,1.969566382794139,1.969566382794139,1.969566382794139,1.969566382794139,1.969566382794139,1.969566382794139,1.969566382794139,1.969566382794139,1.969566382794139,1.969566382794139,1.969566382794139,1.969566382794139,1.969566382794139,1.969566382794139,1.969566382794139,1.969566382794139,1.969566382794139,1.969566382794139,1.969566382794139,1.969566382794139,1.969566382794139,1.969566382794139,1.969566382794139,1.969566382794139,1.969566382794139,1.969566382794139,1.969566382794139,1.969566382794139,1.969566382794139,1.969566382794139,1.969566382794139,1.969566382794139,1.969566382794139,1.969566382794139,1.969566382794139,1.969566382794139,1.969566382794139,1.969566382794139,1.969566382794139,1.969566382794139,1.969566382794139,1.969566382794139,1.969566382794139,1.969566382794139,1.969566382794139,1.969566382794139,1.969566382794139,1.969566382794139,1.969566382794139,1.969566382794139,1.969566382794139,1.969566382794139,1.969566382794139,1.969566382794139,1.969566382794139,1.969566382794139,1.969566382794139,1.969566382794139,1.969566382794139,1.969566382794139,1.969566382794139,1.969566382794139,1.969566382794139,1.969566382794139,1.969566382794139,1.969566382794139,1.969566382794139,1.969566382794139,1.969566382794139,1.969566382794139,1.969566382794139,1.969566382794139,1.969566382794139,1.969566382794139,1.969566382794139,1.969566382794139,1.969566382794139,1.969566382794139,1.969566382794139,1.969566382794139,1.969566382794139,1.969566382794139,1.969566382794139,1.969566382794139,1.969566382794139,1.969566382794139,1.969566382794139,1.969566382794139,1.969566382794139,1.969566382794139,1.969566382794139,1.969566382794139,1.969566382794139,1.969566382794139,1.969566382794139,1.969566382794139,1.969566382794139,1.969566382794139,1.969566382794139,1.969566382794139,1.969566382794139,1.969566382794139,1.969566382794139,1.969566382794139,1.969566382794139,1.969566382794139,1.969566382794139,1.969566382794139,1.969566382794139,1.969566382794139,1.969566382794139,1.969566382794139,1.969566382794139,1.969566382794139,1.969566382794139,1.969566382794139,1.969566382794139,1.969566382794139,1.969566382794139,1.969566382794139,1.969566382794139,1.969566382794139,1.969566382794139,1.969566382794139,1.969566382794139,1.969566382794139,1.969566382794139,1.969566382794139,1.969566382794139,1.969566382794139,1.969566382794139,1.969566382794139,1.969566382794139,1.969566382794139,1.969566382794139,1.969566382794139,1.969566382794139,1.969566382794139,1.969566382794139,1.969566382794139,1.969566382794139,1.969566382794139,1.969566382794139,1.969566382794139,1.969566382794139,1.969566382794139,1.969566382794139,1.969566382794139,1.969566382794139,1.969566382794139,1.969566382794139,1.969566382794139,1.969566382794139,1.969566382794139,1.969566382794139,1.969566382794139,1.969566382794139,1.969566382794139,1.969566382794139,1.969566382794139,1.969566382794139,1.969566382794139,1.969566382794139,1.969566382794139,1.969566382794139,1.969566382794139,1.969566382794139,1.969566382794139,1.969566382794139,1.969566382794139,1.969566382794139,1.969566382794139,1.969566382794139,1.969566382794139,1.969566382794139,1.969566382794139,1.969566382794139,1.969566382794139,1.969566382794139,1.969566382794139,1.969566382794139,1.969566382794139,1.969566382794139,1.969566382794139,1.969566382794139,1.969566382794139,1.969566382794139,1.969566382794139,1.969566382794139,1.969566382794139,1.969566382794139,1.969566382794139,1.969566382794139,1.969566382794139,1.969566382794139,1.969566382794139,1.969566382794139,1.969566382794139,1.969566382794139,1.969566382794139,1.969566382794139,1.969566382794139,1.969566382794139,1.969566382794139,1.969566382794139,1.969566382794139,1.969566382794139,1.969566382794139,1.969566382794139,1.969566382794139,1.969566382794139,1.969566382794139,1.969566382794139,1.969566382794139,1.969566382794139,1.969566382794139,1.969566382794139,1.969566382794139,1.969566382794139,1.969566382794139,1.969566382794139,1.969566382794139,1.969566382794139,1.969566382794139,1.969566382794139,1.969566382794139,1.969566382794139,1.969566382794139,1.969566382794139,1.969566382794139,1.969566382794139,1.969566382794139,1.969566382794139,1.969566382794139,1.969566382794139,1.969566382794139,1.969566382794139,1.969566382794139,1.969566382794139,1.969566382794139,1.969566382794139,1.969566382794139,1.969566382794139,1.969566382794139,1.969566382794139,1.969566382794139,1.969566382794139,1.969566382794139,1.969566382794139,1.969566382794139,1.969566382794139,1.969566382794139,1.969566382794139,1.969566382794139,1.969566382794139,1.969566382794139,1.969566382794139,1.969566382794139,1.969566382794139,1.969566382794139,1.969566382794139,1.969566382794139,1.969566382794139,1.969566382794139,1.969566382794139,1.969566382794139,1.969566382794139,1.969566382794139,1.969566382794139,1.969566382794139,1.969566382794139,1.969566382794139,1.969566382794139,1.969566382794139,1.969566382794139,1.969566382794139,1.969566382794139,1.969566382794139,1.969566382794139,1.969566382794139,1.969566382794139,1.969566382794139,1.969566382794139,1.969566382794139,1.969566382794139,1.969566382794139,1.969566382794139,1.969566382794139,1.969566382794139,1.969566382794139,1.969566382794139,1.969566382794139,1.969566382794139,1.969566382794139,1.969566382794139,1.969566382794139,1.969566382794139,1.969566382794139,1.969566382794139,1.969566382794139,1.969566382794139,1.969566382794139,1.969566382794139,1.969566382794139,1.969566382794139,1.969566382794139,1.969566382794139,1.969566382794139,1.969566382794139,1.969566382794139,1.969566382794139,1.969566382794139,1.969566382794139,1.969566382794139,1.969566382794139,1.969566382794139,1.969566382794139,1.969566382794139,1.969566382794139,1.969566382794139,1.969566382794139,1.969566382794139,1.969566382794139,1.969566382794139,1.969566382794139,1.969566382794139,1.969566382794139,1.969566382794139,1.969566382794139,1.969566382794139,1.969566382794139,1.969566382794139,1.969566382794139,1.969566382794139,1.969566382794139,1.969566382794139,1.969566382794139,1.969566382794139,1.969566382794139,1.969566382794139,1.969566382794139,1.969566382794139,1.969566382794139,1.969566382794139,1.969566382794139,1.969566382794139,1.969566382794139,1.969566382794139,1.969566382794139,1.969566382794139,1.969566382794139,1.969566382794139,1.969566382794139,1.969566382794139,1.969566382794139,1.969566382794139,1.969566382794139,1.969566382794139,1.969566382794139,1.969566382794139,1.969566382794139,1.969566382794139,1.969566382794139,1.969566382794139,1.969566382794139,1.969566382794139,1.969566382794139,1.969566382794139,1.969566382794139,1.969566382794139,1.969566382794139,1.969566382794139,1.969566382794139,1.969566382794139,1.969566382794139,1.969566382794139,1.969566382794139,1.969566382794139,1.969566382794139,1.969566382794139,1.969566382794139,1.969566382794139,1.969566382794139,1.969566382794139,1.969566382794139,1.969566382794139,1.969566382794139,1.969566382794139,1.969566382794139,1.969566382794139,1.969566382794139,1.969566382794139,1.969566382794139,1.969566382794139,1.969566382794139,1.969566382794139,1.969566382794139,1.969566382794139,1.969566382794139,1.969566382794139,1.969566382794139,1.969566382794139,1.969566382794139,1.969566382794139,1.969566382794139,1.969566382794139,1.969566382794139,1.969566382794139,1.969566382794139,1.969566382794139,1.969566382794139,1.969566382794139,1.969566382794139,1.969566382794139,1.969566382794139,1.969566382794139,1.969566382794139,1.969566382794139,1.969566382794139,1.969566382794139,1.969566382794139,1.969566382794139,1.969566382794139,1.969566382794139,1.969566382794139,1.969566382794139,1.969566382794139,1.969566382794139,1.969566382794139,1.969566382794139,1.969566382794139,1.969566382794139,1.969566382794139,1.969566382794139,1.969566382794139,1.969566382794139,1.969566382794139,1.969566382794139,1.969566382794139,1.969566382794139,1.969566382794139,1.969566382794139,1.969566382794139,1.969566382794139,1.969566382794139,1.969566382794139,1.969566382794139,1.969566382794139,1.969566382794139,1.969566382794139,1.969566382794139,1.969566382794139,1.969566382794139,1.969566382794139,1.969566382794139,1.969566382794139,1.969566382794139,1.969566382794139,1.969566382794139,1.969566382794139,1.969566382794139,1.969566382794139,1.969566382794139,1.969566382794139,1.969566382794139,1.969566382794139,1.969566382794139,1.969566382794139,1.969566382794139,1.969566382794139,1.969566382794139,1.969566382794139,1.969566382794139,1.969566382794139,1.969566382794139,1.969566382794139,1.969566382794139,1.969566382794139,1.969566382794139,1.969566382794139,1.969566382794139,1.969566382794139,1.969566382794139,1.969566382794139,1.969566382794139,1.969566382794139,1.969566382794139,1.969566382794139,1.969566382794139,1.969566382794139,1.969566382794139,1.969566382794139,1.969566382794139,1.969566382794139,1.969566382794139,1.969566382794139,1.969566382794139,1.969566382794139,1.969566382794139,1.969566382794139,1.969566382794139,1.969566382794139,1.969566382794139,1.969566382794139,1.969566382794139,1.969566382794139,1.969566382794139,1.969566382794139,1.969566382794139,1.969566382794139,1.969566382794139,1.969566382794139,1.969566382794139,1.969566382794139,1.969566382794139,1.969566382794139,1.969566382794139,1.969566382794139,1.969566382794139,1.969566382794139,1.969566382794139,1.969566382794139,1.969566382794139,1.969566382794139,1.969566382794139,1.969566382794139,1.969566382794139,1.969566382794139,1.969566382794139,1.969566382794139,1.969566382794139,1.969566382794139,1.969566382794139,1.969566382794139,1.969566382794139,1.969566382794139,1.969566382794139,1.969566382794139,1.969566382794139,1.969566382794139,1.969566382794139,1.969566382794139,1.969566382794139,1.969566382794139,1.969566382794139,1.969566382794139,1.969566382794139,1.969566382794139,1.969566382794139,1.969566382794139,1.969566382794139,1.969566382794139,1.969566382794139,1.969566382794139,1.969566382794139,1.969566382794139,1.969566382794139,1.969566382794139,1.969566382794139,1.969566382794139,1.969566382794139,1.969566382794139,1.969566382794139,1.969566382794139,1.969566382794139,1.969566382794139,1.969566382794139,1.969566382794139,1.969566382794139,1.969566382794139,1.969566382794139,1.969566382794139,1.969566382794139,1.969566382794139,1.969566382794139,1.969566382794139,1.969566382794139,1.969566382794139,1.969566382794139,1.969566382794139,1.969566382794139,1.969566382794139,1.969566382794139,1.969566382794139,1.969566382794139,1.969566382794139,1.969566382794139,1.969566382794139,1.969566382794139,1.969566382794139,1.969566382794139,1.969566382794139,1.969566382794139,1.969566382794139,1.969566382794139,1.969566382794139,1.969566382794139,1.969566382794139,1.969566382794139,1.969566382794139,1.969566382794139,1.969566382794139,1.969566382794139,1.969566382794139,1.969566382794139,1.969566382794139,1.969566382794139,1.969566382794139,1.969566382794139,1.969566382794139,1.969566382794139,1.969566382794139,1.969566382794139,1.969566382794139,1.969566382794139,1.969566382794139,1.969566382794139,1.969566382794139,1.969566382794139,1.969566382794139,1.969566382794139,1.969566382794139,1.969566382794139,1.969566382794139,1.969566382794139,1.969566382794139,1.969566382794139,1.969566382794139,1.969566382794139,1.969566382794139,1.969566382794139,1.969566382794139,1.969566382794139,1.969566382794139,1.969566382794139,1.969566382794139
-0.7144431180153574,-0.7144431180153574,-0.7144431180153574,-0.7144431180153574,-0.7144431180153574,-0.7144431180153574,-0.7144431180153574,-0.7144431180153574,-0.7144431180153574,-0.7144431180153574,-0.7144431180153574,-0.7144431180153574,-0.7144431180153574,-0.7144431180153574,-0.7144431180153574,-0.7144431180153574,-0.7144431180153574,-0.7144431180153574,-0.7144431180153574,-0.7144431180153574,-0.7144431180153574,-0.7144431180153574,-0.7144431180153574,-0.7144431180153574,-0.7144431180153574,-0.7144431180153574,-0.7144431180153574,-0.7144431180153574,-0.7144431180153574,-0.7144431180153574,-0.7144431180153574,-0.7144431180153574,-0.7144431180153574,-0.7144431180153574,-0.7144431180153574,-0.7144431180153574,-0.7144431180153574,-0.7144431180153574,-0.7144431180153574,-0.7144431180153574,-0.7144431180153574,-0.7144431180153574,-0.7144431180153574,-0.7144431180153574,-0.7144431180153574,-0.7144431180153574,-0.7144431180153574,-0.7144431180153574,-0.7144431180153574,-0.7144431180153574,-0.7144431180153574,-0.7144431180153574,-0.7144431180153574,-0.7144431180153574,-0.7144431180153574,-0.7144431180153574,-0.7144431180153574,-0.7144431180153574,-0.7144431180153574,-0.7144431180153574,-0.7144431180153574,-0.7144431180153574,-0.7144431180153574,-0.7144431180153574,-0.7144431180153574,-0.7144431180153574,-0.7144431180153574,-0.7144431180153574,-0.7144431180153574,-0.7144431180153574,-0.7144431180153574,-0.7144431180153574,-0.7144431180153574,-0.7144431180153574,-0.7144431180153574,-0.7144431180153574,-0.7144431180153574,-0.7144431180153574,-0.7144431180153574,-0.7144431180153574,-0.7144431180153574,-0.7144431180153574,-0.7144431180153574,-0.7144431180153574,-0.7144431180153574,-0.7144431180153574,-0.7144431180153574,-0.7144431180153574,-0.7144431180153574,-0.7144431180153574,-0.7144431180153574,-0.7144431180153574,-0.7144431180153574,-0.7144431180153574,-0.7144431180153574,-0.7144431180153574,-0.7144431180153574,-0.7144431180153574,-0.7144431180153574,-0.7144431180153574,-0.7144431180153574,-0.7144431180153574,-0.7144431180153574,-0.7144431180153574,-0.7144431180153574,-0.7144431180153574,-0.7144431180153574,-0.7144431180153574,-0.7144431180153574,-0.7144431180153574,-0.7144431180153574,-0.7144431180153574,-0.7144431180153574,-0.7144431180153574,-0.7144431180153574,-0.7144431180153574,-0.7144431180153574,-0.7144431180153574,-0.7144431180153574,-0.7144431180153574,-0.7144431180153574,-0.7144431180153574,-0.7144431180153574,-0.7144431180153574,-0.7144431180153574,-0.7144431180153574,-0.7144431180153574,-0.7144431180153574,-0.7144431180153574,-0.7144431180153574,-0.7144431180153574,-0.7144431180153574,-0.7144431180153574,-0.7144431180153574,-0.7144431180153574,-0.7144431180153574,-0.7144431180153574,-0.7144431180153574,-0.7144431180153574,-0.7144431180153574,-0.7144431180153574,-0.7144431180153574,-0.7144431180153574,-0.7144431180153574,-0.7144431180153574,-0.7144431180153574,-0.7144431180153574,-0.7144431180153574,-0.7144431180153574,-0.7144431180153574,-0.7144431180153574,-0.7144431180153574,-0.7144431180153574,-0.7144431180153574,-0.7144431180153574,-0.7144431180153574,-0.7144431180153574,-0.7144431180153574,-0.7144431180153574,-0.7144431180153574,-0.7144431180153574,-0.7144431180153574,-0.7144431180153574,-0.7144431180153574,-0.7144431180153574,-0.7144431180153574,-0.7144431180153574,-0.7144431180153574,-0.7144431180153574,-0.7144431180153574,-0.7144431180153574,-0.7144431180153574,-0.7144431180153574,-0.7144431180153574,-0.7144431180153574,-0.7144431180153574,-0.7144431180153574,-0.7144431180153574,-0.7144431180153574,-0.7144431180153574,-0.7144431180153574,-0.7144431180153574,-0.7144431180153574,-0.7144431180153574,-0.7144431180153574,-0.7144431180153574,-0.7144431180153574,-0.7144431180153574,-0.7144431180153574,-0.7144431180153574,-0.7144431180153574,-0.7144431180153574,-0.7144431180153574,-0.7144431180153574,-0.7144431180153574,-0.7144431180153574,-0.7144431180153574,-0.7144431180153574,-0.7144431180153574,-0.7144431180153574,-0.7144431180153574,-0.7144431180153574,-0.7144431180153574,-0.7144431180153574,-0.7144431180153574,-0.7144431180153574,-0.7144431180153574,-0.7144431180153574,-0.7144431180153574,-0.7144431180153574,-0.7144431180153574,-0.7144431180153574,-0.7144431180153574,-0.7144431180153574,-0.7144431180153574,-0.7144431180153574,-0.7144431180153574,-0.7144431180153574,-0.7144431180153574,-0.7144431180153574,-0.7144431180153574,-0.7144431180153574,-0.7144431180153574,-0.7144431180153574,-0.7144431180153574,-0.7144431180153574,-0.7144431180153574,-0.7144431180153574,-0.7144431180153574,-0.7144431180153574,-0.7144431180153574,-0.7144431180153574,-0.7144431180153574,-0.7144431180153574,-0.7144431180153574,-0.7144431180153574,-0.7144431180153574,-0.7144431180153574,-0.7144431180153574,-0.7144431180153574,-0.7144431180153574,-0.7144431180153574,-0.7144431180153574,-0.7144431180153574,-0.7144431180153574,-0.7144431180153574,-0.7144431180153574,-0.7144431180153574,-0.7144431180153574,-0.7144431180153574,-0.7144431180153574,-0.7144431180153574,-0.7144431180153574,-0.7144431180153574,-0.7144431180153574,-0.7144431180153574,-0.7144431180153574,-0.7144431180153574,-0.7144431180153574,-0.7144431180153574,-0.7144431180153574,-0.7144431180153574,-0.7144431180153574,-0.7144431180153574,-0.7144431180153574,-0.7144431180153574,-0.7144431180153574,-0.7144431180153574,-0.7144431180153574,-0.7144431180153574,-0.7144431180153574,-0.7144431180153574,-0.7144431180153574,-0.7144431180153574,-0.7144431180153574,-0.7144431180153574,-0.7144431180153574,-0.7144431180153574,-0.7144431180153574,-0.7144431180153574,-0.7144431180153574,-0.7144431180153574,-0.7144431180153574,-0.7144431180153574,-0.7144431180153574,-0.7144431180153574,-0.7144431180153574,-0.7144431180153574,-0.7144431180153574,-0.7144431180153574,-0.7144431180153574,-0.7144431180153574,-0.7144431180153574,-0.7144431180153574,-0.7144431180153574,-0.7144431180153574,-0.7144431180153574,-0.7144431180153574,-0.7144431180153574,-0.7144431180153574,-0.7144431180153574,-0.7144431180153574,-0.7144431180153574,-0.7144431180153574,-0.7144431180153574,-0.7144431180153574,-0.7144431180153574,-0.7144431180153574,-0.7144431180153574,-0.7144431180153574,-0.7144431180153574,-0.7144431180153574,-0.7144431180153574,-0.7144431180153574,-0.7144431180153574,-0.7144431180153574,-0.7144431180153574,-0.7144431180153574,-0.7144431180153574,-0.7144431180153574,-0.7144431180153574,-0.7144431180153574,-0.7144431180153574,-0.7144431180153574,-0.7144431180153574,-0.7144431180153574,-0.7144431180153574,-0.7144431180153574,-0.7144431180153574,-0.7144431180153574,-0.7144431180153574,-0.7144431180153574,-0.7144431180153574,-0.7144431180153574,-0.7144431180153574,-0.7144431180153574,-0.7144431180153574,-0.7144431180153574,-0.7144431180153574,-0.7144431180153574,-0.7144431180153574,-0.7144431180153574,-0.7144431180153574,-0.7144431180153574,-0.7144431180153574,-0.7144431180153574,-0.7144431180153574,-0.7144431180153574,-0.7144431180153574,-0.7144431180153574,-0.7144431180153574,-0.7144431180153574,-0.7144431180153574,-0.7144431180153574,-0.7144431180153574,-0.7144431180153574,-0.7144431180153574,-0.7144431180153574,-0.7144431180153574,-0.7144431180153574,-0.7144431180153574,-0.7144431180153574,-0.7144431180153574,-0.7144431180153574,-0.7144431180153574,-0.7144431180153574,-0.7144431180153574,-0.7144431180153574,-0.7144431180153574,-0.7144431180153574,-0.7144431180153574,-0.7144431180153574,-0.7144431180153574,-0.7144431180153574,-0.7144431180153574,-0.7144431180153574,-0.7144431180153574,-0.7144431180153574,-0.7144431180153574,-0.7144431180153574,-0.7144431180153574,-0.7144431180153574,-0.7144431180153574,-0.7144431180153574,-0.7144431180153574,-0.7144431180153574,-0.7144431180153574,-0.7144431180153574,-0.7144431180153574,-0.7144431180153574,-0.7144431180153574,-0.7144431180153574,-0.7144431180153574,-0.7144431180153574,-0.7144431180153574,-0.7144431180153574,-0.7144431180153574,-0.7144431180153574,-0.7144431180153574,-0.7144431180153574,-0.7144431180153574,-0.7144431180153574,-0.7144431180153574,-0.7144431180153574,-0.7144431180153574,-0.7144431180153574,-0.7144431180153574,-0.7144431180153574,-0.7144431180153574,-0.7144431180153574,-0.7144431180153574,-0.7144431180153574,-0.7144431180153574,-0.7144431180153574,-0.7144431180153574,-0.7144431180153574,-0.7144431180153574,-0.7144431180153574,-0.7144431180153574,-0.7144431180153574,-0.7144431180153574,-0.7144431180153574,-0.7144431180153574,-0.7144431180153574,-0.7144431180153574,-0.7144431180153574,-0.7144431180153574,-0.7144431180153574,-0.7144431180153574,-0.7144431180153574,-0.7144431180153574,-0.7144431180153574,-0.7144431180153574,-0.7144431180153574,-0.7144431180153574,-0.7144431180153574,-0.7144431180153574,-0.7144431180153574,-0.7144431180153574,-0.7144431180153574,-0.7144431180153574,-0.7144431180153574,-0.7144431180153574,-0.7144431180153574,-0.7144431180153574,-0.7144431180153574,-0.7144431180153574,-0.7144431180153574,-0.7144431180153574,-0.7144431180153574,-0.7144431180153574,-0.7144431180153574,-0.7144431180153574,-0.7144431180153574,-0.7144431180153574,-0.7144431180153574,-0.7144431180153574,-0.7144431180153574,-0.7144431180153574,-0.7144431180153574,-0.7144431180153574,-0.7144431180153574,-0.7144431180153574,-0.7144431180153574,-0.7144431180153574,-0.7144431180153574,-0.7144431180153574,-0.7144431180153574,-0.7144431180153574,-0.7144431180153574,-0.7144431180153574,-0.7144431180153574,-0.7144431180153574,-0.7144431180153574,-0.7144431180153574,-0.7144431180153574,-0.7144431180153574,-0.7144431180153574,-0.7144431180153574,-0.7144431180153574,-0.7144431180153574,-0.7144431180153574,-0.7144431180153574,-0.7144431180153574,-0.7144431180153574,-0.7144431180153574,-0.7144431180153574,-0.7144431180153574,-0.7144431180153574,-0.7144431180153574,-0.7144431180153574,-0.7144431180153574,-0.7144431180153574,-0.7144431180153574,-0.7144431180153574,-0.7144431180153574,-0.7144431180153574,-0.7144431180153574,-0.7144431180153574,-0.7144431180153574,-0.7144431180153574,-0.7144431180153574,-0.7144431180153574,-0.7144431180153574,-0.7144431180153574,-0.7144431180153574,-0.7144431180153574,-0.7144431180153574,-0.7144431180153574,-0.7144431180153574,-0.7144431180153574,-0.7144431180153574,-0.7144431180153574,-0.7144431180153574,-0.7144431180153574,-0.7144431180153574,-0.7144431180153574,-0.7144431180153574,-0.7144431180153574,-0.7144431180153574,-0.7144431180153574,-0.7144431180153574,-0.7144431180153574,-0.7144431180153574,-0.7144431180153574,-0.7144431180153574,-0.7144431180153574,-0.7144431180153574,-0.7144431180153574,-0.7144431180153574,-0.7144431180153574,-0.7144431180153574,-0.7144431180153574,-0.7144431180153574,-0.7144431180153574,-0.7144431180153574,-0.7144431180153574,-0.7144431180153574,-0.7144431180153574,-0.7144431180153574,-0.7144431180153574,-0.7144431180153574,-0.7144431180153574,-0.7144431180153574,-0.7144431180153574,-0.7144431180153574,-0.7144431180153574,-0.7144431180153574,-0.7144431180153574,-0.7144431180153574,-0.7144431180153574,-0.7144431180153574,-0.7144431180153574,-0.7144431180153574,-0.7144431180153574,-0.7144431180153574,-0.7144431180153574,-0.7144431180153574,-0.7144431180153574,-0.7144431180153574,-0.7144431180153574,-0.7144431180153574,-0.7144431180153574,-0.7144431180153574,-0.7144431180153574,-0.7144431180153574,-0.7144431180153574,-0.7144431180153574,-0.7144431180153574,-0.7144431180153574,-0.7144431180153574,-0.7144431180153574,-0.7144431180153574,-0.7144431180153574,-0.7144431180153574,-0.7144431180153574,-0.7144431180153574,-0.7144431180153574,-0.7144431180153574,-0.7144431180153574,-0.7144431180153574,-0.7144431180153574,-0.7144431180153574,-0.7144431180153574,-0.7144431180153574,-0.7144431180153574,-0.7144431180153574,-0.7144431180153574,-0.7144431180153574,-0.7144431180153574,-0.7144431180153574,-0.7144431180153574,-0.7144431180153574,-0.7144431180153574,-0.7144431180153574,-0.7144431180153574,-0.7144431180153574,-0.7144431180153574,-0.7144431180153574,-0.7144431180153574,-0.7144431180153574,-0.7144431180153574,-0.7144431180153574,-0.7144431180153574,-0.7144431180153574,-0.7144431180153574,-0.7144431180153574,-0.7144431180153574,-0.7144431180153574,-0.7144431180153574,-0.7144431180153574,-0.7144431180153574,-0.7144431180153574,-0.7144431180153574,-0.7144431180153574,-0.7144431180153574,-0.7144431180153574,-0.7144431180153574,-0.7144431180153574,-0.7144431180153574,-0.7144431180153574,-0.7144431180153574,-0.7144431180153574,-0.7144431180153574,-0.7144431180153574,-0.7144431180153574,-0.7144431180153574,-0.7144431180153574,-0.7144431180153574,-0.7144431180153574,-0.7144431180153574,-0.7144431180153574,-0.7144431180153574,-0.7144431180153574,-0.7144431180153574,-0.7144431180153574,-0.7144431180153574,-0.7144431180153574,-0.7144431180153574,-0.7144431180153574,-0.7144431180153574,-0.7144431180153574,-0.7144431180153574,-0.7144431180153574,-0.7144431180153574,-0.7144431180153574,-0.7144431180153574,-0.7144431180153574,-0.7144431180153574,-0.7144431180153574,-0.7144431180153574,-0.7144431180153574,-0.7144431180153574,-0.7144431180153574,-0.7144431180153574,-0.7144431180153574,-0.7144431180153574,-0.7144431180153574,-0.7144431180153574,-0.7144431180153574,-0.7144431180153574,-0.7144431180153574,-0.7144431180153574,-0.7144431180153574,-0.7144431180153574,-0.7144431180153574,-0.7144431180153574,-0.7144431180153574,-0.7144431180153574,-0.7144431180153574,-0.7144431180153574,-0.7144431180153574,-0.7144431180153574,-0.7144431180153574,-0.7144431180153574,-0.7144431180153574,-0.7144431180153574,-0.7144431180153574,-0.7144431180153574,-0.7144431180153574,-0.7144431180153574,-0.7144431180153574,-0.7144431180153574,-0.7144431180153574,-0.7144431180153574,-0.7144431180153574,-0.7144431180153574,-0.7144431180153574,-0.7144431180153574,-0.7144431180153574,-0.7144431180153574,-0.7144431180153574,-0.7144431180153574,-0.7144431180153574,-0.7144431180153574,-0.7144431180153574,-0.7144431180153574,-0.7144431180153574,-0.7144431180153574,-0.7144431180153574,-0.7144431180153574,-0.7144431180153574,-0.7144431180153574,-0.7144431180153574,-0.7144431180153574,-0.7144431180153574,-0.7144431180153574,-0.7144431180153574,-0.7144431180153574,-0.7144431180153574,-0.7144431180153574,-0.7144431180153574,-0.7144431180153574,-0.7144431180153574,-0.7144431180153574,-0.7144431180153574,-0.7144431180153574,-0.7144431180153574,-0.7144431180153574,-0.7144431180153574,-0.7144431180153574
-0.16277054484031625,-0.16277054484031625,-0.16277054484031625,-0.16277054484031625,-0.16277054484031625,-0.16277054484031625,-0.16277054484031625,-0.16277054484031625,-0.16277054484031625,-0.16277054484031625,-0.16277054484031625,-0.16277054484031625,-0.16277054484031625,-0.16277054484031625,-0.16277054484031625,-0.16277054484031625,-0.16277054484031625,-0.16277054484031625,-0.16277054484031625,-0.16277054484031625,-0.16277054484031625,-0.16277054484031625,-0.16277054484031625,-0.16277054484031625,-0.16277054484031625,-0.16277054484031625,-0.16277054484031625,-0.16277054484031625,-0.16277054484031625,-0.16277054484031625,-0.16277054484031625,-0.16277054484031625,-0.16277054484031625,-0.16277054484031625,-0.16277054484031625,-0.16277054484031625,-0.16277054484031625,-0.16277054484031625,-0.16277054484031625,-0.16277054484031625,-0.16277054484031625,-0.16277054484031625,-0.16277054484031625,-0.16277054484031625,-0.16277054484031625,-0.16277054484031625,-0.16277054484031625,-0.16277054484031625,-0.16277054484031625,-0.16277054484031625,-0.16277054484031625,-0.16277054484031625,-0.16277054484031625,-0.16277054484031625,-0.16277054484031625,-0.16277054484031625,-0.16277054484031625,-0.16277054484031625,-0.16277054484031625,-0.16277054484031625,-0.16277054484031625,-0.16277054484031625,-0.16277054484031625,-0.16277054484031625,-0.16277054484031625,-0.16277054484031625,-0.16277054484031625,-0.16277054484031625,-0.16277054484031625,-0.16277054484031625,-0.16277054484031625,-0.16277054484031625,-0.16277054484031625,-0.16277054484031625,-0.16277054484031625,-0.16277054484031625,-0.16277054484031625,-0.16277054484031625,-0.16277054484031625,-0.16277054484031625,-0.16277054484031625,-0.16277054484031625,-0.16277054484031625,-0.16277054484031625,-0.16277054484031625,-0.16277054484031625,-0.16277054484031625,-0.16277054484031625,-0.16277054484031625,-0.16277054484031625,-0.16277054484031625,-0.16277054484031625,-0.16277054484031625,-0.16277054484031625,-0.16277054484031625,-0.16277054484031625,-0.16277054484031625,-0.16277054484031625,-0.16277054484031625,-0.16277054484031625,-0.16277054484031625,-0.16277054484031625,-0.16277054484031625,-0.16277054484031625,-0.16277054484031625,-0.16277054484031625,-0.16277054484031625,-0.16277054484031625,-0.16277054484031625,-0.16277054484031625,-0.16277054484031625,-0.16277054484031625,-0.16277054484031625,-0.16277054484031625,-0.16277054484031625,-0.16277054484031625,-0.16277054484031625,-0.16277054484031625,-0.16277054484031625,-0.16277054484031625,-0.16277054484031625,-0.16277054484031625,-0.16277054484031625,-0.16277054484031625,-0.16277054484031625,-0.16277054484031625,-0.16277054484031625,-0.16277054484031625,-0.16277054484031625,-0.16277054484031625,-0.16277054484031625,-0.16277054484031625,-0.16277054484031625,-0.16277054484031625,-0.16277054484031625,-0.16277054484031625,-0.16277054484031625,-0.16277054484031625,-0.16277054484031625,-0.16277054484031625,-0.16277054484031625,-0.16277054484031625,-0.16277054484031625,-0.16277054484031625,-0.16277054484031625,-0.16277054484031625,-0.16277054484031625,-0.16277054484031625,-0.16277054484031625,-0.16277054484031625,-0.16277054484031625,-0.16277054484031625,-0.16277054484031625,-0.16277054484031625,-0.16277054484031625,-0.16277054484031625,-0.16277054484031625,-0.16277054484031625,-0.16277054484031625,-0.16277054484031625,-0.16277054484031625,-0.16277054484031625,-0.16277054484031625,-0.16277054484031625,-0.16277054484031625,-0.16277054484031625,-0.16277054484031625,-0.16277054484031625,-0.16277054484031625,-0.16277054484031625,-0.16277054484031625,-0.16277054484031625,-0.16277054484031625,-0.16277054484031625,-0.16277054484031625,-0.16277054484031625,-0.16277054484031625,-0.16277054484031625,-0.16277054484031625,-0.16277054484031625,-0.16277054484031625,-0.16277054484031625,-0.16277054484031625,-0.16277054484031625,-0.16277054484031625,-0.16277054484031625,-0.16277054484031625,-0.16277054484031625,-0.16277054484031625,-0.16277054484031625,-0.16277054484031625,-0.16277054484031625,-0.16277054484031625,-0.16277054484031625,-0.16277054484031625,-0.16277054484031625,-0.16277054484031625,-0.16277054484031625,-0.16277054484031625,-0.16277054484031625,-0.16277054484031625,-0.16277054484031625,-0.16277054484031625,-0.16277054484031625,-0.16277054484031625,-0.16277054484031625,-0.16277054484031625,-0.16277054484031625,-0.16277054484031625,-0.16277054484031625,-0.16277054484031625,-0.16277054484031625,-0.16277054484031625,-0.16277054484031625,-0.16277054484031625,-0.16277054484031625,-0.16277054484031625,-0.16277054484031625,-0.16277054484031625,-0.16277054484031625,-0.16277054484031625,-0.16277054484031625,-0.16277054484031625,-0.16277054484031625,-0.16277054484031625,-0.16277054484031625,-0.16277054484031625,-0.16277054484031625,-0.16277054484031625,-0.16277054484031625,-0.16277054484031625,-0.16277054484031625,-0.16277054484031625,-0.16277054484031625,-0.16277054484031625,-0.16277054484031625,-0.16277054484031625,-0.16277054484031625,-0.16277054484031625,-0.16277054484031625,-0.16277054484031625,-0.16277054484031625,-0.16277054484031625,-0.16277054484031625,-0.16277054484031625,-0.16277054484031625,-0.16277054484031625,-0.16277054484031625,-0.16277054484031625,-0.16277054484031625,-0.16277054484031625,-0.16277054484031625,-0.16277054484031625,-0.16277054484031625,-0.16277054484031625,-0.16277054484031625,-0.16277054484031625,-0.16277054484031625,-0.16277054484031625,-0.16277054484031625,-0.16277054484031625,-0.16277054484031625,-0.16277054484031625,-0.16277054484031625,-0.16277054484031625,-0.16277054484031625,-0.16277054484031625,-0.16277054484031625,-0.16277054484031625,-0.16277054484031625,-0.16277054484031625,-0.16277054484031625,-0.16277054484031625,-0.16277054484031625,-0.16277054484031625,-0.16277054484031625,-0.16277054484031625,-0.16277054484031625,-0.16277054484031625,-0.16277054484031625,-0.16277054484031625,-0.16277054484031625,-0.16277054484031625,-0.16277054484031625,-0.16277054484031625,-0.16277054484031625,-0.16277054484031625,-0.16277054484031625,-0.16277054484031625,-0.16277054484031625,-0.16277054484031625,-0.16277054484031625,-0.16277054484031625,-0.16277054484031625,-0.16277054484031625,-0.16277054484031625,-0.16277054484031625,-0.16277054484031625,-0.16277054484031625,-0.16277054484031625,-0.16277054484031625,-0.16277054484031625,-0.16277054484031625,-0.16277054484031625,-0.16277054484031625,-0.16277054484031625,-0.16277054484031625,-0.16277054484031625,-0.16277054484031625,-0.16277054484031625,-0.16277054484031625,-0.16277054484031625,-0.16277054484031625,-0.16277054484031625,-0.16277054484031625,-0.16277054484031625,-0.16277054484031625,-0.16277054484031625,-0.16277054484031625,-0.16277054484031625,-0.16277054484031625,-0.16277054484031625,-0.16277054484031625,-0.16277054484031625,-0.16277054484031625,-0.16277054484031625,-0.16277054484031625,-0.16277054484031625,-0.16277054484031625,-0.16277054484031625,-0.16277054484031625,-0.16277054484031625,-0.16277054484031625,-0.16277054484031625,-0.16277054484031625,-0.16277054484031625,-0.16277054484031625,-0.16277054484031625,-0.16277054484031625,-0.16277054484031625,-0.16277054484031625,-0.16277054484031625,-0.16277054484031625,-0.16277054484031625,-0.16277054484031625,-0.16277054484031625,-0.16277054484031625,-0.16277054484031625,-0.16277054484031625,-0.16277054484031625,-0.16277054484031625,-0.16277054484031625,-0.16277054484031625,-0.16277054484031625,-0.16277054484031625,-0.16277054484031625,-0.16277054484031625,-0.16277054484031625,-0.16277054484031625,-0.16277054484031625,-0.16277054484031625,-0.16277054484031625,-0.16277054484031625,-0.16277054484031625,-0.16277054484031625,-0.16277054484031625,-0.16277054484031625,-0.16277054484031625,-0.16277054484031625,-0.16277054484031625,-0.16277054484031625,-0.16277054484031625,-0.16277054484031625,-0.16277054484031625,-0.16277054484031625,-0.16277054484031625,-0.16277054484031625,-0.16277054484031625,-0.16277054484031625,-0.16277054484031625,-0.16277054484031625,-0.16277054484031625,-0.16277054484031625,-0.16277054484031625,-0.16277054484031625,-0.16277054484031625,-0.16277054484031625,-0.16277054484031625,-0.16277054484031625,-0.16277054484031625,-0.16277054484031625,-0.16277054484031625,-0.16277054484031625,-0.16277054484031625,-0.16277054484031625,-0.16277054484031625,-0.16277054484031625,-0.16277054484031625,-0.16277054484031625,-0.16277054484031625,-0.16277054484031625,-0.16277054484031625,-0.16277054484031625,-0.16277054484031625,-0.16277054484031625,-0.16277054484031625,-0.16277054484031625,-0.16277054484031625,-0.16277054484031625,-0.16277054484031625,-0.16277054484031625,-0.16277054484031625,-0.16277054484031625,-0.16277054484031625,-0.16277054484031625,-0.16277054484031625,-0.16277054484031625,-0.16277054484031625,-0.16277054484031625,-0.16277054484031625,-0.16277054484031625,-0.16277054484031625,-0.16277054484031625,-0.16277054484031625,-0.16277054484031625,-0.16277054484031625,-0.16277054484031625,-0.16277054484031625,-0.16277054484031625,-0.16277054484031625,-0.16277054484031625,-0.16277054484031625,-0.16277054484031625,-0.16277054484031625,-0.16277054484031625,-0.16277054484031625,-0.16277054484031625,-0.16277054484031625,-0.16277054484031625,-0.16277054484031625,-0.16277054484031625,-0.16277054484031625,-0.16277054484031625,-0.16277054484031625,-0.16277054484031625,-0.16277054484031625,-0.16277054484031625,-0.16277054484031625,-0.16277054484031625,-0.16277054484031625,-0.16277054484031625,-0.16277054484031625,-0.16277054484031625,-0.16277054484031625,-0.16277054484031625,-0.16277054484031625,-0.16277054484031625,-0.16277054484031625,-0.16277054484031625,-0.16277054484031625,-0.16277054484031625,-0.16277054484031625,-0.16277054484031625,-0.16277054484031625,-0.16277054484031625,-0.16277054484031625,-0.16277054484031625,-0.16277054484031625,-0.16277054484031625,-0.16277054484031625,-0.16277054484031625,-0.16277054484031625,-0.16277054484031625,-0.16277054484031625,-0.16277054484031625,-0.16277054484031625,-0.16277054484031625,-0.16277054484031625,-0.16277054484031625,-0.16277054484031625,-0.16277054484031625,-0.16277054484031625,-0.16277054484031625,-0.16277054484031625,-0.16277054484031625,-0.16277054484031625,-0.16277054484031625,-0.16277054484031625,-0.16277054484031625,-0.16277054484031625,-0.16277054484031625,-0.16277054484031625,-0.16277054484031625,-0.16277054484031625,-0.16277054484031625,-0.16277054484031625,-0.16277054484031625,-0.16277054484031625,-0.16277054484031625,-0.16277054484031625,-0.16277054484031625,-0.16277054484031625,-0.16277054484031625,-0.16277054484031625,-0.16277054484031625,-0.16277054484031625,-0.16277054484031625,-0.16277054484031625,-0.16277054484031625,-0.16277054484031625,-0.16277054484031625,-0.16277054484031625,-0.16277054484031625,-0.16277054484031625,-0.16277054484031625,-0.16277054484031625,-0.16277054484031625,-0.16277054484031625,-0.16277054484031625,-0.16277054484031625,-0.16277054484031625,-0.16277054484031625,-0.16277054484031625,-0.16277054484031625,-0.16277054484031625,-0.16277054484031625,-0.16277054484031625,-0.16277054484031625,-0.16277054484031625,-0.16277054484031625,-0.16277054484031625,-0.16277054484031625,-0.16277054484031625,-0.16277054484031625,-0.16277054484031625,-0.16277054484031625,-0.16277054484031625,-0.16277054484031625,-0.16277054484031625,-0.16277054484031625,-0.16277054484031625,-0.16277054484031625,-0.16277054484031625,-0.16277054484031625,-0.16277054484031625,-0.16277054484031625,-0.16277054484031625,-0.16277054484031625,-0.16277054484031625,-0.16277054484031625,-0.16277054484031625,-0.16277054484031625,-0.16277054484031625,-0.16277054484031625,-0.16277054484031625,-0.16277054484031625,-0.16277054484031625,-0.16277054484031625,-0.16277054484031625,-0.16277054484031625,-0.16277054484031625,-0.16277054484031625,-0.16277054484031625,-0.16277054484031625,-0.16277054484031625,-0.16277054484031625,-0.16277054484031625,-0.16277054484031625,-0.16277054484031625,-0.16277054484031625,-0.16277054484031625,-0.16277054484031625,-0.16277054484031625,-0.16277054484031625,-0.16277054484031625,-0.16277054484031625,-0.16277054484031625,-0.16277054484031625,-0.16277054484031625,-0.16277054484031625,-0.16277054484031625,-0.16277054484031625,-0.16277054484031625,-0.16277054484031625,-0.16277054484031625,-0.16277054484031625,-0.16277054484031625,-0.16277054484031625,-0.16277054484031625,-0.16277054484031625,-0.16277054484031625,-0.16277054484031625,-0.16277054484031625,-0.16277054484031625,-0.16277054484031625,-0.16277054484031625,-0.16277054484031625,-0.16277054484031625,-0.16277054484031625,-0.16277054484031625,-0.16277054484031625,-0.16277054484031625,-0.16277054484031625,-0.16277054484031625,-0.16277054484031625,-0.16277054484031625,-0.16277054484031625,-0.16277054484031625,-0.16277054484031625,-0.16277054484031625,-0.16277054484031625,-0.16277054484031625,-0.16277054484031625,-0.16277054484031625,-0.16277054484031625,-0.16277054484031625,-0.16277054484031625,-0.16277054484031625,-0.16277054484031625,-0.16277054484031625,-0.16277054484031625,-0.16277054484031625,-0.16277054484031625,-0.16277054484031625,-0.16277054484031625,-0.16277054484031625,-0.16277054484031625,-0.16277054484031625,-0.16277054484031625,-0.16277054484031625,-0.16277054484031625,-0.16277054484031625,-0.16277054484031625,-0.16277054484031625,-0.16277054484031625,-0.16277054484031625,-0.16277054484031625,-0.16277054484031625,-0.16277054484031625,-0.16277054484031625,-0.16277054484031625,-0.16277054484031625,-0.16277054484031625,-0.16277054484031625,-0.16277054484031625,-0.16277054484031625,-0.16277054484031625,-0.16277054484031625,-0.16277054484031625,-0.16277054484031625,-0.16277054484031625,-0.16277054484031625,-0.16277054484031625,-0.16277054484031625,-0.16277054484031625,-0.16277054484031625,-0.16277054484031625,-0.16277054484031625,-0.16277054484031625,-0.16277054484031625,-0.16277054484031625,-0.16277054484031625,-0.16277054484031625,-0.16277054484031625,-0.16277054484031625,-0.16277054484031625,-0.16277054484031625,-0.16277054484031625,-0.16277054484031625,-0.16277054484031625,-0.16277054484031625,-0.16277054484031625,-0.16277054484031625,-0.16277054484031625,-0.16277054484031625,-0.16277054484031625,-0.16277054484031625,-0.16277054484031625,-0.16277054484031625,-0.16277054484031625,-0.16277054484031625,-0.16277054484031625,-0.16277054484031625,-0.16277054484031625,-0.16277054484031625,-0.16277054484031625,-0.16277054484031625,-0.16277054484031625,-0.16277054484031625,-0.16277054484031625,-0.16277054484031625,-0.16277054484031625,-0.16277054484031625,-0.16277054484031625,-0.16277054484031625,-0.16277054484031625,-0.16277054484031625,-0.16277054484031625,-0.16277054484031625,-0.16277054484031625,-0.16277054484031625,-0.16277054484031625,-0.16277054484031625,-0.16277054484031625,-0.16277054484031625,-0.16277054484031625,-0.16277054484031625,-0.16277054484031625,-0.16277054484031625,-0.16277054484031625,-0.16277054484031625,-0.16277054484031625,-0.16277054484031625,-0.16277054484031625,-0.16277054484031625,-0.16277054484031625,-0.16277054484031625,-0.16277054484031625,-0.16277054484031625,-0.16277054484031625,-0.16277054484031625
-1.0,-1.0,-1.0,-1.0,-1.0,-1.0,-1.0,-1.0,-1.0,-1.0,-1.0,-1.0,-1.0,-1.0,-1.0,-1.0,-1.0,-1.0,-1.0,-1.0,-1.0,-1.0,-1.0,-1.0,-1.0,-1.0,-1.0,-1.0,-1.0,-1.0,-1.0,-1.0,-1.0,-1.0,-1.0,-1.0,-1.0,-1.0,-1.0,-1.0,-1.0,-1.0,-1.0,-1.0,-1.0,-1.0,-1.0,-1.0,-1.0,-1.0,-1.0,-1.0,-1.0,-1.0,-1.0,-1.0,-1.0,-1.0,-1.0,-1.0,-1.0,-1.0,-1.0,-1.0,-1.0,-1.0,-1.0,-1.0,-1.0,-1.0,-1.0,-1.0,-1.0,-1.0,-1.0,-1.0,-1.0,-1.0,-1.0,-1.0,-1.0,-1.0,-1.0,-1.0,-1.0,-1.0,-1.0,-1.0,-1.0,-1.0,-1.0,-1.0,-1.0,-1.0,-1.0,-1.0,-1.0,-1.0,-1.0,-1.0,-1.0,-1.0,-1.0,-1.0,-1.0,-1.0,-1.0,-1.0,-1.0,-1.0,-1.0,-1.0,-1.0,-1.0,-1.0,-1.0,-1.0,-1.0,-1.0,-1.0,-1.0,-1.0,-1.0,-1.0,-1.0,-1.0,-1.0,-1.0,-1.0,-1.0,-1.0,-1.0,-1.0,-1.0,-1.0,-1.0,-1.0,-1.0,-1.0,-1.0,-1.0,-1.0,-1.0,-1.0,-1.0,-1.0,-1.0,-1.0,-1.0,-1.0,-1.0,-1.0,-1.0,-1.0,-1.0,-1.0,-1.0,-1.0,-1.0,-1.0,-1.0,-1.0,-1.0,-1.0,-1.0,-1.0,-1.0,-1.0,-1.0,-1.0,-1.0,-1.0,-1.0,-1.0,-1.0,-1.0,-1.0,-1.0,-1.0,-1.0,-1.0,-1.0,-1.0,-1.0,-1.0,-1.0,-1.0,-1.0,-1.0,-1.0,-1.0,-1.0,-1.0,-1.0,-1.0,-1.0,-1.0,-1.0,-1.0,-1.0,-1.0,-1.0,-1.0,-1.0,-1.0,-1.0,-1.0,-1.0,-1.0,-1.0,-1.0,-1.0,-1.0,-1.0,-1.0,-1.0,-1.0,-1.0,-1.0,-1.0,-1.0,-1.0,-1.0,-1.0,-1.0,-1.0,-1.0,-1.0,-1.0,-1.0,-1.0,-1.0,-1.0,-1.0,-1.0,-1.0,-1.0,-1.0,-1.0,-1.0,-1.0,-1.0,-1.0,-1.0,-1.0,-1.0,-1.0,-1.0,-1.0,-1.0,-1.0,-1.0,-1.0,-1.0,-1.0,-1.0,-1.0,-1.0,-1.0,-1.0,-1.0,-1.0,-1.0,-1.0,-1.0,-1.0,-1.0,-1.0,-1.0,-1.0,-1.0,-1.0,-1.0,-1.0,-1.0,-1.0,-1.0,-1.0,-1.0,-1.0,-1.0,-1.0,-1.0,-1.0,-1.0,-1.0,-1.0,-1.0,-1.0,-1.0,-1.0,-1.0,-1.0,-1.0,-1.0,-1.0,-1.0,-1.0,-1.0,-1.0,-1.0,-1.0,-1.0,-1.0,-1.0,-1.0,-1.0,-1.0,-1.0,-1.0,-1.0,-1.0,-1.0,-1.0,-1.0,-1.0,-1.0,-1.0,-1.0,-1.0,-1.0,-1.0,-1.0,-1.0,-1.0,-1.0,-1.0,-1.0,-1.0,-1.0,-1.0,-1.0,-1.0,-1.0,-1.0,-1.0,-1.0,-1.0,-1.0,-1.0,-1.0,-1.0,-1.0,-1.0,-1.0,-1.0,-1.0,-1.0,-1.0,-1.0,-1.0,-1.0,-1.0,-1.0,-1.0,-1.0,-1.0,-1.0,-1.0,-1.0,-1.0,-1.0,-1.0,-1.0,-1.0,-1.0,-1.0,-1.0,-1.0,-1.0,-1.0,-1.0,-1.0,-1.0,-1.0,-1.0,-1.0,-1.0,-1.0,-1.0,-1.0,-1.0,-1.0,-1.0,-1.0,-1.0,-1.0,-1.0,-1.0,-1.0,-1.0,-1.0,-1.0,-1.0,-1.0,-1.0,-1.0,-1.0,-1.0,-1.0,-1.0,-1.0,-1.0,-1.0,-1.0,-1.0,-1.0,-1.0,-1.0,-1.0,-1.0,-1.0,-1.0,-1.0,-1.0,-1.0,-1.0,-1.0,-1.0,-1.0,-1.0,-1.0,-1.0,-1.0,-1.0,-1.0,-1.0,-1.0,-1.0,-1.0,-1.0,-1.0,-1.0,-1.0,-1.0,-1.0,-1.0,-1.0,-1.0,-1.0,-1.0,-1.0,-1.0,-1.0,-1.0,-1.0,-1.0,-1.0,-1.0,-1.0,-1.0,-1.0,-1.0,-1.0,-1.0,-1.0,-1.0,-1.0,-1.0,-1.0,-1.0,-1.0,-1.0,-1.0,-1.0,-1.0,-1.0,-1.0,-1.0,-1.0,-1.0,-1.0,-1.0,-1.0,-1.0,-1.0,-1.0,-1.0,-1.0,-1.0,-1.0,-1.0,-1.0,-1.0,-1.0,-1.0,-1.0,-1.0,-1.0,-1.0,-1.0,-1.0,-1.0,-1.0,-1.0,-1.0,-1.0,-1.0,-1.0,-1.0,-1.0,-1.0,-1.0,-1.0,-1.0,-1.0,-1.0,-1.0,-1.0,-1.0,-1.0,-1.0,-1.0,-1.0,-1.0,-1.0,-1.0,-1.0,-1.0,-1.0,-1.0,-1.0,-1.0,-1.0,-1.0,-1.0,-1.0,-1.0,-1.0,-1.0,-1.0,-1.0,-1.0,-1.0,-1.0,-1.0,-1.0,-1.0,-1.0,-1.0,-1.0,-1.0,-1.0,-1.0,-1.0,-1.0,-1.0,-1.0,-1.0,-1.0,-1.0,-1.0,-1.0,-1.0,-1.0,-1.0,-1.0,-1.0,-1.0,-1.0,-1.0,-1.0,-1.0,-1.0,-1.0,-1.0,-1.0,-1.0,-1.0,-1.0,-1.0,-1.0,-1.0,-1.0,-1.0,-1.0,-1.0,-1.0,-1.0,-1.0,-1.0,-1.0,-1.0,-1.0,-1.0,-1.0,-1.0,-1.0,-1.0,-1.0,-1.0,-1.0,-1.0,-1.0,-1.0,-1.0,-1.0,-1.0,-1.0,-1.0,-1.0,-1.0,-1.0,-1.0,-1.0,-1.0,-1.0,-1.0,-1.0,-1.0,-1.0,-1.0,-1.0,-1.0,-1.0,-1.0,-1.0,-1.0,-1.0,-1.0,-1.0,-1.0,-1.0,-1.0,-1.0,-1.0,-1.0,-1.0,-1.0,-1.0,-1.0,-1.0,-1.0,-1.0,-1.0,-1.0,-1.0,-1.0,-1.0,-1.0,-1.0,-1.0,-1.0,-1.0,-1.0,-1.0,-1.0,-1.0,-1.0,-1.0,-1.0,-1.0,-1.0,-1.0,-1.0,-1.0,-1.0,-1.0,-1.0,-1.0,-1.0,-1.0,-1.0,-1.0,-1.0,-1.0,-1.0,-1.0,-1.0,-1.0,-1.0,-1.0,-1.0,-1.0,-1.0,-1.0,-1.0,-1.0,-1.0,-1.0,-1.0,-1.0,-1.0,-1.0,-1.0,-1.0,-1.0,-1.0,-1.0,-1.0,-1.0,-1.0,-1.0,-1.0,-1.0,-1.0,-1.0,-1.0,-1.0,-1.0,-1.0,-1.0,-1.0,-1.0,-1.0,-1.0,-1.0,-1.0,-1.0,-1.0,-1.0,-1.0,-1.0,-1.0,-1.0,-1.0,-1.0,-1.0,-1.0,-1.0,-1.0
-1.0,-1.0,-1.0,-1.0,-1.0,-1.0,-1.0,-1.0,-1.0,-1.0,-1.0,-1.0,-1.0,-1.0,-1.0,-1.0,-1.0,-1.0,-1.0,-1.0,-1.0,-1.0,-1.0,-1.0,-1.0,-1.0,-1.0,-1.0,-1.0,-1.0,-1.0,-1.0,-1.0,-1.0,-1.0,-1.0,-1.0,-1.0,-1.0,-1.0,-1.0,-1.0,-1.0,-1.0,-1.0,-1.0,-1.0,-1.0,-1.0,-1.0,-1.0,-1.0,-1.0,-1.0,-1.0,-1.0,-1.0,-1.0,-1.0,-1.0,-1.0,-1.0,-1.0,-1.0,-1.0,-1.0,-1.0,-1.0,-1.0,-1.0,-1.0,-1.0,-1.0,-1.0,-1.0,-1.0,-1.0,-1.0,-1.0,-1.0,-1.0,-1.0,-1.0,-1.0,-1.0,-1.0,-1.0,-1.0,-1.0,-1.0,-1.0,-1.0,-1.0,-1.0,-1.0,-1.0,-1.0,-1.0,-1.0,-1.0,-1.0,-1.0,-1.0,-1.0,-1.0,-1.0,-1.0,-1.0,-1.0,-1.0,-1.0,-1.0,-1.0,-1.0,-1.0,-1.0,-1.0,-1.0,-1.0,-1.0,-1.0,-1.0,-1.0,-1.0,-1.0,-1.0,-1.0,-1.0,-1.0,-1.0,-1.0,-1.0,-1.0,-1.0,-1.0,-1.0,-1.0,-1.0,-1.0,-1.0,-1.0,-1.0,-1.0,-1.0,-1.0,-1.0,-1.0,-1.0,-1.0,-1.0,-1.0,-1.0,-1.0,-1.0,-1.0,-1.0,-1.0,-1.0,-1.0,-1.0,-1.0,-1.0,-1.0,-1.0,-1.0,-1.0,-1.0,-1.0,-1.0,-1.0,-1.0,-1.0,-1.0,-1.0,-1.0,-1.0,-1.0,-1.0,-1.0,-1.0,-1.0,-1.0,-1.0,-1.0,-1.0,-1.0,-1.0,-1.0,-1.0,-1.0,-1.0,-1.0,-1.0,-1.0,-1.0,-1.0,-1.0,-1.0,-1.0,-1.0,-1.0,-1.0,-1.0,-1.0,-1.0,-1.0,-1.0,-1.0,-1.0,-1.0,-1.0,-1.0,-1.0,-1.0,-1.0,-1.0,-1.0,-1.0,-1.0,-1.0,-1.0,-1.0,-1.0,-1.0,-1.0,-1.0,-1.0,-1.0,-1.0,-1.0,-1.0,-1.0,-1.0,-1.0,-1.0,-1.0,-1.0,-1.0,-1.0,-1.0,-1.0,-1.0,-1.0,-1.0,-1.0,-1.0,-1.0,-1.0,-1.0,-1.0,-1.0,-1.0,-1.0,-1.0,-1.0,-1.0,-1.0,-1.0,-1.0,-1.0,-1.0,-1.0,-1.0,-1.0,-1.0,-1.0,-1.0,-1.0,-1.0,-1.0,-1.0,-1.0,-1.0,-1.0,-1.0,-1.0,-1.0,-1.0,-1.0,-1.0,-1.0,-1.0,-1.0,-1.0,-1.0,-1.0,-1.0,-1.0,-1.0,-1.0,-1.0,-1.0,-1.0,-1.0,-1.0,-1.0,-1.0,-1.0,-1.0,-1.0,-1.0,-1.0,-1.0,-1.0,-1.0,-1.0,-1.0,-1.0,-1.0,-1.0,-1.0,-1.0,-1.0,-1.0,-1.0,-1.0,-1.0,-1.0,-1.0,-1.0,-1.0,-1.0,-1.0,-1.0,-1.0,-1.0,-1.0,-1.0,-1.0,-1.0,-1.0,-1.0,-1.0,-1.0,-1.0,-1.0,-1.0,-1.0,-1.0,-1.0,-1.0,-1.0,-1.0,-1.0,-1.0,-1.0,-1.0,-1.0,-1.0,-1.0,-1.0,-1.0,-1.0,-1.0,-1.0,-1.0,-1.0,-1.0,-1.0,-1.0,-1.0,-1.0,-1.0,-1.0,-1.0,-1.0,-1.0,-1.0,-1.0,-1.0,-1.0,-1.0,-1.0,-1.0,-1.0,-1.0,-1.0,-1.0,-1.0,-1.0,-1.0,-1.0,-1.0,-1.0,-1.0,-1.0,-1.0,-1.0,-1.0,-1.0,-1.0,-1.0,-1.0,-1.0,-1.0,-1.0,-1.0,-1.0,-1.0,-1.0,-1.0,-1.0,-1.0,-1.0,-1.0,-1.0,-1.0,-1.0,-1.0,-1.0,-1.0,-1.0,-1.0,-1.0,-1.0,-1.0,-1.0,-1.0,-1.0,-1.0,-1.0,-1.0,-1.0,-1.0,-1.0,-1.0,-1.0,-1.0,-1.0,-1.0,-1.0,-1.0,-1.0,-1.0,-1.0,-1.0,-1.0,-1.0,-1.0,-1.0,-1.0,-1.0,-1.0,-1.0,-1.0,-1.0,-1.0,-1.0,-1.0,-1.0,-1.0,-1.0,-1.0,-1.0,-1.0,-1.0,-1.0,-1.0,-1.0,-1.0,-1.0,-1.0,-1.0,-1.0,-1.0,-1.0,-1.0,-1.0,-1.0,-1.0,-1.0,-1.0,-1.0,-1.0,-1.0,-1.0,-1.0,-1.0,-1.0,-1.0,-1.0,-1.0,-1.0,-1.0,-1.0,-1.0,-1.0,-1.0,-1.0,-1.0,-1.0,-1.0,-1.0,-1.0,-1.0,-1.0,-1.0,-1.0,-1.0,-1.0,-1.0,-1.0,-1.0,-1.0,-1.0,-1.0,-1.0,-1.0,-1.0,-1.0,-1.0,-1.0,-1.0,-1.0,-1.0,-1.0,-1.0,-1.0,-1.0,-1.0,-1.0,-1.0,-1.0,-1.0,-1.0,-1.0,-1.0,-1.0,-1.0,-1.0,-1.0,-1.0,-1.0,-1.0,-1.0,-1.0,-1.0,-1.0,-1.0,-1.0,-1.0,-1.0,-1.0,-1.0,-1.0,-1.0,-1.0,-1.0,-1.0,-1.0,-1.0,-1.0,-1.0,-1.0,-1.0,-1.0,-1.0,-1.0,-1.0,-1.0,-1.0,-1.0,-1.0,-1.0,-1.0,-1.0,-1.0,-1.0,-1.0,-1.0,-1.0,-1.0,-1.0,-1.0,-1.0,-1.0,-1.0,-1.0,-1.0,-1.0,-1.0,-1.0,-1.0,-1.0,-1.0,-1.0,-1.0,-1.0,-1.0,-1.0,-1.0,-1.0,-1.0,-1.0,-1.0,-1.0,-1.0,-1.0,-1.0,-1.0,-1.0,-1.0,-1.0,-1.0,-1.0,-1.0,-1.0,-1.0,-1.0,-1.0,-1.0,-1.0,-1.0,-1.0,-1.0,-1.0,-1.0,-1.0,-1.0,-1.0,-1.0,-1.0,-1.0,-1.0,-1.0,-1.0,-1.0,-1.0,-1.0,-1.0,-1.0,-1.0,-1.0,-1.0,-1.0,-1.0,-1.0,-1.0,-1.0,-1.0,-1.0,-1.0,-1.0,-1.0,-1.0,-1.0,-1.0,-1.0,-1.0,-1.0,-1.0,-1.0,-1.0,-1.0,-1.0,-1.0,-1.0,-1.0,-1.0,-1.0,-1.0,-1.0,-1.0,-1.0,-1.0,-1.0,-1.0,-1.0,-1.0,-1.0,-1.0,-1.0,-1.0,-1.0,-1.0,-1.0,-1.0,-1.0,-1.0,-1.0,-1.0,-1.0,-1.0,-1.0,-1.0,-1.0,-1.0,-1.0,-1.0,-1.0,-1.0,-1.0,-1.0,-1.0,-1.0,-1.0,-1.0,-1.0,-1.0,-1.0,-1.0,-1.0,-1.0,-1.0,-1.0,-1.0,-1.0,-1.0,-1.0,-1.0,-1.0,-1.0,-1.0,-1.0,-1.0,-1.0,-1.0,-1.0,-1.0,-1.0,-1.0
1.0,1.0,1.0,1.0,1.0,1.0,1.0,1.0,1.0,1.0,1.0,1.0,1.0,1.0,1.0,1.0,1.0,1.0,1.0,1.0,1.0,1.0,1.0,1.0,1.0,1.0,1.0,1.0,1.0,1.0,1.0,1.0,1.0,1.0,1.0,1.0,1.0,1.0,1.0,1.0,1.0,1.0,1.0,1.0,1.0,1.0,1.0,1.0,1.0,1.0,1.0,1.0,1.0,1.0,1.0,1.0,1.0,1.0,1.0,1.0,1.0,1.0,1.0,1.0,1.0,1.0,1.0,1.0,1.0,1.0,1.0,1.0,1.0,1.0,1.0,1.0,1.0,1.0,1.0,1.0,1.0,1.0,1.0,1.0,1.0,1.0,1.0,1.0,1.0,1.0,1.0,1.0,1.0,1.0,1.0,1.0,1.0,1.0,1.0,1.0,1.0,1.0,1.0,1.0,1.0,1.0,1.0,1.0,1.0,1.0,1.0,1.0,1.0,1.0,1.0,1.0,1.0,1.0,1.0,1.0,1.0,1.0,1.0,1.0,1.0,1.0,1.0,1.0,1.0,1.0,1.0,1.0,1.0,1.0,1.0,1.0,1.0,1.0,1.0,1.0,1.0,1.0,1.0,1.0,1.0,1.0,1.0,1.0,1.0,1.0,1.0,1.0,1.0,1.0,1.0,1.0,1.0,1.0,1.0,1.0,1.0,1.0,1.0,1.0,1.0,1.0,1.0,1.0,1.0,1.0,1.0,1.0,1.0,1.0,1.0,1.0,1.0,1.0,1.0,1.0,1.0,1.0,1.0,1.0,1.0,1.0,1.0,1.0,1.0,1.0,1.0,1.0,1.0,1.0,1.0,1.0,1.0,1.0,1.0,1.0,1.0,1.0,1.0,1.0,1.0,1.0,1.0,1.0,1.0,1.0,1.0,1.0,1.0,1.0,1.0,1.0,1.0,1.0,1.0,1.0,1.0,1.0,1.0,1.0,1.0,1.0,1.0,1.0,1.0,1.0,1.0,1.0,1.0,1.0,1.0,1.0,1.0,1.0,1.0,1.0,1.0,1.0,1.0,1.0,1.0,1.0,1.0,1.0,1.0,1.0,1.0,1.0,1.0,1.0,1.0,1.0,1.0,1.0,1.0,1.0,1.0,1.0,1.0,1.0,1.0,1.0,1.0,1.0,1.0,1.0,1.0,1.0,1.0,1.0,1.0,1.0,1.0,1.0,1.0,1.0,1.0,1.0,1.0,1.0,1.0,1.0,1.0,1.0,1.0,1.0,1.0,1.0,1.0,1.0,1.0,1.0,1.0,1.0,1.0,1.0,1.0,1.0,1.0,1.0,1.0,1.0,1.0,1.0,1.0,1.0,1.0,1.0,1.0,1.0,1.0,1.0,1.0,1.0,1.0,1.0,1.0,1.0,1.0,1.0,1.0,1.0,1.0,1.0,1.0,1.0,1.0,1.0,1.0,1.0,1.0,1.0,1.0,1.0,1.0,1.0,1.0,1.0,1.0,1.0,1.0,1.0,1.0,1.0,1.0,1.0,1.0,1.0,1.0,1.0,1.0,1.0,1.0,1.0,1.0,1.0,1.0,1.0,1.0,1.0,1.0,1.0,1.0,1.0,1.0,1.0,1.0,1.0,1.0,1.0,1.0,1.0,1.0,1.0,1.0,1.0,1.0,1.0,1.0,1.0,1.0,1.0,1.0,1.0,1.0,1.0,1.0,1.0,1.0,1.0,1.0,1.0,1.0,1.0,1.0,1.0,1.0,1.0,1.0,1.0,1.0,1.0,1.0,1.0,1.0,1.0,1.0,1.0,1.0,1.0,1.0,1.0,1.0,1.0,1.0,1.0,1.0,1.0,1.0,1.0,1.0,1.0,1.0,1.0,1.0,1.0,1.0,1.0,1.0,1.0,1.0,1.0,1.0,1.0,1.0,1.0,1.0,1.0,1.0,1.0,1.0,1.0,1.0,1.0,1.0,1.0,1.0,1.0,1.0,1.0,1.0,1.0,1.0,1.0,1.0,1.0,1.0,1.0,1.0,1.0,1.0,1.0,1.0,1.0,1.0,1.0,1.0,1.0,1.0,1.0,1.0,1.0,1.0,1.0,1.0,1.0,1.0,1.0,1.0,1.0,1.0,1.0,1.0,1.0,1.0,1.0,1.0,1.0,1.0,1.0,1.0,1.0,1.0,1.0,1.0,1.0,1.0,1.0,1.0,1.0,1.0,1.0,1.0,1.0,1.0,1.0,1.0,1.0,1.0,1.0,1.0,1.0,1.0,1.0,1.0,1.0,1.0,1.0,1.0,1.0,1.0,1.0,1.0,1.0,1.0,1.0,1.0,1.0,1.0,1.0,1.0,1.0,1.0,1.0,1.0,1.0,1.0,1.0,1.0,1.0,1.0,1.0,1.0,1.0,1.0,1.0,1.0,1.0,1.0,1.0,1.0,1.0,1.0,1.0,1.0,1.0,1.0,1.0,1.0,1.0,1.0,1.0,1.0,1.0,1.0,1.0,1.0,1.0,1.0,1.0,1.0,1.0,1.0,1.0,1.0,1.0,1.0,1.0,1.0,1.0,1.0,1.0,1.0,1.0,1.0,1.0,1.0,1.0,1.0,1.0,1.0,1.0,1.0,1.0,1.0,1.0,1.0,1.0,1.0,1.0,1.0,1.0,1.0,1.0,1.0,1.0,1.0,1.0,1.0,1.0,1.0,1.0,1.0,1.0,1.0,1.0,1.0,1.0,1.0,1.0,1.0,1.0,1.0,1.0,1.0,1.0,1.0,1.0,1.0,1.0,1.0,1.0,1.0,1.0,1.0,1.0,1.0,1.0,1.0,1.0,1.0,1.0,1.0,1.0,1.0,1.0,1.0,1.0,1.0,1.0,1.0,1.0,1.0,1.0,1.0,1.0,1.0,1.0,1.0,1.0,1.0,1.0,1.0,1.0,1.0,1.0,1.0,1.0,1.0,1.0,1.0,1.0,1.0,1.0,1.0,1.0,1.0,1.0,1.0,1.0,1.0,1.0,1.0,1.0,1.0,1.0,1.0,1.0,1.0,1.0,1.0,1.0,1.0,1.0,1.0,1.0,1.0,1.0,1.0,1.0,1.0,1.0,1.0,1.0,1.0,1.0,1.0,1.0,1.0,1.0,1.0,1.0,1.0,1.0,1.0,1.0,1.0
-1.0,-1.0,-1.0,-1.0,-1.0,-1.0,-1.0,-1.0,-1.0,-1.0,-1.0,-1.0,-1.0,-1.0,-1.0,-1.0,-1.0,-1.0,-1.0,-1.0,-1.0,-1.0,-1.0,-1.0,-1.0,-1.0,-1.0,-1.0,-1.0,-1.0,-1.0,-1.0,-1.0,-1.0,-1.0,-1.0,-1.0,-1.0,-1.0,-1.0,-1.0,-1.0,-1.0,-1.0,-1.0,-1.0,-1.0,-1.0,-1.0,-1.0,-1.0,-1.0,-1.0,-1.0,-1.0,-1.0,-1.0,-1.0,-1.0,-1.0,-1.0,-1.0,-1.0,-1.0,-1.0,-1.0,-1.0,-1.0,-1.0,-1.0,-1.0,-1.0,-1.0,-1.0,-1.0,-1.0,-1.0,-1.0,-1.0,-1.0,-1.0,-1.0,-1.0,-1.0,-1.0,-1.0,-1.0,-1.0,-1.0,-1.0,-1.0,-1.0,-1.0,-1.0,-1.0,-1.0,-1.0,-1.0,-1.0,-1.0,-1.0,-1.0,-1.0,-1.0,-1.0,-1.0,-1.0,-1.0,-1.0,-1.0,-1.0,-1.0,-1.0,-1.0,-1.0,-1.0,-1.0,-1.0,-1.0,-1.0,-1.0,-1.0,-1.0,-1.0,-1.0,-1.0,-1.0,-1.0,-1.0,-1.0,-1.0,-1.0,-1.0,-1.0,-1.0,-1.0,-1.0,-1.0,-1.0,-1.0,-1.0,-1.0,-1.0,-1.0,-1.0,-1.0,-1.0,-1.0,-1.0,-1.0,-1.0,-1.0,-1.0,-1.0,-1.0,-1.0,-1.0,-1.0,-1.0,-1.0,-1.0,-1.0,-1.0,-1.0,-1.0,-1.0,-1.0,-1.0,-1.0,-1.0,-1.0,-1.0,-1.0,-1.0,-1.0,-1.0,-1.0,-1.0,-1.0,-1.0,-1.0,-1.0,-1.0,-1.0,-1.0,-1.0,-1.0,-1.0,-1.0,-1.0,-1.0,-1.0,-1.0,-1.0,-1.0,-1.0,-1.0,-1.0,-1.0,-1.0,-1.0,-1.0,-1.0,-1.0,-1.0,-1.0,-1.0,-1.0,-1.0,-1.0,-1.0,-1.0,-1.0,-1.0,-1.0,-1.0,-1.0,-1.0,-1.0,-1.0,-1.0,-1.0,-1.0,-1.0,-1.0,-1.0,-1.0,-1.0,-1.0,-1.0,-1.0,-1.0,-1.0,-1.0,-1.0,-1.0,-1.0,-1.0,-1.0,-1.0,-1.0,-1.0,-1.0,-1.0,-1.0,-1.0,-1.0,-1.0,-1.0,-1.0,-1.0,-1.0,-1.0,-1.0,-1.0,-1.0,-1.0,-1.0,-1.0,-1.0,-1.0,-1.0,-1.0,-1.0,-1.0,-1.0,-1.0,-1.0,-1.0,-1.0,-1.0,-1.0,-1.0,-1.0,-1.0,-1.0,-1.0,-1.0,-1.0,-1.0,-1.0,-1.0,-1.0,-1.0,-1.0,-1.0,-1.0,-1.0,-1.0,-1.0,-1.0,-1.0,-1.0,-1.0,-1.0,-1.0,-1.0,-1.0,-1.0,-1.0,-1.0,-1.0,-1.0,-1.0,-1.0,-1.0,-1.0,-1.0,-1.0,-1.0,-1.0,-1.0,-1.0,-1.0,-1.0,-1.0,-1.0,-1.0,-1.0,-1.0,-1.0,-1.0,-1.0,-1.0,-1.0,-1.0,-1.0,-1.0,-1.0,-1.0,-1.0,-1.0,-1.0,-1.0,-1.0,-1.0,-1.0,-1.0,-1.0,-1.0,-1.0,-1.0,-1.0,-1.0,-1.0,-1.0,-1.0,-1.0,-1.0,-1.0,-1.0,-1.0,-1.0,-1.0,-1.0,-1.0,-1.0,-1.0,-1.0,-1.0,-1.0,-1.0,-1.0,-1.0,-1.0,-1.0,-1.0,-1.0,-1.0,-1.0,-1.0,-1.0,-1.0,-1.0,-1.0,-1.0,-1.0,-1.0,-1.0,-1.0,-1.0,-1.0,-1.0,-1.0,-1.0,-1.0,-1.0,-1.0,-1.0,-1.0,-1.0,-1.0,-1.0,-1.0,-1.0,-1.0,-1.0,-1.0,-1.0,-1.0,-1.0,-1.0,-1.0,-1.0,-1.0,-1.0,-1.0,-1.0,-1.0,-1.0,-1.0,-1.0,-1.0,-1.0,-1.0,-1.0,-1.0,-1.0,-1.0,-1.0,-1.0,-1.0,-1.0,-1.0,-1.0,-1.0,-1.0,-1.0,-1.0,-1.0,-1.0,-1.0,-1.0,-1.0,-1.0,-1.0,-1.0,-1.0,-1.0,-1.0,-1.0,-1.0,-1.0,-1.0,-1.0,-1.0,-1.0,-1.0,-1.0,-1.0,-1.0,-1.0,-1.0,-1.0,-1.0,-1.0,-1.0,-1.0,-1.0,-1.0,-1.0,-1.0,-1.0,-1.0,-1.0,-1.0,-1.0,-1.0,-1.0,-1.0,-1.0,-1.0,-1.0,-1.0,-1.0,-1.0,-1.0,-1.0,-1.0,-1.0,-1.0,-1.0,-1.0,-1.0,-1.0,-1.0,-1.0,-1.0,-1.0,-1.0,-1.0,-1.0,-1.0,-1.0,-1.0,-1.0,-1.0,-1.0,-1.0,-1.0,-1.0,-1.0,-1.0,-1.0,-1.0,-1.0,-1.0,-1.0,-1.0,-1.0,-1.0,-1.0,-1.0,-1.0,-1.0,-1.0,-1.0,-1.0,-1.0,-1.0,-1.0,-1.0,-1.0,-1.0,-1.0,-1.0,-1.0,-1.0,-1.0,-1.0,-1.0,-1.0,-1.0,-1.0,-1.0,-1.0,-1.0,-1.0,-1.0,-1.0,-1.0,-1.0,-1.0,-1.0,-1.0,-1.0,-1.0,-1.0,-1.0,-1.0,-1.0,-1.0,-1.0,-1.0,-1.0,-1.0,-1.0,-1.0,-1.0,-1.0,-1.0,-1.0,-1.0,-1.0,-1.0,-1.0,-1.0,-1.0,-1.0,-1.0,-1.0,-1.0,-1.0,-1.0,-1.0,-1.0,-1.0,-1.0,-1.0,-1.0,-1.0,-1.0,-1.0,-1.0,-1.0,-1.0,-1.0,-1.0,-1.0,-1.0,-1.0,-1.0,-1.0,-1.0,-1.0,-1.0,-1.0,-1.0,-1.0,-1.0,-1.0,-1.0,-1.0,-1.0,-1.0,-1.0,-1.0,-1.0,-1.0,-1.0,-1.0,-1.0,-1.0,-1.0,-1.0,-1.0,-1.0,-1.0,-1.0,-1.0,-1.0,-1.0,-1.0,-1.0,-1.0,-1.0,-1.0,-1.0,-1.0,-1.0,-1.0,-1.0,-1.0,-1.0,-1.0,-1.0,-1.0,-1.0,-1.0,-1.0,-1.0,-1.0,-1.0,-1.0,-1.0,-1.0,-1.0,-1.0,-1.0,-1.0,-1.0,-1.0,-1.0,-1.0,-1.0,-1.0,-1.0,-1.0,-1.0,-1.0,-1.0,-1.0,-1.0,-1.0,-1.0,-1.0,-1.0,-1.0,-1.0,-1.0,-1.0,-1.0,-1.0,-1.0,-1.0,-1.0,-1.0,-1.0,-1.0,-1.0,-1.0,-1.0,-1.0,-1.0,-1.0,-1.0,-1.0,-1.0,-1.0,-1.0,-1.0,-1.0,-1.0,-1.0,-1.0,-1.0,-1.0,-1.0,-1.0,-1.0,-1.0,-1.0,-1.0,-1.0,-1.0,-1.0,-1.0,-1.0,-1.0,-1.0,-1.0,-1.0,-1.0,-1.0,-1.0,-1.0,-1.0,-1.0,-1.0,-1.0,-1.0
-1.0,-1.0,-1.0,-1.0,-1.0,-1.0,-1.0,-1.0,-1.0,-1.0,-1.0,-1.0,-1.0,-1.0,-1.0,-1.0,-1.0,-1.0,-1.0,-1.0,-1.0,-1.0,-1.0,-1.0,-1.0,-1.0,-1.0,-1.0,-1.0,-1.0,-1.0,-1.0,-1.0,-1.0,-1.0,-1.0,-1.0,-1.0,-1.0,-1.0,-1.0,-1.0,-1.0,-1.0,-1.0,-1.0,-1.0,-1.0,-1.0,-1.0,-1.0,-1.0,-1.0,-1.0,-1.0,-1.0,-1.0,-1.0,-1.0,-1.0,-1.0,-1.0,-1.0,-1.0,-1.0,-1.0,-1.0,-1.0,-1.0,-1.0,-1.0,-1.0,-1.0,-1.0,-1.0,-1.0,-1.0,-1.0,-1.0,-1.0,-1.0,-1.0,-1.0,-1.0,-1.0,-1.0,-1.0,-1.0,-1.0,-1.0,-1.0,-1.0,-1.0,-1.0,-1.0,-1.0,-1.0,-1.0,-1.0,-1.0,-1.0,-1.0,-1.0,-1.0,-1.0,-1.0,-1.0,-1.0,-1.0,-1.0,-1.0,-1.0,-1.0,-1.0,-1.0,-1.0,-1.0,-1.0,-1.0,-1.0,-1.0,-1.0,-1.0,-1.0,-1.0,-1.0,-1.0,-1.0,-1.0,-1.0,-1.0,-1.0,-1.0,-1.0,-1.0,-1.0,-1.0,-1.0,-1.0,-1.0,-1.0,-1.0,-1.0,-1.0,-1.0,-1.0,-1.0,-1.0,-1.0,-1.0,-1.0,-1.0,-1.0,-1.0,-1.0,-1.0,-1.0,-1.0,-1.0,-1.0,-1.0,-1.0,-1.0,-1.0,-1.0,-1.0,-1.0,-1.0,-1.0,-1.0,-1.0,-1.0,-1.0,-1.0,-1.0,-1.0,-1.0,-1.0,-1.0,-1.0,-1.0,-1.0,-1.0,-1.0,-1.0,-1.0,-1.0,-1.0,-1.0,-1.0,-1.0,-1.0,-1.0,-1.0,-1.0,-1.0,-1.0,-1.0,-1.0,-1.0,-1.0,-1.0,-1.0,-1.0,-1.0,-1.0,-1.0,-1.0,-1.0,-1.0,-1.0,-1.0,-1.0,-1.0,-1.0,-1.0,-1.0,-1.0,-1.0,-1.0,-1.0,-1.0,-1.0,-1.0,-1.0,-1.0,-1.0,-1.0,-1.0,-1.0,-1.0,-1.0,-1.0,-1.0,-1.0,-1.0,-1.0,-1.0,-1.0,-1.0,-1.0,-1.0,-1.0,-1.0,-1.0,-1.0,-1.0,-1.0,-1.0,-1.0,-1.0,-1.0,-1.0,-1.0,-1.0,-1.0,-1.0,-1.0,-1.0,-1.0,-1.0,-1.0,-1.0,-1.0,-1.0,-1.0,-1.0,-1.0,-1.0,-1.0,-1.0,-1.0,-1.0,-1.0,-1.0,-1.0,-1.0,-1.0,-1.0,-1.0,-1.0,-1.0,-1.0,-1.0,-1.0,-1.0,-1.0,-1.0,-1.0,-1.0,-1.0,-1.0,-1.0,-1.0,-1.0,-1.0,-1.0,-1.0,-1.0,-1.0,-1.0,-1.0,-1.0,-1.0,-1.0,-1.0,-1.0,-1.0,-1.0,-1.0,-1.0,-1.0,-1.0,-1.0,-1.0,-1.0,-1.0,-1.0,-1.0,-1.0,-1.0,-1.0,-1.0,-1.0,-1.0,-1.0,-1.0,-1.0,-1.0,-1.0,-1.0,-1.0,-1.0,-1.0,-1.0,-1.0,-1.0,-1.0,-1.0,-1.0,-1.0,-1.0,-1.0,-1.0,-1.0,-1.0,-1.0,-1.0,-1.0,-1.0,-1.0,-1.0,-1.0,-1.0,-1.0,-1.0,-1.0,-1.0,-1.0,-1.0,-1.0,-1.0,-1.0,-1.0,-1.0,-1.0,-1.0,-1.0,-1.0,-1.0,-1.0,-1.0,-1.0,-1.0,-1.0,-1.0,-1.0,-1.0,-1.0,-1.0,-1.0,-1.0,-1.0,-1.0,-1.0,-1.0,-1.0,-1.0,-1.0,-1.0,-1.0,-1.0,-1.0,-1.0,-1.0,-1.0,-1.0,-1.0,-1.0,-1.0,-1.0,-1.0,-1.0,-1.0,-1.0,-1.0,-1.0,-1.0,-1.0,-1.0,-1.0,-1.0,-1.0,-1.0,-1.0,-1.0,-1.0,-1.0,-1.0,-1.0,-1.0,-1.0,-1.0,-1.0,-1.0,-1.0,-1.0,-1.0,-1.0,-1.0,-1.0,-1.0,-1.0,-1.0,-1.0,-1.0,-1.0,-1.0,-1.0,-1.0,-1.0,-1.0,-1.0,-1.0,-1.0,-1.0,-1.0,-1.0,-1.0,-1.0,-1.0,-1.0,-1.0,-1.0,-1.0,-1.0,-1.0,-1.0,-1.0,-1.0,-1.0,-1.0,-1.0,-1.0,-1.0,-1.0,-1.0,-1.0,-1.0,-1.0,-1.0,-1.0,-1.0,-1.0,-1.0,-1.0,-1.0,-1.0,-1.0,-1.0,-1.0,-1.0,-1.0,-1.0,-1.0,-1.0,-1.0,-1.0,-1.0,-1.0,-1.0,-1.0,-1.0,-1.0,-1.0,-1.0,-1.0,-1.0,-1.0,-1.0,-1.0,-1.0,-1.0,-1.0,-1.0,-1.0,-1.0,-1.0,-1.0,-1.0,-1.0,-1.0,-1.0,-1.0,-1.0,-1.0,-1.0,-1.0,-1.0,-1.0,-1.0,-1.0,-1.0,-1.0,-1.0,-1.0,-1.0,-1.0,-1.0,-1.0,-1.0,-1.0,-1.0,-1.0,-1.0,-1.0,-1.0,-1.0,-1.0,-1.0,-1.0,-1.0,-1.0,-1.0,-1.0,-1.0,-1.0,-1.0,-1.0,-1.0,-1.0,-1.0,-1.0,-1.0,-1.0,-1.0,-1.0,-1.0,-1.0,-1.0,-1.0,-1.0,-1.0,-1.0,-1.0,-1.0,-1.0,-1.0,-1.0,-1.0,-1.0,-1.0,-1.0,-1.0,-1.0,-1.0,-1.0,-1.0,-1.0,-1.0,-1.0,-1.0,-1.0,-1.0,-1.0,-1.0,-1.0,-1.0,-1.0,-1.0,-1.0,-1.0,-1.0,-1.0,-1.0,-1.0,-1.0,-1.0,-1.0,-1.0,-1.0,-1.0,-1.0,-1.0,-1.0,-1.0,-1.0,-1.0,-1.0,-1.0,-1.0,-1.0,-1.0,-1.0,-1.0,-1.0,-1.0,-1.0,-1.0,-1.0,-1.0,-1.0,-1.0,-1.0,-1.0,-1.0,-1.0,-1.0,-1.0,-1.0,-1.0,-1.0,-1.0,-1.0,-1.0,-1.0,-1.0,-1.0,-1.0,-1.0,-1.0,-1.0,-1.0,-1.0,-1.0,-1.0,-1.0,-1.0,-1.0,-1.0,-1.0,-1.0,-1.0,-1.0,-1.0,-1.0,-1.0,-1.0,-1.0,-1.0,-1.0,-1.0,-1.0,-1.0,-1.0,-1.0,-1.0,-1.0,-1.0,-1.0,-1.0,-1.0,-1.0,-1.0,-1.0,-1.0,-1.0,-1.0,-1.0,-1.0,-1.0,-1.0,-1.0,-1.0,-1.0,-1.0,-1.0,-1.0,-1.0,-1.0,-1.0,-1.0,-1.0,-1.0,-1.0,-1.0,-1.0,-1.0,-1.0,-1.0,-1.0,-1.0,-1.0,-1.0,-1.0,-1.0,-1.0,-1.0,-1.0,-1.0,-1.0,-1.0,-1.0,-1.0,-1.0,-1.0,-1.0,-1.0,-1.0,-1.0,-1.0
-1.0,-1.0,-1.0,-1.0,-1.0,-1.0,-1.0,-1.0,-1.0,-1.0,-1.0,-1.0,-1.0,-1.0,-1.0,-1.0,-1.0,-1.0,-1.0,-1.0,-1.0,-1.0,-1.0,-1.0,-1.0,-1.0,-1.0,-1.0,-1.0,-1.0,-1.0,-1.0,-1.0,-1.0,-1.0,-1.0,-1.0,-1.0,-1.0,-1.0,-1.0,-1.0,-1.0,-1.0,-1.0,-1.0,-1.0,-1.0,-1.0,-1.0,-1.0,-1.0,-1.0,-1.0,-1.0,-1.0,-1.0,-1.0,-1.0,-1.0,-1.0,-1.0,-1.0,-1.0,-1.0,-1.0,-1.0,-1.0,-1.0,-1.0,-1.0,-1.0,-1.0,-1.0,-1.0,-1.0,-1.0,-1.0,-1.0,-1.0,-1.0,-1.0,-1.0,-1.0,-1.0,-1.0,-1.0,-1.0,-1.0,-1.0,-1.0,-1.0,-1.0,-1.0,-1.0,-1.0,-1.0,-1.0,-1.0,-1.0,-1.0,-1.0,-1.0,-1.0,-1.0,-1.0,-1.0,-1.0,-1.0,-1.0,-1.0,-1.0,-1.0,-1.0,-1.0,-1.0,-1.0,-1.0,-1.0,-1.0,-1.0,-1.0,-1.0,-1.0,-1.0,-1.0,-1.0,-1.0,-1.0,-1.0,-1.0,-1.0,-1.0,-1.0,-1.0,-1.0,-1.0,-1.0,-1.0,-1.0,-1.0,-1.0,-1.0,-1.0,-1.0,-1.0,-1.0,-1.0,-1.0,-1.0,-1.0,-1.0,-1.0,-1.0,-1.0,-1.0,-1.0,-1.0,-1.0,-1.0,-1.0,-1.0,-1.0,-1.0,-1.0,-1.0,-1.0,-1.0,-1.0,-1.0,-1.0,-1.0,-1.0,-1.0,-1.0,-1.0,-1.0,-1.0,-1.0,-1.0,-1.0,-1.0,-1.0,-1.0,-1.0,-1.0,-1.0,-1.0,-1.0,-1.0,-1.0,-1.0,-1.0,-1.0,-1.0,-1.0,-1.0,-1.0,-1.0,-1.0,-1.0,-1.0,-1.0,-1.0,-1.0,-1.0,-1.0,-1.0,-1.0,-1.0,-1.0,-1.0,-1.0,-1.0,-1.0,-1.0,-1.0,-1.0,-1.0,-1.0,-1.0,-1.0,-1.0,-1.0,-1.0,-1.0,-1.0,-1.0,-1.0,-1.0,-1.0,-1.0,-1.0,-1.0,-1.0,-1.0,-1.0,-1.0,-1.0,-1.0,-1.0,-1.0,-1.0,-1.0,-1.0,-1.0,-1.0,-1.0,-1.0,-1.0,-1.0,-1.0,-1.0,-1.0,-1.0,-1.0,-1.0,-1.0,-1.0,-1.0,-1.0,-1.0,-1.0,-1.0,-1.0,-1.0,-1.0,-1.0,-1.0,-1.0,-1.0,-1.0,-1.0,-1.0,-1.0,-1.0,-1.0,-1.0,-1.0,-1.0,-1.0,-1.0,-1.0,-1.0,-1.0,-1.0,-1.0,-1.0,-1.0,-1.0,-1.0,-1.0,-1.0,-1.0,-1.0,-1.0,-1.0,-1.0,-1.0,-1.0,-1.0,-1.0,-1.0,-1.0,-1.0,-1.0,-1.0,-1.0,-1.0,-1.0,-1.0,-1.0,-1.0,-1.0,-1.0,-1.0,-1.0,-1.0,-1.0,-1.0,-1.0,-1.0,-1.0,-1.0,-1.0,-1.0,-1.0,-1.0,-1.0,-1.0,-1.0,-1.0,-1.0,-1.0,-1.0,-1.0,-1.0,-1.0,-1.0,-1.0,-1.0,-1.0,-1.0,-1.0,-1.0,-1.0,-1.0,-1.0,-1.0,-1.0,-1.0,-1.0,-1.0,-1.0,-1.0,-1.0,-1.0,-1.0,-1.0,-1.0,-1.0,-1.0,-1.0,-1.0,-1.0,-1.0,-1.0,-1.0,-1.0,-1.0,-1.0,-1.0,-1.0,-1.0,-1.0,-1.0,-1.0,-1.0,-1.0,-1.0,-1.0,-1.0,-1.0,-1.0,-1.0,-1.0,-1.0,-1.0,-1.0,-1.0,-1.0,-1.0,-1.0,-1.0,-1.0,-1.0,-1.0,-1.0,-1.0,-1.0,-1.0,-1.0,-1.0,-1.0,-1.0,-1.0,-1.0,-1.0,-1.0,-1.0,-1.0,-1.0,-1.0,-1.0,-1.0,-1.0,-1.0,-1.0,-1.0,-1.0,-1.0,-1.0,-1.0,-1.0,-1.0,-1.0,-1.0,-1.0,-1.0,-1.0,-1.0,-1.0,-1.0,-1.0,-1.0,-1.0,-1.0,-1.0,-1.0,-1.0,-1.0,-1.0,-1.0,-1.0,-1.0,-1.0,-1.0,-1.0,-1.0,-1.0,-1.0,-1.0,-1.0,-1.0,-1.0,-1.0,-1.0,-1.0,-1.0,-1.0,-1.0,-1.0,-1.0,-1.0,-1.0,-1.0,-1.0,-1.0,-1.0,-1.0,-1.0,-1.0,-1.0,-1.0,-1.0,-1.0,-1.0,-1.0,-1.0,-1.0,-1.0,-1.0,-1.0,-1.0,-1.0,-1.0,-1.0,-1.0,-1.0,-1.0,-1.0,-1.0,-1.0,-1.0,-1.0,-1.0,-1.0,-1.0,-1.0,-1.0,-1.0,-1.0,-1.0,-1.0,-1.0,-1.0,-1.0,-1.0,-1.0,-1.0,-1.0,-1.0,-1.0,-1.0,-1.0,-1.0,-1.0,-1.0,-1.0,-1.0,-1.0,-1.0,-1.0,-1.0,-1.0,-1.0,-1.0,-1.0,-1.0,-1.0,-1.0,-1.0,-1.0,-1.0,-1.0,-1.0,-1.0,-1.0,-1.0,-1.0,-1.0,-1.0,-1.0,-1.0,-1.0,-1.0,-1.0,-1.0,-1.0,-1.0,-1.0,-1.0,-1.0,-1.0,-1.0,-1.0,-1.0,-1.0,-1.0,-1.0,-1.0,-1.0,-1.0,-1.0,-1.0,-1.0,-1.0,-1.0,-1.0,-1.0,-1.0,-1.0,-1.0,-1.0,-1.0,-1.0,-1.0,-1.0,-1.0,-1.0,-1.0,-1.0,-1.0,-1.0,-1.0,-1.0,-1.0,-1.0,-1.0,-1.0,-1.0,-1.0,-1.0,-1.0,-1.0,-1.0,-1.0,-1.0,-1.0,-1.0,-1.0,-1.0,-1.0,-1.0,-1.0,-1.0,-1.0,-1.0,-1.0,-1.0,-1.0,-1.0,-1.0,-1.0,-1.0,-1.0,-1.0,-1.0,-1.0,-1.0,-1.0,-1.0,-1.0,-1.0,-1.0,-1.0,-1.0,-1.0,-1.0,-1.0,-1.0,-1.0,-1.0,-1.0,-1.0,-1.0,-1.0,-1.0,-1.0,-1.0,-1.0,-1.0,-1.0,-1.0,-1.0,-1.0,-1.0,-1.0,-1.0,-1.0,-1.0,-1.0,-1.0,-1.0,-1.0,-1.0,-1.0,-1.0,-1.0,-1.0,-1.0,-1.0,-1.0,-1.0,-1.0,-1.0,-1.0,-1.0,-1.0,-1.0,-1.0,-1.0,-1.0,-1.0,-1.0,-1.0,-1.0,-1.0,-1.0,-1.0,-1.0,-1.0,-1.0,-1.0,-1.0,-1.0,-1.0,-1.0,-1.0,-1.0,-1.0,-1.0,-1.0,-1.0,-1.0,-1.0,-1.0,-1.0,-1.0,-1.0,-1.0,-1.0,-1.0,-1.0,-1.0,-1.0,-1.0,-1.0,-1.0,-1.0,-1.0,-1.0,-1.0,-1.0,-1.0,-1.0,-1.0,-1.0,-1.0,-1.0,-1.0
1.0,1.0,1.0,1.0,1.0,1.0,1.0,1.0,1.0,1.0,1.0,1.0,1.0,1.0,1.0,1.0,1.0,1.0,1.0,1.0,1.0,1.0,1.0,1.0,1.0,1.0,1.0,1.0,1.0,1.0,1.0,1.0,1.0,1.0,1.0,1.0,1.0,1.0,1.0,1.0,1.0,1.0,1.0,1.0,1.0,1.0,1.0,1.0,1.0,1.0,1.0,1.0,1.0,1.0,1.0,1.0,1.0,1.0,1.0,1.0,1.0,1.0,1.0,1.0,1.0,1.0,1.0,1.0,1.0,1.0,1.0,1.0,1.0,1.0,1.0,1.0,1.0,1.0,1.0,1.0,1.0,1.0,1.0,1.0,1.0,1.0,1.0,1.0,1.0,1.0,1.0,1.0,1.0,1.0,1.0,1.0,1.0,1.0,1.0,1.0,1.0,1.0,1.0,1.0,1.0,1.0,1.0,1.0,1.0,1.0,1.0,1.0,1.0,1.0,1.0,1.0,1.0,1.0,1.0,1.0,1.0,1.0,1.0,1.0,1.0,1.0,1.0,1.0,1.0,1.0,1.0,1.0,1.0,1.0,1.0,1.0,1.0,1.0,1.0,1.0,1.0,1.0,1.0,1.0,1.0,1.0,1.0,1.0,1.0,1.0,1.0,1.0,1.0,1.0,1.0,1.0,1.0,1.0,1.0,1.0,1.0,1.0,1.0,1.0,1.0,1.0,1.0,1.0,1.0,1.0,1.0,1.0,1.0,1.0,1.0,1.0,1.0,1.0,1.0,1.0,1.0,1.0,1.0,1.0,1.0,1.0,1.0,1.0,1.0,1.0,1.0,1.0,1.0,1.0,1.0,1.0,1.0,1.0,1.0,1.0,1.0,1.0,1.0,1.0,1.0,1.0,1.0,1.0,1.0,1.0,1.0,1.0,1.0,1.0,1.0,1.0,1.0,1.0,1.0,1.0,1.0,1.0,1.0,1.0,1.0,1.0,1.0,1.0,1.0,1.0,1.0,1.0,1.0,1.0,1.0,1.0,1.0,1.0,1.0,1.0,1.0,1.0,1.0,1.0,1.0,1.0,1.0,1.0,1.0,1.0,1.0,1.0,1.0,1.0,1.0,1.0,1.0,1.0,1.0,1.0,1.0,1.0,1.0,1.0,1.0,1.0,1.0,1.0,1.0,1.0,1.0,1.0,1.0,1.0,1.0,1.0,1.0,1.0,1.0,1.0,1.0,1.0,1.0,1.0,1.0,1.0,1.0,1.0,1.0,1.0,1.0,1.0,1.0,1.0,1.0,1.0,1.0,1.0,1.0,1.0,1.0,1.0,1.0,1.0,1.0,1.0,1.0,1.0,1.0,1.0,1.0,1.0,1.0,1.0,1.0,1.0,1.0,1.0,1.0,1.0,1.0,1.0,1.0,1.0,1.0,1.0,1.0,1.0,1.0,1.0,1.0,1.0,1.0,1.0,1.0,1.0,1.0,1.0,1.0,1.0,1.0,1.0,1.0,1.0,1.0,1.0,1.0,1.0,1.0,1.0,1.0,1.0,1.0,1.0,1.0,1.0,1.0,1.0,1.0,1.0,1.0,1.0,1.0,1.0,1.0,1.0,1.0,1.0,1.0,1.0,1.0,1.0,1.0,1.0,1.0,1.0,1.0,1.0,1.0,1.0,1.0,1.0,1.0,1.0,1.0,1.0,1.0,1.0,1.0,1.0,1.0,1.0,1.0,1.0,1.0,1.0,1.0,1.0,1.0,1.0,1.0,1.0,1.0,1.0,1.0,1.0,1.0,1.0,1.0,1.0,1.0,1.0,1.0,1.0,1.0,1.0,1.0,1.0,1.0,1.0,1.0,1.0,1.0,1.0,1.0,1.0,1.0,1.0,1.0,1.0,1.0,1.0,1.0,1.0,1.0,1.0,1.0,1.0,1.0,1.0,1.0,1.0,1.0,1.0,1.0,1.0,1.0,1.0,1.0,1.0,1.0,1.0,1.0,1.0,1.0,1.0,1.0,1.0,1.0,1.0,1.0,1.0,1.0,1.0,1.0,1.0,1.0,1.0,1.0,1.0,1.0,1.0,1.0,1.0,1.0,1.0,1.0,1.0,1.0,1.0,1.0,1.0,1.0,1.0,1.0,1.0,1.0,1.0,1.0,1.0,1.0,1.0,1.0,1.0,1.0,1.0,1.0,1.0,1.0,1.0,1.0,1.0,1.0,1.0,1.0,1.0,1.0,1.0,1.0,1.0,1.0,1.0,1.0,1.0,1.0,1.0,1.0,1.0,1.0,1.0,1.0,1.0,1.0,1.0,1.0,1.0,1.0,1.0,1.0,1.0,1.0,1.0,1.0,1.0,1.0,1.0,1.0,1.0,1.0,1.0,1.0,1.0,1.0,1.0,1.0,1.0,1.0,1.0,1.0,1.0,1.0,1.0,1.0,1.0,1.0,1.0,1.0,1.0,1.0,1.0,1.0,1.0,1.0,1.0,1.0,1.0,1.0,1.0,1.0,1.0,1.0,1.0,1.0,1.0,1.0,1.0,1.0,1.0,1.0,1.0,1.0,1.0,1.0,1.0,1.0,1.0,1.0,1.0,1.0,1.0,1.0,1.0,1.0,1.0,1.0,1.0,1.0,1.0,1.0,1.0,1.0,1.0,1.0,1.0,1.0,1.0,1.0,1.0,1.0,1.0,1.0,1.0,1.0,1.0,1.0,1.0,1.0,1.0,1.0,1.0,1.0,1.0,1.0,1.0,1.0,1.0,1.0,1.0,1.0,1.0,1.0,1.0,1.0,1.0,1.0,1.0,1.0,1.0,1.0,1.0,1.0,1.0,1.0,1.0,1.0,1.0,1.0,1.0,1.0,1.0,1.0,1.0,1.0,1.0,1.0,1.0,1.0,1.0,1.0,1.0,1.0,1.0,1.0,1.0,1.0,1.0,1.0,1.0,1.0,1.0,1.0,1.0,1.0,1.0,1.0,1.0,1.0,1.0,1.0,1.0,1.0,1.0,1.0,1.0,1.0,1.0,1.0,1.0,1.0,1.0,1.0,1.0,1.0,1.0,1.0,1.0,1.0,1.0,1.0,1.0,1.0,1.0,1.0,1.0,1.0,1.0,1.0,1.0,1.0,1.0,1.0,1.0,1.0,1.0,1.0,1.0,1.0,1.0,1.0,1.0,1.0
-0.14629908870408315,-0.14629908870408315,-0.14629908870408315,-0.14629908870408315,-0.14629908870408315,-0.14629908870408315,-0.14629908870408315,-0.14629908870408315,-0.14629908870408315,-0.14629908870408315,-0.14629908870408315,-0.14629908870408315,-0.14629908870408315,-0.14629908870408315,-0.14629908870408315,-0.14629908870408315,-0.14629908870408315,-0.14629908870408315,-0.14629908870408315,-0.14629908870408315,-0.14629908870408315,-0.14629908870408315,-0.14629908870408315,-0.14629908870408315,-0.14629908870408315,-0.14629908870408315,-0.14629908870408315,-0.14629908870408315,-0.14629908870408315,-0.14629908870408315,-0.14629908870408315,-0.14629908870408315,-0.14629908870408315,-0.14629908870408315,-0.14629908870408315,-0.14629908870408315,-0.14629908870408315,-0.14629908870408315,-0.14629908870408315,-0.14629908870408315,-0.14629908870408315,-0.14629908870408315,-0.14629908870408315,-0.14629908870408315,-0.14629908870408315,-0.14629908870408315,-0.14629908870408315,-0.14629908870408315,-0.14629908870408315,-0.14629908870408315,-0.14629908870408315,-0.14629908870408315,-0.14629908870408315,-0.14629908870408315,-0.14629908870408315,-0.14629908870408315,-0.14629908870408315,-0.14629908870408315,-0.14629908870408315,-0.14629908870408315,-0.14629908870408315,-0.14629908870408315,-0.14629908870408315,-0.14629908870408315,-0.14629908870408315,-0.14629908870408315,-0.14629908870408315,-0.14629908870408315,-0.14629908870408315,-0.14629908870408315,-0.14629908870408315,-0.14629908870408315,-0.14629908870408315,-0.14629908870408315,-0.14629908870408315,-0.14629908870408315,-0.14629908870408315,-0.14629908870408315,-0.14629908870408315,-0.14629908870408315,-0.14629908870408315,-0.14629908870408315,-0.14629908870408315,-0.14629908870408315,-0.14629908870408315,-0.14629908870408315,-0.14629908870408315,-0.14629908870408315,-0.14629908870408315,-0.14629908870408315,-0.14629908870408315,-0.14629908870408315,-0.14629908870408315,-0.14629908870408315,-0.14629908870408315,-0.14629908870408315,-0.14629908870408315,-0.14629908870408315,-0.14629908870408315,-0.14629908870408315,-0.14629908870408315,-0.14629908870408315,-0.14629908870408315,-0.14629908870408315,-0.14629908870408315,-0.14629908870408315,-0.14629908870408315,-0.14629908870408315,-0.14629908870408315,-0.14629908870408315,-0.14629908870408315,-0.14629908870408315,-0.14629908870408315,-0.14629908870408315,-0.14629908870408315,-0.14629908870408315,-0.14629908870408315,-0.14629908870408315,-0.14629908870408315,-0.14629908870408315,-0.14629908870408315,-0.14629908870408315,-0.14629908870408315,-0.14629908870408315,-0.14629908870408315,-0.14629908870408315,-0.14629908870408315,-0.14629908870408315,-0.14629908870408315,-0.14629908870408315,-0.14629908870408315,-0.14629908870408315,-0.14629908870408315,-0.14629908870408315,-0.14629908870408315,-0.14629908870408315,-0.14629908870408315,-0.14629908870408315,-0.14629908870408315,-0.14629908870408315,-0.14629908870408315,-0.14629908870408315,-0.14629908870408315,-0.14629908870408315,-0.14629908870408315,-0.14629908870408315,-0.14629908870408315,-0.14629908870408315,-0.14629908870408315,-0.14629908870408315,-0.14629908870408315,-0.14629908870408315,-0.14629908870408315,-0.14629908870408315,-0.14629908870408315,-0.14629908870408315,-0.14629908870408315,-0.14629908870408315,-0.14629908870408315,-0.14629908870408315,-0.14629908870408315,-0.14629908870408315,-0.14629908870408315,-0.14629908870408315,-0.14629908870408315,-0.14629908870408315,-0.14629908870408315,-0.14629908870408315,-0.14629908870408315,-0.14629908870408315,-0.14629908870408315,-0.14629908870408315,-0.14629908870408315,-0.14629908870408315,-0.14629908870408315,-0.14629908870408315,-0.14629908870408315,-0.14629908870408315,-0.14629908870408315,-0.14629908870408315,-0.14629908870408315,-0.14629908870408315,-0.14629908870408315,-0.14629908870408315,-0.14629908870408315,-0.14629908870408315,-0.14629908870408315,-0.14629908870408315,-0.14629908870408315,-0.14629908870408315,-0.14629908870408315,-0.14629908870408315,-0.14629908870408315,-0.14629908870408315,-0.14629908870408315,-0.14629908870408315,-0.14629908870408315,-0.14629908870408315,-0.14629908870408315,-0.14629908870408315,-0.14629908870408315,-0.14629908870408315,-0.14629908870408315,-0.14629908870408315,-0.14629908870408315,-0.14629908870408315,-0.14629908870408315,-0.14629908870408315,-0.14629908870408315,-0.14629908870408315,-0.14629908870408315,-0.14629908870408315,-0.14629908870408315,-0.14629908870408315,-0.14629908870408315,-0.14629908870408315,-0.14629908870408315,-0.14629908870408315,-0.14629908870408315,-0.14629908870408315,-0.14629908870408315,-0.14629908870408315,-0.14629908870408315,-0.14629908870408315,-0.14629908870408315,-0.14629908870408315,-0.14629908870408315,-0.14629908870408315,-0.14629908870408315,-0.14629908870408315,-0.14629908870408315,-0.14629908870408315,-0.14629908870408315,-0.14629908870408315,-0.14629908870408315,-0.14629908870408315,-0.14629908870408315,-0.14629908870408315,-0.14629908870408315,-0.14629908870408315,-0.14629908870408315,-0.14629908870408315,-0.14629908870408315,-0.14629908870408315,-0.14629908870408315,-0.14629908870408315,-0.14629908870408315,-0.14629908870408315,-0.14629908870408315,-0.14629908870408315,-0.14629908870408315,-0.14629908870408315,-0.14629908870408315,-0.14629908870408315,-0.14629908870408315,-0.14629908870408315,-0.14629908870408315,-0.14629908870408315,-0.14629908870408315,-0.14629908870408315,-0.14629908870408315,-0.14629908870408315,-0.14629908870408315,-0.14629908870408315,-0.14629908870408315,-0.14629908870408315,-0.14629908870408315,-0.14629908870408315,-0.14629908870408315,-0.14629908870408315,-0.14629908870408315,-0.14629908870408315,-0.14629908870408315,-0.14629908870408315,-0.14629908870408315,-0.14629908870408315,-0.14629908870408315,-0.14629908870408315,-0.14629908870408315,-0.14629908870408315,-0.14629908870408315,-0.14629908870408315,-0.14629908870408315,-0.14629908870408315,-0.14629908870408315,-0.14629908870408315,-0.14629908870408315,-0.14629908870408315,-0.14629908870408315,-0.14629908870408315,-0.14629908870408315,-0.14629908870408315,-0.14629908870408315,-0.14629908870408315,-0.14629908870408315,-0.14629908870408315,-0.14629908870408315,-0.14629908870408315,-0.14629908870408315,-0.14629908870408315,-0.14629908870408315,-0.14629908870408315,-0.14629908870408315,-0.14629908870408315,-0.14629908870408315,-0.14629908870408315,-0.14629908870408315,-0.14629908870408315,-0.14629908870408315,-0.14629908870408315,-0.14629908870408315,-0.14629908870408315,-0.14629908870408315,-0.14629908870408315,-0.14629908870408315,-0.14629908870408315,-0.14629908870408315,-0.14629908870408315,-0.14629908870408315,-0.14629908870408315,-0.14629908870408315,-0.14629908870408315,-0.14629908870408315,-0.14629908870408315,-0.14629908870408315,-0.14629908870408315,-0.14629908870408315,-0.14629908870408315,-0.14629908870408315,-0.14629908870408315,-0.14629908870408315,-0.14629908870408315,-0.14629908870408315,-0.14629908870408315,-0.14629908870408315,-0.14629908870408315,-0.14629908870408315,-0.14629908870408315,-0.14629908870408315,-0.14629908870408315,-0.14629908870408315,-0.14629908870408315,-0.14629908870408315,-0.14629908870408315,-0.14629908870408315,-0.14629908870408315,-0.14629908870408315,-0.14629908870408315,-0.14629908870408315,-0.14629908870408315,-0.14629908870408315,-0.14629908870408315,-0.14629908870408315,-0.14629908870408315,-0.14629908870408315,-0.14629908870408315,-0.14629908870408315,-0.14629908870408315,-0.14629908870408315,-0.14629908870408315,-0.14629908870408315,-0.14629908870408315,-0.14629908870408315,-0.14629908870408315,-0.14629908870408315,-0.14629908870408315,-0.14629908870408315,-0.14629908870408315,-0.14629908870408315,-0.14629908870408315,-0.14629908870408315,-0.14629908870408315,-0.14629908870408315,-0.14629908870408315,-0.14629908870408315,-0.14629908870408315,-0.14629908870408315,-0.14629908870408315,-0.14629908870408315,-0.14629908870408315,-0.14629908870408315,-0.14629908870408315,-0.14629908870408315,-0.14629908870408315,-0.14629908870408315,-0.14629908870408315,-0.14629908870408315,-0.14629908870408315,-0.14629908870408315,-0.14629908870408315,-0.14629908870408315,-0.14629908870408315,-0.14629908870408315,-0.14629908870408315,-0.14629908870408315,-0.14629908870408315,-0.14629908870408315,-0.14629908870408315,-0.14629908870408315,-0.14629908870408315,-0.14629908870408315,-0.14629908870408315,-0.14629908870408315,-0.14629908870408315,-0.14629908870408315,-0.14629908870408315,-0.14629908870408315,-0.14629908870408315,-0.14629908870408315,-0.14629908870408315,-0.14629908870408315,-0.14629908870408315,-0.14629908870408315,-0.14629908870408315,-0.14629908870408315,-0.14629908870408315,-0.14629908870408315,-0.14629908870408315,-0.14629908870408315,-0.14629908870408315,-0.14629908870408315,-0.14629908870408315,-0.14629908870408315,-0.14629908870408315,-0.14629908870408315,-0.14629908870408315,-0.14629908870408315,-0.14629908870408315,-0.14629908870408315,-0.14629908870408315,-0.14629908870408315,-0.14629908870408315,-0.14629908870408315,-0.14629908870408315,-0.14629908870408315,-0.14629908870408315,-0.14629908870408315,-0.14629908870408315,-0.14629908870408315,-0.14629908870408315,-0.14629908870408315,-0.14629908870408315,-0.14629908870408315,-0.14629908870408315,-0.14629908870408315,-0.14629908870408315,-0.14629908870408315,-0.14629908870408315,-0.14629908870408315,-0.14629908870408315,-0.14629908870408315,-0.14629908870408315,-0.14629908870408315,-0.14629908870408315,-0.14629908870408315,-0.14629908870408315,-0.14629908870408315,-0.14629908870408315,-0.14629908870408315,-0.14629908870408315,-0.14629908870408315,-0.14629908870408315,-0.14629908870408315,-0.14629908870408315,-0.14629908870408315,-0.14629908870408315,-0.14629908870408315,-0.14629908870408315,-0.14629908870408315,-0.14629908870408315,-0.14629908870408315,-0.14629908870408315,-0.14629908870408315,-0.14629908870408315,-0.14629908870408315,-0.14629908870408315,-0.14629908870408315,-0.14629908870408315,-0.14629908870408315,-0.14629908870408315,-0.14629908870408315,-0.14629908870408315,-0.14629908870408315,-0.14629908870408315,-0.14629908870408315,-0.14629908870408315,-0.14629908870408315,-0.14629908870408315,-0.14629908870408315,-0.14629908870408315,-0.14629908870408315,-0.14629908870408315,-0.14629908870408315,-0.14629908870408315,-0.14629908870408315,-0.14629908870408315,-0.14629908870408315,-0.14629908870408315,-0.14629908870408315,-0.14629908870408315,-0.14629908870408315,-0.14629908870408315,-0.14629908870408315,-0.14629908870408315,-0.14629908870408315,-0.14629908870408315,-0.14629908870408315,-0.14629908870408315,-0.14629908870408315,-0.14629908870408315,-0.14629908870408315,-0.14629908870408315,-0.14629908870408315,-0.14629908870408315,-0.14629908870408315,-0.14629908870408315,-0.14629908870408315,-0.14629908870408315,-0.14629908870408315,-0.14629908870408315,-0.14629908870408315,-0.14629908870408315,-0.14629908870408315,-0.14629908870408315,-0.14629908870408315,-0.14629908870408315,-0.14629908870408315,-0.14629908870408315,-0.14629908870408315,-0.14629908870408315,-0.14629908870408315,-0.14629908870408315,-0.14629908870408315,-0.14629908870408315,-0.14629908870408315,-0.14629908870408315,-0.14629908870408315,-0.14629908870408315,-0.14629908870408315,-0.14629908870408315,-0.14629908870408315,-0.14629908870408315,-0.14629908870408315,-0.14629908870408315,-0.14629908870408315,-0.14629908870408315,-0.14629908870408315,-0.14629908870408315,-0.14629908870408315,-0.14629908870408315,-0.14629908870408315,-0.14629908870408315,-0.14629908870408315,-0.14629908870408315,-0.14629908870408315,-0.14629908870408315,-0.14629908870408315,-0.14629908870408315,-0.14629908870408315,-0.14629908870408315,-0.14629908870408315,-0.14629908870408315,-0.14629908870408315,-0.14629908870408315,-0.14629908870408315,-0.14629908870408315,-0.14629908870408315,-0.14629908870408315,-0.14629908870408315,-0.14629908870408315,-0.14629908870408315,-0.14629908870408315,-0.14629908870408315,-0.14629908870408315,-0.14629908870408315,-0.14629908870408315,-0.14629908870408315,-0.14629908870408315,-0.14629908870408315,-0.14629908870408315,-0.14629908870408315,-0.14629908870408315,-0.14629908870408315,-0.14629908870408315,-0.14629908870408315,-0.14629908870408315,-0.14629908870408315,-0.14629908870408315,-0.14629908870408315,-0.14629908870408315,-0.14629908870408315,-0.14629908870408315,-0.14629908870408315,-0.14629908870408315,-0.14629908870408315,-0.14629908870408315,-0.14629908870408315,-0.14629908870408315,-0.14629908870408315,-0.14629908870408315,-0.14629908870408315,-0.14629908870408315,-0.14629908870408315,-0.14629908870408315,-0.14629908870408315,-0.14629908870408315,-0.14629908870408315,-0.14629908870408315,-0.14629908870408315,-0.14629908870408315,-0.14629908870408315,-0.14629908870408315,-0.14629908870408315,-0.14629908870408315,-0.14629908870408315,-0.14629908870408315,-0.14629908870408315,-0.14629908870408315,-0.14629908870408315,-0.14629908870408315,-0.14629908870408315,-0.14629908870408315,-0.14629908870408315,-0.14629908870408315,-0.14629908870408315,-0.14629908870408315,-0.14629908870408315,-0.14629908870408315,-0.14629908870408315,-0.14629908870408315,-0.14629908870408315,-0.14629908870408315,-0.14629908870408315,-0.14629908870408315,-0.14629908870408315,-0.14629908870408315,-0.14629908870408315,-0.14629908870408315,-0.14629908870408315,-0.14629908870408315,-0.14629908870408315,-0.14629908870408315,-0.14629908870408315,-0.14629908870408315,-0.14629908870408315,-0.14629908870408315,-0.14629908870408315,-0.14629908870408315,-0.14629908870408315,-0.14629908870408315,-0.14629908870408315,-0.14629908870408315,-0.14629908870408315,-0.14629908870408315,-0.14629908870408315,-0.14629908870408315,-0.14629908870408315,-0.14629908870408315,-0.14629908870408315,-0.14629908870408315,-0.14629908870408315,-0.14629908870408315,-0.14629908870408315,-0.14629908870408315,-0.14629908870408315,-0.14629908870408315,-0.14629908870408315,-0.14629908870408315,-0.14629908870408315,-0.14629908870408315,-0.14629908870408315,-0.14629908870408315,-0.14629908870408315,-0.14629908870408315,-0.14629908870408315,-0.14629908870408315,-0.14629908870408315,-0.14629908870408315,-0.14629908870408315,-0.14629908870408315,-0.14629908870408315,-0.14629908870408315,-0.14629908870408315,-0.14629908870408315,-0.14629908870408315,-0.14629908870408315,-0.14629908870408315,-0.14629908870408315,-0.14629908870408315,-0.14629908870408315,-0.14629908870408315,-0.14629908870408315,-0.14629908870408315,-0.14629908870408315,-0.14629908870408315,-0.14629908870408315,-0.14629908870408315,-0.14629908870408315,-0.14629908870408315,-0.14629908870408315,-0.14629908870408315,-0.14629908870408315,-0.14629908870408315,-0.14629908870408315,-0.14629908870408315,-0.14629908870408315,-0.14629908870408315,-0.14629908870408315,-0.14629908870408315,-0.14629908870408315,-0.14629908870408315,-0.14629908870408315,-0.14629908870408315,-0.14629908870408315,-0.14629908870408315,-0.14629908870408315,-0.14629908870408315,-0.14629908870408315,-0.14629908870408315,-0.14629908870408315,-0.14629908870408315
-0.5097769534420512,-0.5097769534420512,-0.5097769534420512,-0.5097769534420512,-0.5097769534420512,-0.5097769534420512,-0.5097769534420512,-0.5097769534420512,-0.5097769534420512,-0.5097769534420512,-0.5097769534420512,-0.5097769534420512,-0.5097769534420512,-0.5097769534420512,-0.5097769534420512,-0.5097769534420512,-0.5097769534420512,-0.5097769534420512,-0.5097769534420512,-0.5097769534420512,-0.5097769534420512,-0.5097769534420512,-0.5097769534420512,-0.5097769534420512,-0.5097769534420512,-0.5097769534420512,-0.5097769534420512,-0.5097769534420512,-0.5097769534420512,-0.5097769534420512,-0.5097769534420512,-0.5097769534420512,-0.5097769534420512,-0.5097769534420512,-0.5097769534420512,-0.5097769534420512,-0.5097769534420512,-0.5097769534420512,-0.5097769534420512,-0.5097769534420512,-0.5097769534420512,-0.5097769534420512,-0.5097769534420512,-0.5097769534420512,-0.5097769534420512,-0.5097769534420512,-0.5097769534420512,-0.5097769534420512,-0.5097769534420512,-0.5097769534420512,-0.5097769534420512,-0.5097769534420512,-0.5097769534420512,-0.5097769534420512,-0.5097769534420512,-0.5097769534420512,-0.5097769534420512,-0.5097769534420512,-0.5097769534420512,-0.5097769534420512,-0.5097769534420512,-0.5097769534420512,-0.5097769534420512,-0.5097769534420512,-0.5097769534420512,-0.5097769534420512,-0.5097769534420512,-0.5097769534420512,-0.5097769534420512,-0.5097769534420512,-0.5097769534420512,-0.5097769534420512,-0.5097769534420512,-0.5097769534420512,-0.5097769534420512,-0.5097769534420512,-0.5097769534420512,-0.5097769534420512,-0.5097769534420512,-0.5097769534420512,-0.5097769534420512,-0.5097769534420512,-0.5097769534420512,-0.5097769534420512,-0.5097769534420512,-0.5097769534420512,-0.5097769534420512,-0.5097769534420512,-0.5097769534420512,-0.5097769534420512,-0.5097769534420512,-0.5097769534420512,-0.5097769534420512,-0.5097769534420512,-0.5097769534420512,-0.5097769534420512,-0.5097769534420512,-0.5097769534420512,-0.5097769534420512,-0.5097769534420512,-0.5097769534420512,-0.5097769534420512,-0.5097769534420512,-0.5097769534420512,-0.5097769534420512,-0.5097769534420512,-0.5097769534420512,-0.5097769534420512,-0.5097769534420512,-0.5097769534420512,-0.5097769534420512,-0.5097769534420512,-0.5097769534420512,-0.5097769534420512,-0.5097769534420512,-0.5097769534420512,-0.5097769534420512,-0.5097769534420512,-0.5097769534420512,-0.5097769534420512,-0.5097769534420512,-0.5097769534420512,-0.5097769534420512,-0.5097769534420512,-0.5097769534420512,-0.5097769534420512,-0.5097769534420512,-0.5097769534420512,-0.5097769534420512,-0.5097769534420512,-0.5097769534420512,-0.5097769534420512,-0.5097769534420512,-0.5097769534420512,-0.5097769534420512,-0.5097769534420512,-0.5097769534420512,-0.5097769534420512,-0.5097769534420512,-0.5097769534420512,-0.5097769534420512,-0.5097769534420512,-0.5097769534420512,-0.5097769534420512,-0.5097769534420512,-0.5097769534420512,-0.5097769534420512,-0.5097769534420512,-0.5097769534420512,-0.5097769534420512,-0.5097769534420512,-0.5097769534420512,-0.5097769534420512,-0.5097769534420512,-0.5097769534420512,-0.5097769534420512,-0.5097769534420512,-0.5097769534420512,-0.5097769534420512,-0.5097769534420512,-0.5097769534420512,-0.5097769534420512,-0.5097769534420512,-0.5097769534420512,-0.5097769534420512,-0.5097769534420512,-0.5097769534420512,-0.5097769534420512,-0.5097769534420512,-0.5097769534420512,-0.5097769534420512,-0.5097769534420512,-0.5097769534420512,-0.5097769534420512,-0.5097769534420512,-0.5097769534420512,-0.5097769534420512,-0.5097769534420512,-0.5097769534420512,-0.5097769534420512,-0.5097769534420512,-0.5097769534420512,-0.5097769534420512,-0.5097769534420512,-0.5097769534420512,-0.5097769534420512,-0.5097769534420512,-0.5097769534420512,-0.5097769534420512,-0.5097769534420512,-0.5097769534420512,-0.5097769534420512,-0.5097769534420512,-0.5097769534420512,-0.5097769534420512,-0.5097769534420512,-0.5097769534420512,-0.5097769534420512,-0.5097769534420512,-0.5097769534420512,-0.5097769534420512,-0.5097769534420512,-0.5097769534420512,-0.5097769534420512,-0.5097769534420512,-0.5097769534420512,-0.5097769534420512,-0.5097769534420512,-0.5097769534420512,-0.5097769534420512,-0.5097769534420512,-0.5097769534420512,-0.5097769534420512,-0.5097769534420512,-0.5097769534420512,-0.5097769534420512,-0.5097769534420512,-0.5097769534420512,-0.5097769534420512,-0.5097769534420512,-0.5097769534420512,-0.5097769534420512,-0.5097769534420512,-0.5097769534420512,-0.5097769534420512,-0.5097769534420512,-0.5097769534420512,-0.5097769534420512,-0.5097769534420512,-0.5097769534420512,-0.5097769534420512,-0.5097769534420512,-0.5097769534420512,-0.5097769534420512,-0.5097769534420512,-0.5097769534420512,-0.5097769534420512,-0.5097769534420512,-0.5097769534420512,-0.5097769534420512,-0.5097769534420512,-0.5097769534420512,-0.5097769534420512,-0.5097769534420512,-0.5097769534420512,-0.5097769534420512,-0.5097769534420512,-0.5097769534420512,-0.5097769534420512,-0.5097769534420512,-0.5097769534420512,-0.5097769534420512,-0.5097769534420512,-0.5097769534420512,-0.5097769534420512,-0.5097769534420512,-0.5097769534420512,-0.5097769534420512,-0.5097769534420512,-0.5097769534420512,-0.5097769534420512,-0.5097769534420512,-0.5097769534420512,-0.5097769534420512,-0.5097769534420512,-0.5097769534420512,-0.5097769534420512,-0.5097769534420512,-0.5097769534420512,-0.5097769534420512,-0.5097769534420512,-0.5097769534420512,-0.5097769534420512,-0.5097769534420512,-0.5097769534420512,-0.5097769534420512,-0.5097769534420512,-0.5097769534420512,-0.5097769534420512,-0.5097769534420512,-0.5097769534420512,-0.5097769534420512,-0.5097769534420512,-0.5097769534420512,-0.5097769534420512,-0.5097769534420512,-0.5097769534420512,-0.5097769534420512,-0.5097769534420512,-0.5097769534420512,-0.5097769534420512,-0.5097769534420512,-0.5097769534420512,-0.5097769534420512,-0.5097769534420512,-0.5097769534420512,-0.5097769534420512,-0.5097769534420512,-0.5097769534420512,-0.5097769534420512,-0.5097769534420512,-0.5097769534420512,-0.5097769534420512,-0.5097769534420512,-0.5097769534420512,-0.5097769534420512,-0.5097769534420512,-0.5097769534420512,-0.5097769534420512,-0.5097769534420512,-0.5097769534420512,-0.5097769534420512,-0.5097769534420512,-0.5097769534420512,-0.5097769534420512,-0.5097769534420512,-0.5097769534420512,-0.5097769534420512,-0.5097769534420512,-0.5097769534420512,-0.5097769534420512,-0.5097769534420512,-0.5097769534420512,-0.5097769534420512,-0.5097769534420512,-0.5097769534420512,-0.5097769534420512,-0.5097769534420512,-0.5097769534420512,-0.5097769534420512,-0.5097769534420512,-0.5097769534420512,-0.5097769534420512,-0.5097769534420512,-0.5097769534420512,-0.5097769534420512,-0.5097769534420512,-0.5097769534420512,-0.5097769534420512,-0.5097769534420512,-0.5097769534420512,-0.5097769534420512,-0.5097769534420512,-0.5097769534420512,-0.5097769534420512,-0.5097769534420512,-0.5097769534420512,-0.5097769534420512,-0.5097769534420512,-0.5097769534420512,-0.5097769534420512,-0.5097769534420512,-0.5097769534420512,-0.5097769534420512,-0.5097769534420512,-0.5097769534420512,-0.5097769534420512,-0.5097769534420512,-0.5097769534420512,-0.5097769534420512,-0.5097769534420512,-0.5097769534420512,-0.5097769534420512,-0.5097769534420512,-0.5097769534420512,-0.5097769534420512,-0.5097769534420512,-0.5097769534420512,-0.5097769534420512,-0.5097769534420512,-0.5097769534420512,-0.5097769534420512,-0.5097769534420512,-0.5097769534420512,-0.5097769534420512,-0.5097769534420512,-0.5097769534420512,-0.5097769534420512,-0.5097769534420512,-0.5097769534420512,-0.5097769534420512,-0.5097769534420512,-0.5097769534420512,-0.5097769534420512,-0.5097769534420512,-0.5097769534420512,-0.5097769534420512,-0.5097769534420512,-0.5097769534420512,-0.5097769534420512,-0.5097769534420512,-0.5097769534420512,-0.5097769534420512,-0.5097769534420512,-0.5097769534420512,-0.5097769534420512,-0.5097769534420512,-0.5097769534420512,-0.5097769534420512,-0.5097769534420512,-0.5097769534420512,-0.5097769534420512,-0.5097769534420512,-0.5097769534420512,-0.5097769534420512,-0.5097769534420512,-0.5097769534420512,-0.5097769534420512,-0.5097769534420512,-0.5097769534420512,-0.5097769534420512,-0.5097769534420512,-0.5097769534420512,-0.5097769534420512,-0.5097769534420512,-0.5097769534420512,-0.5097769534420512,-0.5097769534420512,-0.5097769534420512,-0.5097769534420512,-0.5097769534420512,-0.5097769534420512,-0.5097769534420512,-0.5097769534420512,-0.5097769534420512,-0.5097769534420512,-0.5097769534420512,-0.5097769534420512,-0.5097769534420512,-0.5097769534420512,-0.5097769534420512,-0.5097769534420512,-0.5097769534420512,-0.5097769534420512,-0.5097769534420512,-0.5097769534420512,-0.5097769534420512,-0.5097769534420512,-0.5097769534420512,-0.5097769534420512,-0.5097769534420512,-0.5097769534420512,-0.5097769534420512,-0.5097769534420512,-0.5097769534420512,-0.5097769534420512,-0.5097769534420512,-0.5097769534420512,-0.5097769534420512,-0.5097769534420512,-0.5097769534420512,-0.5097769534420512,-0.5097769534420512,-0.5097769534420512,-0.5097769534420512,-0.5097769534420512,-0.5097769534420512,-0.5097769534420512,-0.5097769534420512,-0.5097769534420512,-0.5097769534420512,-0.5097769534420512,-0.5097769534420512,-0.5097769534420512,-0.5097769534420512,-0.5097769534420512,-0.5097769534420512,-0.5097769534420512,-0.5097769534420512,-0.5097769534420512,-0.5097769534420512,-0.5097769534420512,-0.5097769534420512,-0.5097769534420512,-0.5097769534420512,-0.5097769534420512,-0.5097769534420512,-0.5097769534420512,-0.5097769534420512,-0.5097769534420512,-0.5097769534420512,-0.5097769534420512,-0.5097769534420512,-0.5097769534420512,-0.5097769534420512,-0.5097769534420512,-0.5097769534420512,-0.5097769534420512,-0.5097769534420512,-0.5097769534420512,-0.5097769534420512,-0.5097769534420512,-0.5097769534420512,-0.5097769534420512,-0.5097769534420512,-0.5097769534420512,-0.5097769534420512,-0.5097769534420512,-0.5097769534420512,-0.5097769534420512,-0.5097769534420512,-0.5097769534420512,-0.5097769534420512,-0.5097769534420512,-0.5097769534420512,-0.5097769534420512,-0.5097769534420512,-0.5097769534420512,-0.5097769534420512,-0.5097769534420512,-0.5097769534420512,-0.5097769534420512,-0.5097769534420512,-0.5097769534420512,-0.5097769534420512,-0.5097769534420512,-0.5097769534420512,-0.5097769534420512,-0.5097769534420512,-0.5097769534420512,-0.5097769534420512,-0.5097769534420512,-0.5097769534420512,-0.5097769534420512,-0.5097769534420512,-0.5097769534420512,-0.5097769534420512,-0.5097769534420512,-0.5097769534420512,-0.5097769534420512,-0.5097769534420512,-0.5097769534420512,-0.5097769534420512,-0.5097769534420512,-0.5097769534420512,-0.5097769534420512,-0.5097769534420512,-0.5097769534420512,-0.5097769534420512,-0.5097769534420512,-0.5097769534420512,-0.5097769534420512,-0.5097769534420512,-0.5097769534420512,-0.5097769534420512,-0.5097769534420512,-0.5097769534420512,-0.5097769534420512,-0.5097769534420512,-0.5097769534420512,-0.5097769534420512,-0.5097769534420512,-0.5097769534420512,-0.5097769534420512,-0.5097769534420512,-0.5097769534420512,-0.5097769534420512,-0.5097769534420512,-0.5097769534420512,-0.5097769534420512,-0.5097769534420512,-0.5097769534420512,-0.5097769534420512,-0.5097769534420512,-0.5097769534420512,-0.5097769534420512,-0.5097769534420512,-0.5097769534420512,-0.5097769534420512,-0.5097769534420512,-0.5097769534420512,-0.5097769534420512,-0.5097769534420512,-0.5097769534420512,-0.5097769534420512,-0.5097769534420512,-0.5097769534420512,-0.5097769534420512,-0.5097769534420512,-0.5097769534420512,-0.5097769534420512,-0.5097769534420512,-0.5097769534420512,-0.5097769534420512,-0.5097769534420512,-0.5097769534420512,-0.5097769534420512,-0.5097769534420512,-0.5097769534420512,-0.5097769534420512,-0.5097769534420512,-0.5097769534420512,-0.5097769534420512,-0.5097769534420512,-0.5097769534420512,-0.5097769534420512,-0.5097769534420512,-0.5097769534420512,-0.5097769534420512,-0.5097769534420512,-0.5097769534420512,-0.5097769534420512,-0.5097769534420512,-0.5097769534420512,-0.5097769534420512,-0.5097769534420512,-0.5097769534420512,-0.5097769534420512,-0.5097769534420512,-0.5097769534420512,-0.5097769534420512,-0.5097769534420512,-0.5097769534420512,-0.5097769534420512,-0.5097769534420512,-0.5097769534420512,-0.5097769534420512,-0.5097769534420512,-0.5097769534420512,-0.5097769534420512,-0.5097769534420512,-0.5097769534420512,-0.5097769534420512,-0.5097769534420512,-0.5097769534420512,-0.5097769534420512,-0.5097769534420512,-0.5097769534420512,-0.5097769534420512,-0.5097769534420512,-0.5097769534420512,-0.5097769534420512,-0.5097769534420512,-0.5097769534420512,-0.5097769534420512,-0.5097769534420512,-0.5097769534420512,-0.5097769534420512,-0.5097769534420512,-0.5097769534420512,-0.5097769534420512,-0.5097769534420512,-0.5097769534420512,-0.5097769534420512,-0.5097769534420512,-0.5097769534420512,-0.5097769534420512,-0.5097769534420512,-0.5097769534420512,-0.5097769534420512,-0.5097769534420512,-0.5097769534420512,-0.5097769534420512,-0.5097769534420512,-0.5097769534420512,-0.5097769534420512,-0.5097769534420512,-0.5097769534420512,-0.5097769534420512,-0.5097769534420512,-0.5097769534420512,-0.5097769534420512,-0.5097769534420512,-0.5097769534420512,-0.5097769534420512,-0.5097769534420512,-0.5097769534420512,-0.5097769534420512,-0.5097769534420512,-0.5097769534420512,-0.5097769534420512,-0.5097769534420512,-0.5097769534420512,-0.5097769534420512,-0.5097769534420512,-0.5097769534420512,-0.5097769534420512,-0.5097769534420512,-0.5097769534420512,-0.5097769534420512,-0.5097769534420512,-0.5097769534420512,-0.5097769534420512,-0.5097769534420512,-0.5097769534420512,-0.5097769534420512,-0.5097769534420512,-0.5097769534420512,-0.5097769534420512,-0.5097769534420512,-0.5097769534420512,-0.5097769534420512,-0.5097769534420512,-0.5097769534420512,-0.5097769534420512,-0.5097769534420512,-0.5097769534420512,-0.5097769534420512,-0.5097769534420512,-0.5097769534420512,-0.5097769534420512,-0.5097769534420512,-0.5097769534420512,-0.5097769534420512,-0.5097769534420512,-0.5097769534420512,-0.5097769534420512,-0.5097769534420512,-0.5097769534420512,-0.5097769534420512,-0.5097769534420512,-0.5097769534420512,-0.5097769534420512,-0.5097769534420512,-0.5097769534420512,-0.5097769534420512,-0.5097769534420512,-0.5097769534420512,-0.5097769534420512,-0.5097769534420512,-0.5097769534420512
-0.6421062082830115,-0.6421062082830115,-0.6421062082830115,-0.6421062082830115,-0.6421062082830115,-0.6421062082830115,-0.6421062082830115,-0.6421062082830115,-0.6421062082830115,-0.6421062082830115,-0.6421062082830115,-0.6421062082830115,-0.6421062082830115,-0.6421062082830115,-0.6421062082830115,-0.6421062082830115,-0.6421062082830115,-0.6421062082830115,-0.6421062082830115,-0.6421062082830115,-0.6421062082830115,-0.6421062082830115,-0.6421062082830115,-0.6421062082830115,-0.6421062082830115,-0.6421062082830115,-0.6421062082830115,-0.6421062082830115,-0.6421062082830115,-0.6421062082830115,-0.6421062082830115,-0.6421062082830115,-0.6421062082830115,-0.6421062082830115,-0.6421062082830115,-0.6421062082830115,-0.6421062082830115,-0.6421062082830115,-0.6421062082830115,-0.6421062082830115,-0.6421062082830115,-0.6421062082830115,-0.6421062082830115,-0.6421062082830115,-0.6421062082830115,-0.6421062082830115,-0.6421062082830115,-0.6421062082830115,-0.6421062082830115,-0.6421062082830115,-0.6421062082830115,-0.6421062082830115,-0.6421062082830115,-0.6421062082830115,-0.6421062082830115,-0.6421062082830115,-0.6421062082830115,-0.6421062082830115,-0.6421062082830115,-0.6421062082830115,-0.6421062082830115,-0.6421062082830115,-0.6421062082830115,-0.6421062082830115,-0.6421062082830115,-0.6421062082830115,-0.6421062082830115,-0.6421062082830115,-0.6421062082830115,-0.6421062082830115,-0.6421062082830115,-0.6421062082830115,-0.6421062082830115,-0.6421062082830115,-0.6421062082830115,-0.6421062082830115,-0.6421062082830115,-0.6421062082830115,-0.6421062082830115,-0.6421062082830115,-0.6421062082830115,-0.6421062082830115,-0.6421062082830115,-0.6421062082830115,-0.6421062082830115,-0.6421062082830115,-0.6421062082830115,-0.6421062082830115,-0.6421062082830115,-0.6421062082830115,-0.6421062082830115,-0.6421062082830115,-0.6421062082830115,-0.6421062082830115,-0.6421062082830115,-0.6421062082830115,-0.6421062082830115,-0.6421062082830115,-0.6421062082830115,-0.6421062082830115,-0.6421062082830115,-0.6421062082830115,-0.6421062082830115,-0.6421062082830115,-0.6421062082830115,-0.6421062082830115,-0.6421062082830115,-0.6421062082830115,-0.6421062082830115,-0.6421062082830115,-0.6421062082830115,-0.6421062082830115,-0.6421062082830115,-0.6421062082830115,-0.6421062082830115,-0.6421062082830115,-0.6421062082830115,-0.6421062082830115,-0.6421062082830115,-0.6421062082830115,-0.6421062082830115,-0.6421062082830115,-0.6421062082830115,-0.6421062082830115,-0.6421062082830115,-0.6421062082830115,-0.6421062082830115,-0.6421062082830115,-0.6421062082830115,-0.6421062082830115,-0.6421062082830115,-0.6421062082830115,-0.6421062082830115,-0.6421062082830115,-0.6421062082830115,-0.6421062082830115,-0.6421062082830115,-0.6421062082830115,-0.6421062082830115,-0.6421062082830115,-0.6421062082830115,-0.6421062082830115,-0.6421062082830115,-0.6421062082830115,-0.6421062082830115,-0.6421062082830115,-0.6421062082830115,-0.6421062082830115,-0.6421062082830115,-0.6421062082830115,-0.6421062082830115,-0.6421062082830115,-0.6421062082830115,-0.6421062082830115,-0.6421062082830115,-0.6421062082830115,-0.6421062082830115,-0.6421062082830115,-0.6421062082830115,-0.6421062082830115,-0.6421062082830115,-0.6421062082830115,-0.6421062082830115,-0.6421062082830115,-0.6421062082830115,-0.6421062082830115,-0.6421062082830115,-0.6421062082830115,-0.6421062082830115,-0.6421062082830115,-0.6421062082830115,-0.6421062082830115,-0.6421062082830115,-0.6421062082830115,-0.6421062082830115,-0.6421062082830115,-0.6421062082830115,-0.6421062082830115,-0.6421062082830115,-0.6421062082830115,-0.6421062082830115,-0.6421062082830115,-0.6421062082830115,-0.6421062082830115,-0.6421062082830115,-0.6421062082830115,-0.6421062082830115,-0.6421062082830115,-0.6421062082830115,-0.6421062082830115,-0.6421062082830115,-0.6421062082830115,-0.6421062082830115,-0.6421062082830115,-0.6421062082830115,-0.6421062082830115,-0.6421062082830115,-0.6421062082830115,-0.6421062082830115,-0.6421062082830115,-0.6421062082830115,-0.6421062082830115,-0.6421062082830115,-0.6421062082830115,-0.6421062082830115,-0.6421062082830115,-0.6421062082830115,-0.6421062082830115,-0.6421062082830115,-0.6421062082830115,-0.6421062082830115,-0.6421062082830115,-0.6421062082830115,-0.6421062082830115,-0.6421062082830115,-0.6421062082830115,-0.6421062082830115,-0.6421062082830115,-0.6421062082830115,-0.6421062082830115,-0.6421062082830115,-0.6421062082830115,-0.6421062082830115,-0.6421062082830115,-0.6421062082830115,-0.6421062082830115,-0.6421062082830115,-0.6421062082830115,-0.6421062082830115,-0.6421062082830115,-0.6421062082830115,-0.6421062082830115,-0.6421062082830115,-0.6421062082830115,-0.6421062082830115,-0.6421062082830115,-0.6421062082830115,-0.6421062082830115,-0.6421062082830115,-0.6421062082830115,-0.6421062082830115,-0.6421062082830115,-0.6421062082830115,-0.6421062082830115,-0.6421062082830115,-0.6421062082830115,-0.6421062082830115,-0.6421062082830115,-0.6421062082830115,-0.6421062082830115,-0.6421062082830115,-0.6421062082830115,-0.6421062082830115,-0.6421062082830115,-0.6421062082830115,-0.6421062082830115,-0.6421062082830115,-0.6421062082830115,-0.6421062082830115,-0.6421062082830115,-0.6421062082830115,-0.6421062082830115,-0.6421062082830115,-0.6421062082830115,-0.6421062082830115,-0.6421062082830115,-0.6421062082830115,-0.6421062082830115,-0.6421062082830115,-0.6421062082830115,-0.6421062082830115,-0.6421062082830115,-0.6421062082830115,-0.6421062082830115,-0.6421062082830115,-0.6421062082830115,-0.6421062082830115,-0.6421062082830115,-0.6421062082830115,-0.6421062082830115,-0.6421062082830115,-0.6421062082830115,-0.6421062082830115,-0.6421062082830115,-0.6421062082830115,-0.6421062082830115,-0.6421062082830115,-0.6421062082830115,-0.6421062082830115,-0.6421062082830115,-0.6421062082830115,-0.6421062082830115,-0.6421062082830115,-0.6421062082830115,-0.6421062082830115,-0.6421062082830115,-0.6421062082830115,-0.6421062082830115,-0.6421062082830115,-0.6421062082830115,-0.6421062082830115,-0.6421062082830115,-0.6421062082830115,-0.6421062082830115,-0.6421062082830115,-0.6421062082830115,-0.6421062082830115,-0.6421062082830115,-0.6421062082830115,-0.6421062082830115,-0.6421062082830115,-0.6421062082830115,-0.6421062082830115,-0.6421062082830115,-0.6421062082830115,-0.6421062082830115,-0.6421062082830115,-0.6421062082830115,-0.6421062082830115,-0.6421062082830115,-0.6421062082830115,-0.6421062082830115,-0.6421062082830115,-0.6421062082830115,-0.6421062082830115,-0.6421062082830115,-0.6421062082830115,-0.6421062082830115,-0.6421062082830115,-0.6421062082830115,-0.6421062082830115,-0.6421062082830115,-0.6421062082830115,-0.6421062082830115,-0.6421062082830115,-0.6421062082830115,-0.6421062082830115,-0.6421062082830115,-0.6421062082830115,-0.6421062082830115,-0.6421062082830115,-0.6421062082830115,-0.6421062082830115,-0.6421062082830115,-0.6421062082830115,-0.6421062082830115,-0.6421062082830115,-0.6421062082830115,-0.6421062082830115,-0.6421062082830115,-0.6421062082830115,-0.6421062082830115,-0.6421062082830115,-0.6421062082830115,-0.6421062082830115,-0.6421062082830115,-0.6421062082830115,-0.6421062082830115,-0.6421062082830115,-0.6421062082830115,-0.6421062082830115,-0.6421062082830115,-0.6421062082830115,-0.6421062082830115,-0.6421062082830115,-0.6421062082830115,-0.6421062082830115,-0.6421062082830115,-0.6421062082830115,-0.6421062082830115,-0.6421062082830115,-0.6421062082830115,-0.6421062082830115,-0.6421062082830115,-0.6421062082830115,-0.6421062082830115,-0.6421062082830115,-0.6421062082830115,-0.6421062082830115,-0.6421062082830115,-0.6421062082830115,-0.6421062082830115,-0.6421062082830115,-0.6421062082830115,-0.6421062082830115,-0.6421062082830115,-0.6421062082830115,-0.6421062082830115,-0.6421062082830115,-0.6421062082830115,-0.6421062082830115,-0.6421062082830115,-0.6421062082830115,-0.6421062082830115,-0.6421062082830115,-0.6421062082830115,-0.6421062082830115,-0.6421062082830115,-0.6421062082830115,-0.6421062082830115,-0.6421062082830115,-0.6421062082830115,-0.6421062082830115,-0.6421062082830115,-0.6421062082830115,-0.6421062082830115,-0.6421062082830115,-0.6421062082830115,-0.6421062082830115,-0.6421062082830115,-0.6421062082830115,-0.6421062082830115,-0.6421062082830115,-0.6421062082830115,-0.6421062082830115,-0.6421062082830115,-0.6421062082830115,-0.6421062082830115,-0.6421062082830115,-0.6421062082830115,-0.6421062082830115,-0.6421062082830115,-0.6421062082830115,-0.6421062082830115,-0.6421062082830115,-0.6421062082830115,-0.6421062082830115,-0.6421062082830115,-0.6421062082830115,-0.6421062082830115,-0.6421062082830115,-0.6421062082830115,-0.6421062082830115,-0.6421062082830115,-0.6421062082830115,-0.6421062082830115,-0.6421062082830115,-0.6421062082830115,-0.6421062082830115,-0.6421062082830115,-0.6421062082830115,-0.6421062082830115,-0.6421062082830115,-0.6421062082830115,-0.6421062082830115,-0.6421062082830115,-0.6421062082830115,-0.6421062082830115,-0.6421062082830115,-0.6421062082830115,-0.6421062082830115,-0.6421062082830115,-0.6421062082830115,-0.6421062082830115,-0.6421062082830115,-0.6421062082830115,-0.6421062082830115,-0.6421062082830115,-0.6421062082830115,-0.6421062082830115,-0.6421062082830115,-0.6421062082830115,-0.6421062082830115,-0.6421062082830115,-0.6421062082830115,-0.6421062082830115,-0.6421062082830115,-0.6421062082830115,-0.6421062082830115,-0.6421062082830115,-0.6421062082830115,-0.6421062082830115,-0.6421062082830115,-0.6421062082830115,-0.6421062082830115,-0.6421062082830115,-0.6421062082830115,-0.6421062082830115,-0.6421062082830115,-0.6421062082830115,-0.6421062082830115,-0.6421062082830115,-0.6421062082830115,-0.6421062082830115,-0.6421062082830115,-0.6421062082830115,-0.6421062082830115,-0.6421062082830115,-0.6421062082830115,-0.6421062082830115,-0.6421062082830115,-0.6421062082830115,-0.6421062082830115,-0.6421062082830115,-0.6421062082830115,-0.6421062082830115,-0.6421062082830115,-0.6421062082830115,-0.6421062082830115,-0.6421062082830115,-0.6421062082830115,-0.6421062082830115,-0.6421062082830115,-0.6421062082830115,-0.6421062082830115,-0.6421062082830115,-0.6421062082830115,-0.6421062082830115,-0.6421062082830115,-0.6421062082830115,-0.6421062082830115,-0.6421062082830115,-0.6421062082830115,-0.6421062082830115,-0.6421062082830115,-0.6421062082830115,-0.6421062082830115,-0.6421062082830115,-0.6421062082830115,-0.6421062082830115,-0.6421062082830115,-0.6421062082830115,-0.6421062082830115,-0.6421062082830115,-0.6421062082830115,-0.6421062082830115,-0.6421062082830115,-0.6421062082830115,-0.6421062082830115,-0.6421062082830115,-0.6421062082830115,-0.6421062082830115,-0.6421062082830115,-0.6421062082830115,-0.6421062082830115,-0.6421062082830115,-0.6421062082830115,-0.6421062082830115,-0.6421062082830115,-0.6421062082830115,-0.6421062082830115,-0.6421062082830115,-0.6421062082830115,-0.6421062082830115,-0.6421062082830115,-0.6421062082830115,-0.6421062082830115,-0.6421062082830115,-0.6421062082830115,-0.6421062082830115,-0.6421062082830115,-0.6421062082830115,-0.6421062082830115,-0.6421062082830115,-0.6421062082830115,-0.6421062082830115,-0.6421062082830115,-0.6421062082830115,-0.6421062082830115,-0.6421062082830115,-0.6421062082830115,-0.6421062082830115,-0.6421062082830115,-0.6421062082830115,-0.6421062082830115,-0.6421062082830115,-0.6421062082830115,-0.6421062082830115,-0.6421062082830115,-0.6421062082830115,-0.6421062082830115,-0.6421062082830115,-0.6421062082830115,-0.6421062082830115,-0.6421062082830115,-0.6421062082830115,-0.6421062082830115,-0.6421062082830115,-0.6421062082830115,-0.6421062082830115,-0.6421062082830115,-0.6421062082830115,-0.6421062082830115,-0.6421062082830115,-0.6421062082830115,-0.6421062082830115,-0.6421062082830115,-0.6421062082830115,-0.6421062082830115,-0.6421062082830115,-0.6421062082830115,-0.6421062082830115,-0.6421062082830115,-0.6421062082830115,-0.6421062082830115,-0.6421062082830115,-0.6421062082830115,-0.6421062082830115,-0.6421062082830115,-0.6421062082830115,-0.6421062082830115,-0.6421062082830115,-0.6421062082830115,-0.6421062082830115,-0.6421062082830115,-0.6421062082830115,-0.6421062082830115,-0.6421062082830115,-0.6421062082830115,-0.6421062082830115,-0.6421062082830115,-0.6421062082830115,-0.6421062082830115,-0.6421062082830115,-0.6421062082830115,-0.6421062082830115,-0.6421062082830115,-0.6421062082830115,-0.6421062082830115,-0.6421062082830115,-0.6421062082830115,-0.6421062082830115,-0.6421062082830115,-0.6421062082830115,-0.6421062082830115,-0.6421062082830115,-0.6421062082830115,-0.6421062082830115,-0.6421062082830115,-0.6421062082830115,-0.6421062082830115,-0.6421062082830115,-0.6421062082830115,-0.6421062082830115,-0.6421062082830115,-0.6421062082830115,-0.6421062082830115,-0.6421062082830115,-0.6421062082830115,-0.6421062082830115,-0.6421062082830115,-0.6421062082830115,-0.6421062082830115,-0.6421062082830115,-0.6421062082830115,-0.6421062082830115,-0.6421062082830115,-0.6421062082830115,-0.6421062082830115,-0.6421062082830115,-0.6421062082830115,-0.6421062082830115,-0.6421062082830115,-0.6421062082830115,-0.6421062082830115,-0.6421062082830115,-0.6421062082830115,-0.6421062082830115,-0.6421062082830115,-0.6421062082830115,-0.6421062082830115,-0.6421062082830115,-0.6421062082830115,-0.6421062082830115,-0.6421062082830115,-0.6421062082830115,-0.6421062082830115,-0.6421062082830115,-0.6421062082830115,-0.6421062082830115,-0.6421062082830115,-0.6421062082830115,-0.6421062082830115,-0.6421062082830115,-0.6421062082830115,-0.6421062082830115,-0.6421062082830115,-0.6421062082830115,-0.6421062082830115,-0.6421062082830115,-0.6421062082830115,-0.6421062082830115,-0.6421062082830115,-0.6421062082830115,-0.6421062082830115,-0.6421062082830115,-0.6421062082830115,-0.6421062082830115,-0.6421062082830115,-0.6421062082830115,-0.6421062082830115,-0.6421062082830115,-0.6421062082830115,-0.6421062082830115,-0.6421062082830115,-0.6421062082830115,-0.6421062082830115,-0.6421062082830115,-0.6421062082830115,-0.6421062082830115,-0.6421062082830115,-0.6421062082830115,-0.6421062082830115,-0.6421062082830115,-0.6421062082830115,-0.6421062082830115,-0.6421062082830115,-0.6421062082830115,-0.6421062082830115,-0.6421062082830115,-0.6421062082830115,-0.6421062082830115,-0.6421062082830115,-0.6421062082830115,-0.6421062082830115,-0.6421062082830115,-0.6421062082830115,-0.6421062082830115,-0.6421062082830115,-0.6421062082830115,-0.6421062082830115
1.0,1.0,1.0,1.0,1.0,1.0,1.0,1.0,1.0,1.0,1.0,1.0,1.0,1.0,1.0,1.0,1.0,1.0,1.0,1.0,1.0,1.0,1.0,1.0,1.0,1.0,1.0,1.0,1.0,1.0,1.0,1.0,1.0,1.0,1.0,1.0,1.0,1.0,1.0,1.0,1.0,1.0,1.0,1.0,1.0,1.0,1.0,1.0,1.0,1.0,1.0,1.0,1.0,1.0,1.0,1.0,1.0,1.0,1.0,1.0,1.0,1.0,1.0,1.0,1.0,1.0,1.0,1.0,1.0,1.0,1.0,1.0,1.0,1.0,1.0,1.0,1.0,1.0,1.0,1.0,1.0,1.0,1.0,1.0,1.0,1.0,1.0,1.0,1.0,1.0,1.0,1.0,1.0,1.0,1.0,1.0,1.0,1.0,1.0,1.0,1.0,1.0,1.0,1.0,1.0,1.0,1.0,1.0,1.0,1.0,1.0,1.0,1.0,1.0,1.0,1.0,1.0,1.0,1.0,1.0,1.0,1.0,1.0,1.0,1.0,1.0,1.0,1.0,1.0,1.0,1.0,1.0,1.0,1.0,1.0,1.0,1.0,1.0,1.0,1.0,1.0,1.0,1.0,1.0,1.0,1.0,1.0,1.0,1.0,1.0,1.0,1.0,1.0,1.0,1.0,1.0,1.0,1.0,1.0,1.0,1.0,1.0,1.0,1.0,1.0,1.0,1.0,1.0,1.0,1.0,1.0,1.0,1.0,1.0,1.0,1.0,1.0,1.0,1.0,1.0,1.0,1.0,1.0,1.0,1.0,1.0,1.0,1.0,1.0,1.0,1.0,1.0,1.0,1.0,1.0,1.0,1.0,1.0,1.0,1.0,1.0,1.0,1.0,1.0,1.0,1.0,1.0,1.0,1.0,1.0,1.0,1.0,1.0,1.0,1.0,1.0,1.0,1.0,1.0,1.0,1.0,1.0,1.0,1.0,1.0,1.0,1.0,1.0,1.0,1.0,1.0,1.0,1.0,1.0,1.0,1.0,1.0,1.0,1.0,1.0,1.0,1.0,1.0,1.0,1.0,1.0,1.0,1.0,1.0,1.0,1.0,1.0,1.0,1.0,1.0,1.0,1.0,1.0,1.0,1.0,1.0,1.0,1.0,1.0,1.0,1.0,1.0,1.0,1.0,1.0,1.0,1.0,1.0,1.0,1.0,1.0,1.0,1.0,1.0,1.0,1.0,1.0,1.0,1.0,1.0,1.0,1.0,1.0,1.0,1.0,1.0,1.0,1.0,1.0,1.0,1.0,1.0,1.0,1.0,1.0,1.0,1.0,1.0,1.0,1.0,1.0,1.0,1.0,1.0,1.0,1.0,1.0,1.0,1.0,1.0,1.0,1.0,1.0,1.0,1.0,1.0,1.0,1.0,1.0,1.0,1.0,1.0,1.0,1.0,1.0,1.0,1.0,1.0,1.0,1.0,1.0,1.0,1.0,1.0,1.0,1.0,1.0,1.0,1.0,1.0,1.0,1.0,1.0,1.0,1.0,1.0,1.0,1.0,1.0,1.0,1.0,1.0,1.0,1.0,1.0,1.0,1.0,1.0,1.0,1.0,1.0,1.0,1.0,1.0,1.0,1.0,1.0,1.0,1.0,1.0,1.0,1.0,1.0,1.0,1.0,1.0,1.0,1.0,1.0,1.0,1.0,1.0,1.0,1.0,1.0,1.0,1.0,1.0,1.0,1.0,1.0,1.0,1.0,1.0,1.0,1.0,1.0,1.0,1.0,1.0,1.0,1.0,1.0,1.0,1.0,1.0,1.0,1.0,1.0,1.0,1.0,1.0,1.0,1.0,1.0,1.0,1.0,1.0,1.0,1.0,1.0,1.0,1.0,1.0,1.0,1.0,1.0,1.0,1.0,1.0,1.0,1.0,1.0,1.0,1.0,1.0,1.0,1.0,1.0,1.0,1.0,1.0,1.0,1.0,1.0,1.0,1.0,1.0,1.0,1.0,1.0,1.0,1.0,1.0,1.0,1.0,1.0,1.0,1.0,1.0,1.0,1.0,1.0,1.0,1.0,1.0,1.0,1.0,1.0,1.0,1.0,1.0,1.0,1.0,1.0,1.0,1.0,1.0,1.0,1.0,1.0,1.0,1.0,1.0,1.0,1.0,1.0,1.0,1.0,1.0,1.0,1.0,1.0,1.0,1.0,1.0,1.0,1.0,1.0,1.0,1.0,1.0,1.0,1.0,1.0,1.0,1.0,1.0,1.0,1.0,1.0,1.0,1.0,1.0,1.0,1.0,1.0,1.0,1.0,1.0,1.0,1.0,1.0,1.0,1.0,1.0,1.0,1.0,1.0,1.0,1.0,1.0,1.0,1.0,1.0,1.0,1.0,1.0,1.0,1.0,1.0,1.0,1.0,1.0,1.0,1.0,1.0,1.0,1.0,1.0,1.0,1.0,1.0,1.0,1.0,1.0,1.0,1.0,1.0,1.0,1.0,1.0,1.0,1.0,1.0,1.0,1.0,1.0,1.0,1.0,1.0,1.0,1.0,1.0,1.0,1.0,1.0,1.0,1.0,1.0,1.0,1.0,1.0,1.0,1.0,1.0,1.0,1.0,1.0,1.0,1.0,1.0,1.0,1.0,1.0,1.0,1.0,1.0,1.0,1.0,1.0,1.0,1.0,1.0,1.0,1.0,1.0,1.0,1.0,1.0,1.0,1.0,1.0,1.0,1.0,1.0,1.0,1.0,1.0,1.0,1.0,1.0,1.0,1.0,1.0,1.0,1.0,1.0,1.0,1.0,1.0,1.0,1.0,1.0,1.0,1.0,1.0,1.0,1.0,1.0,1.0,1.0,1.0,1.0,1.0,1.0,1.0,1.0,1.0,1.0,1.0,1.0,1.0,1.0,1.0,1.0,1.0,1.0,1.0,1.0,1.0,1.0,1.0,1.0,1.0,1.0,1.0,1.0,1.0,1.0,1.0,1.0,1.0,1.0,1.0,1.0,1.0,1.0,1.0,1.0,1.0,1.0,1.0,1.0,1.0,1.0,1.0,1.0,1.0,1.0,1.0,1.0,1.0,1.0,1.0,1.0,1.0,1.0,1.0,1.0,1.0,1.0,1.0,1.0,1.0,1.0,1.0,1.0,1.0,1.0,1.0,1.0,1.0,1.0,1.0,1.0
1.0,1.0,-1.0,-1.0,1.0,1.0,1.0,1.0,1.0,-1.0,1.0,1.0,1.0,1.0,1.0,1.0,1.0,1.0,1.0,-1.0,-1.0,-1.0,-1.0,-1.0,-1.0,-1.0,-1.0,-1.0,-1.0,1.0,1.0,1.0,1.0,1.0,-1.0,-1.0,-1.0,1.0,1.0,1.0,1.0,1.0,1.0,1.0,1.0,1.0,1.0,-1.0,1.0,1.0,1.0,1.0,1.0,-1.0,1.0,1.0,1.0,1.0,1.0,1.0,1.0,1.0,-1.0,1.0,1.0,1.0,1.0,1.0,1.0,1.0,1.0,-1.0,1.0,1.0,1.0,1.0,1.0,1.0,1.0,1.0,1.0,1.0,1.0,-1.0,-1.0,1.0,1.0,-1.0,-1.0,-1.0,-1.0,-1.0,-1.0,-1.0,1.0,1.0,1.0,1.0,1.0,1.0,1.0,1.0,1.0,1.0,1.0,1.0,1.0,1.0,1.0,1.0,1.0,1.0,1.0,1.0,1.0,1.0,1.0,1.0,1.0,1.0,1.0,1.0,1.0,-1.0,1.0,-1.0,-1.0,-1.0,-1.0,-1.0,1.0,-1.0,-1.0,-1.0,-1.0,1.0,1.0,1.0,-1.0,-1.0,-1.0,-1.0,-1.0,-1.0,-1.0,-1.0,-1.0,-1.0,-1.0,-1.0,-1.0,-1.0,-1.0,-1.0,-1.0,-1.0,-1.0,-1.0,-1.0,-1.0,-1.0,-1.0,-1.0,-1.0,-1.0,-1.0,-1.0,-1.0,-1.0,-1.0,-1.0,-1.0,-1.0,-1.0,-1.0,1.0,1.0,-1.0,-1.0,-1.0,-1.0,-1.0,-1.0,1.0,1.0,-1.0,-1.0,-1.0,-1.0,-1.0,1.0,1.0,-1.0,-1.0,-1.0,-1.0,-1.0,1.0,1.0,-1.0,-1.0,-1.0,-1.0,-1.0,1.0,1.0,-1.0,-1.0,-1.0,-1.0,-1.0,-1.0,-1.0,1.0,1.0,1.0,-1.0,-1.0,-1.0,-1.0,-1.0,-1.0,1.0,1.0,-1.0,-1.0,-1.0,-1.0,-1.0,-1.0,-1.0,1.0,-1.0,1.0,1.0,1.0,1.0,1.0,-1.0,-1.0,-1.0,-1.0,-1.0,-1.0,-1.0,-1.0,1.0,1.0,-1.0,-1.0,-1.0,-1.0,-1.0,1.0,1.0,-1.0,-1.0,-1.0,-1.0,-1.0,-1.0,-1.0,1.0,1.0,1.0,-1.0,-1.0,-1.0,-1.0,-1.0,-1.0,-1.0,1.0,1.0,-1.0,1.0,1.0,-1.0,-1.0,-1.0,-1.0,-1.0,-1.0,-1.0,-1.0,-1.0,-1.0,1.0,1.0,-1.0,-1.0,-1.0,-1.0,1.0,1.0,-1.0,-1.0,-1.0,-1.0,-1.0,1.0,1.0,-1.0,-1.0,-1.0,-1.0,1.0,-1.0,-1.0,-1.0,-1.0,-1.0,1.0,1.0,-1.0,-1.0,-1.0,-1.0,-1.0,-1.0,1.0,1.0,-1.0,-1.0,-1.0,-1.0,-1.0,-1.0,1.0,-1.0,1.0,1.0,1.0,-1.0,-1.0,-1.0,-1.0,-1.0,-1.0,1.0,1.0,-1.0,-1.0,-1.0,-1.0,1.0,-1.0,-1.0,-1.0,-1.0,1.0,1.0,1.0,1.0,-1.0,-1.0,-1.0,-1.0,-1.0,-1.0,-1.0,-1.0,1.0,1.0,1.0,1.0,1.0,-1.0,-1.0,-1.0,-1.0,-1.0,1.0,-1.0,1.0,1.0,-1.0,-1.0,-1.0,-1.0,1.0,1.0,-1.0,-1.0,-1.0,-1.0,-1.0,1.0,-1.0,1.0,1.0,-1.0,-1.0,-1.0,-1.0,-1.0,1.0,1.0,-1.0,-1.0,-1.0,-1.0,-1.0,-1.0,-1.0,1.0,-1.0,1.0,1.0,1.0,1.0,1.0,1.0,-1.0,-1.0,-1.0,-1.0,-1.0,1.0,1.0,-1.0,-1.0,-1.0,-1.0,-1.0,-1.0,1.0,1.0,-1.0,-1.0,-1.0,-1.0,-1.0,-1.0,-1.0,1.0,1.0,1.0,1.0,1.0,-1.0,-1.0,-1.0,-1.0,-1.0,1.0,-1.0,1.0,1.0,-1.0,-1.0,-1.0,-1.0,1.0,1.0,-1.0,-1.0,-1.0,-1.0,-1.0,-1.0,1.0,1.0,-1.0,-1.0,-1.0,-1.0,-1.0,-1.0,-1.0,1.0,1.0,1.0,1.0,-1.0,-1.0,-1.0,-1.0,-1.0,-1.0,1.0,1.0,-1.0,-1.0,-1.0,-1.0,-1.0,-1.0,-1.0,1.0,-1.0,1.0,1.0,1.0,-1.0,-1.0,-1.0,-1.0,-1.0,-1.0,1.0,-1.0,1.0,1.0,1.0,1.0,1.0,-1.0,-1.0,-1.0,-1.0,-1.0,-1.0,1.0,1.0,-1.0,-1.0,-1.0,-1.0,1.0,1.0,-1.0,-1.0,-1.0,-1.0,-1.0,-1.0,-1.0,1.0,-1.0,1.0,1.0,1.0,-1.0,-1.0,-1.0,-1.0,-1.0,-1.0,1.0,-1.0,1.0,1.0,-1.0,-1.0,-1.0,-1.0,-1.0,-1.0,-1.0,1.0,-1.0,1.0,1.0,1.0,1.0,1.0,-1.0,-1.0,-1.0,-1.0,-1.0,-1.0,-1.0,-1.0,1.0,1.0,-1.0,-1.0,-1.0,-1.0,1.0,1.0,-1.0,-1.0,-1.0,-1.0,-1.0,1.0,1.0,-1.0,-1.0,-1.0,-1.0,-1.0,1.0,1.0,-1.0,-1.0,-1.0,-1.0,-1.0,-1.0,1.0,1.0,1.0,-1.0,-1.0,-1.0,-1.0,-1.0,1.0,1.0,-1.0,-1.0,-1.0,-1.0,-1.0,-1.0,-1.0,1.0,1.0,1.0,-1.0,-1.0,-1.0,-1.0,-1.0,-1.0,1.0,1.0,1.0,-1.0,-1.0,-1.0,-1.0,-1.0,-1.0,1.0,-1.0,1.0,1.0,1.0,1.0,-1.0,-1.0,-1.0,-1.0,1.0,1.0,-1.0,-1.0,-1.0,-1.0,-1.0,-1.0,1.0,1.0,-1.0,-1.0,-1.0,1.0,1.0,1.0,1.0,-1.0,1.0,1.0,1.0,1.0,1.0,1.0,1.0,1.0,1.0,1.0,1.0,-1.0,-1.0,-1.0,-1.0,-1.0,-1.0,-1.0,-1.0,-1.0,-1.0,-1.0,-1.0,-1.0,-1.0,-1.0,1.0,-1.0,1.0,1.0,1.0,1.0,1.0,1.0,1.0,1.0,1.0,1.0,1.0,1.0,1.0,1.0,1.0,1.0,1.0,1.0,1.0,1.0,1.0,1.0,1.0,1.0,1.0,1.0,1.0,1.0,1.0,1.0,-1.0,-1.0,1.0,1.0,1.0,-1.0,-1.0
-1.0,-1.0,-1.0,-1.0,-1.0,-1.0,-1.0,-1.0,-1.0,-1.0,-1.0,-1.0,-1.0,-1.0,-1.0,-1.0,-1.0,-1.0,-1.0,-1.0,-1.0,-1.0,-1.0,-1.0,-1.0,-1.0,-1.0,-1.0,-1.0,-1.0,-1.0,-1.0,-1.0,-1.0,-1.0,-1.0,-1.0,-1.0,-1.0,-1.0,-1.0,-1.0,-1.0,-1.0,-1.0,-1.0,-1.0,-1.0,-1.0,-1.0,-1.0,-1.0,-1.0,-1.0,-1.0,-1.0,-1.0,-1.0,-1.0,-1.0,-1.0,-1.0,-1.0,-1.0,-1.0,-1.0,-1.0,-1.0,-1.0,-1.0,-1.0,-1.0,-1.0,-1.0,-1.0,-1.0,-1.0,-1.0,-1.0,-1.0,-1.0,-1.0,-1.0,-1.0,-1.0,-1.0,-1.0,-1.0,-1.0,-1.0,-1.0,-1.0,-1.0,-1.0,-1.0,-1.0,-1.0,-1.0,-1.0,-1.0,-1.0,-1.0,-1.0,-1.0,-1.0,-1.0,-1.0,-1.0,-1.0,-1.0,-1.0,-1.0,-1.0,-1.0,-1.0,-1.0,-1.0,-1.0,-1.0,-1.0,-1.0,-1.0,-1.0,-1.0,-1.0,-1.0,-1.0,-1.0,-1.0,-1.0,1.0,-1.0,-1.0,-1.0,-1.0,-1.0,-1.0,-1.0,-1.0,-1.0,-1.0,-1.0,-1.0,-1.0,-1.0,-1.0,-1.0,-1.0,-1.0,-1.0,-1.0,-1.0,-1.0,-1.0,-1.0,-1.0,-1.0,-1.0,-1.0,-1.0,-1.0,-1.0,-1.0,-1.0,-1.0,-1.0,-1.0,-1.0,-1.0,-1.0,-1.0,-1.0,-1.0,-1.0,-1.0,-1.0,-1.0,-1.0,-1.0,-1.0,-1.0,1.0,1.0,-1.0,-1.0,-1.0,-1.0,-1.0,-1.0,1.0,-1.0,-1.0,-1.0,-1.0,-1.0,1.0,1.0,-1.0,-1.0,-1.0,-1.0,-1.0,-1.0,1.0,-1.0,-1.0,-1.0,-1.0,-1.0,1.0,-1.0,-1.0,1.0,-1.0,-1.0,-1.0,-1.0,-1.0,-1.0,-1.0,1.0,1.0,-1.0,-1.0,-1.0,-1.0,-1.0,1.0,-1.0,-1.0,-1.0,-1.0,-1.0,-1.0,-1.0,-1.0,-1.0,-1.0,-1.0,-1.0,-1.0,-1.0,1.0,1.0,-1.0,-1.0,-1.0,-1.0,-1.0,-1.0,-1.0,-1.0,1.0,-1.0,-1.0,-1.0,-1.0,-1.0,1.0,-1.0,-1.0,1.0,-1.0,-1.0,-1.0,-1.0,-1.0,-1.0,1.0,-1.0,-1.0,-1.0,-1.0,-1.0,1.0,-1.0,-1.0,-1.0,-1.0,-1.0,-1.0,1.0,1.0,1.0,1.0,-1.0,-1.0,-1.0,-1.0,-1.0,-1.0,-1.0,1.0,-1.0,-1.0,-1.0,-1.0,-1.0,-1.0,1.0,-1.0,-1.0,-1.0,-1.0,-1.0,-1.0,-1.0,-1.0,1.0,1.0,-1.0,-1.0,-1.0,-1.0,-1.0,-1.0,-1.0,-1.0,1.0,1.0,-1.0,-1.0,-1.0,-1.0,-1.0,-1.0,-1.0,-1.0,-1.0,-1.0,-1.0,-1.0,-1.0,-1.0,-1.0,-1.0,-1.0,1.0,1.0,-1.0,-1.0,-1.0,-1.0,-1.0,-1.0,-1.0,-1.0,-1.0,-1.0,-1.0,-1.0,-1.0,-1.0,-1.0,-1.0,-1.0,-1.0,-1.0,1.0,-1.0,-1.0,-1.0,-1.0,-1.0,-1.0,-1.0,-1.0,-1.0,-1.0,-1.0,-1.0,-1.0,-1.0,-1.0,-1.0,-1.0,-1.0,-1.0,-1.0,1.0,-1.0,-1.0,-1.0,-1.0,-1.0,-1.0,-1.0,-1.0,-1.0,-1.0,-1.0,-1.0,-1.0,-1.0,-1.0,1.0,-1.0,-1.0,-1.0,-1.0,-1.0,1.0,-1.0,-1.0,-1.0,-1.0,-1.0,-1.0,-1.0,-1.0,-1.0,-1.0,-1.0,-1.0,-1.0,-1.0,-1.0,1.0,-1.0,-1.0,-1.0,-1.0,-1.0,-1.0,1.0,1.0,-1.0,-1.0,-1.0,-1.0,-1.0,1.0,-1.0,-1.0,-1.0,-1.0,-1.0,-1.0,-1.0,-1.0,-1.0,-1.0,-1.0,-1.0,-1.0,-1.0,-1.0,-1.0,-1.0,-1.0,-1.0,-1.0,1.0,-1.0,-1.0,-1.0,-1.0,-1.0,-1.0,1.0,1.0,-1.0,-1.0,-1.0,-1.0,-1.0,1.0,-1.0,-1.0,-1.0,-1.0,-1.0,-1.0,-1.0,-1.0,-1.0,-1.0,-1.0,1.0,1.0,-1.0,-1.0,-1.0,-1.0,-1.0,1.0,-1.0,-1.0,-1.0,-1.0,-1.0,-1.0,-1.0,-1.0,-1.0,-1.0,-1.0,-1.0,-1.0,-1.0,-1.0,-1.0,-1.0,-1.0,-1.0,-1.0,-1.0,-1.0,-1.0,-1.0,-1.0,1.0,1.0,-1.0,-1.0,-1.0,-1.0,-1.0,1.0,-1.0,-1.0,-1.0,-1.0,-1.0,1.0,-1.0,-1.0,-1.0,-1.0,-1.0,-1.0,-1.0,-1.0,-1.0,-1.0,-1.0,-1.0,1.0,-1.0,-1.0,-1.0,-1.0,-1.0,-1.0,-1.0,-1.0,1.0,-1.0,-1.0,-1.0,-1.0,-1.0,-1.0,-1.0,-1.0,-1.0,-1.0,-1.0,-1.0,-1.0,-1.0,1.0,1.0,-1.0,-1.0,-1.0,-1.0,-1.0,-1.0,-1.0,1.0,-1.0,-1.0,-1.0,-1.0,-1.0,-1.0,1.0,-1.0,-1.0,-1.0,-1.0,-1.0,1.0,1.0,-1.0,-1.0,-1.0,-1.0,-1.0,-1.0,-1.0,1.0,-1.0,-1.0,-1.0,-1.0,-1.0,-1.0,-1.0,1.0,-1.0,-1.0,-1.0,-1.0,-1.0,1.0,-1.0,-1.0,1.0,-1.0,-1.0,-1.0,-1.0,-1.0,-1.0,-1.0,-1.0,1.0,-1.0,-1.0,-1.0,-1.0,-1.0,-1.0,-1.0,-1.0,-1.0,-1.0,-1.0,-1.0,-1.0,-1.0,-1.0,-1.0,-1.0,-1.0,1.0,-1.0,-1.0,-1.0,-1.0,-1.0,-1.0,1.0,1.0,-1.0,-1.0,-1.0,-1.0,-1.0,-1.0,-1.0,-1.0,-1.0,-1.0,-1.0,-1.0,-1.0,-1.0,-1.0,-1.0,-1.0,-1.0,-1.0,-1.0,-1.0,-1.0,-1.0,-1.0,-1.0,-1.0,-1.0,-1.0,-1.0,-1.0,-1.0,-1.0,-1.0,-1.0,-1.0,-1.0,-1.0,-1.0,-1.0,-1.0,-1.0,-1.0,-1.0,-1.0,-1.0,-1.0,-1.0,-1.0,-1.0,-1.0,-1.0,-1.0,-1.0,-1.0,-1.0,-1.0,-1.0,-1.0,-1.0,-1.0,-1.0,-1.0,-1.0,-1.0,-1.0,-1.0,-1.0,-1.0,-1.0,-1.0,-1.0,-1.0,-1.0,-1.0,-1.0
-1.0,-1.0,-1.0,-1.0,-1.0,-1.0,-1.0,-1.0,-1.0,-1.0,-1.0,-1.0,-1.0,-1.0,-1.0,-1.0,-1.0,-1.0,-1.0,-1.0,-1.0,-1.0,-1.0,-1.0,-1.0,-1.0,-1.0,-1.0,-1.0,-1.0,-1.0,-1.0,-1.0,-1.0,-1.0,-1.0,-1.0,-1.0,-1.0,-1.0,-1.0,-1.0,-1.0,-1.0,-1.0,-1.0,-1.0,-1.0,-1.0,-1.0,-1.0,-1.0,-1.0,-1.0,-1.0,-1.0,-1.0,-1.0,-1.0,-1.0,-1.0,-1.0,-1.0,-1.0,-1.0,-1.0,-1.0,-1.0,-1.0,-1.0,-1.0,-1.0,-1.0,-1.0,-1.0,-1.0,-1.0,-1.0,-1.0,-1.0,-1.0,-1.0,-1.0,-1.0,-1.0,-1.0,-1.0,-1.0,-1.0,-1.0,-1.0,-1.0,-1.0,-1.0,-1.0,-1.0,-1.0,-1.0,-1.0,-1.0,-1.0,-1.0,-1.0,-1.0,-1.0,-1.0,-1.0,-1.0,-1.0,-1.0,-1.0,-1.0,-1.0,-1.0,-1.0,-1.0,-1.0,-1.0,-1.0,-1.0,-1.0,-1.0,-1.0,-1.0,-1.0,-1.0,-1.0,-1.0,-1.0,-1.0,-1.0,-1.0,-1.0,-1.0,-1.0,-1.0,-1.0,-1.0,-1.0,-1.0,-1.0,-1.0,-1.0,-1.0,-1.0,-1.0,-1.0,-1.0,-1.0,-1.0,-1.0,-1.0,-1.0,-1.0,-1.0,-1.0,-1.0,-1.0,-1.0,-1.0,-1.0,-1.0,-1.0,-1.0,-1.0,-1.0,-1.0,-1.0,-1.0,-1.0,-1.0,-1.0,-1.0,-1.0,-1.0,-1.0,-1.0,-1.0,-1.0,-1.0,-1.0,-1.0,-1.0,-1.0,-1.0,-1.0,-1.0,-1.0,-1.0,-1.0,-1.0,-1.0,-1.0,-1.0,-1.0,-1.0,-1.0,-1.0,-1.0,-1.0,-1.0,-1.0,-1.0,-1.0,-1.0,-1.0,-1.0,-1.0,-1.0,-1.0,-1.0,-1.0,-1.0,-1.0,-1.0,-1.0,-1.0,-1.0,-1.0,-1.0,-1.0,-1.0,-1.0,-1.0,-1.0,-1.0,-1.0,-1.0,-1.0,-1.0,-1.0,-1.0,-1.0,-1.0,-1.0,-1.0,-1.0,-1.0,-1.0,-1.0,-1.0,-1.0,-1.0,-1.0,-1.0,-1.0,-1.0,-1.0,-1.0,-1.0,-1.0,-1.0,-1.0,-1.0,-1.0,-1.0,-1.0,-1.0,-1.0,-1.0,-1.0,-1.0,-1.0,-1.0,-1.0,-1.0,-1.0,-1.0,-1.0,-1.0,-1.0,-1.0,-1.0,-1.0,-1.0,-1.0,-1.0,-1.0,-1.0,-1.0,-1.0,-1.0,-1.0,-1.0,-1.0,-1.0,-1.0,-1.0,-1.0,-1.0,-1.0,-1.0,-1.0,-1.0,-1.0,-1.0,-1.0,-1.0,-1.0,-1.0,-1.0,-1.0,-1.0,-1.0,-1.0,-1.0,-1.0,-1.0,-1.0,-1.0,-1.0,-1.0,-1.0,-1.0,-1.0,-1.0,-1.0,-1.0,-1.0,-1.0,-1.0,-1.0,-1.0,-1.0,-1.0,-1.0,-1.0,-1.0,-1.0,-1.0,-1.0,-1.0,-1.0,-1.0,-1.0,-1.0,-1.0,-1.0,-1.0,-1.0,-1.0,-1.0,-1.0,-1.0,-1.0,-1.0,-1.0,-1.0,-1.0,-1.0,-1.0,-1.0,-1.0,-1.0,-1.0,-1.0,-1.0,-1.0,-1.0,-1.0,-1.0,-1.0,-1.0,-1.0,-1.0,-1.0,-1.0,-1.0,-1.0,-1.0,-1.0,-1.0,-1.0,-1.0,-1.0,-1.0,-1.0,-1.0,-1.0,-1.0,-1.0,-1.0,-1.0,-1.0,-1.0,-1.0,-1.0,-1.0,-1.0,-1.0,-1.0,-1.0,-1.0,-1.0,-1.0,-1.0,-1.0,-1.0,-1.0,-1.0,-1.0,-1.0,-1.0,-1.0,-1.0,-1.0,-1.0,-1.0,-1.0,-1.0,-1.0,-1.0,-1.0,-1.0,-1.0,-1.0,-1.0,-1.0,-1.0,-1.0,-1.0,-1.0,-1.0,-1.0,-1.0,-1.0,-1.0,-1.0,-1.0,-1.0,-1.0,-1.0,-1.0,-1.0,-1.0,-1.0,-1.0,-1.0,-1.0,-1.0,-1.0,-1.0,-1.0,-1.0,-1.0,-1.0,-1.0,-1.0,-1.0,-1.0,-1.0,-1.0,-1.0,-1.0,-1.0,-1.0,-1.0,-1.0,-1.0,-1.0,-1.0,-1.0,-1.0,-1.0,-1.0,-1.0,-1.0,-1.0,-1.0,-1.0,-1.0,-1.0,-1.0,-1.0,-1.0,-1.0,-1.0,-1.0,-1.0,-1.0,-1.0,-1.0,-1.0,-1.0,-1.0,-1.0,-1.0,-1.0,-1.0,-1.0,-1.0,-1.0,-1.0,-1.0,-1.0,-1.0,-1.0,-1.0,-1.0,-1.0,-1.0,-1.0,-1.0,-1.0,-1.0,-1.0,-1.0,-1.0,-1.0,-1.0,-1.0,-1.0,-1.0,-1.0,-1.0,-1.0,-1.0,-1.0,-1.0,-1.0,-1.0,-1.0,-1.0,-1.0,-1.0,-1.0,-1.0,-1.0,-1.0,-1.0,-1.0,-1.0,-1.0,-1.0,-1.0,-1.0,-1.0,-1.0,-1.0,-1.0,-1.0,-1.0,-1.0,-1.0,-1.0,-1.0,-1.0,-1.0,-1.0,-1.0,-1.0,-1.0,-1.0,-1.0,-1.0,-1.0,-1.0,-1.0,-1.0,-1.0,-1.0,-1.0,-1.0,-1.0,-1.0,-1.0,-1.0,-1.0,-1.0,-1.0,-1.0,-1.0,-1.0,-1.0,-1.0,-1.0,-1.0,-1.0,-1.0,-1.0,-1.0,-1.0,-1.0,-1.0,-1.0,-1.0,-1.0,-1.0,-1.0,-1.0,-1.0,-1.0,-1.0,-1.0,-1.0,-1.0,-1.0,-1.0,-1.0,-1.0,-1.0,-1.0,-1.0,-1.0,-1.0,-1.0,-1.0,-1.0,-1.0,-1.0,-1.0,-1.0,-1.0,-1.0,-1.0,-1.0,-1.0,-1.0,-1.0,-1.0,-1.0,-1.0,-1.0,-1.0,-1.0,-1.0,-1.0,-1.0,-1.0,-1.0,-1.0,-1.0,-1.0,-1.0,-1.0,-1.0,-1.0,-1.0,-1.0,-1.0,-1.0,-1.0,-1.0,-1.0,-1.0,-1.0,-1.0,-1.0,-1.0,-1.0,-1.0,-1.0,-1.0,-1.0,-1.0,-1.0,-1.0,-1.0,-1.0,-1.0,-1.0,-1.0,-1.0,-1.0,-1.0,-1.0,-1.0,-1.0,-1.0,-1.0,-1.0,-1.0,-1.0,-1.0,-1.0,-1.0,-1.0,-1.0,-1.0,-1.0,-1.0,-1.0,-1.0,-1.0,-1.0,-1.0,-1.0,-1.0,-1.0,-1.0,-1.0,-1.0,-1.0,-1.0,-1.0,-1.0,-1.0,-1.0,-1.0,-1.0,-1.0,-1.0,-1.0,-1.0,-1.0,-1.0,-1.0,-1.0,-1.0,-1.0,-1.0,-1.0,-1.0,-1.0,-1.0,-1.0,-1.0,-1.0,-1.0,-1.0,-1.0
-1.0,-1.0,-1.0,-1.0,-1.0,-1.0,-1.0,-1.0,-1.0,-1.0,-1.0,-1.0,-1.0,-1.0,-1.0,-1.0,-1.0,-1.0,-1.0,-1.0,-1.0,-1.0,-1.0,-1.0,-1.0,-1.0,-1.0,-1.0,-1.0,-1.0,-1.0,-1.0,-1.0,-1.0,-1.0,-1.0,-1.0,-1.0,-1.0,-1.0,-1.0,-1.0,-1.0,-1.0,-1.0,-1.0,-1.0,-1.0,-1.0,-1.0,-1.0,-1.0,-1.0,-1.0,-1.0,-1.0,-1.0,-1.0,-1.0,-1.0,-1.0,-1.0,-1.0,-1.0,-1.0,-1.0,-1.0,-1.0,-1.0,-1.0,-1.0,-1.0,-1.0,-1.0,-1.0,-1.0,-1.0,-1.0,-1.0,-1.0,-1.0,-1.0,-1.0,-1.0,-1.0,-1.0,-1.0,-1.0,-1.0,-1.0,-1.0,-1.0,-1.0,-1.0,-1.0,-1.0,-1.0,-1.0,-1.0,-1.0,-1.0,-1.0,-1.0,-1.0,-1.0,-1.0,-1.0,-1.0,-1.0,-1.0,-1.0,-1.0,-1.0,-1.0,-1.0,-1.0,-1.0,-1.0,-1.0,-1.0,-1.0,-1.0,-1.0,-1.0,-1.0,-1.0,-1.0,-1.0,-1.0,-1.0,-1.0,-1.0,-1.0,-1.0,-1.0,-1.0,-1.0,-1.0,-1.0,-1.0,-1.0,-1.0,-1.0,-1.0,-1.0,-1.0,-1.0,-1.0,-1.0,-1.0,-1.0,-1.0,-1.0,-1.0,-1.0,-1.0,-1.0,-1.0,-1.0,-1.0,-1.0,-1.0,-1.0,-1.0,-1.0,-1.0,-1.0,-1.0,-1.0,-1.0,-1.0,-1.0,-1.0,-1.0,-1.0,-1.0,-1.0,-1.0,-1.0,-1.0,-1.0,-1.0,-1.0,-1.0,-1.0,-1.0,-1.0,-1.0,-1.0,-1.0,-1.0,-1.0,-1.0,-1.0,-1.0,-1.0,-1.0,-1.0,-1.0,-1.0,-1.0,-1.0,-1.0,-1.0,-1.0,-1.0,-1.0,-1.0,-1.0,-1.0,-1.0,-1.0,-1.0,-1.0,-1.0,-1.0,-1.0,-1.0,-1.0,-1.0,-1.0,-1.0,-1.0,-1.0,-1.0,-1.0,-1.0,-1.0,-1.0,-1.0,-1.0,-1.0,-1.0,-1.0,-1.0,-1.0,-1.0,-1.0,-1.0,-1.0,-1.0,-1.0,-1.0,-1.0,-1.0,-1.0,-1.0,-1.0,-1.0,-1.0,-1.0,-1.0,-1.0,-1.0,-1.0,-1.0,-1.0,-1.0,-1.0,-1.0,-1.0,-1.0,-1.0,-1.0,-1.0,-1.0,-1.0,-1.0,-1.0,-1.0,-1.0,-1.0,-1.0,-1.0,-1.0,-1.0,-1.0,-1.0,-1.0,-1.0,-1.0,-1.0,-1.0,-1.0,-1.0,-1.0,-1.0,-1.0,-1.0,-1.0,-1.0,-1.0,-1.0,-1.0,-1.0,-1.0,-1.0,-1.0,-1.0,-1.0,-1.0,-1.0,-1.0,-1.0,-1.0,-1.0,-1.0,-1.0,-1.0,-1.0,-1.0,-1.0,-1.0,-1.0,-1.0,-1.0,-1.0,-1.0,-1.0,-1.0,-1.0,-1.0,-1.0,-1.0,-1.0,-1.0,-1.0,-1.0,-1.0,-1.0,-1.0,-1.0,-1.0,-1.0,-1.0,-1.0,-1.0,-1.0,-1.0,-1.0,-1.0,-1.0,-1.0,-1.0,-1.0,-1.0,-1.0,-1.0,-1.0,-1.0,-1.0,-1.0,-1.0,-1.0,-1.0,-1.0,-1.0,-1.0,-1.0,-1.0,-1.0,-1.0,-1.0,-1.0,-1.0,-1.0,-1.0,-1.0,-1.0,-1.0,-1.0,-1.0,-1.0,-1.0,-1.0,-1.0,-1.0,-1.0,-1.0,-1.0,-1.0,-1.0,-1.0,-1.0,-1.0,-1.0,-1.0,-1.0,-1.0,-1.0,-1.0,-1.0,-1.0,-1.0,-1.0,-1.0,-1.0,-1.0,-1.0,-1.0,-1.0,-1.0,-1.0,-1.0,-1.0,-1.0,-1.0,-1.0,-1.0,-1.0,-1.0,-1.0,-1.0,-1.0,-1.0,-1.0,-1.0,-1.0,-1.0,-1.0,-1.0,-1.0,-1.0,-1.0,-1.0,-1.0,-1.0,-1.0,-1.0,-1.0,-1.0,-1.0,-1.0,-1.0,-1.0,-1.0,-1.0,-1.0,-1.0,-1.0,-1.0,-1.0,-1.0,-1.0,-1.0,-1.0,-1.0,-1.0,-1.0,-1.0,-1.0,-1.0,-1.0,-1.0,-1.0,-1.0,-1.0,-1.0,-1.0,-1.0,-1.0,-1.0,-1.0,-1.0,-1.0,-1.0,-1.0,-1.0,-1.0,-1.0,-1.0,-1.0,-1.0,-1.0,-1.0,-1.0,-1.0,-1.0,-1.0,-1.0,-1.0,-1.0,-1.0,-1.0,-1.0,-1.0,-1.0,-1.0,-1.0,-1.0,-1.0,-1.0,-1.0,-1.0,-1.0,-1.0,-1.0,-1.0,-1.0,-1.0,-1.0,-1.0,-1.0,-1.0,-1.0,-1.0,-1.0,-1.0,-1.0,-1.0,-1.0,-1.0,-1.0,-1.0,-1.0,-1.0,-1.0,-1.0,-1.0,-1.0,-1.0,-1.0,-1.0,-1.0,-1.0,-1.0,-1.0,-1.0,-1.0,-1.0,-1.0,-1.0,-1.0,-1.0,-1.0,-1.0,-1.0,-1.0,-1.0,-1.0,-1.0,-1.0,-1.0,-1.0,-1.0,-1.0,-1.0,-1.0,-1.0,-1.0,-1.0,-1.0,-1.0,-1.0,-1.0,-1.0,-1.0,-1.0,-1.0,-1.0,-1.0,-1.0,-1.0,-1.0,-1.0,-1.0,-1.0,-1.0,-1.0,-1.0,-1.0,-1.0,-1.0,-1.0,-1.0,-1.0,-1.0,-1.0,-1.0,-1.0,-1.0,-1.0,-1.0,-1.0,-1.0,-1.0,-1.0,-1.0,-1.0,-1.0,-1.0,-1.0,-1.0,-1.0,-1.0,-1.0,-1.0,-1.0,-1.0,-1.0,-1.0,-1.0,-1.0,-1.0,-1.0,-1.0,-1.0,-1.0,-1.0,-1.0,-1.0,-1.0,-1.0,-1.0,-1.0,-1.0,-1.0,-1.0,-1.0,-1.0,-1.0,-1.0,-1.0,-1.0,-1.0,-1.0,-1.0,-1.0,-1.0,-1.0,-1.0,-1.0,-1.0,-1.0,-1.0,-1.0,-1.0,-1.0,-1.0,-1.0,-1.0,-1.0,-1.0,-1.0,-1.0,-1.0,-1.0,-1.0,-1.0,-1.0,-1.0,-1.0,-1.0,-1.0,-1.0,-1.0,-1.0,-1.0,-1.0,-1.0,-1.0,-1.0,-1.0,-1.0,-1.0,-1.0,-1.0,-1.0,-1.0,-1.0,-1.0,-1.0,-1.0,-1.0,-1.0,-1.0,-1.0,-1.0,-1.0,-1.0,-1.0,-1.0,-1.0,-1.0,-1.0,-1.0,-1.0,-1.0,-1.0,-1.0,-1.0,-1.0,-1.0,-1.0,-1.0,-1.0,-1.0,-1.0,-1.0,-1.0,-1.0,-1.0,-1.0,-1.0,-1.0,-1.0,-1.0,-1.0,-1.0,-1.0,-1.0,-1.0,-1.0,-1.0,-1.0,-1.0,-1.0,-1.0,-1.0,-1.0,-1.0
-1.0,-1.0,-1.0,-1.0,-1.0,-1.0,-1.0,-1.0,-1.0,-1.0,1.0,1.0,1.0,1.0,1.0,1.0,1.0,1.0,-1.0,-1.0,-1.0,-1.0,-1.0,-1.0,-1.0,-1.0,-1.0,-1.0,-1.0,1.0,1.0,1.0,1.0,1.0,-1.0,-1.0,-1.0,1.0,1.0,1.0,1.0,1.0,1.0,1.0,1.0,1.0,1.0,-1.0,1.0,1.0,1.0,1.0,1.0,-1.0,1.0,1.0,1.0,1.0,1.0,1.0,1.0,1.0,-1.0,1.0,1.0,1.0,1.0,1.0,1.0,1.0,1.0,-1.0,1.0,1.0,1.0,1.0,1.0,1.0,1.0,1.0,1.0,1.0,1.0,-1.0,-1.0,1.0,1.0,-1.0,-1.0,-1.0,-1.0,-1.0,-1.0,-1.0,1.0,1.0,1.0,1.0,1.0,1.0,1.0,1.0,1.0,1.0,1.0,1.0,1.0,1.0,1.0,1.0,1.0,1.0,1.0,1.0,1.0,1.0,1.0,1.0,1.0,1.0,1.0,1.0,1.0,-1.0,-1.0,-1.0,1.0,1.0,-1.0,-1.0,-1.0,-1.0,-1.0,-1.0,-1.0,1.0,1.0,1.0,-1.0,-1.0,-1.0,-1.0,-1.0,-1.0,-1.0,-1.0,-1.0,-1.0,-1.0,-1.0,-1.0,-1.0,-1.0,-1.0,-1.0,-1.0,-1.0,-1.0,-1.0,-1.0,-1.0,-1.0,-1.0,-1.0,-1.0,-1.0,-1.0,-1.0,-1.0,-1.0,-1.0,-1.0,-1.0,-1.0,-1.0,-1.0,-1.0,-1.0,-1.0,-1.0,-1.0,-1.0,-1.0,-1.0,-1.0,-1.0,-1.0,-1.0,-1.0,-1.0,-1.0,-1.0,-1.0,-1.0,-1.0,-1.0,-1.0,-1.0,-1.0,-1.0,-1.0,-1.0,-1.0,-1.0,-1.0,-1.0,-1.0,-1.0,-1.0,-1.0,-1.0,-1.0,-1.0,-1.0,-1.0,-1.0,-1.0,-1.0,-1.0,-1.0,-1.0,-1.0,-1.0,-1.0,-1.0,-1.0,-1.0,-1.0,-1.0,-1.0,-1.0,-1.0,-1.0,-1.0,-1.0,-1.0,-1.0,-1.0,-1.0,-1.0,-1.0,-1.0,-1.0,-1.0,-1.0,-1.0,-1.0,-1.0,-1.0,-1.0,-1.0,-1.0,-1.0,-1.0,-1.0,-1.0,-1.0,-1.0,-1.0,-1.0,-1.0,-1.0,-1.0,-1.0,-1.0,-1.0,-1.0,-1.0,-1.0,-1.0,-1.0,-1.0,-1.0,-1.0,-1.0,-1.0,-1.0,-1.0,-1.0,-1.0,-1.0,-1.0,-1.0,-1.0,-1.0,-1.0,-1.0,-1.0,-1.0,-1.0,-1.0,-1.0,-1.0,-1.0,-1.0,-1.0,-1.0,-1.0,-1.0,-1.0,-1.0,-1.0,-1.0,-1.0,-1.0,-1.0,-1.0,-1.0,-1.0,-1.0,-1.0,-1.0,-1.0,-1.0,-1.0,-1.0,-1.0,-1.0,-1.0,-1.0,-1.0,-1.0,-1.0,-1.0,-1.0,-1.0,-1.0,-1.0,-1.0,-1.0,-1.0,-1.0,-1.0,-1.0,-1.0,-1.0,-1.0,-1.0,-1.0,-1.0,-1.0,-1.0,-1.0,-1.0,-1.0,-1.0,-1.0,-1.0,-1.0,-1.0,-1.0,-1.0,-1.0,-1.0,-1.0,-1.0,-1.0,-1.0,-1.0,-1.0,-1.0,-1.0,-1.0,-1.0,-1.0,-1.0,-1.0,-1.0,-1.0,-1.0,-1.0,-1.0,-1.0,-1.0,-1.0,-1.0,-1.0,-1.0,-1.0,-1.0,-1.0,-1.0,-1.0,-1.0,-1.0,-1.0,-1.0,-1.0,-1.0,-1.0,-1.0,-1.0,-1.0,-1.0,-1.0,-1.0,-1.0,-1.0,-1.0,-1.0,-1.0,-1.0,-1.0,-1.0,-1.0,-1.0,-1.0,-1.0,-1.0,-1.0,-1.0,-1.0,-1.0,-1.0,-1.0,-1.0,-1.0,-1.0,-1.0,-1.0,-1.0,-1.0,-1.0,-1.0,-1.0,-1.0,-1.0,-1.0,-1.0,-1.0,-1.0,-1.0,-1.0,-1.0,-1.0,-1.0,-1.0,-1.0,-1.0,-1.0,-1.0,-1.0,-1.0,-1.0,-1.0,-1.0,-1.0,-1.0,-1.0,-1.0,-1.0,-1.0,-1.0,-1.0,-1.0,-1.0,-1.0,-1.0,-1.0,-1.0,-1.0,-1.0,-1.0,-1.0,-1.0,-1.0,-1.0,-1.0,-1.0,-1.0,-1.0,-1.0,-1.0,-1.0,-1.0,-1.0,-1.0,-1.0,-1.0,-1.0,-1.0,-1.0,-1.0,-1.0,-1.0,-1.0,-1.0,-1.0,-1.0,-1.0,-1.0,-1.0,-1.0,-1.0,-1.0,-1.0,-1.0,-1.0,-1.0,-1.0,-1.0,-1.0,-1.0,-1.0,-1.0,-1.0,-1.0,-1.0,-1.0,-1.0,-1.0,-1.0,-1.0,-1.0,-1.0,-1.0,-1.0,-1.0,-1.0,-1.0,-1.0,-1.0,-1.0,-1.0,-1.0,-1.0,-1.0,-1.0,-1.0,-1.0,-1.0,-1.0,-1.0,-1.0,-1.0,-1.0,-1.0,-1.0,-1.0,-1.0,-1.0,-1.0,-1.0,-1.0,-1.0,-1.0,-1.0,-1.0,-1.0,-1.0,-1.0,-1.0,-1.0,-1.0,-1.0,-1.0,-1.0,-1.0,-1.0,-1.0,-1.0,-1.0,-1.0,-1.0,-1.0,-1.0,-1.0,-1.0,-1.0,-1.0,-1.0,-1.0,-1.0,-1.0,-1.0,-1.0,-1.0,-1.0,-1.0,-1.0,-1.0,-1.0,-1.0,-1.0,-1.0,-1.0,-1.0,-1.0,-1.0,-1.0,-1.0,-1.0,-1.0,-1.0,-1.0,-1.0,-1.0,-1.0,-1.0,-1.0,-1.0,-1.0,-1.0,-1.0,-1.0,-1.0,-1.0,-1.0,-1.0,-1.0,-1.0,-1.0,-1.0,-1.0,-1.0,-1.0,-1.0,-1.0,-1.0,-1.0,-1.0,-1.0,-1.0,-1.0,-1.0,-1.0,-1.0,-1.0,-1.0,-1.0,-1.0,-1.0,-1.0,-1.0,-1.0,-1.0,-1.0,-1.0,-1.0,-1.0,-1.0,-1.0,-1.0,-1.0,-1.0,-1.0,-1.0,-1.0,-1.0,-1.0,-1.0,-1.0,-1.0,-1.0,-1.0,-1.0,1.0,1.0,1.0,1.0,1.0,1.0,1.0,1.0,1.0,1.0,-1.0,-1.0,1.0,1.0,1.0,-1.0,-1.0,1.0,1.0,1.0,1.0,-1.0,1.0,1.0,1.0,-1.0,-1.0,-1.0,-1.0,1.0,1.0,1.0,1.0,1.0,1.0,1.0,1.0,1.0,1.0,1.0,1.0,1.0,1.0,1.0,1.0,1.0,1.0,1.0,1.0,1.0,1.0,1.0,1.0,1.0,1.0,1.0,1.0,1.0,-1.0,-1.0,-1.0,-1.0,-1.0,-1.0,-1.0
-1.0,1.0,-1.0,-1.0,-1.0,-1.0,-1.0,-1.0,-1.0,-1.0,-1.0,-1.0,-1.0,-1.0,-1.0,-1.0,-1.0,-1.0,-1.0,1.0,-1.0,1.0,-1.0,1.0,-1.0,1.0,-1.0,1.0,-1.0,-1.0,-1.0,-1.0,-1.0,-1.0,1.0,-1.0,-1.0,-1.0,-1.0,-1.0,-1.0,-1.0,-1.0,-1.0,-1.0,-1.0,-1.0,-1.0,-1.0,-1.0,-1.0,-1.0,-1.0,-1.0,-1.0,-1.0,-1.0,-1.0,-1.0,-1.0,-1.0,-1.0,-1.0,-1.0,-1.0,-1.0,-1.0,-1.0,-1.0,-1.0,-1.0,-1.0,-1.0,-1.0,-1.0,-1.0,-1.0,-1.0,-1.0,-1.0,-1.0,-1.0,-1.0,1.0,1.0,-1.0,-1.0,-1.0,1.0,-1.0,1.0,-1.0,1.0,-1.0,-1.0,-1.0,-1.0,-1.0,-1.0,-1.0,-1.0,-1.0,-1.0,-1.0,-1.0,-1.0,-1.0,-1.0,-1.0,-1.0,-1.0,-1.0,-1.0,-1.0,-1.0,-1.0,-1.0,-1.0,-1.0,-1.0,-1.0,-1.0,-1.0,-1.0,1.0,-1.0,-1.0,-1.0,-1.0,-1.0,1.0,-1.0,1.0,-1.0,1.0,1.0,1.0,1.0,1.0,-1.0,-1.0,1.0,1.0,1.0,-1.0,1.0,1.0,1.0,-1.0,1.0,1.0,1.0,-1.0,1.0,1.0,1.0,-1.0,1.0,1.0,1.0,-1.0,1.0,1.0,1.0,-1.0,1.0,1.0,1.0,1.0,-1.0,-1.0,1.0,1.0,-1.0,-1.0,1.0,1.0,-1.0,1.0,1.0,-1.0,-1.0,-1.0,1.0,1.0,-1.0,1.0,1.0,-1.0,-1.0,1.0,1.0,-1.0,1.0,1.0,-1.0,-1.0,1.0,1.0,-1.0,1.0,1.0,-1.0,-1.0,1.0,1.0,-1.0,1.0,1.0,-1.0,1.0,1.0,-1.0,-1.0,1.0,1.0,-1.0,1.0,1.0,-1.0,-1.0,-1.0,1.0,1.0,-1.0,1.0,1.0,-1.0,1.0,1.0,-1.0,-1.0,-1.0,-1.0,-1.0,-1.0,1.0,1.0,-1.0,1.0,1.0,-1.0,-1.0,-1.0,-1.0,-1.0,1.0,1.0,-1.0,1.0,1.0,-1.0,-1.0,1.0,1.0,-1.0,1.0,1.0,-1.0,1.0,1.0,-1.0,-1.0,1.0,1.0,-1.0,1.0,1.0,-1.0,1.0,1.0,-1.0,-1.0,-1.0,-1.0,1.0,1.0,-1.0,1.0,1.0,-1.0,-1.0,-1.0,-1.0,-1.0,-1.0,-1.0,1.0,1.0,-1.0,1.0,1.0,-1.0,1.0,1.0,-1.0,1.0,1.0,-1.0,-1.0,1.0,1.0,-1.0,1.0,1.0,-1.0,-1.0,-1.0,-1.0,-1.0,-1.0,-1.0,1.0,1.0,-1.0,1.0,1.0,-1.0,-1.0,-1.0,1.0,1.0,-1.0,1.0,1.0,1.0,1.0,-1.0,-1.0,-1.0,-1.0,1.0,1.0,-1.0,1.0,1.0,-1.0,-1.0,-1.0,1.0,1.0,-1.0,1.0,1.0,-1.0,-1.0,-1.0,1.0,1.0,-1.0,-1.0,-1.0,1.0,1.0,-1.0,1.0,1.0,-1.0,-1.0,1.0,1.0,-1.0,-1.0,-1.0,-1.0,1.0,1.0,-1.0,1.0,1.0,-1.0,-1.0,-1.0,-1.0,1.0,1.0,-1.0,1.0,1.0,-1.0,1.0,1.0,-1.0,1.0,1.0,-1.0,-1.0,-1.0,-1.0,1.0,1.0,-1.0,1.0,1.0,-1.0,-1.0,1.0,1.0,-1.0,1.0,1.0,-1.0,1.0,1.0,-1.0,-1.0,-1.0,-1.0,-1.0,-1.0,-1.0,1.0,1.0,-1.0,1.0,1.0,-1.0,-1.0,1.0,1.0,-1.0,1.0,1.0,-1.0,-1.0,-1.0,1.0,1.0,-1.0,1.0,1.0,-1.0,1.0,1.0,-1.0,-1.0,-1.0,-1.0,1.0,1.0,-1.0,1.0,1.0,-1.0,-1.0,-1.0,-1.0,1.0,1.0,-1.0,1.0,1.0,-1.0,1.0,1.0,-1.0,1.0,1.0,-1.0,-1.0,-1.0,1.0,1.0,-1.0,1.0,1.0,-1.0,1.0,1.0,-1.0,-1.0,-1.0,1.0,1.0,-1.0,1.0,1.0,-1.0,-1.0,-1.0,1.0,1.0,-1.0,1.0,1.0,-1.0,1.0,1.0,-1.0,-1.0,-1.0,-1.0,1.0,1.0,-1.0,1.0,1.0,1.0,1.0,-1.0,-1.0,-1.0,-1.0,-1.0,-1.0,1.0,1.0,-1.0,1.0,1.0,-1.0,-1.0,-1.0,1.0,1.0,-1.0,1.0,1.0,-1.0,1.0,1.0,-1.0,1.0,1.0,-1.0,1.0,1.0,-1.0,-1.0,-1.0,-1.0,1.0,1.0,-1.0,1.0,1.0,-1.0,-1.0,-1.0,-1.0,-1.0,1.0,1.0,-1.0,1.0,1.0,-1.0,1.0,1.0,-1.0,-1.0,-1.0,-1.0,-1.0,-1.0,1.0,1.0,-1.0,1.0,1.0,-1.0,-1.0,-1.0,-1.0,-1.0,1.0,1.0,-1.0,1.0,1.0,-1.0,1.0,1.0,-1.0,1.0,1.0,-1.0,-1.0,1.0,1.0,-1.0,1.0,1.0,-1.0,-1.0,1.0,1.0,-1.0,1.0,1.0,1.0,1.0,-1.0,-1.0,1.0,1.0,-1.0,1.0,1.0,-1.0,-1.0,1.0,1.0,-1.0,1.0,1.0,-1.0,1.0,1.0,-1.0,-1.0,1.0,1.0,-1.0,1.0,1.0,1.0,1.0,-1.0,-1.0,1.0,1.0,-1.0,1.0,1.0,1.0,1.0,-1.0,-1.0,-1.0,-1.0,-1.0,1.0,1.0,-1.0,1.0,1.0,-1.0,1.0,1.0,-1.0,1.0,1.0,-1.0,-1.0,-1.0,1.0,1.0,1.0,-1.0,1.0,-1.0,1.0,1.0,-1.0,1.0,-1.0,-1.0,1.0,1.0,1.0,1.0,1.0,1.0,1.0,1.0,-1.0,-1.0,-1.0,-1.0,-1.0,-1.0,1.0,-1.0,-1.0,-1.0,-1.0,-1.0,-1.0,-1.0,-1.0,-1.0,-1.0,-1.0,-1.0,-1.0,-1.0,-1.0,-1.0,-1.0,-1.0,-1.0,-1.0,-1.0,-1.0,-1.0,-1.0,-1.0,-1.0,-1.0,-1.0,-1.0,-1.0,-1.0,-1.0,-1.0,-1.0,-1.0,-1.0,-1.0,-1.0,-1.0,-1.0,-1.0,-1.0,-1.0,-1.0,-1.0,1.0,-1.0,1.0
-1.0,-1.0,-1.0,-1.0,-1.0,-1.0,-1.0,-1.0,-1.0,-1.0,-1.0,-1.0,-1.0,-1.0,-1.0,-1.0,-1.0,-1.0,-1.0,-1.0,-1.0,-1.0,-1.0,-1.0,-1.0,-1.0,-1.0,-1.0,-1.0,-1.0,-1.0,-1.0,-1.0,-1.0,-1.0,-1.0,-1.0,-1.0,-1.0,-1.0,-1.0,-1.0,-1.0,-1.0,-1.0,-1.0,-1.0,-1.0,-1.0,-1.0,-1.0,-1.0,-1.0,-1.0,-1.0,-1.0,-1.0,-1.0,-1.0,-1.0,-1.0,-1.0,-1.0,-1.0,-1.0,-1.0,-1.0,-1.0,-1.0,-1.0,-1.0,-1.0,-1.0,-1.0,-1.0,-1.0,-1.0,-1.0,-1.0,-1.0,-1.0,-1.0,-1.0,-1.0,-1.0,-1.0,-1.0,-1.0,-1.0,-1.0,-1.0,-1.0,-1.0,-1.0,-1.0,-1.0,-1.0,-1.0,-1.0,-1.0,-1.0,-1.0,-1.0,-1.0,-1.0,-1.0,-1.0,-1.0,-1.0,-1.0,-1.0,-1.0,-1.0,-1.0,-1.0,-1.0,-1.0,-1.0,-1.0,-1.0,-1.0,-1.0,-1.0,-1.0,-1.0,-1.0,-1.0,-1.0,-1.0,-1.0,-1.0,-1.0,-1.0,-1.0,-1.0,-1.0,-1.0,-1.0,-1.0,-1.0,-1.0,-1.0,-1.0,-1.0,-1.0,-1.0,-1.0,-1.0,-1.0,-1.0,-1.0,-1.0,-1.0,-1.0,-1.0,-1.0,-1.0,-1.0,-1.0,-1.0,-1.0,-1.0,-1.0,-1.0,-1.0,-1.0,-1.0,-1.0,-1.0,-1.0,-1.0,-1.0,-1.0,-1.0,-1.0,-1.0,-1.0,-1.0,-1.0,-1.0,-1.0,-1.0,-1.0,-1.0,-1.0,-1.0,-1.0,-1.0,-1.0,-1.0,-1.0,-1.0,-1.0,-1.0,-1.0,-1.0,-1.0,-1.0,-1.0,-1.0,-1.0,-1.0,-1.0,-1.0,-1.0,-1.0,-1.0,-1.0,-1.0,-1.0,-1.0,-1.0,-1.0,-1.0,-1.0,-1.0,-1.0,-1.0,-1.0,-1.0,-1.0,-1.0,-1.0,-1.0,-1.0,-1.0,-1.0,-1.0,-1.0,-1.0,-1.0,-1.0,-1.0,-1.0,-1.0,-1.0,-1.0,-1.0,-1.0,-1.0,-1.0,-1.0,-1.0,-1.0,-1.0,-1.0,-1.0,-1.0,-1.0,-1.0,-1.0,-1.0,-1.0,-1.0,-1.0,-1.0,-1.0,-1.0,-1.0,-1.0,-1.0,-1.0,-1.0,-1.0,-1.0,-1.0,-1.0,-1.0,-1.0,-1.0,-1.0,-1.0,-1.0,-1.0,-1.0,-1.0,-1.0,-1.0,-1.0,-1.0,-1.0,-1.0,-1.0,-1.0,-1.0,-1.0,-1.0,-1.0,-1.0,-1.0,-1.0,-1.0,-1.0,-1.0,-1.0,-1.0,-1.0,-1.0,-1.0,-1.0,-1.0,-1.0,-1.0,-1.0,-1.0,-1.0,-1.0,-1.0,-1.0,-1.0,-1.0,-1.0,-1.0,-1.0,-1.0,-1.0,-1.0,-1.0,-1.0,-1.0,-1.0,-1.0,-1.0,-1.0,-1.0,-1.0,-1.0,-1.0,-1.0,-1.0,-1.0,-1.0,-1.0,-1.0,-1.0,-1.0,-1.0,-1.0,-1.0,-1.0,-1.0,-1.0,-1.0,-1.0,-1.0,-1.0,-1.0,-1.0,-1.0,-1.0,-1.0,-1.0,-1.0,-1.0,-1.0,-1.0,-1.0,-1.0,-1.0,-1.0,-1.0,-1.0,-1.0,-1.0,-1.0,-1.0,-1.0,-1.0,-1.0,-1.0,-1.0,-1.0,-1.0,-1.0,-1.0,-1.0,-1.0,-1.0,-1.0,-1.0,-1.0,-1.0,-1.0,-1.0,-1.0,-1.0,-1.0,-1.0,-1.0,-1.0,-1.0,-1.0,-1.0,-1.0,-1.0,-1.0,-1.0,-1.0,-1.0,-1.0,-1.0,-1.0,-1.0,-1.0,-1.0,-1.0,-1.0,-1.0,-1.0,-1.0,-1.0,-1.0,-1.0,-1.0,-1.0,-1.0,-1.0,-1.0,-1.0,-1.0,-1.0,-1.0,-1.0,-1.0,-1.0,-1.0,-1.0,-1.0,-1.0,-1.0,-1.0,-1.0,-1.0,-1.0,-1.0,-1.0,-1.0,-1.0,-1.0,-1.0,-1.0,-1.0,-1.0,-1.0,-1.0,-1.0,-1.0,-1.0,-1.0,-1.0,-1.0,-1.0,-1.0,-1.0,-1.0,-1.0,-1.0,-1.0,-1.0,-1.0,-1.0,-1.0,-1.0,-1.0,-1.0,-1.0,-1.0,-1.0,-1.0,-1.0,-1.0,-1.0,-1.0,-1.0,-1.0,-1.0,-1.0,-1.0,-1.0,-1.0,-1.0,-1.0,-1.0,-1.0,-1.0,-1.0,-1.0,-1.0,-1.0,-1.0,-1.0,-1.0,-1.0,-1.0,-1.0,-1.0,-1.0,-1.0,-1.0,-1.0,-1.0,-1.0,-1.0,-1.0,-1.0,-1.0,-1.0,-1.0,-1.0,-1.0,-1.0,-1.0,-1.0,-1.0,-1.0,-1.0,-1.0,-1.0,-1.0,-1.0,-1.0,-1.0,-1.0,-1.0,-1.0,-1.0,-1.0,-1.0,-1.0,-1.0,-1.0,-1.0,-1.0,-1.0,-1.0,-1.0,-1.0,-1.0,-1.0,-1.0,-1.0,-1.0,-1.0,-1.0,-1.0,-1.0,-1.0,-1.0,-1.0,-1.0,-1.0,-1.0,-1.0,-1.0,-1.0,-1.0,-1.0,-1.0,-1.0,-1.0,-1.0,-1.0,-1.0,-1.0,-1.0,-1.0,-1.0,-1.0,-1.0,-1.0,-1.0,-1.0,-1.0,-1.0,-1.0,-1.0,-1.0,-1.0,-1.0,-1.0,-1.0,-1.0,-1.0,-1.0,-1.0,-1.0,-1.0,-1.0,-1.0,-1.0,-1.0,-1.0,-1.0,-1.0,-1.0,-1.0,-1.0,-1.0,-1.0,-1.0,-1.0,-1.0,-1.0,-1.0,-1.0,-1.0,-1.0,-1.0,-1.0,-1.0,-1.0,-1.0,-1.0,-1.0,-1.0,-1.0,-1.0,-1.0,-1.0,-1.0,-1.0,-1.0,-1.0,-1.0,-1.0,-1.0,-1.0,-1.0,-1.0,-1.0,-1.0,-1.0,-1.0,-1.0,-1.0,-1.0,-1.0,-1.0,-1.0,-1.0,-1.0,-1.0,-1.0,-1.0,-1.0,-1.0,-1.0,-1.0,-1.0,-1.0,-1.0,-1.0,-1.0,-1.0,-1.0,-1.0,-1.0,-1.0,-1.0,-1.0,-1.0,-1.0,-1.0,-1.0,-1.0,-1.0,-1.0,-1.0,-1.0,-1.0,-1.0,-1.0,-1.0,-1.0,-1.0,-1.0,-1.0,-1.0,-1.0,-1.0,-1.0,-1.0,-1.0,-1.0,-1.0,-1.0,-1.0,-1.0,-1.0,-1.0,-1.0,-1.0,-1.0,-1.0,-1.0,-1.0,-1.0,-1.0,-1.0,-1.0,-1.0,-1.0,-1.0,-1.0,-1.0,-1.0,-1.0,-1.0,-1.0,-1.0,-1.0,-1.0,-1.0,-1.0,-1.0,-1.0,-1.0,-1.0,-1.0,-1.0,-1.0
-1.0,-1.0,-1.0,-1.0,-1.0,-1.0,-1.0,-1.0,-1.0,-1.0,-1.0,-1.0,-1.0,-1.0,-1.0,-1.0,-1.0,-1.0,-1.0,-1.0,-1.0,-1.0,-1.0,-1.0,-1.0,-1.0,-1.0,-1.0,-1.0,-1.0,-1.0,-1.0,-1.0,-1.0,-1.0,-1.0,-1.0,-1.0,-1.0,-1.0,-1.0,-1.0,-1.0,-1.0,-1.0,-1.0,-1.0,-1.0,-1.0,-1.0,-1.0,-1.0,-1.0,-1.0,-1.0,-1.0,-1.0,-1.0,-1.0,-1.0,-1.0,-1.0,-1.0,-1.0,-1.0,-1.0,-1.0,-1.0,-1.0,-1.0,-1.0,-1.0,-1.0,-1.0,-1.0,-1.0,-1.0,-1.0,-1.0,-1.0,-1.0,-1.0,-1.0,-1.0,-1.0,-1.0,-1.0,-1.0,-1.0,-1.0,-1.0,-1.0,-1.0,-1.0,-1.0,-1.0,-1.0,-1.0,-1.0,-1.0,-1.0,-1.0,-1.0,-1.0,-1.0,-1.0,-1.0,-1.0,-1.0,-1.0,-1.0,-1.0,-1.0,-1.0,-1.0,-1.0,-1.0,-1.0,-1.0,-1.0,-1.0,-1.0,-1.0,-1.0,-1.0,-1.0,-1.0,-1.0,-1.0,-1.0,-1.0,-1.0,-1.0,-1.0,-1.0,-1.0,-1.0,-1.0,-1.0,-1.0,-1.0,-1.0,-1.0,-1.0,-1.0,-1.0,-1.0,-1.0,-1.0,-1.0,-1.0,-1.0,-1.0,-1.0,-1.0,-1.0,-1.0,-1.0,-1.0,-1.0,-1.0,-1.0,-1.0,-1.0,-1.0,-1.0,-1.0,-1.0,-1.0,-1.0,-1.0,-1.0,-1.0,-1.0,-1.0,-1.0,-1.0,-1.0,-1.0,-1.0,-1.0,-1.0,-1.0,-1.0,-1.0,-1.0,-1.0,-1.0,-1.0,-1.0,-1.0,-1.0,-1.0,-1.0,-1.0,-1.0,-1.0,-1.0,-1.0,-1.0,-1.0,-1.0,-1.0,-1.0,-1.0,-1.0,-1.0,-1.0,-1.0,-1.0,-1.0,-1.0,-1.0,-1.0,-1.0,-1.0,-1.0,-1.0,-1.0,-1.0,-1.0,-1.0,-1.0,-1.0,-1.0,-1.0,-1.0,-1.0,-1.0,-1.0,-1.0,-1.0,-1.0,-1.0,-1.0,-1.0,-1.0,-1.0,-1.0,-1.0,-1.0,-1.0,-1.0,-1.0,-1.0,-1.0,-1.0,-1.0,-1.0,-1.0,-1.0,-1.0,-1.0,-1.0,-1.0,-1.0,-1.0,-1.0,-1.0,-1.0,-1.0,-1.0,-1.0,-1.0,-1.0,-1.0,-1.0,-1.0,-1.0,-1.0,-1.0,-1.0,-1.0,-1.0,-1.0,-1.0,-1.0,-1.0,-1.0,-1.0,-1.0,-1.0,-1.0,-1.0,-1.0,-1.0,-1.0,-1.0,-1.0,-1.0,-1.0,-1.0,-1.0,-1.0,-1.0,-1.0,-1.0,-1.0,-1.0,-1.0,-1.0,-1.0,-1.0,-1.0,-1.0,-1.0,-1.0,-1.0,-1.0,-1.0,-1.0,-1.0,-1.0,-1.0,-1.0,-1.0,-1.0,-1.0,-1.0,-1.0,-1.0,-1.0,-1.0,-1.0,-1.0,-1.0,-1.0,-1.0,-1.0,-1.0,-1.0,-1.0,-1.0,-1.0,-1.0,-1.0,-1.0,-1.0,-1.0,-1.0,-1.0,-1.0,-1.0,-1.0,-1.0,-1.0,-1.0,-1.0,-1.0,-1.0,-1.0,-1.0,-1.0,-1.0,-1.0,-1.0,-1.0,-1.0,-1.0,-1.0,-1.0,-1.0,-1.0,-1.0,-1.0,-1.0,-1.0,-1.0,-1.0,-1.0,-1.0,-1.0,-1.0,-1.0,-1.0,-1.0,-1.0,-1.0,-1.0,-1.0,-1.0,-1.0,-1.0,-1.0,-1.0,-1.0,-1.0,-1.0,-1.0,-1.0,-1.0,-1.0,-1.0,-1.0,-1.0,-1.0,-1.0,-1.0,-1.0,-1.0,-1.0,-1.0,-1.0,-1.0,-1.0,-1.0,-1.0,-1.0,-1.0,-1.0,-1.0,-1.0,-1.0,-1.0,-1.0,-1.0,-1.0,-1.0,-1.0,-1.0,-1.0,-1.0,-1.0,-1.0,-1.0,-1.0,-1.0,-1.0,-1.0,-1.0,-1.0,-1.0,-1.0,-1.0,-1.0,-1.0,-1.0,-1.0,-1.0,-1.0,-1.0,-1.0,-1.0,-1.0,-1.0,-1.0,-1.0,-1.0,-1.0,-1.0,-1.0,-1.0,-1.0,-1.0,-1.0,-1.0,-1.0,-1.0,-1.0,-1.0,-1.0,-1.0,-1.0,-1.0,-1.0,-1.0,-1.0,-1.0,-1.0,-1.0,-1.0,-1.0,-1.0,-1.0,-1.0,-1.0,-1.0,-1.0,-1.0,-1.0,-1.0,-1.0,-1.0,-1.0,-1.0,-1.0,-1.0,-1.0,-1.0,-1.0,-1.0,-1.0,-1.0,-1.0,-1.0,-1.0,-1.0,-1.0,-1.0,-1.0,-1.0,-1.0,-1.0,-1.0,-1.0,-1.0,-1.0,-1.0,-1.0,-1.0,-1.0,-1.0,-1.0,-1.0,-1.0,-1.0,-1.0,-1.0,-1.0,-1.0,-1.0,-1.0,-1.0,-1.0,-1.0,-1.0,-1.0,-1.0,-1.0,-1.0,-1.0,-1.0,-1.0,-1.0,-1.0,-1.0,-1.0,-1.0,-1.0,-1.0,-1.0,-1.0,-1.0,-1.0,-1.0,-1.0,-1.0,-1.0,-1.0,-1.0,-1.0,-1.0,-1.0,-1.0,-1.0,-1.0,-1.0,-1.0,-1.0,-1.0,-1.0,-1.0,-1.0,-1.0,-1.0,-1.0,-1.0,-1.0,-1.0,-1.0,-1.0,-1.0,-1.0,-1.0,-1.0,-1.0,-1.0,-1.0,-1.0,-1.0,-1.0,-1.0,-1.0,-1.0,-1.0,-1.0,-1.0,-1.0,-1.0,-1.0,-1.0,-1.0,-1.0,-1.0,-1.0,-1.0,-1.0,-1.0,-1.0,-1.0,-1.0,-1.0,-1.0,-1.0,-1.0,-1.0,-1.0,-1.0,-1.0,-1.0,-1.0,-1.0,-1.0,-1.0,-1.0,-1.0,-1.0,-1.0,-1.0,-1.0,-1.0,-1.0,-1.0,-1.0,-1.0,-1.0,-1.0,-1.0,-1.0,-1.0,-1.0,-1.0,-1.0,-1.0,-1.0,-1.0,-1.0,-1.0,-1.0,-1.0,-1.0,-1.0,-1.0,-1.0,-1.0,-1.0,-1.0,-1.0,-1.0,-1.0,-1.0,-1.0,-1.0,-1.0,-1.0,-1.0,-1.0,-1.0,-1.0,-1.0,-1.0,-1.0,-1.0,-1.0,-1.0,-1.0,-1.0,-1.0,-1.0,-1.0,-1.0,-1.0,-1.0,-1.0,-1.0,-1.0,-1.0,-1.0,-1.0,-1.0,-1.0,-1.0,-1.0,-1.0,-1.0,-1.0,-1.0,-1.0,-1.0,-1.0,-1.0,-1.0,-1.0,-1.0,-1.0,-1.0,-1.0,-1.0,-1.0,-1.0,-1.0,-1.0,-1.0,-1.0,-1.0,-1.0,-1.0,-1.0,-1.0,-1.0,-1.0,-1.0,-1.0,-1.0,-1.0,-1.0,-1.0,-1.0,-1.0,-1.0,-1.0
-1.0,-1.0,1.0,1.0,-1.0,-1.0,-1.0,1.0,-1.0,-1.0,-1.0,-1.0,-1.0,-1.0,-1.0,-1.0,-1.0,-1.0,-1.0,-1.0,-1.0,-1.0,-1.0,-1.0,-1.0,-1.0,-1.0,-1.0,-1.0,-1.0,-1.0,-1.0,-1.0,-1.0,-1.0,-1.0,-1.0,-1.0,-1.0,-1.0,-1.0,-1.0,-1.0,-1.0,-1.0,-1.0,-1.0,-1.0,-1.0,-1.0,-1.0,-1.0,-1.0,-1.0,-1.0,-1.0,-1.0,-1.0,-1.0,-1.0,-1.0,-1.0,-1.0,-1.0,-1.0,-1.0,-1.0,-1.0,-1.0,-1.0,-1.0,-1.0,-1.0,-1.0,-1.0,-1.0,-1.0,-1.0,-1.0,-1.0,-1.0,-1.0,-1.0,-1.0,-1.0,-1.0,-1.0,-1.0,-1.0,-1.0,-1.0,-1.0,-1.0,-1.0,-1.0,-1.0,-1.0,-1.0,-1.0,-1.0,-1.0,-1.0,-1.0,-1.0,-1.0,-1.0,-1.0,-1.0,-1.0,-1.0,-1.0,-1.0,-1.0,-1.0,-1.0,-1.0,-1.0,-1.0,-1.0,-1.0,-1.0,-1.0,-1.0,1.0,1.0,-1.0,-1.0,-1.0,1.0,-1.0,-1.0,-1.0,-1.0,-1.0,-1.0,-1.0,-1.0,-1.0,-1.0,-1.0,-1.0,-1.0,-1.0,-1.0,-1.0,-1.0,-1.0,-1.0,-1.0,-1.0,-1.0,-1.0,-1.0,-1.0,-1.0,-1.0,-1.0,-1.0,-1.0,-1.0,-1.0,-1.0,-1.0,-1.0,-1.0,-1.0,-1.0,-1.0,-1.0,-1.0,-1.0,-1.0,-1.0,-1.0,-1.0,-1.0,-1.0,-1.0,-1.0,-1.0,-1.0,-1.0,-1.0,-1.0,-1.0,-1.0,-1.0,-1.0,-1.0,1.0,-1.0,-1.0,-1.0,-1.0,-1.0,-1.0,-1.0,-1.0,-1.0,-1.0,-1.0,-1.0,-1.0,1.0,-1.0,-1.0,-1.0,-1.0,-1.0,-1.0,-1.0,-1.0,-1.0,-1.0,-1.0,-1.0,-1.0,-1.0,-1.0,-1.0,-1.0,-1.0,-1.0,-1.0,-1.0,-1.0,-1.0,-1.0,-1.0,-1.0,-1.0,-1.0,-1.0,-1.0,-1.0,-1.0,-1.0,-1.0,-1.0,-1.0,-1.0,-1.0,-1.0,-1.0,-1.0,-1.0,-1.0,-1.0,-1.0,-1.0,-1.0,-1.0,1.0,-1.0,-1.0,-1.0,-1.0,-1.0,-1.0,-1.0,-1.0,-1.0,-1.0,-1.0,-1.0,-1.0,-1.0,-1.0,-1.0,-1.0,-1.0,-1.0,-1.0,-1.0,-1.0,-1.0,-1.0,-1.0,-1.0,-1.0,-1.0,-1.0,-1.0,-1.0,-1.0,-1.0,-1.0,-1.0,-1.0,-1.0,-1.0,-1.0,1.0,-1.0,-1.0,-1.0,-1.0,-1.0,-1.0,1.0,-1.0,-1.0,-1.0,-1.0,-1.0,-1.0,-1.0,-1.0,-1.0,-1.0,-1.0,-1.0,-1.0,-1.0,-1.0,-1.0,-1.0,-1.0,-1.0,-1.0,-1.0,-1.0,-1.0,-1.0,-1.0,-1.0,-1.0,-1.0,-1.0,-1.0,-1.0,-1.0,-1.0,-1.0,-1.0,-1.0,-1.0,-1.0,-1.0,-1.0,-1.0,-1.0,-1.0,-1.0,-1.0,-1.0,-1.0,-1.0,-1.0,-1.0,-1.0,-1.0,-1.0,-1.0,-1.0,-1.0,-1.0,-1.0,-1.0,-1.0,-1.0,-1.0,-1.0,-1.0,-1.0,-1.0,-1.0,-1.0,-1.0,-1.0,-1.0,-1.0,-1.0,-1.0,-1.0,-1.0,-1.0,-1.0,-1.0,1.0,-1.0,-1.0,-1.0,-1.0,-1.0,-1.0,-1.0,-1.0,-1.0,-1.0,-1.0,-1.0,-1.0,-1.0,-1.0,1.0,-1.0,-1.0,-1.0,-1.0,-1.0,-1.0,-1.0,-1.0,-1.0,-1.0,-1.0,-1.0,-1.0,-1.0,-1.0,-1.0,-1.0,-1.0,-1.0,-1.0,-1.0,1.0,-1.0,-1.0,-1.0,-1.0,-1.0,-1.0,-1.0,-1.0,-1.0,-1.0,-1.0,-1.0,-1.0,-1.0,-1.0,-1.0,-1.0,-1.0,-1.0,-1.0,-1.0,-1.0,-1.0,-1.0,-1.0,-1.0,-1.0,-1.0,-1.0,-1.0,-1.0,-1.0,-1.0,-1.0,1.0,-1.0,-1.0,-1.0,-1.0,-1.0,-1.0,-1.0,-1.0,-1.0,-1.0,-1.0,-1.0,-1.0,-1.0,-1.0,-1.0,-1.0,-1.0,-1.0,-1.0,-1.0,-1.0,-1.0,-1.0,-1.0,-1.0,-1.0,-1.0,-1.0,-1.0,-1.0,-1.0,-1.0,-1.0,-1.0,-1.0,-1.0,-1.0,-1.0,-1.0,-1.0,-1.0,-1.0,-1.0,-1.0,-1.0,-1.0,-1.0,-1.0,-1.0,-1.0,-1.0,-1.0,-1.0,-1.0,-1.0,-1.0,-1.0,-1.0,-1.0,-1.0,-1.0,-1.0,-1.0,-1.0,1.0,-1.0,-1.0,-1.0,-1.0,-1.0,-1.0,-1.0,-1.0,-1.0,-1.0,-1.0,-1.0,-1.0,-1.0,-1.0,-1.0,-1.0,-1.0,-1.0,-1.0,-1.0,-1.0,-1.0,-1.0,-1.0,-1.0,-1.0,-1.0,-1.0,-1.0,-1.0,-1.0,-1.0,-1.0,-1.0,-1.0,-1.0,-1.0,-1.0,-1.0,-1.0,-1.0,-1.0,-1.0,-1.0,-1.0,-1.0,-1.0,-1.0,-1.0,-1.0,1.0,-1.0,-1.0,-1.0,-1.0,-1.0,-1.0,1.0,-1.0,-1.0,-1.0,-1.0,-1.0,-1.0,-1.0,-1.0,-1.0,-1.0,-1.0,-1.0,-1.0,-1.0,-1.0,-1.0,-1.0,-1.0,-1.0,-1.0,-1.0,-1.0,1.0,-1.0,-1.0,-1.0,-1.0,-1.0,-1.0,-1.0,-1.0,-1.0,-1.0,-1.0,-1.0,-1.0,-1.0,-1.0,-1.0,-1.0,-1.0,-1.0,-1.0,-1.0,-1.0,-1.0,-1.0,-1.0,-1.0,-1.0,-1.0,-1.0,-1.0,-1.0,-1.0,-1.0,-1.0,-1.0,-1.0,1.0,-1.0,-1.0,-1.0,-1.0,-1.0,-1.0,-1.0,-1.0,-1.0,-1.0,-1.0,-1.0,-1.0,-1.0,-1.0,-1.0,-1.0,-1.0,1.0,1.0,-1.0,-1.0,-1.0,-1.0,-1.0,-1.0,-1.0,1.0,1.0,-1.0,-1.0,-1.0,-1.0,-1.0,-1.0,-1.0,-1.0,-1.0,-1.0,-1.0,-1.0,-1.0,-1.0,-1.0,-1.0,-1.0,1.0,-1.0,-1.0,-1.0,-1.0,-1.0,-1.0,-1.0,-1.0,-1.0,-1.0,-1.0,-1.0,-1.0,-1.0,-1.0,-1.0,-1.0,-1.0,-1.0,-1.0,-1.0,-1.0,-1.0,-1.0,-1.0,-1.0,-1.0,-1.0,-1.0,1.0,1.0,-1.0,-1.0,-1.0,1.0,1.0
-1.0,-1.0,-1.0,-1.0,-1.0,-1.0,-1.0,-1.0,-1.0,-1.0,-1.0,-1.0,-1.0,-1.0,-1.0,-1.0,-1.0,-1.0,-1.0,-1.0,-1.0,-1.0,-1.0,-1.0,-1.0,-1.0,-1.0,-1.0,-1.0,-1.0,-1.0,-1.0,-1.0,-1.0,-1.0,-1.0,-1.0,-1.0,-1.0,-1.0,-1.0,-1.0,-1.0,-1.0,-1.0,-1.0,-1.0,-1.0,-1.0,-1.0,-1.0,-1.0,-1.0,-1.0,-1.0,-1.0,-1.0,-1.0,-1.0,-1.0,-1.0,-1.0,-1.0,-1.0,-1.0,-1.0,-1.0,-1.0,-1.0,-1.0,-1.0,-1.0,-1.0,-1.0,-1.0,-1.0,-1.0,-1.0,-1.0,-1.0,-1.0,-1.0,-1.0,-1.0,-1.0,-1.0,-1.0,-1.0,-1.0,-1.0,-1.0,-1.0,-1.0,-1.0,-1.0,-1.0,-1.0,-1.0,-1.0,-1.0,-1.0,-1.0,-1.0,-1.0,-1.0,-1.0,-1.0,-1.0,-1.0,-1.0,-1.0,-1.0,-1.0,-1.0,-1.0,-1.0,-1.0,-1.0,-1.0,-1.0,-1.0,-1.0,-1.0,-1.0,-1.0,-1.0,-1.0,-1.0,-1.0,-1.0,-1.0,-1.0,-1.0,-1.0,-1.0,-1.0,-1.0,-1.0,-1.0,-1.0,-1.0,-1.0,-1.0,-1.0,-1.0,-1.0,-1.0,-1.0,-1.0,-1.0,-1.0,-1.0,-1.0,-1.0,-1.0,-1.0,-1.0,-1.0,-1.0,-1.0,-1.0,-1.0,-1.0,-1.0,-1.0,-1.0,-1.0,-1.0,-1.0,-1.0,-1.0,-1.0,-1.0,-1.0,-1.0,-1.0,-1.0,-1.0,-1.0,-1.0,-1.0,-1.0,-1.0,-1.0,-1.0,-1.0,-1.0,-1.0,-1.0,-1.0,-1.0,-1.0,-1.0,-1.0,-1.0,-1.0,-1.0,-1.0,-1.0,-1.0,-1.0,-1.0,-1.0,-1.0,-1.0,-1.0,-1.0,-1.0,-1.0,-1.0,-1.0,-1.0,-1.0,-1.0,-1.0,-1.0,-1.0,-1.0,-1.0,-1.0,-1.0,-1.0,-1.0,-1.0,-1.0,-1.0,-1.0,-1.0,-1.0,-1.0,-1.0,-1.0,-1.0,-1.0,-1.0,-1.0,-1.0,-1.0,-1.0,-1.0,-1.0,-1.0,-1.0,-1.0,-1.0,-1.0,-1.0,-1.0,-1.0,-1.0,-1.0,-1.0,-1.0,-1.0,-1.0,-1.0,-1.0,-1.0,-1.0,-1.0,-1.0,-1.0,-1.0,-1.0,-1.0,-1.0,-1.0,-1.0,-1.0,-1.0,-1.0,-1.0,-1.0,-1.0,-1.0,-1.0,-1.0,-1.0,-1.0,-1.0,-1.0,-1.0,-1.0,-1.0,-1.0,-1.0,-1.0,-1.0,-1.0,-1.0,-1.0,-1.0,-1.0,-1.0,-1.0,-1.0,-1.0,-1.0,-1.0,-1.0,-1.0,-1.0,-1.0,-1.0,-1.0,-1.0,-1.0,-1.0,-1.0,-1.0,-1.0,-1.0,-1.0,-1.0,-1.0,-1.0,-1.0,-1.0,-1.0,-1.0,-1.0,-1.0,-1.0,-1.0,-1.0,-1.0,-1.0,-1.0,-1.0,-1.0,-1.0,-1.0,-1.0,-1.0,-1.0,-1.0,-1.0,-1.0,-1.0,-1.0,-1.0,-1.0,-1.0,-1.0,-1.0,-1.0,-1.0,-1.0,-1.0,-1.0,-1.0,-1.0,-1.0,-1.0,-1.0,-1.0,-1.0,-1.0,-1.0,-1.0,-1.0,-1.0,-1.0,-1.0,-1.0,-1.0,-1.0,-1.0,-1.0,-1.0,-1.0,-1.0,-1.0,-1.0,-1.0,-1.0,-1.0,-1.0,-1.0,-1.0,-1.0,-1.0,-1.0,-1.0,-1.0,-1.0,-1.0,-1.0,-1.0,-1.0,-1.0,-1.0,-1.0,-1.0,-1.0,-1.0,-1.0,-1.0,-1.0,-1.0,-1.0,-1.0,-1.0,-1.0,-1.0,-1.0,-1.0,-1.0,-1.0,-1.0,-1.0,-1.0,-1.0,-1.0,-1.0,-1.0,-1.0,-1.0,-1.0,-1.0,-1.0,-1.0,-1.0,-1.0,-1.0,-1.0,-1.0,-1.0,-1.0,-1.0,-1.0,-1.0,-1.0,-1.0,-1.0,-1.0,-1.0,-1.0,-1.0,-1.0,-1.0,-1.0,-1.0,-1.0,-1.0,-1.0,-1.0,-1.0,-1.0,-1.0,-1.0,-1.0,-1.0,-1.0,-1.0,-1.0,-1.0,-1.0,-1.0,-1.0,-1.0,-1.0,-1.0,-1.0,-1.0,-1.0,-1.0,-1.0,-1.0,-1.0,-1.0,-1.0,-1.0,-1.0,-1.0,-1.0,-1.0,-1.0,-1.0,-1.0,-1.0,-1.0,-1.0,-1.0,-1.0,-1.0,-1.0,-1.0,-1.0,-1.0,-1.0,-1.0,-1.0,-1.0,-1.0,-1.0,-1.0,-1.0,-1.0,-1.0,-1.0,-1.0,-1.0,-1.0,-1.0,-1.0,-1.0,-1.0,-1.0,-1.0,-1.0,-1.0,-1.0,-1.0,-1.0,-1.0,-1.0,-1.0,-1.0,-1.0,-1.0,-1.0,-1.0,-1.0,-1.0,-1.0,-1.0,-1.0,-1.0,-1.0,-1.0,-1.0,-1.0,-1.0,-1.0,-1.0,-1.0,-1.0,-1.0,-1.0,-1.0,-1.0,-1.0,-1.0,-1.0,-1.0,-1.0,-1.0,-1.0,-1.0,-1.0,-1.0,-1.0,-1.0,-1.0,-1.0,-1.0,-1.0,-1.0,-1.0,-1.0,-1.0,-1.0,-1.0,-1.0,-1.0,-1.0,-1.0,-1.0,-1.0,-1.0,-1.0,-1.0,-1.0,-1.0,-1.0,-1.0,-1.0,-1.0,-1.0,-1.0,-1.0,-1.0,-1.0,-1.0,-1.0,-1.0,-1.0,-1.0,-1.0,-1.0,-1.0,-1.0,-1.0,-1.0,-1.0,-1.0,-1.0,-1.0,-1.0,-1.0,-1.0,-1.0,-1.0,-1.0,-1.0,-1.0,-1.0,-1.0,-1.0,-1.0,-1.0,-1.0,-1.0,-1.0,-1.0,-1.0,-1.0,-1.0,-1.0,-1.0,-1.0,-1.0,-1.0,-1.0,-1.0,-1.0,-1.0,-1.0,-1.0,-1.0,-1.0,-1.0,-1.0,-1.0,-1.0,-1.0,-1.0,-1.0,-1.0,-1.0,-1.0,-1.0,-1.0,-1.0,-1.0,-1.0,-1.0,-1.0,-1.0,-1.0,-1.0,-1.0,-1.0,-1.0,-1.0,-1.0,-1.0,-1.0,-1.0,-1.0,-1.0,-1.0,-1.0,-1.0,-1.0,-1.0,-1.0,-1.0,-1.0,-1.0,-1.0,-1.0,-1.0,-1.0,-1.0,-1.0,-1.0,-1.0,-1.0,-1.0,-1.0,-1.0,-1.0,-1.0,-1.0,-1.0,-1.0,-1.0,-1.0,-1.0,-1.0,-1.0,-1.0,-1.0,-1.0,-1.0,-1.0,-1.0,-1.0,-1.0,-1.0,-1.0,-1.0,-1.0,-1.0,-1.0,-1.0,-1.0,-1.0,-1.0,-1.0,-1.0,-1.0,-1.0,-1.0,-1.0,-1.0,-1.0,-1.0,-1.0
-1.0,-1.0,-1.0,-1.0,-1.0,-1.0,-1.0,-1.0,-1.0,-1.0,-1.0,-1.0,-1.0,-1.0,-1.0,-1.0,-1.0,-1.0,-1.0,-1.0,-1.0,-1.0,-1.0,-1.0,-1.0,-1.0,-1.0,-1.0,-1.0,-1.0,-1.0,-1.0,-1.0,-1.0,-1.0,-1.0,-1.0,-1.0,-1.0,-1.0,-1.0,-1.0,-1.0,-1.0,-1.0,-1.0,-1.0,-1.0,-1.0,-1.0,-1.0,-1.0,-1.0,-1.0,-1.0,-1.0,-1.0,-1.0,-1.0,-1.0,-1.0,-1.0,-1.0,-1.0,-1.0,-1.0,-1.0,-1.0,-1.0,-1.0,-1.0,-1.0,-1.0,-1.0,-1.0,-1.0,-1.0,-1.0,-1.0,-1.0,-1.0,-1.0,-1.0,-1.0,-1.0,-1.0,-1.0,-1.0,-1.0,-1.0,-1.0,-1.0,-1.0,-1.0,-1.0,-1.0,-1.0,-1.0,-1.0,-1.0,-1.0,-1.0,-1.0,-1.0,-1.0,-1.0,-1.0,-1.0,-1.0,-1.0,-1.0,-1.0,-1.0,-1.0,-1.0,-1.0,-1.0,-1.0,-1.0,-1.0,-1.0,-1.0,-1.0,-1.0,-1.0,-1.0,-1.0,-1.0,-1.0,-1.0,-1.0,-1.0,-1.0,-1.0,-1.0,-1.0,-1.0,-1.0,-1.0,-1.0,-1.0,-1.0,-1.0,-1.0,-1.0,-1.0,-1.0,-1.0,-1.0,-1.0,-1.0,-1.0,-1.0,-1.0,-1.0,-1.0,-1.0,-1.0,-1.0,-1.0,-1.0,-1.0,-1.0,-1.0,-1.0,-1.0,-1.0,-1.0,-1.0,-1.0,-1.0,-1.0,-1.0,-1.0,-1.0,-1.0,-1.0,-1.0,-1.0,-1.0,-1.0,-1.0,-1.0,-1.0,-1.0,-1.0,-1.0,-1.0,-1.0,-1.0,-1.0,-1.0,-1.0,-1.0,-1.0,-1.0,-1.0,-1.0,-1.0,-1.0,-1.0,-1.0,-1.0,-1.0,-1.0,-1.0,-1.0,-1.0,-1.0,-1.0,-1.0,-1.0,-1.0,-1.0,-1.0,-1.0,-1.0,-1.0,-1.0,-1.0,-1.0,-1.0,-1.0,-1.0,-1.0,-1.0,-1.0,-1.0,-1.0,-1.0,-1.0,-1.0,-1.0,-1.0,-1.0,-1.0,-1.0,-1.0,-1.0,-1.0,-1.0,-1.0,-1.0,-1.0,-1.0,-1.0,-1.0,-1.0,-1.0,-1.0,-1.0,-1.0,-1.0,-1.0,-1.0,-1.0,-1.0,-1.0,-1.0,-1.0,-1.0,-1.0,-1.0,-1.0,-1.0,-1.0,-1.0,-1.0,-1.0,-1.0,-1.0,-1.0,-1.0,-1.0,-1.0,-1.0,-1.0,-1.0,-1.0,-1.0,-1.0,-1.0,-1.0,-1.0,-1.0,-1.0,-1.0,-1.0,-1.0,-1.0,-1.0,-1.0,-1.0,-1.0,-1.0,-1.0,-1.0,-1.0,-1.0,-1.0,-1.0,-1.0,-1.0,-1.0,-1.0,-1.0,-1.0,-1.0,-1.0,-1.0,-1.0,-1.0,-1.0,-1.0,-1.0,-1.0,-1.0,-1.0,-1.0,-1.0,-1.0,-1.0,-1.0,-1.0,-1.0,-1.0,-1.0,-1.0,-1.0,-1.0,-1.0,-1.0,-1.0,-1.0,-1.0,-1.0,-1.0,-1.0,-1.0,-1.0,-1.0,-1.0,-1.0,-1.0,-1.0,-1.0,-1.0,-1.0,-1.0,-1.0,-1.0,-1.0,-1.0,-1.0,-1.0,-1.0,-1.0,-1.0,-1.0,-1.0,-1.0,-1.0,-1.0,-1.0,-1.0,-1.0,-1.0,-1.0,-1.0,-1.0,-1.0,-1.0,-1.0,-1.0,-1.0,-1.0,-1.0,-1.0,-1.0,-1.0,-1.0,-1.0,-1.0,-1.0,-1.0,-1.0,-1.0,-1.0,-1.0,-1.0,-1.0,-1.0,-1.0,-1.0,-1.0,-1.0,-1.0,-1.0,-1.0,-1.0,-1.0,-1.0,-1.0,-1.0,-1.0,-1.0,-1.0,-1.0,-1.0,-1.0,-1.0,-1.0,-1.0,-1.0,-1.0,-1.0,-1.0,-1.0,-1.0,-1.0,-1.0,-1.0,-1.0,-1.0,-1.0,-1.0,-1.0,-1.0,-1.0,-1.0,-1.0,-1.0,-1.0,-1.0,-1.0,-1.0,-1.0,-1.0,-1.0,-1.0,-1.0,-1.0,-1.0,-1.0,-1.0,-1.0,-1.0,-1.0,-1.0,-1.0,-1.0,-1.0,-1.0,-1.0,-1.0,-1.0,-1.0,-1.0,-1.0,-1.0,-1.0,-1.0,-1.0,-1.0,-1.0,-1.0,-1.0,-1.0,-1.0,-1.0,-1.0,-1.0,-1.0,-1.0,-1.0,-1.0,-1.0,-1.0,-1.0,-1.0,-1.0,-1.0,-1.0,-1.0,-1.0,-1.0,-1.0,-1.0,-1.0,-1.0,-1.0,-1.0,-1.0,-1.0,-1.0,-1.0,-1.0,-1.0,-1.0,-1.0,-1.0,-1.0,-1.0,-1.0,-1.0,-1.0,-1.0,-1.0,-1.0,-1.0,-1.0,-1.0,-1.0,-1.0,-1.0,-1.0,-1.0,-1.0,-1.0,-1.0,-1.0,-1.0,-1.0,-1.0,-1.0,-1.0,-1.0,-1.0,-1.0,-1.0,-1.0,-1.0,-1.0,-1.0,-1.0,-1.0,-1.0,-1.0,-1.0,-1.0,-1.0,-1.0,-1.0,-1.0,-1.0,-1.0,-1.0,-1.0,-1.0,-1.0,-1.0,-1.0,-1.0,-1.0,-1.0,-1.0,-1.0,-1.0,-1.0,-1.0,-1.0,-1.0,-1.0,-1.0,-1.0,-1.0,-1.0,-1.0,-1.0,-1.0,-1.0,-1.0,-1.0,-1.0,-1.0,-1.0,-1.0,-1.0,-1.0,-1.0,-1.0,-1.0,-1.0,-1.0,-1.0,-1.0,-1.0,-1.0,-1.0,-1.0,-1.0,-1.0,-1.0,-1.0,-1.0,-1.0,-1.0,-1.0,-1.0,-1.0,-1.0,-1.0,-1.0,-1.0,-1.0,-1.0,-1.0,-1.0,-1.0,-1.0,-1.0,-1.0,-1.0,-1.0,-1.0,-1.0,-1.0,-1.0,-1.0,-1.0,-1.0,-1.0,-1.0,-1.0,-1.0,-1.0,-1.0,-1.0,-1.0,-1.0,-1.0,-1.0,-1.0,-1.0,-1.0,-1.0,-1.0,-1.0,-1.0,-1.0,-1.0,-1.0,-1.0,-1.0,-1.0,-1.0,-1.0,-1.0,-1.0,-1.0,-1.0,-1.0,-1.0,-1.0,-1.0,-1.0,-1.0,-1.0,-1.0,-1.0,-1.0,-1.0,-1.0,-1.0,-1.0,-1.0,-1.0,-1.0,-1.0,-1.0,-1.0,-1.0,-1.0,-1.0,-1.0,-1.0,-1.0,-1.0,-1.0,-1.0,-1.0,-1.0,-1.0,-1.0,-1.0,-1.0,-1.0,-1.0,-1.0,-1.0,-1.0,-1.0,-1.0,-1.0,-1.0,-1.0,-1.0,-1.0,-1.0,-1.0,-1.0,-1.0,-1.0,-1.0,-1.0,-1.0,-1.0,-1.0,-1.0,-1.0,-1.0,-1.0,-1.0,-1.0,-1.0,-1.0,-1.0,-1.0,-1.0,-1.0,-1.0
-1.0,-1.0,-1.0,-1.0,-1.0,-1.0,-1.0,-1.0,-1.0,-1.0,-1.0,-1.0,-1.0,-1.0,-1.0,-1.0,-1.0,-1.0,-1.0,-1.0,-1.0,-1.0,-1.0,-1.0,-1.0,-1.0,-1.0,-1.0,-1.0,-1.0,-1.0,-1.0,-1.0,-1.0,-1.0,-1.0,-1.0,-1.0,-1.0,-1.0,-1.0,-1.0,-1.0,-1.0,-1.0,-1.0,-1.0,-1.0,-1.0,-1.0,-1.0,-1.0,-1.0,-1.0,-1.0,-1.0,-1.0,-1.0,-1.0,-1.0,-1.0,-1.0,-1.0,-1.0,-1.0,-1.0,-1.0,-1.0,-1.0,-1.0,-1.0,-1.0,-1.0,-1.0,-1.0,-1.0,-1.0,-1.0,-1.0,-1.0,-1.0,-1.0,-1.0,-1.0,-1.0,-1.0,-1.0,-1.0,-1.0,-1.0,-1.0,-1.0,-1.0,-1.0,-1.0,-1.0,-1.0,-1.0,-1.0,-1.0,-1.0,-1.0,-1.0,-1.0,-1.0,-1.0,-1.0,-1.0,-1.0,-1.0,-1.0,-1.0,-1.0,-1.0,-1.0,-1.0,-1.0,-1.0,-1.0,-1.0,-1.0,-1.0,-1.0,-1.0,-1.0,-1.0,-1.0,-1.0,-1.0,-1.0,-1.0,-1.0,-1.0,-1.0,-1.0,-1.0,-1.0,-1.0,-1.0,-1.0,-1.0,-1.0,-1.0,-1.0,-1.0,-1.0,-1.0,-1.0,-1.0,-1.0,-1.0,-1.0,-1.0,-1.0,-1.0,-1.0,-1.0,-1.0,-1.0,-1.0,-1.0,-1.0,-1.0,-1.0,-1.0,-1.0,-1.0,-1.0,-1.0,-1.0,-1.0,-1.0,-1.0,-1.0,-1.0,-1.0,-1.0,-1.0,-1.0,-1.0,-1.0,-1.0,-1.0,-1.0,-1.0,-1.0,-1.0,-1.0,-1.0,-1.0,-1.0,-1.0,-1.0,-1.0,-1.0,-1.0,-1.0,-1.0,-1.0,-1.0,-1.0,-1.0,-1.0,-1.0,-1.0,-1.0,-1.0,-1.0,-1.0,-1.0,-1.0,-1.0,-1.0,-1.0,-1.0,-1.0,-1.0,-1.0,-1.0,-1.0,-1.0,-1.0,-1.0,-1.0,-1.0,-1.0,-1.0,-1.0,-1.0,-1.0,-1.0,-1.0,-1.0,-1.0,-1.0,-1.0,-1.0,-1.0,-1.0,-1.0,-1.0,-1.0,-1.0,-1.0,-1.0,-1.0,-1.0,-1.0,-1.0,-1.0,-1.0,-1.0,-1.0,-1.0,-1.0,-1.0,-1.0,-1.0,-1.0,-1.0,-1.0,-1.0,-1.0,-1.0,-1.0,-1.0,-1.0,-1.0,-1.0,-1.0,-1.0,-1.0,-1.0,-1.0,-1.0,-1.0,-1.0,-1.0,-1.0,-1.0,-1.0,-1.0,-1.0,-1.0,-1.0,-1.0,-1.0,-1.0,-1.0,-1.0,-1.0,-1.0,-1.0,-1.0,-1.0,-1.0,-1.0,-1.0,-1.0,-1.0,-1.0,-1.0,-1.0,-1.0,-1.0,-1.0,-1.0,-1.0,-1.0,-1.0,-1.0,-1.0,-1.0,-1.0,-1.0,-1.0,-1.0,-1.0,-1.0,-1.0,-1.0,-1.0,-1.0,-1.0,-1.0,-1.0,-1.0,-1.0,-1.0,-1.0,-1.0,-1.0,-1.0,-1.0,-1.0,-1.0,-1.0,-1.0,-1.0,-1.0,-1.0,-1.0,-1.0,-1.0,-1.0,-1.0,-1.0,-1.0,-1.0,-1.0,-1.0,-1.0,-1.0,-1.0,-1.0,-1.0,-1.0,-1.0,-1.0,-1.0,-1.0,-1.0,-1.0,-1.0,-1.0,-1.0,-1.0,-1.0,-1.0,-1.0,-1.0,-1.0,-1.0,-1.0,-1.0,-1.0,-1.0,-1.0,-1.0,-1.0,-1.0,-1.0,-1.0,-1.0,-1.0,-1.0,-1.0,-1.0,-1.0,-1.0,-1.0,-1.0,-1.0,-1.0,-1.0,-1.0,-1.0,-1.0,-1.0,-1.0,-1.0,-1.0,-1.0,-1.0,-1.0,-1.0,-1.0,-1.0,-1.0,-1.0,-1.0,-1.0,-1.0,-1.0,-1.0,-1.0,-1.0,-1.0,-1.0,-1.0,-1.0,-1.0,-1.0,-1.0,-1.0,-1.0,-1.0,-1.0,-1.0,-1.0,-1.0,-1.0,-1.0,-1.0,-1.0,-1.0,-1.0,-1.0,-1.0,-1.0,-1.0,-1.0,-1.0,-1.0,-1.0,-1.0,-1.0,-1.0,-1.0,-1.0,-1.0,-1.0,-1.0,-1.0,-1.0,-1.0,-1.0,-1.0,-1.0,-1.0,-1.0,-1.0,-1.0,-1.0,-1.0,-1.0,-1.0,-1.0,-1.0,-1.0,-1.0,-1.0,-1.0,-1.0,-1.0,-1.0,-1.0,-1.0,-1.0,-1.0,-1.0,-1.0,-1.0,-1.0,-1.0,-1.0,-1.0,-1.0,-1.0,-1.0,-1.0,-1.0,-1.0,-1.0,-1.0,-1.0,-1.0,-1.0,-1.0,-1.0,-1.0,-1.0,-1.0,-1.0,-1.0,-1.0,-1.0,-1.0,-1.0,-1.0,-1.0,-1.0,-1.0,-1.0,-1.0,-1.0,-1.0,-1.0,-1.0,-1.0,-1.0,-1.0,-1.0,-1.0,-1.0,-1.0,-1.0,-1.0,-1.0,-1.0,-1.0,-1.0,-1.0,-1.0,-1.0,-1.0,-1.0,-1.0,-1.0,-1.0,-1.0,-1.0,-1.0,-1.0,-1.0,-1.0,-1.0,-1.0,-1.0,-1.0,-1.0,-1.0,-1.0,-1.0,-1.0,-1.0,-1.0,-1.0,-1.0,-1.0,-1.0,-1.0,-1.0,-1.0,-1.0,-1.0,-1.0,-1.0,-1.0,-1.0,-1.0,-1.0,-1.0,-1.0,-1.0,-1.0,-1.0,-1.0,-1.0,-1.0,-1.0,-1.0,-1.0,-1.0,-1.0,-1.0,-1.0,-1.0,-1.0,-1.0,-1.0,-1.0,-1.0,-1.0,-1.0,-1.0,-1.0,-1.0,-1.0,-1.0,-1.0,-1.0,-1.0,-1.0,-1.0,-1.0,-1.0,-1.0,-1.0,-1.0,-1.0,-1.0,-1.0,-1.0,-1.0,-1.0,-1.0,-1.0,-1.0,-1.0,-1.0,-1.0,-1.0,-1.0,-1.0,-1.0,-1.0,-1.0,-1.0,-1.0,-1.0,-1.0,-1.0,-1.0,-1.0,-1.0,-1.0,-1.0,-1.0,-1.0,-1.0,-1.0,-1.0,-1.0,-1.0,-1.0,-1.0,-1.0,-1.0,-1.0,-1.0,-1.0,-1.0,-1.0,-1.0,-1.0,-1.0,-1.0,-1.0,-1.0,-1.0,-1.0,-1.0,-1.0,-1.0,-1.0,-1.0,-1.0,-1.0,-1.0,-1.0,-1.0,-1.0,-1.0,-1.0,-1.0,-1.0,-1.0,-1.0,-1.0,-1.0,-1.0,-1.0,-1.0,-1.0,-1.0,-1.0,-1.0,-1.0,-1.0,-1.0,-1.0,-1.0,-1.0,-1.0,-1.0,-1.0,-1.0,-1.0,-1.0,-1.0,-1.0,-1.0,-1.0,-1.0,-1.0,-1.0,-1.0,-1.0,-1.0,-1.0,-1.0,-1.0,-1.0,-1.0,-1.0,-1.0,-1.0,-1.0,-1.0,-1.0
-1.0,-1.0,-1.0,-1.0,-1.0,-1.0,-1.0,-1.0,-1.0,-1.0,-1.0,-1.0,-1.0,-1.0,-1.0,-1.0,-1.0,-1.0,-1.0,-1.0,-1.0,-1.0,-1.0,-1.0,-1.0,-1.0,-1.0,-1.0,-1.0,-1.0,-1.0,-1.0,-1.0,-1.0,-1.0,-1.0,-1.0,-1.0,-1.0,-1.0,-1.0,-1.0,-1.0,-1.0,-1.0,-1.0,-1.0,-1.0,-1.0,-1.0,-1.0,-1.0,-1.0,-1.0,-1.0,-1.0,-1.0,-1.0,-1.0,-1.0,-1.0,-1.0,-1.0,-1.0,-1.0,-1.0,-1.0,-1.0,-1.0,-1.0,-1.0,-1.0,-1.0,-1.0,-1.0,-1.0,-1.0,-1.0,-1.0,-1.0,-1.0,-1.0,-1.0,-1.0,-1.0,-1.0,-1.0,-1.0,-1.0,-1.0,-1.0,-1.0,-1.0,-1.0,-1.0,-1.0,-1.0,-1.0,-1.0,-1.0,-1.0,-1.0,-1.0,-1.0,-1.0,-1.0,-1.0,-1.0,-1.0,-1.0,-1.0,-1.0,-1.0,-1.0,-1.0,-1.0,-1.0,-1.0,-1.0,-1.0,-1.0,-1.0,-1.0,-1.0,-1.0,-1.0,-1.0,-1.0,-1.0,-1.0,-1.0,-1.0,-1.0,-1.0,-1.0,-1.0,-1.0,-1.0,-1.0,-1.0,-1.0,-1.0,-1.0,-1.0,-1.0,-1.0,-1.0,-1.0,-1.0,-1.0,-1.0,-1.0,-1.0,-1.0,-1.0,-1.0,-1.0,-1.0,-1.0,-1.0,-1.0,-1.0,-1.0,-1.0,-1.0,-1.0,-1.0,-1.0,-1.0,-1.0,-1.0,-1.0,-1.0,-1.0,-1.0,-1.0,-1.0,-1.0,-1.0,-1.0,1.0,-1.0,-1.0,-1.0,-1.0,-1.0,-1.0,-1.0,1.0,-1.0,-1.0,-1.0,-1.0,-1.0,-1.0,-1.0,-1.0,-1.0,-1.0,-1.0,-1.0,-1.0,1.0,-1.0,-1.0,-1.0,-1.0,-1.0,-1.0,-1.0,-1.0,-1.0,-1.0,-1.0,-1.0,-1.0,-1.0,-1.0,-1.0,1.0,-1.0,-1.0,-1.0,-1.0,-1.0,-1.0,-1.0,-1.0,-1.0,-1.0,-1.0,-1.0,-1.0,-1.0,-1.0,-1.0,-1.0,-1.0,-1.0,-1.0,-1.0,1.0,-1.0,-1.0,-1.0,-1.0,-1.0,-1.0,-1.0,-1.0,-1.0,1.0,-1.0,-1.0,-1.0,-1.0,-1.0,-1.0,-1.0,-1.0,-1.0,-1.0,-1.0,-1.0,-1.0,-1.0,-1.0,-1.0,-1.0,-1.0,-1.0,-1.0,-1.0,-1.0,-1.0,-1.0,-1.0,-1.0,-1.0,-1.0,1.0,-1.0,-1.0,-1.0,-1.0,-1.0,-1.0,-1.0,-1.0,-1.0,-1.0,-1.0,-1.0,-1.0,-1.0,-1.0,-1.0,-1.0,1.0,-1.0,-1.0,-1.0,-1.0,-1.0,-1.0,-1.0,-1.0,-1.0,-1.0,-1.0,-1.0,-1.0,-1.0,-1.0,-1.0,-1.0,-1.0,1.0,-1.0,-1.0,-1.0,-1.0,-1.0,-1.0,-1.0,-1.0,-1.0,-1.0,-1.0,-1.0,-1.0,-1.0,-1.0,-1.0,-1.0,-1.0,1.0,-1.0,-1.0,-1.0,-1.0,-1.0,-1.0,-1.0,-1.0,-1.0,-1.0,-1.0,-1.0,-1.0,-1.0,-1.0,-1.0,-1.0,-1.0,-1.0,-1.0,1.0,-1.0,-1.0,-1.0,-1.0,-1.0,-1.0,-1.0,-1.0,-1.0,-1.0,-1.0,-1.0,1.0,-1.0,-1.0,-1.0,-1.0,-1.0,-1.0,-1.0,-1.0,-1.0,-1.0,-1.0,-1.0,-1.0,-1.0,1.0,-1.0,-1.0,-1.0,-1.0,-1.0,-1.0,-1.0,-1.0,1.0,-1.0,-1.0,-1.0,-1.0,-1.0,-1.0,-1.0,-1.0,-1.0,-1.0,-1.0,-1.0,-1.0,-1.0,-1.0,-1.0,-1.0,-1.0,-1.0,-1.0,-1.0,1.0,-1.0,-1.0,-1.0,-1.0,-1.0,-1.0,1.0,-1.0,-1.0,-1.0,-1.0,-1.0,-1.0,-1.0,-1.0,-1.0,-1.0,-1.0,-1.0,-1.0,-1.0,-1.0,-1.0,-1.0,-1.0,-1.0,1.0,-1.0,-1.0,-1.0,-1.0,-1.0,-1.0,-1.0,-1.0,-1.0,-1.0,-1.0,-1.0,-1.0,-1.0,1.0,-1.0,-1.0,-1.0,-1.0,-1.0,-1.0,-1.0,-1.0,-1.0,-1.0,-1.0,-1.0,-1.0,-1.0,-1.0,-1.0,-1.0,-1.0,1.0,-1.0,-1.0,-1.0,-1.0,-1.0,-1.0,-1.0,-1.0,-1.0,-1.0,-1.0,-1.0,-1.0,-1.0,-1.0,-1.0,-1.0,-1.0,-1.0,-1.0,-1.0,-1.0,-1.0,-1.0,-1.0,-1.0,-1.0,-1.0,-1.0,-1.0,-1.0,-1.0,1.0,-1.0,-1.0,-1.0,-1.0,-1.0,-1.0,-1.0,-1.0,-1.0,-1.0,-1.0,-1.0,-1.0,-1.0,-1.0,-1.0,-1.0,-1.0,-1.0,-1.0,-1.0,-1.0,-1.0,-1.0,-1.0,1.0,-1.0,-1.0,-1.0,-1.0,-1.0,-1.0,-1.0,-1.0,-1.0,-1.0,-1.0,-1.0,-1.0,-1.0,-1.0,-1.0,-1.0,-1.0,-1.0,-1.0,-1.0,-1.0,-1.0,1.0,-1.0,-1.0,-1.0,-1.0,-1.0,-1.0,-1.0,-1.0,-1.0,-1.0,-1.0,-1.0,-1.0,-1.0,-1.0,1.0,-1.0,-1.0,-1.0,-1.0,-1.0,-1.0,-1.0,-1.0,-1.0,-1.0,-1.0,-1.0,-1.0,-1.0,-1.0,-1.0,-1.0,-1.0,-1.0,-1.0,-1.0,-1.0,1.0,-1.0,-1.0,-1.0,-1.0,-1.0,-1.0,-1.0,-1.0,-1.0,-1.0,-1.0,-1.0,-1.0,-1.0,-1.0,-1.0,-1.0,-1.0,-1.0,-1.0,-1.0,-1.0,-1.0,-1.0,-1.0,-1.0,-1.0,-1.0,-1.0,-1.0,-1.0,-1.0,-1.0,-1.0,-1.0,-1.0,-1.0,-1.0,-1.0,-1.0,-1.0,-1.0,-1.0,1.0,-1.0,-1.0,-1.0,-1.0,-1.0,-1.0,-1.0,-1.0,-1.0,-1.0,-1.0,-1.0,-1.0,-1.0,-1.0,-1.0,-1.0,-1.0,-1.0,-1.0,-1.0,-1.0,1.0,-1.0,-1.0,-1.0,-1.0,-1.0,-1.0,-1.0,-1.0,-1.0,-1.0,-1.0,-1.0,-1.0,-1.0,-1.0,-1.0,-1.0,1.0,-1.0,-1.0,-1.0,-1.0,-1.0,-1.0,-1.0,-1.0,-1.0,-1.0,-1.0,-1.0,-1.0,-1.0,-1.0,-1.0,-1.0,-1.0,-1.0,-1.0,-1.0,-1.0,-1.0,-1.0,-1.0,-1.0,-1.0,-1.0,-1.0,-1.0,-1.0,-1.0,-1.0,-1.0,-1.0,-1.0
-1.0,-1.0,-1.0,-1.0,-1.0,-1.0,-1.0,-1.0,-1.0,-1.0,-1.0,-1.0,-1.0,-1.0,-1.0,-1.0,-1.0,-1.0,-1.0,-1.0,-1.0,-1.0,-1.0,-1.0,-1.0,-1.0,-1.0,-1.0,-1.0,-1.0,-1.0,-1.0,-1.0,-1.0,-1.0,-1.0,-1.0,-1.0,-1.0,-1.0,-1.0,-1.0,-1.0,-1.0,-1.0,-1.0,-1.0,-1.0,-1.0,-1.0,-1.0,-1.0,-1.0,-1.0,-1.0,-1.0,-1.0,-1.0,-1.0,-1.0,-1.0,-1.0,-1.0,-1.0,-1.0,-1.0,-1.0,-1.0,-1.0,-1.0,-1.0,-1.0,-1.0,-1.0,-1.0,-1.0,-1.0,-1.0,-1.0,-1.0,-1.0,-1.0,-1.0,-1.0,-1.0,-1.0,-1.0,-1.0,-1.0,-1.0,-1.0,-1.0,-1.0,-1.0,-1.0,-1.0,-1.0,-1.0,-1.0,-1.0,-1.0,-1.0,-1.0,-1.0,-1.0,-1.0,-1.0,-1.0,-1.0,-1.0,-1.0,-1.0,-1.0,-1.0,-1.0,-1.0,-1.0,-1.0,-1.0,-1.0,-1.0,-1.0,-1.0,-1.0,-1.0,-1.0,-1.0,-1.0,-1.0,-1.0,-1.0,-1.0,-1.0,-1.0,-1.0,-1.0,-1.0,-1.0,-1.0,-1.0,-1.0,-1.0,-1.0,-1.0,-1.0,-1.0,-1.0,-1.0,-1.0,-1.0,-1.0,-1.0,-1.0,-1.0,-1.0,-1.0,-1.0,-1.0,-1.0,-1.0,-1.0,-1.0,-1.0,-1.0,-1.0,-1.0,-1.0,-1.0,-1.0,-1.0,-1.0,-1.0,-1.0,-1.0,-1.0,-1.0,-1.0,-1.0,-1.0,-1.0,-1.0,-1.0,-1.0,-1.0,-1.0,-1.0,-1.0,-1.0,-1.0,-1.0,-1.0,-1.0,-1.0,-1.0,-1.0,-1.0,-1.0,-1.0,-1.0,-1.0,-1.0,-1.0,-1.0,-1.0,-1.0,-1.0,-1.0,-1.0,-1.0,-1.0,-1.0,-1.0,-1.0,-1.0,-1.0,-1.0,-1.0,-1.0,-1.0,-1.0,-1.0,-1.0,-1.0,-1.0,-1.0,-1.0,-1.0,-1.0,-1.0,-1.0,-1.0,-1.0,-1.0,-1.0,-1.0,-1.0,-1.0,-1.0,-1.0,-1.0,-1.0,-1.0,-1.0,-1.0,-1.0,-1.0,-1.0,-1.0,-1.0,-1.0,-1.0,-1.0,-1.0,-1.0,-1.0,-1.0,-1.0,-1.0,-1.0,-1.0,-1.0,-1.0,-1.0,-1.0,-1.0,-1.0,-1.0,-1.0,-1.0,-1.0,-1.0,-1.0,-1.0,-1.0,-1.0,-1.0,-1.0,-1.0,-1.0,-1.0,-1.0,-1.0,-1.0,-1.0,-1.0,-1.0,-1.0,-1.0,-1.0,-1.0,-1.0,-1.0,-1.0,-1.0,-1.0,-1.0,-1.0,-1.0,-1.0,-1.0,-1.0,-1.0,-1.0,-1.0,-1.0,-1.0,-1.0,-1.0,-1.0,-1.0,-1.0,-1.0,-1.0,-1.0,-1.0,-1.0,-1.0,-1.0,-1.0,-1.0,-1.0,-1.0,-1.0,-1.0,-1.0,-1.0,-1.0,-1.0,-1.0,-1.0,-1.0,-1.0,-1.0,-1.0,-1.0,-1.0,-1.0,-1.0,-1.0,-1.0,-1.0,-1.0,-1.0,-1.0,-1.0,-1.0,-1.0,-1.0,-1.0,-1.0,-1.0,-1.0,-1.0,-1.0,-1.0,-1.0,-1.0,-1.0,-1.0,-1.0,-1.0,-1.0,-1.0,-1.0,-1.0,-1.0,-1.0,-1.0,-1.0,-1.0,-1.0,-1.0,-1.0,-1.0,-1.0,-1.0,-1.0,-1.0,-1.0,-1.0,-1.0,-1.0,-1.0,-1.0,-1.0,-1.0,-1.0,-1.0,-1.0,-1.0,-1.0,-1.0,-1.0,-1.0,-1.0,-1.0,-1.0,-1.0,-1.0,-1.0,-1.0,-1.0,-1.0,-1.0,-1.0,-1.0,-1.0,-1.0,-1.0,-1.0,-1.0,-1.0,-1.0,-1.0,-1.0,-1.0,-1.0,-1.0,-1.0,-1.0,-1.0,-1.0,-1.0,-1.0,-1.0,-1.0,-1.0,-1.0,-1.0,-1.0,-1.0,-1.0,-1.0,-1.0,-1.0,-1.0,-1.0,-1.0,-1.0,-1.0,-1.0,-1.0,-1.0,-1.0,-1.0,-1.0,-1.0,-1.0,-1.0,-1.0,-1.0,-1.0,-1.0,-1.0,-1.0,-1.0,-1.0,-1.0,-1.0,-1.0,-1.0,-1.0,-1.0,-1.0,-1.0,-1.0,-1.0,-1.0,-1.0,-1.0,-1.0,-1.0,-1.0,-1.0,-1.0,-1.0,-1.0,-1.0,-1.0,-1.0,-1.0,-1.0,-1.0,-1.0,-1.0,-1.0,-1.0,-1.0,-1.0,-1.0,-1.0,-1.0,-1.0,-1.0,-1.0,-1.0,-1.0,-1.0,-1.0,-1.0,-1.0,-1.0,-1.0,-1.0,-1.0,-1.0,-1.0,-1.0,-1.0,-1.0,-1.0,-1.0,-1.0,-1.0,-1.0,-1.0,-1.0,-1.0,-1.0,-1.0,-1.0,-1.0,-1.0,-1.0,-1.0,-1.0,-1.0,-1.0,-1.0,-1.0,-1.0,-1.0,-1.0,-1.0,-1.0,-1.0,-1.0,-1.0,-1.0,-1.0,-1.0,-1.0,-1.0,-1.0,-1.0,-1.0,-1.0,-1.0,-1.0,-1.0,-1.0,-1.0,-1.0,-1.0,-1.0,-1.0,-1.0,-1.0,-1.0,-1.0,-1.0,-1.0,-1.0,-1.0,-1.0,-1.0,-1.0,-1.0,-1.0,-1.0,-1.0,-1.0,-1.0,-1.0,-1.0,-1.0,-1.0,-1.0,-1.0,-1.0,-1.0,-1.0,-1.0,-1.0,-1.0,-1.0,-1.0,-1.0,-1.0,-1.0,-1.0,-1.0,-1.0,-1.0,-1.0,-1.0,-1.0,-1.0,-1.0,-1.0,-1.0,-1.0,-1.0,-1.0,-1.0,-1.0,-1.0,-1.0,-1.0,-1.0,-1.0,-1.0,-1.0,-1.0,-1.0,-1.0,-1.0,-1.0,-1.0,-1.0,-1.0,-1.0,-1.0,-1.0,-1.0,-1.0,-1.0,-1.0,-1.0,-1.0,-1.0,-1.0,-1.0,-1.0,-1.0,-1.0,-1.0,-1.0,-1.0,-1.0,-1.0,-1.0,-1.0,-1.0,-1.0,-1.0,-1.0,-1.0,-1.0,-1.0,-1.0,-1.0,-1.0,-1.0,-1.0,-1.0,-1.0,-1.0,-1.0,-1.0,-1.0,-1.0,-1.0,-1.0,-1.0,-1.0,-1.0,-1.0,-1.0,-1.0,-1.0,-1.0,-1.0,-1.0,-1.0,-1.0,-1.0,-1.0,-1.0,-1.0,-1.0,-1.0,-1.0,-1.0,-1.0,-1.0,-1.0,-1.0,-1.0,-1.0,-1.0,-1.0,-1.0,-1.0,-1.0,-1.0,-1.0,-1.0,-1.0,-1.0,-1.0,-1.0,-1.0,-1.0,-1.0,-1.0,-1.0,-1.0,-1.0,-1.0,-1.0,-1.0,-1.0,-1.0,-1.0,-1.0,-1.0,-1.0,-1.0,-1.0,-1.0
-1.0,-1.0,-1.0,-1.0,-1.0,-1.0,-1.0,-1.0,-1.0,-1.0,-1.0,-1.0,-1.0,-1.0,-1.0,-1.0,-1.0,-1.0,-1.0,-1.0,-1.0,-1.0,-1.0,-1.0,-1.0,-1.0,-1.0,-1.0,-1.0,-1.0,-1.0,-1.0,-1.0,-1.0,-1.0,-1.0,-1.0,-1.0,-1.0,-1.0,-1.0,-1.0,-1.0,-1.0,-1.0,-1.0,-1.0,-1.0,-1.0,-1.0,-1.0,-1.0,-1.0,-1.0,-1.0,-1.0,-1.0,-1.0,-1.0,-1.0,-1.0,-1.0,-1.0,-1.0,-1.0,-1.0,-1.0,-1.0,-1.0,-1.0,-1.0,-1.0,-1.0,-1.0,-1.0,-1.0,-1.0,-1.0,-1.0,-1.0,-1.0,-1.0,-1.0,-1.0,-1.0,-1.0,-1.0,-1.0,-1.0,-1.0,-1.0,-1.0,-1.0,-1.0,-1.0,-1.0,-1.0,-1.0,-1.0,-1.0,-1.0,-1.0,-1.0,-1.0,-1.0,-1.0,-1.0,-1.0,-1.0,-1.0,-1.0,-1.0,-1.0,-1.0,-1.0,-1.0,-1.0,-1.0,-1.0,-1.0,-1.0,-1.0,-1.0,-1.0,-1.0,-1.0,-1.0,-1.0,-1.0,-1.0,-1.0,-1.0,-1.0,-1.0,-1.0,-1.0,-1.0,-1.0,-1.0,-1.0,-1.0,-1.0,-1.0,-1.0,-1.0,-1.0,-1.0,-1.0,-1.0,-1.0,-1.0,-1.0,-1.0,-1.0,-1.0,-1.0,-1.0,-1.0,-1.0,-1.0,-1.0,-1.0,-1.0,-1.0,-1.0,-1.0,-1.0,-1.0,-1.0,-1.0,-1.0,-1.0,-1.0,-1.0,-1.0,-1.0,-1.0,-1.0,-1.0,-1.0,-1.0,-1.0,-1.0,-1.0,-1.0,-1.0,-1.0,-1.0,-1.0,-1.0,-1.0,-1.0,-1.0,-1.0,-1.0,-1.0,-1.0,-1.0,-1.0,-1.0,-1.0,-1.0,-1.0,-1.0,-1.0,-1.0,-1.0,-1.0,-1.0,-1.0,-1.0,-1.0,-1.0,-1.0,-1.0,-1.0,-1.0,-1.0,-1.0,-1.0,-1.0,-1.0,-1.0,-1.0,-1.0,-1.0,-1.0,-1.0,-1.0,-1.0,-1.0,-1.0,-1.0,-1.0,-1.0,-1.0,-1.0,-1.0,-1.0,-1.0,-1.0,-1.0,-1.0,-1.0,-1.0,-1.0,-1.0,-1.0,-1.0,-1.0,-1.0,-1.0,-1.0,-1.0,-1.0,-1.0,-1.0,-1.0,-1.0,-1.0,-1.0,-1.0,-1.0,-1.0,-1.0,-1.0,-1.0,-1.0,-1.0,-1.0,-1.0,-1.0,-1.0,-1.0,-1.0,-1.0,-1.0,-1.0,-1.0,-1.0,-1.0,-1.0,-1.0,-1.0,-1.0,-1.0,-1.0,-1.0,-1.0,-1.0,-1.0,-1.0,-1.0,-1.0,-1.0,-1.0,-1.0,-1.0,-1.0,-1.0,-1.0,-1.0,-1.0,-1.0,-1.0,-1.0,-1.0,-1.0,-1.0,-1.0,-1.0,-1.0,-1.0,-1.0,-1.0,-1.0,-1.0,-1.0,-1.0,-1.0,-1.0,-1.0,-1.0,-1.0,-1.0,-1.0,-1.0,-1.0,-1.0,-1.0,-1.0,-1.0,-1.0,-1.0,-1.0,-1.0,-1.0,-1.0,-1.0,-1.0,-1.0,-1.0,-1.0,-1.0,-1.0,-1.0,-1.0,-1.0,-1.0,-1.0,-1.0,-1.0,-1.0,-1.0,-1.0,-1.0,-1.0,-1.0,-1.0,-1.0,-1.0,-1.0,-1.0,-1.0,-1.0,-1.0,-1.0,-1.0,-1.0,-1.0,-1.0,-1.0,-1.0,-1.0,-1.0,-1.0,-1.0,-1.0,-1.0,-1.0,-1.0,-1.0,-1.0,-1.0,-1.0,-1.0,-1.0,-1.0,-1.0,-1.0,-1.0,-1.0,-1.0,-1.0,-1.0,-1.0,-1.0,-1.0,-1.0,-1.0,-1.0,-1.0,-1.0,-1.0,-1.0,-1.0,-1.0,-1.0,-1.0,-1.0,-1.0,-1.0,-1.0,-1.0,-1.0,-1.0,-1.0,-1.0,-1.0,-1.0,-1.0,-1.0,-1.0,-1.0,-1.0,-1.0,-1.0,-1.0,-1.0,-1.0,-1.0,-1.0,-1.0,-1.0,-1.0,-1.0,-1.0,-1.0,-1.0,-1.0,-1.0,-1.0,-1.0,-1.0,-1.0,-1.0,-1.0,-1.0,-1.0,-1.0,-1.0,-1.0,-1.0,-1.0,-1.0,-1.0,-1.0,-1.0,-1.0,-1.0,-1.0,-1.0,-1.0,-1.0,-1.0,-1.0,-1.0,-1.0,-1.0,-1.0,-1.0,-1.0,-1.0,-1.0,-1.0,-1.0,-1.0,-1.0,-1.0,-1.0,-1.0,-1.0,-1.0,-1.0,-1.0,-1.0,-1.0,-1.0,-1.0,-1.0,-1.0,-1.0,-1.0,-1.0,-1.0,-1.0,-1.0,-1.0,-1.0,-1.0,-1.0,-1.0,-1.0,-1.0,-1.0,-1.0,-1.0,-1.0,-1.0,-1.0,-1.0,-1.0,-1.0,-1.0,-1.0,-1.0,-1.0,-1.0,-1.0,-1.0,-1.0,-1.0,-1.0,-1.0,-1.0,-1.0,-1.0,-1.0,-1.0,-1.0,-1.0,-1.0,-1.0,-1.0,-1.0,-1.0,-1.0,-1.0,-1.0,-1.0,-1.0,-1.0,-1.0,-1.0,-1.0,-1.0,-1.0,-1.0,-1.0,-1.0,-1.0,-1.0,-1.0,-1.0,-1.0,-1.0,-1.0,-1.0,-1.0,-1.0,-1.0,-1.0,-1.0,-1.0,-1.0,-1.0,-1.0,-1.0,-1.0,-1.0,-1.0,-1.0,-1.0,-1.0,-1.0,-1.0,-1.0,-1.0,-1.0,-1.0,-1.0,-1.0,-1.0,-1.0,-1.0,-1.0,-1.0,-1.0,-1.0,-1.0,-1.0,-1.0,-1.0,-1.0,-1.0,-1.0,-1.0,-1.0,-1.0,-1.0,-1.0,-1.0,-1.0,-1.0,-1.0,-1.0,-1.0,-1.0,-1.0,-1.0,-1.0,-1.0,-1.0,-1.0,-1.0,-1.0,-1.0,-1.0,-1.0,-1.0,-1.0,-1.0,-1.0,-1.0,-1.0,-1.0,-1.0,-1.0,-1.0,-1.0,-1.0,-1.0,-1.0,-1.0,-1.0,-1.0,-1.0,-1.0,-1.0,-1.0,-1.0,-1.0,-1.0,-1.0,-1.0,-1.0,-1.0,-1.0,-1.0,-1.0,-1.0,-1.0,-1.0,-1.0,-1.0,-1.0,-1.0,-1.0,-1.0,-1.0,-1.0,-1.0,-1.0,-1.0,-1.0,-1.0,-1.0,-1.0,-1.0,-1.0,-1.0,-1.0,-1.0,-1.0,-1.0,-1.0,-1.0,-1.0,-1.0,-1.0,-1.0,-1.0,-1.0,-1.0,-1.0,-1.0,-1.0,-1.0,-1.0,-1.0,-1.0,-1.0,-1.0,-1.0,-1.0,-1.0,-1.0,-1.0,-1.0,-1.0,-1.0,-1.0,-1.0,-1.0,-1.0,-1.0,-1.0,-1.0,-1.0,-1.0,-1.0,-1.0,-1.0,-1.0,-1.0,-1.0,-1.0,-1.0,-1.0,-1.0,-1.0
-1.0,-1.0,-1.0,-1.0,-1.0,-1.0,-1.0,-1.0,-1.0,-1.0,-1.0,-1.0,-1.0,-1.0,-1.0,-1.0,-1.0,-1.0,-1.0,-1.0,-1.0,-1.0,-1.0,-1.0,-1.0,-1.0,-1.0,-1.0,-1.0,-1.0,-1.0,-1.0,-1.0,-1.0,-1.0,-1.0,-1.0,-1.0,-1.0,-1.0,-1.0,-1.0,-1.0,-1.0,-1.0,-1.0,-1.0,-1.0,-1.0,-1.0,-1.0,-1.0,-1.0,-1.0,-1.0,-1.0,-1.0,-1.0,-1.0,-1.0,-1.0,-1.0,-1.0,-1.0,-1.0,-1.0,-1.0,-1.0,-1.0,-1.0,-1.0,-1.0,-1.0,-1.0,-1.0,-1.0,-1.0,-1.0,-1.0,-1.0,-1.0,-1.0,-1.0,-1.0,-1.0,-1.0,-1.0,-1.0,-1.0,-1.0,-1.0,-1.0,-1.0,-1.0,-1.0,-1.0,-1.0,-1.0,-1.0,-1.0,-1.0,-1.0,-1.0,-1.0,-1.0,-1.0,-1.0,-1.0,-1.0,-1.0,-1.0,-1.0,-1.0,-1.0,-1.0,-1.0,-1.0,-1.0,-1.0,-1.0,-1.0,-1.0,-1.0,-1.0,-1.0,-1.0,-1.0,-1.0,-1.0,-1.0,-1.0,-1.0,-1.0,-1.0,-1.0,-1.0,-1.0,-1.0,-1.0,-1.0,-1.0,-1.0,-1.0,-1.0,-1.0,-1.0,-1.0,-1.0,-1.0,-1.0,-1.0,-1.0,-1.0,-1.0,-1.0,-1.0,-1.0,-1.0,-1.0,-1.0,-1.0,-1.0,-1.0,-1.0,-1.0,-1.0,-1.0,-1.0,-1.0,-1.0,-1.0,-1.0,-1.0,-1.0,-1.0,-1.0,-1.0,-1.0,-1.0,-1.0,-1.0,-1.0,-1.0,-1.0,-1.0,-1.0,-1.0,-1.0,-1.0,-1.0,-1.0,-1.0,-1.0,-1.0,-1.0,-1.0,-1.0,-1.0,-1.0,-1.0,-1.0,-1.0,-1.0,-1.0,-1.0,-1.0,-1.0,-1.0,-1.0,-1.0,-1.0,-1.0,-1.0,-1.0,-1.0,-1.0,-1.0,-1.0,-1.0,-1.0,-1.0,-1.0,-1.0,-1.0,-1.0,-1.0,-1.0,-1.0,-1.0,-1.0,-1.0,-1.0,-1.0,-1.0,-1.0,-1.0,-1.0,-1.0,-1.0,-1.0,-1.0,-1.0,-1.0,-1.0,-1.0,-1.0,-1.0,-1.0,-1.0,-1.0,-1.0,-1.0,-1.0,-1.0,-1.0,-1.0,-1.0,-1.0,-1.0,-1.0,-1.0,-1.0,-1.0,-1.0,-1.0,-1.0,-1.0,-1.0,-1.0,-1.0,-1.0,-1.0,-1.0,-1.0,-1.0,-1.0,-1.0,-1.0,-1.0,-1.0,-1.0,-1.0,-1.0,-1.0,-1.0,-1.0,-1.0,-1.0,-1.0,-1.0,-1.0,-1.0,-1.0,-1.0,-1.0,-1.0,-1.0,-1.0,-1.0,-1.0,-1.0,-1.0,-1.0,-1.0,-1.0,-1.0,-1.0,-1.0,-1.0,-1.0,-1.0,-1.0,-1.0,-1.0,-1.0,-1.0,-1.0,-1.0,-1.0,-1.0,-1.0,-1.0,-1.0,-1.0,-1.0,-1.0,-1.0,-1.0,-1.0,-1.0,-1.0,-1.0,-1.0,-1.0,-1.0,-1.0,-1.0,-1.0,-1.0,-1.0,-1.0,-1.0,-1.0,-1.0,-1.0,-1.0,-1.0,-1.0,-1.0,-1.0,-1.0,-1.0,-1.0,-1.0,-1.0,-1.0,-1.0,-1.0,-1.0,-1.0,-1.0,-1.0,-1.0,-1.0,-1.0,-1.0,-1.0,-1.0,-1.0,-1.0,-1.0,-1.0,-1.0,-1.0,-1.0,-1.0,-1.0,-1.0,-1.0,-1.0,-1.0,-1.0,-1.0,-1.0,-1.0,-1.0,-1.0,-1.0,-1.0,-1.0,-1.0,-1.0,-1.0,-1.0,-1.0,-1.0,-1.0,-1.0,-1.0,-1.0,-1.0,-1.0,-1.0,-1.0,-1.0,-1.0,-1.0,-1.0,-1.0,-1.0,-1.0,-1.0,-1.0,-1.0,-1.0,-1.0,-1.0,-1.0,-1.0,-1.0,-1.0,-1.0,-1.0,-1.0,-1.0,-1.0,-1.0,-1.0,-1.0,-1.0,-1.0,-1.0,-1.0,-1.0,-1.0,-1.0,-1.0,-1.0,-1.0,-1.0,-1.0,-1.0,-1.0,-1.0,-1.0,-1.0,-1.0,-1.0,-1.0,-1.0,-1.0,-1.0,-1.0,-1.0,-1.0,-1.0,-1.0,-1.0,-1.0,-1.0,-1.0,-1.0,-1.0,-1.0,-1.0,-1.0,-1.0,-1.0,-1.0,-1.0,-1.0,-1.0,-1.0,-1.0,-1.0,-1.0,-1.0,-1.0,-1.0,-1.0,-1.0,-1.0,-1.0,-1.0,-1.0,-1.0,-1.0,-1.0,-1.0,-1.0,-1.0,-1.0,-1.0,-1.0,-1.0,-1.0,-1.0,-1.0,-1.0,-1.0,-1.0,-1.0,-1.0,-1.0,-1.0,-1.0,-1.0,-1.0,-1.0,-1.0,-1.0,-1.0,-1.0,-1.0,-1.0,-1.0,-1.0,-1.0,-1.0,-1.0,-1.0,-1.0,-1.0,-1.0,-1.0,-1.0,-1.0,-1.0,-1.0,-1.0,-1.0,-1.0,-1.0,-1.0,-1.0,-1.0,-1.0,-1.0,-1.0,-1.0,-1.0,-1.0,-1.0,-1.0,-1.0,-1.0,-1.0,-1.0,-1.0,-1.0,-1.0,-1.0,-1.0,-1.0,-1.0,-1.0,-1.0,-1.0,-1.0,-1.0,-1.0,-1.0,-1.0,-1.0,-1.0,-1.0,-1.0,-1.0,-1.0,-1.0,-1.0,-1.0,-1.0,-1.0,-1.0,-1.0,-1.0,-1.0,-1.0,-1.0,-1.0,-1.0,-1.0,-1.0,-1.0,-1.0,-1.0,-1.0,-1.0,-1.0,-1.0,-1.0,-1.0,-1.0,-1.0,-1.0,-1.0,-1.0,-1.0,-1.0,-1.0,-1.0,-1.0,-1.0,-1.0,-1.0,-1.0,-1.0,-1.0,-1.0,-1.0,-1.0,-1.0,-1.0,-1.0,-1.0,-1.0,-1.0,-1.0,-1.0,-1.0,-1.0,-1.0,-1.0,-1.0,-1.0,-1.0,-1.0,-1.0,-1.0,-1.0,-1.0,-1.0,-1.0,-1.0,-1.0,-1.0,-1.0,-1.0,-1.0,-1.0,-1.0,-1.0,-1.0,-1.0,-1.0,-1.0,-1.0,-1.0,-1.0,-1.0,-1.0,-1.0,-1.0,-1.0,-1.0,-1.0,-1.0,-1.0,-1.0,-1.0,-1.0,-1.0,-1.0,-1.0,-1.0,-1.0,-1.0,-1.0,-1.0,-1.0,-1.0,-1.0,-1.0,-1.0,-1.0,-1.0,-1.0,-1.0,-1.0,-1.0,-1.0,-1.0,-1.0,-1.0,-1.0,-1.0,-1.0,-1.0,-1.0,-1.0,-1.0,-1.0,-1.0,-1.0,-1.0,-1.0,-1.0,-1.0,-1.0,-1.0,-1.0,-1.0,-1.0,-1.0,-1.0,-1.0,-1.0,-1.0,-1.0,-1.0,-1.0,-1.0,-1.0,-1.0,-1.0,-1.0,-1.0,-1.0,-1.0,-1.0
-1.0,-1.0,-1.0,-1.0,-1.0,-1.0,-1.0,-1.0,-1.0,-1.0,-1.0,-1.0,-1.0,-1.0,-1.0,-1.0,-1.0,-1.0,-1.0,-1.0,-1.0,-1.0,-1.0,-1.0,-1.0,-1.0,-1.0,-1.0,-1.0,-1.0,-1.0,-1.0,-1.0,-1.0,-1.0,-1.0,-1.0,-1.0,-1.0,-1.0,-1.0,-1.0,-1.0,-1.0,-1.0,-1.0,-1.0,-1.0,-1.0,-1.0,-1.0,-1.0,-1.0,-1.0,-1.0,-1.0,-1.0,-1.0,-1.0,-1.0,-1.0,-1.0,-1.0,-1.0,-1.0,-1.0,-1.0,-1.0,-1.0,-1.0,-1.0,-1.0,-1.0,-1.0,-1.0,-1.0,-1.0,-1.0,-1.0,-1.0,-1.0,-1.0,-1.0,-1.0,-1.0,-1.0,-1.0,-1.0,-1.0,-1.0,-1.0,-1.0,-1.0,-1.0,-1.0,-1.0,-1.0,-1.0,-1.0,-1.0,-1.0,-1.0,-1.0,-1.0,-1.0,-1.0,-1.0,-1.0,-1.0,-1.0,-1.0,-1.0,-1.0,-1.0,-1.0,-1.0,-1.0,-1.0,-1.0,-1.0,-1.0,-1.0,-1.0,-1.0,-1.0,-1.0,-1.0,-1.0,-1.0,-1.0,-1.0,-1.0,-1.0,-1.0,-1.0,-1.0,-1.0,-1.0,-1.0,-1.0,-1.0,-1.0,-1.0,-1.0,-1.0,-1.0,-1.0,-1.0,-1.0,-1.0,-1.0,-1.0,-1.0,-1.0,-1.0,-1.0,-1.0,-1.0,-1.0,-1.0,-1.0,-1.0,-1.0,-1.0,-1.0,-1.0,-1.0,-1.0,-1.0,-1.0,-1.0,-1.0,-1.0,-1.0,-1.0,-1.0,-1.0,-1.0,-1.0,-1.0,-1.0,-1.0,-1.0,-1.0,-1.0,-1.0,-1.0,-1.0,-1.0,-1.0,-1.0,-1.0,-1.0,-1.0,-1.0,-1.0,-1.0,-1.0,-1.0,-1.0,-1.0,-1.0,-1.0,-1.0,-1.0,-1.0,-1.0,-1.0,-1.0,-1.0,-1.0,-1.0,-1.0,-1.0,-1.0,-1.0,-1.0,-1.0,-1.0,-1.0,-1.0,-1.0,-1.0,-1.0,-1.0,-1.0,-1.0,-1.0,-1.0,-1.0,-1.0,-1.0,-1.0,-1.0,-1.0,-1.0,-1.0,-1.0,-1.0,-1.0,-1.0,-1.0,-1.0,-1.0,-1.0,-1.0,-1.0,-1.0,-1.0,-1.0,-1.0,-1.0,-1.0,-1.0,-1.0,-1.0,-1.0,-1.0,-1.0,-1.0,-1.0,-1.0,-1.0,-1.0,-1.0,-1.0,-1.0,-1.0,-1.0,-1.0,-1.0,-1.0,-1.0,-1.0,-1.0,-1.0,-1.0,-1.0,-1.0,-1.0,-1.0,-1.0,-1.0,-1.0,-1.0,-1.0,-1.0,-1.0,-1.0,-1.0,-1.0,-1.0,-1.0,-1.0,-1.0,-1.0,-1.0,-1.0,-1.0,-1.0,-1.0,-1.0,-1.0,-1.0,-1.0,-1.0,-1.0,-1.0,-1.0,-1.0,-1.0,-1.0,-1.0,-1.0,-1.0,-1.0,-1.0,-1.0,-1.0,-1.0,-1.0,-1.0,-1.0,-1.0,-1.0,-1.0,-1.0,-1.0,-1.0,-1.0,-1.0,-1.0,-1.0,-1.0,-1.0,-1.0,-1.0,-1.0,-1.0,-1.0,-1.0,-1.0,-1.0,-1.0,-1.0,-1.0,-1.0,-1.0,-1.0,-1.0,-1.0,-1.0,-1.0,-1.0,-1.0,-1.0,-1.0,-1.0,-1.0,-1.0,-1.0,-1.0,-1.0,-1.0,-1.0,-1.0,-1.0,-1.0,-1.0,-1.0,-1.0,-1.0,-1.0,-1.0,-1.0,-1.0,-1.0,-1.0,-1.0,-1.0,-1.0,-1.0,-1.0,-1.0,-1.0,-1.0,-1.0,-1.0,-1.0,-1.0,-1.0,-1.0,-1.0,-1.0,-1.0,-1.0,-1.0,-1.0,-1.0,-1.0,-1.0,-1.0,-1.0,-1.0,-1.0,-1.0,-1.0,-1.0,-1.0,-1.0,-1.0,-1.0,-1.0,-1.0,-1.0,-1.0,-1.0,-1.0,-1.0,-1.0,-1.0,-1.0,-1.0,-1.0,-1.0,-1.0,-1.0,-1.0,-1.0,-1.0,-1.0,-1.0,-1.0,-1.0,-1.0,-1.0,-1.0,-1.0,-1.0,-1.0,-1.0,-1.0,-1.0,-1.0,-1.0,-1.0,-1.0,-1.0,-1.0,-1.0,-1.0,-1.0,-1.0,-1.0,-1.0,-1.0,-1.0,-1.0,-1.0,-1.0,-1.0,-1.0,-1.0,-1.0,-1.0,-1.0,-1.0,-1.0,-1.0,-1.0,-1.0,-1.0,-1.0,-1.0,-1.0,-1.0,-1.0,-1.0,-1.0,-1.0,-1.0,-1.0,-1.0,-1.0,-1.0,-1.0,-1.0,-1.0,-1.0,-1.0,-1.0,-1.0,-1.0,-1.0,-1.0,-1.0,-1.0,-1.0,-1.0,-1.0,-1.0,-1.0,-1.0,-1.0,-1.0,-1.0,-1.0,-1.0,-1.0,-1.0,-1.0,-1.0,-1.0,-1.0,-1.0,-1.0,-1.0,-1.0,-1.0,-1.0,-1.0,-1.0,-1.0,-1.0,-1.0,-1.0,-1.0,-1.0,-1.0,-1.0,-1.0,-1.0,-1.0,-1.0,-1.0,-1.0,-1.0,-1.0,-1.0,-1.0,-1.0,-1.0,-1.0,-1.0,-1.0,-1.0,-1.0,-1.0,-1.0,-1.0,-1.0,-1.0,-1.0,-1.0,-1.0,-1.0,-1.0,-1.0,-1.0,-1.0,-1.0,-1.0,-1.0,-1.0,-1.0,-1.0,-1.0,-1.0,-1.0,-1.0,-1.0,-1.0,-1.0,-1.0,-1.0,-1.0,-1.0,-1.0,-1.0,-1.0,-1.0,-1.0,-1.0,-1.0,-1.0,-1.0,-1.0,-1.0,-1.0,-1.0,-1.0,-1.0,-1.0,-1.0,-1.0,-1.0,-1.0,-1.0,-1.0,-1.0,-1.0,-1.0,-1.0,-1.0,-1.0,-1.0,-1.0,-1.0,-1.0,-1.0,-1.0,-1.0,-1.0,-1.0,-1.0,-1.0,-1.0,-1.0,-1.0,-1.0,-1.0,-1.0,-1.0,-1.0,-1.0,-1.0,-1.0,-1.0,-1.0,-1.0,-1.0,-1.0,-1.0,-1.0,-1.0,-1.0,-1.0,-1.0,-1.0,-1.0,-1.0,-1.0,-1.0,-1.0,-1.0,-1.0,-1.0,-1.0,-1.0,-1.0,-1.0,-1.0,-1.0,-1.0,-1.0,-1.0,-1.0,-1.0,-1.0,-1.0,-1.0,-1.0,-1.0,-1.0,-1.0,-1.0,-1.0,-1.0,-1.0,-1.0,-1.0,-1.0,-1.0,-1.0,-1.0,-1.0,-1.0,-1.0,-1.0,-1.0,-1.0,-1.0,-1.0,-1.0,-1.0,-1.0,-1.0,-1.0,-1.0,-1.0,-1.0,-1.0,-1.0,-1.0,-1.0,-1.0,-1.0,-1.0,-1.0,-1.0,-1.0,-1.0,-1.0,-1.0,-1.0,-1.0,-1.0,-1.0,-1.0,-1.0,-1.0,-1.0,-1.0,-1.0,-1.0,-1.0,-1.0,-1.0,-1.0,-1.0,-1.0
-1.0,-1.0,-1.0,-1.0,-1.0,-1.0,-1.0,-1.0,-1.0,-1.0,-1.0,-1.0,-1.0,-1.0,-1.0,-1.0,-1.0,-1.0,-1.0,-1.0,-1.0,-1.0,-1.0,-1.0,-1.0,-1.0,-1.0,-1.0,-1.0,-1.0,-1.0,-1.0,-1.0,-1.0,-1.0,-1.0,-1.0,-1.0,-1.0,-1.0,-1.0,-1.0,-1.0,-1.0,-1.0,-1.0,-1.0,-1.0,-1.0,-1.0,-1.0,-1.0,-1.0,-1.0,-1.0,-1.0,-1.0,-1.0,-1.0,-1.0,-1.0,-1.0,-1.0,-1.0,-1.0,-1.0,-1.0,-1.0,-1.0,-1.0,-1.0,-1.0,-1.0,-1.0,-1.0,-1.0,-1.0,-1.0,-1.0,-1.0,-1.0,-1.0,-1.0,-1.0,-1.0,-1.0,-1.0,-1.0,-1.0,-1.0,-1.0,-1.0,-1.0,-1.0,-1.0,-1.0,-1.0,-1.0,-1.0,-1.0,-1.0,-1.0,-1.0,-1.0,-1.0,-1.0,-1.0,-1.0,-1.0,-1.0,-1.0,-1.0,-1.0,-1.0,-1.0,-1.0,-1.0,-1.0,-1.0,-1.0,-1.0,-1.0,-1.0,-1.0,-1.0,1.0,-1.0,-1.0,-1.0,-1.0,-1.0,-1.0,-1.0,-1.0,-1.0,-1.0,-1.0,-1.0,-1.0,-1.0,-1.0,-1.0,-1.0,-1.0,-1.0,-1.0,-1.0,-1.0,-1.0,-1.0,-1.0,-1.0,-1.0,-1.0,-1.0,-1.0,-1.0,-1.0,-1.0,-1.0,-1.0,-1.0,-1.0,-1.0,-1.0,-1.0,-1.0,-1.0,-1.0,-1.0,-1.0,-1.0,-1.0,-1.0,-1.0,-1.0,-1.0,-1.0,-1.0,-1.0,-1.0,-1.0,-1.0,-1.0,-1.0,-1.0,-1.0,-1.0,-1.0,-1.0,-1.0,-1.0,-1.0,-1.0,-1.0,-1.0,-1.0,-1.0,-1.0,-1.0,-1.0,-1.0,-1.0,-1.0,-1.0,-1.0,-1.0,-1.0,-1.0,-1.0,-1.0,-1.0,-1.0,-1.0,-1.0,-1.0,-1.0,-1.0,-1.0,-1.0,-1.0,-1.0,-1.0,-1.0,-1.0,-1.0,-1.0,-1.0,-1.0,-1.0,-1.0,-1.0,-1.0,-1.0,-1.0,-1.0,-1.0,-1.0,-1.0,-1.0,-1.0,-1.0,-1.0,-1.0,-1.0,-1.0,-1.0,-1.0,-1.0,-1.0,-1.0,-1.0,-1.0,-1.0,-1.0,-1.0,-1.0,-1.0,-1.0,-1.0,-1.0,-1.0,-1.0,-1.0,-1.0,-1.0,-1.0,-1.0,-1.0,-1.0,-1.0,-1.0,-1.0,-1.0,-1.0,-1.0,-1.0,-1.0,-1.0,-1.0,-1.0,-1.0,-1.0,-1.0,-1.0,-1.0,-1.0,-1.0,-1.0,-1.0,-1.0,-1.0,-1.0,-1.0,-1.0,-1.0,-1.0,-1.0,-1.0,-1.0,-1.0,-1.0,-1.0,-1.0,-1.0,-1.0,-1.0,-1.0,-1.0,-1.0,-1.0,-1.0,-1.0,-1.0,-1.0,-1.0,-1.0,-1.0,-1.0,-1.0,-1.0,-1.0,-1.0,-1.0,-1.0,-1.0,-1.0,-1.0,-1.0,-1.0,-1.0,-1.0,-1.0,-1.0,-1.0,-1.0,-1.0,-1.0,-1.0,-1.0,-1.0,-1.0,-1.0,-1.0,-1.0,-1.0,-1.0,-1.0,-1.0,-1.0,-1.0,-1.0,-1.0,-1.0,-1.0,-1.0,-1.0,-1.0,-1.0,-1.0,-1.0,-1.0,-1.0,-1.0,-1.0,-1.0,-1.0,-1.0,-1.0,-1.0,-1.0,-1.0,-1.0,-1.0,-1.0,-1.0,-1.0,-1.0,-1.0,-1.0,-1.0,-1.0,-1.0,-1.0,-1.0,-1.0,-1.0,-1.0,-1.0,-1.0,-1.0,-1.0,-1.0,-1.0,-1.0,-1.0,-1.0,-1.0,-1.0,-1.0,-1.0,-1.0,-1.0,-1.0,-1.0,-1.0,-1.0,-1.0,-1.0,-1.0,-1.0,-1.0,-1.0,-1.0,-1.0,-1.0,-1.0,-1.0,-1.0,-1.0,-1.0,-1.0,-1.0,-1.0,-1.0,-1.0,-1.0,-1.0,-1.0,-1.0,-1.0,-1.0,-1.0,-1.0,-1.0,-1.0,-1.0,-1.0,-1.0,-1.0,-1.0,-1.0,-1.0,-1.0,-1.0,-1.0,-1.0,-1.0,-1.0,-1.0,-1.0,-1.0,-1.0,-1.0,-1.0,-1.0,-1.0,-1.0,-1.0,-1.0,-1.0,-1.0,-1.0,-1.0,-1.0,-1.0,-1.0,-1.0,-1.0,-1.0,-1.0,-1.0,-1.0,-1.0,-1.0,-1.0,-1.0,-1.0,-1.0,-1.0,-1.0,-1.0,-1.0,-1.0,-1.0,-1.0,-1.0,-1.0,-1.0,-1.0,-1.0,-1.0,-1.0,-1.0,-1.0,-1.0,-1.0,-1.0,-1.0,-1.0,-1.0,-1.0,-1.0,-1.0,-1.0,-1.0,-1.0,-1.0,-1.0,-1.0,-1.0,-1.0,-1.0,-1.0,-1.0,-1.0,-1.0,-1.0,-1.0,-1.0,-1.0,-1.0,-1.0,-1.0,-1.0,-1.0,-1.0,-1.0,-1.0,-1.0,-1.0,-1.0,-1.0,-1.0,-1.0,-1.0,-1.0,-1.0,-1.0,-1.0,-1.0,-1.0,-1.0,-1.0,-1.0,-1.0,-1.0,-1.0,-1.0,-1.0,-1.0,-1.0,-1.0,-1.0,-1.0,-1.0,-1.0,-1.0,-1.0,-1.0,-1.0,-1.0,-1.0,-1.0,-1.0,-1.0,-1.0,-1.0,-1.0,-1.0,-1.0,-1.0,-1.0,-1.0,-1.0,-1.0,-1.0,-1.0,-1.0,-1.0,-1.0,-1.0,-1.0,-1.0,-1.0,-1.0,-1.0,-1.0,-1.0,-1.0,-1.0,-1.0,-1.0,-1.0,-1.0,-1.0,-1.0,-1.0,-1.0,-1.0,-1.0,-1.0,-1.0,-1.0,-1.0,-1.0,-1.0,-1.0,-1.0,-1.0,-1.0,-1.0,-1.0,-1.0,-1.0,-1.0,-1.0,-1.0,-1.0,-1.0,-1.0,-1.0,-1.0,-1.0,-1.0,-1.0,-1.0,-1.0,-1.0,-1.0,-1.0,-1.0,-1.0,-1.0,-1.0,-1.0,-1.0,-1.0,-1.0,-1.0,-1.0,-1.0,-1.0,-1.0,-1.0,-1.0,-1.0,-1.0,-1.0,-1.0,-1.0,-1.0,-1.0,-1.0,-1.0,-1.0,-1.0,-1.0,-1.0,-1.0,-1.0,-1.0,-1.0,-1.0,-1.0,-1.0,-1.0,-1.0,-1.0,-1.0,-1.0,-1.0,-1.0,-1.0,-1.0,-1.0,-1.0,-1.0,-1.0,-1.0,-1.0,-1.0,-1.0,-1.0,-1.0,-1.0,-1.0,-1.0,-1.0,-1.0,-1.0,-1.0,-1.0,-1.0,-1.0,-1.0,-1.0,-1.0,-1.0,-1.0,-1.0,-1.0,-1.0,-1.0,-1.0,-1.0,-1.0,-1.0,-1.0,-1.0,-1.0,-1.0,-1.0,-1.0,-1.0,-1.0,-1.0,-1.0,-1.0,-1.0,-1.0
-1.0,-1.0,-1.0,-1.0,-1.0,-1.0,-1.0,-1.0,-1.0,-1.0,-1.0,-1.0,-1.0,-1.0,-1.0,-1.0,-1.0,-1.0,-1.0,-1.0,-1.0,-1.0,-1.0,-1.0,-1.0,-1.0,-1.0,-1.0,-1.0,-1.0,-1.0,-1.0,-1.0,-1.0,-1.0,-1.0,-1.0,-1.0,-1.0,-1.0,-1.0,-1.0,-1.0,-1.0,-1.0,-1.0,-1.0,-1.0,-1.0,-1.0,-1.0,-1.0,-1.0,-1.0,-1.0,-1.0,-1.0,-1.0,-1.0,-1.0,-1.0,-1.0,-1.0,-1.0,-1.0,-1.0,-1.0,-1.0,-1.0,-1.0,-1.0,-1.0,-1.0,-1.0,-1.0,-1.0,-1.0,-1.0,-1.0,-1.0,-1.0,-1.0,-1.0,-1.0,-1.0,-1.0,-1.0,-1.0,-1.0,-1.0,-1.0,-1.0,-1.0,-1.0,-1.0,-1.0,-1.0,-1.0,-1.0,-1.0,-1.0,-1.0,-1.0,-1.0,-1.0,-1.0,-1.0,-1.0,-1.0,-1.0,-1.0,-1.0,-1.0,-1.0,-1.0,-1.0,-1.0,-1.0,-1.0,-1.0,-1.0,-1.0,-1.0,-1.0,-1.0,-1.0,-1.0,-1.0,-1.0,-1.0,-1.0,-1.0,-1.0,-1.0,-1.0,-1.0,-1.0,-1.0,-1.0,-1.0,-1.0,-1.0,-1.0,-1.0,-1.0,-1.0,-1.0,-1.0,-1.0,-1.0,-1.0,-1.0,-1.0,-1.0,-1.0,-1.0,-1.0,-1.0,-1.0,-1.0,-1.0,-1.0,-1.0,-1.0,-1.0,-1.0,-1.0,-1.0,-1.0,-1.0,-1.0,-1.0,-1.0,-1.0,-1.0,-1.0,-1.0,-1.0,-1.0,-1.0,-1.0,-1.0,-1.0,-1.0,-1.0,-1.0,-1.0,-1.0,-1.0,-1.0,-1.0,-1.0,-1.0,-1.0,-1.0,-1.0,-1.0,-1.0,-1.0,-1.0,-1.0,-1.0,-1.0,-1.0,-1.0,-1.0,-1.0,-1.0,-1.0,-1.0,-1.0,-1.0,-1.0,-1.0,-1.0,-1.0,-1.0,-1.0,-1.0,-1.0,-1.0,-1.0,-1.0,-1.0,-1.0,-1.0,-1.0,-1.0,-1.0,-1.0,-1.0,-1.0,-1.0,-1.0,-1.0,-1.0,-1.0,-1.0,-1.0,-1.0,-1.0,-1.0,-1.0,-1.0,-1.0,-1.0,-1.0,-1.0,-1.0,-1.0,-1.0,-1.0,-1.0,-1.0,-1.0,-1.0,-1.0,-1.0,-1.0,-1.0,-1.0,-1.0,-1.0,-1.0,-1.0,-1.0,-1.0,-1.0,-1.0,-1.0,-1.0,-1.0,-1.0,-1.0,-1.0,-1.0,-1.0,-1.0,-1.0,-1.0,-1.0,-1.0,-1.0,-1.0,-1.0,-1.0,-1.0,-1.0,-1.0,-1.0,-1.0,-1.0,-1.0,-1.0,-1.0,-1.0,-1.0,-1.0,-1.0,-1.0,-1.0,-1.0,-1.0,-1.0,-1.0,-1.0,-1.0,-1.0,-1.0,-1.0,-1.0,-1.0,-1.0,-1.0,-1.0,-1.0,-1.0,-1.0,-1.0,-1.0,-1.0,-1.0,-1.0,-1.0,-1.0,-1.0,-1.0,-1.0,-1.0,-1.0,-1.0,-1.0,-1.0,-1.0,-1.0,-1.0,-1.0,-1.0,-1.0,-1.0,-1.0,-1.0,-1.0,-1.0,-1.0,-1.0,-1.0,-1.0,-1.0,-1.0,-1.0,-1.0,-1.0,-1.0,-1.0,-1.0,-1.0,-1.0,-1.0,-1.0,-1.0,-1.0,-1.0,-1.0,-1.0,-1.0,-1.0,-1.0,-1.0,-1.0,-1.0,-1.0,-1.0,-1.0,-1.0,-1.0,-1.0,-1.0,-1.0,-1.0,-1.0,-1.0,-1.0,-1.0,-1.0,-1.0,-1.0,-1.0,-1.0,-1.0,-1.0,-1.0,-1.0,-1.0,-1.0,-1.0,-1.0,-1.0,-1.0,-1.0,-1.0,-1.0,-1.0,-1.0,-1.0,-1.0,-1.0,-1.0,-1.0,-1.0,-1.0,-1.0,-1.0,-1.0,-1.0,-1.0,-1.0,-1.0,-1.0,-1.0,-1.0,-1.0,-1.0,-1.0,-1.0,-1.0,-1.0,-1.0,-1.0,-1.0,-1.0,-1.0,-1.0,-1.0,-1.0,-1.0,-1.0,-1.0,-1.0,-1.0,-1.0,-1.0,-1.0,-1.0,-1.0,-1.0,-1.0,-1.0,-1.0,-1.0,-1.0,-1.0,-1.0,-1.0,-1.0,-1.0,-1.0,-1.0,-1.0,-1.0,-1.0,-1.0,-1.0,-1.0,-1.0,-1.0,-1.0,-1.0,-1.0,-1.0,-1.0,-1.0,-1.0,-1.0,-1.0,-1.0,-1.0,-1.0,-1.0,-1.0,-1.0,-1.0,-1.0,-1.0,-1.0,-1.0,-1.0,-1.0,-1.0,-1.0,-1.0,-1.0,-1.0,-1.0,-1.0,-1.0,-1.0,-1.0,-1.0,-1.0,-1.0,-1.0,-1.0,-1.0,-1.0,-1.0,-1.0,-1.0,-1.0,-1.0,-1.0,-1.0,-1.0,-1.0,-1.0,-1.0,-1.0,-1.0,-1.0,-1.0,-1.0,-1.0,-1.0,-1.0,-1.0,-1.0,-1.0,-1.0,-1.0,-1.0,-1.0,-1.0,-1.0,-1.0,-1.0,-1.0,-1.0,-1.0,-1.0,-1.0,-1.0,-1.0,-1.0,-1.0,-1.0,-1.0,-1.0,-1.0,-1.0,-1.0,-1.0,-1.0,-1.0,-1.0,-1.0,-1.0,-1.0,-1.0,-1.0,-1.0,-1.0,-1.0,-1.0,-1.0,-1.0,-1.0,-1.0,-1.0,-1.0,-1.0,-1.0,-1.0,-1.0,-1.0,-1.0,-1.0,-1.0,-1.0,-1.0,-1.0,-1.0,-1.0,-1.0,-1.0,-1.0,-1.0,-1.0,-1.0,-1.0,-1.0,-1.0,-1.0,-1.0,-1.0,-1.0,-1.0,-1.0,-1.0,-1.0,-1.0,-1.0,-1.0,-1.0,-1.0,-1.0,-1.0,-1.0,-1.0,-1.0,-1.0,-1.0,-1.0,-1.0,-1.0,-1.0,-1.0,-1.0,-1.0,-1.0,-1.0,-1.0,-1.0,-1.0,-1.0,-1.0,-1.0,-1.0,-1.0,-1.0,-1.0,-1.0,-1.0,-1.0,-1.0,-1.0,-1.0,-1.0,-1.0,-1.0,-1.0,-1.0,-1.0,-1.0,-1.0,-1.0,-1.0,-1.0,-1.0,-1.0,-1.0,-1.0,-1.0,-1.0,-1.0,-1.0,-1.0,-1.0,-1.0,-1.0,-1.0,-1.0,-1.0,-1.0,-1.0,-1.0,-1.0,-1.0,-1.0,-1.0,-1.0,-1.0,-1.0,-1.0,-1.0,-1.0,-1.0,-1.0,-1.0,-1.0,-1.0,-1.0,-1.0,-1.0,-1.0,-1.0,-1.0,-1.0,-1.0,-1.0,-1.0,-1.0,-1.0,-1.0,-1.0,-1.0,-1.0,-1.0,-1.0,-1.0,-1.0,-1.0,-1.0,-1.0,-1.0,-1.0,-1.0,-1.0,-1.0,-1.0,-1.0,-1.0,-1.0,-1.0,-1.0,-1.0,-1.0,-1.0,-1.0,-1.0,-1.0,-1.0
