-1.0,-1.0,-1.0,-1.0,-1.0,-1.0,-1.0,1.0,-1.0,-1.0,-1.0,-1.0,-1.0,-1.0,-1.0,-1.0,-1.0,1.0,-1.0,-1.0,-1.0,-1.0,-1.0,-1.0,-1.0,-1.0,-1.0,-1.0,-1.0,-1.0,-1.0,-1.0,-1.0,-1.0,-1.0,-1.0,-1.0,1.0,-1.0,-1.0,-1.0,-1.0,-1.0,-1.0,-1.0,-1.0,-1.0,-1.0,-1.0,-1.0,-1.0,-1.0,-1.0,-1.0,1.0,-1.0,-1.0,-1.0,-1.0,-1.0,1.0,-1.0,-1.0,1.0,-1.0,-1.0,1.0,-1.0,-1.0,-1.0,1.0,1.0,-1.0,-1.0,-1.0,-1.0,-1.0,1.0,-1.0,-1.0,1.0,-1.0,-1.0,-1.0,-1.0,-1.0,-1.0,-1.0,-1.0,-1.0,-1.0,-1.0,-1.0,-1.0,-1.0,-1.0,1.0,-1.0,-1.0,1.0,1.0,-1.0,-1.0,-1.0,-1.0,-1.0,-1.0,-1.0,-1.0,-1.0,1.0,-1.0,-1.0,-1.0,-1.0,-1.0,-1.0,-1.0,-1.0,-1.0,-1.0,-1.0,-1.0,-1.0,-1.0,-1.0,-1.0,-1.0,-1.0,1.0,1.0,1.0,1.0,1.0,1.0,-1.0,-1.0,1.0,1.0,-1.0,-1.0,-1.0,-1.0,-1.0,-1.0,-1.0,-1.0,-1.0,-1.0,-1.0,-1.0,-1.0,-1.0,-1.0,-1.0,-1.0,-1.0,-1.0,1.0,-1.0,1.0,1.0,1.0,1.0,1.0,1.0,1.0,-1.0,-1.0,-1.0,-1.0,-1.0,-1.0,1.0,1.0,1.0,1.0,1.0,1.0,1.0,1.0,1.0,1.0,-1.0,1.0,1.0,1.0,1.0,1.0,1.0,1.0,1.0,1.0,-1.0,-1.0,-1.0,1.0,-1.0,-1.0,-1.0,-1.0,-1.0,-1.0,1.0,-1.0,-1.0,-1.0,-1.0,-1.0,-1.0,-1.0,-1.0,-1.0,-1.0,-1.0,-1.0,-1.0,-1.0,-1.0,1.0,-1.0,-1.0,-1.0,-1.0,-1.0,-1.0,-1.0,-1.0,1.0,-1.0,1.0,-1.0,-1.0,-1.0,-1.0,-1.0,-1.0,-1.0,-1.0,-1.0,-1.0,-1.0,-1.0,-1.0,-1.0,-1.0,-1.0,-1.0,-1.0,1.0,1.0,1.0,-1.0,-1.0,1.0,1.0,1.0,1.0,1.0,-1.0,1.0,-1.0,1.0,1.0,1.0,-1.0,-1.0,1.0,-1.0,-1.0,1.0,1.0,1.0,-1.0,-1.0,1.0,1.0,1.0,-1.0,-1.0,-1.0,-1.0,1.0,1.0,1.0,-1.0,-1.0,1.0,1.0,1.0,-1.0,-1.0,-1.0,-1.0,1.0,1.0,1.0,-1.0,-1.0,1.0,1.0,1.0,-1.0,-1.0,1.0,1.0,1.0,-1.0,-1.0,1.0,1.0,1.0,-1.0,-1.0,-1.0,1.0,-1.0,1.0,1.0,1.0,1.0,1.0,-1.0,-1.0,-1.0,1.0,-1.0,-1.0,1.0,1.0,1.0,1.0,-1.0,-1.0,-1.0,-1.0,-1.0,-1.0,-1.0,-1.0,-1.0,-1.0,-1.0,1.0,1.0,-1.0,-1.0,-1.0,-1.0,-1.0,-1.0,-1.0,-1.0,-1.0,1.0,1.0,-1.0,-1.0,1.0,-1.0,-1.0,-1.0,-1.0,1.0,1.0,1.0,-1.0,-1.0,-1.0,1.0,1.0,1.0,-1.0,-1.0,-1.0,1.0,-1.0,-1.0,-1.0,1.0,1.0,-1.0,-1.0,1.0,-1.0,-1.0,-1.0,1.0,1.0,-1.0,1.0,-1.0,-1.0,1.0,1.0,-1.0,-1.0,1.0,1.0,1.0,-1.0,-1.0,-1.0,-1.0,-1.0,-1.0,-1.0,-1.0,1.0,-1.0,1.0,-1.0,1.0,-1.0,-1.0,-1.0,1.0,-1.0,-1.0,-1.0
-1.0,-1.0,-1.0,-1.0,-1.0,-1.0,-1.0,-1.0,-1.0,-1.0,-1.0,-1.0,-1.0,-1.0,-1.0,-1.0,-1.0,-1.0,-1.0,-1.0,-1.0,-1.0,-1.0,-1.0,-1.0,-1.0,-1.0,-1.0,-1.0,-1.0,-1.0,-1.0,-1.0,-1.0,-1.0,-1.0,-1.0,-1.0,-1.0,-1.0,-1.0,-1.0,-1.0,-1.0,-1.0,-1.0,-1.0,-1.0,-1.0,-1.0,-1.0,-1.0,-1.0,-1.0,-1.0,-1.0,-1.0,-1.0,-1.0,-1.0,-1.0,-1.0,-1.0,-1.0,-1.0,-1.0,-1.0,-1.0,-1.0,-1.0,-1.0,-1.0,-1.0,-1.0,-1.0,-1.0,-1.0,-1.0,-1.0,-1.0,-1.0,-1.0,-1.0,-1.0,-1.0,-1.0,-1.0,-1.0,-1.0,-1.0,-1.0,-1.0,-1.0,-1.0,-1.0,-1.0,-1.0,-1.0,-1.0,-1.0,-1.0,-1.0,-1.0,-1.0,-1.0,-1.0,-1.0,-1.0,-1.0,-1.0,-1.0,-1.0,-1.0,-1.0,-1.0,-1.0,-1.0,-1.0,-1.0,-1.0,-1.0,-1.0,-1.0,-1.0,-1.0,-1.0,-1.0,-1.0,-1.0,-1.0,-1.0,-1.0,-1.0,-1.0,-1.0,-1.0,-1.0,-1.0,-1.0,-1.0,-1.0,-1.0,-1.0,-1.0,-1.0,-1.0,-1.0,-1.0,-1.0,-1.0,-1.0,-1.0,-1.0,-1.0,-1.0,-1.0,-1.0,-1.0,-1.0,-1.0,-1.0,-1.0,-1.0,-1.0,-1.0,-1.0,-1.0,-1.0,-1.0,-1.0,-1.0,-1.0,-1.0,-1.0,-1.0,-1.0,-1.0,-1.0,-1.0,-1.0,-1.0,-1.0,-1.0,-1.0,-1.0,-1.0,-1.0,-1.0,-1.0,-1.0,-1.0,-1.0,-1.0,-1.0,-1.0,-1.0,-1.0,-1.0,-1.0,-1.0,-1.0,-1.0,-1.0,-1.0,-1.0,-1.0,-1.0,-1.0,-1.0,-1.0,-1.0,-1.0,-1.0,-1.0,-1.0,-1.0,-1.0,-1.0,-1.0,-1.0,-1.0,-1.0,-1.0,-1.0,-1.0,-1.0,-1.0,-1.0,-1.0,-1.0,-1.0,-1.0,-1.0,-1.0,-1.0,-1.0,-1.0,-1.0,-1.0,-1.0,-1.0,-1.0,-1.0,-1.0,-1.0,-1.0,-1.0,-1.0,-1.0,-1.0,-1.0,-1.0,-1.0,-1.0,-1.0,-1.0,-1.0,-1.0,-1.0,-1.0,-1.0,-1.0,-1.0,-1.0,-1.0,-1.0,-1.0,-1.0,-1.0,-1.0,-1.0,-1.0,-1.0,-1.0,-1.0,-1.0,-1.0,-1.0,-1.0,-1.0,-1.0,-1.0,-1.0,-1.0,-1.0,-1.0,-1.0,-1.0,-1.0,-1.0,-1.0,-1.0,-1.0,-1.0,-1.0,-1.0,-1.0,-1.0,-1.0,-1.0,-1.0,-1.0,-1.0,-1.0,-1.0,-1.0,-1.0,-1.0,-1.0,-1.0,-1.0,-1.0,-1.0,-1.0,-1.0,-1.0,-1.0,-1.0,-1.0,-1.0,-1.0,-1.0,-1.0,-1.0,-1.0,-1.0,-1.0,-1.0,-1.0,-1.0,-1.0,-1.0,-1.0,-1.0,-1.0,-1.0,-1.0,-1.0,-1.0,-1.0,-1.0,-1.0,-1.0,-1.0,-1.0,-1.0,-1.0,-1.0,-1.0,-1.0,-1.0,-1.0,-1.0,-1.0,-1.0,-1.0,-1.0,-1.0,-1.0,-1.0,-1.0,-1.0,-1.0,-1.0,-1.0,-1.0,-1.0,-1.0,-1.0,-1.0,-1.0,-1.0,-1.0,-1.0,-1.0,-1.0,-1.0,-1.0,-1.0,-1.0,-1.0,-1.0,-1.0,-1.0,-1.0,-1.0,-1.0,-1.0,-1.0,-1.0,-1.0,-1.0,-1.0,-1.0,-1.0,-1.0,-1.0,-1.0,-1.0,-1.0,-1.0,-1.0,-1.0,-1.0,-1.0,-1.0,-1.0,-1.0,-1.0,-1.0,-1.0,-1.0,-1.0,-1.0,-1.0,-1.0,-1.0,-1.0,-1.0,-1.0
0.0,0.0,0.0,0.0,0.0,0.0,0.0,0.0,0.0,0.0,0.0,0.0,0.0,0.0,0.0,0.0,0.0,0.0,0.0,0.0,0.0,0.0,0.0,0.0,0.0,0.0,0.0,0.0,0.0,0.0,0.0,0.0,0.0,0.0,0.0,0.0,0.0,0.0,0.0,0.0,0.0,0.0,0.0,0.0,0.0,0.0,0.0,0.0,0.0,0.0,0.0,0.0,0.0,0.0,0.0,0.0,0.0,0.0,0.0,0.0,0.0,0.0,0.0,0.0,0.0,0.0,0.0,0.0,0.0,0.0,0.0,0.0,0.0,0.0,0.0,0.0,0.0,0.0,0.0,0.0,0.0,0.0,0.0,0.0,0.0,0.0,0.0,0.0,0.0,0.0,0.0,0.0,0.0,0.0,0.0,0.0,0.0,0.0,0.0,0.0,0.0,0.0,0.0,0.0,0.0,0.0,0.0,0.0,0.0,0.0,0.0,0.0,0.0,0.0,0.0,0.0,0.0,0.0,0.0,0.0,0.0,0.0,0.0,0.0,0.0,0.0,0.0,0.0,0.0,0.0,0.0,0.0,0.0,0.0,0.0,0.0,0.0,0.0,0.0,0.0,0.0,0.0,0.0,0.0,0.0,0.0,0.0,0.0,0.0,0.0,0.0,0.0,0.0,0.0,0.0,0.0,0.0,0.0,0.0,0.0,0.0,0.0,0.0,0.0,0.0,0.0,0.0,0.0,0.0,0.0,0.0,0.0,0.0,0.0,0.0,0.0,0.0,0.0,0.0,0.0,0.0,0.0,0.0,0.0,0.0,0.0,0.0,0.0,0.0,0.0,0.0,0.0,0.0,0.0,0.0,0.0,0.0,0.0,0.0,0.0,0.0,0.0,0.0,0.0,0.0,0.0,0.0,0.0,0.0,0.0,0.0,0.0,0.0,0.0,0.0,0.0,0.0,0.0,0.0,0.0,0.0,0.0,0.0,0.0,0.0,0.0,0.0,0.0,0.0,0.0,0.0,0.0,0.0,0.0,0.0,0.0,0.0,0.0,0.0,0.0,0.0,0.0,0.0,0.0,0.0,0.0,0.0,0.0,0.0,0.0,0.0,0.0,0.0,0.0,0.0,0.0,0.0,0.0,0.0,0.0,0.0,0.0,0.0,0.0,0.0,0.0,0.0,0.0,0.0,0.0,0.0,0.0,0.0,0.0,0.0,0.0,0.0,0.0,0.0,0.0,0.0,0.0,0.0,0.0,0.0,0.0,0.0,0.0,0.0,0.0,0.0,0.0,0.0,0.0,0.0,0.0,0.0,0.0,0.0,0.0,0.0,0.0,0.0,0.0,0.0,0.0,0.0,0.0,0.0,0.0,0.0,0.0,0.0,0.0,0.0,0.0,0.0,0.0,0.0,0.0,0.0,0.0,0.0,0.0,0.0,0.0,0.0,0.0,0.0,0.0,0.0,0.0,0.0,0.0,0.0,0.0,0.0,0.0,0.0,0.0,0.0,0.0,0.0,0.0,0.0,0.0,0.0,0.0,0.0,0.0,0.0,0.0,0.0,0.0,0.0,0.0,0.0,0.0,0.0,0.0,0.0,0.0,0.0,0.0,0.0,0.0,0.0,0.0,0.0,0.0,0.0,0.0,0.0,0.0,0.0,0.0,0.0,0.0,0.0,0.0,0.0,0.0,0.0,0.0,0.0,0.0,0.0,0.0,0.0,0.0,0.0,0.0,0.0,0.0,0.0,0.0,0.0,0.0,0.0,0.0,0.0,0.0,0.0,0.0,0.0,0.0,0.0,0.0,0.0,0.0,0.0,0.0,0.0,0.0,0.0,0.0,0.0,0.0,0.0,0.0
0.30918791307372295,0.30918791307372295,0.30918791307372295,0.30918791307372295,0.30918791307372295,0.30918791307372295,0.30918791307372295,0.30918791307372295,0.30918791307372295,0.30918791307372295,0.30918791307372295,0.30918791307372295,0.30918791307372295,0.30918791307372295,0.30918791307372295,0.30918791307372295,0.30918791307372295,0.30918791307372295,0.30918791307372295,0.30918791307372295,0.30918791307372295,0.30918791307372295,0.30918791307372295,0.30918791307372295,0.30918791307372295,0.30918791307372295,0.30918791307372295,0.30918791307372295,0.30918791307372295,0.30918791307372295,0.30918791307372295,0.30918791307372295,0.30918791307372295,0.30918791307372295,0.30918791307372295,0.30918791307372295,0.30918791307372295,0.30918791307372295,0.30918791307372295,0.30918791307372295,0.30918791307372295,0.30918791307372295,0.30918791307372295,0.30918791307372295,0.30918791307372295,0.30918791307372295,0.30918791307372295,0.30918791307372295,0.30918791307372295,0.30918791307372295,0.30918791307372295,0.30918791307372295,0.30918791307372295,0.30918791307372295,0.30918791307372295,0.30918791307372295,0.30918791307372295,0.30918791307372295,0.30918791307372295,0.30918791307372295,0.30918791307372295,0.30918791307372295,0.30918791307372295,0.30918791307372295,0.30918791307372295,0.30918791307372295,0.30918791307372295,0.30918791307372295,0.30918791307372295,0.30918791307372295,0.30918791307372295,0.30918791307372295,0.30918791307372295,0.30918791307372295,0.30918791307372295,0.30918791307372295,0.30918791307372295,0.30918791307372295,0.30918791307372295,0.30918791307372295,0.30918791307372295,0.30918791307372295,0.30918791307372295,0.30918791307372295,0.30918791307372295,0.30918791307372295,0.30918791307372295,0.30918791307372295,0.30918791307372295,0.30918791307372295,0.30918791307372295,0.30918791307372295,0.30918791307372295,0.30918791307372295,0.30918791307372295,0.30918791307372295,0.30918791307372295,0.30918791307372295,0.30918791307372295,0.30918791307372295,0.30918791307372295,0.30918791307372295,0.30918791307372295,0.30918791307372295,0.30918791307372295,0.30918791307372295,0.30918791307372295,0.30918791307372295,0.30918791307372295,0.30918791307372295,0.30918791307372295,0.30918791307372295,0.30918791307372295,0.30918791307372295,0.30918791307372295,0.30918791307372295,0.30918791307372295,0.30918791307372295,0.30918791307372295,0.30918791307372295,0.30918791307372295,0.30918791307372295,0.30918791307372295,0.30918791307372295,0.30918791307372295,0.30918791307372295,0.30918791307372295,0.30918791307372295,0.30918791307372295,0.30918791307372295,0.30918791307372295,0.30918791307372295,0.30918791307372295,0.30918791307372295,0.30918791307372295,0.30918791307372295,0.30918791307372295,0.30918791307372295,0.30918791307372295,0.30918791307372295,0.30918791307372295,0.30918791307372295,0.30918791307372295,0.30918791307372295,0.30918791307372295,0.30918791307372295,0.30918791307372295,0.30918791307372295,0.30918791307372295,0.30918791307372295,0.30918791307372295,0.30918791307372295,0.30918791307372295,0.30918791307372295,0.30918791307372295,0.30918791307372295,0.30918791307372295,0.30918791307372295,0.30918791307372295,0.30918791307372295,0.30918791307372295,0.30918791307372295,0.30918791307372295,0.30918791307372295,0.30918791307372295,0.30918791307372295,0.30918791307372295,0.30918791307372295,0.30918791307372295,0.30918791307372295,0.30918791307372295,0.30918791307372295,0.30918791307372295,0.30918791307372295,0.30918791307372295,0.30918791307372295,0.30918791307372295,0.30918791307372295,0.30918791307372295,0.30918791307372295,0.30918791307372295,0.30918791307372295,0.30918791307372295,0.30918791307372295,0.30918791307372295,0.30918791307372295,0.30918791307372295,0.30918791307372295,0.30918791307372295,0.30918791307372295,0.30918791307372295,0.30918791307372295,0.30918791307372295,0.30918791307372295,0.30918791307372295,0.30918791307372295,0.30918791307372295,0.30918791307372295,0.30918791307372295,0.30918791307372295,0.30918791307372295,0.30918791307372295,0.30918791307372295,0.30918791307372295,0.30918791307372295,0.30918791307372295,0.30918791307372295,0.30918791307372295,0.30918791307372295,0.30918791307372295,0.30918791307372295,0.30918791307372295,0.30918791307372295,0.30918791307372295,0.30918791307372295,0.30918791307372295,0.30918791307372295,0.30918791307372295,0.30918791307372295,0.30918791307372295,0.30918791307372295,0.30918791307372295,0.30918791307372295,0.30918791307372295,0.30918791307372295,-3.234513096367228,0.30918791307372295,0.30918791307372295,0.30918791307372295,0.30918791307372295,0.30918791307372295,0.30918791307372295,0.30918791307372295,0.30918791307372295,0.30918791307372295,0.30918791307372295,0.30918791307372295,0.30918791307372295,0.30918791307372295,0.30918791307372295,0.30918791307372295,0.30918791307372295,0.30918791307372295,0.30918791307372295,0.30918791307372295,-3.234513096367228,0.30918791307372295,0.30918791307372295,0.30918791307372295,0.30918791307372295,0.30918791307372295,0.30918791307372295,0.30918791307372295,0.30918791307372295,0.30918791307372295,0.30918791307372295,0.30918791307372295,0.30918791307372295,0.30918791307372295,0.30918791307372295,0.30918791307372295,0.30918791307372295,0.30918791307372295,0.30918791307372295,0.30918791307372295,0.30918791307372295,0.30918791307372295,0.30918791307372295,0.30918791307372295,0.30918791307372295,0.30918791307372295,-3.234513096367228,0.30918791307372295,0.30918791307372295,0.30918791307372295,0.30918791307372295,-3.234513096367228,0.30918791307372295,0.30918791307372295,0.30918791307372295,0.30918791307372295,-3.234513096367228,0.30918791307372295,-3.234513096367228,0.30918791307372295,0.30918791307372295,0.30918791307372295,0.30918791307372295,-3.234513096367228,0.30918791307372295,0.30918791307372295,0.30918791307372295,0.30918791307372295,0.30918791307372295,0.30918791307372295,-3.234513096367228,0.30918791307372295,0.30918791307372295,0.30918791307372295,0.30918791307372295,-3.234513096367228,0.30918791307372295,0.30918791307372295,0.30918791307372295,0.30918791307372295,-3.234513096367228,0.30918791307372295,0.30918791307372295,0.30918791307372295,0.30918791307372295,-3.234513096367228,0.30918791307372295,0.30918791307372295,0.30918791307372295,0.30918791307372295,0.30918791307372295,0.30918791307372295,0.30918791307372295,0.30918791307372295,0.30918791307372295,0.30918791307372295,0.30918791307372295,0.30918791307372295,0.30918791307372295,0.30918791307372295,0.30918791307372295,0.30918791307372295,0.30918791307372295,0.30918791307372295,0.30918791307372295,0.30918791307372295,0.30918791307372295,0.30918791307372295,0.30918791307372295,0.30918791307372295,0.30918791307372295,0.30918791307372295,0.30918791307372295,0.30918791307372295,0.30918791307372295,0.30918791307372295,0.30918791307372295,0.30918791307372295,0.30918791307372295,0.30918791307372295,0.30918791307372295,0.30918791307372295,0.30918791307372295,0.30918791307372295,0.30918791307372295,0.30918791307372295,0.30918791307372295,0.30918791307372295,0.30918791307372295,0.30918791307372295,0.30918791307372295,0.30918791307372295,0.30918791307372295,0.30918791307372295,0.30918791307372295,0.30918791307372295,0.30918791307372295,0.30918791307372295,0.30918791307372295,0.30918791307372295,0.30918791307372295,0.30918791307372295,0.30918791307372295,0.30918791307372295,0.30918791307372295,0.30918791307372295,0.30918791307372295,0.30918791307372295,0.30918791307372295,0.30918791307372295,0.30918791307372295,0.30918791307372295,0.30918791307372295,0.30918791307372295,0.30918791307372295,0.30918791307372295,0.30918791307372295,0.30918791307372295,0.30918791307372295,0.30918791307372295,0.30918791307372295,0.30918791307372295,0.30918791307372295,0.30918791307372295,0.30918791307372295,0.30918791307372295,0.30918791307372295,0.30918791307372295,0.30918791307372295,0.30918791307372295,0.30918791307372295,0.30918791307372295,0.30918791307372295,0.30918791307372295,0.30918791307372295,0.30918791307372295,0.30918791307372295,0.30918791307372295,0.30918791307372295,0.30918791307372295,0.30918791307372295,0.30918791307372295,0.30918791307372295,0.30918791307372295,0.30918791307372295,0.30918791307372295,0.30918791307372295,0.30918791307372295,-3.234513096367228,0.30918791307372295,0.30918791307372295,0.30918791307372295,0.30918791307372295,0.30918791307372295,0.30918791307372295
-1.2519502074688795,-0.6767243314855225,-1.2519502074688795,-1.2519502074688795,-0.6767243314855225,-0.3402387645907802,-0.6767243314855225,-1.2519502074688795,-1.2519502074688795,-0.6767243314855225,-0.3402387645907802,-0.6767243314855225,-0.3402387645907802,-1.2519502074688795,-0.6767243314855225,-0.6767243314855225,-0.3402387645907802,-1.2519502074688795,-0.10149845550216545,-0.6767243314855225,-0.6767243314855225,-0.6767243314855225,-0.10149845550216545,-0.6767243314855225,-0.10149845550216545,-0.6767243314855225,-1.2519502074688795,-0.6767243314855225,-0.6767243314855225,-0.6767243314855225,-0.3402387645907802,-1.2519502074688795,-1.2519502074688795,-1.2519502074688795,-0.6767243314855225,-0.6767243314855225,-0.6767243314855225,-1.2519502074688795,-1.2519502074688795,-1.2519502074688795,-1.2519502074688795,-1.2519502074688795,-1.2519502074688795,-1.2519502074688795,-1.2519502074688795,-0.6767243314855225,-0.6767243314855225,-0.6767243314855225,-0.10149845550216545,-0.6767243314855225,-0.6767243314855225,-1.2519502074688795,-1.2519502074688795,-0.6767243314855225,-1.2519502074688795,-0.6767243314855225,-1.2519502074688795,-1.2519502074688795,-0.6767243314855225,-1.2519502074688795,-1.2519502074688795,-1.2519502074688795,-1.2519502074688795,-1.2519502074688795,-0.3402387645907802,-0.3402387645907802,-0.6767243314855225,-1.2519502074688795,-0.6767243314855225,-0.6767243314855225,-1.2519502074688795,-1.2519502074688795,-1.2519502074688795,-0.6767243314855225,-0.3402387645907802,-1.2519502074688795,-0.6767243314855225,-0.6767243314855225,-1.2519502074688795,-1.2519502074688795,-1.2519502074688795,-1.2519502074688795,-0.6767243314855225,-0.6767243314855225,-1.2519502074688795,-0.3402387645907802,-1.2519502074688795,-0.3402387645907802,-0.6767243314855225,-0.6767243314855225,-1.2519502074688795,-1.2519502074688795,-0.3402387645907802,-0.6767243314855225,-1.2519502074688795,-0.3402387645907802,-1.2519502074688795,-0.6767243314855225,-1.2519502074688795,-1.2519502074688795,-1.2519502074688795,-1.2519502074688795,-0.3402387645907802,-0.6767243314855225,-1.2519502074688795,-1.2519502074688795,-0.6767243314855225,-0.6767243314855225,-0.6767243314855225,-0.6767243314855225,-1.2519502074688795,-1.2519502074688795,-1.2519502074688795,-0.6767243314855225,-0.3402387645907802,-1.2519502074688795,-1.2519502074688795,-1.2519502074688795,-1.2519502074688795,-0.3402387645907802,-0.3402387645907802,-1.2519502074688795,-1.2519502074688795,-0.6767243314855225,-1.2519502074688795,-1.2519502074688795,-1.2519502074688795,-0.6767243314855225,-0.6767243314855225,-1.2519502074688795,-1.2519502074688795,-1.2519502074688795,-1.2519502074688795,-1.2519502074688795,-1.2519502074688795,-1.2519502074688795,-1.2519502074688795,-1.2519502074688795,-1.2519502074688795,-1.2519502074688795,-0.6767243314855225,-0.3402387645907802,-1.2519502074688795,-0.6767243314855225,-0.6767243314855225,-1.2519502074688795,-0.3402387645907802,-0.3402387645907802,-1.2519502074688795,-1.2519502074688795,-0.6767243314855225,-1.2519502074688795,-1.2519502074688795,-1.2519502074688795,-0.3402387645907802,-0.3402387645907802,-1.2519502074688795,-0.6767243314855225,-0.6767243314855225,0.08368291488307082,-0.3402387645907802,-0.6767243314855225,-0.10149845550216545,-0.10149845550216545,-0.6767243314855225,-0.3402387645907802,-0.3402387645907802,-0.3402387645907802,-0.3402387645907802,-0.6767243314855225,-0.10149845550216545,-0.3402387645907802,-0.3402387645907802,0.23498711139257678,0.36291298676789485,1.1915676175655106,0.9953943577611701,-0.10149845550216545,-0.6767243314855225,-0.3402387645907802,-0.6767243314855225,-0.6767243314855225,-1.2519502074688795,0.4737274204811915,0.23498711139257678,0.36291298676789485,1.1915676175655106,0.9953943577611701,-0.10149845550216545,-0.6767243314855225,-0.3402387645907802,-0.6767243314855225,-0.6767243314855225,-0.6767243314855225,-0.6767243314855225,-1.2519502074688795,-1.2519502074688795,-0.3402387645907802,-0.3402387645907802,-0.10149845550216545,0.23498711139257678,1.6526141078838175,0.5714726782873192,-0.6767243314855225,-0.6767243314855225,1.146698554270676,-1.2519502074688795,-0.6767243314855225,0.23498711139257678,-0.6767243314855225,1.6526141078838175,1.6526141078838175,-0.3402387645907802,1.6526141078838175,1.6526141078838175,1.6526141078838175,-0.6767243314855225,1.350119681269004,1.6526141078838175,-1.2519502074688795,-0.6767243314855225,-0.6767243314855225,-1.2519502074688795,-1.2519502074688795,-0.6767243314855225,0.0,0.4737274204811915,-0.6767243314855225,1.3854388633592911,-1.2519502074688795,1.3854388633592911,1.146698554270676,0.23498711139257678,-0.6767243314855225,0.08368291488307082,1.6526141078838175,1.6526141078838175,1.6241791724479058,-0.6767243314855225,1.6497158186443819,1.6526141078838175,1.6526141078838175,1.0489532964645487,-0.6767243314855225,0.8766384709224371,0.0,0.23498711139257678,0.6589087908664282,1.6526141078838175,-1.2519502074688795,-1.2519502074688795,-1.2519502074688795,0.08368291488307082,-0.10149845550216545,0.23498711139257678,-0.6767243314855225,-0.6767243314855225,-0.3402387645907802,-0.3402387645907802,-1.2519502074688795,-0.3402387645907802,-1.2519502074688795,-1.2519502074688795,-1.2519502074688795,-1.2519502074688795,-0.6767243314855225,-0.6767243314855225,-1.2519502074688795,-0.6767243314855225,0.9381388627512518,-0.3402387645907802,0.0,-0.3402387645907802,-0.3402387645907802,0.9381388627512518,-0.3402387645907802,0.0,-0.3402387645907802,-0.3402387645907802,0.4737274204811915,-0.3402387645907802,0.0,-0.3402387645907802,0.0,-0.3402387645907802,-0.6767243314855225,1.0489532964645487,-0.3402387645907802,0.0,-0.3402387645907802,-0.3402387645907802,0.6589087908664282,-0.3402387645907802,0.9953943577611701,-0.3402387645907802,0.0,-0.3402387645907802,-0.3402387645907802,0.810212987375934,-0.3402387645907802,0.0,-0.3402387645907802,-0.3402387645907802,0.7380043757662827,-0.3402387645907802,0.0,-0.3402387645907802,-0.3402387645907802,1.5706202337445274,-0.3402387645907802,0.0,-0.3402387645907802,-0.6767243314855225,0.7380043757662827,0.5714726782873192,-0.3402387645907802,0.5714726782873192,-0.3402387645907802,0.7380043757662827,-0.6767243314855225,0.4737274204811915,0.8766384709224371,0.23498711139257678,-0.6767243314855225,-1.2519502074688795,-0.3402387645907802,-0.3402387645907802,1.4518643469057944,0.7380043757662827,-0.6767243314855225,0.4737274204811915,0.8766384709224371,-1.2519502074688795,-1.2519502074688795,-1.2519502074688795,-0.6767243314855225,-1.2519502074688795,-1.2519502074688795,-1.2519502074688795,-1.2519502074688795,-1.2519502074688795,-1.2519502074688795,-0.6767243314855225,-1.2519502074688795,0.8766384709224371,-1.2519502074688795,0.9953943577611701,-1.2519502074688795,-0.3402387645907802,-1.2519502074688795,0.810212987375934,-1.2519502074688795,0.6589087908664282,-0.6767243314855225,-1.2519502074688795,-1.2519502074688795,1.0489532964645487,-0.6767243314855225,0.8766384709224371,-0.3402387645907802,0.810212987375934,-0.6767243314855225,0.08368291488307082,-1.2519502074688795,-1.2519502074688795,-1.2519502074688795,0.08368291488307082,0.23498711139257678,-0.10149845550216545,-0.6767243314855225,-0.6767243314855225,-0.3402387645907802,-0.3402387645907802,0.08368291488307082,-0.6767243314855225,-0.6767243314855225,-1.2519502074688795,0.8766384709224371,0.23498711139257678,-0.6767243314855225,-1.2519502074688795,-0.6767243314855225,-0.6767243314855225,-0.6767243314855225,-1.2519502074688795,0.7380043757662827,-0.6767243314855225,-0.6767243314855225,-1.2519502074688795,1.0489532964645487,-0.6767243314855225,0.08368291488307082,-0.10149845550216545,-0.3402387645907802,-0.6767243314855225,0.08368291488307082,0.08368291488307082,-0.10149845550216545,-0.10149845550216545,-0.6767243314855225,-0.3402387645907802,-0.6767243314855225,0.4737274204811915,0.4737274204811915,-1.2519502074688795,-1.2519502074688795,-0.10149845550216545,0.23498711139257678,0.23498711139257678,0.36291298676789485,-0.3402387645907802,-1.2519502074688795,-0.6767243314855225,0.0,-0.3402387645907802,-0.3402387645907802,-0.6767243314855225,-0.6767243314855225,1.274624429645994,-0.3402387645907802
1.6214432528785871,-1.0022521801597202,1.6214432528785871,2.1461823394862485,0.04722599305560278,2.1461823394862485,-0.4775130935520587,1.6214432528785871,2.1461823394862485,-1.0022521801597202,-1.0022521801597202,0.04722599305560278,-0.4775130935520587,1.0967041662709258,0.04722599305560278,0.04722599305560278,0.04722599305560278,1.6214432528785871,-1.0022521801597202,0.5719650796632643,1.6214432528785871,0.5719650796632643,-0.4775130935520587,-1.0022521801597202,-0.4775130935520587,-0.4775130935520587,1.0967041662709258,0.04722599305560278,-0.4775130935520587,-0.4775130935520587,-1.0022521801597202,4.769877772524556,3.720399599309233,1.0967041662709258,-0.4775130935520587,-0.4775130935520587,1.6214432528785871,0.5719650796632643,1.6214432528785871,-1.0022521801597202,-1.0022521801597202,-1.0022521801597202,-1.0022521801597202,3.720399599309233,0.5719650796632643,-0.4775130935520587,1.0967041662709258,1.6214432528785871,-1.0022521801597202,-0.4775130935520587,0.04722599305560278,-0.4775130935520587,0.5719650796632643,0.5719650796632643,0.04722599305560278,-1.0022521801597202,1.6214432528785871,1.6214432528785871,0.5719650796632643,2.1461823394862485,2.6709214260939103,4.769877772524556,1.0967041662709258,1.6214432528785871,-1.0022521801597202,0.04722599305560278,1.6214432528785871,4.769877772524556,0.04722599305560278,0.04722599305560278,2.6709214260939103,0.04722599305560278,0.5719650796632643,0.04722599305560278,-0.4775130935520587,0.5719650796632643,0.04722599305560278,1.6214432528785871,2.6709214260939103,2.6709214260939103,1.6214432528785871,1.6214432528785871,0.5719650796632643,1.0967041662709258,0.5719650796632643,0.5719650796632643,1.0967041662709258,0.04722599305560278,0.5719650796632643,1.0967041662709258,-0.4775130935520587,3.1956605127015716,-1.0022521801597202,-0.4775130935520587,2.1461823394862485,0.5719650796632643,0.5719650796632643,0.04722599305560278,-0.4775130935520587,0.5719650796632643,1.6214432528785871,1.6214432528785871,-0.4775130935520587,0.5719650796632643,1.0967041662709258,1.6214432528785871,0.04722599305560278,1.0967041662709258,0.5719650796632643,-1.0022521801597202,4.245138685916894,0.04722599305560278,0.5719650796632643,0.04722599305560278,-0.4775130935520587,2.6709214260939103,0.5719650796632643,1.0967041662709258,0.04722599305560278,0.04722599305560278,0.04722599305560278,-1.0022521801597202,3.1956605127015716,-0.4775130935520587,2.6709214260939103,0.04722599305560278,-0.4775130935520587,-1.0022521801597202,0.5719650796632643,1.6214432528785871,1.6214432528785871,0.5719650796632643,1.6214432528785871,0.04722599305560278,1.6214432528785871,2.6709214260939103,0.04722599305560278,4.245138685916894,0.04722599305560278,3.1956605127015716,-1.0022521801597202,0.5719650796632643,0.5719650796632643,-0.4775130935520587,0.04722599305560278,1.0967041662709258,-1.0022521801597202,0.04722599305560278,-0.4775130935520587,-0.4775130935520587,1.0967041662709258,3.1956605127015716,1.6214432528785871,1.0967041662709258,-1.0022521801597202,-0.4775130935520587,0.5719650796632643,1.6214432528785871,1.6214432528785871,0.04722599305560278,-0.4775130935520587,0.5719650796632643,1.0967041662709258,-0.4775130935520587,-0.4775130935520587,0.04722599305560278,-0.4775130935520587,0.04722599305560278,-0.4775130935520587,0.04722599305560278,-0.4775130935520587,0.04722599305560278,-0.4775130935520587,0.04722599305560278,-1.0022521801597202,-0.4775130935520587,-0.4775130935520587,-1.0022521801597202,-1.0022521801597202,0.5719650796632643,-1.0022521801597202,-1.0022521801597202,1.6214432528785871,-0.4775130935520587,0.04722599305560278,-1.0022521801597202,-0.4775130935520587,-0.4775130935520587,-1.0022521801597202,-1.0022521801597202,0.5719650796632643,-1.0022521801597202,-1.0022521801597202,0.04722599305560278,0.5719650796632643,1.6214432528785871,-1.0022521801597202,0.04722599305560278,-0.4775130935520587,-0.4775130935520587,-1.0022521801597202,-0.4775130935520587,-0.4775130935520587,-1.0022521801597202,0.5719650796632643,0.04722599305560278,-1.0022521801597202,0.5719650796632643,-1.0022521801597202,2.1461823394862485,-0.4775130935520587,-0.4775130935520587,0.04722599305560278,-0.4775130935520587,0.04722599305560278,-0.4775130935520587,-0.4775130935520587,-0.4775130935520587,-0.4775130935520587,-1.0022521801597202,-1.0022521801597202,0.04722599305560278,1.6214432528785871,0.04722599305560278,-1.0022521801597202,-1.0,0.04722599305560278,0.04722599305560278,0.5719650796632643,1.0967041662709258,0.5719650796632643,0.04722599305560278,0.04722599305560278,-0.4775130935520587,-0.4775130935520587,-0.4775130935520587,-0.4775130935520587,-0.4775130935520587,0.5719650796632643,0.04722599305560278,-0.4775130935520587,-1.0022521801597202,0.04722599305560278,1.0967041662709258,-0.4775130935520587,-1.0,-1.0022521801597202,-0.4775130935520587,-0.4775130935520587,2.1461823394862485,1.6214432528785871,1.0967041662709258,-0.4775130935520587,-0.4775130935520587,-0.4775130935520587,-1.0022521801597202,-0.4775130935520587,0.04722599305560278,0.04722599305560278,0.04722599305560278,-0.4775130935520587,0.04722599305560278,-1.0022521801597202,1.6214432528785871,-1.0022521801597202,0.5719650796632643,1.6214432528785871,1.6214432528785871,0.5719650796632643,0.5719650796632643,0.04722599305560278,-1.0,-0.4775130935520587,1.0967041662709258,1.0967041662709258,0.04722599305560278,-1.0,-0.4775130935520587,0.04722599305560278,0.5719650796632643,-0.4775130935520587,-1.0,0.04722599305560278,-1.0,-0.4775130935520587,2.6709214260939103,0.5719650796632643,0.04722599305560278,-1.0,-0.4775130935520587,0.04722599305560278,0.04722599305560278,-0.4775130935520587,0.5719650796632643,0.04722599305560278,-1.0,-0.4775130935520587,0.5719650796632643,1.0967041662709258,0.04722599305560278,-1.0,-0.4775130935520587,0.04722599305560278,1.0967041662709258,0.04722599305560278,-1.0,-0.4775130935520587,0.5719650796632643,0.04722599305560278,0.04722599305560278,-1.0,-0.4775130935520587,1.0967041662709258,0.04722599305560278,-1.0022521801597202,-1.0022521801597202,-0.4775130935520587,-1.0022521801597202,0.04722599305560278,0.04722599305560278,-0.4775130935520587,-0.4775130935520587,-0.4775130935520587,0.04722599305560278,-1.0022521801597202,0.04722599305560278,-1.0022521801597202,-0.4775130935520587,0.04722599305560278,0.04722599305560278,-0.4775130935520587,-0.4775130935520587,-0.4775130935520587,2.1461823394862485,1.6214432528785871,-0.4775130935520587,1.6214432528785871,1.0967041662709258,0.5719650796632643,3.1956605127015716,-0.4775130935520587,2.1461823394862485,-0.4775130935520587,-1.0022521801597202,-1.0022521801597202,-1.0022521801597202,-0.4775130935520587,-1.0022521801597202,-0.4775130935520587,-1.0022521801597202,-1.0022521801597202,-1.0022521801597202,0.04722599305560278,-1.0022521801597202,0.5719650796632643,0.5719650796632643,-0.4775130935520587,1.0967041662709258,-1.0022521801597202,-0.4775130935520587,0.04722599305560278,-1.0022521801597202,0.04722599305560278,2.1461823394862485,1.6214432528785871,1.0967041662709258,-0.4775130935520587,-0.4775130935520587,-0.4775130935520587,-1.0022521801597202,-0.4775130935520587,0.04722599305560278,-0.4775130935520587,-0.4775130935520587,2.1461823394862485,-1.0022521801597202,1.6214432528785871,-1.0022521801597202,0.04722599305560278,-1.0022521801597202,-0.4775130935520587,1.0967041662709258,1.0967041662709258,-1.0022521801597202,-0.4775130935520587,-0.4775130935520587,1.0967041662709258,-1.0022521801597202,-0.4775130935520587,0.04722599305560278,1.6214432528785871,0.04722599305560278,-0.4775130935520587,-0.4775130935520587,0.5719650796632643,-0.4775130935520587,0.04722599305560278,1.0967041662709258,-0.4775130935520587,-0.4775130935520587,0.04722599305560278,0.04722599305560278,0.04722599305560278,-0.4775130935520587,-1.0022521801597202,-0.4775130935520587,0.5719650796632643,-0.4775130935520587,-0.4775130935520587,-1.0022521801597202,-0.4775130935520587,-1.0022521801597202,0.5719650796632643,-1.0,1.0967041662709258,0.5719650796632643,-1.0022521801597202,-0.4775130935520587,-0.4775130935520587,0.04722599305560278
-1.0,-1.0,-1.0,-1.0,-1.0,1.0,-1.0,-1.0,-1.0,-1.0,-1.0,-1.0,-1.0,-1.0,-1.0,-1.0,-1.0,-1.0,-1.0,-1.0,-1.0,-1.0,1.0,-1.0,-1.0,-1.0,-1.0,-1.0,-1.0,-1.0,-1.0,-1.0,-1.0,-1.0,-1.0,-1.0,-1.0,-1.0,-1.0,-1.0,-1.0,-1.0,-1.0,-1.0,-1.0,-1.0,-1.0,-1.0,-1.0,-1.0,-1.0,-1.0,-1.0,-1.0,-1.0,-1.0,-1.0,-1.0,-1.0,-1.0,-1.0,-1.0,-1.0,-1.0,1.0,-1.0,-1.0,-1.0,-1.0,-1.0,-1.0,-1.0,-1.0,-1.0,-1.0,-1.0,-1.0,-1.0,-1.0,-1.0,-1.0,-1.0,-1.0,-1.0,-1.0,-1.0,-1.0,-1.0,-1.0,-1.0,-1.0,-1.0,-1.0,-1.0,-1.0,-1.0,-1.0,-1.0,-1.0,-1.0,-1.0,-1.0,-1.0,-1.0,-1.0,-1.0,-1.0,-1.0,-1.0,-1.0,-1.0,-1.0,-1.0,-1.0,-1.0,-1.0,-1.0,-1.0,-1.0,-1.0,-1.0,-1.0,-1.0,-1.0,-1.0,-1.0,-1.0,-1.0,-1.0,-1.0,-1.0,-1.0,-1.0,-1.0,-1.0,-1.0,-1.0,-1.0,-1.0,-1.0,-1.0,-1.0,-1.0,-1.0,-1.0,-1.0,-1.0,-1.0,-1.0,-1.0,-1.0,-1.0,-1.0,-1.0,-1.0,-1.0,-1.0,-1.0,-1.0,-1.0,1.0,-1.0,-1.0,1.0,-1.0,1.0,1.0,1.0,-1.0,-1.0,1.0,1.0,1.0,1.0,1.0,1.0,1.0,1.0,1.0,-1.0,1.0,1.0,-1.0,1.0,1.0,1.0,1.0,1.0,1.0,1.0,-1.0,1.0,1.0,-1.0,-1.0,-1.0,-1.0,-1.0,-1.0,1.0,1.0,1.0,1.0,1.0,-1.0,1.0,-1.0,-1.0,1.0,-1.0,1.0,1.0,-1.0,1.0,1.0,1.0,-1.0,1.0,1.0,-1.0,1.0,-1.0,-1.0,-1.0,-1.0,-1.0,-1.0,-1.0,1.0,-1.0,1.0,1.0,-1.0,-1.0,1.0,1.0,1.0,1.0,-1.0,1.0,1.0,1.0,1.0,-1.0,1.0,-1.0,1.0,1.0,1.0,-1.0,-1.0,-1.0,1.0,-1.0,1.0,-1.0,-1.0,1.0,1.0,-1.0,1.0,-1.0,-1.0,-1.0,-1.0,-1.0,-1.0,-1.0,-1.0,1.0,1.0,-1.0,1.0,-1.0,1.0,1.0,-1.0,1.0,-1.0,1.0,-1.0,-1.0,1.0,-1.0,1.0,-1.0,1.0,1.0,-1.0,1.0,-1.0,1.0,-1.0,1.0,1.0,-1.0,1.0,-1.0,1.0,1.0,-1.0,1.0,-1.0,1.0,1.0,-1.0,1.0,-1.0,1.0,1.0,-1.0,1.0,-1.0,1.0,1.0,1.0,1.0,1.0,1.0,-1.0,1.0,1.0,1.0,-1.0,-1.0,1.0,1.0,1.0,1.0,-1.0,1.0,1.0,-1.0,-1.0,-1.0,-1.0,-1.0,-1.0,-1.0,-1.0,-1.0,-1.0,-1.0,-1.0,1.0,-1.0,1.0,-1.0,-1.0,-1.0,1.0,-1.0,1.0,-1.0,-1.0,-1.0,1.0,-1.0,1.0,1.0,1.0,-1.0,1.0,-1.0,-1.0,-1.0,1.0,1.0,-1.0,-1.0,-1.0,1.0,-1.0,1.0,-1.0,-1.0,-1.0,1.0,-1.0,-1.0,-1.0,-1.0,-1.0,-1.0,-1.0,1.0,-1.0,-1.0,-1.0,1.0,-1.0,-1.0,-1.0,1.0,-1.0,1.0,1.0,-1.0,1.0,-1.0,-1.0,-1.0,1.0,1.0,-1.0,-1.0,-1.0,1.0,1.0,1.0,1.0,-1.0,-1.0,-1.0,-1.0,1.0,1.0,1.0,1.0,1.0
-1.0,-1.0,-1.0,-1.0,-1.0,-1.0,1.0,-1.0,-1.0,-1.0,1.0,-1.0,-1.0,-1.0,-1.0,-1.0,-1.0,-1.0,-1.0,-1.0,-1.0,-1.0,-1.0,-1.0,-1.0,-1.0,-1.0,1.0,-1.0,-1.0,-1.0,-1.0,-1.0,-1.0,-1.0,-1.0,-1.0,-1.0,-1.0,-1.0,-1.0,-1.0,-1.0,-1.0,-1.0,-1.0,-1.0,-1.0,-1.0,1.0,-1.0,-1.0,-1.0,-1.0,-1.0,-1.0,-1.0,-1.0,-1.0,-1.0,-1.0,-1.0,-1.0,-1.0,1.0,-1.0,-1.0,-1.0,-1.0,-1.0,-1.0,-1.0,-1.0,-1.0,1.0,-1.0,-1.0,-1.0,-1.0,-1.0,-1.0,-1.0,-1.0,-1.0,-1.0,-1.0,-1.0,-1.0,-1.0,-1.0,-1.0,-1.0,-1.0,-1.0,-1.0,-1.0,-1.0,1.0,-1.0,-1.0,-1.0,-1.0,-1.0,-1.0,-1.0,-1.0,-1.0,-1.0,-1.0,-1.0,-1.0,-1.0,-1.0,-1.0,-1.0,-1.0,-1.0,-1.0,-1.0,-1.0,-1.0,-1.0,-1.0,-1.0,-1.0,-1.0,-1.0,-1.0,-1.0,-1.0,-1.0,-1.0,-1.0,-1.0,-1.0,-1.0,-1.0,-1.0,-1.0,-1.0,-1.0,1.0,-1.0,-1.0,-1.0,-1.0,-1.0,-1.0,-1.0,-1.0,-1.0,-1.0,-1.0,-1.0,-1.0,-1.0,-1.0,1.0,-1.0,1.0,-1.0,-1.0,-1.0,-1.0,-1.0,-1.0,-1.0,-1.0,-1.0,-1.0,-1.0,-1.0,-1.0,-1.0,-1.0,-1.0,-1.0,-1.0,-1.0,-1.0,-1.0,-1.0,-1.0,-1.0,-1.0,-1.0,-1.0,-1.0,-1.0,-1.0,-1.0,-1.0,-1.0,-1.0,-1.0,-1.0,-1.0,-1.0,-1.0,-1.0,-1.0,-1.0,-1.0,-1.0,-1.0,-1.0,-1.0,1.0,-1.0,-1.0,-1.0,-1.0,-1.0,-1.0,-1.0,-1.0,-1.0,-1.0,-1.0,-1.0,-1.0,-1.0,-1.0,-1.0,1.0,-1.0,-1.0,-1.0,-1.0,-1.0,-1.0,-1.0,-1.0,-1.0,-1.0,-1.0,-1.0,-1.0,-1.0,-1.0,-1.0,-1.0,-1.0,-1.0,-1.0,-1.0,-1.0,-1.0,-1.0,-1.0,-1.0,-1.0,-1.0,-1.0,-1.0,-1.0,-1.0,-1.0,-1.0,-1.0,-1.0,-1.0,-1.0,-1.0,-1.0,-1.0,-1.0,-1.0,-1.0,-1.0,-1.0,-1.0,-1.0,-1.0,-1.0,-1.0,-1.0,-1.0,-1.0,-1.0,-1.0,-1.0,-1.0,-1.0,-1.0,-1.0,-1.0,-1.0,-1.0,-1.0,-1.0,-1.0,-1.0,-1.0,-1.0,-1.0,-1.0,-1.0,-1.0,-1.0,-1.0,-1.0,-1.0,-1.0,-1.0,-1.0,-1.0,-1.0,-1.0,-1.0,-1.0,-1.0,-1.0,-1.0,-1.0,-1.0,-1.0,-1.0,-1.0,-1.0,-1.0,-1.0,-1.0,-1.0,-1.0,-1.0,-1.0,-1.0,-1.0,-1.0,-1.0,-1.0,-1.0,-1.0,-1.0,-1.0,-1.0,-1.0,-1.0,-1.0,-1.0,-1.0,-1.0,-1.0,-1.0,-1.0,-1.0,-1.0,-1.0,-1.0,-1.0,-1.0,-1.0,-1.0,-1.0,-1.0,-1.0,-1.0,-1.0,-1.0,-1.0,-1.0,1.0,-1.0,-1.0,-1.0,-1.0,-1.0,-1.0,-1.0,-1.0,-1.0,-1.0,-1.0,-1.0,-1.0,-1.0,-1.0,-1.0,-1.0,-1.0,-1.0,-1.0,-1.0,-1.0,-1.0,-1.0,-1.0,-1.0,-1.0,-1.0,1.0,-1.0,-1.0,-1.0,-1.0,-1.0,-1.0,-1.0,-1.0,-1.0,-1.0,-1.0,-1.0,-1.0,-1.0,-1.0,-1.0,-1.0,-1.0,-1.0,-1.0,-1.0,-1.0,-1.0,-1.0,-1.0,-1.0,-1.0,-1.0
-1.0,-1.0,-1.0,-1.0,-1.0,-1.0,-1.0,-1.0,-1.0,-1.0,-1.0,-1.0,1.0,-1.0,-1.0,-1.0,-1.0,-1.0,-1.0,-1.0,-1.0,-1.0,-1.0,-1.0,-1.0,-1.0,-1.0,-1.0,-1.0,-1.0,-1.0,-1.0,-1.0,-1.0,-1.0,-1.0,-1.0,-1.0,-1.0,-1.0,-1.0,-1.0,-1.0,-1.0,-1.0,-1.0,-1.0,-1.0,-1.0,-1.0,-1.0,-1.0,-1.0,-1.0,-1.0,-1.0,-1.0,-1.0,-1.0,-1.0,-1.0,-1.0,-1.0,-1.0,-1.0,1.0,-1.0,-1.0,-1.0,-1.0,-1.0,-1.0,-1.0,-1.0,1.0,-1.0,-1.0,-1.0,-1.0,-1.0,-1.0,-1.0,-1.0,-1.0,-1.0,1.0,-1.0,-1.0,-1.0,-1.0,-1.0,-1.0,-1.0,-1.0,-1.0,1.0,-1.0,-1.0,-1.0,-1.0,-1.0,-1.0,1.0,-1.0,-1.0,-1.0,-1.0,-1.0,-1.0,-1.0,-1.0,-1.0,-1.0,-1.0,-1.0,-1.0,-1.0,-1.0,-1.0,1.0,1.0,-1.0,-1.0,-1.0,-1.0,-1.0,-1.0,-1.0,-1.0,-1.0,-1.0,-1.0,-1.0,-1.0,-1.0,-1.0,-1.0,-1.0,-1.0,-1.0,-1.0,-1.0,-1.0,-1.0,-1.0,-1.0,-1.0,-1.0,-1.0,-1.0,-1.0,-1.0,-1.0,-1.0,-1.0,-1.0,-1.0,-1.0,-1.0,-1.0,-1.0,-1.0,1.0,-1.0,-1.0,-1.0,-1.0,-1.0,-1.0,-1.0,-1.0,-1.0,-1.0,-1.0,-1.0,-1.0,-1.0,-1.0,-1.0,-1.0,-1.0,-1.0,-1.0,-1.0,-1.0,-1.0,-1.0,-1.0,-1.0,-1.0,-1.0,-1.0,-1.0,-1.0,-1.0,-1.0,-1.0,-1.0,-1.0,-1.0,-1.0,-1.0,-1.0,-1.0,-1.0,-1.0,-1.0,-1.0,-1.0,-1.0,-1.0,-1.0,-1.0,-1.0,-1.0,-1.0,-1.0,-1.0,-1.0,-1.0,-1.0,-1.0,-1.0,-1.0,-1.0,-1.0,-1.0,-1.0,-1.0,-1.0,-1.0,-1.0,-1.0,-1.0,-1.0,-1.0,-1.0,-1.0,-1.0,-1.0,-1.0,-1.0,-1.0,-1.0,-1.0,-1.0,-1.0,-1.0,-1.0,-1.0,-1.0,-1.0,-1.0,-1.0,-1.0,-1.0,-1.0,-1.0,-1.0,-1.0,-1.0,-1.0,-1.0,-1.0,-1.0,-1.0,-1.0,-1.0,-1.0,-1.0,-1.0,-1.0,-1.0,-1.0,-1.0,-1.0,-1.0,-1.0,-1.0,-1.0,-1.0,-1.0,-1.0,-1.0,-1.0,-1.0,-1.0,-1.0,-1.0,-1.0,-1.0,-1.0,-1.0,-1.0,-1.0,-1.0,-1.0,-1.0,-1.0,-1.0,-1.0,-1.0,-1.0,-1.0,-1.0,-1.0,-1.0,-1.0,-1.0,-1.0,-1.0,-1.0,-1.0,-1.0,-1.0,-1.0,-1.0,-1.0,-1.0,-1.0,-1.0,-1.0,-1.0,-1.0,-1.0,-1.0,-1.0,-1.0,-1.0,-1.0,-1.0,-1.0,-1.0,-1.0,-1.0,-1.0,-1.0,-1.0,-1.0,-1.0,-1.0,-1.0,-1.0,-1.0,-1.0,-1.0,-1.0,-1.0,-1.0,-1.0,-1.0,-1.0,-1.0,-1.0,-1.0,-1.0,-1.0,-1.0,-1.0,-1.0,-1.0,-1.0,-1.0,-1.0,-1.0,-1.0,-1.0,-1.0,-1.0,-1.0,-1.0,-1.0,-1.0,-1.0,-1.0,-1.0,-1.0,-1.0,-1.0,-1.0,-1.0,-1.0,-1.0,-1.0,-1.0,-1.0,-1.0,-1.0,-1.0,-1.0,-1.0,-1.0,1.0,-1.0,-1.0,-1.0,-1.0,1.0,-1.0,-1.0,-1.0,-1.0,-1.0,-1.0,-1.0,-1.0,-1.0,-1.0,-1.0,-1.0,-1.0,-1.0,-1.0,-1.0,-1.0,-1.0,-1.0,-1.0,-1.0,-1.0
-2.446043165467626,-2.446043165467626,-2.446043165467626,-2.446043165467626,-2.446043165467626,-0.2659690429474603,-2.446043165467626,-2.446043165467626,-2.446043165467626,-2.446043165467626,-2.446043165467626,-2.446043165467626,-2.446043165467626,-2.446043165467626,-2.446043165467626,-2.446043165467626,-2.446043165467626,-2.446043165467626,-2.446043165467626,-2.446043165467626,-2.446043165467626,-2.446043165467626,0.8240680183126226,-2.446043165467626,-2.446043165467626,-2.446043165467626,-2.446043165467626,-2.446043165467626,-2.446043165467626,-2.446043165467626,-2.446043165467626,-2.446043165467626,-2.446043165467626,-2.446043165467626,-2.446043165467626,-2.446043165467626,-2.446043165467626,-2.446043165467626,-2.446043165467626,-2.446043165467626,-2.446043165467626,-2.446043165467626,-2.446043165467626,-2.446043165467626,-2.446043165467626,-2.446043165467626,-2.446043165467626,-2.446043165467626,-2.446043165467626,-2.446043165467626,-2.446043165467626,-2.446043165467626,-2.446043165467626,-2.446043165467626,-2.446043165467626,-2.446043165467626,-2.446043165467626,-2.446043165467626,-2.446043165467626,-2.446043165467626,-2.446043165467626,-2.446043165467626,-2.446043165467626,-2.446043165467626,-0.2659690429474603,-2.446043165467626,-2.446043165467626,-2.446043165467626,-2.446043165467626,-2.446043165467626,-2.446043165467626,-2.446043165467626,-2.446043165467626,-2.446043165467626,-2.446043165467626,-2.446043165467626,-2.446043165467626,-2.446043165467626,-2.446043165467626,-2.446043165467626,-2.446043165467626,-2.446043165467626,-2.446043165467626,-2.446043165467626,-2.446043165467626,-2.446043165467626,-2.446043165467626,-2.446043165467626,-2.446043165467626,-2.446043165467626,-2.446043165467626,-2.446043165467626,-2.446043165467626,-2.446043165467626,-2.446043165467626,-2.446043165467626,-2.446043165467626,-2.446043165467626,-2.446043165467626,-2.446043165467626,-2.446043165467626,-2.446043165467626,-2.446043165467626,-2.446043165467626,-2.446043165467626,-2.446043165467626,-2.446043165467626,-2.446043165467626,-2.446043165467626,-2.446043165467626,-2.446043165467626,-2.446043165467626,-2.446043165467626,-2.446043165467626,-2.446043165467626,-2.446043165467626,-2.446043165467626,-2.446043165467626,-2.446043165467626,-2.446043165467626,-2.446043165467626,-2.446043165467626,-2.446043165467626,-2.446043165467626,-2.446043165467626,-2.446043165467626,-2.446043165467626,-2.446043165467626,-2.446043165467626,-2.446043165467626,-2.446043165467626,-2.446043165467626,-2.446043165467626,-2.446043165467626,-2.446043165467626,-2.446043165467626,-2.446043165467626,-2.446043165467626,-2.446043165467626,-2.446043165467626,-2.446043165467626,-2.446043165467626,-2.446043165467626,-2.446043165467626,-2.446043165467626,-2.446043165467626,-2.446043165467626,-2.446043165467626,-2.446043165467626,-2.446043165467626,-2.446043165467626,-2.446043165467626,-2.446043165467626,-2.446043165467626,-2.446043165467626,-2.446043165467626,-2.446043165467626,-2.446043165467626,-2.446043165467626,-2.446043165467626,-0.2659690429474603,-2.446043165467626,-2.446043165467626,-0.8109875735775016,-2.446043165467626,-0.2659690429474603,-0.2659690429474603,-0.2659690429474603,-2.446043165467626,-2.446043165467626,-0.8109875735775016,-0.2659690429474603,-0.2659690429474603,-1.356006104207543,0.35690927777258696,-0.03648755636639027,-1.1379986919555263,-0.8109875735775016,0.8240680183126226,-2.446043165467626,0.8240680183126226,0.8240680183126226,-2.446043165467626,-0.8109875735775016,-1.356006104207543,0.35690927777258696,-0.03648755636639027,-1.1379986919555263,-0.8109875735775016,0.8240680183126226,-2.446043165467626,0.8240680183126226,0.8240680183126226,-2.446043165467626,-2.446043165467626,-2.446043165467626,-2.446043165467626,-2.446043165467626,-2.446043165467626,-0.8109875735775016,-0.2659690429474603,0.6317085369137844,1.187413705399317,0.8240680183126226,-2.446043165467626,-0.9926604171208488,-2.446043165467626,-2.446043165467626,-1.356006104207543,-2.446043165467626,-0.15696533682145206,-0.16313535792292422,-2.446043165467626,0.7306362702046154,0.06942697590179618,-0.17118321153354002,-2.446043165467626,-0.7398982000170614,-0.2865357799523675,-2.446043165467626,0.8240680183126226,-2.446043165467626,-2.446043165467626,-2.446043165467626,-2.446043165467626,0.0,-2.446043165467626,-2.446043165467626,-1.6285153695225636,-2.446043165467626,-1.6285153695225636,-2.0826974783809313,-2.446043165467626,-2.446043165467626,-1.1379986919555263,0.46639960758665794,0.7162621551110759,-0.4022236756049705,-2.446043165467626,0.526785183423509,-0.05446931464326502,0.7029527892837243,-0.8109875735775016,-2.446043165467626,-1.9429491371937413,0.0,-1.356006104207543,-0.4839764551994768,-1.1044590900706008,-2.446043165467626,-2.446043165467626,-2.446043165467626,0.17004578155657307,-2.446043165467626,-1.356006104207543,-2.446043165467626,-2.446043165467626,-0.2659690429474603,-0.2659690429474603,-2.446043165467626,-0.2659690429474603,-2.446043165467626,-2.446043165467626,-2.446043165467626,-2.446043165467626,-2.446043165467626,-2.446043165467626,-2.446043165467626,-2.446043165467626,-1.9788844249275905,-0.2659690429474603,0.0,-0.2659690429474603,-2.446043165467626,-1.5117256843875548,-0.2659690429474603,0.0,-0.2659690429474603,-2.446043165467626,-1.6285153695225636,-2.446043165467626,0.0,-0.2659690429474603,0.0,-0.2659690429474603,-2.446043165467626,-1.2197514715500326,-0.2659690429474603,0.0,-0.2659690429474603,-2.446043165467626,-0.4839764551994768,-2.446043165467626,-2.0100283409635926,-0.2659690429474603,0.0,-0.2659690429474603,-2.446043165467626,-1.9010246348375845,-0.2659690429474603,0.0,-0.2659690429474603,-2.446043165467626,-1.8514774956893987,-0.2659690429474603,0.0,-0.2659690429474603,-2.446043165467626,-0.4839764551994768,-0.2659690429474603,0.0,-0.2659690429474603,-2.446043165467626,-0.662346156132945,0.46072233122592815,1.914105079572705,0.46072233122592815,1.914105079572705,-0.0677804863547178,-2.446043165467626,0.8240680183126226,0.06942697590179618,0.8240680183126226,-2.446043165467626,-2.446043165467626,-0.2659690429474603,-0.2659690429474603,-0.1821200382351462,-0.0677804863547178,-2.446043165467626,0.8240680183126226,0.06942697590179618,-2.446043165467626,-2.446043165467626,-2.446043165467626,-2.446043165467626,-2.446043165467626,-2.446043165467626,-2.446043165467626,-2.446043165467626,-2.446043165467626,-2.446043165467626,-2.446043165467626,-2.446043165467626,-0.4336670523720882,-2.446043165467626,-0.7019838674514933,-2.446043165467626,-2.446043165467626,-2.446043165467626,-0.2659690429474603,-2.446043165467626,-1.7920209287115763,-2.446043165467626,-2.446043165467626,-2.446043165467626,-0.4022236756049705,-2.446043165467626,-0.4336670523720882,-0.2659690429474603,-0.8109875735775016,-2.446043165467626,-1.1379986919555263,-2.446043165467626,-2.446043165467626,-2.446043165467626,0.17004578155657307,-1.356006104207543,-2.446043165467626,-2.446043165467626,-2.446043165467626,-0.2659690429474603,-2.446043165467626,0.17004578155657307,-2.446043165467626,-2.446043165467626,-2.446043165467626,-1.439855108919857,-2.446043165467626,-2.446043165467626,-2.446043165467626,-2.446043165467626,-2.446043165467626,-2.446043165467626,-2.446043165467626,0.526785183423509,-2.446043165467626,-2.446043165467626,-2.446043165467626,0.41530412034009156,-2.446043165467626,-2.446043165467626,-2.446043165467626,-0.2659690429474603,-2.446043165467626,-1.1379986919555263,-1.1379986919555263,-2.446043165467626,-0.8109875735775016,-2.446043165467626,-2.446043165467626,-2.446043165467626,-1.6285153695225636,-1.6285153695225636,-2.446043165467626,-2.446043165467626,-2.446043165467626,-0.2659690429474603,-1.356006104207543,0.35690927777258696,-0.2659690429474603,-2.446043165467626,-2.446043165467626,0.0,-2.446043165467626,-0.2659690429474603,0.8240680183126226,0.8240680183126226,-0.2659690429474603,-0.2659690429474603
-0.8379914509840762,-0.8379914509840762,-0.8379914509840762,-0.8379914509840762,-0.8379914509840762,0.008640501350139093,-0.8379914509840762,-0.8379914509840762,-0.8379914509840762,-0.8379914509840762,-0.8379914509840762,-0.8379914509840762,-0.7073537229411824,-0.8379914509840762,-0.8379914509840762,-0.8379914509840762,-0.471255805443032,-0.8379914509840762,-0.6425382111868007,-0.7073537229411824,-0.471255805443032,-0.7073537229411824,-0.3264385948391911,-0.8379914509840762,-0.28273525918707676,-0.8379914509840762,-0.8379914509840762,-0.8379914509840762,-0.8379914509840762,-0.8379914509840762,-0.7769746277781607,-0.7073537229411824,-0.8379914509840762,-0.8379914509840762,-0.8379914509840762,-0.8379914509840762,-0.5249534087498556,-0.8379914509840762,-0.8379914509840762,-0.8379914509840762,-0.8379914509840762,-0.8379914509840762,-0.8379914509840762,-0.8379914509840762,-0.8379914509840762,-0.8379914509840762,-0.5819073491100745,-0.471255805443032,-0.6425382111868007,-0.8379914509840762,-0.8379914509840762,-0.8379914509840762,-0.8379914509840762,-0.7073537229411824,-0.8379914509840762,-0.8379914509840762,-0.8379914509840762,-0.8379914509840762,-0.7769746277781607,-0.8379914509840762,-0.8379914509840762,-0.7073537229411824,-0.8379914509840762,-0.8379914509840762,-0.7769746277781607,-0.471255805443032,-0.5249534087498556,-0.7073537229411824,-0.8379914509840762,-0.8379914509840762,-0.8379914509840762,-0.8379914509840762,-0.8379914509840762,-0.8379914509840762,-0.5819073491100745,-0.8379914509840762,-0.8379914509840762,-0.5249534087498556,-0.8379914509840762,-0.8379914509840762,-0.8379914509840762,-0.8379914509840762,-0.7769746277781607,-0.5819073491100745,-0.8379914509840762,-0.28273525918707676,-0.8379914509840762,-0.5249534087498556,-0.7073537229411824,-0.5819073491100745,-0.8379914509840762,-0.8379914509840762,-0.8379914509840762,-0.8379914509840762,-0.8379914509840762,-0.28273525918707676,-0.8379914509840762,-0.8379914509840762,-0.8379914509840762,-0.8379914509840762,-0.8379914509840762,-0.8379914509840762,-0.6425382111868007,-0.7769746277781607,-0.8379914509840762,-0.8379914509840762,-0.8379914509840762,-0.6425382111868007,-0.7769746277781607,-0.8379914509840762,-0.7769746277781607,-0.8379914509840762,-0.8379914509840762,-0.8379914509840762,-0.6425382111868007,-0.8379914509840762,-0.8379914509840762,-0.8379914509840762,-0.8379914509840762,-0.5249534087498556,-0.5249534087498556,-0.8379914509840762,-0.8379914509840762,-0.8379914509840762,-0.8379914509840762,-0.8379914509840762,-0.8379914509840762,-0.8379914509840762,-0.7769746277781607,-0.8379914509840762,-0.8379914509840762,-0.8379914509840762,-0.8379914509840762,-0.8379914509840762,-0.8379914509840762,-0.8379914509840762,-0.8379914509840762,-0.7769746277781607,-0.8379914509840762,-0.8379914509840762,-0.8379914509840762,-0.3722746267518522,-0.8379914509840762,-0.8379914509840762,-0.8379914509840762,-0.8379914509840762,-0.7769746277781607,-0.42046223010339584,-0.8379914509840762,-0.8379914509840762,-0.6425382111868007,-0.8379914509840762,-0.8379914509840762,-0.8379914509840762,-0.8379914509840762,-0.5819073491100745,-0.8379914509840762,-0.471255805443032,-0.471255805443032,-0.023208389321739645,-0.5819073491100745,-0.7073537229411824,0.09817986891491412,-0.3722746267518522,-0.8379914509840762,-0.5249534087498556,-0.5819073491100745,-0.471255805443032,-0.6425382111868007,-0.8379914509840762,-0.3722746267518522,-0.5249534087498556,-0.6425382111868007,0.27890408578508746,0.008640501350139093,1.1207360408385294,0.8694519362453007,-0.6425382111868007,-0.8379914509840762,-0.28273525918707676,-0.8379914509840762,-0.8379914509840762,-0.8379914509840762,0.34684589759365164,0.27890408578508746,0.008640501350139093,1.1207360408385294,0.8694519362453007,-0.6425382111868007,-0.8379914509840762,-0.28273525918707676,-0.8379914509840762,-0.8379914509840762,-0.8379914509840762,-0.7769746277781607,-0.8379914509840762,-0.8379914509840762,-0.5249534087498556,-0.6425382111868007,-0.3264385948391911,-0.12579591524122108,1.654649438205439,0.38955562945212996,-0.8379914509840762,-0.7073537229411824,1.3187942558098,-0.8379914509840762,-0.7769746277781607,-0.42046223010339584,-0.3264385948391911,1.9803654469444316,1.9803654469444316,-0.42046223010339584,1.6971177897184708,1.9803654469444316,1.9803654469444316,-0.8379914509840762,1.4146646624556451,1.9803654469444316,-0.8379914509840762,-0.8379914509840762,-0.8379914509840762,-0.8379914509840762,-0.8379914509840762,-0.8379914509840762,-0.8379914509840762,0.5253827972957186,-0.8379914509840762,1.6814162715882242,-0.8379914509840762,1.6814162715882242,1.3568339583366793,0.15345771195397964,-0.8379914509840762,-0.12579591524122108,1.9803654469444316,1.9803654469444316,1.6492033226675307,-0.7769746277781607,1.8456350929325123,1.9803654469444316,1.9803654469444316,1.1855515525929101,-0.5819073491100745,0.9182656324552789,-0.8379914509840762,-0.24097494863154706,0.507140431889075,1.966082891155672,-0.8379914509840762,-0.8379914509840762,-0.8379914509840762,-0.023208389321739645,-0.3722746267518522,0.1262253037870841,-0.8379914509840762,-0.8379914509840762,-0.42046223010339584,-0.5249534087498556,-0.8379914509840762,-0.5819073491100745,-0.8379914509840762,-0.8379914509840762,-0.8379914509840762,-0.8379914509840762,-0.7769746277781607,-0.5249534087498556,-0.8379914509840762,-0.7073537229411824,1.1674846054109034,-0.5249534087498556,-0.8379914509840762,-0.6425382111868007,-0.1626419043936299,1.2791490357521393,-0.5249534087498556,-0.8379914509840762,-0.6425382111868007,-0.471255805443032,0.6598192138870784,-0.5819073491100745,-0.8379914509840762,-0.5249534087498556,-0.8379914509840762,-0.6425382111868007,-0.3264385948391911,1.371628788500744,-0.5249534087498556,-0.8379914509840762,-0.6425382111868007,-0.5249534087498556,0.7350155196539405,-0.5819073491100745,1.3187942558098,-0.5249534087498556,-0.8379914509840762,-0.6425382111868007,-0.3264385948391911,1.111100548173595,-0.5249534087498556,-0.8379914509840762,-0.6425382111868007,-0.42046223010339584,1.0815865303865884,-0.5249534087498556,-0.8379914509840762,-0.6425382111868007,-0.28273525918707676,1.7176530838257549,-0.5249534087498556,-0.8379914509840762,-0.6425382111868007,-0.5819073491100745,0.8694519362453007,0.32474011769774863,-0.8379914509840762,0.38955562945212996,-0.8379914509840762,0.8568416489305937,-0.8379914509840762,0.38955562945212996,0.8311016196308474,0.008640501350139093,-0.8379914509840762,-0.8379914509840762,-0.5249534087498556,-0.8379914509840762,1.526872879717154,0.8568416489305937,-0.8379914509840762,0.38955562945212996,0.8311016196308474,-0.8379914509840762,-0.8379914509840762,-0.8379914509840762,-0.8379914509840762,-0.8379914509840762,-0.8379914509840762,-0.8379914509840762,-0.8379914509840762,-0.8379914509840762,-0.8379914509840762,-0.8379914509840762,-0.8379914509840762,0.6598192138870784,-0.8379914509840762,0.9417531632978903,-0.8379914509840762,-0.5819073491100745,-0.8379914509840762,0.5253827972957186,-0.8379914509840762,0.6440297279399877,-0.8379914509840762,-0.8379914509840762,-0.8379914509840762,0.975918830234688,-0.471255805443032,0.6598192138870784,-0.6425382111868007,0.9417531632978903,-0.8379914509840762,0.039444975795149016,-0.8379914509840762,-0.8379914509840762,-0.8379914509840762,-0.023208389321739645,0.1262253037870841,-0.3722746267518522,-0.8379914509840762,-0.8379914509840762,-0.42046223010339584,-0.5819073491100745,-0.1626419043936299,-0.42046223010339584,-0.8379914509840762,-0.8379914509840762,0.6116316105355352,0.2056629363936535,-0.8379914509840762,-0.8379914509840762,-0.5249534087498556,-0.5819073491100745,-0.8379914509840762,-0.8379914509840762,0.6753477046111246,-0.6425382111868007,-0.8379914509840762,-0.8379914509840762,1.111100548173595,-0.471255805443032,0.039444975795149016,-0.42046223010339584,-0.5819073491100745,-0.7073537229411824,-0.056175010404242665,0.008640501350139093,0.09817986891491412,-0.3722746267518522,-0.8379914509840762,-0.471255805443032,-0.8379914509840762,0.4695573283015892,0.38955562945212996,-0.8379914509840762,-0.8379914509840762,-0.09034067734104072,0.1262253037870841,0.1262253037870841,-0.056175010404242665,-0.5819073491100745,-0.8379914509840762,-0.7073537229411824,-0.8379914509840762,-0.12579591524122108,-0.24097494863154706,-0.8379914509840762,-0.8379914509840762,1.2952084404769273,-0.5249534087498556
-1.0,-1.0,-1.0,-1.0,-1.0,-1.0,-1.0,-1.0,-1.0,-1.0,-1.0,-1.0,-1.0,-1.0,-1.0,-1.0,-1.0,-1.0,-1.0,-1.0,-1.0,-1.0,-1.0,-1.0,-1.0,-1.0,-1.0,-1.0,-1.0,-1.0,-1.0,-1.0,-1.0,-1.0,-1.0,-1.0,-1.0,-1.0,-1.0,-1.0,-1.0,-1.0,-1.0,-1.0,-1.0,-1.0,-1.0,-1.0,1.0,-1.0,-1.0,-1.0,-1.0,-1.0,-1.0,1.0,-1.0,-1.0,-1.0,-1.0,-1.0,-1.0,-1.0,-1.0,-1.0,-1.0,-1.0,-1.0,-1.0,-1.0,-1.0,-1.0,-1.0,-1.0,-1.0,-1.0,-1.0,-1.0,-1.0,-1.0,-1.0,-1.0,-1.0,-1.0,-1.0,-1.0,-1.0,-1.0,-1.0,-1.0,-1.0,-1.0,1.0,-1.0,-1.0,-1.0,-1.0,-1.0,-1.0,-1.0,-1.0,-1.0,-1.0,-1.0,-1.0,-1.0,-1.0,-1.0,-1.0,-1.0,-1.0,-1.0,-1.0,-1.0,-1.0,-1.0,-1.0,-1.0,-1.0,-1.0,-1.0,-1.0,-1.0,-1.0,-1.0,-1.0,-1.0,-1.0,-1.0,-1.0,-1.0,-1.0,-1.0,-1.0,-1.0,-1.0,-1.0,-1.0,-1.0,-1.0,-1.0,-1.0,-1.0,-1.0,-1.0,-1.0,-1.0,-1.0,-1.0,-1.0,-1.0,-1.0,-1.0,-1.0,-1.0,-1.0,-1.0,-1.0,1.0,-1.0,-1.0,-1.0,-1.0,-1.0,-1.0,-1.0,-1.0,-1.0,-1.0,-1.0,-1.0,-1.0,-1.0,1.0,-1.0,1.0,1.0,1.0,-1.0,-1.0,-1.0,-1.0,-1.0,1.0,1.0,-1.0,1.0,1.0,1.0,-1.0,-1.0,-1.0,-1.0,-1.0,-1.0,-1.0,-1.0,-1.0,-1.0,-1.0,1.0,1.0,1.0,-1.0,-1.0,1.0,-1.0,-1.0,1.0,-1.0,1.0,1.0,-1.0,1.0,1.0,1.0,-1.0,1.0,1.0,-1.0,-1.0,-1.0,-1.0,-1.0,-1.0,-1.0,-1.0,-1.0,1.0,-1.0,1.0,1.0,-1.0,-1.0,1.0,1.0,1.0,1.0,-1.0,1.0,1.0,1.0,1.0,1.0,1.0,-1.0,1.0,1.0,1.0,-1.0,-1.0,1.0,1.0,1.0,-1.0,-1.0,-1.0,-1.0,-1.0,-1.0,-1.0,-1.0,-1.0,-1.0,-1.0,-1.0,-1.0,-1.0,-1.0,1.0,-1.0,-1.0,-1.0,-1.0,1.0,-1.0,-1.0,-1.0,-1.0,1.0,-1.0,1.0,-1.0,-1.0,-1.0,-1.0,1.0,-1.0,-1.0,-1.0,-1.0,1.0,-1.0,1.0,-1.0,-1.0,-1.0,-1.0,1.0,-1.0,-1.0,-1.0,-1.0,1.0,-1.0,-1.0,-1.0,-1.0,1.0,-1.0,-1.0,-1.0,-1.0,1.0,1.0,-1.0,1.0,-1.0,-1.0,-1.0,1.0,1.0,-1.0,-1.0,1.0,-1.0,-1.0,1.0,-1.0,-1.0,1.0,1.0,-1.0,-1.0,-1.0,-1.0,-1.0,-1.0,-1.0,-1.0,-1.0,-1.0,-1.0,-1.0,1.0,-1.0,1.0,-1.0,-1.0,-1.0,1.0,-1.0,-1.0,-1.0,-1.0,-1.0,1.0,-1.0,1.0,-1.0,1.0,-1.0,-1.0,-1.0,-1.0,1.0,1.0,-1.0,1.0,-1.0,-1.0,-1.0,-1.0,-1.0,-1.0,1.0,-1.0,1.0,-1.0,1.0,-1.0,1.0,-1.0,1.0,-1.0,1.0,-1.0,1.0,-1.0,1.0,1.0,-1.0,-1.0,-1.0,-1.0,-1.0,-1.0,-1.0,-1.0,-1.0,-1.0,-1.0,1.0,1.0,-1.0,-1.0,-1.0,-1.0,-1.0,-1.0,-1.0,-1.0,-1.0,1.0,1.0,1.0,-1.0,1.0,1.0,-1.0
-0.16989594669116745,-0.16989594669116745,-0.16989594669116745,-0.16989594669116745,-0.16989594669116745,-0.16989594669116745,-0.16989594669116745,-0.16989594669116745,-0.16989594669116745,-0.16989594669116745,-0.16989594669116745,-0.16989594669116745,-0.16989594669116745,-0.16989594669116745,-0.16989594669116745,-0.16989594669116745,-0.16989594669116745,-0.16989594669116745,-0.16989594669116745,-0.16989594669116745,-0.16989594669116745,-0.16989594669116745,-0.16989594669116745,-0.16989594669116745,-0.16989594669116745,-0.16989594669116745,-0.16989594669116745,-0.16989594669116745,-0.16989594669116745,-0.16989594669116745,-0.16989594669116745,-0.16989594669116745,-0.16989594669116745,-0.16989594669116745,-0.16989594669116745,-0.16989594669116745,-0.16989594669116745,-0.16989594669116745,-0.16989594669116745,-0.16989594669116745,-0.16989594669116745,-0.16989594669116745,-0.16989594669116745,-0.16989594669116745,-0.16989594669116745,-0.16989594669116745,-0.16989594669116745,-0.16989594669116745,4.7276522427342424,-0.16989594669116745,-0.16989594669116745,-0.16989594669116745,-0.16989594669116745,-0.16989594669116745,-0.16989594669116745,4.7276522427342424,-0.16989594669116745,-0.16989594669116745,-0.16989594669116745,-0.16989594669116745,-0.16989594669116745,-0.16989594669116745,-0.16989594669116745,-0.16989594669116745,-0.16989594669116745,-0.16989594669116745,-0.16989594669116745,-0.16989594669116745,-0.16989594669116745,-0.16989594669116745,-0.16989594669116745,-0.16989594669116745,-0.16989594669116745,-0.16989594669116745,-0.16989594669116745,-0.16989594669116745,-0.16989594669116745,-0.16989594669116745,-0.16989594669116745,-0.16989594669116745,-0.16989594669116745,-0.16989594669116745,-0.16989594669116745,-0.16989594669116745,-0.16989594669116745,-0.16989594669116745,-0.16989594669116745,-0.16989594669116745,-0.16989594669116745,-0.16989594669116745,-0.16989594669116745,-0.16989594669116745,4.7276522427342424,-0.16989594669116745,-0.16989594669116745,-0.16989594669116745,-0.16989594669116745,-0.16989594669116745,-0.16989594669116745,-0.16989594669116745,-0.16989594669116745,-0.16989594669116745,-0.16989594669116745,-0.16989594669116745,-0.16989594669116745,-0.16989594669116745,-0.16989594669116745,-0.16989594669116745,-0.16989594669116745,-0.16989594669116745,-0.16989594669116745,-0.16989594669116745,-0.16989594669116745,-0.16989594669116745,-0.16989594669116745,-0.16989594669116745,-0.16989594669116745,-0.16989594669116745,-0.16989594669116745,-0.16989594669116745,-0.16989594669116745,-0.16989594669116745,-0.16989594669116745,-0.16989594669116745,-0.16989594669116745,-0.16989594669116745,-0.16989594669116745,-0.16989594669116745,-0.16989594669116745,-0.16989594669116745,-0.16989594669116745,-0.16989594669116745,-0.16989594669116745,-0.16989594669116745,-0.16989594669116745,-0.16989594669116745,-0.16989594669116745,-0.16989594669116745,-0.16989594669116745,-0.16989594669116745,-0.16989594669116745,-0.16989594669116745,-0.16989594669116745,-0.16989594669116745,-0.16989594669116745,-0.16989594669116745,-0.16989594669116745,-0.16989594669116745,-0.16989594669116745,-0.16989594669116745,-0.16989594669116745,-0.16989594669116745,-0.16989594669116745,-0.16989594669116745,-0.16989594669116745,-0.16989594669116745,-0.16989594669116745,-0.16989594669116745,2.2788781480215374,-0.16989594669116745,-0.16989594669116745,-0.16989594669116745,-0.16989594669116745,-0.16989594669116745,-0.16989594669116745,-0.16989594669116745,-0.16989594669116745,-0.16989594669116745,-0.16989594669116745,-0.16989594669116745,-0.16989594669116745,-0.16989594669116745,-0.16989594669116745,2.2788781480215374,-0.16989594669116745,7.176426337446948,2.2788781480215374,2.2788781480215374,-0.16989594669116745,-0.16989594669116745,-0.16989594669116745,-0.16989594669116745,-0.16989594669116745,2.2788781480215374,2.2788781480215374,-0.16989594669116745,7.176426337446948,2.2788781480215374,2.2788781480215374,-0.16989594669116745,-0.16989594669116745,-0.16989594669116745,-0.16989594669116745,-0.16989594669116745,-0.16989594669116745,-0.16989594669116745,-0.16989594669116745,-0.16989594669116745,-0.16989594669116745,-0.16989594669116745,2.2788781480215374,7.176426337446948,2.2788781480215374,-0.16989594669116745,-0.16989594669116745,2.2788781480215374,-0.16989594669116745,-0.16989594669116745,2.2788781480215374,-0.16989594669116745,24.31784500043588,24.31784500043588,-0.16989594669116745,4.7276522427342424,12.073974526872357,24.31784500043588,-0.16989594669116745,9.625200432159653,24.31784500043588,-0.16989594669116745,-0.16989594669116745,-0.16989594669116745,-0.16989594669116745,-0.16989594669116745,-0.16989594669116745,-0.16989594669116745,-0.16989594669116745,-0.16989594669116745,4.7276522427342424,-0.16989594669116745,4.7276522427342424,9.625200432159653,-0.16989594669116745,-0.16989594669116745,2.2788781480215374,24.31784500043588,16.971522716297766,9.625200432159653,-0.16989594669116745,9.625200432159653,24.31784500043588,14.522748621585063,4.7276522427342424,2.2788781480215374,4.7276522427342424,-0.16989594669116745,4.7276522427342424,2.2788781480215374,16.971522716297766,-0.16989594669116745,-0.16989594669116745,2.2788781480215374,2.2788781480215374,2.2788781480215374,-0.16989594669116745,-0.16989594669116745,-0.16989594669116745,-0.16989594669116745,-0.16989594669116745,-0.16989594669116745,-0.16989594669116745,-0.16989594669116745,-0.16989594669116745,-0.16989594669116745,-0.16989594669116745,-0.16989594669116745,-0.16989594669116745,-0.16989594669116745,-0.16989594669116745,4.7276522427342424,-0.16989594669116745,-0.16989594669116745,-0.16989594669116745,-0.16989594669116745,7.176426337446948,-0.16989594669116745,-0.16989594669116745,-0.16989594669116745,-0.16989594669116745,2.2788781480215374,-0.16989594669116745,2.2788781480215374,-0.16989594669116745,-0.16989594669116745,-0.16989594669116745,-0.16989594669116745,9.625200432159653,-0.16989594669116745,-0.16989594669116745,-0.16989594669116745,-0.16989594669116745,4.7276522427342424,-0.16989594669116745,7.176426337446948,-0.16989594669116745,-0.16989594669116745,-0.16989594669116745,-0.16989594669116745,4.7276522427342424,-0.16989594669116745,-0.16989594669116745,-0.16989594669116745,-0.16989594669116745,4.7276522427342424,-0.16989594669116745,-0.16989594669116745,-0.16989594669116745,-0.16989594669116745,12.073974526872357,-0.16989594669116745,-0.16989594669116745,-0.16989594669116745,-0.16989594669116745,2.2788781480215374,2.2788781480215374,-0.16989594669116745,2.2788781480215374,-0.16989594669116745,-0.16989594669116745,-0.16989594669116745,4.7276522427342424,7.176426337446948,-0.16989594669116745,-0.16989594669116745,2.2788781480215374,-0.16989594669116745,-0.16989594669116745,9.625200432159653,-0.16989594669116745,-0.16989594669116745,4.7276522427342424,7.176426337446948,-0.16989594669116745,-0.16989594669116745,-0.16989594669116745,-0.16989594669116745,-0.16989594669116745,-0.16989594669116745,-0.16989594669116745,-0.16989594669116745,-0.16989594669116745,-0.16989594669116745,-0.16989594669116745,-0.16989594669116745,2.2788781480215374,-0.16989594669116745,2.2788781480215374,-0.16989594669116745,-0.16989594669116745,-0.16989594669116745,2.2788781480215374,-0.16989594669116745,-0.16989594669116745,-0.16989594669116745,-0.16989594669116745,-0.16989594669116745,2.2788781480215374,-0.16989594669116745,2.2788781480215374,-0.16989594669116745,4.7276522427342424,-0.16989594669116745,-0.16989594669116745,-0.16989594669116745,-0.16989594669116745,2.2788781480215374,2.2788781480215374,-0.16989594669116745,2.2788781480215374,-0.16989594669116745,-0.16989594669116745,-0.16989594669116745,-0.16989594669116745,-0.16989594669116745,-0.16989594669116745,2.2788781480215374,-0.16989594669116745,2.2788781480215374,-0.16989594669116745,2.2788781480215374,-0.16989594669116745,2.2788781480215374,-0.16989594669116745,2.2788781480215374,-0.16989594669116745,2.2788781480215374,-0.16989594669116745,2.2788781480215374,-0.16989594669116745,2.2788781480215374,2.2788781480215374,-0.16989594669116745,-0.16989594669116745,-0.16989594669116745,-0.16989594669116745,-0.16989594669116745,-0.16989594669116745,-0.16989594669116745,-0.16989594669116745,-0.16989594669116745,-0.16989594669116745,-0.16989594669116745,4.7276522427342424,2.2788781480215374,-0.16989594669116745,-0.16989594669116745,-0.16989594669116745,-0.16989594669116745,-0.16989594669116745,-0.16989594669116745,-0.16989594669116745,-0.16989594669116745,-0.16989594669116745,2.2788781480215374,2.2788781480215374,2.2788781480215374,-0.16989594669116745,2.2788781480215374,4.7276522427342424,-0.16989594669116745
0.0,0.0,0.0,0.0,0.0,0.0,0.0,0.0,0.0,0.0,0.0,0.0,0.0,0.0,0.0,0.0,0.0,0.0,0.0,0.0,0.0,0.0,0.0,0.0,0.0,0.0,0.0,0.0,0.0,0.0,0.0,0.0,0.0,0.0,0.0,0.0,0.0,0.0,0.0,0.0,0.0,0.0,0.0,0.0,0.0,0.0,0.0,0.0,1.383949894750324,0.0,0.0,0.0,0.0,0.0,0.0,1.383949894750324,0.0,0.0,0.0,0.0,0.0,0.0,0.0,0.0,0.0,0.0,0.0,0.0,0.0,0.0,0.0,0.0,0.0,0.0,0.0,0.0,0.0,0.0,0.0,0.0,0.0,0.0,0.0,0.0,0.0,0.0,0.0,0.0,0.0,0.0,0.0,0.0,1.383949894750324,0.0,0.0,0.0,0.0,0.0,0.0,0.0,0.0,0.0,0.0,0.0,0.0,0.0,0.0,0.0,0.0,0.0,0.0,0.0,0.0,0.0,0.0,0.0,0.0,0.0,0.0,0.0,0.0,0.0,0.0,0.0,0.0,0.0,0.0,0.0,0.0,0.0,0.0,0.0,0.0,0.0,0.0,0.0,0.0,0.0,0.0,0.0,0.0,0.0,0.0,0.0,0.0,0.0,0.0,0.0,0.0,0.0,0.0,0.0,0.0,0.0,0.0,0.0,0.0,0.0,0.7396578900350247,0.0,0.0,0.0,0.0,0.0,0.0,0.0,0.0,0.0,0.0,0.0,0.0,0.0,0.0,-0.5782451446245359,0.0,-0.2439874492648732,-1.0917363902447395,1.0405718751108533,0.0,0.0,0.0,0.0,0.0,-0.6976073246208357,-0.5782451446245359,0.0,-0.2439874492648732,-1.0917363902447395,1.0405718751108533,0.0,0.0,0.0,0.0,0.0,0.0,0.0,0.0,0.0,0.0,0.0,0.13274376016230938,-1.0917363902447395,-0.7726410419442644,0.0,0.0,-1.0917363902447395,0.0,0.0,0.650422237923948,0.0,-0.8505967292062948,-1.0917363902447395,0.0,-1.0917363902447395,-1.0917363902447395,-0.5741138345241675,0.0,-0.28556288495852333,-0.5496312951514166,0.0,0.0,0.0,0.0,0.0,0.0,0.0,0.0,0.0,-1.0917363902447395,0.0,-1.0917363902447395,-0.18396419733726313,0.0,0.0,0.13274376016230938,-1.0800915010026055,-1.0917363902447395,-0.6976073246208357,0.0,-1.0427044554630998,-1.0917363902447395,-0.7103522336920313,-1.0270601911916037,0.934053787354754,-0.5574843988968935,0.0,1.383949894750324,-0.9792174928763374,-0.33068861450914167,0.0,0.0,1.383949894750324,-0.04748503280362552,0.5657648343056333,0.0,0.0,0.0,0.0,0.0,0.0,0.0,0.0,0.0,0.0,0.0,0.0,0.0,0.0,0.0,-0.9953196452138386,0.0,0.0,0.0,0.0,-0.5222920736088454,0.0,0.0,0.0,0.0,-1.0917363902447395,0.0,1.383949894750324,0.0,0.0,0.0,0.0,-0.20995619157541512,0.0,0.0,0.0,0.0,-0.2355451928868114,0.0,-0.5919419661646819,0.0,0.0,0.0,0.0,-0.8962624695258486,0.0,0.0,0.0,0.0,-0.8444113720980554,0.0,0.0,0.0,0.0,-0.4495729319754428,0.0,0.0,0.0,0.0,-1.0917363902447395,-0.6587712381424831,0.0,-0.7726410419442644,0.0,0.0,0.0,0.3713689369859047,0.2648508492298048,0.0,0.0,1.383949894750324,0.0,0.0,-0.4826935923875507,0.0,0.0,0.3713689369859047,0.2648508492298048,0.0,0.0,0.0,0.0,0.0,0.0,0.0,0.0,0.0,0.0,0.0,0.0,-1.0917363902447395,0.0,-1.0917363902447395,0.0,0.0,0.0,-1.011266218767859,0.0,0.0,0.0,0.0,0.0,-1.0917363902447395,0.0,-1.0917363902447395,0.0,-0.598747986214873,0.0,0.0,0.0,0.0,1.383949894750324,-0.04748503280362552,0.0,0.5657648343056333,0.0,0.0,0.0,0.0,0.0,0.0,1.383949894750324,0.0,-1.0917363902447395,0.0,1.383949894750324,0.0,0.8339954241787803,0.0,1.383949894750324,0.0,-1.0917363902447395,0.0,1.383949894750324,0.0,-1.0917363902447395,0.7396578900350247,0.0,0.0,0.0,0.0,0.0,0.0,0.0,0.0,0.0,0.0,0.0,0.2308195915403467,-0.7726410419442644,0.0,0.0,0.0,0.0,0.0,0.0,0.0,0.0,0.0,1.383949894750324,0.13274376016230938,0.33509368503733256,0.0,1.383949894750324,-1.0917363902447395,0.0
-0.5077224524862195,-0.5077224524862195,-0.5077224524862195,-0.5077224524862195,-0.5077224524862195,-0.5077224524862195,-0.5077224524862195,-0.5077224524862195,-0.5077224524862195,-0.5077224524862195,-0.5077224524862195,-0.5077224524862195,-0.5077224524862195,-0.5077224524862195,-0.5077224524862195,-0.5077224524862195,-0.5077224524862195,-0.5077224524862195,-0.5077224524862195,-0.5077224524862195,-0.5077224524862195,-0.5077224524862195,-0.5077224524862195,-0.5077224524862195,-0.5077224524862195,-0.5077224524862195,-0.5077224524862195,-0.5077224524862195,-0.5077224524862195,-0.5077224524862195,-0.5077224524862195,-0.5077224524862195,-0.5077224524862195,-0.5077224524862195,-0.5077224524862195,-0.5077224524862195,-0.5077224524862195,-0.5077224524862195,-0.5077224524862195,-0.5077224524862195,-0.5077224524862195,-0.5077224524862195,-0.5077224524862195,-0.5077224524862195,-0.5077224524862195,-0.5077224524862195,-0.5077224524862195,-0.5077224524862195,-0.5077224524862195,-0.5077224524862195,-0.5077224524862195,-0.5077224524862195,-0.5077224524862195,-0.5077224524862195,-0.5077224524862195,-0.5077224524862195,-0.5077224524862195,-0.5077224524862195,-0.5077224524862195,-0.5077224524862195,-0.5077224524862195,-0.5077224524862195,-0.5077224524862195,-0.5077224524862195,-0.5077224524862195,-0.5077224524862195,-0.5077224524862195,-0.5077224524862195,-0.5077224524862195,-0.5077224524862195,-0.5077224524862195,-0.5077224524862195,-0.5077224524862195,-0.5077224524862195,-0.5077224524862195,-0.5077224524862195,-0.5077224524862195,-0.5077224524862195,-0.5077224524862195,-0.5077224524862195,-0.5077224524862195,-0.5077224524862195,-0.5077224524862195,-0.5077224524862195,-0.5077224524862195,-0.5077224524862195,-0.5077224524862195,-0.5077224524862195,-0.5077224524862195,-0.5077224524862195,-0.5077224524862195,-0.5077224524862195,-0.5077224524862195,-0.5077224524862195,-0.5077224524862195,-0.5077224524862195,-0.5077224524862195,-0.5077224524862195,-0.5077224524862195,-0.5077224524862195,-0.5077224524862195,-0.5077224524862195,-0.5077224524862195,-0.5077224524862195,-0.5077224524862195,-0.5077224524862195,-0.5077224524862195,-0.5077224524862195,-0.5077224524862195,-0.5077224524862195,-0.5077224524862195,-0.5077224524862195,-0.5077224524862195,-0.5077224524862195,-0.5077224524862195,-0.5077224524862195,-0.5077224524862195,-0.5077224524862195,-0.5077224524862195,-0.5077224524862195,-0.5077224524862195,-0.5077224524862195,-0.5077224524862195,-0.5077224524862195,-0.5077224524862195,-0.5077224524862195,-0.5077224524862195,-0.5077224524862195,-0.5077224524862195,-0.5077224524862195,-0.5077224524862195,-0.5077224524862195,-0.5077224524862195,-0.5077224524862195,-0.5077224524862195,-0.5077224524862195,-0.5077224524862195,-0.5077224524862195,-0.5077224524862195,-0.5077224524862195,-0.5077224524862195,-0.5077224524862195,-0.5077224524862195,-0.5077224524862195,-0.5077224524862195,-0.5077224524862195,-0.5077224524862195,-0.5077224524862195,-0.5077224524862195,-0.5077224524862195,-0.5077224524862195,-0.5077224524862195,-0.5077224524862195,-0.5077224524862195,-0.5077224524862195,-0.5077224524862195,-0.5077224524862195,-0.5077224524862195,-0.5077224524862195,1.969566382794139,-0.5077224524862195,-0.5077224524862195,-0.5077224524862195,-0.5077224524862195,-0.5077224524862195,-0.5077224524862195,-0.5077224524862195,-0.5077224524862195,-0.5077224524862195,-0.5077224524862195,-0.5077224524862195,-0.5077224524862195,-0.5077224524862195,-0.5077224524862195,-0.5077224524862195,-0.5077224524862195,-0.5077224524862195,-0.5077224524862195,-0.5077224524862195,-0.5077224524862195,-0.5077224524862195,-0.5077224524862195,-0.5077224524862195,-0.5077224524862195,-0.5077224524862195,-0.5077224524862195,-0.5077224524862195,-0.5077224524862195,-0.5077224524862195,-0.5077224524862195,-0.5077224524862195,-0.5077224524862195,-0.5077224524862195,-0.5077224524862195,-0.5077224524862195,-0.5077224524862195,1.969566382794139,-0.5077224524862195,-0.5077224524862195,-0.5077224524862195,-0.5077224524862195,-0.5077224524862195,-0.5077224524862195,-0.5077224524862195,-0.5077224524862195,-0.5077224524862195,-0.5077224524862195,-0.5077224524862195,1.969566382794139,-0.5077224524862195,1.969566382794139,1.969566382794139,-0.5077224524862195,-0.5077224524862195,-0.5077224524862195,1.969566382794139,-0.5077224524862195,1.969566382794139,-0.5077224524862195,1.969566382794139,1.969566382794139,-0.5077224524862195,-0.5077224524862195,-0.5077224524862195,-0.5077224524862195,-0.5077224524862195,1.969566382794139,-0.5077224524862195,-0.5077224524862195,-0.5077224524862195,-0.5077224524862195,-0.5077224524862195,-0.5077224524862195,-0.5077224524862195,1.969566382794139,-0.5077224524862195,1.969566382794139,-0.5077224524862195,-0.5077224524862195,-0.5077224524862195,-0.5077224524862195,-0.5077224524862195,-0.5077224524862195,-0.5077224524862195,-0.5077224524862195,-0.5077224524862195,1.969566382794139,-0.5077224524862195,-0.5077224524862195,-0.5077224524862195,-0.5077224524862195,-0.5077224524862195,-0.5077224524862195,-0.5077224524862195,-0.5077224524862195,-0.5077224524862195,-0.5077224524862195,-0.5077224524862195,-0.5077224524862195,-0.5077224524862195,-0.5077224524862195,-0.5077224524862195,1.969566382794139,-0.5077224524862195,1.969566382794139,-0.5077224524862195,-0.5077224524862195,-0.5077224524862195,-0.5077224524862195,-0.5077224524862195,-0.5077224524862195,-0.5077224524862195,-0.5077224524862195,-0.5077224524862195,-0.5077224524862195,-0.5077224524862195,-0.5077224524862195,-0.5077224524862195,-0.5077224524862195,-0.5077224524862195,-0.5077224524862195,-0.5077224524862195,-0.5077224524862195,-0.5077224524862195,-0.5077224524862195,-0.5077224524862195,-0.5077224524862195,-0.5077224524862195,-0.5077224524862195,-0.5077224524862195,-0.5077224524862195,-0.5077224524862195,-0.5077224524862195,-0.5077224524862195,-0.5077224524862195,-0.5077224524862195,-0.5077224524862195,-0.5077224524862195,-0.5077224524862195,-0.5077224524862195,-0.5077224524862195,-0.5077224524862195,-0.5077224524862195,-0.5077224524862195,-0.5077224524862195,-0.5077224524862195,-0.5077224524862195,-0.5077224524862195,-0.5077224524862195,-0.5077224524862195,-0.5077224524862195,-0.5077224524862195,-0.5077224524862195,-0.5077224524862195,-0.5077224524862195,-0.5077224524862195,-0.5077224524862195,-0.5077224524862195,-0.5077224524862195,-0.5077224524862195,-0.5077224524862195,-0.5077224524862195,-0.5077224524862195,-0.5077224524862195,-0.5077224524862195,-0.5077224524862195,-0.5077224524862195,-0.5077224524862195,-0.5077224524862195,-0.5077224524862195,-0.5077224524862195,-0.5077224524862195,-0.5077224524862195,-0.5077224524862195,-0.5077224524862195,-0.5077224524862195,-0.5077224524862195,-0.5077224524862195,-0.5077224524862195,-0.5077224524862195,-0.5077224524862195,-0.5077224524862195,-0.5077224524862195,1.969566382794139,-0.5077224524862195,1.969566382794139,1.969566382794139,1.969566382794139,-0.5077224524862195,1.969566382794139,-0.5077224524862195,1.969566382794139,1.969566382794139,-0.5077224524862195,-0.5077224524862195,-0.5077224524862195,-0.5077224524862195,-0.5077224524862195,-0.5077224524862195,-0.5077224524862195,-0.5077224524862195,-0.5077224524862195,-0.5077224524862195,-0.5077224524862195,-0.5077224524862195,-0.5077224524862195,-0.5077224524862195,-0.5077224524862195,-0.5077224524862195,-0.5077224524862195,-0.5077224524862195,-0.5077224524862195,-0.5077224524862195,-0.5077224524862195,-0.5077224524862195,-0.5077224524862195,-0.5077224524862195,1.969566382794139,-0.5077224524862195,-0.5077224524862195,-0.5077224524862195,-0.5077224524862195,-0.5077224524862195,-0.5077224524862195,-0.5077224524862195,-0.5077224524862195,-0.5077224524862195,-0.5077224524862195,-0.5077224524862195,-0.5077224524862195,-0.5077224524862195,1.969566382794139,-0.5077224524862195,-0.5077224524862195,-0.5077224524862195,-0.5077224524862195,-0.5077224524862195,-0.5077224524862195,-0.5077224524862195,-0.5077224524862195,-0.5077224524862195,-0.5077224524862195,-0.5077224524862195,-0.5077224524862195,-0.5077224524862195,-0.5077224524862195,1.969566382794139,-0.5077224524862195,-0.5077224524862195,-0.5077224524862195,-0.5077224524862195,-0.5077224524862195,-0.5077224524862195,-0.5077224524862195,-0.5077224524862195,-0.5077224524862195,-0.5077224524862195,-0.5077224524862195,-0.5077224524862195,-0.5077224524862195
-0.8700053950135924,-0.8700053950135924,-0.8700053950135924,-0.8700053950135924,-0.8700053950135924,-0.8700053950135924,-0.8700053950135924,-0.8700053950135924,-0.8700053950135924,-0.8700053950135924,-0.8700053950135924,-0.8700053950135924,-0.8700053950135924,-0.8700053950135924,-0.8700053950135924,-0.8700053950135924,-0.8700053950135924,-0.8700053950135924,-0.8700053950135924,-0.8700053950135924,-0.8700053950135924,-0.8700053950135924,-0.8700053950135924,-0.8700053950135924,-0.8700053950135924,-0.8700053950135924,-0.8700053950135924,-0.8700053950135924,-0.8700053950135924,-0.8700053950135924,-0.8700053950135924,-0.8700053950135924,-0.8700053950135924,-0.8700053950135924,-0.8700053950135924,-0.8700053950135924,-0.8700053950135924,-0.8700053950135924,-0.8700053950135924,-0.8700053950135924,-0.8700053950135924,-0.8700053950135924,-0.8700053950135924,-0.8700053950135924,-0.8700053950135924,-0.8700053950135924,-0.8700053950135924,-0.8700053950135924,-0.8700053950135924,-0.8700053950135924,-0.8700053950135924,-0.8700053950135924,-0.8700053950135924,-0.8700053950135924,-0.8700053950135924,-0.8700053950135924,-0.8700053950135924,-0.8700053950135924,-0.8700053950135924,-0.8700053950135924,-0.8700053950135924,-0.8700053950135924,-0.8700053950135924,-0.8700053950135924,-0.8700053950135924,-0.8700053950135924,-0.8700053950135924,-0.8700053950135924,-0.8700053950135924,-0.8700053950135924,-0.8700053950135924,-0.8700053950135924,-0.8700053950135924,-0.8700053950135924,-0.8700053950135924,-0.8700053950135924,-0.8700053950135924,-0.8700053950135924,-0.8700053950135924,-0.8700053950135924,-0.8700053950135924,-0.8700053950135924,-0.8700053950135924,-0.8700053950135924,-0.8700053950135924,-0.8700053950135924,-0.8700053950135924,-0.8700053950135924,-0.8700053950135924,-0.8700053950135924,-0.8700053950135924,-0.8700053950135924,-0.8700053950135924,-0.8700053950135924,-0.8700053950135924,-0.8700053950135924,-0.8700053950135924,-0.8700053950135924,-0.8700053950135924,-0.8700053950135924,-0.8700053950135924,-0.8700053950135924,-0.8700053950135924,-0.8700053950135924,-0.8700053950135924,-0.8700053950135924,-0.8700053950135924,-0.8700053950135924,-0.8700053950135924,-0.8700053950135924,-0.8700053950135924,-0.8700053950135924,-0.8700053950135924,-0.8700053950135924,-0.8700053950135924,-0.8700053950135924,-0.8700053950135924,-0.8700053950135924,-0.8700053950135924,-0.8700053950135924,-0.8700053950135924,-0.8700053950135924,-0.8700053950135924,-0.8700053950135924,-0.8700053950135924,-0.8700053950135924,-0.8700053950135924,-0.8700053950135924,-0.8700053950135924,-0.8700053950135924,-0.8700053950135924,-0.8700053950135924,-0.8700053950135924,-0.8700053950135924,-0.8700053950135924,-0.8700053950135924,-0.8700053950135924,-0.8700053950135924,-0.8700053950135924,-0.8700053950135924,-0.8700053950135924,-0.8700053950135924,-0.8700053950135924,-0.8700053950135924,-0.8700053950135924,-0.8700053950135924,-0.8700053950135924,-0.8700053950135924,-0.8700053950135924,-0.8700053950135924,-0.8700053950135924,-0.8700053950135924,-0.8700053950135924,-0.8700053950135924,-0.8700053950135924,-0.8700053950135924,-0.8700053950135924,-0.8700053950135924,-0.8700053950135924,0.03362521317351999,-0.8700053950135924,-0.8700053950135924,-0.8700053950135924,-0.8700053950135924,-0.8700053950135924,-0.8700053950135924,-0.8700053950135924,-0.8700053950135924,-0.8700053950135924,-0.8700053950135924,-0.8700053950135924,-0.8700053950135924,-0.8700053950135924,-0.8700053950135924,-0.8700053950135924,-0.8700053950135924,-0.8700053950135924,-0.8700053950135924,-0.8700053950135924,-0.8700053950135924,-0.8700053950135924,-0.8700053950135924,-0.8700053950135924,-0.8700053950135924,-0.8700053950135924,-0.8700053950135924,-0.8700053950135924,-0.8700053950135924,-0.8700053950135924,-0.8700053950135924,-0.8700053950135924,-0.8700053950135924,-0.8700053950135924,-0.8700053950135924,-0.8700053950135924,-0.8700053950135924,2.40565555966469,-0.8700053950135924,-0.8700053950135924,-0.8700053950135924,-0.8700053950135924,-0.8700053950135924,-0.8700053950135924,-0.8700053950135924,-0.8700053950135924,-0.8700053950135924,-0.8700053950135924,-0.8700053950135924,-0.007989354308781274,-0.8700053950135924,-0.849583568612855,-0.8397685246627161,-0.8700053950135924,-0.8700053950135924,-0.8700053950135924,-0.8535860418573104,-0.8700053950135924,-0.7233340089832216,-0.8700053950135924,2.40565555966469,0.4402589868577207,-0.8700053950135924,-0.8700053950135924,-0.8700053950135924,-0.8700053950135924,-0.8700053950135924,-0.7440184352182739,-0.8700053950135924,-0.8700053950135924,-0.8700053950135924,-0.8700053950135924,-0.8700053950135924,-0.8700053950135924,-0.8700053950135924,-0.7440184352182739,-0.8700053950135924,-0.849141312499718,-0.8700053950135924,-0.8700053950135924,-0.8700053950135924,-0.8700053950135924,-0.8700053950135924,-0.8700053950135924,-0.8700053950135924,-0.8700053950135924,-0.8700053950135924,-0.7275853535058411,-0.8700053950135924,-0.8700053950135924,-0.8700053950135924,-0.8700053950135924,-0.8700053950135924,-0.8700053950135924,-0.8700053950135924,-0.8700053950135924,-0.8700053950135924,-0.8700053950135924,-0.8700053950135924,-0.8700053950135924,-0.8700053950135924,-0.8700053950135924,-0.8700053950135924,2.40565555966469,-0.8700053950135924,2.40565555966469,-0.8700053950135924,-0.8700053950135924,-0.8700053950135924,-0.8700053950135924,-0.8700053950135924,-0.8700053950135924,-0.8700053950135924,-0.8700053950135924,-0.8700053950135924,-0.8700053950135924,-0.8700053950135924,-0.8700053950135924,-0.8700053950135924,-0.8700053950135924,-0.8700053950135924,-0.8700053950135924,-0.8700053950135924,-0.8700053950135924,-0.8700053950135924,-0.8700053950135924,-0.8700053950135924,-0.8700053950135924,-0.8700053950135924,-0.8700053950135924,-0.8700053950135924,-0.8700053950135924,-0.8700053950135924,-0.8700053950135924,-0.8700053950135924,-0.8700053950135924,-0.8700053950135924,-0.8700053950135924,-0.8700053950135924,-0.8700053950135924,-0.8700053950135924,-0.8700053950135924,-0.8700053950135924,-0.8700053950135924,-0.8700053950135924,-0.8700053950135924,-0.8700053950135924,-0.8700053950135924,-0.8700053950135924,-0.8700053950135924,-0.8700053950135924,-0.8700053950135924,-0.8700053950135924,-0.8700053950135924,-0.8700053950135924,-0.8700053950135924,-0.8700053950135924,-0.8700053950135924,-0.8700053950135924,-0.8700053950135924,-0.8700053950135924,-0.8700053950135924,-0.8700053950135924,-0.8700053950135924,-0.8700053950135924,-0.8700053950135924,-0.8700053950135924,-0.8700053950135924,-0.8700053950135924,-0.8700053950135924,-0.8700053950135924,-0.8700053950135924,-0.8700053950135924,-0.8700053950135924,-0.8700053950135924,-0.8700053950135924,-0.8700053950135924,-0.8700053950135924,-0.8700053950135924,-0.8700053950135924,-0.8700053950135924,-0.8700053950135924,-0.8700053950135924,-0.8700053950135924,2.40565555966469,-0.8700053950135924,2.40565555966469,-0.708244360214665,2.40565555966469,-0.8700053950135924,2.40565555966469,-0.8700053950135924,2.40565555966469,-0.8144857178156554,-0.8700053950135924,-0.8700053950135924,-0.8700053950135924,-0.8700053950135924,-0.8700053950135924,-0.8700053950135924,-0.8700053950135924,-0.8700053950135924,-0.8700053950135924,-0.8700053950135924,-0.8700053950135924,-0.8700053950135924,-0.8700053950135924,-0.8700053950135924,-0.8700053950135924,-0.8700053950135924,-0.8700053950135924,-0.8700053950135924,-0.8700053950135924,-0.8700053950135924,-0.8700053950135924,-0.8700053950135924,-0.8700053950135924,-0.8700053950135924,-0.7550699229196176,-0.8700053950135924,-0.8700053950135924,-0.8700053950135924,-0.8700053950135924,-0.8700053950135924,-0.8700053950135924,-0.8700053950135924,-0.8700053950135924,-0.8700053950135924,-0.8700053950135924,-0.8700053950135924,-0.8700053950135924,-0.8700053950135924,-0.024673535741777598,-0.8700053950135924,-0.8700053950135924,-0.8700053950135924,-0.8700053950135924,-0.8700053950135924,-0.8700053950135924,-0.8700053950135924,-0.8700053950135924,-0.8700053950135924,-0.8700053950135924,-0.8700053950135924,-0.8700053950135924,-0.8700053950135924,-0.8700053950135924,-0.7486846189143967,-0.8700053950135924,-0.8700053950135924,-0.8700053950135924,-0.8700053950135924,-0.8700053950135924,-0.8700053950135924,-0.8700053950135924,-0.8700053950135924,-0.8700053950135924,-0.8700053950135924,-0.8700053950135924,-0.8700053950135924,-0.8700053950135924
-1.0183565364195493,-1.096933728981207,-1.0183565364195493,-0.901855017471593,-0.6173030170247277,0.2890181816638531,-0.901855017471593,-1.0183565364195493,-0.901855017471593,-1.096933728981207,-0.6173030170247277,-0.7033676826920172,-0.4648295453855011,-1.096933728981207,-0.7033676826920172,-0.6173030170247277,-0.21624949762990653,-1.0183565364195493,-0.3965873381778338,-0.4648295453855011,-0.21624949762990653,-0.4648295453855011,-0.0637760259906795,-1.0183565364195493,-0.017762162850330287,-0.797640857572655,-1.096933728981207,-0.7033676826920172,-0.797640857572655,-0.901855017471593,-0.538131199345661,-0.4648295453855011,-0.6173030170247277,-1.096933728981207,-0.797640857572655,-0.901855017471593,-0.2727860098355923,-1.096933728981207,-1.0183565364195493,-1.096933728981207,-1.096933728981207,-1.096933728981207,-1.096933728981207,-0.6173030170247277,-1.096933728981207,-0.797640857572655,-0.3327510165778624,-0.21624949762990653,-1.096933728981207,-0.797640857572655,-0.7033676826920172,-1.096933728981207,-1.096933728981207,-0.4648295453855011,-1.096933728981207,-1.096933728981207,-1.0183565364195493,-1.0183565364195493,-0.538131199345661,-0.901855017471593,-0.797640857572655,-0.4648295453855011,-1.096933728981207,-1.0183565364195493,-0.538131199345661,-0.21624949762990653,-0.2727860098355923,-0.4648295453855011,-0.7033676826920172,-0.7033676826920172,-0.797640857572655,-1.096933728981207,-1.096933728981207,-0.6173030170247277,-0.3327510165778624,-1.096933728981207,-0.7033676826920172,-0.2727860098355923,-0.797640857572655,-0.797640857572655,-1.0183565364195493,-1.0183565364195493,-0.538131199345661,-0.3327510165778624,-1.096933728981207,-0.017762162850330287,-1.096933728981207,-0.2727860098355923,-0.4648295453855011,-0.3327510165778624,-1.096933728981207,-0.7033676826920172,-1.096933728981207,-0.797640857572655,-0.901855017471593,-0.017762162850330287,-1.096933728981207,-0.7033676826920172,-1.096933728981207,-1.096933728981207,-1.0183565364195493,-1.0183565364195493,-0.3965873381778338,-0.538131199345661,-1.096933728981207,-1.0183565364195493,-0.6173030170247277,-0.3965873381778338,-0.538131199345661,-1.0183565364195493,-0.538131199345661,-1.096933728981207,-1.096933728981207,-0.7033676826920172,-0.3965873381778338,-0.797640857572655,-1.096933728981207,-1.096933728981207,-1.096933728981207,-0.2727860098355923,-0.2727860098355923,-1.096933728981207,-0.7033676826920172,-0.6173030170247277,-0.797640857572655,-1.096933728981207,-1.096933728981207,-1.0183565364195493,-0.538131199345661,-1.0183565364195493,-1.0183565364195493,-1.096933728981207,-1.0183565364195493,-1.096933728981207,-1.0183565364195493,-0.797640857572655,-1.096933728981207,-0.538131199345661,-1.096933728981207,-0.7033676826920172,-1.0183565364195493,-0.11203533773096849,-1.096933728981207,-0.797640857572655,-0.7033676826920172,-1.096933728981207,-0.538131199345661,-0.16277054484031625,-1.096933728981207,-1.096933728981207,-0.3965873381778338,-0.7033676826920172,-1.0183565364195493,-1.096933728981207,-0.6173030170247277,-0.3327510165778624,-1.096933728981207,-0.21624949762990653,-0.21624949762990653,0.25548548960086465,-0.3327510165778624,-0.4648295453855011,0.38329135654449087,-0.11203533773096849,-0.797640857572655,-0.2727860098355923,-0.3327510165778624,-0.21624949762990653,-0.3965873381778338,-0.6173030170247277,-0.11203533773096849,-0.2727860098355923,-0.3965873381778338,0.5735701821107184,0.2890181816638531,0.774302965490234,1.1953393803524335,-0.3965873381778338,-1.096933728981207,-0.017762162850330287,-1.096933728981207,-1.096933728981207,-1.0183565364195493,0.6451039720015455,0.5735701821107184,0.2890181816638531,0.774302965490234,1.1953393803524335,-0.3965873381778338,-1.096933728981207,-0.017762162850330287,-1.096933728981207,-1.096933728981207,-0.7033676826920172,-0.538131199345661,-1.0183565364195493,-1.096933728981207,-0.2727860098355923,-0.3965873381778338,-0.0637760259906795,0.14747432049602588,1.3307094918432318,0.6900717010586743,-1.096933728981207,-0.4648295453855011,1.668437730560575,-1.096933728981207,-0.538131199345661,-0.16277054484031625,-0.0637760259906795,1.8704253214638973,1.8704253214638973,-0.16277054484031625,1.3756772209003612,1.8704253214638973,1.8704253214638973,-0.901855017471593,1.7693766567269154,1.7006070596461935,-1.096933728981207,-1.096933728981207,-0.7033676826920172,-1.0183565364195493,-1.096933728981207,-1.096933728981207,-1.096933728981207,0.8330798403377128,-0.7033676826920172,1.8704253214638973,-1.096933728981207,1.8704253214638973,1.7084885330875155,0.4414916533030797,-0.901855017471593,0.14747432049602588,1.8704253214638973,1.8704253214638973,1.3307094918432318,-0.538131199345661,1.5375263047597103,1.8704253214638973,1.739401039026293,0.8330798403377128,-0.3327510165778624,0.5485278398908471,-1.096933728981207,0.026205950473936392,0.8138730294009158,1.2591757019524048,-0.901855017471593,-1.0183565364195493,-1.0183565364195493,0.25548548960086465,-0.11203533773096849,0.41281951000609457,-1.096933728981207,-0.901855017471593,-0.16277054484031625,-0.2727860098355923,-1.096933728981207,-0.3327510165778624,-1.096933728981207,-1.096933728981207,-1.0183565364195493,-1.096933728981207,-0.538131199345661,-0.2727860098355923,-1.0183565364195493,-0.4648295453855011,1.5091285739165539,-0.2727860098355923,-1.096933728981207,-0.3965873381778338,0.10868034111592541,1.6266965292842381,-0.2727860098355923,-1.096933728981207,-0.3965873381778338,-0.21624949762990653,0.9746237015055396,-0.3327510165778624,-1.096933728981207,-0.2727860098355923,-1.096933728981207,-0.3965873381778338,-0.0637760259906795,1.7240655429471978,-0.2727860098355923,-1.096933728981207,-0.3965873381778338,-0.2727860098355923,1.0537955191846062,-0.3327510165778624,1.668437730560575,-0.2727860098355923,-1.096933728981207,-0.3965873381778338,-0.0637760259906795,1.4497635791329209,-0.2727860098355923,-1.096933728981207,-0.3965873381778338,-0.16277054484031625,1.418689201058362,-0.2727860098355923,-1.096933728981207,-0.3965873381778338,-0.017762162850330287,0.9909731594196948,-0.2727860098355923,-1.096933728981207,-0.3965873381778338,-0.3327510165778624,1.1953393803524335,0.6218294938510074,-0.6173030170247277,0.6900717010586743,-0.6173030170247277,1.1820624067301388,-0.6173030170247277,0.6900717010586743,0.4693560222117804,0.2890181816638531,-0.6173030170247277,-1.096933728981207,-0.2727860098355923,-0.7033676826920172,1.1953393803524335,1.1820624067301388,-0.6173030170247277,0.6900717010586743,0.4693560222117804,-1.096933728981207,-0.901855017471593,-1.0183565364195493,-0.901855017471593,-1.0183565364195493,-1.096933728981207,-1.096933728981207,-0.7033676826920172,-1.096933728981207,-0.901855017471593,-0.901855017471593,-1.096933728981207,0.9746237015055396,-1.096933728981207,1.2714630610014237,-1.096933728981207,-0.3327510165778624,-1.096933728981207,0.8330798403377128,-1.096933728981207,0.9579994499562016,-1.0183565364195493,-1.096933728981207,-1.096933728981207,1.3074350136926938,-0.21624949762990653,0.9746237015055396,-0.3965873381778338,0.5735701821107184,-1.0183565364195493,0.32145124083595084,-0.901855017471593,-1.0183565364195493,-1.0183565364195493,0.25548548960086465,0.41281951000609457,-0.11203533773096849,-1.096933728981207,-0.901855017471593,-0.16277054484031625,-0.3327510165778624,0.10868034111592541,-0.16277054484031625,-0.901855017471593,-0.797640857572655,0.9238884943961923,0.49645688688845147,-0.901855017471593,-1.096933728981207,-0.2727860098355923,-0.3327510165778624,-0.901855017471593,-1.096933728981207,0.9909731594196948,-0.3965873381778338,-0.901855017471593,-1.096933728981207,1.4497635791329209,-0.21624949762990653,0.32145124083595084,-0.16277054484031625,-0.3327510165778624,-0.4648295453855011,0.2207759744561858,0.2890181816638531,0.38329135654449087,-0.11203533773096849,-0.797640857572655,-0.21624949762990653,-0.7033676826920172,0.774302965490234,0.6900717010586743,-1.096933728981207,-1.096933728981207,0.1848040217649151,0.41281951000609457,0.41281951000609457,0.2207759744561858,-0.3327510165778624,-1.096933728981207,-0.4648295453855011,-1.096933728981207,0.14747432049602588,0.026205950473936392,-1.096933728981207,-0.797640857572655,0.9579994499562016,-0.2727860098355923
-1.0,-1.0,-1.0,-1.0,-1.0,-1.0,-1.0,-1.0,-1.0,-1.0,-1.0,-1.0,-1.0,-1.0,-1.0,-1.0,-1.0,-1.0,-1.0,-1.0,-1.0,-1.0,-1.0,-1.0,-1.0,-1.0,-1.0,-1.0,-1.0,-1.0,-1.0,-1.0,-1.0,-1.0,-1.0,-1.0,-1.0,-1.0,-1.0,-1.0,-1.0,-1.0,-1.0,-1.0,-1.0,-1.0,-1.0,-1.0,1.0,-1.0,-1.0,-1.0,-1.0,-1.0,-1.0,-1.0,-1.0,-1.0,-1.0,-1.0,-1.0,-1.0,-1.0,-1.0,-1.0,-1.0,-1.0,-1.0,-1.0,-1.0,-1.0,-1.0,-1.0,-1.0,-1.0,-1.0,-1.0,-1.0,-1.0,-1.0,-1.0,-1.0,-1.0,-1.0,-1.0,-1.0,-1.0,-1.0,-1.0,-1.0,-1.0,-1.0,-1.0,-1.0,-1.0,-1.0,-1.0,-1.0,-1.0,-1.0,-1.0,-1.0,-1.0,-1.0,-1.0,-1.0,-1.0,-1.0,-1.0,-1.0,-1.0,-1.0,-1.0,-1.0,-1.0,-1.0,-1.0,-1.0,-1.0,-1.0,-1.0,-1.0,-1.0,-1.0,-1.0,-1.0,-1.0,-1.0,-1.0,-1.0,-1.0,-1.0,-1.0,-1.0,-1.0,-1.0,-1.0,-1.0,-1.0,-1.0,-1.0,-1.0,-1.0,-1.0,-1.0,-1.0,-1.0,-1.0,-1.0,-1.0,-1.0,-1.0,-1.0,-1.0,-1.0,-1.0,-1.0,-1.0,-1.0,-1.0,-1.0,-1.0,-1.0,-1.0,-1.0,-1.0,-1.0,-1.0,-1.0,-1.0,-1.0,-1.0,-1.0,-1.0,-1.0,1.0,-1.0,-1.0,-1.0,-1.0,-1.0,-1.0,-1.0,-1.0,-1.0,-1.0,1.0,-1.0,-1.0,-1.0,-1.0,-1.0,-1.0,-1.0,-1.0,-1.0,-1.0,-1.0,-1.0,-1.0,-1.0,1.0,-1.0,-1.0,-1.0,-1.0,-1.0,-1.0,-1.0,-1.0,1.0,1.0,-1.0,1.0,1.0,1.0,-1.0,-1.0,1.0,-1.0,-1.0,-1.0,-1.0,-1.0,-1.0,-1.0,-1.0,-1.0,-1.0,-1.0,-1.0,-1.0,-1.0,-1.0,-1.0,1.0,1.0,1.0,-1.0,1.0,1.0,1.0,1.0,-1.0,1.0,-1.0,-1.0,-1.0,1.0,-1.0,-1.0,-1.0,-1.0,-1.0,-1.0,-1.0,-1.0,-1.0,-1.0,-1.0,-1.0,-1.0,-1.0,-1.0,-1.0,-1.0,-1.0,-1.0,-1.0,-1.0,-1.0,-1.0,-1.0,-1.0,-1.0,-1.0,-1.0,-1.0,-1.0,-1.0,-1.0,-1.0,-1.0,-1.0,-1.0,-1.0,-1.0,-1.0,-1.0,-1.0,-1.0,-1.0,-1.0,-1.0,-1.0,-1.0,-1.0,-1.0,-1.0,-1.0,-1.0,-1.0,-1.0,-1.0,-1.0,-1.0,-1.0,-1.0,1.0,-1.0,-1.0,-1.0,-1.0,-1.0,-1.0,-1.0,-1.0,-1.0,-1.0,-1.0,-1.0,1.0,-1.0,-1.0,-1.0,-1.0,-1.0,1.0,-1.0,-1.0,-1.0,1.0,-1.0,-1.0,-1.0,-1.0,-1.0,-1.0,-1.0,-1.0,-1.0,-1.0,-1.0,-1.0,-1.0,-1.0,-1.0,-1.0,-1.0,-1.0,-1.0,-1.0,-1.0,-1.0,-1.0,-1.0,-1.0,-1.0,-1.0,-1.0,1.0,-1.0,-1.0,-1.0,-1.0,-1.0,-1.0,-1.0,-1.0,-1.0,-1.0,-1.0,-1.0,-1.0,-1.0,-1.0,-1.0,-1.0,-1.0,-1.0,-1.0,-1.0,-1.0,-1.0,-1.0,-1.0,-1.0,-1.0,-1.0,-1.0,-1.0,-1.0,-1.0,-1.0,-1.0,-1.0,-1.0,-1.0,-1.0,-1.0,-1.0,-1.0,-1.0,-1.0,-1.0,-1.0,-1.0,-1.0,-1.0,-1.0,-1.0,-1.0,-1.0,-1.0,-1.0,-1.0,-1.0,-1.0,1.0,-1.0
-1.734763383564439,-1.717624207902352,-1.7138891940615304,-1.7027306947676124,-1.6987164275555144,-1.6675564055439265,-1.663821391703105,-1.6599700222909184,-1.6543267770797085,-1.6509990077386651,-1.6473105361263898,-1.6437384200854797,-1.6401663040445693,-1.6367105435750244,-1.6332664186626158,-1.6297408448502517,-1.6261105510236589,-1.6218519371116944,-1.6159527096434811,-1.6124038647168437,-1.608773570890251,-1.60500365037802,-1.6010591965087415,-1.5975801649249235,-1.5937404310698735,-1.5901799505860996,-1.5868405456879198,-1.5833964207755111,-1.5798475758488741,-1.576438357607875,-1.5729942326954665,-1.5695152011116484,-1.5659314495136016,-1.562592044615422,-1.5591828263744227,-1.5557968792476968,-1.552143314306831,-1.5479894204090952,-1.5423810818692947,-1.539181303656753,-1.536039703229894,-1.5328981028030348,-1.5297565023761757,-1.5264636397065419,-1.5230893281369524,-1.519668474338817,-1.515246962626941,-1.510685824229427,-1.5070206237314245,-1.5035183210333336,-1.5000625605637885,-1.4967929690084278,-1.4935350130102034,-1.4899745325264298,-1.4858904519715128,-1.4805031890173062,-1.477198690790536,-1.4738476503352196,-1.4703220765228555,-1.4668779516104469,-1.463445462255175,-1.459791897314309,-1.456405950187583,-1.4522985985183932,-1.446538997735818,-1.4428039838949966,-1.4389991567113563,-1.4348219916993472,-1.431319689001256,-1.4278522929745745,-1.4243965325050296,-1.4203589941786587,-1.414855375653087,-1.4114810640834974,-1.4078973124854506,-1.4045230009158611,-1.4010905115605892,-1.3973904043911773,-1.393864830578813,-1.3904439767806775,-1.3863017184400783,-1.38078646435737,-1.3771910772021867,-1.3735724189327305,-1.370221378477414,-1.3664980001937292,-1.363065510838457,-1.3593421325547723,-1.3558398298566812,-1.3520699093444501,-1.3476483976325744,-1.3420051524213643,-1.338630840851775,-1.335221622610776,-1.331044457598767,-1.3243074700167246,-1.320770260647224,-1.3172214157205868,-1.3141147219651372,-1.310786952624094,-1.3073660988259583,-1.3038987027992768,-1.3003033156440935,-1.296719564046047,-1.2932288969050922,-1.2897964075498203,-1.2862126559517735,-1.2825707265680442,-1.2789869749699974,-1.2756242989575446,-1.2713307783741703,-1.2655828131487317,-1.2621503237934597,-1.2587411055524609,-1.2552969806400522,-1.251608509027777,-1.2480945707725493,-1.2446155391887312,-1.2411714142763226,-1.2380530849637366,-1.2341668088801405,-1.2307343195248686,-1.2271389323696853,-1.2234039185288639,-1.2192849313025373,-1.2155033752331699,-1.210023027821871,-1.2064160051095514,-1.2025879068116379,-1.1988528929708167,-1.1951760569156777,-1.1915690342033578,-1.187915469262492,-1.184343353221582,-1.1807014238378526,-1.1770944011255329,-1.1734990139703496,-1.1696825512295725,-1.16605225740298,-1.1618401857195613,-1.1562202116226243,-1.1517754287964754,-1.146027463571037,-1.1422808141730791,-1.1383363603038004,-1.132867648449638,-1.1293537101944104,-1.1257001452535444,-1.121778962498539,-1.1183813798146764,-1.1145067392882169,-1.1106670054331669,-1.1069785338208915,-1.1015447286381388,-1.098414763768416,-1.095273163341557,-1.0923875451717013,-1.0893157580876613,-1.0841728418333214,-1.0812523169920563,-1.0772147786656856,-1.0734215870391814,-1.0692676931414453,-1.0650672570151634,-1.0605061186176494,-1.015813943656294,-0.9929035316544953,-0.9769395472631964,-0.9580317669163589,-0.9541803975041723,-0.9323055500875236,-0.9088599024574451,-0.8856586015272337,-0.8768039425463454,-0.874127764404947,-0.8717308396348249,-0.8683216213938258,-0.8656454432524274,-0.8598393002413063,-0.8586292022991087,-0.8563253619860786,-0.8544404017299632,-0.8212790638908943,-0.8188937746779087,-0.810295097954024,-0.8076189198126253,-0.8052219950425032,-0.8018127768015042,-0.7991365986601058,-0.7933304556489846,-0.792120357706787,-0.7898165173937569,-0.7879315571376415,-0.7723050039033015,-0.7685816256196165,-0.7584005131251658,-0.7517100677716693,-0.7447287334897601,-0.740749372949072,-0.7354319233376844,-0.7274266600277619,-0.724878473014865,-0.7166637696764852,-0.714197031563544,-0.7117186578934661,-0.6606269265070275,-0.6549022323958619,-0.6517839030832758,-0.6490379115990581,-0.6430572352308892,-0.6320150915083362,-0.6149224580747954,-0.6046133544518426,-0.6021931585674475,-0.5961543044135961,-0.5875672632468477,-0.580551022293529,-0.5787824176087787,-0.5697066830422968,-0.5119245063023616,-0.5116801596024948,-0.5048966297919064,-0.5031163895500197,-0.5005449314228496,0.017539885637631484,0.01949465923656596,0.03356204781461299,0.04346390693778727,0.047617800835523395,0.05214403256162787,0.05699605988755488,0.06353524299827627,0.06654885229663371,0.06873633703829872,0.07791679161900922,0.10364300844784474,0.11814091263994295,0.12582038035004303,0.13024189206191888,0.13295297687472668,0.14385549391164146,0.15531651769110932,0.1602267228027188,0.16355449214376214,0.16475295452882327,0.16724296375603753,0.1677898349414536,0.1688021284123304,0.18369564154707022,0.196680923311421,0.19764667455375198,0.2045581954928421,0.20517488002107725,0.20636170684900176,0.21640319265781457,0.23337947051999042,0.23552041303310925,0.2398953825164389,0.2712881156707572,0.27226550247022485,0.29608348792867134,0.2970492391710023,0.31426986373304494,0.31627117956052564,0.4525235536291198,0.45458304724228327,0.4986003598897207,0.5009274713170235,0.5105035348403756,0.5120510639395321,0.5174732335651485,0.5177990291649707,0.5212896963059255,0.525338870189433,0.5271656526598656,0.5327390845282567,0.5330648801280788,0.5365555472690337,0.5401974766527629,0.5413028545807317,0.544921512850188,0.545212401778601,0.5494477445762925,0.549773540176115,0.5532642073170694,0.5568014166865703,0.5587212836140953,0.5644343421681243,0.5647601377679469,0.5682508049089012,0.5720207254211324,0.5731610100205107,0.5773149039182468,0.5790951441601336,0.5847267538142068,0.5850525494140294,0.5885432165549842,0.5923596792957612,0.593918843952054,0.5992712002348513,0.5995969958346734,0.6030876629756282,0.6067877701450398,0.6082887570156507,0.613606206627038,0.6139320022268605,0.617422669367815,0.6212973098942747,0.6238920391357177,0.6302683244465279,0.6305941200463505,0.6340847871873049,0.6379361565994913,0.6391811612130986,0.6415431793118115,0.6444520685959403,0.6465348333233762,0.6494786292789146,0.6519802740632655,0.6531787364483267,0.6540630387907019,0.6565763191321891,0.6579376793171613,0.6586241771882159,0.6590314216879938,0.663825271228238,0.669154356396762,0.6723890412807133,0.6770665352495926,0.6782649976346538,0.6791492999770287,0.6816625803185161,0.6882715767720566,0.6896329369570292,0.6910175682562744,0.6924021995555198,0.7227128258961423,0.7290309334212698,0.7354421254034901,0.7409922861576076,0.7455650601122582,0.7509755941807379,0.7742234373394955,0.7827406651634247,0.8159834519024488,0.8244425019406955,0.8638870406334827,0.8699375303444704,0.9048092950826069,0.912197873864294,0.9432997180901996,0.951572599214262,0.9835936524539521,1.0137762876660728,1.0144627855371273,1.062028943111202,1.0705927131636772,1.1151568969965306,1.123022533620815,1.1682964864389962,1.1769998831771096,1.1855985599009946,1.186238515543503,1.1976180904230147,1.1986303838938914,1.2045877891477876,1.2051928381188861,1.2154786706275658,1.2184690088116503,1.2323851351469226,1.2343166376315842,1.2385519804292757,1.2478953328098976,1.2485818306809517,1.2733655673817297,1.2739240741242823,1.2745174875382446,1.2756926788090324,1.290423294143861,1.2911912409148711,1.2917381121002873,1.2924013388570685,1.3058636784640167,1.30638727853516,1.3069341497205764,1.3081093409913642,1.3220254673266365,1.3225374318406433,1.3230843030260595,1.3246783743537622,1.3630640773471259,1.3641112774894126,1.3674972246161385,1.3712089673426868,1.3748159900550065,1.3795865684809778,1.3845898580496796,1.3890928186615108,1.3931070858736088,1.3974820553569383,1.4220098098007128,1.4266989393267282,1.547289853489573,1.5547831522854891,1.5555627346136354,1.5558187168706388,1.5564004947274648,1.5573313392983859,1.5649642647799398,1.5690716164491296,1.5727135458328594,1.5730509769898182,1.5763438396594518,1.5766230930307283,1.577996088772837,1.5804395557715052,1.5885960813242026,1.5920052995652016,1.5997778517323937,1.602488936545202
-1.1401173502544695,-1.1400326930940898,-1.1399920762777729,-1.1398234789211366,-1.1397455080623051,-1.1388286357877244,-1.1386816763120748,-1.1385218310375333,-1.1382723819928549,-1.1381167958893967,-1.1379369872541012,-1.1377554764593654,-1.1375667094872763,-1.1373771857860209,-1.137181543310845,-1.1369742874796804,-1.1367534891682294,-1.13648492337713,-1.1360958555300613,-1.135852267306198,-1.135595678145741,-1.1353212877958507,-1.135025542231688,-1.1347573495698902,-1.1344533606313314,-1.1341639882911752,-1.1338860320600725,-1.1335927164749835,-1.1332834262363354,-1.1329795599804429,-1.1326658711428428,-1.1323421546236778,-1.1320014973105212,-1.131677493081834,-1.1313401734532018,-1.1309986144012762,-1.130622746431504,-1.1301861848022317,-1.1295811982726598,-1.1292280159716035,-1.1288755906691763,-1.128517552836865,-1.1281539024746694,-1.127766718636089,-1.127363561144812,-1.1269482334714507,-1.1264015561230616,-1.125825965853921,-1.125354864992904,-1.1248975644112995,-1.1244395040209518,-1.1239998680495213,-1.1235557498686115,-1.1230634894234788,-1.1224899605849816,-1.121718917427151,-1.1212377999710479,-1.120743564746882,-1.1202166947401546,-1.1196951713802943,-1.1191686985620672,-1.1186009561340953,-1.1180680227473467,-1.1174127923344233,-1.1164778262720578,-1.1158614317943125,-1.115225359047695,-1.1145175604018522,-1.113916466265691,-1.1133144917168343,-1.1127077346227083,-1.1119902275319968,-1.1109972541640274,-1.1103799366984286,-1.1097172128652049,-1.109086543891616,-1.1084383580890755,-1.1077321318369786,-1.1070519748623204,-1.106385264054164,-1.1055690466903527,-1.1044671407769184,-1.103739496025233,-1.1029997190472547,-1.102308011462998,-1.101531957948157,-1.1008095497099502,-1.100018344674105,-1.0992669219660804,-1.0984502863956525,-1.09748220582955,-1.0962304798209823,-1.09547337340634,-1.09470185922714,-1.0937475464894029,-1.0921875115880333,-1.0913580926916526,-1.0905187952422446,-1.0897781869323366,-1.0889787879108184,-1.0881504639581965,-1.087304079207763,-1.0864192318824213,-1.085529932758427,-1.0846567108764151,-1.0837912859070604,-1.082880574173169,-1.081947595824062,-1.0810221584747268,-1.0801471681838648,-1.0790206194532623,-1.0774960373787799,-1.0765766489739466,-1.0756568616868454,-1.0747209454593556,-1.073711149437684,-1.0727419394365554,-1.0717754398870156,-1.0708118579676371,-1.0699336071356662,-1.0688313305950872,-1.067850620104483,-1.0668161829209162,-1.06573378863272,-1.0645309218524979,-1.0634181001843546,-1.0617909324965216,-1.0607106529156587,-1.059556069867748,-1.0584215298646573,-1.0572969131454566,-1.056186179623291,-1.0550535715546125,-1.053938873807893,-1.0527949201524842,-1.0516544964242212,-1.0505103885589722,-1.049287888086761,-1.0481173351586366,-1.0467498013709806,-1.044909452706494,-1.0434412190462383,-1.0415258501430547,-1.0402672562533546,-1.0389335890022464,-1.0370699149638203,-1.0358634304500007,-1.034601560351841,-1.033238815037641,-1.0320509684344452,-1.0306883234374804,-1.0293295322622185,-1.0280163739959969,-1.026067753470891,-1.024937693329102,-1.0237978300839332,-1.0227458993992138,-1.021620898964664,-1.0197253631561085,-1.0186422430884994,-1.0171368740742222,-1.0157141624197243,-1.0141467760280798,-1.0125518501302322,-1.0108086011198447,-0.99310154524565,-0.9835840563898239,-0.9767758121980664,-0.9685246378095719,-0.9668190141909658,-0.9569714740481917,-0.94611467380721,-0.9350632966633413,-0.9307648882602781,-0.9294569894118926,-0.9282821095234862,-0.9266054143005086,-0.9252846066333897,-0.9224050249978839,-0.92180245763037,-0.9206529602351382,-0.9197102173543587,-0.9027944795749957,-0.9015536252446852,-0.8970536421764238,-0.895644526856323,-0.8943789922149886,-0.8925733560084781,-0.8911513318696438,-0.8880521544976772,-0.8874038196820833,-0.886167188106853,-0.8851531536242565,-0.8766688764726498,-0.874626820990598,-0.8690028244923561,-0.865274960393809,-0.8613578764713105,-0.859112737023157,-0.8560985969469102,-0.8515305735022191,-0.8500688615785919,-0.8453315371323142,-0.8439015060921364,-0.842461244888177,-0.8119920108274211,-0.8084855322002586,-0.8065676585227645,-0.8048742059716215,-0.8011710840066153,-0.7942805513884558,-0.7834776496038686,-0.7768817601381375,-0.7753245299234264,-0.7714244165128415,-0.765842880265972,-0.7612512290328368,-0.7600893802223881,-0.7540992772064689,-0.7148638552391186,-0.7146939067948702,-0.7099622590491717,-0.7087161710539917,-0.7069130844296434,-0.2669389372096593,-0.26498984000446024,-0.25089921545141414,-0.24091351726531382,-0.23670785126072463,-0.23211403585454357,-0.22717662206176148,-0.22050118202945682,-0.21741659269281224,-0.2151743508190719,-0.20573441727159666,-0.17902573190411414,-0.16380834859328397,-0.15569935155861134,-0.15101532197155007,-0.14813777408898574,-0.13652363122977215,-0.12424164989813279,-0.1189568685084374,-0.11536744469648907,-0.11407320773900517,-0.1113815991605244,-0.1107899792673676,-0.10969440431073962,-0.0935082438333897,-0.07929300275493605,-0.07823194516505289,-0.070622872103972,-0.0699426280542618,-0.06863287052691254,-0.05751923637605672,-0.038599957041504505,-0.03620233785965658,-0.03129474973588503,0.004239067266305771,0.005354379042272644,0.032701384824461145,0.03381703323673684,0.05379957051925274,0.05613280343577709,0.22033864260824265,0.22290165369155931,0.2782572625412389,0.28121447297151164,0.2934158037115152,0.2953924807268871,0.3023290265819014,0.30274634720380256,0.3072214274615706,0.3124212012734689,0.314770128294047,0.3219483270894723,0.3223684759952943,0.32687385929507035,0.33158186181421734,0.333012300320985,0.33769996484878273,0.33807711011179337,0.3435737958393145,0.3439970403363796,0.3485355906851823,0.3531417232847764,0.3556447412739659,0.36310551501224275,0.3635315360563275,0.36809983512319916,0.37304138082352695,0.3745376378685908,0.3799945414222709,0.38233621811669327,0.3897557433403303,0.3901855239325537,0.394794103872339,0.39984074723582946,0.4019048688141106,0.40900117760346477,0.4094336528259475,0.41407110380423134,0.4189943669771716,0.42099375949466605,0.4280871876857772,0.42852231873584457,0.43318822500967213,0.43837549523673336,0.4418540256592717,0.450418427526171,0.4508566455446642,0.4555556264801957,0.46074820882436124,0.4624285818326966,0.4656190016949455,0.4695524497220653,0.47237175455737224,0.47636078938072296,0.479754553972293,0.48138166484192224,0.48258277518515186,0.48599888515213047,0.4878507778436182,0.4887850379898455,0.4893393867581105,0.49587195302865,0.5031492220997776,0.5075743054178097,0.5139836898225867,0.5156278975822888,0.5168416231065421,0.520293586745907,0.5293881147722449,0.5312645446129008,0.5331741312629882,0.5350848081604792,0.5771841297851172,0.586025336891051,0.5950200055769568,0.6028255549473002,0.6092697038934064,0.6169098185176602,0.6499271012267832,0.6621004494248741,0.7100078100631031,0.7222987481147578,0.7801486318792967,0.7891006278229861,0.8411008637487337,0.8522073792253688,0.8993000689095981,0.9119190264584901,0.9611288853286429,1.0080472952969328,1.0091204704081267,1.0841313715183158,1.097772943675994,1.1694342033408138,1.1821997662909394,1.2563613478518898,1.2707516345756866,1.2850110777145134,1.2860740163872864,1.3050138888176837,1.3067022908233301,1.3166504395292338,1.317661927355266,1.3348890718513673,1.3399087039716702,1.3633354440504442,1.366595684900798,1.3737520731664257,1.3895754536856488,1.390740025958901,1.4329625431919166,1.433918060929811,1.4349334928861548,1.436945037339237,1.4622256697946152,1.4635470016058147,1.4644881544622672,1.4656297808040153,1.4888568622921796,1.4897623313919317,1.4907082100139453,1.4927414182164644,1.5168775377266759,1.5177675888834812,1.5187184899883408,1.5214912359241666,1.5886961192602833,1.5905412765694589,1.5965115531503358,1.6030637800206722,1.6094386539107635,1.6178813023738956,1.6267496916395654,1.6347434132001102,1.6418793205435007,1.6496668611223964,1.6935283648840385,1.7019526064433494,1.922895445235283,1.9368973239499725,1.9383558749183254,1.9388348774746225,1.939923658229008,1.941666107781092,1.9559727799739457,1.9636850507913828,1.9705314344333866,1.9711661456988177,1.977363451115233,1.977889301281396,1.9804753762825276,1.9850803646651234,2.0004768376069064,2.006923379230705,2.0216453256662517,2.026788457156751
-1.0,-1.0,-1.0,-1.0,-1.0,-1.0,-1.0,-1.0,-1.0,-1.0,-1.0,-1.0,-1.0,-1.0,-1.0,-1.0,-1.0,-1.0,-1.0,-1.0,-1.0,-1.0,-1.0,-1.0,-1.0,-1.0,-1.0,-1.0,-1.0,-1.0,-1.0,-1.0,-1.0,-1.0,-1.0,-1.0,-1.0,-1.0,-1.0,-1.0,-1.0,-1.0,-1.0,-1.0,-1.0,-1.0,-1.0,-1.0,-1.0,-1.0,-1.0,-1.0,-1.0,-1.0,-1.0,1.0,-1.0,-1.0,-1.0,-1.0,-1.0,-1.0,-1.0,-1.0,-1.0,-1.0,-1.0,-1.0,-1.0,-1.0,-1.0,-1.0,-1.0,-1.0,-1.0,-1.0,-1.0,-1.0,-1.0,-1.0,-1.0,-1.0,-1.0,-1.0,-1.0,-1.0,-1.0,-1.0,-1.0,-1.0,-1.0,-1.0,1.0,-1.0,-1.0,-1.0,-1.0,-1.0,-1.0,-1.0,-1.0,-1.0,-1.0,-1.0,-1.0,-1.0,-1.0,-1.0,-1.0,-1.0,-1.0,-1.0,-1.0,-1.0,-1.0,-1.0,-1.0,-1.0,-1.0,-1.0,-1.0,-1.0,-1.0,-1.0,-1.0,-1.0,-1.0,-1.0,-1.0,-1.0,-1.0,-1.0,-1.0,-1.0,-1.0,-1.0,-1.0,-1.0,-1.0,-1.0,-1.0,-1.0,-1.0,-1.0,-1.0,-1.0,-1.0,-1.0,-1.0,-1.0,-1.0,-1.0,-1.0,-1.0,-1.0,-1.0,-1.0,-1.0,-1.0,-1.0,-1.0,-1.0,-1.0,-1.0,-1.0,-1.0,-1.0,-1.0,-1.0,-1.0,-1.0,-1.0,-1.0,1.0,-1.0,1.0,1.0,1.0,-1.0,-1.0,-1.0,-1.0,-1.0,1.0,1.0,-1.0,1.0,1.0,1.0,-1.0,-1.0,-1.0,-1.0,-1.0,-1.0,-1.0,-1.0,-1.0,-1.0,-1.0,1.0,1.0,1.0,-1.0,-1.0,-1.0,-1.0,-1.0,-1.0,-1.0,1.0,-1.0,-1.0,1.0,1.0,-1.0,-1.0,1.0,1.0,-1.0,-1.0,-1.0,-1.0,-1.0,-1.0,-1.0,-1.0,-1.0,1.0,-1.0,1.0,1.0,-1.0,-1.0,1.0,1.0,1.0,-1.0,-1.0,1.0,1.0,-1.0,-1.0,-1.0,1.0,-1.0,1.0,1.0,-1.0,-1.0,-1.0,1.0,1.0,1.0,-1.0,-1.0,-1.0,-1.0,-1.0,-1.0,-1.0,-1.0,-1.0,-1.0,-1.0,-1.0,-1.0,-1.0,-1.0,1.0,-1.0,-1.0,-1.0,-1.0,1.0,-1.0,-1.0,-1.0,-1.0,-1.0,-1.0,1.0,-1.0,-1.0,-1.0,-1.0,1.0,-1.0,-1.0,-1.0,-1.0,1.0,-1.0,1.0,-1.0,-1.0,-1.0,-1.0,1.0,-1.0,-1.0,-1.0,-1.0,1.0,-1.0,-1.0,-1.0,-1.0,1.0,-1.0,-1.0,-1.0,-1.0,1.0,1.0,-1.0,1.0,-1.0,-1.0,-1.0,1.0,1.0,-1.0,-1.0,1.0,-1.0,-1.0,1.0,-1.0,-1.0,1.0,1.0,-1.0,-1.0,-1.0,-1.0,-1.0,-1.0,-1.0,-1.0,-1.0,-1.0,-1.0,-1.0,-1.0,-1.0,-1.0,-1.0,-1.0,-1.0,-1.0,-1.0,-1.0,-1.0,-1.0,-1.0,-1.0,-1.0,-1.0,-1.0,1.0,-1.0,-1.0,-1.0,-1.0,1.0,1.0,-1.0,1.0,-1.0,-1.0,-1.0,-1.0,-1.0,-1.0,1.0,-1.0,1.0,-1.0,1.0,-1.0,1.0,-1.0,1.0,-1.0,1.0,-1.0,1.0,-1.0,1.0,-1.0,-1.0,-1.0,-1.0,-1.0,-1.0,-1.0,-1.0,-1.0,-1.0,-1.0,-1.0,1.0,1.0,-1.0,-1.0,-1.0,-1.0,-1.0,-1.0,-1.0,-1.0,-1.0,1.0,1.0,-1.0,-1.0,1.0,1.0,-1.0
-1.0,-1.0,-1.0,-1.0,-1.0,-1.0,-1.0,-1.0,-1.0,-1.0,-1.0,-1.0,-1.0,-1.0,-1.0,-1.0,-1.0,-1.0,-1.0,-1.0,-1.0,-1.0,-1.0,-1.0,-1.0,-1.0,-1.0,-1.0,-1.0,-1.0,-1.0,-1.0,-1.0,-1.0,-1.0,-1.0,-1.0,-1.0,-1.0,-1.0,-1.0,-1.0,-1.0,-1.0,-1.0,-1.0,-1.0,-1.0,-1.0,-1.0,-1.0,-1.0,-1.0,-1.0,-1.0,-1.0,-1.0,-1.0,-1.0,-1.0,-1.0,-1.0,-1.0,-1.0,-1.0,-1.0,-1.0,-1.0,-1.0,-1.0,-1.0,-1.0,-1.0,-1.0,-1.0,-1.0,-1.0,-1.0,-1.0,-1.0,-1.0,-1.0,-1.0,-1.0,-1.0,-1.0,-1.0,-1.0,-1.0,-1.0,-1.0,-1.0,-1.0,-1.0,-1.0,-1.0,-1.0,-1.0,-1.0,-1.0,-1.0,-1.0,-1.0,-1.0,-1.0,-1.0,-1.0,-1.0,-1.0,-1.0,-1.0,-1.0,-1.0,-1.0,-1.0,-1.0,-1.0,-1.0,-1.0,-1.0,-1.0,-1.0,-1.0,-1.0,-1.0,-1.0,-1.0,-1.0,-1.0,-1.0,-1.0,-1.0,-1.0,-1.0,-1.0,-1.0,-1.0,-1.0,-1.0,-1.0,-1.0,-1.0,-1.0,-1.0,-1.0,-1.0,-1.0,-1.0,-1.0,-1.0,-1.0,-1.0,-1.0,-1.0,-1.0,-1.0,-1.0,-1.0,-1.0,-1.0,-1.0,-1.0,-1.0,-1.0,-1.0,-1.0,-1.0,-1.0,-1.0,-1.0,-1.0,-1.0,-1.0,-1.0,-1.0,-1.0,-1.0,-1.0,-1.0,-1.0,-1.0,-1.0,-1.0,1.0,-1.0,-1.0,-1.0,-1.0,-1.0,-1.0,-1.0,-1.0,-1.0,-1.0,-1.0,-1.0,-1.0,-1.0,-1.0,-1.0,1.0,-1.0,-1.0,-1.0,-1.0,-1.0,-1.0,-1.0,-1.0,-1.0,-1.0,-1.0,-1.0,-1.0,-1.0,-1.0,-1.0,-1.0,-1.0,-1.0,-1.0,-1.0,-1.0,-1.0,-1.0,-1.0,-1.0,-1.0,-1.0,-1.0,-1.0,-1.0,-1.0,-1.0,-1.0,-1.0,-1.0,-1.0,-1.0,-1.0,-1.0,-1.0,-1.0,-1.0,-1.0,-1.0,-1.0,-1.0,-1.0,-1.0,-1.0,-1.0,-1.0,-1.0,-1.0,-1.0,-1.0,-1.0,-1.0,-1.0,-1.0,-1.0,-1.0,-1.0,-1.0,-1.0,-1.0,-1.0,-1.0,-1.0,-1.0,-1.0,-1.0,-1.0,-1.0,-1.0,-1.0,-1.0,-1.0,-1.0,-1.0,-1.0,-1.0,-1.0,-1.0,-1.0,-1.0,-1.0,-1.0,-1.0,-1.0,-1.0,-1.0,-1.0,-1.0,-1.0,-1.0,-1.0,-1.0,-1.0,-1.0,-1.0,-1.0,-1.0,-1.0,-1.0,-1.0,-1.0,-1.0,-1.0,-1.0,-1.0,-1.0,-1.0,-1.0,-1.0,-1.0,-1.0,-1.0,-1.0,-1.0,-1.0,-1.0,-1.0,-1.0,-1.0,-1.0,-1.0,-1.0,-1.0,-1.0,-1.0,-1.0,-1.0,-1.0,-1.0,-1.0,-1.0,-1.0,-1.0,-1.0,-1.0,-1.0,-1.0,-1.0,-1.0,-1.0,-1.0,-1.0,-1.0,-1.0,-1.0,-1.0,-1.0,-1.0,-1.0,-1.0,-1.0,-1.0,-1.0,-1.0,-1.0,-1.0,-1.0,-1.0,-1.0,-1.0,-1.0,-1.0,-1.0,-1.0,-1.0,-1.0,-1.0,-1.0,-1.0,-1.0,-1.0,-1.0,-1.0,-1.0,-1.0,-1.0,-1.0,-1.0,-1.0,-1.0,-1.0,-1.0,-1.0,-1.0,-1.0,-1.0,-1.0,-1.0,-1.0,-1.0,-1.0,-1.0,-1.0,-1.0,-1.0,-1.0,-1.0,-1.0,-1.0,-1.0,-1.0,-1.0,-1.0,-1.0,-1.0,-1.0,-1.0,-1.0,-1.0,-1.0,-1.0,-1.0,-1.0
-1.0,-1.0,-1.0,-1.0,-1.0,-1.0,-1.0,-1.0,-1.0,-1.0,-1.0,-1.0,-1.0,-1.0,-1.0,-1.0,-1.0,-1.0,-1.0,-1.0,-1.0,-1.0,-1.0,-1.0,-1.0,-1.0,-1.0,-1.0,-1.0,-1.0,-1.0,-1.0,-1.0,-1.0,-1.0,-1.0,-1.0,-1.0,-1.0,-1.0,-1.0,-1.0,-1.0,-1.0,-1.0,-1.0,-1.0,-1.0,-1.0,-1.0,-1.0,-1.0,-1.0,-1.0,-1.0,-1.0,-1.0,-1.0,-1.0,-1.0,-1.0,-1.0,-1.0,-1.0,-1.0,-1.0,-1.0,-1.0,-1.0,-1.0,-1.0,-1.0,-1.0,-1.0,-1.0,-1.0,-1.0,-1.0,-1.0,-1.0,-1.0,-1.0,-1.0,-1.0,-1.0,-1.0,-1.0,-1.0,-1.0,-1.0,-1.0,-1.0,-1.0,-1.0,-1.0,-1.0,-1.0,-1.0,-1.0,-1.0,-1.0,-1.0,-1.0,-1.0,-1.0,-1.0,-1.0,-1.0,-1.0,-1.0,-1.0,-1.0,-1.0,-1.0,-1.0,-1.0,-1.0,-1.0,-1.0,-1.0,-1.0,-1.0,-1.0,-1.0,-1.0,-1.0,-1.0,-1.0,-1.0,-1.0,-1.0,-1.0,-1.0,-1.0,-1.0,-1.0,-1.0,-1.0,-1.0,-1.0,-1.0,-1.0,-1.0,-1.0,-1.0,-1.0,-1.0,-1.0,-1.0,-1.0,-1.0,-1.0,-1.0,-1.0,-1.0,-1.0,-1.0,-1.0,-1.0,-1.0,-1.0,-1.0,-1.0,-1.0,-1.0,-1.0,-1.0,-1.0,-1.0,-1.0,-1.0,-1.0,-1.0,-1.0,-1.0,-1.0,-1.0,-1.0,-1.0,-1.0,-1.0,-1.0,-1.0,-1.0,-1.0,-1.0,-1.0,-1.0,-1.0,-1.0,-1.0,-1.0,-1.0,-1.0,-1.0,-1.0,-1.0,-1.0,-1.0,-1.0,-1.0,-1.0,-1.0,-1.0,-1.0,-1.0,-1.0,-1.0,-1.0,-1.0,-1.0,-1.0,-1.0,-1.0,-1.0,-1.0,-1.0,-1.0,-1.0,-1.0,-1.0,-1.0,-1.0,-1.0,-1.0,-1.0,-1.0,-1.0,-1.0,-1.0,-1.0,-1.0,-1.0,-1.0,-1.0,-1.0,-1.0,-1.0,-1.0,-1.0,-1.0,-1.0,-1.0,-1.0,-1.0,-1.0,-1.0,-1.0,-1.0,-1.0,-1.0,-1.0,-1.0,-1.0,-1.0,-1.0,-1.0,-1.0,-1.0,-1.0,-1.0,-1.0,-1.0,-1.0,-1.0,-1.0,-1.0,-1.0,-1.0,-1.0,-1.0,-1.0,-1.0,-1.0,-1.0,-1.0,-1.0,-1.0,-1.0,-1.0,-1.0,-1.0,-1.0,-1.0,-1.0,-1.0,-1.0,-1.0,-1.0,-1.0,-1.0,-1.0,-1.0,-1.0,-1.0,-1.0,-1.0,-1.0,-1.0,-1.0,-1.0,-1.0,-1.0,-1.0,-1.0,-1.0,-1.0,-1.0,-1.0,-1.0,-1.0,-1.0,-1.0,-1.0,-1.0,-1.0,-1.0,-1.0,-1.0,-1.0,-1.0,-1.0,-1.0,-1.0,-1.0,-1.0,-1.0,-1.0,-1.0,-1.0,-1.0,-1.0,-1.0,-1.0,-1.0,-1.0,-1.0,-1.0,-1.0,-1.0,-1.0,-1.0,-1.0,-1.0,-1.0,-1.0,-1.0,-1.0,-1.0,-1.0,-1.0,-1.0,-1.0,-1.0,-1.0,-1.0,-1.0,-1.0,-1.0,-1.0,-1.0,-1.0,-1.0,-1.0,-1.0,-1.0,-1.0,-1.0,-1.0,-1.0,-1.0,-1.0,-1.0,-1.0,-1.0,-1.0,-1.0,-1.0,-1.0,-1.0,-1.0,-1.0,-1.0,-1.0,-1.0,-1.0,-1.0,-1.0,-1.0,-1.0,-1.0,1.0,-1.0,-1.0,-1.0,-1.0,-1.0,-1.0,-1.0,-1.0,-1.0,-1.0,-1.0,-1.0,-1.0,-1.0,-1.0,-1.0,-1.0,-1.0,-1.0,-1.0,-1.0,-1.0,-1.0,-1.0,-1.0,-1.0,-1.0,-1.0
-1.0,-1.0,-1.0,-1.0,-1.0,-1.0,-1.0,-1.0,-1.0,-1.0,-1.0,-1.0,-1.0,-1.0,-1.0,-1.0,-1.0,-1.0,-1.0,-1.0,-1.0,-1.0,-1.0,-1.0,-1.0,-1.0,-1.0,-1.0,-1.0,-1.0,-1.0,-1.0,-1.0,-1.0,-1.0,-1.0,-1.0,-1.0,-1.0,-1.0,-1.0,-1.0,-1.0,-1.0,-1.0,-1.0,-1.0,-1.0,-1.0,-1.0,-1.0,-1.0,-1.0,-1.0,-1.0,-1.0,-1.0,-1.0,-1.0,-1.0,-1.0,-1.0,-1.0,-1.0,-1.0,-1.0,-1.0,-1.0,-1.0,-1.0,-1.0,-1.0,-1.0,-1.0,-1.0,-1.0,-1.0,-1.0,-1.0,-1.0,-1.0,-1.0,-1.0,-1.0,-1.0,-1.0,-1.0,-1.0,-1.0,-1.0,-1.0,-1.0,-1.0,-1.0,-1.0,-1.0,-1.0,-1.0,-1.0,-1.0,-1.0,-1.0,-1.0,-1.0,-1.0,-1.0,-1.0,-1.0,-1.0,-1.0,-1.0,-1.0,-1.0,-1.0,-1.0,-1.0,-1.0,-1.0,-1.0,-1.0,-1.0,-1.0,-1.0,-1.0,-1.0,-1.0,-1.0,-1.0,-1.0,-1.0,-1.0,-1.0,-1.0,-1.0,-1.0,-1.0,-1.0,-1.0,-1.0,-1.0,-1.0,-1.0,-1.0,-1.0,-1.0,-1.0,-1.0,-1.0,-1.0,-1.0,-1.0,-1.0,-1.0,-1.0,-1.0,-1.0,-1.0,-1.0,-1.0,-1.0,-1.0,-1.0,-1.0,-1.0,-1.0,-1.0,-1.0,-1.0,-1.0,-1.0,-1.0,-1.0,-1.0,-1.0,-1.0,-1.0,-1.0,-1.0,-1.0,-1.0,-1.0,-1.0,-1.0,-1.0,-1.0,-1.0,-1.0,-1.0,-1.0,-1.0,-1.0,-1.0,-1.0,-1.0,-1.0,-1.0,-1.0,-1.0,-1.0,-1.0,-1.0,-1.0,-1.0,-1.0,-1.0,-1.0,-1.0,-1.0,-1.0,-1.0,-1.0,-1.0,-1.0,-1.0,-1.0,-1.0,-1.0,-1.0,-1.0,-1.0,-1.0,-1.0,-1.0,-1.0,-1.0,-1.0,-1.0,-1.0,-1.0,-1.0,-1.0,-1.0,-1.0,-1.0,-1.0,-1.0,-1.0,-1.0,-1.0,-1.0,-1.0,-1.0,-1.0,-1.0,-1.0,-1.0,-1.0,-1.0,-1.0,-1.0,-1.0,-1.0,-1.0,-1.0,-1.0,-1.0,-1.0,-1.0,-1.0,-1.0,-1.0,-1.0,-1.0,-1.0,-1.0,-1.0,-1.0,-1.0,-1.0,-1.0,-1.0,-1.0,-1.0,-1.0,-1.0,-1.0,-1.0,-1.0,-1.0,-1.0,-1.0,-1.0,-1.0,-1.0,-1.0,-1.0,-1.0,-1.0,-1.0,-1.0,-1.0,-1.0,-1.0,-1.0,-1.0,-1.0,-1.0,-1.0,-1.0,-1.0,-1.0,-1.0,-1.0,-1.0,-1.0,-1.0,-1.0,-1.0,-1.0,-1.0,-1.0,-1.0,-1.0,-1.0,-1.0,-1.0,-1.0,-1.0,-1.0,-1.0,-1.0,-1.0,-1.0,-1.0,-1.0,-1.0,-1.0,-1.0,-1.0,-1.0,-1.0,-1.0,-1.0,-1.0,-1.0,-1.0,-1.0,-1.0,-1.0,-1.0,-1.0,-1.0,-1.0,-1.0,-1.0,-1.0,-1.0,-1.0,-1.0,-1.0,-1.0,-1.0,-1.0,-1.0,-1.0,-1.0,-1.0,-1.0,-1.0,-1.0,-1.0,-1.0,-1.0,-1.0,-1.0,-1.0,-1.0,-1.0,-1.0,-1.0,-1.0,-1.0,-1.0,-1.0,-1.0,-1.0,-1.0,-1.0,-1.0,-1.0,-1.0,-1.0,-1.0,-1.0,-1.0,-1.0,-1.0,-1.0,-1.0,-1.0,-1.0,-1.0,-1.0,-1.0,-1.0,-1.0,-1.0,-1.0,-1.0,-1.0,-1.0,-1.0,-1.0,-1.0,-1.0,-1.0,-1.0,-1.0,-1.0,-1.0,-1.0,-1.0,-1.0,-1.0,-1.0,-1.0,-1.0,-1.0,-1.0,-1.0
-1.0,-1.0,-1.0,-1.0,-1.0,-1.0,-1.0,-1.0,-1.0,-1.0,-1.0,-1.0,-1.0,-1.0,-1.0,-1.0,-1.0,-1.0,-1.0,-1.0,-1.0,-1.0,-1.0,-1.0,-1.0,-1.0,-1.0,-1.0,-1.0,-1.0,-1.0,-1.0,-1.0,-1.0,-1.0,-1.0,-1.0,-1.0,-1.0,-1.0,-1.0,-1.0,-1.0,-1.0,-1.0,-1.0,-1.0,-1.0,-1.0,-1.0,-1.0,-1.0,-1.0,-1.0,-1.0,-1.0,-1.0,-1.0,-1.0,-1.0,-1.0,-1.0,-1.0,-1.0,-1.0,-1.0,-1.0,-1.0,-1.0,-1.0,-1.0,-1.0,-1.0,-1.0,-1.0,-1.0,-1.0,-1.0,-1.0,-1.0,-1.0,-1.0,-1.0,-1.0,-1.0,-1.0,-1.0,-1.0,-1.0,-1.0,-1.0,-1.0,-1.0,-1.0,-1.0,-1.0,-1.0,-1.0,-1.0,-1.0,-1.0,-1.0,-1.0,-1.0,-1.0,-1.0,-1.0,-1.0,-1.0,-1.0,-1.0,-1.0,-1.0,-1.0,-1.0,-1.0,-1.0,-1.0,-1.0,-1.0,-1.0,-1.0,-1.0,-1.0,-1.0,-1.0,-1.0,-1.0,-1.0,-1.0,-1.0,-1.0,-1.0,-1.0,-1.0,-1.0,-1.0,-1.0,-1.0,-1.0,-1.0,-1.0,-1.0,-1.0,-1.0,-1.0,-1.0,-1.0,-1.0,-1.0,-1.0,-1.0,-1.0,-1.0,-1.0,-1.0,-1.0,-1.0,-1.0,-1.0,-1.0,-1.0,-1.0,-1.0,-1.0,-1.0,-1.0,-1.0,-1.0,-1.0,-1.0,-1.0,-1.0,-1.0,-1.0,-1.0,-1.0,-1.0,-1.0,-1.0,-1.0,-1.0,-1.0,-1.0,-1.0,-1.0,-1.0,-1.0,-1.0,-1.0,-1.0,-1.0,-1.0,-1.0,-1.0,-1.0,-1.0,-1.0,-1.0,-1.0,-1.0,-1.0,-1.0,-1.0,-1.0,-1.0,-1.0,-1.0,-1.0,-1.0,-1.0,-1.0,-1.0,-1.0,-1.0,-1.0,-1.0,-1.0,-1.0,-1.0,-1.0,-1.0,-1.0,-1.0,-1.0,-1.0,-1.0,-1.0,-1.0,-1.0,-1.0,-1.0,-1.0,-1.0,-1.0,-1.0,-1.0,-1.0,-1.0,-1.0,-1.0,-1.0,-1.0,-1.0,-1.0,-1.0,-1.0,-1.0,-1.0,-1.0,-1.0,-1.0,-1.0,-1.0,-1.0,-1.0,-1.0,-1.0,-1.0,-1.0,-1.0,-1.0,-1.0,-1.0,-1.0,-1.0,-1.0,-1.0,-1.0,-1.0,-1.0,-1.0,-1.0,-1.0,-1.0,-1.0,-1.0,-1.0,-1.0,-1.0,-1.0,-1.0,-1.0,-1.0,-1.0,-1.0,-1.0,-1.0,-1.0,-1.0,-1.0,-1.0,-1.0,-1.0,-1.0,-1.0,-1.0,-1.0,-1.0,-1.0,-1.0,-1.0,-1.0,-1.0,-1.0,-1.0,-1.0,-1.0,-1.0,-1.0,-1.0,-1.0,-1.0,-1.0,-1.0,-1.0,-1.0,-1.0,-1.0,-1.0,-1.0,-1.0,-1.0,-1.0,-1.0,-1.0,-1.0,-1.0,-1.0,-1.0,-1.0,-1.0,-1.0,-1.0,-1.0,-1.0,-1.0,-1.0,-1.0,-1.0,-1.0,-1.0,-1.0,-1.0,-1.0,-1.0,-1.0,-1.0,-1.0,-1.0,-1.0,-1.0,-1.0,-1.0,-1.0,-1.0,-1.0,-1.0,-1.0,-1.0,-1.0,-1.0,-1.0,-1.0,-1.0,-1.0,-1.0,-1.0,-1.0,-1.0,-1.0,-1.0,-1.0,-1.0,-1.0,-1.0,-1.0,-1.0,-1.0,-1.0,-1.0,-1.0,-1.0,-1.0,-1.0,-1.0,-1.0,-1.0,-1.0,-1.0,-1.0,-1.0,-1.0,-1.0,-1.0,-1.0,-1.0,-1.0,-1.0,-1.0,-1.0,-1.0,-1.0,-1.0,-1.0,-1.0,-1.0,-1.0,-1.0,-1.0,-1.0,-1.0,-1.0,-1.0,-1.0,-1.0,-1.0,-1.0,-1.0,-1.0
-1.0,-1.0,-1.0,-1.0,-1.0,-1.0,-1.0,-1.0,-1.0,-1.0,-1.0,-1.0,-1.0,-1.0,-1.0,-1.0,-1.0,-1.0,-1.0,-1.0,-1.0,-1.0,-1.0,-1.0,-1.0,-1.0,-1.0,-1.0,-1.0,-1.0,-1.0,-1.0,-1.0,-1.0,-1.0,-1.0,-1.0,-1.0,-1.0,-1.0,-1.0,-1.0,-1.0,-1.0,-1.0,-1.0,-1.0,-1.0,-1.0,-1.0,-1.0,-1.0,-1.0,-1.0,-1.0,-1.0,-1.0,-1.0,-1.0,-1.0,-1.0,-1.0,-1.0,-1.0,-1.0,-1.0,-1.0,-1.0,-1.0,-1.0,-1.0,-1.0,-1.0,-1.0,-1.0,-1.0,-1.0,-1.0,-1.0,-1.0,-1.0,-1.0,-1.0,-1.0,-1.0,-1.0,-1.0,-1.0,-1.0,-1.0,-1.0,-1.0,-1.0,-1.0,-1.0,-1.0,-1.0,-1.0,-1.0,-1.0,-1.0,-1.0,-1.0,-1.0,-1.0,-1.0,-1.0,-1.0,-1.0,-1.0,-1.0,-1.0,-1.0,-1.0,-1.0,-1.0,-1.0,-1.0,-1.0,-1.0,-1.0,-1.0,-1.0,-1.0,-1.0,-1.0,-1.0,-1.0,-1.0,-1.0,-1.0,-1.0,-1.0,-1.0,-1.0,-1.0,-1.0,-1.0,-1.0,-1.0,-1.0,-1.0,-1.0,-1.0,-1.0,-1.0,-1.0,-1.0,-1.0,-1.0,-1.0,-1.0,-1.0,-1.0,-1.0,-1.0,-1.0,-1.0,-1.0,-1.0,-1.0,-1.0,-1.0,-1.0,-1.0,-1.0,-1.0,-1.0,-1.0,-1.0,-1.0,-1.0,-1.0,-1.0,-1.0,-1.0,-1.0,-1.0,-1.0,-1.0,-1.0,-1.0,-1.0,-1.0,-1.0,-1.0,-1.0,-1.0,-1.0,-1.0,-1.0,-1.0,-1.0,-1.0,-1.0,-1.0,-1.0,-1.0,-1.0,-1.0,-1.0,-1.0,-1.0,-1.0,-1.0,-1.0,-1.0,-1.0,-1.0,-1.0,-1.0,-1.0,-1.0,-1.0,-1.0,-1.0,-1.0,-1.0,-1.0,-1.0,-1.0,-1.0,-1.0,-1.0,-1.0,-1.0,-1.0,-1.0,-1.0,-1.0,-1.0,-1.0,-1.0,-1.0,-1.0,-1.0,-1.0,-1.0,-1.0,-1.0,-1.0,-1.0,-1.0,-1.0,-1.0,-1.0,-1.0,-1.0,-1.0,-1.0,-1.0,-1.0,-1.0,-1.0,-1.0,-1.0,-1.0,-1.0,-1.0,-1.0,-1.0,-1.0,-1.0,-1.0,-1.0,-1.0,-1.0,-1.0,-1.0,-1.0,-1.0,-1.0,-1.0,-1.0,-1.0,-1.0,-1.0,-1.0,-1.0,-1.0,-1.0,-1.0,-1.0,-1.0,-1.0,-1.0,-1.0,-1.0,-1.0,-1.0,-1.0,-1.0,-1.0,-1.0,-1.0,-1.0,-1.0,-1.0,-1.0,-1.0,-1.0,-1.0,-1.0,-1.0,-1.0,-1.0,-1.0,-1.0,-1.0,-1.0,-1.0,-1.0,-1.0,-1.0,-1.0,-1.0,-1.0,-1.0,-1.0,-1.0,-1.0,-1.0,-1.0,-1.0,-1.0,-1.0,-1.0,-1.0,-1.0,-1.0,-1.0,-1.0,-1.0,-1.0,-1.0,-1.0,-1.0,-1.0,-1.0,-1.0,-1.0,-1.0,-1.0,-1.0,-1.0,-1.0,-1.0,-1.0,-1.0,-1.0,-1.0,-1.0,-1.0,-1.0,-1.0,-1.0,-1.0,-1.0,-1.0,-1.0,-1.0,-1.0,-1.0,-1.0,-1.0,-1.0,-1.0,-1.0,-1.0,-1.0,-1.0,-1.0,-1.0,-1.0,-1.0,-1.0,-1.0,-1.0,-1.0,-1.0,-1.0,-1.0,-1.0,-1.0,-1.0,-1.0,-1.0,-1.0,-1.0,-1.0,-1.0,-1.0,-1.0,-1.0,-1.0,-1.0,-1.0,-1.0,-1.0,-1.0,-1.0,-1.0,-1.0,-1.0,-1.0,-1.0,-1.0,-1.0,-1.0,-1.0,-1.0,-1.0,-1.0,-1.0,-1.0,-1.0,-1.0,-1.0,-1.0,-1.0
-1.0,-1.0,-1.0,-1.0,-1.0,-1.0,-1.0,-1.0,-1.0,-1.0,-1.0,-1.0,-1.0,-1.0,-1.0,-1.0,-1.0,-1.0,-1.0,-1.0,-1.0,-1.0,-1.0,-1.0,-1.0,-1.0,-1.0,-1.0,-1.0,-1.0,-1.0,-1.0,-1.0,-1.0,-1.0,-1.0,-1.0,-1.0,-1.0,-1.0,-1.0,-1.0,-1.0,-1.0,-1.0,-1.0,-1.0,-1.0,-1.0,-1.0,-1.0,-1.0,-1.0,-1.0,-1.0,-1.0,-1.0,-1.0,-1.0,-1.0,-1.0,-1.0,-1.0,-1.0,-1.0,-1.0,-1.0,-1.0,-1.0,-1.0,-1.0,-1.0,-1.0,-1.0,-1.0,-1.0,-1.0,-1.0,-1.0,-1.0,-1.0,-1.0,-1.0,-1.0,-1.0,-1.0,-1.0,-1.0,-1.0,-1.0,-1.0,-1.0,-1.0,-1.0,-1.0,-1.0,-1.0,-1.0,-1.0,-1.0,-1.0,-1.0,-1.0,-1.0,-1.0,-1.0,-1.0,-1.0,-1.0,-1.0,-1.0,-1.0,-1.0,-1.0,-1.0,-1.0,-1.0,-1.0,-1.0,-1.0,-1.0,-1.0,-1.0,-1.0,-1.0,-1.0,-1.0,-1.0,-1.0,-1.0,-1.0,-1.0,-1.0,-1.0,-1.0,-1.0,-1.0,-1.0,-1.0,-1.0,-1.0,-1.0,-1.0,-1.0,-1.0,-1.0,-1.0,-1.0,-1.0,-1.0,-1.0,-1.0,-1.0,-1.0,-1.0,-1.0,-1.0,-1.0,-1.0,1.0,-1.0,-1.0,-1.0,-1.0,-1.0,-1.0,-1.0,-1.0,-1.0,-1.0,-1.0,-1.0,-1.0,-1.0,-1.0,-1.0,-1.0,-1.0,-1.0,-1.0,-1.0,-1.0,-1.0,-1.0,-1.0,-1.0,-1.0,-1.0,-1.0,-1.0,-1.0,-1.0,-1.0,-1.0,-1.0,-1.0,-1.0,-1.0,-1.0,-1.0,-1.0,-1.0,-1.0,-1.0,-1.0,-1.0,-1.0,-1.0,-1.0,-1.0,-1.0,-1.0,-1.0,-1.0,-1.0,-1.0,-1.0,1.0,-1.0,-1.0,-1.0,-1.0,-1.0,-1.0,-1.0,-1.0,-1.0,-1.0,-1.0,-1.0,-1.0,-1.0,-1.0,-1.0,-1.0,-1.0,-1.0,-1.0,-1.0,-1.0,-1.0,-1.0,-1.0,-1.0,-1.0,-1.0,-1.0,-1.0,-1.0,-1.0,-1.0,-1.0,-1.0,-1.0,-1.0,-1.0,-1.0,-1.0,-1.0,-1.0,-1.0,-1.0,-1.0,-1.0,-1.0,-1.0,-1.0,-1.0,-1.0,-1.0,-1.0,-1.0,-1.0,-1.0,-1.0,-1.0,-1.0,-1.0,-1.0,-1.0,-1.0,-1.0,-1.0,-1.0,-1.0,-1.0,-1.0,-1.0,-1.0,-1.0,-1.0,-1.0,-1.0,-1.0,-1.0,-1.0,-1.0,-1.0,-1.0,-1.0,-1.0,-1.0,-1.0,-1.0,-1.0,-1.0,-1.0,-1.0,-1.0,-1.0,-1.0,-1.0,-1.0,-1.0,-1.0,-1.0,-1.0,-1.0,-1.0,-1.0,-1.0,-1.0,-1.0,-1.0,-1.0,-1.0,-1.0,-1.0,-1.0,-1.0,-1.0,-1.0,-1.0,-1.0,-1.0,-1.0,-1.0,-1.0,-1.0,-1.0,-1.0,-1.0,-1.0,-1.0,-1.0,-1.0,-1.0,-1.0,-1.0,-1.0,-1.0,-1.0,-1.0,-1.0,-1.0,-1.0,-1.0,-1.0,-1.0,-1.0,-1.0,-1.0,-1.0,-1.0,-1.0,-1.0,-1.0,-1.0,-1.0,-1.0,-1.0,-1.0,-1.0,-1.0,-1.0,-1.0,-1.0,-1.0,-1.0,-1.0,-1.0,-1.0,-1.0,-1.0,-1.0,-1.0,-1.0,-1.0,-1.0,-1.0,-1.0,1.0,-1.0,-1.0,-1.0,-1.0,-1.0,-1.0,-1.0,-1.0,-1.0,-1.0,-1.0,-1.0,-1.0,-1.0,-1.0,-1.0,-1.0,-1.0,-1.0,-1.0,-1.0,-1.0,-1.0,-1.0,-1.0,-1.0,-1.0,-1.0
1.337810426714739,1.337810426714739,1.337810426714739,1.337810426714739,1.337810426714739,-0.27666196209412575,1.337810426714739,1.337810426714739,1.337810426714739,1.337810426714739,1.337810426714739,1.337810426714739,0.5305742323103066,1.337810426714739,1.337810426714739,1.337810426714739,1.337810426714739,1.337810426714739,0.7323832809114148,1.337810426714739,1.337810426714739,1.337810426714739,0.12695613510809048,1.337810426714739,1.337810426714739,1.337810426714739,1.337810426714739,1.337810426714739,1.337810426714739,1.337810426714739,1.337810426714739,1.337810426714739,1.337810426714739,1.337810426714739,1.337810426714739,1.337810426714739,1.337810426714739,1.337810426714739,1.337810426714739,1.337810426714739,1.337810426714739,1.337810426714739,1.337810426714739,1.337810426714739,1.337810426714739,1.337810426714739,1.337810426714739,1.337810426714739,1.337810426714739,1.337810426714739,1.337810426714739,1.337810426714739,1.337810426714739,1.337810426714739,1.337810426714739,1.337810426714739,1.337810426714739,1.337810426714739,1.337810426714739,1.337810426714739,1.337810426714739,1.337810426714739,1.337810426714739,1.337810426714739,0.5305742323103066,0.5305742323103066,1.337810426714739,1.337810426714739,1.337810426714739,1.337810426714739,1.337810426714739,1.337810426714739,1.337810426714739,1.337810426714739,0.5305742323103066,1.337810426714739,1.337810426714739,1.337810426714739,1.337810426714739,1.337810426714739,1.337810426714739,1.337810426714739,1.337810426714739,1.337810426714739,1.337810426714739,0.5305742323103066,1.337810426714739,1.337810426714739,1.337810426714739,1.337810426714739,1.337810426714739,1.337810426714739,1.337810426714739,1.337810426714739,1.337810426714739,0.5305742323103066,1.337810426714739,1.337810426714739,1.337810426714739,1.337810426714739,1.337810426714739,1.337810426714739,0.5305742323103066,1.337810426714739,1.337810426714739,1.337810426714739,1.337810426714739,1.337810426714739,1.337810426714739,0.12695613510809048,1.337810426714739,1.337810426714739,1.337810426714739,1.337810426714739,1.337810426714739,1.337810426714739,1.337810426714739,1.337810426714739,1.337810426714739,0.5305742323103066,0.5305742323103066,1.337810426714739,1.337810426714739,1.337810426714739,1.337810426714739,1.337810426714739,1.337810426714739,1.337810426714739,1.337810426714739,1.337810426714739,1.337810426714739,1.337810426714739,1.337810426714739,1.337810426714739,1.337810426714739,1.337810426714739,1.337810426714739,1.337810426714739,1.337810426714739,1.337810426714739,1.337810426714739,1.337810426714739,1.337810426714739,1.337810426714739,1.337810426714739,1.337810426714739,1.337810426714739,1.337810426714739,1.337810426714739,1.337810426714739,1.337810426714739,1.337810426714739,1.337810426714739,1.337810426714739,1.337810426714739,1.337810426714739,1.337810426714739,1.337810426714739,-1.0838981564985581,0.3691269934294201,0.5305742323103066,1.337810426714739,0.7323832809114148,0.7323832809114148,1.337810426714739,0.5305742323103066,0.5305742323103066,0.5305742323103066,0.5305742323103066,1.337810426714739,0.7323832809114148,0.5305742323103066,0.5305742323103066,-0.27666196209412575,-0.7379397874680871,-0.8289814635287374,-0.9224509176176717,-0.47847101069523384,0.12695613510809048,-0.27666196209412575,0.12695613510809048,0.12695613510809048,1.337810426714739,-0.781184583596896,-0.27666196209412575,-0.7379397874680871,-0.8289814635287374,-0.9224509176176717,-0.47847101069523384,0.12695613510809048,-0.27666196209412575,0.12695613510809048,0.12695613510809048,1.337810426714739,1.337810426714739,1.337810426714739,-1.0838981564985581,-0.27666196209412575,-0.27666196209412575,0.7323832809114148,-0.6802800592963419,-0.6565378182844469,-0.814819425030414,0.12695613510809048,0.12695613510809048,-0.9493587907644861,1.337810426714739,1.337810426714739,-0.27666196209412575,1.337810426714739,-0.8763231350802756,-0.8782813899993159,-0.27666196209412575,-1.0147064826924639,-0.990755518682662,-0.9084120272802033,-1.0838981564985581,-0.9786064789675452,-0.9239740047769254,-1.0838981564985581,-1.0838981564985581,1.337810426714739,1.337810426714739,1.337810426714739,1.337810426714739,0.0,-1.0838981564985581,1.337810426714739,-0.17575743779357167,1.337810426714739,-0.17575743779357167,0.934192329512523,1.337810426714739,1.337810426714739,-0.5995564398558987,-0.9893001649667887,-1.0040616097992188,-0.9325413700477271,-1.0838981564985581,-1.010513047916337,-0.9212460874767695,-0.8596658802751046,-0.781184583596896,-1.0838981564985581,0.033813497292194496,0.0,-0.27666196209412575,-0.1152147232132392,-0.028281594585069587,-1.0838981564985581,-1.0838981564985581,1.337810426714739,-0.5995564398558987,-0.47847101069523384,-0.6802800592963419,1.337810426714739,1.337810426714739,-0.27666196209412575,0.5305742323103066,1.337810426714739,0.5305742323103066,1.337810426714739,-1.0838981564985581,1.337810426714739,-1.0838981564985581,1.337810426714739,1.337810426714739,1.337810426714739,1.337810426714739,-0.7379397874680871,-0.27666196209412575,0.0,-0.27666196209412575,1.337810426714739,-0.7379397874680871,-0.27666196209412575,0.0,-0.27666196209412575,1.337810426714739,-0.47847101069523384,1.337810426714739,0.0,-0.27666196209412575,0.0,-0.27666196209412575,1.337810426714739,-0.781184583596896,-0.27666196209412575,0.0,-0.27666196209412575,1.337810426714739,-0.357385581534569,1.337810426714739,-0.7610036787367851,-0.27666196209412575,0.0,-0.27666196209412575,1.337810426714739,-0.6802800592963419,-0.27666196209412575,0.0,-0.27666196209412575,1.337810426714739,-0.6435875050052313,-0.27666196209412575,0.0,-0.27666196209412575,1.337810426714739,-0.6802800592963419,-0.27666196209412575,0.0,-0.27666196209412575,1.337810426714739,-0.6435875050052313,-0.814819425030414,-0.27666196209412575,-0.814819425030414,-0.27666196209412575,-0.8637428307518948,1.337810426714739,-1.0838981564985581,-0.897612880866766,-0.6802800592963419,1.337810426714739,-1.0838981564985581,-0.27666196209412575,-0.27666196209412575,-0.711327605234974,-0.8637428307518948,1.337810426714739,-1.0838981564985581,-0.897612880866766,1.337810426714739,1.337810426714739,1.337810426714739,1.337810426714739,1.337810426714739,1.337810426714739,1.337810426714739,1.337810426714739,1.337810426714739,1.337810426714739,1.337810426714739,-1.0838981564985581,-0.5250423296031819,-1.0838981564985581,-0.5995564398558987,-1.0838981564985581,-0.27666196209412575,-1.0838981564985581,-0.47847101069523384,-1.0838981564985581,-0.1152147232132392,1.337810426714739,1.337810426714739,1.337810426714739,-0.47847101069523384,1.337810426714739,-0.5250423296031819,0.5305742323103066,-0.6802800592963419,1.337810426714739,0.8534687100720798,-1.0838981564985581,-1.0838981564985581,1.337810426714739,-0.5995564398558987,-0.6802800592963419,-0.47847101069523384,1.337810426714739,1.337810426714739,-0.27666196209412575,1.337810426714739,-0.5995564398558987,1.337810426714739,0.12695613510809048,1.337810426714739,-0.711327605234974,0.934192329512523,0.12695613510809048,1.337810426714739,0.12695613510809048,1.337810426714739,0.12695613510809048,1.337810426714739,-0.6435875050052313,1.337810426714739,0.12695613510809048,1.337810426714739,-0.9325413700477271,-1.0838981564985581,0.3691269934294201,0.7323832809114148,0.5305742323103066,1.337810426714739,0.8534687100720798,0.8534687100720798,0.7323832809114148,0.7323832809114148,1.337810426714739,-0.27666196209412575,1.337810426714739,-0.781184583596896,0.12695613510809048,1.337810426714739,-1.0838981564985581,-1.0838981564985581,-0.6802800592963419,-0.6802800592963419,-0.7379397874680871,0.5305742323103066,-1.0838981564985581,1.337810426714739,0.0,-0.27666196209412575,-0.27666196209412575,0.12695613510809048,0.12695613510809048,-0.8532592438115775,0.5305742323103066
1.4516825767754173,1.4516825767754173,1.4516825767754173,1.4516825767754173,1.4516825767754173,-0.59926643194068,1.4516825767754173,1.4516825767754173,1.4516825767754173,1.4516825767754173,1.4516825767754173,1.4516825767754173,0.16983944632785655,1.4516825767754173,1.4516825767754173,1.4516825767754173,1.4516825767754173,1.4516825767754173,0.4422311115479633,1.4516825767754173,1.4516825767754173,1.4516825767754173,-0.2788056493287897,1.4516825767754173,1.4516825767754173,1.4516825767754173,1.4516825767754173,1.4516825767754173,1.4516825767754173,1.4516825767754173,1.4516825767754173,1.4516825767754173,1.4516825767754173,1.4516825767754173,1.4516825767754173,1.4516825767754173,1.4516825767754173,1.4516825767754173,1.4516825767754173,1.4516825767754173,1.4516825767754173,1.4516825767754173,1.4516825767754173,1.4516825767754173,1.4516825767754173,1.4516825767754173,1.4516825767754173,1.4516825767754173,1.4516825767754173,1.4516825767754173,1.4516825767754173,1.4516825767754173,1.4516825767754173,1.4516825767754173,1.4516825767754173,1.4516825767754173,1.4516825767754173,1.4516825767754173,1.4516825767754173,1.4516825767754173,1.4516825767754173,1.4516825767754173,1.4516825767754173,1.4516825767754173,0.16983944632785655,0.16983944632785655,1.4516825767754173,1.4516825767754173,1.4516825767754173,1.4516825767754173,1.4516825767754173,1.4516825767754173,1.4516825767754173,1.4516825767754173,0.16983944632785655,1.4516825767754173,1.4516825767754173,1.4516825767754173,1.4516825767754173,1.4516825767754173,1.4516825767754173,1.4516825767754173,1.4516825767754173,1.4516825767754173,1.4516825767754173,0.16983944632785655,1.4516825767754173,1.4516825767754173,1.4516825767754173,1.4516825767754173,1.4516825767754173,1.4516825767754173,1.4516825767754173,1.4516825767754173,1.4516825767754173,0.16983944632785655,1.4516825767754173,1.4516825767754173,1.4516825767754173,1.4516825767754173,1.4516825767754173,1.4516825767754173,0.16983944632785655,1.4516825767754173,1.4516825767754173,1.4516825767754173,1.4516825767754173,1.4516825767754173,1.4516825767754173,-0.2788056493287897,1.4516825767754173,1.4516825767754173,1.4516825767754173,1.4516825767754173,1.4516825767754173,1.4516825767754173,1.4516825767754173,1.4516825767754173,1.4516825767754173,0.16983944632785655,0.16983944632785655,1.4516825767754173,1.4516825767754173,1.4516825767754173,1.4516825767754173,1.4516825767754173,1.4516825767754173,1.4516825767754173,1.4516825767754173,1.4516825767754173,1.4516825767754173,1.4516825767754173,1.4516825767754173,1.4516825767754173,1.4516825767754173,1.4516825767754173,1.4516825767754173,1.4516825767754173,1.4516825767754173,1.4516825767754173,1.4516825767754173,1.4516825767754173,1.4516825767754173,1.4516825767754173,1.4516825767754173,1.4516825767754173,1.4516825767754173,1.4516825767754173,1.4516825767754173,1.4516825767754173,1.4516825767754173,1.4516825767754173,1.4516825767754173,1.4516825767754173,1.4516825767754173,1.4516825767754173,1.4516825767754173,1.4516825767754173,-0.8556350580301921,-0.02500070950017269,0.16983944632785655,1.4516825767754173,0.4422311115479633,0.4422311115479633,1.4516825767754173,0.16983944632785655,0.16983944632785655,0.16983944632785655,0.16983944632785655,1.4516825767754173,0.4422311115479633,0.16983944632785655,0.16983944632785655,-0.59926643194068,-0.8085469430341592,-0.8300692116611549,-0.8453803129866116,-0.7114277058548415,-0.2788056493287897,-0.59926643194068,-0.2788056493287897,-0.2788056493287897,1.4516825767754173,-0.8195832199863545,-0.59926643194068,-0.8085469430341592,-0.8300692116611549,-0.8453803129866116,-0.7114277058548415,-0.2788056493287897,-0.59926643194068,-0.2788056493287897,-0.2788056493287897,1.4516825767754173,1.4516825767754173,1.4516825767754173,-0.8556350580301921,-0.59926643194068,-0.59926643194068,0.4422311115479633,-0.791542901507814,-0.7837808756314015,-0.8271496551313574,-0.2788056493287897,-0.2788056493287897,-0.8485137073054835,1.4516825767754173,1.4516825767754173,-0.59926643194068,1.4516825767754173,-0.8386833366316203,-0.8390016717344236,-0.59926643194068,-0.8537515334303508,-0.8522218662627282,-0.8435193384607446,-0.8556350580301921,-0.8512733989851909,-0.8455728860734927,-0.8556350580301921,-0.8556350580301921,1.4516825767754173,1.4516825767754173,1.4516825767754173,1.4516825767754173,0.0,-0.8556350580301921,1.4516825767754173,-0.5311685156356533,1.4516825767754173,-0.5311685156356533,0.7466688550292592,1.4516825767754173,1.4516825767754173,-0.7633423526379678,-0.8521143707212236,-0.8531274069357289,-0.8466220985192328,-0.8556350580301921,-0.8535163090542458,-0.8452266859863486,-0.8358535282393347,-0.8195832199863545,-0.8556350580301921,-0.3641354435153876,0.0,-0.59926643194068,-0.4864642364612945,-0.41722953767593757,-0.8556350580301921,-0.8556350580301921,1.4516825767754173,-0.7633423526379678,-0.7114277058548415,-0.791542901507814,1.4516825767754173,1.4516825767754173,-0.59926643194068,0.16983944632785655,1.4516825767754173,0.16983944632785655,1.4516825767754173,-0.8556350580301921,1.4516825767754173,-0.8556350580301921,1.4516825767754173,1.4516825767754173,1.4516825767754173,1.4516825767754173,-0.8085469430341592,-0.59926643194068,0.0,-0.59926643194068,1.4516825767754173,-0.8085469430341592,-0.59926643194068,0.0,-0.59926643194068,1.4516825767754173,-0.7114277058548415,1.4516825767754173,0.0,-0.59926643194068,0.0,-0.59926643194068,1.4516825767754173,-0.8195832199863545,-0.59926643194068,0.0,-0.59926643194068,1.4516825767754173,-0.6479764708976872,1.4516825767754173,-0.8146160778558702,-0.59926643194068,0.0,-0.59926643194068,1.4516825767754173,-0.791542901507814,-0.59926643194068,0.0,-0.59926643194068,1.4516825767754173,-0.7793600948961223,-0.59926643194068,0.0,-0.59926643194068,1.4516825767754173,-0.791542901507814,-0.59926643194068,0.0,-0.59926643194068,1.4516825767754173,-0.7793600948961223,-0.8271496551313574,-0.59926643194068,-0.8271496551313574,-0.59926643194068,-0.8365663172466746,1.4516825767754173,-0.8556350580301921,-0.8419822909603365,-0.791542901507814,1.4516825767754173,-0.8556350580301921,-0.59926643194068,-0.59926643194068,-0.8010239897507694,-0.8365663172466746,1.4516825767754173,-0.8556350580301921,-0.8419822909603365,1.4516825767754173,1.4516825767754173,1.4516825767754173,1.4516825767754173,1.4516825767754173,1.4516825767754173,1.4516825767754173,1.4516825767754173,1.4516825767754173,1.4516825767754173,1.4516825767754173,-0.8556350580301921,-0.732760154401491,-0.8556350580301921,-0.7633423526379678,-0.8556350580301921,-0.59926643194068,-0.8556350580301921,-0.7114277058548415,-0.8556350580301921,-0.4864642364612945,1.4516825767754173,1.4516825767754173,1.4516825767754173,-0.7114277058548415,1.4516825767754173,-0.732760154401491,0.16983944632785655,-0.791542901507814,1.4516825767754173,0.6210482282453983,-0.8556350580301921,-0.8556350580301921,1.4516825767754173,-0.7633423526379678,-0.791542901507814,-0.7114277058548415,1.4516825767754173,1.4516825767754173,-0.59926643194068,1.4516825767754173,-0.7633423526379678,1.4516825767754173,-0.2788056493287897,1.4516825767754173,-0.8010239897507694,0.7466688550292592,-0.2788056493287897,1.4516825767754173,-0.2788056493287897,1.4516825767754173,-0.2788056493287897,1.4516825767754173,-0.7793600948961223,1.4516825767754173,-0.2788056493287897,1.4516825767754173,-0.8466220985192328,-0.8556350580301921,-0.02500070950017269,0.4422311115479633,0.16983944632785655,1.4516825767754173,0.6210482282453983,0.6210482282453983,0.4422311115479633,0.4422311115479633,1.4516825767754173,-0.59926643194068,1.4516825767754173,-0.8195832199863545,-0.2788056493287897,1.4516825767754173,-0.8556350580301921,-0.8556350580301921,-0.791542901507814,-0.791542901507814,-0.8085469430341592,0.16983944632785655,-0.8556350580301921,1.4516825767754173,0.0,-0.59926643194068,-0.59926643194068,-0.2788056493287897,-0.2788056493287897,-0.8347070069208442,0.16983944632785655
1.4965912411460476,1.4965912411460476,1.4965912411460476,1.4965912411460476,1.4965912411460476,-0.6897800420511516,1.4965912411460476,1.4965912411460476,1.4965912411460476,1.4965912411460476,1.4965912411460476,1.4965912411460476,-0.10114161965190568,1.4965912411460476,1.4965912411460476,1.4965912411460476,1.4965912411460476,1.4965912411460476,0.1839801161977291,1.4965912411460476,1.4965912411460476,1.4965912411460476,-0.49006343445140743,1.4965912411460476,1.4965912411460476,1.4965912411460476,1.4965912411460476,1.4965912411460476,1.4965912411460476,1.4965912411460476,1.4965912411460476,1.4965912411460476,1.4965912411460476,1.4965912411460476,1.4965912411460476,1.4965912411460476,1.4965912411460476,1.4965912411460476,1.4965912411460476,1.4965912411460476,1.4965912411460476,1.4965912411460476,1.4965912411460476,1.4965912411460476,1.4965912411460476,1.4965912411460476,1.4965912411460476,1.4965912411460476,1.4965912411460476,1.4965912411460476,1.4965912411460476,1.4965912411460476,1.4965912411460476,1.4965912411460476,1.4965912411460476,1.4965912411460476,1.4965912411460476,1.4965912411460476,1.4965912411460476,1.4965912411460476,1.4965912411460476,1.4965912411460476,1.4965912411460476,1.4965912411460476,-0.10114161965190568,-0.10114161965190568,1.4965912411460476,1.4965912411460476,1.4965912411460476,1.4965912411460476,1.4965912411460476,1.4965912411460476,1.4965912411460476,1.4965912411460476,-0.10114161965190568,1.4965912411460476,1.4965912411460476,1.4965912411460476,1.4965912411460476,1.4965912411460476,1.4965912411460476,1.4965912411460476,1.4965912411460476,1.4965912411460476,1.4965912411460476,-0.10114161965190568,1.4965912411460476,1.4965912411460476,1.4965912411460476,1.4965912411460476,1.4965912411460476,1.4965912411460476,1.4965912411460476,1.4965912411460476,1.4965912411460476,-0.10114161965190568,1.4965912411460476,1.4965912411460476,1.4965912411460476,1.4965912411460476,1.4965912411460476,1.4965912411460476,-0.10114161965190568,1.4965912411460476,1.4965912411460476,1.4965912411460476,1.4965912411460476,1.4965912411460476,1.4965912411460476,-0.49006343445140743,1.4965912411460476,1.4965912411460476,1.4965912411460476,1.4965912411460476,1.4965912411460476,1.4965912411460476,1.4965912411460476,1.4965912411460476,1.4965912411460476,-0.10114161965190568,-0.10114161965190568,1.4965912411460476,1.4965912411460476,1.4965912411460476,1.4965912411460476,1.4965912411460476,1.4965912411460476,1.4965912411460476,1.4965912411460476,1.4965912411460476,1.4965912411460476,1.4965912411460476,1.4965912411460476,1.4965912411460476,1.4965912411460476,1.4965912411460476,1.4965912411460476,1.4965912411460476,1.4965912411460476,1.4965912411460476,1.4965912411460476,1.4965912411460476,1.4965912411460476,1.4965912411460476,1.4965912411460476,1.4965912411460476,1.4965912411460476,1.4965912411460476,1.4965912411460476,1.4965912411460476,1.4965912411460476,1.4965912411460476,1.4965912411460476,1.4965912411460476,1.4965912411460476,1.4965912411460476,1.4965912411460476,1.4965912411460476,-0.7738712452510439,-0.2834513481892721,-0.10114161965190568,1.4965912411460476,0.1839801161977291,0.1839801161977291,1.4965912411460476,-0.10114161965190568,-0.10114161965190568,-0.10114161965190568,-0.10114161965190568,1.4965912411460476,0.1839801161977291,-0.10114161965190568,-0.10114161965190568,-0.6897800420511516,-0.7672518210924518,-0.7712230895590805,-0.7731985156254447,-0.7383952689010893,-0.49006343445140743,-0.6897800420511516,-0.49006343445140743,-0.49006343445140743,1.4965912411460476,-0.7694367482072996,-0.6897800420511516,-0.7672518210924518,-0.7712230895590805,-0.7731985156254447,-0.7383952689010893,-0.49006343445140743,-0.6897800420511516,-0.49006343445140743,-0.49006343445140743,1.4965912411460476,1.4965912411460476,1.4965912411460476,-0.7738712452510439,-0.6897800420511516,-0.6897800420511516,0.1839801161977291,-0.7633598448510573,-0.7613936374487396,-0.7707567562436405,-0.49006343445140743,-0.49006343445140743,-0.7734819341251185,1.4965912411460476,1.4965912411460476,-0.6897800420511516,1.4965912411460476,-0.772441449632788,-0.7724815349930931,-0.6897800420511516,-0.7738182898577752,-0.7737420655465379,-0.7730073182024709,-0.7738712452510439,-0.7736846370085522,-0.7732173760898956,-0.7738712452510439,-0.7738712452510439,1.4965912411460476,1.4965912411460476,1.4965912411460476,1.4965912411460476,0.0,-0.7738712452510439,1.4965912411460476,-0.6541398250699473,1.4965912411460476,-0.6541398250699473,0.5400538047472733,1.4965912411460476,1.4965912411460476,-0.7557075453598672,-0.7737359151410663,-0.7737898959327544,-0.7733169331205758,-0.7738712452510439,-0.7738080662854542,-0.77318334183848,-0.7720688789273151,-0.7694367482072996,-0.7738712452510439,-0.5506487158647116,0.0,-0.6897800420511516,-0.62856164612163,-0.5858238709583399,-0.7738712452510439,-0.7738712452510439,1.4965912411460476,-0.7557075453598672,-0.7383952689010893,-0.7633598448510573,1.4965912411460476,1.4965912411460476,-0.6897800420511516,-0.10114161965190568,1.4965912411460476,-0.10114161965190568,1.4965912411460476,-0.7738712452510439,1.4965912411460476,-0.7738712452510439,1.4965912411460476,1.4965912411460476,1.4965912411460476,1.4965912411460476,-0.7672518210924518,-0.6897800420511516,0.0,-0.6897800420511516,1.4965912411460476,-0.7672518210924518,-0.6897800420511516,0.0,-0.6897800420511516,1.4965912411460476,-0.7383952689010893,1.4965912411460476,0.0,-0.6897800420511516,0.0,-0.6897800420511516,1.4965912411460476,-0.7694367482072996,-0.6897800420511516,0.0,-0.6897800420511516,1.4965912411460476,-0.7125687581183223,1.4965912411460476,-0.7684894082462508,-0.6897800420511516,0.0,-0.6897800420511516,1.4965912411460476,-0.7633598448510573,-0.6897800420511516,0.0,-0.6897800420511516,1.4965912411460476,-0.7602245886836685,-0.6897800420511516,0.0,-0.6897800420511516,1.4965912411460476,-0.7633598448510573,-0.6897800420511516,0.0,-0.6897800420511516,1.4965912411460476,-0.7602245886836685,-0.7707567562436405,-0.6897800420511516,-0.7707567562436405,-0.6897800420511516,-0.772165413180122,1.4965912411460476,-0.7738712452510439,-0.7728378076149961,-0.7633598448510573,1.4965912411460476,-0.7738712452510439,-0.6897800420511516,-0.6897800420511516,-0.7656037441626612,-0.772165413180122,1.4965912411460476,-0.7738712452510439,-0.7728378076149961,1.4965912411460476,1.4965912411460476,1.4965912411460476,1.4965912411460476,1.4965912411460476,1.4965912411460476,1.4965912411460476,1.4965912411460476,1.4965912411460476,1.4965912411460476,1.4965912411460476,-0.7738712452510439,-0.7459684290777524,-0.7738712452510439,-0.7557075453598672,-0.7738712452510439,-0.6897800420511516,-0.7738712452510439,-0.7383952689010893,-0.7738712452510439,-0.62856164612163,1.4965912411460476,1.4965912411460476,1.4965912411460476,-0.7383952689010893,1.4965912411460476,-0.7459684290777524,-0.10114161965190568,-0.7633598448510573,1.4965912411460476,0.38860554778426726,-0.7738712452510439,-0.7738712452510439,1.4965912411460476,-0.7557075453598672,-0.7633598448510573,-0.7383952689010893,1.4965912411460476,1.4965912411460476,-0.6897800420511516,1.4965912411460476,-0.7557075453598672,1.4965912411460476,-0.49006343445140743,1.4965912411460476,-0.7656037441626612,0.5400538047472733,-0.49006343445140743,1.4965912411460476,-0.49006343445140743,1.4965912411460476,-0.49006343445140743,1.4965912411460476,-0.7602245886836685,1.4965912411460476,-0.49006343445140743,1.4965912411460476,-0.7733169331205758,-0.7738712452510439,-0.2834513481892721,0.1839801161977291,-0.10114161965190568,1.4965912411460476,0.38860554778426726,0.38860554778426726,0.1839801161977291,0.1839801161977291,1.4965912411460476,-0.6897800420511516,1.4965912411460476,-0.7694367482072996,-0.49006343445140743,1.4965912411460476,-0.7738712452510439,-0.7738712452510439,-0.7633598448510573,-0.7633598448510573,-0.7672518210924518,-0.10114161965190568,-0.7738712452510439,1.4965912411460476,0.0,-0.6897800420511516,-0.6897800420511516,-0.49006343445140743,-0.49006343445140743,-0.7719099343892388,-0.10114161965190568
-1.0,-1.0,-1.0,-1.0,-1.0,-1.0,-1.0,-1.0,-1.0,-1.0,-1.0,-1.0,-1.0,-1.0,-1.0,-1.0,-1.0,-1.0,-1.0,-1.0,-1.0,-1.0,-1.0,-1.0,-1.0,-1.0,-1.0,-1.0,-1.0,-1.0,-1.0,-1.0,-1.0,-1.0,-1.0,-1.0,-1.0,-1.0,-1.0,-1.0,-1.0,-1.0,-1.0,-1.0,-1.0,-1.0,-1.0,-1.0,-1.0,-1.0,-1.0,-1.0,-1.0,-1.0,-1.0,-1.0,-1.0,-1.0,-1.0,-1.0,-1.0,-1.0,-1.0,-1.0,-1.0,-1.0,-1.0,-1.0,-1.0,-1.0,-1.0,-1.0,-1.0,-1.0,-1.0,-1.0,-1.0,-1.0,-1.0,-1.0,-1.0,-1.0,-1.0,-1.0,-1.0,-1.0,-1.0,-1.0,-1.0,-1.0,-1.0,-1.0,-1.0,-1.0,-1.0,-1.0,-1.0,-1.0,-1.0,-1.0,-1.0,-1.0,-1.0,-1.0,-1.0,-1.0,-1.0,-1.0,-1.0,-1.0,-1.0,-1.0,-1.0,-1.0,-1.0,-1.0,-1.0,-1.0,-1.0,-1.0,-1.0,-1.0,-1.0,-1.0,-1.0,-1.0,-1.0,-1.0,-1.0,-1.0,-1.0,-1.0,-1.0,-1.0,-1.0,-1.0,-1.0,-1.0,-1.0,-1.0,-1.0,-1.0,-1.0,-1.0,-1.0,-1.0,-1.0,-1.0,-1.0,-1.0,-1.0,-1.0,-1.0,-1.0,-1.0,-1.0,-1.0,-1.0,-1.0,-1.0,-1.0,-1.0,-1.0,-1.0,-1.0,-1.0,-1.0,-1.0,-1.0,-1.0,-1.0,-1.0,-1.0,-1.0,-1.0,-1.0,-1.0,-1.0,-1.0,-1.0,-1.0,-1.0,-1.0,-1.0,-1.0,-1.0,-1.0,-1.0,-1.0,-1.0,-1.0,-1.0,-1.0,-1.0,-1.0,-1.0,-1.0,-1.0,-1.0,-1.0,-1.0,-1.0,-1.0,-1.0,-1.0,-1.0,-1.0,1.0,-1.0,-1.0,-1.0,-1.0,-1.0,-1.0,-1.0,-1.0,-1.0,-1.0,-1.0,-1.0,-1.0,-1.0,-1.0,-1.0,-1.0,-1.0,-1.0,-1.0,-1.0,-1.0,-1.0,-1.0,-1.0,-1.0,-1.0,-1.0,-1.0,-1.0,-1.0,-1.0,-1.0,-1.0,-1.0,-1.0,-1.0,-1.0,-1.0,-1.0,-1.0,-1.0,-1.0,-1.0,-1.0,-1.0,-1.0,-1.0,-1.0,-1.0,-1.0,-1.0,-1.0,-1.0,-1.0,-1.0,-1.0,-1.0,-1.0,-1.0,-1.0,-1.0,-1.0,-1.0,-1.0,-1.0,-1.0,-1.0,-1.0,-1.0,-1.0,-1.0,-1.0,-1.0,-1.0,-1.0,-1.0,-1.0,-1.0,-1.0,-1.0,-1.0,-1.0,-1.0,-1.0,-1.0,-1.0,-1.0,-1.0,-1.0,-1.0,-1.0,-1.0,-1.0,-1.0,-1.0,-1.0,-1.0,-1.0,-1.0,-1.0,-1.0,-1.0,-1.0,-1.0,-1.0,-1.0,-1.0,-1.0,-1.0,-1.0,-1.0,-1.0,-1.0,-1.0,-1.0,-1.0,-1.0,-1.0,-1.0,-1.0,-1.0,-1.0,-1.0,-1.0,-1.0,-1.0,-1.0,-1.0,-1.0,-1.0,-1.0,-1.0,-1.0,-1.0,-1.0,-1.0,-1.0,-1.0,-1.0,-1.0,-1.0,-1.0,-1.0,-1.0,-1.0,-1.0,-1.0,-1.0,-1.0,-1.0,-1.0,-1.0,-1.0,-1.0,-1.0,-1.0,-1.0,-1.0,-1.0,-1.0,-1.0,-1.0,-1.0,-1.0,-1.0,-1.0,-1.0,-1.0,-1.0,-1.0,-1.0,-1.0,-1.0,-1.0,-1.0,-1.0,-1.0,-1.0,-1.0,-1.0,-1.0,-1.0,-1.0,-1.0,-1.0,-1.0,-1.0,-1.0,-1.0,-1.0,-1.0,-1.0,-1.0,-1.0,-1.0,-1.0,-1.0,-1.0,-1.0,-1.0,-1.0,-1.0,-1.0,-1.0,-1.0,-1.0,-1.0,-1.0,-1.0,-1.0,-1.0
1.0,1.0,1.0,1.0,1.0,1.0,1.0,1.0,1.0,1.0,1.0,1.0,1.0,1.0,1.0,1.0,1.0,1.0,1.0,1.0,1.0,1.0,1.0,1.0,1.0,1.0,1.0,1.0,1.0,1.0,1.0,1.0,1.0,1.0,1.0,1.0,1.0,1.0,1.0,1.0,1.0,1.0,1.0,1.0,1.0,1.0,1.0,1.0,1.0,1.0,1.0,1.0,1.0,1.0,1.0,1.0,1.0,1.0,1.0,1.0,1.0,1.0,1.0,1.0,1.0,1.0,1.0,1.0,1.0,1.0,1.0,1.0,1.0,1.0,1.0,1.0,1.0,1.0,1.0,1.0,1.0,1.0,1.0,1.0,1.0,1.0,1.0,1.0,1.0,1.0,1.0,1.0,1.0,1.0,1.0,1.0,1.0,1.0,1.0,1.0,1.0,1.0,1.0,1.0,1.0,1.0,1.0,1.0,1.0,1.0,1.0,1.0,1.0,1.0,1.0,1.0,1.0,1.0,1.0,1.0,1.0,1.0,1.0,1.0,1.0,1.0,1.0,1.0,1.0,1.0,1.0,1.0,1.0,1.0,1.0,1.0,1.0,1.0,1.0,1.0,1.0,1.0,1.0,1.0,1.0,1.0,1.0,1.0,1.0,1.0,1.0,1.0,1.0,1.0,1.0,1.0,1.0,1.0,1.0,1.0,1.0,1.0,1.0,1.0,1.0,1.0,1.0,1.0,1.0,1.0,1.0,1.0,1.0,1.0,1.0,1.0,1.0,1.0,1.0,1.0,1.0,1.0,1.0,1.0,1.0,1.0,1.0,1.0,1.0,1.0,1.0,1.0,1.0,1.0,1.0,1.0,1.0,1.0,1.0,1.0,1.0,1.0,1.0,1.0,1.0,1.0,1.0,1.0,1.0,1.0,1.0,1.0,1.0,1.0,1.0,1.0,1.0,1.0,1.0,1.0,1.0,1.0,1.0,1.0,1.0,1.0,1.0,1.0,1.0,1.0,1.0,1.0,1.0,1.0,1.0,1.0,1.0,1.0,1.0,1.0,1.0,1.0,1.0,1.0,1.0,1.0,1.0,1.0,1.0,1.0,1.0,1.0,1.0,1.0,1.0,1.0,1.0,1.0,1.0,1.0,1.0,1.0,1.0,1.0,1.0,1.0,1.0,1.0,1.0,1.0,1.0,1.0,1.0,1.0,1.0,1.0,1.0,1.0,1.0,1.0,1.0,1.0,1.0,1.0,1.0,1.0,1.0,1.0,1.0,1.0,1.0,1.0,1.0,1.0,1.0,1.0,1.0,1.0,1.0,1.0,1.0,1.0,1.0,1.0,1.0,1.0,1.0,1.0,1.0,1.0,1.0,1.0,1.0,1.0,1.0,1.0,1.0,1.0,1.0,1.0,1.0,1.0,1.0,1.0,1.0,1.0,1.0,1.0,1.0,1.0,1.0,1.0,1.0,1.0,1.0,1.0,1.0,1.0,1.0,1.0,1.0,1.0,1.0,1.0,1.0,1.0,1.0,1.0,1.0,1.0,1.0,1.0,1.0,1.0,1.0,1.0,1.0,1.0,1.0,1.0,1.0,1.0,1.0,1.0,1.0,1.0,1.0,1.0,1.0,1.0,1.0,1.0,1.0,1.0,1.0,1.0,1.0,1.0,1.0,1.0,1.0,1.0,1.0,1.0,1.0,1.0,1.0,1.0,1.0,1.0,1.0,1.0,1.0,1.0,1.0,1.0,1.0,1.0,1.0,1.0,1.0,1.0,1.0,1.0,1.0,1.0,1.0,1.0,1.0,1.0,1.0,1.0,1.0,1.0,1.0,1.0,1.0,1.0,1.0,1.0
0.0,0.0,0.0,0.0,0.0,0.0,0.0,0.0,0.0,0.0,0.0,0.0,0.0,0.0,0.0,0.0,0.0,0.0,0.0,0.0,0.0,0.0,0.0,0.0,0.0,0.0,0.0,0.0,0.0,0.0,0.0,0.0,0.0,0.0,0.0,0.0,0.0,0.0,0.0,0.0,0.0,0.0,0.0,0.0,0.0,0.0,0.0,0.0,0.0,0.0,0.0,0.0,0.0,0.0,0.0,0.0,0.0,0.0,0.0,0.0,0.0,0.0,0.0,0.0,0.0,0.0,0.0,0.0,0.0,0.0,0.0,0.0,0.0,0.0,0.0,0.0,0.0,0.0,0.0,0.0,0.0,0.0,0.0,0.0,0.0,0.0,0.0,0.0,0.0,0.0,0.0,0.0,0.0,0.0,0.0,0.0,0.0,0.0,0.0,0.0,0.0,0.0,0.0,0.0,0.0,0.0,0.0,0.0,0.0,0.0,0.0,0.0,0.0,0.0,0.0,0.0,0.0,0.0,0.0,0.0,0.0,0.0,0.0,0.0,0.0,0.0,0.0,0.0,0.0,0.0,0.0,0.0,0.0,0.0,0.0,0.0,0.0,0.0,0.0,0.0,0.0,0.0,0.0,0.0,0.0,0.0,0.0,0.0,0.0,0.0,0.0,0.0,0.0,0.0,0.0,0.0,0.0,0.0,0.0,0.0,0.0,0.0,0.0,0.0,0.0,0.0,0.0,0.0,0.0,0.0,0.0,0.0,0.0,0.0,0.0,0.0,0.0,0.0,0.0,0.0,0.0,0.0,0.0,0.0,0.0,0.0,0.0,0.0,0.0,0.0,0.0,0.0,0.0,0.0,0.0,0.0,0.0,0.0,0.0,0.0,0.0,0.0,0.0,0.0,0.0,0.0,0.0,0.0,0.0,0.0,0.0,0.0,0.0,0.0,0.0,0.0,0.0,0.0,0.0,0.0,0.0,0.0,0.0,0.0,0.0,0.0,0.0,0.0,0.0,0.0,0.0,0.0,0.0,0.0,0.0,0.0,0.0,0.0,0.0,0.0,0.0,0.0,0.0,0.0,0.0,0.0,0.0,0.0,0.0,0.0,0.0,0.0,0.0,0.0,0.0,0.0,0.0,0.0,0.0,0.0,0.0,0.0,0.0,0.0,0.0,0.0,0.0,0.0,0.0,0.0,0.0,0.0,0.0,0.0,0.0,0.0,0.0,0.0,0.0,0.0,0.0,0.0,0.0,0.0,0.0,0.0,0.0,0.0,0.0,0.0,0.0,0.0,0.0,0.0,0.0,0.0,0.0,0.0,0.0,0.0,0.0,0.0,0.0,0.0,0.0,0.0,0.0,0.0,0.0,0.0,0.0,0.0,0.0,0.0,0.0,0.0,0.0,0.0,0.0,0.0,0.0,0.0,0.0,0.0,0.0,0.0,0.0,0.0,0.0,0.0,0.0,0.0,0.0,0.0,0.0,0.0,0.0,0.0,0.0,0.0,0.0,0.0,0.0,0.0,0.0,0.0,0.0,0.0,0.0,0.0,0.0,0.0,0.0,0.0,0.0,0.0,0.0,0.0,0.0,0.0,0.0,0.0,0.0,0.0,0.0,0.0,0.0,0.0,0.0,0.0,0.0,0.0,0.0,0.0,0.0,0.0,0.0,0.0,0.0,0.0,0.0,0.0,0.0,0.0,0.0,0.0,0.0,0.0,0.0,0.0,0.0,0.0,0.0,0.0,0.0,0.0,0.0,0.0,0.0,0.0,0.0,0.0,0.0,0.0,0.0,0.0,0.0,0.0,0.0,0.0,0.0,0.0,0.0,0.0,0.0,0.0,0.0,0.0,0.0,0.0
1.0,1.0,1.0,1.0,1.0,1.0,1.0,1.0,1.0,1.0,1.0,1.0,1.0,1.0,1.0,1.0,1.0,1.0,1.0,1.0,1.0,1.0,1.0,1.0,1.0,1.0,1.0,1.0,1.0,1.0,1.0,1.0,1.0,1.0,1.0,1.0,1.0,1.0,1.0,1.0,1.0,1.0,1.0,1.0,1.0,1.0,1.0,1.0,1.0,1.0,1.0,1.0,1.0,1.0,1.0,1.0,1.0,1.0,1.0,1.0,1.0,1.0,1.0,1.0,1.0,1.0,1.0,1.0,1.0,1.0,1.0,1.0,1.0,1.0,1.0,1.0,1.0,1.0,1.0,1.0,1.0,1.0,1.0,1.0,1.0,1.0,1.0,1.0,1.0,1.0,1.0,1.0,1.0,1.0,1.0,1.0,1.0,1.0,1.0,1.0,1.0,1.0,1.0,1.0,1.0,1.0,1.0,1.0,1.0,1.0,1.0,1.0,1.0,1.0,1.0,1.0,1.0,1.0,1.0,1.0,1.0,1.0,1.0,1.0,1.0,1.0,1.0,1.0,1.0,1.0,1.0,1.0,1.0,1.0,1.0,1.0,1.0,1.0,1.0,1.0,1.0,1.0,1.0,1.0,1.0,1.0,1.0,1.0,1.0,1.0,1.0,1.0,1.0,1.0,1.0,1.0,1.0,1.0,1.0,1.0,1.0,1.0,1.0,1.0,1.0,1.0,1.0,1.0,1.0,1.0,1.0,1.0,1.0,-0.8729096989966555,-1.0,-1.0,-1.0,-1.0,-0.5172413793103448,-0.5172413793103448,-0.07317073170731703,-0.07317073170731703,-0.6862745098039216,-0.6862745098039216,-0.8729096989966555,-1.0,-1.0,-1.0,-1.0,-0.5172413793103448,-0.5172413793103448,-0.07317073170731703,-0.07317073170731703,0.6615384615384616,0.6615384615384616,1.0,1.0,0.6615384615384616,0.6615384615384616,-0.5726495726495726,-1.0,-1.0,-0.36363636363636365,-0.36363636363636365,-0.36363636363636365,-0.9718031862399549,0.7333333333333334,0.7333333333333334,0.23636363636363633,0.23636363636363633,-0.9802276812462553,-0.9552941176470588,-0.9552941176470588,-0.9552941176470588,-0.9802276812462553,-0.966789667896679,-0.966789667896679,-0.966789667896679,-0.9802276812462553,-1.0,-1.0,-1.0,-1.0,-1.0,-1.0,-1.0,-1.0,-1.0,-1.0,-0.9492957746478873,-0.9482758620689655,-1.0,-1.0,-0.9482758620689655,-0.9727272727272728,-0.9802276812462553,-0.9802276812462553,-0.9345088161209067,-0.9345088161209067,-0.9345088161209067,-0.9802276812462553,-0.9802276812462553,-0.84,-0.84,-0.84,-1.0,-1.0,-1.0,-0.9718031862399549,-1.0,-1.0,-1.0,-1.0,-1.0,-1.0,-1.0,-1.0,-0.7342657342657343,1.0,1.0,1.0,1.0,-1.0,-1.0,-1.0,-1.0,0.3600000000000001,0.3600000000000001,-0.5733333333333333,-0.5733333333333333,0.9393939393939394,0.9393939393939394,0.9393939393939394,-0.632183908045977,-0.632183908045977,0.9393939393939394,0.9393939393939394,0.9393939393939394,-0.25,-0.5844155844155844,-0.5844155844155844,-0.5844155844155844,0.9393939393939394,0.9393939393939394,0.9393939393939394,-0.6483516483516483,-0.6483516483516483,0.9393939393939394,0.9393939393939394,0.9393939393939394,-1.0,-1.0,-0.6235294117647059,-0.6235294117647059,0.9393939393939394,0.9393939393939394,0.9393939393939394,-0.576158940397351,-0.576158940397351,0.9393939393939394,0.9393939393939394,0.9393939393939394,-0.5616438356164384,-0.5616438356164384,0.9393939393939394,0.9393939393939394,0.9393939393939394,-0.7333333333333334,-0.7333333333333334,0.9393939393939394,0.9393939393939394,0.9393939393939394,-1.0,-1.0,-0.5555555555555556,-0.5555555555555556,-0.5789473684210527,-0.5789473684210527,-1.0,-1.0,-1.0,-1.0,-1.0,-1.0,-1.0,-0.8691588785046729,-0.8691588785046729,-0.8691588785046729,-1.0,-1.0,-1.0,-1.0,-1.0,-1.0,-1.0,-1.0,1.0,1.0,1.0,1.0,1.0,1.0,0.9361702127659575,1.0,1.0,1.0,1.0,1.0,1.0,1.0,1.0,1.0,1.0,1.0,1.0,1.0,1.0,1.0,1.0,1.0,1.0,1.0,1.0,-1.0,-1.0,-1.0,-1.0,-1.0,-1.0,-1.0,-1.0,-0.7342657342657343,-1.0,-1.0,1.0,1.0,1.0,1.0,1.0,1.0,1.0,1.0,1.0,1.0,1.0,1.0,1.0,1.0,1.0,1.0,0.7168949771689497,0.7168949771689497,0.7168949771689497,0.7168949771689497,0.7168949771689497,0.7168949771689497,0.7168949771689497,0.7168949771689497,0.7168949771689497,0.7168949771689497,-1.0,-1.0,-0.7628205128205128,-1.0,-1.0,-1.0,-1.0,-1.0,-1.0,-0.31818181818181823,-0.31818181818181823,-0.31818181818181823,-0.31818181818181823,-0.31818181818181823,-0.31818181818181823,-0.5333333333333333,-0.5333333333333333,-0.7655172413793103,-0.7481481481481482,-0.7481481481481482
0.5719650796632643,0.04722599305560278,0.04722599305560278,0.04722599305560278,0.04722599305560278,0.04722599305560278,0.04722599305560278,-0.4775130935520587,-0.4775130935520587,-0.4775130935520587,-0.4775130935520587,-0.4775130935520587,-0.4775130935520587,-0.4775130935520587,-0.4775130935520587,-0.4775130935520587,-0.4775130935520587,0.04722599305560278,0.04722599305560278,0.04722599305560278,0.04722599305560278,0.04722599305560278,0.04722599305560278,0.04722599305560278,0.04722599305560278,0.04722599305560278,0.04722599305560278,0.04722599305560278,0.04722599305560278,0.04722599305560278,0.04722599305560278,0.04722599305560278,0.04722599305560278,0.04722599305560278,0.04722599305560278,0.04722599305560278,0.04722599305560278,0.04722599305560278,0.04722599305560278,0.04722599305560278,0.04722599305560278,0.04722599305560278,0.04722599305560278,0.04722599305560278,0.04722599305560278,0.04722599305560278,0.04722599305560278,0.04722599305560278,0.04722599305560278,0.04722599305560278,0.04722599305560278,0.04722599305560278,0.04722599305560278,0.04722599305560278,0.5719650796632643,1.0967041662709258,1.0967041662709258,1.0967041662709258,1.0967041662709258,1.0967041662709258,1.0967041662709258,1.0967041662709258,1.0967041662709258,0.5719650796632643,0.5719650796632643,0.5719650796632643,0.5719650796632643,0.5719650796632643,0.5719650796632643,0.5719650796632643,0.5719650796632643,0.5719650796632643,0.5719650796632643,0.5719650796632643,0.5719650796632643,0.5719650796632643,0.5719650796632643,0.5719650796632643,0.5719650796632643,0.5719650796632643,0.5719650796632643,0.5719650796632643,0.5719650796632643,0.5719650796632643,0.5719650796632643,0.5719650796632643,0.5719650796632643,0.5719650796632643,0.5719650796632643,0.5719650796632643,-0.4775130935520587,-0.4775130935520587,-0.4775130935520587,-0.4775130935520587,0.04722599305560278,0.04722599305560278,0.04722599305560278,0.04722599305560278,0.04722599305560278,0.04722599305560278,0.04722599305560278,0.04722599305560278,0.04722599305560278,0.04722599305560278,0.04722599305560278,0.04722599305560278,0.04722599305560278,0.04722599305560278,0.04722599305560278,0.04722599305560278,0.04722599305560278,0.04722599305560278,0.04722599305560278,0.04722599305560278,0.04722599305560278,0.04722599305560278,0.04722599305560278,0.04722599305560278,0.04722599305560278,0.04722599305560278,0.04722599305560278,0.04722599305560278,0.04722599305560278,0.04722599305560278,0.04722599305560278,0.5719650796632643,0.5719650796632643,0.5719650796632643,0.5719650796632643,0.5719650796632643,0.5719650796632643,0.5719650796632643,0.5719650796632643,0.5719650796632643,0.5719650796632643,0.5719650796632643,0.5719650796632643,0.5719650796632643,0.5719650796632643,0.5719650796632643,0.5719650796632643,0.5719650796632643,0.5719650796632643,0.04722599305560278,0.04722599305560278,0.04722599305560278,0.04722599305560278,0.04722599305560278,0.04722599305560278,0.04722599305560278,0.04722599305560278,0.04722599305560278,0.04722599305560278,0.04722599305560278,0.04722599305560278,0.04722599305560278,0.04722599305560278,0.04722599305560278,0.04722599305560278,0.04722599305560278,0.04722599305560278,0.04722599305560278,0.04722599305560278,0.04722599305560278,0.04722599305560278,-0.4775130935520587,-0.4775130935520587,-0.4775130935520587,-0.4775130935520587,-0.4775130935520587,-0.4775130935520587,-0.4775130935520587,-0.4775130935520587,-0.4775130935520587,-1.0022521801597202,-1.0022521801597202,-1.0022521801597202,-1.0022521801597202,0.04722599305560278,0.04722599305560278,-1.0022521801597202,-1.0022521801597202,-0.4775130935520587,-0.4775130935520587,-0.4775130935520587,-1.0022521801597202,-1.0022521801597202,-1.0022521801597202,-1.0022521801597202,0.04722599305560278,0.04722599305560278,-1.0022521801597202,-1.0022521801597202,-0.4775130935520587,-0.4775130935520587,-0.4775130935520587,-0.4775130935520587,-0.4775130935520587,-0.4775130935520587,-0.4775130935520587,-1.0022521801597202,-1.0022521801597202,-0.4775130935520587,-0.4775130935520587,-0.4775130935520587,-0.4775130935520587,-0.4775130935520587,-0.4775130935520587,-0.4775130935520587,-0.4775130935520587,-0.4775130935520587,-0.4775130935520587,-0.4775130935520587,-0.4775130935520587,-0.4775130935520587,-0.4775130935520587,-0.4775130935520587,-0.4775130935520587,-0.4775130935520587,-1.0022521801597202,-1.0022521801597202,0.04722599305560278,0.04722599305560278,0.04722599305560278,-1.0022521801597202,-1.0022521801597202,0.5719650796632643,0.5719650796632643,0.5719650796632643,0.04722599305560278,0.04722599305560278,0.04722599305560278,0.04722599305560278,0.04722599305560278,0.04722599305560278,-0.4775130935520587,-0.4775130935520587,-0.4775130935520587,-0.4775130935520587,-0.4775130935520587,-0.4775130935520587,-0.4775130935520587,0.04722599305560278,0.04722599305560278,0.04722599305560278,-1.0022521801597202,-1.0022521801597202,-1.0022521801597202,-0.4775130935520587,1.6214432528785871,1.6214432528785871,-0.4775130935520587,-0.4775130935520587,-0.4775130935520587,-0.4775130935520587,-1.0022521801597202,-1.0022521801597202,-0.4775130935520587,0.04722599305560278,0.04722599305560278,-0.4775130935520587,-0.4775130935520587,-0.4775130935520587,-0.4775130935520587,-0.4775130935520587,-0.4775130935520587,1.6214432528785871,1.6214432528785871,0.04722599305560278,0.04722599305560278,-0.4775130935520587,-0.4775130935520587,-0.4775130935520587,0.5719650796632643,0.5719650796632643,-0.4775130935520587,-0.4775130935520587,-0.4775130935520587,0.04722599305560278,0.5719650796632643,0.5719650796632643,0.5719650796632643,-0.4775130935520587,-0.4775130935520587,-0.4775130935520587,0.5719650796632643,0.5719650796632643,-0.4775130935520587,-0.4775130935520587,-0.4775130935520587,0.04722599305560278,0.04722599305560278,0.5719650796632643,0.5719650796632643,-0.4775130935520587,-0.4775130935520587,-0.4775130935520587,0.5719650796632643,0.5719650796632643,-0.4775130935520587,-0.4775130935520587,-0.4775130935520587,0.5719650796632643,0.5719650796632643,-0.4775130935520587,-0.4775130935520587,-0.4775130935520587,0.04722599305560278,0.04722599305560278,-0.4775130935520587,-0.4775130935520587,-0.4775130935520587,0.5719650796632643,0.5719650796632643,-1.0022521801597202,-1.0022521801597202,-1.0022521801597202,-1.0022521801597202,-0.4775130935520587,-0.4775130935520587,-0.4775130935520587,-0.4775130935520587,-0.4775130935520587,-0.4775130935520587,-0.4775130935520587,-0.4775130935520587,-0.4775130935520587,-0.4775130935520587,-0.4775130935520587,-0.4775130935520587,-0.4775130935520587,-0.4775130935520587,0.04722599305560278,0.04722599305560278,0.04722599305560278,0.04722599305560278,1.0967041662709258,1.0967041662709258,1.0967041662709258,1.6214432528785871,1.6214432528785871,1.6214432528785871,-1.0022521801597202,-1.0022521801597202,-1.0022521801597202,-0.4775130935520587,-0.4775130935520587,-1.0022521801597202,-1.0022521801597202,-1.0022521801597202,-1.0022521801597202,-0.4775130935520587,-0.4775130935520587,-0.4775130935520587,-0.4775130935520587,-0.4775130935520587,-0.4775130935520587,-0.4775130935520587,-0.4775130935520587,0.04722599305560278,0.04722599305560278,-0.4775130935520587,-0.4775130935520587,1.6214432528785871,1.6214432528785871,0.04722599305560278,0.04722599305560278,0.04722599305560278,-1.0022521801597202,-1.0022521801597202,-1.0022521801597202,-0.4775130935520587,-0.4775130935520587,-0.4775130935520587,-0.4775130935520587,-0.4775130935520587,-0.4775130935520587,-0.4775130935520587,0.04722599305560278,0.04722599305560278,0.04722599305560278,0.04722599305560278,-0.4775130935520587,-0.4775130935520587,-0.4775130935520587,-0.4775130935520587,0.04722599305560278,0.04722599305560278,0.04722599305560278,0.04722599305560278,0.04722599305560278,0.04722599305560278,0.04722599305560278,0.04722599305560278,0.04722599305560278,0.04722599305560278,0.04722599305560278,0.04722599305560278,0.04722599305560278,0.04722599305560278,0.04722599305560278,0.04722599305560278,-0.4775130935520587,-0.4775130935520587,-0.4775130935520587,-0.4775130935520587,-0.4775130935520587,-0.4775130935520587,-0.4775130935520587,-0.4775130935520587,-0.4775130935520587,-0.4775130935520587,-0.4775130935520587,-0.4775130935520587,-0.4775130935520587,-0.4775130935520587,-0.4775130935520587,-0.4775130935520587,-0.4775130935520587,-0.4775130935520587
-1.0,-1.0,-1.0,-1.0,-1.0,1.0,1.0,-1.0,-1.0,-1.0,-1.0,-1.0,-1.0,-1.0,-1.0,-1.0,-1.0,1.0,1.0,1.0,1.0,1.0,1.0,1.0,1.0,1.0,1.0,1.0,1.0,1.0,1.0,1.0,1.0,1.0,1.0,1.0,1.0,-1.0,-1.0,-1.0,-1.0,-1.0,-1.0,-1.0,-1.0,-1.0,-1.0,-1.0,-1.0,-1.0,-1.0,-1.0,-1.0,-1.0,-1.0,-1.0,-1.0,-1.0,-1.0,-1.0,-1.0,-1.0,-1.0,1.0,1.0,1.0,1.0,1.0,1.0,1.0,1.0,-1.0,-1.0,-1.0,-1.0,-1.0,-1.0,-1.0,-1.0,-1.0,-1.0,-1.0,-1.0,-1.0,-1.0,-1.0,-1.0,-1.0,-1.0,-1.0,-1.0,-1.0,-1.0,-1.0,-1.0,-1.0,-1.0,-1.0,-1.0,-1.0,-1.0,-1.0,-1.0,-1.0,-1.0,-1.0,-1.0,-1.0,-1.0,-1.0,-1.0,-1.0,-1.0,-1.0,-1.0,-1.0,-1.0,-1.0,-1.0,-1.0,-1.0,-1.0,-1.0,-1.0,1.0,-1.0,-1.0,-1.0,-1.0,-1.0,-1.0,-1.0,-1.0,-1.0,-1.0,-1.0,-1.0,-1.0,-1.0,-1.0,-1.0,-1.0,-1.0,1.0,-1.0,-1.0,-1.0,-1.0,1.0,1.0,1.0,1.0,-1.0,-1.0,-1.0,-1.0,-1.0,-1.0,1.0,1.0,1.0,1.0,1.0,1.0,1.0,1.0,1.0,1.0,1.0,1.0,1.0,1.0,1.0,1.0,1.0,1.0,1.0,1.0,1.0,1.0,1.0,1.0,1.0,1.0,1.0,1.0,1.0,1.0,1.0,1.0,1.0,1.0,1.0,-1.0,-1.0,-1.0,-1.0,-1.0,-1.0,1.0,1.0,1.0,1.0,1.0,1.0,1.0,-1.0,-1.0,1.0,1.0,1.0,1.0,1.0,1.0,1.0,1.0,1.0,1.0,1.0,1.0,1.0,-1.0,-1.0,-1.0,-1.0,-1.0,1.0,1.0,1.0,1.0,1.0,1.0,1.0,1.0,1.0,1.0,1.0,1.0,1.0,1.0,1.0,1.0,1.0,1.0,1.0,1.0,1.0,1.0,1.0,-1.0,-1.0,1.0,1.0,1.0,1.0,-1.0,-1.0,1.0,1.0,1.0,1.0,1.0,-1.0,-1.0,-1.0,-1.0,-1.0,-1.0,1.0,1.0,1.0,1.0,1.0,1.0,1.0,1.0,1.0,1.0,1.0,1.0,1.0,1.0,1.0,1.0,1.0,1.0,1.0,1.0,1.0,1.0,1.0,1.0,1.0,1.0,1.0,1.0,1.0,1.0,1.0,1.0,1.0,1.0,1.0,1.0,1.0,1.0,1.0,1.0,1.0,1.0,1.0,1.0,1.0,1.0,1.0,1.0,1.0,1.0,1.0,1.0,1.0,1.0,1.0,1.0,1.0,1.0,1.0,1.0,1.0,1.0,1.0,1.0,-1.0,-1.0,-1.0,-1.0,-1.0,-1.0,-1.0,-1.0,-1.0,-1.0,1.0,1.0,1.0,1.0,1.0,-1.0,-1.0,1.0,1.0,1.0,1.0,-1.0,-1.0,1.0,1.0,1.0,1.0,1.0,1.0,1.0,1.0,-1.0,-1.0,1.0,1.0,1.0,-1.0,-1.0,-1.0,1.0,1.0,1.0,1.0,1.0,1.0,1.0,-1.0,-1.0,-1.0,-1.0,1.0,1.0,1.0,1.0,1.0,1.0,1.0,1.0,1.0,1.0,1.0,1.0,1.0,1.0,1.0,1.0,1.0,1.0,-1.0,-1.0,1.0,1.0,-1.0,-1.0,-1.0,1.0,1.0,1.0,1.0,1.0,1.0,1.0,1.0,1.0,1.0,1.0,1.0,1.0
-2.446043165467626,-2.446043165467626,-2.446043165467626,-2.446043165467626,-2.446043165467626,-2.3442498212254392,-2.3442498212254392,-2.446043165467626,-2.446043165467626,-2.446043165467626,-2.446043165467626,-2.446043165467626,-2.446043165467626,-2.446043165467626,-2.446043165467626,-2.446043165467626,-2.446043165467626,-2.1346040051076023,-2.1270079280256504,-2.1270079280256504,-2.1270079280256504,-2.1270079280256504,-2.1270079280256504,-2.1270079280256504,-2.1270079280256504,-2.1270079280256504,-2.1270079280256504,-2.1270079280256504,-2.1270079280256504,-2.1270079280256504,-2.1270079280256504,-2.1270079280256504,-2.1270079280256504,-2.1270079280256504,-2.1270079280256504,-2.1270079280256504,-2.1270079280256504,-2.446043165467626,-2.446043165467626,-2.446043165467626,-2.446043165467626,-2.446043165467626,-2.446043165467626,-2.446043165467626,-2.446043165467626,-2.446043165467626,-2.446043165467626,-2.446043165467626,-2.446043165467626,-2.446043165467626,-2.446043165467626,-2.446043165467626,-2.446043165467626,-2.446043165467626,-2.446043165467626,-2.446043165467626,-2.446043165467626,-2.446043165467626,-2.446043165467626,-2.446043165467626,-2.446043165467626,-2.446043165467626,-2.446043165467626,-2.0100283409635926,-1.9788844249275905,-1.9788844249275905,-1.9788844249275905,-1.9788844249275905,-1.9788844249275905,-1.9788844249275905,-1.9788844249275905,-2.446043165467626,-2.446043165467626,-2.446043165467626,-2.446043165467626,-2.446043165467626,-2.446043165467626,-2.446043165467626,-2.446043165467626,-2.446043165467626,-2.446043165467626,-2.446043165467626,-2.446043165467626,-2.446043165467626,-2.446043165467626,-2.446043165467626,-2.446043165467626,-2.446043165467626,-2.446043165467626,-2.446043165467626,-2.446043165467626,-2.446043165467626,-2.446043165467626,-2.446043165467626,-2.446043165467626,-2.446043165467626,-2.446043165467626,-2.446043165467626,-2.446043165467626,-2.446043165467626,-2.446043165467626,-2.446043165467626,-2.446043165467626,-2.446043165467626,-2.446043165467626,-2.446043165467626,-2.446043165467626,-2.446043165467626,-2.446043165467626,-2.446043165467626,-2.446043165467626,-2.446043165467626,-2.446043165467626,-2.446043165467626,-2.446043165467626,-2.446043165467626,-2.446043165467626,-2.446043165467626,-2.446043165467626,-2.446043165467626,-2.446043165467626,-2.446043165467626,-2.446043165467626,-2.446043165467626,-2.3442498212254392,-2.446043165467626,-2.446043165467626,-2.446043165467626,-2.446043165467626,-2.446043165467626,-2.446043165467626,-2.446043165467626,-2.446043165467626,-2.446043165467626,-2.446043165467626,-2.446043165467626,-2.446043165467626,-2.446043165467626,-2.446043165467626,-2.446043165467626,-2.446043165467626,-2.446043165467626,-2.446043165467626,-2.3442498212254392,-2.446043165467626,-2.446043165467626,-2.446043165467626,-2.446043165467626,-2.3442498212254392,-2.3442498212254392,-2.3442498212254392,-2.3442498212254392,-2.446043165467626,-2.446043165467626,-2.446043165467626,-2.446043165467626,-2.446043165467626,-2.446043165467626,-1.8514774956893987,-1.8514774956893987,-1.8514774956893987,-1.8514774956893987,-1.8514774956893987,-1.8514774956893987,-1.8514774956893987,-1.0445669438475194,-1.0445669438475194,-1.0445669438475194,-1.0445669438475194,-1.0445669438475194,-0.4839764551994768,-0.4839764551994768,-0.4839764551994768,-0.4839764551994768,0.06942697590179618,0.06942697590179618,-0.41130731778213786,-0.41130731778213786,-1.1379986919555263,-1.1379986919555263,-0.2659690429474603,-0.2659690429474603,-0.9926604171208488,-0.9926604171208488,-0.4839764551994768,0.06942697590179618,0.06942697590179618,-0.41130731778213786,-0.41130731778213786,-1.1379986919555263,-1.1379986919555263,-0.2659690429474603,-0.2659690429474603,-2.446043165467626,-2.446043165467626,-2.446043165467626,-2.446043165467626,-2.446043165467626,-2.446043165467626,-0.07639738011961972,0.49705689993459784,0.49705689993459784,0.5725210041756805,0.5725210041756805,0.5725210041756805,-0.20184921581451412,-2.446043165467626,-2.446043165467626,-1.8514774956893987,-1.8514774956893987,-0.14338702048741622,0.006540222367560503,0.006540222367560503,0.006540222367560503,-0.14338702048741622,-0.3587381545440629,-0.3587381545440629,-0.3587381545440629,-0.14338702048741622,-0.2659690429474603,-0.2659690429474603,-2.446043165467626,-2.446043165467626,-2.446043165467626,-2.446043165467626,-2.446043165467626,-1.8689647212711111,-1.8689647212711111,-1.8689647212711111,-1.9330845484040573,-1.922825376062786,-2.173533900152605,-2.173533900152605,-1.922825376062786,-1.8514774956893987,-0.14338702048741622,-0.14338702048741622,-0.005661685034604457,-0.005661685034604457,-0.005661685034604457,-0.14338702048741622,-0.14338702048741622,-1.3911685900546424,-1.3911685900546424,-1.3911685900546424,-0.8109875735775016,-0.8109875735775016,-0.8109875735775016,-0.20184921581451412,-2.446043165467626,-2.446043165467626,-1.1379986919555263,-1.1379986919555263,-1.1379986919555263,-1.2197514715500326,-2.446043165467626,-2.446043165467626,-1.3996075866579463,-0.8109875735775016,-0.8109875735775016,-0.8109875735775016,-0.8109875735775016,-2.446043165467626,-2.446043165467626,-2.446043165467626,-2.446043165467626,-2.446043165467626,-2.446043165467626,-1.5541946608002855,-1.5541946608002855,-0.2659690429474603,-0.2659690429474603,-0.2659690429474603,-1.308613188500583,-1.308613188500583,-0.2659690429474603,-0.2659690429474603,-0.2659690429474603,-1.4650098103335514,-1.8514774956893987,-1.8514774956893987,-1.8514774956893987,-0.2659690429474603,-0.2659690429474603,-0.2659690429474603,-1.0834968388925221,-1.0834968388925221,-0.2659690429474603,-0.2659690429474603,-0.2659690429474603,-0.9367610806459726,-0.9367610806459726,-1.6285153695225636,-1.6285153695225636,-0.2659690429474603,-0.2659690429474603,-0.2659690429474603,-1.5117256843875548,-1.5117256843875548,-0.2659690429474603,-0.2659690429474603,-0.2659690429474603,-1.4650098103335514,-1.4650098103335514,-0.2659690429474603,-0.2659690429474603,-0.2659690429474603,-0.6013650617967164,-0.6013650617967164,-0.2659690429474603,-0.2659690429474603,-0.2659690429474603,-0.9367610806459726,-0.9367610806459726,0.8240680183126226,0.8240680183126226,0.8240680183126226,0.8240680183126226,0.05463009271726987,0.05463009271726987,0.05463009271726987,0.05463009271726987,-0.2659690429474603,-0.2659690429474603,-0.2659690429474603,-0.09156311314584703,-0.09156311314584703,-0.09156311314584703,0.05463009271726987,0.05463009271726987,0.05463009271726987,0.05463009271726987,-2.446043165467626,-2.446043165467626,-2.446043165467626,-2.446043165467626,-2.446043165467626,-2.446043165467626,-2.446043165467626,-2.446043165467626,-2.446043165467626,-2.446043165467626,-1.0289949858295182,-0.577408203307484,-0.577408203307484,-0.8109875735775016,-0.8109875735775016,-2.446043165467626,-2.446043165467626,-0.4336670523720882,-0.4336670523720882,-1.8514774956893987,-1.8514774956893987,-2.446043165467626,-2.446043165467626,-0.5224483514792443,-0.5224483514792443,-0.7019838674514933,-0.7019838674514933,-0.7019838674514933,-0.7019838674514933,-1.5117256843875548,-1.5117256843875548,-2.446043165467626,-2.446043165467626,-0.2659690429474603,-0.2659690429474603,-0.8109875735775016,-2.446043165467626,-2.446043165467626,-2.446043165467626,-1.3996075866579463,-0.8109875735775016,-0.8109875735775016,-1.7193517912942373,-1.7193517912942373,-1.7193517912942373,-1.7193517912942373,-2.446043165467626,-2.446043165467626,-2.446043165467626,-2.446043165467626,-0.4022236756049705,-0.4022236756049705,-0.4022236756049705,-0.4022236756049705,-0.2659690429474603,-0.2659690429474603,-0.2659690429474603,-0.2659690429474603,-1.7193517912942373,-1.7193517912942373,-1.7193517912942373,-1.7193517912942373,-1.7193517912942373,-1.7193517912942373,-1.7193517912942373,-1.7193517912942373,-1.7193517912942373,-1.7193517912942373,-2.446043165467626,-2.446043165467626,-1.1379986919555263,-1.4650098103335514,-2.446043165467626,-2.446043165467626,-2.446043165467626,-1.356006104207543,-1.439855108919857,-0.8109875735775016,-0.8109875735775016,-0.8109875735775016,-0.8109875735775016,-0.8109875735775016,-0.8109875735775016,0.17004578155657307,0.17004578155657307,-0.1821200382351462,-0.2659690429474603,-0.2659690429474603
-1.0,-1.0,-1.0,-1.0,-1.0,1.0,1.0,1.0,1.0,1.0,1.0,1.0,1.0,1.0,1.0,1.0,1.0,1.0,1.0,1.0,1.0,1.0,1.0,1.0,1.0,1.0,1.0,1.0,1.0,1.0,1.0,1.0,1.0,1.0,1.0,1.0,1.0,1.0,1.0,1.0,1.0,1.0,1.0,1.0,1.0,1.0,1.0,1.0,1.0,1.0,1.0,1.0,1.0,1.0,-1.0,-1.0,-1.0,-1.0,-1.0,-1.0,-1.0,-1.0,-1.0,1.0,1.0,1.0,1.0,1.0,1.0,1.0,1.0,1.0,1.0,1.0,1.0,1.0,1.0,1.0,1.0,1.0,-1.0,-1.0,-1.0,-1.0,-1.0,-1.0,-1.0,-1.0,-1.0,-1.0,-1.0,-1.0,-1.0,-1.0,1.0,1.0,1.0,1.0,1.0,1.0,1.0,1.0,1.0,1.0,1.0,1.0,1.0,1.0,1.0,1.0,-1.0,-1.0,-1.0,-1.0,-1.0,-1.0,-1.0,-1.0,-1.0,-1.0,-1.0,-1.0,-1.0,-1.0,1.0,-1.0,-1.0,-1.0,-1.0,-1.0,-1.0,-1.0,-1.0,-1.0,-1.0,-1.0,-1.0,-1.0,-1.0,-1.0,-1.0,1.0,1.0,1.0,-1.0,-1.0,-1.0,-1.0,1.0,1.0,1.0,1.0,1.0,1.0,1.0,1.0,1.0,1.0,1.0,1.0,1.0,1.0,1.0,1.0,1.0,-1.0,-1.0,-1.0,-1.0,-1.0,-1.0,-1.0,-1.0,-1.0,-1.0,-1.0,-1.0,-1.0,-1.0,-1.0,-1.0,-1.0,-1.0,-1.0,-1.0,-1.0,-1.0,-1.0,-1.0,-1.0,-1.0,-1.0,-1.0,-1.0,-1.0,-1.0,-1.0,-1.0,-1.0,-1.0,-1.0,-1.0,-1.0,-1.0,-1.0,1.0,1.0,1.0,1.0,1.0,1.0,-1.0,-1.0,-1.0,1.0,-1.0,-1.0,-1.0,1.0,-1.0,-1.0,-1.0,-1.0,-1.0,1.0,1.0,-1.0,-1.0,-1.0,-1.0,-1.0,-1.0,-1.0,-1.0,1.0,1.0,1.0,-1.0,-1.0,-1.0,1.0,1.0,-1.0,-1.0,-1.0,-1.0,-1.0,-1.0,1.0,-1.0,-1.0,-1.0,-1.0,-1.0,-1.0,-1.0,-1.0,-1.0,-1.0,-1.0,-1.0,-1.0,-1.0,-1.0,-1.0,-1.0,-1.0,-1.0,-1.0,-1.0,-1.0,-1.0,-1.0,-1.0,-1.0,-1.0,-1.0,-1.0,-1.0,-1.0,-1.0,-1.0,-1.0,-1.0,-1.0,-1.0,-1.0,-1.0,-1.0,-1.0,-1.0,-1.0,-1.0,-1.0,-1.0,-1.0,-1.0,-1.0,-1.0,-1.0,-1.0,-1.0,-1.0,-1.0,-1.0,-1.0,-1.0,-1.0,-1.0,-1.0,-1.0,-1.0,-1.0,-1.0,-1.0,-1.0,-1.0,-1.0,-1.0,-1.0,-1.0,-1.0,-1.0,-1.0,-1.0,-1.0,-1.0,-1.0,-1.0,-1.0,-1.0,-1.0,-1.0,-1.0,-1.0,-1.0,-1.0,-1.0,-1.0,-1.0,-1.0,-1.0,-1.0,-1.0,-1.0,-1.0,-1.0,-1.0,-1.0,-1.0,-1.0,-1.0,-1.0,-1.0,-1.0,-1.0,-1.0,-1.0,-1.0,-1.0,-1.0,1.0,1.0,-1.0,-1.0,-1.0,-1.0,-1.0,-1.0,-1.0,-1.0,-1.0,-1.0,-1.0,-1.0,-1.0,-1.0,-1.0,-1.0,-1.0,-1.0,-1.0,-1.0,-1.0,-1.0,-1.0,-1.0,-1.0,-1.0,-1.0,1.0,1.0,1.0,1.0,1.0,1.0,1.0,1.0,1.0,1.0,-1.0,-1.0,-1.0,-1.0,-1.0,-1.0,-1.0,-1.0,-1.0,-1.0,-1.0,-1.0,-1.0,-1.0,-1.0,-1.0,-1.0,-1.0,-1.0,-1.0
-1.0,-1.0,-1.0,-1.0,-1.0,1.0,1.0,1.0,1.0,1.0,1.0,1.0,1.0,1.0,1.0,1.0,1.0,-1.0,-1.0,-1.0,-1.0,-1.0,-1.0,-1.0,-1.0,-1.0,-1.0,-1.0,-1.0,-1.0,-1.0,-1.0,-1.0,-1.0,-1.0,-1.0,-1.0,-1.0,-1.0,-1.0,-1.0,-1.0,-1.0,-1.0,-1.0,-1.0,-1.0,-1.0,-1.0,-1.0,-1.0,-1.0,-1.0,-1.0,-1.0,-1.0,-1.0,-1.0,-1.0,-1.0,-1.0,-1.0,-1.0,1.0,1.0,1.0,1.0,1.0,1.0,1.0,1.0,1.0,1.0,1.0,1.0,1.0,1.0,1.0,1.0,1.0,1.0,1.0,1.0,1.0,1.0,1.0,1.0,1.0,1.0,1.0,-1.0,-1.0,-1.0,-1.0,1.0,1.0,1.0,1.0,1.0,1.0,1.0,1.0,1.0,1.0,1.0,1.0,1.0,1.0,1.0,1.0,1.0,1.0,1.0,1.0,1.0,1.0,1.0,1.0,1.0,1.0,1.0,1.0,1.0,1.0,1.0,-1.0,-1.0,-1.0,-1.0,-1.0,-1.0,-1.0,-1.0,-1.0,-1.0,-1.0,-1.0,-1.0,-1.0,-1.0,-1.0,-1.0,-1.0,1.0,-1.0,-1.0,-1.0,-1.0,1.0,1.0,1.0,1.0,-1.0,-1.0,-1.0,-1.0,-1.0,-1.0,1.0,1.0,1.0,1.0,1.0,1.0,1.0,-1.0,-1.0,-1.0,-1.0,-1.0,-1.0,-1.0,-1.0,-1.0,-1.0,-1.0,-1.0,-1.0,-1.0,-1.0,-1.0,-1.0,-1.0,-1.0,-1.0,-1.0,-1.0,-1.0,-1.0,-1.0,-1.0,-1.0,-1.0,-1.0,-1.0,-1.0,-1.0,-1.0,-1.0,-1.0,-1.0,-1.0,-1.0,-1.0,-1.0,-1.0,-1.0,-1.0,-1.0,-1.0,-1.0,-1.0,-1.0,-1.0,-1.0,-1.0,-1.0,-1.0,-1.0,-1.0,-1.0,-1.0,-1.0,-1.0,-1.0,-1.0,-1.0,-1.0,-1.0,-1.0,-1.0,-1.0,-1.0,-1.0,-1.0,-1.0,-1.0,-1.0,-1.0,-1.0,-1.0,-1.0,-1.0,-1.0,-1.0,-1.0,-1.0,-1.0,-1.0,-1.0,-1.0,-1.0,-1.0,-1.0,-1.0,-1.0,-1.0,-1.0,-1.0,-1.0,-1.0,-1.0,-1.0,-1.0,-1.0,-1.0,-1.0,-1.0,-1.0,-1.0,-1.0,-1.0,-1.0,-1.0,-1.0,-1.0,-1.0,-1.0,-1.0,-1.0,-1.0,-1.0,-1.0,-1.0,-1.0,-1.0,-1.0,-1.0,-1.0,-1.0,-1.0,-1.0,-1.0,-1.0,-1.0,-1.0,-1.0,-1.0,-1.0,-1.0,-1.0,-1.0,-1.0,-1.0,-1.0,-1.0,-1.0,-1.0,-1.0,-1.0,-1.0,-1.0,-1.0,-1.0,-1.0,-1.0,-1.0,-1.0,-1.0,-1.0,-1.0,-1.0,-1.0,-1.0,-1.0,-1.0,-1.0,-1.0,-1.0,-1.0,-1.0,-1.0,-1.0,-1.0,-1.0,-1.0,-1.0,-1.0,-1.0,-1.0,-1.0,-1.0,-1.0,-1.0,-1.0,-1.0,-1.0,-1.0,-1.0,-1.0,-1.0,-1.0,-1.0,-1.0,-1.0,-1.0,-1.0,-1.0,-1.0,-1.0,-1.0,-1.0,-1.0,-1.0,-1.0,-1.0,-1.0,-1.0,-1.0,-1.0,-1.0,-1.0,-1.0,-1.0,-1.0,-1.0,-1.0,-1.0,-1.0,-1.0,-1.0,-1.0,-1.0,-1.0,-1.0,-1.0,-1.0,-1.0,-1.0,-1.0,1.0,1.0,1.0,1.0,1.0,1.0,1.0,1.0,1.0,1.0,-1.0,-1.0,-1.0,-1.0,-1.0,-1.0,-1.0,-1.0,-1.0,-1.0,-1.0,-1.0,-1.0,-1.0,-1.0,-1.0,-1.0,-1.0,-1.0,-1.0
-1.035425404711093,-1.1291967577307898,-1.1291967577307898,-1.1291967577307898,-1.1291967577307898,0.6441045387835114,0.6441045387835114,-0.6115196812013348,-0.6471399454012805,-0.6471399454012805,-0.6471399454012805,-0.6471399454012805,-0.6471399454012805,-0.6471399454012805,-0.6471399454012805,-0.6471399454012805,-0.6471399454012805,-0.22548930071742646,-0.240749096499694,-0.240749096499694,-0.240749096499694,-0.240749096499694,-0.240749096499694,-0.240749096499694,-0.240749096499694,-0.240749096499694,-0.240749096499694,-0.240749096499694,-0.240749096499694,-0.240749096499694,-0.240749096499694,-0.240749096499694,-0.240749096499694,-0.240749096499694,-0.240749096499694,-0.240749096499694,-0.240749096499694,-0.46859239543732956,-0.4879312814947379,-0.4879312814947379,-0.4879312814947379,-0.4879312814947379,-0.4879312814947379,-0.4879312814947379,-0.4879312814947379,-0.4879312814947379,-0.4879312814947379,-0.4879312814947379,-0.4879312814947379,-0.4879312814947379,-0.4879312814947379,-0.4879312814947379,-0.4879312814947379,-0.4879312814947379,-0.7678930716403777,-0.7988507284353313,-0.7988507284353313,-0.7988507284353313,-0.7988507284353313,-0.7988507284353313,-0.7988507284353313,-0.7988507284353313,-0.7988507284353313,-0.642536068558752,-0.6807033727710262,-0.6807033727710262,-0.6807033727710262,-0.6807033727710262,-0.6807033727710262,-0.6807033727710262,-0.6807033727710262,-0.685701171423712,-0.7115248530475669,-0.7115248530475669,-0.7115248530475669,-0.7115248530475669,-0.7115248530475669,-0.7115248530475669,-0.7115248530475669,-0.7115248530475669,-0.5400994923090695,-0.5705030406020889,-0.5705030406020889,-0.5705030406020889,-0.5705030406020889,-0.5705030406020889,-0.5705030406020889,-0.5705030406020889,-0.5705030406020889,-0.5705030406020889,-1.18423555943938,-1.2466334064601852,-1.2466334064601852,-1.2466334064601852,-0.41778248883150454,-0.4439925199768518,-0.4439925199768518,-0.4439925199768518,-0.4439925199768518,-0.4439925199768518,-0.4439925199768518,-0.4439925199768518,-0.4439925199768518,-0.4439925199768518,-0.4439925199768518,-0.4439925199768518,-0.4439925199768518,-0.4439925199768518,-0.4439925199768518,-0.4439925199768518,-0.5046818103606892,-0.5512702964462444,-0.5512702964462444,-0.5512702964462444,-0.5512702964462444,-0.5512702964462444,-0.5512702964462444,-0.5512702964462444,-0.5512702964462444,-0.5512702964462444,-0.5512702964462444,-0.5512702964462444,-0.5512702964462444,-0.5512702964462444,0.6441045387835114,-0.6245611709756697,-0.6471399454012805,-0.6471399454012805,-0.6471399454012805,-0.6471399454012805,-0.6471399454012805,-0.6471399454012805,-0.6471399454012805,-0.6471399454012805,-0.6471399454012805,-0.6471399454012805,-0.6471399454012805,-0.6471399454012805,-0.6471399454012805,-1.4278322527259624,-1.4278322527259624,-1.2812632999899616,-1.2812632999899616,0.6441045387835114,-0.9756901843793709,-1.0917936233039036,-1.0917936233039036,-1.0917936233039036,0.6441045387835114,0.6441045387835114,0.6441045387835114,0.6441045387835114,-0.838928682527586,-0.8983469888291029,-0.8983469888291029,-0.8983469888291029,-0.8983469888291029,-0.8983469888291029,-0.494559615603129,-0.494559615603129,-0.494559615603129,-0.494559615603129,-0.494559615603129,-0.494559615603129,-0.494559615603129,-0.7678930716403777,-0.7678930716403777,-0.7678930716403777,-0.7678930716403777,-0.7678930716403777,-0.9573627483264356,-0.9573627483264356,-0.9573627483264356,-0.13997963860248278,-0.5364344561123285,-0.5364344561123285,-0.28761912953780894,-0.28761912953780894,-1.2302355934642644,-1.2302355934642644,-1.0684242678951832,-1.0684242678951832,-0.9664366202222776,-0.9664366202222776,-0.13997963860248278,-0.5364344561123285,-0.5364344561123285,-0.28761912953780894,-0.28761912953780894,-1.2302355934642644,-1.2302355934642644,-1.0684242678951832,-1.0684242678951832,-0.8530900607964313,-0.8530900607964313,-1.6355140186915886,-1.6355140186915886,-0.8530900607964313,-0.8530900607964313,-0.06505316660473578,-0.3302313903156578,-0.3302313903156578,-0.8459557280250349,-0.8459557280250349,-0.8459557280250349,1.3396559164495734,-1.5382942985503691,-1.5382942985503691,-0.9311527171810882,-0.9311527171810882,1.3113431237297781,0.3482412848057769,0.3482412848057769,0.3482412848057769,1.3113431237297781,0.13797476702787215,0.13797476702787215,0.13797476702787215,1.3113431237297781,-1.6355140186915886,-1.6355140186915886,-1.3186664344168477,-1.3186664344168477,-1.3186664344168477,-1.6355140186915886,-1.6355140186915886,-0.240749096499694,-0.240749096499694,-0.240749096499694,-0.059758042301207494,-0.06906426178762874,-0.42925029673623216,-0.42925029673623216,-0.06906426178762874,0.23001861449554722,1.3113431237297781,1.3113431237297781,-0.0075064108938361,-0.0075064108938361,-0.0075064108938361,1.3113431237297781,1.3113431237297781,-0.32788908105231945,-0.32788908105231945,-0.32788908105231945,-0.786220507693313,-0.786220507693313,-0.786220507693313,1.3396559164495734,-1.4798068485718616,-1.4798068485718616,-0.9144620243763784,-0.9144620243763784,-0.9144620243763784,-0.695860043683715,-1.508136111102906,-1.508136111102906,-0.4846520419346229,-1.3593259563746185,-1.3593259563746185,-1.3810642814376528,-1.3810642814376528,-1.6355140186915886,-1.6355140186915886,-1.570533958123711,-1.570533958123711,-1.2995907360428969,-1.2995907360428969,-0.4623199560297871,-0.4623199560297871,-1.1698562796885605,-1.1698562796885605,-1.1698562796885605,-0.3929648134511546,-0.3929648134511546,-1.1698562796885605,-1.1698562796885605,-1.1698562796885605,-0.5364344561123285,-0.7739227000683718,-0.7739227000683718,-0.7739227000683718,-1.1698562796885605,-1.1698562796885605,-1.1698562796885605,-0.3719594920201892,-0.3719594920201892,-1.1698562796885605,-1.1698562796885605,-1.1698562796885605,-0.7445237162316573,-0.7445237162316573,-0.4038325060512794,-0.4038325060512794,-1.1698562796885605,-1.1698562796885605,-1.1698562796885605,-0.4592150295257363,-0.4592150295257363,-1.1698562796885605,-1.1698562796885605,-1.1698562796885605,-0.4749501767718054,-0.4749501767718054,-1.1698562796885605,-1.1698562796885605,-1.1698562796885605,-0.24269209189626578,-0.24269209189626578,-1.1698562796885605,-1.1698562796885605,-1.1698562796885605,-0.695860043683715,-0.695860043683715,-0.9397270810447315,-0.9397270810447315,-0.9144620243763784,-0.9144620243763784,-0.320931785494492,-0.320931785494492,-0.320931785494492,-0.320931785494492,-1.014653553042479,-1.014653553042479,-1.014653553042479,0.027627661486820828,0.027627661486820828,0.027627661486820828,-0.320931785494492,-0.320931785494492,-0.320931785494492,-0.320931785494492,-1.214393746886843,-1.214393746886843,-1.214393746886843,-1.214393746886843,-1.3810642814376528,-1.3810642814376528,-1.3810642814376528,-1.3186664344168477,-1.3186664344168477,-1.3186664344168477,-0.16733314442144212,-0.8827692223489199,-0.8827692223489199,-0.7445237162316573,-0.7445237162316573,-1.4798068485718616,-1.4798068485718616,-0.9484617226391953,-0.9484617226391953,-0.8904931952233175,-0.8904931952233175,-1.570533958123711,-1.570533958123711,-0.7010235185372593,-0.7010235185372593,-0.7678930716403777,-0.7678930716403777,-0.6708653310897962,-0.6708653310897962,-1.0917936233039036,-1.0917936233039036,-1.4798068485718616,-1.4798068485718616,-1.116393498764381,-1.116393498764381,-0.8118318331582638,-1.1291967577307898,-1.508136111102906,-1.508136111102906,-0.4846520419346229,-1.0684242678951832,-1.0684242678951832,-0.6757584618689061,-0.6757584618689061,-0.6757584618689061,-0.6757584618689061,-0.8251838763564207,-0.8251838763564207,-0.8251838763564207,-0.8251838763564207,-0.690753001378953,-0.690753001378953,-0.690753001378953,-0.690753001378953,-0.5400994923090695,-0.5400994923090695,-0.5400994923090695,-0.5400994923090695,-0.2854805000857472,-0.2854805000857472,-0.2854805000857472,-0.2854805000857472,-0.2854805000857472,-0.2854805000857472,-0.2854805000857472,-0.2854805000857472,-0.2854805000857472,-0.2854805000857472,-1.2302355934642644,-1.2302355934642644,-0.12009196831332593,-0.6030232704147972,-1.18423555943938,-1.18423555943938,-1.18423555943938,-0.8459557280250349,-0.4781618026072083,-0.7115248530475669,-0.7115248530475669,-0.7115248530475669,-0.7115248530475669,-0.7115248530475669,-0.7115248530475669,-1.214393746886843,-1.214393746886843,-0.4781618026072083,-0.5115538418512011,-0.5115538418512011
0.0,0.0,0.0,0.0,0.0,-1.0917363902447395,-1.0917363902447395,0.0,0.0,0.0,0.0,0.0,0.0,0.0,0.0,0.0,0.0,0.0,0.0,0.0,0.0,0.0,0.0,0.0,0.0,0.0,0.0,0.0,0.0,0.0,0.0,0.0,0.0,0.0,0.0,0.0,0.0,-1.0917363902447395,-1.0917363902447395,-1.0917363902447395,-1.0917363902447395,-1.0917363902447395,-1.0917363902447395,-1.0917363902447395,-1.0917363902447395,-1.0917363902447395,-1.0917363902447395,-1.0917363902447395,-1.0917363902447395,-1.0917363902447395,-1.0917363902447395,-1.0917363902447395,-1.0917363902447395,-1.0917363902447395,-0.5364591779626391,-0.42711738118017256,-0.42711738118017256,-0.42711738118017256,-0.42711738118017256,-0.42711738118017256,-0.42711738118017256,-0.42711738118017256,-0.42711738118017256,0.0,0.0,0.0,0.0,0.0,0.0,0.0,0.0,0.0,0.0,0.0,0.0,0.0,0.0,0.0,0.0,0.0,0.0,0.0,0.0,0.0,0.0,0.0,0.0,0.0,0.0,0.0,0.934053787354754,1.1544416789126346,1.1544416789126346,1.1544416789126346,0.0,0.0,0.0,0.0,0.0,0.0,0.0,0.0,0.0,0.0,0.0,0.0,0.0,0.0,0.0,0.0,0.0,0.0,0.0,0.0,0.0,0.0,0.0,0.0,0.0,0.0,0.0,0.0,0.0,0.0,-1.0917363902447395,0.0,0.0,0.0,0.0,0.0,0.0,0.0,0.0,0.0,0.0,0.0,0.0,0.0,0.0,0.0,0.0,0.0,0.0,-1.0917363902447395,0.0,0.0,0.0,0.0,-1.0917363902447395,-1.0917363902447395,-1.0917363902447395,-1.0917363902447395,0.0,0.0,0.0,0.0,0.0,0.0,-1.0917363902447395,-1.0917363902447395,-1.0917363902447395,-1.0917363902447395,-1.0917363902447395,-1.0917363902447395,-1.0917363902447395,0.0,0.0,0.0,0.0,0.0,0.0,0.0,0.0,-0.941023382960332,-0.684763232380635,-0.684763232380635,-0.7204777717288321,-0.7204777717288321,0.0,0.0,0.0,0.0,-0.9792174928763374,-0.9792174928763374,-0.941023382960332,-0.684763232380635,-0.684763232380635,-0.7204777717288321,-0.7204777717288321,0.0,0.0,0.0,0.0,0.0,0.0,0.0,0.0,0.0,0.0,-1.0917363902447395,-0.9382611103099818,-0.9382611103099818,-1.0917363902447395,-1.0917363902447395,-1.0917363902447395,-1.004068601223982,0.0,0.0,-1.0917363902447395,-1.0917363902447395,-1.0162180902392741,-1.0917363902447395,-1.0917363902447395,-1.0917363902447395,-1.0162180902392741,-0.5243234062016724,-0.5243234062016724,-0.5243234062016724,-1.0162180902392741,0.0,0.0,0.0,0.0,0.0,0.0,0.0,-1.0917363902447395,-1.0917363902447395,-1.0917363902447395,-1.0917363902447395,-1.0917363902447395,-0.5885284023349553,-0.5885284023349553,-1.0917363902447395,-1.0917363902447395,-1.0162180902392741,-1.0162180902392741,-0.9341090137218285,-0.9341090137218285,-0.9341090137218285,-1.0162180902392741,-1.0162180902392741,-0.5782451446245359,-0.5782451446245359,-0.5782451446245359,0.1974758812565125,0.1974758812565125,0.1974758812565125,-1.004068601223982,0.0,0.0,0.650422237923948,0.650422237923948,0.650422237923948,-0.12167538908502926,0.0,0.0,-0.8676576370000182,0.0,0.0,0.0,0.0,0.0,0.0,0.0,0.0,0.0,0.0,-1.0917363902447395,-1.0917363902447395,0.0,0.0,0.0,-1.0917363902447395,-1.0917363902447395,0.0,0.0,0.0,-1.0917363902447395,-0.5151626563746414,-0.5151626563746414,-0.5151626563746414,0.0,0.0,0.0,-0.7908783272099785,-0.7908783272099785,0.0,0.0,0.0,-0.6189992528449889,-0.6189992528449889,-1.0917363902447395,-1.0917363902447395,0.0,0.0,0.0,-1.0917363902447395,-1.0917363902447395,0.0,0.0,0.0,-1.0917363902447395,-1.0917363902447395,0.0,0.0,0.0,-0.8791591297003644,-0.8791591297003644,0.0,0.0,0.0,-1.0917363902447395,-1.0917363902447395,-1.0735550270200929,-1.0735550270200929,-1.0917363902447395,-1.0917363902447395,-0.6028181671267926,-0.6028181671267926,-0.6028181671267926,-0.6028181671267926,-0.8089162938928366,-0.8089162938928366,-0.8089162938928366,-0.6899128700164863,-0.6899128700164863,-0.6899128700164863,-0.6028181671267926,-0.6028181671267926,-0.6028181671267926,-0.6028181671267926,0.0,0.0,0.0,0.0,0.0,0.0,0.0,0.0,0.0,0.0,-1.0917363902447395,-1.0917363902447395,-1.0917363902447395,-1.0917363902447395,-1.0917363902447395,0.0,0.0,-1.0427044554630998,-1.0427044554630998,0.0,0.0,0.0,0.0,-1.0917363902447395,-1.0917363902447395,-1.0917363902447395,-1.0917363902447395,-0.8791591297003644,-0.8791591297003644,0.0,0.0,0.0,0.0,0.6944370469547263,0.6944370469547263,-0.3812683906048199,-0.4043520888951437,0.0,0.0,-0.8676576370000182,0.0,0.0,-0.8618766940553412,-0.8618766940553412,-0.8618766940553412,-0.8618766940553412,-0.3341092530876167,-0.3341092530876167,-0.3341092530876167,-0.3341092530876167,-0.8089162938928366,-0.8089162938928366,-0.8089162938928366,-0.8089162938928366,-1.0917363902447395,-1.0917363902447395,-1.0917363902447395,-1.0917363902447395,-1.0917363902447395,-1.0917363902447395,-1.0917363902447395,-1.0917363902447395,-1.0917363902447395,-1.0917363902447395,-1.0917363902447395,-1.0917363902447395,-1.0917363902447395,-1.0917363902447395,0.0,0.0,-1.011266218767859,-1.0917363902447395,0.0,0.0,0.0,0.0,-1.0917363902447395,-0.7355505479325227,-0.7355505479325227,-0.7355505479325227,-0.7355505479325227,-0.7355505479325227,-0.7355505479325227,-0.10343810381931595,-0.10343810381931595,-0.8905810266579662,-1.0917363902447395,-1.0917363902447395
-0.5077224524862195,-0.5077224524862195,-0.5077224524862195,-0.5077224524862195,-0.5077224524862195,-0.5077224524862195,-0.5077224524862195,-0.5077224524862195,-0.5077224524862195,-0.5077224524862195,-0.5077224524862195,-0.5077224524862195,-0.5077224524862195,-0.5077224524862195,-0.5077224524862195,-0.5077224524862195,-0.5077224524862195,-0.5077224524862195,-0.5077224524862195,-0.5077224524862195,-0.5077224524862195,-0.5077224524862195,-0.5077224524862195,-0.5077224524862195,-0.5077224524862195,-0.5077224524862195,-0.5077224524862195,-0.5077224524862195,-0.5077224524862195,-0.5077224524862195,-0.5077224524862195,-0.5077224524862195,-0.5077224524862195,-0.5077224524862195,-0.5077224524862195,-0.5077224524862195,-0.5077224524862195,-0.5077224524862195,-0.5077224524862195,-0.5077224524862195,-0.5077224524862195,-0.5077224524862195,-0.5077224524862195,-0.5077224524862195,-0.5077224524862195,-0.5077224524862195,-0.5077224524862195,-0.5077224524862195,-0.5077224524862195,-0.5077224524862195,-0.5077224524862195,-0.5077224524862195,-0.5077224524862195,-0.5077224524862195,-0.5077224524862195,-0.5077224524862195,-0.5077224524862195,-0.5077224524862195,-0.5077224524862195,-0.5077224524862195,-0.5077224524862195,-0.5077224524862195,-0.5077224524862195,-0.5077224524862195,-0.5077224524862195,-0.5077224524862195,-0.5077224524862195,-0.5077224524862195,-0.5077224524862195,-0.5077224524862195,-0.5077224524862195,-0.5077224524862195,-0.5077224524862195,-0.5077224524862195,-0.5077224524862195,-0.5077224524862195,-0.5077224524862195,-0.5077224524862195,-0.5077224524862195,-0.5077224524862195,-0.5077224524862195,-0.5077224524862195,-0.5077224524862195,-0.5077224524862195,-0.5077224524862195,-0.5077224524862195,-0.5077224524862195,-0.5077224524862195,-0.5077224524862195,-0.5077224524862195,-0.5077224524862195,-0.5077224524862195,-0.5077224524862195,-0.5077224524862195,-0.5077224524862195,-0.5077224524862195,-0.5077224524862195,-0.5077224524862195,-0.5077224524862195,-0.5077224524862195,-0.5077224524862195,-0.5077224524862195,-0.5077224524862195,-0.5077224524862195,-0.5077224524862195,-0.5077224524862195,-0.5077224524862195,-0.5077224524862195,-0.5077224524862195,-0.5077224524862195,-0.5077224524862195,-0.5077224524862195,-0.5077224524862195,-0.5077224524862195,-0.5077224524862195,-0.5077224524862195,-0.5077224524862195,-0.5077224524862195,-0.5077224524862195,-0.5077224524862195,-0.5077224524862195,-0.5077224524862195,-0.5077224524862195,-0.5077224524862195,-0.5077224524862195,-0.5077224524862195,-0.5077224524862195,-0.5077224524862195,-0.5077224524862195,-0.5077224524862195,-0.5077224524862195,-0.5077224524862195,-0.5077224524862195,-0.5077224524862195,-0.5077224524862195,-0.5077224524862195,-0.5077224524862195,-0.5077224524862195,-0.5077224524862195,-0.5077224524862195,-0.5077224524862195,-0.5077224524862195,-0.5077224524862195,-0.5077224524862195,-0.5077224524862195,-0.5077224524862195,-0.5077224524862195,-0.5077224524862195,-0.5077224524862195,-0.5077224524862195,-0.5077224524862195,-0.5077224524862195,-0.5077224524862195,-0.5077224524862195,-0.5077224524862195,-0.5077224524862195,-0.5077224524862195,-0.5077224524862195,1.969566382794139,1.969566382794139,1.969566382794139,1.969566382794139,1.969566382794139,1.969566382794139,1.969566382794139,-0.5077224524862195,-0.5077224524862195,-0.5077224524862195,-0.5077224524862195,-0.5077224524862195,-0.5077224524862195,-0.5077224524862195,-0.5077224524862195,-0.5077224524862195,-0.5077224524862195,-0.5077224524862195,-0.5077224524862195,-0.5077224524862195,-0.5077224524862195,-0.5077224524862195,-0.5077224524862195,-0.5077224524862195,-0.5077224524862195,-0.5077224524862195,-0.5077224524862195,-0.5077224524862195,-0.5077224524862195,-0.5077224524862195,-0.5077224524862195,-0.5077224524862195,-0.5077224524862195,-0.5077224524862195,-0.5077224524862195,1.969566382794139,1.969566382794139,1.969566382794139,1.969566382794139,1.969566382794139,1.969566382794139,1.969566382794139,-0.5077224524862195,-0.5077224524862195,-0.5077224524862195,-0.5077224524862195,-0.5077224524862195,1.969566382794139,-0.5077224524862195,-0.5077224524862195,1.969566382794139,1.969566382794139,1.969566382794139,1.969566382794139,1.969566382794139,1.969566382794139,1.969566382794139,1.969566382794139,1.969566382794139,1.969566382794139,1.969566382794139,1.969566382794139,1.969566382794139,-0.5077224524862195,-0.5077224524862195,-0.5077224524862195,-0.5077224524862195,-0.5077224524862195,1.969566382794139,1.969566382794139,1.969566382794139,-0.5077224524862195,-0.5077224524862195,-0.5077224524862195,-0.5077224524862195,-0.5077224524862195,1.969566382794139,1.969566382794139,1.969566382794139,-0.5077224524862195,-0.5077224524862195,-0.5077224524862195,1.969566382794139,1.969566382794139,-0.5077224524862195,-0.5077224524862195,-0.5077224524862195,1.969566382794139,1.969566382794139,1.969566382794139,1.969566382794139,-0.5077224524862195,-0.5077224524862195,-0.5077224524862195,-0.5077224524862195,-0.5077224524862195,-0.5077224524862195,-0.5077224524862195,-0.5077224524862195,-0.5077224524862195,-0.5077224524862195,-0.5077224524862195,-0.5077224524862195,-0.5077224524862195,1.969566382794139,1.969566382794139,1.969566382794139,1.969566382794139,-0.5077224524862195,-0.5077224524862195,-0.5077224524862195,-0.5077224524862195,-0.5077224524862195,-0.5077224524862195,-0.5077224524862195,-0.5077224524862195,-0.5077224524862195,-0.5077224524862195,-0.5077224524862195,-0.5077224524862195,-0.5077224524862195,-0.5077224524862195,-0.5077224524862195,-0.5077224524862195,-0.5077224524862195,-0.5077224524862195,-0.5077224524862195,-0.5077224524862195,-0.5077224524862195,-0.5077224524862195,-0.5077224524862195,-0.5077224524862195,-0.5077224524862195,-0.5077224524862195,-0.5077224524862195,-0.5077224524862195,-0.5077224524862195,-0.5077224524862195,-0.5077224524862195,-0.5077224524862195,-0.5077224524862195,-0.5077224524862195,-0.5077224524862195,-0.5077224524862195,-0.5077224524862195,-0.5077224524862195,-0.5077224524862195,-0.5077224524862195,-0.5077224524862195,-0.5077224524862195,-0.5077224524862195,-0.5077224524862195,-0.5077224524862195,-0.5077224524862195,-0.5077224524862195,-0.5077224524862195,-0.5077224524862195,-0.5077224524862195,-0.5077224524862195,-0.5077224524862195,-0.5077224524862195,-0.5077224524862195,-0.5077224524862195,-0.5077224524862195,-0.5077224524862195,-0.5077224524862195,-0.5077224524862195,-0.5077224524862195,-0.5077224524862195,-0.5077224524862195,-0.5077224524862195,-0.5077224524862195,-0.5077224524862195,-0.5077224524862195,-0.5077224524862195,-0.5077224524862195,-0.5077224524862195,-0.5077224524862195,-0.5077224524862195,-0.5077224524862195,-0.5077224524862195,-0.5077224524862195,-0.5077224524862195,-0.5077224524862195,1.969566382794139,1.969566382794139,1.969566382794139,1.969566382794139,1.969566382794139,1.969566382794139,1.969566382794139,1.969566382794139,1.969566382794139,1.969566382794139,1.969566382794139,-0.5077224524862195,-0.5077224524862195,-0.5077224524862195,-0.5077224524862195,-0.5077224524862195,-0.5077224524862195,-0.5077224524862195,-0.5077224524862195,-0.5077224524862195,-0.5077224524862195,-0.5077224524862195,-0.5077224524862195,-0.5077224524862195,-0.5077224524862195,-0.5077224524862195,-0.5077224524862195,-0.5077224524862195,-0.5077224524862195,-0.5077224524862195,-0.5077224524862195,-0.5077224524862195,1.969566382794139,1.969566382794139,1.969566382794139,1.969566382794139,-0.5077224524862195,-0.5077224524862195,-0.5077224524862195,-0.5077224524862195,-0.5077224524862195,-0.5077224524862195,-0.5077224524862195,-0.5077224524862195,-0.5077224524862195,-0.5077224524862195,-0.5077224524862195,-0.5077224524862195,1.969566382794139,1.969566382794139,1.969566382794139,1.969566382794139,1.969566382794139,1.969566382794139,1.969566382794139,1.969566382794139,1.969566382794139,1.969566382794139,-0.5077224524862195,-0.5077224524862195,1.969566382794139,1.969566382794139,1.969566382794139,1.969566382794139,1.969566382794139,1.969566382794139,1.969566382794139,-0.5077224524862195,-0.5077224524862195,-0.5077224524862195,-0.5077224524862195,-0.5077224524862195,-0.5077224524862195,-0.5077224524862195,-0.5077224524862195,-0.5077224524862195,-0.5077224524862195,-0.5077224524862195
-0.8700053950135924,-0.8700053950135924,-0.8700053950135924,-0.8700053950135924,-0.8700053950135924,-0.8700053950135924,-0.8700053950135924,-0.8700053950135924,-0.8700053950135924,-0.8700053950135924,-0.8700053950135924,-0.8700053950135924,-0.8700053950135924,-0.8700053950135924,-0.8700053950135924,-0.8700053950135924,-0.8700053950135924,-0.8700053950135924,-0.8700053950135924,-0.8700053950135924,-0.8700053950135924,-0.8700053950135924,-0.8700053950135924,-0.8700053950135924,-0.8700053950135924,-0.8700053950135924,-0.8700053950135924,-0.8700053950135924,-0.8700053950135924,-0.8700053950135924,-0.8700053950135924,-0.8700053950135924,-0.8700053950135924,-0.8700053950135924,-0.8700053950135924,-0.8700053950135924,-0.8700053950135924,-0.8700053950135924,-0.8700053950135924,-0.8700053950135924,-0.8700053950135924,-0.8700053950135924,-0.8700053950135924,-0.8700053950135924,-0.8700053950135924,-0.8700053950135924,-0.8700053950135924,-0.8700053950135924,-0.8700053950135924,-0.8700053950135924,-0.8700053950135924,-0.8700053950135924,-0.8700053950135924,-0.8700053950135924,-0.8700053950135924,-0.8700053950135924,-0.8700053950135924,-0.8700053950135924,-0.8700053950135924,-0.8700053950135924,-0.8700053950135924,-0.8700053950135924,-0.8700053950135924,-0.8700053950135924,-0.8700053950135924,-0.8700053950135924,-0.8700053950135924,-0.8700053950135924,-0.8700053950135924,-0.8700053950135924,-0.8700053950135924,-0.8700053950135924,-0.8700053950135924,-0.8700053950135924,-0.8700053950135924,-0.8700053950135924,-0.8700053950135924,-0.8700053950135924,-0.8700053950135924,-0.8700053950135924,-0.8700053950135924,-0.8700053950135924,-0.8700053950135924,-0.8700053950135924,-0.8700053950135924,-0.8700053950135924,-0.8700053950135924,-0.8700053950135924,-0.8700053950135924,-0.8700053950135924,-0.8700053950135924,-0.8700053950135924,-0.8700053950135924,-0.8700053950135924,-0.8700053950135924,-0.8700053950135924,-0.8700053950135924,-0.8700053950135924,-0.8700053950135924,-0.8700053950135924,-0.8700053950135924,-0.8700053950135924,-0.8700053950135924,-0.8700053950135924,-0.8700053950135924,-0.8700053950135924,-0.8700053950135924,-0.8700053950135924,-0.8700053950135924,-0.8700053950135924,-0.8700053950135924,-0.8700053950135924,-0.8700053950135924,-0.8700053950135924,-0.8700053950135924,-0.8700053950135924,-0.8700053950135924,-0.8700053950135924,-0.8700053950135924,-0.8700053950135924,-0.8700053950135924,-0.8700053950135924,-0.8700053950135924,-0.8700053950135924,-0.8700053950135924,-0.8700053950135924,-0.8700053950135924,-0.8700053950135924,-0.8700053950135924,-0.8700053950135924,-0.8700053950135924,-0.8700053950135924,-0.8700053950135924,-0.8700053950135924,-0.8700053950135924,-0.8700053950135924,-0.8700053950135924,-0.8700053950135924,-0.8700053950135924,-0.8700053950135924,-0.8700053950135924,-0.8700053950135924,-0.8700053950135924,-0.8700053950135924,-0.8700053950135924,-0.8700053950135924,-0.8700053950135924,-0.8700053950135924,-0.8700053950135924,-0.8700053950135924,-0.8700053950135924,-0.8700053950135924,-0.8700053950135924,-0.8700053950135924,-0.8700053950135924,-0.8700053950135924,-0.8700053950135924,-0.8700053950135924,-0.6828247690319763,-0.6828247690319763,-0.6828247690319763,-0.6828247690319763,-0.6828247690319763,-0.6828247690319763,-0.6828247690319763,-0.8700053950135924,-0.8700053950135924,-0.8700053950135924,-0.8700053950135924,-0.8700053950135924,-0.8700053950135924,-0.8700053950135924,-0.8700053950135924,-0.8700053950135924,-0.8700053950135924,-0.8700053950135924,-0.8700053950135924,-0.8700053950135924,-0.8700053950135924,-0.8700053950135924,-0.8700053950135924,-0.8700053950135924,-0.8700053950135924,-0.8700053950135924,-0.8700053950135924,-0.8700053950135924,-0.8700053950135924,-0.8700053950135924,-0.8700053950135924,-0.8700053950135924,-0.8700053950135924,-0.8700053950135924,-0.8700053950135924,-0.8196106110954651,-0.8196106110954651,-0.5060430667160055,-0.5060430667160055,-0.8196106110954651,-0.8196106110954651,-0.8606730276213466,-0.8700053950135924,-0.8700053950135924,-0.8700053950135924,-0.8700053950135924,-0.8700053950135924,-0.8543036506939728,-0.8700053950135924,-0.8700053950135924,-0.5722180354973849,-0.5722180354973849,-0.8557761907467156,-0.8468830823923339,-0.8468830823923339,-0.8468830823923339,-0.8557761907467156,-0.8216561558301491,-0.8216561558301491,-0.8216561558301491,-0.8557761907467156,0.7678250823255489,0.7678250823255489,-0.8700053950135924,-0.8700053950135924,-0.8700053950135924,-0.8700053950135924,-0.8700053950135924,-0.8428214866760133,-0.8428214866760133,-0.8428214866760133,-0.8700053950135924,-0.8700053950135924,-0.8700053950135924,-0.8700053950135924,-0.8700053950135924,-0.8402266590619717,-0.8557761907467156,-0.8557761907467156,-0.8700053950135924,-0.8700053950135924,-0.8700053950135924,-0.8557761907467156,-0.8557761907467156,-0.8700053950135924,-0.8700053950135924,-0.8700053950135924,-0.826329915617882,-0.826329915617882,-0.826329915617882,-0.8543036506939728,-0.8700053950135924,-0.8700053950135924,-0.8700053950135924,-0.8700053950135924,-0.8700053950135924,-0.8700053950135924,-0.8700053950135924,-0.8700053950135924,-0.8700053950135924,-0.8700053950135924,-0.8700053950135924,-0.8700053950135924,-0.8700053950135924,-0.5060430667160055,-0.5060430667160055,-0.6360296125365723,-0.6360296125365723,-0.8700053950135924,-0.8700053950135924,-0.8700053950135924,-0.8700053950135924,-0.8700053950135924,-0.8700053950135924,-0.8700053950135924,-0.8700053950135924,-0.8700053950135924,-0.8700053950135924,-0.8700053950135924,-0.8700053950135924,-0.8700053950135924,-0.8700053950135924,-0.8700053950135924,-0.8700053950135924,-0.8700053950135924,-0.8700053950135924,-0.8700053950135924,-0.8700053950135924,-0.8700053950135924,-0.8700053950135924,-0.8700053950135924,-0.8700053950135924,-0.8700053950135924,-0.8700053950135924,-0.8700053950135924,-0.8700053950135924,-0.8700053950135924,-0.8700053950135924,-0.8700053950135924,-0.8700053950135924,-0.8700053950135924,-0.8700053950135924,-0.8700053950135924,-0.8700053950135924,-0.8700053950135924,-0.8700053950135924,-0.8700053950135924,-0.8700053950135924,-0.8700053950135924,-0.8700053950135924,-0.8700053950135924,-0.8700053950135924,-0.8700053950135924,-0.8700053950135924,-0.8700053950135924,-0.8700053950135924,-0.8700053950135924,-0.8700053950135924,-0.8700053950135924,-0.8700053950135924,-0.8700053950135924,-0.8700053950135924,-0.8700053950135924,-0.8700053950135924,-0.8700053950135924,-0.8700053950135924,-0.8700053950135924,-0.8700053950135924,-0.8700053950135924,-0.8700053950135924,-0.8700053950135924,-0.8700053950135924,-0.8700053950135924,-0.8700053950135924,-0.8700053950135924,-0.8700053950135924,-0.8700053950135924,-0.8700053950135924,-0.8700053950135924,-0.8700053950135924,-0.8700053950135924,-0.8700053950135924,-0.8700053950135924,-0.8700053950135924,-0.7538472051313838,-0.8163060351008338,-0.8163060351008338,-0.6702699709478435,-0.6702699709478435,-0.6773194565031052,-0.6773194565031052,-0.8082004713404173,-0.8082004713404173,-0.7608166965243164,-0.7608166965243164,-0.8700053950135924,-0.8700053950135924,-0.8700053950135924,-0.8700053950135924,-0.8700053950135924,-0.8700053950135924,-0.8700053950135924,-0.8700053950135924,-0.8700053950135924,-0.8700053950135924,-0.8700053950135924,-0.8700053950135924,-0.8700053950135924,-0.8700053950135924,-0.8700053950135924,-0.8700053950135924,-0.8700053950135924,-0.8700053950135924,-0.8700053950135924,-0.8700053950135924,-0.8700053950135924,-0.8010441117572075,-0.8010441117572075,-0.8010441117572075,-0.8010441117572075,-0.8700053950135924,-0.8700053950135924,-0.8700053950135924,-0.8700053950135924,-0.8700053950135924,-0.8700053950135924,-0.8700053950135924,-0.8700053950135924,-0.8700053950135924,-0.8700053950135924,-0.8700053950135924,-0.8700053950135924,-0.7503465473541118,-0.7503465473541118,-0.7503465473541118,-0.7503465473541118,-0.7503465473541118,-0.7503465473541118,-0.7503465473541118,-0.7503465473541118,-0.7503465473541118,-0.7503465473541118,-0.8700053950135924,-0.8700053950135924,-0.8595064816973159,-0.8404949359624367,-0.7676409901798961,-0.7676409901798961,-0.7676409901798961,-0.820374168427558,-0.8474146298089146,-0.8700053950135924,-0.8700053950135924,-0.8700053950135924,-0.8700053950135924,-0.8700053950135924,-0.8700053950135924,-0.8700053950135924,-0.8700053950135924,-0.8700053950135924,-0.8700053950135924,-0.8700053950135924
-1.0183565364195493,-0.901855017471593,-0.901855017471593,-0.901855017471593,-0.901855017471593,-0.797640857572655,-0.797640857572655,-0.797640857572655,-0.7033676826920172,-0.7033676826920172,-0.7033676826920172,-0.7033676826920172,-0.7033676826920172,-0.7033676826920172,-0.7033676826920172,-0.7033676826920172,-0.7033676826920172,-0.6173030170247277,-0.6173030170247277,-0.6173030170247277,-0.6173030170247277,-0.6173030170247277,-0.6173030170247277,-0.6173030170247277,-0.6173030170247277,-0.6173030170247277,-0.6173030170247277,-0.6173030170247277,-0.6173030170247277,-0.6173030170247277,-0.6173030170247277,-0.6173030170247277,-0.6173030170247277,-0.6173030170247277,-0.6173030170247277,-0.6173030170247277,-0.6173030170247277,-1.0183565364195493,-1.0183565364195493,-1.0183565364195493,-1.0183565364195493,-1.0183565364195493,-1.0183565364195493,-1.0183565364195493,-1.0183565364195493,-1.0183565364195493,-1.0183565364195493,-1.0183565364195493,-1.0183565364195493,-1.0183565364195493,-1.0183565364195493,-1.0183565364195493,-1.0183565364195493,-1.0183565364195493,-1.0183565364195493,-0.901855017471593,-0.901855017471593,-0.901855017471593,-0.901855017471593,-0.901855017471593,-0.901855017471593,-0.901855017471593,-0.901855017471593,-0.6173030170247277,-0.538131199345661,-0.538131199345661,-0.538131199345661,-0.538131199345661,-0.538131199345661,-0.538131199345661,-0.538131199345661,-0.797640857572655,-0.7033676826920172,-0.7033676826920172,-0.7033676826920172,-0.7033676826920172,-0.7033676826920172,-0.7033676826920172,-0.7033676826920172,-0.7033676826920172,-0.6173030170247277,-0.538131199345661,-0.538131199345661,-0.538131199345661,-0.538131199345661,-0.538131199345661,-0.538131199345661,-0.538131199345661,-0.538131199345661,-0.538131199345661,-1.0183565364195493,-0.901855017471593,-0.901855017471593,-0.901855017471593,-0.797640857572655,-0.797640857572655,-0.797640857572655,-0.797640857572655,-0.797640857572655,-0.797640857572655,-0.797640857572655,-0.797640857572655,-0.797640857572655,-0.797640857572655,-0.797640857572655,-0.797640857572655,-0.797640857572655,-0.797640857572655,-0.797640857572655,-0.797640857572655,-0.901855017471593,-0.901855017471593,-0.901855017471593,-0.901855017471593,-0.901855017471593,-0.901855017471593,-0.901855017471593,-0.901855017471593,-0.901855017471593,-0.901855017471593,-0.901855017471593,-0.901855017471593,-0.901855017471593,-0.901855017471593,-0.797640857572655,-1.096933728981207,-1.096933728981207,-1.096933728981207,-1.096933728981207,-1.096933728981207,-1.096933728981207,-1.096933728981207,-1.096933728981207,-1.096933728981207,-1.096933728981207,-1.096933728981207,-1.096933728981207,-1.096933728981207,-1.096933728981207,-0.901855017471593,-0.901855017471593,-0.538131199345661,-0.538131199345661,-0.797640857572655,-0.6173030170247277,-0.538131199345661,-0.538131199345661,-0.538131199345661,-0.797640857572655,-0.797640857572655,-0.797640857572655,-0.797640857572655,-0.7033676826920172,-0.7033676826920172,-0.7033676826920172,-0.7033676826920172,-0.7033676826920172,-0.7033676826920172,-0.11203533773096849,-0.11203533773096849,-0.11203533773096849,-0.11203533773096849,-0.11203533773096849,-0.11203533773096849,-0.11203533773096849,-0.3965873381778338,-0.3965873381778338,-0.3965873381778338,-0.3965873381778338,-0.3965873381778338,-0.2727860098355923,-0.2727860098355923,-0.2727860098355923,0.25548548960086465,0.6218294938510074,0.6218294938510074,0.6451039720015455,0.6451039720015455,-0.4648295453855011,-0.4648295453855011,-0.797640857572655,-0.797640857572655,0.10868034111592541,0.10868034111592541,0.25548548960086465,0.6218294938510074,0.6218294938510074,0.6451039720015455,0.6451039720015455,-0.4648295453855011,-0.4648295453855011,-0.797640857572655,-0.797640857572655,-0.797640857572655,-0.797640857572655,-1.096933728981207,-1.096933728981207,-0.797640857572655,-0.797640857572655,0.1848040217649151,1.0688968763861773,1.0688968763861773,-0.017762162850330287,-0.017762162850330287,-0.017762162850330287,1.4497635791329209,-1.096933728981207,-1.096933728981207,-0.538131199345661,-0.538131199345661,1.4994785492426022,1.8197427204531835,1.8197427204531835,1.8197427204531835,1.4994785492426022,1.7767307402951829,1.7767307402951829,1.7767307402951829,1.4994785492426022,-1.096933728981207,-1.096933728981207,-1.0183565364195493,-1.0183565364195493,-1.0183565364195493,-1.096933728981207,-1.096933728981207,1.2591757019524048,1.2591757019524048,1.2591757019524048,1.1411274748183142,1.3421445288373728,1.2591757019524048,1.2591757019524048,1.3421445288373728,0.5979941312604431,1.4994785492426022,1.4994785492426022,1.2467337808773706,1.2467337808773706,1.2467337808773706,1.4994785492426022,1.4994785492426022,0.5735701821107184,0.5735701821107184,0.5735701821107184,0.10868034111592541,0.10868034111592541,0.10868034111592541,1.4497635791329209,-1.0183565364195493,-1.0183565364195493,-0.16277054484031625,-0.16277054484031625,-0.16277054484031625,-0.017762162850330287,-1.0183565364195493,-1.0183565364195493,-0.3965873381778338,-0.7033676826920172,-0.7033676826920172,-0.797640857572655,-0.797640857572655,-1.096933728981207,-1.096933728981207,-1.096933728981207,-1.096933728981207,-0.6173030170247277,-0.6173030170247277,0.2890181816638531,0.2890181816638531,-0.7033676826920172,-0.7033676826920172,-0.7033676826920172,0.41281951000609457,0.41281951000609457,-0.7033676826920172,-0.7033676826920172,-0.7033676826920172,-0.21624949762990653,0.10868034111592541,0.10868034111592541,0.10868034111592541,-0.7033676826920172,-0.7033676826920172,-0.7033676826920172,0.4693560222117804,0.4693560222117804,-0.7033676826920172,-0.7033676826920172,-0.7033676826920172,0.5979941312604431,0.5979941312604431,0.41281951000609457,0.41281951000609457,-0.7033676826920172,-0.7033676826920172,-0.7033676826920172,0.2890181816638531,0.2890181816638531,-0.7033676826920172,-0.7033676826920172,-0.7033676826920172,0.25548548960086465,0.25548548960086465,-0.7033676826920172,-0.7033676826920172,-0.7033676826920172,0.41281951000609457,0.41281951000609457,-0.7033676826920172,-0.7033676826920172,-0.7033676826920172,0.6900717010586743,0.6900717010586743,0.1848040217649151,0.1848040217649151,0.2207759744561858,0.2207759744561858,0.5735701821107184,0.5735701821107184,0.5735701821107184,0.5735701821107184,-0.3965873381778338,-0.3965873381778338,-0.3965873381778338,0.4414916533030797,0.4414916533030797,0.4414916533030797,0.5735701821107184,0.5735701821107184,0.5735701821107184,0.5735701821107184,-1.096933728981207,-1.096933728981207,-1.096933728981207,-1.096933728981207,-1.096933728981207,-1.096933728981207,-1.096933728981207,-1.0183565364195493,-1.0183565364195493,-1.0183565364195493,0.10868034111592541,0.2890181816638531,0.2890181816638531,0.5979941312604431,0.5979941312604431,-1.0183565364195493,-1.0183565364195493,0.14747432049602588,0.14747432049602588,0.2890181816638531,0.2890181816638531,-1.096933728981207,-1.096933728981207,0.6900717010586743,0.6900717010586743,0.5485278398908471,0.5485278398908471,0.3528545032638245,0.3528545032638245,-0.16277054484031625,-0.16277054484031625,-1.0183565364195493,-1.0183565364195493,-0.21624949762990653,-0.21624949762990653,0.026205950473936392,-0.6173030170247277,-1.0183565364195493,-1.0183565364195493,-0.3965873381778338,-0.11203533773096849,-0.11203533773096849,0.026205950473936392,0.026205950473936392,0.026205950473936392,0.026205950473936392,-0.2727860098355923,-0.2727860098355923,-0.2727860098355923,-0.2727860098355923,0.026205950473936392,0.026205950473936392,0.026205950473936392,0.026205950473936392,0.32145124083595084,0.32145124083595084,0.32145124083595084,0.32145124083595084,-0.0637760259906795,-0.0637760259906795,-0.0637760259906795,-0.0637760259906795,-0.0637760259906795,-0.0637760259906795,-0.0637760259906795,-0.0637760259906795,-0.0637760259906795,-0.0637760259906795,-0.4648295453855011,-0.4648295453855011,-0.11203533773096849,-0.017762162850330287,-0.797640857572655,-0.797640857572655,-0.797640857572655,-0.3327510165778624,0.06830250281695922,-0.4648295453855011,-0.4648295453855011,-0.4648295453855011,-0.4648295453855011,-0.4648295453855011,-0.4648295453855011,-0.3965873381778338,-0.3965873381778338,0.4693560222117804,0.6900717010586743,0.6900717010586743
-1.0,-1.0,-1.0,-1.0,-1.0,-1.0,-1.0,-1.0,-1.0,-1.0,-1.0,-1.0,-1.0,-1.0,-1.0,-1.0,-1.0,-1.0,-1.0,-1.0,-1.0,-1.0,-1.0,-1.0,-1.0,-1.0,-1.0,-1.0,-1.0,-1.0,-1.0,-1.0,-1.0,-1.0,-1.0,-1.0,-1.0,-1.0,-1.0,-1.0,-1.0,-1.0,-1.0,-1.0,-1.0,-1.0,-1.0,-1.0,-1.0,-1.0,-1.0,-1.0,-1.0,-1.0,-1.0,-1.0,-1.0,-1.0,-1.0,-1.0,-1.0,-1.0,-1.0,-1.0,-1.0,-1.0,-1.0,-1.0,-1.0,-1.0,-1.0,-1.0,-1.0,-1.0,-1.0,-1.0,-1.0,-1.0,-1.0,-1.0,-1.0,-1.0,-1.0,-1.0,-1.0,-1.0,-1.0,-1.0,-1.0,-1.0,-1.0,-1.0,-1.0,-1.0,-1.0,-1.0,-1.0,-1.0,-1.0,-1.0,-1.0,-1.0,-1.0,-1.0,-1.0,-1.0,-1.0,-1.0,-1.0,-1.0,-1.0,-1.0,-1.0,-1.0,-1.0,-1.0,-1.0,-1.0,-1.0,-1.0,-1.0,-1.0,-1.0,-1.0,-1.0,-1.0,-1.0,-1.0,-1.0,-1.0,-1.0,-1.0,-1.0,-1.0,-1.0,-1.0,-1.0,-1.0,-1.0,-1.0,-1.0,-1.0,-1.0,-1.0,-1.0,-1.0,-1.0,-1.0,-1.0,-1.0,-1.0,-1.0,-1.0,-1.0,-1.0,-1.0,-1.0,-1.0,-1.0,-1.0,-1.0,-1.0,-1.0,-1.0,-1.0,-1.0,-1.0,-1.0,-1.0,-1.0,-1.0,-1.0,-1.0,-1.0,1.0,1.0,1.0,1.0,-1.0,-1.0,-1.0,-1.0,1.0,1.0,-1.0,1.0,1.0,1.0,1.0,-1.0,-1.0,-1.0,-1.0,-1.0,-1.0,-1.0,-1.0,-1.0,-1.0,-1.0,1.0,1.0,-1.0,-1.0,-1.0,-1.0,-1.0,-1.0,-1.0,-1.0,1.0,1.0,1.0,1.0,1.0,1.0,1.0,1.0,1.0,-1.0,-1.0,-1.0,-1.0,-1.0,-1.0,-1.0,1.0,1.0,1.0,-1.0,-1.0,-1.0,-1.0,-1.0,1.0,1.0,1.0,1.0,1.0,1.0,1.0,1.0,1.0,1.0,1.0,1.0,1.0,1.0,-1.0,-1.0,-1.0,1.0,1.0,1.0,-1.0,-1.0,-1.0,-1.0,-1.0,-1.0,-1.0,-1.0,-1.0,-1.0,-1.0,-1.0,-1.0,-1.0,-1.0,-1.0,-1.0,-1.0,-1.0,-1.0,-1.0,-1.0,-1.0,-1.0,-1.0,1.0,1.0,1.0,-1.0,-1.0,-1.0,-1.0,-1.0,-1.0,-1.0,-1.0,1.0,1.0,-1.0,-1.0,-1.0,-1.0,-1.0,-1.0,-1.0,-1.0,-1.0,-1.0,-1.0,-1.0,-1.0,-1.0,-1.0,-1.0,-1.0,-1.0,-1.0,-1.0,1.0,1.0,-1.0,-1.0,-1.0,-1.0,1.0,1.0,1.0,1.0,1.0,1.0,1.0,1.0,1.0,1.0,1.0,1.0,1.0,1.0,-1.0,-1.0,-1.0,-1.0,-1.0,-1.0,-1.0,-1.0,-1.0,-1.0,-1.0,-1.0,-1.0,-1.0,-1.0,-1.0,-1.0,-1.0,-1.0,-1.0,-1.0,-1.0,-1.0,-1.0,-1.0,-1.0,-1.0,1.0,1.0,-1.0,-1.0,-1.0,-1.0,1.0,1.0,-1.0,-1.0,-1.0,-1.0,-1.0,-1.0,-1.0,1.0,1.0,1.0,1.0,1.0,1.0,1.0,1.0,1.0,1.0,1.0,1.0,1.0,1.0,1.0,1.0,-1.0,-1.0,-1.0,-1.0,-1.0,-1.0,-1.0,-1.0,-1.0,-1.0,-1.0,-1.0,-1.0,-1.0,-1.0,-1.0,-1.0,-1.0,-1.0,1.0,1.0,1.0,1.0,1.0,1.0,-1.0,-1.0,-1.0,-1.0,-1.0
-1.0,-1.0,-1.0,-1.0,-1.0,-1.0,-1.0,-1.0,-1.0,-1.0,-1.0,-1.0,-1.0,-1.0,-1.0,-1.0,-1.0,-1.0,-1.0,-1.0,-1.0,-1.0,-1.0,-1.0,-1.0,-1.0,-1.0,-1.0,-1.0,-1.0,-1.0,-1.0,-1.0,-1.0,-1.0,-1.0,-1.0,-1.0,-1.0,-1.0,-1.0,-1.0,-1.0,-1.0,-1.0,-1.0,-1.0,-1.0,-1.0,-1.0,-1.0,-1.0,-1.0,-1.0,-1.0,-1.0,-1.0,-1.0,-1.0,-1.0,-1.0,-1.0,-1.0,-1.0,-1.0,-1.0,-1.0,-1.0,-1.0,-1.0,-1.0,-1.0,-1.0,-1.0,-1.0,-1.0,-1.0,-1.0,-1.0,-1.0,-1.0,-1.0,-1.0,-1.0,-1.0,-1.0,-1.0,-1.0,-1.0,-1.0,-1.0,-1.0,-1.0,-1.0,-1.0,-1.0,-1.0,-1.0,-1.0,-1.0,-1.0,-1.0,-1.0,-1.0,-1.0,-1.0,-1.0,-1.0,-1.0,-1.0,-1.0,-1.0,-1.0,-1.0,-1.0,-1.0,-1.0,-1.0,-1.0,-1.0,-1.0,-1.0,-1.0,-1.0,-1.0,-1.0,-1.0,-1.0,-1.0,-1.0,-1.0,-1.0,-1.0,-1.0,-1.0,-1.0,-1.0,-1.0,-1.0,-1.0,-1.0,-1.0,-1.0,-1.0,-1.0,-1.0,-1.0,-1.0,-1.0,-1.0,-1.0,-1.0,-1.0,-1.0,-1.0,-1.0,-1.0,-1.0,-1.0,-1.0,-1.0,-1.0,-1.0,-1.0,-1.0,-1.0,-1.0,-1.0,-1.0,-1.0,-1.0,-1.0,-1.0,-1.0,-1.0,-1.0,-1.0,-1.0,-1.0,-1.0,-1.0,-1.0,1.0,1.0,-1.0,-1.0,-1.0,-1.0,-1.0,-1.0,-1.0,-1.0,-1.0,-1.0,-1.0,-1.0,-1.0,-1.0,-1.0,-1.0,-1.0,-1.0,-1.0,-1.0,-1.0,-1.0,-1.0,-1.0,-1.0,-1.0,-1.0,-1.0,-1.0,-1.0,-1.0,-1.0,-1.0,-1.0,-1.0,-1.0,-1.0,-1.0,-1.0,-1.0,-1.0,-1.0,-1.0,-1.0,-1.0,-1.0,-1.0,-1.0,-1.0,-1.0,-1.0,-1.0,-1.0,-1.0,-1.0,-1.0,-1.0,-1.0,-1.0,-1.0,-1.0,-1.0,-1.0,-1.0,-1.0,-1.0,-1.0,-1.0,-1.0,-1.0,-1.0,-1.0,-1.0,-1.0,-1.0,-1.0,-1.0,-1.0,-1.0,-1.0,-1.0,-1.0,-1.0,-1.0,-1.0,-1.0,-1.0,-1.0,-1.0,-1.0,-1.0,-1.0,-1.0,-1.0,-1.0,-1.0,-1.0,-1.0,-1.0,-1.0,-1.0,-1.0,-1.0,-1.0,-1.0,-1.0,-1.0,-1.0,-1.0,-1.0,-1.0,-1.0,-1.0,-1.0,-1.0,-1.0,-1.0,-1.0,-1.0,-1.0,-1.0,-1.0,-1.0,-1.0,-1.0,-1.0,-1.0,-1.0,-1.0,-1.0,-1.0,-1.0,-1.0,-1.0,-1.0,-1.0,-1.0,-1.0,-1.0,-1.0,-1.0,-1.0,-1.0,-1.0,-1.0,-1.0,-1.0,-1.0,-1.0,-1.0,-1.0,-1.0,-1.0,-1.0,-1.0,-1.0,-1.0,-1.0,-1.0,-1.0,-1.0,-1.0,-1.0,-1.0,-1.0,-1.0,-1.0,-1.0,-1.0,-1.0,-1.0,-1.0,-1.0,-1.0,-1.0,-1.0,-1.0,-1.0,-1.0,-1.0,-1.0,-1.0,-1.0,-1.0,-1.0,-1.0,-1.0,-1.0,-1.0,-1.0,-1.0,-1.0,-1.0,-1.0,-1.0,-1.0,-1.0,-1.0,-1.0,-1.0,-1.0,-1.0,-1.0,-1.0,-1.0,-1.0,-1.0,-1.0,-1.0,-1.0,-1.0,-1.0,-1.0,-1.0,-1.0,-1.0,-1.0,-1.0,-1.0,-1.0,-1.0,-1.0,-1.0,-1.0,-1.0,-1.0,-1.0,-1.0,-1.0,-1.0,-1.0,-1.0,-1.0,-1.0,-1.0,-1.0
-1.0,-1.0,-1.0,-1.0,-1.0,-1.0,-1.0,-1.0,-1.0,-1.0,-1.0,-1.0,-1.0,-1.0,-1.0,-1.0,-1.0,-1.0,-1.0,-1.0,-1.0,-1.0,-1.0,-1.0,-1.0,-1.0,-1.0,-1.0,-1.0,-1.0,-1.0,-1.0,-1.0,-1.0,-1.0,-1.0,-1.0,-1.0,-1.0,-1.0,-1.0,-1.0,-1.0,-1.0,-1.0,-1.0,-1.0,-1.0,-1.0,-1.0,-1.0,-1.0,-1.0,-1.0,-1.0,-1.0,-1.0,-1.0,-1.0,-1.0,-1.0,-1.0,-1.0,-1.0,-1.0,-1.0,-1.0,-1.0,-1.0,-1.0,-1.0,-1.0,-1.0,-1.0,-1.0,-1.0,-1.0,-1.0,-1.0,-1.0,-1.0,-1.0,-1.0,-1.0,-1.0,-1.0,-1.0,-1.0,-1.0,-1.0,-1.0,-1.0,-1.0,-1.0,-1.0,-1.0,-1.0,-1.0,-1.0,-1.0,-1.0,-1.0,-1.0,-1.0,-1.0,-1.0,-1.0,-1.0,-1.0,-1.0,-1.0,-1.0,-1.0,-1.0,-1.0,-1.0,-1.0,-1.0,-1.0,-1.0,-1.0,-1.0,-1.0,-1.0,-1.0,-1.0,-1.0,-1.0,-1.0,-1.0,-1.0,-1.0,-1.0,-1.0,-1.0,-1.0,-1.0,-1.0,-1.0,-1.0,-1.0,-1.0,-1.0,-1.0,-1.0,-1.0,-1.0,-1.0,-1.0,-1.0,-1.0,-1.0,-1.0,-1.0,-1.0,-1.0,-1.0,-1.0,-1.0,-1.0,-1.0,-1.0,-1.0,-1.0,-1.0,-1.0,-1.0,-1.0,-1.0,-1.0,-1.0,-1.0,-1.0,-1.0,-1.0,-1.0,-1.0,-1.0,-1.0,-1.0,-1.0,-1.0,-1.0,-1.0,-1.0,-1.0,-1.0,-1.0,-1.0,-1.0,-1.0,-1.0,-1.0,-1.0,-1.0,-1.0,-1.0,-1.0,-1.0,-1.0,-1.0,-1.0,-1.0,-1.0,-1.0,-1.0,-1.0,-1.0,-1.0,-1.0,-1.0,-1.0,-1.0,-1.0,-1.0,-1.0,-1.0,-1.0,-1.0,-1.0,-1.0,-1.0,-1.0,-1.0,-1.0,-1.0,-1.0,-1.0,-1.0,-1.0,-1.0,-1.0,-1.0,-1.0,-1.0,-1.0,-1.0,-1.0,-1.0,-1.0,-1.0,-1.0,-1.0,-1.0,-1.0,-1.0,-1.0,-1.0,-1.0,-1.0,-1.0,-1.0,-1.0,-1.0,-1.0,-1.0,-1.0,-1.0,-1.0,-1.0,-1.0,-1.0,-1.0,-1.0,-1.0,-1.0,-1.0,-1.0,-1.0,-1.0,-1.0,-1.0,-1.0,-1.0,-1.0,-1.0,-1.0,-1.0,-1.0,-1.0,-1.0,-1.0,-1.0,-1.0,-1.0,-1.0,-1.0,-1.0,-1.0,-1.0,-1.0,-1.0,-1.0,-1.0,-1.0,-1.0,-1.0,-1.0,-1.0,-1.0,-1.0,-1.0,-1.0,-1.0,-1.0,-1.0,-1.0,-1.0,-1.0,-1.0,-1.0,-1.0,-1.0,-1.0,-1.0,-1.0,-1.0,-1.0,-1.0,-1.0,-1.0,-1.0,-1.0,-1.0,-1.0,-1.0,-1.0,-1.0,-1.0,-1.0,-1.0,-1.0,-1.0,-1.0,-1.0,-1.0,-1.0,-1.0,-1.0,-1.0,-1.0,-1.0,-1.0,-1.0,-1.0,-1.0,-1.0,-1.0,-1.0,-1.0,-1.0,-1.0,-1.0,-1.0,-1.0,-1.0,-1.0,-1.0,-1.0,-1.0,-1.0,-1.0,-1.0,-1.0,-1.0,-1.0,-1.0,-1.0,-1.0,-1.0,-1.0,-1.0,-1.0,-1.0,-1.0,-1.0,-1.0,-1.0,-1.0,-1.0,-1.0,-1.0,-1.0,-1.0,-1.0,-1.0,-1.0,-1.0,-1.0,-1.0,1.0,1.0,1.0,1.0,1.0,1.0,1.0,1.0,1.0,1.0,-1.0,-1.0,-1.0,-1.0,-1.0,-1.0,-1.0,-1.0,-1.0,-1.0,-1.0,-1.0,-1.0,-1.0,-1.0,-1.0,-1.0,-1.0,-1.0,-1.0
-1.0,-1.0,-1.0,-1.0,-1.0,-1.0,-1.0,-1.0,-1.0,-1.0,-1.0,-1.0,-1.0,-1.0,-1.0,-1.0,-1.0,-1.0,-1.0,-1.0,-1.0,-1.0,-1.0,-1.0,-1.0,-1.0,-1.0,-1.0,-1.0,-1.0,-1.0,-1.0,-1.0,-1.0,-1.0,-1.0,-1.0,-1.0,-1.0,-1.0,-1.0,-1.0,-1.0,-1.0,-1.0,-1.0,-1.0,-1.0,-1.0,-1.0,-1.0,-1.0,-1.0,-1.0,-1.0,-1.0,-1.0,-1.0,-1.0,-1.0,-1.0,-1.0,-1.0,-1.0,-1.0,-1.0,-1.0,-1.0,-1.0,-1.0,-1.0,-1.0,-1.0,-1.0,-1.0,-1.0,-1.0,-1.0,-1.0,-1.0,-1.0,-1.0,-1.0,-1.0,-1.0,-1.0,-1.0,-1.0,-1.0,-1.0,-1.0,-1.0,-1.0,-1.0,-1.0,-1.0,-1.0,-1.0,-1.0,-1.0,-1.0,-1.0,-1.0,-1.0,-1.0,-1.0,-1.0,-1.0,-1.0,-1.0,-1.0,-1.0,-1.0,-1.0,-1.0,-1.0,-1.0,-1.0,-1.0,-1.0,-1.0,-1.0,-1.0,-1.0,-1.0,-1.0,-1.0,-1.0,-1.0,-1.0,-1.0,-1.0,-1.0,-1.0,-1.0,-1.0,-1.0,-1.0,-1.0,-1.0,-1.0,-1.0,-1.0,-1.0,-1.0,-1.0,-1.0,-1.0,-1.0,-1.0,-1.0,-1.0,-1.0,-1.0,-1.0,-1.0,-1.0,-1.0,-1.0,-1.0,-1.0,-1.0,-1.0,-1.0,-1.0,-1.0,-1.0,-1.0,-1.0,-1.0,-1.0,-1.0,-1.0,-1.0,-1.0,-1.0,-1.0,-1.0,-1.0,-1.0,-1.0,-1.0,-1.0,-1.0,-1.0,-1.0,-1.0,-1.0,-1.0,-1.0,-1.0,-1.0,-1.0,-1.0,-1.0,-1.0,-1.0,-1.0,-1.0,-1.0,-1.0,-1.0,-1.0,-1.0,-1.0,-1.0,-1.0,-1.0,-1.0,-1.0,-1.0,-1.0,-1.0,-1.0,-1.0,-1.0,-1.0,-1.0,-1.0,-1.0,-1.0,-1.0,-1.0,-1.0,-1.0,-1.0,-1.0,-1.0,-1.0,-1.0,-1.0,-1.0,-1.0,-1.0,-1.0,-1.0,-1.0,-1.0,-1.0,-1.0,-1.0,-1.0,-1.0,-1.0,-1.0,-1.0,-1.0,-1.0,-1.0,-1.0,-1.0,-1.0,-1.0,-1.0,-1.0,-1.0,-1.0,-1.0,-1.0,-1.0,-1.0,-1.0,-1.0,-1.0,-1.0,-1.0,-1.0,-1.0,-1.0,-1.0,-1.0,-1.0,-1.0,-1.0,-1.0,-1.0,-1.0,-1.0,-1.0,-1.0,-1.0,-1.0,-1.0,-1.0,-1.0,-1.0,-1.0,-1.0,-1.0,-1.0,-1.0,-1.0,-1.0,-1.0,-1.0,-1.0,-1.0,-1.0,-1.0,-1.0,-1.0,-1.0,-1.0,-1.0,-1.0,-1.0,-1.0,-1.0,-1.0,-1.0,-1.0,-1.0,-1.0,-1.0,-1.0,-1.0,-1.0,-1.0,-1.0,-1.0,-1.0,-1.0,-1.0,-1.0,-1.0,-1.0,-1.0,-1.0,-1.0,-1.0,-1.0,-1.0,-1.0,-1.0,-1.0,-1.0,-1.0,-1.0,-1.0,-1.0,-1.0,-1.0,-1.0,-1.0,-1.0,-1.0,-1.0,-1.0,-1.0,-1.0,-1.0,-1.0,-1.0,-1.0,-1.0,-1.0,-1.0,-1.0,-1.0,-1.0,-1.0,-1.0,-1.0,-1.0,-1.0,-1.0,-1.0,-1.0,-1.0,-1.0,-1.0,-1.0,-1.0,-1.0,-1.0,-1.0,-1.0,-1.0,-1.0,-1.0,-1.0,-1.0,-1.0,-1.0,-1.0,-1.0,-1.0,-1.0,-1.0,-1.0,-1.0,-1.0,-1.0,-1.0,-1.0,-1.0,-1.0,-1.0,-1.0,-1.0,-1.0,-1.0,-1.0,-1.0,-1.0,-1.0,-1.0,-1.0,-1.0,-1.0,-1.0,-1.0,-1.0,-1.0,-1.0,-1.0,-1.0,-1.0,-1.0,-1.0
-1.0,-1.0,-1.0,-1.0,-1.0,-1.0,-1.0,-1.0,-1.0,-1.0,-1.0,-1.0,-1.0,-1.0,-1.0,-1.0,-1.0,-1.0,-1.0,-1.0,-1.0,-1.0,-1.0,-1.0,-1.0,-1.0,-1.0,-1.0,-1.0,-1.0,-1.0,-1.0,-1.0,-1.0,-1.0,-1.0,-1.0,-1.0,-1.0,-1.0,-1.0,-1.0,-1.0,-1.0,-1.0,-1.0,-1.0,-1.0,-1.0,-1.0,-1.0,-1.0,-1.0,-1.0,-1.0,-1.0,-1.0,-1.0,-1.0,-1.0,-1.0,-1.0,-1.0,-1.0,-1.0,-1.0,-1.0,-1.0,-1.0,-1.0,-1.0,-1.0,-1.0,-1.0,-1.0,-1.0,-1.0,-1.0,-1.0,-1.0,-1.0,-1.0,-1.0,-1.0,-1.0,-1.0,-1.0,-1.0,-1.0,-1.0,-1.0,-1.0,-1.0,-1.0,-1.0,-1.0,-1.0,-1.0,-1.0,-1.0,-1.0,-1.0,-1.0,-1.0,-1.0,-1.0,-1.0,-1.0,-1.0,-1.0,-1.0,-1.0,-1.0,-1.0,-1.0,-1.0,-1.0,-1.0,-1.0,-1.0,-1.0,-1.0,-1.0,-1.0,-1.0,-1.0,-1.0,-1.0,-1.0,-1.0,-1.0,-1.0,-1.0,-1.0,-1.0,-1.0,-1.0,-1.0,-1.0,-1.0,-1.0,-1.0,-1.0,-1.0,-1.0,-1.0,-1.0,-1.0,-1.0,-1.0,-1.0,-1.0,-1.0,-1.0,-1.0,-1.0,-1.0,-1.0,-1.0,-1.0,-1.0,-1.0,-1.0,-1.0,-1.0,-1.0,-1.0,-1.0,-1.0,-1.0,-1.0,-1.0,-1.0,-1.0,-1.0,-1.0,-1.0,-1.0,-1.0,-1.0,-1.0,-1.0,-1.0,-1.0,-1.0,-1.0,-1.0,-1.0,-1.0,-1.0,-1.0,-1.0,-1.0,-1.0,-1.0,-1.0,-1.0,-1.0,-1.0,-1.0,-1.0,-1.0,-1.0,-1.0,-1.0,-1.0,-1.0,-1.0,-1.0,-1.0,-1.0,-1.0,-1.0,-1.0,-1.0,-1.0,-1.0,-1.0,-1.0,-1.0,-1.0,-1.0,-1.0,-1.0,-1.0,-1.0,-1.0,-1.0,-1.0,-1.0,-1.0,-1.0,-1.0,-1.0,-1.0,-1.0,-1.0,-1.0,-1.0,-1.0,-1.0,-1.0,-1.0,-1.0,-1.0,-1.0,-1.0,-1.0,-1.0,-1.0,-1.0,-1.0,-1.0,-1.0,-1.0,-1.0,-1.0,-1.0,-1.0,-1.0,-1.0,-1.0,-1.0,-1.0,-1.0,-1.0,-1.0,-1.0,-1.0,-1.0,-1.0,-1.0,-1.0,-1.0,-1.0,-1.0,-1.0,-1.0,-1.0,-1.0,-1.0,-1.0,-1.0,-1.0,-1.0,-1.0,-1.0,-1.0,-1.0,-1.0,-1.0,-1.0,-1.0,-1.0,-1.0,-1.0,-1.0,-1.0,-1.0,-1.0,-1.0,-1.0,-1.0,-1.0,-1.0,-1.0,-1.0,-1.0,-1.0,-1.0,-1.0,-1.0,-1.0,-1.0,-1.0,-1.0,-1.0,-1.0,-1.0,-1.0,-1.0,-1.0,-1.0,-1.0,-1.0,-1.0,-1.0,-1.0,-1.0,-1.0,-1.0,-1.0,-1.0,-1.0,-1.0,-1.0,-1.0,-1.0,-1.0,-1.0,-1.0,-1.0,-1.0,-1.0,-1.0,-1.0,-1.0,-1.0,-1.0,-1.0,-1.0,-1.0,-1.0,-1.0,-1.0,-1.0,-1.0,-1.0,-1.0,-1.0,-1.0,-1.0,-1.0,-1.0,-1.0,-1.0,-1.0,-1.0,-1.0,-1.0,-1.0,-1.0,-1.0,-1.0,-1.0,-1.0,-1.0,-1.0,-1.0,-1.0,-1.0,-1.0,-1.0,-1.0,-1.0,-1.0,-1.0,-1.0,-1.0,-1.0,-1.0,-1.0,-1.0,-1.0,-1.0,-1.0,-1.0,-1.0,-1.0,-1.0,-1.0,-1.0,-1.0,-1.0,-1.0,-1.0,-1.0,-1.0,-1.0,-1.0,-1.0,-1.0,-1.0,-1.0,-1.0,-1.0,-1.0,-1.0,-1.0,-1.0
-1.0,-1.0,-1.0,-1.0,-1.0,-1.0,-1.0,-1.0,-1.0,-1.0,-1.0,-1.0,-1.0,-1.0,-1.0,-1.0,-1.0,-1.0,-1.0,-1.0,-1.0,-1.0,-1.0,-1.0,-1.0,-1.0,-1.0,-1.0,-1.0,-1.0,-1.0,-1.0,-1.0,-1.0,-1.0,-1.0,-1.0,-1.0,-1.0,-1.0,-1.0,-1.0,-1.0,-1.0,-1.0,-1.0,-1.0,-1.0,-1.0,-1.0,-1.0,-1.0,-1.0,-1.0,-1.0,-1.0,-1.0,-1.0,-1.0,-1.0,-1.0,-1.0,-1.0,-1.0,-1.0,-1.0,-1.0,-1.0,-1.0,-1.0,-1.0,-1.0,-1.0,-1.0,-1.0,-1.0,-1.0,-1.0,-1.0,-1.0,-1.0,-1.0,-1.0,-1.0,-1.0,-1.0,-1.0,-1.0,-1.0,-1.0,-1.0,-1.0,-1.0,-1.0,-1.0,-1.0,-1.0,-1.0,-1.0,-1.0,-1.0,-1.0,-1.0,-1.0,-1.0,-1.0,-1.0,-1.0,-1.0,-1.0,-1.0,-1.0,-1.0,-1.0,-1.0,-1.0,-1.0,-1.0,-1.0,-1.0,-1.0,-1.0,-1.0,-1.0,-1.0,-1.0,-1.0,-1.0,-1.0,-1.0,-1.0,-1.0,-1.0,-1.0,-1.0,-1.0,-1.0,-1.0,-1.0,-1.0,-1.0,-1.0,-1.0,-1.0,-1.0,-1.0,-1.0,-1.0,-1.0,-1.0,-1.0,-1.0,-1.0,-1.0,-1.0,-1.0,-1.0,-1.0,-1.0,-1.0,-1.0,-1.0,-1.0,-1.0,-1.0,-1.0,-1.0,-1.0,-1.0,-1.0,-1.0,-1.0,-1.0,-1.0,-1.0,-1.0,-1.0,-1.0,-1.0,-1.0,-1.0,-1.0,-1.0,-1.0,-1.0,-1.0,-1.0,-1.0,-1.0,-1.0,-1.0,-1.0,-1.0,-1.0,-1.0,-1.0,-1.0,-1.0,-1.0,-1.0,-1.0,-1.0,-1.0,-1.0,-1.0,-1.0,-1.0,-1.0,-1.0,-1.0,-1.0,-1.0,-1.0,-1.0,-1.0,-1.0,-1.0,-1.0,-1.0,-1.0,-1.0,-1.0,-1.0,-1.0,-1.0,-1.0,-1.0,-1.0,-1.0,-1.0,-1.0,-1.0,-1.0,-1.0,-1.0,-1.0,-1.0,-1.0,-1.0,-1.0,-1.0,-1.0,-1.0,-1.0,-1.0,-1.0,-1.0,-1.0,-1.0,-1.0,-1.0,-1.0,-1.0,-1.0,-1.0,-1.0,-1.0,-1.0,-1.0,-1.0,-1.0,-1.0,-1.0,-1.0,-1.0,-1.0,-1.0,-1.0,-1.0,-1.0,-1.0,-1.0,-1.0,-1.0,-1.0,-1.0,-1.0,-1.0,-1.0,-1.0,-1.0,-1.0,-1.0,-1.0,-1.0,-1.0,-1.0,-1.0,-1.0,-1.0,-1.0,-1.0,-1.0,-1.0,-1.0,-1.0,-1.0,-1.0,-1.0,-1.0,-1.0,-1.0,-1.0,-1.0,-1.0,-1.0,-1.0,-1.0,-1.0,-1.0,-1.0,-1.0,-1.0,-1.0,-1.0,-1.0,-1.0,-1.0,-1.0,-1.0,-1.0,-1.0,-1.0,-1.0,-1.0,-1.0,-1.0,-1.0,-1.0,-1.0,-1.0,-1.0,-1.0,-1.0,-1.0,-1.0,-1.0,-1.0,-1.0,-1.0,-1.0,-1.0,-1.0,-1.0,-1.0,-1.0,-1.0,-1.0,-1.0,-1.0,-1.0,-1.0,-1.0,-1.0,-1.0,-1.0,-1.0,-1.0,-1.0,-1.0,-1.0,-1.0,-1.0,-1.0,-1.0,-1.0,-1.0,-1.0,-1.0,-1.0,-1.0,-1.0,-1.0,-1.0,-1.0,-1.0,-1.0,-1.0,-1.0,-1.0,-1.0,-1.0,-1.0,-1.0,-1.0,-1.0,-1.0,-1.0,-1.0,-1.0,-1.0,-1.0,-1.0,-1.0,-1.0,-1.0,-1.0,-1.0,-1.0,-1.0,-1.0,-1.0,-1.0,-1.0,-1.0,-1.0,-1.0,-1.0,-1.0,-1.0,-1.0,-1.0,-1.0,-1.0,-1.0,-1.0,-1.0,-1.0,-1.0,-1.0
-1.0,-1.0,-1.0,-1.0,-1.0,-1.0,-1.0,-1.0,-1.0,-1.0,-1.0,-1.0,-1.0,-1.0,-1.0,-1.0,-1.0,-1.0,-1.0,-1.0,-1.0,-1.0,-1.0,-1.0,-1.0,-1.0,-1.0,-1.0,-1.0,-1.0,-1.0,-1.0,-1.0,-1.0,-1.0,-1.0,-1.0,-1.0,-1.0,-1.0,-1.0,-1.0,-1.0,-1.0,-1.0,-1.0,-1.0,-1.0,-1.0,-1.0,-1.0,-1.0,-1.0,-1.0,-1.0,-1.0,-1.0,-1.0,-1.0,-1.0,-1.0,-1.0,-1.0,-1.0,-1.0,-1.0,-1.0,-1.0,-1.0,-1.0,-1.0,-1.0,-1.0,-1.0,-1.0,-1.0,-1.0,-1.0,-1.0,-1.0,-1.0,-1.0,-1.0,-1.0,-1.0,-1.0,-1.0,-1.0,-1.0,-1.0,-1.0,-1.0,-1.0,-1.0,-1.0,-1.0,-1.0,-1.0,-1.0,-1.0,-1.0,-1.0,-1.0,-1.0,-1.0,-1.0,-1.0,-1.0,-1.0,-1.0,-1.0,-1.0,-1.0,-1.0,-1.0,-1.0,-1.0,-1.0,-1.0,-1.0,-1.0,-1.0,-1.0,-1.0,-1.0,-1.0,-1.0,-1.0,-1.0,-1.0,-1.0,-1.0,-1.0,-1.0,-1.0,-1.0,-1.0,-1.0,-1.0,-1.0,-1.0,-1.0,-1.0,-1.0,-1.0,-1.0,-1.0,-1.0,-1.0,-1.0,-1.0,-1.0,-1.0,-1.0,-1.0,-1.0,-1.0,-1.0,1.0,1.0,1.0,1.0,1.0,1.0,1.0,-1.0,-1.0,-1.0,-1.0,-1.0,-1.0,-1.0,-1.0,-1.0,-1.0,-1.0,-1.0,-1.0,-1.0,-1.0,-1.0,-1.0,-1.0,-1.0,-1.0,-1.0,-1.0,-1.0,-1.0,-1.0,-1.0,-1.0,-1.0,-1.0,-1.0,-1.0,-1.0,-1.0,-1.0,-1.0,-1.0,-1.0,-1.0,-1.0,-1.0,1.0,-1.0,-1.0,-1.0,-1.0,1.0,-1.0,-1.0,-1.0,1.0,1.0,1.0,1.0,1.0,-1.0,-1.0,-1.0,-1.0,-1.0,-1.0,-1.0,-1.0,-1.0,-1.0,-1.0,-1.0,-1.0,-1.0,-1.0,-1.0,1.0,1.0,-1.0,-1.0,-1.0,1.0,1.0,-1.0,-1.0,-1.0,-1.0,-1.0,-1.0,1.0,-1.0,-1.0,-1.0,-1.0,-1.0,-1.0,-1.0,-1.0,-1.0,-1.0,-1.0,-1.0,-1.0,-1.0,-1.0,-1.0,-1.0,-1.0,-1.0,-1.0,-1.0,-1.0,-1.0,-1.0,-1.0,-1.0,-1.0,-1.0,-1.0,-1.0,-1.0,-1.0,-1.0,-1.0,-1.0,-1.0,-1.0,-1.0,-1.0,-1.0,-1.0,-1.0,-1.0,-1.0,-1.0,-1.0,-1.0,-1.0,-1.0,-1.0,-1.0,-1.0,-1.0,-1.0,-1.0,-1.0,-1.0,-1.0,-1.0,-1.0,-1.0,-1.0,-1.0,-1.0,-1.0,-1.0,-1.0,-1.0,-1.0,-1.0,-1.0,-1.0,-1.0,-1.0,-1.0,-1.0,-1.0,-1.0,-1.0,-1.0,-1.0,-1.0,-1.0,-1.0,-1.0,-1.0,-1.0,-1.0,-1.0,-1.0,-1.0,-1.0,-1.0,-1.0,-1.0,-1.0,-1.0,-1.0,-1.0,-1.0,-1.0,-1.0,-1.0,-1.0,-1.0,-1.0,-1.0,-1.0,-1.0,-1.0,-1.0,-1.0,-1.0,-1.0,-1.0,-1.0,-1.0,-1.0,-1.0,-1.0,-1.0,-1.0,-1.0,-1.0,-1.0,-1.0,-1.0,-1.0,-1.0,-1.0,-1.0,-1.0,-1.0,-1.0,-1.0,-1.0,-1.0,-1.0,-1.0,-1.0,-1.0,1.0,1.0,1.0,1.0,1.0,1.0,1.0,1.0,1.0,1.0,-1.0,-1.0,-1.0,-1.0,-1.0,-1.0,-1.0,-1.0,-1.0,-1.0,-1.0,-1.0,-1.0,-1.0,-1.0,-1.0,-1.0,-1.0,-1.0,-1.0
1.337810426714739,1.337810426714739,1.337810426714739,1.337810426714739,1.337810426714739,1.1964655677723288,1.1964655677723288,1.216724997554074,1.2103520802298287,1.2103520802298287,1.2103520802298287,1.2103520802298287,1.2103520802298287,1.2103520802298287,1.2103520802298287,1.2103520802298287,1.2103520802298287,1.1648312421995037,1.1606122376991321,1.1606122376991321,1.1606122376991321,1.1606122376991321,1.1606122376991321,1.1606122376991321,1.1606122376991321,1.1606122376991321,1.1606122376991321,1.1606122376991321,1.1606122376991321,1.1606122376991321,1.1606122376991321,1.1606122376991321,1.1606122376991321,1.1606122376991321,1.1606122376991321,1.1606122376991321,1.1606122376991321,1.337810426714739,1.337810426714739,1.337810426714739,1.337810426714739,1.337810426714739,1.337810426714739,1.337810426714739,1.337810426714739,1.337810426714739,1.337810426714739,1.337810426714739,1.337810426714739,1.337810426714739,1.337810426714739,1.337810426714739,1.337810426714739,1.337810426714739,1.337810426714739,1.337810426714739,1.337810426714739,1.337810426714739,1.337810426714739,1.337810426714739,1.337810426714739,1.337810426714739,1.337810426714739,1.0149159489529662,0.991852057684268,0.991852057684268,0.991852057684268,0.991852057684268,0.991852057684268,0.991852057684268,0.991852057684268,1.1648312421995037,1.1515251510829472,1.1515251510829472,1.1515251510829472,1.1515251510829472,1.1515251510829472,1.1515251510829472,1.1515251510829472,1.1515251510829472,1.203271060980667,1.1953569806433686,1.1953569806433686,1.1953569806433686,1.1953569806433686,1.1953569806433686,1.1953569806433686,1.1953569806433686,1.1953569806433686,1.1953569806433686,1.337810426714739,1.337810426714739,1.337810426714739,1.337810426714739,1.0583825132670508,1.0472053967291435,1.0472053967291435,1.0472053967291435,1.0472053967291435,1.0472053967291435,1.0472053967291435,1.0472053967291435,1.0472053967291435,1.0472053967291435,1.0472053967291435,1.0472053967291435,1.0472053967291435,1.0472053967291435,1.0472053967291435,1.0472053967291435,1.1176551009680757,1.1071715140277585,1.1071715140277585,1.1071715140277585,1.1071715140277585,1.1071715140277585,1.1071715140277585,1.1071715140277585,1.1071715140277585,1.1071715140277585,1.1071715140277585,1.1071715140277585,1.1071715140277585,1.1071715140277585,1.1964655677723288,1.337810426714739,1.337810426714739,1.337810426714739,1.337810426714739,1.337810426714739,1.337810426714739,1.337810426714739,1.337810426714739,1.337810426714739,1.337810426714739,1.337810426714739,1.337810426714739,1.337810426714739,1.337810426714739,1.337810426714739,1.337810426714739,1.337810426714739,1.337810426714739,1.1964655677723288,1.337810426714739,1.337810426714739,1.337810426714739,1.337810426714739,1.1964655677723288,1.1964655677723288,1.1964655677723288,1.1964655677723288,1.337810426714739,1.337810426714739,1.337810426714739,1.337810426714739,1.337810426714739,1.337810426714739,0.5672667866014172,0.5672667866014172,0.5672667866014172,0.5672667866014172,0.5672667866014172,0.5672667866014172,0.5672667866014172,0.645893688653797,0.645893688653797,0.645893688653797,0.645893688653797,0.645893688653797,0.6112978517507498,0.6112978517507498,0.6112978517507498,-0.6399182495761204,-0.80447024305087,-0.80447024305087,-0.814819425030414,-0.814819425030414,-0.1152147232132392,-0.1152147232132392,-0.007583230625981649,-0.007583230625981649,-0.54574069356227,-0.54574069356227,-0.6399182495761204,-0.80447024305087,-0.80447024305087,-0.814819425030414,-0.814819425030414,-0.1152147232132392,-0.1152147232132392,-0.007583230625981649,-0.007583230625981649,0.32876518370919866,0.32876518370919866,0.12695613510809048,0.12695613510809048,0.32876518370919866,0.32876518370919866,-0.3819536396251386,-0.6600991544362311,-0.6600991544362311,-0.5250423296031819,-0.5250423296031819,-0.5250423296031819,-0.781184583596896,1.337810426714739,1.337810426714739,0.4571891237280855,0.4571891237280855,-0.8157504933053903,-0.898906528614209,-0.898906528614209,-0.898906528614209,-0.8157504933053903,-0.9293210128891988,-0.9293210128891988,-0.9293210128891988,-0.8157504933053903,-1.0838981564985581,-1.0838981564985581,1.337810426714739,1.337810426714739,1.337810426714739,1.337810426714739,1.337810426714739,-0.3004042031060208,-0.3004042031060208,-0.3004042031060208,0.48308975028651663,0.4659953367579521,1.035096853813077,1.035096853813077,0.4659953367579521,0.16364868939920102,-0.8157504933053903,-0.8157504933053903,-0.9754634438173657,-0.9754634438173657,-0.9754634438173657,-0.8157504933053903,-0.8157504933053903,-0.45894110276609434,-0.45894110276609434,-0.45894110276609434,-0.17575743779357167,-0.17575743779357167,-0.17575743779357167,-0.781184583596896,-1.0838981564985581,-1.0838981564985581,-0.357385581534569,-0.357385581534569,-0.357385581534569,-0.47847101069523384,1.337810426714739,1.337810426714739,-0.21208306654177117,0.7323832809114148,0.7323832809114148,0.7323832809114148,0.7323832809114148,0.12695613510809048,0.12695613510809048,0.5305742323103066,0.5305742323103066,1.337810426714739,1.337810426714739,-0.423432179258568,-0.423432179258568,-0.27666196209412575,-0.27666196209412575,-0.27666196209412575,-0.34685641378146764,-0.34685641378146764,-0.27666196209412575,-0.27666196209412575,-0.27666196209412575,0.12695613510809048,0.01687847223475875,0.01687847223475875,0.01687847223475875,-0.27666196209412575,-0.27666196209412575,-0.27666196209412575,-0.47847101069523384,-0.47847101069523384,-0.27666196209412575,-0.27666196209412575,-0.27666196209412575,0.033813497292194496,0.033813497292194496,-0.3775664863946797,-0.3775664863946797,-0.27666196209412575,-0.27666196209412575,-0.27666196209412575,-0.27666196209412575,-0.27666196209412575,-0.27666196209412575,-0.27666196209412575,-0.27666196209412575,-0.23630015237390417,-0.23630015237390417,-0.27666196209412575,-0.27666196209412575,-0.27666196209412575,-0.4629472377259179,-0.4629472377259179,-0.27666196209412575,-0.27666196209412575,-0.27666196209412575,-0.3387570539713897,-0.3387570539713897,-0.6802800592963419,-0.6802800592963419,-0.6802800592963419,-0.6802800592963419,-0.7989912643558174,-0.7989912643558174,-0.7989912643558174,-0.7989912643558174,-0.27666196209412575,-0.27666196209412575,-0.27666196209412575,-0.6641353354082533,-0.6641353354082533,-0.6641353354082533,-0.7989912643558174,-0.7989912643558174,-0.7989912643558174,-0.7989912643558174,1.337810426714739,1.337810426714739,1.337810426714739,1.337810426714739,1.337810426714739,1.337810426714739,1.337810426714739,1.337810426714739,1.337810426714739,1.337810426714739,-0.4381092009750122,-0.5649606029528517,-0.5649606029528517,-0.629827797146065,-0.629827797146065,-0.47847101069523384,-0.47847101069523384,-0.5250423296031819,-0.5250423296031819,-0.20327685351190458,-0.20327685351190458,1.337810426714739,1.337810426714739,-0.371630926141706,-0.371630926141706,-0.27666196209412575,-0.27666196209412575,-0.4381092009750122,-0.4381092009750122,0.991852057684268,0.991852057684268,-1.0838981564985581,-1.0838981564985581,-0.27666196209412575,-0.27666196209412575,-0.47847101069523384,0.4296697080097526,1.337810426714739,1.337810426714739,-0.21208306654177117,0.12695613510809048,0.12695613510809048,-0.27666196209412575,-0.27666196209412575,-0.27666196209412575,-0.27666196209412575,0.677344449474749,0.677344449474749,0.677344449474749,0.677344449474749,-0.17575743779357167,-0.17575743779357167,-0.17575743779357167,-0.17575743779357167,-0.5073008747811064,-0.5073008747811064,-0.5073008747811064,-0.5073008747811064,0.6651135980443788,0.6651135980443788,0.6651135980443788,0.6651135980443788,0.6651135980443788,0.6651135980443788,0.6651135980443788,0.6651135980443788,0.6651135980443788,0.6651135980443788,0.3691269934294201,0.3691269934294201,-0.3794011141092353,-0.357385581534569,-0.6802800592963419,-0.6802800592963419,-0.6802800592963419,-0.6802800592963419,-0.4318996917872858,-0.17575743779357167,-0.17575743779357167,-0.17575743779357167,-0.17575743779357167,-0.17575743779357167,-0.17575743779357167,-0.1152147232132392,-0.1152147232132392,-0.6181849674190778,-0.6802800592963419,-0.6802800592963419
1.4516825767754173,1.4516825767754173,1.4516825767754173,1.4516825767754173,1.4516825767754173,1.190205907991333,1.190205907991333,1.2267191073818706,1.2151984978618227,1.2151984978618227,1.2151984978618227,1.2151984978618227,1.2151984978618227,1.2151984978618227,1.2151984978618227,1.2151984978618227,1.2151984978618227,1.1338378005521959,1.1263796145809324,1.1263796145809324,1.1263796145809324,1.1263796145809324,1.1263796145809324,1.1263796145809324,1.1263796145809324,1.1263796145809324,1.1263796145809324,1.1263796145809324,1.1263796145809324,1.1263796145809324,1.1263796145809324,1.1263796145809324,1.1263796145809324,1.1263796145809324,1.1263796145809324,1.1263796145809324,1.1263796145809324,1.4516825767754173,1.4516825767754173,1.4516825767754173,1.4516825767754173,1.4516825767754173,1.4516825767754173,1.4516825767754173,1.4516825767754173,1.4516825767754173,1.4516825767754173,1.4516825767754173,1.4516825767754173,1.4516825767754173,1.4516825767754173,1.4516825767754173,1.4516825767754173,1.4516825767754173,1.4516825767754173,1.4516825767754173,1.4516825767754173,1.4516825767754173,1.4516825767754173,1.4516825767754173,1.4516825767754173,1.4516825767754173,1.4516825767754173,0.8774168543349103,0.8395370818269903,0.8395370818269903,0.8395370818269903,0.8395370818269903,0.8395370818269903,0.8395370818269903,0.8395370818269903,1.1338378005521959,1.110363400029026,1.110363400029026,1.110363400029026,1.110363400029026,1.110363400029026,1.110363400029026,1.110363400029026,1.110363400029026,1.2024353014106137,1.1882172413131853,1.1882172413131853,1.1882172413131853,1.1882172413131853,1.1882172413131853,1.1882172413131853,1.1882172413131853,1.1882172413131853,1.1882172413131853,1.4516825767754173,1.4516825767754173,1.4516825767754173,1.4516825767754173,0.9499433869582212,0.9311517183632719,0.9311517183632719,0.9311517183632719,0.9311517183632719,0.9311517183632719,0.9311517183632719,0.9311517183632719,0.9311517183632719,0.9311517183632719,0.9311517183632719,0.9311517183632719,0.9311517183632719,0.9311517183632719,0.9311517183632719,0.9311517183632719,1.0512390203215511,1.033121554588459,1.033121554588459,1.033121554588459,1.033121554588459,1.033121554588459,1.033121554588459,1.033121554588459,1.033121554588459,1.033121554588459,1.033121554588459,1.033121554588459,1.033121554588459,1.033121554588459,1.190205907991333,1.4516825767754173,1.4516825767754173,1.4516825767754173,1.4516825767754173,1.4516825767754173,1.4516825767754173,1.4516825767754173,1.4516825767754173,1.4516825767754173,1.4516825767754173,1.4516825767754173,1.4516825767754173,1.4516825767754173,1.4516825767754173,1.4516825767754173,1.4516825767754173,1.4516825767754173,1.4516825767754173,1.190205907991333,1.4516825767754173,1.4516825767754173,1.4516825767754173,1.4516825767754173,1.190205907991333,1.190205907991333,1.190205907991333,1.190205907991333,1.4516825767754173,1.4516825767754173,1.4516825767754173,1.4516825767754173,1.4516825767754173,1.4516825767754173,0.21698161104266347,0.21698161104266347,0.21698161104266347,0.21698161104266347,0.21698161104266347,0.21698161104266347,0.21698161104266347,0.32156781687062913,0.32156781687062913,0.32156781687062913,0.32156781687062913,0.32156781687062913,0.27495058302455644,0.27495058302455644,0.27495058302455644,-0.7780835486381147,-0.8249163321230168,-0.8249163321230168,-0.8271496551313574,-0.8271496551313574,-0.4864642364612945,-0.4864642364612945,-0.3998686116488372,-0.3998686116488372,-0.7416934464348534,-0.7416934464348534,-0.7780835486381147,-0.8249163321230168,-0.8249163321230168,-0.8271496551313574,-0.8271496551313574,-0.4864642364612945,-0.4864642364612945,-0.3998686116488372,-0.3998686116488372,-0.07050614063106092,-0.07050614063106092,-0.2788056493287897,-0.2788056493287897,-0.07050614063106092,-0.07050614063106092,-0.6617835449190298,-0.7849734554642703,-0.7849734554642703,-0.732760154401491,-0.732760154401491,-0.732760154401491,-0.8195832199863545,1.4516825767754173,1.4516825767754173,0.07873324036216214,0.07873324036216214,-0.8273464448904915,-0.8421712543162898,-0.8421712543162898,-0.8421712543162898,-0.8273464448904915,-0.8462344882188519,-0.8462344882188519,-0.8462344882188519,-0.8273464448904915,-0.8556350580301921,-0.8556350580301921,1.4516825767754173,1.4516825767754173,1.4516825767754173,1.4516825767754173,1.4516825767754173,-0.6141251671898126,-0.6141251671898126,-0.6141251671898126,0.11040450533132616,0.08944224518618563,0.9109050061178527,0.9109050061178527,0.08944224518618563,-0.24331660398168783,-0.8273464448904915,-0.8273464448904915,-0.8510091148995951,-0.8510091148995951,-0.8510091148995951,-0.8273464448904915,-0.8273464448904915,-0.7019739460348133,-0.7019739460348133,-0.7019739460348133,-0.5311685156356533,-0.5311685156356533,-0.5311685156356533,-0.8195832199863545,-0.8556350580301921,-0.8556350580301921,-0.6479764708976872,-0.6479764708976872,-0.6479764708976872,-0.7114277058548415,1.4516825767754173,1.4516825767754173,-0.5566066925593851,0.4422311115479633,0.4422311115479633,0.4422311115479633,0.4422311115479633,-0.2788056493287897,-0.2788056493287897,0.16983944632785655,0.16983944632785655,1.4516825767754173,1.4516825767754173,-0.6840163909785353,-0.6840163909785353,-0.59926643194068,-0.59926643194068,-0.59926643194068,-0.6419137648251356,-0.6419137648251356,-0.59926643194068,-0.59926643194068,-0.59926643194068,-0.2788056493287897,-0.3789165384422563,-0.3789165384422563,-0.3789165384422563,-0.59926643194068,-0.59926643194068,-0.59926643194068,-0.7114277058548415,-0.7114277058548415,-0.59926643194068,-0.59926643194068,-0.59926643194068,-0.3641354435153876,-0.3641354435153876,-0.6593528286804093,-0.6593528286804093,-0.59926643194068,-0.59926643194068,-0.59926643194068,-0.59926643194068,-0.59926643194068,-0.59926643194068,-0.59926643194068,-0.59926643194068,-0.5729886477665049,-0.5729886477665049,-0.59926643194068,-0.59926643194068,-0.59926643194068,-0.7039376461429069,-0.7039376461429069,-0.59926643194068,-0.59926643194068,-0.59926643194068,-0.6371907849125014,-0.6371907849125014,-0.791542901507814,-0.791542901507814,-0.791542901507814,-0.791542901507814,-0.8236998658529519,-0.8236998658529519,-0.8236998658529519,-0.8236998658529519,-0.59926643194068,-0.59926643194068,-0.59926643194068,-0.786312981535588,-0.786312981535588,-0.786312981535588,-0.8236998658529519,-0.8236998658529519,-0.8236998658529519,-0.8236998658529519,1.4516825767754173,1.4516825767754173,1.4516825767754173,1.4516825767754173,1.4516825767754173,1.4516825767754173,1.4516825767754173,1.4516825767754173,1.4516825767754173,1.4516825767754173,-0.6915591373329043,-0.7496867992891182,-0.7496867992891182,-0.7745184224315574,-0.7745184224315574,-0.7114277058548415,-0.7114277058548415,-0.732760154401491,-0.732760154401491,-0.5505352054939131,-0.5505352054939131,1.4516825767754173,1.4516825767754173,-0.6560401069224404,-0.6560401069224404,-0.59926643194068,-0.59926643194068,-0.6915591373329043,-0.6915591373329043,0.8395370818269903,0.8395370818269903,-0.8556350580301921,-0.8556350580301921,-0.59926643194068,-0.59926643194068,-0.7114277058548415,0.045660893065749136,1.4516825767754173,1.4516825767754173,-0.5566066925593851,-0.2788056493287897,-0.2788056493287897,-0.59926643194068,-0.59926643194068,-0.59926643194068,-0.59926643194068,0.36476435211492375,0.36476435211492375,0.36476435211492375,0.36476435211492375,-0.5311685156356533,-0.5311685156356533,-0.5311685156356533,-0.5311685156356533,-0.7248347385967676,-0.7248347385967676,-0.7248347385967676,-0.7248347385967676,0.34787321444557334,0.34787321444557334,0.34787321444557334,0.34787321444557334,0.34787321444557334,0.34787321444557334,0.34787321444557334,0.34787321444557334,0.34787321444557334,0.34787321444557334,-0.02500070950017269,-0.02500070950017269,-0.6603711524069736,-0.6479764708976872,-0.791542901507814,-0.791542901507814,-0.791542901507814,-0.791542901507814,-0.6883886614244601,-0.5311685156356533,-0.5311685156356533,-0.5311685156356533,-0.5311685156356533,-0.5311685156356533,-0.5311685156356533,-0.4864642364612945,-0.4864642364612945,-0.7703052638435941,-0.791542901507814,-0.791542901507814
1.4965912411460476,1.4965912411460476,1.4965912411460476,1.4965912411460476,1.4965912411460476,1.1217914279519565,1.1217914279519565,1.1727665290236622,1.1566342541902501,1.1566342541902501,1.1566342541902501,1.1566342541902501,1.1566342541902501,1.1566342541902501,1.1566342541902501,1.1566342541902501,1.1566342541902501,1.0439881143023126,1.0337754452145795,1.0337754452145795,1.0337754452145795,1.0337754452145795,1.0337754452145795,1.0337754452145795,1.0337754452145795,1.0337754452145795,1.0337754452145795,1.0337754452145795,1.0337754452145795,1.0337754452145795,1.0337754452145795,1.0337754452145795,1.0337754452145795,1.0337754452145795,1.0337754452145795,1.0337754452145795,1.0337754452145795,1.4965912411460476,1.4965912411460476,1.4965912411460476,1.4965912411460476,1.4965912411460476,1.4965912411460476,1.4965912411460476,1.4965912411460476,1.4965912411460476,1.4965912411460476,1.4965912411460476,1.4965912411460476,1.4965912411460476,1.4965912411460476,1.4965912411460476,1.4965912411460476,1.4965912411460476,1.4965912411460476,1.4965912411460476,1.4965912411460476,1.4965912411460476,1.4965912411460476,1.4965912411460476,1.4965912411460476,1.4965912411460476,1.4965912411460476,0.7041157421902631,0.6559243730048503,0.6559243730048503,0.6559243730048503,0.6559243730048503,0.6559243730048503,0.6559243730048503,0.6559243730048503,1.0439881143023126,1.0119089898396139,1.0119089898396139,1.0119089898396139,1.0119089898396139,1.0119089898396139,1.0119089898396139,1.0119089898396139,1.0119089898396139,1.1388143164205797,1.119028071720763,1.119028071720763,1.119028071720763,1.119028071720763,1.119028071720763,1.119028071720763,1.119028071720763,1.119028071720763,1.119028071720763,1.4965912411460476,1.4965912411460476,1.4965912411460476,1.4965912411460476,0.7978582194732057,0.7733853662789548,0.7733853662789548,0.7733853662789548,0.7733853662789548,0.7733853662789548,0.7733853662789548,0.7733853662789548,0.7733853662789548,0.7733853662789548,0.7733853662789548,0.7733853662789548,0.7733853662789548,0.7733853662789548,0.7733853662789548,0.7733853662789548,0.9319608256708879,0.9077076548890761,0.9077076548890761,0.9077076548890761,0.9077076548890761,0.9077076548890761,0.9077076548890761,0.9077076548890761,0.9077076548890761,0.9077076548890761,0.9077076548890761,0.9077076548890761,0.9077076548890761,0.9077076548890761,1.1217914279519565,1.4965912411460476,1.4965912411460476,1.4965912411460476,1.4965912411460476,1.4965912411460476,1.4965912411460476,1.4965912411460476,1.4965912411460476,1.4965912411460476,1.4965912411460476,1.4965912411460476,1.4965912411460476,1.4965912411460476,1.4965912411460476,1.4965912411460476,1.4965912411460476,1.4965912411460476,1.4965912411460476,1.1217914279519565,1.4965912411460476,1.4965912411460476,1.4965912411460476,1.4965912411460476,1.1217914279519565,1.1217914279519565,1.1217914279519565,1.1217914279519565,1.4965912411460476,1.4965912411460476,1.4965912411460476,1.4965912411460476,1.4965912411460476,1.4965912411460476,-0.054223340330853964,-0.054223340330853964,-0.054223340330853964,-0.054223340330853964,-0.054223340330853964,-0.054223340330853964,-0.054223340330853964,0.05355677457296914,0.05355677457296914,0.05355677457296914,0.05355677457296914,0.05355677457296914,0.00489738758315832,0.00489738758315832,0.00489738758315832,-0.7598805713186618,-0.7703833932293824,-0.7703833932293824,-0.7707567562436405,-0.7707567562436405,-0.62856164612163,-0.62856164612163,-0.5745439487772251,-0.5745439487772251,-0.7489553331918166,-0.7489553331918166,-0.7598805713186618,-0.7703833932293824,-0.7703833932293824,-0.7707567562436405,-0.7707567562436405,-0.62856164612163,-0.62856164612163,-0.5745439487772251,-0.5745439487772251,-0.32319495310162105,-0.32319495310162105,-0.49006343445140743,-0.49006343445140743,-0.32319495310162105,-0.32319495310162105,-0.7185799141423779,-0.7617029853630095,-0.7617029853630095,-0.7459684290777524,-0.7459684290777524,-0.7459684290777524,-0.7694367482072996,1.4965912411460476,1.4965912411460476,-0.18877084492482127,-0.18877084492482127,-0.7707889748387144,-0.7728591883982963,-0.7728591883982963,-0.7728591883982963,-0.7707889748387144,-0.7732807933556766,-0.7732807933556766,-0.7732807933556766,-0.7707889748387144,-0.7738712452510439,-0.7738712452510439,1.4965912411460476,1.4965912411460476,1.4965912411460476,1.4965912411460476,1.4965912411460476,-0.6969837638396219,-0.6969837638396219,-0.6969837638396219,-0.15877139395966813,-0.1786831272169646,0.7471612407532576,0.7471612407532576,-0.1786831272169646,-0.46347298730884195,-0.7707889748387144,-0.7707889748387144,-0.7736674220176916,-0.7736674220176916,-0.7736674220176916,-0.7707889748387144,-0.7707889748387144,-0.7348501720062616,-0.7348501720062616,-0.7348501720062616,-0.6541398250699473,-0.6541398250699473,-0.6541398250699473,-0.7694367482072996,-0.7738712452510439,-0.7738712452510439,-0.7125687581183223,-0.7125687581183223,-0.7125687581183223,-0.7383952689010893,1.4965912411460476,1.4965912411460476,-0.6679405474857012,0.1839801161977291,0.1839801161977291,0.1839801161977291,0.1839801161977291,-0.49006343445140743,-0.49006343445140743,-0.10114161965190568,-0.10114161965190568,1.4965912411460476,1.4965912411460476,-0.7278137793361517,-0.7278137793361517,-0.6897800420511516,-0.6897800420511516,-0.6897800420511516,-0.7098646180763746,-0.7098646180763746,-0.6897800420511516,-0.6897800420511516,-0.6897800420511516,-0.49006343445140743,-0.5606422363858024,-0.5606422363858024,-0.5606422363858024,-0.6897800420511516,-0.6897800420511516,-0.6897800420511516,-0.7383952689010893,-0.7383952689010893,-0.6897800420511516,-0.6897800420511516,-0.6897800420511516,-0.5506487158647116,-0.5506487158647116,-0.7175367087323661,-0.7175367087323661,-0.6897800420511516,-0.6897800420511516,-0.6897800420511516,-0.6897800420511516,-0.6897800420511516,-0.6897800420511516,-0.6897800420511516,-0.6897800420511516,-0.6765251661467686,-0.6765251661467686,-0.6897800420511516,-0.6897800420511516,-0.6897800420511516,-0.7355957772492723,-0.7355957772492723,-0.6897800420511516,-0.6897800420511516,-0.6897800420511516,-0.7077312365439825,-0.7077312365439825,-0.7633598448510573,-0.7633598448510573,-0.7633598448510573,-0.7633598448510573,-0.7701741762725832,-0.7701741762725832,-0.7701741762725832,-0.7701741762725832,-0.6897800420511516,-0.6897800420511516,-0.6897800420511516,-0.7620473493515134,-0.7620473493515134,-0.7620473493515134,-0.7701741762725832,-0.7701741762725832,-0.7701741762725832,-0.7701741762725832,1.4965912411460476,1.4965912411460476,1.4965912411460476,1.4965912411460476,1.4965912411460476,1.4965912411460476,1.4965912411460476,1.4965912411460476,1.4965912411460476,1.4965912411460476,-0.730816549212699,-0.7515306887157955,-0.7515306887157955,-0.7589048177284068,-0.7589048177284068,-0.7383952689010893,-0.7383952689010893,-0.7459684290777524,-0.7459684290777524,-0.6646979927120402,-0.6646979927120402,1.4965912411460476,1.4965912411460476,-0.7161045424625977,-0.7161045424625977,-0.6897800420511516,-0.6897800420511516,-0.730816549212699,-0.730816549212699,0.6559243730048503,0.6559243730048503,-0.7738712452510439,-0.7738712452510439,-0.6897800420511516,-0.6897800420511516,-0.7383952689010893,-0.21955911478300397,1.4965912411460476,1.4965912411460476,-0.6679405474857012,-0.49006343445140743,-0.49006343445140743,-0.6897800420511516,-0.6897800420511516,-0.6897800420511516,-0.6897800420511516,0.09951477506098536,0.09951477506098536,0.09951477506098536,0.09951477506098536,-0.6541398250699473,-0.6541398250699473,-0.6541398250699473,-0.6541398250699473,-0.7432257630353397,-0.7432257630353397,-0.7432257630353397,-0.7432257630353397,0.08144529840711971,0.08144529840711971,0.08144529840711971,0.08144529840711971,0.08144529840711971,0.08144529840711971,0.08144529840711971,0.08144529840711971,0.08144529840711971,0.08144529840711971,-0.2834513481892721,-0.2834513481892721,-0.7179745399510741,-0.7125687581183223,-0.7633598448510573,-0.7633598448510573,-0.7633598448510573,-0.7633598448510573,-0.729562606605493,-0.6541398250699473,-0.6541398250699473,-0.6541398250699473,-0.6541398250699473,-0.6541398250699473,-0.6541398250699473,-0.62856164612163,-0.62856164612163,-0.7577237821877965,-0.7633598448510573,-0.7633598448510573
1.0,-1.0,-1.0,-1.0,-1.0,-1.0,-1.0,-1.0,-1.0,-1.0,-1.0,-1.0,-1.0,-1.0,-1.0,-1.0,-1.0,-1.0,-1.0,-1.0,-1.0,-1.0,-1.0,-1.0,-1.0,-1.0,-1.0,-1.0,-1.0,-1.0,-1.0,-1.0,-1.0,-1.0,-1.0,-1.0,-1.0,-1.0,-1.0,-1.0,-1.0,-1.0,-1.0,-1.0,-1.0,-1.0,-1.0,-1.0,-1.0,-1.0,-1.0,-1.0,-1.0,-1.0,-1.0,-1.0,-1.0,-1.0,-1.0,-1.0,-1.0,-1.0,-1.0,-1.0,-1.0,-1.0,-1.0,-1.0,-1.0,-1.0,-1.0,-1.0,-1.0,-1.0,-1.0,-1.0,-1.0,-1.0,-1.0,-1.0,-1.0,-1.0,-1.0,-1.0,-1.0,-1.0,-1.0,-1.0,-1.0,-1.0,-1.0,-1.0,-1.0,-1.0,-1.0,-1.0,-1.0,-1.0,-1.0,-1.0,-1.0,-1.0,-1.0,-1.0,-1.0,-1.0,-1.0,-1.0,-1.0,-1.0,-1.0,-1.0,-1.0,-1.0,-1.0,-1.0,-1.0,-1.0,-1.0,-1.0,-1.0,-1.0,-1.0,-1.0,-1.0,-1.0,-1.0,-1.0,-1.0,-1.0,-1.0,-1.0,-1.0,-1.0,-1.0,-1.0,-1.0,-1.0,-1.0,-1.0,-1.0,-1.0,-1.0,-1.0,-1.0,-1.0,-1.0,-1.0,-1.0,-1.0,-1.0,-1.0,-1.0,-1.0,-1.0,-1.0,-1.0,-1.0,-1.0,-1.0,-1.0,-1.0,-1.0,-1.0,-1.0,-1.0,-1.0,-1.0,-1.0,-1.0,-1.0,-1.0,-1.0,1.0,-1.0,-1.0,-1.0,-1.0,1.0,1.0,1.0,1.0,-1.0,-1.0,1.0,-1.0,-1.0,-1.0,-1.0,1.0,1.0,1.0,1.0,-1.0,-1.0,-1.0,-1.0,-1.0,-1.0,-1.0,-1.0,-1.0,-1.0,-1.0,-1.0,-1.0,-1.0,-1.0,-1.0,-1.0,-1.0,-1.0,-1.0,-1.0,-1.0,-1.0,-1.0,-1.0,-1.0,-1.0,-1.0,-1.0,-1.0,-1.0,-1.0,-1.0,-1.0,-1.0,-1.0,-1.0,-1.0,-1.0,-1.0,-1.0,-1.0,-1.0,-1.0,-1.0,-1.0,-1.0,-1.0,-1.0,-1.0,-1.0,-1.0,-1.0,-1.0,-1.0,-1.0,-1.0,-1.0,-1.0,-1.0,-1.0,1.0,-1.0,-1.0,1.0,-1.0,-1.0,-1.0,-1.0,-1.0,-1.0,-1.0,-1.0,-1.0,-1.0,-1.0,-1.0,-1.0,-1.0,-1.0,-1.0,-1.0,-1.0,-1.0,-1.0,-1.0,-1.0,-1.0,-1.0,-1.0,-1.0,-1.0,-1.0,-1.0,-1.0,-1.0,-1.0,-1.0,-1.0,-1.0,-1.0,-1.0,-1.0,-1.0,-1.0,-1.0,-1.0,-1.0,-1.0,-1.0,-1.0,-1.0,-1.0,-1.0,-1.0,-1.0,-1.0,-1.0,-1.0,-1.0,-1.0,-1.0,-1.0,-1.0,-1.0,-1.0,-1.0,-1.0,-1.0,-1.0,-1.0,-1.0,-1.0,-1.0,-1.0,-1.0,-1.0,-1.0,-1.0,-1.0,-1.0,-1.0,-1.0,-1.0,-1.0,-1.0,-1.0,-1.0,-1.0,-1.0,-1.0,-1.0,-1.0,-1.0,-1.0,-1.0,-1.0,-1.0,-1.0,-1.0,-1.0,-1.0,-1.0,-1.0,-1.0,-1.0,-1.0,-1.0,-1.0,-1.0,-1.0,-1.0,-1.0,-1.0,1.0,1.0,-1.0,-1.0,1.0,-1.0,-1.0,-1.0,-1.0,-1.0,-1.0,-1.0,-1.0,-1.0,-1.0,-1.0,-1.0,-1.0,-1.0,-1.0,-1.0,-1.0,-1.0,-1.0,-1.0,-1.0,-1.0,-1.0,-1.0,-1.0,-1.0,-1.0,-1.0,-1.0,-1.0,1.0,-1.0,-1.0,-1.0,-1.0,-1.0,1.0,1.0,1.0,1.0,1.0,1.0,1.0,-1.0,-1.0,-1.0,-1.0,-1.0
-1.0,-1.0,-1.0,-1.0,-1.0,-1.0,-1.0,-1.0,-1.0,-1.0,-1.0,-1.0,-1.0,-1.0,-1.0,-1.0,-1.0,-1.0,-1.0,-1.0,-1.0,-1.0,-1.0,-1.0,-1.0,-1.0,-1.0,-1.0,-1.0,-1.0,-1.0,-1.0,-1.0,-1.0,-1.0,-1.0,-1.0,-1.0,-1.0,-1.0,-1.0,-1.0,-1.0,-1.0,-1.0,-1.0,-1.0,-1.0,-1.0,-1.0,-1.0,-1.0,-1.0,-1.0,-1.0,-1.0,-1.0,-1.0,-1.0,-1.0,-1.0,-1.0,-1.0,-1.0,-1.0,-1.0,-1.0,-1.0,-1.0,-1.0,-1.0,-1.0,-1.0,-1.0,-1.0,-1.0,-1.0,-1.0,-1.0,-1.0,-1.0,-1.0,-1.0,-1.0,-1.0,-1.0,-1.0,-1.0,-1.0,-1.0,-1.0,-1.0,-1.0,-1.0,-1.0,-1.0,-1.0,-1.0,-1.0,-1.0,-1.0,-1.0,-1.0,-1.0,-1.0,-1.0,-1.0,-1.0,-1.0,-1.0,-1.0,-1.0,-1.0,-1.0,-1.0,-1.0,-1.0,-1.0,-1.0,-1.0,-1.0,-1.0,-1.0,-1.0,-1.0,-1.0,-1.0,-1.0,-1.0,-1.0,-1.0,-1.0,-1.0,-1.0,-1.0,-1.0,-1.0,-1.0,-1.0,-1.0,-1.0,-1.0,-1.0,-1.0,-1.0,-1.0,-1.0,-1.0,-1.0,-1.0,-1.0,-1.0,-1.0,-1.0,-1.0,-1.0,-1.0,-1.0,-1.0,-1.0,-1.0,-1.0,-1.0,-1.0,-1.0,-1.0,-1.0,-1.0,-1.0,-1.0,-1.0,-1.0,-1.0,-1.0,-1.0,-1.0,-1.0,-1.0,-1.0,-1.0,-1.0,-1.0,-1.0,-1.0,-1.0,-1.0,-1.0,-1.0,-1.0,-1.0,-1.0,-1.0,-1.0,-1.0,-1.0,-1.0,-1.0,-1.0,-1.0,-1.0,-1.0,-1.0,-1.0,-1.0,-1.0,-1.0,-1.0,-1.0,-1.0,-1.0,-1.0,-1.0,-1.0,-1.0,-1.0,-1.0,-1.0,-1.0,-1.0,-1.0,-1.0,-1.0,-1.0,-1.0,-1.0,-1.0,-1.0,-1.0,-1.0,-1.0,-1.0,-1.0,-1.0,-1.0,-1.0,-1.0,-1.0,-1.0,-1.0,-1.0,-1.0,-1.0,-1.0,-1.0,-1.0,-1.0,-1.0,-1.0,-1.0,-1.0,-1.0,-1.0,-1.0,-1.0,-1.0,-1.0,-1.0,-1.0,-1.0,-1.0,-1.0,-1.0,-1.0,-1.0,-1.0,-1.0,-1.0,-1.0,-1.0,-1.0,-1.0,-1.0,-1.0,-1.0,-1.0,-1.0,-1.0,-1.0,-1.0,-1.0,-1.0,-1.0,-1.0,-1.0,-1.0,-1.0,-1.0,-1.0,-1.0,-1.0,-1.0,-1.0,-1.0,-1.0,-1.0,-1.0,-1.0,-1.0,-1.0,-1.0,-1.0,-1.0,-1.0,-1.0,-1.0,-1.0,-1.0,-1.0,-1.0,-1.0,-1.0,-1.0,-1.0,-1.0,-1.0,-1.0,-1.0,-1.0,-1.0,-1.0,-1.0,-1.0,-1.0,-1.0,-1.0,-1.0,-1.0,-1.0,-1.0,-1.0,-1.0,-1.0,-1.0,-1.0,-1.0,-1.0,-1.0,-1.0,-1.0,-1.0,-1.0,-1.0,-1.0,-1.0,-1.0,-1.0,-1.0,-1.0,-1.0,-1.0,-1.0,-1.0,-1.0,-1.0,-1.0,-1.0,-1.0,-1.0,-1.0,-1.0,-1.0,-1.0,-1.0,-1.0,-1.0,-1.0,-1.0,-1.0,-1.0,-1.0,-1.0,-1.0,-1.0,-1.0,-1.0,-1.0,-1.0,-1.0,-1.0,-1.0,-1.0,-1.0,-1.0,-1.0,-1.0,-1.0,-1.0,-1.0,-1.0,-1.0,-1.0,-1.0,-1.0,-1.0,-1.0,-1.0,-1.0,-1.0,-1.0,-1.0,-1.0,-1.0,-1.0,-1.0,-1.0,-1.0,-1.0,-1.0,-1.0,-1.0,-1.0,-1.0,-1.0,-1.0,-1.0,-1.0,-1.0,-1.0,-1.0,-1.0
1.0,1.0,1.0,1.0,1.0,1.0,1.0,-1.0,-1.0,-1.0,-1.0,-1.0,-1.0,-1.0,-1.0,-1.0,-1.0,-1.0,-1.0,-1.0,-1.0,-1.0,-1.0,-1.0,-1.0,-1.0,-1.0,-1.0,-1.0,-1.0,-1.0,-1.0,-1.0,-1.0,-1.0,-1.0,-1.0,-1.0,-1.0,-1.0,-1.0,-1.0,-1.0,-1.0,-1.0,-1.0,-1.0,-1.0,-1.0,-1.0,-1.0,-1.0,-1.0,-1.0,-1.0,-1.0,-1.0,-1.0,-1.0,-1.0,-1.0,-1.0,-1.0,-1.0,-1.0,-1.0,-1.0,-1.0,-1.0,-1.0,-1.0,-1.0,-1.0,-1.0,-1.0,-1.0,-1.0,-1.0,-1.0,-1.0,-1.0,-1.0,-1.0,-1.0,-1.0,-1.0,-1.0,-1.0,-1.0,-1.0,-1.0,-1.0,-1.0,-1.0,-1.0,-1.0,-1.0,-1.0,-1.0,-1.0,-1.0,-1.0,-1.0,-1.0,-1.0,-1.0,-1.0,-1.0,-1.0,-1.0,-1.0,-1.0,-1.0,-1.0,-1.0,-1.0,-1.0,-1.0,-1.0,-1.0,-1.0,-1.0,-1.0,-1.0,1.0,-1.0,-1.0,-1.0,-1.0,-1.0,-1.0,-1.0,-1.0,-1.0,-1.0,-1.0,-1.0,-1.0,-1.0,-1.0,-1.0,-1.0,-1.0,1.0,-1.0,-1.0,-1.0,-1.0,1.0,1.0,1.0,1.0,-1.0,-1.0,-1.0,-1.0,-1.0,-1.0,-1.0,-1.0,-1.0,-1.0,-1.0,-1.0,-1.0,1.0,1.0,1.0,1.0,1.0,1.0,1.0,1.0,1.0,1.0,1.0,1.0,1.0,1.0,1.0,1.0,1.0,1.0,1.0,1.0,1.0,1.0,1.0,1.0,1.0,1.0,1.0,1.0,1.0,1.0,1.0,1.0,1.0,1.0,1.0,1.0,1.0,1.0,1.0,1.0,1.0,-1.0,-1.0,1.0,1.0,-1.0,-1.0,-1.0,-1.0,-1.0,-1.0,-1.0,-1.0,-1.0,1.0,1.0,1.0,1.0,1.0,1.0,1.0,1.0,1.0,1.0,1.0,1.0,1.0,1.0,1.0,1.0,-1.0,-1.0,-1.0,-1.0,-1.0,-1.0,-1.0,-1.0,-1.0,-1.0,-1.0,-1.0,-1.0,1.0,1.0,1.0,-1.0,-1.0,-1.0,1.0,1.0,1.0,1.0,-1.0,-1.0,-1.0,-1.0,1.0,1.0,1.0,1.0,1.0,1.0,1.0,1.0,-1.0,-1.0,-1.0,1.0,1.0,-1.0,-1.0,-1.0,1.0,-1.0,-1.0,-1.0,-1.0,-1.0,-1.0,1.0,1.0,-1.0,-1.0,-1.0,1.0,1.0,1.0,1.0,-1.0,-1.0,-1.0,1.0,1.0,-1.0,-1.0,-1.0,1.0,1.0,-1.0,-1.0,-1.0,1.0,1.0,-1.0,-1.0,-1.0,1.0,1.0,1.0,1.0,1.0,1.0,-1.0,-1.0,-1.0,-1.0,-1.0,-1.0,-1.0,1.0,1.0,1.0,1.0,1.0,1.0,1.0,1.0,1.0,1.0,1.0,1.0,1.0,1.0,1.0,1.0,1.0,1.0,-1.0,-1.0,-1.0,-1.0,-1.0,-1.0,-1.0,-1.0,-1.0,-1.0,1.0,1.0,1.0,1.0,1.0,1.0,1.0,1.0,1.0,1.0,1.0,1.0,-1.0,-1.0,1.0,1.0,1.0,1.0,1.0,1.0,1.0,1.0,1.0,1.0,1.0,1.0,1.0,1.0,1.0,1.0,1.0,1.0,1.0,1.0,1.0,1.0,1.0,1.0,1.0,1.0,1.0,1.0,1.0,1.0,1.0,1.0,1.0,1.0,1.0,1.0,1.0,-1.0,-1.0,-1.0,-1.0,1.0,1.0,1.0,1.0,1.0,1.0,1.0,1.0,1.0,1.0,1.0,1.0
-1.0,-1.0,-1.0,-1.0,-1.0,-1.0,-1.0,-1.0,-1.0,-1.0,-1.0,-1.0,-1.0,-1.0,-1.0,-1.0,-1.0,-1.0,-1.0,-1.0,-1.0,-1.0,-1.0,-1.0,-1.0,-1.0,-1.0,-1.0,-1.0,-1.0,-1.0,-1.0,-1.0,-1.0,-1.0,-1.0,-1.0,-1.0,-1.0,-1.0,-1.0,-1.0,-1.0,-1.0,-1.0,-1.0,-1.0,-1.0,-1.0,-1.0,-1.0,-1.0,-1.0,-1.0,-1.0,-1.0,-1.0,-1.0,-1.0,-1.0,-1.0,-1.0,-1.0,-1.0,-1.0,-1.0,-1.0,-1.0,-1.0,-1.0,-1.0,-1.0,-1.0,-1.0,-1.0,-1.0,-1.0,-1.0,-1.0,-1.0,-1.0,-1.0,-1.0,-1.0,-1.0,-1.0,-1.0,-1.0,-1.0,-1.0,-1.0,-1.0,-1.0,-1.0,-1.0,-1.0,-1.0,-1.0,-1.0,-1.0,-1.0,-1.0,-1.0,-1.0,-1.0,-1.0,-1.0,-1.0,-1.0,-1.0,-1.0,-1.0,-1.0,-1.0,-1.0,-1.0,-1.0,-1.0,-1.0,-1.0,-1.0,-1.0,-1.0,-1.0,-1.0,-1.0,-1.0,-1.0,-1.0,-1.0,-1.0,-1.0,-1.0,-1.0,-1.0,-1.0,-1.0,-1.0,-1.0,-1.0,-1.0,-1.0,-1.0,-1.0,-1.0,-1.0,-1.0,-1.0,-1.0,-1.0,-1.0,-1.0,-1.0,-1.0,-1.0,-1.0,-1.0,-1.0,-1.0,-1.0,-1.0,-1.0,-1.0,-1.0,-1.0,-1.0,-1.0,-1.0,-1.0,-1.0,-1.0,-1.0,-1.0,-1.0,-1.0,-1.0,-1.0,-1.0,-1.0,-1.0,-1.0,-1.0,-1.0,-1.0,-1.0,-1.0,-1.0,-1.0,-1.0,-1.0,-1.0,-1.0,-1.0,-1.0,-1.0,-1.0,-1.0,-1.0,-1.0,-1.0,-1.0,-1.0,-1.0,-1.0,-1.0,-1.0,-1.0,-1.0,-1.0,-1.0,-1.0,1.0,1.0,1.0,-1.0,1.0,1.0,1.0,-1.0,-1.0,-1.0,-1.0,-1.0,-1.0,-1.0,-1.0,-1.0,-1.0,-1.0,-1.0,-1.0,-1.0,-1.0,-1.0,-1.0,-1.0,-1.0,1.0,1.0,1.0,-1.0,-1.0,1.0,1.0,1.0,1.0,1.0,1.0,-1.0,-1.0,-1.0,1.0,1.0,1.0,-1.0,-1.0,-1.0,-1.0,-1.0,-1.0,-1.0,-1.0,-1.0,-1.0,-1.0,-1.0,-1.0,-1.0,-1.0,-1.0,1.0,1.0,1.0,-1.0,-1.0,1.0,1.0,1.0,-1.0,1.0,1.0,1.0,1.0,1.0,1.0,-1.0,-1.0,1.0,1.0,1.0,-1.0,-1.0,-1.0,-1.0,1.0,1.0,1.0,-1.0,-1.0,1.0,1.0,1.0,-1.0,-1.0,1.0,1.0,1.0,-1.0,-1.0,1.0,1.0,1.0,-1.0,-1.0,-1.0,-1.0,-1.0,-1.0,1.0,1.0,1.0,1.0,1.0,1.0,1.0,-1.0,-1.0,-1.0,-1.0,-1.0,-1.0,-1.0,-1.0,-1.0,-1.0,-1.0,-1.0,-1.0,-1.0,-1.0,-1.0,-1.0,-1.0,-1.0,-1.0,-1.0,-1.0,-1.0,-1.0,-1.0,-1.0,-1.0,-1.0,-1.0,-1.0,-1.0,-1.0,-1.0,-1.0,-1.0,-1.0,-1.0,-1.0,-1.0,-1.0,1.0,1.0,-1.0,-1.0,-1.0,-1.0,-1.0,-1.0,-1.0,-1.0,-1.0,-1.0,-1.0,-1.0,-1.0,-1.0,-1.0,-1.0,-1.0,-1.0,-1.0,-1.0,-1.0,-1.0,-1.0,-1.0,-1.0,-1.0,-1.0,-1.0,-1.0,-1.0,-1.0,-1.0,-1.0,-1.0,-1.0,-1.0,-1.0,-1.0,-1.0,-1.0,-1.0,-1.0,-1.0,-1.0,-1.0,-1.0,-1.0,-1.0,-1.0,-1.0,-1.0,-1.0,-1.0
-1.0,-1.0,-1.0,-1.0,-1.0,-1.0,-1.0,-1.0,-1.0,-1.0,-1.0,-1.0,-1.0,-1.0,-1.0,-1.0,-1.0,-1.0,-1.0,-1.0,-1.0,-1.0,-1.0,-1.0,-1.0,-1.0,-1.0,-1.0,-1.0,-1.0,-1.0,-1.0,-1.0,-1.0,-1.0,-1.0,-1.0,-1.0,-1.0,-1.0,-1.0,-1.0,-1.0,-1.0,-1.0,-1.0,-1.0,-1.0,-1.0,-1.0,-1.0,-1.0,-1.0,-1.0,-1.0,-1.0,-1.0,-1.0,-1.0,-1.0,-1.0,-1.0,-1.0,-1.0,-1.0,-1.0,-1.0,-1.0,-1.0,-1.0,-1.0,-1.0,-1.0,-1.0,-1.0,-1.0,-1.0,-1.0,-1.0,-1.0,-1.0,-1.0,-1.0,-1.0,-1.0,-1.0,-1.0,-1.0,-1.0,-1.0,-1.0,-1.0,-1.0,-1.0,-1.0,-1.0,-1.0,-1.0,-1.0,-1.0,-1.0,-1.0,-1.0,-1.0,-1.0,-1.0,-1.0,-1.0,-1.0,-1.0,-1.0,-1.0,-1.0,-1.0,-1.0,-1.0,-1.0,-1.0,-1.0,-1.0,-1.0,-1.0,-1.0,-1.0,-1.0,-1.0,-1.0,-1.0,-1.0,-1.0,-1.0,-1.0,-1.0,-1.0,-1.0,-1.0,-1.0,-1.0,-1.0,-1.0,-1.0,-1.0,-1.0,-1.0,-1.0,-1.0,-1.0,-1.0,-1.0,-1.0,-1.0,-1.0,-1.0,-1.0,-1.0,-1.0,-1.0,-1.0,-1.0,-1.0,-1.0,-1.0,-1.0,-1.0,-1.0,-1.0,-1.0,-1.0,-1.0,-1.0,-1.0,-1.0,-1.0,-1.0,-1.0,-1.0,-1.0,-1.0,-1.0,-1.0,-1.0,-1.0,-1.0,-1.0,-1.0,-1.0,-1.0,-1.0,-1.0,-1.0,-1.0,-1.0,-1.0,-1.0,-1.0,-1.0,-1.0,-1.0,-1.0,-1.0,-1.0,-1.0,-1.0,-1.0,-1.0,-1.0,-1.0,-1.0,-1.0,-1.0,-1.0,-1.0,-1.0,-1.0,-1.0,-1.0,-1.0,-1.0,-1.0,-1.0,-1.0,-1.0,-1.0,-1.0,-1.0,-1.0,-1.0,-1.0,-1.0,-1.0,-1.0,-1.0,-1.0,-1.0,-1.0,-1.0,-1.0,-1.0,-1.0,-1.0,-1.0,-1.0,-1.0,-1.0,-1.0,-1.0,-1.0,-1.0,-1.0,-1.0,-1.0,-1.0,-1.0,-1.0,-1.0,-1.0,-1.0,-1.0,-1.0,-1.0,-1.0,-1.0,-1.0,-1.0,-1.0,-1.0,-1.0,-1.0,-1.0,-1.0,-1.0,-1.0,-1.0,-1.0,-1.0,-1.0,-1.0,-1.0,-1.0,-1.0,-1.0,-1.0,-1.0,-1.0,-1.0,-1.0,-1.0,-1.0,-1.0,-1.0,-1.0,-1.0,-1.0,-1.0,-1.0,-1.0,-1.0,-1.0,-1.0,-1.0,-1.0,-1.0,-1.0,-1.0,-1.0,-1.0,-1.0,-1.0,-1.0,-1.0,-1.0,-1.0,-1.0,-1.0,-1.0,-1.0,-1.0,-1.0,-1.0,-1.0,-1.0,-1.0,-1.0,-1.0,-1.0,-1.0,-1.0,-1.0,-1.0,-1.0,-1.0,-1.0,-1.0,-1.0,-1.0,-1.0,-1.0,-1.0,-1.0,-1.0,-1.0,-1.0,-1.0,-1.0,-1.0,-1.0,-1.0,-1.0,-1.0,-1.0,-1.0,-1.0,-1.0,-1.0,-1.0,-1.0,-1.0,-1.0,-1.0,-1.0,-1.0,-1.0,-1.0,-1.0,-1.0,-1.0,-1.0,-1.0,-1.0,-1.0,-1.0,-1.0,-1.0,-1.0,-1.0,-1.0,-1.0,-1.0,-1.0,-1.0,-1.0,-1.0,-1.0,-1.0,-1.0,-1.0,-1.0,-1.0,-1.0,-1.0,-1.0,-1.0,-1.0,-1.0,-1.0,-1.0,-1.0,-1.0,-1.0,-1.0,-1.0,-1.0,-1.0,-1.0,-1.0,-1.0,-1.0,-1.0,-1.0,-1.0,-1.0,-1.0,-1.0,-1.0,-1.0,-1.0,-1.0,-1.0,-1.0,-1.0
-1.0,-1.0,-1.0,-1.0,-1.0,-1.0,-1.0,-1.0,-1.0,-1.0,-1.0,-1.0,-1.0,-1.0,-1.0,-1.0,-1.0,-1.0,-1.0,-1.0,-1.0,-1.0,-1.0,-1.0,-1.0,-1.0,-1.0,-1.0,-1.0,-1.0,-1.0,-1.0,-1.0,-1.0,-1.0,-1.0,-1.0,-1.0,-1.0,-1.0,-1.0,-1.0,-1.0,-1.0,-1.0,-1.0,-1.0,-1.0,-1.0,-1.0,-1.0,-1.0,-1.0,-1.0,-1.0,-1.0,-1.0,-1.0,-1.0,-1.0,-1.0,-1.0,-1.0,-1.0,-1.0,-1.0,-1.0,-1.0,-1.0,-1.0,-1.0,-1.0,-1.0,-1.0,-1.0,-1.0,-1.0,-1.0,-1.0,-1.0,-1.0,-1.0,-1.0,-1.0,-1.0,-1.0,-1.0,-1.0,-1.0,-1.0,-1.0,-1.0,-1.0,-1.0,-1.0,-1.0,-1.0,-1.0,-1.0,-1.0,-1.0,-1.0,-1.0,-1.0,-1.0,-1.0,-1.0,-1.0,-1.0,-1.0,-1.0,-1.0,-1.0,-1.0,-1.0,-1.0,-1.0,-1.0,-1.0,-1.0,-1.0,-1.0,-1.0,-1.0,-1.0,-1.0,-1.0,-1.0,-1.0,-1.0,-1.0,-1.0,-1.0,-1.0,-1.0,-1.0,-1.0,-1.0,-1.0,-1.0,-1.0,-1.0,-1.0,-1.0,-1.0,-1.0,-1.0,-1.0,-1.0,-1.0,-1.0,-1.0,-1.0,-1.0,-1.0,-1.0,-1.0,-1.0,-1.0,-1.0,-1.0,-1.0,-1.0,-1.0,-1.0,-1.0,-1.0,-1.0,-1.0,-1.0,-1.0,-1.0,-1.0,-1.0,-1.0,-1.0,-1.0,-1.0,-1.0,-1.0,-1.0,-1.0,-1.0,-1.0,-1.0,-1.0,-1.0,-1.0,-1.0,-1.0,-1.0,-1.0,-1.0,-1.0,-1.0,-1.0,-1.0,-1.0,-1.0,-1.0,-1.0,-1.0,-1.0,-1.0,-1.0,-1.0,-1.0,-1.0,-1.0,-1.0,-1.0,-1.0,-1.0,-1.0,-1.0,-1.0,-1.0,-1.0,-1.0,-1.0,-1.0,-1.0,-1.0,-1.0,-1.0,-1.0,-1.0,-1.0,-1.0,-1.0,-1.0,-1.0,-1.0,-1.0,-1.0,-1.0,-1.0,-1.0,-1.0,-1.0,-1.0,-1.0,-1.0,-1.0,-1.0,-1.0,-1.0,-1.0,-1.0,-1.0,-1.0,-1.0,-1.0,-1.0,-1.0,-1.0,-1.0,-1.0,-1.0,-1.0,-1.0,-1.0,-1.0,-1.0,-1.0,-1.0,-1.0,-1.0,-1.0,-1.0,-1.0,-1.0,-1.0,-1.0,-1.0,-1.0,-1.0,-1.0,-1.0,-1.0,-1.0,-1.0,-1.0,-1.0,-1.0,-1.0,-1.0,-1.0,-1.0,-1.0,-1.0,-1.0,-1.0,-1.0,-1.0,-1.0,-1.0,-1.0,-1.0,-1.0,-1.0,-1.0,-1.0,-1.0,-1.0,-1.0,-1.0,-1.0,-1.0,-1.0,-1.0,-1.0,-1.0,-1.0,-1.0,-1.0,-1.0,-1.0,-1.0,-1.0,-1.0,-1.0,-1.0,-1.0,-1.0,-1.0,-1.0,-1.0,-1.0,-1.0,-1.0,-1.0,-1.0,-1.0,-1.0,-1.0,-1.0,-1.0,-1.0,-1.0,-1.0,-1.0,-1.0,-1.0,-1.0,-1.0,-1.0,-1.0,-1.0,-1.0,-1.0,-1.0,-1.0,-1.0,-1.0,-1.0,-1.0,-1.0,-1.0,-1.0,-1.0,-1.0,-1.0,-1.0,-1.0,-1.0,-1.0,-1.0,-1.0,-1.0,-1.0,-1.0,-1.0,-1.0,-1.0,-1.0,-1.0,-1.0,-1.0,-1.0,-1.0,-1.0,-1.0,-1.0,-1.0,-1.0,-1.0,-1.0,-1.0,-1.0,-1.0,-1.0,-1.0,-1.0,-1.0,-1.0,-1.0,-1.0,-1.0,-1.0,-1.0,-1.0,-1.0,-1.0,-1.0,-1.0,-1.0,-1.0,-1.0,-1.0,-1.0,-1.0,-1.0,-1.0,-1.0,-1.0,-1.0,-1.0,-1.0,-1.0
-1.0,-1.0,-1.0,-1.0,-1.0,-1.0,-1.0,-1.0,-1.0,-1.0,-1.0,-1.0,-1.0,-1.0,-1.0,-1.0,-1.0,-1.0,-1.0,-1.0,-1.0,-1.0,-1.0,-1.0,-1.0,-1.0,-1.0,-1.0,-1.0,-1.0,-1.0,-1.0,-1.0,-1.0,-1.0,-1.0,-1.0,-1.0,-1.0,-1.0,-1.0,-1.0,-1.0,-1.0,-1.0,-1.0,-1.0,-1.0,-1.0,-1.0,-1.0,-1.0,-1.0,-1.0,-1.0,-1.0,-1.0,-1.0,-1.0,-1.0,-1.0,-1.0,-1.0,-1.0,-1.0,-1.0,-1.0,-1.0,-1.0,-1.0,-1.0,-1.0,-1.0,-1.0,-1.0,-1.0,-1.0,-1.0,-1.0,-1.0,-1.0,-1.0,-1.0,-1.0,-1.0,-1.0,-1.0,-1.0,-1.0,-1.0,-1.0,-1.0,-1.0,-1.0,-1.0,-1.0,-1.0,-1.0,-1.0,-1.0,-1.0,-1.0,-1.0,-1.0,-1.0,-1.0,-1.0,-1.0,-1.0,-1.0,-1.0,-1.0,-1.0,-1.0,-1.0,-1.0,-1.0,-1.0,-1.0,-1.0,-1.0,-1.0,-1.0,-1.0,-1.0,-1.0,-1.0,-1.0,-1.0,-1.0,-1.0,-1.0,-1.0,-1.0,-1.0,-1.0,-1.0,-1.0,-1.0,-1.0,-1.0,-1.0,-1.0,-1.0,-1.0,-1.0,-1.0,-1.0,-1.0,-1.0,-1.0,-1.0,-1.0,-1.0,-1.0,-1.0,-1.0,-1.0,-1.0,-1.0,-1.0,-1.0,-1.0,-1.0,-1.0,-1.0,-1.0,-1.0,-1.0,-1.0,-1.0,-1.0,-1.0,-1.0,-1.0,-1.0,-1.0,-1.0,-1.0,-1.0,-1.0,-1.0,-1.0,-1.0,-1.0,-1.0,-1.0,-1.0,-1.0,-1.0,-1.0,-1.0,-1.0,-1.0,-1.0,-1.0,-1.0,-1.0,-1.0,-1.0,-1.0,-1.0,-1.0,-1.0,-1.0,-1.0,-1.0,-1.0,-1.0,-1.0,-1.0,-1.0,-1.0,-1.0,-1.0,-1.0,-1.0,-1.0,-1.0,-1.0,-1.0,-1.0,-1.0,-1.0,-1.0,-1.0,-1.0,-1.0,-1.0,-1.0,-1.0,-1.0,-1.0,-1.0,-1.0,-1.0,-1.0,-1.0,-1.0,-1.0,-1.0,-1.0,-1.0,-1.0,-1.0,-1.0,-1.0,-1.0,-1.0,-1.0,-1.0,-1.0,-1.0,-1.0,-1.0,-1.0,-1.0,-1.0,-1.0,-1.0,-1.0,-1.0,-1.0,-1.0,-1.0,-1.0,-1.0,-1.0,-1.0,-1.0,-1.0,-1.0,-1.0,-1.0,-1.0,-1.0,-1.0,-1.0,-1.0,-1.0,-1.0,-1.0,-1.0,-1.0,-1.0,-1.0,-1.0,-1.0,-1.0,-1.0,-1.0,-1.0,-1.0,-1.0,-1.0,-1.0,-1.0,-1.0,-1.0,-1.0,-1.0,-1.0,-1.0,-1.0,-1.0,-1.0,-1.0,-1.0,-1.0,-1.0,-1.0,-1.0,-1.0,-1.0,-1.0,-1.0,-1.0,-1.0,-1.0,-1.0,-1.0,-1.0,-1.0,-1.0,-1.0,-1.0,-1.0,-1.0,-1.0,-1.0,-1.0,-1.0,-1.0,-1.0,-1.0,-1.0,-1.0,-1.0,-1.0,-1.0,-1.0,-1.0,-1.0,-1.0,-1.0,-1.0,-1.0,-1.0,-1.0,-1.0,-1.0,-1.0,-1.0,-1.0,-1.0,-1.0,-1.0,-1.0,-1.0,-1.0,-1.0,-1.0,-1.0,-1.0,-1.0,-1.0,-1.0,-1.0,-1.0,-1.0,-1.0,-1.0,-1.0,-1.0,-1.0,-1.0,-1.0,-1.0,-1.0,-1.0,-1.0,-1.0,-1.0,-1.0,-1.0,-1.0,-1.0,-1.0,-1.0,-1.0,-1.0,-1.0,-1.0,-1.0,-1.0,-1.0,-1.0,-1.0,-1.0,-1.0,-1.0,-1.0,-1.0,-1.0,-1.0,-1.0,-1.0,-1.0,-1.0,-1.0,-1.0,-1.0,-1.0,-1.0,-1.0,-1.0,-1.0,-1.0,-1.0,-1.0
-1.0,1.0,1.0,1.0,1.0,1.0,1.0,-1.0,1.0,1.0,1.0,1.0,1.0,1.0,1.0,1.0,1.0,-1.0,1.0,1.0,1.0,1.0,1.0,1.0,1.0,1.0,1.0,1.0,1.0,1.0,1.0,1.0,1.0,1.0,1.0,1.0,1.0,-1.0,1.0,1.0,1.0,1.0,1.0,1.0,1.0,1.0,1.0,1.0,1.0,1.0,1.0,1.0,1.0,1.0,-1.0,1.0,1.0,1.0,1.0,1.0,1.0,1.0,1.0,-1.0,1.0,1.0,1.0,1.0,1.0,1.0,1.0,-1.0,1.0,1.0,1.0,1.0,1.0,1.0,1.0,1.0,-1.0,1.0,1.0,1.0,1.0,1.0,1.0,1.0,1.0,1.0,-1.0,1.0,1.0,1.0,-1.0,1.0,1.0,1.0,1.0,1.0,1.0,1.0,1.0,1.0,1.0,1.0,1.0,1.0,1.0,1.0,-1.0,1.0,1.0,1.0,1.0,1.0,1.0,1.0,1.0,1.0,1.0,1.0,1.0,1.0,1.0,-1.0,1.0,1.0,1.0,1.0,1.0,1.0,1.0,1.0,1.0,1.0,1.0,1.0,1.0,-1.0,-1.0,-1.0,-1.0,1.0,-1.0,1.0,1.0,1.0,1.0,1.0,1.0,1.0,-1.0,1.0,1.0,1.0,1.0,1.0,1.0,1.0,1.0,1.0,1.0,1.0,1.0,-1.0,-1.0,-1.0,-1.0,-1.0,-1.0,-1.0,-1.0,-1.0,-1.0,-1.0,-1.0,-1.0,-1.0,-1.0,-1.0,-1.0,-1.0,-1.0,-1.0,-1.0,-1.0,-1.0,-1.0,-1.0,-1.0,-1.0,-1.0,-1.0,-1.0,-1.0,-1.0,-1.0,-1.0,-1.0,-1.0,-1.0,-1.0,-1.0,-1.0,-1.0,-1.0,-1.0,-1.0,-1.0,-1.0,-1.0,-1.0,-1.0,-1.0,-1.0,-1.0,-1.0,-1.0,-1.0,-1.0,-1.0,-1.0,-1.0,-1.0,-1.0,-1.0,-1.0,-1.0,-1.0,-1.0,-1.0,-1.0,-1.0,-1.0,-1.0,-1.0,-1.0,-1.0,-1.0,-1.0,-1.0,-1.0,-1.0,-1.0,-1.0,-1.0,-1.0,-1.0,-1.0,-1.0,-1.0,-1.0,-1.0,-1.0,-1.0,-1.0,-1.0,-1.0,-1.0,-1.0,-1.0,-1.0,-1.0,-1.0,-1.0,-1.0,-1.0,-1.0,-1.0,-1.0,-1.0,-1.0,-1.0,-1.0,-1.0,-1.0,-1.0,-1.0,-1.0,-1.0,-1.0,-1.0,-1.0,-1.0,-1.0,-1.0,-1.0,-1.0,-1.0,-1.0,-1.0,-1.0,-1.0,-1.0,-1.0,-1.0,-1.0,-1.0,-1.0,-1.0,-1.0,-1.0,-1.0,-1.0,-1.0,-1.0,-1.0,-1.0,-1.0,-1.0,-1.0,-1.0,-1.0,-1.0,-1.0,-1.0,-1.0,-1.0,-1.0,-1.0,-1.0,-1.0,-1.0,-1.0,-1.0,-1.0,-1.0,-1.0,-1.0,-1.0,-1.0,1.0,1.0,1.0,1.0,1.0,1.0,1.0,1.0,1.0,1.0,-1.0,-1.0,-1.0,-1.0,-1.0,-1.0,-1.0,-1.0,-1.0,-1.0,-1.0,-1.0,-1.0,-1.0,-1.0,-1.0,-1.0,-1.0,-1.0,-1.0,-1.0,-1.0,-1.0,-1.0,-1.0,-1.0,-1.0,-1.0,-1.0,-1.0,-1.0,-1.0,-1.0,-1.0,-1.0,-1.0,-1.0,-1.0,-1.0,-1.0,-1.0,-1.0,-1.0,-1.0,-1.0,-1.0,-1.0,-1.0,1.0,1.0,1.0,1.0,1.0,1.0,1.0,1.0,1.0,1.0,-1.0,-1.0,-1.0,-1.0,-1.0,-1.0,-1.0,1.0,-1.0,-1.0,-1.0,-1.0,-1.0,-1.0,-1.0,-1.0,-1.0,-1.0,-1.0,-1.0
-1.0,-1.0,-1.0,-1.0,-1.0,-1.0,-1.0,-1.0,-1.0,-1.0,-1.0,-1.0,-1.0,-1.0,-1.0,-1.0,-1.0,-1.0,-1.0,-1.0,-1.0,-1.0,-1.0,-1.0,-1.0,-1.0,-1.0,-1.0,-1.0,-1.0,-1.0,-1.0,-1.0,-1.0,-1.0,-1.0,-1.0,-1.0,-1.0,-1.0,-1.0,-1.0,-1.0,-1.0,-1.0,-1.0,-1.0,-1.0,-1.0,-1.0,-1.0,-1.0,-1.0,-1.0,-1.0,-1.0,-1.0,-1.0,-1.0,-1.0,-1.0,-1.0,-1.0,-1.0,-1.0,-1.0,-1.0,-1.0,-1.0,-1.0,-1.0,-1.0,-1.0,-1.0,-1.0,-1.0,-1.0,-1.0,-1.0,-1.0,-1.0,-1.0,-1.0,-1.0,-1.0,-1.0,-1.0,-1.0,-1.0,-1.0,-1.0,-1.0,-1.0,-1.0,-1.0,-1.0,-1.0,-1.0,-1.0,-1.0,-1.0,-1.0,-1.0,-1.0,-1.0,-1.0,-1.0,-1.0,-1.0,-1.0,-1.0,-1.0,-1.0,-1.0,-1.0,-1.0,-1.0,-1.0,-1.0,-1.0,-1.0,-1.0,-1.0,-1.0,-1.0,-1.0,-1.0,-1.0,-1.0,-1.0,-1.0,-1.0,-1.0,-1.0,-1.0,-1.0,-1.0,-1.0,-1.0,-1.0,-1.0,-1.0,-1.0,-1.0,-1.0,-1.0,-1.0,-1.0,-1.0,-1.0,-1.0,-1.0,-1.0,-1.0,-1.0,-1.0,-1.0,-1.0,-1.0,-1.0,-1.0,-1.0,-1.0,-1.0,-1.0,1.0,1.0,1.0,1.0,1.0,1.0,1.0,1.0,-1.0,-1.0,-1.0,-1.0,-1.0,-1.0,-1.0,-1.0,-1.0,-1.0,-1.0,-1.0,-1.0,-1.0,-1.0,-1.0,-1.0,-1.0,-1.0,-1.0,-1.0,-1.0,-1.0,-1.0,-1.0,-1.0,-1.0,-1.0,-1.0,-1.0,-1.0,-1.0,-1.0,1.0,1.0,-1.0,-1.0,-1.0,-1.0,-1.0,-1.0,-1.0,-1.0,-1.0,-1.0,-1.0,-1.0,-1.0,-1.0,-1.0,-1.0,-1.0,-1.0,-1.0,-1.0,-1.0,-1.0,-1.0,-1.0,-1.0,-1.0,-1.0,-1.0,-1.0,-1.0,-1.0,-1.0,-1.0,-1.0,-1.0,-1.0,-1.0,-1.0,-1.0,-1.0,-1.0,-1.0,-1.0,-1.0,-1.0,-1.0,-1.0,-1.0,-1.0,-1.0,-1.0,-1.0,-1.0,-1.0,-1.0,-1.0,-1.0,-1.0,-1.0,-1.0,-1.0,-1.0,-1.0,-1.0,-1.0,-1.0,-1.0,-1.0,-1.0,-1.0,-1.0,-1.0,-1.0,-1.0,-1.0,-1.0,-1.0,-1.0,-1.0,-1.0,-1.0,-1.0,-1.0,-1.0,-1.0,-1.0,-1.0,-1.0,-1.0,-1.0,-1.0,-1.0,-1.0,-1.0,-1.0,-1.0,-1.0,-1.0,-1.0,-1.0,-1.0,-1.0,-1.0,-1.0,-1.0,-1.0,-1.0,-1.0,-1.0,-1.0,-1.0,-1.0,-1.0,-1.0,-1.0,-1.0,-1.0,-1.0,-1.0,-1.0,-1.0,-1.0,-1.0,-1.0,-1.0,-1.0,-1.0,-1.0,-1.0,-1.0,-1.0,-1.0,-1.0,-1.0,-1.0,-1.0,-1.0,-1.0,-1.0,-1.0,-1.0,-1.0,-1.0,-1.0,-1.0,-1.0,-1.0,-1.0,-1.0,-1.0,-1.0,-1.0,-1.0,-1.0,-1.0,-1.0,-1.0,-1.0,-1.0,-1.0,-1.0,-1.0,-1.0,-1.0,-1.0,-1.0,-1.0,-1.0,-1.0,-1.0,-1.0,-1.0,-1.0,-1.0,-1.0,-1.0,-1.0,-1.0,-1.0,-1.0,-1.0,-1.0,-1.0,-1.0,-1.0,-1.0,-1.0,-1.0,-1.0,-1.0,-1.0,-1.0,-1.0,-1.0,-1.0,-1.0,-1.0,-1.0,-1.0,-1.0,-1.0,-1.0,-1.0,-1.0,-1.0,-1.0,-1.0,-1.0,-1.0,-1.0,-1.0,-1.0
-1.0,-1.0,-1.0,-1.0,-1.0,-1.0,-1.0,1.0,-1.0,-1.0,-1.0,-1.0,-1.0,-1.0,-1.0,-1.0,-1.0,1.0,-1.0,-1.0,-1.0,-1.0,-1.0,-1.0,-1.0,-1.0,-1.0,-1.0,-1.0,-1.0,-1.0,-1.0,-1.0,-1.0,-1.0,-1.0,-1.0,1.0,-1.0,-1.0,-1.0,-1.0,-1.0,-1.0,-1.0,-1.0,-1.0,-1.0,-1.0,-1.0,-1.0,-1.0,-1.0,-1.0,1.0,-1.0,-1.0,-1.0,-1.0,-1.0,-1.0,-1.0,-1.0,1.0,-1.0,-1.0,-1.0,-1.0,-1.0,-1.0,-1.0,1.0,-1.0,-1.0,-1.0,-1.0,-1.0,-1.0,-1.0,-1.0,1.0,-1.0,-1.0,-1.0,-1.0,-1.0,-1.0,-1.0,-1.0,-1.0,1.0,-1.0,-1.0,-1.0,1.0,-1.0,-1.0,-1.0,-1.0,-1.0,-1.0,-1.0,-1.0,-1.0,-1.0,-1.0,-1.0,-1.0,-1.0,-1.0,1.0,-1.0,-1.0,-1.0,-1.0,-1.0,-1.0,-1.0,-1.0,-1.0,-1.0,-1.0,-1.0,-1.0,-1.0,1.0,-1.0,-1.0,-1.0,-1.0,-1.0,-1.0,-1.0,-1.0,-1.0,-1.0,-1.0,-1.0,-1.0,1.0,1.0,1.0,1.0,-1.0,1.0,-1.0,-1.0,-1.0,-1.0,-1.0,-1.0,-1.0,1.0,-1.0,-1.0,-1.0,-1.0,-1.0,-1.0,-1.0,-1.0,-1.0,-1.0,-1.0,-1.0,-1.0,-1.0,-1.0,-1.0,-1.0,-1.0,-1.0,-1.0,-1.0,-1.0,-1.0,-1.0,-1.0,-1.0,-1.0,-1.0,-1.0,-1.0,-1.0,-1.0,-1.0,-1.0,-1.0,-1.0,-1.0,-1.0,-1.0,-1.0,-1.0,-1.0,-1.0,-1.0,-1.0,-1.0,-1.0,-1.0,-1.0,-1.0,-1.0,-1.0,-1.0,-1.0,-1.0,-1.0,-1.0,-1.0,-1.0,-1.0,-1.0,-1.0,-1.0,-1.0,-1.0,-1.0,-1.0,-1.0,-1.0,-1.0,-1.0,-1.0,-1.0,-1.0,-1.0,-1.0,-1.0,-1.0,-1.0,-1.0,-1.0,-1.0,-1.0,-1.0,-1.0,-1.0,-1.0,-1.0,-1.0,-1.0,-1.0,-1.0,-1.0,-1.0,-1.0,-1.0,-1.0,-1.0,-1.0,-1.0,-1.0,-1.0,-1.0,-1.0,-1.0,1.0,1.0,1.0,1.0,-1.0,-1.0,-1.0,-1.0,-1.0,-1.0,-1.0,-1.0,-1.0,-1.0,-1.0,-1.0,-1.0,-1.0,-1.0,-1.0,-1.0,-1.0,-1.0,-1.0,-1.0,-1.0,-1.0,-1.0,-1.0,-1.0,-1.0,-1.0,-1.0,-1.0,-1.0,-1.0,-1.0,-1.0,-1.0,-1.0,-1.0,-1.0,-1.0,-1.0,-1.0,-1.0,-1.0,-1.0,-1.0,-1.0,-1.0,-1.0,-1.0,-1.0,-1.0,-1.0,-1.0,-1.0,-1.0,-1.0,-1.0,-1.0,-1.0,-1.0,-1.0,-1.0,-1.0,-1.0,-1.0,-1.0,-1.0,-1.0,-1.0,-1.0,-1.0,-1.0,-1.0,-1.0,-1.0,-1.0,-1.0,-1.0,-1.0,-1.0,-1.0,1.0,1.0,1.0,1.0,1.0,1.0,1.0,1.0,1.0,1.0,-1.0,-1.0,1.0,1.0,1.0,1.0,1.0,1.0,-1.0,-1.0,-1.0,-1.0,-1.0,-1.0,-1.0,-1.0,-1.0,-1.0,-1.0,-1.0,-1.0,1.0,1.0,1.0,1.0,1.0,1.0,1.0,1.0,1.0,1.0,1.0,1.0,1.0,1.0,1.0,1.0,-1.0,-1.0,-1.0,-1.0,-1.0,-1.0,-1.0,-1.0,-1.0,-1.0,-1.0,-1.0,-1.0,-1.0,1.0,1.0,1.0,-1.0,-1.0,-1.0,-1.0,-1.0,-1.0,-1.0,-1.0,-1.0,-1.0,-1.0,-1.0,-1.0
-1.0,-1.0,-1.0,-1.0,-1.0,-1.0,-1.0,-1.0,-1.0,-1.0,-1.0,-1.0,-1.0,-1.0,-1.0,-1.0,-1.0,-1.0,-1.0,-1.0,-1.0,-1.0,-1.0,-1.0,-1.0,-1.0,-1.0,-1.0,-1.0,-1.0,-1.0,-1.0,-1.0,-1.0,-1.0,-1.0,-1.0,-1.0,-1.0,-1.0,-1.0,-1.0,-1.0,-1.0,-1.0,-1.0,-1.0,-1.0,-1.0,-1.0,-1.0,-1.0,-1.0,-1.0,-1.0,-1.0,-1.0,-1.0,-1.0,-1.0,-1.0,-1.0,-1.0,-1.0,-1.0,-1.0,-1.0,-1.0,-1.0,-1.0,-1.0,-1.0,-1.0,-1.0,-1.0,-1.0,-1.0,-1.0,-1.0,-1.0,-1.0,-1.0,-1.0,-1.0,-1.0,-1.0,-1.0,-1.0,-1.0,-1.0,-1.0,-1.0,-1.0,-1.0,-1.0,-1.0,-1.0,-1.0,-1.0,-1.0,-1.0,-1.0,-1.0,-1.0,-1.0,-1.0,-1.0,-1.0,-1.0,-1.0,-1.0,-1.0,-1.0,-1.0,-1.0,-1.0,-1.0,-1.0,-1.0,-1.0,-1.0,-1.0,-1.0,-1.0,-1.0,-1.0,-1.0,-1.0,-1.0,-1.0,-1.0,-1.0,-1.0,-1.0,-1.0,-1.0,-1.0,-1.0,-1.0,-1.0,-1.0,-1.0,-1.0,-1.0,-1.0,-1.0,-1.0,-1.0,-1.0,-1.0,-1.0,-1.0,-1.0,-1.0,-1.0,-1.0,-1.0,-1.0,-1.0,-1.0,-1.0,-1.0,-1.0,-1.0,-1.0,-1.0,-1.0,-1.0,-1.0,-1.0,-1.0,-1.0,-1.0,-1.0,-1.0,-1.0,-1.0,-1.0,-1.0,-1.0,-1.0,-1.0,-1.0,-1.0,-1.0,-1.0,-1.0,-1.0,-1.0,-1.0,-1.0,-1.0,-1.0,-1.0,-1.0,-1.0,-1.0,-1.0,-1.0,-1.0,-1.0,-1.0,-1.0,-1.0,-1.0,-1.0,-1.0,-1.0,-1.0,-1.0,-1.0,-1.0,-1.0,-1.0,-1.0,-1.0,-1.0,-1.0,-1.0,-1.0,-1.0,-1.0,-1.0,-1.0,-1.0,-1.0,-1.0,-1.0,-1.0,-1.0,-1.0,-1.0,-1.0,-1.0,-1.0,-1.0,-1.0,-1.0,-1.0,-1.0,-1.0,-1.0,-1.0,-1.0,-1.0,-1.0,-1.0,-1.0,-1.0,-1.0,-1.0,-1.0,-1.0,-1.0,-1.0,-1.0,-1.0,-1.0,-1.0,-1.0,-1.0,-1.0,-1.0,-1.0,-1.0,-1.0,-1.0,-1.0,-1.0,-1.0,-1.0,-1.0,-1.0,-1.0,-1.0,-1.0,-1.0,-1.0,-1.0,-1.0,-1.0,-1.0,-1.0,-1.0,-1.0,-1.0,-1.0,-1.0,-1.0,-1.0,-1.0,-1.0,-1.0,-1.0,-1.0,-1.0,-1.0,-1.0,-1.0,-1.0,-1.0,-1.0,-1.0,-1.0,-1.0,-1.0,-1.0,-1.0,-1.0,-1.0,-1.0,-1.0,-1.0,-1.0,-1.0,-1.0,-1.0,-1.0,-1.0,-1.0,-1.0,-1.0,-1.0,-1.0,-1.0,-1.0,-1.0,-1.0,-1.0,-1.0,-1.0,-1.0,-1.0,-1.0,-1.0,-1.0,-1.0,-1.0,-1.0,-1.0,-1.0,-1.0,-1.0,-1.0,-1.0,-1.0,-1.0,-1.0,-1.0,-1.0,-1.0,-1.0,-1.0,-1.0,-1.0,-1.0,-1.0,-1.0,-1.0,-1.0,-1.0,-1.0,-1.0,-1.0,-1.0,-1.0,-1.0,-1.0,-1.0,-1.0,-1.0,-1.0,-1.0,-1.0,-1.0,-1.0,-1.0,-1.0,-1.0,-1.0,-1.0,-1.0,-1.0,-1.0,-1.0,-1.0,-1.0,-1.0,-1.0,-1.0,-1.0,-1.0,-1.0,-1.0,-1.0,-1.0,-1.0,-1.0,-1.0,-1.0,-1.0,-1.0,-1.0,-1.0,-1.0,-1.0,-1.0,-1.0,-1.0,-1.0,-1.0,-1.0,-1.0,-1.0,-1.0,-1.0,-1.0,-1.0,-1.0,-1.0
-1.0,-1.0,-1.0,-1.0,-1.0,-1.0,-1.0,-1.0,-1.0,-1.0,-1.0,-1.0,-1.0,-1.0,-1.0,-1.0,-1.0,-1.0,-1.0,-1.0,-1.0,-1.0,-1.0,-1.0,-1.0,-1.0,-1.0,-1.0,-1.0,-1.0,-1.0,-1.0,-1.0,-1.0,-1.0,-1.0,-1.0,-1.0,-1.0,-1.0,-1.0,-1.0,-1.0,-1.0,-1.0,-1.0,-1.0,-1.0,-1.0,-1.0,-1.0,-1.0,-1.0,-1.0,-1.0,-1.0,-1.0,-1.0,-1.0,-1.0,-1.0,-1.0,-1.0,-1.0,-1.0,-1.0,-1.0,-1.0,-1.0,-1.0,-1.0,-1.0,-1.0,-1.0,-1.0,-1.0,-1.0,-1.0,-1.0,-1.0,-1.0,-1.0,-1.0,-1.0,-1.0,-1.0,-1.0,-1.0,-1.0,-1.0,-1.0,-1.0,-1.0,-1.0,-1.0,-1.0,-1.0,-1.0,-1.0,-1.0,-1.0,-1.0,-1.0,-1.0,-1.0,-1.0,-1.0,-1.0,-1.0,-1.0,-1.0,-1.0,-1.0,-1.0,-1.0,-1.0,-1.0,-1.0,-1.0,-1.0,-1.0,-1.0,-1.0,-1.0,-1.0,-1.0,-1.0,-1.0,-1.0,-1.0,-1.0,-1.0,-1.0,-1.0,-1.0,-1.0,-1.0,-1.0,-1.0,-1.0,-1.0,-1.0,-1.0,-1.0,-1.0,-1.0,-1.0,-1.0,-1.0,-1.0,-1.0,-1.0,-1.0,-1.0,-1.0,-1.0,-1.0,-1.0,-1.0,-1.0,-1.0,-1.0,-1.0,-1.0,-1.0,-1.0,-1.0,-1.0,-1.0,-1.0,-1.0,-1.0,-1.0,-1.0,-1.0,-1.0,-1.0,-1.0,-1.0,-1.0,-1.0,-1.0,-1.0,-1.0,-1.0,-1.0,-1.0,-1.0,-1.0,-1.0,-1.0,-1.0,-1.0,-1.0,-1.0,-1.0,-1.0,-1.0,-1.0,-1.0,-1.0,-1.0,-1.0,-1.0,-1.0,-1.0,-1.0,-1.0,-1.0,-1.0,-1.0,-1.0,-1.0,-1.0,-1.0,-1.0,-1.0,-1.0,-1.0,-1.0,-1.0,-1.0,-1.0,-1.0,-1.0,-1.0,-1.0,-1.0,-1.0,-1.0,-1.0,-1.0,-1.0,-1.0,-1.0,-1.0,-1.0,-1.0,-1.0,-1.0,-1.0,-1.0,-1.0,-1.0,-1.0,-1.0,-1.0,-1.0,-1.0,-1.0,-1.0,-1.0,-1.0,-1.0,-1.0,-1.0,-1.0,-1.0,-1.0,-1.0,-1.0,-1.0,-1.0,-1.0,-1.0,-1.0,-1.0,-1.0,-1.0,-1.0,-1.0,-1.0,-1.0,-1.0,-1.0,-1.0,-1.0,-1.0,-1.0,-1.0,-1.0,-1.0,-1.0,-1.0,-1.0,-1.0,-1.0,-1.0,-1.0,-1.0,-1.0,-1.0,-1.0,-1.0,-1.0,-1.0,-1.0,-1.0,-1.0,-1.0,-1.0,-1.0,-1.0,-1.0,-1.0,-1.0,-1.0,-1.0,-1.0,-1.0,-1.0,-1.0,-1.0,-1.0,-1.0,-1.0,-1.0,-1.0,-1.0,-1.0,-1.0,-1.0,-1.0,-1.0,-1.0,-1.0,-1.0,-1.0,-1.0,-1.0,-1.0,-1.0,-1.0,-1.0,-1.0,-1.0,-1.0,-1.0,-1.0,-1.0,-1.0,-1.0,-1.0,-1.0,-1.0,-1.0,-1.0,-1.0,-1.0,-1.0,-1.0,-1.0,-1.0,-1.0,-1.0,-1.0,-1.0,-1.0,-1.0,-1.0,-1.0,-1.0,-1.0,-1.0,-1.0,-1.0,-1.0,-1.0,-1.0,-1.0,-1.0,-1.0,-1.0,-1.0,-1.0,-1.0,-1.0,-1.0,-1.0,-1.0,-1.0,-1.0,-1.0,-1.0,-1.0,-1.0,-1.0,-1.0,-1.0,-1.0,-1.0,-1.0,-1.0,-1.0,-1.0,-1.0,-1.0,-1.0,-1.0,-1.0,-1.0,-1.0,-1.0,-1.0,-1.0,-1.0,-1.0,-1.0,-1.0,-1.0,-1.0,-1.0,-1.0,-1.0,-1.0,-1.0,-1.0,-1.0,-1.0,-1.0
-1.0,-1.0,-1.0,-1.0,-1.0,-1.0,-1.0,-1.0,-1.0,-1.0,-1.0,-1.0,-1.0,-1.0,-1.0,-1.0,-1.0,-1.0,-1.0,-1.0,-1.0,-1.0,-1.0,-1.0,-1.0,-1.0,-1.0,-1.0,-1.0,-1.0,-1.0,-1.0,-1.0,-1.0,-1.0,-1.0,-1.0,-1.0,-1.0,-1.0,-1.0,-1.0,-1.0,-1.0,-1.0,-1.0,-1.0,-1.0,-1.0,-1.0,-1.0,-1.0,-1.0,-1.0,-1.0,-1.0,-1.0,-1.0,-1.0,-1.0,-1.0,-1.0,-1.0,-1.0,-1.0,-1.0,-1.0,-1.0,-1.0,-1.0,-1.0,-1.0,-1.0,-1.0,-1.0,-1.0,-1.0,-1.0,-1.0,-1.0,-1.0,-1.0,-1.0,-1.0,-1.0,-1.0,-1.0,-1.0,-1.0,-1.0,-1.0,-1.0,-1.0,-1.0,-1.0,-1.0,-1.0,-1.0,-1.0,-1.0,-1.0,-1.0,-1.0,-1.0,-1.0,-1.0,-1.0,-1.0,-1.0,-1.0,-1.0,-1.0,-1.0,-1.0,-1.0,-1.0,-1.0,-1.0,-1.0,-1.0,-1.0,-1.0,-1.0,-1.0,-1.0,-1.0,-1.0,-1.0,-1.0,-1.0,-1.0,-1.0,-1.0,-1.0,-1.0,-1.0,-1.0,-1.0,-1.0,-1.0,-1.0,-1.0,-1.0,-1.0,-1.0,-1.0,-1.0,-1.0,-1.0,-1.0,-1.0,-1.0,-1.0,-1.0,-1.0,-1.0,-1.0,-1.0,-1.0,-1.0,-1.0,-1.0,-1.0,-1.0,-1.0,-1.0,-1.0,-1.0,-1.0,-1.0,-1.0,-1.0,-1.0,-1.0,-1.0,-1.0,-1.0,-1.0,-1.0,-1.0,-1.0,-1.0,-1.0,-1.0,-1.0,-1.0,-1.0,-1.0,-1.0,-1.0,-1.0,-1.0,-1.0,-1.0,-1.0,-1.0,-1.0,-1.0,-1.0,-1.0,-1.0,-1.0,-1.0,-1.0,-1.0,-1.0,-1.0,-1.0,-1.0,-1.0,-1.0,-1.0,-1.0,-1.0,-1.0,-1.0,-1.0,-1.0,-1.0,-1.0,-1.0,-1.0,-1.0,-1.0,-1.0,-1.0,-1.0,-1.0,-1.0,-1.0,-1.0,-1.0,-1.0,-1.0,-1.0,-1.0,-1.0,-1.0,-1.0,-1.0,-1.0,-1.0,-1.0,-1.0,-1.0,-1.0,-1.0,-1.0,-1.0,-1.0,-1.0,-1.0,-1.0,-1.0,-1.0,-1.0,-1.0,-1.0,-1.0,-1.0,-1.0,-1.0,-1.0,-1.0,-1.0,-1.0,-1.0,-1.0,-1.0,-1.0,-1.0,-1.0,-1.0,-1.0,-1.0,-1.0,-1.0,-1.0,-1.0,-1.0,-1.0,-1.0,-1.0,-1.0,-1.0,-1.0,-1.0,-1.0,-1.0,-1.0,-1.0,-1.0,-1.0,-1.0,-1.0,-1.0,-1.0,-1.0,-1.0,-1.0,-1.0,-1.0,-1.0,-1.0,-1.0,-1.0,-1.0,-1.0,-1.0,-1.0,-1.0,-1.0,-1.0,-1.0,-1.0,-1.0,-1.0,-1.0,-1.0,-1.0,-1.0,-1.0,-1.0,-1.0,-1.0,-1.0,-1.0,-1.0,-1.0,-1.0,-1.0,-1.0,-1.0,-1.0,-1.0,-1.0,-1.0,-1.0,-1.0,-1.0,-1.0,-1.0,-1.0,-1.0,-1.0,-1.0,-1.0,-1.0,-1.0,-1.0,-1.0,-1.0,-1.0,-1.0,-1.0,-1.0,-1.0,-1.0,-1.0,-1.0,-1.0,-1.0,-1.0,-1.0,-1.0,-1.0,-1.0,-1.0,-1.0,-1.0,-1.0,-1.0,-1.0,-1.0,-1.0,-1.0,-1.0,-1.0,-1.0,-1.0,-1.0,-1.0,-1.0,-1.0,-1.0,-1.0,-1.0,-1.0,-1.0,-1.0,-1.0,-1.0,-1.0,-1.0,-1.0,-1.0,-1.0,-1.0,-1.0,-1.0,-1.0,-1.0,-1.0,-1.0,-1.0,-1.0,-1.0,-1.0,-1.0,-1.0,-1.0,-1.0,-1.0,-1.0,-1.0,-1.0,-1.0,-1.0,-1.0,-1.0
-1.0,-1.0,-1.0,-1.0,-1.0,-1.0,-1.0,-1.0,-1.0,-1.0,-1.0,-1.0,-1.0,-1.0,-1.0,-1.0,-1.0,-1.0,-1.0,-1.0,-1.0,-1.0,-1.0,-1.0,-1.0,-1.0,-1.0,-1.0,-1.0,-1.0,-1.0,-1.0,-1.0,-1.0,-1.0,-1.0,-1.0,-1.0,-1.0,-1.0,-1.0,-1.0,-1.0,-1.0,-1.0,-1.0,-1.0,-1.0,-1.0,-1.0,-1.0,-1.0,-1.0,-1.0,-1.0,-1.0,-1.0,-1.0,-1.0,-1.0,-1.0,-1.0,-1.0,-1.0,-1.0,-1.0,-1.0,-1.0,-1.0,-1.0,-1.0,-1.0,-1.0,-1.0,-1.0,-1.0,-1.0,-1.0,-1.0,-1.0,-1.0,-1.0,-1.0,-1.0,-1.0,-1.0,-1.0,-1.0,-1.0,-1.0,-1.0,-1.0,-1.0,-1.0,-1.0,-1.0,-1.0,-1.0,-1.0,-1.0,-1.0,-1.0,-1.0,-1.0,-1.0,-1.0,-1.0,-1.0,-1.0,-1.0,-1.0,-1.0,-1.0,-1.0,-1.0,-1.0,-1.0,-1.0,-1.0,-1.0,-1.0,-1.0,-1.0,-1.0,-1.0,-1.0,-1.0,-1.0,-1.0,-1.0,-1.0,-1.0,-1.0,-1.0,-1.0,-1.0,-1.0,-1.0,-1.0,-1.0,-1.0,-1.0,-1.0,-1.0,-1.0,-1.0,-1.0,-1.0,-1.0,-1.0,-1.0,-1.0,-1.0,-1.0,-1.0,-1.0,-1.0,-1.0,-1.0,-1.0,-1.0,-1.0,-1.0,-1.0,-1.0,-1.0,-1.0,-1.0,-1.0,-1.0,-1.0,-1.0,-1.0,-1.0,-1.0,-1.0,-1.0,-1.0,-1.0,-1.0,-1.0,-1.0,-1.0,-1.0,-1.0,-1.0,-1.0,-1.0,-1.0,-1.0,-1.0,-1.0,-1.0,-1.0,-1.0,1.0,1.0,-1.0,-1.0,-1.0,-1.0,-1.0,-1.0,-1.0,-1.0,-1.0,-1.0,-1.0,-1.0,-1.0,-1.0,-1.0,-1.0,-1.0,-1.0,-1.0,-1.0,-1.0,-1.0,-1.0,-1.0,-1.0,-1.0,-1.0,-1.0,-1.0,-1.0,-1.0,-1.0,-1.0,-1.0,-1.0,-1.0,-1.0,-1.0,-1.0,-1.0,-1.0,-1.0,-1.0,-1.0,-1.0,-1.0,-1.0,-1.0,-1.0,-1.0,-1.0,-1.0,-1.0,-1.0,-1.0,-1.0,-1.0,-1.0,-1.0,-1.0,-1.0,1.0,1.0,1.0,1.0,-1.0,-1.0,-1.0,-1.0,-1.0,-1.0,-1.0,-1.0,-1.0,-1.0,-1.0,-1.0,-1.0,-1.0,-1.0,-1.0,-1.0,-1.0,-1.0,-1.0,-1.0,-1.0,-1.0,-1.0,-1.0,-1.0,-1.0,-1.0,-1.0,-1.0,-1.0,-1.0,-1.0,-1.0,-1.0,-1.0,-1.0,-1.0,-1.0,-1.0,-1.0,-1.0,-1.0,-1.0,-1.0,-1.0,-1.0,-1.0,-1.0,-1.0,-1.0,-1.0,-1.0,-1.0,-1.0,-1.0,-1.0,-1.0,-1.0,-1.0,-1.0,-1.0,-1.0,-1.0,-1.0,-1.0,-1.0,-1.0,-1.0,-1.0,-1.0,-1.0,-1.0,-1.0,-1.0,-1.0,-1.0,-1.0,-1.0,-1.0,-1.0,1.0,1.0,1.0,1.0,1.0,1.0,1.0,1.0,1.0,1.0,1.0,1.0,-1.0,-1.0,-1.0,-1.0,-1.0,-1.0,1.0,1.0,-1.0,-1.0,-1.0,-1.0,-1.0,-1.0,-1.0,-1.0,-1.0,-1.0,-1.0,1.0,1.0,1.0,1.0,1.0,1.0,1.0,1.0,1.0,1.0,1.0,1.0,1.0,1.0,1.0,1.0,-1.0,-1.0,-1.0,-1.0,-1.0,-1.0,-1.0,-1.0,-1.0,-1.0,-1.0,-1.0,-1.0,-1.0,-1.0,-1.0,-1.0,-1.0,-1.0,-1.0,-1.0,-1.0,-1.0,-1.0,-1.0,-1.0,-1.0,-1.0,-1.0,-1.0
-1.0,-1.0,-1.0,-1.0,-1.0,-1.0,-1.0,-1.0,-1.0,-1.0,-1.0,-1.0,-1.0,-1.0,-1.0,-1.0,-1.0,-1.0,-1.0,-1.0,-1.0,-1.0,-1.0,-1.0,-1.0,-1.0,-1.0,-1.0,-1.0,-1.0,-1.0,-1.0,-1.0,-1.0,-1.0,-1.0,-1.0,-1.0,-1.0,-1.0,-1.0,-1.0,-1.0,-1.0,-1.0,-1.0,-1.0,-1.0,-1.0,-1.0,-1.0,-1.0,-1.0,-1.0,-1.0,-1.0,-1.0,-1.0,-1.0,-1.0,-1.0,-1.0,-1.0,-1.0,-1.0,-1.0,-1.0,-1.0,-1.0,-1.0,-1.0,-1.0,-1.0,-1.0,-1.0,-1.0,-1.0,-1.0,-1.0,-1.0,-1.0,-1.0,-1.0,-1.0,-1.0,-1.0,-1.0,-1.0,-1.0,-1.0,-1.0,-1.0,-1.0,-1.0,-1.0,-1.0,-1.0,-1.0,-1.0,-1.0,-1.0,-1.0,-1.0,-1.0,-1.0,-1.0,-1.0,-1.0,-1.0,-1.0,-1.0,-1.0,-1.0,-1.0,-1.0,-1.0,-1.0,-1.0,-1.0,-1.0,-1.0,-1.0,-1.0,-1.0,-1.0,-1.0,-1.0,-1.0,-1.0,-1.0,-1.0,-1.0,-1.0,-1.0,-1.0,-1.0,-1.0,-1.0,-1.0,-1.0,-1.0,-1.0,-1.0,-1.0,-1.0,-1.0,-1.0,-1.0,-1.0,-1.0,-1.0,-1.0,-1.0,-1.0,-1.0,-1.0,-1.0,-1.0,-1.0,-1.0,-1.0,-1.0,-1.0,-1.0,-1.0,-1.0,-1.0,-1.0,-1.0,-1.0,-1.0,-1.0,-1.0,-1.0,-1.0,-1.0,-1.0,-1.0,-1.0,-1.0,-1.0,-1.0,-1.0,-1.0,-1.0,-1.0,-1.0,-1.0,-1.0,-1.0,-1.0,-1.0,-1.0,-1.0,-1.0,-1.0,-1.0,-1.0,-1.0,-1.0,-1.0,-1.0,-1.0,-1.0,-1.0,-1.0,-1.0,-1.0,-1.0,-1.0,-1.0,-1.0,-1.0,-1.0,-1.0,-1.0,-1.0,-1.0,-1.0,-1.0,-1.0,-1.0,-1.0,-1.0,-1.0,-1.0,-1.0,-1.0,-1.0,-1.0,-1.0,-1.0,-1.0,-1.0,-1.0,-1.0,-1.0,-1.0,-1.0,-1.0,-1.0,-1.0,-1.0,-1.0,-1.0,-1.0,-1.0,-1.0,-1.0,-1.0,-1.0,-1.0,-1.0,-1.0,-1.0,-1.0,-1.0,-1.0,-1.0,-1.0,-1.0,-1.0,-1.0,-1.0,-1.0,-1.0,-1.0,-1.0,-1.0,-1.0,-1.0,-1.0,-1.0,-1.0,-1.0,-1.0,-1.0,-1.0,-1.0,-1.0,-1.0,-1.0,-1.0,-1.0,-1.0,-1.0,-1.0,-1.0,-1.0,-1.0,-1.0,-1.0,-1.0,-1.0,-1.0,-1.0,-1.0,-1.0,-1.0,-1.0,-1.0,-1.0,-1.0,-1.0,-1.0,-1.0,-1.0,-1.0,-1.0,-1.0,-1.0,-1.0,-1.0,-1.0,-1.0,-1.0,-1.0,-1.0,-1.0,-1.0,-1.0,-1.0,-1.0,-1.0,-1.0,-1.0,-1.0,-1.0,-1.0,-1.0,-1.0,-1.0,-1.0,-1.0,-1.0,-1.0,-1.0,-1.0,-1.0,-1.0,-1.0,-1.0,-1.0,-1.0,-1.0,-1.0,-1.0,-1.0,-1.0,-1.0,-1.0,-1.0,-1.0,-1.0,-1.0,-1.0,-1.0,-1.0,-1.0,-1.0,-1.0,-1.0,-1.0,-1.0,-1.0,-1.0,-1.0,-1.0,-1.0,-1.0,-1.0,-1.0,-1.0,-1.0,-1.0,-1.0,-1.0,-1.0,-1.0,-1.0,-1.0,-1.0,-1.0,-1.0,-1.0,-1.0,-1.0,-1.0,-1.0,-1.0,-1.0,-1.0,-1.0,-1.0,-1.0,-1.0,-1.0,-1.0,-1.0,-1.0,-1.0,-1.0,-1.0,-1.0,-1.0,-1.0,-1.0,-1.0,-1.0,-1.0,-1.0,-1.0,-1.0,-1.0,-1.0,-1.0,-1.0,-1.0,-1.0,-1.0
-1.0,1.0,1.0,1.0,1.0,1.0,1.0,-1.0,1.0,1.0,1.0,1.0,1.0,1.0,1.0,1.0,1.0,-1.0,1.0,1.0,1.0,1.0,1.0,1.0,1.0,1.0,1.0,1.0,1.0,1.0,1.0,1.0,1.0,1.0,1.0,1.0,1.0,-1.0,1.0,1.0,1.0,1.0,1.0,1.0,1.0,1.0,1.0,1.0,1.0,1.0,1.0,1.0,1.0,1.0,-1.0,1.0,1.0,1.0,1.0,1.0,1.0,1.0,1.0,-1.0,1.0,1.0,1.0,1.0,1.0,1.0,1.0,-1.0,1.0,1.0,1.0,1.0,1.0,1.0,1.0,1.0,-1.0,1.0,1.0,1.0,1.0,1.0,1.0,1.0,1.0,1.0,-1.0,1.0,1.0,1.0,-1.0,1.0,1.0,1.0,1.0,1.0,1.0,1.0,1.0,1.0,1.0,1.0,1.0,1.0,1.0,1.0,-1.0,1.0,1.0,1.0,1.0,1.0,1.0,1.0,1.0,1.0,1.0,1.0,1.0,1.0,1.0,-1.0,1.0,1.0,1.0,1.0,1.0,1.0,1.0,1.0,1.0,1.0,1.0,1.0,1.0,-1.0,-1.0,-1.0,-1.0,1.0,-1.0,1.0,1.0,1.0,1.0,1.0,1.0,1.0,-1.0,1.0,1.0,1.0,1.0,1.0,1.0,1.0,1.0,1.0,1.0,1.0,1.0,-1.0,-1.0,-1.0,-1.0,-1.0,-1.0,-1.0,-1.0,-1.0,-1.0,-1.0,-1.0,-1.0,-1.0,-1.0,-1.0,-1.0,-1.0,-1.0,-1.0,-1.0,-1.0,-1.0,-1.0,-1.0,-1.0,-1.0,-1.0,-1.0,-1.0,-1.0,-1.0,-1.0,-1.0,-1.0,-1.0,-1.0,-1.0,-1.0,-1.0,-1.0,-1.0,-1.0,-1.0,-1.0,-1.0,-1.0,-1.0,-1.0,-1.0,-1.0,-1.0,-1.0,-1.0,-1.0,-1.0,-1.0,-1.0,-1.0,-1.0,-1.0,-1.0,-1.0,-1.0,-1.0,-1.0,-1.0,-1.0,-1.0,-1.0,-1.0,-1.0,-1.0,-1.0,-1.0,-1.0,-1.0,-1.0,-1.0,-1.0,-1.0,-1.0,-1.0,-1.0,-1.0,-1.0,-1.0,-1.0,-1.0,-1.0,-1.0,-1.0,-1.0,-1.0,-1.0,-1.0,-1.0,-1.0,-1.0,-1.0,-1.0,-1.0,-1.0,-1.0,-1.0,-1.0,-1.0,-1.0,-1.0,-1.0,-1.0,-1.0,-1.0,-1.0,-1.0,-1.0,-1.0,-1.0,-1.0,-1.0,-1.0,-1.0,-1.0,-1.0,-1.0,-1.0,-1.0,-1.0,-1.0,-1.0,-1.0,-1.0,-1.0,-1.0,-1.0,-1.0,-1.0,-1.0,-1.0,-1.0,-1.0,-1.0,-1.0,-1.0,-1.0,-1.0,-1.0,-1.0,-1.0,-1.0,-1.0,-1.0,-1.0,-1.0,-1.0,-1.0,-1.0,-1.0,-1.0,-1.0,-1.0,-1.0,-1.0,-1.0,-1.0,-1.0,-1.0,1.0,1.0,1.0,1.0,1.0,1.0,1.0,1.0,1.0,1.0,-1.0,-1.0,-1.0,-1.0,-1.0,-1.0,-1.0,-1.0,-1.0,-1.0,-1.0,-1.0,-1.0,-1.0,-1.0,-1.0,-1.0,-1.0,-1.0,-1.0,-1.0,-1.0,-1.0,-1.0,-1.0,-1.0,-1.0,-1.0,-1.0,-1.0,-1.0,-1.0,-1.0,-1.0,-1.0,-1.0,-1.0,-1.0,-1.0,-1.0,-1.0,-1.0,-1.0,-1.0,-1.0,-1.0,-1.0,-1.0,1.0,1.0,1.0,1.0,1.0,1.0,1.0,1.0,1.0,1.0,-1.0,-1.0,-1.0,-1.0,-1.0,-1.0,-1.0,1.0,-1.0,-1.0,-1.0,-1.0,-1.0,-1.0,-1.0,-1.0,-1.0,-1.0,-1.0,-1.0
-1.0,-1.0,-1.0,-1.0,-1.0,-1.0,-1.0,-1.0,-1.0,-1.0,-1.0,-1.0,-1.0,-1.0,-1.0,-1.0,-1.0,-1.0,-1.0,-1.0,-1.0,-1.0,-1.0,-1.0,-1.0,-1.0,-1.0,-1.0,-1.0,-1.0,-1.0,-1.0,-1.0,-1.0,-1.0,-1.0,-1.0,-1.0,-1.0,-1.0,-1.0,-1.0,-1.0,-1.0,-1.0,-1.0,-1.0,-1.0,-1.0,-1.0,-1.0,-1.0,-1.0,-1.0,-1.0,-1.0,-1.0,-1.0,-1.0,-1.0,-1.0,-1.0,-1.0,-1.0,-1.0,-1.0,-1.0,-1.0,-1.0,-1.0,-1.0,-1.0,-1.0,-1.0,-1.0,-1.0,-1.0,-1.0,-1.0,-1.0,-1.0,-1.0,-1.0,-1.0,-1.0,-1.0,-1.0,-1.0,-1.0,-1.0,-1.0,-1.0,-1.0,-1.0,-1.0,-1.0,-1.0,-1.0,-1.0,-1.0,-1.0,-1.0,-1.0,-1.0,-1.0,-1.0,-1.0,-1.0,-1.0,-1.0,-1.0,-1.0,-1.0,-1.0,-1.0,-1.0,-1.0,-1.0,-1.0,-1.0,-1.0,-1.0,-1.0,-1.0,-1.0,-1.0,-1.0,-1.0,-1.0,-1.0,-1.0,-1.0,-1.0,-1.0,-1.0,-1.0,-1.0,-1.0,-1.0,-1.0,-1.0,-1.0,-1.0,-1.0,-1.0,-1.0,-1.0,-1.0,-1.0,-1.0,-1.0,-1.0,-1.0,-1.0,-1.0,-1.0,-1.0,-1.0,-1.0,-1.0,-1.0,-1.0,-1.0,-1.0,-1.0,-1.0,-1.0,-1.0,-1.0,-1.0,-1.0,-1.0,-1.0,-1.0,-1.0,-1.0,-1.0,-1.0,-1.0,-1.0,-1.0,-1.0,-1.0,-1.0,-1.0,-1.0,-1.0,-1.0,-1.0,-1.0,-1.0,-1.0,-1.0,-1.0,-1.0,-1.0,-1.0,-1.0,-1.0,-1.0,-1.0,-1.0,-1.0,-1.0,-1.0,-1.0,-1.0,-1.0,-1.0,-1.0,-1.0,-1.0,-1.0,-1.0,-1.0,-1.0,-1.0,-1.0,-1.0,-1.0,-1.0,-1.0,-1.0,-1.0,-1.0,-1.0,-1.0,-1.0,-1.0,-1.0,-1.0,-1.0,-1.0,-1.0,-1.0,-1.0,-1.0,-1.0,-1.0,-1.0,-1.0,-1.0,-1.0,-1.0,-1.0,-1.0,-1.0,-1.0,-1.0,-1.0,-1.0,-1.0,-1.0,-1.0,-1.0,-1.0,-1.0,-1.0,-1.0,-1.0,-1.0,-1.0,-1.0,-1.0,-1.0,-1.0,-1.0,-1.0,-1.0,-1.0,-1.0,-1.0,-1.0,-1.0,-1.0,-1.0,-1.0,-1.0,-1.0,-1.0,-1.0,-1.0,-1.0,-1.0,-1.0,-1.0,-1.0,-1.0,-1.0,-1.0,-1.0,-1.0,-1.0,-1.0,-1.0,-1.0,-1.0,-1.0,-1.0,-1.0,-1.0,-1.0,-1.0,-1.0,-1.0,-1.0,-1.0,-1.0,-1.0,-1.0,-1.0,-1.0,-1.0,-1.0,-1.0,-1.0,-1.0,-1.0,-1.0,-1.0,-1.0,-1.0,-1.0,-1.0,-1.0,-1.0,-1.0,-1.0,-1.0,-1.0,-1.0,-1.0,-1.0,-1.0,-1.0,-1.0,-1.0,-1.0,-1.0,-1.0,-1.0,-1.0,-1.0,-1.0,-1.0,-1.0,-1.0,-1.0,-1.0,-1.0,-1.0,-1.0,-1.0,-1.0,-1.0,-1.0,-1.0,-1.0,-1.0,-1.0,-1.0,-1.0,-1.0,-1.0,-1.0,-1.0,-1.0,-1.0,-1.0,-1.0,-1.0,-1.0,-1.0,-1.0,-1.0,-1.0,-1.0,-1.0,-1.0,-1.0,-1.0,-1.0,-1.0,-1.0,-1.0,-1.0,-1.0,-1.0,-1.0,-1.0,-1.0,-1.0,-1.0,-1.0,-1.0,-1.0,-1.0,-1.0,-1.0,-1.0,-1.0,-1.0,-1.0,-1.0,-1.0,-1.0,-1.0,-1.0,-1.0,-1.0,-1.0,-1.0,-1.0,-1.0,-1.0,-1.0,-1.0,-1.0,-1.0,-1.0
-1.0,-1.0,-1.0,-1.0,-1.0,-1.0,-1.0,-1.0,-1.0,-1.0,-1.0,-1.0,-1.0,-1.0,-1.0,-1.0,-1.0,-1.0,-1.0,-1.0,-1.0,-1.0,-1.0,-1.0,-1.0,-1.0,-1.0,-1.0,-1.0,-1.0,-1.0,-1.0,-1.0,-1.0,-1.0,-1.0,-1.0,-1.0,-1.0,-1.0,-1.0,-1.0,-1.0,-1.0,-1.0,-1.0,-1.0,-1.0,-1.0,-1.0,-1.0,-1.0,-1.0,-1.0,-1.0,-1.0,-1.0,-1.0,-1.0,-1.0,-1.0,-1.0,-1.0,-1.0,-1.0,-1.0,-1.0,-1.0,-1.0,-1.0,-1.0,-1.0,-1.0,-1.0,-1.0,-1.0,-1.0,-1.0,-1.0,-1.0,-1.0,-1.0,-1.0,-1.0,-1.0,-1.0,-1.0,-1.0,-1.0,-1.0,-1.0,-1.0,-1.0,-1.0,-1.0,-1.0,-1.0,-1.0,-1.0,-1.0,-1.0,-1.0,-1.0,-1.0,-1.0,-1.0,-1.0,-1.0,-1.0,-1.0,-1.0,-1.0,-1.0,-1.0,-1.0,-1.0,-1.0,-1.0,-1.0,-1.0,-1.0,-1.0,-1.0,-1.0,-1.0,-1.0,-1.0,-1.0,-1.0,-1.0,-1.0,-1.0,-1.0,-1.0,-1.0,-1.0,-1.0,-1.0,-1.0,-1.0,-1.0,-1.0,-1.0,-1.0,-1.0,-1.0,-1.0,-1.0,-1.0,-1.0,-1.0,-1.0,-1.0,-1.0,-1.0,-1.0,-1.0,-1.0,-1.0,-1.0,-1.0,-1.0,-1.0,-1.0,-1.0,-1.0,-1.0,-1.0,-1.0,-1.0,-1.0,-1.0,-1.0,-1.0,-1.0,-1.0,-1.0,-1.0,-1.0,-1.0,-1.0,-1.0,-1.0,-1.0,-1.0,-1.0,-1.0,-1.0,-1.0,-1.0,-1.0,-1.0,-1.0,-1.0,-1.0,-1.0,-1.0,-1.0,-1.0,-1.0,-1.0,-1.0,-1.0,-1.0,-1.0,-1.0,-1.0,-1.0,-1.0,-1.0,-1.0,-1.0,-1.0,-1.0,-1.0,-1.0,-1.0,-1.0,-1.0,-1.0,-1.0,-1.0,-1.0,-1.0,-1.0,-1.0,-1.0,-1.0,-1.0,-1.0,-1.0,-1.0,-1.0,-1.0,-1.0,-1.0,-1.0,-1.0,-1.0,-1.0,-1.0,-1.0,-1.0,-1.0,-1.0,-1.0,-1.0,-1.0,-1.0,-1.0,-1.0,-1.0,-1.0,-1.0,-1.0,-1.0,-1.0,-1.0,-1.0,-1.0,-1.0,-1.0,-1.0,-1.0,-1.0,-1.0,-1.0,-1.0,-1.0,-1.0,-1.0,-1.0,-1.0,-1.0,-1.0,-1.0,-1.0,-1.0,-1.0,-1.0,-1.0,-1.0,-1.0,-1.0,-1.0,-1.0,-1.0,-1.0,-1.0,-1.0,-1.0,-1.0,-1.0,-1.0,-1.0,-1.0,-1.0,-1.0,-1.0,-1.0,-1.0,-1.0,-1.0,-1.0,-1.0,-1.0,-1.0,-1.0,-1.0,-1.0,-1.0,-1.0,-1.0,-1.0,-1.0,-1.0,-1.0,-1.0,-1.0,-1.0,-1.0,-1.0,-1.0,-1.0,-1.0,-1.0,-1.0,-1.0,-1.0,-1.0,-1.0,-1.0,-1.0,-1.0,-1.0,-1.0,-1.0,-1.0,-1.0,-1.0,-1.0,-1.0,-1.0,-1.0,-1.0,-1.0,-1.0,-1.0,-1.0,-1.0,-1.0,-1.0,-1.0,-1.0,-1.0,-1.0,-1.0,-1.0,-1.0,-1.0,-1.0,-1.0,-1.0,-1.0,-1.0,-1.0,-1.0,-1.0,-1.0,-1.0,-1.0,-1.0,-1.0,-1.0,-1.0,-1.0,-1.0,-1.0,-1.0,-1.0,-1.0,-1.0,-1.0,-1.0,-1.0,-1.0,-1.0,-1.0,-1.0,-1.0,-1.0,-1.0,-1.0,-1.0,-1.0,-1.0,-1.0,-1.0,-1.0,-1.0,-1.0,-1.0,-1.0,-1.0,-1.0,-1.0,-1.0,-1.0,-1.0,-1.0,-1.0,-1.0,-1.0,-1.0,-1.0,-1.0,-1.0,-1.0,-1.0,-1.0
-1.0,-1.0,-1.0,-1.0,-1.0,-1.0,-1.0,-1.0,-1.0,-1.0,-1.0,-1.0,-1.0,-1.0,-1.0,-1.0,-1.0,-1.0,-1.0,-1.0,-1.0,-1.0,-1.0,-1.0,-1.0,-1.0,-1.0,-1.0,-1.0,-1.0,-1.0,-1.0,-1.0,-1.0,-1.0,-1.0,-1.0,-1.0,-1.0,-1.0,-1.0,-1.0,-1.0,-1.0,-1.0,-1.0,-1.0,-1.0,-1.0,-1.0,-1.0,-1.0,-1.0,-1.0,-1.0,-1.0,-1.0,-1.0,-1.0,-1.0,-1.0,-1.0,-1.0,-1.0,-1.0,-1.0,-1.0,-1.0,-1.0,-1.0,-1.0,-1.0,-1.0,-1.0,-1.0,-1.0,-1.0,-1.0,-1.0,-1.0,-1.0,-1.0,-1.0,-1.0,-1.0,-1.0,-1.0,-1.0,-1.0,-1.0,-1.0,-1.0,-1.0,-1.0,-1.0,-1.0,-1.0,-1.0,-1.0,-1.0,-1.0,-1.0,-1.0,-1.0,-1.0,-1.0,-1.0,-1.0,-1.0,-1.0,-1.0,-1.0,-1.0,-1.0,-1.0,-1.0,-1.0,-1.0,-1.0,-1.0,-1.0,-1.0,-1.0,-1.0,-1.0,-1.0,-1.0,-1.0,-1.0,-1.0,-1.0,-1.0,-1.0,-1.0,-1.0,-1.0,-1.0,-1.0,-1.0,-1.0,-1.0,-1.0,-1.0,-1.0,-1.0,-1.0,-1.0,-1.0,-1.0,-1.0,-1.0,-1.0,-1.0,-1.0,-1.0,-1.0,-1.0,-1.0,-1.0,-1.0,-1.0,-1.0,-1.0,-1.0,-1.0,-1.0,-1.0,-1.0,-1.0,-1.0,-1.0,-1.0,-1.0,-1.0,-1.0,-1.0,-1.0,-1.0,-1.0,-1.0,-1.0,-1.0,-1.0,-1.0,-1.0,-1.0,-1.0,-1.0,-1.0,-1.0,-1.0,-1.0,-1.0,-1.0,-1.0,-1.0,-1.0,-1.0,-1.0,-1.0,-1.0,-1.0,-1.0,-1.0,-1.0,-1.0,-1.0,-1.0,-1.0,-1.0,-1.0,-1.0,-1.0,-1.0,-1.0,-1.0,-1.0,-1.0,-1.0,-1.0,-1.0,-1.0,-1.0,-1.0,-1.0,-1.0,-1.0,-1.0,-1.0,-1.0,-1.0,-1.0,-1.0,-1.0,-1.0,-1.0,-1.0,-1.0,-1.0,-1.0,-1.0,-1.0,-1.0,-1.0,-1.0,-1.0,-1.0,-1.0,-1.0,-1.0,-1.0,-1.0,-1.0,-1.0,-1.0,-1.0,-1.0,-1.0,-1.0,-1.0,-1.0,-1.0,-1.0,-1.0,-1.0,-1.0,-1.0,-1.0,-1.0,-1.0,-1.0,-1.0,-1.0,-1.0,-1.0,-1.0,-1.0,-1.0,-1.0,-1.0,-1.0,-1.0,-1.0,-1.0,-1.0,-1.0,-1.0,-1.0,-1.0,-1.0,-1.0,-1.0,-1.0,-1.0,-1.0,-1.0,-1.0,-1.0,-1.0,-1.0,-1.0,-1.0,-1.0,-1.0,-1.0,-1.0,-1.0,-1.0,-1.0,-1.0,-1.0,-1.0,-1.0,-1.0,-1.0,-1.0,-1.0,-1.0,-1.0,-1.0,-1.0,-1.0,-1.0,-1.0,-1.0,-1.0,-1.0,-1.0,-1.0,-1.0,-1.0,-1.0,-1.0,-1.0,-1.0,-1.0,-1.0,-1.0,-1.0,-1.0,-1.0,-1.0,-1.0,-1.0,-1.0,-1.0,-1.0,-1.0,-1.0,-1.0,-1.0,-1.0,-1.0,-1.0,-1.0,-1.0,-1.0,-1.0,-1.0,-1.0,-1.0,-1.0,-1.0,-1.0,-1.0,-1.0,-1.0,-1.0,-1.0,-1.0,-1.0,-1.0,-1.0,-1.0,-1.0,-1.0,-1.0,-1.0,-1.0,-1.0,-1.0,-1.0,-1.0,-1.0,-1.0,-1.0,-1.0,-1.0,-1.0,-1.0,-1.0,-1.0,-1.0,-1.0,-1.0,-1.0,-1.0,-1.0,-1.0,-1.0,-1.0,-1.0,-1.0,-1.0,-1.0,-1.0,-1.0,-1.0,-1.0,-1.0,-1.0,-1.0,-1.0,-1.0,-1.0,-1.0,-1.0,-1.0,-1.0,-1.0
-1.0,-1.0,-1.0,-1.0,-1.0,-1.0,-1.0,-1.0,-1.0,-1.0,-1.0,-1.0,-1.0,-1.0,-1.0,-1.0,-1.0,-1.0,-1.0,-1.0,-1.0,-1.0,-1.0,-1.0,-1.0,-1.0,-1.0,-1.0,-1.0,-1.0,-1.0,-1.0,-1.0,-1.0,-1.0,-1.0,-1.0,-1.0,-1.0,-1.0,-1.0,-1.0,-1.0,-1.0,-1.0,-1.0,-1.0,-1.0,-1.0,-1.0,-1.0,-1.0,-1.0,-1.0,-1.0,-1.0,-1.0,-1.0,-1.0,-1.0,-1.0,-1.0,-1.0,-1.0,-1.0,-1.0,-1.0,-1.0,-1.0,-1.0,-1.0,-1.0,-1.0,-1.0,-1.0,-1.0,-1.0,-1.0,-1.0,-1.0,-1.0,-1.0,-1.0,-1.0,-1.0,-1.0,-1.0,-1.0,-1.0,-1.0,-1.0,-1.0,-1.0,-1.0,-1.0,-1.0,-1.0,-1.0,-1.0,-1.0,-1.0,-1.0,-1.0,-1.0,-1.0,-1.0,-1.0,-1.0,-1.0,-1.0,-1.0,-1.0,-1.0,-1.0,-1.0,-1.0,-1.0,-1.0,-1.0,-1.0,-1.0,-1.0,-1.0,-1.0,-1.0,-1.0,-1.0,-1.0,-1.0,-1.0,-1.0,-1.0,-1.0,-1.0,-1.0,-1.0,-1.0,-1.0,-1.0,-1.0,-1.0,-1.0,-1.0,-1.0,-1.0,-1.0,-1.0,-1.0,-1.0,-1.0,-1.0,-1.0,-1.0,-1.0,-1.0,-1.0,-1.0,-1.0,-1.0,-1.0,-1.0,-1.0,-1.0,-1.0,-1.0,-1.0,-1.0,-1.0,-1.0,-1.0,-1.0,-1.0,-1.0,-1.0,-1.0,-1.0,-1.0,-1.0,-1.0,-1.0,-1.0,-1.0,-1.0,-1.0,-1.0,-1.0,-1.0,-1.0,-1.0,-1.0,-1.0,-1.0,-1.0,-1.0,-1.0,-1.0,-1.0,-1.0,-1.0,-1.0,-1.0,-1.0,-1.0,-1.0,-1.0,-1.0,-1.0,-1.0,-1.0,-1.0,-1.0,-1.0,-1.0,-1.0,-1.0,-1.0,-1.0,-1.0,-1.0,-1.0,-1.0,-1.0,-1.0,-1.0,-1.0,-1.0,-1.0,-1.0,-1.0,-1.0,-1.0,-1.0,-1.0,-1.0,-1.0,-1.0,-1.0,-1.0,-1.0,-1.0,-1.0,-1.0,-1.0,-1.0,-1.0,-1.0,-1.0,-1.0,-1.0,-1.0,-1.0,-1.0,-1.0,-1.0,-1.0,-1.0,-1.0,-1.0,-1.0,-1.0,-1.0,-1.0,-1.0,-1.0,-1.0,-1.0,-1.0,-1.0,-1.0,-1.0,-1.0,-1.0,-1.0,-1.0,-1.0,-1.0,-1.0,-1.0,-1.0,-1.0,-1.0,-1.0,-1.0,-1.0,-1.0,-1.0,-1.0,-1.0,-1.0,-1.0,-1.0,-1.0,-1.0,-1.0,-1.0,-1.0,-1.0,-1.0,-1.0,-1.0,-1.0,-1.0,-1.0,-1.0,-1.0,-1.0,-1.0,-1.0,-1.0,-1.0,-1.0,-1.0,-1.0,-1.0,-1.0,-1.0,-1.0,-1.0,-1.0,-1.0,-1.0,-1.0,-1.0,-1.0,-1.0,-1.0,-1.0,-1.0,-1.0,-1.0,-1.0,-1.0,-1.0,-1.0,-1.0,-1.0,-1.0,-1.0,-1.0,-1.0,-1.0,-1.0,-1.0,-1.0,-1.0,-1.0,-1.0,-1.0,-1.0,-1.0,-1.0,-1.0,-1.0,-1.0,-1.0,-1.0,-1.0,-1.0,-1.0,-1.0,-1.0,-1.0,-1.0,-1.0,-1.0,-1.0,-1.0,-1.0,-1.0,-1.0,-1.0,-1.0,-1.0,-1.0,-1.0,-1.0,-1.0,-1.0,-1.0,-1.0,-1.0,-1.0,-1.0,-1.0,-1.0,-1.0,-1.0,-1.0,-1.0,-1.0,-1.0,-1.0,-1.0,-1.0,-1.0,-1.0,-1.0,-1.0,-1.0,-1.0,-1.0,-1.0,-1.0,-1.0,-1.0,-1.0,-1.0,-1.0,-1.0,-1.0,-1.0,-1.0,-1.0,-1.0,-1.0,-1.0,-1.0,-1.0,-1.0,-1.0
-1.0,-1.0,-1.0,-1.0,-1.0,-1.0,-1.0,-1.0,-1.0,-1.0,-1.0,-1.0,-1.0,-1.0,-1.0,-1.0,-1.0,-1.0,-1.0,-1.0,-1.0,-1.0,-1.0,-1.0,-1.0,-1.0,-1.0,-1.0,-1.0,-1.0,-1.0,-1.0,-1.0,-1.0,-1.0,-1.0,-1.0,-1.0,-1.0,-1.0,-1.0,-1.0,-1.0,-1.0,-1.0,-1.0,-1.0,-1.0,-1.0,-1.0,-1.0,-1.0,-1.0,-1.0,-1.0,-1.0,-1.0,-1.0,-1.0,-1.0,-1.0,-1.0,-1.0,-1.0,-1.0,-1.0,-1.0,-1.0,-1.0,-1.0,-1.0,-1.0,-1.0,-1.0,-1.0,-1.0,-1.0,-1.0,-1.0,-1.0,-1.0,-1.0,-1.0,-1.0,-1.0,-1.0,-1.0,-1.0,-1.0,-1.0,-1.0,-1.0,-1.0,-1.0,-1.0,-1.0,-1.0,-1.0,-1.0,-1.0,-1.0,-1.0,-1.0,-1.0,-1.0,-1.0,-1.0,-1.0,-1.0,-1.0,-1.0,-1.0,-1.0,-1.0,-1.0,-1.0,-1.0,-1.0,-1.0,-1.0,-1.0,-1.0,-1.0,-1.0,-1.0,-1.0,-1.0,-1.0,-1.0,-1.0,-1.0,-1.0,-1.0,-1.0,-1.0,-1.0,-1.0,-1.0,-1.0,-1.0,-1.0,-1.0,-1.0,-1.0,-1.0,-1.0,-1.0,-1.0,-1.0,-1.0,-1.0,-1.0,-1.0,-1.0,-1.0,-1.0,-1.0,-1.0,-1.0,-1.0,-1.0,-1.0,-1.0,-1.0,-1.0,-1.0,-1.0,-1.0,-1.0,-1.0,-1.0,-1.0,-1.0,-1.0,-1.0,-1.0,-1.0,-1.0,-1.0,-1.0,-1.0,-1.0,-1.0,-1.0,-1.0,-1.0,-1.0,-1.0,-1.0,-1.0,-1.0,-1.0,-1.0,-1.0,-1.0,-1.0,-1.0,-1.0,-1.0,-1.0,-1.0,-1.0,-1.0,-1.0,-1.0,-1.0,-1.0,-1.0,-1.0,-1.0,-1.0,-1.0,-1.0,-1.0,-1.0,-1.0,-1.0,-1.0,-1.0,-1.0,-1.0,-1.0,-1.0,-1.0,-1.0,-1.0,-1.0,-1.0,-1.0,-1.0,-1.0,-1.0,-1.0,-1.0,-1.0,-1.0,-1.0,-1.0,-1.0,-1.0,-1.0,-1.0,-1.0,-1.0,-1.0,-1.0,-1.0,-1.0,-1.0,-1.0,-1.0,-1.0,-1.0,-1.0,-1.0,-1.0,-1.0,-1.0,-1.0,-1.0,-1.0,-1.0,-1.0,-1.0,-1.0,-1.0,-1.0,-1.0,-1.0,-1.0,-1.0,-1.0,-1.0,-1.0,-1.0,-1.0,-1.0,-1.0,-1.0,-1.0,-1.0,-1.0,-1.0,-1.0,-1.0,-1.0,-1.0,-1.0,-1.0,-1.0,-1.0,-1.0,-1.0,-1.0,-1.0,-1.0,-1.0,-1.0,-1.0,-1.0,-1.0,-1.0,-1.0,-1.0,-1.0,-1.0,-1.0,-1.0,-1.0,-1.0,-1.0,-1.0,-1.0,-1.0,-1.0,-1.0,-1.0,-1.0,-1.0,-1.0,-1.0,-1.0,-1.0,-1.0,-1.0,-1.0,-1.0,-1.0,-1.0,-1.0,-1.0,-1.0,-1.0,-1.0,-1.0,-1.0,-1.0,-1.0,-1.0,-1.0,-1.0,-1.0,-1.0,-1.0,-1.0,-1.0,-1.0,-1.0,-1.0,-1.0,-1.0,-1.0,-1.0,-1.0,-1.0,-1.0,-1.0,-1.0,-1.0,-1.0,-1.0,-1.0,-1.0,-1.0,-1.0,-1.0,-1.0,-1.0,-1.0,-1.0,-1.0,-1.0,-1.0,-1.0,-1.0,-1.0,-1.0,-1.0,-1.0,-1.0,-1.0,-1.0,-1.0,-1.0,-1.0,-1.0,-1.0,-1.0,-1.0,-1.0,-1.0,-1.0,-1.0,-1.0,-1.0,-1.0,-1.0,-1.0,-1.0,-1.0,-1.0,-1.0,-1.0,-1.0,-1.0,-1.0,-1.0,-1.0,-1.0,-1.0,-1.0,-1.0,-1.0,-1.0,-1.0,-1.0,-1.0,-1.0,-1.0,-1.0
1.0,1.0,1.0,1.0,1.0,1.0,1.0,1.0,1.0,1.0,1.0,1.0,1.0,1.0,1.0,1.0,1.0,1.0,1.0,1.0,1.0,1.0,1.0,1.0,1.0,1.0,1.0,1.0,1.0,1.0,1.0,1.0,1.0,1.0,1.0,1.0,1.0,1.0,1.0,1.0,1.0,1.0,1.0,1.0,1.0,1.0,1.0,1.0,1.0,1.0,1.0,1.0,1.0,1.0,1.0,1.0,1.0,1.0,1.0,1.0,1.0,1.0,1.0,1.0,1.0,1.0,1.0,1.0,1.0,1.0,1.0,1.0,1.0,1.0,1.0,1.0,1.0,1.0,1.0,1.0,1.0,1.0,1.0,1.0,1.0,1.0,1.0,1.0,1.0,1.0,1.0,1.0,1.0,1.0,1.0,1.0,1.0,1.0,1.0,1.0,1.0,1.0,1.0,1.0,1.0,1.0,1.0,1.0,1.0,1.0,1.0,1.0,1.0,1.0,1.0,1.0,1.0,1.0,1.0,1.0,1.0,1.0,1.0,1.0,1.0,1.0,1.0,1.0,1.0,1.0,1.0,1.0,1.0,1.0,1.0,1.0,1.0,1.0,1.0,1.0,1.0,1.0,1.0,1.0,1.0,1.0,1.0,1.0,1.0,1.0,1.0,1.0,1.0,1.0,1.0,1.0,1.0,1.0,1.0,1.0,1.0,1.0,1.0,1.0,1.0,1.0,1.0,1.0,1.0,1.0,1.0,1.0,1.0,1.0,1.0,1.0,1.0,1.0,1.0,1.0,1.0,1.0,1.0,1.0,1.0,1.0,1.0,1.0,1.0,1.0,1.0,1.0,1.0,1.0,1.0,1.0,1.0,1.0,1.0,1.0,1.0,1.0,1.0,1.0,1.0,1.0,1.0,1.0,1.0,1.0,1.0,1.0,1.0,1.0,1.0,1.0,1.0,1.0,1.0,1.0,1.0,1.0,1.0,1.0,1.0,1.0,1.0,1.0,1.0,1.0,1.0,1.0,1.0,1.0,1.0,1.0,1.0,1.0,1.0,1.0,1.0,1.0,1.0,1.0,1.0,1.0,1.0,1.0,1.0,1.0,1.0,1.0,1.0,1.0,1.0,1.0,1.0,1.0,1.0,1.0,1.0,1.0,1.0,1.0,1.0,1.0,1.0,1.0,1.0,1.0,1.0,1.0,1.0,1.0,1.0,1.0,1.0,1.0,1.0,1.0,1.0,1.0,1.0,1.0,1.0,1.0,1.0,1.0,1.0,1.0,1.0,1.0,1.0,1.0,1.0,1.0,1.0,1.0,1.0,1.0,1.0,1.0,1.0,1.0,1.0,1.0,1.0,1.0,1.0,1.0,1.0,1.0,1.0,1.0,1.0,1.0,1.0,1.0,1.0,1.0,1.0,1.0,1.0,1.0,1.0,1.0,1.0,1.0,1.0,1.0,1.0,1.0,1.0,1.0,1.0,1.0,1.0,1.0,1.0,1.0,1.0,1.0,1.0,1.0,1.0,1.0,1.0,1.0,1.0,1.0,1.0,1.0,1.0,1.0,1.0,1.0,1.0,1.0,1.0,1.0,1.0,1.0,1.0,1.0,1.0,1.0,1.0,1.0,1.0,1.0,1.0,1.0,1.0,1.0,1.0,1.0,1.0,1.0,1.0,1.0,1.0,1.0,1.0,1.0,1.0,1.0,1.0,1.0,1.0,1.0,1.0,1.0,1.0,1.0,1.0,1.0,1.0,1.0,1.0,1.0,1.0,1.0,1.0,1.0,1.0,1.0,1.0,1.0,1.0,1.0,1.0,1.0,1.0,1.0,1.0,1.0,1.0,1.0,1.0,1.0
0.0,0.0,0.0,0.0,0.0,0.0,0.0,0.0,0.0,0.0,0.0,0.0,0.0,0.0,0.0,0.0,0.0,0.0,0.0,0.0,0.0,0.0,0.0,0.0,0.0,0.0,0.0,0.0,0.0,0.0,0.0,0.0,0.0,0.0,0.0,0.0,0.0,0.0,0.0,0.0,0.0,0.0,0.0,0.0,0.0,0.0,0.0,0.0,0.0,0.0,0.0,0.0,0.0,0.0,0.0,0.0,0.0,0.0,0.0,0.0,0.0,0.0,0.0,0.0,0.0,0.0,0.0,0.0,0.0,0.0,0.0,0.0,0.0,0.0,0.0,0.0,0.0,0.0,0.0,0.0,0.0,0.0,0.0,0.0,0.0,0.0,0.0,0.0,0.0,0.0,0.0,0.0,0.0,0.0,0.0,0.0,0.0,0.0,0.0,0.0,0.0,0.0,0.0,0.0,0.0,0.0,0.0,0.0,0.0,0.0,0.0,0.0,0.0,0.0,0.0,0.0,0.0,0.0,0.0,0.0,0.0,0.0,0.0,0.0,0.0,0.0,0.0,0.0,0.0,0.0,0.0,0.0,0.0,0.0,0.0,0.0,0.0,0.0,0.0,0.0,0.0,0.0,0.0,0.0,0.0,0.0,0.0,0.0,0.0,0.0,0.0,0.0,0.0,0.0,0.0,0.0,0.0,0.0,0.0,0.0,0.0,0.0,0.0,0.0,0.0,0.0,0.0,0.0,0.0,0.0,0.0,0.0,0.0,0.0,0.0,0.0,0.0,0.0,0.0,0.0,0.0,0.0,0.0,0.0,0.0,0.0,0.0,0.0,0.0,0.0,0.0,0.0,0.0,0.0,0.0,0.0,0.0,0.0,0.0,0.0,0.0,0.0,0.0,0.0,0.0,0.0,0.0,0.0,0.0,0.0,0.0,0.0,0.0,0.0,0.0,0.0,0.0,0.0,0.0,0.0,0.0,0.0,0.0,0.0,0.0,0.0,0.0,0.0,0.0,0.0,0.0,0.0,0.0,0.0,0.0,0.0,0.0,0.0,0.0,0.0,0.0,0.0,0.0,0.0,0.0,0.0,0.0,0.0,0.0,0.0,0.0,0.0,0.0,0.0,0.0,0.0,0.0,0.0,0.0,0.0,0.0,0.0,0.0,0.0,0.0,0.0,0.0,0.0,0.0,0.0,0.0,0.0,0.0,0.0,0.0,0.0,0.0,0.0,0.0,0.0,0.0,0.0,0.0,0.0,0.0,0.0,0.0,0.0,0.0,0.0,0.0,0.0,0.0,0.0,0.0,0.0,0.0,0.0,0.0,0.0,0.0,0.0,0.0,0.0,0.0,0.0,0.0,0.0,0.0,0.0,0.0,0.0,0.0,0.0,0.0,0.0,0.0,0.0,0.0,0.0,0.0,0.0,0.0,0.0,0.0,0.0,0.0,0.0,0.0,0.0,0.0,0.0,0.0,0.0,0.0,0.0,0.0,0.0,0.0,0.0,0.0,0.0,0.0,0.0,0.0,0.0,0.0,0.0,0.0,0.0,0.0,0.0,0.0,0.0,0.0,0.0,0.0,0.0,0.0,0.0,0.0,0.0,0.0,0.0,0.0,0.0,0.0,0.0,0.0,0.0,0.0,0.0,0.0,0.0,0.0,0.0,0.0,0.0,0.0,0.0,0.0,0.0,0.0,0.0,0.0,0.0,0.0,0.0,0.0,0.0,0.0,0.0,0.0,0.0,0.0,0.0,0.0,0.0,0.0,0.0,0.0,0.0,0.0,0.0,0.0,0.0,0.0,0.0,0.0,0.0,0.0,0.0,0.0,0.0,0.0,0.0,0.0,0.0,0.0,0.0
1.0,1.0,1.0,1.0,1.0,1.0,1.0,1.0,1.0,1.0,1.0,1.0,1.0,1.0,1.0,1.0,1.0,1.0,1.0,1.0,1.0,1.0,1.0,1.0,1.0,1.0,1.0,1.0,1.0,1.0,1.0,1.0,1.0,1.0,1.0,1.0,1.0,1.0,1.0,1.0,1.0,1.0,1.0,1.0,1.0,1.0,1.0,1.0,1.0,1.0,1.0,1.0,1.0,1.0,1.0,1.0,1.0,1.0,1.0,1.0,1.0,1.0,1.0,1.0,1.0,1.0,1.0,1.0,1.0,1.0,1.0,1.0,1.0,1.0,1.0,1.0,1.0,1.0,1.0,1.0,1.0,1.0,1.0,1.0,1.0,1.0,1.0,1.0,1.0,1.0,1.0,1.0,1.0,1.0,1.0,1.0,1.0,1.0,1.0,1.0,1.0,1.0,1.0,1.0,1.0,1.0,1.0,1.0,1.0,1.0,1.0,1.0,1.0,1.0,1.0,1.0,1.0,1.0,1.0,1.0,1.0,1.0,1.0,1.0,1.0,1.0,1.0,1.0,1.0,1.0,1.0,1.0,1.0,1.0,1.0,1.0,1.0,1.0,1.0,1.0,1.0,1.0,1.0,1.0,1.0,1.0,1.0,1.0,1.0,1.0,1.0,1.0,1.0,1.0,1.0,1.0,1.0,1.0,1.0,1.0,1.0,1.0,1.0,1.0,1.0,1.0,1.0,1.0,1.0,1.0,1.0,1.0,1.0,-0.30536130536130535,-1.0,-1.0,-0.8729096989966555,-0.8729096989966555,-0.07317073170731703,-0.07317073170731703,-0.8729096989966555,-0.8729096989966555,-0.8457142857142858,-0.8457142857142858,-0.8457142857142858,-1.0,-1.0,-0.8729096989966555,-0.8729096989966555,-0.07317073170731703,-0.07317073170731703,-0.8729096989966555,-0.8729096989966555,-0.5726495726495726,-0.5726495726495726,0.6615384615384616,0.6615384615384616,-0.5726495726495726,-0.5726495726495726,-0.6919051512673753,-0.8415094339622642,-0.8415094339622642,-0.8415094339622642,-0.8415094339622642,-0.8415094339622642,-0.8865189480223649,0.23636363636363633,0.23636363636363633,-0.9718031862399549,-0.9718031862399549,-0.9718031862399549,-0.9802276812462553,-0.9802276812462553,-0.9802276812462553,-0.9718031862399549,-0.9802276812462553,-0.9802276812462553,-0.9802276812462553,-0.9718031862399549,-1.0,-1.0,-1.0,-1.0,-1.0,-0.9727272727272728,-0.9727272727272728,-0.9727272727272728,-0.9727272727272728,-0.9727272727272728,-0.9727272727272728,-0.9492957746478873,-0.9482758620689655,-0.9482758620689655,-0.9492957746478873,-0.9802276812462553,-0.9718031862399549,-0.9718031862399549,-0.9802276812462553,-0.9802276812462553,-0.9802276812462553,-0.9718031862399549,-0.9718031862399549,-0.9802276812462553,-0.9802276812462553,-0.9802276812462553,-0.9802276812462553,-0.9802276812462553,-0.9802276812462553,-0.8865189480223649,-0.7342657342657343,-0.7342657342657343,-1.0,-1.0,-1.0,-0.7342657342657343,-0.7342657342657343,-0.7342657342657343,-0.8865189480223649,1.0,1.0,1.0,1.0,-0.8865189480223649,-0.8865189480223649,-0.6742616033755274,-0.6742616033755274,-0.6723259762308998,-0.6723259762308998,-0.7127659574468085,-0.7127659574468085,-0.5733333333333333,-0.5733333333333333,-0.5733333333333333,-0.7127659574468085,-0.7127659574468085,-0.632183908045977,-0.632183908045977,-0.632183908045977,-0.7127659574468085,-0.25,-0.25,-0.25,-0.25,-0.25,-0.25,-0.7127659574468085,-0.7127659574468085,-0.6483516483516483,-0.6483516483516483,-0.6483516483516483,-0.7127659574468085,-0.7127659574468085,-0.7127659574468085,-0.7127659574468085,-0.6235294117647059,-0.6235294117647059,-0.6235294117647059,-0.7127659574468085,-0.7127659574468085,-0.576158940397351,-0.576158940397351,-0.576158940397351,-0.7127659574468085,-0.7127659574468085,-0.5616438356164384,-0.5616438356164384,-0.5616438356164384,-0.7127659574468085,-0.7127659574468085,-0.7333333333333334,-0.7333333333333334,-0.7333333333333334,-0.7127659574468085,-0.7127659574468085,-0.7127659574468085,-0.7127659574468085,-0.7127659574468085,-0.7127659574468085,-0.8691588785046729,-0.8691588785046729,-0.8691588785046729,-0.8691588785046729,-0.8691588785046729,-0.8691588785046729,-0.8691588785046729,-0.7127659574468085,-0.7127659574468085,-0.7127659574468085,-0.7127659574468085,-0.7127659574468085,-0.7127659574468085,-0.7127659574468085,-0.6723259762308998,-0.6723259762308998,-0.6723259762308998,-0.6723259762308998,1.0,1.0,1.0,1.0,1.0,1.0,0.6690240452616689,1.0,1.0,1.0,1.0,1.0,1.0,1.0,1.0,1.0,1.0,1.0,1.0,1.0,1.0,1.0,1.0,1.0,1.0,1.0,1.0,-0.7342657342657343,-0.7342657342657343,-1.0,-1.0,-0.7342657342657343,-0.7342657342657343,-1.0,-1.0,0.6690240452616689,0.8066037735849056,0.8066037735849056,1.0,1.0,1.0,1.0,1.0,1.0,1.0,1.0,1.0,1.0,1.0,1.0,1.0,1.0,1.0,1.0,0.6690240452616689,0.6690240452616689,0.6690240452616689,0.6690240452616689,0.6690240452616689,0.6690240452616689,0.6690240452616689,0.6690240452616689,0.6690240452616689,0.6690240452616689,0.6690240452616689,0.6690240452616689,-0.7636761487964989,-1.0,-1.0,-1.0,-1.0,-1.0,-0.7628205128205128,-0.7628205128205128,-0.7628205128205128,-0.7628205128205128,-0.7628205128205128,-0.7628205128205128,-0.7628205128205128,-0.7628205128205128,-0.7628205128205128,-0.7636761487964989,-0.7655172413793103,-0.7655172413793103
0.04722599305560278,0.5719650796632643,0.5719650796632643,0.5719650796632643,0.5719650796632643,0.04722599305560278,0.04722599305560278,0.04722599305560278,-0.4775130935520587,-0.4775130935520587,-0.4775130935520587,-0.4775130935520587,-0.4775130935520587,-0.4775130935520587,-0.4775130935520587,-0.4775130935520587,-0.4775130935520587,0.04722599305560278,0.04722599305560278,0.04722599305560278,0.04722599305560278,0.04722599305560278,0.04722599305560278,0.04722599305560278,0.04722599305560278,0.04722599305560278,0.04722599305560278,0.04722599305560278,0.04722599305560278,0.04722599305560278,0.04722599305560278,0.04722599305560278,0.04722599305560278,0.04722599305560278,0.04722599305560278,0.04722599305560278,0.04722599305560278,0.04722599305560278,0.04722599305560278,0.04722599305560278,0.04722599305560278,0.04722599305560278,0.04722599305560278,0.04722599305560278,0.04722599305560278,0.04722599305560278,0.04722599305560278,0.04722599305560278,0.04722599305560278,0.04722599305560278,0.04722599305560278,0.04722599305560278,0.04722599305560278,0.04722599305560278,0.04722599305560278,0.5719650796632643,0.5719650796632643,0.5719650796632643,0.5719650796632643,0.5719650796632643,0.5719650796632643,0.5719650796632643,0.5719650796632643,0.04722599305560278,0.5719650796632643,0.5719650796632643,0.5719650796632643,0.5719650796632643,0.5719650796632643,0.5719650796632643,0.5719650796632643,0.04722599305560278,0.5719650796632643,0.5719650796632643,0.5719650796632643,0.5719650796632643,0.5719650796632643,0.5719650796632643,0.5719650796632643,0.5719650796632643,0.04722599305560278,0.5719650796632643,0.5719650796632643,0.5719650796632643,0.5719650796632643,0.5719650796632643,0.5719650796632643,0.5719650796632643,0.5719650796632643,0.5719650796632643,0.04722599305560278,-0.4775130935520587,-0.4775130935520587,-0.4775130935520587,0.04722599305560278,0.04722599305560278,0.04722599305560278,0.04722599305560278,0.04722599305560278,0.04722599305560278,0.04722599305560278,0.04722599305560278,0.04722599305560278,0.04722599305560278,0.04722599305560278,0.04722599305560278,0.04722599305560278,0.04722599305560278,0.04722599305560278,0.04722599305560278,0.04722599305560278,0.04722599305560278,0.04722599305560278,0.04722599305560278,0.04722599305560278,0.04722599305560278,0.04722599305560278,0.04722599305560278,0.04722599305560278,0.04722599305560278,0.04722599305560278,0.04722599305560278,0.04722599305560278,0.04722599305560278,0.04722599305560278,0.04722599305560278,0.5719650796632643,0.5719650796632643,0.5719650796632643,0.5719650796632643,0.5719650796632643,0.5719650796632643,0.5719650796632643,0.5719650796632643,0.5719650796632643,0.5719650796632643,0.5719650796632643,0.5719650796632643,0.5719650796632643,0.04722599305560278,0.04722599305560278,0.04722599305560278,0.04722599305560278,0.04722599305560278,0.04722599305560278,0.04722599305560278,0.04722599305560278,0.04722599305560278,0.04722599305560278,0.04722599305560278,0.04722599305560278,0.04722599305560278,0.04722599305560278,0.04722599305560278,0.04722599305560278,0.04722599305560278,0.04722599305560278,0.04722599305560278,0.04722599305560278,0.04722599305560278,0.04722599305560278,0.04722599305560278,0.04722599305560278,0.04722599305560278,0.04722599305560278,-0.4775130935520587,-0.4775130935520587,-0.4775130935520587,-0.4775130935520587,-0.4775130935520587,-0.4775130935520587,-0.4775130935520587,-0.4775130935520587,-0.4775130935520587,-1.0022521801597202,-1.0022521801597202,-0.4775130935520587,-0.4775130935520587,-1.0022521801597202,-1.0022521801597202,-0.4775130935520587,-0.4775130935520587,-0.4775130935520587,-0.4775130935520587,-0.4775130935520587,-1.0022521801597202,-1.0022521801597202,-0.4775130935520587,-0.4775130935520587,-1.0022521801597202,-1.0022521801597202,-0.4775130935520587,-0.4775130935520587,-0.4775130935520587,-0.4775130935520587,-0.4775130935520587,-0.4775130935520587,-0.4775130935520587,-0.4775130935520587,-0.4775130935520587,-0.4775130935520587,-0.4775130935520587,-0.4775130935520587,-0.4775130935520587,-0.4775130935520587,-0.4775130935520587,-0.4775130935520587,-0.4775130935520587,-0.4775130935520587,-0.4775130935520587,-0.4775130935520587,-0.4775130935520587,-0.4775130935520587,-0.4775130935520587,-0.4775130935520587,-0.4775130935520587,-0.4775130935520587,-0.4775130935520587,-0.4775130935520587,-0.4775130935520587,-0.4775130935520587,-0.4775130935520587,-0.4775130935520587,-0.4775130935520587,0.04722599305560278,0.04722599305560278,0.04722599305560278,0.04722599305560278,0.04722599305560278,0.04722599305560278,0.04722599305560278,0.04722599305560278,0.04722599305560278,0.04722599305560278,-0.4775130935520587,-0.4775130935520587,-0.4775130935520587,-0.4775130935520587,-0.4775130935520587,-0.4775130935520587,-0.4775130935520587,-0.4775130935520587,-0.4775130935520587,-0.4775130935520587,-0.4775130935520587,-0.4775130935520587,-0.4775130935520587,-0.4775130935520587,-0.4775130935520587,-0.4775130935520587,-0.4775130935520587,-0.4775130935520587,-0.4775130935520587,-0.4775130935520587,-0.4775130935520587,-0.4775130935520587,-0.4775130935520587,-0.4775130935520587,-0.4775130935520587,-0.4775130935520587,-0.4775130935520587,-0.4775130935520587,-0.4775130935520587,-0.4775130935520587,0.04722599305560278,0.04722599305560278,0.04722599305560278,0.04722599305560278,0.04722599305560278,0.04722599305560278,0.04722599305560278,0.04722599305560278,0.04722599305560278,0.04722599305560278,0.04722599305560278,0.5719650796632643,0.5719650796632643,0.5719650796632643,0.04722599305560278,0.04722599305560278,0.04722599305560278,0.04722599305560278,0.04722599305560278,0.04722599305560278,0.04722599305560278,0.04722599305560278,0.04722599305560278,0.5719650796632643,0.5719650796632643,0.5719650796632643,0.04722599305560278,0.04722599305560278,0.04722599305560278,0.04722599305560278,0.5719650796632643,0.5719650796632643,0.5719650796632643,0.04722599305560278,0.04722599305560278,0.5719650796632643,0.5719650796632643,0.5719650796632643,0.04722599305560278,0.04722599305560278,0.5719650796632643,0.5719650796632643,0.5719650796632643,0.04722599305560278,0.04722599305560278,0.04722599305560278,0.04722599305560278,0.04722599305560278,0.04722599305560278,0.04722599305560278,0.04722599305560278,0.04722599305560278,0.04722599305560278,0.04722599305560278,-0.4775130935520587,-0.4775130935520587,-0.4775130935520587,-0.4775130935520587,-0.4775130935520587,-0.4775130935520587,-0.4775130935520587,0.04722599305560278,0.04722599305560278,0.04722599305560278,0.04722599305560278,0.04722599305560278,0.04722599305560278,0.04722599305560278,0.04722599305560278,0.04722599305560278,0.04722599305560278,0.04722599305560278,1.0967041662709258,1.0967041662709258,1.0967041662709258,1.0967041662709258,1.0967041662709258,1.0967041662709258,-0.4775130935520587,-1.0022521801597202,-1.0022521801597202,-1.0022521801597202,-1.0022521801597202,-1.0022521801597202,-1.0022521801597202,-1.0022521801597202,-1.0022521801597202,-1.0022521801597202,-1.0022521801597202,-0.4775130935520587,-0.4775130935520587,-0.4775130935520587,-0.4775130935520587,-0.4775130935520587,-0.4775130935520587,-0.4775130935520587,-0.4775130935520587,-0.4775130935520587,-0.4775130935520587,-0.4775130935520587,-0.4775130935520587,0.04722599305560278,0.04722599305560278,-0.4775130935520587,-0.4775130935520587,-1.0022521801597202,-1.0022521801597202,-0.4775130935520587,-0.4775130935520587,-0.4775130935520587,-0.4775130935520587,-0.4775130935520587,-0.4775130935520587,-0.4775130935520587,-0.4775130935520587,-0.4775130935520587,-0.4775130935520587,-0.4775130935520587,-0.4775130935520587,-0.4775130935520587,-0.4775130935520587,-0.4775130935520587,-0.4775130935520587,-0.4775130935520587,-0.4775130935520587,-0.4775130935520587,-0.4775130935520587,-0.4775130935520587,-0.4775130935520587,-0.4775130935520587,-0.4775130935520587,-0.4775130935520587,-0.4775130935520587,-0.4775130935520587,-0.4775130935520587,-0.4775130935520587,-0.4775130935520587,-0.4775130935520587,-0.4775130935520587,-0.4775130935520587,-0.4775130935520587,-0.4775130935520587,-0.4775130935520587,-0.4775130935520587,-0.4775130935520587,-0.4775130935520587,-0.4775130935520587,-0.4775130935520587,-0.4775130935520587,-0.4775130935520587,-0.4775130935520587,-0.4775130935520587,-0.4775130935520587,-0.4775130935520587,-0.4775130935520587,-0.4775130935520587
1.0,-1.0,-1.0,-1.0,-1.0,1.0,1.0,1.0,-1.0,-1.0,-1.0,-1.0,-1.0,-1.0,-1.0,-1.0,-1.0,1.0,1.0,1.0,1.0,1.0,1.0,1.0,1.0,1.0,1.0,1.0,1.0,1.0,1.0,1.0,1.0,1.0,1.0,1.0,1.0,1.0,-1.0,-1.0,-1.0,-1.0,-1.0,-1.0,-1.0,-1.0,-1.0,-1.0,-1.0,-1.0,-1.0,-1.0,-1.0,-1.0,1.0,-1.0,-1.0,-1.0,-1.0,-1.0,-1.0,-1.0,-1.0,1.0,1.0,1.0,1.0,1.0,1.0,1.0,1.0,1.0,-1.0,-1.0,-1.0,-1.0,-1.0,-1.0,-1.0,-1.0,1.0,-1.0,-1.0,-1.0,-1.0,-1.0,-1.0,-1.0,-1.0,-1.0,1.0,-1.0,-1.0,-1.0,1.0,-1.0,-1.0,-1.0,-1.0,-1.0,-1.0,-1.0,-1.0,-1.0,-1.0,-1.0,-1.0,-1.0,-1.0,-1.0,1.0,-1.0,-1.0,-1.0,-1.0,-1.0,-1.0,-1.0,-1.0,-1.0,-1.0,-1.0,-1.0,-1.0,1.0,1.0,-1.0,-1.0,-1.0,-1.0,-1.0,-1.0,-1.0,-1.0,-1.0,-1.0,-1.0,-1.0,-1.0,1.0,1.0,1.0,1.0,1.0,1.0,-1.0,-1.0,-1.0,1.0,1.0,1.0,1.0,1.0,-1.0,-1.0,-1.0,-1.0,-1.0,1.0,1.0,1.0,1.0,1.0,1.0,1.0,1.0,1.0,1.0,1.0,1.0,1.0,1.0,1.0,1.0,1.0,1.0,1.0,1.0,1.0,1.0,1.0,1.0,1.0,1.0,1.0,1.0,1.0,1.0,1.0,1.0,1.0,1.0,1.0,1.0,1.0,-1.0,-1.0,1.0,1.0,1.0,1.0,1.0,1.0,1.0,1.0,1.0,1.0,1.0,1.0,1.0,1.0,1.0,1.0,1.0,1.0,1.0,1.0,1.0,1.0,1.0,1.0,1.0,1.0,1.0,1.0,1.0,1.0,1.0,1.0,1.0,1.0,1.0,1.0,1.0,1.0,1.0,1.0,1.0,1.0,1.0,1.0,1.0,1.0,1.0,1.0,1.0,1.0,1.0,1.0,1.0,1.0,1.0,1.0,1.0,1.0,1.0,1.0,1.0,1.0,1.0,1.0,1.0,1.0,1.0,1.0,1.0,1.0,1.0,1.0,1.0,1.0,1.0,1.0,1.0,1.0,1.0,1.0,1.0,1.0,1.0,1.0,1.0,1.0,1.0,1.0,1.0,1.0,1.0,1.0,1.0,1.0,1.0,1.0,1.0,1.0,1.0,1.0,1.0,1.0,1.0,1.0,1.0,1.0,1.0,1.0,1.0,1.0,1.0,1.0,1.0,1.0,1.0,1.0,1.0,1.0,1.0,1.0,1.0,1.0,1.0,1.0,1.0,1.0,1.0,1.0,1.0,1.0,1.0,1.0,1.0,1.0,1.0,1.0,1.0,1.0,1.0,-1.0,-1.0,-1.0,-1.0,-1.0,-1.0,1.0,1.0,1.0,1.0,1.0,1.0,1.0,1.0,1.0,1.0,1.0,1.0,1.0,1.0,1.0,1.0,1.0,1.0,1.0,1.0,1.0,1.0,1.0,1.0,1.0,1.0,1.0,-1.0,-1.0,1.0,1.0,1.0,1.0,1.0,1.0,1.0,1.0,1.0,1.0,1.0,1.0,1.0,1.0,1.0,1.0,1.0,1.0,1.0,1.0,1.0,1.0,1.0,1.0,1.0,1.0,1.0,1.0,1.0,1.0,1.0,1.0,1.0,1.0,1.0,1.0,1.0,1.0,1.0,1.0,1.0,1.0,1.0,1.0,1.0,1.0,1.0,1.0,1.0
-2.3088357032111118,-2.446043165467626,-2.446043165467626,-2.446043165467626,-2.446043165467626,-2.305393222079228,-2.305393222079228,-2.3442498212254392,-2.446043165467626,-2.446043165467626,-2.446043165467626,-2.446043165467626,-2.446043165467626,-2.446043165467626,-2.446043165467626,-2.446043165467626,-2.446043165467626,-2.3442498212254392,-2.1346040051076023,-2.1346040051076023,-2.1346040051076023,-2.1346040051076023,-2.1346040051076023,-2.1346040051076023,-2.1346040051076023,-2.1346040051076023,-2.1346040051076023,-2.1346040051076023,-2.1346040051076023,-2.1346040051076023,-2.1346040051076023,-2.1346040051076023,-2.1346040051076023,-2.1346040051076023,-2.1346040051076023,-2.1346040051076023,-2.1346040051076023,-2.3442498212254392,-2.446043165467626,-2.446043165467626,-2.446043165467626,-2.446043165467626,-2.446043165467626,-2.446043165467626,-2.446043165467626,-2.446043165467626,-2.446043165467626,-2.446043165467626,-2.446043165467626,-2.446043165467626,-2.446043165467626,-2.446043165467626,-2.446043165467626,-2.446043165467626,-2.3442498212254392,-2.446043165467626,-2.446043165467626,-2.446043165467626,-2.446043165467626,-2.446043165467626,-2.446043165467626,-2.446043165467626,-2.446043165467626,-2.3442498212254392,-2.0100283409635926,-2.0100283409635926,-2.0100283409635926,-2.0100283409635926,-2.0100283409635926,-2.0100283409635926,-2.0100283409635926,-2.3442498212254392,-2.446043165467626,-2.446043165467626,-2.446043165467626,-2.446043165467626,-2.446043165467626,-2.446043165467626,-2.446043165467626,-2.446043165467626,-2.3442498212254392,-2.446043165467626,-2.446043165467626,-2.446043165467626,-2.446043165467626,-2.446043165467626,-2.446043165467626,-2.446043165467626,-2.446043165467626,-2.446043165467626,-2.3442498212254392,-2.446043165467626,-2.446043165467626,-2.446043165467626,-2.3442498212254392,-2.446043165467626,-2.446043165467626,-2.446043165467626,-2.446043165467626,-2.446043165467626,-2.446043165467626,-2.446043165467626,-2.446043165467626,-2.446043165467626,-2.446043165467626,-2.446043165467626,-2.446043165467626,-2.446043165467626,-2.446043165467626,-2.446043165467626,-2.3442498212254392,-2.446043165467626,-2.446043165467626,-2.446043165467626,-2.446043165467626,-2.446043165467626,-2.446043165467626,-2.446043165467626,-2.446043165467626,-2.446043165467626,-2.446043165467626,-2.446043165467626,-2.446043165467626,-2.446043165467626,-2.305393222079228,-2.3442498212254392,-2.446043165467626,-2.446043165467626,-2.446043165467626,-2.446043165467626,-2.446043165467626,-2.446043165467626,-2.446043165467626,-2.446043165467626,-2.446043165467626,-2.446043165467626,-2.446043165467626,-2.446043165467626,-2.446043165467626,-2.3442498212254392,-2.3442498212254392,-2.3442498212254392,-2.3442498212254392,-2.305393222079228,-2.3442498212254392,-2.446043165467626,-2.446043165467626,-2.446043165467626,-2.305393222079228,-2.305393222079228,-2.305393222079228,-2.305393222079228,-2.3442498212254392,-2.446043165467626,-2.446043165467626,-2.446043165467626,-2.446043165467626,-2.446043165467626,-2.305393222079228,-2.305393222079228,-2.305393222079228,-2.305393222079228,-2.305393222079228,-2.305393222079228,-2.305393222079228,-0.8109875735775016,-0.8109875735775016,-0.8109875735775016,-0.8109875735775016,-0.8109875735775016,-0.8109875735775016,-0.8109875735775016,-0.8109875735775016,-0.577408203307484,-0.41130731778213786,-0.41130731778213786,-0.4839764551994768,-0.4839764551994768,-0.2659690429474603,-0.2659690429474603,-0.4839764551994768,-0.4839764551994768,-0.5503265371892209,-0.5503265371892209,-0.5503265371892209,-0.41130731778213786,-0.41130731778213786,-0.4839764551994768,-0.4839764551994768,-0.2659690429474603,-0.2659690429474603,-0.4839764551994768,-0.4839764551994768,-0.07639738011961972,-0.07639738011961972,-2.446043165467626,-2.446043165467626,-0.07639738011961972,-0.07639738011961972,-0.47216426651281795,0.5155669632390143,0.5155669632390143,0.5155669632390143,0.5155669632390143,0.5155669632390143,-0.3610459856372216,-1.8514774956893987,-1.8514774956893987,-0.20184921581451412,-0.20184921581451412,-0.20184921581451412,-0.14338702048741622,-0.14338702048741622,-0.14338702048741622,-0.20184921581451412,-0.14338702048741622,-0.14338702048741622,-0.14338702048741622,-0.20184921581451412,-1.5117256843875548,-1.5117256843875548,-1.5117256843875548,-1.5117256843875548,-1.5117256843875548,-1.8514774956893987,-1.8514774956893987,-1.8514774956893987,-1.8514774956893987,-1.8514774956893987,-1.8514774956893987,-1.9330845484040573,-1.922825376062786,-1.922825376062786,-1.9330845484040573,-0.14338702048741622,-0.20184921581451412,-0.20184921581451412,-0.14338702048741622,-0.14338702048741622,-0.14338702048741622,-0.20184921581451412,-0.20184921581451412,-0.14338702048741622,-0.14338702048741622,-0.14338702048741622,-0.14338702048741622,-0.14338702048741622,-0.14338702048741622,-0.3610459856372216,-1.3996075866579463,-1.3996075866579463,-1.2197514715500326,-1.2197514715500326,-1.2197514715500326,-1.3996075866579463,-1.3996075866579463,-1.3996075866579463,-0.3610459856372216,-0.8109875735775016,-0.8109875735775016,-0.8109875735775016,-0.8109875735775016,-0.3610459856372216,-0.3610459856372216,-0.7976944386840861,-0.7976944386840861,-0.784183383546516,-0.784183383546516,-0.7180866876746536,-0.7180866876746536,-1.5541946608002855,-1.5541946608002855,-1.5541946608002855,-0.7180866876746536,-0.7180866876746536,-1.308613188500583,-1.308613188500583,-1.308613188500583,-0.7180866876746536,-1.4650098103335514,-1.4650098103335514,-1.4650098103335514,-1.4650098103335514,-1.4650098103335514,-1.4650098103335514,-0.7180866876746536,-0.7180866876746536,-1.0834968388925221,-1.0834968388925221,-1.0834968388925221,-0.7180866876746536,-0.7180866876746536,-0.7180866876746536,-0.7180866876746536,-1.6285153695225636,-1.6285153695225636,-1.6285153695225636,-0.7180866876746536,-0.7180866876746536,-1.5117256843875548,-1.5117256843875548,-1.5117256843875548,-0.7180866876746536,-0.7180866876746536,-1.4650098103335514,-1.4650098103335514,-1.4650098103335514,-0.7180866876746536,-0.7180866876746536,-0.6013650617967164,-0.6013650617967164,-0.6013650617967164,-0.7180866876746536,-0.7180866876746536,-0.7180866876746536,-0.7180866876746536,-0.7180866876746536,-0.7180866876746536,-0.09156311314584703,-0.09156311314584703,-0.09156311314584703,-0.09156311314584703,-0.09156311314584703,-0.09156311314584703,-0.09156311314584703,-0.7180866876746536,-0.7180866876746536,-0.7180866876746536,-0.7180866876746536,-0.7180866876746536,-0.7180866876746536,-0.7180866876746536,-0.784183383546516,-0.784183383546516,-0.784183383546516,-0.784183383546516,-2.446043165467626,-2.446043165467626,-2.446043165467626,-2.446043165467626,-2.446043165467626,-2.446043165467626,-1.1481780263797452,-0.9801312554971696,-0.9801312554971696,-0.9801312554971696,-0.9801312554971696,-0.9801312554971696,-0.9801312554971696,-0.9801312554971696,-0.9801312554971696,-0.9801312554971696,-0.9801312554971696,-0.8396727594001354,-0.8396727594001354,-0.6370454893338713,-0.6370454893338713,-0.6370454893338713,-0.6370454893338713,-0.6370454893338713,-0.6370454893338713,-0.8396727594001354,-0.8396727594001354,-1.3996075866579463,-1.3996075866579463,-0.8109875735775016,-0.8109875735775016,-1.3996075866579463,-1.3996075866579463,-2.446043165467626,-2.446043165467626,-1.1481780263797452,-1.0319410319410318,-1.0319410319410318,-1.0587232693184294,-1.0587232693184294,-1.0587232693184294,-1.0587232693184294,-1.0587232693184294,-1.0587232693184294,-1.0587232693184294,-1.0587232693184294,-1.0587232693184294,-1.0587232693184294,-1.0587232693184294,-1.0587232693184294,-1.0587232693184294,-1.0587232693184294,-1.0587232693184294,-1.0587232693184294,-1.1481780263797452,-1.1481780263797452,-1.1481780263797452,-1.1481780263797452,-1.1481780263797452,-1.1481780263797452,-1.1481780263797452,-1.1481780263797452,-1.1481780263797452,-1.1481780263797452,-1.1481780263797452,-1.1481780263797452,-0.831173445082318,-1.439855108919857,-1.356006104207543,-1.356006104207543,-1.356006104207543,-1.4650098103335514,-1.1379986919555263,-1.1379986919555263,-1.1379986919555263,-1.1379986919555263,-1.1379986919555263,-1.1379986919555263,-1.1379986919555263,-1.1379986919555263,-1.1379986919555263,-0.831173445082318,-0.1821200382351462,-0.1821200382351462
1.0,-1.0,-1.0,-1.0,-1.0,1.0,1.0,1.0,1.0,1.0,1.0,1.0,1.0,1.0,1.0,1.0,1.0,1.0,1.0,1.0,1.0,1.0,1.0,1.0,1.0,1.0,1.0,1.0,1.0,1.0,1.0,1.0,1.0,1.0,1.0,1.0,1.0,1.0,1.0,1.0,1.0,1.0,1.0,1.0,1.0,1.0,1.0,1.0,1.0,1.0,1.0,1.0,1.0,1.0,1.0,-1.0,-1.0,-1.0,-1.0,-1.0,-1.0,-1.0,-1.0,1.0,1.0,1.0,1.0,1.0,1.0,1.0,1.0,1.0,1.0,1.0,1.0,1.0,1.0,1.0,1.0,1.0,1.0,-1.0,-1.0,-1.0,-1.0,-1.0,-1.0,-1.0,-1.0,-1.0,1.0,-1.0,-1.0,-1.0,1.0,1.0,1.0,1.0,1.0,1.0,1.0,1.0,1.0,1.0,1.0,1.0,1.0,1.0,1.0,1.0,1.0,-1.0,-1.0,-1.0,-1.0,-1.0,-1.0,-1.0,-1.0,-1.0,-1.0,-1.0,-1.0,-1.0,1.0,1.0,-1.0,-1.0,-1.0,-1.0,-1.0,-1.0,-1.0,-1.0,-1.0,-1.0,-1.0,-1.0,-1.0,1.0,1.0,1.0,1.0,1.0,1.0,-1.0,-1.0,-1.0,1.0,1.0,1.0,1.0,1.0,1.0,1.0,1.0,1.0,1.0,1.0,1.0,1.0,1.0,1.0,1.0,1.0,-1.0,-1.0,-1.0,-1.0,-1.0,-1.0,-1.0,-1.0,-1.0,-1.0,-1.0,-1.0,-1.0,-1.0,-1.0,-1.0,-1.0,-1.0,-1.0,-1.0,-1.0,-1.0,-1.0,-1.0,-1.0,-1.0,-1.0,-1.0,-1.0,-1.0,-1.0,-1.0,-1.0,-1.0,1.0,-1.0,-1.0,-1.0,-1.0,-1.0,1.0,1.0,1.0,1.0,1.0,1.0,1.0,1.0,1.0,1.0,1.0,1.0,1.0,1.0,-1.0,-1.0,-1.0,-1.0,-1.0,1.0,1.0,1.0,1.0,1.0,1.0,-1.0,-1.0,-1.0,-1.0,1.0,1.0,1.0,1.0,1.0,1.0,1.0,1.0,1.0,1.0,1.0,1.0,1.0,1.0,1.0,-1.0,-1.0,-1.0,-1.0,-1.0,-1.0,-1.0,-1.0,1.0,-1.0,-1.0,-1.0,-1.0,1.0,1.0,-1.0,-1.0,-1.0,-1.0,-1.0,-1.0,-1.0,-1.0,-1.0,-1.0,-1.0,-1.0,-1.0,-1.0,-1.0,-1.0,-1.0,-1.0,-1.0,-1.0,-1.0,-1.0,-1.0,-1.0,-1.0,-1.0,-1.0,-1.0,-1.0,-1.0,-1.0,-1.0,-1.0,-1.0,-1.0,-1.0,-1.0,-1.0,-1.0,-1.0,-1.0,-1.0,-1.0,-1.0,-1.0,-1.0,-1.0,-1.0,-1.0,-1.0,-1.0,-1.0,-1.0,-1.0,-1.0,-1.0,-1.0,-1.0,-1.0,-1.0,-1.0,-1.0,-1.0,-1.0,-1.0,-1.0,-1.0,-1.0,-1.0,-1.0,-1.0,-1.0,-1.0,-1.0,-1.0,-1.0,-1.0,-1.0,1.0,-1.0,-1.0,-1.0,-1.0,-1.0,-1.0,-1.0,-1.0,-1.0,-1.0,1.0,1.0,-1.0,-1.0,-1.0,-1.0,-1.0,-1.0,1.0,1.0,-1.0,-1.0,-1.0,-1.0,-1.0,-1.0,-1.0,-1.0,1.0,-1.0,-1.0,-1.0,-1.0,-1.0,-1.0,-1.0,-1.0,-1.0,-1.0,-1.0,-1.0,-1.0,-1.0,-1.0,-1.0,-1.0,-1.0,1.0,1.0,1.0,1.0,1.0,1.0,1.0,1.0,1.0,1.0,1.0,1.0,-1.0,-1.0,-1.0,-1.0,-1.0,-1.0,-1.0,-1.0,-1.0,-1.0,-1.0,-1.0,-1.0,-1.0,-1.0,-1.0,-1.0,-1.0
1.0,-1.0,-1.0,-1.0,-1.0,1.0,1.0,1.0,1.0,1.0,1.0,1.0,1.0,1.0,1.0,1.0,1.0,1.0,-1.0,-1.0,-1.0,-1.0,-1.0,-1.0,-1.0,-1.0,-1.0,-1.0,-1.0,-1.0,-1.0,-1.0,-1.0,-1.0,-1.0,-1.0,-1.0,1.0,-1.0,-1.0,-1.0,-1.0,-1.0,-1.0,-1.0,-1.0,-1.0,-1.0,-1.0,-1.0,-1.0,-1.0,-1.0,-1.0,1.0,-1.0,-1.0,-1.0,-1.0,-1.0,-1.0,-1.0,-1.0,1.0,1.0,1.0,1.0,1.0,1.0,1.0,1.0,1.0,1.0,1.0,1.0,1.0,1.0,1.0,1.0,1.0,1.0,1.0,1.0,1.0,1.0,1.0,1.0,1.0,1.0,1.0,1.0,-1.0,-1.0,-1.0,1.0,1.0,1.0,1.0,1.0,1.0,1.0,1.0,1.0,1.0,1.0,1.0,1.0,1.0,1.0,1.0,1.0,1.0,1.0,1.0,1.0,1.0,1.0,1.0,1.0,1.0,1.0,1.0,1.0,1.0,1.0,1.0,-1.0,-1.0,-1.0,-1.0,-1.0,-1.0,-1.0,-1.0,-1.0,-1.0,-1.0,-1.0,-1.0,1.0,1.0,1.0,1.0,1.0,1.0,-1.0,-1.0,-1.0,1.0,1.0,1.0,1.0,1.0,-1.0,-1.0,-1.0,-1.0,-1.0,1.0,1.0,1.0,1.0,1.0,1.0,1.0,-1.0,-1.0,-1.0,-1.0,-1.0,-1.0,-1.0,-1.0,-1.0,-1.0,-1.0,-1.0,-1.0,-1.0,-1.0,-1.0,-1.0,-1.0,-1.0,-1.0,-1.0,-1.0,-1.0,-1.0,-1.0,-1.0,-1.0,-1.0,-1.0,-1.0,-1.0,-1.0,-1.0,-1.0,1.0,-1.0,-1.0,-1.0,-1.0,-1.0,-1.0,-1.0,-1.0,-1.0,-1.0,-1.0,-1.0,-1.0,-1.0,-1.0,-1.0,-1.0,-1.0,-1.0,-1.0,-1.0,-1.0,-1.0,-1.0,-1.0,-1.0,-1.0,-1.0,-1.0,-1.0,-1.0,-1.0,-1.0,-1.0,-1.0,-1.0,-1.0,-1.0,-1.0,-1.0,-1.0,-1.0,-1.0,-1.0,-1.0,-1.0,-1.0,-1.0,-1.0,-1.0,-1.0,-1.0,-1.0,-1.0,-1.0,-1.0,-1.0,-1.0,-1.0,-1.0,-1.0,-1.0,-1.0,-1.0,-1.0,-1.0,-1.0,-1.0,-1.0,-1.0,-1.0,-1.0,-1.0,-1.0,-1.0,-1.0,-1.0,-1.0,-1.0,-1.0,-1.0,-1.0,-1.0,-1.0,-1.0,-1.0,-1.0,-1.0,-1.0,-1.0,-1.0,-1.0,-1.0,-1.0,-1.0,-1.0,-1.0,-1.0,-1.0,-1.0,-1.0,-1.0,-1.0,-1.0,-1.0,-1.0,-1.0,-1.0,-1.0,-1.0,-1.0,-1.0,-1.0,-1.0,-1.0,-1.0,-1.0,-1.0,-1.0,-1.0,-1.0,-1.0,-1.0,-1.0,-1.0,-1.0,-1.0,-1.0,-1.0,-1.0,-1.0,-1.0,-1.0,-1.0,-1.0,-1.0,-1.0,-1.0,-1.0,-1.0,-1.0,-1.0,1.0,-1.0,-1.0,-1.0,-1.0,-1.0,-1.0,-1.0,-1.0,-1.0,-1.0,-1.0,-1.0,-1.0,-1.0,-1.0,-1.0,-1.0,-1.0,-1.0,-1.0,-1.0,-1.0,-1.0,-1.0,-1.0,-1.0,-1.0,-1.0,1.0,-1.0,-1.0,-1.0,-1.0,-1.0,-1.0,-1.0,-1.0,-1.0,-1.0,-1.0,-1.0,-1.0,-1.0,-1.0,-1.0,-1.0,-1.0,1.0,1.0,1.0,1.0,1.0,1.0,1.0,1.0,1.0,1.0,1.0,1.0,-1.0,-1.0,-1.0,-1.0,-1.0,-1.0,-1.0,-1.0,-1.0,-1.0,-1.0,-1.0,-1.0,-1.0,-1.0,-1.0,-1.0,-1.0
0.694940978604551,-1.035425404711093,-1.035425404711093,-1.035425404711093,-1.035425404711093,0.6832780092374714,0.6832780092374714,0.6441045387835114,-0.6115196812013348,-0.6115196812013348,-0.6115196812013348,-0.6115196812013348,-0.6115196812013348,-0.6115196812013348,-0.6115196812013348,-0.6115196812013348,-0.6115196812013348,0.6441045387835114,-0.22548930071742646,-0.22548930071742646,-0.22548930071742646,-0.22548930071742646,-0.22548930071742646,-0.22548930071742646,-0.22548930071742646,-0.22548930071742646,-0.22548930071742646,-0.22548930071742646,-0.22548930071742646,-0.22548930071742646,-0.22548930071742646,-0.22548930071742646,-0.22548930071742646,-0.22548930071742646,-0.22548930071742646,-0.22548930071742646,-0.22548930071742646,0.6441045387835114,-0.46859239543732956,-0.46859239543732956,-0.46859239543732956,-0.46859239543732956,-0.46859239543732956,-0.46859239543732956,-0.46859239543732956,-0.46859239543732956,-0.46859239543732956,-0.46859239543732956,-0.46859239543732956,-0.46859239543732956,-0.46859239543732956,-0.46859239543732956,-0.46859239543732956,-0.46859239543732956,0.6441045387835114,-0.7678930716403777,-0.7678930716403777,-0.7678930716403777,-0.7678930716403777,-0.7678930716403777,-0.7678930716403777,-0.7678930716403777,-0.7678930716403777,0.6441045387835114,-0.642536068558752,-0.642536068558752,-0.642536068558752,-0.642536068558752,-0.642536068558752,-0.642536068558752,-0.642536068558752,0.6441045387835114,-0.685701171423712,-0.685701171423712,-0.685701171423712,-0.685701171423712,-0.685701171423712,-0.685701171423712,-0.685701171423712,-0.685701171423712,0.6441045387835114,-0.5400994923090695,-0.5400994923090695,-0.5400994923090695,-0.5400994923090695,-0.5400994923090695,-0.5400994923090695,-0.5400994923090695,-0.5400994923090695,-0.5400994923090695,0.6441045387835114,-1.18423555943938,-1.18423555943938,-1.18423555943938,0.6441045387835114,-0.41778248883150454,-0.41778248883150454,-0.41778248883150454,-0.41778248883150454,-0.41778248883150454,-0.41778248883150454,-0.41778248883150454,-0.41778248883150454,-0.41778248883150454,-0.41778248883150454,-0.41778248883150454,-0.41778248883150454,-0.41778248883150454,-0.41778248883150454,-0.41778248883150454,0.6441045387835114,-0.5046818103606892,-0.5046818103606892,-0.5046818103606892,-0.5046818103606892,-0.5046818103606892,-0.5046818103606892,-0.5046818103606892,-0.5046818103606892,-0.5046818103606892,-0.5046818103606892,-0.5046818103606892,-0.5046818103606892,-0.5046818103606892,0.6832780092374714,0.6441045387835114,-0.6245611709756697,-0.6245611709756697,-0.6245611709756697,-0.6245611709756697,-0.6245611709756697,-0.6245611709756697,-0.6245611709756697,-0.6245611709756697,-0.6245611709756697,-0.6245611709756697,-0.6245611709756697,-0.6245611709756697,-0.6245611709756697,0.6441045387835114,0.6441045387835114,0.6441045387835114,0.6441045387835114,0.6832780092374714,0.6441045387835114,-0.9756901843793709,-0.9756901843793709,-0.9756901843793709,0.6832780092374714,0.6832780092374714,0.6832780092374714,0.6832780092374714,0.6441045387835114,-0.838928682527586,-0.838928682527586,-0.838928682527586,-0.838928682527586,-0.838928682527586,0.6832780092374714,0.6832780092374714,0.6832780092374714,0.6832780092374714,0.6832780092374714,0.6832780092374714,0.6832780092374714,-0.5291895091329055,-0.5291895091329055,-0.5291895091329055,-0.5291895091329055,-0.5291895091329055,-0.5291895091329055,-0.5291895091329055,-0.5291895091329055,0.028718186414961197,-0.28761912953780894,-0.28761912953780894,-0.13997963860248278,-0.13997963860248278,-1.0684242678951832,-1.0684242678951832,-0.13997963860248278,-0.13997963860248278,-0.0663863764095986,-0.0663863764095986,-0.0663863764095986,-0.28761912953780894,-0.28761912953780894,-0.13997963860248278,-0.13997963860248278,-1.0684242678951832,-1.0684242678951832,-0.13997963860248278,-0.13997963860248278,-0.06505316660473578,-0.06505316660473578,-0.8530900607964313,-0.8530900607964313,-0.06505316660473578,-0.06505316660473578,1.5942276769538402,-0.19638793178213923,-0.19638793178213923,-0.19638793178213923,-0.19638793178213923,-0.19638793178213923,1.4838980684268632,-0.9311527171810882,-0.9311527171810882,1.3396559164495734,1.3396559164495734,1.3396559164495734,1.3113431237297781,1.3113431237297781,1.3113431237297781,1.3396559164495734,1.3113431237297781,1.3113431237297781,1.3113431237297781,1.3396559164495734,-1.214393746886843,-1.214393746886843,-1.214393746886843,-1.214393746886843,-1.214393746886843,0.23001861449554722,0.23001861449554722,0.23001861449554722,0.23001861449554722,0.23001861449554722,0.23001861449554722,-0.059758042301207494,-0.06906426178762874,-0.06906426178762874,-0.059758042301207494,1.3113431237297781,1.3396559164495734,1.3396559164495734,1.3113431237297781,1.3113431237297781,1.3113431237297781,1.3396559164495734,1.3396559164495734,1.3113431237297781,1.3113431237297781,1.3113431237297781,1.3113431237297781,1.3113431237297781,1.3113431237297781,1.4838980684268632,-0.4846520419346229,-0.4846520419346229,-0.695860043683715,-0.695860043683715,-0.695860043683715,-0.4846520419346229,-0.4846520419346229,-0.4846520419346229,1.4838980684268632,-1.046168170236653,-1.046168170236653,-1.046168170236653,-1.046168170236653,1.4838980684268632,1.4838980684268632,0.8274043150136339,0.8274043150136339,0.8246357685848025,0.8246357685848025,0.804368510569135,0.804368510569135,-0.4623199560297871,-0.4623199560297871,-0.4623199560297871,0.804368510569135,0.804368510569135,-0.3929648134511546,-0.3929648134511546,-0.3929648134511546,0.804368510569135,-0.5364344561123285,-0.5364344561123285,-0.5364344561123285,-0.5364344561123285,-0.5364344561123285,-0.5364344561123285,0.804368510569135,0.804368510569135,-0.3719594920201892,-0.3719594920201892,-0.3719594920201892,0.804368510569135,0.804368510569135,0.804368510569135,0.804368510569135,-0.4038325060512794,-0.4038325060512794,-0.4038325060512794,0.804368510569135,0.804368510569135,-0.4592150295257363,-0.4592150295257363,-0.4592150295257363,0.804368510569135,0.804368510569135,-0.4749501767718054,-0.4749501767718054,-0.4749501767718054,0.804368510569135,0.804368510569135,-0.24269209189626578,-0.24269209189626578,-0.24269209189626578,0.804368510569135,0.804368510569135,0.804368510569135,0.804368510569135,0.804368510569135,0.804368510569135,0.027627661486820828,0.027627661486820828,0.027627661486820828,0.027627661486820828,0.027627661486820828,0.027627661486820828,0.027627661486820828,0.804368510569135,0.804368510569135,0.804368510569135,0.804368510569135,0.804368510569135,0.804368510569135,0.804368510569135,0.8246357685848025,0.8246357685848025,0.8246357685848025,0.8246357685848025,-1.0249240702007851,-1.0249240702007851,-1.0249240702007851,-1.0249240702007851,-1.0249240702007851,-1.0249240702007851,0.5860644142320176,-0.18248981533413094,-0.18248981533413094,-0.18248981533413094,-0.18248981533413094,-0.18248981533413094,-0.18248981533413094,-0.18248981533413094,-0.18248981533413094,-0.18248981533413094,-0.18248981533413094,-0.11266272248725219,-0.11266272248725219,-0.19815462469798317,-0.19815462469798317,-0.19815462469798317,-0.19815462469798317,-0.19815462469798317,-0.19815462469798317,-0.11266272248725219,-0.11266272248725219,-0.4846520419346229,-0.4846520419346229,-0.8118318331582638,-0.8118318331582638,-0.4846520419346229,-0.4846520419346229,-1.1291967577307898,-1.1291967577307898,0.5860644142320176,0.02323993235138211,0.02323993235138211,-0.024282715336146888,-0.024282715336146888,-0.024282715336146888,-0.024282715336146888,-0.024282715336146888,-0.024282715336146888,-0.024282715336146888,-0.024282715336146888,-0.024282715336146888,-0.024282715336146888,-0.024282715336146888,-0.024282715336146888,-0.024282715336146888,-0.024282715336146888,-0.024282715336146888,-0.024282715336146888,0.5860644142320176,0.5860644142320176,0.5860644142320176,0.5860644142320176,0.5860644142320176,0.5860644142320176,0.5860644142320176,0.5860644142320176,0.5860644142320176,0.5860644142320176,0.5860644142320176,0.5860644142320176,0.05826326677299304,-0.4781618026072083,-0.8459557280250349,-0.8459557280250349,-0.8459557280250349,-0.6030232704147972,-0.12009196831332593,-0.12009196831332593,-0.12009196831332593,-0.12009196831332593,-0.12009196831332593,-0.12009196831332593,-0.12009196831332593,-0.12009196831332593,-0.12009196831332593,0.05826326677299304,-0.4781618026072083,-0.4781618026072083
-1.0917363902447395,0.0,0.0,0.0,0.0,-1.0917363902447395,-1.0917363902447395,-1.0917363902447395,0.0,0.0,0.0,0.0,0.0,0.0,0.0,0.0,0.0,-1.0917363902447395,0.0,0.0,0.0,0.0,0.0,0.0,0.0,0.0,0.0,0.0,0.0,0.0,0.0,0.0,0.0,0.0,0.0,0.0,0.0,-1.0917363902447395,-1.0917363902447395,-1.0917363902447395,-1.0917363902447395,-1.0917363902447395,-1.0917363902447395,-1.0917363902447395,-1.0917363902447395,-1.0917363902447395,-1.0917363902447395,-1.0917363902447395,-1.0917363902447395,-1.0917363902447395,-1.0917363902447395,-1.0917363902447395,-1.0917363902447395,-1.0917363902447395,-1.0917363902447395,-0.5364591779626391,-0.5364591779626391,-0.5364591779626391,-0.5364591779626391,-0.5364591779626391,-0.5364591779626391,-0.5364591779626391,-0.5364591779626391,-1.0917363902447395,0.0,0.0,0.0,0.0,0.0,0.0,0.0,-1.0917363902447395,0.0,0.0,0.0,0.0,0.0,0.0,0.0,0.0,-1.0917363902447395,0.0,0.0,0.0,0.0,0.0,0.0,0.0,0.0,0.0,-1.0917363902447395,0.934053787354754,0.934053787354754,0.934053787354754,-1.0917363902447395,0.0,0.0,0.0,0.0,0.0,0.0,0.0,0.0,0.0,0.0,0.0,0.0,0.0,0.0,0.0,-1.0917363902447395,0.0,0.0,0.0,0.0,0.0,0.0,0.0,0.0,0.0,0.0,0.0,0.0,0.0,-1.0917363902447395,-1.0917363902447395,0.0,0.0,0.0,0.0,0.0,0.0,0.0,0.0,0.0,0.0,0.0,0.0,0.0,-1.0917363902447395,-1.0917363902447395,-1.0917363902447395,-1.0917363902447395,-1.0917363902447395,-1.0917363902447395,0.0,0.0,0.0,-1.0917363902447395,-1.0917363902447395,-1.0917363902447395,-1.0917363902447395,-1.0917363902447395,0.0,0.0,0.0,0.0,0.0,-1.0917363902447395,-1.0917363902447395,-1.0917363902447395,-1.0917363902447395,-1.0917363902447395,-1.0917363902447395,-1.0917363902447395,0.0,0.0,0.0,0.0,0.0,0.0,0.0,0.0,-1.0917363902447395,-0.7204777717288321,-0.7204777717288321,-0.941023382960332,-0.941023382960332,0.0,0.0,-0.941023382960332,-0.941023382960332,-0.9465340976736566,-0.9465340976736566,-0.9465340976736566,-0.7204777717288321,-0.7204777717288321,-0.941023382960332,-0.941023382960332,0.0,0.0,-0.941023382960332,-0.941023382960332,-1.0917363902447395,-1.0917363902447395,0.0,0.0,-1.0917363902447395,-1.0917363902447395,-1.0917363902447395,-1.0427044554630998,-1.0427044554630998,-1.0427044554630998,-1.0427044554630998,-1.0427044554630998,-1.0357127873686953,-1.0917363902447395,-1.0917363902447395,-1.004068601223982,-1.004068601223982,-1.004068601223982,-1.0162180902392741,-1.0162180902392741,-1.0162180902392741,-1.004068601223982,-1.0162180902392741,-1.0162180902392741,-1.0162180902392741,-1.004068601223982,0.0,0.0,0.0,0.0,0.0,-1.0917363902447395,-1.0917363902447395,-1.0917363902447395,-1.0917363902447395,-1.0917363902447395,-1.0917363902447395,-1.0917363902447395,-1.0917363902447395,-1.0917363902447395,-1.0917363902447395,-1.0162180902392741,-1.004068601223982,-1.004068601223982,-1.0162180902392741,-1.0162180902392741,-1.0162180902392741,-1.004068601223982,-1.004068601223982,-1.0162180902392741,-1.0162180902392741,-1.0162180902392741,-1.0162180902392741,-1.0162180902392741,-1.0162180902392741,-1.0357127873686953,-0.8676576370000182,-0.8676576370000182,-0.12167538908502926,-0.12167538908502926,-0.12167538908502926,-0.8676576370000182,-0.8676576370000182,-0.8676576370000182,-1.0357127873686953,0.0,0.0,0.0,0.0,-1.0357127873686953,-1.0357127873686953,-1.0917363902447395,-1.0917363902447395,-1.0917363902447395,-1.0917363902447395,-1.025963177177584,-1.025963177177584,-1.0917363902447395,-1.0917363902447395,-1.0917363902447395,-1.025963177177584,-1.025963177177584,-1.0917363902447395,-1.0917363902447395,-1.0917363902447395,-1.025963177177584,-1.0917363902447395,-1.0917363902447395,-1.0917363902447395,-1.0917363902447395,-1.0917363902447395,-1.0917363902447395,-1.025963177177584,-1.025963177177584,-0.7908783272099785,-0.7908783272099785,-0.7908783272099785,-1.025963177177584,-1.025963177177584,-1.025963177177584,-1.025963177177584,-1.0917363902447395,-1.0917363902447395,-1.0917363902447395,-1.025963177177584,-1.025963177177584,-1.0917363902447395,-1.0917363902447395,-1.0917363902447395,-1.025963177177584,-1.025963177177584,-1.0917363902447395,-1.0917363902447395,-1.0917363902447395,-1.025963177177584,-1.025963177177584,-0.8791591297003644,-0.8791591297003644,-0.8791591297003644,-1.025963177177584,-1.025963177177584,-1.025963177177584,-1.025963177177584,-1.025963177177584,-1.025963177177584,-0.6899128700164863,-0.6899128700164863,-0.6899128700164863,-0.6899128700164863,-0.6899128700164863,-0.6899128700164863,-0.6899128700164863,-1.025963177177584,-1.025963177177584,-1.025963177177584,-1.025963177177584,-1.025963177177584,-1.025963177177584,-1.025963177177584,-1.0917363902447395,-1.0917363902447395,-1.0917363902447395,-1.0917363902447395,0.0,0.0,0.0,0.0,0.0,0.0,-1.0917363902447395,-1.0917363902447395,-1.0917363902447395,-1.0917363902447395,-1.0917363902447395,-1.0917363902447395,-1.0917363902447395,-1.0917363902447395,-1.0917363902447395,-1.0917363902447395,-1.0917363902447395,-1.0917363902447395,-1.0917363902447395,-1.0917363902447395,-1.0917363902447395,-1.0917363902447395,-1.0917363902447395,-1.0917363902447395,-1.0917363902447395,-1.0917363902447395,-1.0917363902447395,-0.8676576370000182,-0.8676576370000182,-0.3812683906048199,-0.3812683906048199,-0.8676576370000182,-0.8676576370000182,-0.4043520888951437,-0.4043520888951437,-1.0917363902447395,-1.0427044554630998,-1.0427044554630998,-0.8748554570575869,-0.8748554570575869,-0.8748554570575869,-0.8748554570575869,-0.8748554570575869,-0.8748554570575869,-0.8748554570575869,-0.8748554570575869,-0.8748554570575869,-0.8748554570575869,-0.8748554570575869,-0.8748554570575869,-0.8748554570575869,-0.8748554570575869,-0.8748554570575869,-0.8748554570575869,-1.0917363902447395,-1.0917363902447395,-1.0917363902447395,-1.0917363902447395,-1.0917363902447395,-1.0917363902447395,-1.0917363902447395,-1.0917363902447395,-1.0917363902447395,-1.0917363902447395,-1.0917363902447395,-1.0917363902447395,-0.9720102433302287,-1.0917363902447395,0.0,0.0,0.0,-1.0917363902447395,-1.011266218767859,-1.011266218767859,-1.011266218767859,-1.011266218767859,-1.011266218767859,-1.011266218767859,-1.011266218767859,-1.011266218767859,-1.011266218767859,-0.9720102433302287,-0.8905810266579662,-0.8905810266579662
1.969566382794139,-0.5077224524862195,-0.5077224524862195,-0.5077224524862195,-0.5077224524862195,1.969566382794139,1.969566382794139,-0.5077224524862195,-0.5077224524862195,-0.5077224524862195,-0.5077224524862195,-0.5077224524862195,-0.5077224524862195,-0.5077224524862195,-0.5077224524862195,-0.5077224524862195,-0.5077224524862195,-0.5077224524862195,-0.5077224524862195,-0.5077224524862195,-0.5077224524862195,-0.5077224524862195,-0.5077224524862195,-0.5077224524862195,-0.5077224524862195,-0.5077224524862195,-0.5077224524862195,-0.5077224524862195,-0.5077224524862195,-0.5077224524862195,-0.5077224524862195,-0.5077224524862195,-0.5077224524862195,-0.5077224524862195,-0.5077224524862195,-0.5077224524862195,-0.5077224524862195,-0.5077224524862195,-0.5077224524862195,-0.5077224524862195,-0.5077224524862195,-0.5077224524862195,-0.5077224524862195,-0.5077224524862195,-0.5077224524862195,-0.5077224524862195,-0.5077224524862195,-0.5077224524862195,-0.5077224524862195,-0.5077224524862195,-0.5077224524862195,-0.5077224524862195,-0.5077224524862195,-0.5077224524862195,-0.5077224524862195,-0.5077224524862195,-0.5077224524862195,-0.5077224524862195,-0.5077224524862195,-0.5077224524862195,-0.5077224524862195,-0.5077224524862195,-0.5077224524862195,-0.5077224524862195,-0.5077224524862195,-0.5077224524862195,-0.5077224524862195,-0.5077224524862195,-0.5077224524862195,-0.5077224524862195,-0.5077224524862195,-0.5077224524862195,-0.5077224524862195,-0.5077224524862195,-0.5077224524862195,-0.5077224524862195,-0.5077224524862195,-0.5077224524862195,-0.5077224524862195,-0.5077224524862195,-0.5077224524862195,-0.5077224524862195,-0.5077224524862195,-0.5077224524862195,-0.5077224524862195,-0.5077224524862195,-0.5077224524862195,-0.5077224524862195,-0.5077224524862195,-0.5077224524862195,-0.5077224524862195,-0.5077224524862195,-0.5077224524862195,-0.5077224524862195,-0.5077224524862195,-0.5077224524862195,-0.5077224524862195,-0.5077224524862195,-0.5077224524862195,-0.5077224524862195,-0.5077224524862195,-0.5077224524862195,-0.5077224524862195,-0.5077224524862195,-0.5077224524862195,-0.5077224524862195,-0.5077224524862195,-0.5077224524862195,-0.5077224524862195,-0.5077224524862195,-0.5077224524862195,-0.5077224524862195,-0.5077224524862195,-0.5077224524862195,-0.5077224524862195,-0.5077224524862195,-0.5077224524862195,-0.5077224524862195,-0.5077224524862195,-0.5077224524862195,-0.5077224524862195,-0.5077224524862195,-0.5077224524862195,-0.5077224524862195,1.969566382794139,-0.5077224524862195,-0.5077224524862195,-0.5077224524862195,-0.5077224524862195,-0.5077224524862195,-0.5077224524862195,-0.5077224524862195,-0.5077224524862195,-0.5077224524862195,-0.5077224524862195,-0.5077224524862195,-0.5077224524862195,-0.5077224524862195,-0.5077224524862195,-0.5077224524862195,-0.5077224524862195,-0.5077224524862195,-0.5077224524862195,1.969566382794139,-0.5077224524862195,-0.5077224524862195,-0.5077224524862195,-0.5077224524862195,1.969566382794139,1.969566382794139,1.969566382794139,1.969566382794139,-0.5077224524862195,-0.5077224524862195,-0.5077224524862195,-0.5077224524862195,-0.5077224524862195,-0.5077224524862195,1.969566382794139,1.969566382794139,1.969566382794139,1.969566382794139,1.969566382794139,1.969566382794139,1.969566382794139,-0.5077224524862195,-0.5077224524862195,-0.5077224524862195,-0.5077224524862195,-0.5077224524862195,-0.5077224524862195,-0.5077224524862195,-0.5077224524862195,-0.5077224524862195,-0.5077224524862195,-0.5077224524862195,-0.5077224524862195,-0.5077224524862195,-0.5077224524862195,-0.5077224524862195,-0.5077224524862195,-0.5077224524862195,-0.5077224524862195,-0.5077224524862195,-0.5077224524862195,-0.5077224524862195,-0.5077224524862195,-0.5077224524862195,-0.5077224524862195,-0.5077224524862195,-0.5077224524862195,-0.5077224524862195,-0.5077224524862195,1.969566382794139,1.969566382794139,1.969566382794139,1.969566382794139,1.969566382794139,1.969566382794139,1.969566382794139,-0.5077224524862195,-0.5077224524862195,-0.5077224524862195,-0.5077224524862195,-0.5077224524862195,1.969566382794139,1.969566382794139,1.969566382794139,1.969566382794139,1.969566382794139,1.969566382794139,1.969566382794139,1.969566382794139,1.969566382794139,1.969566382794139,1.969566382794139,1.969566382794139,1.969566382794139,1.969566382794139,1.969566382794139,1.969566382794139,1.969566382794139,1.969566382794139,1.969566382794139,1.969566382794139,1.969566382794139,1.969566382794139,1.969566382794139,1.969566382794139,1.969566382794139,-0.5077224524862195,-0.5077224524862195,-0.5077224524862195,-0.5077224524862195,1.969566382794139,1.969566382794139,1.969566382794139,1.969566382794139,1.969566382794139,1.969566382794139,1.969566382794139,1.969566382794139,1.969566382794139,1.969566382794139,1.969566382794139,1.969566382794139,1.969566382794139,1.969566382794139,1.969566382794139,-0.5077224524862195,-0.5077224524862195,-0.5077224524862195,-0.5077224524862195,-0.5077224524862195,-0.5077224524862195,-0.5077224524862195,-0.5077224524862195,1.969566382794139,-0.5077224524862195,-0.5077224524862195,-0.5077224524862195,-0.5077224524862195,1.969566382794139,1.969566382794139,1.969566382794139,1.969566382794139,-0.5077224524862195,-0.5077224524862195,-0.5077224524862195,-0.5077224524862195,-0.5077224524862195,-0.5077224524862195,-0.5077224524862195,-0.5077224524862195,-0.5077224524862195,-0.5077224524862195,-0.5077224524862195,-0.5077224524862195,-0.5077224524862195,-0.5077224524862195,-0.5077224524862195,-0.5077224524862195,-0.5077224524862195,-0.5077224524862195,-0.5077224524862195,-0.5077224524862195,-0.5077224524862195,-0.5077224524862195,-0.5077224524862195,-0.5077224524862195,-0.5077224524862195,-0.5077224524862195,-0.5077224524862195,-0.5077224524862195,-0.5077224524862195,-0.5077224524862195,-0.5077224524862195,-0.5077224524862195,-0.5077224524862195,-0.5077224524862195,-0.5077224524862195,-0.5077224524862195,-0.5077224524862195,-0.5077224524862195,-0.5077224524862195,-0.5077224524862195,-0.5077224524862195,-0.5077224524862195,-0.5077224524862195,-0.5077224524862195,-0.5077224524862195,-0.5077224524862195,-0.5077224524862195,-0.5077224524862195,-0.5077224524862195,-0.5077224524862195,-0.5077224524862195,-0.5077224524862195,-0.5077224524862195,-0.5077224524862195,-0.5077224524862195,-0.5077224524862195,-0.5077224524862195,-0.5077224524862195,-0.5077224524862195,-0.5077224524862195,-0.5077224524862195,-0.5077224524862195,-0.5077224524862195,-0.5077224524862195,-0.5077224524862195,-0.5077224524862195,-0.5077224524862195,-0.5077224524862195,-0.5077224524862195,-0.5077224524862195,-0.5077224524862195,-0.5077224524862195,-0.5077224524862195,-0.5077224524862195,-0.5077224524862195,-0.5077224524862195,1.969566382794139,1.969566382794139,1.969566382794139,1.969566382794139,1.969566382794139,1.969566382794139,1.969566382794139,1.969566382794139,1.969566382794139,1.969566382794139,1.969566382794139,-0.5077224524862195,-0.5077224524862195,-0.5077224524862195,-0.5077224524862195,-0.5077224524862195,-0.5077224524862195,-0.5077224524862195,-0.5077224524862195,-0.5077224524862195,-0.5077224524862195,-0.5077224524862195,-0.5077224524862195,-0.5077224524862195,-0.5077224524862195,-0.5077224524862195,-0.5077224524862195,-0.5077224524862195,-0.5077224524862195,1.969566382794139,1.969566382794139,1.969566382794139,1.969566382794139,1.969566382794139,1.969566382794139,1.969566382794139,1.969566382794139,1.969566382794139,1.969566382794139,1.969566382794139,1.969566382794139,1.969566382794139,1.969566382794139,1.969566382794139,1.969566382794139,1.969566382794139,1.969566382794139,1.969566382794139,1.969566382794139,1.969566382794139,1.969566382794139,1.969566382794139,1.969566382794139,1.969566382794139,1.969566382794139,1.969566382794139,1.969566382794139,1.969566382794139,1.969566382794139,1.969566382794139,1.969566382794139,1.969566382794139,1.969566382794139,1.969566382794139,1.969566382794139,1.969566382794139,1.969566382794139,1.969566382794139,1.969566382794139,1.969566382794139,1.969566382794139,1.969566382794139,1.969566382794139,1.969566382794139,1.969566382794139,1.969566382794139,-0.5077224524862195,-0.5077224524862195
-0.8553245616032696,-0.8700053950135924,-0.8700053950135924,-0.8700053950135924,-0.8700053950135924,-0.854953535371188,-0.854953535371188,-0.8700053950135924,-0.8700053950135924,-0.8700053950135924,-0.8700053950135924,-0.8700053950135924,-0.8700053950135924,-0.8700053950135924,-0.8700053950135924,-0.8700053950135924,-0.8700053950135924,-0.8700053950135924,-0.8700053950135924,-0.8700053950135924,-0.8700053950135924,-0.8700053950135924,-0.8700053950135924,-0.8700053950135924,-0.8700053950135924,-0.8700053950135924,-0.8700053950135924,-0.8700053950135924,-0.8700053950135924,-0.8700053950135924,-0.8700053950135924,-0.8700053950135924,-0.8700053950135924,-0.8700053950135924,-0.8700053950135924,-0.8700053950135924,-0.8700053950135924,-0.8700053950135924,-0.8700053950135924,-0.8700053950135924,-0.8700053950135924,-0.8700053950135924,-0.8700053950135924,-0.8700053950135924,-0.8700053950135924,-0.8700053950135924,-0.8700053950135924,-0.8700053950135924,-0.8700053950135924,-0.8700053950135924,-0.8700053950135924,-0.8700053950135924,-0.8700053950135924,-0.8700053950135924,-0.8700053950135924,-0.8700053950135924,-0.8700053950135924,-0.8700053950135924,-0.8700053950135924,-0.8700053950135924,-0.8700053950135924,-0.8700053950135924,-0.8700053950135924,-0.8700053950135924,-0.8700053950135924,-0.8700053950135924,-0.8700053950135924,-0.8700053950135924,-0.8700053950135924,-0.8700053950135924,-0.8700053950135924,-0.8700053950135924,-0.8700053950135924,-0.8700053950135924,-0.8700053950135924,-0.8700053950135924,-0.8700053950135924,-0.8700053950135924,-0.8700053950135924,-0.8700053950135924,-0.8700053950135924,-0.8700053950135924,-0.8700053950135924,-0.8700053950135924,-0.8700053950135924,-0.8700053950135924,-0.8700053950135924,-0.8700053950135924,-0.8700053950135924,-0.8700053950135924,-0.8700053950135924,-0.8700053950135924,-0.8700053950135924,-0.8700053950135924,-0.8700053950135924,-0.8700053950135924,-0.8700053950135924,-0.8700053950135924,-0.8700053950135924,-0.8700053950135924,-0.8700053950135924,-0.8700053950135924,-0.8700053950135924,-0.8700053950135924,-0.8700053950135924,-0.8700053950135924,-0.8700053950135924,-0.8700053950135924,-0.8700053950135924,-0.8700053950135924,-0.8700053950135924,-0.8700053950135924,-0.8700053950135924,-0.8700053950135924,-0.8700053950135924,-0.8700053950135924,-0.8700053950135924,-0.8700053950135924,-0.8700053950135924,-0.8700053950135924,-0.8700053950135924,-0.8700053950135924,-0.8700053950135924,-0.8700053950135924,-0.854953535371188,-0.8700053950135924,-0.8700053950135924,-0.8700053950135924,-0.8700053950135924,-0.8700053950135924,-0.8700053950135924,-0.8700053950135924,-0.8700053950135924,-0.8700053950135924,-0.8700053950135924,-0.8700053950135924,-0.8700053950135924,-0.8700053950135924,-0.8700053950135924,-0.8700053950135924,-0.8700053950135924,-0.8700053950135924,-0.8700053950135924,-0.854953535371188,-0.8700053950135924,-0.8700053950135924,-0.8700053950135924,-0.8700053950135924,-0.854953535371188,-0.854953535371188,-0.854953535371188,-0.854953535371188,-0.8700053950135924,-0.8700053950135924,-0.8700053950135924,-0.8700053950135924,-0.8700053950135924,-0.8700053950135924,-0.854953535371188,-0.854953535371188,-0.854953535371188,-0.854953535371188,-0.854953535371188,-0.854953535371188,-0.854953535371188,-0.8700053950135924,-0.8700053950135924,-0.8700053950135924,-0.8700053950135924,-0.8700053950135924,-0.8700053950135924,-0.8700053950135924,-0.8700053950135924,-0.8700053950135924,-0.8700053950135924,-0.8700053950135924,-0.8700053950135924,-0.8700053950135924,-0.8700053950135924,-0.8700053950135924,-0.8700053950135924,-0.8700053950135924,-0.8700053950135924,-0.8700053950135924,-0.8700053950135924,-0.8700053950135924,-0.8700053950135924,-0.8700053950135924,-0.8700053950135924,-0.8700053950135924,-0.8700053950135924,-0.8700053950135924,-0.8700053950135924,-0.8606730276213466,-0.8606730276213466,-0.8196106110954651,-0.8196106110954651,-0.8606730276213466,-0.8606730276213466,-0.854470780510621,-0.8700053950135924,-0.8700053950135924,-0.8700053950135924,-0.8700053950135924,-0.8700053950135924,-0.8577954349423129,-0.5722180354973849,-0.5722180354973849,-0.8543036506939728,-0.8543036506939728,-0.8543036506939728,-0.8557761907467156,-0.8557761907467156,-0.8557761907467156,-0.8543036506939728,-0.8557761907467156,-0.8557761907467156,-0.8557761907467156,-0.8543036506939728,-0.5424392995457642,-0.5424392995457642,-0.5424392995457642,-0.5424392995457642,-0.5424392995457642,-0.8402266590619717,-0.8402266590619717,-0.8402266590619717,-0.8402266590619717,-0.8402266590619717,-0.8402266590619717,-0.8700053950135924,-0.8700053950135924,-0.8700053950135924,-0.8700053950135924,-0.8557761907467156,-0.8543036506939728,-0.8543036506939728,-0.8557761907467156,-0.8557761907467156,-0.8557761907467156,-0.8543036506939728,-0.8543036506939728,-0.8557761907467156,-0.8557761907467156,-0.8557761907467156,-0.8557761907467156,-0.8557761907467156,-0.8557761907467156,-0.8577954349423129,-0.8700053950135924,-0.8700053950135924,-0.8700053950135924,-0.8700053950135924,-0.8700053950135924,-0.8700053950135924,-0.8700053950135924,-0.8700053950135924,-0.8577954349423129,-0.8700053950135924,-0.8700053950135924,-0.8700053950135924,-0.8700053950135924,-0.8577954349423129,-0.8577954349423129,-0.8686232595896776,-0.8686232595896776,-0.8700053950135924,-0.8700053950135924,-0.8700053950135924,-0.8700053950135924,-0.8700053950135924,-0.8700053950135924,-0.8700053950135924,-0.8700053950135924,-0.8700053950135924,-0.8700053950135924,-0.8700053950135924,-0.8700053950135924,-0.8700053950135924,-0.8700053950135924,-0.8700053950135924,-0.8700053950135924,-0.8700053950135924,-0.8700053950135924,-0.8700053950135924,-0.8700053950135924,-0.8700053950135924,-0.8700053950135924,-0.8700053950135924,-0.8700053950135924,-0.8700053950135924,-0.8700053950135924,-0.8700053950135924,-0.8700053950135924,-0.8700053950135924,-0.8700053950135924,-0.8700053950135924,-0.8700053950135924,-0.8700053950135924,-0.8700053950135924,-0.8700053950135924,-0.8700053950135924,-0.8700053950135924,-0.8700053950135924,-0.8700053950135924,-0.8700053950135924,-0.8700053950135924,-0.8700053950135924,-0.8700053950135924,-0.8700053950135924,-0.8700053950135924,-0.8700053950135924,-0.8700053950135924,-0.8700053950135924,-0.8700053950135924,-0.8700053950135924,-0.8700053950135924,-0.8700053950135924,-0.8700053950135924,-0.8700053950135924,-0.8700053950135924,-0.8700053950135924,-0.8700053950135924,-0.8700053950135924,-0.8700053950135924,-0.8700053950135924,-0.8700053950135924,-0.8700053950135924,-0.8700053950135924,-0.8700053950135924,-0.8700053950135924,-0.8700053950135924,-0.8700053950135924,-0.8700053950135924,-0.8700053950135924,-0.8700053950135924,-0.8700053950135924,-0.8700053950135924,-0.8700053950135924,-0.8700053950135924,-0.8700053950135924,-0.8700053950135924,-0.8236735568993311,-0.7500178142561462,-0.7500178142561462,-0.7500178142561462,-0.7500178142561462,-0.7500178142561462,-0.7500178142561462,-0.7500178142561462,-0.7500178142561462,-0.7500178142561462,-0.7500178142561462,-0.8700053950135924,-0.8700053950135924,-0.8700053950135924,-0.8700053950135924,-0.8700053950135924,-0.8700053950135924,-0.8700053950135924,-0.8700053950135924,-0.8700053950135924,-0.8700053950135924,-0.8700053950135924,-0.8700053950135924,-0.8700053950135924,-0.8700053950135924,-0.8700053950135924,-0.8700053950135924,-0.8700053950135924,-0.8700053950135924,-0.8236735568993311,-0.8545541640952987,-0.8545541640952987,-0.8529001158768912,-0.8529001158768912,-0.8529001158768912,-0.8529001158768912,-0.8529001158768912,-0.8529001158768912,-0.8529001158768912,-0.8529001158768912,-0.8529001158768912,-0.8529001158768912,-0.8529001158768912,-0.8529001158768912,-0.8529001158768912,-0.8529001158768912,-0.8529001158768912,-0.8529001158768912,-0.8236735568993311,-0.8236735568993311,-0.8236735568993311,-0.8236735568993311,-0.8236735568993311,-0.8236735568993311,-0.8236735568993311,-0.8236735568993311,-0.8236735568993311,-0.8236735568993311,-0.8236735568993311,-0.8236735568993311,-0.8628376467539025,-0.8474146298089146,-0.820374168427558,-0.820374168427558,-0.820374168427558,-0.8404949359624367,-0.8595064816973159,-0.8595064816973159,-0.8595064816973159,-0.8595064816973159,-0.8595064816973159,-0.8595064816973159,-0.8595064816973159,-0.8595064816973159,-0.8595064816973159,-0.8628376467539025,-0.8700053950135924,-0.8700053950135924
-0.797640857572655,-1.0183565364195493,-1.0183565364195493,-1.0183565364195493,-1.0183565364195493,-0.797640857572655,-0.797640857572655,-0.797640857572655,-0.797640857572655,-0.797640857572655,-0.797640857572655,-0.797640857572655,-0.797640857572655,-0.797640857572655,-0.797640857572655,-0.797640857572655,-0.797640857572655,-0.797640857572655,-0.6173030170247277,-0.6173030170247277,-0.6173030170247277,-0.6173030170247277,-0.6173030170247277,-0.6173030170247277,-0.6173030170247277,-0.6173030170247277,-0.6173030170247277,-0.6173030170247277,-0.6173030170247277,-0.6173030170247277,-0.6173030170247277,-0.6173030170247277,-0.6173030170247277,-0.6173030170247277,-0.6173030170247277,-0.6173030170247277,-0.6173030170247277,-0.797640857572655,-1.0183565364195493,-1.0183565364195493,-1.0183565364195493,-1.0183565364195493,-1.0183565364195493,-1.0183565364195493,-1.0183565364195493,-1.0183565364195493,-1.0183565364195493,-1.0183565364195493,-1.0183565364195493,-1.0183565364195493,-1.0183565364195493,-1.0183565364195493,-1.0183565364195493,-1.0183565364195493,-0.797640857572655,-1.0183565364195493,-1.0183565364195493,-1.0183565364195493,-1.0183565364195493,-1.0183565364195493,-1.0183565364195493,-1.0183565364195493,-1.0183565364195493,-0.797640857572655,-0.6173030170247277,-0.6173030170247277,-0.6173030170247277,-0.6173030170247277,-0.6173030170247277,-0.6173030170247277,-0.6173030170247277,-0.797640857572655,-0.797640857572655,-0.797640857572655,-0.797640857572655,-0.797640857572655,-0.797640857572655,-0.797640857572655,-0.797640857572655,-0.797640857572655,-0.797640857572655,-0.6173030170247277,-0.6173030170247277,-0.6173030170247277,-0.6173030170247277,-0.6173030170247277,-0.6173030170247277,-0.6173030170247277,-0.6173030170247277,-0.6173030170247277,-0.797640857572655,-1.0183565364195493,-1.0183565364195493,-1.0183565364195493,-0.797640857572655,-0.797640857572655,-0.797640857572655,-0.797640857572655,-0.797640857572655,-0.797640857572655,-0.797640857572655,-0.797640857572655,-0.797640857572655,-0.797640857572655,-0.797640857572655,-0.797640857572655,-0.797640857572655,-0.797640857572655,-0.797640857572655,-0.797640857572655,-0.797640857572655,-0.901855017471593,-0.901855017471593,-0.901855017471593,-0.901855017471593,-0.901855017471593,-0.901855017471593,-0.901855017471593,-0.901855017471593,-0.901855017471593,-0.901855017471593,-0.901855017471593,-0.901855017471593,-0.901855017471593,-0.797640857572655,-0.797640857572655,-1.096933728981207,-1.096933728981207,-1.096933728981207,-1.096933728981207,-1.096933728981207,-1.096933728981207,-1.096933728981207,-1.096933728981207,-1.096933728981207,-1.096933728981207,-1.096933728981207,-1.096933728981207,-1.096933728981207,-0.797640857572655,-0.797640857572655,-0.797640857572655,-0.797640857572655,-0.797640857572655,-0.797640857572655,-0.6173030170247277,-0.6173030170247277,-0.6173030170247277,-0.797640857572655,-0.797640857572655,-0.797640857572655,-0.797640857572655,-0.797640857572655,-0.7033676826920172,-0.7033676826920172,-0.7033676826920172,-0.7033676826920172,-0.7033676826920172,-0.797640857572655,-0.797640857572655,-0.797640857572655,-0.797640857572655,-0.797640857572655,-0.797640857572655,-0.797640857572655,-0.3327510165778624,-0.3327510165778624,-0.3327510165778624,-0.3327510165778624,-0.3327510165778624,-0.3327510165778624,-0.3327510165778624,-0.3327510165778624,0.026205950473936392,0.6451039720015455,0.6451039720015455,0.25548548960086465,0.25548548960086465,-0.797640857572655,-0.797640857572655,0.25548548960086465,0.25548548960086465,0.25548548960086465,0.25548548960086465,0.25548548960086465,0.6451039720015455,0.6451039720015455,0.25548548960086465,0.25548548960086465,-0.797640857572655,-0.797640857572655,0.25548548960086465,0.25548548960086465,0.1848040217649151,0.1848040217649151,-0.797640857572655,-0.797640857572655,0.1848040217649151,0.1848040217649151,0.6678433569913562,0.6678433569913562,0.6678433569913562,0.6678433569913562,0.6678433569913562,0.6678433569913562,0.9063814942978732,-0.538131199345661,-0.538131199345661,1.4497635791329209,1.4497635791329209,1.4497635791329209,1.4994785492426022,1.4994785492426022,1.4994785492426022,1.4497635791329209,1.4994785492426022,1.4994785492426022,1.4994785492426022,1.4497635791329209,-1.096933728981207,-1.096933728981207,-1.096933728981207,-1.096933728981207,-1.096933728981207,0.5979941312604431,0.5979941312604431,0.5979941312604431,0.5979941312604431,0.5979941312604431,0.5979941312604431,1.1411274748183142,1.3421445288373728,1.3421445288373728,1.1411274748183142,1.4994785492426022,1.4497635791329209,1.4497635791329209,1.4994785492426022,1.4994785492426022,1.4994785492426022,1.4497635791329209,1.4497635791329209,1.4994785492426022,1.4994785492426022,1.4994785492426022,1.4994785492426022,1.4994785492426022,1.4994785492426022,0.9063814942978732,-0.3965873381778338,-0.3965873381778338,-0.017762162850330287,-0.017762162850330287,-0.017762162850330287,-0.3965873381778338,-0.3965873381778338,-0.3965873381778338,0.9063814942978732,-0.797640857572655,-0.797640857572655,-0.797640857572655,-0.797640857572655,0.9063814942978732,0.9063814942978732,0.2207759744561858,0.2207759744561858,0.25548548960086465,0.25548548960086465,0.3528545032638245,0.3528545032638245,0.2890181816638531,0.2890181816638531,0.2890181816638531,0.3528545032638245,0.3528545032638245,0.41281951000609457,0.41281951000609457,0.41281951000609457,0.3528545032638245,-0.21624949762990653,-0.21624949762990653,-0.21624949762990653,-0.21624949762990653,-0.21624949762990653,-0.21624949762990653,0.3528545032638245,0.3528545032638245,0.4693560222117804,0.4693560222117804,0.4693560222117804,0.3528545032638245,0.3528545032638245,0.3528545032638245,0.3528545032638245,0.41281951000609457,0.41281951000609457,0.41281951000609457,0.3528545032638245,0.3528545032638245,0.2890181816638531,0.2890181816638531,0.2890181816638531,0.3528545032638245,0.3528545032638245,0.25548548960086465,0.25548548960086465,0.25548548960086465,0.3528545032638245,0.3528545032638245,0.41281951000609457,0.41281951000609457,0.41281951000609457,0.3528545032638245,0.3528545032638245,0.3528545032638245,0.3528545032638245,0.3528545032638245,0.3528545032638245,0.4414916533030797,0.4414916533030797,0.4414916533030797,0.4414916533030797,0.4414916533030797,0.4414916533030797,0.4414916533030797,0.3528545032638245,0.3528545032638245,0.3528545032638245,0.3528545032638245,0.3528545032638245,0.3528545032638245,0.3528545032638245,0.25548548960086465,0.25548548960086465,0.25548548960086465,0.25548548960086465,-1.096933728981207,-1.096933728981207,-1.096933728981207,-1.096933728981207,-1.096933728981207,-1.096933728981207,0.026205950473936392,0.1848040217649151,0.1848040217649151,0.1848040217649151,0.1848040217649151,0.1848040217649151,0.1848040217649151,0.1848040217649151,0.1848040217649151,0.1848040217649151,0.1848040217649151,0.2207759744561858,0.2207759744561858,0.49645688688845147,0.49645688688845147,0.49645688688845147,0.49645688688845147,0.49645688688845147,0.49645688688845147,0.2207759744561858,0.2207759744561858,-0.3965873381778338,-0.3965873381778338,0.026205950473936392,0.026205950473936392,-0.3965873381778338,-0.3965873381778338,-0.6173030170247277,-0.6173030170247277,0.026205950473936392,0.026205950473936392,0.026205950473936392,0.026205950473936392,0.026205950473936392,0.026205950473936392,0.026205950473936392,0.026205950473936392,0.026205950473936392,0.026205950473936392,0.026205950473936392,0.026205950473936392,0.026205950473936392,0.026205950473936392,0.026205950473936392,0.026205950473936392,0.026205950473936392,0.026205950473936392,0.026205950473936392,0.026205950473936392,0.026205950473936392,0.026205950473936392,0.026205950473936392,0.026205950473936392,0.026205950473936392,0.026205950473936392,0.026205950473936392,0.026205950473936392,0.026205950473936392,0.026205950473936392,0.026205950473936392,0.06830250281695922,0.06830250281695922,-0.3327510165778624,-0.3327510165778624,-0.3327510165778624,-0.017762162850330287,-0.11203533773096849,-0.11203533773096849,-0.11203533773096849,-0.11203533773096849,-0.11203533773096849,-0.11203533773096849,-0.11203533773096849,-0.11203533773096849,-0.11203533773096849,0.06830250281695922,0.4693560222117804,0.4693560222117804
-1.0,-1.0,-1.0,-1.0,-1.0,-1.0,-1.0,-1.0,-1.0,-1.0,-1.0,-1.0,-1.0,-1.0,-1.0,-1.0,-1.0,-1.0,-1.0,-1.0,-1.0,-1.0,-1.0,-1.0,-1.0,-1.0,-1.0,-1.0,-1.0,-1.0,-1.0,-1.0,-1.0,-1.0,-1.0,-1.0,-1.0,-1.0,-1.0,-1.0,-1.0,-1.0,-1.0,-1.0,-1.0,-1.0,-1.0,-1.0,-1.0,-1.0,-1.0,-1.0,-1.0,-1.0,-1.0,-1.0,-1.0,-1.0,-1.0,-1.0,-1.0,-1.0,-1.0,-1.0,-1.0,-1.0,-1.0,-1.0,-1.0,-1.0,-1.0,-1.0,-1.0,-1.0,-1.0,-1.0,-1.0,-1.0,-1.0,-1.0,-1.0,-1.0,-1.0,-1.0,-1.0,-1.0,-1.0,-1.0,-1.0,-1.0,-1.0,-1.0,-1.0,-1.0,-1.0,-1.0,-1.0,-1.0,-1.0,-1.0,-1.0,-1.0,-1.0,-1.0,-1.0,-1.0,-1.0,-1.0,-1.0,-1.0,-1.0,-1.0,-1.0,-1.0,-1.0,-1.0,-1.0,-1.0,-1.0,-1.0,-1.0,-1.0,-1.0,-1.0,-1.0,-1.0,-1.0,-1.0,-1.0,-1.0,-1.0,-1.0,-1.0,-1.0,-1.0,-1.0,-1.0,-1.0,-1.0,-1.0,-1.0,-1.0,-1.0,-1.0,-1.0,-1.0,-1.0,-1.0,-1.0,-1.0,-1.0,-1.0,-1.0,-1.0,-1.0,-1.0,-1.0,-1.0,-1.0,-1.0,-1.0,-1.0,-1.0,-1.0,-1.0,-1.0,-1.0,-1.0,-1.0,-1.0,-1.0,-1.0,-1.0,-1.0,1.0,1.0,-1.0,-1.0,-1.0,-1.0,-1.0,-1.0,-1.0,-1.0,-1.0,1.0,1.0,-1.0,-1.0,-1.0,-1.0,-1.0,-1.0,-1.0,-1.0,-1.0,-1.0,-1.0,-1.0,-1.0,-1.0,-1.0,-1.0,-1.0,-1.0,-1.0,-1.0,-1.0,-1.0,-1.0,-1.0,1.0,1.0,1.0,-1.0,1.0,1.0,1.0,-1.0,-1.0,-1.0,-1.0,-1.0,-1.0,1.0,1.0,1.0,1.0,1.0,1.0,-1.0,-1.0,-1.0,-1.0,1.0,-1.0,-1.0,1.0,1.0,1.0,-1.0,-1.0,1.0,1.0,1.0,1.0,1.0,1.0,-1.0,-1.0,-1.0,-1.0,-1.0,-1.0,-1.0,-1.0,-1.0,-1.0,-1.0,-1.0,-1.0,-1.0,-1.0,-1.0,-1.0,-1.0,-1.0,-1.0,1.0,1.0,-1.0,-1.0,-1.0,1.0,1.0,-1.0,-1.0,-1.0,1.0,-1.0,-1.0,-1.0,-1.0,-1.0,-1.0,1.0,1.0,-1.0,-1.0,-1.0,1.0,1.0,1.0,1.0,-1.0,-1.0,-1.0,1.0,1.0,-1.0,-1.0,-1.0,1.0,1.0,-1.0,-1.0,-1.0,1.0,1.0,-1.0,-1.0,-1.0,1.0,1.0,1.0,1.0,1.0,1.0,1.0,1.0,1.0,1.0,1.0,1.0,1.0,1.0,1.0,1.0,1.0,1.0,1.0,1.0,-1.0,-1.0,-1.0,-1.0,-1.0,-1.0,-1.0,-1.0,-1.0,-1.0,-1.0,-1.0,-1.0,-1.0,-1.0,-1.0,-1.0,-1.0,-1.0,-1.0,-1.0,-1.0,-1.0,1.0,1.0,1.0,1.0,1.0,1.0,-1.0,-1.0,-1.0,-1.0,-1.0,-1.0,-1.0,-1.0,-1.0,-1.0,-1.0,1.0,1.0,1.0,1.0,1.0,1.0,1.0,1.0,1.0,1.0,1.0,1.0,1.0,1.0,1.0,1.0,1.0,1.0,-1.0,-1.0,-1.0,-1.0,-1.0,-1.0,-1.0,-1.0,-1.0,-1.0,-1.0,-1.0,-1.0,-1.0,-1.0,-1.0,-1.0,-1.0,-1.0,-1.0,-1.0,-1.0,-1.0,-1.0,-1.0,-1.0,-1.0,-1.0,-1.0,-1.0
-1.0,-1.0,-1.0,-1.0,-1.0,-1.0,-1.0,-1.0,-1.0,-1.0,-1.0,-1.0,-1.0,-1.0,-1.0,-1.0,-1.0,-1.0,-1.0,-1.0,-1.0,-1.0,-1.0,-1.0,-1.0,-1.0,-1.0,-1.0,-1.0,-1.0,-1.0,-1.0,-1.0,-1.0,-1.0,-1.0,-1.0,-1.0,-1.0,-1.0,-1.0,-1.0,-1.0,-1.0,-1.0,-1.0,-1.0,-1.0,-1.0,-1.0,-1.0,-1.0,-1.0,-1.0,-1.0,-1.0,-1.0,-1.0,-1.0,-1.0,-1.0,-1.0,-1.0,-1.0,-1.0,-1.0,-1.0,-1.0,-1.0,-1.0,-1.0,-1.0,-1.0,-1.0,-1.0,-1.0,-1.0,-1.0,-1.0,-1.0,-1.0,-1.0,-1.0,-1.0,-1.0,-1.0,-1.0,-1.0,-1.0,-1.0,-1.0,-1.0,-1.0,-1.0,-1.0,-1.0,-1.0,-1.0,-1.0,-1.0,-1.0,-1.0,-1.0,-1.0,-1.0,-1.0,-1.0,-1.0,-1.0,-1.0,-1.0,-1.0,-1.0,-1.0,-1.0,-1.0,-1.0,-1.0,-1.0,-1.0,-1.0,-1.0,-1.0,-1.0,-1.0,-1.0,-1.0,-1.0,-1.0,-1.0,-1.0,-1.0,-1.0,-1.0,-1.0,-1.0,-1.0,-1.0,-1.0,-1.0,-1.0,-1.0,-1.0,-1.0,-1.0,-1.0,-1.0,-1.0,-1.0,-1.0,-1.0,-1.0,-1.0,-1.0,-1.0,-1.0,-1.0,-1.0,-1.0,-1.0,-1.0,-1.0,-1.0,-1.0,-1.0,-1.0,-1.0,-1.0,-1.0,-1.0,-1.0,-1.0,-1.0,-1.0,-1.0,-1.0,-1.0,-1.0,-1.0,-1.0,-1.0,-1.0,-1.0,-1.0,-1.0,-1.0,-1.0,-1.0,-1.0,-1.0,-1.0,-1.0,-1.0,-1.0,-1.0,-1.0,-1.0,-1.0,-1.0,-1.0,-1.0,-1.0,-1.0,-1.0,-1.0,-1.0,-1.0,-1.0,-1.0,-1.0,-1.0,-1.0,-1.0,-1.0,-1.0,-1.0,-1.0,-1.0,-1.0,-1.0,-1.0,-1.0,-1.0,-1.0,-1.0,-1.0,-1.0,-1.0,-1.0,-1.0,-1.0,-1.0,-1.0,-1.0,-1.0,-1.0,-1.0,-1.0,-1.0,-1.0,-1.0,-1.0,-1.0,-1.0,-1.0,-1.0,-1.0,-1.0,-1.0,-1.0,-1.0,-1.0,-1.0,-1.0,-1.0,-1.0,-1.0,-1.0,-1.0,-1.0,-1.0,-1.0,-1.0,-1.0,-1.0,-1.0,-1.0,-1.0,-1.0,-1.0,-1.0,-1.0,-1.0,-1.0,-1.0,-1.0,-1.0,-1.0,-1.0,-1.0,-1.0,-1.0,-1.0,-1.0,-1.0,-1.0,-1.0,-1.0,-1.0,-1.0,-1.0,-1.0,-1.0,-1.0,-1.0,-1.0,-1.0,-1.0,-1.0,-1.0,-1.0,-1.0,-1.0,-1.0,-1.0,-1.0,-1.0,-1.0,-1.0,-1.0,-1.0,-1.0,-1.0,-1.0,-1.0,-1.0,-1.0,-1.0,-1.0,-1.0,-1.0,-1.0,-1.0,-1.0,-1.0,-1.0,-1.0,-1.0,-1.0,-1.0,-1.0,-1.0,-1.0,-1.0,-1.0,-1.0,-1.0,-1.0,-1.0,-1.0,-1.0,-1.0,-1.0,-1.0,-1.0,-1.0,-1.0,-1.0,-1.0,-1.0,-1.0,-1.0,-1.0,-1.0,-1.0,-1.0,-1.0,-1.0,-1.0,-1.0,-1.0,-1.0,-1.0,-1.0,-1.0,-1.0,-1.0,-1.0,-1.0,-1.0,-1.0,-1.0,-1.0,-1.0,-1.0,-1.0,-1.0,-1.0,-1.0,-1.0,-1.0,-1.0,-1.0,-1.0,-1.0,-1.0,-1.0,-1.0,-1.0,-1.0,-1.0,-1.0,-1.0,-1.0,-1.0,-1.0,-1.0,-1.0,-1.0,-1.0,-1.0,-1.0,-1.0,-1.0,-1.0,-1.0,-1.0,-1.0,-1.0,-1.0,-1.0,-1.0,-1.0,-1.0,-1.0,-1.0,-1.0,-1.0,-1.0,-1.0
-1.0,-1.0,-1.0,-1.0,-1.0,-1.0,-1.0,-1.0,-1.0,-1.0,-1.0,-1.0,-1.0,-1.0,-1.0,-1.0,-1.0,-1.0,-1.0,-1.0,-1.0,-1.0,-1.0,-1.0,-1.0,-1.0,-1.0,-1.0,-1.0,-1.0,-1.0,-1.0,-1.0,-1.0,-1.0,-1.0,-1.0,-1.0,-1.0,-1.0,-1.0,-1.0,-1.0,-1.0,-1.0,-1.0,-1.0,-1.0,-1.0,-1.0,-1.0,-1.0,-1.0,-1.0,-1.0,-1.0,-1.0,-1.0,-1.0,-1.0,-1.0,-1.0,-1.0,-1.0,-1.0,-1.0,-1.0,-1.0,-1.0,-1.0,-1.0,-1.0,-1.0,-1.0,-1.0,-1.0,-1.0,-1.0,-1.0,-1.0,-1.0,-1.0,-1.0,-1.0,-1.0,-1.0,-1.0,-1.0,-1.0,-1.0,-1.0,-1.0,-1.0,-1.0,-1.0,-1.0,-1.0,-1.0,-1.0,-1.0,-1.0,-1.0,-1.0,-1.0,-1.0,-1.0,-1.0,-1.0,-1.0,-1.0,-1.0,-1.0,-1.0,-1.0,-1.0,-1.0,-1.0,-1.0,-1.0,-1.0,-1.0,-1.0,-1.0,-1.0,-1.0,-1.0,-1.0,-1.0,-1.0,-1.0,-1.0,-1.0,-1.0,-1.0,-1.0,-1.0,-1.0,-1.0,-1.0,-1.0,-1.0,-1.0,-1.0,-1.0,-1.0,-1.0,-1.0,-1.0,-1.0,-1.0,-1.0,-1.0,-1.0,-1.0,-1.0,-1.0,-1.0,-1.0,-1.0,-1.0,-1.0,-1.0,-1.0,-1.0,-1.0,-1.0,-1.0,-1.0,-1.0,-1.0,-1.0,-1.0,-1.0,-1.0,-1.0,-1.0,-1.0,-1.0,-1.0,-1.0,-1.0,-1.0,-1.0,-1.0,-1.0,-1.0,-1.0,-1.0,-1.0,-1.0,-1.0,-1.0,-1.0,-1.0,-1.0,-1.0,-1.0,-1.0,-1.0,1.0,-1.0,-1.0,-1.0,-1.0,-1.0,-1.0,-1.0,-1.0,-1.0,-1.0,-1.0,-1.0,-1.0,-1.0,-1.0,-1.0,-1.0,-1.0,-1.0,-1.0,-1.0,-1.0,-1.0,-1.0,-1.0,-1.0,-1.0,-1.0,-1.0,-1.0,-1.0,-1.0,-1.0,-1.0,-1.0,-1.0,-1.0,-1.0,-1.0,-1.0,-1.0,-1.0,-1.0,-1.0,-1.0,-1.0,-1.0,-1.0,-1.0,-1.0,-1.0,-1.0,-1.0,-1.0,-1.0,-1.0,-1.0,-1.0,-1.0,-1.0,-1.0,-1.0,-1.0,-1.0,-1.0,-1.0,-1.0,-1.0,-1.0,-1.0,-1.0,-1.0,-1.0,-1.0,-1.0,-1.0,-1.0,-1.0,-1.0,-1.0,-1.0,-1.0,-1.0,-1.0,-1.0,-1.0,-1.0,-1.0,-1.0,-1.0,-1.0,-1.0,-1.0,-1.0,-1.0,-1.0,-1.0,-1.0,-1.0,-1.0,-1.0,-1.0,-1.0,-1.0,-1.0,-1.0,-1.0,-1.0,-1.0,-1.0,-1.0,-1.0,-1.0,-1.0,-1.0,-1.0,-1.0,-1.0,-1.0,-1.0,-1.0,-1.0,-1.0,-1.0,-1.0,-1.0,-1.0,-1.0,-1.0,-1.0,-1.0,-1.0,-1.0,-1.0,-1.0,-1.0,-1.0,-1.0,-1.0,-1.0,-1.0,-1.0,1.0,-1.0,-1.0,-1.0,-1.0,-1.0,-1.0,-1.0,-1.0,-1.0,-1.0,-1.0,-1.0,-1.0,-1.0,-1.0,-1.0,-1.0,-1.0,-1.0,-1.0,-1.0,-1.0,-1.0,-1.0,-1.0,-1.0,-1.0,-1.0,1.0,-1.0,-1.0,-1.0,-1.0,-1.0,-1.0,-1.0,-1.0,-1.0,-1.0,-1.0,-1.0,-1.0,-1.0,-1.0,-1.0,-1.0,-1.0,1.0,1.0,1.0,1.0,1.0,1.0,1.0,1.0,1.0,1.0,1.0,1.0,-1.0,-1.0,-1.0,-1.0,-1.0,-1.0,-1.0,-1.0,-1.0,-1.0,-1.0,-1.0,-1.0,-1.0,-1.0,-1.0,-1.0,-1.0
-1.0,-1.0,-1.0,-1.0,-1.0,-1.0,-1.0,-1.0,-1.0,-1.0,-1.0,-1.0,-1.0,-1.0,-1.0,-1.0,-1.0,-1.0,-1.0,-1.0,-1.0,-1.0,-1.0,-1.0,-1.0,-1.0,-1.0,-1.0,-1.0,-1.0,-1.0,-1.0,-1.0,-1.0,-1.0,-1.0,-1.0,-1.0,-1.0,-1.0,-1.0,-1.0,-1.0,-1.0,-1.0,-1.0,-1.0,-1.0,-1.0,-1.0,-1.0,-1.0,-1.0,-1.0,-1.0,-1.0,-1.0,-1.0,-1.0,-1.0,-1.0,-1.0,-1.0,-1.0,-1.0,-1.0,-1.0,-1.0,-1.0,-1.0,-1.0,-1.0,-1.0,-1.0,-1.0,-1.0,-1.0,-1.0,-1.0,-1.0,-1.0,-1.0,-1.0,-1.0,-1.0,-1.0,-1.0,-1.0,-1.0,-1.0,-1.0,-1.0,-1.0,-1.0,-1.0,-1.0,-1.0,-1.0,-1.0,-1.0,-1.0,-1.0,-1.0,-1.0,-1.0,-1.0,-1.0,-1.0,-1.0,-1.0,-1.0,-1.0,-1.0,-1.0,-1.0,-1.0,-1.0,-1.0,-1.0,-1.0,-1.0,-1.0,-1.0,-1.0,-1.0,-1.0,-1.0,-1.0,-1.0,-1.0,-1.0,-1.0,-1.0,-1.0,-1.0,-1.0,-1.0,-1.0,-1.0,-1.0,-1.0,-1.0,-1.0,-1.0,-1.0,-1.0,-1.0,-1.0,-1.0,-1.0,-1.0,-1.0,-1.0,-1.0,-1.0,-1.0,-1.0,-1.0,-1.0,-1.0,-1.0,-1.0,-1.0,-1.0,-1.0,-1.0,-1.0,-1.0,-1.0,-1.0,-1.0,-1.0,-1.0,-1.0,-1.0,-1.0,-1.0,-1.0,-1.0,-1.0,-1.0,-1.0,-1.0,-1.0,-1.0,-1.0,-1.0,-1.0,-1.0,-1.0,-1.0,-1.0,-1.0,-1.0,-1.0,-1.0,-1.0,-1.0,-1.0,-1.0,-1.0,-1.0,-1.0,-1.0,-1.0,-1.0,-1.0,-1.0,-1.0,-1.0,-1.0,-1.0,-1.0,-1.0,-1.0,-1.0,-1.0,-1.0,-1.0,-1.0,-1.0,-1.0,-1.0,-1.0,-1.0,-1.0,-1.0,-1.0,-1.0,-1.0,-1.0,-1.0,-1.0,-1.0,-1.0,-1.0,-1.0,-1.0,-1.0,-1.0,-1.0,-1.0,-1.0,-1.0,-1.0,-1.0,-1.0,-1.0,-1.0,-1.0,-1.0,-1.0,-1.0,-1.0,-1.0,-1.0,-1.0,-1.0,-1.0,-1.0,-1.0,-1.0,-1.0,-1.0,-1.0,-1.0,-1.0,-1.0,-1.0,-1.0,-1.0,-1.0,-1.0,-1.0,-1.0,-1.0,-1.0,-1.0,-1.0,-1.0,-1.0,-1.0,-1.0,-1.0,-1.0,-1.0,-1.0,-1.0,-1.0,-1.0,-1.0,-1.0,-1.0,-1.0,-1.0,-1.0,-1.0,-1.0,-1.0,-1.0,-1.0,-1.0,-1.0,-1.0,-1.0,-1.0,-1.0,-1.0,-1.0,-1.0,-1.0,-1.0,-1.0,-1.0,-1.0,-1.0,-1.0,-1.0,-1.0,-1.0,-1.0,-1.0,-1.0,-1.0,-1.0,-1.0,-1.0,-1.0,-1.0,-1.0,-1.0,-1.0,-1.0,-1.0,-1.0,-1.0,-1.0,-1.0,-1.0,-1.0,-1.0,-1.0,-1.0,-1.0,-1.0,-1.0,-1.0,-1.0,-1.0,-1.0,-1.0,-1.0,-1.0,-1.0,-1.0,-1.0,-1.0,-1.0,-1.0,-1.0,-1.0,-1.0,-1.0,-1.0,-1.0,-1.0,-1.0,-1.0,-1.0,-1.0,-1.0,-1.0,-1.0,-1.0,-1.0,-1.0,-1.0,-1.0,-1.0,-1.0,-1.0,-1.0,-1.0,-1.0,-1.0,-1.0,-1.0,-1.0,-1.0,-1.0,-1.0,-1.0,-1.0,-1.0,-1.0,-1.0,-1.0,-1.0,-1.0,-1.0,-1.0,-1.0,-1.0,-1.0,-1.0,-1.0,-1.0,-1.0,-1.0,-1.0,-1.0,-1.0,-1.0,-1.0,-1.0,-1.0,-1.0,-1.0,-1.0,-1.0
-1.0,-1.0,-1.0,-1.0,-1.0,-1.0,-1.0,-1.0,-1.0,-1.0,-1.0,-1.0,-1.0,-1.0,-1.0,-1.0,-1.0,-1.0,-1.0,-1.0,-1.0,-1.0,-1.0,-1.0,-1.0,-1.0,-1.0,-1.0,-1.0,-1.0,-1.0,-1.0,-1.0,-1.0,-1.0,-1.0,-1.0,-1.0,-1.0,-1.0,-1.0,-1.0,-1.0,-1.0,-1.0,-1.0,-1.0,-1.0,-1.0,-1.0,-1.0,-1.0,-1.0,-1.0,-1.0,-1.0,-1.0,-1.0,-1.0,-1.0,-1.0,-1.0,-1.0,-1.0,-1.0,-1.0,-1.0,-1.0,-1.0,-1.0,-1.0,-1.0,-1.0,-1.0,-1.0,-1.0,-1.0,-1.0,-1.0,-1.0,-1.0,-1.0,-1.0,-1.0,-1.0,-1.0,-1.0,-1.0,-1.0,-1.0,-1.0,-1.0,-1.0,-1.0,-1.0,-1.0,-1.0,-1.0,-1.0,-1.0,-1.0,-1.0,-1.0,-1.0,-1.0,-1.0,-1.0,-1.0,-1.0,-1.0,-1.0,-1.0,-1.0,-1.0,-1.0,-1.0,-1.0,-1.0,-1.0,-1.0,-1.0,-1.0,-1.0,-1.0,-1.0,-1.0,-1.0,-1.0,-1.0,-1.0,-1.0,-1.0,-1.0,-1.0,-1.0,-1.0,-1.0,-1.0,-1.0,-1.0,-1.0,-1.0,-1.0,-1.0,-1.0,-1.0,-1.0,-1.0,-1.0,-1.0,-1.0,-1.0,-1.0,-1.0,-1.0,-1.0,-1.0,-1.0,-1.0,-1.0,-1.0,-1.0,-1.0,-1.0,-1.0,-1.0,-1.0,-1.0,-1.0,-1.0,-1.0,-1.0,-1.0,-1.0,-1.0,-1.0,-1.0,-1.0,-1.0,-1.0,-1.0,-1.0,-1.0,-1.0,-1.0,-1.0,-1.0,-1.0,-1.0,-1.0,-1.0,-1.0,-1.0,-1.0,-1.0,-1.0,-1.0,-1.0,-1.0,-1.0,-1.0,-1.0,-1.0,-1.0,-1.0,-1.0,-1.0,-1.0,-1.0,-1.0,-1.0,-1.0,-1.0,-1.0,-1.0,-1.0,-1.0,-1.0,-1.0,-1.0,-1.0,-1.0,-1.0,-1.0,-1.0,-1.0,-1.0,-1.0,-1.0,-1.0,-1.0,-1.0,-1.0,-1.0,-1.0,-1.0,-1.0,-1.0,-1.0,-1.0,-1.0,-1.0,-1.0,-1.0,-1.0,-1.0,-1.0,-1.0,-1.0,-1.0,-1.0,-1.0,-1.0,-1.0,-1.0,-1.0,-1.0,-1.0,-1.0,-1.0,-1.0,-1.0,-1.0,-1.0,-1.0,-1.0,-1.0,-1.0,-1.0,-1.0,-1.0,-1.0,-1.0,-1.0,-1.0,-1.0,-1.0,-1.0,-1.0,-1.0,-1.0,-1.0,-1.0,-1.0,-1.0,-1.0,-1.0,-1.0,-1.0,-1.0,-1.0,-1.0,-1.0,-1.0,-1.0,-1.0,-1.0,-1.0,-1.0,-1.0,-1.0,-1.0,-1.0,-1.0,-1.0,-1.0,-1.0,-1.0,-1.0,-1.0,-1.0,-1.0,-1.0,-1.0,-1.0,-1.0,-1.0,-1.0,-1.0,-1.0,-1.0,-1.0,-1.0,-1.0,-1.0,-1.0,-1.0,-1.0,-1.0,-1.0,-1.0,-1.0,-1.0,-1.0,-1.0,-1.0,-1.0,-1.0,-1.0,-1.0,-1.0,-1.0,-1.0,-1.0,-1.0,-1.0,-1.0,-1.0,-1.0,-1.0,-1.0,-1.0,-1.0,-1.0,-1.0,-1.0,-1.0,-1.0,-1.0,-1.0,-1.0,-1.0,-1.0,-1.0,-1.0,-1.0,-1.0,-1.0,-1.0,-1.0,-1.0,-1.0,-1.0,-1.0,-1.0,-1.0,-1.0,-1.0,-1.0,-1.0,-1.0,-1.0,-1.0,-1.0,-1.0,-1.0,-1.0,-1.0,-1.0,-1.0,-1.0,-1.0,-1.0,-1.0,-1.0,-1.0,-1.0,-1.0,-1.0,-1.0,-1.0,-1.0,-1.0,-1.0,-1.0,-1.0,-1.0,-1.0,-1.0,-1.0,-1.0,-1.0,-1.0,-1.0,-1.0,-1.0,-1.0,-1.0,-1.0,-1.0
-1.0,-1.0,-1.0,-1.0,-1.0,-1.0,-1.0,-1.0,-1.0,-1.0,-1.0,-1.0,-1.0,-1.0,-1.0,-1.0,-1.0,-1.0,-1.0,-1.0,-1.0,-1.0,-1.0,-1.0,-1.0,-1.0,-1.0,-1.0,-1.0,-1.0,-1.0,-1.0,-1.0,-1.0,-1.0,-1.0,-1.0,-1.0,-1.0,-1.0,-1.0,-1.0,-1.0,-1.0,-1.0,-1.0,-1.0,-1.0,-1.0,-1.0,-1.0,-1.0,-1.0,-1.0,-1.0,-1.0,-1.0,-1.0,-1.0,-1.0,-1.0,-1.0,-1.0,-1.0,-1.0,-1.0,-1.0,-1.0,-1.0,-1.0,-1.0,-1.0,-1.0,-1.0,-1.0,-1.0,-1.0,-1.0,-1.0,-1.0,-1.0,-1.0,-1.0,-1.0,-1.0,-1.0,-1.0,-1.0,-1.0,-1.0,-1.0,-1.0,-1.0,-1.0,-1.0,-1.0,-1.0,-1.0,-1.0,-1.0,-1.0,-1.0,-1.0,-1.0,-1.0,-1.0,-1.0,-1.0,-1.0,-1.0,-1.0,-1.0,-1.0,-1.0,-1.0,-1.0,-1.0,-1.0,-1.0,-1.0,-1.0,-1.0,-1.0,-1.0,-1.0,-1.0,-1.0,-1.0,-1.0,-1.0,-1.0,-1.0,-1.0,-1.0,-1.0,-1.0,-1.0,-1.0,-1.0,-1.0,-1.0,-1.0,-1.0,-1.0,-1.0,-1.0,-1.0,-1.0,-1.0,-1.0,-1.0,-1.0,-1.0,-1.0,-1.0,-1.0,-1.0,-1.0,-1.0,-1.0,-1.0,-1.0,-1.0,-1.0,-1.0,-1.0,-1.0,-1.0,-1.0,-1.0,-1.0,-1.0,-1.0,-1.0,-1.0,-1.0,-1.0,-1.0,-1.0,-1.0,-1.0,-1.0,-1.0,-1.0,-1.0,-1.0,-1.0,-1.0,-1.0,-1.0,-1.0,-1.0,-1.0,-1.0,-1.0,-1.0,-1.0,-1.0,-1.0,-1.0,-1.0,-1.0,-1.0,-1.0,-1.0,-1.0,-1.0,-1.0,-1.0,-1.0,-1.0,-1.0,-1.0,-1.0,-1.0,-1.0,-1.0,-1.0,-1.0,-1.0,-1.0,-1.0,-1.0,-1.0,-1.0,-1.0,-1.0,-1.0,-1.0,-1.0,-1.0,-1.0,-1.0,-1.0,-1.0,-1.0,-1.0,-1.0,-1.0,-1.0,-1.0,-1.0,-1.0,-1.0,-1.0,-1.0,-1.0,-1.0,-1.0,-1.0,-1.0,-1.0,-1.0,-1.0,-1.0,-1.0,-1.0,-1.0,-1.0,-1.0,-1.0,-1.0,-1.0,-1.0,-1.0,-1.0,-1.0,-1.0,-1.0,-1.0,-1.0,-1.0,-1.0,-1.0,-1.0,-1.0,-1.0,-1.0,-1.0,-1.0,-1.0,-1.0,-1.0,-1.0,-1.0,-1.0,-1.0,-1.0,-1.0,-1.0,-1.0,-1.0,-1.0,-1.0,-1.0,-1.0,-1.0,-1.0,-1.0,-1.0,-1.0,-1.0,-1.0,-1.0,-1.0,-1.0,-1.0,-1.0,-1.0,-1.0,-1.0,-1.0,-1.0,-1.0,-1.0,-1.0,-1.0,-1.0,-1.0,-1.0,-1.0,-1.0,-1.0,-1.0,-1.0,-1.0,-1.0,-1.0,-1.0,-1.0,-1.0,-1.0,-1.0,-1.0,-1.0,-1.0,-1.0,-1.0,-1.0,-1.0,-1.0,-1.0,-1.0,-1.0,-1.0,-1.0,-1.0,-1.0,-1.0,-1.0,-1.0,-1.0,-1.0,-1.0,-1.0,-1.0,-1.0,-1.0,-1.0,-1.0,-1.0,-1.0,-1.0,-1.0,-1.0,-1.0,-1.0,-1.0,-1.0,-1.0,-1.0,-1.0,-1.0,-1.0,-1.0,-1.0,-1.0,-1.0,-1.0,-1.0,-1.0,-1.0,-1.0,-1.0,-1.0,-1.0,-1.0,-1.0,-1.0,-1.0,-1.0,-1.0,-1.0,-1.0,-1.0,-1.0,-1.0,-1.0,-1.0,-1.0,-1.0,-1.0,-1.0,-1.0,-1.0,-1.0,-1.0,-1.0,-1.0,-1.0,-1.0,-1.0,-1.0,-1.0,-1.0,-1.0,-1.0,-1.0,-1.0,-1.0
1.0,-1.0,-1.0,-1.0,-1.0,1.0,1.0,-1.0,-1.0,-1.0,-1.0,-1.0,-1.0,-1.0,-1.0,-1.0,-1.0,-1.0,-1.0,-1.0,-1.0,-1.0,-1.0,-1.0,-1.0,-1.0,-1.0,-1.0,-1.0,-1.0,-1.0,-1.0,-1.0,-1.0,-1.0,-1.0,-1.0,-1.0,-1.0,-1.0,-1.0,-1.0,-1.0,-1.0,-1.0,-1.0,-1.0,-1.0,-1.0,-1.0,-1.0,-1.0,-1.0,-1.0,-1.0,-1.0,-1.0,-1.0,-1.0,-1.0,-1.0,-1.0,-1.0,-1.0,-1.0,-1.0,-1.0,-1.0,-1.0,-1.0,-1.0,-1.0,-1.0,-1.0,-1.0,-1.0,-1.0,-1.0,-1.0,-1.0,-1.0,-1.0,-1.0,-1.0,-1.0,-1.0,-1.0,-1.0,-1.0,-1.0,-1.0,-1.0,-1.0,-1.0,-1.0,-1.0,-1.0,-1.0,-1.0,-1.0,-1.0,-1.0,-1.0,-1.0,-1.0,-1.0,-1.0,-1.0,-1.0,-1.0,-1.0,-1.0,-1.0,-1.0,-1.0,-1.0,-1.0,-1.0,-1.0,-1.0,-1.0,-1.0,-1.0,-1.0,1.0,-1.0,-1.0,-1.0,-1.0,-1.0,-1.0,-1.0,-1.0,-1.0,-1.0,-1.0,-1.0,-1.0,-1.0,-1.0,-1.0,-1.0,-1.0,1.0,-1.0,-1.0,-1.0,-1.0,1.0,1.0,1.0,1.0,-1.0,-1.0,-1.0,-1.0,-1.0,-1.0,1.0,1.0,1.0,1.0,1.0,1.0,1.0,-1.0,-1.0,-1.0,-1.0,-1.0,-1.0,-1.0,-1.0,-1.0,-1.0,-1.0,-1.0,-1.0,-1.0,-1.0,-1.0,-1.0,-1.0,-1.0,-1.0,-1.0,-1.0,-1.0,-1.0,-1.0,-1.0,-1.0,-1.0,-1.0,-1.0,-1.0,-1.0,-1.0,-1.0,1.0,-1.0,-1.0,-1.0,-1.0,-1.0,1.0,-1.0,-1.0,1.0,1.0,1.0,1.0,1.0,1.0,1.0,1.0,1.0,1.0,1.0,-1.0,-1.0,-1.0,-1.0,-1.0,-1.0,-1.0,-1.0,-1.0,-1.0,-1.0,-1.0,-1.0,-1.0,-1.0,1.0,1.0,1.0,1.0,1.0,1.0,1.0,1.0,1.0,1.0,1.0,1.0,1.0,1.0,1.0,-1.0,-1.0,-1.0,-1.0,-1.0,-1.0,-1.0,-1.0,1.0,-1.0,-1.0,-1.0,-1.0,1.0,1.0,-1.0,-1.0,-1.0,-1.0,-1.0,-1.0,-1.0,-1.0,-1.0,-1.0,-1.0,-1.0,-1.0,-1.0,-1.0,-1.0,-1.0,-1.0,-1.0,-1.0,-1.0,-1.0,-1.0,-1.0,-1.0,-1.0,-1.0,-1.0,-1.0,-1.0,-1.0,-1.0,-1.0,-1.0,-1.0,-1.0,-1.0,-1.0,-1.0,-1.0,-1.0,-1.0,-1.0,-1.0,-1.0,-1.0,-1.0,-1.0,-1.0,-1.0,-1.0,-1.0,-1.0,-1.0,-1.0,-1.0,-1.0,-1.0,-1.0,-1.0,-1.0,-1.0,-1.0,-1.0,-1.0,-1.0,-1.0,-1.0,-1.0,-1.0,-1.0,-1.0,-1.0,-1.0,-1.0,-1.0,-1.0,-1.0,1.0,-1.0,-1.0,-1.0,-1.0,-1.0,-1.0,-1.0,-1.0,-1.0,-1.0,-1.0,-1.0,-1.0,-1.0,-1.0,-1.0,-1.0,-1.0,-1.0,-1.0,-1.0,-1.0,-1.0,-1.0,-1.0,-1.0,-1.0,-1.0,1.0,-1.0,-1.0,-1.0,-1.0,-1.0,-1.0,-1.0,-1.0,-1.0,-1.0,-1.0,-1.0,-1.0,-1.0,-1.0,-1.0,-1.0,-1.0,1.0,1.0,1.0,1.0,1.0,1.0,1.0,1.0,1.0,1.0,1.0,1.0,-1.0,-1.0,-1.0,-1.0,-1.0,-1.0,-1.0,-1.0,-1.0,-1.0,-1.0,-1.0,-1.0,-1.0,-1.0,-1.0,-1.0,-1.0
1.1515251510829472,1.337810426714739,1.337810426714739,1.337810426714739,1.337810426714739,1.146851326963153,1.146851326963153,1.1964655677723288,1.216724997554074,1.216724997554074,1.216724997554074,1.216724997554074,1.216724997554074,1.216724997554074,1.216724997554074,1.216724997554074,1.216724997554074,1.1964655677723288,1.1648312421995037,1.1648312421995037,1.1648312421995037,1.1648312421995037,1.1648312421995037,1.1648312421995037,1.1648312421995037,1.1648312421995037,1.1648312421995037,1.1648312421995037,1.1648312421995037,1.1648312421995037,1.1648312421995037,1.1648312421995037,1.1648312421995037,1.1648312421995037,1.1648312421995037,1.1648312421995037,1.1648312421995037,1.1964655677723288,1.337810426714739,1.337810426714739,1.337810426714739,1.337810426714739,1.337810426714739,1.337810426714739,1.337810426714739,1.337810426714739,1.337810426714739,1.337810426714739,1.337810426714739,1.337810426714739,1.337810426714739,1.337810426714739,1.337810426714739,1.337810426714739,1.1964655677723288,1.337810426714739,1.337810426714739,1.337810426714739,1.337810426714739,1.337810426714739,1.337810426714739,1.337810426714739,1.337810426714739,1.1964655677723288,1.0149159489529662,1.0149159489529662,1.0149159489529662,1.0149159489529662,1.0149159489529662,1.0149159489529662,1.0149159489529662,1.1964655677723288,1.1648312421995037,1.1648312421995037,1.1648312421995037,1.1648312421995037,1.1648312421995037,1.1648312421995037,1.1648312421995037,1.1648312421995037,1.1964655677723288,1.203271060980667,1.203271060980667,1.203271060980667,1.203271060980667,1.203271060980667,1.203271060980667,1.203271060980667,1.203271060980667,1.203271060980667,1.1964655677723288,1.337810426714739,1.337810426714739,1.337810426714739,1.1964655677723288,1.0583825132670508,1.0583825132670508,1.0583825132670508,1.0583825132670508,1.0583825132670508,1.0583825132670508,1.0583825132670508,1.0583825132670508,1.0583825132670508,1.0583825132670508,1.0583825132670508,1.0583825132670508,1.0583825132670508,1.0583825132670508,1.0583825132670508,1.1964655677723288,1.1176551009680757,1.1176551009680757,1.1176551009680757,1.1176551009680757,1.1176551009680757,1.1176551009680757,1.1176551009680757,1.1176551009680757,1.1176551009680757,1.1176551009680757,1.1176551009680757,1.1176551009680757,1.1176551009680757,1.146851326963153,1.1964655677723288,1.337810426714739,1.337810426714739,1.337810426714739,1.337810426714739,1.337810426714739,1.337810426714739,1.337810426714739,1.337810426714739,1.337810426714739,1.337810426714739,1.337810426714739,1.337810426714739,1.337810426714739,1.1964655677723288,1.1964655677723288,1.1964655677723288,1.1964655677723288,1.146851326963153,1.1964655677723288,1.337810426714739,1.337810426714739,1.337810426714739,1.146851326963153,1.146851326963153,1.146851326963153,1.146851326963153,1.1964655677723288,1.337810426714739,1.337810426714739,1.337810426714739,1.337810426714739,1.337810426714739,1.146851326963153,1.146851326963153,1.146851326963153,1.146851326963153,1.146851326963153,1.146851326963153,1.146851326963153,0.6314787566108608,0.6314787566108608,0.6314787566108608,0.6314787566108608,0.6314787566108608,0.6314787566108608,0.6314787566108608,0.6314787566108608,-0.27666196209412575,-0.814819425030414,-0.814819425030414,-0.6399182495761204,-0.6399182495761204,-0.007583230625981649,-0.007583230625981649,-0.6399182495761204,-0.6399182495761204,-0.6276342205308355,-0.6276342205308355,-0.6276342205308355,-0.814819425030414,-0.814819425030414,-0.6399182495761204,-0.6399182495761204,-0.007583230625981649,-0.007583230625981649,-0.6399182495761204,-0.6399182495761204,-0.3819536396251386,-0.3819536396251386,0.32876518370919866,0.32876518370919866,-0.3819536396251386,-0.3819536396251386,-0.5820612067452323,-0.6269720087224643,-0.6269720087224643,-0.6269720087224643,-0.6269720087224643,-0.6269720087224643,-0.6733382247007266,0.4571891237280855,0.4571891237280855,-0.781184583596896,-0.781184583596896,-0.781184583596896,-0.8157504933053903,-0.8157504933053903,-0.8157504933053903,-0.781184583596896,-0.8157504933053903,-0.8157504933053903,-0.8157504933053903,-0.781184583596896,0.2999353196233259,0.2999353196233259,0.2999353196233259,0.2999353196233259,0.2999353196233259,0.16364868939920102,0.16364868939920102,0.16364868939920102,0.16364868939920102,0.16364868939920102,0.16364868939920102,0.48308975028651663,0.4659953367579521,0.4659953367579521,0.48308975028651663,-0.8157504933053903,-0.781184583596896,-0.781184583596896,-0.8157504933053903,-0.8157504933053903,-0.8157504933053903,-0.781184583596896,-0.781184583596896,-0.8157504933053903,-0.8157504933053903,-0.8157504933053903,-0.8157504933053903,-0.8157504933053903,-0.8157504933053903,-0.6733382247007266,-0.21208306654177117,-0.21208306654177117,-0.47847101069523384,-0.47847101069523384,-0.47847101069523384,-0.21208306654177117,-0.21208306654177117,-0.21208306654177117,-0.6733382247007266,0.7323832809114148,0.7323832809114148,0.7323832809114148,0.7323832809114148,-0.6733382247007266,-0.6733382247007266,-0.38166829632559657,-0.38166829632559657,-0.3891456941013008,-0.3891456941013008,-0.4578314489064841,-0.4578314489064841,-0.423432179258568,-0.423432179258568,-0.423432179258568,-0.4578314489064841,-0.4578314489064841,-0.34685641378146764,-0.34685641378146764,-0.34685641378146764,-0.4578314489064841,0.12695613510809048,0.12695613510809048,0.12695613510809048,0.12695613510809048,0.12695613510809048,0.12695613510809048,-0.4578314489064841,-0.4578314489064841,-0.47847101069523384,-0.47847101069523384,-0.47847101069523384,-0.4578314489064841,-0.4578314489064841,-0.4578314489064841,-0.4578314489064841,-0.3775664863946797,-0.3775664863946797,-0.3775664863946797,-0.4578314489064841,-0.4578314489064841,-0.27666196209412575,-0.27666196209412575,-0.27666196209412575,-0.4578314489064841,-0.4578314489064841,-0.23630015237390417,-0.23630015237390417,-0.23630015237390417,-0.4578314489064841,-0.4578314489064841,-0.4629472377259179,-0.4629472377259179,-0.4629472377259179,-0.4578314489064841,-0.4578314489064841,-0.4578314489064841,-0.4578314489064841,-0.4578314489064841,-0.4578314489064841,-0.6641353354082533,-0.6641353354082533,-0.6641353354082533,-0.6641353354082533,-0.6641353354082533,-0.6641353354082533,-0.6641353354082533,-0.4578314489064841,-0.4578314489064841,-0.4578314489064841,-0.4578314489064841,-0.4578314489064841,-0.4578314489064841,-0.4578314489064841,-0.3891456941013008,-0.3891456941013008,-0.3891456941013008,-0.3891456941013008,1.337810426714739,1.337810426714739,1.337810426714739,1.337810426714739,1.337810426714739,1.337810426714739,-0.08506115330552509,-0.4993478088263829,-0.4993478088263829,-0.4993478088263829,-0.4993478088263829,-0.4993478088263829,-0.4993478088263829,-0.4993478088263829,-0.4993478088263829,-0.4993478088263829,-0.4993478088263829,-0.10671750011424527,-0.10671750011424527,-0.3625381529882143,-0.3625381529882143,-0.3625381529882143,-0.3625381529882143,-0.3625381529882143,-0.3625381529882143,-0.10671750011424527,-0.10671750011424527,-0.21208306654177117,-0.21208306654177117,-0.47847101069523384,-0.47847101069523384,-0.21208306654177117,-0.21208306654177117,0.4296697080097526,0.4296697080097526,-0.08506115330552509,-0.134850198212266,-0.134850198212266,-0.16658429922079404,-0.16658429922079404,-0.16658429922079404,-0.16658429922079404,-0.16658429922079404,-0.16658429922079404,-0.16658429922079404,-0.16658429922079404,-0.16658429922079404,-0.16658429922079404,-0.16658429922079404,-0.16658429922079404,-0.16658429922079404,-0.16658429922079404,-0.16658429922079404,-0.16658429922079404,-0.08506115330552509,-0.08506115330552509,-0.08506115330552509,-0.08506115330552509,-0.08506115330552509,-0.08506115330552509,-0.08506115330552509,-0.08506115330552509,-0.08506115330552509,-0.08506115330552509,-0.08506115330552509,-0.08506115330552509,-0.4560477830728885,-0.4318996917872858,-0.6802800592963419,-0.6802800592963419,-0.6802800592963419,-0.357385581534569,-0.3794011141092353,-0.3794011141092353,-0.3794011141092353,-0.3794011141092353,-0.3794011141092353,-0.3794011141092353,-0.3794011141092353,-0.3794011141092353,-0.3794011141092353,-0.4560477830728885,-0.6181849674190778,-0.6181849674190778
1.110363400029026,1.4516825767754173,1.4516825767754173,1.4516825767754173,1.4516825767754173,1.1021509732550654,1.1021509732550654,1.190205907991333,1.2267191073818706,1.2267191073818706,1.2267191073818706,1.2267191073818706,1.2267191073818706,1.2267191073818706,1.2267191073818706,1.2267191073818706,1.2267191073818706,1.190205907991333,1.1338378005521959,1.1338378005521959,1.1338378005521959,1.1338378005521959,1.1338378005521959,1.1338378005521959,1.1338378005521959,1.1338378005521959,1.1338378005521959,1.1338378005521959,1.1338378005521959,1.1338378005521959,1.1338378005521959,1.1338378005521959,1.1338378005521959,1.1338378005521959,1.1338378005521959,1.1338378005521959,1.1338378005521959,1.190205907991333,1.4516825767754173,1.4516825767754173,1.4516825767754173,1.4516825767754173,1.4516825767754173,1.4516825767754173,1.4516825767754173,1.4516825767754173,1.4516825767754173,1.4516825767754173,1.4516825767754173,1.4516825767754173,1.4516825767754173,1.4516825767754173,1.4516825767754173,1.4516825767754173,1.190205907991333,1.4516825767754173,1.4516825767754173,1.4516825767754173,1.4516825767754173,1.4516825767754173,1.4516825767754173,1.4516825767754173,1.4516825767754173,1.190205907991333,0.8774168543349103,0.8774168543349103,0.8774168543349103,0.8774168543349103,0.8774168543349103,0.8774168543349103,0.8774168543349103,1.190205907991333,1.1338378005521959,1.1338378005521959,1.1338378005521959,1.1338378005521959,1.1338378005521959,1.1338378005521959,1.1338378005521959,1.1338378005521959,1.190205907991333,1.2024353014106137,1.2024353014106137,1.2024353014106137,1.2024353014106137,1.2024353014106137,1.2024353014106137,1.2024353014106137,1.2024353014106137,1.2024353014106137,1.190205907991333,1.4516825767754173,1.4516825767754173,1.4516825767754173,1.190205907991333,0.9499433869582212,0.9499433869582212,0.9499433869582212,0.9499433869582212,0.9499433869582212,0.9499433869582212,0.9499433869582212,0.9499433869582212,0.9499433869582212,0.9499433869582212,0.9499433869582212,0.9499433869582212,0.9499433869582212,0.9499433869582212,0.9499433869582212,1.190205907991333,1.0512390203215511,1.0512390203215511,1.0512390203215511,1.0512390203215511,1.0512390203215511,1.0512390203215511,1.0512390203215511,1.0512390203215511,1.0512390203215511,1.0512390203215511,1.0512390203215511,1.0512390203215511,1.0512390203215511,1.1021509732550654,1.190205907991333,1.4516825767754173,1.4516825767754173,1.4516825767754173,1.4516825767754173,1.4516825767754173,1.4516825767754173,1.4516825767754173,1.4516825767754173,1.4516825767754173,1.4516825767754173,1.4516825767754173,1.4516825767754173,1.4516825767754173,1.190205907991333,1.190205907991333,1.190205907991333,1.190205907991333,1.1021509732550654,1.190205907991333,1.4516825767754173,1.4516825767754173,1.4516825767754173,1.1021509732550654,1.1021509732550654,1.1021509732550654,1.1021509732550654,1.190205907991333,1.4516825767754173,1.4516825767754173,1.4516825767754173,1.4516825767754173,1.4516825767754173,1.1021509732550654,1.1021509732550654,1.1021509732550654,1.1021509732550654,1.1021509732550654,1.1021509732550654,1.1021509732550654,0.30202951915526144,0.30202951915526144,0.30202951915526144,0.30202951915526144,0.30202951915526144,0.30202951915526144,0.30202951915526144,0.30202951915526144,-0.59926643194068,-0.8271496551313574,-0.8271496551313574,-0.7780835486381147,-0.7780835486381147,-0.3998686116488372,-0.3998686116488372,-0.7780835486381147,-0.7780835486381147,-0.773732793740726,-0.773732793740726,-0.773732793740726,-0.8271496551313574,-0.8271496551313574,-0.7780835486381147,-0.7780835486381147,-0.3998686116488372,-0.3998686116488372,-0.7780835486381147,-0.7780835486381147,-0.6617835449190298,-0.6617835449190298,-0.07050614063106092,-0.07050614063106092,-0.6617835449190298,-0.6617835449190298,-0.7565543975496103,-0.7734948787918293,-0.7734948787918293,-0.7734948787918293,-0.7734948787918293,-0.7734948787918293,-0.789319298446316,0.07873324036216214,0.07873324036216214,-0.8195832199863545,-0.8195832199863545,-0.8195832199863545,-0.8273464448904915,-0.8273464448904915,-0.8273464448904915,-0.8195832199863545,-0.8273464448904915,-0.8273464448904915,-0.8273464448904915,-0.8195832199863545,-0.1022252180936666,-0.1022252180936666,-0.1022252180936666,-0.1022252180936666,-0.1022252180936666,-0.24331660398168783,-0.24331660398168783,-0.24331660398168783,-0.24331660398168783,-0.24331660398168783,-0.24331660398168783,0.11040450533132616,0.08944224518618563,0.08944224518618563,0.11040450533132616,-0.8273464448904915,-0.8195832199863545,-0.8195832199863545,-0.8273464448904915,-0.8273464448904915,-0.8273464448904915,-0.8195832199863545,-0.8195832199863545,-0.8273464448904915,-0.8273464448904915,-0.8273464448904915,-0.8273464448904915,-0.8273464448904915,-0.8273464448904915,-0.789319298446316,-0.5566066925593851,-0.5566066925593851,-0.7114277058548415,-0.7114277058548415,-0.7114277058548415,-0.5566066925593851,-0.5566066925593851,-0.5566066925593851,-0.789319298446316,0.4422311115479633,0.4422311115479633,0.4422311115479633,0.4422311115479633,-0.789319298446316,-0.789319298446316,-0.6616259100297409,-0.6616259100297409,-0.6657355617498325,-0.6657355617498325,-0.7014277900337977,-0.7014277900337977,-0.6840163909785353,-0.6840163909785353,-0.6840163909785353,-0.7014277900337977,-0.7014277900337977,-0.6419137648251356,-0.6419137648251356,-0.6419137648251356,-0.7014277900337977,-0.2788056493287897,-0.2788056493287897,-0.2788056493287897,-0.2788056493287897,-0.2788056493287897,-0.2788056493287897,-0.7014277900337977,-0.7014277900337977,-0.7114277058548415,-0.7114277058548415,-0.7114277058548415,-0.7014277900337977,-0.7014277900337977,-0.7014277900337977,-0.7014277900337977,-0.6593528286804093,-0.6593528286804093,-0.6593528286804093,-0.7014277900337977,-0.7014277900337977,-0.59926643194068,-0.59926643194068,-0.59926643194068,-0.7014277900337977,-0.7014277900337977,-0.5729886477665049,-0.5729886477665049,-0.5729886477665049,-0.7014277900337977,-0.7014277900337977,-0.7039376461429069,-0.7039376461429069,-0.7039376461429069,-0.7014277900337977,-0.7014277900337977,-0.7014277900337977,-0.7014277900337977,-0.7014277900337977,-0.7014277900337977,-0.786312981535588,-0.786312981535588,-0.786312981535588,-0.786312981535588,-0.786312981535588,-0.786312981535588,-0.786312981535588,-0.7014277900337977,-0.7014277900337977,-0.7014277900337977,-0.7014277900337977,-0.7014277900337977,-0.7014277900337977,-0.7014277900337977,-0.6657355617498325,-0.6657355617498325,-0.6657355617498325,-0.6657355617498325,1.4516825767754173,1.4516825767754173,1.4516825767754173,1.4516825767754173,1.4516825767754173,1.4516825767754173,-0.46312312076125806,-0.7212015692008522,-0.7212015692008522,-0.7212015692008522,-0.7212015692008522,-0.7212015692008522,-0.7212015692008522,-0.7212015692008522,-0.7212015692008522,-0.7212015692008522,-0.7212015692008522,-0.47995914888517294,-0.47995914888517294,-0.6509115376943391,-0.6509115376943391,-0.6509115376943391,-0.6509115376943391,-0.6509115376943391,-0.6509115376943391,-0.47995914888517294,-0.47995914888517294,-0.5566066925593851,-0.5566066925593851,-0.7114277058548415,-0.7114277058548415,-0.5566066925593851,-0.5566066925593851,0.045660893065749136,0.045660893065749136,-0.46312312076125806,-0.5012789347884978,-0.5012789347884978,-0.52458053053857,-0.52458053053857,-0.52458053053857,-0.52458053053857,-0.52458053053857,-0.52458053053857,-0.52458053053857,-0.52458053053857,-0.52458053053857,-0.52458053053857,-0.52458053053857,-0.52458053053857,-0.52458053053857,-0.52458053053857,-0.52458053053857,-0.52458053053857,-0.46312312076125806,-0.46312312076125806,-0.46312312076125806,-0.46312312076125806,-0.46312312076125806,-0.46312312076125806,-0.46312312076125806,-0.46312312076125806,-0.46312312076125806,-0.46312312076125806,-0.46312312076125806,-0.46312312076125806,-0.7005478644698699,-0.6883886614244601,-0.791542901507814,-0.791542901507814,-0.791542901507814,-0.6479764708976872,-0.6603711524069736,-0.6603711524069736,-0.6603711524069736,-0.6603711524069736,-0.6603711524069736,-0.6603711524069736,-0.6603711524069736,-0.6603711524069736,-0.6603711524069736,-0.7005478644698699,-0.7703052638435941,-0.7703052638435941
1.0119089898396139,1.4965912411460476,1.4965912411460476,1.4965912411460476,1.4965912411460476,1.0007312623400746,1.0007312623400746,1.1217914279519565,1.1727665290236622,1.1727665290236622,1.1727665290236622,1.1727665290236622,1.1727665290236622,1.1727665290236622,1.1727665290236622,1.1727665290236622,1.1727665290236622,1.1217914279519565,1.0439881143023126,1.0439881143023126,1.0439881143023126,1.0439881143023126,1.0439881143023126,1.0439881143023126,1.0439881143023126,1.0439881143023126,1.0439881143023126,1.0439881143023126,1.0439881143023126,1.0439881143023126,1.0439881143023126,1.0439881143023126,1.0439881143023126,1.0439881143023126,1.0439881143023126,1.0439881143023126,1.0439881143023126,1.1217914279519565,1.4965912411460476,1.4965912411460476,1.4965912411460476,1.4965912411460476,1.4965912411460476,1.4965912411460476,1.4965912411460476,1.4965912411460476,1.4965912411460476,1.4965912411460476,1.4965912411460476,1.4965912411460476,1.4965912411460476,1.4965912411460476,1.4965912411460476,1.4965912411460476,1.1217914279519565,1.4965912411460476,1.4965912411460476,1.4965912411460476,1.4965912411460476,1.4965912411460476,1.4965912411460476,1.4965912411460476,1.4965912411460476,1.1217914279519565,0.7041157421902631,0.7041157421902631,0.7041157421902631,0.7041157421902631,0.7041157421902631,0.7041157421902631,0.7041157421902631,1.1217914279519565,1.0439881143023126,1.0439881143023126,1.0439881143023126,1.0439881143023126,1.0439881143023126,1.0439881143023126,1.0439881143023126,1.0439881143023126,1.1217914279519565,1.1388143164205797,1.1388143164205797,1.1388143164205797,1.1388143164205797,1.1388143164205797,1.1388143164205797,1.1388143164205797,1.1388143164205797,1.1388143164205797,1.1217914279519565,1.4965912411460476,1.4965912411460476,1.4965912411460476,1.1217914279519565,0.7978582194732057,0.7978582194732057,0.7978582194732057,0.7978582194732057,0.7978582194732057,0.7978582194732057,0.7978582194732057,0.7978582194732057,0.7978582194732057,0.7978582194732057,0.7978582194732057,0.7978582194732057,0.7978582194732057,0.7978582194732057,0.7978582194732057,1.1217914279519565,0.9319608256708879,0.9319608256708879,0.9319608256708879,0.9319608256708879,0.9319608256708879,0.9319608256708879,0.9319608256708879,0.9319608256708879,0.9319608256708879,0.9319608256708879,0.9319608256708879,0.9319608256708879,0.9319608256708879,1.0007312623400746,1.1217914279519565,1.4965912411460476,1.4965912411460476,1.4965912411460476,1.4965912411460476,1.4965912411460476,1.4965912411460476,1.4965912411460476,1.4965912411460476,1.4965912411460476,1.4965912411460476,1.4965912411460476,1.4965912411460476,1.4965912411460476,1.1217914279519565,1.1217914279519565,1.1217914279519565,1.1217914279519565,1.0007312623400746,1.1217914279519565,1.4965912411460476,1.4965912411460476,1.4965912411460476,1.0007312623400746,1.0007312623400746,1.0007312623400746,1.0007312623400746,1.1217914279519565,1.4965912411460476,1.4965912411460476,1.4965912411460476,1.4965912411460476,1.4965912411460476,1.0007312623400746,1.0007312623400746,1.0007312623400746,1.0007312623400746,1.0007312623400746,1.0007312623400746,1.0007312623400746,0.03304297607917258,0.03304297607917258,0.03304297607917258,0.03304297607917258,0.03304297607917258,0.03304297607917258,0.03304297607917258,0.03304297607917258,-0.6897800420511516,-0.7707567562436405,-0.7707567562436405,-0.7598805713186618,-0.7598805713186618,-0.5745439487772251,-0.5745439487772251,-0.7598805713186618,-0.7598805713186618,-0.7586868634453264,-0.7586868634453264,-0.7586868634453264,-0.7707567562436405,-0.7707567562436405,-0.7598805713186618,-0.7598805713186618,-0.5745439487772251,-0.5745439487772251,-0.7598805713186618,-0.7598805713186618,-0.7185799141423779,-0.7185799141423779,-0.32319495310162105,-0.32319495310162105,-0.7185799141423779,-0.7185799141423779,-0.7536672809698054,-0.7586206525712003,-0.7586206525712003,-0.7586206525712003,-0.7586206525712003,-0.7586206525712003,-0.7628081060927216,-0.18877084492482127,-0.18877084492482127,-0.7694367482072996,-0.7694367482072996,-0.7694367482072996,-0.7707889748387144,-0.7707889748387144,-0.7707889748387144,-0.7694367482072996,-0.7707889748387144,-0.7707889748387144,-0.7707889748387144,-0.7694367482072996,-0.3502280991011493,-0.3502280991011493,-0.3502280991011493,-0.3502280991011493,-0.3502280991011493,-0.46347298730884195,-0.46347298730884195,-0.46347298730884195,-0.46347298730884195,-0.46347298730884195,-0.46347298730884195,-0.15877139395966813,-0.1786831272169646,-0.1786831272169646,-0.15877139395966813,-0.7707889748387144,-0.7694367482072996,-0.7694367482072996,-0.7707889748387144,-0.7707889748387144,-0.7707889748387144,-0.7694367482072996,-0.7694367482072996,-0.7707889748387144,-0.7707889748387144,-0.7707889748387144,-0.7707889748387144,-0.7707889748387144,-0.7707889748387144,-0.7628081060927216,-0.6679405474857012,-0.6679405474857012,-0.7383952689010893,-0.7383952689010893,-0.7383952689010893,-0.6679405474857012,-0.6679405474857012,-0.6679405474857012,-0.7628081060927216,0.1839801161977291,0.1839801161977291,0.1839801161977291,0.1839801161977291,-0.7628081060927216,-0.7628081060927216,-0.7185124582761523,-0.7185124582761523,-0.720262089030768,-0.720262089030768,-0.7346419490011442,-0.7346419490011442,-0.7278137793361517,-0.7278137793361517,-0.7278137793361517,-0.7346419490011442,-0.7346419490011442,-0.7098646180763746,-0.7098646180763746,-0.7098646180763746,-0.7346419490011442,-0.49006343445140743,-0.49006343445140743,-0.49006343445140743,-0.49006343445140743,-0.49006343445140743,-0.49006343445140743,-0.7346419490011442,-0.7346419490011442,-0.7383952689010893,-0.7383952689010893,-0.7383952689010893,-0.7346419490011442,-0.7346419490011442,-0.7346419490011442,-0.7346419490011442,-0.7175367087323661,-0.7175367087323661,-0.7175367087323661,-0.7346419490011442,-0.7346419490011442,-0.6897800420511516,-0.6897800420511516,-0.6897800420511516,-0.7346419490011442,-0.7346419490011442,-0.6765251661467686,-0.6765251661467686,-0.6765251661467686,-0.7346419490011442,-0.7346419490011442,-0.7355957772492723,-0.7355957772492723,-0.7355957772492723,-0.7346419490011442,-0.7346419490011442,-0.7346419490011442,-0.7346419490011442,-0.7346419490011442,-0.7346419490011442,-0.7620473493515134,-0.7620473493515134,-0.7620473493515134,-0.7620473493515134,-0.7620473493515134,-0.7620473493515134,-0.7620473493515134,-0.7346419490011442,-0.7346419490011442,-0.7346419490011442,-0.7346419490011442,-0.7346419490011442,-0.7346419490011442,-0.7346419490011442,-0.720262089030768,-0.720262089030768,-0.720262089030768,-0.720262089030768,1.4965912411460476,1.4965912411460476,1.4965912411460476,1.4965912411460476,1.4965912411460476,1.4965912411460476,-0.6145650899459525,-0.7419401028165774,-0.7419401028165774,-0.7419401028165774,-0.7419401028165774,-0.7419401028165774,-0.7419401028165774,-0.7419401028165774,-0.7419401028165774,-0.7419401028165774,-0.7419401028165774,-0.6247040679171629,-0.6247040679171629,-0.7138638378107501,-0.7138638378107501,-0.7138638378107501,-0.7138638378107501,-0.7138638378107501,-0.7138638378107501,-0.6247040679171629,-0.6247040679171629,-0.6679405474857012,-0.6679405474857012,-0.7383952689010893,-0.7383952689010893,-0.6679405474857012,-0.6679405474857012,-0.21955911478300397,-0.21955911478300397,-0.6145650899459525,-0.6372201348016661,-0.6372201348016661,-0.6504748280836586,-0.6504748280836586,-0.6504748280836586,-0.6504748280836586,-0.6504748280836586,-0.6504748280836586,-0.6504748280836586,-0.6504748280836586,-0.6504748280836586,-0.6504748280836586,-0.6504748280836586,-0.6504748280836586,-0.6504748280836586,-0.6504748280836586,-0.6504748280836586,-0.6504748280836586,-0.6145650899459525,-0.6145650899459525,-0.6145650899459525,-0.6145650899459525,-0.6145650899459525,-0.6145650899459525,-0.6145650899459525,-0.6145650899459525,-0.6145650899459525,-0.6145650899459525,-0.6145650899459525,-0.6145650899459525,-0.7343056997125486,-0.729562606605493,-0.7633598448510573,-0.7633598448510573,-0.7633598448510573,-0.7125687581183223,-0.7179745399510741,-0.7179745399510741,-0.7179745399510741,-0.7179745399510741,-0.7179745399510741,-0.7179745399510741,-0.7179745399510741,-0.7179745399510741,-0.7179745399510741,-0.7343056997125486,-0.7577237821877965,-0.7577237821877965
1.0,1.0,1.0,1.0,1.0,1.0,1.0,-1.0,-1.0,-1.0,-1.0,-1.0,-1.0,-1.0,-1.0,-1.0,-1.0,-1.0,-1.0,-1.0,-1.0,-1.0,-1.0,-1.0,-1.0,-1.0,-1.0,-1.0,-1.0,-1.0,-1.0,-1.0,-1.0,-1.0,-1.0,-1.0,-1.0,-1.0,-1.0,-1.0,-1.0,-1.0,-1.0,-1.0,-1.0,-1.0,-1.0,-1.0,-1.0,-1.0,-1.0,-1.0,-1.0,-1.0,-1.0,-1.0,-1.0,-1.0,-1.0,-1.0,-1.0,-1.0,-1.0,-1.0,-1.0,-1.0,-1.0,-1.0,-1.0,-1.0,-1.0,-1.0,-1.0,-1.0,-1.0,-1.0,-1.0,-1.0,-1.0,-1.0,-1.0,-1.0,-1.0,-1.0,-1.0,-1.0,-1.0,-1.0,-1.0,-1.0,-1.0,-1.0,-1.0,-1.0,-1.0,-1.0,-1.0,-1.0,-1.0,-1.0,-1.0,-1.0,-1.0,-1.0,-1.0,-1.0,-1.0,-1.0,-1.0,-1.0,-1.0,-1.0,-1.0,-1.0,-1.0,-1.0,-1.0,-1.0,-1.0,-1.0,-1.0,-1.0,-1.0,-1.0,1.0,-1.0,-1.0,-1.0,-1.0,-1.0,-1.0,-1.0,-1.0,-1.0,-1.0,-1.0,-1.0,-1.0,-1.0,-1.0,-1.0,-1.0,-1.0,1.0,-1.0,-1.0,-1.0,-1.0,1.0,1.0,1.0,1.0,-1.0,-1.0,-1.0,-1.0,-1.0,-1.0,1.0,1.0,1.0,1.0,1.0,1.0,1.0,-1.0,-1.0,-1.0,-1.0,-1.0,-1.0,-1.0,-1.0,1.0,-1.0,-1.0,1.0,1.0,1.0,1.0,1.0,1.0,1.0,1.0,1.0,-1.0,-1.0,1.0,1.0,1.0,1.0,1.0,1.0,-1.0,-1.0,-1.0,-1.0,-1.0,-1.0,1.0,-1.0,-1.0,-1.0,-1.0,-1.0,1.0,-1.0,-1.0,-1.0,-1.0,-1.0,-1.0,-1.0,-1.0,-1.0,-1.0,-1.0,-1.0,-1.0,-1.0,-1.0,-1.0,-1.0,-1.0,-1.0,-1.0,-1.0,-1.0,-1.0,-1.0,-1.0,-1.0,-1.0,-1.0,-1.0,-1.0,-1.0,-1.0,-1.0,-1.0,-1.0,-1.0,-1.0,-1.0,-1.0,-1.0,-1.0,-1.0,1.0,1.0,1.0,1.0,1.0,1.0,1.0,1.0,1.0,1.0,-1.0,-1.0,-1.0,-1.0,1.0,1.0,-1.0,-1.0,-1.0,-1.0,-1.0,-1.0,-1.0,-1.0,-1.0,-1.0,-1.0,-1.0,-1.0,-1.0,-1.0,-1.0,-1.0,-1.0,-1.0,-1.0,-1.0,-1.0,-1.0,-1.0,-1.0,-1.0,-1.0,-1.0,-1.0,-1.0,-1.0,-1.0,-1.0,-1.0,-1.0,-1.0,-1.0,-1.0,-1.0,-1.0,-1.0,-1.0,-1.0,-1.0,-1.0,-1.0,-1.0,-1.0,-1.0,-1.0,-1.0,-1.0,-1.0,-1.0,-1.0,-1.0,-1.0,-1.0,-1.0,-1.0,-1.0,-1.0,-1.0,-1.0,-1.0,-1.0,-1.0,-1.0,-1.0,-1.0,-1.0,-1.0,-1.0,-1.0,-1.0,-1.0,-1.0,-1.0,1.0,-1.0,-1.0,-1.0,-1.0,-1.0,-1.0,-1.0,-1.0,-1.0,-1.0,-1.0,-1.0,-1.0,-1.0,-1.0,-1.0,-1.0,-1.0,-1.0,-1.0,1.0,1.0,1.0,1.0,1.0,1.0,1.0,1.0,1.0,-1.0,-1.0,-1.0,-1.0,-1.0,-1.0,-1.0,-1.0,-1.0,-1.0,-1.0,-1.0,-1.0,-1.0,-1.0,-1.0,-1.0,-1.0,1.0,1.0,1.0,1.0,1.0,1.0,1.0,1.0,1.0,1.0,1.0,1.0,1.0,1.0,-1.0,-1.0,-1.0,-1.0,1.0,1.0,1.0,1.0,1.0,1.0,1.0,1.0,1.0,1.0,-1.0,-1.0
1.0,1.0,1.0,1.0,1.0,1.0,1.0,1.0,1.0,1.0,1.0,1.0,1.0,1.0,1.0,1.0,1.0,1.0,1.0,1.0,1.0,1.0,1.0,1.0,1.0,1.0,1.0,1.0,1.0,1.0,1.0,1.0,1.0,1.0,1.0,1.0,1.0,1.0,1.0,1.0,1.0,1.0,1.0,1.0,1.0,1.0,1.0,1.0,1.0,1.0,1.0,1.0,1.0,1.0,1.0,1.0,1.0,1.0,1.0,1.0,1.0,1.0,1.0,1.0,1.0,1.0,1.0,1.0,1.0,1.0,1.0,1.0,1.0,1.0,1.0,1.0,1.0,1.0,1.0,1.0,1.0,1.0,1.0,1.0,1.0,1.0,1.0,1.0,1.0,1.0,1.0,1.0,1.0,1.0,1.0,1.0,1.0,1.0,1.0,1.0,1.0,1.0,1.0,1.0,1.0,1.0,1.0,1.0,1.0,1.0,1.0,1.0,1.0,1.0,1.0,1.0,1.0,1.0,1.0,1.0,1.0,1.0,1.0,1.0,1.0,1.0,1.0,1.0,1.0,1.0,1.0,1.0,1.0,1.0,1.0,1.0,1.0,1.0,1.0,1.0,1.0,1.0,1.0,1.0,1.0,1.0,1.0,1.0,1.0,1.0,1.0,1.0,1.0,1.0,1.0,1.0,1.0,1.0,1.0,1.0,1.0,1.0,1.0,1.0,1.0,1.0,1.0,1.0,1.0,1.0,1.0,1.0,1.0,1.0,1.0,1.0,1.0,1.0,1.0,1.0,1.0,1.0,1.0,1.0,1.0,1.0,1.0,1.0,1.0,1.0,1.0,1.0,1.0,1.0,1.0,1.0,1.0,1.0,1.0,1.0,1.0,1.0,1.0,1.0,1.0,1.0,1.0,1.0,1.0,1.0,1.0,1.0,1.0,1.0,1.0,1.0,1.0,1.0,1.0,1.0,1.0,1.0,1.0,1.0,1.0,1.0,1.0,1.0,1.0,1.0,1.0,1.0,1.0,1.0,1.0,1.0,1.0,1.0,1.0,1.0,1.0,1.0,1.0,1.0,1.0,1.0,1.0,1.0,1.0,1.0,1.0,1.0,1.0,1.0,1.0,1.0,1.0,1.0,1.0,1.0,1.0,1.0,1.0,1.0,1.0,1.0,1.0,1.0,1.0,1.0,1.0,1.0,1.0,1.0,1.0,1.0,1.0,1.0,1.0,1.0,1.0,1.0,1.0,1.0,1.0,1.0,1.0,1.0,1.0,1.0,1.0,1.0,1.0,1.0,1.0,1.0,1.0,1.0,1.0,1.0,1.0,1.0,1.0,1.0,1.0,1.0,1.0,1.0,1.0,1.0,1.0,1.0,1.0,1.0,1.0,1.0,1.0,1.0,1.0,1.0,1.0,1.0,1.0,1.0,1.0,1.0,1.0,1.0,1.0,1.0,1.0,1.0,1.0,1.0,1.0,1.0,1.0,1.0,1.0,1.0,1.0,1.0,1.0,1.0,1.0,1.0,1.0,1.0,1.0,1.0,1.0,1.0,1.0,1.0,1.0,1.0,1.0,1.0,1.0,1.0,1.0,1.0,1.0,1.0,1.0,1.0,1.0,1.0,1.0,1.0,1.0,1.0,1.0,1.0,1.0,1.0,1.0,1.0,1.0,1.0,1.0,1.0,1.0,1.0,1.0,1.0,1.0,1.0,1.0,1.0,1.0,1.0,1.0,1.0,1.0,1.0,1.0,1.0,1.0,1.0,1.0,1.0,1.0,1.0,1.0,1.0,1.0,1.0,1.0,1.0,1.0,1.0,1.0,1.0,1.0,1.0,1.0,1.0,1.0,1.0
-0.4713375796178344,-0.4713375796178344,-0.4713375796178344,-0.4713375796178344,-0.4713375796178344,-0.4713375796178344,-0.4713375796178344,-0.4713375796178344,-0.4713375796178344,-0.4713375796178344,-0.4713375796178344,-0.4713375796178344,-0.4713375796178344,-0.4713375796178344,-0.4713375796178344,-0.4713375796178344,-0.4713375796178344,-0.4713375796178344,-0.4713375796178344,-0.4713375796178344,-0.4713375796178344,-0.4713375796178344,-0.4713375796178344,-0.4713375796178344,-0.4713375796178344,-0.4713375796178344,-0.4713375796178344,-0.4713375796178344,-0.4713375796178344,-0.4713375796178344,-0.4713375796178344,-0.4713375796178344,-0.4713375796178344,-0.4713375796178344,-0.4713375796178344,-0.4713375796178344,-0.4713375796178344,-0.4713375796178344,-0.4713375796178344,-0.4713375796178344,-0.4713375796178344,-0.4713375796178344,-0.4713375796178344,-0.4713375796178344,-0.4713375796178344,-0.4713375796178344,-0.4713375796178344,-0.4713375796178344,-0.4713375796178344,-0.4713375796178344,-0.4713375796178344,-0.4713375796178344,-0.4713375796178344,-0.4713375796178344,-0.4713375796178344,-0.4713375796178344,-0.4713375796178344,-0.4713375796178344,-0.4713375796178344,-0.4713375796178344,-0.4713375796178344,-0.4713375796178344,-0.4713375796178344,-0.4713375796178344,-0.4713375796178344,-0.4713375796178344,-0.4713375796178344,-0.4713375796178344,-0.4713375796178344,-0.4713375796178344,-0.4713375796178344,-0.4713375796178344,-0.4713375796178344,-0.4713375796178344,-0.4713375796178344,-0.4713375796178344,-0.4713375796178344,-0.4713375796178344,-0.4713375796178344,-0.4713375796178344,-0.4713375796178344,-0.4713375796178344,-0.4713375796178344,-0.4713375796178344,-0.4713375796178344,-0.4713375796178344,-0.4713375796178344,-0.4713375796178344,-0.4713375796178344,-0.4713375796178344,-0.4713375796178344,-0.4713375796178344,-0.4713375796178344,-0.4713375796178344,-0.4713375796178344,-0.4713375796178344,-0.4713375796178344,-0.4713375796178344,-0.4713375796178344,-0.4713375796178344,-0.4713375796178344,-0.4713375796178344,-0.4713375796178344,-0.4713375796178344,-0.4713375796178344,-0.4713375796178344,-0.4713375796178344,-0.4713375796178344,-0.4713375796178344,-0.4713375796178344,-0.4713375796178344,-0.4713375796178344,-0.4713375796178344,-0.4713375796178344,-0.4713375796178344,-0.4713375796178344,-0.4713375796178344,-0.4713375796178344,-0.4713375796178344,-0.4713375796178344,-0.4713375796178344,-0.4713375796178344,-0.4713375796178344,-0.4713375796178344,-0.4713375796178344,-0.4713375796178344,-0.4713375796178344,-0.4713375796178344,-0.4713375796178344,-0.4713375796178344,-0.4713375796178344,-0.4713375796178344,-0.4713375796178344,-0.4713375796178344,-0.4713375796178344,-0.4713375796178344,-0.4713375796178344,-0.4713375796178344,-0.4713375796178344,-0.4713375796178344,-0.4713375796178344,-0.4713375796178344,-0.4713375796178344,-0.4713375796178344,-0.4713375796178344,-0.4713375796178344,-0.4713375796178344,-0.4713375796178344,-0.4713375796178344,-0.4713375796178344,-0.4713375796178344,-0.4713375796178344,-0.4713375796178344,-0.4713375796178344,-0.4713375796178344,-0.4713375796178344,-0.4713375796178344,-0.4713375796178344,-0.4713375796178344,-0.4713375796178344,-0.4713375796178344,-0.4713375796178344,-0.4713375796178344,-0.4713375796178344,-0.4713375796178344,-0.4713375796178344,-0.4713375796178344,-0.4713375796178344,-0.4713375796178344,-0.4713375796178344,-0.4713375796178344,-0.4713375796178344,-0.4713375796178344,-0.4713375796178344,-0.4713375796178344,-0.4713375796178344,-0.4713375796178344,-0.4713375796178344,-0.4713375796178344,-0.4713375796178344,-0.4713375796178344,-0.4713375796178344,-0.4713375796178344,-0.4713375796178344,-0.4713375796178344,-0.4713375796178344,-0.4713375796178344,-0.4713375796178344,-0.4713375796178344,-0.4713375796178344,-0.4713375796178344,-0.4713375796178344,-0.4713375796178344,-0.4713375796178344,-0.4713375796178344,-0.4713375796178344,-0.4713375796178344,-0.4713375796178344,-0.4713375796178344,-0.4713375796178344,-0.4713375796178344,-0.4713375796178344,-0.4713375796178344,-0.4713375796178344,-0.4713375796178344,-0.4713375796178344,-0.4713375796178344,-0.4713375796178344,-0.4713375796178344,-0.4713375796178344,-0.4713375796178344,-0.4713375796178344,-0.4713375796178344,-0.4713375796178344,-0.4713375796178344,-0.4713375796178344,-0.4713375796178344,-0.4713375796178344,-0.4713375796178344,-0.4713375796178344,-0.4713375796178344,-0.4713375796178344,-0.4713375796178344,-0.4713375796178344,-0.4713375796178344,-0.4713375796178344,-0.4713375796178344,-0.4713375796178344,-0.4713375796178344,-0.4713375796178344,-0.4713375796178344,-0.4713375796178344,-0.4713375796178344,-0.4713375796178344,-0.4713375796178344,-0.4713375796178344,-0.4713375796178344,-0.4713375796178344,-0.4713375796178344,-0.4713375796178344,-0.4713375796178344,-0.4713375796178344,-0.4713375796178344,-0.4713375796178344,-0.4713375796178344,-0.4713375796178344,-0.4713375796178344,-0.4713375796178344,-0.4713375796178344,-0.4713375796178344,-0.4713375796178344,-0.4713375796178344,-0.4713375796178344,-0.4713375796178344,-0.4713375796178344,-0.4713375796178344,-0.4713375796178344,-0.4713375796178344,-0.4713375796178344,-0.4713375796178344,-0.4713375796178344,-0.4713375796178344,-0.4713375796178344,-0.4713375796178344,-0.4713375796178344,-0.4713375796178344,-0.4713375796178344,-0.4713375796178344,-0.4713375796178344,-0.4713375796178344,-0.4713375796178344,-0.4713375796178344,-0.4713375796178344,-0.4713375796178344,-0.4713375796178344,-0.4713375796178344,-0.4713375796178344,-0.4713375796178344,-0.4713375796178344,-0.4713375796178344,-0.4713375796178344,-0.4713375796178344,-0.4713375796178344,-0.4713375796178344,-0.4713375796178344,-0.4713375796178344,-0.4713375796178344,-0.4713375796178344,-0.4713375796178344,-0.4713375796178344,-0.4713375796178344,-0.4713375796178344,-0.4713375796178344,-0.4713375796178344,-0.4713375796178344,-0.4713375796178344,-0.4713375796178344,-0.4713375796178344,-0.4713375796178344,-0.4713375796178344,-0.4713375796178344,-0.4713375796178344,-0.4713375796178344,-0.4713375796178344,-0.4713375796178344,-0.4713375796178344,-0.4713375796178344,-0.4713375796178344,-0.4713375796178344,-0.4713375796178344,-0.4713375796178344,-0.4713375796178344,-0.4713375796178344,-0.4713375796178344,-0.4713375796178344,-0.4713375796178344,-0.4713375796178344,-0.4713375796178344,-0.4713375796178344,-0.4713375796178344,-0.4713375796178344,-0.4713375796178344,-0.4713375796178344,-0.4713375796178344,-0.4713375796178344,-0.4713375796178344,-0.4713375796178344,-0.4713375796178344,-0.4713375796178344,-0.4713375796178344,-0.4713375796178344,-0.4713375796178344,-0.4713375796178344,-0.4713375796178344,-0.4713375796178344,-0.4713375796178344,-0.4713375796178344,-0.4713375796178344,-0.4713375796178344,-0.4713375796178344,-0.4713375796178344,-0.4713375796178344,-0.4713375796178344,-0.4713375796178344,-0.4713375796178344,-0.4713375796178344,-0.4713375796178344,-0.4713375796178344,-0.4713375796178344,-0.4713375796178344,-0.4713375796178344,-0.4713375796178344,-0.4713375796178344,-0.4713375796178344,-0.4713375796178344,-0.4713375796178344,-0.4713375796178344,-0.4713375796178344,-0.4713375796178344,-0.4713375796178344,-0.4713375796178344,-0.4713375796178344,-0.4713375796178344,-0.4713375796178344,-0.4713375796178344,-0.4713375796178344,-0.4713375796178344,-0.4713375796178344,-0.4713375796178344,-0.4713375796178344,-0.4713375796178344,-0.4713375796178344,-0.4713375796178344,-0.4713375796178344,-0.4713375796178344,-0.4713375796178344,-0.4713375796178344,-0.4713375796178344,-0.4713375796178344,-0.4713375796178344,-0.4713375796178344,-0.4713375796178344,-0.4713375796178344,-0.4713375796178344,-0.4713375796178344,-0.4713375796178344,-0.4713375796178344,-0.4713375796178344,-0.4713375796178344,-0.4713375796178344,-0.4713375796178344,-0.4713375796178344,-0.4713375796178344,-0.4713375796178344,-0.4713375796178344,-0.4713375796178344,-0.4713375796178344,-0.4713375796178344,-0.4713375796178344,-0.4713375796178344,-0.4713375796178344,-0.4713375796178344,-0.4713375796178344,-0.4713375796178344,-0.4713375796178344,-0.4713375796178344,-0.4713375796178344,-0.4713375796178344,-0.4713375796178344,-0.4713375796178344,-0.4713375796178344,-0.4713375796178344,-0.4713375796178344,-0.4713375796178344,-0.4713375796178344,-0.4713375796178344,-0.4713375796178344,-0.4713375796178344,-0.4713375796178344,-0.4713375796178344
-0.4775130935520587,-0.4775130935520587,-0.4775130935520587,-0.4775130935520587,-0.4775130935520587,-0.4775130935520587,-0.4775130935520587,-0.4775130935520587,-0.4775130935520587,-0.4775130935520587,-0.4775130935520587,-0.4775130935520587,-0.4775130935520587,-0.4775130935520587,-0.4775130935520587,-0.4775130935520587,-0.4775130935520587,-0.4775130935520587,-0.4775130935520587,-0.4775130935520587,-0.4775130935520587,-0.4775130935520587,-0.4775130935520587,-0.4775130935520587,-0.4775130935520587,-0.4775130935520587,-0.4775130935520587,-0.4775130935520587,-0.4775130935520587,-0.4775130935520587,-0.4775130935520587,-0.4775130935520587,-0.4775130935520587,-0.4775130935520587,-0.4775130935520587,-0.4775130935520587,-0.4775130935520587,-0.4775130935520587,-0.4775130935520587,-0.4775130935520587,-0.4775130935520587,-0.4775130935520587,-0.4775130935520587,-0.4775130935520587,-0.4775130935520587,-0.4775130935520587,-0.4775130935520587,-0.4775130935520587,-0.4775130935520587,-0.4775130935520587,-0.4775130935520587,-0.4775130935520587,-0.4775130935520587,-0.4775130935520587,-0.4775130935520587,-0.4775130935520587,-0.4775130935520587,-0.4775130935520587,-0.4775130935520587,-0.4775130935520587,-0.4775130935520587,-0.4775130935520587,-0.4775130935520587,-0.4775130935520587,-0.4775130935520587,-0.4775130935520587,-0.4775130935520587,-0.4775130935520587,-0.4775130935520587,-0.4775130935520587,-0.4775130935520587,-0.4775130935520587,-0.4775130935520587,-0.4775130935520587,-0.4775130935520587,-0.4775130935520587,-0.4775130935520587,-0.4775130935520587,-0.4775130935520587,-0.4775130935520587,-0.4775130935520587,-0.4775130935520587,-0.4775130935520587,-0.4775130935520587,-0.4775130935520587,-0.4775130935520587,-0.4775130935520587,-0.4775130935520587,-0.4775130935520587,-0.4775130935520587,-0.4775130935520587,-0.4775130935520587,-0.4775130935520587,-0.4775130935520587,-0.4775130935520587,-0.4775130935520587,-0.4775130935520587,-0.4775130935520587,-0.4775130935520587,-0.4775130935520587,-0.4775130935520587,-0.4775130935520587,-0.4775130935520587,-0.4775130935520587,-0.4775130935520587,-0.4775130935520587,-0.4775130935520587,-0.4775130935520587,-0.4775130935520587,-0.4775130935520587,-0.4775130935520587,-0.4775130935520587,-0.4775130935520587,-0.4775130935520587,-0.4775130935520587,-0.4775130935520587,-0.4775130935520587,-0.4775130935520587,-0.4775130935520587,-0.4775130935520587,-0.4775130935520587,-0.4775130935520587,-0.4775130935520587,-0.4775130935520587,-0.4775130935520587,-0.4775130935520587,-0.4775130935520587,-0.4775130935520587,-0.4775130935520587,-0.4775130935520587,-0.4775130935520587,-0.4775130935520587,-0.4775130935520587,-0.4775130935520587,-0.4775130935520587,-0.4775130935520587,-0.4775130935520587,-0.4775130935520587,-0.4775130935520587,-0.4775130935520587,-0.4775130935520587,-0.4775130935520587,-0.4775130935520587,-0.4775130935520587,-0.4775130935520587,-0.4775130935520587,-0.4775130935520587,-0.4775130935520587,-0.4775130935520587,-0.4775130935520587,-0.4775130935520587,-0.4775130935520587,-0.4775130935520587,-0.4775130935520587,-0.4775130935520587,-0.4775130935520587,-0.4775130935520587,-0.4775130935520587,-0.4775130935520587,-0.4775130935520587,-0.4775130935520587,-0.4775130935520587,-0.4775130935520587,-0.4775130935520587,-0.4775130935520587,-0.4775130935520587,-0.4775130935520587,-0.4775130935520587,-0.4775130935520587,-0.4775130935520587,-0.4775130935520587,-0.4775130935520587,-0.4775130935520587,-0.4775130935520587,-0.4775130935520587,-0.4775130935520587,-0.4775130935520587,-0.4775130935520587,-0.4775130935520587,-0.4775130935520587,-0.4775130935520587,-0.4775130935520587,-0.4775130935520587,-0.4775130935520587,-0.4775130935520587,-0.4775130935520587,-0.4775130935520587,-0.4775130935520587,-0.4775130935520587,-0.4775130935520587,-0.4775130935520587,-0.4775130935520587,-0.4775130935520587,-0.4775130935520587,-0.4775130935520587,-0.4775130935520587,-0.4775130935520587,-0.4775130935520587,-0.4775130935520587,-0.4775130935520587,-0.4775130935520587,-0.4775130935520587,-0.4775130935520587,-0.4775130935520587,-0.4775130935520587,-0.4775130935520587,-0.4775130935520587,-0.4775130935520587,-0.4775130935520587,-0.4775130935520587,-0.4775130935520587,-0.4775130935520587,-0.4775130935520587,-0.4775130935520587,-0.4775130935520587,-0.4775130935520587,-0.4775130935520587,-0.4775130935520587,-0.4775130935520587,-0.4775130935520587,-0.4775130935520587,-0.4775130935520587,-0.4775130935520587,-0.4775130935520587,-0.4775130935520587,-0.4775130935520587,-0.4775130935520587,-0.4775130935520587,-0.4775130935520587,-0.4775130935520587,-0.4775130935520587,-0.4775130935520587,-0.4775130935520587,-0.4775130935520587,-0.4775130935520587,-0.4775130935520587,-0.4775130935520587,-0.4775130935520587,-0.4775130935520587,-0.4775130935520587,-0.4775130935520587,-0.4775130935520587,-0.4775130935520587,-0.4775130935520587,-0.4775130935520587,-0.4775130935520587,-0.4775130935520587,-0.4775130935520587,-0.4775130935520587,-0.4775130935520587,-0.4775130935520587,-0.4775130935520587,-0.4775130935520587,-0.4775130935520587,-0.4775130935520587,-0.4775130935520587,-0.4775130935520587,-0.4775130935520587,-0.4775130935520587,-0.4775130935520587,-0.4775130935520587,-0.4775130935520587,-0.4775130935520587,-0.4775130935520587,-0.4775130935520587,-0.4775130935520587,-0.4775130935520587,-0.4775130935520587,-0.4775130935520587,-0.4775130935520587,-0.4775130935520587,-0.4775130935520587,-0.4775130935520587,-0.4775130935520587,-0.4775130935520587,-0.4775130935520587,-0.4775130935520587,-0.4775130935520587,-0.4775130935520587,-0.4775130935520587,-0.4775130935520587,-0.4775130935520587,-0.4775130935520587,-0.4775130935520587,-0.4775130935520587,-0.4775130935520587,-0.4775130935520587,-0.4775130935520587,-0.4775130935520587,-0.4775130935520587,-0.4775130935520587,-0.4775130935520587,-0.4775130935520587,-0.4775130935520587,-0.4775130935520587,-0.4775130935520587,-0.4775130935520587,-0.4775130935520587,-0.4775130935520587,-0.4775130935520587,-0.4775130935520587,-0.4775130935520587,-0.4775130935520587,-0.4775130935520587,-0.4775130935520587,-0.4775130935520587,-0.4775130935520587,-0.4775130935520587,-0.4775130935520587,-0.4775130935520587,-0.4775130935520587,-0.4775130935520587,-0.4775130935520587,-0.4775130935520587,-0.4775130935520587,-0.4775130935520587,-0.4775130935520587,-0.4775130935520587,-0.4775130935520587,-0.4775130935520587,-0.4775130935520587,-0.4775130935520587,-0.4775130935520587,-0.4775130935520587,-0.4775130935520587,-0.4775130935520587,-0.4775130935520587,-0.4775130935520587,-0.4775130935520587,-0.4775130935520587,-0.4775130935520587,-0.4775130935520587,-0.4775130935520587,-0.4775130935520587,-0.4775130935520587,-0.4775130935520587,-0.4775130935520587,-0.4775130935520587,-0.4775130935520587,-0.4775130935520587,-0.4775130935520587,-0.4775130935520587,-0.4775130935520587,-0.4775130935520587,-0.4775130935520587,-0.4775130935520587,-0.4775130935520587,-0.4775130935520587,-0.4775130935520587,-0.4775130935520587,-0.4775130935520587,-0.4775130935520587,-0.4775130935520587,-0.4775130935520587,-0.4775130935520587,-0.4775130935520587,-0.4775130935520587,-0.4775130935520587,-0.4775130935520587,-0.4775130935520587,-0.4775130935520587,-0.4775130935520587,-0.4775130935520587,-0.4775130935520587,-0.4775130935520587,-0.4775130935520587,-0.4775130935520587,-0.4775130935520587,-0.4775130935520587,-0.4775130935520587,-0.4775130935520587,-0.4775130935520587,-0.4775130935520587,-0.4775130935520587,-0.4775130935520587,-0.4775130935520587,-0.4775130935520587,-0.4775130935520587,-0.4775130935520587,-0.4775130935520587,-0.4775130935520587,-0.4775130935520587,-0.4775130935520587,-0.4775130935520587,-0.4775130935520587,-0.4775130935520587,-0.4775130935520587,-0.4775130935520587,-0.4775130935520587,-0.4775130935520587,-0.4775130935520587,-0.4775130935520587,-0.4775130935520587,-0.4775130935520587,-0.4775130935520587,-0.4775130935520587,-0.4775130935520587,-0.4775130935520587,-0.4775130935520587,-0.4775130935520587,-0.4775130935520587,-0.4775130935520587,-0.4775130935520587,-0.4775130935520587,-0.4775130935520587,-0.4775130935520587,-0.4775130935520587,-0.4775130935520587,-0.4775130935520587,-0.4775130935520587,-0.4775130935520587,-0.4775130935520587,-0.4775130935520587,-0.4775130935520587,-0.4775130935520587,-0.4775130935520587,-0.4775130935520587,-0.4775130935520587,-0.4775130935520587,-0.4775130935520587
1.0,1.0,1.0,1.0,1.0,1.0,1.0,1.0,1.0,1.0,1.0,1.0,1.0,1.0,1.0,1.0,1.0,1.0,1.0,1.0,1.0,1.0,1.0,1.0,1.0,1.0,1.0,1.0,1.0,1.0,1.0,1.0,1.0,1.0,1.0,1.0,1.0,1.0,1.0,1.0,1.0,1.0,1.0,1.0,1.0,1.0,1.0,1.0,1.0,1.0,1.0,1.0,1.0,1.0,1.0,1.0,1.0,1.0,1.0,1.0,1.0,1.0,1.0,1.0,1.0,1.0,1.0,1.0,1.0,1.0,1.0,1.0,1.0,1.0,1.0,1.0,1.0,1.0,1.0,1.0,1.0,1.0,1.0,1.0,1.0,1.0,1.0,1.0,1.0,1.0,1.0,1.0,1.0,1.0,1.0,1.0,1.0,1.0,1.0,1.0,1.0,1.0,1.0,1.0,1.0,1.0,1.0,1.0,1.0,1.0,1.0,1.0,1.0,1.0,1.0,1.0,1.0,1.0,1.0,1.0,1.0,1.0,1.0,1.0,1.0,1.0,1.0,1.0,1.0,1.0,1.0,1.0,1.0,1.0,1.0,1.0,1.0,1.0,1.0,1.0,1.0,1.0,1.0,1.0,1.0,1.0,1.0,1.0,1.0,1.0,1.0,1.0,1.0,1.0,1.0,1.0,1.0,1.0,1.0,1.0,1.0,1.0,1.0,1.0,1.0,1.0,1.0,1.0,1.0,1.0,1.0,1.0,1.0,1.0,1.0,1.0,1.0,1.0,1.0,1.0,1.0,1.0,1.0,1.0,1.0,1.0,1.0,1.0,1.0,1.0,1.0,1.0,1.0,1.0,1.0,1.0,1.0,1.0,1.0,1.0,1.0,1.0,1.0,1.0,1.0,1.0,1.0,1.0,1.0,1.0,1.0,1.0,1.0,1.0,1.0,1.0,1.0,1.0,1.0,1.0,1.0,1.0,1.0,1.0,1.0,1.0,1.0,1.0,1.0,1.0,1.0,1.0,1.0,1.0,1.0,1.0,1.0,1.0,1.0,1.0,1.0,1.0,1.0,1.0,1.0,1.0,1.0,1.0,1.0,1.0,1.0,1.0,1.0,1.0,1.0,1.0,1.0,1.0,1.0,1.0,1.0,1.0,1.0,1.0,1.0,1.0,1.0,1.0,1.0,1.0,1.0,1.0,1.0,1.0,1.0,1.0,1.0,1.0,1.0,1.0,1.0,1.0,1.0,1.0,1.0,1.0,1.0,1.0,1.0,1.0,1.0,1.0,1.0,1.0,1.0,1.0,1.0,1.0,1.0,1.0,1.0,1.0,1.0,1.0,1.0,1.0,1.0,1.0,1.0,1.0,1.0,1.0,1.0,1.0,1.0,1.0,1.0,1.0,1.0,1.0,1.0,1.0,1.0,1.0,1.0,1.0,1.0,1.0,1.0,1.0,1.0,1.0,1.0,1.0,1.0,1.0,1.0,1.0,1.0,1.0,1.0,1.0,1.0,1.0,1.0,1.0,1.0,1.0,1.0,1.0,1.0,1.0,1.0,1.0,1.0,1.0,1.0,1.0,1.0,1.0,1.0,1.0,1.0,1.0,1.0,1.0,1.0,1.0,1.0,1.0,1.0,1.0,1.0,1.0,1.0,1.0,1.0,1.0,1.0,1.0,1.0,1.0,1.0,1.0,1.0,1.0,1.0,1.0,1.0,1.0,1.0,1.0,1.0,1.0,1.0,1.0,1.0,1.0,1.0,1.0,1.0,1.0,1.0,1.0,1.0,1.0,1.0,1.0,1.0,1.0,1.0,1.0,1.0,1.0,1.0,1.0,1.0,1.0,1.0,1.0
-0.6880610011880256,-0.6880610011880256,-0.6880610011880256,-0.6880610011880256,-0.6880610011880256,-0.6880610011880256,-0.6880610011880256,-0.6880610011880256,-0.6880610011880256,-0.6880610011880256,-0.6880610011880256,-0.6880610011880256,-0.6880610011880256,-0.6880610011880256,-0.6880610011880256,-0.6880610011880256,-0.6880610011880256,-0.6880610011880256,-0.6880610011880256,-0.6880610011880256,-0.6880610011880256,-0.6880610011880256,-0.6880610011880256,-0.6880610011880256,-0.6880610011880256,-0.6880610011880256,-0.6880610011880256,-0.6880610011880256,-0.6880610011880256,-0.6880610011880256,-0.6880610011880256,-0.6880610011880256,-0.6880610011880256,-0.6880610011880256,-0.6880610011880256,-0.6880610011880256,-0.6880610011880256,-0.6880610011880256,-0.6880610011880256,-0.6880610011880256,-0.6880610011880256,-0.6880610011880256,-0.6880610011880256,-0.6880610011880256,-0.6880610011880256,-0.6880610011880256,-0.6880610011880256,-0.6880610011880256,-0.6880610011880256,-0.6880610011880256,-0.6880610011880256,-0.6880610011880256,-0.6880610011880256,-0.6880610011880256,-0.6880610011880256,-0.6880610011880256,-0.6880610011880256,-0.6880610011880256,-0.6880610011880256,-0.6880610011880256,-0.6880610011880256,-0.6880610011880256,-0.6880610011880256,-0.6880610011880256,-0.6880610011880256,-0.6880610011880256,-0.6880610011880256,-0.6880610011880256,-0.6880610011880256,-0.6880610011880256,-0.6880610011880256,-0.6880610011880256,-0.6880610011880256,-0.6880610011880256,-0.6880610011880256,-0.6880610011880256,-0.6880610011880256,-0.6880610011880256,-0.6880610011880256,-0.6880610011880256,-0.6880610011880256,-0.6880610011880256,-0.6880610011880256,-0.6880610011880256,-0.6880610011880256,-0.6880610011880256,-0.6880610011880256,-0.6880610011880256,-0.6880610011880256,-0.6880610011880256,-0.6880610011880256,-0.6880610011880256,-0.6880610011880256,-0.6880610011880256,-0.6880610011880256,-0.6880610011880256,-0.6880610011880256,-0.6880610011880256,-0.6880610011880256,-0.6880610011880256,-0.6880610011880256,-0.6880610011880256,-0.6880610011880256,-0.6880610011880256,-0.6880610011880256,-0.6880610011880256,-0.6880610011880256,-0.6880610011880256,-0.6880610011880256,-0.6880610011880256,-0.6880610011880256,-0.6880610011880256,-0.6880610011880256,-0.6880610011880256,-0.6880610011880256,-0.6880610011880256,-0.6880610011880256,-0.6880610011880256,-0.6880610011880256,-0.6880610011880256,-0.6880610011880256,-0.6880610011880256,-0.6880610011880256,-0.6880610011880256,-0.6880610011880256,-0.6880610011880256,-0.6880610011880256,-0.6880610011880256,-0.6880610011880256,-0.6880610011880256,-0.6880610011880256,-0.6880610011880256,-0.6880610011880256,-0.6880610011880256,-0.6880610011880256,-0.6880610011880256,-0.6880610011880256,-0.6880610011880256,-0.6880610011880256,-0.6880610011880256,-0.6880610011880256,-0.6880610011880256,-0.6880610011880256,-0.6880610011880256,-0.6880610011880256,-0.6880610011880256,-0.6880610011880256,-0.6880610011880256,-0.6880610011880256,-0.6880610011880256,-0.6880610011880256,-0.6880610011880256,-0.6880610011880256,-0.6880610011880256,-0.6880610011880256,-0.6880610011880256,-0.6880610011880256,-0.6880610011880256,-0.6880610011880256,-0.6880610011880256,-0.6880610011880256,-0.6880610011880256,-0.6880610011880256,-0.6880610011880256,-0.6880610011880256,-0.6880610011880256,-0.6880610011880256,-0.6880610011880256,-0.6880610011880256,-0.6880610011880256,-0.6880610011880256,-0.6880610011880256,-0.6880610011880256,-0.6880610011880256,-0.6880610011880256,-0.6880610011880256,-0.6880610011880256,-0.6880610011880256,-0.6880610011880256,-0.6880610011880256,-0.6880610011880256,-0.6880610011880256,-0.6880610011880256,-0.6880610011880256,-0.6880610011880256,-0.6880610011880256,-0.6880610011880256,-0.6880610011880256,-0.6880610011880256,-0.6880610011880256,-0.6880610011880256,-0.6880610011880256,-0.6880610011880256,-0.6880610011880256,-0.6880610011880256,-0.6880610011880256,-0.6880610011880256,-0.6880610011880256,-0.6880610011880256,-0.6880610011880256,-0.6880610011880256,-0.6880610011880256,-0.6880610011880256,-0.6880610011880256,-0.6880610011880256,-0.6880610011880256,-0.6880610011880256,-0.6880610011880256,-0.6880610011880256,-0.6880610011880256,-0.6880610011880256,-0.6880610011880256,-0.6880610011880256,-0.6880610011880256,-0.6880610011880256,-0.6880610011880256,-0.6880610011880256,-0.6880610011880256,-0.6880610011880256,-0.6880610011880256,-0.6880610011880256,-0.6880610011880256,-0.6880610011880256,-0.6880610011880256,-0.6880610011880256,-0.6880610011880256,-0.6880610011880256,-0.6880610011880256,-0.6880610011880256,-0.6880610011880256,-0.6880610011880256,-0.6880610011880256,-0.6880610011880256,-0.6880610011880256,-0.6880610011880256,-0.6880610011880256,-0.6880610011880256,-0.6880610011880256,-0.6880610011880256,-0.6880610011880256,-0.6880610011880256,-0.6880610011880256,-0.6880610011880256,-0.6880610011880256,-0.6880610011880256,-0.6880610011880256,-0.6880610011880256,-0.6880610011880256,-0.6880610011880256,-0.6880610011880256,-0.6880610011880256,-0.6880610011880256,-0.6880610011880256,-0.6880610011880256,-0.6880610011880256,-0.6880610011880256,-0.6880610011880256,-0.6880610011880256,-0.6880610011880256,-0.6880610011880256,-0.6880610011880256,-0.6880610011880256,-0.6880610011880256,-0.6880610011880256,-0.6880610011880256,-0.6880610011880256,-0.6880610011880256,-0.6880610011880256,-0.6880610011880256,-0.6880610011880256,-0.6880610011880256,-0.6880610011880256,-0.6880610011880256,-0.6880610011880256,-0.6880610011880256,-0.6880610011880256,-0.6880610011880256,-0.6880610011880256,-0.6880610011880256,-0.6880610011880256,-0.6880610011880256,-0.6880610011880256,-0.6880610011880256,-0.6880610011880256,-0.6880610011880256,-0.6880610011880256,-0.6880610011880256,-0.6880610011880256,-0.6880610011880256,-0.6880610011880256,-0.6880610011880256,-0.6880610011880256,-0.6880610011880256,-0.6880610011880256,-0.6880610011880256,-0.6880610011880256,-0.6880610011880256,-0.6880610011880256,-0.6880610011880256,-0.6880610011880256,-0.6880610011880256,-0.6880610011880256,-0.6880610011880256,-0.6880610011880256,-0.6880610011880256,-0.6880610011880256,-0.6880610011880256,-0.6880610011880256,-0.6880610011880256,-0.6880610011880256,-0.6880610011880256,-0.6880610011880256,-0.6880610011880256,-0.6880610011880256,-0.6880610011880256,-0.6880610011880256,-0.6880610011880256,-0.6880610011880256,-0.6880610011880256,-0.6880610011880256,-0.6880610011880256,-0.6880610011880256,-0.6880610011880256,-0.6880610011880256,-0.6880610011880256,-0.6880610011880256,-0.6880610011880256,-0.6880610011880256,-0.6880610011880256,-0.6880610011880256,-0.6880610011880256,-0.6880610011880256,-0.6880610011880256,-0.6880610011880256,-0.6880610011880256,-0.6880610011880256,-0.6880610011880256,-0.6880610011880256,-0.6880610011880256,-0.6880610011880256,-0.6880610011880256,-0.6880610011880256,-0.6880610011880256,-0.6880610011880256,-0.6880610011880256,-0.6880610011880256,-0.6880610011880256,-0.6880610011880256,-0.6880610011880256,-0.6880610011880256,-0.6880610011880256,-0.6880610011880256,-0.6880610011880256,-0.6880610011880256,-0.6880610011880256,-0.6880610011880256,-0.6880610011880256,-0.6880610011880256,-0.6880610011880256,-0.6880610011880256,-0.6880610011880256,-0.6880610011880256,-0.6880610011880256,-0.6880610011880256,-0.6880610011880256,-0.6880610011880256,-0.6880610011880256,-0.6880610011880256,-0.6880610011880256,-0.6880610011880256,-0.6880610011880256,-0.6880610011880256,-0.6880610011880256,-0.6880610011880256,-0.6880610011880256,-0.6880610011880256,-0.6880610011880256,-0.6880610011880256,-0.6880610011880256,-0.6880610011880256,-0.6880610011880256,-0.6880610011880256,-0.6880610011880256,-0.6880610011880256,-0.6880610011880256,-0.6880610011880256,-0.6880610011880256,-0.6880610011880256,-0.6880610011880256,-0.6880610011880256,-0.6880610011880256,-0.6880610011880256,-0.6880610011880256,-0.6880610011880256,-0.6880610011880256,-0.6880610011880256,-0.6880610011880256,-0.6880610011880256,-0.6880610011880256,-0.6880610011880256,-0.6880610011880256,-0.6880610011880256,-0.6880610011880256,-0.6880610011880256,-0.6880610011880256,-0.6880610011880256,-0.6880610011880256,-0.6880610011880256,-0.6880610011880256,-0.6880610011880256,-0.6880610011880256,-0.6880610011880256,-0.6880610011880256,-0.6880610011880256,-0.6880610011880256,-0.6880610011880256,-0.6880610011880256,-0.6880610011880256,-0.6880610011880256,-0.6880610011880256
1.0,1.0,1.0,1.0,1.0,1.0,1.0,1.0,1.0,1.0,1.0,1.0,1.0,1.0,1.0,1.0,1.0,1.0,1.0,1.0,1.0,1.0,1.0,1.0,1.0,1.0,1.0,1.0,1.0,1.0,1.0,1.0,1.0,1.0,1.0,1.0,1.0,1.0,1.0,1.0,1.0,1.0,1.0,1.0,1.0,1.0,1.0,1.0,1.0,1.0,1.0,1.0,1.0,1.0,1.0,1.0,1.0,1.0,1.0,1.0,1.0,1.0,1.0,1.0,1.0,1.0,1.0,1.0,1.0,1.0,1.0,1.0,1.0,1.0,1.0,1.0,1.0,1.0,1.0,1.0,1.0,1.0,1.0,1.0,1.0,1.0,1.0,1.0,1.0,1.0,1.0,1.0,1.0,1.0,1.0,1.0,1.0,1.0,1.0,1.0,1.0,1.0,1.0,1.0,1.0,1.0,1.0,1.0,1.0,1.0,1.0,1.0,1.0,1.0,1.0,1.0,1.0,1.0,1.0,1.0,1.0,1.0,1.0,1.0,1.0,1.0,1.0,1.0,1.0,1.0,1.0,1.0,1.0,1.0,1.0,1.0,1.0,1.0,1.0,1.0,1.0,1.0,1.0,1.0,1.0,1.0,1.0,1.0,1.0,1.0,1.0,1.0,1.0,1.0,1.0,1.0,1.0,1.0,1.0,1.0,1.0,1.0,1.0,1.0,1.0,1.0,1.0,1.0,1.0,1.0,1.0,1.0,1.0,1.0,1.0,1.0,1.0,1.0,1.0,1.0,1.0,1.0,1.0,1.0,1.0,1.0,1.0,1.0,1.0,1.0,1.0,1.0,1.0,1.0,1.0,1.0,1.0,1.0,1.0,1.0,1.0,1.0,1.0,1.0,1.0,1.0,1.0,1.0,1.0,1.0,1.0,1.0,1.0,1.0,1.0,1.0,1.0,1.0,1.0,1.0,1.0,1.0,1.0,1.0,1.0,1.0,1.0,1.0,1.0,1.0,1.0,1.0,1.0,1.0,1.0,1.0,1.0,1.0,1.0,1.0,1.0,1.0,1.0,1.0,1.0,1.0,1.0,1.0,1.0,1.0,1.0,1.0,1.0,1.0,1.0,1.0,1.0,1.0,1.0,1.0,1.0,1.0,1.0,1.0,1.0,1.0,1.0,1.0,1.0,1.0,1.0,1.0,1.0,1.0,1.0,1.0,1.0,1.0,1.0,1.0,1.0,1.0,1.0,1.0,1.0,1.0,1.0,1.0,1.0,1.0,1.0,1.0,1.0,1.0,1.0,1.0,1.0,1.0,1.0,1.0,1.0,1.0,1.0,1.0,1.0,1.0,1.0,1.0,1.0,1.0,1.0,1.0,1.0,1.0,1.0,1.0,1.0,1.0,1.0,1.0,1.0,1.0,1.0,1.0,1.0,1.0,1.0,1.0,1.0,1.0,1.0,1.0,1.0,1.0,1.0,1.0,1.0,1.0,1.0,1.0,1.0,1.0,1.0,1.0,1.0,1.0,1.0,1.0,1.0,1.0,1.0,1.0,1.0,1.0,1.0,1.0,1.0,1.0,1.0,1.0,1.0,1.0,1.0,1.0,1.0,1.0,1.0,1.0,1.0,1.0,1.0,1.0,1.0,1.0,1.0,1.0,1.0,1.0,1.0,1.0,1.0,1.0,1.0,1.0,1.0,1.0,1.0,1.0,1.0,1.0,1.0,1.0,1.0,1.0,1.0,1.0,1.0,1.0,1.0,1.0,1.0,1.0,1.0,1.0,1.0,1.0,1.0,1.0,1.0,1.0,1.0,1.0,1.0,1.0,1.0,1.0,1.0,1.0,1.0,1.0
1.0,1.0,1.0,1.0,1.0,1.0,1.0,1.0,1.0,1.0,1.0,1.0,1.0,1.0,1.0,1.0,1.0,1.0,1.0,1.0,1.0,1.0,1.0,1.0,1.0,1.0,1.0,1.0,1.0,1.0,1.0,1.0,1.0,1.0,1.0,1.0,1.0,1.0,1.0,1.0,1.0,1.0,1.0,1.0,1.0,1.0,1.0,1.0,1.0,1.0,1.0,1.0,1.0,1.0,1.0,1.0,1.0,1.0,1.0,1.0,1.0,1.0,1.0,1.0,1.0,1.0,1.0,1.0,1.0,1.0,1.0,1.0,1.0,1.0,1.0,1.0,1.0,1.0,1.0,1.0,1.0,1.0,1.0,1.0,1.0,1.0,1.0,1.0,1.0,1.0,1.0,1.0,1.0,1.0,1.0,1.0,1.0,1.0,1.0,1.0,1.0,1.0,1.0,1.0,1.0,1.0,1.0,1.0,1.0,1.0,1.0,1.0,1.0,1.0,1.0,1.0,1.0,1.0,1.0,1.0,1.0,1.0,1.0,1.0,1.0,1.0,1.0,1.0,1.0,1.0,1.0,1.0,1.0,1.0,1.0,1.0,1.0,1.0,1.0,1.0,1.0,1.0,1.0,1.0,1.0,1.0,1.0,1.0,1.0,1.0,1.0,1.0,1.0,1.0,1.0,1.0,1.0,1.0,1.0,1.0,1.0,1.0,1.0,1.0,1.0,1.0,1.0,1.0,1.0,1.0,1.0,1.0,1.0,1.0,1.0,1.0,1.0,1.0,1.0,1.0,1.0,1.0,1.0,1.0,1.0,1.0,1.0,1.0,1.0,1.0,1.0,1.0,1.0,1.0,1.0,1.0,1.0,1.0,1.0,1.0,1.0,1.0,1.0,1.0,1.0,1.0,1.0,1.0,1.0,1.0,1.0,1.0,1.0,1.0,1.0,1.0,1.0,1.0,1.0,1.0,1.0,1.0,1.0,1.0,1.0,1.0,1.0,1.0,1.0,1.0,1.0,1.0,1.0,1.0,1.0,1.0,1.0,1.0,1.0,1.0,1.0,1.0,1.0,1.0,1.0,1.0,1.0,1.0,1.0,1.0,1.0,1.0,1.0,1.0,1.0,1.0,1.0,1.0,1.0,1.0,1.0,1.0,1.0,1.0,1.0,1.0,1.0,1.0,1.0,1.0,1.0,1.0,1.0,1.0,1.0,1.0,1.0,1.0,1.0,1.0,1.0,1.0,1.0,1.0,1.0,1.0,1.0,1.0,1.0,1.0,1.0,1.0,1.0,1.0,1.0,1.0,1.0,1.0,1.0,1.0,1.0,1.0,1.0,1.0,1.0,1.0,1.0,1.0,1.0,1.0,1.0,1.0,1.0,1.0,1.0,1.0,1.0,1.0,1.0,1.0,1.0,1.0,1.0,1.0,1.0,1.0,1.0,1.0,1.0,1.0,1.0,1.0,1.0,1.0,1.0,1.0,1.0,1.0,1.0,1.0,1.0,1.0,1.0,1.0,1.0,1.0,1.0,1.0,1.0,1.0,1.0,1.0,1.0,1.0,1.0,1.0,1.0,1.0,1.0,1.0,1.0,1.0,1.0,1.0,1.0,1.0,1.0,1.0,1.0,1.0,1.0,1.0,1.0,1.0,1.0,1.0,1.0,1.0,1.0,1.0,1.0,1.0,1.0,1.0,1.0,1.0,1.0,1.0,1.0,1.0,1.0,1.0,1.0,1.0,1.0,1.0,1.0,1.0,1.0,1.0,1.0,1.0,1.0,1.0,1.0,1.0,1.0,1.0,1.0,1.0,1.0,1.0,1.0,1.0,1.0,1.0,1.0,1.0,1.0,1.0
1.6719786833632466,1.6719786833632466,1.6719786833632466,1.6719786833632466,1.6719786833632466,1.6719786833632466,1.6719786833632466,1.6719786833632466,1.6719786833632466,1.6719786833632466,1.6719786833632466,1.6719786833632466,1.6719786833632466,1.6719786833632466,1.6719786833632466,1.6719786833632466,1.6719786833632466,1.6719786833632466,1.6719786833632466,1.6719786833632466,1.6719786833632466,1.6719786833632466,1.6719786833632466,1.6719786833632466,1.6719786833632466,1.6719786833632466,1.6719786833632466,1.6719786833632466,1.6719786833632466,1.6719786833632466,1.6719786833632466,1.6719786833632466,1.6719786833632466,1.6719786833632466,1.6719786833632466,1.6719786833632466,1.6719786833632466,1.6719786833632466,1.6719786833632466,1.6719786833632466,1.6719786833632466,1.6719786833632466,1.6719786833632466,1.6719786833632466,1.6719786833632466,1.6719786833632466,1.6719786833632466,1.6719786833632466,1.6719786833632466,1.6719786833632466,1.6719786833632466,1.6719786833632466,1.6719786833632466,1.6719786833632466,1.6719786833632466,1.6719786833632466,1.6719786833632466,1.6719786833632466,1.6719786833632466,1.6719786833632466,1.6719786833632466,1.6719786833632466,1.6719786833632466,1.6719786833632466,1.6719786833632466,1.6719786833632466,1.6719786833632466,1.6719786833632466,1.6719786833632466,1.6719786833632466,1.6719786833632466,1.6719786833632466,1.6719786833632466,1.6719786833632466,1.6719786833632466,1.6719786833632466,1.6719786833632466,1.6719786833632466,1.6719786833632466,1.6719786833632466,1.6719786833632466,1.6719786833632466,1.6719786833632466,1.6719786833632466,1.6719786833632466,1.6719786833632466,1.6719786833632466,1.6719786833632466,1.6719786833632466,1.6719786833632466,1.6719786833632466,1.6719786833632466,1.6719786833632466,1.6719786833632466,1.6719786833632466,1.6719786833632466,1.6719786833632466,1.6719786833632466,1.6719786833632466,1.6719786833632466,1.6719786833632466,1.6719786833632466,1.6719786833632466,1.6719786833632466,1.6719786833632466,1.6719786833632466,1.6719786833632466,1.6719786833632466,1.6719786833632466,1.6719786833632466,1.6719786833632466,1.6719786833632466,1.6719786833632466,1.6719786833632466,1.6719786833632466,1.6719786833632466,1.6719786833632466,1.6719786833632466,1.6719786833632466,1.6719786833632466,1.6719786833632466,1.6719786833632466,1.6719786833632466,1.6719786833632466,1.6719786833632466,1.6719786833632466,1.6719786833632466,1.6719786833632466,1.6719786833632466,1.6719786833632466,1.6719786833632466,1.6719786833632466,1.6719786833632466,1.6719786833632466,1.6719786833632466,1.6719786833632466,1.6719786833632466,1.6719786833632466,1.6719786833632466,1.6719786833632466,1.6719786833632466,1.6719786833632466,1.6719786833632466,1.6719786833632466,1.6719786833632466,1.6719786833632466,1.6719786833632466,1.6719786833632466,1.6719786833632466,1.6719786833632466,1.6719786833632466,1.6719786833632466,1.6719786833632466,1.6719786833632466,1.6719786833632466,1.6719786833632466,1.6719786833632466,1.6719786833632466,1.6719786833632466,1.6719786833632466,1.6719786833632466,1.6719786833632466,1.6719786833632466,1.6719786833632466,1.6719786833632466,1.6719786833632466,1.6719786833632466,1.6719786833632466,1.6719786833632466,1.6719786833632466,1.6719786833632466,1.6719786833632466,1.6719786833632466,1.6719786833632466,1.6719786833632466,1.6719786833632466,1.6719786833632466,1.6719786833632466,1.6719786833632466,1.6719786833632466,1.6719786833632466,1.6719786833632466,1.6719786833632466,1.6719786833632466,1.6719786833632466,1.6719786833632466,1.6719786833632466,1.6719786833632466,1.6719786833632466,1.6719786833632466,1.6719786833632466,1.6719786833632466,1.6719786833632466,1.6719786833632466,1.6719786833632466,1.6719786833632466,1.6719786833632466,1.6719786833632466,1.6719786833632466,1.6719786833632466,1.6719786833632466,1.6719786833632466,1.6719786833632466,1.6719786833632466,1.6719786833632466,1.6719786833632466,1.6719786833632466,1.6719786833632466,1.6719786833632466,1.6719786833632466,1.6719786833632466,1.6719786833632466,1.6719786833632466,1.6719786833632466,1.6719786833632466,1.6719786833632466,1.6719786833632466,1.6719786833632466,1.6719786833632466,1.6719786833632466,1.6719786833632466,1.6719786833632466,1.6719786833632466,1.6719786833632466,1.6719786833632466,1.6719786833632466,1.6719786833632466,1.6719786833632466,1.6719786833632466,1.6719786833632466,1.6719786833632466,1.6719786833632466,1.6719786833632466,1.6719786833632466,1.6719786833632466,1.6719786833632466,1.6719786833632466,1.6719786833632466,1.6719786833632466,1.6719786833632466,1.6719786833632466,1.6719786833632466,1.6719786833632466,1.6719786833632466,1.6719786833632466,1.6719786833632466,1.6719786833632466,1.6719786833632466,1.6719786833632466,1.6719786833632466,1.6719786833632466,1.6719786833632466,1.6719786833632466,1.6719786833632466,1.6719786833632466,1.6719786833632466,1.6719786833632466,1.6719786833632466,1.6719786833632466,1.6719786833632466,1.6719786833632466,1.6719786833632466,1.6719786833632466,1.6719786833632466,1.6719786833632466,1.6719786833632466,1.6719786833632466,1.6719786833632466,1.6719786833632466,1.6719786833632466,1.6719786833632466,1.6719786833632466,1.6719786833632466,1.6719786833632466,1.6719786833632466,1.6719786833632466,1.6719786833632466,1.6719786833632466,1.6719786833632466,1.6719786833632466,1.6719786833632466,1.6719786833632466,1.6719786833632466,1.6719786833632466,1.6719786833632466,1.6719786833632466,1.6719786833632466,1.6719786833632466,1.6719786833632466,1.6719786833632466,1.6719786833632466,1.6719786833632466,1.6719786833632466,1.6719786833632466,1.6719786833632466,1.6719786833632466,1.6719786833632466,1.6719786833632466,1.6719786833632466,1.6719786833632466,1.6719786833632466,1.6719786833632466,1.6719786833632466,1.6719786833632466,1.6719786833632466,1.6719786833632466,1.6719786833632466,1.6719786833632466,1.6719786833632466,1.6719786833632466,1.6719786833632466,1.6719786833632466,1.6719786833632466,1.6719786833632466,1.6719786833632466,1.6719786833632466,1.6719786833632466,1.6719786833632466,1.6719786833632466,1.6719786833632466,1.6719786833632466,1.6719786833632466,1.6719786833632466,1.6719786833632466,1.6719786833632466,1.6719786833632466,1.6719786833632466,1.6719786833632466,1.6719786833632466,1.6719786833632466,1.6719786833632466,1.6719786833632466,1.6719786833632466,1.6719786833632466,1.6719786833632466,1.6719786833632466,1.6719786833632466,1.6719786833632466,1.6719786833632466,1.6719786833632466,1.6719786833632466,1.6719786833632466,1.6719786833632466,1.6719786833632466,1.6719786833632466,1.6719786833632466,1.6719786833632466,1.6719786833632466,1.6719786833632466,1.6719786833632466,1.6719786833632466,1.6719786833632466,1.6719786833632466,1.6719786833632466,1.6719786833632466,1.6719786833632466,1.6719786833632466,1.6719786833632466,1.6719786833632466,1.6719786833632466,1.6719786833632466,1.6719786833632466,1.6719786833632466,1.6719786833632466,1.6719786833632466,1.6719786833632466,1.6719786833632466,1.6719786833632466,1.6719786833632466,1.6719786833632466,1.6719786833632466,1.6719786833632466,1.6719786833632466,1.6719786833632466,1.6719786833632466,1.6719786833632466,1.6719786833632466,1.6719786833632466,1.6719786833632466,1.6719786833632466,1.6719786833632466,1.6719786833632466,1.6719786833632466,1.6719786833632466,1.6719786833632466,1.6719786833632466,1.6719786833632466,1.6719786833632466,1.6719786833632466,1.6719786833632466,1.6719786833632466,1.6719786833632466,1.6719786833632466,1.6719786833632466,1.6719786833632466,1.6719786833632466,1.6719786833632466,1.6719786833632466,1.6719786833632466,1.6719786833632466,1.6719786833632466,1.6719786833632466,1.6719786833632466,1.6719786833632466,1.6719786833632466,1.6719786833632466,1.6719786833632466,1.6719786833632466,1.6719786833632466,1.6719786833632466,1.6719786833632466,1.6719786833632466,1.6719786833632466,1.6719786833632466,1.6719786833632466,1.6719786833632466,1.6719786833632466,1.6719786833632466,1.6719786833632466,1.6719786833632466
-1.0917363902447395,-1.0917363902447395,-1.0917363902447395,-1.0917363902447395,-1.0917363902447395,-1.0917363902447395,-1.0917363902447395,-1.0917363902447395,-1.0917363902447395,-1.0917363902447395,-1.0917363902447395,-1.0917363902447395,-1.0917363902447395,-1.0917363902447395,-1.0917363902447395,-1.0917363902447395,-1.0917363902447395,-1.0917363902447395,-1.0917363902447395,-1.0917363902447395,-1.0917363902447395,-1.0917363902447395,-1.0917363902447395,-1.0917363902447395,-1.0917363902447395,-1.0917363902447395,-1.0917363902447395,-1.0917363902447395,-1.0917363902447395,-1.0917363902447395,-1.0917363902447395,-1.0917363902447395,-1.0917363902447395,-1.0917363902447395,-1.0917363902447395,-1.0917363902447395,-1.0917363902447395,-1.0917363902447395,-1.0917363902447395,-1.0917363902447395,-1.0917363902447395,-1.0917363902447395,-1.0917363902447395,-1.0917363902447395,-1.0917363902447395,-1.0917363902447395,-1.0917363902447395,-1.0917363902447395,-1.0917363902447395,-1.0917363902447395,-1.0917363902447395,-1.0917363902447395,-1.0917363902447395,-1.0917363902447395,-1.0917363902447395,-1.0917363902447395,-1.0917363902447395,-1.0917363902447395,-1.0917363902447395,-1.0917363902447395,-1.0917363902447395,-1.0917363902447395,-1.0917363902447395,-1.0917363902447395,-1.0917363902447395,-1.0917363902447395,-1.0917363902447395,-1.0917363902447395,-1.0917363902447395,-1.0917363902447395,-1.0917363902447395,-1.0917363902447395,-1.0917363902447395,-1.0917363902447395,-1.0917363902447395,-1.0917363902447395,-1.0917363902447395,-1.0917363902447395,-1.0917363902447395,-1.0917363902447395,-1.0917363902447395,-1.0917363902447395,-1.0917363902447395,-1.0917363902447395,-1.0917363902447395,-1.0917363902447395,-1.0917363902447395,-1.0917363902447395,-1.0917363902447395,-1.0917363902447395,-1.0917363902447395,-1.0917363902447395,-1.0917363902447395,-1.0917363902447395,-1.0917363902447395,-1.0917363902447395,-1.0917363902447395,-1.0917363902447395,-1.0917363902447395,-1.0917363902447395,-1.0917363902447395,-1.0917363902447395,-1.0917363902447395,-1.0917363902447395,-1.0917363902447395,-1.0917363902447395,-1.0917363902447395,-1.0917363902447395,-1.0917363902447395,-1.0917363902447395,-1.0917363902447395,-1.0917363902447395,-1.0917363902447395,-1.0917363902447395,-1.0917363902447395,-1.0917363902447395,-1.0917363902447395,-1.0917363902447395,-1.0917363902447395,-1.0917363902447395,-1.0917363902447395,-1.0917363902447395,-1.0917363902447395,-1.0917363902447395,-1.0917363902447395,-1.0917363902447395,-1.0917363902447395,-1.0917363902447395,-1.0917363902447395,-1.0917363902447395,-1.0917363902447395,-1.0917363902447395,-1.0917363902447395,-1.0917363902447395,-1.0917363902447395,-1.0917363902447395,-1.0917363902447395,-1.0917363902447395,-1.0917363902447395,-1.0917363902447395,-1.0917363902447395,-1.0917363902447395,-1.0917363902447395,-1.0917363902447395,-1.0917363902447395,-1.0917363902447395,-1.0917363902447395,-1.0917363902447395,-1.0917363902447395,-1.0917363902447395,-1.0917363902447395,-1.0917363902447395,-1.0917363902447395,-1.0917363902447395,-1.0917363902447395,-1.0917363902447395,-1.0917363902447395,-1.0917363902447395,-1.0917363902447395,-1.0917363902447395,-1.0917363902447395,-1.0917363902447395,-1.0917363902447395,-1.0917363902447395,-1.0917363902447395,-1.0917363902447395,-1.0917363902447395,-1.0917363902447395,-1.0917363902447395,-1.0917363902447395,-1.0917363902447395,-1.0917363902447395,-1.0917363902447395,-1.0917363902447395,-1.0917363902447395,-1.0917363902447395,-1.0917363902447395,-1.0917363902447395,-1.0917363902447395,-1.0917363902447395,-1.0917363902447395,-1.0917363902447395,-1.0917363902447395,-1.0917363902447395,-1.0917363902447395,-1.0917363902447395,-1.0917363902447395,-1.0917363902447395,-1.0917363902447395,-1.0917363902447395,-1.0917363902447395,-1.0917363902447395,-1.0917363902447395,-1.0917363902447395,-1.0917363902447395,-1.0917363902447395,-1.0917363902447395,-1.0917363902447395,-1.0917363902447395,-1.0917363902447395,-1.0917363902447395,-1.0917363902447395,-1.0917363902447395,-1.0917363902447395,-1.0917363902447395,-1.0917363902447395,-1.0917363902447395,-1.0917363902447395,-1.0917363902447395,-1.0917363902447395,-1.0917363902447395,-1.0917363902447395,-1.0917363902447395,-1.0917363902447395,-1.0917363902447395,-1.0917363902447395,-1.0917363902447395,-1.0917363902447395,-1.0917363902447395,-1.0917363902447395,-1.0917363902447395,-1.0917363902447395,-1.0917363902447395,-1.0917363902447395,-1.0917363902447395,-1.0917363902447395,-1.0917363902447395,-1.0917363902447395,-1.0917363902447395,-1.0917363902447395,-1.0917363902447395,-1.0917363902447395,-1.0917363902447395,-1.0917363902447395,-1.0917363902447395,-1.0917363902447395,-1.0917363902447395,-1.0917363902447395,-1.0917363902447395,-1.0917363902447395,-1.0917363902447395,-1.0917363902447395,-1.0917363902447395,-1.0917363902447395,-1.0917363902447395,-1.0917363902447395,-1.0917363902447395,-1.0917363902447395,-1.0917363902447395,-1.0917363902447395,-1.0917363902447395,-1.0917363902447395,-1.0917363902447395,-1.0917363902447395,-1.0917363902447395,-1.0917363902447395,-1.0917363902447395,-1.0917363902447395,-1.0917363902447395,-1.0917363902447395,-1.0917363902447395,-1.0917363902447395,-1.0917363902447395,-1.0917363902447395,-1.0917363902447395,-1.0917363902447395,-1.0917363902447395,-1.0917363902447395,-1.0917363902447395,-1.0917363902447395,-1.0917363902447395,-1.0917363902447395,-1.0917363902447395,-1.0917363902447395,-1.0917363902447395,-1.0917363902447395,-1.0917363902447395,-1.0917363902447395,-1.0917363902447395,-1.0917363902447395,-1.0917363902447395,-1.0917363902447395,-1.0917363902447395,-1.0917363902447395,-1.0917363902447395,-1.0917363902447395,-1.0917363902447395,-1.0917363902447395,-1.0917363902447395,-1.0917363902447395,-1.0917363902447395,-1.0917363902447395,-1.0917363902447395,-1.0917363902447395,-1.0917363902447395,-1.0917363902447395,-1.0917363902447395,-1.0917363902447395,-1.0917363902447395,-1.0917363902447395,-1.0917363902447395,-1.0917363902447395,-1.0917363902447395,-1.0917363902447395,-1.0917363902447395,-1.0917363902447395,-1.0917363902447395,-1.0917363902447395,-1.0917363902447395,-1.0917363902447395,-1.0917363902447395,-1.0917363902447395,-1.0917363902447395,-1.0917363902447395,-1.0917363902447395,-1.0917363902447395,-1.0917363902447395,-1.0917363902447395,-1.0917363902447395,-1.0917363902447395,-1.0917363902447395,-1.0917363902447395,-1.0917363902447395,-1.0917363902447395,-1.0917363902447395,-1.0917363902447395,-1.0917363902447395,-1.0917363902447395,-1.0917363902447395,-1.0917363902447395,-1.0917363902447395,-1.0917363902447395,-1.0917363902447395,-1.0917363902447395,-1.0917363902447395,-1.0917363902447395,-1.0917363902447395,-1.0917363902447395,-1.0917363902447395,-1.0917363902447395,-1.0917363902447395,-1.0917363902447395,-1.0917363902447395,-1.0917363902447395,-1.0917363902447395,-1.0917363902447395,-1.0917363902447395,-1.0917363902447395,-1.0917363902447395,-1.0917363902447395,-1.0917363902447395,-1.0917363902447395,-1.0917363902447395,-1.0917363902447395,-1.0917363902447395,-1.0917363902447395,-1.0917363902447395,-1.0917363902447395,-1.0917363902447395,-1.0917363902447395,-1.0917363902447395,-1.0917363902447395,-1.0917363902447395,-1.0917363902447395,-1.0917363902447395,-1.0917363902447395,-1.0917363902447395,-1.0917363902447395,-1.0917363902447395,-1.0917363902447395,-1.0917363902447395,-1.0917363902447395,-1.0917363902447395,-1.0917363902447395,-1.0917363902447395,-1.0917363902447395,-1.0917363902447395,-1.0917363902447395,-1.0917363902447395,-1.0917363902447395,-1.0917363902447395,-1.0917363902447395,-1.0917363902447395,-1.0917363902447395,-1.0917363902447395,-1.0917363902447395,-1.0917363902447395,-1.0917363902447395,-1.0917363902447395,-1.0917363902447395,-1.0917363902447395,-1.0917363902447395,-1.0917363902447395,-1.0917363902447395,-1.0917363902447395,-1.0917363902447395,-1.0917363902447395,-1.0917363902447395,-1.0917363902447395,-1.0917363902447395,-1.0917363902447395,-1.0917363902447395,-1.0917363902447395,-1.0917363902447395,-1.0917363902447395,-1.0917363902447395,-1.0917363902447395,-1.0917363902447395,-1.0917363902447395,-1.0917363902447395,-1.0917363902447395,-1.0917363902447395,-1.0917363902447395,-1.0917363902447395,-1.0917363902447395,-1.0917363902447395,-1.0917363902447395,-1.0917363902447395,-1.0917363902447395,-1.0917363902447395
1.969566382794139,1.969566382794139,1.969566382794139,1.969566382794139,1.969566382794139,1.969566382794139,1.969566382794139,1.969566382794139,1.969566382794139,1.969566382794139,1.969566382794139,1.969566382794139,1.969566382794139,1.969566382794139,1.969566382794139,1.969566382794139,1.969566382794139,1.969566382794139,1.969566382794139,1.969566382794139,1.969566382794139,1.969566382794139,1.969566382794139,1.969566382794139,1.969566382794139,1.969566382794139,1.969566382794139,1.969566382794139,1.969566382794139,1.969566382794139,1.969566382794139,1.969566382794139,1.969566382794139,1.969566382794139,1.969566382794139,1.969566382794139,1.969566382794139,1.969566382794139,1.969566382794139,1.969566382794139,1.969566382794139,1.969566382794139,1.969566382794139,1.969566382794139,1.969566382794139,1.969566382794139,1.969566382794139,1.969566382794139,1.969566382794139,1.969566382794139,1.969566382794139,1.969566382794139,1.969566382794139,1.969566382794139,1.969566382794139,1.969566382794139,1.969566382794139,1.969566382794139,1.969566382794139,1.969566382794139,1.969566382794139,1.969566382794139,1.969566382794139,1.969566382794139,1.969566382794139,1.969566382794139,1.969566382794139,1.969566382794139,1.969566382794139,1.969566382794139,1.969566382794139,1.969566382794139,1.969566382794139,1.969566382794139,1.969566382794139,1.969566382794139,1.969566382794139,1.969566382794139,1.969566382794139,1.969566382794139,1.969566382794139,1.969566382794139,1.969566382794139,1.969566382794139,1.969566382794139,1.969566382794139,1.969566382794139,1.969566382794139,1.969566382794139,1.969566382794139,1.969566382794139,1.969566382794139,1.969566382794139,1.969566382794139,1.969566382794139,1.969566382794139,1.969566382794139,1.969566382794139,1.969566382794139,1.969566382794139,1.969566382794139,1.969566382794139,1.969566382794139,1.969566382794139,1.969566382794139,1.969566382794139,1.969566382794139,1.969566382794139,1.969566382794139,1.969566382794139,1.969566382794139,1.969566382794139,1.969566382794139,1.969566382794139,1.969566382794139,1.969566382794139,1.969566382794139,1.969566382794139,1.969566382794139,1.969566382794139,1.969566382794139,1.969566382794139,1.969566382794139,1.969566382794139,1.969566382794139,1.969566382794139,1.969566382794139,1.969566382794139,1.969566382794139,1.969566382794139,1.969566382794139,1.969566382794139,1.969566382794139,1.969566382794139,1.969566382794139,1.969566382794139,1.969566382794139,1.969566382794139,1.969566382794139,1.969566382794139,1.969566382794139,1.969566382794139,1.969566382794139,1.969566382794139,1.969566382794139,1.969566382794139,1.969566382794139,1.969566382794139,1.969566382794139,1.969566382794139,1.969566382794139,1.969566382794139,1.969566382794139,1.969566382794139,1.969566382794139,1.969566382794139,1.969566382794139,1.969566382794139,1.969566382794139,1.969566382794139,1.969566382794139,1.969566382794139,1.969566382794139,1.969566382794139,1.969566382794139,1.969566382794139,1.969566382794139,1.969566382794139,1.969566382794139,1.969566382794139,1.969566382794139,1.969566382794139,1.969566382794139,1.969566382794139,1.969566382794139,1.969566382794139,1.969566382794139,1.969566382794139,1.969566382794139,1.969566382794139,1.969566382794139,1.969566382794139,1.969566382794139,1.969566382794139,1.969566382794139,1.969566382794139,1.969566382794139,1.969566382794139,1.969566382794139,1.969566382794139,1.969566382794139,1.969566382794139,1.969566382794139,1.969566382794139,1.969566382794139,1.969566382794139,1.969566382794139,1.969566382794139,1.969566382794139,1.969566382794139,1.969566382794139,1.969566382794139,1.969566382794139,1.969566382794139,1.969566382794139,1.969566382794139,1.969566382794139,1.969566382794139,1.969566382794139,1.969566382794139,1.969566382794139,1.969566382794139,1.969566382794139,1.969566382794139,1.969566382794139,1.969566382794139,1.969566382794139,1.969566382794139,1.969566382794139,1.969566382794139,1.969566382794139,1.969566382794139,1.969566382794139,1.969566382794139,1.969566382794139,1.969566382794139,1.969566382794139,1.969566382794139,1.969566382794139,1.969566382794139,1.969566382794139,1.969566382794139,1.969566382794139,1.969566382794139,1.969566382794139,1.969566382794139,1.969566382794139,1.969566382794139,1.969566382794139,1.969566382794139,1.969566382794139,1.969566382794139,1.969566382794139,1.969566382794139,1.969566382794139,1.969566382794139,1.969566382794139,1.969566382794139,1.969566382794139,1.969566382794139,1.969566382794139,1.969566382794139,1.969566382794139,1.969566382794139,1.969566382794139,1.969566382794139,1.969566382794139,1.969566382794139,1.969566382794139,1.969566382794139,1.969566382794139,1.969566382794139,1.969566382794139,1.969566382794139,1.969566382794139,1.969566382794139,1.969566382794139,1.969566382794139,1.969566382794139,1.969566382794139,1.969566382794139,1.969566382794139,1.969566382794139,1.969566382794139,1.969566382794139,1.969566382794139,1.969566382794139,1.969566382794139,1.969566382794139,1.969566382794139,1.969566382794139,1.969566382794139,1.969566382794139,1.969566382794139,1.969566382794139,1.969566382794139,1.969566382794139,1.969566382794139,1.969566382794139,1.969566382794139,1.969566382794139,1.969566382794139,1.969566382794139,1.969566382794139,1.969566382794139,1.969566382794139,1.969566382794139,1.969566382794139,1.969566382794139,1.969566382794139,1.969566382794139,1.969566382794139,1.969566382794139,1.969566382794139,1.969566382794139,1.969566382794139,1.969566382794139,1.969566382794139,1.969566382794139,1.969566382794139,1.969566382794139,1.969566382794139,1.969566382794139,1.969566382794139,1.969566382794139,1.969566382794139,1.969566382794139,1.969566382794139,1.969566382794139,1.969566382794139,1.969566382794139,1.969566382794139,1.969566382794139,1.969566382794139,1.969566382794139,1.969566382794139,1.969566382794139,1.969566382794139,1.969566382794139,1.969566382794139,1.969566382794139,1.969566382794139,1.969566382794139,1.969566382794139,1.969566382794139,1.969566382794139,1.969566382794139,1.969566382794139,1.969566382794139,1.969566382794139,1.969566382794139,1.969566382794139,1.969566382794139,1.969566382794139,1.969566382794139,1.969566382794139,1.969566382794139,1.969566382794139,1.969566382794139,1.969566382794139,1.969566382794139,1.969566382794139,1.969566382794139,1.969566382794139,1.969566382794139,1.969566382794139,1.969566382794139,1.969566382794139,1.969566382794139,1.969566382794139,1.969566382794139,1.969566382794139,1.969566382794139,1.969566382794139,1.969566382794139,1.969566382794139,1.969566382794139,1.969566382794139,1.969566382794139,1.969566382794139,1.969566382794139,1.969566382794139,1.969566382794139,1.969566382794139,1.969566382794139,1.969566382794139,1.969566382794139,1.969566382794139,1.969566382794139,1.969566382794139,1.969566382794139,1.969566382794139,1.969566382794139,1.969566382794139,1.969566382794139,1.969566382794139,1.969566382794139,1.969566382794139,1.969566382794139,1.969566382794139,1.969566382794139,1.969566382794139,1.969566382794139,1.969566382794139,1.969566382794139,1.969566382794139,1.969566382794139,1.969566382794139,1.969566382794139,1.969566382794139,1.969566382794139,1.969566382794139,1.969566382794139,1.969566382794139,1.969566382794139,1.969566382794139,1.969566382794139,1.969566382794139,1.969566382794139,1.969566382794139,1.969566382794139,1.969566382794139,1.969566382794139,1.969566382794139,1.969566382794139,1.969566382794139,1.969566382794139,1.969566382794139,1.969566382794139,1.969566382794139
-0.8550376836449434,-0.8550376836449434,-0.8550376836449434,-0.8550376836449434,-0.8550376836449434,-0.8550376836449434,-0.8550376836449434,-0.8550376836449434,-0.8550376836449434,-0.8550376836449434,-0.8550376836449434,-0.8550376836449434,-0.8550376836449434,-0.8550376836449434,-0.8550376836449434,-0.8550376836449434,-0.8550376836449434,-0.8550376836449434,-0.8550376836449434,-0.8550376836449434,-0.8550376836449434,-0.8550376836449434,-0.8550376836449434,-0.8550376836449434,-0.8550376836449434,-0.8550376836449434,-0.8550376836449434,-0.8550376836449434,-0.8550376836449434,-0.8550376836449434,-0.8550376836449434,-0.8550376836449434,-0.8550376836449434,-0.8550376836449434,-0.8550376836449434,-0.8550376836449434,-0.8550376836449434,-0.8550376836449434,-0.8550376836449434,-0.8550376836449434,-0.8550376836449434,-0.8550376836449434,-0.8550376836449434,-0.8550376836449434,-0.8550376836449434,-0.8550376836449434,-0.8550376836449434,-0.8550376836449434,-0.8550376836449434,-0.8550376836449434,-0.8550376836449434,-0.8550376836449434,-0.8550376836449434,-0.8550376836449434,-0.8550376836449434,-0.8550376836449434,-0.8550376836449434,-0.8550376836449434,-0.8550376836449434,-0.8550376836449434,-0.8550376836449434,-0.8550376836449434,-0.8550376836449434,-0.8550376836449434,-0.8550376836449434,-0.8550376836449434,-0.8550376836449434,-0.8550376836449434,-0.8550376836449434,-0.8550376836449434,-0.8550376836449434,-0.8550376836449434,-0.8550376836449434,-0.8550376836449434,-0.8550376836449434,-0.8550376836449434,-0.8550376836449434,-0.8550376836449434,-0.8550376836449434,-0.8550376836449434,-0.8550376836449434,-0.8550376836449434,-0.8550376836449434,-0.8550376836449434,-0.8550376836449434,-0.8550376836449434,-0.8550376836449434,-0.8550376836449434,-0.8550376836449434,-0.8550376836449434,-0.8550376836449434,-0.8550376836449434,-0.8550376836449434,-0.8550376836449434,-0.8550376836449434,-0.8550376836449434,-0.8550376836449434,-0.8550376836449434,-0.8550376836449434,-0.8550376836449434,-0.8550376836449434,-0.8550376836449434,-0.8550376836449434,-0.8550376836449434,-0.8550376836449434,-0.8550376836449434,-0.8550376836449434,-0.8550376836449434,-0.8550376836449434,-0.8550376836449434,-0.8550376836449434,-0.8550376836449434,-0.8550376836449434,-0.8550376836449434,-0.8550376836449434,-0.8550376836449434,-0.8550376836449434,-0.8550376836449434,-0.8550376836449434,-0.8550376836449434,-0.8550376836449434,-0.8550376836449434,-0.8550376836449434,-0.8550376836449434,-0.8550376836449434,-0.8550376836449434,-0.8550376836449434,-0.8550376836449434,-0.8550376836449434,-0.8550376836449434,-0.8550376836449434,-0.8550376836449434,-0.8550376836449434,-0.8550376836449434,-0.8550376836449434,-0.8550376836449434,-0.8550376836449434,-0.8550376836449434,-0.8550376836449434,-0.8550376836449434,-0.8550376836449434,-0.8550376836449434,-0.8550376836449434,-0.8550376836449434,-0.8550376836449434,-0.8550376836449434,-0.8550376836449434,-0.8550376836449434,-0.8550376836449434,-0.8550376836449434,-0.8550376836449434,-0.8550376836449434,-0.8550376836449434,-0.8550376836449434,-0.8550376836449434,-0.8550376836449434,-0.8550376836449434,-0.8550376836449434,-0.8550376836449434,-0.8550376836449434,-0.8550376836449434,-0.8550376836449434,-0.8550376836449434,-0.8550376836449434,-0.8550376836449434,-0.8550376836449434,-0.8550376836449434,-0.8550376836449434,-0.8550376836449434,-0.8550376836449434,-0.8550376836449434,-0.8550376836449434,-0.8550376836449434,-0.8550376836449434,-0.8550376836449434,-0.8550376836449434,-0.8550376836449434,-0.8550376836449434,-0.8550376836449434,-0.8550376836449434,-0.8550376836449434,-0.8550376836449434,-0.8550376836449434,-0.8550376836449434,-0.8550376836449434,-0.8550376836449434,-0.8550376836449434,-0.8550376836449434,-0.8550376836449434,-0.8550376836449434,-0.8550376836449434,-0.8550376836449434,-0.8550376836449434,-0.8550376836449434,-0.8550376836449434,-0.8550376836449434,-0.8550376836449434,-0.8550376836449434,-0.8550376836449434,-0.8550376836449434,-0.8550376836449434,-0.8550376836449434,-0.8550376836449434,-0.8550376836449434,-0.8550376836449434,-0.8550376836449434,-0.8550376836449434,-0.8550376836449434,-0.8550376836449434,-0.8550376836449434,-0.8550376836449434,-0.8550376836449434,-0.8550376836449434,-0.8550376836449434,-0.8550376836449434,-0.8550376836449434,-0.8550376836449434,-0.8550376836449434,-0.8550376836449434,-0.8550376836449434,-0.8550376836449434,-0.8550376836449434,-0.8550376836449434,-0.8550376836449434,-0.8550376836449434,-0.8550376836449434,-0.8550376836449434,-0.8550376836449434,-0.8550376836449434,-0.8550376836449434,-0.8550376836449434,-0.8550376836449434,-0.8550376836449434,-0.8550376836449434,-0.8550376836449434,-0.8550376836449434,-0.8550376836449434,-0.8550376836449434,-0.8550376836449434,-0.8550376836449434,-0.8550376836449434,-0.8550376836449434,-0.8550376836449434,-0.8550376836449434,-0.8550376836449434,-0.8550376836449434,-0.8550376836449434,-0.8550376836449434,-0.8550376836449434,-0.8550376836449434,-0.8550376836449434,-0.8550376836449434,-0.8550376836449434,-0.8550376836449434,-0.8550376836449434,-0.8550376836449434,-0.8550376836449434,-0.8550376836449434,-0.8550376836449434,-0.8550376836449434,-0.8550376836449434,-0.8550376836449434,-0.8550376836449434,-0.8550376836449434,-0.8550376836449434,-0.8550376836449434,-0.8550376836449434,-0.8550376836449434,-0.8550376836449434,-0.8550376836449434,-0.8550376836449434,-0.8550376836449434,-0.8550376836449434,-0.8550376836449434,-0.8550376836449434,-0.8550376836449434,-0.8550376836449434,-0.8550376836449434,-0.8550376836449434,-0.8550376836449434,-0.8550376836449434,-0.8550376836449434,-0.8550376836449434,-0.8550376836449434,-0.8550376836449434,-0.8550376836449434,-0.8550376836449434,-0.8550376836449434,-0.8550376836449434,-0.8550376836449434,-0.8550376836449434,-0.8550376836449434,-0.8550376836449434,-0.8550376836449434,-0.8550376836449434,-0.8550376836449434,-0.8550376836449434,-0.8550376836449434,-0.8550376836449434,-0.8550376836449434,-0.8550376836449434,-0.8550376836449434,-0.8550376836449434,-0.8550376836449434,-0.8550376836449434,-0.8550376836449434,-0.8550376836449434,-0.8550376836449434,-0.8550376836449434,-0.8550376836449434,-0.8550376836449434,-0.8550376836449434,-0.8550376836449434,-0.8550376836449434,-0.8550376836449434,-0.8550376836449434,-0.8550376836449434,-0.8550376836449434,-0.8550376836449434,-0.8550376836449434,-0.8550376836449434,-0.8550376836449434,-0.8550376836449434,-0.8550376836449434,-0.8550376836449434,-0.8550376836449434,-0.8550376836449434,-0.8550376836449434,-0.8550376836449434,-0.8550376836449434,-0.8550376836449434,-0.8550376836449434,-0.8550376836449434,-0.8550376836449434,-0.8550376836449434,-0.8550376836449434,-0.8550376836449434,-0.8550376836449434,-0.8550376836449434,-0.8550376836449434,-0.8550376836449434,-0.8550376836449434,-0.8550376836449434,-0.8550376836449434,-0.8550376836449434,-0.8550376836449434,-0.8550376836449434,-0.8550376836449434,-0.8550376836449434,-0.8550376836449434,-0.8550376836449434,-0.8550376836449434,-0.8550376836449434,-0.8550376836449434,-0.8550376836449434,-0.8550376836449434,-0.8550376836449434,-0.8550376836449434,-0.8550376836449434,-0.8550376836449434,-0.8550376836449434,-0.8550376836449434,-0.8550376836449434,-0.8550376836449434,-0.8550376836449434,-0.8550376836449434,-0.8550376836449434,-0.8550376836449434,-0.8550376836449434,-0.8550376836449434,-0.8550376836449434,-0.8550376836449434,-0.8550376836449434,-0.8550376836449434,-0.8550376836449434,-0.8550376836449434,-0.8550376836449434,-0.8550376836449434,-0.8550376836449434,-0.8550376836449434,-0.8550376836449434,-0.8550376836449434,-0.8550376836449434,-0.8550376836449434,-0.8550376836449434,-0.8550376836449434,-0.8550376836449434,-0.8550376836449434,-0.8550376836449434,-0.8550376836449434,-0.8550376836449434,-0.8550376836449434,-0.8550376836449434,-0.8550376836449434,-0.8550376836449434,-0.8550376836449434,-0.8550376836449434,-0.8550376836449434,-0.8550376836449434,-0.8550376836449434,-0.8550376836449434,-0.8550376836449434,-0.8550376836449434,-0.8550376836449434,-0.8550376836449434,-0.8550376836449434,-0.8550376836449434,-0.8550376836449434,-0.8550376836449434,-0.8550376836449434,-0.8550376836449434,-0.8550376836449434,-0.8550376836449434,-0.8550376836449434,-0.8550376836449434,-0.8550376836449434,-0.8550376836449434,-0.8550376836449434,-0.8550376836449434,-0.8550376836449434
0.32145124083595084,0.32145124083595084,0.32145124083595084,0.32145124083595084,0.32145124083595084,0.32145124083595084,0.32145124083595084,0.32145124083595084,0.32145124083595084,0.32145124083595084,0.32145124083595084,0.32145124083595084,0.32145124083595084,0.32145124083595084,0.32145124083595084,0.32145124083595084,0.32145124083595084,0.32145124083595084,0.32145124083595084,0.32145124083595084,0.32145124083595084,0.32145124083595084,0.32145124083595084,0.32145124083595084,0.32145124083595084,0.32145124083595084,0.32145124083595084,0.32145124083595084,0.32145124083595084,0.32145124083595084,0.32145124083595084,0.32145124083595084,0.32145124083595084,0.32145124083595084,0.32145124083595084,0.32145124083595084,0.32145124083595084,0.32145124083595084,0.32145124083595084,0.32145124083595084,0.32145124083595084,0.32145124083595084,0.32145124083595084,0.32145124083595084,0.32145124083595084,0.32145124083595084,0.32145124083595084,0.32145124083595084,0.32145124083595084,0.32145124083595084,0.32145124083595084,0.32145124083595084,0.32145124083595084,0.32145124083595084,0.32145124083595084,0.32145124083595084,0.32145124083595084,0.32145124083595084,0.32145124083595084,0.32145124083595084,0.32145124083595084,0.32145124083595084,0.32145124083595084,0.32145124083595084,0.32145124083595084,0.32145124083595084,0.32145124083595084,0.32145124083595084,0.32145124083595084,0.32145124083595084,0.32145124083595084,0.32145124083595084,0.32145124083595084,0.32145124083595084,0.32145124083595084,0.32145124083595084,0.32145124083595084,0.32145124083595084,0.32145124083595084,0.32145124083595084,0.32145124083595084,0.32145124083595084,0.32145124083595084,0.32145124083595084,0.32145124083595084,0.32145124083595084,0.32145124083595084,0.32145124083595084,0.32145124083595084,0.32145124083595084,0.32145124083595084,0.32145124083595084,0.32145124083595084,0.32145124083595084,0.32145124083595084,0.32145124083595084,0.32145124083595084,0.32145124083595084,0.32145124083595084,0.32145124083595084,0.32145124083595084,0.32145124083595084,0.32145124083595084,0.32145124083595084,0.32145124083595084,0.32145124083595084,0.32145124083595084,0.32145124083595084,0.32145124083595084,0.32145124083595084,0.32145124083595084,0.32145124083595084,0.32145124083595084,0.32145124083595084,0.32145124083595084,0.32145124083595084,0.32145124083595084,0.32145124083595084,0.32145124083595084,0.32145124083595084,0.32145124083595084,0.32145124083595084,0.32145124083595084,0.32145124083595084,0.32145124083595084,0.32145124083595084,0.32145124083595084,0.32145124083595084,0.32145124083595084,0.32145124083595084,0.32145124083595084,0.32145124083595084,0.32145124083595084,0.32145124083595084,0.32145124083595084,0.32145124083595084,0.32145124083595084,0.32145124083595084,0.32145124083595084,0.32145124083595084,0.32145124083595084,0.32145124083595084,0.32145124083595084,0.32145124083595084,0.32145124083595084,0.32145124083595084,0.32145124083595084,0.32145124083595084,0.32145124083595084,0.32145124083595084,0.32145124083595084,0.32145124083595084,0.32145124083595084,0.32145124083595084,0.32145124083595084,0.32145124083595084,0.32145124083595084,0.32145124083595084,0.32145124083595084,0.32145124083595084,0.32145124083595084,0.32145124083595084,0.32145124083595084,0.32145124083595084,0.32145124083595084,0.32145124083595084,0.32145124083595084,0.32145124083595084,0.32145124083595084,0.32145124083595084,0.32145124083595084,0.32145124083595084,0.32145124083595084,0.32145124083595084,0.32145124083595084,0.32145124083595084,0.32145124083595084,0.32145124083595084,0.32145124083595084,0.32145124083595084,0.32145124083595084,0.32145124083595084,0.32145124083595084,0.32145124083595084,0.32145124083595084,0.32145124083595084,0.32145124083595084,0.32145124083595084,0.32145124083595084,0.32145124083595084,0.32145124083595084,0.32145124083595084,0.32145124083595084,0.32145124083595084,0.32145124083595084,0.32145124083595084,0.32145124083595084,0.32145124083595084,0.32145124083595084,0.32145124083595084,0.32145124083595084,0.32145124083595084,0.32145124083595084,0.32145124083595084,0.32145124083595084,0.32145124083595084,0.32145124083595084,0.32145124083595084,0.32145124083595084,0.32145124083595084,0.32145124083595084,0.32145124083595084,0.32145124083595084,0.32145124083595084,0.32145124083595084,0.32145124083595084,0.32145124083595084,0.32145124083595084,0.32145124083595084,0.32145124083595084,0.32145124083595084,0.32145124083595084,0.32145124083595084,0.32145124083595084,0.32145124083595084,0.32145124083595084,0.32145124083595084,0.32145124083595084,0.32145124083595084,0.32145124083595084,0.32145124083595084,0.32145124083595084,0.32145124083595084,0.32145124083595084,0.32145124083595084,0.32145124083595084,0.32145124083595084,0.32145124083595084,0.32145124083595084,0.32145124083595084,0.32145124083595084,0.32145124083595084,0.32145124083595084,0.32145124083595084,0.32145124083595084,0.32145124083595084,0.32145124083595084,0.32145124083595084,0.32145124083595084,0.32145124083595084,0.32145124083595084,0.32145124083595084,0.32145124083595084,0.32145124083595084,0.32145124083595084,0.32145124083595084,0.32145124083595084,0.32145124083595084,0.32145124083595084,0.32145124083595084,0.32145124083595084,0.32145124083595084,0.32145124083595084,0.32145124083595084,0.32145124083595084,0.32145124083595084,0.32145124083595084,0.32145124083595084,0.32145124083595084,0.32145124083595084,0.32145124083595084,0.32145124083595084,0.32145124083595084,0.32145124083595084,0.32145124083595084,0.32145124083595084,0.32145124083595084,0.32145124083595084,0.32145124083595084,0.32145124083595084,0.32145124083595084,0.32145124083595084,0.32145124083595084,0.32145124083595084,0.32145124083595084,0.32145124083595084,0.32145124083595084,0.32145124083595084,0.32145124083595084,0.32145124083595084,0.32145124083595084,0.32145124083595084,0.32145124083595084,0.32145124083595084,0.32145124083595084,0.32145124083595084,0.32145124083595084,0.32145124083595084,0.32145124083595084,0.32145124083595084,0.32145124083595084,0.32145124083595084,0.32145124083595084,0.32145124083595084,0.32145124083595084,0.32145124083595084,0.32145124083595084,0.32145124083595084,0.32145124083595084,0.32145124083595084,0.32145124083595084,0.32145124083595084,0.32145124083595084,0.32145124083595084,0.32145124083595084,0.32145124083595084,0.32145124083595084,0.32145124083595084,0.32145124083595084,0.32145124083595084,0.32145124083595084,0.32145124083595084,0.32145124083595084,0.32145124083595084,0.32145124083595084,0.32145124083595084,0.32145124083595084,0.32145124083595084,0.32145124083595084,0.32145124083595084,0.32145124083595084,0.32145124083595084,0.32145124083595084,0.32145124083595084,0.32145124083595084,0.32145124083595084,0.32145124083595084,0.32145124083595084,0.32145124083595084,0.32145124083595084,0.32145124083595084,0.32145124083595084,0.32145124083595084,0.32145124083595084,0.32145124083595084,0.32145124083595084,0.32145124083595084,0.32145124083595084,0.32145124083595084,0.32145124083595084,0.32145124083595084,0.32145124083595084,0.32145124083595084,0.32145124083595084,0.32145124083595084,0.32145124083595084,0.32145124083595084,0.32145124083595084,0.32145124083595084,0.32145124083595084,0.32145124083595084,0.32145124083595084,0.32145124083595084,0.32145124083595084,0.32145124083595084,0.32145124083595084,0.32145124083595084,0.32145124083595084,0.32145124083595084,0.32145124083595084,0.32145124083595084,0.32145124083595084,0.32145124083595084,0.32145124083595084,0.32145124083595084,0.32145124083595084,0.32145124083595084,0.32145124083595084,0.32145124083595084,0.32145124083595084,0.32145124083595084,0.32145124083595084,0.32145124083595084,0.32145124083595084,0.32145124083595084,0.32145124083595084,0.32145124083595084,0.32145124083595084,0.32145124083595084,0.32145124083595084,0.32145124083595084,0.32145124083595084,0.32145124083595084,0.32145124083595084,0.32145124083595084,0.32145124083595084,0.32145124083595084,0.32145124083595084,0.32145124083595084,0.32145124083595084,0.32145124083595084,0.32145124083595084,0.32145124083595084,0.32145124083595084,0.32145124083595084,0.32145124083595084,0.32145124083595084,0.32145124083595084,0.32145124083595084,0.32145124083595084,0.32145124083595084,0.32145124083595084,0.32145124083595084,0.32145124083595084,0.32145124083595084,0.32145124083595084,0.32145124083595084,0.32145124083595084,0.32145124083595084,0.32145124083595084
-1.0,-1.0,-1.0,-1.0,-1.0,-1.0,-1.0,-1.0,-1.0,-1.0,-1.0,-1.0,-1.0,-1.0,-1.0,-1.0,-1.0,-1.0,-1.0,-1.0,-1.0,-1.0,-1.0,-1.0,-1.0,-1.0,-1.0,-1.0,-1.0,-1.0,-1.0,-1.0,-1.0,-1.0,-1.0,-1.0,-1.0,-1.0,-1.0,-1.0,-1.0,-1.0,-1.0,-1.0,-1.0,-1.0,-1.0,-1.0,-1.0,-1.0,-1.0,-1.0,-1.0,-1.0,-1.0,-1.0,-1.0,-1.0,-1.0,-1.0,-1.0,-1.0,-1.0,-1.0,-1.0,-1.0,-1.0,-1.0,-1.0,-1.0,-1.0,-1.0,-1.0,-1.0,-1.0,-1.0,-1.0,-1.0,-1.0,-1.0,-1.0,-1.0,-1.0,-1.0,-1.0,-1.0,-1.0,-1.0,-1.0,-1.0,-1.0,-1.0,-1.0,-1.0,-1.0,-1.0,-1.0,-1.0,-1.0,-1.0,-1.0,-1.0,-1.0,-1.0,-1.0,-1.0,-1.0,-1.0,-1.0,-1.0,-1.0,-1.0,-1.0,-1.0,-1.0,-1.0,-1.0,-1.0,-1.0,-1.0,-1.0,-1.0,-1.0,-1.0,-1.0,-1.0,-1.0,-1.0,-1.0,-1.0,-1.0,-1.0,-1.0,-1.0,-1.0,-1.0,-1.0,-1.0,-1.0,-1.0,-1.0,-1.0,-1.0,-1.0,-1.0,-1.0,-1.0,-1.0,-1.0,-1.0,-1.0,-1.0,-1.0,-1.0,-1.0,-1.0,-1.0,-1.0,-1.0,-1.0,-1.0,-1.0,-1.0,-1.0,-1.0,-1.0,-1.0,-1.0,-1.0,-1.0,-1.0,-1.0,-1.0,-1.0,-1.0,-1.0,-1.0,-1.0,-1.0,-1.0,-1.0,-1.0,-1.0,-1.0,-1.0,-1.0,-1.0,-1.0,-1.0,-1.0,-1.0,-1.0,-1.0,-1.0,-1.0,-1.0,-1.0,-1.0,-1.0,-1.0,-1.0,-1.0,-1.0,-1.0,-1.0,-1.0,-1.0,-1.0,-1.0,-1.0,-1.0,-1.0,-1.0,-1.0,-1.0,-1.0,-1.0,-1.0,-1.0,-1.0,-1.0,-1.0,-1.0,-1.0,-1.0,-1.0,-1.0,-1.0,-1.0,-1.0,-1.0,-1.0,-1.0,-1.0,-1.0,-1.0,-1.0,-1.0,-1.0,-1.0,-1.0,-1.0,-1.0,-1.0,-1.0,-1.0,-1.0,-1.0,-1.0,-1.0,-1.0,-1.0,-1.0,-1.0,-1.0,-1.0,-1.0,-1.0,-1.0,-1.0,-1.0,-1.0,-1.0,-1.0,-1.0,-1.0,-1.0,-1.0,-1.0,-1.0,-1.0,-1.0,-1.0,-1.0,-1.0,-1.0,-1.0,-1.0,-1.0,-1.0,-1.0,-1.0,-1.0,-1.0,-1.0,-1.0,-1.0,-1.0,-1.0,-1.0,-1.0,-1.0,-1.0,-1.0,-1.0,-1.0,-1.0,-1.0,-1.0,-1.0,-1.0,-1.0,-1.0,-1.0,-1.0,-1.0,-1.0,-1.0,-1.0,-1.0,-1.0,-1.0,-1.0,-1.0,-1.0,-1.0,-1.0,-1.0,-1.0,-1.0,-1.0,-1.0,-1.0,-1.0,-1.0,-1.0,-1.0,-1.0,-1.0,-1.0,-1.0,-1.0,-1.0,-1.0,-1.0,-1.0,-1.0,-1.0,-1.0,-1.0,-1.0,-1.0,-1.0,-1.0,-1.0,-1.0,-1.0,-1.0,-1.0,-1.0,-1.0,-1.0,-1.0,-1.0,-1.0,-1.0,-1.0,-1.0,-1.0,-1.0,-1.0,-1.0,-1.0,-1.0,-1.0,-1.0,-1.0,-1.0,-1.0,-1.0,-1.0,-1.0,-1.0,-1.0,-1.0,-1.0,-1.0,-1.0,-1.0,-1.0,-1.0,-1.0,-1.0,-1.0,-1.0,-1.0,-1.0,-1.0,-1.0,-1.0,-1.0,-1.0,-1.0,-1.0,-1.0,-1.0,-1.0,-1.0,-1.0,-1.0,-1.0,-1.0,-1.0,-1.0,-1.0,-1.0,-1.0,-1.0,-1.0,-1.0,-1.0,-1.0,-1.0,-1.0,-1.0,-1.0,-1.0,-1.0,-1.0,-1.0
-1.0,-1.0,-1.0,-1.0,-1.0,-1.0,-1.0,-1.0,-1.0,-1.0,-1.0,-1.0,-1.0,-1.0,-1.0,-1.0,-1.0,-1.0,-1.0,-1.0,-1.0,-1.0,-1.0,-1.0,-1.0,-1.0,-1.0,-1.0,-1.0,-1.0,-1.0,-1.0,-1.0,-1.0,-1.0,-1.0,-1.0,-1.0,-1.0,-1.0,-1.0,-1.0,-1.0,-1.0,-1.0,-1.0,-1.0,-1.0,-1.0,-1.0,-1.0,-1.0,-1.0,-1.0,-1.0,-1.0,-1.0,-1.0,-1.0,-1.0,-1.0,-1.0,-1.0,-1.0,-1.0,-1.0,-1.0,-1.0,-1.0,-1.0,-1.0,-1.0,-1.0,-1.0,-1.0,-1.0,-1.0,-1.0,-1.0,-1.0,-1.0,-1.0,-1.0,-1.0,-1.0,-1.0,-1.0,-1.0,-1.0,-1.0,-1.0,-1.0,-1.0,-1.0,-1.0,-1.0,-1.0,-1.0,-1.0,-1.0,-1.0,-1.0,-1.0,-1.0,-1.0,-1.0,-1.0,-1.0,-1.0,-1.0,-1.0,-1.0,-1.0,-1.0,-1.0,-1.0,-1.0,-1.0,-1.0,-1.0,-1.0,-1.0,-1.0,-1.0,-1.0,-1.0,-1.0,-1.0,-1.0,-1.0,-1.0,-1.0,-1.0,-1.0,-1.0,-1.0,-1.0,-1.0,-1.0,-1.0,-1.0,-1.0,-1.0,-1.0,-1.0,-1.0,-1.0,-1.0,-1.0,-1.0,-1.0,-1.0,-1.0,-1.0,-1.0,-1.0,-1.0,-1.0,-1.0,-1.0,-1.0,-1.0,-1.0,-1.0,-1.0,-1.0,-1.0,-1.0,-1.0,-1.0,-1.0,-1.0,-1.0,-1.0,-1.0,-1.0,-1.0,-1.0,-1.0,-1.0,-1.0,-1.0,-1.0,-1.0,-1.0,-1.0,-1.0,-1.0,-1.0,-1.0,-1.0,-1.0,-1.0,-1.0,-1.0,-1.0,-1.0,-1.0,-1.0,-1.0,-1.0,-1.0,-1.0,-1.0,-1.0,-1.0,-1.0,-1.0,-1.0,-1.0,-1.0,-1.0,-1.0,-1.0,-1.0,-1.0,-1.0,-1.0,-1.0,-1.0,-1.0,-1.0,-1.0,-1.0,-1.0,-1.0,-1.0,-1.0,-1.0,-1.0,-1.0,-1.0,-1.0,-1.0,-1.0,-1.0,-1.0,-1.0,-1.0,-1.0,-1.0,-1.0,-1.0,-1.0,-1.0,-1.0,-1.0,-1.0,-1.0,-1.0,-1.0,-1.0,-1.0,-1.0,-1.0,-1.0,-1.0,-1.0,-1.0,-1.0,-1.0,-1.0,-1.0,-1.0,-1.0,-1.0,-1.0,-1.0,-1.0,-1.0,-1.0,-1.0,-1.0,-1.0,-1.0,-1.0,-1.0,-1.0,-1.0,-1.0,-1.0,-1.0,-1.0,-1.0,-1.0,-1.0,-1.0,-1.0,-1.0,-1.0,-1.0,-1.0,-1.0,-1.0,-1.0,-1.0,-1.0,-1.0,-1.0,-1.0,-1.0,-1.0,-1.0,-1.0,-1.0,-1.0,-1.0,-1.0,-1.0,-1.0,-1.0,-1.0,-1.0,-1.0,-1.0,-1.0,-1.0,-1.0,-1.0,-1.0,-1.0,-1.0,-1.0,-1.0,-1.0,-1.0,-1.0,-1.0,-1.0,-1.0,-1.0,-1.0,-1.0,-1.0,-1.0,-1.0,-1.0,-1.0,-1.0,-1.0,-1.0,-1.0,-1.0,-1.0,-1.0,-1.0,-1.0,-1.0,-1.0,-1.0,-1.0,-1.0,-1.0,-1.0,-1.0,-1.0,-1.0,-1.0,-1.0,-1.0,-1.0,-1.0,-1.0,-1.0,-1.0,-1.0,-1.0,-1.0,-1.0,-1.0,-1.0,-1.0,-1.0,-1.0,-1.0,-1.0,-1.0,-1.0,-1.0,-1.0,-1.0,-1.0,-1.0,-1.0,-1.0,-1.0,-1.0,-1.0,-1.0,-1.0,-1.0,-1.0,-1.0,-1.0,-1.0,-1.0,-1.0,-1.0,-1.0,-1.0,-1.0,-1.0,-1.0,-1.0,-1.0,-1.0,-1.0,-1.0,-1.0,-1.0,-1.0,-1.0,-1.0,-1.0,-1.0,-1.0,-1.0,-1.0,-1.0,-1.0
1.0,1.0,1.0,1.0,1.0,1.0,1.0,1.0,1.0,1.0,1.0,1.0,1.0,1.0,1.0,1.0,1.0,1.0,1.0,1.0,1.0,1.0,1.0,1.0,1.0,1.0,1.0,1.0,1.0,1.0,1.0,1.0,1.0,1.0,1.0,1.0,1.0,1.0,1.0,1.0,1.0,1.0,1.0,1.0,1.0,1.0,1.0,1.0,1.0,1.0,1.0,1.0,1.0,1.0,1.0,1.0,1.0,1.0,1.0,1.0,1.0,1.0,1.0,1.0,1.0,1.0,1.0,1.0,1.0,1.0,1.0,1.0,1.0,1.0,1.0,1.0,1.0,1.0,1.0,1.0,1.0,1.0,1.0,1.0,1.0,1.0,1.0,1.0,1.0,1.0,1.0,1.0,1.0,1.0,1.0,1.0,1.0,1.0,1.0,1.0,1.0,1.0,1.0,1.0,1.0,1.0,1.0,1.0,1.0,1.0,1.0,1.0,1.0,1.0,1.0,1.0,1.0,1.0,1.0,1.0,1.0,1.0,1.0,1.0,1.0,1.0,1.0,1.0,1.0,1.0,1.0,1.0,1.0,1.0,1.0,1.0,1.0,1.0,1.0,1.0,1.0,1.0,1.0,1.0,1.0,1.0,1.0,1.0,1.0,1.0,1.0,1.0,1.0,1.0,1.0,1.0,1.0,1.0,1.0,1.0,1.0,1.0,1.0,1.0,1.0,1.0,1.0,1.0,1.0,1.0,1.0,1.0,1.0,1.0,1.0,1.0,1.0,1.0,1.0,1.0,1.0,1.0,1.0,1.0,1.0,1.0,1.0,1.0,1.0,1.0,1.0,1.0,1.0,1.0,1.0,1.0,1.0,1.0,1.0,1.0,1.0,1.0,1.0,1.0,1.0,1.0,1.0,1.0,1.0,1.0,1.0,1.0,1.0,1.0,1.0,1.0,1.0,1.0,1.0,1.0,1.0,1.0,1.0,1.0,1.0,1.0,1.0,1.0,1.0,1.0,1.0,1.0,1.0,1.0,1.0,1.0,1.0,1.0,1.0,1.0,1.0,1.0,1.0,1.0,1.0,1.0,1.0,1.0,1.0,1.0,1.0,1.0,1.0,1.0,1.0,1.0,1.0,1.0,1.0,1.0,1.0,1.0,1.0,1.0,1.0,1.0,1.0,1.0,1.0,1.0,1.0,1.0,1.0,1.0,1.0,1.0,1.0,1.0,1.0,1.0,1.0,1.0,1.0,1.0,1.0,1.0,1.0,1.0,1.0,1.0,1.0,1.0,1.0,1.0,1.0,1.0,1.0,1.0,1.0,1.0,1.0,1.0,1.0,1.0,1.0,1.0,1.0,1.0,1.0,1.0,1.0,1.0,1.0,1.0,1.0,1.0,1.0,1.0,1.0,1.0,1.0,1.0,1.0,1.0,1.0,1.0,1.0,1.0,1.0,1.0,1.0,1.0,1.0,1.0,1.0,1.0,1.0,1.0,1.0,1.0,1.0,1.0,1.0,1.0,1.0,1.0,1.0,1.0,1.0,1.0,1.0,1.0,1.0,1.0,1.0,1.0,1.0,1.0,1.0,1.0,1.0,1.0,1.0,1.0,1.0,1.0,1.0,1.0,1.0,1.0,1.0,1.0,1.0,1.0,1.0,1.0,1.0,1.0,1.0,1.0,1.0,1.0,1.0,1.0,1.0,1.0,1.0,1.0,1.0,1.0,1.0,1.0,1.0,1.0,1.0,1.0,1.0,1.0,1.0,1.0,1.0,1.0,1.0,1.0,1.0,1.0,1.0,1.0,1.0,1.0,1.0,1.0,1.0,1.0,1.0,1.0,1.0,1.0,1.0,1.0
-1.0,-1.0,-1.0,-1.0,-1.0,-1.0,-1.0,-1.0,-1.0,-1.0,-1.0,-1.0,-1.0,-1.0,-1.0,-1.0,-1.0,-1.0,-1.0,-1.0,-1.0,-1.0,-1.0,-1.0,-1.0,-1.0,-1.0,-1.0,-1.0,-1.0,-1.0,-1.0,-1.0,-1.0,-1.0,-1.0,-1.0,-1.0,-1.0,-1.0,-1.0,-1.0,-1.0,-1.0,-1.0,-1.0,-1.0,-1.0,-1.0,-1.0,-1.0,-1.0,-1.0,-1.0,-1.0,-1.0,-1.0,-1.0,-1.0,-1.0,-1.0,-1.0,-1.0,-1.0,-1.0,-1.0,-1.0,-1.0,-1.0,-1.0,-1.0,-1.0,-1.0,-1.0,-1.0,-1.0,-1.0,-1.0,-1.0,-1.0,-1.0,-1.0,-1.0,-1.0,-1.0,-1.0,-1.0,-1.0,-1.0,-1.0,-1.0,-1.0,-1.0,-1.0,-1.0,-1.0,-1.0,-1.0,-1.0,-1.0,-1.0,-1.0,-1.0,-1.0,-1.0,-1.0,-1.0,-1.0,-1.0,-1.0,-1.0,-1.0,-1.0,-1.0,-1.0,-1.0,-1.0,-1.0,-1.0,-1.0,-1.0,-1.0,-1.0,-1.0,-1.0,-1.0,-1.0,-1.0,-1.0,-1.0,-1.0,-1.0,-1.0,-1.0,-1.0,-1.0,-1.0,-1.0,-1.0,-1.0,-1.0,-1.0,-1.0,-1.0,-1.0,-1.0,-1.0,-1.0,-1.0,-1.0,-1.0,-1.0,-1.0,-1.0,-1.0,-1.0,-1.0,-1.0,-1.0,-1.0,-1.0,-1.0,-1.0,-1.0,-1.0,-1.0,-1.0,-1.0,-1.0,-1.0,-1.0,-1.0,-1.0,-1.0,-1.0,-1.0,-1.0,-1.0,-1.0,-1.0,-1.0,-1.0,-1.0,-1.0,-1.0,-1.0,-1.0,-1.0,-1.0,-1.0,-1.0,-1.0,-1.0,-1.0,-1.0,-1.0,-1.0,-1.0,-1.0,-1.0,-1.0,-1.0,-1.0,-1.0,-1.0,-1.0,-1.0,-1.0,-1.0,-1.0,-1.0,-1.0,-1.0,-1.0,-1.0,-1.0,-1.0,-1.0,-1.0,-1.0,-1.0,-1.0,-1.0,-1.0,-1.0,-1.0,-1.0,-1.0,-1.0,-1.0,-1.0,-1.0,-1.0,-1.0,-1.0,-1.0,-1.0,-1.0,-1.0,-1.0,-1.0,-1.0,-1.0,-1.0,-1.0,-1.0,-1.0,-1.0,-1.0,-1.0,-1.0,-1.0,-1.0,-1.0,-1.0,-1.0,-1.0,-1.0,-1.0,-1.0,-1.0,-1.0,-1.0,-1.0,-1.0,-1.0,-1.0,-1.0,-1.0,-1.0,-1.0,-1.0,-1.0,-1.0,-1.0,-1.0,-1.0,-1.0,-1.0,-1.0,-1.0,-1.0,-1.0,-1.0,-1.0,-1.0,-1.0,-1.0,-1.0,-1.0,-1.0,-1.0,-1.0,-1.0,-1.0,-1.0,-1.0,-1.0,-1.0,-1.0,-1.0,-1.0,-1.0,-1.0,-1.0,-1.0,-1.0,-1.0,-1.0,-1.0,-1.0,-1.0,-1.0,-1.0,-1.0,-1.0,-1.0,-1.0,-1.0,-1.0,-1.0,-1.0,-1.0,-1.0,-1.0,-1.0,-1.0,-1.0,-1.0,-1.0,-1.0,-1.0,-1.0,-1.0,-1.0,-1.0,-1.0,-1.0,-1.0,-1.0,-1.0,-1.0,-1.0,-1.0,-1.0,-1.0,-1.0,-1.0,-1.0,-1.0,-1.0,-1.0,-1.0,-1.0,-1.0,-1.0,-1.0,-1.0,-1.0,-1.0,-1.0,-1.0,-1.0,-1.0,-1.0,-1.0,-1.0,-1.0,-1.0,-1.0,-1.0,-1.0,-1.0,-1.0,-1.0,-1.0,-1.0,-1.0,-1.0,-1.0,-1.0,-1.0,-1.0,-1.0,-1.0,-1.0,-1.0,-1.0,-1.0,-1.0,-1.0,-1.0,-1.0,-1.0,-1.0,-1.0,-1.0,-1.0,-1.0,-1.0,-1.0,-1.0,-1.0,-1.0,-1.0,-1.0,-1.0,-1.0,-1.0,-1.0,-1.0,-1.0,-1.0,-1.0,-1.0,-1.0,-1.0,-1.0,-1.0,-1.0
-1.0,-1.0,-1.0,-1.0,-1.0,-1.0,-1.0,-1.0,-1.0,-1.0,-1.0,-1.0,-1.0,-1.0,-1.0,-1.0,-1.0,-1.0,-1.0,-1.0,-1.0,-1.0,-1.0,-1.0,-1.0,-1.0,-1.0,-1.0,-1.0,-1.0,-1.0,-1.0,-1.0,-1.0,-1.0,-1.0,-1.0,-1.0,-1.0,-1.0,-1.0,-1.0,-1.0,-1.0,-1.0,-1.0,-1.0,-1.0,-1.0,-1.0,-1.0,-1.0,-1.0,-1.0,-1.0,-1.0,-1.0,-1.0,-1.0,-1.0,-1.0,-1.0,-1.0,-1.0,-1.0,-1.0,-1.0,-1.0,-1.0,-1.0,-1.0,-1.0,-1.0,-1.0,-1.0,-1.0,-1.0,-1.0,-1.0,-1.0,-1.0,-1.0,-1.0,-1.0,-1.0,-1.0,-1.0,-1.0,-1.0,-1.0,-1.0,-1.0,-1.0,-1.0,-1.0,-1.0,-1.0,-1.0,-1.0,-1.0,-1.0,-1.0,-1.0,-1.0,-1.0,-1.0,-1.0,-1.0,-1.0,-1.0,-1.0,-1.0,-1.0,-1.0,-1.0,-1.0,-1.0,-1.0,-1.0,-1.0,-1.0,-1.0,-1.0,-1.0,-1.0,-1.0,-1.0,-1.0,-1.0,-1.0,-1.0,-1.0,-1.0,-1.0,-1.0,-1.0,-1.0,-1.0,-1.0,-1.0,-1.0,-1.0,-1.0,-1.0,-1.0,-1.0,-1.0,-1.0,-1.0,-1.0,-1.0,-1.0,-1.0,-1.0,-1.0,-1.0,-1.0,-1.0,-1.0,-1.0,-1.0,-1.0,-1.0,-1.0,-1.0,-1.0,-1.0,-1.0,-1.0,-1.0,-1.0,-1.0,-1.0,-1.0,-1.0,-1.0,-1.0,-1.0,-1.0,-1.0,-1.0,-1.0,-1.0,-1.0,-1.0,-1.0,-1.0,-1.0,-1.0,-1.0,-1.0,-1.0,-1.0,-1.0,-1.0,-1.0,-1.0,-1.0,-1.0,-1.0,-1.0,-1.0,-1.0,-1.0,-1.0,-1.0,-1.0,-1.0,-1.0,-1.0,-1.0,-1.0,-1.0,-1.0,-1.0,-1.0,-1.0,-1.0,-1.0,-1.0,-1.0,-1.0,-1.0,-1.0,-1.0,-1.0,-1.0,-1.0,-1.0,-1.0,-1.0,-1.0,-1.0,-1.0,-1.0,-1.0,-1.0,-1.0,-1.0,-1.0,-1.0,-1.0,-1.0,-1.0,-1.0,-1.0,-1.0,-1.0,-1.0,-1.0,-1.0,-1.0,-1.0,-1.0,-1.0,-1.0,-1.0,-1.0,-1.0,-1.0,-1.0,-1.0,-1.0,-1.0,-1.0,-1.0,-1.0,-1.0,-1.0,-1.0,-1.0,-1.0,-1.0,-1.0,-1.0,-1.0,-1.0,-1.0,-1.0,-1.0,-1.0,-1.0,-1.0,-1.0,-1.0,-1.0,-1.0,-1.0,-1.0,-1.0,-1.0,-1.0,-1.0,-1.0,-1.0,-1.0,-1.0,-1.0,-1.0,-1.0,-1.0,-1.0,-1.0,-1.0,-1.0,-1.0,-1.0,-1.0,-1.0,-1.0,-1.0,-1.0,-1.0,-1.0,-1.0,-1.0,-1.0,-1.0,-1.0,-1.0,-1.0,-1.0,-1.0,-1.0,-1.0,-1.0,-1.0,-1.0,-1.0,-1.0,-1.0,-1.0,-1.0,-1.0,-1.0,-1.0,-1.0,-1.0,-1.0,-1.0,-1.0,-1.0,-1.0,-1.0,-1.0,-1.0,-1.0,-1.0,-1.0,-1.0,-1.0,-1.0,-1.0,-1.0,-1.0,-1.0,-1.0,-1.0,-1.0,-1.0,-1.0,-1.0,-1.0,-1.0,-1.0,-1.0,-1.0,-1.0,-1.0,-1.0,-1.0,-1.0,-1.0,-1.0,-1.0,-1.0,-1.0,-1.0,-1.0,-1.0,-1.0,-1.0,-1.0,-1.0,-1.0,-1.0,-1.0,-1.0,-1.0,-1.0,-1.0,-1.0,-1.0,-1.0,-1.0,-1.0,-1.0,-1.0,-1.0,-1.0,-1.0,-1.0,-1.0,-1.0,-1.0,-1.0,-1.0,-1.0,-1.0,-1.0,-1.0,-1.0,-1.0,-1.0,-1.0,-1.0,-1.0,-1.0,-1.0,-1.0
-1.0,-1.0,-1.0,-1.0,-1.0,-1.0,-1.0,-1.0,-1.0,-1.0,-1.0,-1.0,-1.0,-1.0,-1.0,-1.0,-1.0,-1.0,-1.0,-1.0,-1.0,-1.0,-1.0,-1.0,-1.0,-1.0,-1.0,-1.0,-1.0,-1.0,-1.0,-1.0,-1.0,-1.0,-1.0,-1.0,-1.0,-1.0,-1.0,-1.0,-1.0,-1.0,-1.0,-1.0,-1.0,-1.0,-1.0,-1.0,-1.0,-1.0,-1.0,-1.0,-1.0,-1.0,-1.0,-1.0,-1.0,-1.0,-1.0,-1.0,-1.0,-1.0,-1.0,-1.0,-1.0,-1.0,-1.0,-1.0,-1.0,-1.0,-1.0,-1.0,-1.0,-1.0,-1.0,-1.0,-1.0,-1.0,-1.0,-1.0,-1.0,-1.0,-1.0,-1.0,-1.0,-1.0,-1.0,-1.0,-1.0,-1.0,-1.0,-1.0,-1.0,-1.0,-1.0,-1.0,-1.0,-1.0,-1.0,-1.0,-1.0,-1.0,-1.0,-1.0,-1.0,-1.0,-1.0,-1.0,-1.0,-1.0,-1.0,-1.0,-1.0,-1.0,-1.0,-1.0,-1.0,-1.0,-1.0,-1.0,-1.0,-1.0,-1.0,-1.0,-1.0,-1.0,-1.0,-1.0,-1.0,-1.0,-1.0,-1.0,-1.0,-1.0,-1.0,-1.0,-1.0,-1.0,-1.0,-1.0,-1.0,-1.0,-1.0,-1.0,-1.0,-1.0,-1.0,-1.0,-1.0,-1.0,-1.0,-1.0,-1.0,-1.0,-1.0,-1.0,-1.0,-1.0,-1.0,-1.0,-1.0,-1.0,-1.0,-1.0,-1.0,-1.0,-1.0,-1.0,-1.0,-1.0,-1.0,-1.0,-1.0,-1.0,-1.0,-1.0,-1.0,-1.0,-1.0,-1.0,-1.0,-1.0,-1.0,-1.0,-1.0,-1.0,-1.0,-1.0,-1.0,-1.0,-1.0,-1.0,-1.0,-1.0,-1.0,-1.0,-1.0,-1.0,-1.0,-1.0,-1.0,-1.0,-1.0,-1.0,-1.0,-1.0,-1.0,-1.0,-1.0,-1.0,-1.0,-1.0,-1.0,-1.0,-1.0,-1.0,-1.0,-1.0,-1.0,-1.0,-1.0,-1.0,-1.0,-1.0,-1.0,-1.0,-1.0,-1.0,-1.0,-1.0,-1.0,-1.0,-1.0,-1.0,-1.0,-1.0,-1.0,-1.0,-1.0,-1.0,-1.0,-1.0,-1.0,-1.0,-1.0,-1.0,-1.0,-1.0,-1.0,-1.0,-1.0,-1.0,-1.0,-1.0,-1.0,-1.0,-1.0,-1.0,-1.0,-1.0,-1.0,-1.0,-1.0,-1.0,-1.0,-1.0,-1.0,-1.0,-1.0,-1.0,-1.0,-1.0,-1.0,-1.0,-1.0,-1.0,-1.0,-1.0,-1.0,-1.0,-1.0,-1.0,-1.0,-1.0,-1.0,-1.0,-1.0,-1.0,-1.0,-1.0,-1.0,-1.0,-1.0,-1.0,-1.0,-1.0,-1.0,-1.0,-1.0,-1.0,-1.0,-1.0,-1.0,-1.0,-1.0,-1.0,-1.0,-1.0,-1.0,-1.0,-1.0,-1.0,-1.0,-1.0,-1.0,-1.0,-1.0,-1.0,-1.0,-1.0,-1.0,-1.0,-1.0,-1.0,-1.0,-1.0,-1.0,-1.0,-1.0,-1.0,-1.0,-1.0,-1.0,-1.0,-1.0,-1.0,-1.0,-1.0,-1.0,-1.0,-1.0,-1.0,-1.0,-1.0,-1.0,-1.0,-1.0,-1.0,-1.0,-1.0,-1.0,-1.0,-1.0,-1.0,-1.0,-1.0,-1.0,-1.0,-1.0,-1.0,-1.0,-1.0,-1.0,-1.0,-1.0,-1.0,-1.0,-1.0,-1.0,-1.0,-1.0,-1.0,-1.0,-1.0,-1.0,-1.0,-1.0,-1.0,-1.0,-1.0,-1.0,-1.0,-1.0,-1.0,-1.0,-1.0,-1.0,-1.0,-1.0,-1.0,-1.0,-1.0,-1.0,-1.0,-1.0,-1.0,-1.0,-1.0,-1.0,-1.0,-1.0,-1.0,-1.0,-1.0,-1.0,-1.0,-1.0,-1.0,-1.0,-1.0,-1.0,-1.0,-1.0,-1.0,-1.0,-1.0,-1.0,-1.0,-1.0,-1.0
1.0,1.0,1.0,1.0,1.0,1.0,1.0,1.0,1.0,1.0,1.0,1.0,1.0,1.0,1.0,1.0,1.0,1.0,1.0,1.0,1.0,1.0,1.0,1.0,1.0,1.0,1.0,1.0,1.0,1.0,1.0,1.0,1.0,1.0,1.0,1.0,1.0,1.0,1.0,1.0,1.0,1.0,1.0,1.0,1.0,1.0,1.0,1.0,1.0,1.0,1.0,1.0,1.0,1.0,1.0,1.0,1.0,1.0,1.0,1.0,1.0,1.0,1.0,1.0,1.0,1.0,1.0,1.0,1.0,1.0,1.0,1.0,1.0,1.0,1.0,1.0,1.0,1.0,1.0,1.0,1.0,1.0,1.0,1.0,1.0,1.0,1.0,1.0,1.0,1.0,1.0,1.0,1.0,1.0,1.0,1.0,1.0,1.0,1.0,1.0,1.0,1.0,1.0,1.0,1.0,1.0,1.0,1.0,1.0,1.0,1.0,1.0,1.0,1.0,1.0,1.0,1.0,1.0,1.0,1.0,1.0,1.0,1.0,1.0,1.0,1.0,1.0,1.0,1.0,1.0,1.0,1.0,1.0,1.0,1.0,1.0,1.0,1.0,1.0,1.0,1.0,1.0,1.0,1.0,1.0,1.0,1.0,1.0,1.0,1.0,1.0,1.0,1.0,1.0,1.0,1.0,1.0,1.0,1.0,1.0,1.0,1.0,1.0,1.0,1.0,1.0,1.0,1.0,1.0,1.0,1.0,1.0,1.0,1.0,1.0,1.0,1.0,1.0,1.0,1.0,1.0,1.0,1.0,1.0,1.0,1.0,1.0,1.0,1.0,1.0,1.0,1.0,1.0,1.0,1.0,1.0,1.0,1.0,1.0,1.0,1.0,1.0,1.0,1.0,1.0,1.0,1.0,1.0,1.0,1.0,1.0,1.0,1.0,1.0,1.0,1.0,1.0,1.0,1.0,1.0,1.0,1.0,1.0,1.0,1.0,1.0,1.0,1.0,1.0,1.0,1.0,1.0,1.0,1.0,1.0,1.0,1.0,1.0,1.0,1.0,1.0,1.0,1.0,1.0,1.0,1.0,1.0,1.0,1.0,1.0,1.0,1.0,1.0,1.0,1.0,1.0,1.0,1.0,1.0,1.0,1.0,1.0,1.0,1.0,1.0,1.0,1.0,1.0,1.0,1.0,1.0,1.0,1.0,1.0,1.0,1.0,1.0,1.0,1.0,1.0,1.0,1.0,1.0,1.0,1.0,1.0,1.0,1.0,1.0,1.0,1.0,1.0,1.0,1.0,1.0,1.0,1.0,1.0,1.0,1.0,1.0,1.0,1.0,1.0,1.0,1.0,1.0,1.0,1.0,1.0,1.0,1.0,1.0,1.0,1.0,1.0,1.0,1.0,1.0,1.0,1.0,1.0,1.0,1.0,1.0,1.0,1.0,1.0,1.0,1.0,1.0,1.0,1.0,1.0,1.0,1.0,1.0,1.0,1.0,1.0,1.0,1.0,1.0,1.0,1.0,1.0,1.0,1.0,1.0,1.0,1.0,1.0,1.0,1.0,1.0,1.0,1.0,1.0,1.0,1.0,1.0,1.0,1.0,1.0,1.0,1.0,1.0,1.0,1.0,1.0,1.0,1.0,1.0,1.0,1.0,1.0,1.0,1.0,1.0,1.0,1.0,1.0,1.0,1.0,1.0,1.0,1.0,1.0,1.0,1.0,1.0,1.0,1.0,1.0,1.0,1.0,1.0,1.0,1.0,1.0,1.0,1.0,1.0,1.0,1.0,1.0,1.0,1.0,1.0,1.0,1.0,1.0,1.0,1.0,1.0,1.0,1.0,1.0,1.0,1.0
-0.37128544486586595,-0.37128544486586595,-0.37128544486586595,-0.37128544486586595,-0.37128544486586595,-0.37128544486586595,-0.37128544486586595,-0.37128544486586595,-0.37128544486586595,-0.37128544486586595,-0.37128544486586595,-0.37128544486586595,-0.37128544486586595,-0.37128544486586595,-0.37128544486586595,-0.37128544486586595,-0.37128544486586595,-0.37128544486586595,-0.37128544486586595,-0.37128544486586595,-0.37128544486586595,-0.37128544486586595,-0.37128544486586595,-0.37128544486586595,-0.37128544486586595,-0.37128544486586595,-0.37128544486586595,-0.37128544486586595,-0.37128544486586595,-0.37128544486586595,-0.37128544486586595,-0.37128544486586595,-0.37128544486586595,-0.37128544486586595,-0.37128544486586595,-0.37128544486586595,-0.37128544486586595,-0.37128544486586595,-0.37128544486586595,-0.37128544486586595,-0.37128544486586595,-0.37128544486586595,-0.37128544486586595,-0.37128544486586595,-0.37128544486586595,-0.37128544486586595,-0.37128544486586595,-0.37128544486586595,-0.37128544486586595,-0.37128544486586595,-0.37128544486586595,-0.37128544486586595,-0.37128544486586595,-0.37128544486586595,-0.37128544486586595,-0.37128544486586595,-0.37128544486586595,-0.37128544486586595,-0.37128544486586595,-0.37128544486586595,-0.37128544486586595,-0.37128544486586595,-0.37128544486586595,-0.37128544486586595,-0.37128544486586595,-0.37128544486586595,-0.37128544486586595,-0.37128544486586595,-0.37128544486586595,-0.37128544486586595,-0.37128544486586595,-0.37128544486586595,-0.37128544486586595,-0.37128544486586595,-0.37128544486586595,-0.37128544486586595,-0.37128544486586595,-0.37128544486586595,-0.37128544486586595,-0.37128544486586595,-0.37128544486586595,-0.37128544486586595,-0.37128544486586595,-0.37128544486586595,-0.37128544486586595,-0.37128544486586595,-0.37128544486586595,-0.37128544486586595,-0.37128544486586595,-0.37128544486586595,-0.37128544486586595,-0.37128544486586595,-0.37128544486586595,-0.37128544486586595,-0.37128544486586595,-0.37128544486586595,-0.37128544486586595,-0.37128544486586595,-0.37128544486586595,-0.37128544486586595,-0.37128544486586595,-0.37128544486586595,-0.37128544486586595,-0.37128544486586595,-0.37128544486586595,-0.37128544486586595,-0.37128544486586595,-0.37128544486586595,-0.37128544486586595,-0.37128544486586595,-0.37128544486586595,-0.37128544486586595,-0.37128544486586595,-0.37128544486586595,-0.37128544486586595,-0.37128544486586595,-0.37128544486586595,-0.37128544486586595,-0.37128544486586595,-0.37128544486586595,-0.37128544486586595,-0.37128544486586595,-0.37128544486586595,-0.37128544486586595,-0.37128544486586595,-0.37128544486586595,-0.37128544486586595,-0.37128544486586595,-0.37128544486586595,-0.37128544486586595,-0.37128544486586595,-0.37128544486586595,-0.37128544486586595,-0.37128544486586595,-0.37128544486586595,-0.37128544486586595,-0.37128544486586595,-0.37128544486586595,-0.37128544486586595,-0.37128544486586595,-0.37128544486586595,-0.37128544486586595,-0.37128544486586595,-0.37128544486586595,-0.37128544486586595,-0.37128544486586595,-0.37128544486586595,-0.37128544486586595,-0.37128544486586595,-0.37128544486586595,-0.37128544486586595,-0.37128544486586595,-0.37128544486586595,-0.37128544486586595,-0.37128544486586595,-0.37128544486586595,-0.37128544486586595,-0.37128544486586595,-0.37128544486586595,-0.37128544486586595,-0.37128544486586595,-0.37128544486586595,-0.37128544486586595,-0.37128544486586595,-0.37128544486586595,-0.37128544486586595,-0.37128544486586595,-0.37128544486586595,-0.37128544486586595,-0.37128544486586595,-0.37128544486586595,-0.37128544486586595,-0.37128544486586595,-0.37128544486586595,-0.37128544486586595,-0.37128544486586595,-0.37128544486586595,-0.37128544486586595,-0.37128544486586595,-0.37128544486586595,-0.37128544486586595,-0.37128544486586595,-0.37128544486586595,-0.37128544486586595,-0.37128544486586595,-0.37128544486586595,-0.37128544486586595,-0.37128544486586595,-0.37128544486586595,-0.37128544486586595,-0.37128544486586595,-0.37128544486586595,-0.37128544486586595,-0.37128544486586595,-0.37128544486586595,-0.37128544486586595,-0.37128544486586595,-0.37128544486586595,-0.37128544486586595,-0.37128544486586595,-0.37128544486586595,-0.37128544486586595,-0.37128544486586595,-0.37128544486586595,-0.37128544486586595,-0.37128544486586595,-0.37128544486586595,-0.37128544486586595,-0.37128544486586595,-0.37128544486586595,-0.37128544486586595,-0.37128544486586595,-0.37128544486586595,-0.37128544486586595,-0.37128544486586595,-0.37128544486586595,-0.37128544486586595,-0.37128544486586595,-0.37128544486586595,-0.37128544486586595,-0.37128544486586595,-0.37128544486586595,-0.37128544486586595,-0.37128544486586595,-0.37128544486586595,-0.37128544486586595,-0.37128544486586595,-0.37128544486586595,-0.37128544486586595,-0.37128544486586595,-0.37128544486586595,-0.37128544486586595,-0.37128544486586595,-0.37128544486586595,-0.37128544486586595,-0.37128544486586595,-0.37128544486586595,-0.37128544486586595,-0.37128544486586595,-0.37128544486586595,-0.37128544486586595,-0.37128544486586595,-0.37128544486586595,-0.37128544486586595,-0.37128544486586595,-0.37128544486586595,-0.37128544486586595,-0.37128544486586595,-0.37128544486586595,-0.37128544486586595,-0.37128544486586595,-0.37128544486586595,-0.37128544486586595,-0.37128544486586595,-0.37128544486586595,-0.37128544486586595,-0.37128544486586595,-0.37128544486586595,-0.37128544486586595,-0.37128544486586595,-0.37128544486586595,-0.37128544486586595,-0.37128544486586595,-0.37128544486586595,-0.37128544486586595,-0.37128544486586595,-0.37128544486586595,-0.37128544486586595,-0.37128544486586595,-0.37128544486586595,-0.37128544486586595,-0.37128544486586595,-0.37128544486586595,-0.37128544486586595,-0.37128544486586595,-0.37128544486586595,-0.37128544486586595,-0.37128544486586595,-0.37128544486586595,-0.37128544486586595,-0.37128544486586595,-0.37128544486586595,-0.37128544486586595,-0.37128544486586595,-0.37128544486586595,-0.37128544486586595,-0.37128544486586595,-0.37128544486586595,-0.37128544486586595,-0.37128544486586595,-0.37128544486586595,-0.37128544486586595,-0.37128544486586595,-0.37128544486586595,-0.37128544486586595,-0.37128544486586595,-0.37128544486586595,-0.37128544486586595,-0.37128544486586595,-0.37128544486586595,-0.37128544486586595,-0.37128544486586595,-0.37128544486586595,-0.37128544486586595,-0.37128544486586595,-0.37128544486586595,-0.37128544486586595,-0.37128544486586595,-0.37128544486586595,-0.37128544486586595,-0.37128544486586595,-0.37128544486586595,-0.37128544486586595,-0.37128544486586595,-0.37128544486586595,-0.37128544486586595,-0.37128544486586595,-0.37128544486586595,-0.37128544486586595,-0.37128544486586595,-0.37128544486586595,-0.37128544486586595,-0.37128544486586595,-0.37128544486586595,-0.37128544486586595,-0.37128544486586595,-0.37128544486586595,-0.37128544486586595,-0.37128544486586595,-0.37128544486586595,-0.37128544486586595,-0.37128544486586595,-0.37128544486586595,-0.37128544486586595,-0.37128544486586595,-0.37128544486586595,-0.37128544486586595,-0.37128544486586595,-0.37128544486586595,-0.37128544486586595,-0.37128544486586595,-0.37128544486586595,-0.37128544486586595,-0.37128544486586595,-0.37128544486586595,-0.37128544486586595,-0.37128544486586595,-0.37128544486586595,-0.37128544486586595,-0.37128544486586595,-0.37128544486586595,-0.37128544486586595,-0.37128544486586595,-0.37128544486586595,-0.37128544486586595,-0.37128544486586595,-0.37128544486586595,-0.37128544486586595,-0.37128544486586595,-0.37128544486586595,-0.37128544486586595,-0.37128544486586595,-0.37128544486586595,-0.37128544486586595,-0.37128544486586595,-0.37128544486586595,-0.37128544486586595,-0.37128544486586595,-0.37128544486586595,-0.37128544486586595,-0.37128544486586595,-0.37128544486586595,-0.37128544486586595,-0.37128544486586595,-0.37128544486586595,-0.37128544486586595,-0.37128544486586595,-0.37128544486586595,-0.37128544486586595,-0.37128544486586595,-0.37128544486586595,-0.37128544486586595,-0.37128544486586595,-0.37128544486586595,-0.37128544486586595,-0.37128544486586595,-0.37128544486586595,-0.37128544486586595,-0.37128544486586595,-0.37128544486586595,-0.37128544486586595,-0.37128544486586595,-0.37128544486586595,-0.37128544486586595,-0.37128544486586595,-0.37128544486586595,-0.37128544486586595,-0.37128544486586595,-0.37128544486586595,-0.37128544486586595,-0.37128544486586595,-0.37128544486586595,-0.37128544486586595,-0.37128544486586595,-0.37128544486586595,-0.37128544486586595,-0.37128544486586595,-0.37128544486586595,-0.37128544486586595,-0.37128544486586595,-0.37128544486586595,-0.37128544486586595,-0.37128544486586595,-0.37128544486586595,-0.37128544486586595,-0.37128544486586595,-0.37128544486586595,-0.37128544486586595,-0.37128544486586595,-0.37128544486586595
-0.6558464351125901,-0.6558464351125901,-0.6558464351125901,-0.6558464351125901,-0.6558464351125901,-0.6558464351125901,-0.6558464351125901,-0.6558464351125901,-0.6558464351125901,-0.6558464351125901,-0.6558464351125901,-0.6558464351125901,-0.6558464351125901,-0.6558464351125901,-0.6558464351125901,-0.6558464351125901,-0.6558464351125901,-0.6558464351125901,-0.6558464351125901,-0.6558464351125901,-0.6558464351125901,-0.6558464351125901,-0.6558464351125901,-0.6558464351125901,-0.6558464351125901,-0.6558464351125901,-0.6558464351125901,-0.6558464351125901,-0.6558464351125901,-0.6558464351125901,-0.6558464351125901,-0.6558464351125901,-0.6558464351125901,-0.6558464351125901,-0.6558464351125901,-0.6558464351125901,-0.6558464351125901,-0.6558464351125901,-0.6558464351125901,-0.6558464351125901,-0.6558464351125901,-0.6558464351125901,-0.6558464351125901,-0.6558464351125901,-0.6558464351125901,-0.6558464351125901,-0.6558464351125901,-0.6558464351125901,-0.6558464351125901,-0.6558464351125901,-0.6558464351125901,-0.6558464351125901,-0.6558464351125901,-0.6558464351125901,-0.6558464351125901,-0.6558464351125901,-0.6558464351125901,-0.6558464351125901,-0.6558464351125901,-0.6558464351125901,-0.6558464351125901,-0.6558464351125901,-0.6558464351125901,-0.6558464351125901,-0.6558464351125901,-0.6558464351125901,-0.6558464351125901,-0.6558464351125901,-0.6558464351125901,-0.6558464351125901,-0.6558464351125901,-0.6558464351125901,-0.6558464351125901,-0.6558464351125901,-0.6558464351125901,-0.6558464351125901,-0.6558464351125901,-0.6558464351125901,-0.6558464351125901,-0.6558464351125901,-0.6558464351125901,-0.6558464351125901,-0.6558464351125901,-0.6558464351125901,-0.6558464351125901,-0.6558464351125901,-0.6558464351125901,-0.6558464351125901,-0.6558464351125901,-0.6558464351125901,-0.6558464351125901,-0.6558464351125901,-0.6558464351125901,-0.6558464351125901,-0.6558464351125901,-0.6558464351125901,-0.6558464351125901,-0.6558464351125901,-0.6558464351125901,-0.6558464351125901,-0.6558464351125901,-0.6558464351125901,-0.6558464351125901,-0.6558464351125901,-0.6558464351125901,-0.6558464351125901,-0.6558464351125901,-0.6558464351125901,-0.6558464351125901,-0.6558464351125901,-0.6558464351125901,-0.6558464351125901,-0.6558464351125901,-0.6558464351125901,-0.6558464351125901,-0.6558464351125901,-0.6558464351125901,-0.6558464351125901,-0.6558464351125901,-0.6558464351125901,-0.6558464351125901,-0.6558464351125901,-0.6558464351125901,-0.6558464351125901,-0.6558464351125901,-0.6558464351125901,-0.6558464351125901,-0.6558464351125901,-0.6558464351125901,-0.6558464351125901,-0.6558464351125901,-0.6558464351125901,-0.6558464351125901,-0.6558464351125901,-0.6558464351125901,-0.6558464351125901,-0.6558464351125901,-0.6558464351125901,-0.6558464351125901,-0.6558464351125901,-0.6558464351125901,-0.6558464351125901,-0.6558464351125901,-0.6558464351125901,-0.6558464351125901,-0.6558464351125901,-0.6558464351125901,-0.6558464351125901,-0.6558464351125901,-0.6558464351125901,-0.6558464351125901,-0.6558464351125901,-0.6558464351125901,-0.6558464351125901,-0.6558464351125901,-0.6558464351125901,-0.6558464351125901,-0.6558464351125901,-0.6558464351125901,-0.6558464351125901,-0.6558464351125901,-0.6558464351125901,-0.6558464351125901,-0.6558464351125901,-0.6558464351125901,-0.6558464351125901,-0.6558464351125901,-0.6558464351125901,-0.6558464351125901,-0.6558464351125901,-0.6558464351125901,-0.6558464351125901,-0.6558464351125901,-0.6558464351125901,-0.6558464351125901,-0.6558464351125901,-0.6558464351125901,-0.6558464351125901,-0.6558464351125901,-0.6558464351125901,-0.6558464351125901,-0.6558464351125901,-0.6558464351125901,-0.6558464351125901,-0.6558464351125901,-0.6558464351125901,-0.6558464351125901,-0.6558464351125901,-0.6558464351125901,-0.6558464351125901,-0.6558464351125901,-0.6558464351125901,-0.6558464351125901,-0.6558464351125901,-0.6558464351125901,-0.6558464351125901,-0.6558464351125901,-0.6558464351125901,-0.6558464351125901,-0.6558464351125901,-0.6558464351125901,-0.6558464351125901,-0.6558464351125901,-0.6558464351125901,-0.6558464351125901,-0.6558464351125901,-0.6558464351125901,-0.6558464351125901,-0.6558464351125901,-0.6558464351125901,-0.6558464351125901,-0.6558464351125901,-0.6558464351125901,-0.6558464351125901,-0.6558464351125901,-0.6558464351125901,-0.6558464351125901,-0.6558464351125901,-0.6558464351125901,-0.6558464351125901,-0.6558464351125901,-0.6558464351125901,-0.6558464351125901,-0.6558464351125901,-0.6558464351125901,-0.6558464351125901,-0.6558464351125901,-0.6558464351125901,-0.6558464351125901,-0.6558464351125901,-0.6558464351125901,-0.6558464351125901,-0.6558464351125901,-0.6558464351125901,-0.6558464351125901,-0.6558464351125901,-0.6558464351125901,-0.6558464351125901,-0.6558464351125901,-0.6558464351125901,-0.6558464351125901,-0.6558464351125901,-0.6558464351125901,-0.6558464351125901,-0.6558464351125901,-0.6558464351125901,-0.6558464351125901,-0.6558464351125901,-0.6558464351125901,-0.6558464351125901,-0.6558464351125901,-0.6558464351125901,-0.6558464351125901,-0.6558464351125901,-0.6558464351125901,-0.6558464351125901,-0.6558464351125901,-0.6558464351125901,-0.6558464351125901,-0.6558464351125901,-0.6558464351125901,-0.6558464351125901,-0.6558464351125901,-0.6558464351125901,-0.6558464351125901,-0.6558464351125901,-0.6558464351125901,-0.6558464351125901,-0.6558464351125901,-0.6558464351125901,-0.6558464351125901,-0.6558464351125901,-0.6558464351125901,-0.6558464351125901,-0.6558464351125901,-0.6558464351125901,-0.6558464351125901,-0.6558464351125901,-0.6558464351125901,-0.6558464351125901,-0.6558464351125901,-0.6558464351125901,-0.6558464351125901,-0.6558464351125901,-0.6558464351125901,-0.6558464351125901,-0.6558464351125901,-0.6558464351125901,-0.6558464351125901,-0.6558464351125901,-0.6558464351125901,-0.6558464351125901,-0.6558464351125901,-0.6558464351125901,-0.6558464351125901,-0.6558464351125901,-0.6558464351125901,-0.6558464351125901,-0.6558464351125901,-0.6558464351125901,-0.6558464351125901,-0.6558464351125901,-0.6558464351125901,-0.6558464351125901,-0.6558464351125901,-0.6558464351125901,-0.6558464351125901,-0.6558464351125901,-0.6558464351125901,-0.6558464351125901,-0.6558464351125901,-0.6558464351125901,-0.6558464351125901,-0.6558464351125901,-0.6558464351125901,-0.6558464351125901,-0.6558464351125901,-0.6558464351125901,-0.6558464351125901,-0.6558464351125901,-0.6558464351125901,-0.6558464351125901,-0.6558464351125901,-0.6558464351125901,-0.6558464351125901,-0.6558464351125901,-0.6558464351125901,-0.6558464351125901,-0.6558464351125901,-0.6558464351125901,-0.6558464351125901,-0.6558464351125901,-0.6558464351125901,-0.6558464351125901,-0.6558464351125901,-0.6558464351125901,-0.6558464351125901,-0.6558464351125901,-0.6558464351125901,-0.6558464351125901,-0.6558464351125901,-0.6558464351125901,-0.6558464351125901,-0.6558464351125901,-0.6558464351125901,-0.6558464351125901,-0.6558464351125901,-0.6558464351125901,-0.6558464351125901,-0.6558464351125901,-0.6558464351125901,-0.6558464351125901,-0.6558464351125901,-0.6558464351125901,-0.6558464351125901,-0.6558464351125901,-0.6558464351125901,-0.6558464351125901,-0.6558464351125901,-0.6558464351125901,-0.6558464351125901,-0.6558464351125901,-0.6558464351125901,-0.6558464351125901,-0.6558464351125901,-0.6558464351125901,-0.6558464351125901,-0.6558464351125901,-0.6558464351125901,-0.6558464351125901,-0.6558464351125901,-0.6558464351125901,-0.6558464351125901,-0.6558464351125901,-0.6558464351125901,-0.6558464351125901,-0.6558464351125901,-0.6558464351125901,-0.6558464351125901,-0.6558464351125901,-0.6558464351125901,-0.6558464351125901,-0.6558464351125901,-0.6558464351125901,-0.6558464351125901,-0.6558464351125901,-0.6558464351125901,-0.6558464351125901,-0.6558464351125901,-0.6558464351125901,-0.6558464351125901,-0.6558464351125901,-0.6558464351125901,-0.6558464351125901,-0.6558464351125901,-0.6558464351125901,-0.6558464351125901,-0.6558464351125901,-0.6558464351125901,-0.6558464351125901,-0.6558464351125901,-0.6558464351125901,-0.6558464351125901,-0.6558464351125901,-0.6558464351125901,-0.6558464351125901,-0.6558464351125901,-0.6558464351125901,-0.6558464351125901,-0.6558464351125901,-0.6558464351125901,-0.6558464351125901,-0.6558464351125901,-0.6558464351125901,-0.6558464351125901,-0.6558464351125901,-0.6558464351125901,-0.6558464351125901,-0.6558464351125901,-0.6558464351125901
-0.7160204434261156,-0.7160204434261156,-0.7160204434261156,-0.7160204434261156,-0.7160204434261156,-0.7160204434261156,-0.7160204434261156,-0.7160204434261156,-0.7160204434261156,-0.7160204434261156,-0.7160204434261156,-0.7160204434261156,-0.7160204434261156,-0.7160204434261156,-0.7160204434261156,-0.7160204434261156,-0.7160204434261156,-0.7160204434261156,-0.7160204434261156,-0.7160204434261156,-0.7160204434261156,-0.7160204434261156,-0.7160204434261156,-0.7160204434261156,-0.7160204434261156,-0.7160204434261156,-0.7160204434261156,-0.7160204434261156,-0.7160204434261156,-0.7160204434261156,-0.7160204434261156,-0.7160204434261156,-0.7160204434261156,-0.7160204434261156,-0.7160204434261156,-0.7160204434261156,-0.7160204434261156,-0.7160204434261156,-0.7160204434261156,-0.7160204434261156,-0.7160204434261156,-0.7160204434261156,-0.7160204434261156,-0.7160204434261156,-0.7160204434261156,-0.7160204434261156,-0.7160204434261156,-0.7160204434261156,-0.7160204434261156,-0.7160204434261156,-0.7160204434261156,-0.7160204434261156,-0.7160204434261156,-0.7160204434261156,-0.7160204434261156,-0.7160204434261156,-0.7160204434261156,-0.7160204434261156,-0.7160204434261156,-0.7160204434261156,-0.7160204434261156,-0.7160204434261156,-0.7160204434261156,-0.7160204434261156,-0.7160204434261156,-0.7160204434261156,-0.7160204434261156,-0.7160204434261156,-0.7160204434261156,-0.7160204434261156,-0.7160204434261156,-0.7160204434261156,-0.7160204434261156,-0.7160204434261156,-0.7160204434261156,-0.7160204434261156,-0.7160204434261156,-0.7160204434261156,-0.7160204434261156,-0.7160204434261156,-0.7160204434261156,-0.7160204434261156,-0.7160204434261156,-0.7160204434261156,-0.7160204434261156,-0.7160204434261156,-0.7160204434261156,-0.7160204434261156,-0.7160204434261156,-0.7160204434261156,-0.7160204434261156,-0.7160204434261156,-0.7160204434261156,-0.7160204434261156,-0.7160204434261156,-0.7160204434261156,-0.7160204434261156,-0.7160204434261156,-0.7160204434261156,-0.7160204434261156,-0.7160204434261156,-0.7160204434261156,-0.7160204434261156,-0.7160204434261156,-0.7160204434261156,-0.7160204434261156,-0.7160204434261156,-0.7160204434261156,-0.7160204434261156,-0.7160204434261156,-0.7160204434261156,-0.7160204434261156,-0.7160204434261156,-0.7160204434261156,-0.7160204434261156,-0.7160204434261156,-0.7160204434261156,-0.7160204434261156,-0.7160204434261156,-0.7160204434261156,-0.7160204434261156,-0.7160204434261156,-0.7160204434261156,-0.7160204434261156,-0.7160204434261156,-0.7160204434261156,-0.7160204434261156,-0.7160204434261156,-0.7160204434261156,-0.7160204434261156,-0.7160204434261156,-0.7160204434261156,-0.7160204434261156,-0.7160204434261156,-0.7160204434261156,-0.7160204434261156,-0.7160204434261156,-0.7160204434261156,-0.7160204434261156,-0.7160204434261156,-0.7160204434261156,-0.7160204434261156,-0.7160204434261156,-0.7160204434261156,-0.7160204434261156,-0.7160204434261156,-0.7160204434261156,-0.7160204434261156,-0.7160204434261156,-0.7160204434261156,-0.7160204434261156,-0.7160204434261156,-0.7160204434261156,-0.7160204434261156,-0.7160204434261156,-0.7160204434261156,-0.7160204434261156,-0.7160204434261156,-0.7160204434261156,-0.7160204434261156,-0.7160204434261156,-0.7160204434261156,-0.7160204434261156,-0.7160204434261156,-0.7160204434261156,-0.7160204434261156,-0.7160204434261156,-0.7160204434261156,-0.7160204434261156,-0.7160204434261156,-0.7160204434261156,-0.7160204434261156,-0.7160204434261156,-0.7160204434261156,-0.7160204434261156,-0.7160204434261156,-0.7160204434261156,-0.7160204434261156,-0.7160204434261156,-0.7160204434261156,-0.7160204434261156,-0.7160204434261156,-0.7160204434261156,-0.7160204434261156,-0.7160204434261156,-0.7160204434261156,-0.7160204434261156,-0.7160204434261156,-0.7160204434261156,-0.7160204434261156,-0.7160204434261156,-0.7160204434261156,-0.7160204434261156,-0.7160204434261156,-0.7160204434261156,-0.7160204434261156,-0.7160204434261156,-0.7160204434261156,-0.7160204434261156,-0.7160204434261156,-0.7160204434261156,-0.7160204434261156,-0.7160204434261156,-0.7160204434261156,-0.7160204434261156,-0.7160204434261156,-0.7160204434261156,-0.7160204434261156,-0.7160204434261156,-0.7160204434261156,-0.7160204434261156,-0.7160204434261156,-0.7160204434261156,-0.7160204434261156,-0.7160204434261156,-0.7160204434261156,-0.7160204434261156,-0.7160204434261156,-0.7160204434261156,-0.7160204434261156,-0.7160204434261156,-0.7160204434261156,-0.7160204434261156,-0.7160204434261156,-0.7160204434261156,-0.7160204434261156,-0.7160204434261156,-0.7160204434261156,-0.7160204434261156,-0.7160204434261156,-0.7160204434261156,-0.7160204434261156,-0.7160204434261156,-0.7160204434261156,-0.7160204434261156,-0.7160204434261156,-0.7160204434261156,-0.7160204434261156,-0.7160204434261156,-0.7160204434261156,-0.7160204434261156,-0.7160204434261156,-0.7160204434261156,-0.7160204434261156,-0.7160204434261156,-0.7160204434261156,-0.7160204434261156,-0.7160204434261156,-0.7160204434261156,-0.7160204434261156,-0.7160204434261156,-0.7160204434261156,-0.7160204434261156,-0.7160204434261156,-0.7160204434261156,-0.7160204434261156,-0.7160204434261156,-0.7160204434261156,-0.7160204434261156,-0.7160204434261156,-0.7160204434261156,-0.7160204434261156,-0.7160204434261156,-0.7160204434261156,-0.7160204434261156,-0.7160204434261156,-0.7160204434261156,-0.7160204434261156,-0.7160204434261156,-0.7160204434261156,-0.7160204434261156,-0.7160204434261156,-0.7160204434261156,-0.7160204434261156,-0.7160204434261156,-0.7160204434261156,-0.7160204434261156,-0.7160204434261156,-0.7160204434261156,-0.7160204434261156,-0.7160204434261156,-0.7160204434261156,-0.7160204434261156,-0.7160204434261156,-0.7160204434261156,-0.7160204434261156,-0.7160204434261156,-0.7160204434261156,-0.7160204434261156,-0.7160204434261156,-0.7160204434261156,-0.7160204434261156,-0.7160204434261156,-0.7160204434261156,-0.7160204434261156,-0.7160204434261156,-0.7160204434261156,-0.7160204434261156,-0.7160204434261156,-0.7160204434261156,-0.7160204434261156,-0.7160204434261156,-0.7160204434261156,-0.7160204434261156,-0.7160204434261156,-0.7160204434261156,-0.7160204434261156,-0.7160204434261156,-0.7160204434261156,-0.7160204434261156,-0.7160204434261156,-0.7160204434261156,-0.7160204434261156,-0.7160204434261156,-0.7160204434261156,-0.7160204434261156,-0.7160204434261156,-0.7160204434261156,-0.7160204434261156,-0.7160204434261156,-0.7160204434261156,-0.7160204434261156,-0.7160204434261156,-0.7160204434261156,-0.7160204434261156,-0.7160204434261156,-0.7160204434261156,-0.7160204434261156,-0.7160204434261156,-0.7160204434261156,-0.7160204434261156,-0.7160204434261156,-0.7160204434261156,-0.7160204434261156,-0.7160204434261156,-0.7160204434261156,-0.7160204434261156,-0.7160204434261156,-0.7160204434261156,-0.7160204434261156,-0.7160204434261156,-0.7160204434261156,-0.7160204434261156,-0.7160204434261156,-0.7160204434261156,-0.7160204434261156,-0.7160204434261156,-0.7160204434261156,-0.7160204434261156,-0.7160204434261156,-0.7160204434261156,-0.7160204434261156,-0.7160204434261156,-0.7160204434261156,-0.7160204434261156,-0.7160204434261156,-0.7160204434261156,-0.7160204434261156,-0.7160204434261156,-0.7160204434261156,-0.7160204434261156,-0.7160204434261156,-0.7160204434261156,-0.7160204434261156,-0.7160204434261156,-0.7160204434261156,-0.7160204434261156,-0.7160204434261156,-0.7160204434261156,-0.7160204434261156,-0.7160204434261156,-0.7160204434261156,-0.7160204434261156,-0.7160204434261156,-0.7160204434261156,-0.7160204434261156,-0.7160204434261156,-0.7160204434261156,-0.7160204434261156,-0.7160204434261156,-0.7160204434261156,-0.7160204434261156,-0.7160204434261156,-0.7160204434261156,-0.7160204434261156,-0.7160204434261156,-0.7160204434261156,-0.7160204434261156,-0.7160204434261156,-0.7160204434261156,-0.7160204434261156,-0.7160204434261156,-0.7160204434261156,-0.7160204434261156,-0.7160204434261156,-0.7160204434261156,-0.7160204434261156,-0.7160204434261156,-0.7160204434261156,-0.7160204434261156,-0.7160204434261156,-0.7160204434261156,-0.7160204434261156,-0.7160204434261156,-0.7160204434261156,-0.7160204434261156,-0.7160204434261156,-0.7160204434261156,-0.7160204434261156,-0.7160204434261156,-0.7160204434261156,-0.7160204434261156,-0.7160204434261156,-0.7160204434261156,-0.7160204434261156,-0.7160204434261156,-0.7160204434261156,-0.7160204434261156,-0.7160204434261156,-0.7160204434261156
1.0,1.0,1.0,1.0,1.0,1.0,1.0,1.0,1.0,1.0,1.0,1.0,1.0,1.0,1.0,1.0,1.0,1.0,1.0,1.0,1.0,1.0,1.0,1.0,1.0,1.0,1.0,1.0,1.0,1.0,1.0,1.0,1.0,1.0,1.0,1.0,1.0,1.0,1.0,1.0,1.0,1.0,1.0,1.0,1.0,1.0,1.0,1.0,1.0,1.0,1.0,1.0,1.0,1.0,1.0,1.0,1.0,1.0,1.0,1.0,1.0,1.0,1.0,1.0,1.0,1.0,1.0,1.0,1.0,1.0,1.0,1.0,1.0,1.0,1.0,1.0,1.0,1.0,1.0,1.0,1.0,1.0,1.0,1.0,1.0,1.0,1.0,1.0,1.0,1.0,1.0,1.0,1.0,1.0,1.0,1.0,1.0,1.0,1.0,1.0,1.0,1.0,1.0,1.0,1.0,1.0,1.0,1.0,1.0,1.0,1.0,1.0,1.0,1.0,1.0,1.0,1.0,1.0,1.0,1.0,1.0,1.0,1.0,1.0,1.0,1.0,1.0,1.0,1.0,1.0,1.0,1.0,1.0,1.0,1.0,1.0,1.0,1.0,1.0,1.0,1.0,1.0,1.0,1.0,1.0,1.0,1.0,1.0,1.0,1.0,1.0,1.0,1.0,1.0,1.0,1.0,1.0,1.0,1.0,1.0,1.0,1.0,1.0,1.0,1.0,1.0,1.0,1.0,1.0,1.0,1.0,1.0,1.0,1.0,1.0,1.0,1.0,1.0,1.0,1.0,1.0,1.0,1.0,1.0,1.0,1.0,1.0,1.0,1.0,1.0,1.0,1.0,1.0,1.0,1.0,1.0,1.0,1.0,1.0,1.0,1.0,1.0,1.0,1.0,1.0,1.0,1.0,1.0,1.0,1.0,1.0,1.0,1.0,1.0,1.0,1.0,1.0,1.0,1.0,1.0,1.0,1.0,1.0,1.0,1.0,1.0,1.0,1.0,1.0,1.0,1.0,1.0,1.0,1.0,1.0,1.0,1.0,1.0,1.0,1.0,1.0,1.0,1.0,1.0,1.0,1.0,1.0,1.0,1.0,1.0,1.0,1.0,1.0,1.0,1.0,1.0,1.0,1.0,1.0,1.0,1.0,1.0,1.0,1.0,1.0,1.0,1.0,1.0,1.0,1.0,1.0,1.0,1.0,1.0,1.0,1.0,1.0,1.0,1.0,1.0,1.0,1.0,1.0,1.0,1.0,1.0,1.0,1.0,1.0,1.0,1.0,1.0,1.0,1.0,1.0,1.0,1.0,1.0,1.0,1.0,1.0,1.0,1.0,1.0,1.0,1.0,1.0,1.0,1.0,1.0,1.0,1.0,1.0,1.0,1.0,1.0,1.0,1.0,1.0,1.0,1.0,1.0,1.0,1.0,1.0,1.0,1.0,1.0,1.0,1.0,1.0,1.0,1.0,1.0,1.0,1.0,1.0,1.0,1.0,1.0,1.0,1.0,1.0,1.0,1.0,1.0,1.0,1.0,1.0,1.0,1.0,1.0,1.0,1.0,1.0,1.0,1.0,1.0,1.0,1.0,1.0,1.0,1.0,1.0,1.0,1.0,1.0,1.0,1.0,1.0,1.0,1.0,1.0,1.0,1.0,1.0,1.0,1.0,1.0,1.0,1.0,1.0,1.0,1.0,1.0,1.0,1.0,1.0,1.0,1.0,1.0,1.0,1.0,1.0,1.0,1.0,1.0,1.0,1.0,1.0,1.0,1.0,1.0,1.0,1.0,1.0,1.0,1.0,1.0,1.0,1.0,1.0,1.0,1.0,1.0,1.0,1.0,1.0,1.0,1.0
1.0,1.0,1.0,1.0,1.0,1.0,1.0,1.0,1.0,1.0,1.0,1.0,1.0,1.0,1.0,1.0,1.0,1.0,1.0,1.0,1.0,1.0,1.0,1.0,1.0,1.0,1.0,1.0,1.0,1.0,1.0,1.0,1.0,1.0,1.0,1.0,1.0,1.0,1.0,1.0,1.0,1.0,1.0,1.0,1.0,1.0,1.0,1.0,1.0,1.0,1.0,1.0,1.0,1.0,1.0,1.0,1.0,1.0,1.0,1.0,1.0,1.0,1.0,1.0,1.0,1.0,1.0,1.0,1.0,1.0,1.0,1.0,1.0,1.0,1.0,1.0,1.0,1.0,1.0,1.0,1.0,1.0,1.0,1.0,1.0,1.0,1.0,1.0,1.0,1.0,1.0,1.0,1.0,1.0,1.0,1.0,1.0,1.0,1.0,1.0,1.0,1.0,1.0,1.0,1.0,1.0,1.0,1.0,1.0,1.0,1.0,1.0,1.0,1.0,1.0,1.0,1.0,1.0,1.0,1.0,1.0,1.0,1.0,1.0,1.0,1.0,1.0,1.0,1.0,1.0,1.0,1.0,1.0,1.0,1.0,1.0,1.0,1.0,1.0,1.0,1.0,1.0,1.0,1.0,1.0,1.0,1.0,1.0,1.0,1.0,1.0,1.0,1.0,1.0,1.0,1.0,1.0,1.0,1.0,1.0,1.0,1.0,1.0,1.0,1.0,1.0,1.0,1.0,1.0,1.0,1.0,1.0,1.0,-1.0,-1.0,-1.0,-1.0,-1.0,1.0,-1.0,1.0,1.0,1.0,-1.0,-1.0,-1.0,-1.0,-1.0,-1.0,1.0,-1.0,1.0,1.0,-1.0,1.0,-1.0,-1.0,1.0,1.0,-1.0,-1.0,-1.0,-1.0,1.0,1.0,-1.0,-1.0,1.0,-1.0,1.0,-1.0,-1.0,1.0,-1.0,-1.0,-1.0,1.0,-1.0,-1.0,-1.0,-1.0,-1.0,-1.0,-1.0,-1.0,-1.0,-1.0,-1.0,-1.0,-1.0,-1.0,-1.0,-1.0,1.0,-1.0,-1.0,-1.0,-1.0,1.0,-1.0,-1.0,-1.0,-1.0,1.0,-1.0,-1.0,-1.0,-1.0,-1.0,-1.0,-1.0,-1.0,-1.0,-1.0,-1.0,-1.0,-1.0,1.0,-1.0,-1.0,-1.0,-1.0,-1.0,-1.0,-1.0,-1.0,1.0,-1.0,-1.0,-1.0,1.0,-1.0,1.0,-1.0,-1.0,1.0,-1.0,1.0,-1.0,-1.0,1.0,-1.0,1.0,-1.0,1.0,-1.0,-1.0,1.0,-1.0,1.0,-1.0,-1.0,-1.0,-1.0,1.0,-1.0,1.0,-1.0,-1.0,1.0,-1.0,1.0,-1.0,-1.0,1.0,-1.0,1.0,-1.0,-1.0,1.0,-1.0,1.0,-1.0,-1.0,-1.0,1.0,-1.0,1.0,-1.0,-1.0,-1.0,-1.0,-1.0,-1.0,-1.0,1.0,1.0,-1.0,-1.0,-1.0,-1.0,-1.0,-1.0,-1.0,-1.0,-1.0,1.0,1.0,1.0,1.0,1.0,1.0,-1.0,-1.0,-1.0,-1.0,-1.0,-1.0,-1.0,-1.0,-1.0,-1.0,-1.0,-1.0,-1.0,1.0,1.0,1.0,1.0,1.0,1.0,-1.0,-1.0,-1.0,-1.0,-1.0,-1.0,-1.0,-1.0,-1.0,-1.0,1.0,-1.0,-1.0,-1.0,-1.0,-1.0,-1.0,-1.0,-1.0,-1.0,-1.0,-1.0,-1.0,-1.0,-1.0,-1.0,-1.0,-1.0,-1.0,1.0,-1.0,1.0,1.0,1.0,1.0,1.0,1.0,1.0,1.0,-1.0,-1.0,-1.0,-1.0,-1.0,-1.0,-1.0,-1.0,-1.0,-1.0,1.0,-1.0,1.0,-1.0,-1.0,-1.0,1.0,-1.0,-1.0,1.0
-1.0,-1.0,-1.0,-1.0,-1.0,-1.0,-1.0,-1.0,-1.0,-1.0,-1.0,-1.0,-1.0,-1.0,-1.0,-1.0,-1.0,-1.0,-1.0,-1.0,-1.0,-1.0,-1.0,-1.0,-1.0,-1.0,-1.0,-1.0,-1.0,-1.0,-1.0,-1.0,-1.0,-1.0,-1.0,-1.0,-1.0,-1.0,-1.0,-1.0,-1.0,-1.0,-1.0,-1.0,-1.0,-1.0,-1.0,-1.0,-1.0,-1.0,-1.0,-1.0,-1.0,-1.0,-1.0,-1.0,-1.0,-1.0,-1.0,-1.0,-1.0,-1.0,-1.0,-1.0,-1.0,-1.0,-1.0,-1.0,-1.0,-1.0,-1.0,-1.0,-1.0,-1.0,-1.0,-1.0,-1.0,-1.0,-1.0,-1.0,-1.0,-1.0,-1.0,-1.0,-1.0,-1.0,-1.0,-1.0,-1.0,-1.0,-1.0,-1.0,-1.0,-1.0,-1.0,-1.0,-1.0,-1.0,-1.0,-1.0,-1.0,-1.0,-1.0,-1.0,-1.0,-1.0,-1.0,-1.0,-1.0,-1.0,-1.0,-1.0,-1.0,-1.0,-1.0,-1.0,-1.0,-1.0,-1.0,-1.0,-1.0,-1.0,-1.0,-1.0,-1.0,-1.0,-1.0,-1.0,-1.0,-1.0,-1.0,-1.0,-1.0,-1.0,-1.0,-1.0,-1.0,-1.0,-1.0,-1.0,-1.0,-1.0,-1.0,-1.0,-1.0,-1.0,-1.0,-1.0,-1.0,-1.0,-1.0,-1.0,-1.0,-1.0,-1.0,-1.0,-1.0,-1.0,-1.0,-1.0,-1.0,-1.0,-1.0,-1.0,-1.0,-1.0,-1.0,-1.0,-1.0,-1.0,-1.0,-1.0,-1.0,1.0,-1.0,-1.0,-1.0,-1.0,-1.0,1.0,-1.0,-1.0,-1.0,-1.0,1.0,-1.0,-1.0,-1.0,-1.0,-1.0,1.0,-1.0,-1.0,-1.0,-1.0,-1.0,-1.0,-1.0,-1.0,-1.0,-1.0,1.0,1.0,-1.0,-1.0,-1.0,-1.0,-1.0,-1.0,-1.0,1.0,-1.0,-1.0,-1.0,1.0,-1.0,-1.0,-1.0,1.0,-1.0,-1.0,-1.0,-1.0,-1.0,-1.0,-1.0,-1.0,-1.0,-1.0,-1.0,-1.0,-1.0,-1.0,-1.0,-1.0,1.0,1.0,-1.0,-1.0,-1.0,1.0,1.0,-1.0,-1.0,-1.0,-1.0,-1.0,-1.0,-1.0,1.0,1.0,-1.0,-1.0,-1.0,1.0,-1.0,-1.0,1.0,-1.0,-1.0,-1.0,-1.0,-1.0,-1.0,-1.0,-1.0,-1.0,-1.0,1.0,1.0,-1.0,-1.0,-1.0,1.0,1.0,-1.0,-1.0,-1.0,1.0,-1.0,-1.0,-1.0,-1.0,-1.0,-1.0,1.0,1.0,-1.0,-1.0,-1.0,1.0,1.0,1.0,1.0,-1.0,-1.0,-1.0,1.0,1.0,-1.0,-1.0,-1.0,1.0,1.0,-1.0,-1.0,-1.0,1.0,1.0,-1.0,-1.0,-1.0,1.0,1.0,1.0,-1.0,1.0,-1.0,-1.0,-1.0,-1.0,-1.0,-1.0,-1.0,-1.0,-1.0,-1.0,1.0,-1.0,-1.0,-1.0,-1.0,-1.0,-1.0,-1.0,-1.0,-1.0,-1.0,-1.0,-1.0,-1.0,-1.0,-1.0,-1.0,-1.0,-1.0,-1.0,-1.0,-1.0,-1.0,-1.0,-1.0,-1.0,-1.0,-1.0,-1.0,-1.0,-1.0,-1.0,-1.0,-1.0,-1.0,-1.0,1.0,1.0,-1.0,-1.0,1.0,1.0,-1.0,-1.0,1.0,-1.0,1.0,-1.0,-1.0,-1.0,1.0,-1.0,-1.0,-1.0,1.0,-1.0,-1.0,-1.0,1.0,-1.0,-1.0,-1.0,1.0,-1.0,-1.0,-1.0,-1.0,-1.0,-1.0,-1.0,-1.0,-1.0,-1.0,-1.0,-1.0,-1.0,-1.0,-1.0,-1.0,-1.0,-1.0,1.0,-1.0,-1.0,-1.0,-1.0,-1.0,1.0,-1.0,-1.0,-1.0,-1.0,-1.0
-1.0,-1.0,-1.0,-1.0,-1.0,-1.0,-1.0,-1.0,-1.0,-1.0,-1.0,-1.0,-1.0,-1.0,-1.0,-1.0,-1.0,-1.0,-1.0,-1.0,-1.0,-1.0,-1.0,-1.0,-1.0,-1.0,-1.0,-1.0,-1.0,-1.0,-1.0,-1.0,-1.0,-1.0,-1.0,-1.0,-1.0,-1.0,-1.0,-1.0,-1.0,-1.0,-1.0,-1.0,-1.0,-1.0,-1.0,-1.0,-1.0,-1.0,-1.0,-1.0,-1.0,-1.0,-1.0,-1.0,-1.0,-1.0,-1.0,-1.0,-1.0,-1.0,-1.0,-1.0,-1.0,-1.0,-1.0,-1.0,-1.0,-1.0,-1.0,-1.0,-1.0,-1.0,-1.0,-1.0,-1.0,-1.0,-1.0,-1.0,-1.0,-1.0,-1.0,-1.0,-1.0,-1.0,-1.0,-1.0,-1.0,-1.0,-1.0,-1.0,-1.0,-1.0,-1.0,-1.0,-1.0,-1.0,-1.0,-1.0,-1.0,-1.0,-1.0,-1.0,-1.0,-1.0,-1.0,-1.0,-1.0,-1.0,-1.0,-1.0,-1.0,-1.0,-1.0,-1.0,-1.0,-1.0,-1.0,-1.0,-1.0,-1.0,-1.0,-1.0,-1.0,-1.0,-1.0,-1.0,-1.0,-1.0,-1.0,-1.0,-1.0,-1.0,-1.0,-1.0,-1.0,-1.0,-1.0,-1.0,-1.0,-1.0,-1.0,-1.0,-1.0,-1.0,-1.0,-1.0,-1.0,-1.0,-1.0,-1.0,-1.0,-1.0,-1.0,-1.0,-1.0,-1.0,-1.0,-1.0,-1.0,-1.0,-1.0,-1.0,-1.0,-1.0,-1.0,-1.0,-1.0,-1.0,-1.0,-1.0,-1.0,-1.0,-1.0,-1.0,-1.0,-1.0,-1.0,-1.0,-1.0,-1.0,-1.0,-1.0,-1.0,-1.0,-1.0,-1.0,-1.0,-1.0,-1.0,-1.0,-1.0,-1.0,-1.0,-1.0,-1.0,-1.0,-1.0,-1.0,-1.0,-1.0,-1.0,-1.0,-1.0,-1.0,-1.0,-1.0,-1.0,-1.0,-1.0,-1.0,-1.0,-1.0,-1.0,-1.0,-1.0,-1.0,-1.0,-1.0,-1.0,-1.0,-1.0,-1.0,-1.0,-1.0,-1.0,-1.0,-1.0,-1.0,-1.0,-1.0,-1.0,-1.0,-1.0,-1.0,-1.0,-1.0,-1.0,-1.0,-1.0,-1.0,-1.0,-1.0,-1.0,-1.0,-1.0,-1.0,-1.0,-1.0,-1.0,-1.0,-1.0,-1.0,-1.0,-1.0,-1.0,-1.0,-1.0,-1.0,-1.0,-1.0,-1.0,-1.0,-1.0,-1.0,-1.0,-1.0,-1.0,-1.0,-1.0,-1.0,-1.0,-1.0,-1.0,-1.0,-1.0,-1.0,-1.0,-1.0,-1.0,-1.0,-1.0,-1.0,-1.0,-1.0,-1.0,-1.0,-1.0,-1.0,-1.0,-1.0,-1.0,-1.0,-1.0,-1.0,-1.0,-1.0,-1.0,-1.0,-1.0,-1.0,-1.0,-1.0,-1.0,-1.0,-1.0,-1.0,-1.0,-1.0,-1.0,-1.0,-1.0,-1.0,-1.0,-1.0,-1.0,-1.0,-1.0,-1.0,-1.0,-1.0,-1.0,-1.0,-1.0,-1.0,-1.0,-1.0,-1.0,-1.0,-1.0,-1.0,-1.0,-1.0,-1.0,-1.0,-1.0,-1.0,-1.0,-1.0,-1.0,-1.0,-1.0,-1.0,-1.0,-1.0,-1.0,-1.0,-1.0,-1.0,-1.0,-1.0,-1.0,-1.0,-1.0,-1.0,-1.0,-1.0,-1.0,-1.0,-1.0,-1.0,-1.0,-1.0,-1.0,-1.0,-1.0,-1.0,-1.0,-1.0,-1.0,-1.0,-1.0,-1.0,-1.0,-1.0,-1.0,-1.0,-1.0,-1.0,-1.0,-1.0,-1.0,-1.0,-1.0,-1.0,-1.0,-1.0,-1.0,-1.0,-1.0,-1.0,-1.0,-1.0,-1.0,-1.0,-1.0,-1.0,-1.0,-1.0,-1.0,-1.0,-1.0,-1.0,-1.0,-1.0,-1.0,-1.0,-1.0,-1.0,-1.0,-1.0,-1.0,-1.0,-1.0,-1.0,-1.0,-1.0,-1.0,-1.0
-1.0,-1.0,-1.0,-1.0,-1.0,-1.0,-1.0,-1.0,-1.0,-1.0,-1.0,-1.0,-1.0,-1.0,-1.0,-1.0,-1.0,-1.0,-1.0,-1.0,-1.0,-1.0,-1.0,-1.0,-1.0,-1.0,-1.0,-1.0,-1.0,-1.0,-1.0,-1.0,-1.0,-1.0,-1.0,-1.0,-1.0,-1.0,-1.0,-1.0,-1.0,-1.0,-1.0,-1.0,-1.0,-1.0,-1.0,-1.0,-1.0,-1.0,-1.0,-1.0,-1.0,-1.0,-1.0,-1.0,-1.0,-1.0,-1.0,-1.0,-1.0,-1.0,-1.0,-1.0,-1.0,-1.0,-1.0,-1.0,-1.0,-1.0,-1.0,-1.0,-1.0,-1.0,-1.0,-1.0,-1.0,-1.0,-1.0,-1.0,-1.0,-1.0,-1.0,-1.0,-1.0,-1.0,-1.0,-1.0,-1.0,-1.0,-1.0,-1.0,-1.0,-1.0,-1.0,-1.0,-1.0,-1.0,-1.0,-1.0,-1.0,-1.0,-1.0,-1.0,-1.0,-1.0,-1.0,-1.0,-1.0,-1.0,-1.0,-1.0,-1.0,-1.0,-1.0,-1.0,-1.0,-1.0,-1.0,-1.0,-1.0,-1.0,-1.0,-1.0,-1.0,-1.0,-1.0,-1.0,-1.0,-1.0,-1.0,-1.0,-1.0,-1.0,-1.0,-1.0,-1.0,-1.0,-1.0,-1.0,-1.0,-1.0,-1.0,-1.0,-1.0,-1.0,-1.0,-1.0,-1.0,-1.0,-1.0,-1.0,-1.0,-1.0,-1.0,-1.0,-1.0,-1.0,-1.0,-1.0,-1.0,-1.0,-1.0,-1.0,-1.0,-1.0,-1.0,-1.0,-1.0,-1.0,-1.0,-1.0,-1.0,-1.0,-1.0,-1.0,-1.0,-1.0,-1.0,-1.0,-1.0,-1.0,-1.0,-1.0,-1.0,-1.0,-1.0,-1.0,-1.0,-1.0,-1.0,-1.0,-1.0,-1.0,-1.0,-1.0,-1.0,-1.0,-1.0,-1.0,-1.0,-1.0,-1.0,-1.0,-1.0,-1.0,-1.0,-1.0,-1.0,-1.0,-1.0,-1.0,-1.0,-1.0,-1.0,-1.0,-1.0,-1.0,-1.0,-1.0,-1.0,-1.0,-1.0,-1.0,-1.0,-1.0,-1.0,-1.0,-1.0,-1.0,-1.0,-1.0,-1.0,-1.0,-1.0,-1.0,-1.0,-1.0,-1.0,-1.0,-1.0,-1.0,-1.0,-1.0,-1.0,-1.0,1.0,-1.0,-1.0,-1.0,-1.0,-1.0,-1.0,-1.0,-1.0,-1.0,-1.0,-1.0,-1.0,-1.0,-1.0,-1.0,-1.0,-1.0,-1.0,-1.0,-1.0,-1.0,-1.0,-1.0,-1.0,-1.0,-1.0,-1.0,-1.0,-1.0,-1.0,-1.0,-1.0,-1.0,-1.0,-1.0,-1.0,-1.0,-1.0,-1.0,-1.0,-1.0,-1.0,-1.0,-1.0,-1.0,-1.0,-1.0,-1.0,-1.0,-1.0,-1.0,-1.0,-1.0,-1.0,-1.0,-1.0,-1.0,-1.0,-1.0,-1.0,-1.0,-1.0,-1.0,-1.0,-1.0,-1.0,-1.0,-1.0,-1.0,-1.0,-1.0,-1.0,-1.0,-1.0,-1.0,-1.0,-1.0,-1.0,-1.0,-1.0,-1.0,-1.0,-1.0,-1.0,-1.0,-1.0,-1.0,-1.0,-1.0,-1.0,-1.0,-1.0,-1.0,-1.0,-1.0,-1.0,-1.0,-1.0,-1.0,-1.0,-1.0,-1.0,-1.0,-1.0,-1.0,-1.0,-1.0,-1.0,-1.0,-1.0,-1.0,-1.0,-1.0,-1.0,-1.0,-1.0,-1.0,-1.0,-1.0,-1.0,-1.0,-1.0,-1.0,-1.0,-1.0,-1.0,-1.0,-1.0,-1.0,-1.0,-1.0,-1.0,-1.0,-1.0,-1.0,-1.0,-1.0,-1.0,-1.0,-1.0,-1.0,-1.0,-1.0,1.0,-1.0,-1.0,-1.0,-1.0,-1.0,-1.0,-1.0,-1.0,-1.0,-1.0,-1.0,-1.0,-1.0,-1.0,-1.0,-1.0,-1.0,-1.0,-1.0,-1.0,-1.0,-1.0,-1.0,-1.0,-1.0,-1.0,-1.0,-1.0,-1.0
1.0,1.0,1.0,1.0,1.0,1.0,1.0,-1.0,1.0,1.0,1.0,1.0,1.0,1.0,1.0,1.0,1.0,-1.0,1.0,1.0,1.0,1.0,1.0,1.0,1.0,1.0,1.0,1.0,1.0,1.0,1.0,1.0,1.0,1.0,1.0,1.0,1.0,-1.0,1.0,1.0,1.0,1.0,1.0,1.0,1.0,1.0,1.0,1.0,1.0,1.0,1.0,1.0,1.0,1.0,-1.0,1.0,1.0,1.0,1.0,1.0,1.0,1.0,1.0,-1.0,1.0,1.0,1.0,1.0,1.0,1.0,1.0,-1.0,1.0,1.0,1.0,1.0,1.0,1.0,1.0,1.0,-1.0,1.0,1.0,1.0,1.0,1.0,1.0,1.0,1.0,1.0,-1.0,1.0,1.0,1.0,-1.0,1.0,1.0,1.0,1.0,1.0,1.0,1.0,1.0,1.0,1.0,1.0,1.0,1.0,1.0,1.0,-1.0,1.0,1.0,1.0,1.0,1.0,1.0,1.0,1.0,1.0,1.0,1.0,1.0,1.0,1.0,-1.0,1.0,1.0,1.0,1.0,1.0,1.0,1.0,1.0,1.0,1.0,1.0,1.0,1.0,-1.0,1.0,-1.0,1.0,1.0,-1.0,1.0,1.0,1.0,1.0,1.0,1.0,1.0,-1.0,1.0,1.0,1.0,1.0,1.0,1.0,1.0,1.0,1.0,1.0,1.0,1.0,-1.0,-1.0,-1.0,-1.0,-1.0,-1.0,-1.0,-1.0,-1.0,-1.0,-1.0,-1.0,-1.0,-1.0,-1.0,-1.0,-1.0,-1.0,-1.0,-1.0,-1.0,-1.0,-1.0,-1.0,-1.0,-1.0,-1.0,-1.0,-1.0,-1.0,-1.0,-1.0,-1.0,-1.0,-1.0,-1.0,-1.0,-1.0,-1.0,-1.0,-1.0,-1.0,-1.0,-1.0,-1.0,-1.0,-1.0,-1.0,-1.0,-1.0,-1.0,-1.0,-1.0,-1.0,-1.0,-1.0,-1.0,-1.0,-1.0,-1.0,-1.0,-1.0,-1.0,-1.0,-1.0,-1.0,-1.0,-1.0,-1.0,-1.0,-1.0,-1.0,-1.0,-1.0,-1.0,-1.0,-1.0,-1.0,-1.0,-1.0,-1.0,-1.0,-1.0,-1.0,-1.0,-1.0,-1.0,-1.0,-1.0,-1.0,-1.0,-1.0,-1.0,-1.0,-1.0,-1.0,-1.0,-1.0,-1.0,-1.0,-1.0,-1.0,-1.0,-1.0,-1.0,-1.0,-1.0,-1.0,-1.0,-1.0,-1.0,-1.0,-1.0,-1.0,-1.0,-1.0,-1.0,-1.0,-1.0,-1.0,-1.0,-1.0,-1.0,-1.0,-1.0,-1.0,-1.0,-1.0,-1.0,-1.0,-1.0,-1.0,-1.0,-1.0,-1.0,-1.0,-1.0,-1.0,-1.0,-1.0,-1.0,-1.0,-1.0,-1.0,-1.0,-1.0,-1.0,-1.0,-1.0,-1.0,-1.0,-1.0,-1.0,-1.0,-1.0,-1.0,-1.0,-1.0,-1.0,-1.0,-1.0,-1.0,-1.0,-1.0,-1.0,-1.0,-1.0,1.0,1.0,1.0,1.0,1.0,1.0,1.0,1.0,1.0,1.0,-1.0,-1.0,-1.0,-1.0,-1.0,-1.0,-1.0,-1.0,-1.0,-1.0,-1.0,-1.0,-1.0,-1.0,-1.0,-1.0,-1.0,-1.0,-1.0,-1.0,-1.0,-1.0,-1.0,-1.0,-1.0,-1.0,-1.0,-1.0,-1.0,-1.0,-1.0,-1.0,-1.0,-1.0,-1.0,-1.0,-1.0,-1.0,-1.0,-1.0,-1.0,-1.0,-1.0,-1.0,-1.0,-1.0,-1.0,-1.0,1.0,1.0,1.0,1.0,1.0,1.0,1.0,1.0,1.0,1.0,-1.0,-1.0,-1.0,-1.0,-1.0,-1.0,-1.0,1.0,-1.0,-1.0,-1.0,-1.0,-1.0,-1.0,-1.0,-1.0,-1.0,-1.0,-1.0,-1.0
-1.0,1.0,1.0,1.0,-1.0,-1.0,-1.0,-1.0,-1.0,-1.0,-1.0,-1.0,-1.0,-1.0,-1.0,-1.0,-1.0,-1.0,-1.0,-1.0,-1.0,-1.0,-1.0,-1.0,-1.0,-1.0,-1.0,-1.0,-1.0,-1.0,-1.0,-1.0,-1.0,-1.0,-1.0,-1.0,-1.0,-1.0,-1.0,-1.0,-1.0,-1.0,-1.0,-1.0,-1.0,-1.0,-1.0,-1.0,-1.0,-1.0,-1.0,-1.0,-1.0,-1.0,-1.0,-1.0,-1.0,-1.0,-1.0,-1.0,-1.0,-1.0,-1.0,-1.0,-1.0,-1.0,-1.0,-1.0,-1.0,-1.0,-1.0,-1.0,-1.0,-1.0,-1.0,-1.0,-1.0,-1.0,-1.0,-1.0,-1.0,-1.0,-1.0,-1.0,-1.0,-1.0,-1.0,-1.0,-1.0,-1.0,-1.0,-1.0,-1.0,-1.0,-1.0,-1.0,-1.0,-1.0,-1.0,-1.0,-1.0,-1.0,-1.0,-1.0,-1.0,-1.0,-1.0,-1.0,-1.0,-1.0,-1.0,-1.0,-1.0,-1.0,-1.0,-1.0,-1.0,-1.0,-1.0,-1.0,-1.0,-1.0,-1.0,-1.0,-1.0,-1.0,-1.0,-1.0,-1.0,-1.0,-1.0,-1.0,-1.0,-1.0,-1.0,-1.0,-1.0,-1.0,-1.0,-1.0,-1.0,-1.0,-1.0,-1.0,-1.0,-1.0,-1.0,-1.0,-1.0,-1.0,-1.0,-1.0,-1.0,-1.0,-1.0,-1.0,-1.0,-1.0,-1.0,-1.0,-1.0,-1.0,-1.0,-1.0,-1.0,1.0,1.0,1.0,1.0,1.0,1.0,1.0,1.0,-1.0,-1.0,-1.0,-1.0,-1.0,-1.0,-1.0,-1.0,-1.0,-1.0,-1.0,-1.0,-1.0,-1.0,-1.0,-1.0,-1.0,-1.0,-1.0,-1.0,1.0,1.0,1.0,1.0,1.0,1.0,1.0,-1.0,-1.0,-1.0,-1.0,-1.0,1.0,-1.0,1.0,1.0,1.0,-1.0,-1.0,-1.0,-1.0,-1.0,-1.0,-1.0,-1.0,-1.0,1.0,-1.0,-1.0,-1.0,-1.0,-1.0,-1.0,1.0,-1.0,1.0,-1.0,-1.0,1.0,1.0,-1.0,-1.0,-1.0,-1.0,-1.0,-1.0,-1.0,-1.0,-1.0,-1.0,-1.0,-1.0,1.0,-1.0,-1.0,-1.0,-1.0,-1.0,1.0,-1.0,1.0,-1.0,-1.0,-1.0,-1.0,1.0,1.0,1.0,1.0,1.0,1.0,1.0,1.0,1.0,-1.0,-1.0,-1.0,-1.0,-1.0,-1.0,-1.0,-1.0,-1.0,-1.0,-1.0,-1.0,-1.0,-1.0,-1.0,-1.0,-1.0,-1.0,-1.0,-1.0,-1.0,-1.0,-1.0,-1.0,-1.0,-1.0,-1.0,-1.0,-1.0,-1.0,-1.0,-1.0,-1.0,-1.0,-1.0,-1.0,-1.0,-1.0,-1.0,-1.0,-1.0,-1.0,-1.0,-1.0,-1.0,-1.0,-1.0,-1.0,-1.0,-1.0,-1.0,-1.0,-1.0,-1.0,-1.0,-1.0,-1.0,-1.0,-1.0,-1.0,-1.0,-1.0,-1.0,-1.0,-1.0,-1.0,-1.0,-1.0,-1.0,-1.0,-1.0,-1.0,-1.0,-1.0,-1.0,-1.0,-1.0,-1.0,-1.0,-1.0,-1.0,-1.0,-1.0,-1.0,-1.0,-1.0,-1.0,1.0,-1.0,-1.0,-1.0,-1.0,-1.0,-1.0,1.0,-1.0,-1.0,-1.0,1.0,-1.0,-1.0,-1.0,-1.0,-1.0,-1.0,-1.0,-1.0,-1.0,-1.0,1.0,-1.0,-1.0,-1.0,1.0,-1.0,-1.0,-1.0,1.0,-1.0,-1.0,-1.0,1.0,-1.0,-1.0,-1.0,-1.0,-1.0,-1.0,-1.0,-1.0,-1.0,-1.0,-1.0,1.0,-1.0,-1.0,-1.0,-1.0,-1.0,-1.0,-1.0,-1.0,-1.0,-1.0,-1.0,-1.0,-1.0,-1.0,-1.0,-1.0,-1.0,-1.0,-1.0
-1.0,-1.0,-1.0,-1.0,-1.0,-1.0,-1.0,-1.0,-1.0,-1.0,-1.0,-1.0,-1.0,-1.0,-1.0,-1.0,-1.0,-1.0,-1.0,-1.0,-1.0,-1.0,-1.0,-1.0,-1.0,-1.0,-1.0,-1.0,-1.0,-1.0,-1.0,-1.0,-1.0,-1.0,-1.0,-1.0,-1.0,-1.0,-1.0,-1.0,-1.0,-1.0,-1.0,-1.0,-1.0,-1.0,-1.0,-1.0,-1.0,-1.0,-1.0,-1.0,-1.0,-1.0,-1.0,-1.0,-1.0,-1.0,-1.0,-1.0,-1.0,-1.0,-1.0,-1.0,-1.0,-1.0,-1.0,-1.0,-1.0,-1.0,-1.0,-1.0,-1.0,-1.0,-1.0,-1.0,-1.0,-1.0,-1.0,-1.0,-1.0,-1.0,-1.0,-1.0,-1.0,-1.0,-1.0,-1.0,-1.0,-1.0,-1.0,-1.0,-1.0,-1.0,-1.0,-1.0,-1.0,-1.0,-1.0,-1.0,-1.0,-1.0,-1.0,-1.0,-1.0,-1.0,-1.0,-1.0,-1.0,-1.0,-1.0,-1.0,-1.0,-1.0,-1.0,-1.0,-1.0,-1.0,-1.0,-1.0,-1.0,-1.0,-1.0,-1.0,-1.0,-1.0,-1.0,-1.0,-1.0,-1.0,-1.0,-1.0,-1.0,-1.0,-1.0,-1.0,-1.0,-1.0,-1.0,-1.0,-1.0,-1.0,-1.0,-1.0,-1.0,-1.0,-1.0,-1.0,-1.0,-1.0,-1.0,-1.0,-1.0,-1.0,-1.0,-1.0,-1.0,-1.0,-1.0,-1.0,-1.0,-1.0,-1.0,-1.0,-1.0,-1.0,-1.0,-1.0,-1.0,-1.0,-1.0,-1.0,-1.0,-1.0,-1.0,-1.0,-1.0,-1.0,-1.0,-1.0,-1.0,-1.0,-1.0,-1.0,-1.0,-1.0,-1.0,-1.0,-1.0,-1.0,-1.0,-1.0,-1.0,-1.0,-1.0,-1.0,-1.0,-1.0,-1.0,-1.0,-1.0,-1.0,-1.0,-1.0,-1.0,-1.0,-1.0,-1.0,-1.0,-1.0,-1.0,-1.0,-1.0,-1.0,-1.0,-1.0,-1.0,-1.0,-1.0,-1.0,-1.0,-1.0,-1.0,-1.0,-1.0,1.0,-1.0,-1.0,-1.0,-1.0,-1.0,-1.0,-1.0,-1.0,-1.0,-1.0,-1.0,-1.0,-1.0,-1.0,-1.0,-1.0,-1.0,-1.0,-1.0,-1.0,-1.0,-1.0,-1.0,-1.0,-1.0,-1.0,-1.0,-1.0,-1.0,-1.0,-1.0,-1.0,-1.0,-1.0,-1.0,-1.0,-1.0,-1.0,-1.0,-1.0,-1.0,-1.0,-1.0,-1.0,-1.0,-1.0,-1.0,-1.0,-1.0,-1.0,-1.0,-1.0,-1.0,-1.0,-1.0,-1.0,-1.0,-1.0,-1.0,-1.0,-1.0,-1.0,-1.0,-1.0,-1.0,-1.0,-1.0,-1.0,-1.0,-1.0,-1.0,-1.0,-1.0,-1.0,-1.0,-1.0,-1.0,-1.0,-1.0,-1.0,-1.0,-1.0,-1.0,-1.0,-1.0,-1.0,-1.0,-1.0,-1.0,-1.0,-1.0,-1.0,-1.0,-1.0,-1.0,-1.0,-1.0,-1.0,-1.0,-1.0,-1.0,-1.0,-1.0,-1.0,-1.0,-1.0,-1.0,-1.0,-1.0,-1.0,-1.0,-1.0,-1.0,-1.0,-1.0,-1.0,-1.0,-1.0,-1.0,-1.0,-1.0,-1.0,-1.0,-1.0,-1.0,-1.0,-1.0,-1.0,-1.0,-1.0,-1.0,-1.0,-1.0,-1.0,-1.0,-1.0,-1.0,-1.0,-1.0,-1.0,-1.0,-1.0,-1.0,-1.0,-1.0,-1.0,-1.0,-1.0,-1.0,-1.0,-1.0,-1.0,-1.0,-1.0,-1.0,-1.0,-1.0,-1.0,-1.0,-1.0,-1.0,-1.0,-1.0,-1.0,-1.0,-1.0,-1.0,-1.0,-1.0,-1.0,-1.0,-1.0,-1.0,-1.0,-1.0,-1.0,-1.0,-1.0,-1.0,-1.0,-1.0,-1.0,-1.0,-1.0,-1.0,-1.0,-1.0,-1.0,-1.0,-1.0,-1.0,-1.0,-1.0,-1.0
-1.0,-1.0,-1.0,-1.0,-1.0,-1.0,-1.0,-1.0,-1.0,-1.0,-1.0,-1.0,-1.0,-1.0,-1.0,-1.0,-1.0,-1.0,-1.0,-1.0,-1.0,-1.0,-1.0,-1.0,-1.0,-1.0,-1.0,-1.0,-1.0,-1.0,-1.0,-1.0,-1.0,-1.0,-1.0,-1.0,-1.0,-1.0,-1.0,-1.0,-1.0,-1.0,-1.0,-1.0,-1.0,-1.0,-1.0,-1.0,-1.0,-1.0,-1.0,-1.0,-1.0,-1.0,-1.0,-1.0,-1.0,-1.0,-1.0,-1.0,-1.0,-1.0,-1.0,-1.0,-1.0,-1.0,-1.0,-1.0,-1.0,-1.0,-1.0,-1.0,-1.0,-1.0,-1.0,-1.0,-1.0,-1.0,-1.0,-1.0,-1.0,-1.0,-1.0,-1.0,-1.0,-1.0,-1.0,-1.0,-1.0,-1.0,-1.0,-1.0,-1.0,-1.0,-1.0,-1.0,-1.0,-1.0,-1.0,-1.0,-1.0,-1.0,-1.0,-1.0,-1.0,-1.0,-1.0,-1.0,-1.0,-1.0,-1.0,-1.0,-1.0,-1.0,-1.0,-1.0,-1.0,-1.0,-1.0,-1.0,-1.0,-1.0,-1.0,-1.0,-1.0,-1.0,-1.0,-1.0,-1.0,-1.0,-1.0,-1.0,-1.0,-1.0,-1.0,-1.0,-1.0,-1.0,-1.0,-1.0,-1.0,-1.0,-1.0,-1.0,-1.0,-1.0,-1.0,-1.0,-1.0,-1.0,-1.0,-1.0,-1.0,-1.0,-1.0,-1.0,-1.0,-1.0,-1.0,-1.0,-1.0,-1.0,-1.0,-1.0,-1.0,-1.0,-1.0,-1.0,-1.0,-1.0,-1.0,-1.0,-1.0,-1.0,-1.0,-1.0,-1.0,-1.0,-1.0,-1.0,-1.0,-1.0,-1.0,-1.0,-1.0,-1.0,-1.0,-1.0,-1.0,-1.0,-1.0,-1.0,-1.0,-1.0,-1.0,-1.0,-1.0,-1.0,-1.0,-1.0,-1.0,-1.0,-1.0,-1.0,-1.0,-1.0,-1.0,-1.0,-1.0,-1.0,-1.0,-1.0,-1.0,-1.0,-1.0,-1.0,-1.0,-1.0,-1.0,-1.0,-1.0,-1.0,-1.0,-1.0,-1.0,-1.0,-1.0,-1.0,-1.0,-1.0,-1.0,-1.0,-1.0,-1.0,-1.0,-1.0,-1.0,-1.0,-1.0,-1.0,-1.0,-1.0,-1.0,-1.0,-1.0,-1.0,-1.0,-1.0,-1.0,-1.0,-1.0,-1.0,-1.0,-1.0,-1.0,-1.0,-1.0,-1.0,-1.0,-1.0,-1.0,-1.0,-1.0,-1.0,-1.0,-1.0,-1.0,-1.0,-1.0,-1.0,-1.0,-1.0,-1.0,-1.0,-1.0,-1.0,-1.0,-1.0,-1.0,-1.0,-1.0,-1.0,-1.0,-1.0,-1.0,-1.0,-1.0,-1.0,-1.0,-1.0,-1.0,-1.0,-1.0,-1.0,-1.0,-1.0,-1.0,-1.0,-1.0,-1.0,-1.0,-1.0,-1.0,-1.0,-1.0,-1.0,-1.0,-1.0,-1.0,-1.0,-1.0,-1.0,-1.0,-1.0,-1.0,-1.0,-1.0,-1.0,-1.0,-1.0,-1.0,-1.0,-1.0,-1.0,-1.0,-1.0,-1.0,-1.0,-1.0,-1.0,-1.0,-1.0,-1.0,-1.0,-1.0,-1.0,-1.0,-1.0,-1.0,-1.0,-1.0,-1.0,-1.0,-1.0,-1.0,-1.0,-1.0,-1.0,-1.0,-1.0,-1.0,-1.0,-1.0,-1.0,-1.0,-1.0,-1.0,-1.0,-1.0,-1.0,-1.0,-1.0,-1.0,-1.0,-1.0,-1.0,-1.0,-1.0,-1.0,-1.0,-1.0,-1.0,-1.0,-1.0,-1.0,-1.0,-1.0,-1.0,-1.0,-1.0,-1.0,-1.0,-1.0,-1.0,-1.0,-1.0,-1.0,-1.0,-1.0,-1.0,-1.0,-1.0,-1.0,-1.0,-1.0,-1.0,-1.0,-1.0,-1.0,-1.0,-1.0,-1.0,-1.0,-1.0,-1.0,-1.0,-1.0,-1.0,-1.0,-1.0,-1.0,-1.0,-1.0,-1.0,-1.0,-1.0,-1.0,-1.0,-1.0,-1.0
1.0,-1.0,-1.0,-1.0,-1.0,-1.0,-1.0,-1.0,-1.0,-1.0,-1.0,-1.0,-1.0,-1.0,-1.0,-1.0,-1.0,-1.0,-1.0,-1.0,-1.0,-1.0,-1.0,-1.0,-1.0,-1.0,-1.0,-1.0,-1.0,-1.0,-1.0,-1.0,-1.0,-1.0,-1.0,-1.0,-1.0,-1.0,-1.0,-1.0,-1.0,-1.0,-1.0,-1.0,-1.0,-1.0,-1.0,-1.0,-1.0,-1.0,-1.0,-1.0,-1.0,-1.0,-1.0,-1.0,-1.0,-1.0,-1.0,-1.0,-1.0,-1.0,-1.0,-1.0,-1.0,-1.0,-1.0,-1.0,-1.0,-1.0,-1.0,-1.0,-1.0,-1.0,-1.0,-1.0,-1.0,-1.0,-1.0,-1.0,-1.0,-1.0,-1.0,-1.0,-1.0,-1.0,-1.0,-1.0,-1.0,-1.0,-1.0,-1.0,-1.0,-1.0,-1.0,-1.0,-1.0,-1.0,-1.0,-1.0,-1.0,-1.0,-1.0,-1.0,-1.0,-1.0,-1.0,-1.0,-1.0,-1.0,-1.0,-1.0,-1.0,-1.0,-1.0,-1.0,-1.0,-1.0,-1.0,-1.0,-1.0,-1.0,-1.0,-1.0,-1.0,-1.0,-1.0,-1.0,-1.0,-1.0,-1.0,-1.0,-1.0,-1.0,-1.0,-1.0,-1.0,-1.0,-1.0,-1.0,-1.0,-1.0,-1.0,-1.0,-1.0,-1.0,-1.0,-1.0,-1.0,-1.0,-1.0,-1.0,-1.0,-1.0,-1.0,-1.0,-1.0,-1.0,-1.0,-1.0,-1.0,-1.0,-1.0,-1.0,-1.0,1.0,1.0,1.0,1.0,1.0,1.0,1.0,1.0,1.0,-1.0,-1.0,1.0,1.0,1.0,-1.0,1.0,1.0,1.0,-1.0,1.0,-1.0,-1.0,1.0,1.0,1.0,-1.0,1.0,1.0,1.0,1.0,-1.0,-1.0,1.0,1.0,1.0,1.0,-1.0,-1.0,1.0,1.0,1.0,-1.0,-1.0,-1.0,-1.0,-1.0,-1.0,-1.0,-1.0,-1.0,-1.0,-1.0,-1.0,-1.0,-1.0,-1.0,1.0,1.0,1.0,1.0,1.0,1.0,1.0,1.0,1.0,1.0,-1.0,-1.0,-1.0,1.0,-1.0,-1.0,-1.0,-1.0,-1.0,-1.0,-1.0,-1.0,-1.0,-1.0,-1.0,-1.0,-1.0,1.0,-1.0,-1.0,-1.0,-1.0,-1.0,-1.0,-1.0,-1.0,-1.0,-1.0,-1.0,-1.0,-1.0,1.0,1.0,1.0,1.0,1.0,1.0,-1.0,-1.0,-1.0,-1.0,-1.0,-1.0,-1.0,-1.0,-1.0,-1.0,-1.0,-1.0,-1.0,-1.0,-1.0,-1.0,-1.0,-1.0,-1.0,-1.0,-1.0,-1.0,-1.0,-1.0,-1.0,-1.0,-1.0,-1.0,-1.0,-1.0,-1.0,-1.0,-1.0,-1.0,-1.0,-1.0,-1.0,-1.0,-1.0,-1.0,-1.0,-1.0,-1.0,-1.0,-1.0,-1.0,-1.0,1.0,-1.0,1.0,-1.0,-1.0,-1.0,-1.0,-1.0,-1.0,-1.0,1.0,1.0,1.0,-1.0,-1.0,-1.0,-1.0,-1.0,-1.0,-1.0,-1.0,-1.0,-1.0,-1.0,-1.0,-1.0,-1.0,1.0,1.0,1.0,1.0,1.0,1.0,1.0,1.0,1.0,1.0,1.0,-1.0,-1.0,1.0,1.0,1.0,1.0,1.0,1.0,-1.0,-1.0,-1.0,-1.0,-1.0,-1.0,-1.0,-1.0,-1.0,-1.0,-1.0,-1.0,-1.0,-1.0,-1.0,-1.0,-1.0,-1.0,-1.0,-1.0,-1.0,-1.0,-1.0,-1.0,-1.0,-1.0,-1.0,-1.0,-1.0,-1.0,-1.0,-1.0,-1.0,-1.0,-1.0,-1.0,-1.0,-1.0,-1.0,1.0,1.0,-1.0,-1.0,-1.0,-1.0,-1.0,-1.0,1.0,-1.0,-1.0,-1.0,-1.0,-1.0,-1.0,-1.0,-1.0,-1.0,1.0,1.0
-1.0,-1.0,-1.0,-1.0,-1.0,-1.0,-1.0,-1.0,-1.0,-1.0,-1.0,-1.0,-1.0,-1.0,-1.0,-1.0,-1.0,-1.0,-1.0,-1.0,-1.0,-1.0,-1.0,-1.0,-1.0,-1.0,-1.0,-1.0,-1.0,-1.0,-1.0,-1.0,-1.0,-1.0,-1.0,-1.0,-1.0,-1.0,-1.0,-1.0,-1.0,-1.0,-1.0,-1.0,-1.0,-1.0,-1.0,-1.0,-1.0,-1.0,-1.0,-1.0,-1.0,-1.0,-1.0,-1.0,-1.0,-1.0,-1.0,-1.0,-1.0,-1.0,-1.0,-1.0,-1.0,-1.0,-1.0,-1.0,-1.0,-1.0,-1.0,-1.0,-1.0,-1.0,-1.0,-1.0,-1.0,-1.0,-1.0,-1.0,-1.0,-1.0,-1.0,-1.0,-1.0,-1.0,-1.0,-1.0,-1.0,-1.0,-1.0,-1.0,-1.0,-1.0,-1.0,-1.0,-1.0,-1.0,-1.0,-1.0,-1.0,-1.0,-1.0,-1.0,-1.0,-1.0,-1.0,-1.0,-1.0,-1.0,-1.0,-1.0,-1.0,-1.0,-1.0,-1.0,-1.0,-1.0,-1.0,-1.0,-1.0,-1.0,-1.0,-1.0,-1.0,-1.0,-1.0,-1.0,-1.0,-1.0,-1.0,-1.0,-1.0,-1.0,-1.0,-1.0,-1.0,-1.0,-1.0,-1.0,-1.0,-1.0,-1.0,-1.0,-1.0,-1.0,-1.0,-1.0,-1.0,-1.0,-1.0,-1.0,-1.0,-1.0,-1.0,-1.0,-1.0,-1.0,-1.0,-1.0,-1.0,-1.0,-1.0,-1.0,-1.0,-1.0,-1.0,-1.0,-1.0,-1.0,-1.0,-1.0,-1.0,-1.0,-1.0,-1.0,-1.0,-1.0,-1.0,-1.0,-1.0,-1.0,-1.0,-1.0,-1.0,-1.0,-1.0,-1.0,-1.0,-1.0,-1.0,-1.0,-1.0,-1.0,-1.0,-1.0,-1.0,-1.0,-1.0,-1.0,-1.0,-1.0,-1.0,-1.0,-1.0,-1.0,-1.0,-1.0,-1.0,-1.0,-1.0,-1.0,-1.0,-1.0,-1.0,-1.0,-1.0,-1.0,-1.0,-1.0,-1.0,-1.0,-1.0,-1.0,-1.0,-1.0,-1.0,-1.0,-1.0,-1.0,-1.0,-1.0,-1.0,-1.0,-1.0,-1.0,-1.0,-1.0,-1.0,-1.0,-1.0,-1.0,-1.0,-1.0,-1.0,-1.0,-1.0,-1.0,-1.0,-1.0,-1.0,-1.0,-1.0,-1.0,-1.0,-1.0,-1.0,-1.0,-1.0,-1.0,-1.0,-1.0,-1.0,-1.0,-1.0,-1.0,-1.0,-1.0,-1.0,-1.0,-1.0,-1.0,-1.0,-1.0,-1.0,-1.0,-1.0,-1.0,-1.0,-1.0,-1.0,-1.0,-1.0,-1.0,-1.0,-1.0,-1.0,-1.0,-1.0,-1.0,-1.0,-1.0,-1.0,-1.0,-1.0,-1.0,-1.0,-1.0,-1.0,-1.0,-1.0,-1.0,-1.0,-1.0,-1.0,-1.0,-1.0,-1.0,-1.0,-1.0,-1.0,-1.0,-1.0,-1.0,-1.0,1.0,-1.0,1.0,-1.0,1.0,-1.0,-1.0,-1.0,1.0,-1.0,1.0,1.0,-1.0,-1.0,1.0,-1.0,-1.0,-1.0,-1.0,-1.0,-1.0,-1.0,-1.0,-1.0,-1.0,-1.0,-1.0,-1.0,-1.0,-1.0,-1.0,-1.0,-1.0,-1.0,-1.0,-1.0,-1.0,-1.0,-1.0,-1.0,-1.0,-1.0,-1.0,-1.0,-1.0,-1.0,-1.0,-1.0,-1.0,-1.0,-1.0,-1.0,-1.0,-1.0,-1.0,-1.0,-1.0,-1.0,-1.0,-1.0,-1.0,-1.0,-1.0,-1.0,-1.0,-1.0,-1.0,-1.0,-1.0,-1.0,-1.0,-1.0,-1.0,-1.0,-1.0,-1.0,-1.0,-1.0,-1.0,-1.0,-1.0,-1.0,-1.0,-1.0,-1.0,-1.0,-1.0,-1.0,-1.0,-1.0,1.0,-1.0,-1.0,-1.0,-1.0,-1.0,-1.0,-1.0,-1.0,-1.0,-1.0,-1.0,-1.0,-1.0,-1.0
-1.0,-1.0,-1.0,-1.0,-1.0,-1.0,-1.0,-1.0,-1.0,-1.0,-1.0,-1.0,-1.0,-1.0,-1.0,-1.0,-1.0,-1.0,-1.0,-1.0,-1.0,-1.0,-1.0,-1.0,-1.0,-1.0,-1.0,-1.0,-1.0,-1.0,-1.0,-1.0,-1.0,-1.0,-1.0,-1.0,-1.0,-1.0,-1.0,-1.0,-1.0,-1.0,-1.0,-1.0,-1.0,-1.0,-1.0,-1.0,-1.0,-1.0,-1.0,-1.0,-1.0,-1.0,-1.0,-1.0,-1.0,-1.0,-1.0,-1.0,-1.0,-1.0,-1.0,-1.0,-1.0,-1.0,-1.0,-1.0,-1.0,-1.0,-1.0,-1.0,-1.0,-1.0,-1.0,-1.0,-1.0,-1.0,-1.0,-1.0,-1.0,-1.0,-1.0,-1.0,-1.0,-1.0,-1.0,-1.0,-1.0,-1.0,-1.0,-1.0,-1.0,-1.0,-1.0,-1.0,-1.0,-1.0,-1.0,-1.0,-1.0,-1.0,-1.0,-1.0,-1.0,-1.0,-1.0,-1.0,-1.0,-1.0,-1.0,-1.0,-1.0,-1.0,-1.0,-1.0,-1.0,-1.0,-1.0,-1.0,-1.0,-1.0,-1.0,-1.0,-1.0,-1.0,-1.0,-1.0,-1.0,-1.0,-1.0,-1.0,-1.0,-1.0,-1.0,-1.0,-1.0,-1.0,-1.0,-1.0,-1.0,-1.0,-1.0,-1.0,-1.0,-1.0,-1.0,-1.0,-1.0,-1.0,-1.0,-1.0,-1.0,-1.0,-1.0,-1.0,-1.0,-1.0,-1.0,-1.0,-1.0,-1.0,-1.0,-1.0,-1.0,-1.0,-1.0,-1.0,-1.0,-1.0,-1.0,-1.0,-1.0,-1.0,-1.0,-1.0,-1.0,-1.0,-1.0,-1.0,-1.0,-1.0,-1.0,-1.0,-1.0,-1.0,-1.0,-1.0,-1.0,-1.0,-1.0,-1.0,-1.0,-1.0,-1.0,-1.0,-1.0,-1.0,-1.0,-1.0,-1.0,-1.0,-1.0,-1.0,-1.0,-1.0,-1.0,-1.0,-1.0,-1.0,-1.0,-1.0,-1.0,-1.0,-1.0,-1.0,-1.0,-1.0,-1.0,-1.0,-1.0,-1.0,-1.0,-1.0,-1.0,-1.0,-1.0,-1.0,-1.0,-1.0,-1.0,-1.0,-1.0,-1.0,-1.0,-1.0,-1.0,-1.0,-1.0,-1.0,-1.0,-1.0,-1.0,-1.0,-1.0,-1.0,-1.0,-1.0,-1.0,-1.0,-1.0,-1.0,-1.0,-1.0,-1.0,-1.0,-1.0,-1.0,-1.0,-1.0,-1.0,-1.0,-1.0,-1.0,-1.0,-1.0,-1.0,-1.0,-1.0,-1.0,-1.0,-1.0,-1.0,-1.0,-1.0,-1.0,-1.0,-1.0,-1.0,-1.0,-1.0,-1.0,-1.0,-1.0,-1.0,-1.0,-1.0,-1.0,-1.0,-1.0,-1.0,-1.0,-1.0,-1.0,-1.0,-1.0,-1.0,-1.0,-1.0,-1.0,-1.0,-1.0,-1.0,-1.0,-1.0,-1.0,-1.0,-1.0,-1.0,-1.0,-1.0,-1.0,-1.0,-1.0,-1.0,-1.0,-1.0,-1.0,-1.0,-1.0,-1.0,-1.0,-1.0,-1.0,-1.0,-1.0,-1.0,-1.0,-1.0,-1.0,-1.0,-1.0,-1.0,-1.0,-1.0,-1.0,-1.0,-1.0,-1.0,-1.0,-1.0,-1.0,-1.0,-1.0,-1.0,-1.0,-1.0,-1.0,-1.0,-1.0,-1.0,-1.0,-1.0,-1.0,-1.0,-1.0,-1.0,-1.0,-1.0,-1.0,-1.0,-1.0,-1.0,-1.0,-1.0,-1.0,-1.0,-1.0,-1.0,-1.0,-1.0,-1.0,-1.0,-1.0,-1.0,-1.0,-1.0,-1.0,-1.0,-1.0,-1.0,-1.0,-1.0,-1.0,-1.0,-1.0,-1.0,-1.0,-1.0,-1.0,-1.0,-1.0,-1.0,-1.0,-1.0,-1.0,-1.0,-1.0,-1.0,-1.0,-1.0,-1.0,-1.0,-1.0,-1.0,-1.0,-1.0,-1.0,-1.0,-1.0,-1.0,-1.0,-1.0,-1.0,-1.0,-1.0,-1.0,-1.0,-1.0,-1.0
-1.0,-1.0,-1.0,-1.0,-1.0,-1.0,-1.0,-1.0,-1.0,-1.0,-1.0,-1.0,-1.0,-1.0,-1.0,-1.0,-1.0,-1.0,-1.0,-1.0,-1.0,-1.0,-1.0,-1.0,-1.0,-1.0,-1.0,-1.0,-1.0,-1.0,-1.0,-1.0,-1.0,-1.0,-1.0,-1.0,-1.0,-1.0,-1.0,-1.0,-1.0,-1.0,-1.0,-1.0,-1.0,-1.0,-1.0,-1.0,-1.0,-1.0,-1.0,-1.0,-1.0,-1.0,-1.0,-1.0,-1.0,-1.0,-1.0,-1.0,-1.0,-1.0,-1.0,-1.0,-1.0,-1.0,-1.0,-1.0,-1.0,-1.0,-1.0,-1.0,-1.0,-1.0,-1.0,-1.0,-1.0,-1.0,-1.0,-1.0,-1.0,-1.0,-1.0,-1.0,-1.0,-1.0,-1.0,-1.0,-1.0,-1.0,-1.0,-1.0,-1.0,-1.0,-1.0,-1.0,-1.0,-1.0,-1.0,-1.0,-1.0,-1.0,-1.0,-1.0,-1.0,-1.0,-1.0,-1.0,-1.0,-1.0,-1.0,-1.0,-1.0,-1.0,-1.0,-1.0,-1.0,-1.0,-1.0,-1.0,-1.0,-1.0,-1.0,-1.0,-1.0,-1.0,-1.0,-1.0,-1.0,-1.0,-1.0,-1.0,-1.0,-1.0,-1.0,-1.0,-1.0,-1.0,-1.0,-1.0,-1.0,-1.0,-1.0,-1.0,-1.0,-1.0,-1.0,-1.0,-1.0,-1.0,-1.0,-1.0,-1.0,-1.0,-1.0,-1.0,-1.0,-1.0,-1.0,-1.0,-1.0,-1.0,-1.0,-1.0,-1.0,-1.0,-1.0,-1.0,-1.0,-1.0,-1.0,-1.0,-1.0,-1.0,-1.0,-1.0,-1.0,-1.0,-1.0,-1.0,-1.0,-1.0,-1.0,-1.0,-1.0,-1.0,-1.0,-1.0,-1.0,-1.0,-1.0,-1.0,-1.0,-1.0,-1.0,-1.0,-1.0,-1.0,-1.0,-1.0,-1.0,-1.0,-1.0,-1.0,-1.0,-1.0,-1.0,-1.0,-1.0,-1.0,-1.0,-1.0,-1.0,-1.0,-1.0,-1.0,-1.0,-1.0,-1.0,-1.0,-1.0,-1.0,-1.0,-1.0,-1.0,-1.0,-1.0,-1.0,-1.0,-1.0,-1.0,-1.0,-1.0,-1.0,-1.0,-1.0,-1.0,-1.0,-1.0,-1.0,-1.0,-1.0,-1.0,-1.0,-1.0,-1.0,-1.0,-1.0,-1.0,-1.0,-1.0,-1.0,-1.0,-1.0,-1.0,-1.0,-1.0,-1.0,-1.0,-1.0,-1.0,-1.0,-1.0,-1.0,-1.0,-1.0,-1.0,-1.0,-1.0,-1.0,-1.0,-1.0,-1.0,-1.0,-1.0,-1.0,-1.0,-1.0,-1.0,-1.0,-1.0,-1.0,-1.0,-1.0,-1.0,-1.0,-1.0,-1.0,-1.0,-1.0,-1.0,-1.0,-1.0,-1.0,-1.0,-1.0,-1.0,-1.0,-1.0,-1.0,-1.0,-1.0,-1.0,-1.0,-1.0,-1.0,-1.0,-1.0,-1.0,-1.0,-1.0,-1.0,-1.0,-1.0,-1.0,-1.0,-1.0,-1.0,-1.0,-1.0,-1.0,-1.0,-1.0,-1.0,-1.0,-1.0,-1.0,-1.0,-1.0,-1.0,-1.0,-1.0,-1.0,-1.0,-1.0,-1.0,-1.0,-1.0,-1.0,-1.0,-1.0,-1.0,-1.0,-1.0,-1.0,-1.0,-1.0,-1.0,-1.0,-1.0,-1.0,-1.0,-1.0,-1.0,-1.0,-1.0,-1.0,-1.0,-1.0,-1.0,-1.0,-1.0,-1.0,-1.0,-1.0,-1.0,-1.0,-1.0,-1.0,-1.0,-1.0,-1.0,-1.0,-1.0,-1.0,-1.0,-1.0,-1.0,-1.0,-1.0,-1.0,-1.0,-1.0,-1.0,-1.0,-1.0,-1.0,-1.0,-1.0,-1.0,-1.0,-1.0,-1.0,-1.0,-1.0,-1.0,-1.0,-1.0,-1.0,-1.0,-1.0,-1.0,1.0,-1.0,-1.0,-1.0,-1.0,-1.0,-1.0,-1.0,-1.0,-1.0,-1.0,-1.0,-1.0,-1.0,-1.0,1.0,-1.0,-1.0
-1.0,-1.0,-1.0,-1.0,-1.0,-1.0,-1.0,-1.0,-1.0,-1.0,-1.0,-1.0,-1.0,-1.0,-1.0,-1.0,-1.0,-1.0,-1.0,-1.0,-1.0,-1.0,-1.0,-1.0,-1.0,-1.0,-1.0,-1.0,-1.0,-1.0,-1.0,-1.0,-1.0,-1.0,-1.0,-1.0,-1.0,-1.0,-1.0,-1.0,-1.0,-1.0,-1.0,-1.0,-1.0,-1.0,-1.0,-1.0,-1.0,-1.0,-1.0,-1.0,-1.0,-1.0,-1.0,-1.0,-1.0,-1.0,-1.0,-1.0,-1.0,-1.0,-1.0,-1.0,-1.0,-1.0,-1.0,-1.0,-1.0,-1.0,-1.0,-1.0,-1.0,-1.0,-1.0,-1.0,-1.0,-1.0,-1.0,-1.0,-1.0,-1.0,-1.0,-1.0,-1.0,-1.0,-1.0,-1.0,-1.0,-1.0,-1.0,-1.0,-1.0,-1.0,-1.0,-1.0,-1.0,-1.0,-1.0,-1.0,-1.0,-1.0,-1.0,-1.0,-1.0,-1.0,-1.0,-1.0,-1.0,-1.0,-1.0,-1.0,-1.0,-1.0,-1.0,-1.0,-1.0,-1.0,-1.0,-1.0,-1.0,-1.0,-1.0,-1.0,-1.0,-1.0,-1.0,-1.0,-1.0,-1.0,-1.0,-1.0,-1.0,-1.0,-1.0,-1.0,-1.0,-1.0,-1.0,-1.0,-1.0,-1.0,-1.0,-1.0,-1.0,-1.0,-1.0,-1.0,-1.0,-1.0,-1.0,-1.0,-1.0,-1.0,-1.0,-1.0,-1.0,-1.0,-1.0,-1.0,-1.0,-1.0,-1.0,-1.0,-1.0,-1.0,-1.0,-1.0,-1.0,-1.0,-1.0,-1.0,-1.0,-1.0,-1.0,-1.0,-1.0,-1.0,-1.0,-1.0,-1.0,-1.0,-1.0,-1.0,-1.0,-1.0,-1.0,-1.0,-1.0,-1.0,-1.0,-1.0,-1.0,-1.0,-1.0,-1.0,-1.0,-1.0,-1.0,-1.0,-1.0,-1.0,-1.0,-1.0,-1.0,-1.0,-1.0,-1.0,-1.0,-1.0,-1.0,-1.0,-1.0,-1.0,-1.0,-1.0,-1.0,-1.0,-1.0,-1.0,-1.0,-1.0,-1.0,-1.0,-1.0,-1.0,-1.0,-1.0,-1.0,-1.0,-1.0,-1.0,-1.0,-1.0,-1.0,-1.0,-1.0,-1.0,-1.0,-1.0,-1.0,-1.0,-1.0,-1.0,-1.0,-1.0,-1.0,-1.0,-1.0,-1.0,-1.0,-1.0,-1.0,-1.0,-1.0,-1.0,-1.0,-1.0,-1.0,-1.0,-1.0,-1.0,-1.0,-1.0,-1.0,-1.0,-1.0,-1.0,-1.0,-1.0,-1.0,-1.0,-1.0,-1.0,-1.0,-1.0,-1.0,-1.0,-1.0,-1.0,-1.0,-1.0,-1.0,-1.0,-1.0,-1.0,-1.0,-1.0,-1.0,-1.0,-1.0,-1.0,-1.0,-1.0,-1.0,-1.0,-1.0,-1.0,-1.0,-1.0,-1.0,-1.0,-1.0,-1.0,-1.0,-1.0,-1.0,-1.0,-1.0,-1.0,-1.0,-1.0,-1.0,-1.0,-1.0,-1.0,-1.0,-1.0,-1.0,-1.0,-1.0,-1.0,-1.0,-1.0,-1.0,-1.0,-1.0,-1.0,-1.0,-1.0,-1.0,-1.0,-1.0,-1.0,-1.0,-1.0,-1.0,-1.0,-1.0,-1.0,-1.0,-1.0,-1.0,-1.0,-1.0,-1.0,-1.0,-1.0,-1.0,-1.0,-1.0,-1.0,-1.0,-1.0,-1.0,-1.0,-1.0,-1.0,-1.0,-1.0,-1.0,-1.0,-1.0,-1.0,-1.0,-1.0,-1.0,-1.0,-1.0,-1.0,-1.0,-1.0,-1.0,-1.0,-1.0,-1.0,-1.0,-1.0,-1.0,-1.0,-1.0,-1.0,-1.0,-1.0,-1.0,-1.0,-1.0,-1.0,-1.0,-1.0,-1.0,-1.0,-1.0,-1.0,-1.0,-1.0,-1.0,-1.0,-1.0,-1.0,-1.0,-1.0,-1.0,-1.0,-1.0,-1.0,-1.0,-1.0,-1.0,-1.0,-1.0,-1.0,-1.0,-1.0,-1.0,-1.0,-1.0,-1.0,-1.0,-1.0
-1.0,-1.0,-1.0,-1.0,-1.0,-1.0,-1.0,-1.0,-1.0,-1.0,-1.0,-1.0,-1.0,-1.0,-1.0,-1.0,-1.0,-1.0,-1.0,-1.0,-1.0,-1.0,-1.0,-1.0,-1.0,-1.0,-1.0,-1.0,-1.0,-1.0,-1.0,-1.0,-1.0,-1.0,-1.0,-1.0,-1.0,-1.0,-1.0,-1.0,-1.0,-1.0,-1.0,-1.0,-1.0,-1.0,-1.0,-1.0,-1.0,-1.0,-1.0,-1.0,-1.0,-1.0,-1.0,-1.0,-1.0,-1.0,-1.0,-1.0,-1.0,-1.0,-1.0,-1.0,-1.0,-1.0,-1.0,-1.0,-1.0,-1.0,-1.0,-1.0,-1.0,-1.0,-1.0,-1.0,-1.0,-1.0,-1.0,-1.0,-1.0,-1.0,-1.0,-1.0,-1.0,-1.0,-1.0,-1.0,-1.0,-1.0,-1.0,-1.0,-1.0,-1.0,-1.0,-1.0,-1.0,-1.0,-1.0,-1.0,-1.0,-1.0,-1.0,-1.0,-1.0,-1.0,-1.0,-1.0,-1.0,-1.0,-1.0,-1.0,-1.0,-1.0,-1.0,-1.0,-1.0,-1.0,-1.0,-1.0,-1.0,-1.0,-1.0,-1.0,-1.0,-1.0,-1.0,-1.0,-1.0,-1.0,-1.0,-1.0,-1.0,-1.0,-1.0,-1.0,-1.0,-1.0,-1.0,-1.0,-1.0,-1.0,-1.0,-1.0,-1.0,-1.0,-1.0,-1.0,-1.0,-1.0,-1.0,-1.0,-1.0,-1.0,-1.0,-1.0,-1.0,-1.0,-1.0,-1.0,-1.0,-1.0,-1.0,-1.0,-1.0,-1.0,-1.0,-1.0,-1.0,-1.0,-1.0,-1.0,-1.0,-1.0,-1.0,-1.0,-1.0,-1.0,-1.0,-1.0,-1.0,-1.0,-1.0,-1.0,-1.0,-1.0,-1.0,-1.0,-1.0,-1.0,-1.0,-1.0,-1.0,-1.0,-1.0,-1.0,-1.0,-1.0,-1.0,-1.0,-1.0,-1.0,-1.0,-1.0,-1.0,-1.0,-1.0,-1.0,-1.0,-1.0,-1.0,-1.0,-1.0,-1.0,-1.0,-1.0,-1.0,-1.0,-1.0,-1.0,-1.0,-1.0,-1.0,-1.0,-1.0,-1.0,-1.0,-1.0,-1.0,-1.0,-1.0,-1.0,-1.0,-1.0,-1.0,-1.0,-1.0,-1.0,-1.0,-1.0,-1.0,-1.0,-1.0,-1.0,-1.0,-1.0,-1.0,-1.0,-1.0,-1.0,-1.0,-1.0,-1.0,-1.0,-1.0,-1.0,-1.0,-1.0,-1.0,-1.0,-1.0,-1.0,-1.0,-1.0,-1.0,-1.0,-1.0,-1.0,-1.0,-1.0,-1.0,-1.0,-1.0,-1.0,-1.0,-1.0,-1.0,-1.0,-1.0,-1.0,-1.0,-1.0,-1.0,-1.0,-1.0,-1.0,-1.0,-1.0,-1.0,-1.0,-1.0,-1.0,-1.0,-1.0,-1.0,-1.0,-1.0,-1.0,-1.0,-1.0,-1.0,-1.0,-1.0,-1.0,-1.0,-1.0,-1.0,-1.0,-1.0,-1.0,-1.0,-1.0,-1.0,-1.0,-1.0,-1.0,-1.0,-1.0,-1.0,-1.0,-1.0,-1.0,-1.0,-1.0,-1.0,-1.0,-1.0,-1.0,-1.0,-1.0,-1.0,-1.0,-1.0,-1.0,-1.0,-1.0,-1.0,-1.0,-1.0,-1.0,-1.0,-1.0,-1.0,-1.0,-1.0,-1.0,-1.0,-1.0,-1.0,-1.0,-1.0,-1.0,-1.0,-1.0,-1.0,-1.0,-1.0,-1.0,-1.0,-1.0,-1.0,-1.0,-1.0,-1.0,-1.0,-1.0,-1.0,-1.0,-1.0,-1.0,-1.0,-1.0,-1.0,-1.0,-1.0,-1.0,-1.0,-1.0,-1.0,-1.0,-1.0,-1.0,-1.0,-1.0,-1.0,-1.0,-1.0,-1.0,-1.0,-1.0,-1.0,-1.0,-1.0,-1.0,-1.0,-1.0,-1.0,-1.0,-1.0,-1.0,-1.0,-1.0,-1.0,-1.0,-1.0,-1.0,-1.0,-1.0,-1.0,-1.0,-1.0,-1.0,-1.0,-1.0,-1.0,-1.0,-1.0,-1.0,-1.0,-1.0
-1.0,-1.0,-1.0,-1.0,-1.0,-1.0,-1.0,-1.0,-1.0,-1.0,-1.0,-1.0,-1.0,-1.0,-1.0,-1.0,-1.0,-1.0,-1.0,-1.0,-1.0,-1.0,-1.0,-1.0,-1.0,-1.0,-1.0,-1.0,-1.0,-1.0,-1.0,-1.0,-1.0,-1.0,-1.0,-1.0,-1.0,-1.0,-1.0,-1.0,-1.0,-1.0,-1.0,-1.0,-1.0,-1.0,-1.0,-1.0,-1.0,-1.0,-1.0,-1.0,-1.0,-1.0,-1.0,-1.0,-1.0,-1.0,-1.0,-1.0,-1.0,-1.0,-1.0,-1.0,-1.0,-1.0,-1.0,-1.0,-1.0,-1.0,-1.0,-1.0,-1.0,-1.0,-1.0,-1.0,-1.0,-1.0,-1.0,-1.0,-1.0,-1.0,-1.0,-1.0,-1.0,-1.0,-1.0,-1.0,-1.0,-1.0,-1.0,-1.0,-1.0,-1.0,-1.0,-1.0,-1.0,-1.0,-1.0,-1.0,-1.0,-1.0,-1.0,-1.0,-1.0,-1.0,-1.0,-1.0,-1.0,-1.0,-1.0,-1.0,-1.0,-1.0,-1.0,-1.0,-1.0,-1.0,-1.0,-1.0,-1.0,-1.0,-1.0,-1.0,-1.0,-1.0,-1.0,-1.0,-1.0,-1.0,-1.0,-1.0,-1.0,-1.0,-1.0,-1.0,-1.0,-1.0,-1.0,-1.0,-1.0,-1.0,-1.0,-1.0,-1.0,-1.0,-1.0,-1.0,-1.0,-1.0,-1.0,-1.0,-1.0,-1.0,-1.0,-1.0,-1.0,-1.0,-1.0,-1.0,-1.0,-1.0,-1.0,-1.0,-1.0,-1.0,-1.0,-1.0,-1.0,-1.0,-1.0,-1.0,-1.0,-1.0,-1.0,-1.0,-1.0,-1.0,-1.0,-1.0,-1.0,-1.0,-1.0,-1.0,-1.0,-1.0,-1.0,-1.0,-1.0,-1.0,-1.0,-1.0,-1.0,-1.0,-1.0,-1.0,-1.0,-1.0,-1.0,-1.0,-1.0,-1.0,-1.0,-1.0,-1.0,-1.0,-1.0,-1.0,-1.0,-1.0,-1.0,-1.0,-1.0,-1.0,-1.0,-1.0,-1.0,-1.0,-1.0,-1.0,-1.0,-1.0,-1.0,-1.0,-1.0,-1.0,-1.0,-1.0,-1.0,-1.0,-1.0,-1.0,-1.0,-1.0,-1.0,-1.0,-1.0,-1.0,-1.0,-1.0,-1.0,-1.0,-1.0,-1.0,-1.0,-1.0,-1.0,-1.0,-1.0,-1.0,-1.0,-1.0,-1.0,-1.0,-1.0,-1.0,-1.0,-1.0,-1.0,-1.0,-1.0,-1.0,-1.0,-1.0,-1.0,-1.0,-1.0,-1.0,-1.0,-1.0,-1.0,-1.0,-1.0,-1.0,-1.0,-1.0,-1.0,-1.0,-1.0,-1.0,-1.0,-1.0,-1.0,-1.0,-1.0,-1.0,-1.0,-1.0,-1.0,-1.0,-1.0,-1.0,-1.0,-1.0,-1.0,-1.0,-1.0,-1.0,-1.0,-1.0,-1.0,-1.0,-1.0,-1.0,-1.0,-1.0,-1.0,-1.0,-1.0,-1.0,-1.0,-1.0,-1.0,-1.0,-1.0,-1.0,-1.0,-1.0,-1.0,-1.0,-1.0,-1.0,-1.0,-1.0,-1.0,-1.0,-1.0,-1.0,-1.0,-1.0,-1.0,-1.0,-1.0,-1.0,-1.0,-1.0,-1.0,-1.0,-1.0,-1.0,-1.0,-1.0,-1.0,-1.0,-1.0,-1.0,-1.0,-1.0,-1.0,-1.0,-1.0,-1.0,-1.0,-1.0,-1.0,-1.0,-1.0,-1.0,-1.0,-1.0,-1.0,-1.0,-1.0,-1.0,-1.0,-1.0,-1.0,-1.0,-1.0,-1.0,-1.0,-1.0,1.0,-1.0,1.0,-1.0,-1.0,-1.0,1.0,-1.0,-1.0,-1.0,1.0,-1.0,-1.0,-1.0,1.0,-1.0,-1.0,-1.0,-1.0,-1.0,-1.0,-1.0,-1.0,-1.0,-1.0,-1.0,-1.0,-1.0,-1.0,-1.0,-1.0,-1.0,-1.0,-1.0,-1.0,-1.0,-1.0,-1.0,-1.0,-1.0,-1.0,-1.0,-1.0,-1.0,-1.0,-1.0,-1.0,-1.0
-1.0,-1.0,-1.0,-1.0,-1.0,-1.0,-1.0,-1.0,-1.0,-1.0,-1.0,-1.0,-1.0,-1.0,-1.0,-1.0,-1.0,-1.0,-1.0,-1.0,-1.0,-1.0,-1.0,-1.0,-1.0,-1.0,-1.0,-1.0,-1.0,-1.0,-1.0,-1.0,-1.0,-1.0,-1.0,-1.0,-1.0,-1.0,-1.0,-1.0,-1.0,-1.0,-1.0,-1.0,-1.0,-1.0,-1.0,-1.0,-1.0,-1.0,-1.0,-1.0,-1.0,-1.0,-1.0,-1.0,-1.0,-1.0,-1.0,-1.0,-1.0,-1.0,-1.0,-1.0,-1.0,-1.0,-1.0,-1.0,-1.0,-1.0,-1.0,-1.0,-1.0,-1.0,-1.0,-1.0,-1.0,-1.0,-1.0,-1.0,-1.0,-1.0,-1.0,-1.0,-1.0,-1.0,-1.0,-1.0,-1.0,-1.0,-1.0,-1.0,-1.0,-1.0,-1.0,-1.0,-1.0,-1.0,-1.0,-1.0,-1.0,-1.0,-1.0,-1.0,-1.0,-1.0,-1.0,-1.0,-1.0,-1.0,-1.0,-1.0,-1.0,-1.0,-1.0,-1.0,-1.0,-1.0,-1.0,-1.0,-1.0,-1.0,-1.0,-1.0,-1.0,-1.0,-1.0,-1.0,-1.0,-1.0,-1.0,-1.0,-1.0,-1.0,-1.0,-1.0,-1.0,-1.0,-1.0,-1.0,-1.0,-1.0,-1.0,-1.0,-1.0,-1.0,-1.0,-1.0,-1.0,-1.0,-1.0,-1.0,-1.0,-1.0,-1.0,-1.0,-1.0,-1.0,-1.0,-1.0,-1.0,-1.0,-1.0,-1.0,-1.0,-1.0,-1.0,-1.0,-1.0,-1.0,-1.0,-1.0,-1.0,-1.0,-1.0,-1.0,-1.0,-1.0,-1.0,-1.0,-1.0,-1.0,-1.0,-1.0,-1.0,-1.0,-1.0,-1.0,-1.0,-1.0,-1.0,-1.0,-1.0,-1.0,-1.0,-1.0,-1.0,-1.0,-1.0,-1.0,-1.0,-1.0,-1.0,-1.0,-1.0,-1.0,-1.0,-1.0,-1.0,-1.0,-1.0,-1.0,-1.0,-1.0,-1.0,-1.0,-1.0,-1.0,-1.0,-1.0,-1.0,-1.0,-1.0,-1.0,-1.0,-1.0,-1.0,-1.0,-1.0,-1.0,-1.0,-1.0,-1.0,-1.0,-1.0,-1.0,-1.0,-1.0,-1.0,-1.0,-1.0,-1.0,-1.0,-1.0,-1.0,-1.0,-1.0,-1.0,-1.0,-1.0,-1.0,-1.0,-1.0,-1.0,-1.0,-1.0,-1.0,-1.0,-1.0,-1.0,-1.0,-1.0,-1.0,-1.0,-1.0,-1.0,-1.0,-1.0,-1.0,-1.0,-1.0,-1.0,-1.0,-1.0,-1.0,-1.0,-1.0,-1.0,-1.0,-1.0,-1.0,-1.0,-1.0,-1.0,-1.0,-1.0,-1.0,-1.0,-1.0,-1.0,-1.0,-1.0,-1.0,-1.0,-1.0,-1.0,-1.0,-1.0,-1.0,-1.0,-1.0,-1.0,-1.0,-1.0,-1.0,-1.0,-1.0,-1.0,-1.0,-1.0,-1.0,-1.0,-1.0,-1.0,-1.0,-1.0,-1.0,-1.0,-1.0,-1.0,-1.0,-1.0,-1.0,-1.0,-1.0,-1.0,-1.0,-1.0,-1.0,-1.0,-1.0,-1.0,-1.0,-1.0,-1.0,-1.0,-1.0,-1.0,-1.0,-1.0,-1.0,-1.0,-1.0,-1.0,-1.0,-1.0,-1.0,-1.0,-1.0,-1.0,-1.0,-1.0,-1.0,-1.0,-1.0,-1.0,-1.0,-1.0,-1.0,-1.0,-1.0,-1.0,-1.0,-1.0,-1.0,-1.0,-1.0,-1.0,-1.0,-1.0,-1.0,-1.0,-1.0,-1.0,-1.0,-1.0,-1.0,-1.0,-1.0,-1.0,-1.0,-1.0,-1.0,-1.0,-1.0,-1.0,-1.0,-1.0,-1.0,-1.0,-1.0,-1.0,-1.0,-1.0,-1.0,-1.0,-1.0,-1.0,-1.0,-1.0,-1.0,-1.0,-1.0,-1.0,-1.0,-1.0,-1.0,-1.0,-1.0,-1.0,-1.0,-1.0,-1.0,-1.0,-1.0,-1.0,-1.0,-1.0,-1.0,-1.0
-1.0,-1.0,-1.0,-1.0,-1.0,-1.0,-1.0,-1.0,-1.0,-1.0,-1.0,-1.0,-1.0,-1.0,-1.0,-1.0,-1.0,-1.0,-1.0,-1.0,-1.0,-1.0,-1.0,-1.0,-1.0,-1.0,-1.0,-1.0,-1.0,-1.0,-1.0,-1.0,-1.0,-1.0,-1.0,-1.0,-1.0,-1.0,-1.0,-1.0,-1.0,-1.0,-1.0,-1.0,-1.0,-1.0,-1.0,-1.0,-1.0,-1.0,-1.0,-1.0,-1.0,-1.0,-1.0,-1.0,-1.0,-1.0,-1.0,-1.0,-1.0,-1.0,-1.0,-1.0,-1.0,-1.0,-1.0,-1.0,-1.0,-1.0,-1.0,-1.0,-1.0,-1.0,-1.0,-1.0,-1.0,-1.0,-1.0,-1.0,-1.0,-1.0,-1.0,-1.0,-1.0,-1.0,-1.0,-1.0,-1.0,-1.0,-1.0,-1.0,-1.0,-1.0,-1.0,-1.0,-1.0,-1.0,-1.0,-1.0,-1.0,-1.0,-1.0,-1.0,-1.0,-1.0,-1.0,-1.0,-1.0,-1.0,-1.0,-1.0,-1.0,-1.0,-1.0,-1.0,-1.0,-1.0,-1.0,-1.0,-1.0,-1.0,-1.0,-1.0,-1.0,-1.0,-1.0,-1.0,-1.0,-1.0,-1.0,-1.0,-1.0,-1.0,-1.0,-1.0,-1.0,-1.0,-1.0,-1.0,-1.0,-1.0,-1.0,-1.0,-1.0,-1.0,-1.0,-1.0,-1.0,-1.0,-1.0,-1.0,-1.0,-1.0,-1.0,-1.0,-1.0,-1.0,-1.0,-1.0,-1.0,-1.0,-1.0,-1.0,-1.0,-1.0,-1.0,-1.0,-1.0,-1.0,-1.0,-1.0,-1.0,-1.0,-1.0,-1.0,-1.0,-1.0,-1.0,-1.0,-1.0,-1.0,-1.0,-1.0,-1.0,-1.0,-1.0,-1.0,-1.0,-1.0,-1.0,-1.0,-1.0,-1.0,-1.0,-1.0,-1.0,-1.0,-1.0,-1.0,-1.0,-1.0,-1.0,-1.0,-1.0,-1.0,-1.0,-1.0,-1.0,-1.0,-1.0,-1.0,-1.0,-1.0,-1.0,-1.0,-1.0,-1.0,-1.0,-1.0,-1.0,-1.0,-1.0,-1.0,-1.0,-1.0,-1.0,-1.0,-1.0,-1.0,-1.0,-1.0,-1.0,-1.0,-1.0,-1.0,-1.0,-1.0,-1.0,-1.0,-1.0,-1.0,-1.0,-1.0,-1.0,-1.0,-1.0,-1.0,-1.0,-1.0,-1.0,-1.0,-1.0,-1.0,-1.0,-1.0,-1.0,-1.0,-1.0,-1.0,-1.0,-1.0,-1.0,-1.0,-1.0,-1.0,-1.0,-1.0,-1.0,-1.0,-1.0,-1.0,-1.0,-1.0,-1.0,-1.0,-1.0,-1.0,-1.0,-1.0,-1.0,-1.0,-1.0,-1.0,-1.0,-1.0,-1.0,-1.0,-1.0,-1.0,-1.0,-1.0,-1.0,-1.0,-1.0,-1.0,-1.0,-1.0,-1.0,-1.0,-1.0,-1.0,-1.0,-1.0,-1.0,-1.0,-1.0,-1.0,-1.0,-1.0,-1.0,-1.0,-1.0,-1.0,-1.0,-1.0,-1.0,-1.0,-1.0,-1.0,-1.0,-1.0,-1.0,-1.0,-1.0,-1.0,-1.0,-1.0,-1.0,-1.0,-1.0,-1.0,-1.0,-1.0,-1.0,-1.0,-1.0,-1.0,-1.0,-1.0,-1.0,-1.0,-1.0,-1.0,-1.0,-1.0,-1.0,-1.0,-1.0,-1.0,-1.0,-1.0,-1.0,-1.0,-1.0,-1.0,-1.0,-1.0,-1.0,-1.0,-1.0,-1.0,-1.0,-1.0,-1.0,-1.0,-1.0,-1.0,-1.0,-1.0,-1.0,-1.0,-1.0,-1.0,-1.0,-1.0,-1.0,-1.0,-1.0,-1.0,-1.0,-1.0,-1.0,-1.0,-1.0,-1.0,-1.0,-1.0,-1.0,-1.0,-1.0,-1.0,-1.0,-1.0,-1.0,-1.0,-1.0,-1.0,-1.0,-1.0,-1.0,-1.0,-1.0,-1.0,-1.0,-1.0,-1.0,-1.0,-1.0,-1.0,-1.0,-1.0,-1.0,-1.0,-1.0,-1.0,-1.0,-1.0,-1.0,-1.0
-1.0,-1.0,-1.0,-1.0,-1.0,-1.0,-1.0,-1.0,-1.0,-1.0,-1.0,-1.0,-1.0,-1.0,-1.0,-1.0,-1.0,-1.0,-1.0,-1.0,-1.0,-1.0,-1.0,-1.0,-1.0,-1.0,-1.0,-1.0,-1.0,-1.0,-1.0,-1.0,-1.0,-1.0,-1.0,-1.0,-1.0,-1.0,-1.0,-1.0,-1.0,-1.0,-1.0,-1.0,-1.0,-1.0,-1.0,-1.0,-1.0,-1.0,-1.0,-1.0,-1.0,-1.0,-1.0,-1.0,-1.0,-1.0,-1.0,-1.0,-1.0,-1.0,-1.0,-1.0,-1.0,-1.0,-1.0,-1.0,-1.0,-1.0,-1.0,-1.0,-1.0,-1.0,-1.0,-1.0,-1.0,-1.0,-1.0,-1.0,-1.0,-1.0,-1.0,-1.0,-1.0,-1.0,-1.0,-1.0,-1.0,-1.0,-1.0,-1.0,-1.0,-1.0,-1.0,-1.0,-1.0,-1.0,-1.0,-1.0,-1.0,-1.0,-1.0,-1.0,-1.0,-1.0,-1.0,-1.0,-1.0,-1.0,-1.0,-1.0,-1.0,-1.0,-1.0,-1.0,-1.0,-1.0,-1.0,-1.0,-1.0,-1.0,-1.0,-1.0,-1.0,-1.0,-1.0,-1.0,-1.0,-1.0,-1.0,-1.0,-1.0,-1.0,-1.0,-1.0,-1.0,-1.0,-1.0,-1.0,-1.0,-1.0,-1.0,-1.0,-1.0,-1.0,-1.0,-1.0,-1.0,-1.0,-1.0,-1.0,-1.0,-1.0,-1.0,-1.0,-1.0,-1.0,-1.0,-1.0,-1.0,-1.0,-1.0,-1.0,-1.0,-1.0,-1.0,-1.0,-1.0,-1.0,-1.0,-1.0,-1.0,-1.0,-1.0,-1.0,-1.0,-1.0,-1.0,-1.0,-1.0,-1.0,-1.0,1.0,-1.0,-1.0,-1.0,-1.0,-1.0,-1.0,-1.0,-1.0,-1.0,-1.0,-1.0,-1.0,-1.0,-1.0,-1.0,-1.0,-1.0,-1.0,-1.0,-1.0,-1.0,-1.0,-1.0,-1.0,-1.0,-1.0,-1.0,-1.0,-1.0,-1.0,-1.0,-1.0,-1.0,-1.0,-1.0,-1.0,-1.0,-1.0,-1.0,-1.0,-1.0,-1.0,-1.0,-1.0,-1.0,-1.0,-1.0,-1.0,-1.0,-1.0,-1.0,-1.0,-1.0,-1.0,-1.0,-1.0,-1.0,-1.0,-1.0,-1.0,-1.0,-1.0,-1.0,-1.0,-1.0,-1.0,-1.0,-1.0,-1.0,-1.0,-1.0,-1.0,-1.0,-1.0,-1.0,-1.0,-1.0,-1.0,-1.0,-1.0,-1.0,-1.0,-1.0,-1.0,-1.0,-1.0,-1.0,-1.0,-1.0,-1.0,-1.0,-1.0,-1.0,-1.0,-1.0,-1.0,-1.0,-1.0,-1.0,-1.0,-1.0,-1.0,-1.0,-1.0,-1.0,-1.0,-1.0,-1.0,-1.0,-1.0,-1.0,-1.0,-1.0,-1.0,-1.0,-1.0,-1.0,-1.0,-1.0,-1.0,-1.0,-1.0,-1.0,-1.0,-1.0,-1.0,-1.0,-1.0,-1.0,-1.0,-1.0,-1.0,-1.0,-1.0,-1.0,-1.0,-1.0,-1.0,-1.0,-1.0,-1.0,-1.0,-1.0,-1.0,-1.0,-1.0,-1.0,-1.0,-1.0,-1.0,-1.0,-1.0,-1.0,-1.0,-1.0,-1.0,-1.0,-1.0,-1.0,-1.0,-1.0,-1.0,-1.0,-1.0,-1.0,-1.0,-1.0,-1.0,-1.0,-1.0,-1.0,-1.0,-1.0,-1.0,-1.0,-1.0,-1.0,-1.0,-1.0,-1.0,-1.0,-1.0,-1.0,-1.0,-1.0,-1.0,-1.0,-1.0,-1.0,-1.0,-1.0,-1.0,-1.0,-1.0,-1.0,-1.0,-1.0,-1.0,-1.0,-1.0,-1.0,-1.0,-1.0,-1.0,-1.0,-1.0,-1.0,-1.0,-1.0,-1.0,-1.0,-1.0,-1.0,-1.0,-1.0,-1.0,-1.0,-1.0,-1.0,-1.0,-1.0,-1.0,-1.0,-1.0,-1.0,-1.0,-1.0,-1.0,-1.0,-1.0,-1.0,-1.0,-1.0,-1.0,-1.0,-1.0
-1.0,-1.0,-1.0,-1.0,-1.0,-1.0,-1.0,-1.0,-1.0,-1.0,-1.0,-1.0,-1.0,-1.0,-1.0,-1.0,-1.0,-1.0,-1.0,-1.0,-1.0,-1.0,-1.0,-1.0,-1.0,-1.0,-1.0,-1.0,-1.0,-1.0,-1.0,-1.0,-1.0,-1.0,-1.0,-1.0,-1.0,-1.0,-1.0,-1.0,-1.0,-1.0,-1.0,-1.0,-1.0,-1.0,-1.0,-1.0,-1.0,-1.0,-1.0,-1.0,-1.0,-1.0,-1.0,-1.0,-1.0,-1.0,-1.0,-1.0,-1.0,-1.0,-1.0,-1.0,-1.0,-1.0,-1.0,-1.0,-1.0,-1.0,-1.0,-1.0,-1.0,-1.0,-1.0,-1.0,-1.0,-1.0,-1.0,-1.0,-1.0,-1.0,-1.0,-1.0,-1.0,-1.0,-1.0,-1.0,-1.0,-1.0,-1.0,-1.0,-1.0,-1.0,-1.0,-1.0,-1.0,-1.0,-1.0,-1.0,-1.0,-1.0,-1.0,-1.0,-1.0,-1.0,-1.0,-1.0,-1.0,-1.0,-1.0,-1.0,-1.0,-1.0,-1.0,-1.0,-1.0,-1.0,-1.0,-1.0,-1.0,-1.0,-1.0,-1.0,-1.0,-1.0,-1.0,-1.0,-1.0,-1.0,-1.0,-1.0,-1.0,-1.0,-1.0,-1.0,-1.0,-1.0,-1.0,-1.0,-1.0,-1.0,-1.0,-1.0,-1.0,-1.0,-1.0,-1.0,-1.0,-1.0,-1.0,-1.0,-1.0,-1.0,-1.0,-1.0,-1.0,-1.0,-1.0,-1.0,-1.0,-1.0,-1.0,-1.0,-1.0,-1.0,-1.0,-1.0,-1.0,-1.0,-1.0,-1.0,-1.0,-1.0,-1.0,-1.0,-1.0,-1.0,-1.0,-1.0,-1.0,-1.0,-1.0,-1.0,-1.0,-1.0,-1.0,-1.0,-1.0,-1.0,-1.0,-1.0,-1.0,-1.0,-1.0,-1.0,-1.0,-1.0,-1.0,-1.0,-1.0,-1.0,-1.0,-1.0,-1.0,-1.0,-1.0,-1.0,-1.0,-1.0,-1.0,-1.0,-1.0,-1.0,-1.0,-1.0,-1.0,-1.0,-1.0,-1.0,-1.0,-1.0,-1.0,-1.0,-1.0,-1.0,-1.0,-1.0,-1.0,-1.0,-1.0,-1.0,-1.0,-1.0,-1.0,-1.0,-1.0,-1.0,-1.0,-1.0,-1.0,-1.0,-1.0,-1.0,-1.0,-1.0,-1.0,-1.0,-1.0,-1.0,-1.0,-1.0,-1.0,-1.0,-1.0,-1.0,-1.0,-1.0,-1.0,-1.0,-1.0,-1.0,-1.0,-1.0,-1.0,-1.0,-1.0,-1.0,-1.0,-1.0,-1.0,-1.0,-1.0,-1.0,-1.0,-1.0,-1.0,-1.0,-1.0,-1.0,-1.0,-1.0,-1.0,-1.0,-1.0,-1.0,-1.0,-1.0,-1.0,-1.0,-1.0,-1.0,-1.0,-1.0,-1.0,-1.0,-1.0,-1.0,-1.0,-1.0,-1.0,-1.0,-1.0,-1.0,-1.0,-1.0,-1.0,-1.0,-1.0,-1.0,-1.0,-1.0,-1.0,-1.0,-1.0,-1.0,-1.0,-1.0,-1.0,-1.0,-1.0,-1.0,-1.0,-1.0,-1.0,-1.0,-1.0,-1.0,-1.0,-1.0,-1.0,-1.0,-1.0,-1.0,-1.0,-1.0,-1.0,-1.0,-1.0,-1.0,-1.0,-1.0,-1.0,-1.0,-1.0,-1.0,-1.0,-1.0,-1.0,-1.0,-1.0,-1.0,-1.0,-1.0,-1.0,-1.0,-1.0,-1.0,-1.0,-1.0,-1.0,-1.0,-1.0,-1.0,-1.0,-1.0,-1.0,-1.0,-1.0,-1.0,-1.0,-1.0,-1.0,-1.0,-1.0,-1.0,-1.0,-1.0,-1.0,-1.0,-1.0,-1.0,-1.0,-1.0,-1.0,-1.0,-1.0,-1.0,-1.0,-1.0,-1.0,-1.0,-1.0,-1.0,-1.0,-1.0,-1.0,-1.0,-1.0,-1.0,-1.0,-1.0,-1.0,-1.0,-1.0,-1.0,-1.0,-1.0,-1.0,-1.0,-1.0,-1.0,-1.0,-1.0,-1.0,-1.0,-1.0,-1.0,-1.0,-1.0
