-1.0,-1.0,-1.0,-1.0,-1.0,-1.0,1.0,-1.0,-1.0,-1.0,-1.0,-1.0,-1.0,-1.0,-1.0,1.0,-1.0,-1.0,-1.0,-1.0,-1.0,-1.0,-1.0,-1.0,-1.0,-1.0,-1.0,-1.0,-1.0,-1.0,-1.0,-1.0,-1.0,-1.0,-1.0,1.0,-1.0,-1.0,-1.0,-1.0,-1.0,-1.0,-1.0,-1.0,-1.0,-1.0,-1.0,-1.0,-1.0,-1.0,-1.0,-1.0,1.0,-1.0,-1.0,-1.0,-1.0,-1.0,1.0,-1.0,-1.0,1.0,-1.0,-1.0,1.0,-1.0,-1.0,-1.0,1.0,1.0,-1.0,-1.0,-1.0,-1.0,-1.0,1.0,-1.0,-1.0,1.0,-1.0,-1.0,-1.0,-1.0,-1.0,-1.0,-1.0,-1.0,-1.0,-1.0,-1.0,-1.0,-1.0,-1.0,-1.0,-1.0,-1.0,-1.0,-1.0,-1.0,-1.0,-1.0,-1.0,-1.0,-1.0,-1.0,-1.0,-1.0,-1.0,1.0,-1.0,-1.0,-1.0,-1.0,-1.0,-1.0,-1.0,-1.0,-1.0,-1.0,-1.0,-1.0,-1.0,-1.0,-1.0,-1.0,-1.0,-1.0,1.0,1.0,1.0,1.0,1.0,1.0,-1.0,-1.0,1.0,1.0,-1.0,-1.0,-1.0,-1.0,-1.0,-1.0,-1.0,-1.0,-1.0,-1.0,-1.0,-1.0,-1.0,-1.0,-1.0,-1.0,-1.0,-1.0,-1.0,1.0,-1.0,1.0,1.0,1.0,1.0,1.0,1.0,1.0,-1.0,1.0,-1.0,-1.0,-1.0,-1.0,-1.0,-1.0,1.0,1.0,1.0,1.0,1.0,1.0,1.0,1.0,1.0,1.0,1.0,-1.0,1.0,1.0,1.0,1.0,1.0,1.0,1.0,1.0,1.0,1.0,-1.0,-1.0,-1.0,-1.0,-1.0,-1.0,-1.0,-1.0,1.0,-1.0,1.0,-1.0,-1.0,-1.0,-1.0,-1.0,-1.0,-1.0,-1.0,-1.0,-1.0,-1.0,-1.0,-1.0,-1.0,-1.0,-1.0,-1.0,-1.0,-1.0,-1.0,-1.0,-1.0,-1.0,-1.0,-1.0,-1.0,-1.0,-1.0,-1.0,-1.0,-1.0,-1.0,-1.0,-1.0,-1.0,-1.0,-1.0,-1.0,-1.0,-1.0,-1.0,-1.0,-1.0,1.0,-1.0,-1.0,-1.0,-1.0,-1.0,-1.0,1.0,-1.0,-1.0,1.0,1.0,1.0,1.0,1.0,-1.0,1.0,-1.0,1.0,-1.0,-1.0,-1.0,-1.0,-1.0,1.0,-1.0,-1.0,1.0,1.0,1.0,-1.0,-1.0,1.0,1.0,1.0,-1.0,-1.0,-1.0,1.0,1.0,1.0,1.0,-1.0,-1.0,1.0,1.0,1.0,-1.0,-1.0,-1.0,-1.0,1.0,1.0,1.0,-1.0,-1.0,1.0,1.0,1.0,-1.0,-1.0,1.0,1.0,1.0,-1.0,-1.0,1.0,1.0,1.0,-1.0,-1.0,-1.0,1.0,-1.0,1.0,1.0,1.0,1.0,1.0,-1.0,-1.0,-1.0,1.0,-1.0,-1.0,1.0,1.0,1.0,1.0,-1.0,-1.0,-1.0,-1.0,-1.0,-1.0,-1.0,-1.0,-1.0,-1.0,-1.0,1.0,-1.0,-1.0,-1.0,-1.0,-1.0,-1.0,-1.0,-1.0,-1.0,-1.0,-1.0,-1.0,1.0,-1.0,-1.0,-1.0,1.0,1.0,-1.0,-1.0,1.0,-1.0,-1.0,-1.0,1.0,1.0,-1.0,1.0,-1.0,-1.0,-1.0,-1.0,-1.0,-1.0,1.0,1.0,-1.0,-1.0,1.0,1.0,-1.0,-1.0,1.0,1.0,1.0,-1.0,-1.0,-1.0
-1.0,-1.0,-1.0,-1.0,-1.0,-1.0,-1.0,-1.0,-1.0,-1.0,-1.0,-1.0,-1.0,-1.0,-1.0,-1.0,-1.0,-1.0,-1.0,-1.0,-1.0,-1.0,-1.0,-1.0,-1.0,-1.0,-1.0,-1.0,-1.0,-1.0,-1.0,-1.0,-1.0,-1.0,-1.0,-1.0,-1.0,-1.0,-1.0,-1.0,-1.0,-1.0,-1.0,-1.0,-1.0,-1.0,-1.0,-1.0,-1.0,-1.0,-1.0,-1.0,-1.0,-1.0,-1.0,-1.0,-1.0,-1.0,-1.0,-1.0,-1.0,-1.0,-1.0,-1.0,-1.0,-1.0,-1.0,-1.0,-1.0,-1.0,-1.0,-1.0,-1.0,-1.0,-1.0,-1.0,-1.0,-1.0,-1.0,-1.0,-1.0,-1.0,-1.0,-1.0,-1.0,-1.0,-1.0,-1.0,-1.0,-1.0,-1.0,-1.0,-1.0,-1.0,-1.0,-1.0,-1.0,-1.0,-1.0,-1.0,-1.0,-1.0,-1.0,-1.0,-1.0,-1.0,-1.0,-1.0,-1.0,-1.0,-1.0,-1.0,-1.0,-1.0,-1.0,-1.0,-1.0,-1.0,-1.0,-1.0,-1.0,-1.0,-1.0,-1.0,-1.0,-1.0,-1.0,-1.0,-1.0,-1.0,-1.0,-1.0,-1.0,-1.0,-1.0,-1.0,-1.0,-1.0,-1.0,-1.0,-1.0,-1.0,-1.0,-1.0,-1.0,-1.0,-1.0,-1.0,-1.0,-1.0,-1.0,-1.0,-1.0,-1.0,-1.0,-1.0,-1.0,-1.0,-1.0,-1.0,-1.0,-1.0,-1.0,-1.0,-1.0,-1.0,-1.0,-1.0,-1.0,-1.0,-1.0,-1.0,-1.0,-1.0,-1.0,-1.0,-1.0,-1.0,-1.0,-1.0,-1.0,-1.0,-1.0,-1.0,-1.0,-1.0,-1.0,-1.0,-1.0,-1.0,-1.0,-1.0,-1.0,-1.0,-1.0,-1.0,-1.0,-1.0,-1.0,-1.0,-1.0,-1.0,-1.0,-1.0,-1.0,-1.0,-1.0,-1.0,-1.0,-1.0,-1.0,-1.0,-1.0,-1.0,-1.0,-1.0,-1.0,-1.0,-1.0,-1.0,-1.0,-1.0,-1.0,-1.0,-1.0,-1.0,-1.0,-1.0,-1.0,-1.0,-1.0,-1.0,-1.0,-1.0,-1.0,-1.0,-1.0,-1.0,-1.0,-1.0,-1.0,-1.0,-1.0,-1.0,-1.0,-1.0,-1.0,-1.0,-1.0,-1.0,-1.0,-1.0,-1.0,-1.0,-1.0,-1.0,-1.0,-1.0,-1.0,-1.0,-1.0,-1.0,-1.0,-1.0,-1.0,-1.0,-1.0,-1.0,-1.0,-1.0,-1.0,-1.0,-1.0,-1.0,-1.0,-1.0,-1.0,-1.0,-1.0,-1.0,-1.0,-1.0,-1.0,-1.0,-1.0,-1.0,-1.0,-1.0,-1.0,-1.0,-1.0,-1.0,-1.0,-1.0,-1.0,-1.0,-1.0,-1.0,-1.0,-1.0,-1.0,-1.0,-1.0,-1.0,-1.0,-1.0,-1.0,-1.0,-1.0,-1.0,-1.0,-1.0,-1.0,-1.0,-1.0,-1.0,-1.0,-1.0,-1.0,-1.0,-1.0,-1.0,-1.0,-1.0,-1.0,-1.0,-1.0,-1.0,-1.0,-1.0,-1.0,-1.0,-1.0,-1.0,-1.0,-1.0,-1.0,-1.0,-1.0,-1.0,-1.0,-1.0,-1.0,-1.0,-1.0,-1.0,-1.0,-1.0,-1.0,-1.0,-1.0,-1.0,-1.0,-1.0,-1.0,-1.0,-1.0,-1.0,-1.0,-1.0,-1.0,-1.0,-1.0,-1.0,-1.0,-1.0,-1.0,-1.0,-1.0,-1.0,-1.0,-1.0,-1.0,-1.0,-1.0,-1.0,-1.0,-1.0,-1.0,-1.0,-1.0,-1.0,-1.0,-1.0,-1.0,-1.0,-1.0,-1.0,-1.0,-1.0,-1.0,-1.0,-1.0,-1.0,-1.0,-1.0,-1.0,-1.0
0.0,0.0,0.0,0.0,0.0,0.0,0.0,0.0,0.0,0.0,0.0,0.0,0.0,0.0,0.0,0.0,0.0,0.0,0.0,0.0,0.0,0.0,0.0,0.0,0.0,0.0,0.0,0.0,0.0,0.0,0.0,0.0,0.0,0.0,0.0,0.0,0.0,0.0,0.0,0.0,0.0,0.0,0.0,0.0,0.0,0.0,0.0,0.0,0.0,0.0,0.0,0.0,0.0,0.0,0.0,0.0,0.0,0.0,0.0,0.0,0.0,0.0,0.0,0.0,0.0,0.0,0.0,0.0,0.0,0.0,0.0,0.0,0.0,0.0,0.0,0.0,0.0,0.0,0.0,0.0,0.0,0.0,0.0,0.0,0.0,0.0,0.0,0.0,0.0,0.0,0.0,0.0,0.0,0.0,0.0,0.0,0.0,0.0,0.0,0.0,0.0,0.0,0.0,0.0,0.0,0.0,0.0,0.0,0.0,0.0,0.0,0.0,0.0,0.0,0.0,0.0,0.0,0.0,0.0,0.0,0.0,0.0,0.0,0.0,0.0,0.0,0.0,0.0,0.0,0.0,0.0,0.0,0.0,0.0,0.0,0.0,0.0,0.0,0.0,0.0,0.0,0.0,0.0,0.0,0.0,0.0,0.0,0.0,0.0,0.0,0.0,0.0,0.0,0.0,0.0,0.0,0.0,0.0,0.0,0.0,0.0,0.0,0.0,0.0,0.0,0.0,0.0,0.0,0.0,0.0,0.0,0.0,0.0,0.0,0.0,0.0,0.0,0.0,0.0,0.0,0.0,0.0,0.0,0.0,0.0,0.0,0.0,0.0,0.0,0.0,0.0,0.0,0.0,0.0,0.0,0.0,0.0,0.0,0.0,0.0,0.0,0.0,0.0,0.0,0.0,0.0,0.0,0.0,0.0,0.0,0.0,0.0,0.0,0.0,0.0,0.0,0.0,0.0,0.0,0.0,0.0,0.0,0.0,0.0,0.0,0.0,0.0,0.0,0.0,0.0,0.0,0.0,0.0,0.0,0.0,0.0,0.0,0.0,0.0,0.0,0.0,0.0,0.0,0.0,0.0,0.0,0.0,0.0,0.0,0.0,0.0,0.0,0.0,0.0,0.0,0.0,0.0,0.0,0.0,0.0,0.0,0.0,0.0,0.0,0.0,0.0,0.0,0.0,0.0,0.0,0.0,0.0,0.0,0.0,0.0,0.0,0.0,0.0,0.0,0.0,0.0,0.0,0.0,0.0,0.0,0.0,0.0,0.0,0.0,0.0,0.0,0.0,0.0,0.0,0.0,0.0,0.0,0.0,0.0,0.0,0.0,0.0,0.0,0.0,0.0,0.0,0.0,0.0,0.0,0.0,0.0,0.0,0.0,0.0,0.0,0.0,0.0,0.0,0.0,0.0,0.0,0.0,0.0,0.0,0.0,0.0,0.0,0.0,0.0,0.0,0.0,0.0,0.0,0.0,0.0,0.0,0.0,0.0,0.0,0.0,0.0,0.0,0.0,0.0,0.0,0.0,0.0,0.0,0.0,0.0,0.0,0.0,0.0,0.0,0.0,0.0,0.0,0.0,0.0,0.0,0.0,0.0,0.0,0.0,0.0,0.0,0.0,0.0,0.0,0.0,0.0,0.0,0.0,0.0,0.0,0.0,0.0,0.0,0.0,0.0,0.0,0.0,0.0,0.0,0.0,0.0,0.0,0.0,0.0,0.0,0.0,0.0,0.0,0.0,0.0,0.0,0.0,0.0
0.30918791307372295,0.30918791307372295,0.30918791307372295,0.30918791307372295,0.30918791307372295,0.30918791307372295,0.30918791307372295,0.30918791307372295,0.30918791307372295,0.30918791307372295,0.30918791307372295,0.30918791307372295,0.30918791307372295,0.30918791307372295,0.30918791307372295,0.30918791307372295,0.30918791307372295,0.30918791307372295,0.30918791307372295,0.30918791307372295,0.30918791307372295,0.30918791307372295,0.30918791307372295,0.30918791307372295,0.30918791307372295,0.30918791307372295,0.30918791307372295,0.30918791307372295,0.30918791307372295,0.30918791307372295,0.30918791307372295,0.30918791307372295,0.30918791307372295,0.30918791307372295,0.30918791307372295,0.30918791307372295,0.30918791307372295,0.30918791307372295,0.30918791307372295,0.30918791307372295,0.30918791307372295,0.30918791307372295,0.30918791307372295,0.30918791307372295,0.30918791307372295,0.30918791307372295,0.30918791307372295,0.30918791307372295,0.30918791307372295,0.30918791307372295,0.30918791307372295,0.30918791307372295,0.30918791307372295,0.30918791307372295,0.30918791307372295,0.30918791307372295,0.30918791307372295,0.30918791307372295,0.30918791307372295,0.30918791307372295,0.30918791307372295,0.30918791307372295,0.30918791307372295,0.30918791307372295,0.30918791307372295,0.30918791307372295,0.30918791307372295,0.30918791307372295,0.30918791307372295,0.30918791307372295,0.30918791307372295,0.30918791307372295,0.30918791307372295,0.30918791307372295,0.30918791307372295,0.30918791307372295,0.30918791307372295,0.30918791307372295,0.30918791307372295,0.30918791307372295,0.30918791307372295,0.30918791307372295,0.30918791307372295,0.30918791307372295,0.30918791307372295,0.30918791307372295,0.30918791307372295,0.30918791307372295,0.30918791307372295,0.30918791307372295,0.30918791307372295,0.30918791307372295,0.30918791307372295,0.30918791307372295,0.30918791307372295,0.30918791307372295,0.30918791307372295,0.30918791307372295,0.30918791307372295,0.30918791307372295,0.30918791307372295,0.30918791307372295,0.30918791307372295,0.30918791307372295,0.30918791307372295,0.30918791307372295,0.30918791307372295,0.30918791307372295,0.30918791307372295,0.30918791307372295,0.30918791307372295,0.30918791307372295,0.30918791307372295,0.30918791307372295,0.30918791307372295,0.30918791307372295,0.30918791307372295,0.30918791307372295,0.30918791307372295,0.30918791307372295,0.30918791307372295,0.30918791307372295,0.30918791307372295,0.30918791307372295,0.30918791307372295,0.30918791307372295,0.30918791307372295,0.30918791307372295,0.30918791307372295,0.30918791307372295,0.30918791307372295,0.30918791307372295,0.30918791307372295,0.30918791307372295,0.30918791307372295,0.30918791307372295,0.30918791307372295,0.30918791307372295,0.30918791307372295,0.30918791307372295,0.30918791307372295,0.30918791307372295,0.30918791307372295,0.30918791307372295,0.30918791307372295,0.30918791307372295,0.30918791307372295,0.30918791307372295,0.30918791307372295,0.30918791307372295,0.30918791307372295,0.30918791307372295,0.30918791307372295,0.30918791307372295,0.30918791307372295,0.30918791307372295,0.30918791307372295,0.30918791307372295,0.30918791307372295,0.30918791307372295,0.30918791307372295,0.30918791307372295,0.30918791307372295,0.30918791307372295,0.30918791307372295,0.30918791307372295,0.30918791307372295,0.30918791307372295,0.30918791307372295,0.30918791307372295,0.30918791307372295,0.30918791307372295,0.30918791307372295,0.30918791307372295,0.30918791307372295,0.30918791307372295,0.30918791307372295,0.30918791307372295,0.30918791307372295,0.30918791307372295,0.30918791307372295,0.30918791307372295,0.30918791307372295,0.30918791307372295,0.30918791307372295,0.30918791307372295,0.30918791307372295,0.30918791307372295,0.30918791307372295,0.30918791307372295,0.30918791307372295,0.30918791307372295,0.30918791307372295,0.30918791307372295,0.30918791307372295,0.30918791307372295,0.30918791307372295,0.30918791307372295,0.30918791307372295,0.30918791307372295,-3.234513096367228,0.30918791307372295,0.30918791307372295,0.30918791307372295,0.30918791307372295,0.30918791307372295,0.30918791307372295,0.30918791307372295,0.30918791307372295,0.30918791307372295,0.30918791307372295,0.30918791307372295,0.30918791307372295,0.30918791307372295,0.30918791307372295,0.30918791307372295,0.30918791307372295,0.30918791307372295,0.30918791307372295,0.30918791307372295,0.30918791307372295,0.30918791307372295,0.30918791307372295,0.30918791307372295,0.30918791307372295,0.30918791307372295,0.30918791307372295,0.30918791307372295,0.30918791307372295,0.30918791307372295,0.30918791307372295,0.30918791307372295,0.30918791307372295,0.30918791307372295,0.30918791307372295,0.30918791307372295,0.30918791307372295,0.30918791307372295,0.30918791307372295,0.30918791307372295,-3.234513096367228,0.30918791307372295,0.30918791307372295,0.30918791307372295,0.30918791307372295,-3.234513096367228,0.30918791307372295,0.30918791307372295,0.30918791307372295,-3.234513096367228,0.30918791307372295,0.30918791307372295,0.30918791307372295,0.30918791307372295,0.30918791307372295,0.30918791307372295,0.30918791307372295,0.30918791307372295,0.30918791307372295,0.30918791307372295,0.30918791307372295,0.30918791307372295,0.30918791307372295,0.30918791307372295,0.30918791307372295,0.30918791307372295,0.30918791307372295,0.30918791307372295,0.30918791307372295,0.30918791307372295,0.30918791307372295,0.30918791307372295,0.30918791307372295,0.30918791307372295,0.30918791307372295,0.30918791307372295,0.30918791307372295,-3.234513096367228,0.30918791307372295,0.30918791307372295,0.30918791307372295,0.30918791307372295,-3.234513096367228,0.30918791307372295,0.30918791307372295,0.30918791307372295,0.30918791307372295,-3.234513096367228,0.30918791307372295,-3.234513096367228,0.30918791307372295,0.30918791307372295,0.30918791307372295,0.30918791307372295,-3.234513096367228,0.30918791307372295,0.30918791307372295,0.30918791307372295,0.30918791307372295,0.30918791307372295,0.30918791307372295,-3.234513096367228,0.30918791307372295,0.30918791307372295,0.30918791307372295,0.30918791307372295,-3.234513096367228,0.30918791307372295,0.30918791307372295,0.30918791307372295,0.30918791307372295,-3.234513096367228,0.30918791307372295,0.30918791307372295,0.30918791307372295,0.30918791307372295,-3.234513096367228,0.30918791307372295,0.30918791307372295,0.30918791307372295,0.30918791307372295,0.30918791307372295,0.30918791307372295,0.30918791307372295,0.30918791307372295,0.30918791307372295,0.30918791307372295,0.30918791307372295,0.30918791307372295,0.30918791307372295,0.30918791307372295,0.30918791307372295,0.30918791307372295,0.30918791307372295,0.30918791307372295,0.30918791307372295,0.30918791307372295,0.30918791307372295,0.30918791307372295,0.30918791307372295,0.30918791307372295,0.30918791307372295,0.30918791307372295,0.30918791307372295,0.30918791307372295,0.30918791307372295,0.30918791307372295,0.30918791307372295,0.30918791307372295,0.30918791307372295,0.30918791307372295,0.30918791307372295,0.30918791307372295,0.30918791307372295,0.30918791307372295,0.30918791307372295,0.30918791307372295,0.30918791307372295,0.30918791307372295,0.30918791307372295,0.30918791307372295,0.30918791307372295,0.30918791307372295,0.30918791307372295,0.30918791307372295,0.30918791307372295,0.30918791307372295,0.30918791307372295,0.30918791307372295,0.30918791307372295,0.30918791307372295,0.30918791307372295,0.30918791307372295,0.30918791307372295,0.30918791307372295,0.30918791307372295,0.30918791307372295,0.30918791307372295,0.30918791307372295,0.30918791307372295,0.30918791307372295,0.30918791307372295,0.30918791307372295,0.30918791307372295,0.30918791307372295,0.30918791307372295,0.30918791307372295,0.30918791307372295,0.30918791307372295,0.30918791307372295,0.30918791307372295,0.30918791307372295,0.30918791307372295,0.30918791307372295,0.30918791307372295,0.30918791307372295,0.30918791307372295,0.30918791307372295
-1.2519502074688795,-0.6767243314855225,-1.2519502074688795,-1.2519502074688795,-0.3402387645907802,-0.6767243314855225,-1.2519502074688795,-1.2519502074688795,-0.6767243314855225,-0.6767243314855225,-0.3402387645907802,-1.2519502074688795,-0.6767243314855225,-0.6767243314855225,-0.3402387645907802,-1.2519502074688795,-0.10149845550216545,-0.6767243314855225,-0.6767243314855225,-0.6767243314855225,-0.10149845550216545,-0.6767243314855225,-0.10149845550216545,-0.6767243314855225,-1.2519502074688795,-0.6767243314855225,-0.6767243314855225,-0.6767243314855225,-0.3402387645907802,-1.2519502074688795,-1.2519502074688795,-1.2519502074688795,-0.6767243314855225,-0.6767243314855225,-0.6767243314855225,-1.2519502074688795,-1.2519502074688795,-1.2519502074688795,-1.2519502074688795,-1.2519502074688795,-1.2519502074688795,-1.2519502074688795,-1.2519502074688795,-0.6767243314855225,-0.6767243314855225,-0.6767243314855225,-0.10149845550216545,-0.6767243314855225,-0.6767243314855225,-1.2519502074688795,-1.2519502074688795,-0.6767243314855225,-1.2519502074688795,-0.6767243314855225,-1.2519502074688795,-1.2519502074688795,-0.6767243314855225,-1.2519502074688795,-1.2519502074688795,-1.2519502074688795,-1.2519502074688795,-1.2519502074688795,-0.3402387645907802,-0.3402387645907802,-0.6767243314855225,-1.2519502074688795,-0.6767243314855225,-0.6767243314855225,-1.2519502074688795,-1.2519502074688795,-1.2519502074688795,-0.6767243314855225,-0.3402387645907802,-1.2519502074688795,-0.6767243314855225,-0.6767243314855225,-1.2519502074688795,-1.2519502074688795,-1.2519502074688795,-1.2519502074688795,-0.6767243314855225,-0.6767243314855225,-1.2519502074688795,-0.3402387645907802,-1.2519502074688795,-0.3402387645907802,-0.6767243314855225,-0.6767243314855225,-1.2519502074688795,-1.2519502074688795,-0.3402387645907802,-0.6767243314855225,-1.2519502074688795,-0.3402387645907802,-1.2519502074688795,-0.6767243314855225,-1.2519502074688795,-1.2519502074688795,-1.2519502074688795,-1.2519502074688795,-0.3402387645907802,-0.6767243314855225,-1.2519502074688795,-1.2519502074688795,-0.6767243314855225,-0.6767243314855225,-0.6767243314855225,-0.6767243314855225,-1.2519502074688795,-1.2519502074688795,-1.2519502074688795,-0.6767243314855225,-0.3402387645907802,-1.2519502074688795,-1.2519502074688795,-1.2519502074688795,-1.2519502074688795,-0.3402387645907802,-0.3402387645907802,-1.2519502074688795,-1.2519502074688795,-0.6767243314855225,-1.2519502074688795,-1.2519502074688795,-1.2519502074688795,-0.6767243314855225,-0.6767243314855225,-1.2519502074688795,-1.2519502074688795,-1.2519502074688795,-1.2519502074688795,-1.2519502074688795,-1.2519502074688795,-1.2519502074688795,-1.2519502074688795,-1.2519502074688795,-1.2519502074688795,-1.2519502074688795,-0.6767243314855225,-0.3402387645907802,-1.2519502074688795,-0.6767243314855225,-0.6767243314855225,-1.2519502074688795,-0.3402387645907802,-0.3402387645907802,-1.2519502074688795,-1.2519502074688795,-0.6767243314855225,-1.2519502074688795,-1.2519502074688795,-1.2519502074688795,-0.3402387645907802,-0.3402387645907802,-1.2519502074688795,-0.6767243314855225,-0.6767243314855225,0.08368291488307082,-0.3402387645907802,-0.6767243314855225,-0.10149845550216545,-0.10149845550216545,-0.6767243314855225,-0.3402387645907802,-0.3402387645907802,-0.10149845550216545,-0.3402387645907802,-0.3402387645907802,-0.3402387645907802,-0.3402387645907802,-0.6767243314855225,-0.6767243314855225,-1.2519502074688795,-0.6767243314855225,0.23498711139257678,0.36291298676789485,1.1915676175655106,0.9953943577611701,-0.10149845550216545,-0.6767243314855225,-0.3402387645907802,-0.6767243314855225,-0.6767243314855225,-1.2519502074688795,0.6589087908664282,0.23498711139257678,0.36291298676789485,1.1915676175655106,0.9953943577611701,-0.10149845550216545,-0.6767243314855225,-0.3402387645907802,-0.6767243314855225,-0.6767243314855225,-1.2519502074688795,-0.6767243314855225,-0.6767243314855225,-1.2519502074688795,-1.2519502074688795,-0.6767243314855225,0.0,0.6589087908664282,-0.6767243314855225,0.5714726782873192,-1.2519502074688795,0.5714726782873192,-0.3402387645907802,0.8766384709224371,-0.10149845550216545,-0.6767243314855225,0.08368291488307082,-1.2519502074688795,-0.6767243314855225,-0.6767243314855225,-0.6767243314855225,-0.6767243314855225,0.23498711139257678,-0.10149845550216545,0.08368291488307082,0.810212987375934,-0.6767243314855225,1.6526141078838175,0.08368291488307082,0.810212987375934,-0.3402387645907802,0.6589087908664282,0.9381388627512518,-0.6767243314855225,-1.2519502074688795,1.6526141078838175,1.6526141078838175,1.6526141078838175,1.6526141078838175,1.6526141078838175,1.6526141078838175,1.6526141078838175,1.6526141078838175,1.6526141078838175,1.6526141078838175,-0.10149845550216545,0.0,1.6526141078838175,1.5424861659638789,-0.3402387645907802,-0.10149845550216545,0.0,-0.10149845550216545,-1.2519502074688795,0.23498711139257678,0.0,0.08368291488307082,0.5714726782873192,0.810212987375934,0.4737274204811915,0.4737274204811915,0.9953943577611701,-1.2519502074688795,0.23498711139257678,-0.6767243314855225,-0.10149845550216545,-0.3402387645907802,-0.6767243314855225,-1.2519502074688795,-0.3402387645907802,-1.2519502074688795,-0.3402387645907802,-1.2519502074688795,-0.3402387645907802,0.9381388627512518,-0.6767243314855225,-1.2519502074688795,-0.6767243314855225,-0.6767243314855225,-1.2519502074688795,-0.6767243314855225,0.9381388627512518,-0.3402387645907802,0.0,-0.3402387645907802,-0.3402387645907802,0.9381388627512518,-0.3402387645907802,0.0,-0.3402387645907802,-0.3402387645907802,0.4737274204811915,-0.3402387645907802,0.0,-0.3402387645907802,0.0,-0.3402387645907802,-0.6767243314855225,1.0489532964645487,-0.3402387645907802,0.0,-0.3402387645907802,-0.3402387645907802,0.6589087908664282,-0.3402387645907802,0.9953943577611701,-0.3402387645907802,0.0,-0.3402387645907802,-0.3402387645907802,0.810212987375934,-0.3402387645907802,0.0,-0.3402387645907802,-0.3402387645907802,0.7380043757662827,-0.3402387645907802,0.0,-0.3402387645907802,-0.3402387645907802,1.5706202337445274,-0.3402387645907802,0.0,-0.3402387645907802,-0.6767243314855225,0.7380043757662827,0.5714726782873192,-0.3402387645907802,0.5714726782873192,-0.3402387645907802,0.7380043757662827,-0.6767243314855225,0.4737274204811915,0.8766384709224371,0.23498711139257678,-0.6767243314855225,-1.2519502074688795,-0.3402387645907802,-0.3402387645907802,1.4518643469057944,0.7380043757662827,-0.6767243314855225,0.4737274204811915,0.8766384709224371,-1.2519502074688795,-1.2519502074688795,-1.2519502074688795,-0.6767243314855225,-1.2519502074688795,-1.2519502074688795,-1.2519502074688795,-1.2519502074688795,-1.2519502074688795,-1.2519502074688795,-0.6767243314855225,-1.2519502074688795,0.8766384709224371,-1.2519502074688795,0.08368291488307082,-1.2519502074688795,0.23498711139257678,-1.2519502074688795,1.0992641859387686,-1.2519502074688795,0.810212987375934,-0.3402387645907802,0.08368291488307082,-0.6767243314855225,-0.6767243314855225,-1.2519502074688795,0.8766384709224371,0.23498711139257678,-0.6767243314855225,-1.2519502074688795,-0.6767243314855225,-0.6767243314855225,-0.6767243314855225,-1.2519502074688795,0.7380043757662827,-0.6767243314855225,-0.6767243314855225,-1.2519502074688795,1.0489532964645487,-1.2519502074688795,-1.2519502074688795,0.08368291488307082,0.23498711139257678,-0.10149845550216545,-0.6767243314855225,-0.6767243314855225,-0.3402387645907802,-0.6767243314855225,0.08368291488307082,-0.10149845550216545,-0.3402387645907802,-0.6767243314855225,0.08368291488307082,0.08368291488307082,-0.10149845550216545,-0.10149845550216545,-0.6767243314855225,-0.3402387645907802,-0.6767243314855225,-0.10149845550216545
1.6214432528785871,-1.0022521801597202,1.6214432528785871,2.1461823394862485,2.1461823394862485,-0.4775130935520587,1.6214432528785871,2.1461823394862485,-1.0022521801597202,0.04722599305560278,-0.4775130935520587,1.0967041662709258,0.04722599305560278,0.04722599305560278,0.04722599305560278,1.6214432528785871,-1.0022521801597202,0.5719650796632643,1.6214432528785871,0.5719650796632643,-0.4775130935520587,-1.0022521801597202,-0.4775130935520587,-0.4775130935520587,1.0967041662709258,0.04722599305560278,-0.4775130935520587,-0.4775130935520587,-1.0022521801597202,4.769877772524556,3.720399599309233,1.0967041662709258,-0.4775130935520587,-0.4775130935520587,1.6214432528785871,0.5719650796632643,1.6214432528785871,-1.0022521801597202,-1.0022521801597202,-1.0022521801597202,-1.0022521801597202,3.720399599309233,0.5719650796632643,-0.4775130935520587,1.0967041662709258,1.6214432528785871,-1.0022521801597202,-0.4775130935520587,0.04722599305560278,-0.4775130935520587,0.5719650796632643,0.5719650796632643,0.04722599305560278,-1.0022521801597202,1.6214432528785871,1.6214432528785871,0.5719650796632643,2.1461823394862485,2.6709214260939103,4.769877772524556,1.0967041662709258,1.6214432528785871,-1.0022521801597202,0.04722599305560278,1.6214432528785871,4.769877772524556,0.04722599305560278,0.04722599305560278,2.6709214260939103,0.04722599305560278,0.5719650796632643,0.04722599305560278,-0.4775130935520587,0.5719650796632643,0.04722599305560278,1.6214432528785871,2.6709214260939103,2.6709214260939103,1.6214432528785871,1.6214432528785871,0.5719650796632643,1.0967041662709258,0.5719650796632643,0.5719650796632643,1.0967041662709258,0.04722599305560278,0.5719650796632643,1.0967041662709258,-0.4775130935520587,3.1956605127015716,-1.0022521801597202,-0.4775130935520587,2.1461823394862485,0.5719650796632643,0.5719650796632643,0.04722599305560278,-0.4775130935520587,0.5719650796632643,1.6214432528785871,1.6214432528785871,-0.4775130935520587,0.5719650796632643,1.0967041662709258,1.6214432528785871,0.04722599305560278,1.0967041662709258,0.5719650796632643,-1.0022521801597202,4.245138685916894,0.04722599305560278,0.5719650796632643,0.04722599305560278,-0.4775130935520587,2.6709214260939103,0.5719650796632643,1.0967041662709258,0.04722599305560278,0.04722599305560278,0.04722599305560278,-1.0022521801597202,3.1956605127015716,-0.4775130935520587,2.6709214260939103,0.04722599305560278,-0.4775130935520587,-1.0022521801597202,0.5719650796632643,1.6214432528785871,1.6214432528785871,0.5719650796632643,1.6214432528785871,0.04722599305560278,1.6214432528785871,2.6709214260939103,0.04722599305560278,4.245138685916894,0.04722599305560278,3.1956605127015716,-1.0022521801597202,0.5719650796632643,0.5719650796632643,-0.4775130935520587,0.04722599305560278,1.0967041662709258,-1.0022521801597202,0.04722599305560278,-0.4775130935520587,-0.4775130935520587,1.0967041662709258,3.1956605127015716,1.6214432528785871,1.0967041662709258,-1.0022521801597202,-0.4775130935520587,0.5719650796632643,1.6214432528785871,1.6214432528785871,0.04722599305560278,-0.4775130935520587,0.5719650796632643,1.0967041662709258,-0.4775130935520587,-0.4775130935520587,0.04722599305560278,-0.4775130935520587,-0.4775130935520587,-0.4775130935520587,0.04722599305560278,0.04722599305560278,-0.4775130935520587,0.04722599305560278,0.5719650796632643,1.6214432528785871,-1.0022521801597202,0.04722599305560278,-1.0022521801597202,-0.4775130935520587,-0.4775130935520587,-1.0022521801597202,-1.0022521801597202,0.5719650796632643,-1.0022521801597202,-1.0022521801597202,1.6214432528785871,-0.4775130935520587,0.04722599305560278,-1.0022521801597202,-0.4775130935520587,-0.4775130935520587,-1.0022521801597202,-1.0022521801597202,0.5719650796632643,-1.0022521801597202,-1.0022521801597202,-1.0022521801597202,-1.0022521801597202,0.04722599305560278,1.6214432528785871,0.04722599305560278,-1.0022521801597202,-1.0,0.04722599305560278,0.04722599305560278,1.0967041662709258,1.0967041662709258,1.0967041662709258,-1.0022521801597202,0.04722599305560278,-1.0022521801597202,-0.4775130935520587,-0.4775130935520587,-1.0022521801597202,0.5719650796632643,0.5719650796632643,-1.0022521801597202,1.0967041662709258,0.04722599305560278,-1.0022521801597202,0.04722599305560278,0.04722599305560278,0.5719650796632643,0.04722599305560278,0.04722599305560278,-0.4775130935520587,-1.0022521801597202,0.04722599305560278,0.04722599305560278,0.04722599305560278,-1.0022521801597202,0.04722599305560278,0.04722599305560278,-0.4775130935520587,0.04722599305560278,0.04722599305560278,-0.4775130935520587,0.04722599305560278,0.04722599305560278,-0.4775130935520587,0.04722599305560278,0.04722599305560278,-1.0,-0.4775130935520587,-0.4775130935520587,-0.4775130935520587,0.04722599305560278,-1.0,-0.4775130935520587,-1.0022521801597202,0.04722599305560278,-1.0,-1.0022521801597202,-1.0022521801597202,-1.0022521801597202,1.0967041662709258,-0.4775130935520587,-0.4775130935520587,1.6214432528785871,0.04722599305560278,-1.0022521801597202,-1.0022521801597202,0.04722599305560278,-1.0022521801597202,1.6214432528785871,0.04722599305560278,0.04722599305560278,-0.4775130935520587,0.04722599305560278,-0.4775130935520587,0.04722599305560278,1.0967041662709258,-0.4775130935520587,0.5719650796632643,1.6214432528785871,1.6214432528785871,0.5719650796632643,0.5719650796632643,0.04722599305560278,-1.0,-0.4775130935520587,1.0967041662709258,1.0967041662709258,0.04722599305560278,-1.0,-0.4775130935520587,0.04722599305560278,0.5719650796632643,-0.4775130935520587,-1.0,0.04722599305560278,-1.0,-0.4775130935520587,2.6709214260939103,0.5719650796632643,0.04722599305560278,-1.0,-0.4775130935520587,0.04722599305560278,0.04722599305560278,-0.4775130935520587,0.5719650796632643,0.04722599305560278,-1.0,-0.4775130935520587,0.5719650796632643,1.0967041662709258,0.04722599305560278,-1.0,-0.4775130935520587,0.04722599305560278,1.0967041662709258,0.04722599305560278,-1.0,-0.4775130935520587,0.5719650796632643,0.04722599305560278,0.04722599305560278,-1.0,-0.4775130935520587,1.0967041662709258,0.04722599305560278,-1.0022521801597202,-1.0022521801597202,-0.4775130935520587,-1.0022521801597202,0.04722599305560278,0.04722599305560278,-0.4775130935520587,-0.4775130935520587,-0.4775130935520587,0.04722599305560278,-1.0022521801597202,0.04722599305560278,-1.0022521801597202,-0.4775130935520587,0.04722599305560278,0.04722599305560278,-0.4775130935520587,-0.4775130935520587,-0.4775130935520587,2.1461823394862485,1.6214432528785871,-0.4775130935520587,1.6214432528785871,1.0967041662709258,0.5719650796632643,3.1956605127015716,-0.4775130935520587,2.1461823394862485,-0.4775130935520587,-1.0022521801597202,0.5719650796632643,-1.0022521801597202,1.0967041662709258,-1.0022521801597202,0.04722599305560278,-1.0022521801597202,-1.0022521801597202,-1.0022521801597202,-0.4775130935520587,-0.4775130935520587,-0.4775130935520587,2.1461823394862485,-1.0022521801597202,1.6214432528785871,-1.0022521801597202,0.04722599305560278,-1.0022521801597202,-0.4775130935520587,1.0967041662709258,1.0967041662709258,-1.0022521801597202,-0.4775130935520587,-0.4775130935520587,1.0967041662709258,-1.0022521801597202,-0.4775130935520587,0.04722599305560278,1.6214432528785871,1.0967041662709258,-0.4775130935520587,-0.4775130935520587,-0.4775130935520587,-1.0022521801597202,-0.4775130935520587,0.04722599305560278,1.6214432528785871,0.04722599305560278,-0.4775130935520587,-0.4775130935520587,0.5719650796632643,-0.4775130935520587,0.04722599305560278,1.0967041662709258,-0.4775130935520587,-0.4775130935520587,0.04722599305560278,0.04722599305560278,-1.0022521801597202
-1.0,-1.0,-1.0,-1.0,1.0,-1.0,-1.0,-1.0,-1.0,-1.0,-1.0,-1.0,-1.0,-1.0,-1.0,-1.0,-1.0,-1.0,-1.0,-1.0,1.0,-1.0,-1.0,-1.0,-1.0,-1.0,-1.0,-1.0,-1.0,-1.0,-1.0,-1.0,-1.0,-1.0,-1.0,-1.0,-1.0,-1.0,-1.0,-1.0,-1.0,-1.0,-1.0,-1.0,-1.0,-1.0,-1.0,-1.0,-1.0,-1.0,-1.0,-1.0,-1.0,-1.0,-1.0,-1.0,-1.0,-1.0,-1.0,-1.0,-1.0,-1.0,1.0,-1.0,-1.0,-1.0,-1.0,-1.0,-1.0,-1.0,-1.0,-1.0,-1.0,-1.0,-1.0,-1.0,-1.0,-1.0,-1.0,-1.0,-1.0,-1.0,-1.0,-1.0,-1.0,-1.0,-1.0,-1.0,-1.0,-1.0,-1.0,-1.0,-1.0,-1.0,-1.0,-1.0,-1.0,-1.0,-1.0,-1.0,-1.0,-1.0,-1.0,-1.0,-1.0,-1.0,-1.0,-1.0,-1.0,-1.0,-1.0,-1.0,-1.0,-1.0,-1.0,-1.0,-1.0,-1.0,-1.0,-1.0,-1.0,-1.0,-1.0,-1.0,-1.0,-1.0,-1.0,-1.0,-1.0,-1.0,-1.0,-1.0,-1.0,-1.0,-1.0,-1.0,-1.0,-1.0,-1.0,-1.0,-1.0,-1.0,-1.0,-1.0,-1.0,-1.0,-1.0,-1.0,-1.0,-1.0,-1.0,-1.0,-1.0,-1.0,-1.0,-1.0,-1.0,-1.0,1.0,-1.0,-1.0,1.0,-1.0,1.0,1.0,1.0,-1.0,1.0,1.0,1.0,-1.0,-1.0,-1.0,-1.0,1.0,1.0,1.0,1.0,1.0,1.0,-1.0,1.0,1.0,-1.0,1.0,1.0,1.0,1.0,1.0,1.0,1.0,-1.0,1.0,1.0,-1.0,1.0,-1.0,-1.0,-1.0,-1.0,-1.0,1.0,-1.0,1.0,-1.0,1.0,-1.0,1.0,-1.0,-1.0,1.0,-1.0,-1.0,-1.0,-1.0,-1.0,1.0,1.0,1.0,-1.0,-1.0,1.0,1.0,1.0,-1.0,1.0,1.0,-1.0,-1.0,1.0,1.0,1.0,1.0,1.0,1.0,1.0,1.0,1.0,1.0,-1.0,-1.0,1.0,1.0,1.0,-1.0,-1.0,1.0,1.0,1.0,-1.0,1.0,1.0,1.0,1.0,1.0,1.0,-1.0,1.0,1.0,1.0,1.0,-1.0,-1.0,1.0,-1.0,1.0,-1.0,-1.0,1.0,-1.0,-1.0,-1.0,-1.0,-1.0,-1.0,1.0,1.0,-1.0,1.0,-1.0,1.0,1.0,-1.0,1.0,-1.0,1.0,-1.0,-1.0,1.0,-1.0,1.0,-1.0,1.0,1.0,-1.0,1.0,-1.0,1.0,-1.0,1.0,1.0,-1.0,1.0,-1.0,1.0,1.0,-1.0,1.0,-1.0,1.0,1.0,-1.0,1.0,-1.0,1.0,1.0,-1.0,1.0,-1.0,1.0,1.0,1.0,1.0,1.0,1.0,-1.0,1.0,1.0,1.0,-1.0,-1.0,1.0,1.0,1.0,1.0,-1.0,1.0,1.0,-1.0,-1.0,-1.0,-1.0,-1.0,-1.0,-1.0,-1.0,-1.0,-1.0,-1.0,-1.0,1.0,-1.0,1.0,-1.0,-1.0,-1.0,1.0,-1.0,1.0,-1.0,1.0,-1.0,-1.0,-1.0,1.0,-1.0,-1.0,-1.0,-1.0,-1.0,-1.0,-1.0,1.0,-1.0,-1.0,-1.0,1.0,-1.0,-1.0,1.0,1.0,-1.0,-1.0,-1.0,1.0,-1.0,-1.0,-1.0,1.0,-1.0,1.0,1.0,-1.0,1.0,-1.0,-1.0,-1.0,1.0
-1.0,-1.0,-1.0,-1.0,-1.0,1.0,-1.0,-1.0,-1.0,-1.0,-1.0,-1.0,-1.0,-1.0,-1.0,-1.0,-1.0,-1.0,-1.0,-1.0,-1.0,-1.0,-1.0,-1.0,-1.0,1.0,-1.0,-1.0,-1.0,-1.0,-1.0,-1.0,-1.0,-1.0,-1.0,-1.0,-1.0,-1.0,-1.0,-1.0,-1.0,-1.0,-1.0,-1.0,-1.0,-1.0,-1.0,1.0,-1.0,-1.0,-1.0,-1.0,-1.0,-1.0,-1.0,-1.0,-1.0,-1.0,-1.0,-1.0,-1.0,-1.0,1.0,-1.0,-1.0,-1.0,-1.0,-1.0,-1.0,-1.0,-1.0,-1.0,1.0,-1.0,-1.0,-1.0,-1.0,-1.0,-1.0,-1.0,-1.0,-1.0,-1.0,-1.0,-1.0,-1.0,-1.0,-1.0,-1.0,-1.0,-1.0,-1.0,-1.0,-1.0,-1.0,1.0,-1.0,-1.0,-1.0,-1.0,-1.0,-1.0,-1.0,-1.0,-1.0,-1.0,-1.0,-1.0,-1.0,-1.0,-1.0,-1.0,-1.0,-1.0,-1.0,-1.0,-1.0,-1.0,-1.0,-1.0,-1.0,-1.0,-1.0,-1.0,-1.0,-1.0,-1.0,-1.0,-1.0,-1.0,-1.0,-1.0,-1.0,-1.0,-1.0,-1.0,-1.0,-1.0,-1.0,1.0,-1.0,-1.0,-1.0,-1.0,-1.0,-1.0,-1.0,-1.0,-1.0,-1.0,-1.0,-1.0,-1.0,-1.0,-1.0,1.0,-1.0,1.0,-1.0,-1.0,-1.0,-1.0,-1.0,-1.0,-1.0,-1.0,-1.0,-1.0,-1.0,-1.0,-1.0,-1.0,-1.0,-1.0,-1.0,-1.0,-1.0,-1.0,-1.0,-1.0,-1.0,-1.0,-1.0,-1.0,-1.0,-1.0,-1.0,-1.0,-1.0,-1.0,-1.0,-1.0,-1.0,-1.0,-1.0,-1.0,-1.0,-1.0,-1.0,1.0,-1.0,-1.0,-1.0,-1.0,-1.0,-1.0,1.0,-1.0,1.0,-1.0,-1.0,-1.0,1.0,-1.0,1.0,-1.0,-1.0,-1.0,1.0,-1.0,1.0,-1.0,-1.0,-1.0,1.0,-1.0,-1.0,-1.0,-1.0,-1.0,-1.0,-1.0,-1.0,-1.0,-1.0,-1.0,-1.0,-1.0,-1.0,1.0,-1.0,-1.0,-1.0,-1.0,1.0,-1.0,-1.0,-1.0,-1.0,-1.0,-1.0,-1.0,-1.0,-1.0,-1.0,-1.0,-1.0,-1.0,-1.0,-1.0,-1.0,-1.0,-1.0,-1.0,-1.0,-1.0,-1.0,-1.0,-1.0,-1.0,-1.0,-1.0,-1.0,-1.0,-1.0,-1.0,-1.0,-1.0,-1.0,-1.0,-1.0,-1.0,-1.0,-1.0,-1.0,-1.0,-1.0,-1.0,-1.0,-1.0,-1.0,-1.0,-1.0,-1.0,-1.0,-1.0,-1.0,-1.0,-1.0,-1.0,-1.0,-1.0,-1.0,-1.0,-1.0,-1.0,-1.0,-1.0,-1.0,-1.0,-1.0,-1.0,-1.0,-1.0,-1.0,-1.0,-1.0,-1.0,-1.0,-1.0,-1.0,-1.0,-1.0,-1.0,-1.0,-1.0,-1.0,-1.0,-1.0,-1.0,-1.0,-1.0,-1.0,-1.0,-1.0,-1.0,-1.0,-1.0,-1.0,-1.0,-1.0,-1.0,-1.0,-1.0,-1.0,-1.0,-1.0,-1.0,-1.0,-1.0,-1.0,-1.0,-1.0,-1.0,-1.0,-1.0,-1.0,-1.0,-1.0,-1.0,-1.0,-1.0,-1.0,-1.0,-1.0,-1.0,-1.0,-1.0,-1.0,-1.0,-1.0,-1.0,-1.0,-1.0,-1.0,-1.0,-1.0,-1.0,-1.0,-1.0,-1.0,-1.0,-1.0,-1.0,-1.0,-1.0,1.0,-1.0,-1.0,-1.0,-1.0,-1.0,-1.0,-1.0,-1.0,-1.0,-1.0,-1.0
-1.0,-1.0,-1.0,-1.0,-1.0,-1.0,-1.0,-1.0,-1.0,-1.0,1.0,-1.0,-1.0,-1.0,-1.0,-1.0,-1.0,-1.0,-1.0,-1.0,-1.0,-1.0,-1.0,-1.0,-1.0,-1.0,-1.0,-1.0,-1.0,-1.0,-1.0,-1.0,-1.0,-1.0,-1.0,-1.0,-1.0,-1.0,-1.0,-1.0,-1.0,-1.0,-1.0,-1.0,-1.0,-1.0,-1.0,-1.0,-1.0,-1.0,-1.0,-1.0,-1.0,-1.0,-1.0,-1.0,-1.0,-1.0,-1.0,-1.0,-1.0,-1.0,-1.0,1.0,-1.0,-1.0,-1.0,-1.0,-1.0,-1.0,-1.0,-1.0,1.0,-1.0,-1.0,-1.0,-1.0,-1.0,-1.0,-1.0,-1.0,-1.0,-1.0,1.0,-1.0,-1.0,-1.0,-1.0,-1.0,-1.0,-1.0,-1.0,-1.0,1.0,-1.0,-1.0,-1.0,-1.0,-1.0,-1.0,1.0,-1.0,-1.0,-1.0,-1.0,-1.0,-1.0,-1.0,-1.0,-1.0,-1.0,-1.0,-1.0,-1.0,-1.0,-1.0,-1.0,1.0,1.0,-1.0,-1.0,-1.0,-1.0,-1.0,-1.0,-1.0,-1.0,-1.0,-1.0,-1.0,-1.0,-1.0,-1.0,-1.0,-1.0,-1.0,-1.0,-1.0,-1.0,-1.0,-1.0,-1.0,-1.0,-1.0,-1.0,-1.0,-1.0,-1.0,-1.0,-1.0,-1.0,-1.0,-1.0,-1.0,-1.0,-1.0,-1.0,-1.0,-1.0,-1.0,1.0,-1.0,-1.0,-1.0,-1.0,-1.0,-1.0,-1.0,-1.0,-1.0,-1.0,-1.0,-1.0,-1.0,-1.0,-1.0,-1.0,-1.0,-1.0,-1.0,-1.0,-1.0,-1.0,-1.0,-1.0,-1.0,-1.0,-1.0,-1.0,-1.0,-1.0,-1.0,-1.0,-1.0,-1.0,-1.0,-1.0,-1.0,-1.0,-1.0,-1.0,-1.0,-1.0,-1.0,-1.0,-1.0,-1.0,-1.0,-1.0,-1.0,-1.0,-1.0,-1.0,-1.0,-1.0,-1.0,-1.0,-1.0,-1.0,-1.0,-1.0,-1.0,-1.0,-1.0,-1.0,-1.0,-1.0,-1.0,-1.0,-1.0,-1.0,-1.0,-1.0,-1.0,-1.0,-1.0,-1.0,-1.0,-1.0,-1.0,-1.0,-1.0,-1.0,-1.0,-1.0,-1.0,-1.0,-1.0,-1.0,-1.0,-1.0,-1.0,-1.0,-1.0,-1.0,-1.0,-1.0,-1.0,-1.0,-1.0,-1.0,-1.0,-1.0,-1.0,-1.0,-1.0,-1.0,-1.0,-1.0,-1.0,-1.0,-1.0,-1.0,-1.0,-1.0,-1.0,-1.0,-1.0,-1.0,-1.0,-1.0,-1.0,-1.0,-1.0,-1.0,-1.0,-1.0,-1.0,-1.0,-1.0,-1.0,-1.0,-1.0,-1.0,-1.0,-1.0,-1.0,-1.0,-1.0,-1.0,-1.0,-1.0,-1.0,-1.0,-1.0,-1.0,-1.0,-1.0,-1.0,-1.0,-1.0,-1.0,-1.0,-1.0,-1.0,-1.0,-1.0,-1.0,-1.0,-1.0,-1.0,-1.0,-1.0,-1.0,-1.0,-1.0,-1.0,-1.0,-1.0,-1.0,-1.0,-1.0,-1.0,-1.0,-1.0,-1.0,-1.0,-1.0,-1.0,-1.0,-1.0,-1.0,-1.0,-1.0,-1.0,-1.0,-1.0,-1.0,-1.0,-1.0,-1.0,-1.0,-1.0,-1.0,-1.0,-1.0,-1.0,-1.0,-1.0,-1.0,-1.0,-1.0,-1.0,-1.0,-1.0,-1.0,-1.0,-1.0,-1.0,-1.0,-1.0,-1.0,-1.0,-1.0,-1.0,-1.0,-1.0,-1.0,-1.0,-1.0,-1.0,-1.0,-1.0,-1.0,-1.0,-1.0,-1.0,1.0,-1.0,-1.0,-1.0,-1.0,1.0,-1.0,-1.0,-1.0,-1.0,-1.0
-2.446043165467626,-2.446043165467626,-2.446043165467626,-2.446043165467626,-0.2659690429474603,-2.446043165467626,-2.446043165467626,-2.446043165467626,-2.446043165467626,-2.446043165467626,-2.446043165467626,-2.446043165467626,-2.446043165467626,-2.446043165467626,-2.446043165467626,-2.446043165467626,-2.446043165467626,-2.446043165467626,-2.446043165467626,-2.446043165467626,0.8240680183126226,-2.446043165467626,-2.446043165467626,-2.446043165467626,-2.446043165467626,-2.446043165467626,-2.446043165467626,-2.446043165467626,-2.446043165467626,-2.446043165467626,-2.446043165467626,-2.446043165467626,-2.446043165467626,-2.446043165467626,-2.446043165467626,-2.446043165467626,-2.446043165467626,-2.446043165467626,-2.446043165467626,-2.446043165467626,-2.446043165467626,-2.446043165467626,-2.446043165467626,-2.446043165467626,-2.446043165467626,-2.446043165467626,-2.446043165467626,-2.446043165467626,-2.446043165467626,-2.446043165467626,-2.446043165467626,-2.446043165467626,-2.446043165467626,-2.446043165467626,-2.446043165467626,-2.446043165467626,-2.446043165467626,-2.446043165467626,-2.446043165467626,-2.446043165467626,-2.446043165467626,-2.446043165467626,-0.2659690429474603,-2.446043165467626,-2.446043165467626,-2.446043165467626,-2.446043165467626,-2.446043165467626,-2.446043165467626,-2.446043165467626,-2.446043165467626,-2.446043165467626,-2.446043165467626,-2.446043165467626,-2.446043165467626,-2.446043165467626,-2.446043165467626,-2.446043165467626,-2.446043165467626,-2.446043165467626,-2.446043165467626,-2.446043165467626,-2.446043165467626,-2.446043165467626,-2.446043165467626,-2.446043165467626,-2.446043165467626,-2.446043165467626,-2.446043165467626,-2.446043165467626,-2.446043165467626,-2.446043165467626,-2.446043165467626,-2.446043165467626,-2.446043165467626,-2.446043165467626,-2.446043165467626,-2.446043165467626,-2.446043165467626,-2.446043165467626,-2.446043165467626,-2.446043165467626,-2.446043165467626,-2.446043165467626,-2.446043165467626,-2.446043165467626,-2.446043165467626,-2.446043165467626,-2.446043165467626,-2.446043165467626,-2.446043165467626,-2.446043165467626,-2.446043165467626,-2.446043165467626,-2.446043165467626,-2.446043165467626,-2.446043165467626,-2.446043165467626,-2.446043165467626,-2.446043165467626,-2.446043165467626,-2.446043165467626,-2.446043165467626,-2.446043165467626,-2.446043165467626,-2.446043165467626,-2.446043165467626,-2.446043165467626,-2.446043165467626,-2.446043165467626,-2.446043165467626,-2.446043165467626,-2.446043165467626,-2.446043165467626,-2.446043165467626,-2.446043165467626,-2.446043165467626,-2.446043165467626,-2.446043165467626,-2.446043165467626,-2.446043165467626,-2.446043165467626,-2.446043165467626,-2.446043165467626,-2.446043165467626,-2.446043165467626,-2.446043165467626,-2.446043165467626,-2.446043165467626,-2.446043165467626,-2.446043165467626,-2.446043165467626,-2.446043165467626,-2.446043165467626,-2.446043165467626,-2.446043165467626,-2.446043165467626,-2.446043165467626,-0.2659690429474603,-2.446043165467626,-2.446043165467626,-0.8109875735775016,-2.446043165467626,-0.2659690429474603,-0.2659690429474603,-0.8109875735775016,-2.446043165467626,-0.2659690429474603,-0.2659690429474603,-0.2659690429474603,-2.446043165467626,-2.446043165467626,-2.446043165467626,-2.446043165467626,-1.356006104207543,0.35690927777258696,-0.03648755636639027,-1.1379986919555263,-0.8109875735775016,0.8240680183126226,-2.446043165467626,0.8240680183126226,0.8240680183126226,-2.446043165467626,-0.4839764551994768,-1.356006104207543,0.35690927777258696,-0.03648755636639027,-1.1379986919555263,-0.8109875735775016,0.8240680183126226,-2.446043165467626,0.8240680183126226,0.8240680183126226,-2.446043165467626,0.8240680183126226,-2.446043165467626,-2.446043165467626,-2.446043165467626,-2.446043165467626,0.0,-0.4839764551994768,-2.446043165467626,-0.9926604171208488,-2.446043165467626,-0.9926604171208488,-2.446043165467626,-0.9367610806459726,-2.446043165467626,-2.446043165467626,-1.1379986919555263,-2.446043165467626,-2.446043165467626,-2.446043165467626,-2.446043165467626,-2.446043165467626,-1.356006104207543,0.8240680183126226,-1.1379986919555263,-2.446043165467626,-2.446043165467626,-0.3133619586544203,-1.1379986919555263,-1.9010246348375845,-2.446043165467626,0.17004578155657307,-0.577408203307484,-2.446043165467626,-2.446043165467626,-0.8109875735775016,-0.5472689297242557,0.02863556820391367,-0.772963024928894,-0.04520204319858258,0.40660701612791017,-0.2146731812411033,-0.17118321153354002,0.05463009271726987,0.17004578155657307,-2.446043165467626,0.0,0.39753177694998143,-1.0928937101102816,1.914105079572705,-2.446043165467626,0.0,0.8240680183126226,4.094179202092871,0.8240680183126226,0.0,1.478090255068672,-0.2659690429474603,-0.8109875735775016,-0.8109875735775016,-1.6285153695225636,-0.2659690429474603,-2.446043165467626,-1.356006104207543,0.8240680183126226,-0.8109875735775016,-0.2659690429474603,-2.446043165467626,-2.446043165467626,-0.2659690429474603,-2.446043165467626,-0.2659690429474603,-2.446043165467626,-2.446043165467626,-0.577408203307484,-2.446043165467626,-2.446043165467626,-2.446043165467626,-2.446043165467626,-2.446043165467626,-2.446043165467626,-1.9788844249275905,-0.2659690429474603,0.0,-0.2659690429474603,-2.446043165467626,-1.5117256843875548,-0.2659690429474603,0.0,-0.2659690429474603,-2.446043165467626,-1.6285153695225636,-2.446043165467626,0.0,-0.2659690429474603,0.0,-0.2659690429474603,-2.446043165467626,-1.2197514715500326,-0.2659690429474603,0.0,-0.2659690429474603,-2.446043165467626,-0.4839764551994768,-2.446043165467626,-2.0100283409635926,-0.2659690429474603,0.0,-0.2659690429474603,-2.446043165467626,-1.9010246348375845,-0.2659690429474603,0.0,-0.2659690429474603,-2.446043165467626,-1.8514774956893987,-0.2659690429474603,0.0,-0.2659690429474603,-2.446043165467626,-0.4839764551994768,-0.2659690429474603,0.0,-0.2659690429474603,-2.446043165467626,-0.662346156132945,0.46072233122592815,1.914105079572705,0.46072233122592815,1.914105079572705,-0.0677804863547178,-2.446043165467626,0.8240680183126226,0.06942697590179618,0.8240680183126226,-2.446043165467626,-2.446043165467626,-0.2659690429474603,-0.2659690429474603,-0.1821200382351462,-0.0677804863547178,-2.446043165467626,0.8240680183126226,0.06942697590179618,-2.446043165467626,-2.446043165467626,-2.446043165467626,-2.446043165467626,-2.446043165467626,-2.446043165467626,-2.446043165467626,-2.446043165467626,-2.446043165467626,-2.446043165467626,-2.446043165467626,-2.446043165467626,-0.9367610806459726,-2.446043165467626,-1.1379986919555263,-2.446043165467626,-2.446043165467626,-2.446043165467626,-0.9071673142769207,-2.446043165467626,-1.9010246348375845,-2.446043165467626,0.17004578155657307,-2.446043165467626,-2.446043165467626,-2.446043165467626,-1.439855108919857,-2.446043165467626,-2.446043165467626,-2.446043165467626,-2.446043165467626,-2.446043165467626,-2.446043165467626,-2.446043165467626,0.526785183423509,-2.446043165467626,-2.446043165467626,-2.446043165467626,0.41530412034009156,-2.446043165467626,-2.446043165467626,0.17004578155657307,-1.356006104207543,-2.446043165467626,-2.446043165467626,-2.446043165467626,-0.2659690429474603,-2.446043165467626,-2.446043165467626,-2.446043165467626,-0.2659690429474603,-2.446043165467626,-1.1379986919555263,-1.1379986919555263,-2.446043165467626,-0.8109875735775016,-2.446043165467626,-2.446043165467626,-2.446043165467626,-0.8109875735775016
-0.8379914509840762,-0.8379914509840762,-0.8379914509840762,-0.8379914509840762,0.008640501350139093,-0.8379914509840762,-0.8379914509840762,-0.8379914509840762,-0.8379914509840762,-0.8379914509840762,-0.7073537229411824,-0.8379914509840762,-0.8379914509840762,-0.8379914509840762,-0.471255805443032,-0.8379914509840762,-0.6425382111868007,-0.7073537229411824,-0.471255805443032,-0.7073537229411824,-0.3264385948391911,-0.8379914509840762,-0.28273525918707676,-0.8379914509840762,-0.8379914509840762,-0.8379914509840762,-0.8379914509840762,-0.8379914509840762,-0.7769746277781607,-0.7073537229411824,-0.8379914509840762,-0.8379914509840762,-0.8379914509840762,-0.8379914509840762,-0.5249534087498556,-0.8379914509840762,-0.8379914509840762,-0.8379914509840762,-0.8379914509840762,-0.8379914509840762,-0.8379914509840762,-0.8379914509840762,-0.8379914509840762,-0.8379914509840762,-0.5819073491100745,-0.471255805443032,-0.6425382111868007,-0.8379914509840762,-0.8379914509840762,-0.8379914509840762,-0.8379914509840762,-0.7073537229411824,-0.8379914509840762,-0.8379914509840762,-0.8379914509840762,-0.8379914509840762,-0.7769746277781607,-0.8379914509840762,-0.8379914509840762,-0.7073537229411824,-0.8379914509840762,-0.8379914509840762,-0.7769746277781607,-0.471255805443032,-0.5249534087498556,-0.7073537229411824,-0.8379914509840762,-0.8379914509840762,-0.8379914509840762,-0.8379914509840762,-0.8379914509840762,-0.8379914509840762,-0.5819073491100745,-0.8379914509840762,-0.8379914509840762,-0.5249534087498556,-0.8379914509840762,-0.8379914509840762,-0.8379914509840762,-0.8379914509840762,-0.7769746277781607,-0.5819073491100745,-0.8379914509840762,-0.28273525918707676,-0.8379914509840762,-0.5249534087498556,-0.7073537229411824,-0.5819073491100745,-0.8379914509840762,-0.8379914509840762,-0.8379914509840762,-0.8379914509840762,-0.8379914509840762,-0.28273525918707676,-0.8379914509840762,-0.8379914509840762,-0.8379914509840762,-0.8379914509840762,-0.8379914509840762,-0.8379914509840762,-0.6425382111868007,-0.7769746277781607,-0.8379914509840762,-0.8379914509840762,-0.8379914509840762,-0.6425382111868007,-0.7769746277781607,-0.8379914509840762,-0.7769746277781607,-0.8379914509840762,-0.8379914509840762,-0.8379914509840762,-0.6425382111868007,-0.8379914509840762,-0.8379914509840762,-0.8379914509840762,-0.8379914509840762,-0.5249534087498556,-0.5249534087498556,-0.8379914509840762,-0.8379914509840762,-0.8379914509840762,-0.8379914509840762,-0.8379914509840762,-0.8379914509840762,-0.8379914509840762,-0.7769746277781607,-0.8379914509840762,-0.8379914509840762,-0.8379914509840762,-0.8379914509840762,-0.8379914509840762,-0.8379914509840762,-0.8379914509840762,-0.8379914509840762,-0.7769746277781607,-0.8379914509840762,-0.8379914509840762,-0.8379914509840762,-0.3722746267518522,-0.8379914509840762,-0.8379914509840762,-0.8379914509840762,-0.8379914509840762,-0.7769746277781607,-0.42046223010339584,-0.8379914509840762,-0.8379914509840762,-0.6425382111868007,-0.8379914509840762,-0.8379914509840762,-0.8379914509840762,-0.8379914509840762,-0.5819073491100745,-0.8379914509840762,-0.471255805443032,-0.471255805443032,-0.023208389321739645,-0.5819073491100745,-0.7073537229411824,0.09817986891491412,-0.3722746267518522,-0.8379914509840762,-0.5249534087498556,-0.5819073491100745,-0.3722746267518522,-0.6425382111868007,-0.5249534087498556,-0.471255805443032,-0.6425382111868007,-0.8379914509840762,-0.7769746277781607,-0.8379914509840762,-0.8379914509840762,0.27890408578508746,0.008640501350139093,1.1207360408385294,0.8694519362453007,-0.6425382111868007,-0.8379914509840762,-0.28273525918707676,-0.8379914509840762,-0.8379914509840762,-0.8379914509840762,0.507140431889075,0.27890408578508746,0.008640501350139093,1.1207360408385294,0.8694519362453007,-0.6425382111868007,-0.8379914509840762,-0.28273525918707676,-0.8379914509840762,-0.8379914509840762,-0.8379914509840762,-0.8379914509840762,-0.8379914509840762,-0.8379914509840762,-0.8379914509840762,-0.8379914509840762,-0.8379914509840762,0.6440297279399877,-0.8379914509840762,0.8311016196308474,-0.8379914509840762,0.8311016196308474,-0.8379914509840762,1.05111513600155,-0.5819073491100745,-0.8379914509840762,-0.12579591524122108,-0.8379914509840762,-0.7073537229411824,-0.7073537229411824,-0.8379914509840762,-0.5819073491100745,0.25511921286076983,-0.471255805443032,0.039444975795149016,0.9417531632978903,-0.7073537229411824,1.9803654469444316,0.1262253037870841,0.791118892007384,-0.8379914509840762,0.7493585814518534,1.0302375590512844,-0.8379914509840762,-0.8379914509840762,1.9803654469444316,1.9803654469444316,1.8322459974304206,1.9803654469444316,1.9803654469444316,1.9803654469444316,1.9803654469444316,1.9803654469444316,1.9803654469444316,1.9803654469444316,-0.12579591524122108,-0.8379914509840762,1.9621766389609578,1.6158464825558212,-0.7073537229411824,-0.2009922210080832,-0.8379914509840762,-0.3264385948391911,-0.8379914509840762,0.17992290709390768,-0.8379914509840762,-0.2009922210080832,0.32474011769774863,0.6598192138870784,0.7493585814518534,0.41020376390539265,0.9417531632978903,-0.8379914509840762,0.2056629363936535,-0.8379914509840762,-0.6425382111868007,-0.42046223010339584,-0.8379914509840762,-0.8379914509840762,-0.5249534087498556,-0.8379914509840762,-0.5819073491100745,-0.8379914509840762,-0.6425382111868007,1.0302375590512844,-0.5819073491100745,-0.8379914509840762,-0.7769746277781607,-0.5249534087498556,-0.8379914509840762,-0.7073537229411824,1.1674846054109034,-0.5249534087498556,-0.8379914509840762,-0.6425382111868007,-0.1626419043936299,1.2791490357521393,-0.5249534087498556,-0.8379914509840762,-0.6425382111868007,-0.471255805443032,0.6598192138870784,-0.5819073491100745,-0.8379914509840762,-0.5249534087498556,-0.8379914509840762,-0.6425382111868007,-0.3264385948391911,1.371628788500744,-0.5249534087498556,-0.8379914509840762,-0.6425382111868007,-0.5249534087498556,0.7350155196539405,-0.5819073491100745,1.3187942558098,-0.5249534087498556,-0.8379914509840762,-0.6425382111868007,-0.3264385948391911,1.111100548173595,-0.5249534087498556,-0.8379914509840762,-0.6425382111868007,-0.42046223010339584,1.0815865303865884,-0.5249534087498556,-0.8379914509840762,-0.6425382111868007,-0.28273525918707676,1.7176530838257549,-0.5249534087498556,-0.8379914509840762,-0.6425382111868007,-0.5819073491100745,0.8694519362453007,0.32474011769774863,-0.8379914509840762,0.38955562945212996,-0.8379914509840762,0.8568416489305937,-0.8379914509840762,0.38955562945212996,0.8311016196308474,0.008640501350139093,-0.8379914509840762,-0.8379914509840762,-0.5249534087498556,-0.8379914509840762,1.526872879717154,0.8568416489305937,-0.8379914509840762,0.38955562945212996,0.8311016196308474,-0.8379914509840762,-0.8379914509840762,-0.8379914509840762,-0.8379914509840762,-0.8379914509840762,-0.8379914509840762,-0.8379914509840762,-0.8379914509840762,-0.8379914509840762,-0.8379914509840762,-0.8379914509840762,-0.8379914509840762,1.111100548173595,-0.8379914509840762,0.27890408578508746,-0.8379914509840762,0.2056629363936535,-0.8379914509840762,0.8694519362453007,-0.8379914509840762,0.8179622124489789,-0.5819073491100745,-0.1626419043936299,-0.42046223010339584,-0.8379914509840762,-0.8379914509840762,0.6116316105355352,0.2056629363936535,-0.8379914509840762,-0.8379914509840762,-0.5249534087498556,-0.5819073491100745,-0.8379914509840762,-0.8379914509840762,0.6753477046111246,-0.6425382111868007,-0.8379914509840762,-0.8379914509840762,1.111100548173595,-0.8379914509840762,-0.8379914509840762,-0.023208389321739645,0.1262253037870841,-0.3722746267518522,-0.8379914509840762,-0.8379914509840762,-0.42046223010339584,-0.471255805443032,0.039444975795149016,-0.42046223010339584,-0.5819073491100745,-0.7073537229411824,-0.056175010404242665,0.008640501350139093,0.09817986891491412,-0.3722746267518522,-0.8379914509840762,-0.471255805443032,-0.8379914509840762,-0.471255805443032
-1.0,-1.0,-1.0,-1.0,-1.0,-1.0,-1.0,-1.0,-1.0,-1.0,-1.0,-1.0,-1.0,-1.0,-1.0,-1.0,-1.0,-1.0,-1.0,-1.0,-1.0,-1.0,-1.0,-1.0,-1.0,-1.0,-1.0,-1.0,-1.0,-1.0,-1.0,-1.0,-1.0,-1.0,-1.0,-1.0,-1.0,-1.0,-1.0,-1.0,-1.0,-1.0,-1.0,-1.0,-1.0,-1.0,1.0,-1.0,-1.0,-1.0,-1.0,-1.0,-1.0,1.0,-1.0,-1.0,-1.0,-1.0,-1.0,-1.0,-1.0,-1.0,-1.0,-1.0,-1.0,-1.0,-1.0,-1.0,-1.0,-1.0,-1.0,-1.0,-1.0,-1.0,-1.0,-1.0,-1.0,-1.0,-1.0,-1.0,-1.0,-1.0,-1.0,-1.0,-1.0,-1.0,-1.0,-1.0,-1.0,-1.0,1.0,-1.0,-1.0,-1.0,-1.0,-1.0,-1.0,-1.0,-1.0,-1.0,-1.0,-1.0,-1.0,-1.0,-1.0,-1.0,-1.0,-1.0,-1.0,-1.0,-1.0,-1.0,-1.0,-1.0,-1.0,-1.0,-1.0,-1.0,-1.0,-1.0,-1.0,-1.0,-1.0,-1.0,-1.0,-1.0,-1.0,-1.0,-1.0,-1.0,-1.0,-1.0,-1.0,-1.0,-1.0,-1.0,-1.0,-1.0,-1.0,-1.0,-1.0,-1.0,-1.0,-1.0,-1.0,-1.0,-1.0,-1.0,-1.0,-1.0,-1.0,-1.0,-1.0,-1.0,-1.0,-1.0,1.0,-1.0,-1.0,-1.0,-1.0,-1.0,-1.0,-1.0,-1.0,-1.0,-1.0,-1.0,-1.0,-1.0,-1.0,-1.0,-1.0,1.0,1.0,-1.0,1.0,1.0,1.0,-1.0,-1.0,-1.0,-1.0,-1.0,-1.0,1.0,-1.0,1.0,1.0,1.0,-1.0,-1.0,-1.0,-1.0,-1.0,-1.0,-1.0,-1.0,-1.0,-1.0,-1.0,-1.0,-1.0,1.0,-1.0,1.0,1.0,1.0,1.0,-1.0,1.0,-1.0,-1.0,-1.0,-1.0,-1.0,1.0,-1.0,-1.0,1.0,-1.0,1.0,1.0,1.0,1.0,1.0,1.0,-1.0,-1.0,1.0,1.0,1.0,1.0,1.0,1.0,1.0,1.0,1.0,1.0,-1.0,1.0,1.0,1.0,-1.0,-1.0,1.0,-1.0,-1.0,-1.0,1.0,1.0,1.0,1.0,1.0,1.0,1.0,-1.0,1.0,-1.0,1.0,-1.0,1.0,-1.0,-1.0,-1.0,-1.0,-1.0,-1.0,1.0,-1.0,-1.0,-1.0,-1.0,-1.0,-1.0,1.0,-1.0,-1.0,-1.0,-1.0,1.0,-1.0,-1.0,-1.0,-1.0,1.0,-1.0,1.0,-1.0,-1.0,-1.0,-1.0,1.0,-1.0,-1.0,-1.0,-1.0,1.0,-1.0,1.0,-1.0,-1.0,-1.0,-1.0,1.0,-1.0,-1.0,-1.0,-1.0,1.0,-1.0,-1.0,-1.0,-1.0,1.0,-1.0,-1.0,-1.0,-1.0,1.0,1.0,-1.0,1.0,-1.0,-1.0,-1.0,1.0,1.0,-1.0,-1.0,1.0,-1.0,-1.0,1.0,-1.0,-1.0,1.0,1.0,-1.0,-1.0,-1.0,-1.0,-1.0,-1.0,-1.0,-1.0,-1.0,-1.0,-1.0,-1.0,1.0,-1.0,1.0,-1.0,-1.0,-1.0,1.0,-1.0,-1.0,-1.0,-1.0,-1.0,1.0,-1.0,1.0,-1.0,1.0,-1.0,1.0,-1.0,1.0,-1.0,1.0,-1.0,1.0,-1.0,1.0,-1.0,1.0,1.0,-1.0,1.0,-1.0,-1.0,-1.0,1.0,-1.0,-1.0,-1.0,-1.0,-1.0,-1.0,-1.0,-1.0,-1.0,-1.0,-1.0,-1.0
-0.16989594669116745,-0.16989594669116745,-0.16989594669116745,-0.16989594669116745,-0.16989594669116745,-0.16989594669116745,-0.16989594669116745,-0.16989594669116745,-0.16989594669116745,-0.16989594669116745,-0.16989594669116745,-0.16989594669116745,-0.16989594669116745,-0.16989594669116745,-0.16989594669116745,-0.16989594669116745,-0.16989594669116745,-0.16989594669116745,-0.16989594669116745,-0.16989594669116745,-0.16989594669116745,-0.16989594669116745,-0.16989594669116745,-0.16989594669116745,-0.16989594669116745,-0.16989594669116745,-0.16989594669116745,-0.16989594669116745,-0.16989594669116745,-0.16989594669116745,-0.16989594669116745,-0.16989594669116745,-0.16989594669116745,-0.16989594669116745,-0.16989594669116745,-0.16989594669116745,-0.16989594669116745,-0.16989594669116745,-0.16989594669116745,-0.16989594669116745,-0.16989594669116745,-0.16989594669116745,-0.16989594669116745,-0.16989594669116745,-0.16989594669116745,-0.16989594669116745,4.7276522427342424,-0.16989594669116745,-0.16989594669116745,-0.16989594669116745,-0.16989594669116745,-0.16989594669116745,-0.16989594669116745,4.7276522427342424,-0.16989594669116745,-0.16989594669116745,-0.16989594669116745,-0.16989594669116745,-0.16989594669116745,-0.16989594669116745,-0.16989594669116745,-0.16989594669116745,-0.16989594669116745,-0.16989594669116745,-0.16989594669116745,-0.16989594669116745,-0.16989594669116745,-0.16989594669116745,-0.16989594669116745,-0.16989594669116745,-0.16989594669116745,-0.16989594669116745,-0.16989594669116745,-0.16989594669116745,-0.16989594669116745,-0.16989594669116745,-0.16989594669116745,-0.16989594669116745,-0.16989594669116745,-0.16989594669116745,-0.16989594669116745,-0.16989594669116745,-0.16989594669116745,-0.16989594669116745,-0.16989594669116745,-0.16989594669116745,-0.16989594669116745,-0.16989594669116745,-0.16989594669116745,-0.16989594669116745,4.7276522427342424,-0.16989594669116745,-0.16989594669116745,-0.16989594669116745,-0.16989594669116745,-0.16989594669116745,-0.16989594669116745,-0.16989594669116745,-0.16989594669116745,-0.16989594669116745,-0.16989594669116745,-0.16989594669116745,-0.16989594669116745,-0.16989594669116745,-0.16989594669116745,-0.16989594669116745,-0.16989594669116745,-0.16989594669116745,-0.16989594669116745,-0.16989594669116745,-0.16989594669116745,-0.16989594669116745,-0.16989594669116745,-0.16989594669116745,-0.16989594669116745,-0.16989594669116745,-0.16989594669116745,-0.16989594669116745,-0.16989594669116745,-0.16989594669116745,-0.16989594669116745,-0.16989594669116745,-0.16989594669116745,-0.16989594669116745,-0.16989594669116745,-0.16989594669116745,-0.16989594669116745,-0.16989594669116745,-0.16989594669116745,-0.16989594669116745,-0.16989594669116745,-0.16989594669116745,-0.16989594669116745,-0.16989594669116745,-0.16989594669116745,-0.16989594669116745,-0.16989594669116745,-0.16989594669116745,-0.16989594669116745,-0.16989594669116745,-0.16989594669116745,-0.16989594669116745,-0.16989594669116745,-0.16989594669116745,-0.16989594669116745,-0.16989594669116745,-0.16989594669116745,-0.16989594669116745,-0.16989594669116745,-0.16989594669116745,-0.16989594669116745,-0.16989594669116745,-0.16989594669116745,-0.16989594669116745,-0.16989594669116745,-0.16989594669116745,2.2788781480215374,-0.16989594669116745,-0.16989594669116745,-0.16989594669116745,-0.16989594669116745,-0.16989594669116745,-0.16989594669116745,-0.16989594669116745,-0.16989594669116745,-0.16989594669116745,-0.16989594669116745,-0.16989594669116745,-0.16989594669116745,-0.16989594669116745,-0.16989594669116745,-0.16989594669116745,-0.16989594669116745,2.2788781480215374,2.2788781480215374,-0.16989594669116745,7.176426337446948,2.2788781480215374,2.2788781480215374,-0.16989594669116745,-0.16989594669116745,-0.16989594669116745,-0.16989594669116745,-0.16989594669116745,-0.16989594669116745,2.2788781480215374,-0.16989594669116745,7.176426337446948,2.2788781480215374,2.2788781480215374,-0.16989594669116745,-0.16989594669116745,-0.16989594669116745,-0.16989594669116745,-0.16989594669116745,-0.16989594669116745,-0.16989594669116745,-0.16989594669116745,-0.16989594669116745,-0.16989594669116745,-0.16989594669116745,-0.16989594669116745,-0.16989594669116745,2.2788781480215374,-0.16989594669116745,2.2788781480215374,2.2788781480215374,4.7276522427342424,2.2788781480215374,-0.16989594669116745,2.2788781480215374,-0.16989594669116745,-0.16989594669116745,-0.16989594669116745,-0.16989594669116745,-0.16989594669116745,2.2788781480215374,-0.16989594669116745,-0.16989594669116745,7.176426337446948,-0.16989594669116745,9.625200432159653,2.2788781480215374,9.625200432159653,2.2788781480215374,9.625200432159653,2.2788781480215374,-0.16989594669116745,-0.16989594669116745,14.522748621585063,24.31784500043588,9.625200432159653,12.073974526872357,24.31784500043588,24.31784500043588,21.869070905723177,9.625200432159653,19.420296811010473,19.420296811010473,-0.16989594669116745,2.2788781480215374,19.420296811010473,7.176426337446948,-0.16989594669116745,-0.16989594669116745,2.2788781480215374,-0.16989594669116745,-0.16989594669116745,-0.16989594669116745,2.2788781480215374,2.2788781480215374,2.2788781480215374,7.176426337446948,2.2788781480215374,9.625200432159653,9.625200432159653,-0.16989594669116745,2.2788781480215374,-0.16989594669116745,2.2788781480215374,-0.16989594669116745,2.2788781480215374,-0.16989594669116745,-0.16989594669116745,-0.16989594669116745,-0.16989594669116745,-0.16989594669116745,-0.16989594669116745,2.2788781480215374,-0.16989594669116745,-0.16989594669116745,-0.16989594669116745,-0.16989594669116745,-0.16989594669116745,-0.16989594669116745,4.7276522427342424,-0.16989594669116745,-0.16989594669116745,-0.16989594669116745,-0.16989594669116745,7.176426337446948,-0.16989594669116745,-0.16989594669116745,-0.16989594669116745,-0.16989594669116745,2.2788781480215374,-0.16989594669116745,2.2788781480215374,-0.16989594669116745,-0.16989594669116745,-0.16989594669116745,-0.16989594669116745,9.625200432159653,-0.16989594669116745,-0.16989594669116745,-0.16989594669116745,-0.16989594669116745,4.7276522427342424,-0.16989594669116745,7.176426337446948,-0.16989594669116745,-0.16989594669116745,-0.16989594669116745,-0.16989594669116745,4.7276522427342424,-0.16989594669116745,-0.16989594669116745,-0.16989594669116745,-0.16989594669116745,4.7276522427342424,-0.16989594669116745,-0.16989594669116745,-0.16989594669116745,-0.16989594669116745,12.073974526872357,-0.16989594669116745,-0.16989594669116745,-0.16989594669116745,-0.16989594669116745,2.2788781480215374,2.2788781480215374,-0.16989594669116745,2.2788781480215374,-0.16989594669116745,-0.16989594669116745,-0.16989594669116745,4.7276522427342424,7.176426337446948,-0.16989594669116745,-0.16989594669116745,2.2788781480215374,-0.16989594669116745,-0.16989594669116745,9.625200432159653,-0.16989594669116745,-0.16989594669116745,4.7276522427342424,7.176426337446948,-0.16989594669116745,-0.16989594669116745,-0.16989594669116745,-0.16989594669116745,-0.16989594669116745,-0.16989594669116745,-0.16989594669116745,-0.16989594669116745,-0.16989594669116745,-0.16989594669116745,-0.16989594669116745,-0.16989594669116745,2.2788781480215374,-0.16989594669116745,2.2788781480215374,-0.16989594669116745,-0.16989594669116745,-0.16989594669116745,7.176426337446948,-0.16989594669116745,-0.16989594669116745,-0.16989594669116745,-0.16989594669116745,-0.16989594669116745,2.2788781480215374,-0.16989594669116745,2.2788781480215374,-0.16989594669116745,2.2788781480215374,-0.16989594669116745,2.2788781480215374,-0.16989594669116745,2.2788781480215374,-0.16989594669116745,2.2788781480215374,-0.16989594669116745,2.2788781480215374,-0.16989594669116745,2.2788781480215374,-0.16989594669116745,2.2788781480215374,2.2788781480215374,-0.16989594669116745,2.2788781480215374,-0.16989594669116745,-0.16989594669116745,-0.16989594669116745,2.2788781480215374,-0.16989594669116745,-0.16989594669116745,-0.16989594669116745,-0.16989594669116745,-0.16989594669116745,-0.16989594669116745,-0.16989594669116745,-0.16989594669116745,-0.16989594669116745,-0.16989594669116745,-0.16989594669116745,-0.16989594669116745
0.0,0.0,0.0,0.0,0.0,0.0,0.0,0.0,0.0,0.0,0.0,0.0,0.0,0.0,0.0,0.0,0.0,0.0,0.0,0.0,0.0,0.0,0.0,0.0,0.0,0.0,0.0,0.0,0.0,0.0,0.0,0.0,0.0,0.0,0.0,0.0,0.0,0.0,0.0,0.0,0.0,0.0,0.0,0.0,0.0,0.0,1.383949894750324,0.0,0.0,0.0,0.0,0.0,0.0,1.383949894750324,0.0,0.0,0.0,0.0,0.0,0.0,0.0,0.0,0.0,0.0,0.0,0.0,0.0,0.0,0.0,0.0,0.0,0.0,0.0,0.0,0.0,0.0,0.0,0.0,0.0,0.0,0.0,0.0,0.0,0.0,0.0,0.0,0.0,0.0,0.0,0.0,1.383949894750324,0.0,0.0,0.0,0.0,0.0,0.0,0.0,0.0,0.0,0.0,0.0,0.0,0.0,0.0,0.0,0.0,0.0,0.0,0.0,0.0,0.0,0.0,0.0,0.0,0.0,0.0,0.0,0.0,0.0,0.0,0.0,0.0,0.0,0.0,0.0,0.0,0.0,0.0,0.0,0.0,0.0,0.0,0.0,0.0,0.0,0.0,0.0,0.0,0.0,0.0,0.0,0.0,0.0,0.0,0.0,0.0,0.0,0.0,0.0,0.0,0.0,0.0,0.0,0.0,0.0,0.7396578900350247,0.0,0.0,0.0,0.0,0.0,0.0,0.0,0.0,0.0,0.0,0.0,0.0,0.0,0.0,0.0,0.0,1.383949894750324,-0.5782451446245359,0.0,-0.2439874492648732,-1.0917363902447395,1.0405718751108533,0.0,0.0,0.0,0.0,0.0,0.0,-0.5782451446245359,0.0,-0.2439874492648732,-1.0917363902447395,1.0405718751108533,0.0,0.0,0.0,0.0,0.0,0.0,0.0,0.0,0.0,0.0,0.0,0.0,0.0,-1.0917363902447395,0.0,-1.0917363902447395,1.383949894750324,-0.7908783272099785,0.934053787354754,0.0,0.13274376016230938,0.0,0.0,0.0,0.0,0.0,-0.5364591779626391,0.0,0.0,0.07045495191007624,0.0,-1.0917363902447395,-0.3100145547513889,0.8099007258425525,1.383949894750324,0.8832664718028663,-1.0917363902447395,0.0,0.0,-1.0917363902447395,-0.11608534979256102,-1.0191820973633288,-1.0917363902447395,-0.7991018495709774,-0.9703678334789704,-1.0917363902447395,-1.0917363902447395,-0.9670369392639937,-1.0620535343197475,0.0,1.383949894750324,-0.10343810381931595,-1.0917363902447395,0.0,0.0,1.383949894750324,0.0,0.0,0.0,1.383949894750324,0.2648508492298048,-0.6587712381424831,0.5657648343056333,-1.0917363902447395,1.383949894750324,0.5452619927152962,0.0,-0.4495729319754428,0.0,1.0405718751108533,0.0,1.383949894750324,0.0,0.0,0.0,0.0,0.0,0.0,-1.0917363902447395,0.0,0.0,0.0,0.0,0.0,0.0,-0.9953196452138386,0.0,0.0,0.0,0.0,-0.5222920736088454,0.0,0.0,0.0,0.0,-1.0917363902447395,0.0,1.383949894750324,0.0,0.0,0.0,0.0,-0.20995619157541512,0.0,0.0,0.0,0.0,-0.2355451928868114,0.0,-0.5919419661646819,0.0,0.0,0.0,0.0,-0.8962624695258486,0.0,0.0,0.0,0.0,-0.8444113720980554,0.0,0.0,0.0,0.0,-0.4495729319754428,0.0,0.0,0.0,0.0,-1.0917363902447395,-0.6587712381424831,0.0,-0.7726410419442644,0.0,0.0,0.0,0.3713689369859047,0.2648508492298048,0.0,0.0,1.383949894750324,0.0,0.0,-0.4826935923875507,0.0,0.0,0.3713689369859047,0.2648508492298048,0.0,0.0,0.0,0.0,0.0,0.0,0.0,0.0,0.0,0.0,0.0,0.0,-1.0917363902447395,0.0,-0.5782451446245359,0.0,0.0,0.0,0.1974758812565125,0.0,0.0,0.0,0.0,0.0,1.383949894750324,0.0,-1.0917363902447395,0.0,1.383949894750324,0.0,0.8339954241787803,0.0,1.383949894750324,0.0,-1.0917363902447395,0.0,1.383949894750324,0.0,-1.0917363902447395,0.0,1.383949894750324,-0.04748503280362552,0.0,0.5657648343056333,0.0,0.0,0.0,0.7396578900350247,0.0,0.0,0.0,0.0,0.0,0.0,0.0,0.0,0.0,0.0,0.0,0.0
-0.5077224524862195,-0.5077224524862195,-0.5077224524862195,-0.5077224524862195,-0.5077224524862195,-0.5077224524862195,-0.5077224524862195,-0.5077224524862195,-0.5077224524862195,-0.5077224524862195,-0.5077224524862195,-0.5077224524862195,-0.5077224524862195,-0.5077224524862195,-0.5077224524862195,-0.5077224524862195,-0.5077224524862195,-0.5077224524862195,-0.5077224524862195,-0.5077224524862195,-0.5077224524862195,-0.5077224524862195,-0.5077224524862195,-0.5077224524862195,-0.5077224524862195,-0.5077224524862195,-0.5077224524862195,-0.5077224524862195,-0.5077224524862195,-0.5077224524862195,-0.5077224524862195,-0.5077224524862195,-0.5077224524862195,-0.5077224524862195,-0.5077224524862195,-0.5077224524862195,-0.5077224524862195,-0.5077224524862195,-0.5077224524862195,-0.5077224524862195,-0.5077224524862195,-0.5077224524862195,-0.5077224524862195,-0.5077224524862195,-0.5077224524862195,-0.5077224524862195,-0.5077224524862195,-0.5077224524862195,-0.5077224524862195,-0.5077224524862195,-0.5077224524862195,-0.5077224524862195,-0.5077224524862195,-0.5077224524862195,-0.5077224524862195,-0.5077224524862195,-0.5077224524862195,-0.5077224524862195,-0.5077224524862195,-0.5077224524862195,-0.5077224524862195,-0.5077224524862195,-0.5077224524862195,-0.5077224524862195,-0.5077224524862195,-0.5077224524862195,-0.5077224524862195,-0.5077224524862195,-0.5077224524862195,-0.5077224524862195,-0.5077224524862195,-0.5077224524862195,-0.5077224524862195,-0.5077224524862195,-0.5077224524862195,-0.5077224524862195,-0.5077224524862195,-0.5077224524862195,-0.5077224524862195,-0.5077224524862195,-0.5077224524862195,-0.5077224524862195,-0.5077224524862195,-0.5077224524862195,-0.5077224524862195,-0.5077224524862195,-0.5077224524862195,-0.5077224524862195,-0.5077224524862195,-0.5077224524862195,-0.5077224524862195,-0.5077224524862195,-0.5077224524862195,-0.5077224524862195,-0.5077224524862195,-0.5077224524862195,-0.5077224524862195,-0.5077224524862195,-0.5077224524862195,-0.5077224524862195,-0.5077224524862195,-0.5077224524862195,-0.5077224524862195,-0.5077224524862195,-0.5077224524862195,-0.5077224524862195,-0.5077224524862195,-0.5077224524862195,-0.5077224524862195,-0.5077224524862195,-0.5077224524862195,-0.5077224524862195,-0.5077224524862195,-0.5077224524862195,-0.5077224524862195,-0.5077224524862195,-0.5077224524862195,-0.5077224524862195,-0.5077224524862195,-0.5077224524862195,-0.5077224524862195,-0.5077224524862195,-0.5077224524862195,-0.5077224524862195,-0.5077224524862195,-0.5077224524862195,-0.5077224524862195,-0.5077224524862195,-0.5077224524862195,-0.5077224524862195,-0.5077224524862195,-0.5077224524862195,-0.5077224524862195,-0.5077224524862195,-0.5077224524862195,-0.5077224524862195,-0.5077224524862195,-0.5077224524862195,-0.5077224524862195,-0.5077224524862195,-0.5077224524862195,-0.5077224524862195,-0.5077224524862195,-0.5077224524862195,-0.5077224524862195,-0.5077224524862195,-0.5077224524862195,-0.5077224524862195,-0.5077224524862195,-0.5077224524862195,-0.5077224524862195,-0.5077224524862195,-0.5077224524862195,-0.5077224524862195,-0.5077224524862195,-0.5077224524862195,-0.5077224524862195,1.969566382794139,-0.5077224524862195,-0.5077224524862195,-0.5077224524862195,-0.5077224524862195,-0.5077224524862195,-0.5077224524862195,-0.5077224524862195,-0.5077224524862195,-0.5077224524862195,-0.5077224524862195,-0.5077224524862195,-0.5077224524862195,-0.5077224524862195,-0.5077224524862195,-0.5077224524862195,1.969566382794139,-0.5077224524862195,-0.5077224524862195,-0.5077224524862195,-0.5077224524862195,-0.5077224524862195,-0.5077224524862195,-0.5077224524862195,-0.5077224524862195,-0.5077224524862195,-0.5077224524862195,-0.5077224524862195,-0.5077224524862195,-0.5077224524862195,-0.5077224524862195,-0.5077224524862195,-0.5077224524862195,-0.5077224524862195,-0.5077224524862195,-0.5077224524862195,-0.5077224524862195,1.969566382794139,1.969566382794139,-0.5077224524862195,-0.5077224524862195,-0.5077224524862195,-0.5077224524862195,-0.5077224524862195,-0.5077224524862195,-0.5077224524862195,-0.5077224524862195,-0.5077224524862195,-0.5077224524862195,1.969566382794139,-0.5077224524862195,-0.5077224524862195,-0.5077224524862195,1.969566382794139,-0.5077224524862195,-0.5077224524862195,-0.5077224524862195,1.969566382794139,-0.5077224524862195,-0.5077224524862195,-0.5077224524862195,-0.5077224524862195,-0.5077224524862195,-0.5077224524862195,-0.5077224524862195,1.969566382794139,-0.5077224524862195,-0.5077224524862195,-0.5077224524862195,-0.5077224524862195,-0.5077224524862195,-0.5077224524862195,-0.5077224524862195,-0.5077224524862195,-0.5077224524862195,-0.5077224524862195,-0.5077224524862195,-0.5077224524862195,-0.5077224524862195,-0.5077224524862195,-0.5077224524862195,-0.5077224524862195,-0.5077224524862195,-0.5077224524862195,-0.5077224524862195,-0.5077224524862195,-0.5077224524862195,-0.5077224524862195,-0.5077224524862195,-0.5077224524862195,-0.5077224524862195,-0.5077224524862195,-0.5077224524862195,-0.5077224524862195,-0.5077224524862195,-0.5077224524862195,-0.5077224524862195,-0.5077224524862195,-0.5077224524862195,-0.5077224524862195,-0.5077224524862195,-0.5077224524862195,-0.5077224524862195,-0.5077224524862195,1.969566382794139,-0.5077224524862195,-0.5077224524862195,-0.5077224524862195,-0.5077224524862195,-0.5077224524862195,-0.5077224524862195,-0.5077224524862195,-0.5077224524862195,1.969566382794139,-0.5077224524862195,-0.5077224524862195,-0.5077224524862195,-0.5077224524862195,-0.5077224524862195,-0.5077224524862195,-0.5077224524862195,-0.5077224524862195,-0.5077224524862195,-0.5077224524862195,-0.5077224524862195,-0.5077224524862195,-0.5077224524862195,-0.5077224524862195,-0.5077224524862195,-0.5077224524862195,-0.5077224524862195,-0.5077224524862195,-0.5077224524862195,-0.5077224524862195,-0.5077224524862195,-0.5077224524862195,-0.5077224524862195,-0.5077224524862195,-0.5077224524862195,-0.5077224524862195,-0.5077224524862195,-0.5077224524862195,-0.5077224524862195,-0.5077224524862195,-0.5077224524862195,-0.5077224524862195,-0.5077224524862195,-0.5077224524862195,-0.5077224524862195,-0.5077224524862195,-0.5077224524862195,-0.5077224524862195,-0.5077224524862195,-0.5077224524862195,-0.5077224524862195,-0.5077224524862195,-0.5077224524862195,-0.5077224524862195,-0.5077224524862195,-0.5077224524862195,-0.5077224524862195,-0.5077224524862195,-0.5077224524862195,-0.5077224524862195,-0.5077224524862195,-0.5077224524862195,-0.5077224524862195,-0.5077224524862195,-0.5077224524862195,-0.5077224524862195,-0.5077224524862195,-0.5077224524862195,-0.5077224524862195,-0.5077224524862195,-0.5077224524862195,-0.5077224524862195,-0.5077224524862195,-0.5077224524862195,-0.5077224524862195,-0.5077224524862195,-0.5077224524862195,-0.5077224524862195,-0.5077224524862195,-0.5077224524862195,-0.5077224524862195,-0.5077224524862195,-0.5077224524862195,-0.5077224524862195,-0.5077224524862195,-0.5077224524862195,-0.5077224524862195,-0.5077224524862195,1.969566382794139,-0.5077224524862195,1.969566382794139,-0.5077224524862195,1.969566382794139,-0.5077224524862195,1.969566382794139,-0.5077224524862195,1.969566382794139,-0.5077224524862195,-0.5077224524862195,-0.5077224524862195,-0.5077224524862195,-0.5077224524862195,-0.5077224524862195,1.969566382794139,-0.5077224524862195,-0.5077224524862195,-0.5077224524862195,-0.5077224524862195,-0.5077224524862195,-0.5077224524862195,-0.5077224524862195,-0.5077224524862195,-0.5077224524862195,-0.5077224524862195,-0.5077224524862195,-0.5077224524862195,-0.5077224524862195,-0.5077224524862195,-0.5077224524862195,-0.5077224524862195,-0.5077224524862195,-0.5077224524862195,-0.5077224524862195,-0.5077224524862195,-0.5077224524862195,1.969566382794139,-0.5077224524862195,-0.5077224524862195,-0.5077224524862195,-0.5077224524862195,-0.5077224524862195,-0.5077224524862195,-0.5077224524862195,-0.5077224524862195,-0.5077224524862195,-0.5077224524862195,-0.5077224524862195
-0.8700053950135924,-0.8700053950135924,-0.8700053950135924,-0.8700053950135924,-0.8700053950135924,-0.8700053950135924,-0.8700053950135924,-0.8700053950135924,-0.8700053950135924,-0.8700053950135924,-0.8700053950135924,-0.8700053950135924,-0.8700053950135924,-0.8700053950135924,-0.8700053950135924,-0.8700053950135924,-0.8700053950135924,-0.8700053950135924,-0.8700053950135924,-0.8700053950135924,-0.8700053950135924,-0.8700053950135924,-0.8700053950135924,-0.8700053950135924,-0.8700053950135924,-0.8700053950135924,-0.8700053950135924,-0.8700053950135924,-0.8700053950135924,-0.8700053950135924,-0.8700053950135924,-0.8700053950135924,-0.8700053950135924,-0.8700053950135924,-0.8700053950135924,-0.8700053950135924,-0.8700053950135924,-0.8700053950135924,-0.8700053950135924,-0.8700053950135924,-0.8700053950135924,-0.8700053950135924,-0.8700053950135924,-0.8700053950135924,-0.8700053950135924,-0.8700053950135924,-0.8700053950135924,-0.8700053950135924,-0.8700053950135924,-0.8700053950135924,-0.8700053950135924,-0.8700053950135924,-0.8700053950135924,-0.8700053950135924,-0.8700053950135924,-0.8700053950135924,-0.8700053950135924,-0.8700053950135924,-0.8700053950135924,-0.8700053950135924,-0.8700053950135924,-0.8700053950135924,-0.8700053950135924,-0.8700053950135924,-0.8700053950135924,-0.8700053950135924,-0.8700053950135924,-0.8700053950135924,-0.8700053950135924,-0.8700053950135924,-0.8700053950135924,-0.8700053950135924,-0.8700053950135924,-0.8700053950135924,-0.8700053950135924,-0.8700053950135924,-0.8700053950135924,-0.8700053950135924,-0.8700053950135924,-0.8700053950135924,-0.8700053950135924,-0.8700053950135924,-0.8700053950135924,-0.8700053950135924,-0.8700053950135924,-0.8700053950135924,-0.8700053950135924,-0.8700053950135924,-0.8700053950135924,-0.8700053950135924,-0.8700053950135924,-0.8700053950135924,-0.8700053950135924,-0.8700053950135924,-0.8700053950135924,-0.8700053950135924,-0.8700053950135924,-0.8700053950135924,-0.8700053950135924,-0.8700053950135924,-0.8700053950135924,-0.8700053950135924,-0.8700053950135924,-0.8700053950135924,-0.8700053950135924,-0.8700053950135924,-0.8700053950135924,-0.8700053950135924,-0.8700053950135924,-0.8700053950135924,-0.8700053950135924,-0.8700053950135924,-0.8700053950135924,-0.8700053950135924,-0.8700053950135924,-0.8700053950135924,-0.8700053950135924,-0.8700053950135924,-0.8700053950135924,-0.8700053950135924,-0.8700053950135924,-0.8700053950135924,-0.8700053950135924,-0.8700053950135924,-0.8700053950135924,-0.8700053950135924,-0.8700053950135924,-0.8700053950135924,-0.8700053950135924,-0.8700053950135924,-0.8700053950135924,-0.8700053950135924,-0.8700053950135924,-0.8700053950135924,-0.8700053950135924,-0.8700053950135924,-0.8700053950135924,-0.8700053950135924,-0.8700053950135924,-0.8700053950135924,-0.8700053950135924,-0.8700053950135924,-0.8700053950135924,-0.8700053950135924,-0.8700053950135924,-0.8700053950135924,-0.8700053950135924,-0.8700053950135924,-0.8700053950135924,-0.8700053950135924,-0.8700053950135924,-0.8700053950135924,-0.8700053950135924,-0.8700053950135924,-0.8700053950135924,-0.8700053950135924,-0.8700053950135924,0.03362521317351999,-0.8700053950135924,-0.8700053950135924,-0.8700053950135924,-0.8700053950135924,-0.8700053950135924,-0.8700053950135924,-0.8700053950135924,-0.8700053950135924,-0.8700053950135924,-0.8700053950135924,-0.8700053950135924,-0.8700053950135924,-0.8700053950135924,-0.8700053950135924,-0.8700053950135924,0.7678250823255489,-0.8700053950135924,-0.8700053950135924,-0.8700053950135924,-0.8700053950135924,-0.8700053950135924,-0.8700053950135924,-0.8700053950135924,-0.8700053950135924,-0.8700053950135924,-0.8700053950135924,-0.8700053950135924,-0.8700053950135924,-0.8700053950135924,-0.8700053950135924,-0.8700053950135924,-0.8700053950135924,-0.8700053950135924,-0.8700053950135924,-0.8700053950135924,-0.8700053950135924,2.40565555966469,0.4402589868577207,-0.8700053950135924,-0.8700053950135924,-0.8700053950135924,-0.8700053950135924,-0.8700053950135924,-0.8700053950135924,-0.8700053950135924,-0.8700053950135924,-0.8700053950135924,-0.8700053950135924,0.4948533361023587,-0.8700053950135924,-0.8700053950135924,-0.8700053950135924,-0.7440184352182739,-0.8700053950135924,-0.8700053950135924,-0.8700053950135924,-0.2148732040779359,-0.8700053950135924,-0.8700053950135924,-0.8700053950135924,-0.8700053950135924,-0.8700053950135924,-0.8700053950135924,-0.8700053950135924,-0.484633517992618,-0.8700053950135924,-0.8700053950135924,-0.8700053950135924,-0.8700053950135924,-0.8700053950135924,-0.8700053950135924,-0.8700053950135924,-0.8700053950135924,-0.8700053950135924,-0.8700053950135924,-0.8700053950135924,-0.8700053950135924,-0.8700053950135924,-0.8700053950135924,-0.8700053950135924,-0.8700053950135924,-0.8700053950135924,-0.8700053950135924,-0.8700053950135924,-0.8700053950135924,-0.8700053950135924,-0.8700053950135924,-0.8700053950135924,-0.8700053950135924,-0.8700053950135924,-0.8700053950135924,-0.8700053950135924,-0.8700053950135924,-0.8700053950135924,-0.8700053950135924,-0.8700053950135924,-0.8700053950135924,-0.8700053950135924,-0.8700053950135924,-0.8700053950135924,-0.8700053950135924,-0.8700053950135924,-0.8700053950135924,0.7678250823255489,-0.8700053950135924,-0.8700053950135924,-0.8700053950135924,-0.8700053950135924,-0.8700053950135924,-0.8700053950135924,-0.8700053950135924,-0.8700053950135924,2.40565555966469,-0.8700053950135924,-0.8700053950135924,-0.8700053950135924,-0.8700053950135924,-0.8700053950135924,-0.8700053950135924,-0.8700053950135924,-0.8700053950135924,-0.8700053950135924,-0.8700053950135924,-0.8700053950135924,-0.8700053950135924,-0.8700053950135924,-0.8700053950135924,-0.8700053950135924,-0.8700053950135924,-0.8700053950135924,-0.8700053950135924,-0.8700053950135924,-0.8700053950135924,-0.8700053950135924,-0.8700053950135924,-0.8700053950135924,-0.8700053950135924,-0.8700053950135924,-0.8700053950135924,-0.8700053950135924,-0.8700053950135924,-0.8700053950135924,-0.8700053950135924,-0.8700053950135924,-0.8700053950135924,-0.8700053950135924,-0.8700053950135924,-0.8700053950135924,-0.8700053950135924,-0.8700053950135924,-0.8700053950135924,-0.8700053950135924,-0.8700053950135924,-0.8700053950135924,-0.8700053950135924,-0.8700053950135924,-0.8700053950135924,-0.8700053950135924,-0.8700053950135924,-0.8700053950135924,-0.8700053950135924,-0.8700053950135924,-0.8700053950135924,-0.8700053950135924,-0.8700053950135924,-0.8700053950135924,-0.8700053950135924,-0.8700053950135924,-0.8700053950135924,-0.8700053950135924,-0.8700053950135924,-0.8700053950135924,-0.8700053950135924,-0.8700053950135924,-0.8700053950135924,-0.8700053950135924,-0.8700053950135924,-0.8700053950135924,-0.8700053950135924,-0.8700053950135924,-0.8700053950135924,-0.8700053950135924,-0.8700053950135924,-0.8700053950135924,-0.8700053950135924,-0.8700053950135924,-0.8700053950135924,-0.8700053950135924,-0.8700053950135924,-0.8700053950135924,-0.8700053950135924,2.40565555966469,-0.8700053950135924,2.40565555966469,-0.8700053950135924,2.40565555966469,-0.8700053950135924,2.40565555966469,-0.8700053950135924,2.40565555966469,-0.8700053950135924,-0.8700053950135924,-0.8700053950135924,-0.8700053950135924,-0.8700053950135924,-0.8700053950135924,-0.7550699229196176,-0.8700053950135924,-0.8700053950135924,-0.8700053950135924,-0.8700053950135924,-0.8700053950135924,-0.8700053950135924,-0.8700053950135924,-0.8700053950135924,-0.8700053950135924,-0.8700053950135924,-0.8700053950135924,-0.8700053950135924,-0.8700053950135924,-0.8700053950135924,-0.8700053950135924,-0.8700053950135924,-0.8700053950135924,-0.8700053950135924,-0.8700053950135924,-0.8700053950135924,-0.8700053950135924,-0.024673535741777598,-0.8700053950135924,-0.8700053950135924,-0.8700053950135924,-0.8700053950135924,-0.8700053950135924,-0.8700053950135924,-0.8700053950135924,-0.8700053950135924,-0.8700053950135924,-0.8700053950135924,-0.8700053950135924
-1.0183565364195493,-1.096933728981207,-1.0183565364195493,-0.901855017471593,0.2890181816638531,-0.901855017471593,-1.0183565364195493,-0.901855017471593,-1.096933728981207,-0.7033676826920172,-0.4648295453855011,-1.096933728981207,-0.7033676826920172,-0.6173030170247277,-0.21624949762990653,-1.0183565364195493,-0.3965873381778338,-0.4648295453855011,-0.21624949762990653,-0.4648295453855011,-0.0637760259906795,-1.0183565364195493,-0.017762162850330287,-0.797640857572655,-1.096933728981207,-0.7033676826920172,-0.797640857572655,-0.901855017471593,-0.538131199345661,-0.4648295453855011,-0.6173030170247277,-1.096933728981207,-0.797640857572655,-0.901855017471593,-0.2727860098355923,-1.096933728981207,-1.0183565364195493,-1.096933728981207,-1.096933728981207,-1.096933728981207,-1.096933728981207,-0.6173030170247277,-1.096933728981207,-0.797640857572655,-0.3327510165778624,-0.21624949762990653,-1.096933728981207,-0.797640857572655,-0.7033676826920172,-1.096933728981207,-1.096933728981207,-0.4648295453855011,-1.096933728981207,-1.096933728981207,-1.0183565364195493,-1.0183565364195493,-0.538131199345661,-0.901855017471593,-0.797640857572655,-0.4648295453855011,-1.096933728981207,-1.0183565364195493,-0.538131199345661,-0.21624949762990653,-0.2727860098355923,-0.4648295453855011,-0.7033676826920172,-0.7033676826920172,-0.797640857572655,-1.096933728981207,-1.096933728981207,-0.6173030170247277,-0.3327510165778624,-1.096933728981207,-0.7033676826920172,-0.2727860098355923,-0.797640857572655,-0.797640857572655,-1.0183565364195493,-1.0183565364195493,-0.538131199345661,-0.3327510165778624,-1.096933728981207,-0.017762162850330287,-1.096933728981207,-0.2727860098355923,-0.4648295453855011,-0.3327510165778624,-1.096933728981207,-0.7033676826920172,-1.096933728981207,-0.797640857572655,-0.901855017471593,-0.017762162850330287,-1.096933728981207,-0.7033676826920172,-1.096933728981207,-1.096933728981207,-1.0183565364195493,-1.0183565364195493,-0.3965873381778338,-0.538131199345661,-1.096933728981207,-1.0183565364195493,-0.6173030170247277,-0.3965873381778338,-0.538131199345661,-1.0183565364195493,-0.538131199345661,-1.096933728981207,-1.096933728981207,-0.7033676826920172,-0.3965873381778338,-0.797640857572655,-1.096933728981207,-1.096933728981207,-1.096933728981207,-0.2727860098355923,-0.2727860098355923,-1.096933728981207,-0.7033676826920172,-0.6173030170247277,-0.797640857572655,-1.096933728981207,-1.096933728981207,-1.0183565364195493,-0.538131199345661,-1.0183565364195493,-1.0183565364195493,-1.096933728981207,-1.0183565364195493,-1.096933728981207,-1.0183565364195493,-0.797640857572655,-1.096933728981207,-0.538131199345661,-1.096933728981207,-0.7033676826920172,-1.0183565364195493,-0.11203533773096849,-1.096933728981207,-0.797640857572655,-0.7033676826920172,-1.096933728981207,-0.538131199345661,-0.16277054484031625,-1.096933728981207,-1.096933728981207,-0.3965873381778338,-0.7033676826920172,-1.0183565364195493,-1.096933728981207,-0.6173030170247277,-0.3327510165778624,-1.096933728981207,-0.21624949762990653,-0.21624949762990653,0.25548548960086465,-0.3327510165778624,-0.4648295453855011,0.38329135654449087,-0.11203533773096849,-0.797640857572655,-0.2727860098355923,-0.3327510165778624,-0.11203533773096849,-0.3965873381778338,-0.2727860098355923,-0.21624949762990653,-0.3965873381778338,-0.7033676826920172,-0.538131199345661,-1.0183565364195493,-1.096933728981207,0.5735701821107184,0.2890181816638531,0.774302965490234,1.1953393803524335,-0.3965873381778338,-1.096933728981207,-0.017762162850330287,-1.096933728981207,-1.096933728981207,-1.0183565364195493,0.8138730294009158,0.5735701821107184,0.2890181816638531,0.774302965490234,1.1953393803524335,-0.3965873381778338,-1.096933728981207,-0.017762162850330287,-1.096933728981207,-1.096933728981207,-1.096933728981207,-1.096933728981207,-0.7033676826920172,-1.0183565364195493,-1.096933728981207,-1.096933728981207,-1.096933728981207,0.9579994499562016,-0.7033676826920172,1.1549615420534673,-1.096933728981207,1.1549615420534673,-0.6173030170247277,1.3866068313717606,-1.0183565364195493,-0.901855017471593,0.14747432049602588,-1.096933728981207,-0.4648295453855011,-0.4648295453855011,-1.096933728981207,-0.3327510165778624,0.5485278398908471,-0.21624949762990653,0.32145124083595084,1.2714630610014237,-0.4648295453855011,1.418689201058362,0.41281951000609457,0.41281951000609457,-1.096933728981207,0.38329135654449087,1.3646254893492975,-0.6173030170247277,-1.096933728981207,1.2213703480254048,1.234133359732534,1.112864989710445,1.8336742139069309,1.2955891273952507,1.8056121989423262,1.5281506925395878,1.8609620047267421,1.2714630610014237,1.8704253214638973,0.14747432049602588,-1.096933728981207,0.9746237015055396,0.8885590358382506,-0.4648295453855011,0.06830250281695922,-1.096933728981207,-0.0637760259906795,-1.096933728981207,0.4693560222117804,-1.096933728981207,0.06830250281695922,0.6218294938510074,0.9746237015055396,1.0688968763861773,0.026205950473936392,0.1848040217649151,-1.0183565364195493,0.49645688688845147,-1.096933728981207,-0.3965873381778338,-0.16277054484031625,-1.096933728981207,-1.0183565364195493,-0.2727860098355923,-1.096933728981207,-0.3327510165778624,-1.096933728981207,-0.3965873381778338,1.3646254893492975,-0.3327510165778624,-1.096933728981207,-0.538131199345661,-0.2727860098355923,-1.0183565364195493,-0.4648295453855011,1.5091285739165539,-0.2727860098355923,-1.096933728981207,-0.3965873381778338,0.10868034111592541,1.6266965292842381,-0.2727860098355923,-1.096933728981207,-0.3965873381778338,-0.21624949762990653,0.9746237015055396,-0.3327510165778624,-1.096933728981207,-0.2727860098355923,-1.096933728981207,-0.3965873381778338,-0.0637760259906795,1.7240655429471978,-0.2727860098355923,-1.096933728981207,-0.3965873381778338,-0.2727860098355923,1.0537955191846062,-0.3327510165778624,1.668437730560575,-0.2727860098355923,-1.096933728981207,-0.3965873381778338,-0.0637760259906795,1.4497635791329209,-0.2727860098355923,-1.096933728981207,-0.3965873381778338,-0.16277054484031625,1.418689201058362,-0.2727860098355923,-1.096933728981207,-0.3965873381778338,-0.017762162850330287,0.9909731594196948,-0.2727860098355923,-1.096933728981207,-0.3965873381778338,-0.3327510165778624,1.1953393803524335,0.6218294938510074,-0.6173030170247277,0.6900717010586743,-0.6173030170247277,1.1820624067301388,-0.6173030170247277,0.6900717010586743,0.4693560222117804,0.2890181816638531,-0.6173030170247277,-1.096933728981207,-0.2727860098355923,-0.7033676826920172,1.1953393803524335,1.1820624067301388,-0.6173030170247277,0.6900717010586743,0.4693560222117804,-1.096933728981207,-0.901855017471593,-1.0183565364195493,-0.901855017471593,-1.0183565364195493,-1.096933728981207,-1.096933728981207,-0.7033676826920172,-1.096933728981207,-0.901855017471593,-0.901855017471593,-1.096933728981207,1.4497635791329209,-1.096933728981207,0.5735701821107184,-1.096933728981207,0.49645688688845147,-1.096933728981207,1.1953393803524335,-1.096933728981207,1.1411274748183142,-0.3327510165778624,0.10868034111592541,-0.16277054484031625,-0.901855017471593,-0.797640857572655,0.9238884943961923,0.49645688688845147,-0.901855017471593,-1.096933728981207,-0.2727860098355923,-0.3327510165778624,-0.901855017471593,-1.096933728981207,0.9909731594196948,-0.3965873381778338,-0.901855017471593,-1.096933728981207,1.4497635791329209,-1.0183565364195493,-1.0183565364195493,0.25548548960086465,0.41281951000609457,-0.11203533773096849,-1.096933728981207,-0.901855017471593,-0.16277054484031625,-0.21624949762990653,0.32145124083595084,-0.16277054484031625,-0.3327510165778624,-0.4648295453855011,0.2207759744561858,0.2890181816638531,0.38329135654449087,-0.11203533773096849,-0.797640857572655,-0.21624949762990653,-0.7033676826920172,-0.21624949762990653
-1.0,-1.0,-1.0,-1.0,-1.0,-1.0,-1.0,-1.0,-1.0,-1.0,-1.0,-1.0,-1.0,-1.0,-1.0,-1.0,-1.0,-1.0,-1.0,-1.0,-1.0,-1.0,-1.0,-1.0,-1.0,-1.0,-1.0,-1.0,-1.0,-1.0,-1.0,-1.0,-1.0,-1.0,-1.0,-1.0,-1.0,-1.0,-1.0,-1.0,-1.0,-1.0,-1.0,-1.0,-1.0,-1.0,1.0,-1.0,-1.0,-1.0,-1.0,-1.0,-1.0,-1.0,-1.0,-1.0,-1.0,-1.0,-1.0,-1.0,-1.0,-1.0,-1.0,-1.0,-1.0,-1.0,-1.0,-1.0,-1.0,-1.0,-1.0,-1.0,-1.0,-1.0,-1.0,-1.0,-1.0,-1.0,-1.0,-1.0,-1.0,-1.0,-1.0,-1.0,-1.0,-1.0,-1.0,-1.0,-1.0,-1.0,-1.0,-1.0,-1.0,-1.0,-1.0,-1.0,-1.0,-1.0,-1.0,-1.0,-1.0,-1.0,-1.0,-1.0,-1.0,-1.0,-1.0,-1.0,-1.0,-1.0,-1.0,-1.0,-1.0,-1.0,-1.0,-1.0,-1.0,-1.0,-1.0,-1.0,-1.0,-1.0,-1.0,-1.0,-1.0,-1.0,-1.0,-1.0,-1.0,-1.0,-1.0,-1.0,-1.0,-1.0,-1.0,-1.0,-1.0,-1.0,-1.0,-1.0,-1.0,-1.0,-1.0,-1.0,-1.0,-1.0,-1.0,-1.0,-1.0,-1.0,-1.0,-1.0,-1.0,-1.0,-1.0,-1.0,-1.0,-1.0,-1.0,-1.0,-1.0,-1.0,-1.0,-1.0,-1.0,-1.0,-1.0,-1.0,-1.0,-1.0,-1.0,-1.0,-1.0,-1.0,-1.0,-1.0,1.0,-1.0,-1.0,-1.0,-1.0,-1.0,-1.0,-1.0,-1.0,-1.0,-1.0,1.0,-1.0,-1.0,-1.0,-1.0,-1.0,-1.0,-1.0,-1.0,-1.0,-1.0,-1.0,-1.0,-1.0,-1.0,-1.0,-1.0,-1.0,-1.0,-1.0,-1.0,1.0,-1.0,-1.0,-1.0,-1.0,-1.0,-1.0,-1.0,-1.0,-1.0,-1.0,-1.0,-1.0,1.0,-1.0,1.0,1.0,1.0,-1.0,-1.0,-1.0,1.0,1.0,1.0,1.0,1.0,1.0,1.0,1.0,1.0,-1.0,-1.0,-1.0,1.0,1.0,-1.0,-1.0,-1.0,-1.0,-1.0,-1.0,-1.0,-1.0,-1.0,-1.0,-1.0,1.0,1.0,-1.0,-1.0,-1.0,-1.0,-1.0,-1.0,-1.0,-1.0,-1.0,-1.0,-1.0,-1.0,-1.0,-1.0,-1.0,-1.0,-1.0,-1.0,-1.0,-1.0,-1.0,-1.0,-1.0,-1.0,-1.0,-1.0,-1.0,-1.0,-1.0,-1.0,-1.0,-1.0,-1.0,-1.0,-1.0,-1.0,-1.0,-1.0,-1.0,-1.0,-1.0,-1.0,-1.0,-1.0,-1.0,-1.0,-1.0,-1.0,-1.0,-1.0,-1.0,-1.0,-1.0,-1.0,-1.0,-1.0,-1.0,-1.0,1.0,-1.0,-1.0,-1.0,-1.0,-1.0,-1.0,-1.0,-1.0,-1.0,-1.0,-1.0,-1.0,1.0,-1.0,-1.0,-1.0,-1.0,-1.0,1.0,-1.0,-1.0,-1.0,1.0,-1.0,-1.0,-1.0,-1.0,-1.0,-1.0,-1.0,-1.0,-1.0,-1.0,-1.0,-1.0,-1.0,-1.0,-1.0,-1.0,-1.0,-1.0,-1.0,-1.0,-1.0,-1.0,-1.0,-1.0,-1.0,-1.0,-1.0,-1.0,-1.0,-1.0,-1.0,-1.0,-1.0,-1.0,-1.0,-1.0,-1.0,-1.0,-1.0,-1.0,-1.0,-1.0,-1.0,-1.0,-1.0,-1.0,-1.0,-1.0,-1.0,-1.0,-1.0,-1.0,-1.0,-1.0,-1.0,-1.0,-1.0,-1.0,-1.0,-1.0
-1.7347551128585679,-1.7166718400315923,-1.7126713365323099,-1.700894153333487,-1.6674818484064562,-1.6634813449071735,-1.6593562151306545,-1.6533118406846978,-1.649747529155742,-1.645983815583208,-1.642157788872056,-1.6384563884381405,-1.634767450631948,-1.6309912744316908,-1.6271029345819206,-1.622541612835075,-1.6162230605791987,-1.6124219591234938,-1.6085336192737238,-1.6044957278912702,-1.6002708970929624,-1.5965445714035993,-1.592431904254804,-1.5886183401713758,-1.5850415660146961,-1.5813526282085042,-1.5775515267527993,-1.5738999768297781,-1.570211039023586,-1.566484713334223,-1.5626462239953474,-1.559069449838668,-1.5554178999156467,-1.5517912752480725,-1.5478780101428553,-1.5434288520455222,-1.5374218654827365,-1.5339946428587403,-1.5306297333733623,-1.5272648238879845,-1.5238999144026064,-1.5203729907568215,-1.5167588287169709,-1.513094816166226,-1.5083590176312498,-1.5034736675635898,-1.499547939830649,-1.4957966888858387,-1.492095288451923,-1.4885932900615853,-1.4851037542989711,-1.4812901902155426,-1.4769158078845512,-1.4711456112485144,-1.4676062249750057,-1.4640169881906024,-1.4602408119903452,-1.456551874184153,-1.4528753990056844,-1.448962133900467,-1.445335509232893,-1.4409362016464544,-1.4347672009232615,-1.4307666974239788,-1.4266914181583545,-1.4222173348055742,-1.418466083860764,-1.4147522207991245,-1.4110508203652088,-1.406726288545112,-1.4008314656318386,-1.3972173035919884,-1.3933788142531127,-1.3897646522132623,-1.386088177034794,-1.382125061418682,-1.3783488852184247,-1.3746848726676797,-1.3702481771980701,-1.3643408916570734,-1.360489939690474,-1.3566140624684278,-1.3530248256840245,-1.3490367848124654,-1.345360309633997,-1.3413722687624379,-1.3376210178176278,-1.333583126435174,-1.3288473279001978,-1.3228029534542411,-1.3191887914143907,-1.3155372414913695,-1.311063158138589,-1.303847296686612,-1.3000586578586308,-1.296257556402926,-1.2929300348007189,-1.289365723271763,-1.2857017107210182,-1.281987847659379,-1.2781368956927797,-1.274298406353904,-1.2705596180368175,-1.266883142858349,-1.2630446535194735,-1.2591438510419797,-1.255305361703104,-1.2517036622909772,-1.2471049526609608,-1.2409484145654914,-1.237271939387023,-1.2336203894640017,-1.2299314516578095,-1.2259807986694213,-1.2222170850968874,-1.2184658341520773,-1.2147768963458851,-1.2114369121159545,-1.2072743944562645,-1.2035979192777961,-1.199746967311197,-1.1957464638119142,-1.191334693597752,-1.187284339587575,-1.181414441929749,-1.177551027335426,-1.1734508228143543,-1.1694503193150716,-1.1655121289544073,-1.1616487143600844,-1.157735449254867,-1.1539094225437152,-1.1500086200662212,-1.1461452054718984,-1.1422942535052993,-1.138206511611951,-1.134318171762181,-1.12980670052623,-1.1237872513357205,-1.1190265275452969,-1.1128699894498277,-1.1088570233228214,-1.1046321925245133,-1.0987747574944111,-1.0950110439218772,-1.0910977788166598,-1.0868978732737993,-1.0832587859785017,-1.0791087309465355,-1.0749960637977403,-1.0710454108093521,-1.0652253636624205,-1.0618729168047663,-1.0585080073193882,-1.05541727564393,-1.0521271419248939,-1.0466186604710528,-1.0434905409124235,-1.0391660090923267,-1.0351031924544258,-1.030654034357093,-1.0261550257488652,-1.0212696756812054,-0.9737247509155874,-0.9485627055415944,-0.9274011636668843,-0.9064514864634755,-0.880952950140945,-0.8637420612546229,-0.8383307633261575,-0.8297814007077527,-0.8259678366243244,-0.8155366172196528,-0.8081836668627158,-0.7997090800106528,-0.7968426756342197,-0.7942753743231535,-0.7906238244001322,-0.7877574200236992,-0.7815385687896118,-0.7802424555063552,-0.777774855217078,-0.7757559095258512,-0.7335076015427724,-0.730853061837641,-0.7215434789280953,-0.7186770745516621,-0.7161097732405961,-0.7124582233175748,-0.7095918189411418,-0.7033729677070544,-0.7020768544237976,-0.6996092541345204,-0.6975903084432937,-0.6301799550862219,-0.629918239904026,-0.6224780511530236,-0.6205712691113093,-0.617817028384389,0.05476606460404601,0.056922099200232355,0.07213896765077493,0.08315593055845696,0.08628405011708584,0.08981097376287121,0.09368685098491757,0.09675265740492865,0.09922025769420577,0.101787559005272,0.10389374309056397,0.11372675636450183,0.14651592990535156,0.14989330201845305,0.15126419106805133,0.1537691792404994,0.1659202412710309,0.16968395484356472,0.17061865192283626,0.17724876987180332,0.17875674782636167,0.1853120900089868,0.18913811672013878,0.19797411977618692,0.19936993408123238,0.20555139743214892,0.206635646044104,0.2105489111493213,0.2145244893931568,0.22024483551829946,0.22576577959986388,0.23628423739860108,0.24401106658724658,0.2703695242227075,0.28085059413827335,0.29429776945206154,0.3080689730866639,0.3185500430022301,0.327485747080067,0.3381039059005933,0.34899624253103867,0.34944489712908916,0.35267271770950753,0.3780341651270783,0.381436462495627,0.38456458205425625,0.3849883113968592,0.38731882278117663,0.38773008949605614,0.39052171810614744,0.39120716263094674,0.39232879912607277,0.39804914525121504,0.40438016013481515,0.4112346053828072,0.4182884526743776,0.42535476259367094,0.4378049276895694,0.44650384184065783,0.4519998606667751,0.4549410408095499,0.45942758679005397,0.4828947147936341,0.485075674645268,0.527224281606558,0.528271142335342,0.5539815433291743,0.5550159414302349,0.5749062952771357,0.5987099142292538,0.6036201895523609,0.7464792911482404,0.7487225641384924,0.7973642001437893,0.7998816509439611,0.810138393560502,0.8117959230477438,0.8176035075669514,0.8179524611432129,0.8216912494602995,0.82602824390812,0.8279848764607289,0.8339544751403438,0.8343034287166052,0.8380422170336919,0.8419430195111853,0.8431269691449296,0.8470028463669759,0.8473144120600666,0.8518508085514648,0.8521997621277265,0.8559385504448132,0.8597271892727941,0.8617835228471917,0.8679026730594902,0.8682516266357515,0.8719904149528381,0.8760283063352918,0.8772496438522066,0.8816988019495398,0.8836055839912538,0.8896374958094869,0.8899864493857482,0.8937252377028349,0.8978129795961829,0.8994829717111485,0.9052157804640146,0.9055647340402759,0.9093035223573626,0.9132666379734743,0.9148743169498218,0.9205697378195169,0.9209186913957782,0.9246574797128649,0.928807534744831,0.931586700727199,0.9384162207197438,0.9387651742960053,0.9425039626130919,0.9466290923896105,0.9479625935560382,0.9504925069839334,0.9536081639148388,0.9558389742773675,0.9589920190914436,0.9616714840520223,0.9629551347075557,0.9639022944145507,0.9665942220028532,0.9680523494465167,0.9687876444822104,0.9692238364525375,0.9743584390746697,0.9800663225720885,0.9835309330792553,0.9885409094241515,0.9898245600796848,0.9907717197866798,0.9934636473749824,1.0005424199219994,1.0020005473656635,1.0034836000647742,1.0049666527638854,1.037431797983921,1.0441990048378478,1.0510659127135633,1.057010586137731,1.0619083988331146,1.0677035207245988,1.0945480208412808,1.1029229066715547,1.1449718126110555,1.152574015522465,1.1884289954833256,1.1951712770818053,1.230465438795103,1.2389400256471659,1.2735362802079406,1.2818862407827674,1.3194735259972117,1.346106161442592,1.3468414564782856,1.3733868535296008,1.3739850596603342,1.3746206536742391,1.375879379074325,1.3916570657724305,1.3924795992021897,1.3930653427051998,1.3937757124854464,1.408194972761677,1.40875579100924,1.4093415345122502,1.410600259912336,1.4255055626697877,1.4260539182896275,1.4266396617926376,1.4283470417907738,1.4474771753465336,1.4547304246816815,1.45537848132331,1.4663954442309919,1.4695983395559629,1.4845036423134146,1.4865724385155359,1.4911088350069344,1.5080455460833366,1.5091671825784627,1.5127938072460367,1.5167693854898723,1.520632800084195,1.52574247745088,1.5311014073720377,1.5359244443010793,1.540224050865729,1.5449099988898105,1.5711313676203114,1.5761538065929313,1.6024624137174974
-1.1401173496877688,-1.1400230899763437,-1.139977117489017,-1.139788944161599,-1.1388257798283679,-1.1386679026802462,-1.138495576610893,-1.1382255972224224,-1.138056654956859,-1.1378704193134115,-1.1376728436899515,-1.13747378167118,-1.1372676382757787,-1.1370486046472004,-1.136814591317628,-1.1365291170374896,-1.136114118496016,-1.1358535274484827,-1.1355784543142633,-1.135283701302587,-1.1349653766615126,-1.1346761880712408,-1.1343478500683473,-1.1340347966148292,-1.1337336651928485,-1.1334154697248173,-1.133079504329737,-1.132749019492947,-1.1324074515207323,-1.132054565119426,-1.1316828004201176,-1.1313288420371193,-1.1309599789838962,-1.130586128747165,-1.1301743408071987,-1.1296955827166002,-1.1290313333284148,-1.1286431595014252,-1.128255544982672,-1.1278614916845378,-1.127460999607022,-1.1270343133119578,-1.1265897345852218,-1.126131441346727,-1.1255277788410802,-1.1248916889113294,-1.1243707101810028,-1.1238646977706677,-1.1233575663905655,-1.1228705825605798,-1.1223783948455048,-1.121832585081731,-1.121196325173504,-1.1203403984017362,-1.1198060118628248,-1.1192568237271532,-1.11867112387032,-1.1180911249829422,-1.1175053861754682,-1.1168734769478195,-1.1162800791725258,-1.1155502136321702,-1.1145082104641324,-1.1138209196522093,-1.1131114245903528,-1.112321622934626,-1.1116506483782782,-1.110978478319896,-1.1103007598266528,-1.1094990785788057,-1.1083891683691571,-1.107698902072746,-1.1069576577783837,-1.1062520744295679,-1.1055267046410544,-1.1047361719763074,-1.103974618985698,-1.1032279352034486,-1.102313568471362,-1.101078751020315,-1.1002630902903643,-1.099433634939287,-1.0986579035180069,-1.0977873876115336,-1.0969768687194492,-1.0960889707583497,-1.0952455369850504,-1.0943287120347505,-1.0932416093683488,-1.0918355961231165,-1.0909849618248562,-1.0901179841998836,-1.089045377840243,-1.08729147964145,-1.0863587529375174,-1.0854147552341853,-1.0845816258043057,-1.0836822254805338,-1.082750136648545,-1.0817975755011209,-1.0808015695951372,-1.0798003946918264,-1.0788171692329738,-1.07784257937847,-1.0768168396044238,-1.0757658643638601,-1.0747232311405037,-1.0737372968456533,-1.0724677170076615,-1.0707492355842416,-1.0697127380583535,-1.0686756592758522,-1.0676202626076285,-1.0664814082740306,-1.065388187442365,-1.0642905710618091,-1.063203383604897,-1.0622123630717908,-1.0609684057336666,-1.0598615064703707,-1.058693834227031,-1.0574718846633289,-1.0561137616724565,-1.0548571519562011,-1.0530194775535175,-1.0517992758666956,-1.0504950034614449,-1.0492132315429727,-1.0479425355174032,-1.0466873966073706,-1.0454074094849801,-1.0441475378071319,-1.0428544732058538,-1.0415652732412177,-1.0402717851290046,-1.0388895351750533,-1.0375658938350454,-1.0360193555546682,-1.033937856500481,-1.0322770267947656,-1.0301101415327105,-1.0286861147643587,-1.0271770107435614,-1.025067951019757,-1.0237024719221692,-1.022274193439663,-1.0207316073244657,-1.0193868934228676,-1.0178441757940557,-1.016305694378633,-1.0148187622813865,-1.0126120657107878,-1.011332227369246,-1.0100412044086369,-1.0088497027197534,-1.0075753607022377,-1.0054280224791734,-1.0042009248066401,-1.0024953351178962,-1.0008832765604523,-0.9991071560937427,-0.9972996884870255,-0.9953239734994744,-0.9753872503507071,-0.9643160292729869,-0.9547262919722813,-0.9449817220327169,-0.9327845350439457,-0.924342728282709,-0.9115707283619888,-0.9071911702556907,-0.9052242010559907,-0.8998017126504179,-0.8959422279149397,-0.8914558701548351,-0.8899291825694643,-0.8885578350853245,-0.8866008695318642,-0.8850593727539166,-0.8816989302072038,-0.8809957879418521,-0.879654472549898,-0.8785544571720012,-0.8550038531709635,-0.8534902335255482,-0.8481502362176929,-0.8464961367587381,-0.8450106725530406,-0.842891395351928,-0.8412224867003965,-0.8375856157844738,-0.8368248611936753,-0.8353738607975055,-0.8341841031434323,-0.7931286679898516,-0.79296423786013,-0.788273430880848,-0.7870661967102208,-0.7853187638761668,-0.2294475235544934,-0.2272519847967955,-0.21168113721565573,-0.20032571755752257,-0.19708891670967985,-0.19343278218471144,-0.18940675179627792,-0.1862161235766955,-0.18364417461544064,-0.18096463320910713,-0.1787635699080414,-0.16845421965285928,-0.1336792843749696,-0.13006264288499925,-0.12859278260626664,-0.12590418641249831,-0.11281185262474022,-0.10873955501363272,-0.10772697415269354,-0.10053013969848738,-0.09888977634637434,-0.09174391141106801,-0.08756193246116818,-0.07787206520769287,-0.07633730609567561,-0.06952719797962653,-0.06833044312117022,-0.06400556040901566,-0.059602892693277766,-0.05325224947042679,-0.047105333025108116,-0.035346308064553474,-0.02666807705273824,0.0031913430123846585,0.015174307262482901,0.03063989661063599,0.04658472713448825,0.058792388445155795,0.06924944164964084,0.0817344309480015,0.0946084216198997,0.09514014714996048,0.09896899111220935,0.12925892483654297,0.13335021574278186,0.13711761387695715,0.1376283666509242,0.14043933197931907,0.1409357052984473,0.1443075695243621,0.14513616027720389,0.14649261236508143,0.15342164637028624,0.16111207500215796,0.16946402418095619,0.17808683417207793,0.18675324878719998,0.20209173406898673,0.2128610236026081,0.2196872986634431,0.22334741776829597,0.22894012564065672,0.2583796149621436,0.26113153182582244,0.3148455464323085,0.3161925189411262,0.34946912614469,0.35081579892788617,0.3768291957667716,0.40825624376444825,0.4147791897392617,0.6105595037569638,0.6137263339299885,0.6830975271655708,0.6867244567916081,0.7015387554795872,0.7039384188236287,0.7123585888572489,0.7128651326656109,0.7182967332688598,0.7246073486140723,0.7274578804625736,0.736168179642867,0.7366779681014256,0.7421443328139269,0.7478560465964872,0.7495913455552137,0.7552777424811995,0.7557352193019,0.7624023349347905,0.7629156747025592,0.7684200891565891,0.7740060046024813,0.7770412511646503,0.7860876334310187,0.7866041584956264,0.7921427011300807,0.7981332556160334,0.799947039806641,0.8065615699106603,0.8093998144660037,0.8183919289951044,0.8189127670703396,0.824497520532946,0.8306126142606498,0.8331135877353771,0.841711085816037,0.8422350152119628,0.8478528899676826,0.8538165160474228,0.8562382693508553,0.8648294855587394,0.8653564617603378,0.8710069808625507,0.8772883658716787,0.881500294419664,0.8918693425377158,0.8923998601562974,0.898088323011901,0.9043738173577848,0.9064077537934435,0.9102693094929759,0.9150299212756402,0.9184419105349877,0.9232692695399006,0.9273760142232425,0.9293448779167471,0.9307982324861077,0.9349316045251885,0.9371722349646249,0.9383025841034452,0.9389732754948181,0.9468764043015988,0.9556795179567323,0.9610319284628207,0.9687838171428408,0.9707722946478635,0.9722401215441688,0.9764146254598308,0.9874116903911642,0.9896804702201628,0.9919892728482014,0.994299326224592,1.0451815142107819,1.0558631554847007,1.066728789428097,1.0761568098954126,1.0839396493639664,1.0931659717550342,1.136153808739544,1.1496489222262907,1.2180084985630477,1.2304748445479405,1.2897140717932538,1.300935260875109,1.3600972332341763,1.37440825683213,1.4332545873307032,1.4475593735267376,1.5124432066635622,1.5589032377910437,1.5601916651463157,1.6069119835769916,1.6079694526666057,1.609093236546867,1.6113194473001342,1.6393006548845348,1.6407632731704473,1.6418050692199992,1.6430687857941992,1.66878204467325,1.6697845169155316,1.6708317344349866,1.6730827981700773,1.6998074630315583,1.7007930541456504,1.7018460335335799,1.7049164696590509,1.7394321433781128,1.7525732792715112,1.7537488573025466,1.7737702243005995,1.7796038656888682,1.8068286059026508,1.8106172751936895,1.8189334793430192,1.8500855718091478,1.8521543834207952,1.8588484372196394,1.8661951858448387,1.8733432705250481,1.8828102255140358,1.892754934400177,1.901719135407484,1.9097216299925603,1.918455161375239,1.9675562054985973,1.9770056332733719,2.0267381211156446
-1.0,-1.0,-1.0,-1.0,-1.0,-1.0,-1.0,-1.0,-1.0,-1.0,-1.0,-1.0,-1.0,-1.0,-1.0,-1.0,-1.0,-1.0,-1.0,-1.0,-1.0,-1.0,-1.0,-1.0,-1.0,-1.0,-1.0,-1.0,-1.0,-1.0,-1.0,-1.0,-1.0,-1.0,-1.0,-1.0,-1.0,-1.0,-1.0,-1.0,-1.0,-1.0,-1.0,-1.0,-1.0,-1.0,-1.0,-1.0,-1.0,-1.0,-1.0,-1.0,-1.0,1.0,-1.0,-1.0,-1.0,-1.0,-1.0,-1.0,-1.0,-1.0,-1.0,-1.0,-1.0,-1.0,-1.0,-1.0,-1.0,-1.0,-1.0,-1.0,-1.0,-1.0,-1.0,-1.0,-1.0,-1.0,-1.0,-1.0,-1.0,-1.0,-1.0,-1.0,-1.0,-1.0,-1.0,-1.0,-1.0,-1.0,1.0,-1.0,-1.0,-1.0,-1.0,-1.0,-1.0,-1.0,-1.0,-1.0,-1.0,-1.0,-1.0,-1.0,-1.0,-1.0,-1.0,-1.0,-1.0,-1.0,-1.0,-1.0,-1.0,-1.0,-1.0,-1.0,-1.0,-1.0,-1.0,-1.0,-1.0,-1.0,-1.0,-1.0,-1.0,-1.0,-1.0,-1.0,-1.0,-1.0,-1.0,-1.0,-1.0,-1.0,-1.0,-1.0,-1.0,-1.0,-1.0,-1.0,-1.0,-1.0,-1.0,-1.0,-1.0,-1.0,-1.0,-1.0,-1.0,-1.0,-1.0,-1.0,-1.0,-1.0,-1.0,-1.0,-1.0,-1.0,-1.0,-1.0,-1.0,-1.0,-1.0,-1.0,-1.0,-1.0,-1.0,-1.0,-1.0,-1.0,-1.0,-1.0,-1.0,-1.0,1.0,-1.0,1.0,1.0,1.0,-1.0,-1.0,-1.0,-1.0,-1.0,-1.0,1.0,-1.0,1.0,1.0,1.0,-1.0,-1.0,-1.0,-1.0,-1.0,-1.0,-1.0,-1.0,-1.0,-1.0,-1.0,-1.0,-1.0,1.0,-1.0,1.0,-1.0,1.0,-1.0,-1.0,1.0,-1.0,-1.0,-1.0,-1.0,-1.0,1.0,-1.0,-1.0,1.0,-1.0,-1.0,-1.0,-1.0,-1.0,1.0,1.0,-1.0,-1.0,1.0,1.0,1.0,-1.0,1.0,1.0,1.0,1.0,1.0,-1.0,-1.0,1.0,1.0,-1.0,-1.0,-1.0,1.0,-1.0,-1.0,-1.0,1.0,1.0,-1.0,1.0,-1.0,-1.0,1.0,-1.0,1.0,-1.0,1.0,-1.0,-1.0,-1.0,-1.0,-1.0,-1.0,-1.0,-1.0,1.0,-1.0,-1.0,-1.0,-1.0,-1.0,-1.0,1.0,-1.0,-1.0,-1.0,-1.0,1.0,-1.0,-1.0,-1.0,-1.0,-1.0,-1.0,1.0,-1.0,-1.0,-1.0,-1.0,1.0,-1.0,-1.0,-1.0,-1.0,1.0,-1.0,1.0,-1.0,-1.0,-1.0,-1.0,1.0,-1.0,-1.0,-1.0,-1.0,1.0,-1.0,-1.0,-1.0,-1.0,1.0,-1.0,-1.0,-1.0,-1.0,1.0,1.0,-1.0,1.0,-1.0,-1.0,-1.0,1.0,1.0,-1.0,-1.0,1.0,-1.0,-1.0,1.0,-1.0,-1.0,1.0,1.0,-1.0,-1.0,-1.0,-1.0,-1.0,-1.0,-1.0,-1.0,-1.0,-1.0,-1.0,-1.0,-1.0,-1.0,1.0,-1.0,-1.0,-1.0,-1.0,-1.0,-1.0,-1.0,-1.0,-1.0,1.0,-1.0,1.0,-1.0,1.0,-1.0,1.0,-1.0,1.0,-1.0,1.0,-1.0,1.0,-1.0,1.0,-1.0,1.0,1.0,-1.0,1.0,-1.0,-1.0,-1.0,-1.0,-1.0,-1.0,-1.0,-1.0,-1.0,-1.0,-1.0,-1.0,-1.0,-1.0,-1.0,-1.0
-1.0,-1.0,-1.0,-1.0,-1.0,-1.0,-1.0,-1.0,-1.0,-1.0,-1.0,-1.0,-1.0,-1.0,-1.0,-1.0,-1.0,-1.0,-1.0,-1.0,-1.0,-1.0,-1.0,-1.0,-1.0,-1.0,-1.0,-1.0,-1.0,-1.0,-1.0,-1.0,-1.0,-1.0,-1.0,-1.0,-1.0,-1.0,-1.0,-1.0,-1.0,-1.0,-1.0,-1.0,-1.0,-1.0,-1.0,-1.0,-1.0,-1.0,-1.0,-1.0,-1.0,-1.0,-1.0,-1.0,-1.0,-1.0,-1.0,-1.0,-1.0,-1.0,-1.0,-1.0,-1.0,-1.0,-1.0,-1.0,-1.0,-1.0,-1.0,-1.0,-1.0,-1.0,-1.0,-1.0,-1.0,-1.0,-1.0,-1.0,-1.0,-1.0,-1.0,-1.0,-1.0,-1.0,-1.0,-1.0,-1.0,-1.0,-1.0,-1.0,-1.0,-1.0,-1.0,-1.0,-1.0,-1.0,-1.0,-1.0,-1.0,-1.0,-1.0,-1.0,-1.0,-1.0,-1.0,-1.0,-1.0,-1.0,-1.0,-1.0,-1.0,-1.0,-1.0,-1.0,-1.0,-1.0,-1.0,-1.0,-1.0,-1.0,-1.0,-1.0,-1.0,-1.0,-1.0,-1.0,-1.0,-1.0,-1.0,-1.0,-1.0,-1.0,-1.0,-1.0,-1.0,-1.0,-1.0,-1.0,-1.0,-1.0,-1.0,-1.0,-1.0,-1.0,-1.0,-1.0,-1.0,-1.0,-1.0,-1.0,-1.0,-1.0,-1.0,-1.0,-1.0,-1.0,-1.0,-1.0,-1.0,-1.0,-1.0,-1.0,-1.0,-1.0,-1.0,-1.0,-1.0,-1.0,-1.0,-1.0,-1.0,-1.0,-1.0,-1.0,-1.0,-1.0,-1.0,-1.0,-1.0,-1.0,-1.0,-1.0,-1.0,-1.0,-1.0,-1.0,-1.0,-1.0,-1.0,-1.0,-1.0,-1.0,-1.0,-1.0,-1.0,-1.0,-1.0,-1.0,-1.0,-1.0,-1.0,-1.0,-1.0,-1.0,-1.0,-1.0,-1.0,-1.0,-1.0,-1.0,-1.0,-1.0,-1.0,-1.0,-1.0,-1.0,-1.0,-1.0,-1.0,-1.0,-1.0,-1.0,-1.0,-1.0,-1.0,-1.0,-1.0,-1.0,-1.0,-1.0,-1.0,-1.0,-1.0,-1.0,-1.0,-1.0,-1.0,-1.0,-1.0,-1.0,-1.0,-1.0,-1.0,-1.0,-1.0,-1.0,-1.0,-1.0,-1.0,-1.0,1.0,-1.0,-1.0,-1.0,-1.0,-1.0,-1.0,-1.0,-1.0,-1.0,-1.0,-1.0,-1.0,-1.0,-1.0,-1.0,-1.0,-1.0,-1.0,-1.0,-1.0,-1.0,-1.0,-1.0,-1.0,-1.0,-1.0,-1.0,-1.0,-1.0,-1.0,-1.0,-1.0,-1.0,-1.0,-1.0,-1.0,-1.0,-1.0,-1.0,-1.0,-1.0,-1.0,-1.0,-1.0,-1.0,-1.0,-1.0,-1.0,-1.0,-1.0,-1.0,-1.0,-1.0,-1.0,-1.0,-1.0,-1.0,-1.0,-1.0,-1.0,-1.0,-1.0,-1.0,-1.0,-1.0,-1.0,-1.0,-1.0,-1.0,-1.0,-1.0,-1.0,-1.0,-1.0,-1.0,-1.0,-1.0,-1.0,-1.0,-1.0,-1.0,-1.0,-1.0,-1.0,-1.0,-1.0,-1.0,-1.0,-1.0,-1.0,-1.0,-1.0,-1.0,-1.0,-1.0,-1.0,-1.0,-1.0,-1.0,1.0,-1.0,-1.0,-1.0,-1.0,-1.0,-1.0,-1.0,-1.0,-1.0,-1.0,-1.0,-1.0,-1.0,-1.0,-1.0,-1.0,-1.0,-1.0,-1.0,-1.0,-1.0,-1.0,-1.0,-1.0,-1.0,-1.0,-1.0,-1.0,-1.0,-1.0,-1.0,-1.0,-1.0,-1.0,-1.0,-1.0,-1.0,-1.0,-1.0,-1.0,-1.0,-1.0,-1.0,-1.0,-1.0
-1.0,-1.0,-1.0,-1.0,-1.0,-1.0,-1.0,-1.0,-1.0,-1.0,-1.0,-1.0,-1.0,-1.0,-1.0,-1.0,-1.0,-1.0,-1.0,-1.0,-1.0,-1.0,-1.0,-1.0,-1.0,-1.0,-1.0,-1.0,-1.0,-1.0,-1.0,-1.0,-1.0,-1.0,-1.0,-1.0,-1.0,-1.0,-1.0,-1.0,-1.0,-1.0,-1.0,-1.0,-1.0,-1.0,-1.0,-1.0,-1.0,-1.0,-1.0,-1.0,-1.0,-1.0,-1.0,-1.0,-1.0,-1.0,-1.0,-1.0,-1.0,-1.0,-1.0,-1.0,-1.0,-1.0,-1.0,-1.0,-1.0,-1.0,-1.0,-1.0,-1.0,-1.0,-1.0,-1.0,-1.0,-1.0,-1.0,-1.0,-1.0,-1.0,-1.0,-1.0,-1.0,-1.0,-1.0,-1.0,-1.0,-1.0,-1.0,-1.0,-1.0,-1.0,-1.0,-1.0,-1.0,-1.0,-1.0,-1.0,-1.0,-1.0,-1.0,-1.0,-1.0,-1.0,-1.0,-1.0,-1.0,-1.0,-1.0,-1.0,-1.0,-1.0,-1.0,-1.0,-1.0,-1.0,-1.0,-1.0,-1.0,-1.0,-1.0,-1.0,-1.0,-1.0,-1.0,-1.0,-1.0,-1.0,-1.0,-1.0,-1.0,-1.0,-1.0,-1.0,-1.0,-1.0,-1.0,-1.0,-1.0,-1.0,-1.0,-1.0,-1.0,-1.0,-1.0,-1.0,-1.0,-1.0,-1.0,-1.0,-1.0,-1.0,-1.0,-1.0,-1.0,-1.0,-1.0,-1.0,-1.0,-1.0,-1.0,-1.0,-1.0,-1.0,-1.0,-1.0,-1.0,-1.0,-1.0,-1.0,-1.0,-1.0,-1.0,-1.0,-1.0,-1.0,-1.0,-1.0,-1.0,-1.0,-1.0,-1.0,-1.0,-1.0,-1.0,-1.0,-1.0,-1.0,-1.0,-1.0,-1.0,-1.0,-1.0,-1.0,-1.0,-1.0,-1.0,-1.0,-1.0,-1.0,-1.0,-1.0,-1.0,-1.0,-1.0,-1.0,-1.0,-1.0,-1.0,-1.0,-1.0,-1.0,-1.0,-1.0,-1.0,-1.0,-1.0,-1.0,-1.0,-1.0,-1.0,-1.0,-1.0,-1.0,-1.0,-1.0,-1.0,-1.0,-1.0,-1.0,-1.0,-1.0,-1.0,-1.0,-1.0,-1.0,-1.0,-1.0,-1.0,-1.0,-1.0,-1.0,-1.0,-1.0,-1.0,-1.0,-1.0,-1.0,-1.0,-1.0,-1.0,-1.0,-1.0,-1.0,-1.0,-1.0,-1.0,-1.0,-1.0,-1.0,-1.0,-1.0,-1.0,-1.0,-1.0,-1.0,-1.0,-1.0,-1.0,-1.0,-1.0,-1.0,-1.0,-1.0,-1.0,-1.0,-1.0,-1.0,-1.0,-1.0,-1.0,-1.0,-1.0,-1.0,-1.0,-1.0,-1.0,-1.0,-1.0,-1.0,-1.0,-1.0,-1.0,-1.0,-1.0,-1.0,-1.0,-1.0,-1.0,-1.0,-1.0,-1.0,-1.0,-1.0,-1.0,-1.0,-1.0,-1.0,-1.0,-1.0,-1.0,-1.0,-1.0,-1.0,-1.0,-1.0,-1.0,-1.0,-1.0,-1.0,-1.0,-1.0,-1.0,-1.0,-1.0,-1.0,-1.0,-1.0,-1.0,-1.0,-1.0,-1.0,-1.0,-1.0,-1.0,-1.0,-1.0,-1.0,-1.0,-1.0,-1.0,-1.0,-1.0,-1.0,-1.0,-1.0,-1.0,-1.0,-1.0,-1.0,-1.0,-1.0,-1.0,-1.0,-1.0,-1.0,-1.0,-1.0,-1.0,-1.0,-1.0,-1.0,-1.0,-1.0,-1.0,-1.0,-1.0,-1.0,-1.0,-1.0,-1.0,-1.0,-1.0,-1.0,-1.0,-1.0,-1.0,-1.0,-1.0,-1.0,-1.0,-1.0,-1.0,-1.0,1.0,-1.0,-1.0,-1.0,-1.0,-1.0,-1.0,-1.0,-1.0,-1.0,-1.0,-1.0
-1.0,-1.0,-1.0,-1.0,-1.0,-1.0,-1.0,-1.0,-1.0,-1.0,-1.0,-1.0,-1.0,-1.0,-1.0,-1.0,-1.0,-1.0,-1.0,-1.0,-1.0,-1.0,-1.0,-1.0,-1.0,-1.0,-1.0,-1.0,-1.0,-1.0,-1.0,-1.0,-1.0,-1.0,-1.0,-1.0,-1.0,-1.0,-1.0,-1.0,-1.0,-1.0,-1.0,-1.0,-1.0,-1.0,-1.0,-1.0,-1.0,-1.0,-1.0,-1.0,-1.0,-1.0,-1.0,-1.0,-1.0,-1.0,-1.0,-1.0,-1.0,-1.0,-1.0,-1.0,-1.0,-1.0,-1.0,-1.0,-1.0,-1.0,-1.0,-1.0,-1.0,-1.0,-1.0,-1.0,-1.0,-1.0,-1.0,-1.0,-1.0,-1.0,-1.0,-1.0,-1.0,-1.0,-1.0,-1.0,-1.0,-1.0,-1.0,-1.0,-1.0,-1.0,-1.0,-1.0,-1.0,-1.0,-1.0,-1.0,-1.0,-1.0,-1.0,-1.0,-1.0,-1.0,-1.0,-1.0,-1.0,-1.0,-1.0,-1.0,-1.0,-1.0,-1.0,-1.0,-1.0,-1.0,-1.0,-1.0,-1.0,-1.0,-1.0,-1.0,-1.0,-1.0,-1.0,-1.0,-1.0,-1.0,-1.0,-1.0,-1.0,-1.0,-1.0,-1.0,-1.0,-1.0,-1.0,-1.0,-1.0,-1.0,-1.0,-1.0,-1.0,-1.0,-1.0,-1.0,-1.0,-1.0,-1.0,-1.0,-1.0,-1.0,-1.0,-1.0,-1.0,-1.0,-1.0,-1.0,-1.0,-1.0,-1.0,-1.0,-1.0,-1.0,-1.0,-1.0,-1.0,-1.0,-1.0,-1.0,-1.0,-1.0,-1.0,-1.0,-1.0,-1.0,-1.0,-1.0,-1.0,-1.0,-1.0,-1.0,-1.0,-1.0,-1.0,-1.0,-1.0,-1.0,-1.0,-1.0,-1.0,-1.0,-1.0,-1.0,-1.0,-1.0,-1.0,-1.0,-1.0,-1.0,-1.0,-1.0,-1.0,-1.0,-1.0,-1.0,-1.0,-1.0,-1.0,-1.0,-1.0,-1.0,-1.0,-1.0,-1.0,-1.0,-1.0,-1.0,-1.0,-1.0,-1.0,-1.0,-1.0,-1.0,-1.0,-1.0,-1.0,-1.0,-1.0,-1.0,-1.0,-1.0,-1.0,-1.0,-1.0,-1.0,-1.0,-1.0,-1.0,-1.0,-1.0,-1.0,-1.0,-1.0,-1.0,-1.0,-1.0,-1.0,-1.0,-1.0,-1.0,-1.0,-1.0,-1.0,-1.0,-1.0,-1.0,-1.0,-1.0,-1.0,-1.0,-1.0,-1.0,-1.0,-1.0,-1.0,-1.0,-1.0,-1.0,-1.0,-1.0,-1.0,-1.0,-1.0,-1.0,-1.0,-1.0,-1.0,-1.0,-1.0,-1.0,-1.0,-1.0,-1.0,-1.0,-1.0,-1.0,-1.0,-1.0,-1.0,-1.0,-1.0,-1.0,-1.0,-1.0,-1.0,-1.0,-1.0,-1.0,-1.0,-1.0,-1.0,-1.0,-1.0,-1.0,-1.0,-1.0,-1.0,-1.0,-1.0,-1.0,-1.0,-1.0,-1.0,-1.0,-1.0,-1.0,-1.0,-1.0,-1.0,-1.0,-1.0,-1.0,-1.0,-1.0,-1.0,-1.0,-1.0,-1.0,-1.0,-1.0,-1.0,-1.0,-1.0,-1.0,-1.0,-1.0,-1.0,-1.0,-1.0,-1.0,-1.0,-1.0,-1.0,-1.0,-1.0,-1.0,-1.0,-1.0,-1.0,-1.0,-1.0,-1.0,-1.0,-1.0,-1.0,-1.0,-1.0,-1.0,-1.0,-1.0,-1.0,-1.0,-1.0,-1.0,-1.0,-1.0,-1.0,-1.0,-1.0,-1.0,-1.0,-1.0,-1.0,-1.0,-1.0,-1.0,-1.0,-1.0,-1.0,-1.0,-1.0,-1.0,-1.0,-1.0,-1.0,-1.0,-1.0,-1.0,-1.0,-1.0,-1.0,-1.0,-1.0,-1.0,-1.0
-1.0,-1.0,-1.0,-1.0,-1.0,-1.0,-1.0,-1.0,-1.0,-1.0,-1.0,-1.0,-1.0,-1.0,-1.0,-1.0,-1.0,-1.0,-1.0,-1.0,-1.0,-1.0,-1.0,-1.0,-1.0,-1.0,-1.0,-1.0,-1.0,-1.0,-1.0,-1.0,-1.0,-1.0,-1.0,-1.0,-1.0,-1.0,-1.0,-1.0,-1.0,-1.0,-1.0,-1.0,-1.0,-1.0,-1.0,-1.0,-1.0,-1.0,-1.0,-1.0,-1.0,-1.0,-1.0,-1.0,-1.0,-1.0,-1.0,-1.0,-1.0,-1.0,-1.0,-1.0,-1.0,-1.0,-1.0,-1.0,-1.0,-1.0,-1.0,-1.0,-1.0,-1.0,-1.0,-1.0,-1.0,-1.0,-1.0,-1.0,-1.0,-1.0,-1.0,-1.0,-1.0,-1.0,-1.0,-1.0,-1.0,-1.0,-1.0,-1.0,-1.0,-1.0,-1.0,-1.0,-1.0,-1.0,-1.0,-1.0,-1.0,-1.0,-1.0,-1.0,-1.0,-1.0,-1.0,-1.0,-1.0,-1.0,-1.0,-1.0,-1.0,-1.0,-1.0,-1.0,-1.0,-1.0,-1.0,-1.0,-1.0,-1.0,-1.0,-1.0,-1.0,-1.0,-1.0,-1.0,-1.0,-1.0,-1.0,-1.0,-1.0,-1.0,-1.0,-1.0,-1.0,-1.0,-1.0,-1.0,-1.0,-1.0,-1.0,-1.0,-1.0,-1.0,-1.0,-1.0,-1.0,-1.0,-1.0,-1.0,-1.0,-1.0,-1.0,-1.0,-1.0,-1.0,-1.0,-1.0,-1.0,-1.0,-1.0,-1.0,-1.0,-1.0,-1.0,-1.0,-1.0,-1.0,-1.0,-1.0,-1.0,-1.0,-1.0,-1.0,-1.0,-1.0,-1.0,-1.0,-1.0,-1.0,-1.0,-1.0,-1.0,-1.0,-1.0,-1.0,-1.0,-1.0,-1.0,-1.0,-1.0,-1.0,-1.0,-1.0,-1.0,-1.0,-1.0,-1.0,-1.0,-1.0,-1.0,-1.0,-1.0,-1.0,-1.0,-1.0,-1.0,-1.0,-1.0,-1.0,-1.0,-1.0,-1.0,-1.0,-1.0,-1.0,-1.0,-1.0,-1.0,-1.0,-1.0,-1.0,-1.0,-1.0,-1.0,-1.0,-1.0,-1.0,-1.0,-1.0,-1.0,-1.0,-1.0,-1.0,-1.0,-1.0,-1.0,-1.0,-1.0,-1.0,-1.0,-1.0,-1.0,-1.0,-1.0,-1.0,-1.0,-1.0,-1.0,-1.0,-1.0,-1.0,-1.0,-1.0,-1.0,-1.0,-1.0,-1.0,-1.0,-1.0,-1.0,-1.0,-1.0,-1.0,-1.0,-1.0,-1.0,-1.0,-1.0,-1.0,-1.0,-1.0,-1.0,-1.0,-1.0,-1.0,-1.0,-1.0,-1.0,-1.0,-1.0,-1.0,-1.0,-1.0,-1.0,-1.0,-1.0,-1.0,-1.0,-1.0,-1.0,-1.0,-1.0,-1.0,-1.0,-1.0,-1.0,-1.0,-1.0,-1.0,-1.0,-1.0,-1.0,-1.0,-1.0,-1.0,-1.0,-1.0,-1.0,-1.0,-1.0,-1.0,-1.0,-1.0,-1.0,-1.0,-1.0,-1.0,-1.0,-1.0,-1.0,-1.0,-1.0,-1.0,-1.0,-1.0,-1.0,-1.0,-1.0,-1.0,-1.0,-1.0,-1.0,-1.0,-1.0,-1.0,-1.0,-1.0,-1.0,-1.0,-1.0,-1.0,-1.0,-1.0,-1.0,-1.0,-1.0,-1.0,-1.0,-1.0,-1.0,-1.0,-1.0,-1.0,-1.0,-1.0,-1.0,-1.0,-1.0,-1.0,-1.0,-1.0,-1.0,-1.0,-1.0,-1.0,-1.0,-1.0,-1.0,-1.0,-1.0,-1.0,-1.0,-1.0,-1.0,-1.0,-1.0,-1.0,-1.0,-1.0,-1.0,-1.0,-1.0,-1.0,-1.0,-1.0,-1.0,-1.0,-1.0,-1.0,-1.0,-1.0,-1.0,-1.0,-1.0,-1.0
-1.0,-1.0,-1.0,-1.0,-1.0,-1.0,-1.0,-1.0,-1.0,-1.0,-1.0,-1.0,-1.0,-1.0,-1.0,-1.0,-1.0,-1.0,-1.0,-1.0,-1.0,-1.0,-1.0,-1.0,-1.0,-1.0,-1.0,-1.0,-1.0,-1.0,-1.0,-1.0,-1.0,-1.0,-1.0,-1.0,-1.0,-1.0,-1.0,-1.0,-1.0,-1.0,-1.0,-1.0,-1.0,-1.0,-1.0,-1.0,-1.0,-1.0,-1.0,-1.0,-1.0,-1.0,-1.0,-1.0,-1.0,-1.0,-1.0,-1.0,-1.0,-1.0,-1.0,-1.0,-1.0,-1.0,-1.0,-1.0,-1.0,-1.0,-1.0,-1.0,-1.0,-1.0,-1.0,-1.0,-1.0,-1.0,-1.0,-1.0,-1.0,-1.0,-1.0,-1.0,-1.0,-1.0,-1.0,-1.0,-1.0,-1.0,-1.0,-1.0,-1.0,-1.0,-1.0,-1.0,-1.0,-1.0,-1.0,-1.0,-1.0,-1.0,-1.0,-1.0,-1.0,-1.0,-1.0,-1.0,-1.0,-1.0,-1.0,-1.0,-1.0,-1.0,-1.0,-1.0,-1.0,-1.0,-1.0,-1.0,-1.0,-1.0,-1.0,-1.0,-1.0,-1.0,-1.0,-1.0,-1.0,-1.0,-1.0,-1.0,-1.0,-1.0,-1.0,-1.0,-1.0,-1.0,-1.0,-1.0,-1.0,-1.0,-1.0,-1.0,-1.0,-1.0,-1.0,-1.0,-1.0,-1.0,-1.0,-1.0,-1.0,-1.0,-1.0,-1.0,-1.0,-1.0,-1.0,-1.0,-1.0,-1.0,-1.0,-1.0,-1.0,-1.0,-1.0,-1.0,-1.0,-1.0,-1.0,-1.0,-1.0,-1.0,-1.0,-1.0,-1.0,-1.0,-1.0,-1.0,-1.0,-1.0,-1.0,-1.0,-1.0,-1.0,-1.0,-1.0,-1.0,-1.0,-1.0,-1.0,-1.0,-1.0,-1.0,-1.0,-1.0,-1.0,-1.0,-1.0,-1.0,-1.0,-1.0,-1.0,-1.0,-1.0,-1.0,-1.0,-1.0,-1.0,-1.0,-1.0,-1.0,-1.0,-1.0,-1.0,-1.0,-1.0,-1.0,-1.0,-1.0,-1.0,-1.0,-1.0,-1.0,-1.0,-1.0,-1.0,-1.0,-1.0,-1.0,-1.0,-1.0,-1.0,-1.0,-1.0,-1.0,-1.0,-1.0,-1.0,-1.0,-1.0,-1.0,-1.0,-1.0,-1.0,-1.0,-1.0,-1.0,-1.0,-1.0,-1.0,-1.0,-1.0,-1.0,-1.0,-1.0,-1.0,-1.0,-1.0,-1.0,-1.0,-1.0,-1.0,-1.0,-1.0,-1.0,-1.0,-1.0,-1.0,-1.0,-1.0,-1.0,-1.0,-1.0,-1.0,-1.0,-1.0,-1.0,-1.0,-1.0,-1.0,-1.0,-1.0,-1.0,-1.0,-1.0,-1.0,-1.0,-1.0,-1.0,-1.0,-1.0,-1.0,-1.0,-1.0,-1.0,-1.0,-1.0,-1.0,-1.0,-1.0,-1.0,-1.0,-1.0,-1.0,-1.0,-1.0,-1.0,-1.0,-1.0,-1.0,-1.0,-1.0,-1.0,-1.0,-1.0,-1.0,-1.0,-1.0,-1.0,-1.0,-1.0,-1.0,-1.0,-1.0,-1.0,-1.0,-1.0,-1.0,-1.0,-1.0,-1.0,-1.0,-1.0,-1.0,-1.0,-1.0,-1.0,-1.0,-1.0,-1.0,-1.0,-1.0,-1.0,-1.0,-1.0,-1.0,-1.0,-1.0,-1.0,-1.0,-1.0,-1.0,-1.0,-1.0,-1.0,-1.0,-1.0,-1.0,-1.0,-1.0,-1.0,-1.0,-1.0,-1.0,-1.0,-1.0,-1.0,-1.0,-1.0,-1.0,-1.0,-1.0,-1.0,-1.0,-1.0,-1.0,-1.0,-1.0,-1.0,-1.0,-1.0,-1.0,-1.0,-1.0,-1.0,-1.0,-1.0,-1.0,-1.0,-1.0,-1.0,-1.0,-1.0,-1.0,-1.0,-1.0
-1.0,-1.0,-1.0,-1.0,-1.0,-1.0,-1.0,-1.0,-1.0,-1.0,-1.0,-1.0,-1.0,-1.0,-1.0,-1.0,-1.0,-1.0,-1.0,-1.0,-1.0,-1.0,-1.0,-1.0,-1.0,-1.0,-1.0,-1.0,-1.0,-1.0,-1.0,-1.0,-1.0,-1.0,-1.0,-1.0,-1.0,-1.0,-1.0,-1.0,-1.0,-1.0,-1.0,-1.0,-1.0,-1.0,-1.0,-1.0,-1.0,-1.0,-1.0,-1.0,-1.0,-1.0,-1.0,-1.0,-1.0,-1.0,-1.0,-1.0,-1.0,-1.0,-1.0,-1.0,-1.0,-1.0,-1.0,-1.0,-1.0,-1.0,-1.0,-1.0,-1.0,-1.0,-1.0,-1.0,-1.0,-1.0,-1.0,-1.0,-1.0,-1.0,-1.0,-1.0,-1.0,-1.0,-1.0,-1.0,-1.0,-1.0,-1.0,-1.0,-1.0,-1.0,-1.0,-1.0,-1.0,-1.0,-1.0,-1.0,-1.0,-1.0,-1.0,-1.0,-1.0,-1.0,-1.0,-1.0,-1.0,-1.0,-1.0,-1.0,-1.0,-1.0,-1.0,-1.0,-1.0,-1.0,-1.0,-1.0,-1.0,-1.0,-1.0,-1.0,-1.0,-1.0,-1.0,-1.0,-1.0,-1.0,-1.0,-1.0,-1.0,-1.0,-1.0,-1.0,-1.0,-1.0,-1.0,-1.0,-1.0,-1.0,-1.0,-1.0,-1.0,-1.0,-1.0,-1.0,-1.0,-1.0,-1.0,-1.0,-1.0,-1.0,-1.0,-1.0,-1.0,1.0,-1.0,-1.0,-1.0,-1.0,-1.0,-1.0,-1.0,-1.0,-1.0,-1.0,-1.0,-1.0,-1.0,-1.0,-1.0,-1.0,-1.0,-1.0,-1.0,-1.0,-1.0,-1.0,-1.0,-1.0,-1.0,-1.0,-1.0,-1.0,-1.0,-1.0,-1.0,-1.0,-1.0,-1.0,-1.0,-1.0,-1.0,-1.0,-1.0,-1.0,-1.0,-1.0,-1.0,-1.0,-1.0,-1.0,-1.0,-1.0,1.0,-1.0,-1.0,-1.0,-1.0,-1.0,-1.0,-1.0,-1.0,-1.0,-1.0,-1.0,-1.0,-1.0,-1.0,-1.0,-1.0,-1.0,-1.0,-1.0,-1.0,-1.0,-1.0,-1.0,-1.0,-1.0,-1.0,-1.0,-1.0,-1.0,-1.0,-1.0,-1.0,-1.0,-1.0,-1.0,-1.0,-1.0,-1.0,-1.0,-1.0,-1.0,-1.0,-1.0,-1.0,-1.0,-1.0,-1.0,-1.0,-1.0,-1.0,-1.0,-1.0,-1.0,-1.0,-1.0,-1.0,-1.0,-1.0,-1.0,-1.0,-1.0,-1.0,-1.0,1.0,-1.0,-1.0,-1.0,-1.0,-1.0,-1.0,-1.0,-1.0,-1.0,-1.0,-1.0,-1.0,-1.0,-1.0,-1.0,-1.0,-1.0,-1.0,-1.0,-1.0,-1.0,-1.0,-1.0,-1.0,-1.0,-1.0,-1.0,-1.0,-1.0,-1.0,-1.0,-1.0,-1.0,-1.0,-1.0,-1.0,-1.0,-1.0,-1.0,-1.0,-1.0,-1.0,-1.0,-1.0,-1.0,-1.0,-1.0,-1.0,-1.0,-1.0,-1.0,-1.0,-1.0,-1.0,-1.0,-1.0,-1.0,-1.0,-1.0,-1.0,-1.0,-1.0,-1.0,-1.0,-1.0,-1.0,-1.0,-1.0,-1.0,-1.0,-1.0,-1.0,-1.0,-1.0,-1.0,-1.0,-1.0,-1.0,-1.0,-1.0,-1.0,-1.0,-1.0,-1.0,-1.0,-1.0,-1.0,-1.0,-1.0,-1.0,-1.0,-1.0,-1.0,-1.0,-1.0,-1.0,-1.0,-1.0,-1.0,-1.0,-1.0,-1.0,-1.0,-1.0,-1.0,-1.0,-1.0,-1.0,-1.0,-1.0,-1.0,-1.0,-1.0,-1.0,-1.0,1.0,-1.0,-1.0,-1.0,-1.0,-1.0,-1.0,-1.0,-1.0,-1.0,-1.0,-1.0
1.337810426714739,1.337810426714739,1.337810426714739,1.337810426714739,-0.27666196209412575,1.337810426714739,1.337810426714739,1.337810426714739,1.337810426714739,1.337810426714739,0.5305742323103066,1.337810426714739,1.337810426714739,1.337810426714739,1.337810426714739,1.337810426714739,0.7323832809114148,1.337810426714739,1.337810426714739,1.337810426714739,0.12695613510809048,1.337810426714739,1.337810426714739,1.337810426714739,1.337810426714739,1.337810426714739,1.337810426714739,1.337810426714739,1.337810426714739,1.337810426714739,1.337810426714739,1.337810426714739,1.337810426714739,1.337810426714739,1.337810426714739,1.337810426714739,1.337810426714739,1.337810426714739,1.337810426714739,1.337810426714739,1.337810426714739,1.337810426714739,1.337810426714739,1.337810426714739,1.337810426714739,1.337810426714739,1.337810426714739,1.337810426714739,1.337810426714739,1.337810426714739,1.337810426714739,1.337810426714739,1.337810426714739,1.337810426714739,1.337810426714739,1.337810426714739,1.337810426714739,1.337810426714739,1.337810426714739,1.337810426714739,1.337810426714739,1.337810426714739,0.5305742323103066,0.5305742323103066,1.337810426714739,1.337810426714739,1.337810426714739,1.337810426714739,1.337810426714739,1.337810426714739,1.337810426714739,1.337810426714739,0.5305742323103066,1.337810426714739,1.337810426714739,1.337810426714739,1.337810426714739,1.337810426714739,1.337810426714739,1.337810426714739,1.337810426714739,1.337810426714739,1.337810426714739,0.5305742323103066,1.337810426714739,1.337810426714739,1.337810426714739,1.337810426714739,1.337810426714739,1.337810426714739,1.337810426714739,1.337810426714739,1.337810426714739,0.5305742323103066,1.337810426714739,1.337810426714739,1.337810426714739,1.337810426714739,1.337810426714739,1.337810426714739,0.5305742323103066,1.337810426714739,1.337810426714739,1.337810426714739,1.337810426714739,1.337810426714739,1.337810426714739,0.12695613510809048,1.337810426714739,1.337810426714739,1.337810426714739,1.337810426714739,1.337810426714739,1.337810426714739,1.337810426714739,1.337810426714739,1.337810426714739,0.5305742323103066,0.5305742323103066,1.337810426714739,1.337810426714739,1.337810426714739,1.337810426714739,1.337810426714739,1.337810426714739,1.337810426714739,1.337810426714739,1.337810426714739,1.337810426714739,1.337810426714739,1.337810426714739,1.337810426714739,1.337810426714739,1.337810426714739,1.337810426714739,1.337810426714739,1.337810426714739,1.337810426714739,1.337810426714739,1.337810426714739,1.337810426714739,1.337810426714739,1.337810426714739,1.337810426714739,1.337810426714739,1.337810426714739,1.337810426714739,1.337810426714739,1.337810426714739,1.337810426714739,1.337810426714739,1.337810426714739,1.337810426714739,1.337810426714739,1.337810426714739,1.337810426714739,-1.0838981564985581,0.3691269934294201,0.5305742323103066,1.337810426714739,0.7323832809114148,0.7323832809114148,1.337810426714739,0.5305742323103066,0.5305742323103066,0.7323832809114148,0.5305742323103066,0.5305742323103066,0.5305742323103066,0.5305742323103066,1.337810426714739,1.337810426714739,1.337810426714739,-1.0838981564985581,-0.27666196209412575,-0.7379397874680871,-0.8289814635287374,-0.9224509176176717,-0.47847101069523384,0.12695613510809048,-0.27666196209412575,0.12695613510809048,0.12695613510809048,1.337810426714739,-0.8417272981772284,-0.27666196209412575,-0.7379397874680871,-0.8289814635287374,-0.9224509176176717,-0.47847101069523384,0.12695613510809048,-0.27666196209412575,0.12695613510809048,0.12695613510809048,-1.0838981564985581,-1.0838981564985581,1.337810426714739,1.337810426714739,1.337810426714739,1.337810426714739,0.0,-0.8417272981772284,1.337810426714739,-0.54574069356227,1.337810426714739,-0.54574069356227,-0.27666196209412575,-0.1524717783395976,1.337810426714739,1.337810426714739,-0.5995564398558987,1.337810426714739,1.337810426714739,0.12695613510809048,0.12695613510809048,0.12695613510809048,-0.27666196209412575,-0.47847101069523384,-0.1152147232132392,0.5305742323103066,1.337810426714739,-0.4521480913124806,-1.0838981564985581,0.934192329512523,1.337810426714739,-0.8417272981772284,-0.39198141843761614,1.337810426714739,1.337810426714739,-0.5188328204154554,-0.7714196296323262,-0.6911886565180234,-0.2954348968477171,-0.7466982271903775,-0.8005067265480659,-0.8559726427843655,-0.9259606402020387,-0.8346046258736598,-0.9109189719833226,1.337810426714739,0.0,-0.504793930077987,0.0852025388457923,-0.27666196209412575,0.12695613510809048,0.0,-0.47847101069523384,-1.0838981564985581,-0.6802800592963419,0.0,-0.5995564398558987,-0.007583230625981649,-0.07485291349301758,0.4296697080097526,0.7323832809114148,-0.1152147232132392,-1.0838981564985581,-0.6802800592963419,0.12695613510809048,-0.47847101069523384,-0.27666196209412575,-1.0838981564985581,1.337810426714739,0.5305742323103066,1.337810426714739,0.5305742323103066,1.337810426714739,0.5305742323103066,-0.39198141843761614,0.12695613510809048,-1.0838981564985581,1.337810426714739,1.337810426714739,1.337810426714739,1.337810426714739,-0.7379397874680871,-0.27666196209412575,0.0,-0.27666196209412575,1.337810426714739,-0.7379397874680871,-0.27666196209412575,0.0,-0.27666196209412575,1.337810426714739,-0.47847101069523384,1.337810426714739,0.0,-0.27666196209412575,0.0,-0.27666196209412575,1.337810426714739,-0.781184583596896,-0.27666196209412575,0.0,-0.27666196209412575,1.337810426714739,-0.357385581534569,1.337810426714739,-0.7610036787367851,-0.27666196209412575,0.0,-0.27666196209412575,1.337810426714739,-0.6802800592963419,-0.27666196209412575,0.0,-0.27666196209412575,1.337810426714739,-0.6435875050052313,-0.27666196209412575,0.0,-0.27666196209412575,1.337810426714739,-0.6802800592963419,-0.27666196209412575,0.0,-0.27666196209412575,1.337810426714739,-0.6435875050052313,-0.814819425030414,-0.27666196209412575,-0.814819425030414,-0.27666196209412575,-0.8637428307518948,1.337810426714739,-1.0838981564985581,-0.897612880866766,-0.6802800592963419,1.337810426714739,-1.0838981564985581,-0.27666196209412575,-0.27666196209412575,-0.711327605234974,-0.8637428307518948,1.337810426714739,-1.0838981564985581,-0.897612880866766,1.337810426714739,1.337810426714739,1.337810426714739,1.337810426714739,1.337810426714739,1.337810426714739,1.337810426714739,1.337810426714739,1.337810426714739,1.337810426714739,1.337810426714739,-1.0838981564985581,-0.3387570539713897,-1.0838981564985581,-0.1152147232132392,-1.0838981564985581,-0.6802800592963419,-1.0838981564985581,0.055729412072405254,-1.0838981564985581,-0.27666196209412575,1.337810426714739,-0.5995564398558987,1.337810426714739,0.12695613510809048,1.337810426714739,-0.711327605234974,0.934192329512523,0.12695613510809048,1.337810426714739,0.12695613510809048,1.337810426714739,0.12695613510809048,1.337810426714739,-0.6435875050052313,1.337810426714739,0.12695613510809048,1.337810426714739,-0.9325413700477271,-1.0838981564985581,1.337810426714739,-0.5995564398558987,-0.6802800592963419,-0.47847101069523384,1.337810426714739,1.337810426714739,-0.27666196209412575,-1.0838981564985581,0.3691269934294201,0.7323832809114148,0.5305742323103066,1.337810426714739,0.8534687100720798,0.8534687100720798,0.7323832809114148,0.7323832809114148,1.337810426714739,-0.27666196209412575,1.337810426714739,0.7323832809114148
1.4516825767754173,1.4516825767754173,1.4516825767754173,1.4516825767754173,-0.59926643194068,1.4516825767754173,1.4516825767754173,1.4516825767754173,1.4516825767754173,1.4516825767754173,0.16983944632785655,1.4516825767754173,1.4516825767754173,1.4516825767754173,1.4516825767754173,1.4516825767754173,0.4422311115479633,1.4516825767754173,1.4516825767754173,1.4516825767754173,-0.2788056493287897,1.4516825767754173,1.4516825767754173,1.4516825767754173,1.4516825767754173,1.4516825767754173,1.4516825767754173,1.4516825767754173,1.4516825767754173,1.4516825767754173,1.4516825767754173,1.4516825767754173,1.4516825767754173,1.4516825767754173,1.4516825767754173,1.4516825767754173,1.4516825767754173,1.4516825767754173,1.4516825767754173,1.4516825767754173,1.4516825767754173,1.4516825767754173,1.4516825767754173,1.4516825767754173,1.4516825767754173,1.4516825767754173,1.4516825767754173,1.4516825767754173,1.4516825767754173,1.4516825767754173,1.4516825767754173,1.4516825767754173,1.4516825767754173,1.4516825767754173,1.4516825767754173,1.4516825767754173,1.4516825767754173,1.4516825767754173,1.4516825767754173,1.4516825767754173,1.4516825767754173,1.4516825767754173,0.16983944632785655,0.16983944632785655,1.4516825767754173,1.4516825767754173,1.4516825767754173,1.4516825767754173,1.4516825767754173,1.4516825767754173,1.4516825767754173,1.4516825767754173,0.16983944632785655,1.4516825767754173,1.4516825767754173,1.4516825767754173,1.4516825767754173,1.4516825767754173,1.4516825767754173,1.4516825767754173,1.4516825767754173,1.4516825767754173,1.4516825767754173,0.16983944632785655,1.4516825767754173,1.4516825767754173,1.4516825767754173,1.4516825767754173,1.4516825767754173,1.4516825767754173,1.4516825767754173,1.4516825767754173,1.4516825767754173,0.16983944632785655,1.4516825767754173,1.4516825767754173,1.4516825767754173,1.4516825767754173,1.4516825767754173,1.4516825767754173,0.16983944632785655,1.4516825767754173,1.4516825767754173,1.4516825767754173,1.4516825767754173,1.4516825767754173,1.4516825767754173,-0.2788056493287897,1.4516825767754173,1.4516825767754173,1.4516825767754173,1.4516825767754173,1.4516825767754173,1.4516825767754173,1.4516825767754173,1.4516825767754173,1.4516825767754173,0.16983944632785655,0.16983944632785655,1.4516825767754173,1.4516825767754173,1.4516825767754173,1.4516825767754173,1.4516825767754173,1.4516825767754173,1.4516825767754173,1.4516825767754173,1.4516825767754173,1.4516825767754173,1.4516825767754173,1.4516825767754173,1.4516825767754173,1.4516825767754173,1.4516825767754173,1.4516825767754173,1.4516825767754173,1.4516825767754173,1.4516825767754173,1.4516825767754173,1.4516825767754173,1.4516825767754173,1.4516825767754173,1.4516825767754173,1.4516825767754173,1.4516825767754173,1.4516825767754173,1.4516825767754173,1.4516825767754173,1.4516825767754173,1.4516825767754173,1.4516825767754173,1.4516825767754173,1.4516825767754173,1.4516825767754173,1.4516825767754173,1.4516825767754173,-0.8556350580301921,-0.02500070950017269,0.16983944632785655,1.4516825767754173,0.4422311115479633,0.4422311115479633,1.4516825767754173,0.16983944632785655,0.16983944632785655,0.4422311115479633,0.16983944632785655,0.16983944632785655,0.16983944632785655,0.16983944632785655,1.4516825767754173,1.4516825767754173,1.4516825767754173,-0.8556350580301921,-0.59926643194068,-0.8085469430341592,-0.8300692116611549,-0.8453803129866116,-0.7114277058548415,-0.2788056493287897,-0.59926643194068,-0.2788056493287897,-0.2788056493287897,1.4516825767754173,-0.832561881682136,-0.59926643194068,-0.8085469430341592,-0.8300692116611549,-0.8453803129866116,-0.7114277058548415,-0.2788056493287897,-0.59926643194068,-0.2788056493287897,-0.2788056493287897,-0.8556350580301921,-0.8556350580301921,1.4516825767754173,1.4516825767754173,1.4516825767754173,1.4516825767754173,0.0,-0.832561881682136,1.4516825767754173,-0.7416934464348534,1.4516825767754173,-0.7416934464348534,-0.59926643194068,-0.5143158812838001,1.4516825767754173,1.4516825767754173,-0.7633423526379678,1.4516825767754173,1.4516825767754173,-0.2788056493287897,-0.2788056493287897,-0.2788056493287897,-0.59926643194068,-0.7114277058548415,-0.4864642364612945,0.16983944632785655,1.4516825767754173,-0.6986153324101507,-0.8556350580301921,0.7466688550292592,1.4516825767754173,-0.832561881682136,-0.6672825980460608,1.4516825767754173,1.4516825767754173,-0.7300144312463311,-0.8172197800313474,-0.7949605256320899,-0.6110519015013118,-0.8109009715358036,-0.824038698386521,-0.8351965350367584,-0.8458213251789396,-0.8311846765194926,-0.843863029281184,1.4516825767754173,0.0,-0.7236948719189072,-0.3179011027128324,-0.59926643194068,-0.2788056493287897,0.0,-0.7114277058548415,-0.8556350580301921,-0.791542901507814,0.0,-0.7633423526379678,-0.3998686116488372,-0.4550590797653293,0.045660893065749136,0.4422311115479633,-0.4864642364612945,-0.8556350580301921,-0.791542901507814,-0.2788056493287897,-0.7114277058548415,-0.59926643194068,-0.8556350580301921,1.4516825767754173,0.16983944632785655,1.4516825767754173,0.16983944632785655,1.4516825767754173,0.16983944632785655,-0.6672825980460608,-0.2788056493287897,-0.8556350580301921,1.4516825767754173,1.4516825767754173,1.4516825767754173,1.4516825767754173,-0.8085469430341592,-0.59926643194068,0.0,-0.59926643194068,1.4516825767754173,-0.8085469430341592,-0.59926643194068,0.0,-0.59926643194068,1.4516825767754173,-0.7114277058548415,1.4516825767754173,0.0,-0.59926643194068,0.0,-0.59926643194068,1.4516825767754173,-0.8195832199863545,-0.59926643194068,0.0,-0.59926643194068,1.4516825767754173,-0.6479764708976872,1.4516825767754173,-0.8146160778558702,-0.59926643194068,0.0,-0.59926643194068,1.4516825767754173,-0.791542901507814,-0.59926643194068,0.0,-0.59926643194068,1.4516825767754173,-0.7793600948961223,-0.59926643194068,0.0,-0.59926643194068,1.4516825767754173,-0.791542901507814,-0.59926643194068,0.0,-0.59926643194068,1.4516825767754173,-0.7793600948961223,-0.8271496551313574,-0.59926643194068,-0.8271496551313574,-0.59926643194068,-0.8365663172466746,1.4516825767754173,-0.8556350580301921,-0.8419822909603365,-0.791542901507814,1.4516825767754173,-0.8556350580301921,-0.59926643194068,-0.59926643194068,-0.8010239897507694,-0.8365663172466746,1.4516825767754173,-0.8556350580301921,-0.8419822909603365,1.4516825767754173,1.4516825767754173,1.4516825767754173,1.4516825767754173,1.4516825767754173,1.4516825767754173,1.4516825767754173,1.4516825767754173,1.4516825767754173,1.4516825767754173,1.4516825767754173,-0.8556350580301921,-0.6371907849125014,-0.8556350580301921,-0.4864642364612945,-0.8556350580301921,-0.791542901507814,-0.8556350580301921,-0.3446719831943478,-0.8556350580301921,-0.59926643194068,1.4516825767754173,-0.7633423526379678,1.4516825767754173,-0.2788056493287897,1.4516825767754173,-0.8010239897507694,0.7466688550292592,-0.2788056493287897,1.4516825767754173,-0.2788056493287897,1.4516825767754173,-0.2788056493287897,1.4516825767754173,-0.7793600948961223,1.4516825767754173,-0.2788056493287897,1.4516825767754173,-0.8466220985192328,-0.8556350580301921,1.4516825767754173,-0.7633423526379678,-0.791542901507814,-0.7114277058548415,1.4516825767754173,1.4516825767754173,-0.59926643194068,-0.8556350580301921,-0.02500070950017269,0.4422311115479633,0.16983944632785655,1.4516825767754173,0.6210482282453983,0.6210482282453983,0.4422311115479633,0.4422311115479633,1.4516825767754173,-0.59926643194068,1.4516825767754173,0.4422311115479633
1.4965912411460476,1.4965912411460476,1.4965912411460476,1.4965912411460476,-0.6897800420511516,1.4965912411460476,1.4965912411460476,1.4965912411460476,1.4965912411460476,1.4965912411460476,-0.10114161965190568,1.4965912411460476,1.4965912411460476,1.4965912411460476,1.4965912411460476,1.4965912411460476,0.1839801161977291,1.4965912411460476,1.4965912411460476,1.4965912411460476,-0.49006343445140743,1.4965912411460476,1.4965912411460476,1.4965912411460476,1.4965912411460476,1.4965912411460476,1.4965912411460476,1.4965912411460476,1.4965912411460476,1.4965912411460476,1.4965912411460476,1.4965912411460476,1.4965912411460476,1.4965912411460476,1.4965912411460476,1.4965912411460476,1.4965912411460476,1.4965912411460476,1.4965912411460476,1.4965912411460476,1.4965912411460476,1.4965912411460476,1.4965912411460476,1.4965912411460476,1.4965912411460476,1.4965912411460476,1.4965912411460476,1.4965912411460476,1.4965912411460476,1.4965912411460476,1.4965912411460476,1.4965912411460476,1.4965912411460476,1.4965912411460476,1.4965912411460476,1.4965912411460476,1.4965912411460476,1.4965912411460476,1.4965912411460476,1.4965912411460476,1.4965912411460476,1.4965912411460476,-0.10114161965190568,-0.10114161965190568,1.4965912411460476,1.4965912411460476,1.4965912411460476,1.4965912411460476,1.4965912411460476,1.4965912411460476,1.4965912411460476,1.4965912411460476,-0.10114161965190568,1.4965912411460476,1.4965912411460476,1.4965912411460476,1.4965912411460476,1.4965912411460476,1.4965912411460476,1.4965912411460476,1.4965912411460476,1.4965912411460476,1.4965912411460476,-0.10114161965190568,1.4965912411460476,1.4965912411460476,1.4965912411460476,1.4965912411460476,1.4965912411460476,1.4965912411460476,1.4965912411460476,1.4965912411460476,1.4965912411460476,-0.10114161965190568,1.4965912411460476,1.4965912411460476,1.4965912411460476,1.4965912411460476,1.4965912411460476,1.4965912411460476,-0.10114161965190568,1.4965912411460476,1.4965912411460476,1.4965912411460476,1.4965912411460476,1.4965912411460476,1.4965912411460476,-0.49006343445140743,1.4965912411460476,1.4965912411460476,1.4965912411460476,1.4965912411460476,1.4965912411460476,1.4965912411460476,1.4965912411460476,1.4965912411460476,1.4965912411460476,-0.10114161965190568,-0.10114161965190568,1.4965912411460476,1.4965912411460476,1.4965912411460476,1.4965912411460476,1.4965912411460476,1.4965912411460476,1.4965912411460476,1.4965912411460476,1.4965912411460476,1.4965912411460476,1.4965912411460476,1.4965912411460476,1.4965912411460476,1.4965912411460476,1.4965912411460476,1.4965912411460476,1.4965912411460476,1.4965912411460476,1.4965912411460476,1.4965912411460476,1.4965912411460476,1.4965912411460476,1.4965912411460476,1.4965912411460476,1.4965912411460476,1.4965912411460476,1.4965912411460476,1.4965912411460476,1.4965912411460476,1.4965912411460476,1.4965912411460476,1.4965912411460476,1.4965912411460476,1.4965912411460476,1.4965912411460476,1.4965912411460476,1.4965912411460476,-0.7738712452510439,-0.2834513481892721,-0.10114161965190568,1.4965912411460476,0.1839801161977291,0.1839801161977291,1.4965912411460476,-0.10114161965190568,-0.10114161965190568,0.1839801161977291,-0.10114161965190568,-0.10114161965190568,-0.10114161965190568,-0.10114161965190568,1.4965912411460476,1.4965912411460476,1.4965912411460476,-0.7738712452510439,-0.6897800420511516,-0.7672518210924518,-0.7712230895590805,-0.7731985156254447,-0.7383952689010893,-0.49006343445140743,-0.6897800420511516,-0.49006343445140743,-0.49006343445140743,1.4965912411460476,-0.7716007827646468,-0.6897800420511516,-0.7672518210924518,-0.7712230895590805,-0.7731985156254447,-0.7383952689010893,-0.49006343445140743,-0.6897800420511516,-0.49006343445140743,-0.49006343445140743,-0.7738712452510439,-0.7738712452510439,1.4965912411460476,1.4965912411460476,1.4965912411460476,1.4965912411460476,0.0,-0.7716007827646468,1.4965912411460476,-0.7489553331918166,1.4965912411460476,-0.7489553331918166,-0.6897800420511516,-0.6446915407450645,1.4965912411460476,1.4965912411460476,-0.7557075453598672,1.4965912411460476,1.4965912411460476,-0.49006343445140743,-0.49006343445140743,-0.49006343445140743,-0.6897800420511516,-0.7383952689010893,-0.62856164612163,-0.10114161965190568,1.4965912411460476,-0.7335638648728264,-0.7738712452510439,0.5400538047472733,1.4965912411460476,-0.7716007827646468,-0.720915851982307,1.4965912411460476,1.4965912411460476,-0.7450279625534808,-0.7689936110954461,-0.764189293598392,-0.6955114899757395,-0.7677419419517217,-0.7702328588032017,-0.7719783459340721,-0.7732414424326343,-0.7713944978689893,-0.7730438172312198,1.4965912411460476,0.0,-0.7428242989064794,-0.5184221057753122,-0.6897800420511516,-0.49006343445140743,0.0,-0.7383952689010893,-0.7738712452510439,-0.7633598448510573,0.0,-0.7557075453598672,-0.5745439487772251,-0.6096306140012543,-0.21955911478300397,0.1839801161977291,-0.62856164612163,-0.7738712452510439,-0.7633598448510573,-0.49006343445140743,-0.7383952689010893,-0.6897800420511516,-0.7738712452510439,1.4965912411460476,-0.10114161965190568,1.4965912411460476,-0.10114161965190568,1.4965912411460476,-0.10114161965190568,-0.720915851982307,-0.49006343445140743,-0.7738712452510439,1.4965912411460476,1.4965912411460476,1.4965912411460476,1.4965912411460476,-0.7672518210924518,-0.6897800420511516,0.0,-0.6897800420511516,1.4965912411460476,-0.7672518210924518,-0.6897800420511516,0.0,-0.6897800420511516,1.4965912411460476,-0.7383952689010893,1.4965912411460476,0.0,-0.6897800420511516,0.0,-0.6897800420511516,1.4965912411460476,-0.7694367482072996,-0.6897800420511516,0.0,-0.6897800420511516,1.4965912411460476,-0.7125687581183223,1.4965912411460476,-0.7684894082462508,-0.6897800420511516,0.0,-0.6897800420511516,1.4965912411460476,-0.7633598448510573,-0.6897800420511516,0.0,-0.6897800420511516,1.4965912411460476,-0.7602245886836685,-0.6897800420511516,0.0,-0.6897800420511516,1.4965912411460476,-0.7633598448510573,-0.6897800420511516,0.0,-0.6897800420511516,1.4965912411460476,-0.7602245886836685,-0.7707567562436405,-0.6897800420511516,-0.7707567562436405,-0.6897800420511516,-0.772165413180122,1.4965912411460476,-0.7738712452510439,-0.7728378076149961,-0.7633598448510573,1.4965912411460476,-0.7738712452510439,-0.6897800420511516,-0.6897800420511516,-0.7656037441626612,-0.772165413180122,1.4965912411460476,-0.7738712452510439,-0.7728378076149961,1.4965912411460476,1.4965912411460476,1.4965912411460476,1.4965912411460476,1.4965912411460476,1.4965912411460476,1.4965912411460476,1.4965912411460476,1.4965912411460476,1.4965912411460476,1.4965912411460476,-0.7738712452510439,-0.7077312365439825,-0.7738712452510439,-0.62856164612163,-0.7738712452510439,-0.7633598448510573,-0.7738712452510439,-0.537258830629568,-0.7738712452510439,-0.6897800420511516,1.4965912411460476,-0.7557075453598672,1.4965912411460476,-0.49006343445140743,1.4965912411460476,-0.7656037441626612,0.5400538047472733,-0.49006343445140743,1.4965912411460476,-0.49006343445140743,1.4965912411460476,-0.49006343445140743,1.4965912411460476,-0.7602245886836685,1.4965912411460476,-0.49006343445140743,1.4965912411460476,-0.7733169331205758,-0.7738712452510439,1.4965912411460476,-0.7557075453598672,-0.7633598448510573,-0.7383952689010893,1.4965912411460476,1.4965912411460476,-0.6897800420511516,-0.7738712452510439,-0.2834513481892721,0.1839801161977291,-0.10114161965190568,1.4965912411460476,0.38860554778426726,0.38860554778426726,0.1839801161977291,0.1839801161977291,1.4965912411460476,-0.6897800420511516,1.4965912411460476,0.1839801161977291
-1.0,-1.0,-1.0,-1.0,-1.0,-1.0,-1.0,-1.0,-1.0,-1.0,-1.0,-1.0,-1.0,-1.0,-1.0,-1.0,-1.0,-1.0,-1.0,-1.0,-1.0,-1.0,-1.0,-1.0,-1.0,-1.0,-1.0,-1.0,-1.0,-1.0,-1.0,-1.0,-1.0,-1.0,-1.0,-1.0,-1.0,-1.0,-1.0,-1.0,-1.0,-1.0,-1.0,-1.0,-1.0,-1.0,-1.0,-1.0,-1.0,-1.0,-1.0,-1.0,-1.0,-1.0,-1.0,-1.0,-1.0,-1.0,-1.0,-1.0,-1.0,-1.0,-1.0,-1.0,-1.0,-1.0,-1.0,-1.0,-1.0,-1.0,-1.0,-1.0,-1.0,-1.0,-1.0,-1.0,-1.0,-1.0,-1.0,-1.0,-1.0,-1.0,-1.0,-1.0,-1.0,-1.0,-1.0,-1.0,-1.0,-1.0,-1.0,-1.0,-1.0,-1.0,-1.0,-1.0,-1.0,-1.0,-1.0,-1.0,-1.0,-1.0,-1.0,-1.0,-1.0,-1.0,-1.0,-1.0,-1.0,-1.0,-1.0,-1.0,-1.0,-1.0,-1.0,-1.0,-1.0,-1.0,-1.0,-1.0,-1.0,-1.0,-1.0,-1.0,-1.0,-1.0,-1.0,-1.0,-1.0,-1.0,-1.0,-1.0,-1.0,-1.0,-1.0,-1.0,-1.0,-1.0,-1.0,-1.0,-1.0,-1.0,-1.0,-1.0,-1.0,-1.0,-1.0,-1.0,-1.0,-1.0,-1.0,-1.0,-1.0,-1.0,-1.0,-1.0,-1.0,-1.0,-1.0,-1.0,-1.0,-1.0,-1.0,-1.0,-1.0,-1.0,-1.0,-1.0,-1.0,-1.0,-1.0,-1.0,-1.0,-1.0,-1.0,-1.0,-1.0,-1.0,-1.0,-1.0,-1.0,-1.0,-1.0,-1.0,-1.0,-1.0,-1.0,-1.0,-1.0,-1.0,-1.0,-1.0,-1.0,-1.0,-1.0,-1.0,-1.0,-1.0,-1.0,-1.0,-1.0,-1.0,-1.0,-1.0,-1.0,-1.0,-1.0,-1.0,-1.0,-1.0,-1.0,-1.0,1.0,-1.0,-1.0,-1.0,-1.0,-1.0,-1.0,-1.0,-1.0,-1.0,-1.0,-1.0,-1.0,-1.0,-1.0,-1.0,-1.0,-1.0,-1.0,-1.0,-1.0,-1.0,-1.0,-1.0,-1.0,-1.0,-1.0,-1.0,-1.0,-1.0,-1.0,-1.0,1.0,-1.0,-1.0,-1.0,-1.0,-1.0,-1.0,-1.0,-1.0,-1.0,-1.0,-1.0,-1.0,-1.0,-1.0,-1.0,-1.0,-1.0,-1.0,-1.0,-1.0,-1.0,-1.0,-1.0,-1.0,-1.0,-1.0,-1.0,-1.0,-1.0,-1.0,-1.0,-1.0,-1.0,-1.0,-1.0,-1.0,-1.0,-1.0,-1.0,-1.0,-1.0,-1.0,-1.0,-1.0,-1.0,-1.0,-1.0,-1.0,-1.0,-1.0,-1.0,-1.0,-1.0,-1.0,-1.0,-1.0,-1.0,-1.0,-1.0,-1.0,-1.0,-1.0,-1.0,-1.0,-1.0,-1.0,-1.0,-1.0,-1.0,-1.0,-1.0,-1.0,-1.0,-1.0,-1.0,-1.0,-1.0,-1.0,-1.0,-1.0,-1.0,-1.0,-1.0,-1.0,-1.0,-1.0,-1.0,-1.0,-1.0,-1.0,-1.0,-1.0,-1.0,-1.0,-1.0,-1.0,-1.0,-1.0,-1.0,-1.0,-1.0,-1.0,-1.0,-1.0,-1.0,-1.0,-1.0,-1.0,-1.0,-1.0,-1.0,-1.0,-1.0,-1.0,-1.0,-1.0,-1.0,-1.0,-1.0,-1.0,-1.0,-1.0,-1.0,-1.0,-1.0,-1.0,-1.0,-1.0,-1.0,-1.0,-1.0,-1.0,-1.0,-1.0,-1.0,-1.0,-1.0,-1.0,-1.0,-1.0,-1.0,-1.0,-1.0,-1.0,-1.0,-1.0,-1.0,-1.0,-1.0,-1.0,-1.0,-1.0,-1.0
1.0,1.0,1.0,1.0,1.0,1.0,1.0,1.0,1.0,1.0,1.0,1.0,1.0,1.0,1.0,1.0,1.0,1.0,1.0,1.0,1.0,1.0,1.0,1.0,1.0,1.0,1.0,1.0,1.0,1.0,1.0,1.0,1.0,1.0,1.0,1.0,1.0,1.0,1.0,1.0,1.0,1.0,1.0,1.0,1.0,1.0,1.0,1.0,1.0,1.0,1.0,1.0,1.0,1.0,1.0,1.0,1.0,1.0,1.0,1.0,1.0,1.0,1.0,1.0,1.0,1.0,1.0,1.0,1.0,1.0,1.0,1.0,1.0,1.0,1.0,1.0,1.0,1.0,1.0,1.0,1.0,1.0,1.0,1.0,1.0,1.0,1.0,1.0,1.0,1.0,1.0,1.0,1.0,1.0,1.0,1.0,1.0,1.0,1.0,1.0,1.0,1.0,1.0,1.0,1.0,1.0,1.0,1.0,1.0,1.0,1.0,1.0,1.0,1.0,1.0,1.0,1.0,1.0,1.0,1.0,1.0,1.0,1.0,1.0,1.0,1.0,1.0,1.0,1.0,1.0,1.0,1.0,1.0,1.0,1.0,1.0,1.0,1.0,1.0,1.0,1.0,1.0,1.0,1.0,1.0,1.0,1.0,1.0,1.0,1.0,1.0,1.0,1.0,1.0,1.0,1.0,1.0,1.0,1.0,1.0,1.0,1.0,1.0,1.0,1.0,1.0,1.0,1.0,1.0,1.0,1.0,1.0,1.0,1.0,1.0,1.0,1.0,1.0,1.0,1.0,1.0,1.0,1.0,1.0,1.0,1.0,1.0,1.0,1.0,1.0,1.0,1.0,1.0,1.0,1.0,1.0,1.0,1.0,1.0,1.0,1.0,1.0,1.0,1.0,1.0,1.0,1.0,1.0,1.0,1.0,1.0,1.0,1.0,1.0,1.0,1.0,1.0,1.0,1.0,1.0,1.0,1.0,1.0,1.0,1.0,1.0,1.0,1.0,1.0,1.0,1.0,1.0,1.0,1.0,1.0,1.0,1.0,1.0,1.0,1.0,1.0,1.0,1.0,1.0,1.0,1.0,1.0,1.0,1.0,1.0,1.0,1.0,1.0,1.0,1.0,1.0,1.0,1.0,1.0,1.0,1.0,1.0,1.0,1.0,1.0,1.0,1.0,1.0,1.0,1.0,1.0,1.0,1.0,1.0,1.0,1.0,1.0,1.0,1.0,1.0,1.0,1.0,1.0,1.0,1.0,1.0,1.0,1.0,1.0,1.0,1.0,1.0,1.0,1.0,1.0,1.0,1.0,1.0,1.0,1.0,1.0,1.0,1.0,1.0,1.0,1.0,1.0,1.0,1.0,1.0,1.0,1.0,1.0,1.0,1.0,1.0,1.0,1.0,1.0,1.0,1.0,1.0,1.0,1.0,1.0,1.0,1.0,1.0,1.0,1.0,1.0,1.0,1.0,1.0,1.0,1.0,1.0,1.0,1.0,1.0,1.0,1.0,1.0,1.0,1.0,1.0,1.0,1.0,1.0,1.0,1.0,1.0,1.0,1.0,1.0,1.0,1.0,1.0,1.0,1.0,1.0,1.0,1.0,1.0,1.0,1.0,1.0,1.0,1.0,1.0,1.0,1.0,1.0,1.0,1.0,1.0,1.0,1.0,1.0,1.0,1.0,1.0,1.0,1.0,1.0,1.0,1.0,1.0,1.0,1.0,1.0,1.0,1.0,1.0,1.0,1.0,1.0,1.0
0.0,0.0,0.0,0.0,0.0,0.0,0.0,0.0,0.0,0.0,0.0,0.0,0.0,0.0,0.0,0.0,0.0,0.0,0.0,0.0,0.0,0.0,0.0,0.0,0.0,0.0,0.0,0.0,0.0,0.0,0.0,0.0,0.0,0.0,0.0,0.0,0.0,0.0,0.0,0.0,0.0,0.0,0.0,0.0,0.0,0.0,0.0,0.0,0.0,0.0,0.0,0.0,0.0,0.0,0.0,0.0,0.0,0.0,0.0,0.0,0.0,0.0,0.0,0.0,0.0,0.0,0.0,0.0,0.0,0.0,0.0,0.0,0.0,0.0,0.0,0.0,0.0,0.0,0.0,0.0,0.0,0.0,0.0,0.0,0.0,0.0,0.0,0.0,0.0,0.0,0.0,0.0,0.0,0.0,0.0,0.0,0.0,0.0,0.0,0.0,0.0,0.0,0.0,0.0,0.0,0.0,0.0,0.0,0.0,0.0,0.0,0.0,0.0,0.0,0.0,0.0,0.0,0.0,0.0,0.0,0.0,0.0,0.0,0.0,0.0,0.0,0.0,0.0,0.0,0.0,0.0,0.0,0.0,0.0,0.0,0.0,0.0,0.0,0.0,0.0,0.0,0.0,0.0,0.0,0.0,0.0,0.0,0.0,0.0,0.0,0.0,0.0,0.0,0.0,0.0,0.0,0.0,0.0,0.0,0.0,0.0,0.0,0.0,0.0,0.0,0.0,0.0,0.0,0.0,0.0,0.0,0.0,0.0,0.0,0.0,0.0,0.0,0.0,0.0,0.0,0.0,0.0,0.0,0.0,0.0,0.0,0.0,0.0,0.0,0.0,0.0,0.0,0.0,0.0,0.0,0.0,0.0,0.0,0.0,0.0,0.0,0.0,0.0,0.0,0.0,0.0,0.0,0.0,0.0,0.0,0.0,0.0,0.0,0.0,0.0,0.0,0.0,0.0,0.0,0.0,0.0,0.0,0.0,0.0,0.0,0.0,0.0,0.0,0.0,0.0,0.0,0.0,0.0,0.0,0.0,0.0,0.0,0.0,0.0,0.0,0.0,0.0,0.0,0.0,0.0,0.0,0.0,0.0,0.0,0.0,0.0,0.0,0.0,0.0,0.0,0.0,0.0,0.0,0.0,0.0,0.0,0.0,0.0,0.0,0.0,0.0,0.0,0.0,0.0,0.0,0.0,0.0,0.0,0.0,0.0,0.0,0.0,0.0,0.0,0.0,0.0,0.0,0.0,0.0,0.0,0.0,0.0,0.0,0.0,0.0,0.0,0.0,0.0,0.0,0.0,0.0,0.0,0.0,0.0,0.0,0.0,0.0,0.0,0.0,0.0,0.0,0.0,0.0,0.0,0.0,0.0,0.0,0.0,0.0,0.0,0.0,0.0,0.0,0.0,0.0,0.0,0.0,0.0,0.0,0.0,0.0,0.0,0.0,0.0,0.0,0.0,0.0,0.0,0.0,0.0,0.0,0.0,0.0,0.0,0.0,0.0,0.0,0.0,0.0,0.0,0.0,0.0,0.0,0.0,0.0,0.0,0.0,0.0,0.0,0.0,0.0,0.0,0.0,0.0,0.0,0.0,0.0,0.0,0.0,0.0,0.0,0.0,0.0,0.0,0.0,0.0,0.0,0.0,0.0,0.0,0.0,0.0,0.0,0.0,0.0,0.0,0.0,0.0,0.0,0.0,0.0,0.0,0.0,0.0,0.0,0.0,0.0,0.0,0.0,0.0,0.0,0.0,1.0
1.0,1.0,1.0,1.0,1.0,1.0,1.0,1.0,1.0,1.0,1.0,1.0,1.0,1.0,1.0,1.0,1.0,1.0,1.0,1.0,1.0,1.0,1.0,1.0,1.0,1.0,1.0,1.0,1.0,1.0,1.0,1.0,1.0,1.0,1.0,1.0,1.0,1.0,1.0,1.0,1.0,1.0,1.0,1.0,1.0,1.0,1.0,1.0,1.0,1.0,1.0,1.0,1.0,1.0,1.0,1.0,1.0,1.0,1.0,1.0,1.0,1.0,1.0,1.0,1.0,1.0,1.0,1.0,1.0,1.0,1.0,1.0,1.0,1.0,1.0,1.0,1.0,1.0,1.0,1.0,1.0,1.0,1.0,1.0,1.0,1.0,1.0,1.0,1.0,1.0,1.0,1.0,1.0,1.0,1.0,1.0,1.0,1.0,1.0,1.0,1.0,1.0,1.0,1.0,1.0,1.0,1.0,1.0,1.0,1.0,1.0,1.0,1.0,1.0,1.0,1.0,1.0,1.0,1.0,1.0,1.0,1.0,1.0,1.0,1.0,1.0,1.0,1.0,1.0,1.0,1.0,1.0,1.0,1.0,1.0,1.0,1.0,1.0,1.0,1.0,1.0,1.0,1.0,1.0,1.0,1.0,1.0,1.0,1.0,1.0,1.0,1.0,1.0,1.0,1.0,1.0,1.0,1.0,1.0,1.0,1.0,1.0,1.0,1.0,1.0,1.0,1.0,1.0,1.0,1.0,0.38888888888888884,0.38888888888888884,1.0,1.0,-0.8729096989966555,-1.0,-1.0,-1.0,-1.0,-0.5172413793103448,-0.5172413793103448,-0.07317073170731703,-0.07317073170731703,-0.728813559322034,-0.728813559322034,-0.8729096989966555,-1.0,-1.0,-1.0,-1.0,-0.5172413793103448,-0.5172413793103448,-0.07317073170731703,-0.07317073170731703,-1.0,-1.0,-1.0,-1.0,-1.0,-1.0,-1.0,-1.0,-1.0,-1.0,-0.9130434782608696,-0.91,-1.0,-1.0,-1.0,-0.91,-0.9564164648910412,0.75,0.75,0.17647058823529416,0.17647058823529416,0.17647058823529416,-0.8184741825978202,-0.7011494252873562,-0.7011494252873562,-0.7011494252873562,-0.7011494252873562,-0.7011494252873562,-0.7011494252873562,-0.7011494252873562,-0.7011494252873562,-0.7011494252873562,-0.7623762376237624,-0.7623762376237624,-0.7115384615384616,-0.8184741825978202,-0.8184741825978202,-0.8184741825978202,-0.8184741825978202,-0.8184741825978202,-0.8184741825978202,-0.8184741825978202,-0.8184741825978202,-0.8184741825978202,-0.8859649122807017,-0.8859649122807017,-0.8859649122807017,-0.8184741825978202,-0.8184741825978202,0.653061224489796,0.653061224489796,0.653061224489796,0.653061224489796,0.653061224489796,0.653061224489796,0.6363636363636365,0.8495297805642634,0.8495297805642634,0.8495297805642634,0.8495297805642634,0.8495297805642634,0.8495297805642634,-0.5581395348837209,-1.0,-1.0,0.11764705882352944,0.11764705882352944,-1.0,-1.0,1.0,1.0,1.0,1.0,1.0,-0.6952380952380952,-0.6952380952380952,-1.0,-1.0,0.3600000000000001,0.3600000000000001,-0.5733333333333333,-0.5733333333333333,0.9393939393939394,0.9393939393939394,0.9393939393939394,-0.632183908045977,-0.632183908045977,0.9393939393939394,0.9393939393939394,0.9393939393939394,-0.25,-0.5844155844155844,-0.5844155844155844,-0.5844155844155844,0.9393939393939394,0.9393939393939394,0.9393939393939394,-0.6483516483516483,-0.6483516483516483,0.9393939393939394,0.9393939393939394,0.9393939393939394,-1.0,-1.0,-0.6235294117647059,-0.6235294117647059,0.9393939393939394,0.9393939393939394,0.9393939393939394,-0.576158940397351,-0.576158940397351,0.9393939393939394,0.9393939393939394,0.9393939393939394,-0.5616438356164384,-0.5616438356164384,0.9393939393939394,0.9393939393939394,0.9393939393939394,-0.7333333333333334,-0.7333333333333334,0.9393939393939394,0.9393939393939394,0.9393939393939394,-1.0,-1.0,-0.5555555555555556,-0.5555555555555556,-0.5789473684210527,-0.5789473684210527,-1.0,-1.0,-1.0,-1.0,-1.0,-1.0,-1.0,-0.8691588785046729,-0.8691588785046729,-0.8691588785046729,-1.0,-1.0,-1.0,-1.0,-1.0,-1.0,-1.0,-1.0,1.0,1.0,1.0,1.0,1.0,1.0,0.9461077844311376,1.0,1.0,1.0,1.0,1.0,1.0,1.0,1.0,1.0,1.0,-1.0,-1.0,1.0,1.0,1.0,1.0,1.0,1.0,1.0,1.0,1.0,1.0,1.0,1.0,1.0,1.0,1.0,1.0,-0.7164179104477613,-1.0,-1.0,-1.0,-1.0,-1.0,-1.0,-0.7164179104477613,0.7168949771689497,0.7168949771689497,0.7168949771689497,0.7168949771689497,0.7168949771689497,0.7168949771689497,0.7168949771689497,0.7168949771689497,0.7168949771689497,0.7168949771689497,-1.0,-1.0,-0.373682092555332
0.5719650796632643,0.04722599305560278,0.04722599305560278,0.04722599305560278,0.04722599305560278,0.04722599305560278,0.04722599305560278,0.04722599305560278,0.04722599305560278,0.04722599305560278,0.04722599305560278,0.04722599305560278,0.04722599305560278,0.04722599305560278,0.04722599305560278,0.04722599305560278,0.04722599305560278,0.04722599305560278,0.04722599305560278,0.04722599305560278,0.04722599305560278,0.04722599305560278,0.04722599305560278,0.04722599305560278,0.04722599305560278,0.04722599305560278,0.04722599305560278,0.04722599305560278,0.04722599305560278,0.04722599305560278,0.04722599305560278,0.04722599305560278,0.04722599305560278,0.04722599305560278,0.04722599305560278,0.04722599305560278,0.04722599305560278,0.04722599305560278,0.04722599305560278,0.04722599305560278,0.04722599305560278,0.04722599305560278,0.04722599305560278,0.04722599305560278,0.04722599305560278,0.04722599305560278,0.04722599305560278,0.04722599305560278,0.04722599305560278,0.04722599305560278,0.04722599305560278,0.04722599305560278,0.5719650796632643,1.0967041662709258,1.0967041662709258,1.0967041662709258,1.0967041662709258,1.0967041662709258,1.0967041662709258,1.0967041662709258,1.0967041662709258,0.5719650796632643,0.5719650796632643,0.5719650796632643,0.5719650796632643,0.5719650796632643,0.5719650796632643,0.5719650796632643,0.5719650796632643,0.5719650796632643,0.5719650796632643,0.5719650796632643,0.5719650796632643,0.5719650796632643,0.5719650796632643,0.5719650796632643,0.5719650796632643,0.5719650796632643,0.5719650796632643,0.5719650796632643,0.5719650796632643,0.5719650796632643,0.5719650796632643,0.5719650796632643,0.5719650796632643,0.5719650796632643,0.5719650796632643,0.5719650796632643,-0.4775130935520587,-0.4775130935520587,-0.4775130935520587,-0.4775130935520587,0.04722599305560278,0.04722599305560278,0.04722599305560278,0.04722599305560278,0.04722599305560278,0.04722599305560278,0.04722599305560278,0.04722599305560278,0.04722599305560278,0.04722599305560278,0.04722599305560278,0.04722599305560278,0.04722599305560278,0.04722599305560278,0.04722599305560278,0.04722599305560278,0.04722599305560278,0.04722599305560278,0.04722599305560278,0.04722599305560278,0.04722599305560278,0.04722599305560278,0.04722599305560278,0.04722599305560278,0.04722599305560278,0.04722599305560278,0.04722599305560278,0.04722599305560278,0.04722599305560278,0.04722599305560278,0.04722599305560278,0.5719650796632643,0.5719650796632643,0.5719650796632643,0.5719650796632643,0.5719650796632643,0.5719650796632643,0.5719650796632643,0.5719650796632643,0.5719650796632643,0.5719650796632643,0.5719650796632643,0.5719650796632643,0.5719650796632643,0.5719650796632643,0.5719650796632643,0.5719650796632643,0.5719650796632643,0.5719650796632643,0.04722599305560278,0.04722599305560278,0.04722599305560278,0.04722599305560278,0.04722599305560278,0.04722599305560278,0.04722599305560278,0.04722599305560278,0.04722599305560278,0.04722599305560278,0.04722599305560278,0.04722599305560278,0.04722599305560278,0.04722599305560278,0.04722599305560278,0.04722599305560278,0.04722599305560278,0.04722599305560278,0.04722599305560278,0.04722599305560278,0.04722599305560278,0.04722599305560278,-0.4775130935520587,-0.4775130935520587,-0.4775130935520587,-0.4775130935520587,-0.4775130935520587,-0.4775130935520587,-0.4775130935520587,-0.4775130935520587,-0.4775130935520587,-1.0022521801597202,-1.0022521801597202,-0.4775130935520587,-1.0022521801597202,-1.0022521801597202,-1.0022521801597202,-1.0022521801597202,0.04722599305560278,0.04722599305560278,-1.0022521801597202,-1.0022521801597202,-0.4775130935520587,-0.4775130935520587,-0.4775130935520587,-1.0022521801597202,-1.0022521801597202,-1.0022521801597202,-1.0022521801597202,0.04722599305560278,0.04722599305560278,-1.0022521801597202,-1.0022521801597202,-1.0022521801597202,-1.0022521801597202,0.04722599305560278,0.04722599305560278,0.04722599305560278,-1.0022521801597202,-1.0022521801597202,0.04722599305560278,0.04722599305560278,0.04722599305560278,0.04722599305560278,0.04722599305560278,-0.4775130935520587,-0.4775130935520587,-0.4775130935520587,0.04722599305560278,0.04722599305560278,0.04722599305560278,0.04722599305560278,0.04722599305560278,0.04722599305560278,0.04722599305560278,-0.4775130935520587,0.04722599305560278,0.04722599305560278,0.04722599305560278,0.04722599305560278,0.04722599305560278,0.04722599305560278,0.04722599305560278,0.04722599305560278,0.04722599305560278,0.04722599305560278,0.04722599305560278,0.04722599305560278,-0.4775130935520587,-0.4775130935520587,-0.4775130935520587,-0.4775130935520587,-0.4775130935520587,-0.4775130935520587,-0.4775130935520587,-0.4775130935520587,-0.4775130935520587,0.04722599305560278,0.04722599305560278,0.04722599305560278,-0.4775130935520587,-0.4775130935520587,-0.4775130935520587,-0.4775130935520587,-0.4775130935520587,-0.4775130935520587,-0.4775130935520587,-0.4775130935520587,-0.4775130935520587,-0.4775130935520587,-0.4775130935520587,-0.4775130935520587,-0.4775130935520587,-0.4775130935520587,-0.4775130935520587,-0.4775130935520587,-0.4775130935520587,-0.4775130935520587,-0.4775130935520587,-0.4775130935520587,-1.0022521801597202,-1.0022521801597202,0.04722599305560278,0.04722599305560278,-0.4775130935520587,-0.4775130935520587,-0.4775130935520587,0.04722599305560278,0.04722599305560278,0.04722599305560278,0.04722599305560278,1.6214432528785871,1.6214432528785871,0.04722599305560278,0.04722599305560278,-0.4775130935520587,-0.4775130935520587,-0.4775130935520587,0.5719650796632643,0.5719650796632643,-0.4775130935520587,-0.4775130935520587,-0.4775130935520587,0.04722599305560278,0.5719650796632643,0.5719650796632643,0.5719650796632643,-0.4775130935520587,-0.4775130935520587,-0.4775130935520587,0.5719650796632643,0.5719650796632643,-0.4775130935520587,-0.4775130935520587,-0.4775130935520587,0.04722599305560278,0.04722599305560278,0.5719650796632643,0.5719650796632643,-0.4775130935520587,-0.4775130935520587,-0.4775130935520587,0.5719650796632643,0.5719650796632643,-0.4775130935520587,-0.4775130935520587,-0.4775130935520587,0.5719650796632643,0.5719650796632643,-0.4775130935520587,-0.4775130935520587,-0.4775130935520587,0.04722599305560278,0.04722599305560278,-0.4775130935520587,-0.4775130935520587,-0.4775130935520587,0.5719650796632643,0.5719650796632643,-1.0022521801597202,-1.0022521801597202,-1.0022521801597202,-1.0022521801597202,-0.4775130935520587,-0.4775130935520587,-0.4775130935520587,-0.4775130935520587,-0.4775130935520587,-0.4775130935520587,-0.4775130935520587,-0.4775130935520587,-0.4775130935520587,-0.4775130935520587,-0.4775130935520587,-0.4775130935520587,-0.4775130935520587,-0.4775130935520587,0.04722599305560278,0.04722599305560278,0.04722599305560278,0.04722599305560278,1.0967041662709258,1.0967041662709258,1.0967041662709258,1.6214432528785871,1.6214432528785871,1.6214432528785871,-0.4775130935520587,0.5719650796632643,0.5719650796632643,0.5719650796632643,0.5719650796632643,-0.4775130935520587,-0.4775130935520587,-1.0022521801597202,-1.0022521801597202,-0.4775130935520587,-0.4775130935520587,-0.4775130935520587,-0.4775130935520587,-0.4775130935520587,-0.4775130935520587,-0.4775130935520587,-0.4775130935520587,0.04722599305560278,0.04722599305560278,0.04722599305560278,0.04722599305560278,-0.4775130935520587,-0.4775130935520587,-0.4775130935520587,-0.4775130935520587,0.04722599305560278,0.04722599305560278,0.04722599305560278,0.04722599305560278,-0.4775130935520587,0.04722599305560278,0.04722599305560278,0.04722599305560278,-1.0022521801597202,-1.0022521801597202,-1.0022521801597202,-0.4775130935520587,0.04722599305560278,0.04722599305560278,0.04722599305560278,0.04722599305560278,0.04722599305560278,0.04722599305560278,0.04722599305560278,0.04722599305560278,0.04722599305560278,0.04722599305560278,0.04722599305560278,0.04722599305560278,0.04722599305560278
-1.0,-1.0,-1.0,-1.0,1.0,1.0,-1.0,-1.0,-1.0,-1.0,-1.0,-1.0,-1.0,-1.0,-1.0,1.0,1.0,1.0,1.0,1.0,1.0,1.0,1.0,1.0,1.0,1.0,1.0,1.0,1.0,1.0,1.0,1.0,1.0,1.0,1.0,-1.0,-1.0,-1.0,-1.0,-1.0,-1.0,-1.0,-1.0,-1.0,-1.0,-1.0,-1.0,-1.0,-1.0,-1.0,-1.0,-1.0,-1.0,-1.0,-1.0,-1.0,-1.0,-1.0,-1.0,-1.0,-1.0,1.0,1.0,1.0,1.0,1.0,1.0,1.0,1.0,-1.0,-1.0,-1.0,-1.0,-1.0,-1.0,-1.0,-1.0,-1.0,-1.0,-1.0,-1.0,-1.0,-1.0,-1.0,-1.0,-1.0,-1.0,-1.0,-1.0,-1.0,-1.0,-1.0,-1.0,-1.0,-1.0,-1.0,-1.0,-1.0,-1.0,-1.0,-1.0,-1.0,-1.0,-1.0,-1.0,-1.0,-1.0,-1.0,-1.0,-1.0,-1.0,-1.0,-1.0,-1.0,-1.0,-1.0,-1.0,-1.0,-1.0,-1.0,-1.0,-1.0,1.0,-1.0,-1.0,-1.0,-1.0,-1.0,-1.0,-1.0,-1.0,-1.0,-1.0,-1.0,-1.0,-1.0,-1.0,-1.0,-1.0,-1.0,-1.0,1.0,-1.0,-1.0,-1.0,-1.0,1.0,1.0,1.0,1.0,-1.0,-1.0,-1.0,-1.0,-1.0,-1.0,1.0,1.0,1.0,1.0,1.0,1.0,1.0,1.0,1.0,1.0,1.0,1.0,1.0,1.0,-1.0,-1.0,-1.0,-1.0,1.0,1.0,1.0,1.0,1.0,1.0,1.0,1.0,1.0,1.0,1.0,1.0,1.0,1.0,1.0,1.0,1.0,1.0,1.0,1.0,1.0,1.0,-1.0,-1.0,-1.0,-1.0,-1.0,1.0,1.0,1.0,1.0,1.0,1.0,1.0,1.0,1.0,1.0,-1.0,-1.0,-1.0,-1.0,-1.0,1.0,1.0,1.0,1.0,1.0,1.0,1.0,1.0,1.0,1.0,1.0,1.0,1.0,1.0,1.0,1.0,1.0,1.0,1.0,1.0,1.0,1.0,1.0,1.0,1.0,1.0,1.0,1.0,1.0,1.0,1.0,1.0,1.0,1.0,1.0,1.0,1.0,1.0,1.0,1.0,1.0,1.0,1.0,1.0,1.0,-1.0,-1.0,1.0,1.0,1.0,1.0,1.0,1.0,1.0,-1.0,-1.0,-1.0,-1.0,1.0,1.0,1.0,1.0,1.0,1.0,1.0,1.0,1.0,1.0,1.0,1.0,1.0,1.0,1.0,1.0,1.0,1.0,1.0,1.0,1.0,1.0,1.0,1.0,1.0,1.0,1.0,1.0,1.0,1.0,1.0,1.0,1.0,1.0,1.0,1.0,1.0,1.0,1.0,1.0,1.0,1.0,1.0,1.0,1.0,1.0,1.0,1.0,1.0,1.0,1.0,1.0,1.0,1.0,1.0,1.0,1.0,1.0,1.0,1.0,1.0,1.0,1.0,1.0,-1.0,-1.0,-1.0,-1.0,-1.0,-1.0,-1.0,-1.0,-1.0,-1.0,1.0,1.0,1.0,1.0,1.0,-1.0,-1.0,1.0,1.0,1.0,1.0,1.0,1.0,1.0,1.0,1.0,1.0,-1.0,-1.0,-1.0,-1.0,1.0,1.0,1.0,1.0,1.0,1.0,1.0,1.0,1.0,1.0,1.0,1.0,-1.0,-1.0,-1.0,1.0,1.0,1.0,1.0,1.0,1.0,1.0,1.0,1.0,1.0,1.0,-1.0,-1.0,1.0
-2.446043165467626,-2.446043165467626,-2.446043165467626,-2.446043165467626,-2.3430475376320277,-2.3430475376320277,-2.446043165467626,-2.446043165467626,-2.446043165467626,-2.446043165467626,-2.446043165467626,-2.446043165467626,-2.446043165467626,-2.446043165467626,-2.446043165467626,-2.1346040051076023,-2.1270079280256504,-2.1270079280256504,-2.1270079280256504,-2.1270079280256504,-2.1270079280256504,-2.1270079280256504,-2.1270079280256504,-2.1270079280256504,-2.1270079280256504,-2.1270079280256504,-2.1270079280256504,-2.1270079280256504,-2.1270079280256504,-2.1270079280256504,-2.1270079280256504,-2.1270079280256504,-2.1270079280256504,-2.1270079280256504,-2.1270079280256504,-2.446043165467626,-2.446043165467626,-2.446043165467626,-2.446043165467626,-2.446043165467626,-2.446043165467626,-2.446043165467626,-2.446043165467626,-2.446043165467626,-2.446043165467626,-2.446043165467626,-2.446043165467626,-2.446043165467626,-2.446043165467626,-2.446043165467626,-2.446043165467626,-2.446043165467626,-2.446043165467626,-2.446043165467626,-2.446043165467626,-2.446043165467626,-2.446043165467626,-2.446043165467626,-2.446043165467626,-2.446043165467626,-2.446043165467626,-2.0100283409635926,-1.9788844249275905,-1.9788844249275905,-1.9788844249275905,-1.9788844249275905,-1.9788844249275905,-1.9788844249275905,-1.9788844249275905,-2.446043165467626,-2.446043165467626,-2.446043165467626,-2.446043165467626,-2.446043165467626,-2.446043165467626,-2.446043165467626,-2.446043165467626,-2.446043165467626,-2.446043165467626,-2.446043165467626,-2.446043165467626,-2.446043165467626,-2.446043165467626,-2.446043165467626,-2.446043165467626,-2.446043165467626,-2.446043165467626,-2.446043165467626,-2.446043165467626,-2.446043165467626,-2.446043165467626,-2.446043165467626,-2.446043165467626,-2.446043165467626,-2.446043165467626,-2.446043165467626,-2.446043165467626,-2.446043165467626,-2.446043165467626,-2.446043165467626,-2.446043165467626,-2.446043165467626,-2.446043165467626,-2.446043165467626,-2.446043165467626,-2.446043165467626,-2.446043165467626,-2.446043165467626,-2.446043165467626,-2.446043165467626,-2.446043165467626,-2.446043165467626,-2.446043165467626,-2.446043165467626,-2.446043165467626,-2.446043165467626,-2.446043165467626,-2.446043165467626,-2.446043165467626,-2.446043165467626,-2.446043165467626,-2.446043165467626,-2.3430475376320277,-2.446043165467626,-2.446043165467626,-2.446043165467626,-2.446043165467626,-2.446043165467626,-2.446043165467626,-2.446043165467626,-2.446043165467626,-2.446043165467626,-2.446043165467626,-2.446043165467626,-2.446043165467626,-2.446043165467626,-2.446043165467626,-2.446043165467626,-2.446043165467626,-2.446043165467626,-2.446043165467626,-2.3430475376320277,-2.446043165467626,-2.446043165467626,-2.446043165467626,-2.446043165467626,-2.3430475376320277,-2.3430475376320277,-2.3430475376320277,-2.3430475376320277,-2.446043165467626,-2.446043165467626,-2.446043165467626,-2.446043165467626,-2.446043165467626,-2.446043165467626,-1.8514774956893987,-1.8514774956893987,-1.8514774956893987,-1.8514774956893987,-1.8514774956893987,-1.8514774956893987,-1.8514774956893987,-0.662346156132945,-0.662346156132945,-0.662346156132945,-0.662346156132945,-0.662346156132945,-0.662346156132945,-0.662346156132945,-2.446043165467626,-2.446043165467626,-2.446043165467626,-2.446043165467626,-0.4839764551994768,0.06942697590179618,0.06942697590179618,-0.41130731778213786,-0.41130731778213786,-1.1379986919555263,-1.1379986919555263,-0.2659690429474603,-0.2659690429474603,-0.662346156132945,-0.662346156132945,-0.4839764551994768,0.06942697590179618,0.06942697590179618,-0.41130731778213786,-0.41130731778213786,-1.1379986919555263,-1.1379986919555263,-0.2659690429474603,-0.2659690429474603,-0.2659690429474603,-0.2659690429474603,-2.446043165467626,-2.446043165467626,-2.446043165467626,-2.446043165467626,-2.446043165467626,-0.8888473636675076,-0.8888473636675076,-0.8888473636675076,-1.424133420536298,-1.3911685900546424,-1.4650098103335514,-1.4650098103335514,-1.4650098103335514,-1.3911685900546424,-1.2746600548597757,-2.446043165467626,-2.446043165467626,-2.446043165467626,-2.446043165467626,-2.446043165467626,-0.26359939716211206,-0.8605347127256872,-0.8605347127256872,-0.8605347127256872,-0.8605347127256872,-0.8605347127256872,-0.8605347127256872,-0.8605347127256872,-0.8605347127256872,-0.8605347127256872,-0.8109875735775016,-0.8109875735775016,-0.9071673142769207,-0.26359939716211206,-0.26359939716211206,-0.26359939716211206,-0.26359939716211206,-0.26359939716211206,-0.26359939716211206,-0.26359939716211206,-0.26359939716211206,-0.26359939716211206,0.02863556820391367,0.02863556820391367,0.02863556820391367,-0.26359939716211206,-0.26359939716211206,0.46072233122592815,0.46072233122592815,0.46072233122592815,0.46072233122592815,0.46072233122592815,0.46072233122592815,0.46072233122592815,-0.49545052952853036,-0.49545052952853036,-0.49545052952853036,-0.49545052952853036,-0.49545052952853036,-0.49545052952853036,-0.8109875735775016,-0.8109875735775016,-0.8109875735775016,-0.577408203307484,-0.577408203307484,-2.446043165467626,-2.446043165467626,-0.8109875735775016,-0.8109875735775016,-0.8109875735775016,-0.8109875735775016,-1.2569118259111718,-0.8109875735775016,-0.8109875735775016,-2.446043165467626,-2.446043165467626,-2.446043165467626,-2.446043165467626,-1.5541946608002855,-1.5541946608002855,-0.2659690429474603,-0.2659690429474603,-0.2659690429474603,-1.308613188500583,-1.308613188500583,-0.2659690429474603,-0.2659690429474603,-0.2659690429474603,-1.4650098103335514,-1.8514774956893987,-1.8514774956893987,-1.8514774956893987,-0.2659690429474603,-0.2659690429474603,-0.2659690429474603,-1.0834968388925221,-1.0834968388925221,-0.2659690429474603,-0.2659690429474603,-0.2659690429474603,-0.9367610806459726,-0.9367610806459726,-1.6285153695225636,-1.6285153695225636,-0.2659690429474603,-0.2659690429474603,-0.2659690429474603,-1.5117256843875548,-1.5117256843875548,-0.2659690429474603,-0.2659690429474603,-0.2659690429474603,-1.4650098103335514,-1.4650098103335514,-0.2659690429474603,-0.2659690429474603,-0.2659690429474603,-0.6013650617967164,-0.6013650617967164,-0.2659690429474603,-0.2659690429474603,-0.2659690429474603,-0.9367610806459726,-0.9367610806459726,0.8240680183126226,0.8240680183126226,0.8240680183126226,0.8240680183126226,0.05463009271726987,0.05463009271726987,0.05463009271726987,0.05463009271726987,-0.2659690429474603,-0.2659690429474603,-0.2659690429474603,-0.09156311314584703,-0.09156311314584703,-0.09156311314584703,0.05463009271726987,0.05463009271726987,0.05463009271726987,0.05463009271726987,-2.446043165467626,-2.446043165467626,-2.446043165467626,-2.446043165467626,-2.446043165467626,-2.446043165467626,-2.446043165467626,-2.446043165467626,-2.446043165467626,-2.446043165467626,-1.4650098103335514,-1.0445669438475194,-1.0445669438475194,-1.356006104207543,-1.356006104207543,-2.446043165467626,-2.446043165467626,-0.9926604171208488,-0.9926604171208488,-1.9429491371937413,-1.9429491371937413,-0.8109875735775016,-0.8109875735775016,-1.7193517912942373,-1.7193517912942373,-1.7193517912942373,-1.7193517912942373,-2.446043165467626,-2.446043165467626,-2.446043165467626,-2.446043165467626,-0.4022236756049705,-0.4022236756049705,-0.4022236756049705,-0.4022236756049705,-0.2659690429474603,-0.2659690429474603,-0.2659690429474603,-0.2659690429474603,-1.356006104207543,-0.2659690429474603,-0.2659690429474603,-0.8109875735775016,-2.446043165467626,-2.446043165467626,-2.446043165467626,-1.356006104207543,-1.7193517912942373,-1.7193517912942373,-1.7193517912942373,-1.7193517912942373,-1.7193517912942373,-1.7193517912942373,-1.7193517912942373,-1.7193517912942373,-1.7193517912942373,-1.7193517912942373,-2.446043165467626,-2.446043165467626,-0.832470055806715
-1.0,-1.0,-1.0,-1.0,1.0,1.0,-1.0,-1.0,-1.0,-1.0,-1.0,-1.0,-1.0,-1.0,-1.0,1.0,1.0,1.0,1.0,1.0,1.0,1.0,1.0,1.0,1.0,1.0,1.0,1.0,1.0,1.0,1.0,1.0,1.0,1.0,1.0,1.0,1.0,1.0,1.0,1.0,1.0,1.0,1.0,1.0,1.0,1.0,1.0,1.0,1.0,1.0,1.0,1.0,-1.0,-1.0,-1.0,-1.0,-1.0,-1.0,-1.0,-1.0,-1.0,1.0,1.0,1.0,1.0,1.0,1.0,1.0,1.0,1.0,1.0,1.0,1.0,1.0,1.0,1.0,1.0,1.0,-1.0,-1.0,-1.0,-1.0,-1.0,-1.0,-1.0,-1.0,-1.0,-1.0,-1.0,-1.0,-1.0,-1.0,1.0,1.0,1.0,1.0,1.0,1.0,1.0,1.0,1.0,1.0,1.0,1.0,1.0,1.0,1.0,1.0,-1.0,-1.0,-1.0,-1.0,-1.0,-1.0,-1.0,-1.0,-1.0,-1.0,-1.0,-1.0,-1.0,-1.0,1.0,-1.0,-1.0,-1.0,-1.0,-1.0,-1.0,-1.0,-1.0,-1.0,-1.0,-1.0,-1.0,-1.0,-1.0,-1.0,-1.0,1.0,1.0,1.0,-1.0,-1.0,-1.0,-1.0,1.0,1.0,1.0,1.0,1.0,1.0,1.0,1.0,1.0,1.0,1.0,1.0,1.0,1.0,1.0,1.0,1.0,-1.0,-1.0,-1.0,-1.0,-1.0,-1.0,-1.0,-1.0,-1.0,-1.0,-1.0,-1.0,-1.0,-1.0,-1.0,-1.0,-1.0,-1.0,-1.0,-1.0,-1.0,-1.0,-1.0,-1.0,-1.0,-1.0,-1.0,-1.0,-1.0,-1.0,-1.0,-1.0,-1.0,-1.0,-1.0,-1.0,1.0,1.0,-1.0,-1.0,-1.0,1.0,1.0,1.0,1.0,1.0,1.0,1.0,1.0,1.0,1.0,1.0,1.0,1.0,1.0,1.0,1.0,1.0,1.0,1.0,1.0,1.0,1.0,-1.0,-1.0,-1.0,1.0,1.0,1.0,1.0,1.0,1.0,1.0,1.0,1.0,1.0,1.0,1.0,1.0,1.0,1.0,1.0,1.0,1.0,1.0,1.0,1.0,-1.0,-1.0,-1.0,-1.0,-1.0,-1.0,-1.0,-1.0,-1.0,-1.0,-1.0,-1.0,-1.0,-1.0,-1.0,-1.0,-1.0,-1.0,-1.0,-1.0,-1.0,-1.0,-1.0,-1.0,-1.0,-1.0,-1.0,-1.0,-1.0,-1.0,-1.0,-1.0,-1.0,-1.0,-1.0,-1.0,-1.0,-1.0,-1.0,-1.0,-1.0,-1.0,-1.0,-1.0,-1.0,-1.0,-1.0,-1.0,-1.0,-1.0,-1.0,-1.0,-1.0,-1.0,-1.0,-1.0,-1.0,-1.0,-1.0,-1.0,-1.0,-1.0,-1.0,-1.0,-1.0,-1.0,-1.0,-1.0,-1.0,-1.0,-1.0,-1.0,-1.0,-1.0,-1.0,-1.0,-1.0,-1.0,-1.0,-1.0,-1.0,-1.0,-1.0,-1.0,-1.0,-1.0,-1.0,-1.0,-1.0,-1.0,-1.0,-1.0,-1.0,-1.0,-1.0,-1.0,-1.0,-1.0,-1.0,-1.0,-1.0,-1.0,-1.0,-1.0,-1.0,-1.0,-1.0,-1.0,-1.0,-1.0,-1.0,-1.0,-1.0,-1.0,-1.0,-1.0,-1.0,-1.0,-1.0,-1.0,-1.0,-1.0,-1.0,-1.0,-1.0,-1.0,-1.0,-1.0,-1.0,-1.0,-1.0,-1.0,-1.0,-1.0,-1.0,1.0,1.0,1.0,1.0,1.0,1.0,1.0,1.0,1.0,1.0,-1.0,-1.0,1.0
-1.0,-1.0,-1.0,-1.0,1.0,1.0,1.0,1.0,1.0,1.0,1.0,1.0,1.0,1.0,1.0,-1.0,-1.0,-1.0,-1.0,-1.0,-1.0,-1.0,-1.0,-1.0,-1.0,-1.0,-1.0,-1.0,-1.0,-1.0,-1.0,-1.0,-1.0,-1.0,-1.0,-1.0,-1.0,-1.0,-1.0,-1.0,-1.0,-1.0,-1.0,-1.0,-1.0,-1.0,-1.0,-1.0,-1.0,-1.0,-1.0,-1.0,-1.0,-1.0,-1.0,-1.0,-1.0,-1.0,-1.0,-1.0,-1.0,1.0,1.0,1.0,1.0,1.0,1.0,1.0,1.0,1.0,1.0,1.0,1.0,1.0,1.0,1.0,1.0,1.0,1.0,1.0,1.0,1.0,1.0,1.0,1.0,1.0,1.0,1.0,-1.0,-1.0,-1.0,-1.0,1.0,1.0,1.0,1.0,1.0,1.0,1.0,1.0,1.0,1.0,1.0,1.0,1.0,1.0,1.0,1.0,1.0,1.0,1.0,1.0,1.0,1.0,1.0,1.0,1.0,1.0,1.0,1.0,1.0,1.0,1.0,-1.0,-1.0,-1.0,-1.0,-1.0,-1.0,-1.0,-1.0,-1.0,-1.0,-1.0,-1.0,-1.0,-1.0,-1.0,-1.0,-1.0,-1.0,1.0,-1.0,-1.0,-1.0,-1.0,1.0,1.0,1.0,1.0,-1.0,-1.0,-1.0,-1.0,-1.0,-1.0,1.0,1.0,1.0,1.0,1.0,1.0,1.0,-1.0,-1.0,-1.0,-1.0,-1.0,-1.0,-1.0,-1.0,-1.0,-1.0,-1.0,-1.0,-1.0,-1.0,-1.0,-1.0,-1.0,-1.0,-1.0,-1.0,-1.0,-1.0,-1.0,-1.0,-1.0,-1.0,-1.0,-1.0,-1.0,-1.0,-1.0,-1.0,-1.0,-1.0,-1.0,-1.0,-1.0,-1.0,-1.0,-1.0,-1.0,-1.0,-1.0,-1.0,-1.0,-1.0,-1.0,-1.0,-1.0,-1.0,-1.0,-1.0,-1.0,-1.0,-1.0,-1.0,-1.0,-1.0,-1.0,-1.0,-1.0,-1.0,-1.0,-1.0,-1.0,-1.0,-1.0,-1.0,-1.0,-1.0,-1.0,-1.0,-1.0,-1.0,-1.0,-1.0,-1.0,-1.0,-1.0,-1.0,-1.0,-1.0,-1.0,-1.0,-1.0,-1.0,-1.0,-1.0,-1.0,-1.0,-1.0,-1.0,-1.0,-1.0,-1.0,-1.0,-1.0,-1.0,-1.0,-1.0,-1.0,-1.0,-1.0,-1.0,-1.0,-1.0,-1.0,-1.0,-1.0,-1.0,-1.0,-1.0,-1.0,-1.0,-1.0,-1.0,-1.0,-1.0,-1.0,-1.0,-1.0,-1.0,-1.0,-1.0,-1.0,-1.0,-1.0,-1.0,-1.0,-1.0,-1.0,-1.0,-1.0,-1.0,-1.0,-1.0,-1.0,-1.0,-1.0,-1.0,-1.0,-1.0,-1.0,-1.0,-1.0,-1.0,-1.0,-1.0,-1.0,-1.0,-1.0,-1.0,-1.0,-1.0,-1.0,-1.0,-1.0,-1.0,-1.0,-1.0,-1.0,-1.0,-1.0,-1.0,-1.0,-1.0,-1.0,-1.0,-1.0,-1.0,-1.0,-1.0,-1.0,-1.0,-1.0,-1.0,-1.0,-1.0,-1.0,-1.0,-1.0,-1.0,-1.0,-1.0,-1.0,-1.0,-1.0,-1.0,-1.0,-1.0,-1.0,-1.0,-1.0,-1.0,-1.0,-1.0,-1.0,-1.0,-1.0,-1.0,-1.0,-1.0,-1.0,-1.0,-1.0,-1.0,-1.0,-1.0,-1.0,-1.0,-1.0,-1.0,-1.0,-1.0,-1.0,-1.0,-1.0,-1.0,-1.0,-1.0,-1.0,-1.0,1.0,1.0,1.0,1.0,1.0,1.0,1.0,1.0,1.0,1.0,-1.0,-1.0,1.0
-1.18423555943938,-1.3186664344168477,-1.3186664344168477,-1.3186664344168477,0.6405888628676244,0.6405888628676244,-0.6660229072414099,-0.7062446870410563,-0.7062446870410563,-0.7062446870410563,-0.7062446870410563,-0.7062446870410563,-0.7062446870410563,-0.7062446870410563,-0.7062446870410563,-0.22548930071742646,-0.240749096499694,-0.240749096499694,-0.240749096499694,-0.240749096499694,-0.240749096499694,-0.240749096499694,-0.240749096499694,-0.240749096499694,-0.240749096499694,-0.240749096499694,-0.240749096499694,-0.240749096499694,-0.240749096499694,-0.240749096499694,-0.240749096499694,-0.240749096499694,-0.240749096499694,-0.240749096499694,-0.240749096499694,-0.46859239543732956,-0.4879312814947379,-0.4879312814947379,-0.4879312814947379,-0.4879312814947379,-0.4879312814947379,-0.4879312814947379,-0.4879312814947379,-0.4879312814947379,-0.4879312814947379,-0.4879312814947379,-0.4879312814947379,-0.4879312814947379,-0.4879312814947379,-0.4879312814947379,-0.4879312814947379,-0.4879312814947379,-0.7678930716403777,-0.7988507284353313,-0.7988507284353313,-0.7988507284353313,-0.7988507284353313,-0.7988507284353313,-0.7988507284353313,-0.7988507284353313,-0.7988507284353313,-0.642536068558752,-0.6807033727710262,-0.6807033727710262,-0.6807033727710262,-0.6807033727710262,-0.6807033727710262,-0.6807033727710262,-0.6807033727710262,-0.685701171423712,-0.7115248530475669,-0.7115248530475669,-0.7115248530475669,-0.7115248530475669,-0.7115248530475669,-0.7115248530475669,-0.7115248530475669,-0.7115248530475669,-0.5400994923090695,-0.5705030406020889,-0.5705030406020889,-0.5705030406020889,-0.5705030406020889,-0.5705030406020889,-0.5705030406020889,-0.5705030406020889,-0.5705030406020889,-0.5705030406020889,-1.18423555943938,-1.2466334064601852,-1.2466334064601852,-1.2466334064601852,-0.41778248883150454,-0.4439925199768518,-0.4439925199768518,-0.4439925199768518,-0.4439925199768518,-0.4439925199768518,-0.4439925199768518,-0.4439925199768518,-0.4439925199768518,-0.4439925199768518,-0.4439925199768518,-0.4439925199768518,-0.4439925199768518,-0.4439925199768518,-0.4439925199768518,-0.4439925199768518,-0.5046818103606892,-0.5512702964462444,-0.5512702964462444,-0.5512702964462444,-0.5512702964462444,-0.5512702964462444,-0.5512702964462444,-0.5512702964462444,-0.5512702964462444,-0.5512702964462444,-0.5512702964462444,-0.5512702964462444,-0.5512702964462444,-0.5512702964462444,0.6405888628676244,-0.6245611709756697,-0.6471399454012805,-0.6471399454012805,-0.6471399454012805,-0.6471399454012805,-0.6471399454012805,-0.6471399454012805,-0.6471399454012805,-0.6471399454012805,-0.6471399454012805,-0.6471399454012805,-0.6471399454012805,-0.6471399454012805,-0.6471399454012805,-1.4278322527259624,-1.4278322527259624,-1.2812632999899616,-1.2812632999899616,0.6405888628676244,-0.9756901843793709,-1.0917936233039036,-1.0917936233039036,-1.0917936233039036,0.6405888628676244,0.6405888628676244,0.6405888628676244,0.6405888628676244,-0.838928682527586,-0.8983469888291029,-0.8983469888291029,-0.8983469888291029,-0.8983469888291029,-0.8983469888291029,-0.494559615603129,-0.494559615603129,-0.494559615603129,-0.494559615603129,-0.494559615603129,-0.494559615603129,-0.494559615603129,-0.574446437165577,-0.574446437165577,-0.574446437165577,-0.574446437165577,-0.574446437165577,-0.574446437165577,-0.574446437165577,-1.1291967577307898,-1.1291967577307898,-1.6355140186915886,-1.6355140186915886,-0.13997963860248278,-0.5364344561123285,-0.5364344561123285,-0.28761912953780894,-0.28761912953780894,-1.2302355934642644,-1.2302355934642644,-1.0684242678951832,-1.0684242678951832,-0.8983469888291029,-0.8983469888291029,-0.13997963860248278,-0.5364344561123285,-0.5364344561123285,-0.28761912953780894,-0.28761912953780894,-1.2302355934642644,-1.2302355934642644,-1.0684242678951832,-1.0684242678951832,-1.6355140186915886,-1.6355140186915886,-1.3186664344168477,-1.3186664344168477,-1.3186664344168477,-1.6355140186915886,-1.6355140186915886,-0.4879312814947379,-0.4879312814947379,-0.4879312814947379,-0.311813648006837,-0.32788908105231945,-0.5705030406020889,-0.5705030406020889,-0.5705030406020889,-0.32788908105231945,0.0109568191406697,-1.508136111102906,-1.508136111102906,-0.9664366202222776,-0.9664366202222776,-0.9664366202222776,1.228965429388486,0.19243844285509212,0.19243844285509212,0.19243844285509212,0.19243844285509212,0.19243844285509212,0.19243844285509212,0.19243844285509212,0.19243844285509212,0.19243844285509212,-0.6471399454012805,-0.6471399454012805,-0.63346219666291,1.228965429388486,1.228965429388486,1.228965429388486,1.228965429388486,1.228965429388486,1.228965429388486,1.228965429388486,1.228965429388486,1.228965429388486,0.057239630614199274,0.057239630614199274,0.057239630614199274,1.228965429388486,1.228965429388486,-0.6612301501539382,-0.6612301501539382,-0.6612301501539382,-0.6612301501539382,-0.6612301501539382,-0.6612301501539382,-0.6564860513389768,-0.10972378374539982,-0.10972378374539982,-0.10972378374539982,-0.10972378374539982,-0.10972378374539982,-0.10972378374539982,-0.7222676185731274,-1.035425404711093,-1.035425404711093,-1.1559062969083356,-1.1559062969083356,-1.6355140186915886,-1.6355140186915886,-1.3593259563746185,-1.3593259563746185,-1.3810642814376528,-1.3810642814376528,-0.9063350418007386,-0.6289904905805966,-0.6289904905805966,-1.4798068485718616,-1.4798068485718616,-1.2995907360428969,-1.2995907360428969,-0.4623199560297871,-0.4623199560297871,-1.1698562796885605,-1.1698562796885605,-1.1698562796885605,-0.3929648134511546,-0.3929648134511546,-1.1698562796885605,-1.1698562796885605,-1.1698562796885605,-0.5364344561123285,-0.7739227000683718,-0.7739227000683718,-0.7739227000683718,-1.1698562796885605,-1.1698562796885605,-1.1698562796885605,-0.3719594920201892,-0.3719594920201892,-1.1698562796885605,-1.1698562796885605,-1.1698562796885605,-0.7445237162316573,-0.7445237162316573,-0.4038325060512794,-0.4038325060512794,-1.1698562796885605,-1.1698562796885605,-1.1698562796885605,-0.4592150295257363,-0.4592150295257363,-1.1698562796885605,-1.1698562796885605,-1.1698562796885605,-0.4749501767718054,-0.4749501767718054,-1.1698562796885605,-1.1698562796885605,-1.1698562796885605,-0.24269209189626578,-0.24269209189626578,-1.1698562796885605,-1.1698562796885605,-1.1698562796885605,-0.695860043683715,-0.695860043683715,-0.9397270810447315,-0.9397270810447315,-0.9144620243763784,-0.9144620243763784,-0.320931785494492,-0.320931785494492,-0.320931785494492,-0.320931785494492,-1.014653553042479,-1.014653553042479,-1.014653553042479,0.027627661486820828,0.027627661486820828,0.027627661486820828,-0.320931785494492,-0.320931785494492,-0.320931785494492,-0.320931785494492,-1.214393746886843,-1.214393746886843,-1.214393746886843,-1.214393746886843,-1.3810642814376528,-1.3810642814376528,-1.3810642814376528,-1.3186664344168477,-1.3186664344168477,-1.3186664344168477,-0.088251872440794,-0.6612301501539382,-0.6612301501539382,-1.0684242678951832,-1.0684242678951832,-1.1039317010624365,-1.1039317010624365,-0.7800311493989107,-0.7800311493989107,-0.8052962060672638,-0.8052962060672638,-1.0684242678951832,-1.0684242678951832,-0.6757584618689061,-0.6757584618689061,-0.6757584618689061,-0.6757584618689061,-0.8251838763564207,-0.8251838763564207,-0.8251838763564207,-0.8251838763564207,-0.690753001378953,-0.690753001378953,-0.690753001378953,-0.690753001378953,-0.5400994923090695,-0.5400994923090695,-0.5400994923090695,-0.5400994923090695,-0.5150281308640602,-1.116393498764381,-1.116393498764381,-0.8118318331582638,-1.1291967577307898,-1.508136111102906,-1.508136111102906,-0.5150281308640602,-0.2854805000857472,-0.2854805000857472,-0.2854805000857472,-0.2854805000857472,-0.2854805000857472,-0.2854805000857472,-0.2854805000857472,-0.2854805000857472,-0.2854805000857472,-0.2854805000857472,-1.2302355934642644,-1.2302355934642644,1.601619556525621
0.0,0.0,0.0,0.0,-1.0917363902447395,-1.0917363902447395,0.0,0.0,0.0,0.0,0.0,0.0,0.0,0.0,0.0,0.0,0.0,0.0,0.0,0.0,0.0,0.0,0.0,0.0,0.0,0.0,0.0,0.0,0.0,0.0,0.0,0.0,0.0,0.0,0.0,-1.0917363902447395,-1.0917363902447395,-1.0917363902447395,-1.0917363902447395,-1.0917363902447395,-1.0917363902447395,-1.0917363902447395,-1.0917363902447395,-1.0917363902447395,-1.0917363902447395,-1.0917363902447395,-1.0917363902447395,-1.0917363902447395,-1.0917363902447395,-1.0917363902447395,-1.0917363902447395,-1.0917363902447395,-0.5364591779626391,-0.42711738118017256,-0.42711738118017256,-0.42711738118017256,-0.42711738118017256,-0.42711738118017256,-0.42711738118017256,-0.42711738118017256,-0.42711738118017256,0.0,0.0,0.0,0.0,0.0,0.0,0.0,0.0,0.0,0.0,0.0,0.0,0.0,0.0,0.0,0.0,0.0,0.0,0.0,0.0,0.0,0.0,0.0,0.0,0.0,0.0,0.0,0.934053787354754,1.1544416789126346,1.1544416789126346,1.1544416789126346,0.0,0.0,0.0,0.0,0.0,0.0,0.0,0.0,0.0,0.0,0.0,0.0,0.0,0.0,0.0,0.0,0.0,0.0,0.0,0.0,0.0,0.0,0.0,0.0,0.0,0.0,0.0,0.0,0.0,0.0,-1.0917363902447395,0.0,0.0,0.0,0.0,0.0,0.0,0.0,0.0,0.0,0.0,0.0,0.0,0.0,0.0,0.0,0.0,0.0,0.0,-1.0917363902447395,0.0,0.0,0.0,0.0,-1.0917363902447395,-1.0917363902447395,-1.0917363902447395,-1.0917363902447395,0.0,0.0,0.0,0.0,0.0,0.0,-1.0917363902447395,-1.0917363902447395,-1.0917363902447395,-1.0917363902447395,-1.0917363902447395,-1.0917363902447395,-1.0917363902447395,0.0,0.0,0.0,0.0,0.0,0.0,0.0,-0.4043520888951437,-0.4043520888951437,1.383949894750324,1.383949894750324,-0.941023382960332,-0.684763232380635,-0.684763232380635,-0.7204777717288321,-0.7204777717288321,0.0,0.0,0.0,0.0,0.0,0.0,-0.941023382960332,-0.684763232380635,-0.684763232380635,-0.7204777717288321,-0.7204777717288321,0.0,0.0,0.0,0.0,0.0,0.0,0.0,0.0,0.0,0.0,0.0,-1.0917363902447395,-1.0917363902447395,-1.0917363902447395,-0.6350232381634444,-0.5782451446245359,-0.08962666319350762,-0.08962666319350762,-0.08962666319350762,-0.5782451446245359,-1.0917363902447395,0.0,0.0,0.0,0.0,0.0,-0.751253789763865,-0.39624171619471965,-0.39624171619471965,-0.39624171619471965,-0.39624171619471965,-0.39624171619471965,-0.39624171619471965,-0.39624171619471965,-0.39624171619471965,-0.39624171619471965,-1.0917363902447395,-1.0917363902447395,-1.0917363902447395,-0.751253789763865,-0.751253789763865,-0.751253789763865,-0.751253789763865,-0.751253789763865,-0.751253789763865,-0.751253789763865,-0.751253789763865,-0.751253789763865,-0.968394781811441,-0.968394781811441,-0.968394781811441,-0.751253789763865,-0.751253789763865,-1.0917363902447395,-1.0917363902447395,-1.0917363902447395,-1.0917363902447395,-1.0917363902447395,-1.0917363902447395,-0.9299464452522513,0.3505426982115547,0.3505426982115547,0.3505426982115547,0.3505426982115547,0.3505426982115547,0.3505426982115547,-0.6976073246208357,-0.7355505479325227,-0.7355505479325227,-0.3100145547513889,-0.3100145547513889,1.383949894750324,1.383949894750324,0.0,0.0,0.0,0.0,0.0,-1.0917363902447395,-1.0917363902447395,0.0,0.0,0.0,0.0,-1.0917363902447395,-1.0917363902447395,0.0,0.0,0.0,-1.0917363902447395,-1.0917363902447395,0.0,0.0,0.0,-1.0917363902447395,-0.5151626563746414,-0.5151626563746414,-0.5151626563746414,0.0,0.0,0.0,-0.7908783272099785,-0.7908783272099785,0.0,0.0,0.0,-0.6189992528449889,-0.6189992528449889,-1.0917363902447395,-1.0917363902447395,0.0,0.0,0.0,-1.0917363902447395,-1.0917363902447395,0.0,0.0,0.0,-1.0917363902447395,-1.0917363902447395,0.0,0.0,0.0,-0.8791591297003644,-0.8791591297003644,0.0,0.0,0.0,-1.0917363902447395,-1.0917363902447395,-1.0735550270200929,-1.0735550270200929,-1.0917363902447395,-1.0917363902447395,-0.6028181671267926,-0.6028181671267926,-0.6028181671267926,-0.6028181671267926,-0.8089162938928366,-0.8089162938928366,-0.8089162938928366,-0.6899128700164863,-0.6899128700164863,-0.6899128700164863,-0.6028181671267926,-0.6028181671267926,-0.6028181671267926,-0.6028181671267926,0.0,0.0,0.0,0.0,0.0,0.0,0.0,0.0,0.0,0.0,-1.0917363902447395,-1.0917363902447395,-1.0917363902447395,-0.6189992528449889,-0.6189992528449889,0.0,0.0,0.1756151971187281,0.1756151971187281,0.0,0.0,0.0,0.0,-0.8618766940553412,-0.8618766940553412,-0.8618766940553412,-0.8618766940553412,-0.3341092530876167,-0.3341092530876167,-0.3341092530876167,-0.3341092530876167,-0.8089162938928366,-0.8089162938928366,-0.8089162938928366,-0.8089162938928366,-1.0917363902447395,-1.0917363902447395,-1.0917363902447395,-1.0917363902447395,-0.7603699257637432,0.6944370469547263,0.6944370469547263,-0.3812683906048199,-0.4043520888951437,0.0,0.0,-0.7603699257637432,-1.0917363902447395,-1.0917363902447395,-1.0917363902447395,-1.0917363902447395,-1.0917363902447395,-1.0917363902447395,-1.0917363902447395,-1.0917363902447395,-1.0917363902447395,-1.0917363902447395,0.0,0.0,-1.0917363902447395
-0.5077224524862195,-0.5077224524862195,-0.5077224524862195,-0.5077224524862195,-0.5077224524862195,-0.5077224524862195,-0.5077224524862195,-0.5077224524862195,-0.5077224524862195,-0.5077224524862195,-0.5077224524862195,-0.5077224524862195,-0.5077224524862195,-0.5077224524862195,-0.5077224524862195,-0.5077224524862195,-0.5077224524862195,-0.5077224524862195,-0.5077224524862195,-0.5077224524862195,-0.5077224524862195,-0.5077224524862195,-0.5077224524862195,-0.5077224524862195,-0.5077224524862195,-0.5077224524862195,-0.5077224524862195,-0.5077224524862195,-0.5077224524862195,-0.5077224524862195,-0.5077224524862195,-0.5077224524862195,-0.5077224524862195,-0.5077224524862195,-0.5077224524862195,-0.5077224524862195,-0.5077224524862195,-0.5077224524862195,-0.5077224524862195,-0.5077224524862195,-0.5077224524862195,-0.5077224524862195,-0.5077224524862195,-0.5077224524862195,-0.5077224524862195,-0.5077224524862195,-0.5077224524862195,-0.5077224524862195,-0.5077224524862195,-0.5077224524862195,-0.5077224524862195,-0.5077224524862195,-0.5077224524862195,-0.5077224524862195,-0.5077224524862195,-0.5077224524862195,-0.5077224524862195,-0.5077224524862195,-0.5077224524862195,-0.5077224524862195,-0.5077224524862195,-0.5077224524862195,-0.5077224524862195,-0.5077224524862195,-0.5077224524862195,-0.5077224524862195,-0.5077224524862195,-0.5077224524862195,-0.5077224524862195,-0.5077224524862195,-0.5077224524862195,-0.5077224524862195,-0.5077224524862195,-0.5077224524862195,-0.5077224524862195,-0.5077224524862195,-0.5077224524862195,-0.5077224524862195,-0.5077224524862195,-0.5077224524862195,-0.5077224524862195,-0.5077224524862195,-0.5077224524862195,-0.5077224524862195,-0.5077224524862195,-0.5077224524862195,-0.5077224524862195,-0.5077224524862195,-0.5077224524862195,-0.5077224524862195,-0.5077224524862195,-0.5077224524862195,-0.5077224524862195,-0.5077224524862195,-0.5077224524862195,-0.5077224524862195,-0.5077224524862195,-0.5077224524862195,-0.5077224524862195,-0.5077224524862195,-0.5077224524862195,-0.5077224524862195,-0.5077224524862195,-0.5077224524862195,-0.5077224524862195,-0.5077224524862195,-0.5077224524862195,-0.5077224524862195,-0.5077224524862195,-0.5077224524862195,-0.5077224524862195,-0.5077224524862195,-0.5077224524862195,-0.5077224524862195,-0.5077224524862195,-0.5077224524862195,-0.5077224524862195,-0.5077224524862195,-0.5077224524862195,-0.5077224524862195,-0.5077224524862195,-0.5077224524862195,-0.5077224524862195,-0.5077224524862195,-0.5077224524862195,-0.5077224524862195,-0.5077224524862195,-0.5077224524862195,-0.5077224524862195,-0.5077224524862195,-0.5077224524862195,-0.5077224524862195,-0.5077224524862195,-0.5077224524862195,-0.5077224524862195,-0.5077224524862195,-0.5077224524862195,-0.5077224524862195,-0.5077224524862195,-0.5077224524862195,-0.5077224524862195,-0.5077224524862195,-0.5077224524862195,-0.5077224524862195,-0.5077224524862195,-0.5077224524862195,-0.5077224524862195,-0.5077224524862195,-0.5077224524862195,-0.5077224524862195,-0.5077224524862195,-0.5077224524862195,-0.5077224524862195,-0.5077224524862195,-0.5077224524862195,-0.5077224524862195,1.969566382794139,1.969566382794139,1.969566382794139,1.969566382794139,1.969566382794139,1.969566382794139,1.969566382794139,-0.5077224524862195,-0.5077224524862195,-0.5077224524862195,-0.5077224524862195,-0.5077224524862195,-0.5077224524862195,-0.5077224524862195,1.969566382794139,1.969566382794139,1.969566382794139,1.969566382794139,-0.5077224524862195,-0.5077224524862195,-0.5077224524862195,-0.5077224524862195,-0.5077224524862195,-0.5077224524862195,-0.5077224524862195,-0.5077224524862195,-0.5077224524862195,-0.5077224524862195,-0.5077224524862195,-0.5077224524862195,-0.5077224524862195,-0.5077224524862195,-0.5077224524862195,-0.5077224524862195,-0.5077224524862195,-0.5077224524862195,-0.5077224524862195,-0.5077224524862195,1.969566382794139,1.969566382794139,-0.5077224524862195,-0.5077224524862195,-0.5077224524862195,-0.5077224524862195,-0.5077224524862195,-0.5077224524862195,-0.5077224524862195,-0.5077224524862195,1.969566382794139,1.969566382794139,1.969566382794139,1.969566382794139,1.969566382794139,1.969566382794139,1.969566382794139,-0.5077224524862195,-0.5077224524862195,1.969566382794139,1.969566382794139,1.969566382794139,1.969566382794139,1.969566382794139,1.969566382794139,1.969566382794139,1.969566382794139,1.969566382794139,1.969566382794139,1.969566382794139,1.969566382794139,1.969566382794139,-0.5077224524862195,-0.5077224524862195,-0.5077224524862195,1.969566382794139,1.969566382794139,1.969566382794139,1.969566382794139,1.969566382794139,1.969566382794139,1.969566382794139,1.969566382794139,1.969566382794139,-0.5077224524862195,-0.5077224524862195,-0.5077224524862195,1.969566382794139,1.969566382794139,-0.5077224524862195,-0.5077224524862195,-0.5077224524862195,-0.5077224524862195,-0.5077224524862195,-0.5077224524862195,-0.5077224524862195,-0.5077224524862195,-0.5077224524862195,-0.5077224524862195,-0.5077224524862195,-0.5077224524862195,-0.5077224524862195,-0.5077224524862195,-0.5077224524862195,-0.5077224524862195,-0.5077224524862195,-0.5077224524862195,1.969566382794139,1.969566382794139,-0.5077224524862195,-0.5077224524862195,-0.5077224524862195,-0.5077224524862195,-0.5077224524862195,-0.5077224524862195,-0.5077224524862195,1.969566382794139,1.969566382794139,-0.5077224524862195,-0.5077224524862195,-0.5077224524862195,-0.5077224524862195,-0.5077224524862195,-0.5077224524862195,-0.5077224524862195,-0.5077224524862195,-0.5077224524862195,-0.5077224524862195,-0.5077224524862195,-0.5077224524862195,-0.5077224524862195,-0.5077224524862195,-0.5077224524862195,-0.5077224524862195,-0.5077224524862195,-0.5077224524862195,-0.5077224524862195,-0.5077224524862195,-0.5077224524862195,-0.5077224524862195,-0.5077224524862195,-0.5077224524862195,-0.5077224524862195,-0.5077224524862195,-0.5077224524862195,-0.5077224524862195,-0.5077224524862195,-0.5077224524862195,-0.5077224524862195,-0.5077224524862195,-0.5077224524862195,-0.5077224524862195,-0.5077224524862195,-0.5077224524862195,-0.5077224524862195,-0.5077224524862195,-0.5077224524862195,-0.5077224524862195,-0.5077224524862195,-0.5077224524862195,-0.5077224524862195,-0.5077224524862195,-0.5077224524862195,-0.5077224524862195,-0.5077224524862195,-0.5077224524862195,-0.5077224524862195,-0.5077224524862195,-0.5077224524862195,-0.5077224524862195,-0.5077224524862195,-0.5077224524862195,-0.5077224524862195,-0.5077224524862195,-0.5077224524862195,-0.5077224524862195,-0.5077224524862195,-0.5077224524862195,-0.5077224524862195,-0.5077224524862195,-0.5077224524862195,-0.5077224524862195,-0.5077224524862195,-0.5077224524862195,-0.5077224524862195,-0.5077224524862195,-0.5077224524862195,-0.5077224524862195,-0.5077224524862195,-0.5077224524862195,-0.5077224524862195,-0.5077224524862195,-0.5077224524862195,-0.5077224524862195,1.969566382794139,1.969566382794139,1.969566382794139,1.969566382794139,1.969566382794139,1.969566382794139,1.969566382794139,1.969566382794139,1.969566382794139,1.969566382794139,1.969566382794139,-0.5077224524862195,-0.5077224524862195,1.969566382794139,1.969566382794139,1.969566382794139,1.969566382794139,-0.5077224524862195,-0.5077224524862195,-0.5077224524862195,-0.5077224524862195,-0.5077224524862195,-0.5077224524862195,-0.5077224524862195,-0.5077224524862195,-0.5077224524862195,-0.5077224524862195,-0.5077224524862195,-0.5077224524862195,-0.5077224524862195,-0.5077224524862195,-0.5077224524862195,-0.5077224524862195,-0.5077224524862195,-0.5077224524862195,-0.5077224524862195,-0.5077224524862195,1.969566382794139,1.969566382794139,1.969566382794139,1.969566382794139,1.969566382794139,1.969566382794139,1.969566382794139,1.969566382794139,1.969566382794139,1.969566382794139,-0.5077224524862195,-0.5077224524862195,1.969566382794139
-0.8700053950135924,-0.8700053950135924,-0.8700053950135924,-0.8700053950135924,-0.8700053950135924,-0.8700053950135924,-0.8700053950135924,-0.8700053950135924,-0.8700053950135924,-0.8700053950135924,-0.8700053950135924,-0.8700053950135924,-0.8700053950135924,-0.8700053950135924,-0.8700053950135924,-0.8700053950135924,-0.8700053950135924,-0.8700053950135924,-0.8700053950135924,-0.8700053950135924,-0.8700053950135924,-0.8700053950135924,-0.8700053950135924,-0.8700053950135924,-0.8700053950135924,-0.8700053950135924,-0.8700053950135924,-0.8700053950135924,-0.8700053950135924,-0.8700053950135924,-0.8700053950135924,-0.8700053950135924,-0.8700053950135924,-0.8700053950135924,-0.8700053950135924,-0.8700053950135924,-0.8700053950135924,-0.8700053950135924,-0.8700053950135924,-0.8700053950135924,-0.8700053950135924,-0.8700053950135924,-0.8700053950135924,-0.8700053950135924,-0.8700053950135924,-0.8700053950135924,-0.8700053950135924,-0.8700053950135924,-0.8700053950135924,-0.8700053950135924,-0.8700053950135924,-0.8700053950135924,-0.8700053950135924,-0.8700053950135924,-0.8700053950135924,-0.8700053950135924,-0.8700053950135924,-0.8700053950135924,-0.8700053950135924,-0.8700053950135924,-0.8700053950135924,-0.8700053950135924,-0.8700053950135924,-0.8700053950135924,-0.8700053950135924,-0.8700053950135924,-0.8700053950135924,-0.8700053950135924,-0.8700053950135924,-0.8700053950135924,-0.8700053950135924,-0.8700053950135924,-0.8700053950135924,-0.8700053950135924,-0.8700053950135924,-0.8700053950135924,-0.8700053950135924,-0.8700053950135924,-0.8700053950135924,-0.8700053950135924,-0.8700053950135924,-0.8700053950135924,-0.8700053950135924,-0.8700053950135924,-0.8700053950135924,-0.8700053950135924,-0.8700053950135924,-0.8700053950135924,-0.8700053950135924,-0.8700053950135924,-0.8700053950135924,-0.8700053950135924,-0.8700053950135924,-0.8700053950135924,-0.8700053950135924,-0.8700053950135924,-0.8700053950135924,-0.8700053950135924,-0.8700053950135924,-0.8700053950135924,-0.8700053950135924,-0.8700053950135924,-0.8700053950135924,-0.8700053950135924,-0.8700053950135924,-0.8700053950135924,-0.8700053950135924,-0.8700053950135924,-0.8700053950135924,-0.8700053950135924,-0.8700053950135924,-0.8700053950135924,-0.8700053950135924,-0.8700053950135924,-0.8700053950135924,-0.8700053950135924,-0.8700053950135924,-0.8700053950135924,-0.8700053950135924,-0.8700053950135924,-0.8700053950135924,-0.8700053950135924,-0.8700053950135924,-0.8700053950135924,-0.8700053950135924,-0.8700053950135924,-0.8700053950135924,-0.8700053950135924,-0.8700053950135924,-0.8700053950135924,-0.8700053950135924,-0.8700053950135924,-0.8700053950135924,-0.8700053950135924,-0.8700053950135924,-0.8700053950135924,-0.8700053950135924,-0.8700053950135924,-0.8700053950135924,-0.8700053950135924,-0.8700053950135924,-0.8700053950135924,-0.8700053950135924,-0.8700053950135924,-0.8700053950135924,-0.8700053950135924,-0.8700053950135924,-0.8700053950135924,-0.8700053950135924,-0.8700053950135924,-0.8700053950135924,-0.8700053950135924,-0.8700053950135924,-0.8700053950135924,-0.8700053950135924,-0.8700053950135924,-0.6828247690319763,-0.6828247690319763,-0.6828247690319763,-0.6828247690319763,-0.6828247690319763,-0.6828247690319763,-0.6828247690319763,-0.8700053950135924,-0.8700053950135924,-0.8700053950135924,-0.8700053950135924,-0.8700053950135924,-0.8700053950135924,-0.8700053950135924,-0.688024230864799,-0.688024230864799,-0.324061902567212,-0.324061902567212,-0.8700053950135924,-0.8700053950135924,-0.8700053950135924,-0.8700053950135924,-0.8700053950135924,-0.8700053950135924,-0.8700053950135924,-0.8700053950135924,-0.8700053950135924,-0.8700053950135924,-0.8700053950135924,-0.8700053950135924,-0.8700053950135924,-0.8700053950135924,-0.8700053950135924,-0.8700053950135924,-0.8700053950135924,-0.8700053950135924,-0.8700053950135924,-0.8700053950135924,0.7678250823255489,0.7678250823255489,-0.8700053950135924,-0.8700053950135924,-0.8700053950135924,-0.8700053950135924,-0.8700053950135924,-0.8700053950135924,-0.8700053950135924,-0.8700053950135924,-0.7908831497315083,-0.7881138711466354,-0.7323725817918159,-0.7323725817918159,-0.7323725817918159,-0.7881138711466354,-0.7986229529019592,-0.8700053950135924,-0.8700053950135924,-0.8057767488434301,-0.8057767488434301,-0.8057767488434301,-0.8676643830752839,-0.8484903805329469,-0.8484903805329469,-0.8484903805329469,-0.8484903805329469,-0.8484903805329469,-0.8484903805329469,-0.8484903805329469,-0.8484903805329469,-0.8484903805329469,-0.8700053950135924,-0.8700053950135924,-0.8700053950135924,-0.8676643830752839,-0.8676643830752839,-0.8676643830752839,-0.8676643830752839,-0.8676643830752839,-0.8676643830752839,-0.8676643830752839,-0.8676643830752839,-0.8676643830752839,-0.8700053950135924,-0.8700053950135924,-0.8700053950135924,-0.8676643830752839,-0.8676643830752839,-0.8700053950135924,-0.8700053950135924,-0.8700053950135924,-0.8700053950135924,-0.8700053950135924,-0.8700053950135924,-0.8700053950135924,-0.8700053950135924,-0.8700053950135924,-0.8700053950135924,-0.8700053950135924,-0.8700053950135924,-0.8700053950135924,-0.8700053950135924,-0.8700053950135924,-0.8700053950135924,-0.8700053950135924,-0.8700053950135924,-0.324061902567212,-0.324061902567212,-0.8700053950135924,-0.8700053950135924,-0.8700053950135924,-0.8700053950135924,-0.8700053950135924,-0.8700053950135924,-0.8700053950135924,-0.0992616409716436,-0.0992616409716436,-0.8700053950135924,-0.8700053950135924,-0.8700053950135924,-0.8700053950135924,-0.8700053950135924,-0.8700053950135924,-0.8700053950135924,-0.8700053950135924,-0.8700053950135924,-0.8700053950135924,-0.8700053950135924,-0.8700053950135924,-0.8700053950135924,-0.8700053950135924,-0.8700053950135924,-0.8700053950135924,-0.8700053950135924,-0.8700053950135924,-0.8700053950135924,-0.8700053950135924,-0.8700053950135924,-0.8700053950135924,-0.8700053950135924,-0.8700053950135924,-0.8700053950135924,-0.8700053950135924,-0.8700053950135924,-0.8700053950135924,-0.8700053950135924,-0.8700053950135924,-0.8700053950135924,-0.8700053950135924,-0.8700053950135924,-0.8700053950135924,-0.8700053950135924,-0.8700053950135924,-0.8700053950135924,-0.8700053950135924,-0.8700053950135924,-0.8700053950135924,-0.8700053950135924,-0.8700053950135924,-0.8700053950135924,-0.8700053950135924,-0.8700053950135924,-0.8700053950135924,-0.8700053950135924,-0.8700053950135924,-0.8700053950135924,-0.8700053950135924,-0.8700053950135924,-0.8700053950135924,-0.8700053950135924,-0.8700053950135924,-0.8700053950135924,-0.8700053950135924,-0.8700053950135924,-0.8700053950135924,-0.8700053950135924,-0.8700053950135924,-0.8700053950135924,-0.8700053950135924,-0.8700053950135924,-0.8700053950135924,-0.8700053950135924,-0.8700053950135924,-0.8700053950135924,-0.8700053950135924,-0.8700053950135924,-0.8700053950135924,-0.8700053950135924,-0.8700053950135924,-0.8700053950135924,-0.8700053950135924,-0.8700053950135924,-0.8700053950135924,-0.820968554374696,-0.836580283231161,-0.836580283231161,-0.790111225387293,-0.790111225387293,-0.7838037909431114,-0.7838037909431114,-0.826904592978352,-0.826904592978352,-0.824510103976394,-0.824510103976394,-0.8700053950135924,-0.8700053950135924,-0.8010441117572075,-0.8010441117572075,-0.8010441117572075,-0.8010441117572075,-0.8700053950135924,-0.8700053950135924,-0.8700053950135924,-0.8700053950135924,-0.8700053950135924,-0.8700053950135924,-0.8700053950135924,-0.8700053950135924,-0.8700053950135924,-0.8700053950135924,-0.8700053950135924,-0.8700053950135924,-0.8700053950135924,-0.8700053950135924,-0.8700053950135924,-0.8700053950135924,-0.8700053950135924,-0.8700053950135924,-0.8700053950135924,-0.8700053950135924,-0.7503465473541118,-0.7503465473541118,-0.7503465473541118,-0.7503465473541118,-0.7503465473541118,-0.7503465473541118,-0.7503465473541118,-0.7503465473541118,-0.7503465473541118,-0.7503465473541118,-0.8700053950135924,-0.8700053950135924,-0.8581418342119408
-1.0183565364195493,-1.0183565364195493,-1.0183565364195493,-1.0183565364195493,-0.797640857572655,-0.797640857572655,-0.797640857572655,-0.7033676826920172,-0.7033676826920172,-0.7033676826920172,-0.7033676826920172,-0.7033676826920172,-0.7033676826920172,-0.7033676826920172,-0.7033676826920172,-0.6173030170247277,-0.6173030170247277,-0.6173030170247277,-0.6173030170247277,-0.6173030170247277,-0.6173030170247277,-0.6173030170247277,-0.6173030170247277,-0.6173030170247277,-0.6173030170247277,-0.6173030170247277,-0.6173030170247277,-0.6173030170247277,-0.6173030170247277,-0.6173030170247277,-0.6173030170247277,-0.6173030170247277,-0.6173030170247277,-0.6173030170247277,-0.6173030170247277,-1.0183565364195493,-1.0183565364195493,-1.0183565364195493,-1.0183565364195493,-1.0183565364195493,-1.0183565364195493,-1.0183565364195493,-1.0183565364195493,-1.0183565364195493,-1.0183565364195493,-1.0183565364195493,-1.0183565364195493,-1.0183565364195493,-1.0183565364195493,-1.0183565364195493,-1.0183565364195493,-1.0183565364195493,-1.0183565364195493,-0.901855017471593,-0.901855017471593,-0.901855017471593,-0.901855017471593,-0.901855017471593,-0.901855017471593,-0.901855017471593,-0.901855017471593,-0.6173030170247277,-0.538131199345661,-0.538131199345661,-0.538131199345661,-0.538131199345661,-0.538131199345661,-0.538131199345661,-0.538131199345661,-0.797640857572655,-0.7033676826920172,-0.7033676826920172,-0.7033676826920172,-0.7033676826920172,-0.7033676826920172,-0.7033676826920172,-0.7033676826920172,-0.7033676826920172,-0.6173030170247277,-0.538131199345661,-0.538131199345661,-0.538131199345661,-0.538131199345661,-0.538131199345661,-0.538131199345661,-0.538131199345661,-0.538131199345661,-0.538131199345661,-1.0183565364195493,-0.901855017471593,-0.901855017471593,-0.901855017471593,-0.797640857572655,-0.797640857572655,-0.797640857572655,-0.797640857572655,-0.797640857572655,-0.797640857572655,-0.797640857572655,-0.797640857572655,-0.797640857572655,-0.797640857572655,-0.797640857572655,-0.797640857572655,-0.797640857572655,-0.797640857572655,-0.797640857572655,-0.797640857572655,-0.901855017471593,-0.901855017471593,-0.901855017471593,-0.901855017471593,-0.901855017471593,-0.901855017471593,-0.901855017471593,-0.901855017471593,-0.901855017471593,-0.901855017471593,-0.901855017471593,-0.901855017471593,-0.901855017471593,-0.901855017471593,-0.797640857572655,-1.096933728981207,-1.096933728981207,-1.096933728981207,-1.096933728981207,-1.096933728981207,-1.096933728981207,-1.096933728981207,-1.096933728981207,-1.096933728981207,-1.096933728981207,-1.096933728981207,-1.096933728981207,-1.096933728981207,-1.096933728981207,-0.901855017471593,-0.901855017471593,-0.538131199345661,-0.538131199345661,-0.797640857572655,-0.6173030170247277,-0.538131199345661,-0.538131199345661,-0.538131199345661,-0.797640857572655,-0.797640857572655,-0.797640857572655,-0.797640857572655,-0.7033676826920172,-0.7033676826920172,-0.7033676826920172,-0.7033676826920172,-0.7033676826920172,-0.7033676826920172,-0.11203533773096849,-0.11203533773096849,-0.11203533773096849,-0.11203533773096849,-0.11203533773096849,-0.11203533773096849,-0.11203533773096849,-0.3327510165778624,-0.3327510165778624,-0.3327510165778624,-0.3327510165778624,-0.3327510165778624,-0.3327510165778624,-0.3327510165778624,-0.901855017471593,-0.901855017471593,-1.096933728981207,-1.096933728981207,0.25548548960086465,0.6218294938510074,0.6218294938510074,0.6451039720015455,0.6451039720015455,-0.4648295453855011,-0.4648295453855011,-0.797640857572655,-0.797640857572655,0.25548548960086465,0.25548548960086465,0.25548548960086465,0.6218294938510074,0.6218294938510074,0.6451039720015455,0.6451039720015455,-0.4648295453855011,-0.4648295453855011,-0.797640857572655,-0.797640857572655,-1.096933728981207,-1.096933728981207,-1.0183565364195493,-1.0183565364195493,-1.0183565364195493,-1.096933728981207,-1.096933728981207,0.7330836812166751,0.7330836812166751,0.7330836812166751,0.25548548960086465,0.38329135654449087,0.25548548960086465,0.25548548960086465,0.25548548960086465,0.38329135654449087,-0.017762162850330287,-1.0183565364195493,-1.0183565364195493,-0.797640857572655,-0.797640857572655,-0.797640857572655,1.112864989710445,0.6451039720015455,0.6451039720015455,0.6451039720015455,0.6451039720015455,0.6451039720015455,0.6451039720015455,0.6451039720015455,0.6451039720015455,0.6451039720015455,0.7942858609576123,0.7942858609576123,0.41281951000609457,1.112864989710445,1.112864989710445,1.112864989710445,1.112864989710445,1.112864989710445,1.112864989710445,1.112864989710445,1.112864989710445,1.112864989710445,1.8704253214638973,1.8704253214638973,1.8704253214638973,1.112864989710445,1.112864989710445,-0.3327510165778624,-0.3327510165778624,-0.3327510165778624,-0.3327510165778624,-0.3327510165778624,-0.3327510165778624,-0.4648295453855011,0.4414916533030797,0.4414916533030797,0.4414916533030797,0.4414916533030797,0.4414916533030797,0.4414916533030797,-0.2727860098355923,-0.017762162850330287,-0.017762162850330287,-0.2727860098355923,-0.2727860098355923,-1.096933728981207,-1.096933728981207,-0.7033676826920172,-0.7033676826920172,-0.797640857572655,-0.797640857572655,-0.7033676826920172,0.8330798403377128,0.8330798403377128,-1.0183565364195493,-1.0183565364195493,-0.6173030170247277,-0.6173030170247277,0.2890181816638531,0.2890181816638531,-0.7033676826920172,-0.7033676826920172,-0.7033676826920172,0.41281951000609457,0.41281951000609457,-0.7033676826920172,-0.7033676826920172,-0.7033676826920172,-0.21624949762990653,0.10868034111592541,0.10868034111592541,0.10868034111592541,-0.7033676826920172,-0.7033676826920172,-0.7033676826920172,0.4693560222117804,0.4693560222117804,-0.7033676826920172,-0.7033676826920172,-0.7033676826920172,0.5979941312604431,0.5979941312604431,0.41281951000609457,0.41281951000609457,-0.7033676826920172,-0.7033676826920172,-0.7033676826920172,0.2890181816638531,0.2890181816638531,-0.7033676826920172,-0.7033676826920172,-0.7033676826920172,0.25548548960086465,0.25548548960086465,-0.7033676826920172,-0.7033676826920172,-0.7033676826920172,0.41281951000609457,0.41281951000609457,-0.7033676826920172,-0.7033676826920172,-0.7033676826920172,0.6900717010586743,0.6900717010586743,0.1848040217649151,0.1848040217649151,0.2207759744561858,0.2207759744561858,0.5735701821107184,0.5735701821107184,0.5735701821107184,0.5735701821107184,-0.3965873381778338,-0.3965873381778338,-0.3965873381778338,0.4414916533030797,0.4414916533030797,0.4414916533030797,0.5735701821107184,0.5735701821107184,0.5735701821107184,0.5735701821107184,-1.096933728981207,-1.096933728981207,-1.096933728981207,-1.096933728981207,-1.096933728981207,-1.096933728981207,-1.096933728981207,-1.0183565364195493,-1.0183565364195493,-1.0183565364195493,0.2890181816638531,0.774302965490234,0.774302965490234,-0.11203533773096849,-0.11203533773096849,-0.16277054484031625,-0.16277054484031625,0.5228349750013707,0.5228349750013707,0.4693560222117804,0.4693560222117804,-0.11203533773096849,-0.11203533773096849,0.026205950473936392,0.026205950473936392,0.026205950473936392,0.026205950473936392,-0.2727860098355923,-0.2727860098355923,-0.2727860098355923,-0.2727860098355923,0.026205950473936392,0.026205950473936392,0.026205950473936392,0.026205950473936392,0.32145124083595084,0.32145124083595084,0.32145124083595084,0.32145124083595084,-0.3327510165778624,-0.21624949762990653,-0.21624949762990653,0.026205950473936392,-0.6173030170247277,-1.0183565364195493,-1.0183565364195493,-0.3327510165778624,-0.0637760259906795,-0.0637760259906795,-0.0637760259906795,-0.0637760259906795,-0.0637760259906795,-0.0637760259906795,-0.0637760259906795,-0.0637760259906795,-0.0637760259906795,-0.0637760259906795,-0.4648295453855011,-0.4648295453855011,0.1848040217649151
-1.0,-1.0,-1.0,-1.0,-1.0,-1.0,-1.0,-1.0,-1.0,-1.0,-1.0,-1.0,-1.0,-1.0,-1.0,-1.0,-1.0,-1.0,-1.0,-1.0,-1.0,-1.0,-1.0,-1.0,-1.0,-1.0,-1.0,-1.0,-1.0,-1.0,-1.0,-1.0,-1.0,-1.0,-1.0,-1.0,-1.0,-1.0,-1.0,-1.0,-1.0,-1.0,-1.0,-1.0,-1.0,-1.0,-1.0,-1.0,-1.0,-1.0,-1.0,-1.0,-1.0,-1.0,-1.0,-1.0,-1.0,-1.0,-1.0,-1.0,-1.0,-1.0,-1.0,-1.0,-1.0,-1.0,-1.0,-1.0,-1.0,-1.0,-1.0,-1.0,-1.0,-1.0,-1.0,-1.0,-1.0,-1.0,-1.0,-1.0,-1.0,-1.0,-1.0,-1.0,-1.0,-1.0,-1.0,-1.0,-1.0,-1.0,-1.0,-1.0,-1.0,-1.0,-1.0,-1.0,-1.0,-1.0,-1.0,-1.0,-1.0,-1.0,-1.0,-1.0,-1.0,-1.0,-1.0,-1.0,-1.0,-1.0,-1.0,-1.0,-1.0,-1.0,-1.0,-1.0,-1.0,-1.0,-1.0,-1.0,-1.0,-1.0,-1.0,-1.0,-1.0,-1.0,-1.0,-1.0,-1.0,-1.0,-1.0,-1.0,-1.0,-1.0,-1.0,-1.0,-1.0,-1.0,-1.0,-1.0,-1.0,-1.0,-1.0,-1.0,-1.0,-1.0,-1.0,-1.0,-1.0,-1.0,-1.0,-1.0,-1.0,-1.0,-1.0,-1.0,-1.0,-1.0,-1.0,-1.0,-1.0,-1.0,-1.0,-1.0,-1.0,-1.0,-1.0,-1.0,-1.0,-1.0,-1.0,-1.0,-1.0,-1.0,-1.0,1.0,1.0,1.0,1.0,-1.0,-1.0,-1.0,-1.0,-1.0,-1.0,-1.0,1.0,1.0,1.0,1.0,-1.0,-1.0,-1.0,-1.0,-1.0,-1.0,-1.0,-1.0,-1.0,-1.0,-1.0,1.0,1.0,1.0,-1.0,-1.0,-1.0,-1.0,-1.0,-1.0,1.0,-1.0,-1.0,-1.0,-1.0,-1.0,1.0,1.0,1.0,1.0,1.0,1.0,1.0,1.0,1.0,1.0,-1.0,-1.0,-1.0,1.0,1.0,1.0,1.0,1.0,1.0,1.0,1.0,1.0,1.0,1.0,1.0,1.0,1.0,-1.0,-1.0,-1.0,-1.0,-1.0,-1.0,1.0,1.0,1.0,1.0,1.0,1.0,1.0,-1.0,-1.0,-1.0,-1.0,-1.0,-1.0,-1.0,-1.0,-1.0,-1.0,-1.0,-1.0,-1.0,-1.0,-1.0,-1.0,-1.0,-1.0,-1.0,-1.0,-1.0,-1.0,-1.0,-1.0,-1.0,-1.0,-1.0,-1.0,-1.0,1.0,1.0,1.0,-1.0,-1.0,-1.0,-1.0,-1.0,-1.0,-1.0,-1.0,1.0,1.0,-1.0,-1.0,-1.0,-1.0,-1.0,-1.0,-1.0,-1.0,-1.0,-1.0,-1.0,-1.0,-1.0,-1.0,-1.0,-1.0,-1.0,-1.0,-1.0,-1.0,1.0,1.0,-1.0,-1.0,-1.0,-1.0,1.0,1.0,1.0,1.0,1.0,1.0,1.0,1.0,1.0,1.0,1.0,1.0,1.0,1.0,-1.0,-1.0,-1.0,-1.0,-1.0,-1.0,-1.0,-1.0,-1.0,-1.0,-1.0,-1.0,-1.0,1.0,1.0,-1.0,-1.0,-1.0,-1.0,-1.0,-1.0,-1.0,-1.0,1.0,1.0,1.0,1.0,1.0,1.0,1.0,1.0,1.0,1.0,1.0,1.0,1.0,1.0,1.0,1.0,-1.0,1.0,1.0,-1.0,-1.0,-1.0,-1.0,-1.0,-1.0,-1.0,-1.0,-1.0,-1.0,-1.0,-1.0,-1.0,-1.0,-1.0,-1.0,-1.0,-1.0
-1.0,-1.0,-1.0,-1.0,-1.0,-1.0,-1.0,-1.0,-1.0,-1.0,-1.0,-1.0,-1.0,-1.0,-1.0,-1.0,-1.0,-1.0,-1.0,-1.0,-1.0,-1.0,-1.0,-1.0,-1.0,-1.0,-1.0,-1.0,-1.0,-1.0,-1.0,-1.0,-1.0,-1.0,-1.0,-1.0,-1.0,-1.0,-1.0,-1.0,-1.0,-1.0,-1.0,-1.0,-1.0,-1.0,-1.0,-1.0,-1.0,-1.0,-1.0,-1.0,-1.0,-1.0,-1.0,-1.0,-1.0,-1.0,-1.0,-1.0,-1.0,-1.0,-1.0,-1.0,-1.0,-1.0,-1.0,-1.0,-1.0,-1.0,-1.0,-1.0,-1.0,-1.0,-1.0,-1.0,-1.0,-1.0,-1.0,-1.0,-1.0,-1.0,-1.0,-1.0,-1.0,-1.0,-1.0,-1.0,-1.0,-1.0,-1.0,-1.0,-1.0,-1.0,-1.0,-1.0,-1.0,-1.0,-1.0,-1.0,-1.0,-1.0,-1.0,-1.0,-1.0,-1.0,-1.0,-1.0,-1.0,-1.0,-1.0,-1.0,-1.0,-1.0,-1.0,-1.0,-1.0,-1.0,-1.0,-1.0,-1.0,-1.0,-1.0,-1.0,-1.0,-1.0,-1.0,-1.0,-1.0,-1.0,-1.0,-1.0,-1.0,-1.0,-1.0,-1.0,-1.0,-1.0,-1.0,-1.0,-1.0,-1.0,-1.0,-1.0,-1.0,-1.0,-1.0,-1.0,-1.0,-1.0,-1.0,-1.0,-1.0,-1.0,-1.0,-1.0,-1.0,-1.0,-1.0,-1.0,-1.0,-1.0,-1.0,-1.0,-1.0,-1.0,-1.0,-1.0,-1.0,-1.0,-1.0,-1.0,-1.0,-1.0,-1.0,-1.0,-1.0,-1.0,-1.0,-1.0,-1.0,-1.0,-1.0,-1.0,-1.0,-1.0,-1.0,-1.0,-1.0,-1.0,-1.0,-1.0,-1.0,-1.0,-1.0,-1.0,-1.0,-1.0,-1.0,-1.0,-1.0,-1.0,-1.0,-1.0,-1.0,-1.0,-1.0,-1.0,-1.0,-1.0,-1.0,-1.0,-1.0,-1.0,-1.0,-1.0,-1.0,-1.0,-1.0,-1.0,-1.0,-1.0,-1.0,-1.0,-1.0,-1.0,-1.0,-1.0,-1.0,-1.0,-1.0,-1.0,-1.0,-1.0,-1.0,-1.0,-1.0,-1.0,-1.0,-1.0,-1.0,-1.0,-1.0,-1.0,-1.0,-1.0,-1.0,-1.0,-1.0,-1.0,-1.0,-1.0,-1.0,-1.0,-1.0,-1.0,-1.0,-1.0,-1.0,-1.0,-1.0,-1.0,-1.0,-1.0,-1.0,-1.0,-1.0,-1.0,-1.0,-1.0,-1.0,-1.0,-1.0,-1.0,-1.0,-1.0,-1.0,-1.0,-1.0,-1.0,-1.0,-1.0,-1.0,-1.0,-1.0,-1.0,-1.0,-1.0,-1.0,-1.0,-1.0,-1.0,-1.0,-1.0,-1.0,-1.0,-1.0,-1.0,-1.0,-1.0,-1.0,-1.0,-1.0,-1.0,-1.0,-1.0,-1.0,-1.0,-1.0,-1.0,-1.0,-1.0,-1.0,-1.0,-1.0,-1.0,-1.0,-1.0,-1.0,-1.0,-1.0,-1.0,-1.0,-1.0,-1.0,-1.0,-1.0,-1.0,-1.0,-1.0,-1.0,-1.0,-1.0,-1.0,-1.0,-1.0,-1.0,-1.0,-1.0,-1.0,-1.0,-1.0,-1.0,-1.0,-1.0,-1.0,-1.0,-1.0,-1.0,-1.0,-1.0,1.0,1.0,-1.0,-1.0,-1.0,-1.0,-1.0,-1.0,-1.0,-1.0,-1.0,-1.0,-1.0,-1.0,-1.0,-1.0,-1.0,-1.0,-1.0,-1.0,-1.0,-1.0,-1.0,-1.0,-1.0,-1.0,-1.0,-1.0,-1.0,-1.0,-1.0,-1.0,-1.0,-1.0,-1.0,-1.0,-1.0,-1.0,-1.0,-1.0,-1.0,-1.0,-1.0,-1.0,-1.0,-1.0,-1.0
-1.0,-1.0,-1.0,-1.0,-1.0,-1.0,-1.0,-1.0,-1.0,-1.0,-1.0,-1.0,-1.0,-1.0,-1.0,-1.0,-1.0,-1.0,-1.0,-1.0,-1.0,-1.0,-1.0,-1.0,-1.0,-1.0,-1.0,-1.0,-1.0,-1.0,-1.0,-1.0,-1.0,-1.0,-1.0,-1.0,-1.0,-1.0,-1.0,-1.0,-1.0,-1.0,-1.0,-1.0,-1.0,-1.0,-1.0,-1.0,-1.0,-1.0,-1.0,-1.0,-1.0,-1.0,-1.0,-1.0,-1.0,-1.0,-1.0,-1.0,-1.0,-1.0,-1.0,-1.0,-1.0,-1.0,-1.0,-1.0,-1.0,-1.0,-1.0,-1.0,-1.0,-1.0,-1.0,-1.0,-1.0,-1.0,-1.0,-1.0,-1.0,-1.0,-1.0,-1.0,-1.0,-1.0,-1.0,-1.0,-1.0,-1.0,-1.0,-1.0,-1.0,-1.0,-1.0,-1.0,-1.0,-1.0,-1.0,-1.0,-1.0,-1.0,-1.0,-1.0,-1.0,-1.0,-1.0,-1.0,-1.0,-1.0,-1.0,-1.0,-1.0,-1.0,-1.0,-1.0,-1.0,-1.0,-1.0,-1.0,-1.0,-1.0,-1.0,-1.0,-1.0,-1.0,-1.0,-1.0,-1.0,-1.0,-1.0,-1.0,-1.0,-1.0,-1.0,-1.0,-1.0,-1.0,-1.0,-1.0,-1.0,-1.0,-1.0,-1.0,-1.0,-1.0,-1.0,-1.0,-1.0,-1.0,-1.0,-1.0,-1.0,-1.0,-1.0,-1.0,-1.0,-1.0,-1.0,-1.0,-1.0,-1.0,-1.0,-1.0,-1.0,-1.0,-1.0,-1.0,-1.0,-1.0,-1.0,-1.0,-1.0,-1.0,-1.0,-1.0,-1.0,-1.0,-1.0,-1.0,-1.0,-1.0,-1.0,-1.0,-1.0,-1.0,-1.0,-1.0,-1.0,-1.0,-1.0,-1.0,-1.0,-1.0,-1.0,-1.0,-1.0,-1.0,-1.0,-1.0,-1.0,-1.0,-1.0,-1.0,-1.0,-1.0,-1.0,-1.0,-1.0,-1.0,-1.0,-1.0,-1.0,-1.0,-1.0,-1.0,-1.0,-1.0,-1.0,-1.0,-1.0,-1.0,-1.0,-1.0,-1.0,-1.0,-1.0,-1.0,-1.0,-1.0,-1.0,-1.0,-1.0,-1.0,-1.0,-1.0,-1.0,-1.0,-1.0,-1.0,-1.0,-1.0,-1.0,-1.0,-1.0,-1.0,-1.0,-1.0,-1.0,-1.0,-1.0,-1.0,-1.0,-1.0,-1.0,-1.0,-1.0,-1.0,-1.0,-1.0,-1.0,-1.0,-1.0,-1.0,-1.0,-1.0,-1.0,-1.0,-1.0,-1.0,-1.0,-1.0,-1.0,-1.0,-1.0,-1.0,-1.0,-1.0,-1.0,-1.0,-1.0,-1.0,-1.0,-1.0,-1.0,-1.0,-1.0,-1.0,-1.0,-1.0,-1.0,-1.0,-1.0,-1.0,-1.0,-1.0,-1.0,-1.0,-1.0,-1.0,-1.0,-1.0,-1.0,-1.0,-1.0,-1.0,-1.0,-1.0,-1.0,-1.0,-1.0,-1.0,-1.0,-1.0,-1.0,-1.0,-1.0,-1.0,-1.0,-1.0,-1.0,-1.0,-1.0,-1.0,-1.0,-1.0,-1.0,-1.0,-1.0,-1.0,-1.0,-1.0,-1.0,-1.0,-1.0,-1.0,-1.0,-1.0,-1.0,-1.0,-1.0,-1.0,-1.0,-1.0,-1.0,-1.0,-1.0,-1.0,-1.0,-1.0,-1.0,-1.0,-1.0,-1.0,-1.0,-1.0,-1.0,-1.0,-1.0,-1.0,-1.0,-1.0,-1.0,-1.0,-1.0,-1.0,-1.0,-1.0,-1.0,-1.0,-1.0,-1.0,-1.0,-1.0,-1.0,-1.0,-1.0,-1.0,-1.0,-1.0,-1.0,-1.0,-1.0,-1.0,-1.0,1.0,1.0,1.0,1.0,1.0,1.0,1.0,1.0,1.0,1.0,-1.0,-1.0,1.0
-1.0,-1.0,-1.0,-1.0,-1.0,-1.0,-1.0,-1.0,-1.0,-1.0,-1.0,-1.0,-1.0,-1.0,-1.0,-1.0,-1.0,-1.0,-1.0,-1.0,-1.0,-1.0,-1.0,-1.0,-1.0,-1.0,-1.0,-1.0,-1.0,-1.0,-1.0,-1.0,-1.0,-1.0,-1.0,-1.0,-1.0,-1.0,-1.0,-1.0,-1.0,-1.0,-1.0,-1.0,-1.0,-1.0,-1.0,-1.0,-1.0,-1.0,-1.0,-1.0,-1.0,-1.0,-1.0,-1.0,-1.0,-1.0,-1.0,-1.0,-1.0,-1.0,-1.0,-1.0,-1.0,-1.0,-1.0,-1.0,-1.0,-1.0,-1.0,-1.0,-1.0,-1.0,-1.0,-1.0,-1.0,-1.0,-1.0,-1.0,-1.0,-1.0,-1.0,-1.0,-1.0,-1.0,-1.0,-1.0,-1.0,-1.0,-1.0,-1.0,-1.0,-1.0,-1.0,-1.0,-1.0,-1.0,-1.0,-1.0,-1.0,-1.0,-1.0,-1.0,-1.0,-1.0,-1.0,-1.0,-1.0,-1.0,-1.0,-1.0,-1.0,-1.0,-1.0,-1.0,-1.0,-1.0,-1.0,-1.0,-1.0,-1.0,-1.0,-1.0,-1.0,-1.0,-1.0,-1.0,-1.0,-1.0,-1.0,-1.0,-1.0,-1.0,-1.0,-1.0,-1.0,-1.0,-1.0,-1.0,-1.0,-1.0,-1.0,-1.0,-1.0,-1.0,-1.0,-1.0,-1.0,-1.0,-1.0,-1.0,-1.0,-1.0,-1.0,-1.0,-1.0,-1.0,-1.0,-1.0,-1.0,-1.0,-1.0,-1.0,-1.0,-1.0,-1.0,-1.0,-1.0,-1.0,-1.0,-1.0,-1.0,-1.0,-1.0,-1.0,-1.0,-1.0,-1.0,-1.0,-1.0,-1.0,-1.0,-1.0,-1.0,-1.0,-1.0,-1.0,-1.0,-1.0,-1.0,-1.0,-1.0,-1.0,-1.0,-1.0,-1.0,-1.0,-1.0,-1.0,-1.0,-1.0,-1.0,-1.0,-1.0,-1.0,-1.0,-1.0,-1.0,-1.0,-1.0,-1.0,-1.0,-1.0,-1.0,-1.0,-1.0,-1.0,-1.0,-1.0,-1.0,-1.0,-1.0,-1.0,-1.0,-1.0,-1.0,-1.0,-1.0,-1.0,-1.0,-1.0,-1.0,-1.0,-1.0,-1.0,-1.0,-1.0,-1.0,-1.0,-1.0,-1.0,-1.0,-1.0,-1.0,-1.0,-1.0,-1.0,-1.0,-1.0,-1.0,-1.0,-1.0,-1.0,-1.0,-1.0,-1.0,-1.0,-1.0,-1.0,-1.0,-1.0,-1.0,-1.0,-1.0,-1.0,-1.0,-1.0,-1.0,-1.0,-1.0,-1.0,-1.0,-1.0,-1.0,-1.0,-1.0,-1.0,-1.0,-1.0,-1.0,-1.0,-1.0,-1.0,-1.0,-1.0,-1.0,-1.0,-1.0,-1.0,-1.0,-1.0,-1.0,-1.0,-1.0,-1.0,-1.0,-1.0,-1.0,-1.0,-1.0,-1.0,-1.0,-1.0,-1.0,-1.0,-1.0,-1.0,-1.0,-1.0,-1.0,-1.0,-1.0,-1.0,-1.0,-1.0,-1.0,-1.0,-1.0,-1.0,-1.0,-1.0,-1.0,-1.0,-1.0,-1.0,-1.0,-1.0,-1.0,-1.0,-1.0,-1.0,-1.0,-1.0,-1.0,-1.0,-1.0,-1.0,-1.0,-1.0,-1.0,-1.0,-1.0,-1.0,-1.0,-1.0,-1.0,-1.0,-1.0,-1.0,-1.0,-1.0,-1.0,-1.0,-1.0,-1.0,-1.0,-1.0,-1.0,-1.0,-1.0,-1.0,-1.0,-1.0,-1.0,-1.0,-1.0,-1.0,-1.0,-1.0,-1.0,-1.0,-1.0,-1.0,-1.0,-1.0,-1.0,-1.0,-1.0,-1.0,-1.0,-1.0,-1.0,-1.0,-1.0,-1.0,-1.0,-1.0,-1.0,-1.0,-1.0,-1.0,-1.0,-1.0,-1.0,-1.0,-1.0,-1.0
-1.0,-1.0,-1.0,-1.0,-1.0,-1.0,-1.0,-1.0,-1.0,-1.0,-1.0,-1.0,-1.0,-1.0,-1.0,-1.0,-1.0,-1.0,-1.0,-1.0,-1.0,-1.0,-1.0,-1.0,-1.0,-1.0,-1.0,-1.0,-1.0,-1.0,-1.0,-1.0,-1.0,-1.0,-1.0,-1.0,-1.0,-1.0,-1.0,-1.0,-1.0,-1.0,-1.0,-1.0,-1.0,-1.0,-1.0,-1.0,-1.0,-1.0,-1.0,-1.0,-1.0,-1.0,-1.0,-1.0,-1.0,-1.0,-1.0,-1.0,-1.0,-1.0,-1.0,-1.0,-1.0,-1.0,-1.0,-1.0,-1.0,-1.0,-1.0,-1.0,-1.0,-1.0,-1.0,-1.0,-1.0,-1.0,-1.0,-1.0,-1.0,-1.0,-1.0,-1.0,-1.0,-1.0,-1.0,-1.0,-1.0,-1.0,-1.0,-1.0,-1.0,-1.0,-1.0,-1.0,-1.0,-1.0,-1.0,-1.0,-1.0,-1.0,-1.0,-1.0,-1.0,-1.0,-1.0,-1.0,-1.0,-1.0,-1.0,-1.0,-1.0,-1.0,-1.0,-1.0,-1.0,-1.0,-1.0,-1.0,-1.0,-1.0,-1.0,-1.0,-1.0,-1.0,-1.0,-1.0,-1.0,-1.0,-1.0,-1.0,-1.0,-1.0,-1.0,-1.0,-1.0,-1.0,-1.0,-1.0,-1.0,-1.0,-1.0,-1.0,-1.0,-1.0,-1.0,-1.0,-1.0,-1.0,-1.0,-1.0,-1.0,-1.0,-1.0,-1.0,-1.0,-1.0,-1.0,-1.0,-1.0,-1.0,-1.0,-1.0,-1.0,-1.0,-1.0,-1.0,-1.0,-1.0,-1.0,-1.0,-1.0,-1.0,-1.0,-1.0,-1.0,-1.0,-1.0,-1.0,-1.0,-1.0,-1.0,-1.0,-1.0,-1.0,-1.0,-1.0,-1.0,-1.0,-1.0,-1.0,-1.0,-1.0,-1.0,-1.0,-1.0,-1.0,-1.0,-1.0,-1.0,-1.0,-1.0,-1.0,-1.0,-1.0,-1.0,-1.0,-1.0,-1.0,-1.0,-1.0,-1.0,-1.0,-1.0,-1.0,-1.0,-1.0,-1.0,-1.0,-1.0,-1.0,-1.0,-1.0,-1.0,-1.0,-1.0,-1.0,-1.0,-1.0,-1.0,-1.0,-1.0,-1.0,-1.0,-1.0,-1.0,-1.0,-1.0,-1.0,-1.0,-1.0,-1.0,-1.0,-1.0,-1.0,-1.0,-1.0,-1.0,-1.0,-1.0,-1.0,-1.0,-1.0,-1.0,-1.0,-1.0,-1.0,-1.0,-1.0,-1.0,-1.0,-1.0,-1.0,-1.0,-1.0,-1.0,-1.0,-1.0,-1.0,-1.0,-1.0,-1.0,-1.0,-1.0,-1.0,-1.0,-1.0,-1.0,-1.0,-1.0,-1.0,-1.0,-1.0,-1.0,-1.0,-1.0,-1.0,-1.0,-1.0,-1.0,-1.0,-1.0,-1.0,-1.0,-1.0,-1.0,-1.0,-1.0,-1.0,-1.0,-1.0,-1.0,-1.0,-1.0,-1.0,-1.0,-1.0,-1.0,-1.0,-1.0,-1.0,-1.0,-1.0,-1.0,-1.0,-1.0,-1.0,-1.0,-1.0,-1.0,-1.0,-1.0,-1.0,-1.0,-1.0,-1.0,-1.0,-1.0,-1.0,-1.0,-1.0,-1.0,-1.0,-1.0,-1.0,-1.0,-1.0,-1.0,-1.0,-1.0,-1.0,-1.0,-1.0,-1.0,-1.0,-1.0,-1.0,-1.0,-1.0,-1.0,-1.0,-1.0,-1.0,-1.0,-1.0,-1.0,-1.0,-1.0,-1.0,-1.0,-1.0,-1.0,-1.0,-1.0,-1.0,-1.0,-1.0,-1.0,-1.0,-1.0,-1.0,-1.0,-1.0,-1.0,-1.0,-1.0,-1.0,-1.0,-1.0,-1.0,-1.0,-1.0,-1.0,-1.0,-1.0,-1.0,-1.0,-1.0,-1.0,-1.0,-1.0,-1.0,-1.0,-1.0,-1.0,-1.0,-1.0
-1.0,-1.0,-1.0,-1.0,-1.0,-1.0,-1.0,-1.0,-1.0,-1.0,-1.0,-1.0,-1.0,-1.0,-1.0,-1.0,-1.0,-1.0,-1.0,-1.0,-1.0,-1.0,-1.0,-1.0,-1.0,-1.0,-1.0,-1.0,-1.0,-1.0,-1.0,-1.0,-1.0,-1.0,-1.0,-1.0,-1.0,-1.0,-1.0,-1.0,-1.0,-1.0,-1.0,-1.0,-1.0,-1.0,-1.0,-1.0,-1.0,-1.0,-1.0,-1.0,-1.0,-1.0,-1.0,-1.0,-1.0,-1.0,-1.0,-1.0,-1.0,-1.0,-1.0,-1.0,-1.0,-1.0,-1.0,-1.0,-1.0,-1.0,-1.0,-1.0,-1.0,-1.0,-1.0,-1.0,-1.0,-1.0,-1.0,-1.0,-1.0,-1.0,-1.0,-1.0,-1.0,-1.0,-1.0,-1.0,-1.0,-1.0,-1.0,-1.0,-1.0,-1.0,-1.0,-1.0,-1.0,-1.0,-1.0,-1.0,-1.0,-1.0,-1.0,-1.0,-1.0,-1.0,-1.0,-1.0,-1.0,-1.0,-1.0,-1.0,-1.0,-1.0,-1.0,-1.0,-1.0,-1.0,-1.0,-1.0,-1.0,-1.0,-1.0,-1.0,-1.0,-1.0,-1.0,-1.0,-1.0,-1.0,-1.0,-1.0,-1.0,-1.0,-1.0,-1.0,-1.0,-1.0,-1.0,-1.0,-1.0,-1.0,-1.0,-1.0,-1.0,-1.0,-1.0,-1.0,-1.0,-1.0,-1.0,-1.0,-1.0,-1.0,-1.0,-1.0,-1.0,-1.0,-1.0,-1.0,-1.0,-1.0,-1.0,-1.0,-1.0,-1.0,-1.0,-1.0,-1.0,-1.0,-1.0,-1.0,-1.0,-1.0,-1.0,-1.0,-1.0,-1.0,-1.0,-1.0,-1.0,-1.0,-1.0,-1.0,-1.0,-1.0,-1.0,-1.0,-1.0,-1.0,-1.0,-1.0,-1.0,-1.0,-1.0,-1.0,-1.0,-1.0,-1.0,-1.0,-1.0,-1.0,-1.0,-1.0,-1.0,-1.0,-1.0,-1.0,-1.0,-1.0,-1.0,-1.0,-1.0,-1.0,-1.0,-1.0,-1.0,-1.0,-1.0,-1.0,-1.0,-1.0,-1.0,-1.0,-1.0,-1.0,-1.0,-1.0,-1.0,-1.0,-1.0,-1.0,-1.0,-1.0,-1.0,-1.0,-1.0,-1.0,-1.0,-1.0,-1.0,-1.0,-1.0,-1.0,-1.0,-1.0,-1.0,-1.0,-1.0,-1.0,-1.0,-1.0,-1.0,-1.0,-1.0,-1.0,-1.0,-1.0,-1.0,-1.0,-1.0,-1.0,-1.0,-1.0,-1.0,-1.0,-1.0,-1.0,-1.0,-1.0,-1.0,-1.0,-1.0,-1.0,-1.0,-1.0,-1.0,-1.0,-1.0,-1.0,-1.0,-1.0,-1.0,-1.0,-1.0,-1.0,-1.0,-1.0,-1.0,-1.0,-1.0,-1.0,-1.0,-1.0,-1.0,-1.0,-1.0,-1.0,-1.0,-1.0,-1.0,-1.0,-1.0,-1.0,-1.0,-1.0,-1.0,-1.0,-1.0,-1.0,-1.0,-1.0,-1.0,-1.0,-1.0,-1.0,-1.0,-1.0,-1.0,-1.0,-1.0,-1.0,-1.0,-1.0,-1.0,-1.0,-1.0,-1.0,-1.0,-1.0,-1.0,-1.0,-1.0,-1.0,-1.0,-1.0,-1.0,-1.0,-1.0,-1.0,-1.0,-1.0,-1.0,-1.0,-1.0,-1.0,-1.0,-1.0,-1.0,-1.0,-1.0,-1.0,-1.0,-1.0,-1.0,-1.0,-1.0,-1.0,-1.0,-1.0,-1.0,-1.0,-1.0,-1.0,-1.0,-1.0,-1.0,-1.0,-1.0,-1.0,-1.0,-1.0,-1.0,-1.0,-1.0,-1.0,-1.0,-1.0,-1.0,-1.0,-1.0,-1.0,-1.0,-1.0,-1.0,-1.0,-1.0,-1.0,-1.0,-1.0,-1.0,-1.0,-1.0,-1.0,-1.0,-1.0,-1.0,-1.0
-1.0,-1.0,-1.0,-1.0,-1.0,-1.0,-1.0,-1.0,-1.0,-1.0,-1.0,-1.0,-1.0,-1.0,-1.0,-1.0,-1.0,-1.0,-1.0,-1.0,-1.0,-1.0,-1.0,-1.0,-1.0,-1.0,-1.0,-1.0,-1.0,-1.0,-1.0,-1.0,-1.0,-1.0,-1.0,-1.0,-1.0,-1.0,-1.0,-1.0,-1.0,-1.0,-1.0,-1.0,-1.0,-1.0,-1.0,-1.0,-1.0,-1.0,-1.0,-1.0,-1.0,-1.0,-1.0,-1.0,-1.0,-1.0,-1.0,-1.0,-1.0,-1.0,-1.0,-1.0,-1.0,-1.0,-1.0,-1.0,-1.0,-1.0,-1.0,-1.0,-1.0,-1.0,-1.0,-1.0,-1.0,-1.0,-1.0,-1.0,-1.0,-1.0,-1.0,-1.0,-1.0,-1.0,-1.0,-1.0,-1.0,-1.0,-1.0,-1.0,-1.0,-1.0,-1.0,-1.0,-1.0,-1.0,-1.0,-1.0,-1.0,-1.0,-1.0,-1.0,-1.0,-1.0,-1.0,-1.0,-1.0,-1.0,-1.0,-1.0,-1.0,-1.0,-1.0,-1.0,-1.0,-1.0,-1.0,-1.0,-1.0,-1.0,-1.0,-1.0,-1.0,-1.0,-1.0,-1.0,-1.0,-1.0,-1.0,-1.0,-1.0,-1.0,-1.0,-1.0,-1.0,-1.0,-1.0,-1.0,-1.0,-1.0,-1.0,-1.0,-1.0,-1.0,-1.0,-1.0,-1.0,-1.0,-1.0,-1.0,-1.0,-1.0,-1.0,-1.0,1.0,1.0,1.0,1.0,1.0,1.0,1.0,-1.0,-1.0,-1.0,-1.0,-1.0,-1.0,-1.0,-1.0,-1.0,-1.0,-1.0,-1.0,-1.0,-1.0,-1.0,-1.0,-1.0,-1.0,-1.0,-1.0,-1.0,-1.0,-1.0,-1.0,-1.0,-1.0,-1.0,-1.0,-1.0,-1.0,-1.0,-1.0,-1.0,-1.0,-1.0,-1.0,-1.0,-1.0,-1.0,-1.0,-1.0,1.0,1.0,1.0,1.0,1.0,1.0,1.0,-1.0,-1.0,-1.0,-1.0,-1.0,-1.0,-1.0,-1.0,-1.0,-1.0,-1.0,-1.0,-1.0,-1.0,-1.0,-1.0,-1.0,-1.0,-1.0,-1.0,-1.0,-1.0,-1.0,-1.0,-1.0,-1.0,-1.0,-1.0,-1.0,-1.0,-1.0,-1.0,-1.0,-1.0,-1.0,-1.0,-1.0,-1.0,-1.0,-1.0,-1.0,-1.0,-1.0,-1.0,-1.0,-1.0,-1.0,-1.0,-1.0,-1.0,-1.0,-1.0,-1.0,-1.0,-1.0,-1.0,-1.0,-1.0,-1.0,1.0,1.0,-1.0,-1.0,-1.0,-1.0,-1.0,-1.0,-1.0,-1.0,-1.0,-1.0,-1.0,-1.0,-1.0,-1.0,-1.0,-1.0,-1.0,-1.0,-1.0,-1.0,-1.0,-1.0,-1.0,-1.0,-1.0,-1.0,-1.0,-1.0,-1.0,-1.0,-1.0,-1.0,-1.0,-1.0,-1.0,-1.0,-1.0,-1.0,-1.0,-1.0,-1.0,-1.0,-1.0,-1.0,-1.0,-1.0,-1.0,-1.0,-1.0,-1.0,-1.0,-1.0,-1.0,-1.0,-1.0,-1.0,-1.0,-1.0,-1.0,-1.0,-1.0,-1.0,-1.0,-1.0,-1.0,-1.0,-1.0,-1.0,-1.0,-1.0,-1.0,-1.0,-1.0,-1.0,-1.0,-1.0,-1.0,-1.0,-1.0,-1.0,-1.0,-1.0,-1.0,-1.0,-1.0,-1.0,-1.0,-1.0,-1.0,-1.0,-1.0,-1.0,-1.0,-1.0,-1.0,-1.0,-1.0,-1.0,-1.0,-1.0,-1.0,-1.0,-1.0,-1.0,-1.0,-1.0,-1.0,-1.0,-1.0,-1.0,-1.0,-1.0,-1.0,1.0,1.0,1.0,1.0,1.0,1.0,1.0,1.0,1.0,1.0,-1.0,-1.0,1.0
1.337810426714739,1.337810426714739,1.337810426714739,1.337810426714739,1.194796140304505,1.194796140304505,1.1953569806433686,1.186453640263908,1.186453640263908,1.186453640263908,1.186453640263908,1.186453640263908,1.186453640263908,1.186453640263908,1.186453640263908,1.1648312421995037,1.1606122376991321,1.1606122376991321,1.1606122376991321,1.1606122376991321,1.1606122376991321,1.1606122376991321,1.1606122376991321,1.1606122376991321,1.1606122376991321,1.1606122376991321,1.1606122376991321,1.1606122376991321,1.1606122376991321,1.1606122376991321,1.1606122376991321,1.1606122376991321,1.1606122376991321,1.1606122376991321,1.1606122376991321,1.337810426714739,1.337810426714739,1.337810426714739,1.337810426714739,1.337810426714739,1.337810426714739,1.337810426714739,1.337810426714739,1.337810426714739,1.337810426714739,1.337810426714739,1.337810426714739,1.337810426714739,1.337810426714739,1.337810426714739,1.337810426714739,1.337810426714739,1.337810426714739,1.337810426714739,1.337810426714739,1.337810426714739,1.337810426714739,1.337810426714739,1.337810426714739,1.337810426714739,1.337810426714739,1.0149159489529662,0.991852057684268,0.991852057684268,0.991852057684268,0.991852057684268,0.991852057684268,0.991852057684268,0.991852057684268,1.1648312421995037,1.1515251510829472,1.1515251510829472,1.1515251510829472,1.1515251510829472,1.1515251510829472,1.1515251510829472,1.1515251510829472,1.1515251510829472,1.203271060980667,1.1953569806433686,1.1953569806433686,1.1953569806433686,1.1953569806433686,1.1953569806433686,1.1953569806433686,1.1953569806433686,1.1953569806433686,1.1953569806433686,1.337810426714739,1.337810426714739,1.337810426714739,1.337810426714739,1.0583825132670508,1.0472053967291435,1.0472053967291435,1.0472053967291435,1.0472053967291435,1.0472053967291435,1.0472053967291435,1.0472053967291435,1.0472053967291435,1.0472053967291435,1.0472053967291435,1.0472053967291435,1.0472053967291435,1.0472053967291435,1.0472053967291435,1.0472053967291435,1.1176551009680757,1.1071715140277585,1.1071715140277585,1.1071715140277585,1.1071715140277585,1.1071715140277585,1.1071715140277585,1.1071715140277585,1.1071715140277585,1.1071715140277585,1.1071715140277585,1.1071715140277585,1.1071715140277585,1.1071715140277585,1.194796140304505,1.337810426714739,1.337810426714739,1.337810426714739,1.337810426714739,1.337810426714739,1.337810426714739,1.337810426714739,1.337810426714739,1.337810426714739,1.337810426714739,1.337810426714739,1.337810426714739,1.337810426714739,1.337810426714739,1.337810426714739,1.337810426714739,1.337810426714739,1.337810426714739,1.194796140304505,1.337810426714739,1.337810426714739,1.337810426714739,1.337810426714739,1.194796140304505,1.194796140304505,1.194796140304505,1.194796140304505,1.337810426714739,1.337810426714739,1.337810426714739,1.337810426714739,1.337810426714739,1.337810426714739,0.5672667866014172,0.5672667866014172,0.5672667866014172,0.5672667866014172,0.5672667866014172,0.5672667866014172,0.5672667866014172,0.5672667866014172,0.5672667866014172,0.5672667866014172,0.5672667866014172,0.5672667866014172,0.5672667866014172,0.5672667866014172,0.645893688653797,0.645893688653797,-0.27666196209412575,-0.27666196209412575,-0.6399182495761204,-0.80447024305087,-0.80447024305087,-0.814819425030414,-0.814819425030414,-0.1152147232132392,-0.1152147232132392,-0.007583230625981649,-0.007583230625981649,-0.6435875050052313,-0.6435875050052313,-0.6399182495761204,-0.80447024305087,-0.80447024305087,-0.814819425030414,-0.814819425030414,-0.1152147232132392,-0.1152147232132392,-0.007583230625981649,-0.007583230625981649,-1.0838981564985581,-1.0838981564985581,1.337810426714739,1.337810426714739,1.337810426714739,1.337810426714739,1.337810426714739,-0.5073008747811064,-0.5073008747811064,-0.5073008747811064,0.05127774188267494,0.009776687533253486,0.12695613510809048,0.12695613510809048,0.12695613510809048,0.009776687533253486,-0.10798574236782642,1.337810426714739,1.337810426714739,0.5305742323103066,0.5305742323103066,0.5305742323103066,-0.5679689365965949,-0.1298917449296835,-0.1298917449296835,-0.1298917449296835,-0.1298917449296835,-0.1298917449296835,-0.1298917449296835,-0.1298917449296835,-0.1298917449296835,-0.1298917449296835,-0.17575743779357167,-0.17575743779357167,-0.08672403399896521,-0.5679689365965949,-0.5679689365965949,-0.5679689365965949,-0.5679689365965949,-0.5679689365965949,-0.5679689365965949,-0.5679689365965949,-0.5679689365965949,-0.5679689365965949,-0.7893660315131571,-0.7893660315131571,-0.7893660315131571,-0.5679689365965949,-0.5679689365965949,-0.4112013278281978,-0.4112013278281978,-0.4112013278281978,-0.4112013278281978,-0.4112013278281978,-0.4112013278281978,-0.4112013278281978,0.06322696186563523,0.06322696186563523,0.06322696186563523,0.06322696186563523,0.06322696186563523,0.06322696186563523,-0.47847101069523384,-0.47847101069523384,-0.47847101069523384,-0.39198141843761614,-0.39198141843761614,-0.27666196209412575,-0.27666196209412575,0.7323832809114148,0.7323832809114148,0.7323832809114148,0.7323832809114148,0.677344449474749,-0.32711422424440273,-0.32711422424440273,0.5305742323103066,0.5305742323103066,1.337810426714739,1.337810426714739,-0.423432179258568,-0.423432179258568,-0.27666196209412575,-0.27666196209412575,-0.27666196209412575,-0.34685641378146764,-0.34685641378146764,-0.27666196209412575,-0.27666196209412575,-0.27666196209412575,0.12695613510809048,0.01687847223475875,0.01687847223475875,0.01687847223475875,-0.27666196209412575,-0.27666196209412575,-0.27666196209412575,-0.47847101069523384,-0.47847101069523384,-0.27666196209412575,-0.27666196209412575,-0.27666196209412575,0.033813497292194496,0.033813497292194496,-0.3775664863946797,-0.3775664863946797,-0.27666196209412575,-0.27666196209412575,-0.27666196209412575,-0.27666196209412575,-0.27666196209412575,-0.27666196209412575,-0.27666196209412575,-0.27666196209412575,-0.23630015237390417,-0.23630015237390417,-0.27666196209412575,-0.27666196209412575,-0.27666196209412575,-0.4629472377259179,-0.4629472377259179,-0.27666196209412575,-0.27666196209412575,-0.27666196209412575,-0.3387570539713897,-0.3387570539713897,-0.6802800592963419,-0.6802800592963419,-0.6802800592963419,-0.6802800592963419,-0.7989912643558174,-0.7989912643558174,-0.7989912643558174,-0.7989912643558174,-0.27666196209412575,-0.27666196209412575,-0.27666196209412575,-0.6641353354082533,-0.6641353354082533,-0.6641353354082533,-0.7989912643558174,-0.7989912643558174,-0.7989912643558174,-0.7989912643558174,1.337810426714739,1.337810426714739,1.337810426714739,1.337810426714739,1.337810426714739,1.337810426714739,1.337810426714739,1.337810426714739,1.337810426714739,1.337810426714739,-0.23630015237390417,-0.39198141843761614,-0.39198141843761614,-0.27666196209412575,-0.27666196209412575,-0.7379397874680871,-0.7379397874680871,-0.007583230625981649,-0.007583230625981649,-0.3387570539713897,-0.3387570539713897,0.12695613510809048,0.12695613510809048,-0.27666196209412575,-0.27666196209412575,-0.27666196209412575,-0.27666196209412575,0.677344449474749,0.677344449474749,0.677344449474749,0.677344449474749,-0.17575743779357167,-0.17575743779357167,-0.17575743779357167,-0.17575743779357167,-0.5073008747811064,-0.5073008747811064,-0.5073008747811064,-0.5073008747811064,-0.17575743779357167,-0.27666196209412575,-0.27666196209412575,-0.47847101069523384,0.4296697080097526,1.337810426714739,1.337810426714739,-0.17575743779357167,0.6651135980443788,0.6651135980443788,0.6651135980443788,0.6651135980443788,0.6651135980443788,0.6651135980443788,0.6651135980443788,0.6651135980443788,0.6651135980443788,0.6651135980443788,0.3691269934294201,0.3691269934294201,-0.2024198011489006
1.4516825767754173,1.4516825767754173,1.4516825767754173,1.4516825767754173,1.1872115322378223,1.1872115322378223,1.1882172413131853,1.1722808319356757,1.1722808319356757,1.1722808319356757,1.1722808319356757,1.1722808319356757,1.1722808319356757,1.1722808319356757,1.1722808319356757,1.1338378005521959,1.1263796145809324,1.1263796145809324,1.1263796145809324,1.1263796145809324,1.1263796145809324,1.1263796145809324,1.1263796145809324,1.1263796145809324,1.1263796145809324,1.1263796145809324,1.1263796145809324,1.1263796145809324,1.1263796145809324,1.1263796145809324,1.1263796145809324,1.1263796145809324,1.1263796145809324,1.1263796145809324,1.1263796145809324,1.4516825767754173,1.4516825767754173,1.4516825767754173,1.4516825767754173,1.4516825767754173,1.4516825767754173,1.4516825767754173,1.4516825767754173,1.4516825767754173,1.4516825767754173,1.4516825767754173,1.4516825767754173,1.4516825767754173,1.4516825767754173,1.4516825767754173,1.4516825767754173,1.4516825767754173,1.4516825767754173,1.4516825767754173,1.4516825767754173,1.4516825767754173,1.4516825767754173,1.4516825767754173,1.4516825767754173,1.4516825767754173,1.4516825767754173,0.8774168543349103,0.8395370818269903,0.8395370818269903,0.8395370818269903,0.8395370818269903,0.8395370818269903,0.8395370818269903,0.8395370818269903,1.1338378005521959,1.110363400029026,1.110363400029026,1.110363400029026,1.110363400029026,1.110363400029026,1.110363400029026,1.110363400029026,1.110363400029026,1.2024353014106137,1.1882172413131853,1.1882172413131853,1.1882172413131853,1.1882172413131853,1.1882172413131853,1.1882172413131853,1.1882172413131853,1.1882172413131853,1.1882172413131853,1.4516825767754173,1.4516825767754173,1.4516825767754173,1.4516825767754173,0.9499433869582212,0.9311517183632719,0.9311517183632719,0.9311517183632719,0.9311517183632719,0.9311517183632719,0.9311517183632719,0.9311517183632719,0.9311517183632719,0.9311517183632719,0.9311517183632719,0.9311517183632719,0.9311517183632719,0.9311517183632719,0.9311517183632719,0.9311517183632719,1.0512390203215511,1.033121554588459,1.033121554588459,1.033121554588459,1.033121554588459,1.033121554588459,1.033121554588459,1.033121554588459,1.033121554588459,1.033121554588459,1.033121554588459,1.033121554588459,1.033121554588459,1.033121554588459,1.1872115322378223,1.4516825767754173,1.4516825767754173,1.4516825767754173,1.4516825767754173,1.4516825767754173,1.4516825767754173,1.4516825767754173,1.4516825767754173,1.4516825767754173,1.4516825767754173,1.4516825767754173,1.4516825767754173,1.4516825767754173,1.4516825767754173,1.4516825767754173,1.4516825767754173,1.4516825767754173,1.4516825767754173,1.1872115322378223,1.4516825767754173,1.4516825767754173,1.4516825767754173,1.4516825767754173,1.1872115322378223,1.1872115322378223,1.1872115322378223,1.1872115322378223,1.4516825767754173,1.4516825767754173,1.4516825767754173,1.4516825767754173,1.4516825767754173,1.4516825767754173,0.21698161104266347,0.21698161104266347,0.21698161104266347,0.21698161104266347,0.21698161104266347,0.21698161104266347,0.21698161104266347,0.21698161104266347,0.21698161104266347,0.21698161104266347,0.21698161104266347,0.21698161104266347,0.21698161104266347,0.21698161104266347,0.32156781687062913,0.32156781687062913,-0.59926643194068,-0.59926643194068,-0.7780835486381147,-0.8249163321230168,-0.8249163321230168,-0.8271496551313574,-0.8271496551313574,-0.4864642364612945,-0.4864642364612945,-0.3998686116488372,-0.3998686116488372,-0.7793600948961223,-0.7793600948961223,-0.7780835486381147,-0.8249163321230168,-0.8249163321230168,-0.8271496551313574,-0.8271496551313574,-0.4864642364612945,-0.4864642364612945,-0.3998686116488372,-0.3998686116488372,-0.8556350580301921,-0.8556350580301921,1.4516825767754173,1.4516825767754173,1.4516825767754173,1.4516825767754173,1.4516825767754173,-0.7248347385967676,-0.7248347385967676,-0.7248347385967676,-0.3486560855387252,-0.3850479025443446,-0.2788056493287897,-0.2788056493287897,-0.2788056493287897,-0.3850479025443446,-0.4809336644518251,1.4516825767754173,1.4516825767754173,0.16983944632785655,0.16983944632785655,0.16983944632785655,-0.7509116243597145,-0.49756648109525364,-0.49756648109525364,-0.49756648109525364,-0.49756648109525364,-0.49756648109525364,-0.49756648109525364,-0.49756648109525364,-0.49756648109525364,-0.49756648109525364,-0.5311685156356533,-0.5311685156356533,-0.46442895385899885,-0.7509116243597145,-0.7509116243597145,-0.7509116243597145,-0.7509116243597145,-0.7509116243597145,-0.7509116243597145,-0.7509116243597145,-0.7509116243597145,-0.7509116243597145,-0.8215056335562596,-0.8215056335562596,-0.8215056335562596,-0.7509116243597145,-0.7509116243597145,-0.6776012899124753,-0.6776012899124753,-0.6776012899124753,-0.6776012899124753,-0.6776012899124753,-0.6776012899124753,-0.6776012899124753,-0.3379266690571884,-0.3379266690571884,-0.3379266690571884,-0.3379266690571884,-0.3379266690571884,-0.3379266690571884,-0.7114277058548415,-0.7114277058548415,-0.7114277058548415,-0.6672825980460608,-0.6672825980460608,-0.59926643194068,-0.59926643194068,0.4422311115479633,0.4422311115479633,0.4422311115479633,0.4422311115479633,0.36476435211492375,-0.6303110702562068,-0.6303110702562068,0.16983944632785655,0.16983944632785655,1.4516825767754173,1.4516825767754173,-0.6840163909785353,-0.6840163909785353,-0.59926643194068,-0.59926643194068,-0.59926643194068,-0.6419137648251356,-0.6419137648251356,-0.59926643194068,-0.59926643194068,-0.59926643194068,-0.2788056493287897,-0.3789165384422563,-0.3789165384422563,-0.3789165384422563,-0.59926643194068,-0.59926643194068,-0.59926643194068,-0.7114277058548415,-0.7114277058548415,-0.59926643194068,-0.59926643194068,-0.59926643194068,-0.3641354435153876,-0.3641354435153876,-0.6593528286804093,-0.6593528286804093,-0.59926643194068,-0.59926643194068,-0.59926643194068,-0.59926643194068,-0.59926643194068,-0.59926643194068,-0.59926643194068,-0.59926643194068,-0.5729886477665049,-0.5729886477665049,-0.59926643194068,-0.59926643194068,-0.59926643194068,-0.7039376461429069,-0.7039376461429069,-0.59926643194068,-0.59926643194068,-0.59926643194068,-0.6371907849125014,-0.6371907849125014,-0.791542901507814,-0.791542901507814,-0.791542901507814,-0.791542901507814,-0.8236998658529519,-0.8236998658529519,-0.8236998658529519,-0.8236998658529519,-0.59926643194068,-0.59926643194068,-0.59926643194068,-0.786312981535588,-0.786312981535588,-0.786312981535588,-0.8236998658529519,-0.8236998658529519,-0.8236998658529519,-0.8236998658529519,1.4516825767754173,1.4516825767754173,1.4516825767754173,1.4516825767754173,1.4516825767754173,1.4516825767754173,1.4516825767754173,1.4516825767754173,1.4516825767754173,1.4516825767754173,-0.5729886477665049,-0.6672825980460608,-0.6672825980460608,-0.59926643194068,-0.59926643194068,-0.8085469430341592,-0.8085469430341592,-0.3998686116488372,-0.3998686116488372,-0.6371907849125014,-0.6371907849125014,-0.2788056493287897,-0.2788056493287897,-0.59926643194068,-0.59926643194068,-0.59926643194068,-0.59926643194068,0.36476435211492375,0.36476435211492375,0.36476435211492375,0.36476435211492375,-0.5311685156356533,-0.5311685156356533,-0.5311685156356533,-0.5311685156356533,-0.7248347385967676,-0.7248347385967676,-0.7248347385967676,-0.7248347385967676,-0.5311685156356533,-0.59926643194068,-0.59926643194068,-0.7114277058548415,0.045660893065749136,1.4516825767754173,1.4516825767754173,-0.5311685156356533,0.34787321444557334,0.34787321444557334,0.34787321444557334,0.34787321444557334,0.34787321444557334,0.34787321444557334,0.34787321444557334,0.34787321444557334,0.34787321444557334,0.34787321444557334,-0.02500070950017269,-0.02500070950017269,-0.5499410481807885
1.4965912411460476,1.4965912411460476,1.4965912411460476,1.4965912411460476,1.1176310981114825,1.1176310981114825,1.119028071720763,1.0969321950785909,1.0969321950785909,1.0969321950785909,1.0969321950785909,1.0969321950785909,1.0969321950785909,1.0969321950785909,1.0969321950785909,1.0439881143023126,1.0337754452145795,1.0337754452145795,1.0337754452145795,1.0337754452145795,1.0337754452145795,1.0337754452145795,1.0337754452145795,1.0337754452145795,1.0337754452145795,1.0337754452145795,1.0337754452145795,1.0337754452145795,1.0337754452145795,1.0337754452145795,1.0337754452145795,1.0337754452145795,1.0337754452145795,1.0337754452145795,1.0337754452145795,1.4965912411460476,1.4965912411460476,1.4965912411460476,1.4965912411460476,1.4965912411460476,1.4965912411460476,1.4965912411460476,1.4965912411460476,1.4965912411460476,1.4965912411460476,1.4965912411460476,1.4965912411460476,1.4965912411460476,1.4965912411460476,1.4965912411460476,1.4965912411460476,1.4965912411460476,1.4965912411460476,1.4965912411460476,1.4965912411460476,1.4965912411460476,1.4965912411460476,1.4965912411460476,1.4965912411460476,1.4965912411460476,1.4965912411460476,0.7041157421902631,0.6559243730048503,0.6559243730048503,0.6559243730048503,0.6559243730048503,0.6559243730048503,0.6559243730048503,0.6559243730048503,1.0439881143023126,1.0119089898396139,1.0119089898396139,1.0119089898396139,1.0119089898396139,1.0119089898396139,1.0119089898396139,1.0119089898396139,1.0119089898396139,1.1388143164205797,1.119028071720763,1.119028071720763,1.119028071720763,1.119028071720763,1.119028071720763,1.119028071720763,1.119028071720763,1.119028071720763,1.119028071720763,1.4965912411460476,1.4965912411460476,1.4965912411460476,1.4965912411460476,0.7978582194732057,0.7733853662789548,0.7733853662789548,0.7733853662789548,0.7733853662789548,0.7733853662789548,0.7733853662789548,0.7733853662789548,0.7733853662789548,0.7733853662789548,0.7733853662789548,0.7733853662789548,0.7733853662789548,0.7733853662789548,0.7733853662789548,0.7733853662789548,0.9319608256708879,0.9077076548890761,0.9077076548890761,0.9077076548890761,0.9077076548890761,0.9077076548890761,0.9077076548890761,0.9077076548890761,0.9077076548890761,0.9077076548890761,0.9077076548890761,0.9077076548890761,0.9077076548890761,0.9077076548890761,1.1176310981114825,1.4965912411460476,1.4965912411460476,1.4965912411460476,1.4965912411460476,1.4965912411460476,1.4965912411460476,1.4965912411460476,1.4965912411460476,1.4965912411460476,1.4965912411460476,1.4965912411460476,1.4965912411460476,1.4965912411460476,1.4965912411460476,1.4965912411460476,1.4965912411460476,1.4965912411460476,1.4965912411460476,1.1176310981114825,1.4965912411460476,1.4965912411460476,1.4965912411460476,1.4965912411460476,1.1176310981114825,1.1176310981114825,1.1176310981114825,1.1176310981114825,1.4965912411460476,1.4965912411460476,1.4965912411460476,1.4965912411460476,1.4965912411460476,1.4965912411460476,-0.054223340330853964,-0.054223340330853964,-0.054223340330853964,-0.054223340330853964,-0.054223340330853964,-0.054223340330853964,-0.054223340330853964,-0.054223340330853964,-0.054223340330853964,-0.054223340330853964,-0.054223340330853964,-0.054223340330853964,-0.054223340330853964,-0.054223340330853964,0.05355677457296914,0.05355677457296914,-0.6897800420511516,-0.6897800420511516,-0.7598805713186618,-0.7703833932293824,-0.7703833932293824,-0.7707567562436405,-0.7707567562436405,-0.62856164612163,-0.62856164612163,-0.5745439487772251,-0.5745439487772251,-0.7602245886836685,-0.7602245886836685,-0.7598805713186618,-0.7703833932293824,-0.7703833932293824,-0.7707567562436405,-0.7707567562436405,-0.62856164612163,-0.62856164612163,-0.5745439487772251,-0.5745439487772251,-0.7738712452510439,-0.7738712452510439,1.4965912411460476,1.4965912411460476,1.4965912411460476,1.4965912411460476,1.4965912411460476,-0.7432257630353397,-0.7432257630353397,-0.7432257630353397,-0.5400208152098396,-0.5647426808297885,-0.49006343445140743,-0.49006343445140743,-0.49006343445140743,-0.5647426808297885,-0.6252841081372568,1.4965912411460476,1.4965912411460476,-0.10114161965190568,-0.10114161965190568,-0.10114161965190568,-0.7519169721301323,-0.6350670578504704,-0.6350670578504704,-0.6350670578504704,-0.6350670578504704,-0.6350670578504704,-0.6350670578504704,-0.6350670578504704,-0.6350670578504704,-0.6350670578504704,-0.6541398250699473,-0.6541398250699473,-0.6153594127995474,-0.7519169721301323,-0.7519169721301323,-0.7519169721301323,-0.7519169721301323,-0.7519169721301323,-0.7519169721301323,-0.7519169721301323,-0.7519169721301323,-0.7519169721301323,-0.7697866718975814,-0.7697866718975814,-0.7697866718975814,-0.7519169721301323,-0.7519169721301323,-0.7252073545103656,-0.7252073545103656,-0.7252073545103656,-0.7252073545103656,-0.7252073545103656,-0.7252073545103656,-0.7252073545103656,-0.5325580578208822,-0.5325580578208822,-0.5325580578208822,-0.5325580578208822,-0.5325580578208822,-0.5325580578208822,-0.7383952689010893,-0.7383952689010893,-0.7383952689010893,-0.720915851982307,-0.720915851982307,-0.6897800420511516,-0.6897800420511516,0.1839801161977291,0.1839801161977291,0.1839801161977291,0.1839801161977291,0.09951477506098536,-0.7045822289425389,-0.7045822289425389,-0.10114161965190568,-0.10114161965190568,1.4965912411460476,1.4965912411460476,-0.7278137793361517,-0.7278137793361517,-0.6897800420511516,-0.6897800420511516,-0.6897800420511516,-0.7098646180763746,-0.7098646180763746,-0.6897800420511516,-0.6897800420511516,-0.6897800420511516,-0.49006343445140743,-0.5606422363858024,-0.5606422363858024,-0.5606422363858024,-0.6897800420511516,-0.6897800420511516,-0.6897800420511516,-0.7383952689010893,-0.7383952689010893,-0.6897800420511516,-0.6897800420511516,-0.6897800420511516,-0.5506487158647116,-0.5506487158647116,-0.7175367087323661,-0.7175367087323661,-0.6897800420511516,-0.6897800420511516,-0.6897800420511516,-0.6897800420511516,-0.6897800420511516,-0.6897800420511516,-0.6897800420511516,-0.6897800420511516,-0.6765251661467686,-0.6765251661467686,-0.6897800420511516,-0.6897800420511516,-0.6897800420511516,-0.7355957772492723,-0.7355957772492723,-0.6897800420511516,-0.6897800420511516,-0.6897800420511516,-0.7077312365439825,-0.7077312365439825,-0.7633598448510573,-0.7633598448510573,-0.7633598448510573,-0.7633598448510573,-0.7701741762725832,-0.7701741762725832,-0.7701741762725832,-0.7701741762725832,-0.6897800420511516,-0.6897800420511516,-0.6897800420511516,-0.7620473493515134,-0.7620473493515134,-0.7620473493515134,-0.7701741762725832,-0.7701741762725832,-0.7701741762725832,-0.7701741762725832,1.4965912411460476,1.4965912411460476,1.4965912411460476,1.4965912411460476,1.4965912411460476,1.4965912411460476,1.4965912411460476,1.4965912411460476,1.4965912411460476,1.4965912411460476,-0.6765251661467686,-0.720915851982307,-0.720915851982307,-0.6897800420511516,-0.6897800420511516,-0.7672518210924518,-0.7672518210924518,-0.5745439487772251,-0.5745439487772251,-0.7077312365439825,-0.7077312365439825,-0.49006343445140743,-0.49006343445140743,-0.6897800420511516,-0.6897800420511516,-0.6897800420511516,-0.6897800420511516,0.09951477506098536,0.09951477506098536,0.09951477506098536,0.09951477506098536,-0.6541398250699473,-0.6541398250699473,-0.6541398250699473,-0.6541398250699473,-0.7432257630353397,-0.7432257630353397,-0.7432257630353397,-0.7432257630353397,-0.6541398250699473,-0.6897800420511516,-0.6897800420511516,-0.7383952689010893,-0.21955911478300397,1.4965912411460476,1.4965912411460476,-0.6541398250699473,0.08144529840711971,0.08144529840711971,0.08144529840711971,0.08144529840711971,0.08144529840711971,0.08144529840711971,0.08144529840711971,0.08144529840711971,0.08144529840711971,0.08144529840711971,-0.2834513481892721,-0.2834513481892721,-0.664378928366496
1.0,-1.0,-1.0,-1.0,-1.0,-1.0,-1.0,-1.0,-1.0,-1.0,-1.0,-1.0,-1.0,-1.0,-1.0,-1.0,-1.0,-1.0,-1.0,-1.0,-1.0,-1.0,-1.0,-1.0,-1.0,-1.0,-1.0,-1.0,-1.0,-1.0,-1.0,-1.0,-1.0,-1.0,-1.0,-1.0,-1.0,-1.0,-1.0,-1.0,-1.0,-1.0,-1.0,-1.0,-1.0,-1.0,-1.0,-1.0,-1.0,-1.0,-1.0,-1.0,-1.0,-1.0,-1.0,-1.0,-1.0,-1.0,-1.0,-1.0,-1.0,-1.0,-1.0,-1.0,-1.0,-1.0,-1.0,-1.0,-1.0,-1.0,-1.0,-1.0,-1.0,-1.0,-1.0,-1.0,-1.0,-1.0,-1.0,-1.0,-1.0,-1.0,-1.0,-1.0,-1.0,-1.0,-1.0,-1.0,-1.0,-1.0,-1.0,-1.0,-1.0,-1.0,-1.0,-1.0,-1.0,-1.0,-1.0,-1.0,-1.0,-1.0,-1.0,-1.0,-1.0,-1.0,-1.0,-1.0,-1.0,-1.0,-1.0,-1.0,-1.0,-1.0,-1.0,-1.0,-1.0,-1.0,-1.0,-1.0,-1.0,-1.0,-1.0,-1.0,-1.0,-1.0,-1.0,-1.0,-1.0,-1.0,-1.0,-1.0,-1.0,-1.0,-1.0,-1.0,-1.0,-1.0,-1.0,-1.0,-1.0,-1.0,-1.0,-1.0,-1.0,-1.0,-1.0,-1.0,-1.0,-1.0,-1.0,-1.0,-1.0,-1.0,-1.0,-1.0,-1.0,-1.0,-1.0,-1.0,-1.0,-1.0,-1.0,-1.0,-1.0,-1.0,-1.0,-1.0,-1.0,-1.0,-1.0,-1.0,-1.0,-1.0,1.0,-1.0,-1.0,-1.0,-1.0,1.0,1.0,1.0,1.0,-1.0,-1.0,1.0,-1.0,-1.0,-1.0,-1.0,1.0,1.0,1.0,1.0,-1.0,-1.0,-1.0,-1.0,-1.0,-1.0,-1.0,-1.0,-1.0,-1.0,-1.0,-1.0,-1.0,-1.0,-1.0,-1.0,-1.0,-1.0,-1.0,-1.0,-1.0,-1.0,-1.0,-1.0,-1.0,-1.0,-1.0,-1.0,-1.0,-1.0,-1.0,-1.0,-1.0,-1.0,-1.0,-1.0,-1.0,-1.0,-1.0,-1.0,-1.0,-1.0,-1.0,-1.0,-1.0,-1.0,-1.0,-1.0,-1.0,-1.0,-1.0,-1.0,-1.0,-1.0,-1.0,-1.0,-1.0,-1.0,-1.0,-1.0,-1.0,-1.0,1.0,1.0,1.0,-1.0,-1.0,-1.0,-1.0,-1.0,-1.0,-1.0,-1.0,-1.0,-1.0,-1.0,-1.0,-1.0,-1.0,-1.0,-1.0,-1.0,-1.0,-1.0,-1.0,-1.0,-1.0,-1.0,-1.0,-1.0,-1.0,-1.0,-1.0,-1.0,-1.0,-1.0,-1.0,-1.0,-1.0,-1.0,-1.0,-1.0,-1.0,-1.0,-1.0,-1.0,-1.0,-1.0,-1.0,-1.0,-1.0,-1.0,-1.0,-1.0,-1.0,-1.0,-1.0,-1.0,-1.0,-1.0,-1.0,-1.0,-1.0,-1.0,-1.0,-1.0,-1.0,-1.0,-1.0,-1.0,-1.0,-1.0,-1.0,-1.0,-1.0,-1.0,-1.0,-1.0,-1.0,-1.0,-1.0,-1.0,-1.0,-1.0,-1.0,-1.0,-1.0,-1.0,-1.0,-1.0,-1.0,-1.0,-1.0,-1.0,-1.0,-1.0,-1.0,-1.0,-1.0,-1.0,-1.0,-1.0,-1.0,-1.0,-1.0,-1.0,-1.0,-1.0,-1.0,-1.0,-1.0,-1.0,-1.0,-1.0,-1.0,-1.0,-1.0,-1.0,-1.0,-1.0,-1.0,-1.0,-1.0,1.0,-1.0,-1.0,1.0,1.0,-1.0,-1.0,1.0,-1.0,-1.0,-1.0,-1.0,-1.0,-1.0,-1.0,-1.0,-1.0,-1.0,-1.0,-1.0,1.0
-1.0,-1.0,-1.0,-1.0,-1.0,-1.0,-1.0,-1.0,-1.0,-1.0,-1.0,-1.0,-1.0,-1.0,-1.0,-1.0,-1.0,-1.0,-1.0,-1.0,-1.0,-1.0,-1.0,-1.0,-1.0,-1.0,-1.0,-1.0,-1.0,-1.0,-1.0,-1.0,-1.0,-1.0,-1.0,-1.0,-1.0,-1.0,-1.0,-1.0,-1.0,-1.0,-1.0,-1.0,-1.0,-1.0,-1.0,-1.0,-1.0,-1.0,-1.0,-1.0,-1.0,-1.0,-1.0,-1.0,-1.0,-1.0,-1.0,-1.0,-1.0,-1.0,-1.0,-1.0,-1.0,-1.0,-1.0,-1.0,-1.0,-1.0,-1.0,-1.0,-1.0,-1.0,-1.0,-1.0,-1.0,-1.0,-1.0,-1.0,-1.0,-1.0,-1.0,-1.0,-1.0,-1.0,-1.0,-1.0,-1.0,-1.0,-1.0,-1.0,-1.0,-1.0,-1.0,-1.0,-1.0,-1.0,-1.0,-1.0,-1.0,-1.0,-1.0,-1.0,-1.0,-1.0,-1.0,-1.0,-1.0,-1.0,-1.0,-1.0,-1.0,-1.0,-1.0,-1.0,-1.0,-1.0,-1.0,-1.0,-1.0,-1.0,-1.0,-1.0,-1.0,-1.0,-1.0,-1.0,-1.0,-1.0,-1.0,-1.0,-1.0,-1.0,-1.0,-1.0,-1.0,-1.0,-1.0,-1.0,-1.0,-1.0,-1.0,-1.0,-1.0,-1.0,-1.0,-1.0,-1.0,-1.0,-1.0,-1.0,-1.0,-1.0,-1.0,-1.0,-1.0,-1.0,-1.0,-1.0,-1.0,-1.0,-1.0,-1.0,-1.0,-1.0,-1.0,-1.0,-1.0,-1.0,-1.0,-1.0,-1.0,-1.0,-1.0,-1.0,-1.0,-1.0,-1.0,-1.0,-1.0,-1.0,-1.0,-1.0,-1.0,-1.0,-1.0,-1.0,-1.0,-1.0,-1.0,-1.0,-1.0,-1.0,-1.0,-1.0,-1.0,-1.0,-1.0,-1.0,-1.0,-1.0,-1.0,-1.0,-1.0,-1.0,-1.0,-1.0,-1.0,-1.0,-1.0,-1.0,-1.0,-1.0,-1.0,-1.0,-1.0,-1.0,-1.0,-1.0,-1.0,-1.0,-1.0,-1.0,-1.0,-1.0,-1.0,-1.0,-1.0,-1.0,-1.0,-1.0,-1.0,-1.0,-1.0,-1.0,-1.0,-1.0,-1.0,-1.0,-1.0,-1.0,-1.0,-1.0,-1.0,-1.0,-1.0,-1.0,-1.0,-1.0,-1.0,-1.0,-1.0,-1.0,-1.0,-1.0,-1.0,-1.0,-1.0,-1.0,-1.0,-1.0,-1.0,-1.0,-1.0,-1.0,-1.0,-1.0,-1.0,-1.0,-1.0,-1.0,-1.0,-1.0,-1.0,-1.0,-1.0,-1.0,-1.0,-1.0,-1.0,-1.0,-1.0,-1.0,-1.0,-1.0,-1.0,-1.0,-1.0,-1.0,-1.0,-1.0,-1.0,-1.0,-1.0,-1.0,-1.0,-1.0,-1.0,-1.0,-1.0,-1.0,-1.0,-1.0,-1.0,-1.0,-1.0,-1.0,-1.0,-1.0,-1.0,-1.0,-1.0,-1.0,-1.0,-1.0,-1.0,-1.0,-1.0,-1.0,-1.0,-1.0,-1.0,-1.0,-1.0,-1.0,-1.0,-1.0,-1.0,-1.0,-1.0,-1.0,-1.0,-1.0,-1.0,-1.0,-1.0,-1.0,-1.0,-1.0,-1.0,-1.0,-1.0,-1.0,-1.0,-1.0,-1.0,-1.0,-1.0,-1.0,-1.0,-1.0,-1.0,-1.0,-1.0,-1.0,-1.0,-1.0,-1.0,-1.0,-1.0,-1.0,-1.0,-1.0,-1.0,-1.0,-1.0,-1.0,-1.0,-1.0,-1.0,-1.0,-1.0,-1.0,-1.0,-1.0,-1.0,-1.0,-1.0,-1.0,-1.0,-1.0,-1.0,-1.0,-1.0,-1.0,-1.0,-1.0,-1.0,-1.0,-1.0,-1.0,-1.0,-1.0,-1.0,-1.0,-1.0,-1.0
1.0,1.0,1.0,1.0,1.0,1.0,-1.0,-1.0,-1.0,-1.0,-1.0,-1.0,-1.0,-1.0,-1.0,-1.0,-1.0,-1.0,-1.0,-1.0,-1.0,-1.0,-1.0,-1.0,-1.0,-1.0,-1.0,-1.0,-1.0,-1.0,-1.0,-1.0,-1.0,-1.0,-1.0,-1.0,-1.0,-1.0,-1.0,-1.0,-1.0,-1.0,-1.0,-1.0,-1.0,-1.0,-1.0,-1.0,-1.0,-1.0,-1.0,-1.0,-1.0,-1.0,-1.0,-1.0,-1.0,-1.0,-1.0,-1.0,-1.0,-1.0,-1.0,-1.0,-1.0,-1.0,-1.0,-1.0,-1.0,-1.0,-1.0,-1.0,-1.0,-1.0,-1.0,-1.0,-1.0,-1.0,-1.0,-1.0,-1.0,-1.0,-1.0,-1.0,-1.0,-1.0,-1.0,-1.0,-1.0,-1.0,-1.0,-1.0,-1.0,-1.0,-1.0,-1.0,-1.0,-1.0,-1.0,-1.0,-1.0,-1.0,-1.0,-1.0,-1.0,-1.0,-1.0,-1.0,-1.0,-1.0,-1.0,-1.0,-1.0,-1.0,-1.0,-1.0,-1.0,-1.0,-1.0,-1.0,-1.0,-1.0,1.0,-1.0,-1.0,-1.0,-1.0,-1.0,-1.0,-1.0,-1.0,-1.0,-1.0,-1.0,-1.0,-1.0,-1.0,-1.0,-1.0,-1.0,-1.0,1.0,-1.0,-1.0,-1.0,-1.0,1.0,1.0,1.0,1.0,-1.0,-1.0,-1.0,-1.0,-1.0,-1.0,-1.0,-1.0,-1.0,-1.0,-1.0,-1.0,-1.0,1.0,1.0,1.0,1.0,1.0,1.0,1.0,1.0,1.0,1.0,1.0,1.0,1.0,1.0,1.0,1.0,1.0,1.0,1.0,1.0,1.0,1.0,1.0,1.0,1.0,1.0,1.0,1.0,1.0,1.0,1.0,1.0,1.0,1.0,1.0,1.0,1.0,1.0,1.0,1.0,1.0,1.0,1.0,1.0,1.0,1.0,1.0,1.0,-1.0,-1.0,1.0,1.0,1.0,-1.0,-1.0,-1.0,-1.0,-1.0,-1.0,-1.0,-1.0,-1.0,-1.0,1.0,1.0,1.0,-1.0,-1.0,-1.0,-1.0,-1.0,-1.0,-1.0,-1.0,-1.0,-1.0,-1.0,-1.0,-1.0,-1.0,-1.0,-1.0,-1.0,-1.0,-1.0,-1.0,-1.0,1.0,1.0,1.0,1.0,1.0,1.0,1.0,1.0,1.0,1.0,1.0,1.0,1.0,-1.0,-1.0,-1.0,-1.0,1.0,1.0,1.0,1.0,1.0,1.0,1.0,1.0,1.0,-1.0,-1.0,-1.0,1.0,1.0,-1.0,-1.0,-1.0,1.0,-1.0,-1.0,-1.0,-1.0,-1.0,-1.0,1.0,1.0,-1.0,-1.0,-1.0,1.0,1.0,1.0,1.0,-1.0,-1.0,-1.0,1.0,1.0,-1.0,-1.0,-1.0,1.0,1.0,-1.0,-1.0,-1.0,1.0,1.0,-1.0,-1.0,-1.0,1.0,1.0,1.0,1.0,1.0,1.0,-1.0,-1.0,-1.0,-1.0,-1.0,-1.0,-1.0,1.0,1.0,1.0,1.0,1.0,1.0,1.0,1.0,1.0,1.0,1.0,1.0,1.0,1.0,1.0,1.0,1.0,1.0,-1.0,-1.0,-1.0,-1.0,-1.0,-1.0,-1.0,-1.0,-1.0,-1.0,1.0,1.0,1.0,1.0,1.0,1.0,1.0,1.0,1.0,1.0,1.0,1.0,1.0,1.0,1.0,1.0,1.0,1.0,1.0,-1.0,-1.0,1.0,1.0,1.0,1.0,1.0,1.0,1.0,1.0,1.0,1.0,1.0,1.0,1.0,1.0,1.0,1.0,1.0,1.0
-1.0,-1.0,-1.0,-1.0,-1.0,-1.0,-1.0,-1.0,-1.0,-1.0,-1.0,-1.0,-1.0,-1.0,-1.0,-1.0,-1.0,-1.0,-1.0,-1.0,-1.0,-1.0,-1.0,-1.0,-1.0,-1.0,-1.0,-1.0,-1.0,-1.0,-1.0,-1.0,-1.0,-1.0,-1.0,-1.0,-1.0,-1.0,-1.0,-1.0,-1.0,-1.0,-1.0,-1.0,-1.0,-1.0,-1.0,-1.0,-1.0,-1.0,-1.0,-1.0,-1.0,-1.0,-1.0,-1.0,-1.0,-1.0,-1.0,-1.0,-1.0,-1.0,-1.0,-1.0,-1.0,-1.0,-1.0,-1.0,-1.0,-1.0,-1.0,-1.0,-1.0,-1.0,-1.0,-1.0,-1.0,-1.0,-1.0,-1.0,-1.0,-1.0,-1.0,-1.0,-1.0,-1.0,-1.0,-1.0,-1.0,-1.0,-1.0,-1.0,-1.0,-1.0,-1.0,-1.0,-1.0,-1.0,-1.0,-1.0,-1.0,-1.0,-1.0,-1.0,-1.0,-1.0,-1.0,-1.0,-1.0,-1.0,-1.0,-1.0,-1.0,-1.0,-1.0,-1.0,-1.0,-1.0,-1.0,-1.0,-1.0,-1.0,-1.0,-1.0,-1.0,-1.0,-1.0,-1.0,-1.0,-1.0,-1.0,-1.0,-1.0,-1.0,-1.0,-1.0,-1.0,-1.0,-1.0,-1.0,-1.0,-1.0,-1.0,-1.0,-1.0,-1.0,-1.0,-1.0,-1.0,-1.0,-1.0,-1.0,-1.0,-1.0,-1.0,-1.0,-1.0,-1.0,-1.0,-1.0,-1.0,-1.0,-1.0,-1.0,-1.0,-1.0,-1.0,-1.0,-1.0,-1.0,-1.0,-1.0,-1.0,-1.0,-1.0,-1.0,-1.0,-1.0,-1.0,-1.0,-1.0,-1.0,-1.0,-1.0,-1.0,-1.0,-1.0,-1.0,-1.0,-1.0,-1.0,-1.0,-1.0,-1.0,-1.0,-1.0,-1.0,-1.0,-1.0,-1.0,-1.0,-1.0,-1.0,-1.0,-1.0,-1.0,-1.0,-1.0,-1.0,-1.0,-1.0,-1.0,-1.0,-1.0,-1.0,-1.0,-1.0,1.0,1.0,1.0,1.0,1.0,1.0,1.0,1.0,1.0,-1.0,-1.0,-1.0,-1.0,-1.0,-1.0,-1.0,-1.0,-1.0,-1.0,-1.0,-1.0,1.0,1.0,1.0,-1.0,-1.0,-1.0,-1.0,-1.0,-1.0,-1.0,-1.0,1.0,-1.0,-1.0,-1.0,-1.0,-1.0,-1.0,-1.0,-1.0,-1.0,-1.0,-1.0,-1.0,-1.0,-1.0,-1.0,-1.0,-1.0,-1.0,-1.0,-1.0,-1.0,-1.0,-1.0,-1.0,-1.0,-1.0,1.0,1.0,1.0,-1.0,-1.0,1.0,1.0,1.0,-1.0,1.0,1.0,1.0,1.0,1.0,1.0,-1.0,-1.0,1.0,1.0,1.0,-1.0,-1.0,-1.0,-1.0,1.0,1.0,1.0,-1.0,-1.0,1.0,1.0,1.0,-1.0,-1.0,1.0,1.0,1.0,-1.0,-1.0,1.0,1.0,1.0,-1.0,-1.0,-1.0,-1.0,-1.0,-1.0,1.0,1.0,1.0,1.0,1.0,1.0,1.0,-1.0,-1.0,-1.0,-1.0,-1.0,-1.0,-1.0,-1.0,-1.0,-1.0,-1.0,-1.0,-1.0,-1.0,-1.0,-1.0,-1.0,-1.0,-1.0,-1.0,-1.0,-1.0,-1.0,-1.0,-1.0,-1.0,-1.0,-1.0,-1.0,-1.0,-1.0,-1.0,-1.0,-1.0,-1.0,-1.0,-1.0,-1.0,-1.0,-1.0,-1.0,-1.0,-1.0,-1.0,-1.0,-1.0,-1.0,1.0,1.0,-1.0,-1.0,-1.0,-1.0,-1.0,-1.0,-1.0,-1.0,-1.0,-1.0,-1.0,-1.0,-1.0,-1.0,-1.0,-1.0,-1.0,-1.0
-1.0,-1.0,-1.0,-1.0,-1.0,-1.0,-1.0,-1.0,-1.0,-1.0,-1.0,-1.0,-1.0,-1.0,-1.0,-1.0,-1.0,-1.0,-1.0,-1.0,-1.0,-1.0,-1.0,-1.0,-1.0,-1.0,-1.0,-1.0,-1.0,-1.0,-1.0,-1.0,-1.0,-1.0,-1.0,-1.0,-1.0,-1.0,-1.0,-1.0,-1.0,-1.0,-1.0,-1.0,-1.0,-1.0,-1.0,-1.0,-1.0,-1.0,-1.0,-1.0,-1.0,-1.0,-1.0,-1.0,-1.0,-1.0,-1.0,-1.0,-1.0,-1.0,-1.0,-1.0,-1.0,-1.0,-1.0,-1.0,-1.0,-1.0,-1.0,-1.0,-1.0,-1.0,-1.0,-1.0,-1.0,-1.0,-1.0,-1.0,-1.0,-1.0,-1.0,-1.0,-1.0,-1.0,-1.0,-1.0,-1.0,-1.0,-1.0,-1.0,-1.0,-1.0,-1.0,-1.0,-1.0,-1.0,-1.0,-1.0,-1.0,-1.0,-1.0,-1.0,-1.0,-1.0,-1.0,-1.0,-1.0,-1.0,-1.0,-1.0,-1.0,-1.0,-1.0,-1.0,-1.0,-1.0,-1.0,-1.0,-1.0,-1.0,-1.0,-1.0,-1.0,-1.0,-1.0,-1.0,-1.0,-1.0,-1.0,-1.0,-1.0,-1.0,-1.0,-1.0,-1.0,-1.0,-1.0,-1.0,-1.0,-1.0,-1.0,-1.0,-1.0,-1.0,-1.0,-1.0,-1.0,-1.0,-1.0,-1.0,-1.0,-1.0,-1.0,-1.0,-1.0,-1.0,-1.0,-1.0,-1.0,-1.0,-1.0,-1.0,-1.0,-1.0,-1.0,-1.0,-1.0,-1.0,-1.0,-1.0,-1.0,-1.0,-1.0,-1.0,-1.0,-1.0,-1.0,-1.0,-1.0,-1.0,-1.0,-1.0,-1.0,-1.0,-1.0,-1.0,-1.0,-1.0,-1.0,-1.0,-1.0,-1.0,-1.0,-1.0,-1.0,-1.0,-1.0,-1.0,-1.0,-1.0,-1.0,-1.0,-1.0,-1.0,-1.0,-1.0,-1.0,-1.0,-1.0,-1.0,-1.0,-1.0,-1.0,-1.0,-1.0,-1.0,-1.0,-1.0,-1.0,-1.0,-1.0,-1.0,-1.0,-1.0,-1.0,-1.0,-1.0,-1.0,-1.0,-1.0,-1.0,-1.0,-1.0,-1.0,-1.0,-1.0,-1.0,-1.0,-1.0,-1.0,-1.0,-1.0,-1.0,-1.0,-1.0,-1.0,-1.0,-1.0,-1.0,-1.0,-1.0,-1.0,-1.0,-1.0,-1.0,-1.0,-1.0,-1.0,-1.0,-1.0,-1.0,-1.0,-1.0,-1.0,-1.0,-1.0,-1.0,-1.0,-1.0,-1.0,-1.0,-1.0,-1.0,-1.0,-1.0,-1.0,-1.0,-1.0,-1.0,-1.0,-1.0,-1.0,-1.0,-1.0,-1.0,-1.0,-1.0,-1.0,-1.0,-1.0,-1.0,-1.0,-1.0,-1.0,-1.0,-1.0,-1.0,-1.0,-1.0,-1.0,-1.0,-1.0,-1.0,-1.0,-1.0,-1.0,-1.0,-1.0,-1.0,-1.0,-1.0,-1.0,-1.0,-1.0,-1.0,-1.0,-1.0,-1.0,-1.0,-1.0,-1.0,-1.0,-1.0,-1.0,-1.0,-1.0,-1.0,-1.0,-1.0,-1.0,-1.0,-1.0,-1.0,-1.0,-1.0,-1.0,-1.0,-1.0,-1.0,-1.0,-1.0,-1.0,-1.0,-1.0,-1.0,-1.0,-1.0,-1.0,-1.0,-1.0,-1.0,-1.0,-1.0,-1.0,-1.0,-1.0,-1.0,-1.0,-1.0,-1.0,-1.0,-1.0,-1.0,-1.0,-1.0,-1.0,-1.0,-1.0,-1.0,-1.0,-1.0,-1.0,-1.0,-1.0,-1.0,-1.0,-1.0,-1.0,-1.0,-1.0,-1.0,-1.0,-1.0,-1.0,-1.0,-1.0,-1.0,-1.0,-1.0,-1.0,-1.0,-1.0,-1.0,-1.0,-1.0,-1.0
-1.0,-1.0,-1.0,-1.0,-1.0,-1.0,-1.0,-1.0,-1.0,-1.0,-1.0,-1.0,-1.0,-1.0,-1.0,-1.0,-1.0,-1.0,-1.0,-1.0,-1.0,-1.0,-1.0,-1.0,-1.0,-1.0,-1.0,-1.0,-1.0,-1.0,-1.0,-1.0,-1.0,-1.0,-1.0,-1.0,-1.0,-1.0,-1.0,-1.0,-1.0,-1.0,-1.0,-1.0,-1.0,-1.0,-1.0,-1.0,-1.0,-1.0,-1.0,-1.0,-1.0,-1.0,-1.0,-1.0,-1.0,-1.0,-1.0,-1.0,-1.0,-1.0,-1.0,-1.0,-1.0,-1.0,-1.0,-1.0,-1.0,-1.0,-1.0,-1.0,-1.0,-1.0,-1.0,-1.0,-1.0,-1.0,-1.0,-1.0,-1.0,-1.0,-1.0,-1.0,-1.0,-1.0,-1.0,-1.0,-1.0,-1.0,-1.0,-1.0,-1.0,-1.0,-1.0,-1.0,-1.0,-1.0,-1.0,-1.0,-1.0,-1.0,-1.0,-1.0,-1.0,-1.0,-1.0,-1.0,-1.0,-1.0,-1.0,-1.0,-1.0,-1.0,-1.0,-1.0,-1.0,-1.0,-1.0,-1.0,-1.0,-1.0,-1.0,-1.0,-1.0,-1.0,-1.0,-1.0,-1.0,-1.0,-1.0,-1.0,-1.0,-1.0,-1.0,-1.0,-1.0,-1.0,-1.0,-1.0,-1.0,-1.0,-1.0,-1.0,-1.0,-1.0,-1.0,-1.0,-1.0,-1.0,-1.0,-1.0,-1.0,-1.0,-1.0,-1.0,-1.0,-1.0,-1.0,-1.0,-1.0,-1.0,-1.0,-1.0,-1.0,-1.0,-1.0,-1.0,-1.0,-1.0,-1.0,-1.0,-1.0,-1.0,-1.0,-1.0,-1.0,-1.0,-1.0,-1.0,-1.0,-1.0,-1.0,-1.0,-1.0,-1.0,-1.0,-1.0,-1.0,-1.0,-1.0,-1.0,-1.0,-1.0,-1.0,-1.0,-1.0,-1.0,-1.0,-1.0,-1.0,-1.0,-1.0,-1.0,-1.0,-1.0,-1.0,-1.0,-1.0,-1.0,-1.0,-1.0,-1.0,-1.0,-1.0,-1.0,-1.0,-1.0,-1.0,-1.0,-1.0,-1.0,-1.0,-1.0,-1.0,-1.0,-1.0,-1.0,-1.0,-1.0,-1.0,-1.0,-1.0,-1.0,-1.0,-1.0,-1.0,-1.0,-1.0,-1.0,-1.0,-1.0,-1.0,-1.0,-1.0,-1.0,-1.0,-1.0,-1.0,-1.0,-1.0,-1.0,-1.0,-1.0,-1.0,-1.0,-1.0,-1.0,-1.0,-1.0,-1.0,-1.0,-1.0,-1.0,-1.0,-1.0,-1.0,-1.0,-1.0,-1.0,-1.0,-1.0,-1.0,-1.0,-1.0,-1.0,-1.0,-1.0,-1.0,-1.0,-1.0,-1.0,-1.0,-1.0,-1.0,-1.0,-1.0,-1.0,-1.0,-1.0,-1.0,-1.0,-1.0,-1.0,-1.0,-1.0,-1.0,-1.0,-1.0,-1.0,-1.0,-1.0,-1.0,-1.0,-1.0,-1.0,-1.0,-1.0,-1.0,-1.0,-1.0,-1.0,-1.0,-1.0,-1.0,-1.0,-1.0,-1.0,-1.0,-1.0,-1.0,-1.0,-1.0,-1.0,-1.0,-1.0,-1.0,-1.0,-1.0,-1.0,-1.0,-1.0,-1.0,-1.0,-1.0,-1.0,-1.0,-1.0,-1.0,-1.0,-1.0,-1.0,-1.0,-1.0,-1.0,-1.0,-1.0,-1.0,-1.0,-1.0,-1.0,-1.0,-1.0,-1.0,-1.0,-1.0,-1.0,-1.0,-1.0,-1.0,-1.0,-1.0,-1.0,-1.0,-1.0,-1.0,-1.0,-1.0,-1.0,-1.0,-1.0,-1.0,-1.0,-1.0,-1.0,-1.0,-1.0,-1.0,-1.0,-1.0,-1.0,-1.0,-1.0,-1.0,-1.0,-1.0,-1.0,-1.0,-1.0,-1.0,-1.0,-1.0,-1.0,-1.0,-1.0,-1.0,-1.0,-1.0
-1.0,-1.0,-1.0,-1.0,-1.0,-1.0,-1.0,-1.0,-1.0,-1.0,-1.0,-1.0,-1.0,-1.0,-1.0,-1.0,-1.0,-1.0,-1.0,-1.0,-1.0,-1.0,-1.0,-1.0,-1.0,-1.0,-1.0,-1.0,-1.0,-1.0,-1.0,-1.0,-1.0,-1.0,-1.0,-1.0,-1.0,-1.0,-1.0,-1.0,-1.0,-1.0,-1.0,-1.0,-1.0,-1.0,-1.0,-1.0,-1.0,-1.0,-1.0,-1.0,-1.0,-1.0,-1.0,-1.0,-1.0,-1.0,-1.0,-1.0,-1.0,-1.0,-1.0,-1.0,-1.0,-1.0,-1.0,-1.0,-1.0,-1.0,-1.0,-1.0,-1.0,-1.0,-1.0,-1.0,-1.0,-1.0,-1.0,-1.0,-1.0,-1.0,-1.0,-1.0,-1.0,-1.0,-1.0,-1.0,-1.0,-1.0,-1.0,-1.0,-1.0,-1.0,-1.0,-1.0,-1.0,-1.0,-1.0,-1.0,-1.0,-1.0,-1.0,-1.0,-1.0,-1.0,-1.0,-1.0,-1.0,-1.0,-1.0,-1.0,-1.0,-1.0,-1.0,-1.0,-1.0,-1.0,-1.0,-1.0,-1.0,-1.0,-1.0,-1.0,-1.0,-1.0,-1.0,-1.0,-1.0,-1.0,-1.0,-1.0,-1.0,-1.0,-1.0,-1.0,-1.0,-1.0,-1.0,-1.0,-1.0,-1.0,-1.0,-1.0,-1.0,-1.0,-1.0,-1.0,-1.0,-1.0,-1.0,-1.0,-1.0,-1.0,-1.0,-1.0,-1.0,-1.0,-1.0,-1.0,-1.0,-1.0,-1.0,-1.0,-1.0,-1.0,-1.0,-1.0,-1.0,-1.0,-1.0,-1.0,-1.0,-1.0,-1.0,-1.0,-1.0,-1.0,-1.0,-1.0,-1.0,-1.0,-1.0,-1.0,-1.0,-1.0,-1.0,-1.0,-1.0,-1.0,-1.0,-1.0,-1.0,-1.0,-1.0,-1.0,-1.0,-1.0,-1.0,-1.0,-1.0,-1.0,-1.0,-1.0,-1.0,-1.0,-1.0,-1.0,-1.0,-1.0,-1.0,-1.0,-1.0,-1.0,-1.0,-1.0,-1.0,-1.0,-1.0,-1.0,-1.0,-1.0,-1.0,-1.0,-1.0,-1.0,-1.0,-1.0,-1.0,-1.0,-1.0,-1.0,-1.0,-1.0,-1.0,-1.0,-1.0,-1.0,-1.0,-1.0,-1.0,-1.0,-1.0,-1.0,-1.0,-1.0,-1.0,-1.0,-1.0,-1.0,-1.0,-1.0,-1.0,-1.0,-1.0,-1.0,-1.0,-1.0,-1.0,-1.0,-1.0,-1.0,-1.0,-1.0,-1.0,-1.0,-1.0,-1.0,-1.0,-1.0,-1.0,-1.0,-1.0,-1.0,-1.0,-1.0,-1.0,-1.0,-1.0,-1.0,-1.0,-1.0,-1.0,-1.0,-1.0,-1.0,-1.0,-1.0,-1.0,-1.0,-1.0,-1.0,-1.0,-1.0,-1.0,-1.0,-1.0,-1.0,-1.0,-1.0,-1.0,-1.0,-1.0,-1.0,-1.0,-1.0,-1.0,-1.0,-1.0,-1.0,-1.0,-1.0,-1.0,-1.0,-1.0,-1.0,-1.0,-1.0,-1.0,-1.0,-1.0,-1.0,-1.0,-1.0,-1.0,-1.0,-1.0,-1.0,-1.0,-1.0,-1.0,-1.0,-1.0,-1.0,-1.0,-1.0,-1.0,-1.0,-1.0,-1.0,-1.0,-1.0,-1.0,-1.0,-1.0,-1.0,-1.0,-1.0,-1.0,-1.0,-1.0,-1.0,-1.0,-1.0,-1.0,-1.0,-1.0,-1.0,-1.0,-1.0,-1.0,-1.0,-1.0,-1.0,-1.0,-1.0,-1.0,-1.0,-1.0,-1.0,-1.0,-1.0,-1.0,-1.0,-1.0,-1.0,-1.0,-1.0,-1.0,-1.0,-1.0,-1.0,-1.0,-1.0,-1.0,-1.0,-1.0,-1.0,-1.0,-1.0,-1.0,-1.0,-1.0,-1.0,-1.0,-1.0,-1.0,1.0
-1.0,1.0,1.0,1.0,1.0,1.0,-1.0,1.0,1.0,1.0,1.0,1.0,1.0,1.0,1.0,-1.0,1.0,1.0,1.0,1.0,1.0,1.0,1.0,1.0,1.0,1.0,1.0,1.0,1.0,1.0,1.0,1.0,1.0,1.0,1.0,-1.0,1.0,1.0,1.0,1.0,1.0,1.0,1.0,1.0,1.0,1.0,1.0,1.0,1.0,1.0,1.0,1.0,-1.0,1.0,1.0,1.0,1.0,1.0,1.0,1.0,1.0,-1.0,1.0,1.0,1.0,1.0,1.0,1.0,1.0,-1.0,1.0,1.0,1.0,1.0,1.0,1.0,1.0,1.0,-1.0,1.0,1.0,1.0,1.0,1.0,1.0,1.0,1.0,1.0,-1.0,1.0,1.0,1.0,-1.0,1.0,1.0,1.0,1.0,1.0,1.0,1.0,1.0,1.0,1.0,1.0,1.0,1.0,1.0,1.0,-1.0,1.0,1.0,1.0,1.0,1.0,1.0,1.0,1.0,1.0,1.0,1.0,1.0,1.0,1.0,-1.0,1.0,1.0,1.0,1.0,1.0,1.0,1.0,1.0,1.0,1.0,1.0,1.0,1.0,-1.0,-1.0,-1.0,-1.0,1.0,-1.0,1.0,1.0,1.0,1.0,1.0,1.0,1.0,-1.0,1.0,1.0,1.0,1.0,1.0,1.0,1.0,1.0,1.0,1.0,1.0,1.0,-1.0,-1.0,-1.0,-1.0,-1.0,-1.0,-1.0,-1.0,-1.0,-1.0,-1.0,-1.0,-1.0,-1.0,-1.0,-1.0,-1.0,-1.0,-1.0,-1.0,-1.0,-1.0,-1.0,-1.0,-1.0,-1.0,-1.0,-1.0,-1.0,-1.0,-1.0,-1.0,-1.0,-1.0,-1.0,-1.0,-1.0,-1.0,-1.0,-1.0,-1.0,-1.0,-1.0,-1.0,-1.0,-1.0,-1.0,-1.0,-1.0,-1.0,-1.0,-1.0,-1.0,-1.0,-1.0,-1.0,-1.0,-1.0,-1.0,-1.0,-1.0,-1.0,-1.0,-1.0,-1.0,-1.0,-1.0,-1.0,-1.0,-1.0,-1.0,-1.0,-1.0,-1.0,-1.0,-1.0,-1.0,-1.0,-1.0,-1.0,-1.0,-1.0,-1.0,-1.0,-1.0,-1.0,-1.0,-1.0,-1.0,-1.0,-1.0,-1.0,-1.0,-1.0,-1.0,-1.0,-1.0,-1.0,-1.0,-1.0,-1.0,-1.0,-1.0,-1.0,1.0,-1.0,-1.0,-1.0,-1.0,-1.0,-1.0,-1.0,-1.0,-1.0,-1.0,-1.0,-1.0,-1.0,-1.0,-1.0,-1.0,-1.0,-1.0,-1.0,-1.0,-1.0,-1.0,-1.0,-1.0,-1.0,-1.0,-1.0,-1.0,-1.0,-1.0,-1.0,-1.0,-1.0,-1.0,-1.0,-1.0,-1.0,-1.0,-1.0,-1.0,-1.0,-1.0,-1.0,-1.0,-1.0,-1.0,-1.0,-1.0,-1.0,-1.0,-1.0,-1.0,-1.0,-1.0,-1.0,-1.0,-1.0,-1.0,-1.0,-1.0,-1.0,-1.0,-1.0,-1.0,-1.0,-1.0,-1.0,-1.0,-1.0,-1.0,1.0,1.0,1.0,1.0,1.0,1.0,1.0,1.0,1.0,1.0,-1.0,-1.0,-1.0,-1.0,-1.0,-1.0,-1.0,-1.0,-1.0,-1.0,-1.0,-1.0,-1.0,-1.0,-1.0,-1.0,-1.0,-1.0,-1.0,-1.0,-1.0,-1.0,-1.0,-1.0,-1.0,-1.0,-1.0,-1.0,-1.0,-1.0,-1.0,-1.0,-1.0,-1.0,-1.0,-1.0,-1.0,1.0,1.0,1.0,1.0,1.0,1.0,1.0,1.0,1.0,1.0,-1.0,-1.0,-1.0
-1.0,-1.0,-1.0,-1.0,-1.0,-1.0,-1.0,-1.0,-1.0,-1.0,-1.0,-1.0,-1.0,-1.0,-1.0,-1.0,-1.0,-1.0,-1.0,-1.0,-1.0,-1.0,-1.0,-1.0,-1.0,-1.0,-1.0,-1.0,-1.0,-1.0,-1.0,-1.0,-1.0,-1.0,-1.0,-1.0,-1.0,-1.0,-1.0,-1.0,-1.0,-1.0,-1.0,-1.0,-1.0,-1.0,-1.0,-1.0,-1.0,-1.0,-1.0,-1.0,-1.0,-1.0,-1.0,-1.0,-1.0,-1.0,-1.0,-1.0,-1.0,-1.0,-1.0,-1.0,-1.0,-1.0,-1.0,-1.0,-1.0,-1.0,-1.0,-1.0,-1.0,-1.0,-1.0,-1.0,-1.0,-1.0,-1.0,-1.0,-1.0,-1.0,-1.0,-1.0,-1.0,-1.0,-1.0,-1.0,-1.0,-1.0,-1.0,-1.0,-1.0,-1.0,-1.0,-1.0,-1.0,-1.0,-1.0,-1.0,-1.0,-1.0,-1.0,-1.0,-1.0,-1.0,-1.0,-1.0,-1.0,-1.0,-1.0,-1.0,-1.0,-1.0,-1.0,-1.0,-1.0,-1.0,-1.0,-1.0,-1.0,-1.0,-1.0,-1.0,-1.0,-1.0,-1.0,-1.0,-1.0,-1.0,-1.0,-1.0,-1.0,-1.0,-1.0,-1.0,-1.0,-1.0,-1.0,-1.0,-1.0,-1.0,-1.0,-1.0,-1.0,-1.0,-1.0,-1.0,-1.0,-1.0,-1.0,-1.0,-1.0,-1.0,-1.0,-1.0,-1.0,-1.0,-1.0,-1.0,-1.0,-1.0,-1.0,1.0,1.0,1.0,1.0,1.0,1.0,1.0,-1.0,-1.0,-1.0,-1.0,-1.0,-1.0,-1.0,-1.0,-1.0,-1.0,-1.0,-1.0,-1.0,-1.0,-1.0,-1.0,-1.0,-1.0,-1.0,-1.0,-1.0,-1.0,-1.0,-1.0,-1.0,-1.0,-1.0,-1.0,-1.0,-1.0,-1.0,-1.0,-1.0,-1.0,-1.0,-1.0,-1.0,-1.0,-1.0,-1.0,-1.0,1.0,1.0,-1.0,-1.0,-1.0,-1.0,-1.0,-1.0,-1.0,-1.0,-1.0,-1.0,-1.0,-1.0,-1.0,-1.0,-1.0,-1.0,-1.0,-1.0,-1.0,-1.0,-1.0,-1.0,-1.0,-1.0,-1.0,-1.0,-1.0,-1.0,-1.0,-1.0,-1.0,-1.0,-1.0,-1.0,-1.0,-1.0,-1.0,-1.0,-1.0,-1.0,-1.0,-1.0,-1.0,-1.0,-1.0,-1.0,-1.0,-1.0,-1.0,-1.0,-1.0,-1.0,-1.0,-1.0,-1.0,-1.0,-1.0,-1.0,-1.0,-1.0,-1.0,-1.0,-1.0,-1.0,-1.0,-1.0,-1.0,-1.0,-1.0,-1.0,-1.0,-1.0,-1.0,-1.0,-1.0,-1.0,-1.0,-1.0,-1.0,-1.0,-1.0,-1.0,-1.0,-1.0,-1.0,-1.0,-1.0,-1.0,-1.0,-1.0,-1.0,-1.0,-1.0,-1.0,-1.0,-1.0,-1.0,-1.0,-1.0,-1.0,-1.0,-1.0,-1.0,-1.0,-1.0,-1.0,-1.0,-1.0,-1.0,-1.0,-1.0,-1.0,-1.0,-1.0,-1.0,-1.0,-1.0,-1.0,-1.0,-1.0,-1.0,-1.0,-1.0,-1.0,-1.0,-1.0,-1.0,-1.0,-1.0,-1.0,-1.0,-1.0,-1.0,-1.0,-1.0,-1.0,-1.0,-1.0,-1.0,-1.0,-1.0,-1.0,-1.0,-1.0,-1.0,-1.0,-1.0,-1.0,-1.0,-1.0,-1.0,-1.0,-1.0,-1.0,-1.0,-1.0,-1.0,-1.0,-1.0,-1.0,-1.0,-1.0,-1.0,-1.0,-1.0,-1.0,-1.0,-1.0,-1.0,-1.0,-1.0,-1.0,-1.0,-1.0,-1.0,-1.0,-1.0,-1.0,-1.0,-1.0,-1.0,-1.0,-1.0,-1.0,-1.0
-1.0,-1.0,-1.0,-1.0,-1.0,-1.0,1.0,-1.0,-1.0,-1.0,-1.0,-1.0,-1.0,-1.0,-1.0,1.0,-1.0,-1.0,-1.0,-1.0,-1.0,-1.0,-1.0,-1.0,-1.0,-1.0,-1.0,-1.0,-1.0,-1.0,-1.0,-1.0,-1.0,-1.0,-1.0,1.0,-1.0,-1.0,-1.0,-1.0,-1.0,-1.0,-1.0,-1.0,-1.0,-1.0,-1.0,-1.0,-1.0,-1.0,-1.0,-1.0,1.0,-1.0,-1.0,-1.0,-1.0,-1.0,-1.0,-1.0,-1.0,1.0,-1.0,-1.0,-1.0,-1.0,-1.0,-1.0,-1.0,1.0,-1.0,-1.0,-1.0,-1.0,-1.0,-1.0,-1.0,-1.0,1.0,-1.0,-1.0,-1.0,-1.0,-1.0,-1.0,-1.0,-1.0,-1.0,1.0,-1.0,-1.0,-1.0,1.0,-1.0,-1.0,-1.0,-1.0,-1.0,-1.0,-1.0,-1.0,-1.0,-1.0,-1.0,-1.0,-1.0,-1.0,-1.0,1.0,-1.0,-1.0,-1.0,-1.0,-1.0,-1.0,-1.0,-1.0,-1.0,-1.0,-1.0,-1.0,-1.0,-1.0,1.0,-1.0,-1.0,-1.0,-1.0,-1.0,-1.0,-1.0,-1.0,-1.0,-1.0,-1.0,-1.0,-1.0,1.0,1.0,1.0,1.0,-1.0,1.0,-1.0,-1.0,-1.0,-1.0,-1.0,-1.0,-1.0,1.0,-1.0,-1.0,-1.0,-1.0,-1.0,-1.0,-1.0,-1.0,-1.0,-1.0,-1.0,-1.0,-1.0,-1.0,-1.0,-1.0,-1.0,-1.0,-1.0,-1.0,-1.0,-1.0,-1.0,-1.0,-1.0,-1.0,-1.0,-1.0,-1.0,-1.0,-1.0,-1.0,-1.0,-1.0,-1.0,-1.0,-1.0,-1.0,-1.0,-1.0,-1.0,-1.0,-1.0,-1.0,-1.0,-1.0,-1.0,-1.0,-1.0,-1.0,-1.0,-1.0,-1.0,-1.0,-1.0,-1.0,-1.0,-1.0,-1.0,-1.0,-1.0,-1.0,-1.0,-1.0,-1.0,-1.0,-1.0,-1.0,-1.0,-1.0,-1.0,-1.0,-1.0,-1.0,-1.0,-1.0,-1.0,-1.0,-1.0,-1.0,-1.0,-1.0,-1.0,-1.0,-1.0,-1.0,-1.0,-1.0,-1.0,-1.0,-1.0,-1.0,-1.0,-1.0,-1.0,-1.0,-1.0,-1.0,-1.0,-1.0,-1.0,-1.0,-1.0,-1.0,-1.0,-1.0,-1.0,-1.0,-1.0,-1.0,-1.0,-1.0,1.0,1.0,1.0,1.0,-1.0,-1.0,-1.0,-1.0,-1.0,-1.0,-1.0,-1.0,-1.0,-1.0,-1.0,-1.0,-1.0,-1.0,-1.0,-1.0,-1.0,-1.0,-1.0,-1.0,-1.0,-1.0,-1.0,-1.0,-1.0,-1.0,-1.0,-1.0,-1.0,-1.0,-1.0,-1.0,-1.0,-1.0,-1.0,-1.0,-1.0,-1.0,-1.0,-1.0,-1.0,-1.0,-1.0,-1.0,-1.0,-1.0,-1.0,-1.0,-1.0,-1.0,-1.0,-1.0,-1.0,-1.0,-1.0,-1.0,-1.0,-1.0,-1.0,-1.0,-1.0,-1.0,-1.0,-1.0,-1.0,-1.0,-1.0,-1.0,-1.0,-1.0,-1.0,-1.0,-1.0,-1.0,-1.0,-1.0,-1.0,-1.0,-1.0,-1.0,-1.0,-1.0,1.0,1.0,1.0,1.0,1.0,1.0,1.0,1.0,1.0,1.0,-1.0,-1.0,1.0,1.0,1.0,1.0,1.0,1.0,1.0,1.0,1.0,1.0,1.0,1.0,1.0,1.0,1.0,1.0,-1.0,-1.0,-1.0,-1.0,-1.0,-1.0,-1.0,-1.0,-1.0,-1.0,-1.0,-1.0,-1.0,-1.0,-1.0,-1.0,-1.0,-1.0,-1.0,-1.0,-1.0
-1.0,-1.0,-1.0,-1.0,-1.0,-1.0,-1.0,-1.0,-1.0,-1.0,-1.0,-1.0,-1.0,-1.0,-1.0,-1.0,-1.0,-1.0,-1.0,-1.0,-1.0,-1.0,-1.0,-1.0,-1.0,-1.0,-1.0,-1.0,-1.0,-1.0,-1.0,-1.0,-1.0,-1.0,-1.0,-1.0,-1.0,-1.0,-1.0,-1.0,-1.0,-1.0,-1.0,-1.0,-1.0,-1.0,-1.0,-1.0,-1.0,-1.0,-1.0,-1.0,-1.0,-1.0,-1.0,-1.0,-1.0,-1.0,-1.0,-1.0,-1.0,-1.0,-1.0,-1.0,-1.0,-1.0,-1.0,-1.0,-1.0,-1.0,-1.0,-1.0,-1.0,-1.0,-1.0,-1.0,-1.0,-1.0,-1.0,-1.0,-1.0,-1.0,-1.0,-1.0,-1.0,-1.0,-1.0,-1.0,-1.0,-1.0,-1.0,-1.0,-1.0,-1.0,-1.0,-1.0,-1.0,-1.0,-1.0,-1.0,-1.0,-1.0,-1.0,-1.0,-1.0,-1.0,-1.0,-1.0,-1.0,-1.0,-1.0,-1.0,-1.0,-1.0,-1.0,-1.0,-1.0,-1.0,-1.0,-1.0,-1.0,-1.0,-1.0,-1.0,-1.0,-1.0,-1.0,-1.0,-1.0,-1.0,-1.0,-1.0,-1.0,-1.0,-1.0,-1.0,-1.0,-1.0,-1.0,-1.0,-1.0,-1.0,-1.0,-1.0,-1.0,-1.0,-1.0,-1.0,-1.0,-1.0,-1.0,-1.0,-1.0,-1.0,-1.0,-1.0,-1.0,-1.0,-1.0,-1.0,-1.0,-1.0,-1.0,-1.0,-1.0,-1.0,-1.0,-1.0,-1.0,-1.0,-1.0,-1.0,-1.0,-1.0,-1.0,-1.0,-1.0,-1.0,-1.0,-1.0,-1.0,-1.0,-1.0,-1.0,-1.0,-1.0,-1.0,-1.0,-1.0,-1.0,-1.0,-1.0,-1.0,-1.0,-1.0,-1.0,-1.0,-1.0,-1.0,-1.0,-1.0,-1.0,-1.0,-1.0,-1.0,-1.0,-1.0,-1.0,-1.0,-1.0,-1.0,-1.0,-1.0,-1.0,-1.0,-1.0,-1.0,-1.0,-1.0,-1.0,-1.0,-1.0,-1.0,-1.0,-1.0,-1.0,-1.0,-1.0,-1.0,-1.0,-1.0,-1.0,-1.0,-1.0,-1.0,-1.0,-1.0,-1.0,-1.0,-1.0,-1.0,-1.0,-1.0,-1.0,-1.0,-1.0,-1.0,-1.0,-1.0,-1.0,-1.0,-1.0,-1.0,-1.0,-1.0,-1.0,-1.0,-1.0,-1.0,-1.0,-1.0,-1.0,-1.0,-1.0,-1.0,-1.0,-1.0,-1.0,-1.0,-1.0,-1.0,-1.0,-1.0,-1.0,-1.0,-1.0,-1.0,-1.0,-1.0,-1.0,-1.0,-1.0,-1.0,-1.0,-1.0,-1.0,-1.0,-1.0,-1.0,-1.0,-1.0,-1.0,-1.0,-1.0,-1.0,-1.0,-1.0,-1.0,-1.0,-1.0,-1.0,-1.0,-1.0,-1.0,-1.0,-1.0,-1.0,-1.0,-1.0,-1.0,-1.0,-1.0,-1.0,-1.0,-1.0,-1.0,-1.0,-1.0,-1.0,-1.0,-1.0,-1.0,-1.0,-1.0,-1.0,-1.0,-1.0,-1.0,-1.0,-1.0,-1.0,-1.0,-1.0,-1.0,-1.0,-1.0,-1.0,-1.0,-1.0,-1.0,-1.0,-1.0,-1.0,-1.0,-1.0,-1.0,-1.0,-1.0,-1.0,-1.0,-1.0,-1.0,-1.0,-1.0,-1.0,-1.0,-1.0,-1.0,-1.0,-1.0,-1.0,-1.0,-1.0,-1.0,-1.0,-1.0,-1.0,-1.0,-1.0,-1.0,-1.0,-1.0,-1.0,-1.0,-1.0,-1.0,-1.0,-1.0,-1.0,-1.0,-1.0,-1.0,-1.0,-1.0,-1.0,-1.0,-1.0,-1.0,-1.0,-1.0,-1.0,-1.0,-1.0,-1.0,-1.0,-1.0,-1.0,-1.0
-1.0,-1.0,-1.0,-1.0,-1.0,-1.0,-1.0,-1.0,-1.0,-1.0,-1.0,-1.0,-1.0,-1.0,-1.0,-1.0,-1.0,-1.0,-1.0,-1.0,-1.0,-1.0,-1.0,-1.0,-1.0,-1.0,-1.0,-1.0,-1.0,-1.0,-1.0,-1.0,-1.0,-1.0,-1.0,-1.0,-1.0,-1.0,-1.0,-1.0,-1.0,-1.0,-1.0,-1.0,-1.0,-1.0,-1.0,-1.0,-1.0,-1.0,-1.0,-1.0,-1.0,-1.0,-1.0,-1.0,-1.0,-1.0,-1.0,-1.0,-1.0,-1.0,-1.0,-1.0,-1.0,-1.0,-1.0,-1.0,-1.0,-1.0,-1.0,-1.0,-1.0,-1.0,-1.0,-1.0,-1.0,-1.0,-1.0,-1.0,-1.0,-1.0,-1.0,-1.0,-1.0,-1.0,-1.0,-1.0,-1.0,-1.0,-1.0,-1.0,-1.0,-1.0,-1.0,-1.0,-1.0,-1.0,-1.0,-1.0,-1.0,-1.0,-1.0,-1.0,-1.0,-1.0,-1.0,-1.0,-1.0,-1.0,-1.0,-1.0,-1.0,-1.0,-1.0,-1.0,-1.0,-1.0,-1.0,-1.0,-1.0,-1.0,-1.0,-1.0,-1.0,-1.0,-1.0,-1.0,-1.0,-1.0,-1.0,-1.0,-1.0,-1.0,-1.0,-1.0,-1.0,-1.0,-1.0,-1.0,-1.0,-1.0,-1.0,-1.0,-1.0,-1.0,-1.0,-1.0,-1.0,-1.0,-1.0,-1.0,-1.0,-1.0,-1.0,-1.0,-1.0,-1.0,-1.0,-1.0,-1.0,-1.0,-1.0,-1.0,-1.0,-1.0,-1.0,-1.0,-1.0,-1.0,-1.0,-1.0,-1.0,-1.0,-1.0,-1.0,-1.0,-1.0,-1.0,-1.0,-1.0,-1.0,-1.0,-1.0,-1.0,-1.0,-1.0,-1.0,-1.0,-1.0,-1.0,-1.0,-1.0,-1.0,-1.0,-1.0,-1.0,-1.0,-1.0,-1.0,-1.0,-1.0,-1.0,-1.0,-1.0,-1.0,-1.0,-1.0,-1.0,-1.0,-1.0,-1.0,-1.0,-1.0,-1.0,-1.0,-1.0,-1.0,-1.0,-1.0,-1.0,-1.0,-1.0,-1.0,-1.0,-1.0,-1.0,-1.0,-1.0,-1.0,-1.0,-1.0,-1.0,-1.0,-1.0,-1.0,-1.0,-1.0,-1.0,-1.0,-1.0,-1.0,-1.0,-1.0,-1.0,-1.0,-1.0,-1.0,-1.0,-1.0,-1.0,-1.0,-1.0,-1.0,-1.0,-1.0,-1.0,-1.0,-1.0,-1.0,-1.0,-1.0,-1.0,-1.0,-1.0,-1.0,-1.0,-1.0,-1.0,-1.0,-1.0,-1.0,-1.0,-1.0,-1.0,-1.0,-1.0,-1.0,-1.0,-1.0,-1.0,-1.0,-1.0,-1.0,-1.0,-1.0,-1.0,-1.0,-1.0,-1.0,-1.0,-1.0,-1.0,-1.0,-1.0,-1.0,-1.0,-1.0,-1.0,-1.0,-1.0,-1.0,-1.0,-1.0,-1.0,-1.0,-1.0,-1.0,-1.0,-1.0,-1.0,-1.0,-1.0,-1.0,-1.0,-1.0,-1.0,-1.0,-1.0,-1.0,-1.0,-1.0,-1.0,-1.0,-1.0,-1.0,-1.0,-1.0,-1.0,-1.0,-1.0,-1.0,-1.0,-1.0,-1.0,-1.0,-1.0,-1.0,-1.0,-1.0,-1.0,-1.0,-1.0,-1.0,-1.0,-1.0,-1.0,-1.0,-1.0,-1.0,-1.0,-1.0,-1.0,-1.0,-1.0,-1.0,-1.0,-1.0,-1.0,-1.0,-1.0,-1.0,-1.0,-1.0,-1.0,-1.0,-1.0,-1.0,-1.0,-1.0,-1.0,-1.0,-1.0,-1.0,-1.0,-1.0,-1.0,-1.0,-1.0,-1.0,-1.0,-1.0,-1.0,-1.0,-1.0,-1.0,-1.0,-1.0,-1.0,-1.0,-1.0,-1.0,-1.0,-1.0,-1.0,-1.0,-1.0,-1.0
-1.0,-1.0,-1.0,-1.0,-1.0,-1.0,-1.0,-1.0,-1.0,-1.0,-1.0,-1.0,-1.0,-1.0,-1.0,-1.0,-1.0,-1.0,-1.0,-1.0,-1.0,-1.0,-1.0,-1.0,-1.0,-1.0,-1.0,-1.0,-1.0,-1.0,-1.0,-1.0,-1.0,-1.0,-1.0,-1.0,-1.0,-1.0,-1.0,-1.0,-1.0,-1.0,-1.0,-1.0,-1.0,-1.0,-1.0,-1.0,-1.0,-1.0,-1.0,-1.0,-1.0,-1.0,-1.0,-1.0,-1.0,-1.0,-1.0,-1.0,-1.0,-1.0,-1.0,-1.0,-1.0,-1.0,-1.0,-1.0,-1.0,-1.0,-1.0,-1.0,-1.0,-1.0,-1.0,-1.0,-1.0,-1.0,-1.0,-1.0,-1.0,-1.0,-1.0,-1.0,-1.0,-1.0,-1.0,-1.0,-1.0,-1.0,-1.0,-1.0,-1.0,-1.0,-1.0,-1.0,-1.0,-1.0,-1.0,-1.0,-1.0,-1.0,-1.0,-1.0,-1.0,-1.0,-1.0,-1.0,-1.0,-1.0,-1.0,-1.0,-1.0,-1.0,-1.0,-1.0,-1.0,-1.0,-1.0,-1.0,-1.0,-1.0,-1.0,-1.0,-1.0,-1.0,-1.0,-1.0,-1.0,-1.0,-1.0,-1.0,-1.0,-1.0,-1.0,-1.0,-1.0,-1.0,-1.0,-1.0,-1.0,-1.0,-1.0,-1.0,-1.0,-1.0,-1.0,-1.0,-1.0,-1.0,-1.0,-1.0,-1.0,-1.0,-1.0,-1.0,-1.0,-1.0,-1.0,-1.0,-1.0,-1.0,-1.0,-1.0,-1.0,-1.0,-1.0,-1.0,-1.0,-1.0,-1.0,-1.0,-1.0,-1.0,-1.0,-1.0,-1.0,-1.0,-1.0,-1.0,-1.0,-1.0,-1.0,-1.0,-1.0,-1.0,-1.0,-1.0,-1.0,-1.0,-1.0,-1.0,-1.0,-1.0,-1.0,-1.0,-1.0,-1.0,-1.0,-1.0,-1.0,-1.0,-1.0,-1.0,-1.0,-1.0,-1.0,-1.0,-1.0,-1.0,-1.0,-1.0,-1.0,-1.0,-1.0,-1.0,-1.0,-1.0,-1.0,-1.0,-1.0,-1.0,-1.0,-1.0,-1.0,-1.0,-1.0,-1.0,-1.0,-1.0,-1.0,-1.0,-1.0,-1.0,-1.0,-1.0,-1.0,-1.0,-1.0,-1.0,-1.0,-1.0,-1.0,-1.0,-1.0,-1.0,-1.0,-1.0,-1.0,-1.0,-1.0,-1.0,-1.0,-1.0,-1.0,-1.0,-1.0,-1.0,-1.0,-1.0,-1.0,-1.0,-1.0,-1.0,-1.0,-1.0,-1.0,-1.0,-1.0,-1.0,-1.0,-1.0,-1.0,-1.0,-1.0,-1.0,-1.0,-1.0,-1.0,-1.0,-1.0,-1.0,-1.0,-1.0,-1.0,-1.0,-1.0,-1.0,-1.0,-1.0,-1.0,-1.0,-1.0,-1.0,-1.0,-1.0,-1.0,-1.0,-1.0,-1.0,-1.0,-1.0,-1.0,-1.0,-1.0,-1.0,-1.0,-1.0,-1.0,-1.0,-1.0,-1.0,-1.0,-1.0,-1.0,-1.0,-1.0,-1.0,-1.0,-1.0,-1.0,-1.0,-1.0,-1.0,-1.0,-1.0,-1.0,-1.0,-1.0,-1.0,-1.0,-1.0,-1.0,-1.0,-1.0,-1.0,-1.0,-1.0,-1.0,-1.0,-1.0,-1.0,-1.0,-1.0,-1.0,-1.0,-1.0,-1.0,-1.0,-1.0,-1.0,-1.0,-1.0,-1.0,-1.0,-1.0,-1.0,-1.0,-1.0,-1.0,-1.0,-1.0,-1.0,-1.0,-1.0,-1.0,-1.0,-1.0,-1.0,-1.0,-1.0,-1.0,-1.0,-1.0,-1.0,-1.0,-1.0,-1.0,-1.0,-1.0,-1.0,-1.0,-1.0,-1.0,-1.0,-1.0,-1.0,-1.0,-1.0,-1.0,-1.0,-1.0,-1.0,-1.0,-1.0,-1.0,-1.0,-1.0
-1.0,-1.0,-1.0,-1.0,-1.0,-1.0,-1.0,-1.0,-1.0,-1.0,-1.0,-1.0,-1.0,-1.0,-1.0,-1.0,-1.0,-1.0,-1.0,-1.0,-1.0,-1.0,-1.0,-1.0,-1.0,-1.0,-1.0,-1.0,-1.0,-1.0,-1.0,-1.0,-1.0,-1.0,-1.0,-1.0,-1.0,-1.0,-1.0,-1.0,-1.0,-1.0,-1.0,-1.0,-1.0,-1.0,-1.0,-1.0,-1.0,-1.0,-1.0,-1.0,-1.0,-1.0,-1.0,-1.0,-1.0,-1.0,-1.0,-1.0,-1.0,-1.0,-1.0,-1.0,-1.0,-1.0,-1.0,-1.0,-1.0,-1.0,-1.0,-1.0,-1.0,-1.0,-1.0,-1.0,-1.0,-1.0,-1.0,-1.0,-1.0,-1.0,-1.0,-1.0,-1.0,-1.0,-1.0,-1.0,-1.0,-1.0,-1.0,-1.0,-1.0,-1.0,-1.0,-1.0,-1.0,-1.0,-1.0,-1.0,-1.0,-1.0,-1.0,-1.0,-1.0,-1.0,-1.0,-1.0,-1.0,-1.0,-1.0,-1.0,-1.0,-1.0,-1.0,-1.0,-1.0,-1.0,-1.0,-1.0,-1.0,-1.0,-1.0,-1.0,-1.0,-1.0,-1.0,-1.0,-1.0,-1.0,-1.0,-1.0,-1.0,-1.0,-1.0,-1.0,-1.0,-1.0,-1.0,-1.0,-1.0,-1.0,-1.0,-1.0,-1.0,-1.0,-1.0,-1.0,-1.0,-1.0,-1.0,-1.0,-1.0,-1.0,-1.0,-1.0,-1.0,-1.0,-1.0,-1.0,-1.0,-1.0,-1.0,-1.0,-1.0,-1.0,-1.0,-1.0,-1.0,-1.0,-1.0,-1.0,1.0,1.0,-1.0,-1.0,-1.0,-1.0,-1.0,-1.0,-1.0,-1.0,-1.0,-1.0,-1.0,-1.0,-1.0,-1.0,-1.0,-1.0,-1.0,-1.0,-1.0,-1.0,-1.0,-1.0,-1.0,-1.0,-1.0,-1.0,-1.0,-1.0,-1.0,-1.0,-1.0,-1.0,-1.0,-1.0,-1.0,-1.0,-1.0,-1.0,-1.0,-1.0,-1.0,-1.0,-1.0,-1.0,-1.0,-1.0,-1.0,-1.0,-1.0,-1.0,-1.0,-1.0,-1.0,-1.0,-1.0,-1.0,-1.0,-1.0,-1.0,-1.0,-1.0,-1.0,-1.0,-1.0,-1.0,-1.0,-1.0,-1.0,-1.0,-1.0,-1.0,-1.0,-1.0,-1.0,-1.0,-1.0,-1.0,-1.0,-1.0,-1.0,-1.0,-1.0,-1.0,-1.0,-1.0,-1.0,-1.0,-1.0,-1.0,1.0,1.0,1.0,1.0,-1.0,-1.0,-1.0,-1.0,-1.0,-1.0,-1.0,-1.0,-1.0,-1.0,-1.0,-1.0,-1.0,-1.0,-1.0,-1.0,-1.0,-1.0,-1.0,-1.0,-1.0,-1.0,-1.0,-1.0,-1.0,-1.0,-1.0,-1.0,-1.0,-1.0,-1.0,-1.0,-1.0,-1.0,-1.0,-1.0,-1.0,-1.0,-1.0,-1.0,-1.0,-1.0,-1.0,-1.0,-1.0,-1.0,-1.0,-1.0,-1.0,-1.0,-1.0,-1.0,-1.0,-1.0,-1.0,-1.0,-1.0,-1.0,-1.0,-1.0,-1.0,-1.0,-1.0,-1.0,-1.0,-1.0,-1.0,-1.0,-1.0,-1.0,-1.0,-1.0,-1.0,-1.0,-1.0,-1.0,-1.0,-1.0,-1.0,-1.0,-1.0,-1.0,1.0,1.0,1.0,1.0,1.0,1.0,1.0,1.0,1.0,1.0,-1.0,-1.0,1.0,1.0,1.0,1.0,1.0,1.0,1.0,1.0,1.0,1.0,1.0,1.0,1.0,1.0,1.0,1.0,-1.0,-1.0,-1.0,-1.0,-1.0,-1.0,-1.0,-1.0,-1.0,-1.0,-1.0,-1.0,-1.0,-1.0,-1.0,-1.0,-1.0,-1.0,-1.0,-1.0,-1.0
-1.0,-1.0,-1.0,-1.0,-1.0,-1.0,-1.0,-1.0,-1.0,-1.0,-1.0,-1.0,-1.0,-1.0,-1.0,-1.0,-1.0,-1.0,-1.0,-1.0,-1.0,-1.0,-1.0,-1.0,-1.0,-1.0,-1.0,-1.0,-1.0,-1.0,-1.0,-1.0,-1.0,-1.0,-1.0,-1.0,-1.0,-1.0,-1.0,-1.0,-1.0,-1.0,-1.0,-1.0,-1.0,-1.0,-1.0,-1.0,-1.0,-1.0,-1.0,-1.0,-1.0,-1.0,-1.0,-1.0,-1.0,-1.0,-1.0,-1.0,-1.0,-1.0,-1.0,-1.0,-1.0,-1.0,-1.0,-1.0,-1.0,-1.0,-1.0,-1.0,-1.0,-1.0,-1.0,-1.0,-1.0,-1.0,-1.0,-1.0,-1.0,-1.0,-1.0,-1.0,-1.0,-1.0,-1.0,-1.0,-1.0,-1.0,-1.0,-1.0,-1.0,-1.0,-1.0,-1.0,-1.0,-1.0,-1.0,-1.0,-1.0,-1.0,-1.0,-1.0,-1.0,-1.0,-1.0,-1.0,-1.0,-1.0,-1.0,-1.0,-1.0,-1.0,-1.0,-1.0,-1.0,-1.0,-1.0,-1.0,-1.0,-1.0,-1.0,-1.0,-1.0,-1.0,-1.0,-1.0,-1.0,-1.0,-1.0,-1.0,-1.0,-1.0,-1.0,-1.0,-1.0,-1.0,-1.0,-1.0,-1.0,-1.0,-1.0,-1.0,-1.0,-1.0,-1.0,-1.0,-1.0,-1.0,-1.0,-1.0,-1.0,-1.0,-1.0,-1.0,-1.0,-1.0,-1.0,-1.0,-1.0,-1.0,-1.0,-1.0,-1.0,-1.0,-1.0,-1.0,-1.0,-1.0,-1.0,-1.0,-1.0,-1.0,-1.0,-1.0,-1.0,-1.0,-1.0,-1.0,-1.0,-1.0,-1.0,-1.0,-1.0,-1.0,-1.0,-1.0,-1.0,-1.0,-1.0,-1.0,-1.0,-1.0,-1.0,-1.0,-1.0,-1.0,-1.0,-1.0,-1.0,-1.0,-1.0,-1.0,-1.0,-1.0,-1.0,-1.0,-1.0,-1.0,-1.0,-1.0,-1.0,-1.0,-1.0,-1.0,-1.0,-1.0,-1.0,-1.0,-1.0,-1.0,-1.0,-1.0,-1.0,-1.0,-1.0,-1.0,-1.0,-1.0,-1.0,-1.0,-1.0,-1.0,-1.0,-1.0,-1.0,-1.0,-1.0,-1.0,-1.0,-1.0,-1.0,-1.0,-1.0,-1.0,-1.0,-1.0,-1.0,-1.0,-1.0,-1.0,-1.0,-1.0,-1.0,-1.0,-1.0,-1.0,-1.0,-1.0,-1.0,-1.0,-1.0,-1.0,-1.0,-1.0,-1.0,-1.0,-1.0,-1.0,-1.0,-1.0,-1.0,-1.0,-1.0,-1.0,-1.0,-1.0,-1.0,-1.0,-1.0,-1.0,-1.0,-1.0,-1.0,-1.0,-1.0,-1.0,-1.0,-1.0,-1.0,-1.0,-1.0,-1.0,-1.0,-1.0,-1.0,-1.0,-1.0,-1.0,-1.0,-1.0,-1.0,-1.0,-1.0,-1.0,-1.0,-1.0,-1.0,-1.0,-1.0,-1.0,-1.0,-1.0,-1.0,-1.0,-1.0,-1.0,-1.0,-1.0,-1.0,-1.0,-1.0,-1.0,-1.0,-1.0,-1.0,-1.0,-1.0,-1.0,-1.0,-1.0,-1.0,-1.0,-1.0,-1.0,-1.0,-1.0,-1.0,-1.0,-1.0,-1.0,-1.0,-1.0,-1.0,-1.0,-1.0,-1.0,-1.0,-1.0,-1.0,-1.0,-1.0,-1.0,-1.0,-1.0,-1.0,-1.0,-1.0,-1.0,-1.0,-1.0,-1.0,-1.0,-1.0,-1.0,-1.0,-1.0,-1.0,-1.0,-1.0,-1.0,-1.0,-1.0,-1.0,-1.0,-1.0,-1.0,-1.0,-1.0,-1.0,-1.0,-1.0,-1.0,-1.0,-1.0,-1.0,-1.0,-1.0,-1.0,-1.0,-1.0,-1.0,-1.0,-1.0,-1.0,-1.0,-1.0
-1.0,1.0,1.0,1.0,1.0,1.0,-1.0,1.0,1.0,1.0,1.0,1.0,1.0,1.0,1.0,-1.0,1.0,1.0,1.0,1.0,1.0,1.0,1.0,1.0,1.0,1.0,1.0,1.0,1.0,1.0,1.0,1.0,1.0,1.0,1.0,-1.0,1.0,1.0,1.0,1.0,1.0,1.0,1.0,1.0,1.0,1.0,1.0,1.0,1.0,1.0,1.0,1.0,-1.0,1.0,1.0,1.0,1.0,1.0,1.0,1.0,1.0,-1.0,1.0,1.0,1.0,1.0,1.0,1.0,1.0,-1.0,1.0,1.0,1.0,1.0,1.0,1.0,1.0,1.0,-1.0,1.0,1.0,1.0,1.0,1.0,1.0,1.0,1.0,1.0,-1.0,1.0,1.0,1.0,-1.0,1.0,1.0,1.0,1.0,1.0,1.0,1.0,1.0,1.0,1.0,1.0,1.0,1.0,1.0,1.0,-1.0,1.0,1.0,1.0,1.0,1.0,1.0,1.0,1.0,1.0,1.0,1.0,1.0,1.0,1.0,-1.0,1.0,1.0,1.0,1.0,1.0,1.0,1.0,1.0,1.0,1.0,1.0,1.0,1.0,-1.0,-1.0,-1.0,-1.0,1.0,-1.0,1.0,1.0,1.0,1.0,1.0,1.0,1.0,-1.0,1.0,1.0,1.0,1.0,1.0,1.0,1.0,1.0,1.0,1.0,1.0,1.0,-1.0,-1.0,-1.0,-1.0,-1.0,-1.0,-1.0,-1.0,-1.0,-1.0,-1.0,-1.0,-1.0,-1.0,-1.0,-1.0,-1.0,-1.0,-1.0,-1.0,-1.0,-1.0,-1.0,-1.0,-1.0,-1.0,-1.0,-1.0,-1.0,-1.0,-1.0,-1.0,-1.0,-1.0,-1.0,-1.0,-1.0,-1.0,-1.0,-1.0,-1.0,-1.0,-1.0,-1.0,-1.0,-1.0,-1.0,-1.0,-1.0,-1.0,-1.0,-1.0,-1.0,-1.0,-1.0,-1.0,-1.0,-1.0,-1.0,-1.0,-1.0,-1.0,-1.0,-1.0,-1.0,-1.0,-1.0,-1.0,-1.0,-1.0,-1.0,-1.0,-1.0,-1.0,-1.0,-1.0,-1.0,-1.0,-1.0,-1.0,-1.0,-1.0,-1.0,-1.0,-1.0,-1.0,-1.0,-1.0,-1.0,-1.0,-1.0,-1.0,-1.0,-1.0,-1.0,-1.0,-1.0,-1.0,-1.0,-1.0,-1.0,-1.0,-1.0,-1.0,1.0,-1.0,-1.0,-1.0,-1.0,-1.0,-1.0,-1.0,-1.0,-1.0,-1.0,-1.0,-1.0,-1.0,-1.0,-1.0,-1.0,-1.0,-1.0,-1.0,-1.0,-1.0,-1.0,-1.0,-1.0,-1.0,-1.0,-1.0,-1.0,-1.0,-1.0,-1.0,-1.0,-1.0,-1.0,-1.0,-1.0,-1.0,-1.0,-1.0,-1.0,-1.0,-1.0,-1.0,-1.0,-1.0,-1.0,-1.0,-1.0,-1.0,-1.0,-1.0,-1.0,-1.0,-1.0,-1.0,-1.0,-1.0,-1.0,-1.0,-1.0,-1.0,-1.0,-1.0,-1.0,-1.0,-1.0,-1.0,-1.0,-1.0,-1.0,1.0,1.0,1.0,1.0,1.0,1.0,1.0,1.0,1.0,1.0,-1.0,-1.0,-1.0,-1.0,-1.0,-1.0,-1.0,-1.0,-1.0,-1.0,-1.0,-1.0,-1.0,-1.0,-1.0,-1.0,-1.0,-1.0,-1.0,-1.0,-1.0,-1.0,-1.0,-1.0,-1.0,-1.0,-1.0,-1.0,-1.0,-1.0,-1.0,-1.0,-1.0,-1.0,-1.0,-1.0,-1.0,1.0,1.0,1.0,1.0,1.0,1.0,1.0,1.0,1.0,1.0,-1.0,-1.0,-1.0
-1.0,-1.0,-1.0,-1.0,-1.0,-1.0,-1.0,-1.0,-1.0,-1.0,-1.0,-1.0,-1.0,-1.0,-1.0,-1.0,-1.0,-1.0,-1.0,-1.0,-1.0,-1.0,-1.0,-1.0,-1.0,-1.0,-1.0,-1.0,-1.0,-1.0,-1.0,-1.0,-1.0,-1.0,-1.0,-1.0,-1.0,-1.0,-1.0,-1.0,-1.0,-1.0,-1.0,-1.0,-1.0,-1.0,-1.0,-1.0,-1.0,-1.0,-1.0,-1.0,-1.0,-1.0,-1.0,-1.0,-1.0,-1.0,-1.0,-1.0,-1.0,-1.0,-1.0,-1.0,-1.0,-1.0,-1.0,-1.0,-1.0,-1.0,-1.0,-1.0,-1.0,-1.0,-1.0,-1.0,-1.0,-1.0,-1.0,-1.0,-1.0,-1.0,-1.0,-1.0,-1.0,-1.0,-1.0,-1.0,-1.0,-1.0,-1.0,-1.0,-1.0,-1.0,-1.0,-1.0,-1.0,-1.0,-1.0,-1.0,-1.0,-1.0,-1.0,-1.0,-1.0,-1.0,-1.0,-1.0,-1.0,-1.0,-1.0,-1.0,-1.0,-1.0,-1.0,-1.0,-1.0,-1.0,-1.0,-1.0,-1.0,-1.0,-1.0,-1.0,-1.0,-1.0,-1.0,-1.0,-1.0,-1.0,-1.0,-1.0,-1.0,-1.0,-1.0,-1.0,-1.0,-1.0,-1.0,-1.0,-1.0,-1.0,-1.0,-1.0,-1.0,-1.0,-1.0,-1.0,-1.0,-1.0,-1.0,-1.0,-1.0,-1.0,-1.0,-1.0,-1.0,-1.0,-1.0,-1.0,-1.0,-1.0,-1.0,-1.0,-1.0,-1.0,-1.0,-1.0,-1.0,-1.0,-1.0,-1.0,-1.0,-1.0,-1.0,-1.0,-1.0,-1.0,-1.0,-1.0,-1.0,-1.0,-1.0,-1.0,-1.0,-1.0,-1.0,-1.0,-1.0,-1.0,-1.0,-1.0,-1.0,-1.0,-1.0,-1.0,-1.0,-1.0,-1.0,-1.0,-1.0,-1.0,-1.0,-1.0,-1.0,-1.0,-1.0,-1.0,-1.0,-1.0,-1.0,-1.0,-1.0,-1.0,-1.0,-1.0,-1.0,-1.0,-1.0,-1.0,-1.0,-1.0,-1.0,-1.0,-1.0,-1.0,-1.0,-1.0,-1.0,-1.0,-1.0,-1.0,-1.0,-1.0,-1.0,-1.0,-1.0,-1.0,-1.0,-1.0,-1.0,-1.0,-1.0,1.0,1.0,1.0,1.0,1.0,1.0,-1.0,-1.0,-1.0,-1.0,-1.0,-1.0,-1.0,-1.0,-1.0,-1.0,-1.0,-1.0,-1.0,-1.0,-1.0,-1.0,-1.0,-1.0,-1.0,-1.0,-1.0,-1.0,-1.0,-1.0,-1.0,-1.0,-1.0,-1.0,-1.0,-1.0,-1.0,-1.0,-1.0,-1.0,-1.0,-1.0,-1.0,-1.0,-1.0,-1.0,-1.0,-1.0,-1.0,-1.0,-1.0,-1.0,-1.0,-1.0,-1.0,-1.0,-1.0,-1.0,-1.0,-1.0,-1.0,-1.0,-1.0,-1.0,-1.0,-1.0,-1.0,-1.0,-1.0,-1.0,-1.0,-1.0,-1.0,-1.0,-1.0,-1.0,-1.0,-1.0,-1.0,-1.0,-1.0,-1.0,-1.0,-1.0,-1.0,-1.0,-1.0,-1.0,-1.0,-1.0,-1.0,-1.0,-1.0,-1.0,-1.0,-1.0,-1.0,-1.0,-1.0,-1.0,-1.0,-1.0,-1.0,-1.0,-1.0,-1.0,-1.0,-1.0,-1.0,-1.0,-1.0,-1.0,-1.0,-1.0,-1.0,-1.0,-1.0,-1.0,-1.0,-1.0,-1.0,-1.0,-1.0,-1.0,-1.0,-1.0,-1.0,-1.0,-1.0,-1.0,-1.0,-1.0,-1.0,-1.0,-1.0,-1.0,-1.0,-1.0,-1.0,-1.0,-1.0,-1.0,-1.0,-1.0,-1.0,-1.0,-1.0,-1.0,-1.0,-1.0,-1.0,-1.0,-1.0,-1.0,-1.0
-1.0,-1.0,-1.0,-1.0,-1.0,-1.0,-1.0,-1.0,-1.0,-1.0,-1.0,-1.0,-1.0,-1.0,-1.0,-1.0,-1.0,-1.0,-1.0,-1.0,-1.0,-1.0,-1.0,-1.0,-1.0,-1.0,-1.0,-1.0,-1.0,-1.0,-1.0,-1.0,-1.0,-1.0,-1.0,-1.0,-1.0,-1.0,-1.0,-1.0,-1.0,-1.0,-1.0,-1.0,-1.0,-1.0,-1.0,-1.0,-1.0,-1.0,-1.0,-1.0,-1.0,-1.0,-1.0,-1.0,-1.0,-1.0,-1.0,-1.0,-1.0,-1.0,-1.0,-1.0,-1.0,-1.0,-1.0,-1.0,-1.0,-1.0,-1.0,-1.0,-1.0,-1.0,-1.0,-1.0,-1.0,-1.0,-1.0,-1.0,-1.0,-1.0,-1.0,-1.0,-1.0,-1.0,-1.0,-1.0,-1.0,-1.0,-1.0,-1.0,-1.0,-1.0,-1.0,-1.0,-1.0,-1.0,-1.0,-1.0,-1.0,-1.0,-1.0,-1.0,-1.0,-1.0,-1.0,-1.0,-1.0,-1.0,-1.0,-1.0,-1.0,-1.0,-1.0,-1.0,-1.0,-1.0,-1.0,-1.0,-1.0,-1.0,-1.0,-1.0,-1.0,-1.0,-1.0,-1.0,-1.0,-1.0,-1.0,-1.0,-1.0,-1.0,-1.0,-1.0,-1.0,-1.0,-1.0,-1.0,-1.0,-1.0,-1.0,-1.0,-1.0,-1.0,-1.0,-1.0,-1.0,-1.0,-1.0,-1.0,-1.0,-1.0,-1.0,-1.0,-1.0,-1.0,-1.0,-1.0,-1.0,-1.0,-1.0,-1.0,-1.0,-1.0,-1.0,-1.0,-1.0,-1.0,-1.0,-1.0,-1.0,-1.0,-1.0,-1.0,-1.0,-1.0,-1.0,-1.0,-1.0,-1.0,-1.0,-1.0,-1.0,-1.0,-1.0,-1.0,-1.0,-1.0,-1.0,-1.0,-1.0,-1.0,-1.0,-1.0,-1.0,-1.0,-1.0,-1.0,-1.0,-1.0,-1.0,-1.0,-1.0,-1.0,-1.0,-1.0,-1.0,-1.0,-1.0,-1.0,-1.0,-1.0,-1.0,-1.0,-1.0,-1.0,-1.0,-1.0,-1.0,-1.0,-1.0,-1.0,-1.0,-1.0,-1.0,-1.0,-1.0,-1.0,-1.0,-1.0,-1.0,-1.0,-1.0,-1.0,-1.0,-1.0,-1.0,-1.0,-1.0,-1.0,-1.0,-1.0,-1.0,-1.0,-1.0,-1.0,-1.0,-1.0,-1.0,-1.0,-1.0,-1.0,-1.0,-1.0,-1.0,-1.0,-1.0,-1.0,-1.0,-1.0,-1.0,-1.0,-1.0,-1.0,-1.0,-1.0,-1.0,-1.0,-1.0,-1.0,-1.0,-1.0,-1.0,-1.0,-1.0,-1.0,-1.0,-1.0,-1.0,-1.0,-1.0,-1.0,-1.0,-1.0,-1.0,-1.0,-1.0,-1.0,-1.0,-1.0,-1.0,-1.0,-1.0,-1.0,-1.0,-1.0,-1.0,-1.0,-1.0,-1.0,-1.0,-1.0,-1.0,-1.0,-1.0,-1.0,-1.0,-1.0,-1.0,-1.0,-1.0,-1.0,-1.0,-1.0,-1.0,-1.0,-1.0,-1.0,-1.0,-1.0,-1.0,-1.0,-1.0,-1.0,-1.0,-1.0,-1.0,-1.0,-1.0,-1.0,-1.0,-1.0,-1.0,-1.0,-1.0,-1.0,-1.0,-1.0,-1.0,-1.0,-1.0,-1.0,-1.0,-1.0,-1.0,-1.0,-1.0,-1.0,-1.0,-1.0,-1.0,-1.0,-1.0,-1.0,-1.0,-1.0,-1.0,-1.0,-1.0,-1.0,-1.0,-1.0,-1.0,-1.0,-1.0,-1.0,-1.0,-1.0,-1.0,-1.0,-1.0,-1.0,-1.0,-1.0,-1.0,-1.0,-1.0,-1.0,-1.0,-1.0,-1.0,-1.0,-1.0,-1.0,-1.0,-1.0,-1.0,-1.0,-1.0,-1.0,-1.0,-1.0,-1.0,-1.0,-1.0,-1.0
-1.0,-1.0,-1.0,-1.0,-1.0,-1.0,-1.0,-1.0,-1.0,-1.0,-1.0,-1.0,-1.0,-1.0,-1.0,-1.0,-1.0,-1.0,-1.0,-1.0,-1.0,-1.0,-1.0,-1.0,-1.0,-1.0,-1.0,-1.0,-1.0,-1.0,-1.0,-1.0,-1.0,-1.0,-1.0,-1.0,-1.0,-1.0,-1.0,-1.0,-1.0,-1.0,-1.0,-1.0,-1.0,-1.0,-1.0,-1.0,-1.0,-1.0,-1.0,-1.0,-1.0,-1.0,-1.0,-1.0,-1.0,-1.0,-1.0,-1.0,-1.0,-1.0,-1.0,-1.0,-1.0,-1.0,-1.0,-1.0,-1.0,-1.0,-1.0,-1.0,-1.0,-1.0,-1.0,-1.0,-1.0,-1.0,-1.0,-1.0,-1.0,-1.0,-1.0,-1.0,-1.0,-1.0,-1.0,-1.0,-1.0,-1.0,-1.0,-1.0,-1.0,-1.0,-1.0,-1.0,-1.0,-1.0,-1.0,-1.0,-1.0,-1.0,-1.0,-1.0,-1.0,-1.0,-1.0,-1.0,-1.0,-1.0,-1.0,-1.0,-1.0,-1.0,-1.0,-1.0,-1.0,-1.0,-1.0,-1.0,-1.0,-1.0,-1.0,-1.0,-1.0,-1.0,-1.0,-1.0,-1.0,-1.0,-1.0,-1.0,-1.0,-1.0,-1.0,-1.0,-1.0,-1.0,-1.0,-1.0,-1.0,-1.0,-1.0,-1.0,-1.0,-1.0,-1.0,-1.0,-1.0,-1.0,-1.0,-1.0,-1.0,-1.0,-1.0,-1.0,-1.0,-1.0,-1.0,-1.0,-1.0,-1.0,-1.0,-1.0,-1.0,-1.0,-1.0,-1.0,-1.0,-1.0,-1.0,-1.0,-1.0,-1.0,-1.0,-1.0,-1.0,-1.0,-1.0,-1.0,-1.0,-1.0,-1.0,-1.0,-1.0,-1.0,-1.0,-1.0,-1.0,-1.0,-1.0,-1.0,-1.0,-1.0,-1.0,-1.0,-1.0,-1.0,-1.0,-1.0,-1.0,-1.0,-1.0,-1.0,-1.0,-1.0,-1.0,-1.0,-1.0,-1.0,-1.0,-1.0,-1.0,-1.0,-1.0,-1.0,-1.0,-1.0,-1.0,-1.0,-1.0,-1.0,-1.0,-1.0,-1.0,-1.0,-1.0,-1.0,-1.0,-1.0,-1.0,-1.0,-1.0,-1.0,-1.0,-1.0,-1.0,-1.0,-1.0,-1.0,-1.0,-1.0,-1.0,-1.0,-1.0,-1.0,-1.0,-1.0,-1.0,-1.0,-1.0,-1.0,-1.0,-1.0,-1.0,-1.0,-1.0,-1.0,-1.0,-1.0,-1.0,-1.0,-1.0,-1.0,-1.0,-1.0,-1.0,-1.0,-1.0,-1.0,-1.0,-1.0,-1.0,-1.0,-1.0,-1.0,-1.0,-1.0,-1.0,-1.0,-1.0,-1.0,-1.0,-1.0,-1.0,-1.0,-1.0,-1.0,-1.0,-1.0,-1.0,-1.0,-1.0,-1.0,-1.0,-1.0,-1.0,-1.0,-1.0,-1.0,-1.0,-1.0,-1.0,-1.0,-1.0,-1.0,-1.0,-1.0,-1.0,-1.0,-1.0,-1.0,-1.0,-1.0,-1.0,-1.0,-1.0,-1.0,-1.0,-1.0,-1.0,-1.0,-1.0,-1.0,-1.0,-1.0,-1.0,-1.0,-1.0,-1.0,-1.0,-1.0,-1.0,-1.0,-1.0,-1.0,-1.0,-1.0,-1.0,-1.0,-1.0,-1.0,-1.0,-1.0,-1.0,-1.0,-1.0,-1.0,-1.0,-1.0,-1.0,-1.0,-1.0,-1.0,-1.0,-1.0,-1.0,-1.0,-1.0,-1.0,-1.0,-1.0,-1.0,-1.0,-1.0,-1.0,-1.0,-1.0,-1.0,-1.0,-1.0,-1.0,-1.0,-1.0,-1.0,-1.0,-1.0,-1.0,-1.0,-1.0,-1.0,-1.0,-1.0,-1.0,-1.0,-1.0,-1.0,-1.0,-1.0,-1.0,-1.0,-1.0,-1.0,-1.0,-1.0,-1.0,-1.0,-1.0
-1.0,-1.0,-1.0,-1.0,-1.0,-1.0,-1.0,-1.0,-1.0,-1.0,-1.0,-1.0,-1.0,-1.0,-1.0,-1.0,-1.0,-1.0,-1.0,-1.0,-1.0,-1.0,-1.0,-1.0,-1.0,-1.0,-1.0,-1.0,-1.0,-1.0,-1.0,-1.0,-1.0,-1.0,-1.0,-1.0,-1.0,-1.0,-1.0,-1.0,-1.0,-1.0,-1.0,-1.0,-1.0,-1.0,-1.0,-1.0,-1.0,-1.0,-1.0,-1.0,-1.0,-1.0,-1.0,-1.0,-1.0,-1.0,-1.0,-1.0,-1.0,-1.0,-1.0,-1.0,-1.0,-1.0,-1.0,-1.0,-1.0,-1.0,-1.0,-1.0,-1.0,-1.0,-1.0,-1.0,-1.0,-1.0,-1.0,-1.0,-1.0,-1.0,-1.0,-1.0,-1.0,-1.0,-1.0,-1.0,-1.0,-1.0,-1.0,-1.0,-1.0,-1.0,-1.0,-1.0,-1.0,-1.0,-1.0,-1.0,-1.0,-1.0,-1.0,-1.0,-1.0,-1.0,-1.0,-1.0,-1.0,-1.0,-1.0,-1.0,-1.0,-1.0,-1.0,-1.0,-1.0,-1.0,-1.0,-1.0,-1.0,-1.0,-1.0,-1.0,-1.0,-1.0,-1.0,-1.0,-1.0,-1.0,-1.0,-1.0,-1.0,-1.0,-1.0,-1.0,-1.0,-1.0,-1.0,-1.0,-1.0,-1.0,-1.0,-1.0,-1.0,-1.0,-1.0,-1.0,-1.0,-1.0,-1.0,-1.0,-1.0,-1.0,-1.0,-1.0,-1.0,-1.0,-1.0,-1.0,-1.0,-1.0,-1.0,-1.0,-1.0,-1.0,-1.0,-1.0,-1.0,-1.0,-1.0,-1.0,-1.0,-1.0,-1.0,-1.0,-1.0,-1.0,-1.0,-1.0,-1.0,-1.0,-1.0,-1.0,-1.0,-1.0,-1.0,-1.0,-1.0,-1.0,-1.0,-1.0,-1.0,-1.0,-1.0,-1.0,-1.0,-1.0,-1.0,-1.0,-1.0,-1.0,-1.0,-1.0,-1.0,-1.0,-1.0,-1.0,-1.0,-1.0,-1.0,-1.0,-1.0,-1.0,-1.0,-1.0,-1.0,-1.0,-1.0,-1.0,-1.0,-1.0,-1.0,-1.0,-1.0,-1.0,-1.0,-1.0,-1.0,-1.0,-1.0,-1.0,-1.0,-1.0,-1.0,-1.0,-1.0,-1.0,-1.0,-1.0,-1.0,-1.0,-1.0,-1.0,-1.0,-1.0,-1.0,-1.0,-1.0,-1.0,-1.0,-1.0,-1.0,-1.0,-1.0,-1.0,-1.0,-1.0,-1.0,-1.0,-1.0,-1.0,-1.0,-1.0,-1.0,-1.0,-1.0,-1.0,-1.0,-1.0,-1.0,-1.0,-1.0,-1.0,-1.0,-1.0,-1.0,-1.0,-1.0,-1.0,-1.0,-1.0,-1.0,-1.0,-1.0,-1.0,-1.0,-1.0,-1.0,-1.0,-1.0,-1.0,-1.0,-1.0,-1.0,-1.0,-1.0,-1.0,-1.0,-1.0,-1.0,-1.0,-1.0,-1.0,-1.0,-1.0,-1.0,-1.0,-1.0,-1.0,-1.0,-1.0,-1.0,-1.0,-1.0,-1.0,-1.0,-1.0,-1.0,-1.0,-1.0,-1.0,-1.0,-1.0,-1.0,-1.0,-1.0,-1.0,-1.0,-1.0,-1.0,-1.0,-1.0,-1.0,-1.0,-1.0,-1.0,-1.0,-1.0,-1.0,-1.0,-1.0,-1.0,-1.0,-1.0,-1.0,-1.0,-1.0,-1.0,-1.0,-1.0,-1.0,-1.0,-1.0,-1.0,-1.0,-1.0,-1.0,-1.0,-1.0,-1.0,-1.0,-1.0,-1.0,-1.0,-1.0,-1.0,-1.0,-1.0,-1.0,-1.0,-1.0,-1.0,-1.0,-1.0,-1.0,-1.0,-1.0,-1.0,-1.0,-1.0,-1.0,-1.0,-1.0,-1.0,-1.0,-1.0,-1.0,-1.0,-1.0,-1.0,-1.0,-1.0,-1.0,-1.0,-1.0,-1.0,-1.0
-1.0,-1.0,-1.0,-1.0,-1.0,-1.0,-1.0,-1.0,-1.0,-1.0,-1.0,-1.0,-1.0,-1.0,-1.0,-1.0,-1.0,-1.0,-1.0,-1.0,-1.0,-1.0,-1.0,-1.0,-1.0,-1.0,-1.0,-1.0,-1.0,-1.0,-1.0,-1.0,-1.0,-1.0,-1.0,-1.0,-1.0,-1.0,-1.0,-1.0,-1.0,-1.0,-1.0,-1.0,-1.0,-1.0,-1.0,-1.0,-1.0,-1.0,-1.0,-1.0,-1.0,-1.0,-1.0,-1.0,-1.0,-1.0,-1.0,-1.0,-1.0,-1.0,-1.0,-1.0,-1.0,-1.0,-1.0,-1.0,-1.0,-1.0,-1.0,-1.0,-1.0,-1.0,-1.0,-1.0,-1.0,-1.0,-1.0,-1.0,-1.0,-1.0,-1.0,-1.0,-1.0,-1.0,-1.0,-1.0,-1.0,-1.0,-1.0,-1.0,-1.0,-1.0,-1.0,-1.0,-1.0,-1.0,-1.0,-1.0,-1.0,-1.0,-1.0,-1.0,-1.0,-1.0,-1.0,-1.0,-1.0,-1.0,-1.0,-1.0,-1.0,-1.0,-1.0,-1.0,-1.0,-1.0,-1.0,-1.0,-1.0,-1.0,-1.0,-1.0,-1.0,-1.0,-1.0,-1.0,-1.0,-1.0,-1.0,-1.0,-1.0,-1.0,-1.0,-1.0,-1.0,-1.0,-1.0,-1.0,-1.0,-1.0,-1.0,-1.0,-1.0,-1.0,-1.0,-1.0,-1.0,-1.0,-1.0,-1.0,-1.0,-1.0,-1.0,-1.0,-1.0,-1.0,-1.0,-1.0,-1.0,-1.0,-1.0,-1.0,-1.0,-1.0,-1.0,-1.0,-1.0,-1.0,-1.0,-1.0,-1.0,-1.0,-1.0,-1.0,-1.0,-1.0,-1.0,-1.0,-1.0,-1.0,-1.0,-1.0,-1.0,-1.0,-1.0,-1.0,-1.0,-1.0,-1.0,-1.0,-1.0,-1.0,-1.0,-1.0,-1.0,-1.0,-1.0,-1.0,-1.0,-1.0,-1.0,-1.0,-1.0,-1.0,-1.0,-1.0,-1.0,-1.0,-1.0,-1.0,-1.0,-1.0,-1.0,-1.0,-1.0,-1.0,-1.0,-1.0,-1.0,-1.0,-1.0,-1.0,-1.0,-1.0,-1.0,-1.0,-1.0,-1.0,-1.0,-1.0,-1.0,-1.0,-1.0,-1.0,-1.0,-1.0,-1.0,-1.0,-1.0,-1.0,-1.0,-1.0,-1.0,-1.0,-1.0,-1.0,-1.0,-1.0,-1.0,-1.0,-1.0,-1.0,-1.0,-1.0,-1.0,-1.0,-1.0,-1.0,-1.0,-1.0,-1.0,-1.0,-1.0,-1.0,-1.0,-1.0,-1.0,-1.0,-1.0,-1.0,-1.0,-1.0,-1.0,-1.0,-1.0,-1.0,-1.0,-1.0,-1.0,-1.0,-1.0,-1.0,-1.0,-1.0,-1.0,-1.0,-1.0,-1.0,-1.0,-1.0,-1.0,-1.0,-1.0,-1.0,-1.0,-1.0,-1.0,-1.0,-1.0,-1.0,-1.0,-1.0,-1.0,-1.0,-1.0,-1.0,-1.0,-1.0,-1.0,-1.0,-1.0,-1.0,-1.0,-1.0,-1.0,-1.0,-1.0,-1.0,-1.0,-1.0,-1.0,-1.0,-1.0,-1.0,-1.0,-1.0,-1.0,-1.0,-1.0,-1.0,-1.0,-1.0,-1.0,-1.0,-1.0,-1.0,-1.0,-1.0,-1.0,-1.0,-1.0,-1.0,-1.0,-1.0,-1.0,-1.0,-1.0,-1.0,-1.0,-1.0,-1.0,-1.0,-1.0,-1.0,-1.0,-1.0,-1.0,-1.0,-1.0,-1.0,-1.0,-1.0,-1.0,-1.0,-1.0,-1.0,-1.0,-1.0,-1.0,-1.0,-1.0,-1.0,-1.0,-1.0,-1.0,-1.0,-1.0,-1.0,-1.0,-1.0,-1.0,-1.0,-1.0,-1.0,-1.0,-1.0,-1.0,-1.0,-1.0,-1.0,-1.0,-1.0,-1.0,-1.0,-1.0,-1.0
1.0,1.0,1.0,1.0,1.0,1.0,1.0,1.0,1.0,1.0,1.0,1.0,1.0,1.0,1.0,1.0,1.0,1.0,1.0,1.0,1.0,1.0,1.0,1.0,1.0,1.0,1.0,1.0,1.0,1.0,1.0,1.0,1.0,1.0,1.0,1.0,1.0,1.0,1.0,1.0,1.0,1.0,1.0,1.0,1.0,1.0,1.0,1.0,1.0,1.0,1.0,1.0,1.0,1.0,1.0,1.0,1.0,1.0,1.0,1.0,1.0,1.0,1.0,1.0,1.0,1.0,1.0,1.0,1.0,1.0,1.0,1.0,1.0,1.0,1.0,1.0,1.0,1.0,1.0,1.0,1.0,1.0,1.0,1.0,1.0,1.0,1.0,1.0,1.0,1.0,1.0,1.0,1.0,1.0,1.0,1.0,1.0,1.0,1.0,1.0,1.0,1.0,1.0,1.0,1.0,1.0,1.0,1.0,1.0,1.0,1.0,1.0,1.0,1.0,1.0,1.0,1.0,1.0,1.0,1.0,1.0,1.0,1.0,1.0,1.0,1.0,1.0,1.0,1.0,1.0,1.0,1.0,1.0,1.0,1.0,1.0,1.0,1.0,1.0,1.0,1.0,1.0,1.0,1.0,1.0,1.0,1.0,1.0,1.0,1.0,1.0,1.0,1.0,1.0,1.0,1.0,1.0,1.0,1.0,1.0,1.0,1.0,1.0,1.0,1.0,1.0,1.0,1.0,1.0,1.0,1.0,1.0,1.0,1.0,1.0,1.0,1.0,1.0,1.0,1.0,1.0,1.0,1.0,1.0,1.0,1.0,1.0,1.0,1.0,1.0,1.0,1.0,1.0,1.0,1.0,1.0,1.0,1.0,1.0,1.0,1.0,1.0,1.0,1.0,1.0,1.0,1.0,1.0,1.0,1.0,1.0,1.0,1.0,1.0,1.0,1.0,1.0,1.0,1.0,1.0,1.0,1.0,1.0,1.0,1.0,1.0,1.0,1.0,1.0,1.0,1.0,1.0,1.0,1.0,1.0,1.0,1.0,1.0,1.0,1.0,1.0,1.0,1.0,1.0,1.0,1.0,1.0,1.0,1.0,1.0,1.0,1.0,1.0,1.0,1.0,1.0,1.0,1.0,1.0,1.0,1.0,1.0,1.0,1.0,1.0,1.0,1.0,1.0,1.0,1.0,1.0,1.0,1.0,1.0,1.0,1.0,1.0,1.0,1.0,1.0,1.0,1.0,1.0,1.0,1.0,1.0,1.0,1.0,1.0,1.0,1.0,1.0,1.0,1.0,1.0,1.0,1.0,1.0,1.0,1.0,1.0,1.0,1.0,1.0,1.0,1.0,1.0,1.0,1.0,1.0,1.0,1.0,1.0,1.0,1.0,1.0,1.0,1.0,1.0,1.0,1.0,1.0,1.0,1.0,1.0,1.0,1.0,1.0,1.0,1.0,1.0,1.0,1.0,1.0,1.0,1.0,1.0,1.0,1.0,1.0,1.0,1.0,1.0,1.0,1.0,1.0,1.0,1.0,1.0,1.0,1.0,1.0,1.0,1.0,1.0,1.0,1.0,1.0,1.0,1.0,1.0,1.0,1.0,1.0,1.0,1.0,1.0,1.0,1.0,1.0,1.0,1.0,1.0,1.0,1.0,1.0,1.0,1.0,1.0,1.0,1.0,1.0,1.0,1.0,1.0,1.0,1.0,1.0,1.0,1.0,1.0,1.0,1.0,1.0,1.0,1.0,1.0,0.0
0.0,0.0,0.0,0.0,0.0,0.0,0.0,0.0,0.0,0.0,0.0,0.0,0.0,0.0,0.0,0.0,0.0,0.0,0.0,0.0,0.0,0.0,0.0,0.0,0.0,0.0,0.0,0.0,0.0,0.0,0.0,0.0,0.0,0.0,0.0,0.0,0.0,0.0,0.0,0.0,0.0,0.0,0.0,0.0,0.0,0.0,0.0,0.0,0.0,0.0,0.0,0.0,0.0,0.0,0.0,0.0,0.0,0.0,0.0,0.0,0.0,0.0,0.0,0.0,0.0,0.0,0.0,0.0,0.0,0.0,0.0,0.0,0.0,0.0,0.0,0.0,0.0,0.0,0.0,0.0,0.0,0.0,0.0,0.0,0.0,0.0,0.0,0.0,0.0,0.0,0.0,0.0,0.0,0.0,0.0,0.0,0.0,0.0,0.0,0.0,0.0,0.0,0.0,0.0,0.0,0.0,0.0,0.0,0.0,0.0,0.0,0.0,0.0,0.0,0.0,0.0,0.0,0.0,0.0,0.0,0.0,0.0,0.0,0.0,0.0,0.0,0.0,0.0,0.0,0.0,0.0,0.0,0.0,0.0,0.0,0.0,0.0,0.0,0.0,0.0,0.0,0.0,0.0,0.0,0.0,0.0,0.0,0.0,0.0,0.0,0.0,0.0,0.0,0.0,0.0,0.0,0.0,0.0,0.0,0.0,0.0,0.0,0.0,0.0,0.0,0.0,0.0,0.0,0.0,0.0,0.0,0.0,0.0,0.0,0.0,0.0,0.0,0.0,0.0,0.0,0.0,0.0,0.0,0.0,0.0,0.0,0.0,0.0,0.0,0.0,0.0,0.0,0.0,0.0,0.0,0.0,0.0,0.0,0.0,0.0,0.0,0.0,0.0,0.0,0.0,0.0,0.0,0.0,0.0,0.0,0.0,0.0,0.0,0.0,0.0,0.0,0.0,0.0,0.0,0.0,0.0,0.0,0.0,0.0,0.0,0.0,0.0,0.0,0.0,0.0,0.0,0.0,0.0,0.0,0.0,0.0,0.0,0.0,0.0,0.0,0.0,0.0,0.0,0.0,0.0,0.0,0.0,0.0,0.0,0.0,0.0,0.0,0.0,0.0,0.0,0.0,0.0,0.0,0.0,0.0,0.0,0.0,0.0,0.0,0.0,0.0,0.0,0.0,0.0,0.0,0.0,0.0,0.0,0.0,0.0,0.0,0.0,0.0,0.0,0.0,0.0,0.0,0.0,0.0,0.0,0.0,0.0,0.0,0.0,0.0,0.0,0.0,0.0,0.0,0.0,0.0,0.0,0.0,0.0,0.0,0.0,0.0,0.0,0.0,0.0,0.0,0.0,0.0,0.0,0.0,0.0,0.0,0.0,0.0,0.0,0.0,0.0,0.0,0.0,0.0,0.0,0.0,0.0,0.0,0.0,0.0,0.0,0.0,0.0,0.0,0.0,0.0,0.0,0.0,0.0,0.0,0.0,0.0,0.0,0.0,0.0,0.0,0.0,0.0,0.0,0.0,0.0,0.0,0.0,0.0,0.0,0.0,0.0,0.0,0.0,0.0,0.0,0.0,0.0,0.0,0.0,0.0,0.0,0.0,0.0,0.0,0.0,0.0,0.0,0.0,0.0,0.0,0.0,0.0,0.0,0.0,0.0,0.0,0.0,0.0,0.0,0.0,0.0,0.0,0.0,0.0,0.0,0.0,0.0,0.0,0.0,0.0,0.0,0.0,0.0,0.0,0.0,0.0
1.0,1.0,1.0,1.0,1.0,1.0,1.0,1.0,1.0,1.0,1.0,1.0,1.0,1.0,1.0,1.0,1.0,1.0,1.0,1.0,1.0,1.0,1.0,1.0,1.0,1.0,1.0,1.0,1.0,1.0,1.0,1.0,1.0,1.0,1.0,1.0,1.0,1.0,1.0,1.0,1.0,1.0,1.0,1.0,1.0,1.0,1.0,1.0,1.0,1.0,1.0,1.0,1.0,1.0,1.0,1.0,1.0,1.0,1.0,1.0,1.0,1.0,1.0,1.0,1.0,1.0,1.0,1.0,1.0,1.0,1.0,1.0,1.0,1.0,1.0,1.0,1.0,1.0,1.0,1.0,1.0,1.0,1.0,1.0,1.0,1.0,1.0,1.0,1.0,1.0,1.0,1.0,1.0,1.0,1.0,1.0,1.0,1.0,1.0,1.0,1.0,1.0,1.0,1.0,1.0,1.0,1.0,1.0,1.0,1.0,1.0,1.0,1.0,1.0,1.0,1.0,1.0,1.0,1.0,1.0,1.0,1.0,1.0,1.0,1.0,1.0,1.0,1.0,1.0,1.0,1.0,1.0,1.0,1.0,1.0,1.0,1.0,1.0,1.0,1.0,1.0,1.0,1.0,1.0,1.0,1.0,1.0,1.0,1.0,1.0,1.0,1.0,1.0,1.0,1.0,1.0,1.0,1.0,1.0,1.0,1.0,1.0,1.0,0.8571428571428572,0.8571428571428572,0.8571428571428572,0.8571428571428572,0.8571428571428572,0.8571428571428572,0.8571428571428572,0.8571428571428572,0.8571428571428572,0.38888888888888884,0.38888888888888884,-0.2847682119205298,-1.0,-1.0,-0.8729096989966555,-0.8729096989966555,-0.07317073170731703,-0.07317073170731703,-0.8729096989966555,-0.8729096989966555,-0.8491620111731844,-0.8491620111731844,-0.8491620111731844,-1.0,-1.0,-0.8729096989966555,-0.8729096989966555,-0.07317073170731703,-0.07317073170731703,-0.8729096989966555,-0.8729096989966555,-1.0,-1.0,-1.0,-1.0,-1.0,-0.9564164648910412,-0.9564164648910412,-0.9564164648910412,-0.9564164648910412,-0.9564164648910412,-0.9564164648910412,-0.9130434782608696,-0.91,-0.91,-0.91,-0.9130434782608696,-0.8195017323873948,0.17647058823529416,0.17647058823529416,-0.8195017323873948,-0.8195017323873948,-0.8195017323873948,-0.8195017323873948,-0.8184741825978202,-0.8184741825978202,-0.8184741825978202,-0.8184741825978202,-0.8184741825978202,-0.8184741825978202,-0.8184741825978202,-0.8184741825978202,-0.8184741825978202,-0.7115384615384616,-0.7115384615384616,-0.8184741825978202,-0.8195017323873948,-0.8195017323873948,-0.8195017323873948,-0.8195017323873948,-0.8195017323873948,-0.8195017323873948,-0.8195017323873948,-0.8195017323873948,-0.8195017323873948,-0.8184741825978202,-0.8184741825978202,-0.8184741825978202,-0.8195017323873948,-0.8195017323873948,0.6363636363636365,0.6363636363636365,0.6363636363636365,0.6363636363636365,0.6363636363636365,0.6363636363636365,-0.8184741825978202,-0.8184741825978202,-0.8184741825978202,-0.8184741825978202,-0.8184741825978202,-0.8184741825978202,-0.8184741825978202,-0.7640023001725129,-0.5581395348837209,-0.5581395348837209,-0.5581395348837209,-0.5581395348837209,0.6571428571428573,0.6571428571428573,1.0,1.0,1.0,1.0,0.6571428571428573,-0.7640023001725129,-0.7640023001725129,-0.6746734091866835,-0.6746734091866835,-0.6723259762308998,-0.6723259762308998,-0.7127659574468085,-0.7127659574468085,-0.5733333333333333,-0.5733333333333333,-0.5733333333333333,-0.7127659574468085,-0.7127659574468085,-0.632183908045977,-0.632183908045977,-0.632183908045977,-0.7127659574468085,-0.25,-0.25,-0.25,-0.25,-0.25,-0.25,-0.7127659574468085,-0.7127659574468085,-0.6483516483516483,-0.6483516483516483,-0.6483516483516483,-0.7127659574468085,-0.7127659574468085,-0.7127659574468085,-0.7127659574468085,-0.6235294117647059,-0.6235294117647059,-0.6235294117647059,-0.7127659574468085,-0.7127659574468085,-0.576158940397351,-0.576158940397351,-0.576158940397351,-0.7127659574468085,-0.7127659574468085,-0.5616438356164384,-0.5616438356164384,-0.5616438356164384,-0.7127659574468085,-0.7127659574468085,-0.7333333333333334,-0.7333333333333334,-0.7333333333333334,-0.7127659574468085,-0.7127659574468085,-0.7127659574468085,-0.7127659574468085,-0.7127659574468085,-0.7127659574468085,-0.8691588785046729,-0.8691588785046729,-0.8691588785046729,-0.8691588785046729,-0.8691588785046729,-0.8691588785046729,-0.8691588785046729,-0.7127659574468085,-0.7127659574468085,-0.7127659574468085,-0.7127659574468085,-0.7127659574468085,-0.7127659574468085,-0.7127659574468085,-0.6723259762308998,-0.6723259762308998,-0.6723259762308998,-0.6723259762308998,1.0,1.0,1.0,1.0,1.0,1.0,0.605263157894737,1.0,1.0,1.0,1.0,1.0,1.0,1.0,1.0,1.0,1.0,0.8066037735849056,0.8066037735849056,1.0,1.0,1.0,1.0,1.0,1.0,1.0,1.0,1.0,1.0,1.0,1.0,1.0,1.0,1.0,1.0,0.605263157894737,-1.0,-1.0,-0.7164179104477613,-0.7164179104477613,-1.0,-1.0,0.605263157894737,0.605263157894737,0.605263157894737,0.605263157894737,0.605263157894737,0.605263157894737,0.605263157894737,0.605263157894737,0.605263157894737,0.605263157894737,0.605263157894737,0.605263157894737,0.605263157894737,0.0
0.04722599305560278,0.5719650796632643,0.5719650796632643,0.5719650796632643,0.04722599305560278,0.04722599305560278,0.04722599305560278,0.04722599305560278,0.04722599305560278,0.04722599305560278,0.04722599305560278,0.04722599305560278,0.04722599305560278,0.04722599305560278,0.04722599305560278,0.04722599305560278,0.04722599305560278,0.04722599305560278,0.04722599305560278,0.04722599305560278,0.04722599305560278,0.04722599305560278,0.04722599305560278,0.04722599305560278,0.04722599305560278,0.04722599305560278,0.04722599305560278,0.04722599305560278,0.04722599305560278,0.04722599305560278,0.04722599305560278,0.04722599305560278,0.04722599305560278,0.04722599305560278,0.04722599305560278,0.04722599305560278,0.04722599305560278,0.04722599305560278,0.04722599305560278,0.04722599305560278,0.04722599305560278,0.04722599305560278,0.04722599305560278,0.04722599305560278,0.04722599305560278,0.04722599305560278,0.04722599305560278,0.04722599305560278,0.04722599305560278,0.04722599305560278,0.04722599305560278,0.04722599305560278,0.04722599305560278,0.5719650796632643,0.5719650796632643,0.5719650796632643,0.5719650796632643,0.5719650796632643,0.5719650796632643,0.5719650796632643,0.5719650796632643,0.04722599305560278,0.5719650796632643,0.5719650796632643,0.5719650796632643,0.5719650796632643,0.5719650796632643,0.5719650796632643,0.5719650796632643,0.04722599305560278,0.5719650796632643,0.5719650796632643,0.5719650796632643,0.5719650796632643,0.5719650796632643,0.5719650796632643,0.5719650796632643,0.5719650796632643,0.04722599305560278,0.5719650796632643,0.5719650796632643,0.5719650796632643,0.5719650796632643,0.5719650796632643,0.5719650796632643,0.5719650796632643,0.5719650796632643,0.5719650796632643,0.04722599305560278,-0.4775130935520587,-0.4775130935520587,-0.4775130935520587,0.04722599305560278,0.04722599305560278,0.04722599305560278,0.04722599305560278,0.04722599305560278,0.04722599305560278,0.04722599305560278,0.04722599305560278,0.04722599305560278,0.04722599305560278,0.04722599305560278,0.04722599305560278,0.04722599305560278,0.04722599305560278,0.04722599305560278,0.04722599305560278,0.04722599305560278,0.04722599305560278,0.04722599305560278,0.04722599305560278,0.04722599305560278,0.04722599305560278,0.04722599305560278,0.04722599305560278,0.04722599305560278,0.04722599305560278,0.04722599305560278,0.04722599305560278,0.04722599305560278,0.04722599305560278,0.04722599305560278,0.04722599305560278,0.5719650796632643,0.5719650796632643,0.5719650796632643,0.5719650796632643,0.5719650796632643,0.5719650796632643,0.5719650796632643,0.5719650796632643,0.5719650796632643,0.5719650796632643,0.5719650796632643,0.5719650796632643,0.5719650796632643,0.04722599305560278,0.04722599305560278,0.04722599305560278,0.04722599305560278,0.04722599305560278,0.04722599305560278,0.04722599305560278,0.04722599305560278,0.04722599305560278,0.04722599305560278,0.04722599305560278,0.04722599305560278,0.04722599305560278,0.04722599305560278,0.04722599305560278,0.04722599305560278,0.04722599305560278,0.04722599305560278,0.04722599305560278,0.04722599305560278,0.04722599305560278,0.04722599305560278,0.04722599305560278,0.04722599305560278,0.04722599305560278,0.04722599305560278,-0.4775130935520587,-0.4775130935520587,-0.4775130935520587,-0.4775130935520587,-0.4775130935520587,-0.4775130935520587,-0.4775130935520587,-0.4775130935520587,-0.4775130935520587,-0.4775130935520587,-0.4775130935520587,-0.4775130935520587,-1.0022521801597202,-1.0022521801597202,-0.4775130935520587,-0.4775130935520587,-1.0022521801597202,-1.0022521801597202,-0.4775130935520587,-0.4775130935520587,-0.4775130935520587,-0.4775130935520587,-0.4775130935520587,-1.0022521801597202,-1.0022521801597202,-0.4775130935520587,-0.4775130935520587,-1.0022521801597202,-1.0022521801597202,-0.4775130935520587,-0.4775130935520587,-0.4775130935520587,-0.4775130935520587,-0.4775130935520587,-0.4775130935520587,-0.4775130935520587,0.04722599305560278,0.04722599305560278,0.04722599305560278,0.04722599305560278,0.04722599305560278,0.04722599305560278,0.04722599305560278,0.04722599305560278,0.04722599305560278,0.04722599305560278,0.04722599305560278,-0.4775130935520587,0.04722599305560278,0.04722599305560278,-0.4775130935520587,-0.4775130935520587,-0.4775130935520587,-0.4775130935520587,-0.4775130935520587,-0.4775130935520587,-0.4775130935520587,-0.4775130935520587,-0.4775130935520587,-0.4775130935520587,-0.4775130935520587,-0.4775130935520587,-0.4775130935520587,0.04722599305560278,0.04722599305560278,-0.4775130935520587,-0.4775130935520587,-0.4775130935520587,-0.4775130935520587,-0.4775130935520587,-0.4775130935520587,-0.4775130935520587,-0.4775130935520587,-0.4775130935520587,-0.4775130935520587,-0.4775130935520587,-0.4775130935520587,-0.4775130935520587,-0.4775130935520587,-0.4775130935520587,-0.4775130935520587,-0.4775130935520587,-0.4775130935520587,-0.4775130935520587,-0.4775130935520587,-0.4775130935520587,-0.4775130935520587,-0.4775130935520587,-0.4775130935520587,-0.4775130935520587,-0.4775130935520587,-0.4775130935520587,-0.4775130935520587,0.04722599305560278,-0.4775130935520587,-0.4775130935520587,-0.4775130935520587,-0.4775130935520587,-0.4775130935520587,-0.4775130935520587,-0.4775130935520587,-0.4775130935520587,-0.4775130935520587,-0.4775130935520587,-0.4775130935520587,0.04722599305560278,0.04722599305560278,0.04722599305560278,0.04722599305560278,0.04722599305560278,0.04722599305560278,0.04722599305560278,0.04722599305560278,0.04722599305560278,0.04722599305560278,0.04722599305560278,0.04722599305560278,0.04722599305560278,0.5719650796632643,0.5719650796632643,0.5719650796632643,0.04722599305560278,0.04722599305560278,0.04722599305560278,0.04722599305560278,0.04722599305560278,0.04722599305560278,0.04722599305560278,0.04722599305560278,0.04722599305560278,0.5719650796632643,0.5719650796632643,0.5719650796632643,0.04722599305560278,0.04722599305560278,0.04722599305560278,0.04722599305560278,0.5719650796632643,0.5719650796632643,0.5719650796632643,0.04722599305560278,0.04722599305560278,0.5719650796632643,0.5719650796632643,0.5719650796632643,0.04722599305560278,0.04722599305560278,0.5719650796632643,0.5719650796632643,0.5719650796632643,0.04722599305560278,0.04722599305560278,0.04722599305560278,0.04722599305560278,0.04722599305560278,0.04722599305560278,0.04722599305560278,0.04722599305560278,0.04722599305560278,0.04722599305560278,0.04722599305560278,-0.4775130935520587,-0.4775130935520587,-0.4775130935520587,-0.4775130935520587,-0.4775130935520587,-0.4775130935520587,-0.4775130935520587,0.04722599305560278,0.04722599305560278,0.04722599305560278,0.04722599305560278,0.04722599305560278,0.04722599305560278,0.04722599305560278,0.04722599305560278,0.04722599305560278,0.04722599305560278,0.04722599305560278,1.0967041662709258,1.0967041662709258,1.0967041662709258,1.0967041662709258,1.0967041662709258,1.0967041662709258,-0.4775130935520587,-0.4775130935520587,-0.4775130935520587,-0.4775130935520587,-0.4775130935520587,-0.4775130935520587,-0.4775130935520587,-0.4775130935520587,-0.4775130935520587,-0.4775130935520587,-0.4775130935520587,-0.4775130935520587,-0.4775130935520587,-0.4775130935520587,-0.4775130935520587,-0.4775130935520587,-0.4775130935520587,-0.4775130935520587,-0.4775130935520587,-0.4775130935520587,-0.4775130935520587,-0.4775130935520587,-0.4775130935520587,-0.4775130935520587,-0.4775130935520587,-0.4775130935520587,-0.4775130935520587,-0.4775130935520587,-0.4775130935520587,-0.4775130935520587,0.04722599305560278,0.04722599305560278,-0.4775130935520587,-0.4775130935520587,-1.0022521801597202,-1.0022521801597202,-0.4775130935520587,-0.4775130935520587,-0.4775130935520587,-0.4775130935520587,-0.4775130935520587,-0.4775130935520587,-0.4775130935520587,-0.4775130935520587,-0.4775130935520587,-0.4775130935520587,-0.4775130935520587,-0.4775130935520587,-0.4775130935520587,0.0
1.0,-1.0,-1.0,-1.0,1.0,1.0,1.0,-1.0,-1.0,-1.0,-1.0,-1.0,-1.0,-1.0,-1.0,1.0,1.0,1.0,1.0,1.0,1.0,1.0,1.0,1.0,1.0,1.0,1.0,1.0,1.0,1.0,1.0,1.0,1.0,1.0,1.0,1.0,-1.0,-1.0,-1.0,-1.0,-1.0,-1.0,-1.0,-1.0,-1.0,-1.0,-1.0,-1.0,-1.0,-1.0,-1.0,-1.0,1.0,-1.0,-1.0,-1.0,-1.0,-1.0,-1.0,-1.0,-1.0,1.0,1.0,1.0,1.0,1.0,1.0,1.0,1.0,1.0,-1.0,-1.0,-1.0,-1.0,-1.0,-1.0,-1.0,-1.0,1.0,-1.0,-1.0,-1.0,-1.0,-1.0,-1.0,-1.0,-1.0,-1.0,1.0,-1.0,-1.0,-1.0,1.0,-1.0,-1.0,-1.0,-1.0,-1.0,-1.0,-1.0,-1.0,-1.0,-1.0,-1.0,-1.0,-1.0,-1.0,-1.0,1.0,-1.0,-1.0,-1.0,-1.0,-1.0,-1.0,-1.0,-1.0,-1.0,-1.0,-1.0,-1.0,-1.0,1.0,1.0,-1.0,-1.0,-1.0,-1.0,-1.0,-1.0,-1.0,-1.0,-1.0,-1.0,-1.0,-1.0,-1.0,1.0,1.0,1.0,1.0,1.0,1.0,-1.0,-1.0,-1.0,1.0,1.0,1.0,1.0,1.0,-1.0,-1.0,-1.0,-1.0,-1.0,1.0,1.0,1.0,1.0,1.0,1.0,1.0,1.0,1.0,1.0,1.0,1.0,1.0,1.0,1.0,1.0,-1.0,-1.0,1.0,1.0,1.0,1.0,1.0,1.0,1.0,1.0,1.0,1.0,1.0,1.0,1.0,1.0,1.0,1.0,1.0,1.0,1.0,1.0,1.0,1.0,1.0,1.0,1.0,1.0,1.0,1.0,1.0,1.0,1.0,1.0,1.0,1.0,1.0,1.0,1.0,-1.0,-1.0,1.0,1.0,1.0,1.0,1.0,1.0,1.0,1.0,1.0,1.0,1.0,1.0,1.0,1.0,1.0,1.0,1.0,1.0,1.0,1.0,1.0,1.0,1.0,1.0,1.0,1.0,1.0,1.0,1.0,1.0,1.0,1.0,1.0,1.0,1.0,1.0,1.0,1.0,1.0,1.0,1.0,1.0,1.0,1.0,1.0,1.0,1.0,1.0,1.0,1.0,1.0,1.0,1.0,1.0,1.0,1.0,1.0,1.0,1.0,1.0,1.0,1.0,1.0,1.0,1.0,1.0,1.0,1.0,1.0,1.0,1.0,1.0,1.0,1.0,1.0,1.0,1.0,1.0,1.0,1.0,1.0,1.0,1.0,1.0,1.0,1.0,1.0,1.0,1.0,1.0,1.0,1.0,1.0,1.0,1.0,1.0,1.0,1.0,1.0,1.0,1.0,1.0,1.0,1.0,1.0,1.0,1.0,1.0,1.0,1.0,1.0,1.0,1.0,1.0,1.0,1.0,1.0,1.0,1.0,1.0,1.0,1.0,1.0,1.0,1.0,1.0,1.0,1.0,1.0,-1.0,-1.0,-1.0,-1.0,-1.0,-1.0,1.0,1.0,1.0,1.0,1.0,1.0,1.0,1.0,1.0,1.0,1.0,1.0,1.0,1.0,1.0,1.0,1.0,1.0,1.0,1.0,1.0,1.0,1.0,1.0,1.0,1.0,1.0,1.0,1.0,1.0,1.0,1.0,1.0,1.0,-1.0,-1.0,1.0,1.0,1.0,1.0,1.0,1.0,1.0,1.0,1.0,1.0,1.0,1.0,1.0,0.0
-2.3063942892919567,-2.446043165467626,-2.446043165467626,-2.446043165467626,-2.3038644183467456,-2.3038644183467456,-2.3430475376320277,-2.446043165467626,-2.446043165467626,-2.446043165467626,-2.446043165467626,-2.446043165467626,-2.446043165467626,-2.446043165467626,-2.446043165467626,-2.3430475376320277,-2.1346040051076023,-2.1346040051076023,-2.1346040051076023,-2.1346040051076023,-2.1346040051076023,-2.1346040051076023,-2.1346040051076023,-2.1346040051076023,-2.1346040051076023,-2.1346040051076023,-2.1346040051076023,-2.1346040051076023,-2.1346040051076023,-2.1346040051076023,-2.1346040051076023,-2.1346040051076023,-2.1346040051076023,-2.1346040051076023,-2.1346040051076023,-2.3430475376320277,-2.446043165467626,-2.446043165467626,-2.446043165467626,-2.446043165467626,-2.446043165467626,-2.446043165467626,-2.446043165467626,-2.446043165467626,-2.446043165467626,-2.446043165467626,-2.446043165467626,-2.446043165467626,-2.446043165467626,-2.446043165467626,-2.446043165467626,-2.446043165467626,-2.3430475376320277,-2.446043165467626,-2.446043165467626,-2.446043165467626,-2.446043165467626,-2.446043165467626,-2.446043165467626,-2.446043165467626,-2.446043165467626,-2.3430475376320277,-2.0100283409635926,-2.0100283409635926,-2.0100283409635926,-2.0100283409635926,-2.0100283409635926,-2.0100283409635926,-2.0100283409635926,-2.3430475376320277,-2.446043165467626,-2.446043165467626,-2.446043165467626,-2.446043165467626,-2.446043165467626,-2.446043165467626,-2.446043165467626,-2.446043165467626,-2.3430475376320277,-2.446043165467626,-2.446043165467626,-2.446043165467626,-2.446043165467626,-2.446043165467626,-2.446043165467626,-2.446043165467626,-2.446043165467626,-2.446043165467626,-2.3430475376320277,-2.446043165467626,-2.446043165467626,-2.446043165467626,-2.3430475376320277,-2.446043165467626,-2.446043165467626,-2.446043165467626,-2.446043165467626,-2.446043165467626,-2.446043165467626,-2.446043165467626,-2.446043165467626,-2.446043165467626,-2.446043165467626,-2.446043165467626,-2.446043165467626,-2.446043165467626,-2.446043165467626,-2.446043165467626,-2.3430475376320277,-2.446043165467626,-2.446043165467626,-2.446043165467626,-2.446043165467626,-2.446043165467626,-2.446043165467626,-2.446043165467626,-2.446043165467626,-2.446043165467626,-2.446043165467626,-2.446043165467626,-2.446043165467626,-2.446043165467626,-2.3038644183467456,-2.3430475376320277,-2.446043165467626,-2.446043165467626,-2.446043165467626,-2.446043165467626,-2.446043165467626,-2.446043165467626,-2.446043165467626,-2.446043165467626,-2.446043165467626,-2.446043165467626,-2.446043165467626,-2.446043165467626,-2.446043165467626,-2.3430475376320277,-2.3430475376320277,-2.3430475376320277,-2.3430475376320277,-2.3038644183467456,-2.3430475376320277,-2.446043165467626,-2.446043165467626,-2.446043165467626,-2.3038644183467456,-2.3038644183467456,-2.3038644183467456,-2.3038644183467456,-2.3430475376320277,-2.446043165467626,-2.446043165467626,-2.446043165467626,-2.446043165467626,-2.446043165467626,-2.3038644183467456,-2.3038644183467456,-2.3038644183467456,-2.3038644183467456,-2.3038644183467456,-2.3038644183467456,-2.3038644183467456,-1.0928937101102816,-1.0928937101102816,-1.0928937101102816,-1.0928937101102816,-1.0928937101102816,-1.0928937101102816,-1.0928937101102816,-1.0928937101102816,-1.0928937101102816,-2.446043165467626,-2.446043165467626,-0.6823876955636716,-0.41130731778213786,-0.41130731778213786,-0.4839764551994768,-0.4839764551994768,-0.2659690429474603,-0.2659690429474603,-0.4839764551994768,-0.4839764551994768,-0.5116111975976197,-0.5116111975976197,-0.5116111975976197,-0.41130731778213786,-0.41130731778213786,-0.4839764551994768,-0.4839764551994768,-0.2659690429474603,-0.2659690429474603,-0.4839764551994768,-0.4839764551994768,-1.5117256843875548,-1.5117256843875548,-1.5117256843875548,-1.5117256843875548,-1.5117256843875548,-1.2746600548597757,-1.2746600548597757,-1.2746600548597757,-1.2746600548597757,-1.2746600548597757,-1.2746600548597757,-1.424133420536298,-1.3911685900546424,-1.3911685900546424,-1.3911685900546424,-1.424133420536298,-0.35133339111843065,-2.446043165467626,-2.446043165467626,-0.35133339111843065,-0.35133339111843065,-0.35133339111843065,-0.35133339111843065,-0.26359939716211206,-0.26359939716211206,-0.26359939716211206,-0.26359939716211206,-0.26359939716211206,-0.26359939716211206,-0.26359939716211206,-0.26359939716211206,-0.26359939716211206,-0.9071673142769207,-0.9071673142769207,-0.26359939716211206,-0.35133339111843065,-0.35133339111843065,-0.35133339111843065,-0.35133339111843065,-0.35133339111843065,-0.35133339111843065,-0.35133339111843065,-0.35133339111843065,-0.35133339111843065,-0.26359939716211206,-0.26359939716211206,-0.26359939716211206,-0.35133339111843065,-0.35133339111843065,0.46072233122592815,0.46072233122592815,0.46072233122592815,0.46072233122592815,0.46072233122592815,0.46072233122592815,-0.26359939716211206,-0.26359939716211206,-0.26359939716211206,-0.26359939716211206,-0.26359939716211206,-0.26359939716211206,-0.26359939716211206,-0.49000217389389833,-0.8109875735775016,-0.8109875735775016,-0.8109875735775016,-0.8109875735775016,-1.5117256843875548,-1.5117256843875548,-1.2569118259111718,-1.2569118259111718,-1.2569118259111718,-1.2569118259111718,-1.5117256843875548,-0.49000217389389833,-0.49000217389389833,-0.7976944386840861,-0.7976944386840861,-0.784183383546516,-0.784183383546516,-0.7180866876746536,-0.7180866876746536,-1.5541946608002855,-1.5541946608002855,-1.5541946608002855,-0.7180866876746536,-0.7180866876746536,-1.308613188500583,-1.308613188500583,-1.308613188500583,-0.7180866876746536,-1.4650098103335514,-1.4650098103335514,-1.4650098103335514,-1.4650098103335514,-1.4650098103335514,-1.4650098103335514,-0.7180866876746536,-0.7180866876746536,-1.0834968388925221,-1.0834968388925221,-1.0834968388925221,-0.7180866876746536,-0.7180866876746536,-0.7180866876746536,-0.7180866876746536,-1.6285153695225636,-1.6285153695225636,-1.6285153695225636,-0.7180866876746536,-0.7180866876746536,-1.5117256843875548,-1.5117256843875548,-1.5117256843875548,-0.7180866876746536,-0.7180866876746536,-1.4650098103335514,-1.4650098103335514,-1.4650098103335514,-0.7180866876746536,-0.7180866876746536,-0.6013650617967164,-0.6013650617967164,-0.6013650617967164,-0.7180866876746536,-0.7180866876746536,-0.7180866876746536,-0.7180866876746536,-0.7180866876746536,-0.7180866876746536,-0.09156311314584703,-0.09156311314584703,-0.09156311314584703,-0.09156311314584703,-0.09156311314584703,-0.09156311314584703,-0.09156311314584703,-0.7180866876746536,-0.7180866876746536,-0.7180866876746536,-0.7180866876746536,-0.7180866876746536,-0.7180866876746536,-0.7180866876746536,-0.784183383546516,-0.784183383546516,-0.784183383546516,-0.784183383546516,-2.446043165467626,-2.446043165467626,-2.446043165467626,-2.446043165467626,-2.446043165467626,-2.446043165467626,-1.3614836773797043,-1.4311810739496176,-1.4311810739496176,-1.4311810739496176,-1.4311810739496176,-1.4311810739496176,-1.4311810739496176,-1.4311810739496176,-1.4311810739496176,-1.4311810739496176,-1.4311810739496176,-1.0319410319410318,-1.0319410319410318,-1.0587232693184294,-1.0587232693184294,-1.0587232693184294,-1.0587232693184294,-1.0587232693184294,-1.0587232693184294,-1.0587232693184294,-1.0587232693184294,-1.0587232693184294,-1.0587232693184294,-1.0587232693184294,-1.0587232693184294,-1.0587232693184294,-1.0587232693184294,-1.0587232693184294,-1.0587232693184294,-1.3614836773797043,-0.8109875735775016,-0.8109875735775016,-1.356006104207543,-1.356006104207543,-2.446043165467626,-2.446043165467626,-1.3614836773797043,-1.3614836773797043,-1.3614836773797043,-1.3614836773797043,-1.3614836773797043,-1.3614836773797043,-1.3614836773797043,-1.3614836773797043,-1.3614836773797043,-1.3614836773797043,-1.3614836773797043,-1.3614836773797043,-1.3614836773797043,0.0
1.0,-1.0,-1.0,-1.0,1.0,1.0,1.0,-1.0,-1.0,-1.0,-1.0,-1.0,-1.0,-1.0,-1.0,1.0,1.0,1.0,1.0,1.0,1.0,1.0,1.0,1.0,1.0,1.0,1.0,1.0,1.0,1.0,1.0,1.0,1.0,1.0,1.0,1.0,1.0,1.0,1.0,1.0,1.0,1.0,1.0,1.0,1.0,1.0,1.0,1.0,1.0,1.0,1.0,1.0,1.0,-1.0,-1.0,-1.0,-1.0,-1.0,-1.0,-1.0,-1.0,1.0,1.0,1.0,1.0,1.0,1.0,1.0,1.0,1.0,1.0,1.0,1.0,1.0,1.0,1.0,1.0,1.0,1.0,-1.0,-1.0,-1.0,-1.0,-1.0,-1.0,-1.0,-1.0,-1.0,1.0,-1.0,-1.0,-1.0,1.0,1.0,1.0,1.0,1.0,1.0,1.0,1.0,1.0,1.0,1.0,1.0,1.0,1.0,1.0,1.0,1.0,-1.0,-1.0,-1.0,-1.0,-1.0,-1.0,-1.0,-1.0,-1.0,-1.0,-1.0,-1.0,-1.0,1.0,1.0,-1.0,-1.0,-1.0,-1.0,-1.0,-1.0,-1.0,-1.0,-1.0,-1.0,-1.0,-1.0,-1.0,1.0,1.0,1.0,1.0,1.0,1.0,-1.0,-1.0,-1.0,1.0,1.0,1.0,1.0,1.0,1.0,1.0,1.0,1.0,1.0,1.0,1.0,1.0,1.0,1.0,1.0,1.0,-1.0,-1.0,-1.0,-1.0,-1.0,-1.0,-1.0,-1.0,-1.0,-1.0,-1.0,-1.0,-1.0,-1.0,-1.0,-1.0,-1.0,-1.0,-1.0,-1.0,-1.0,-1.0,-1.0,-1.0,-1.0,-1.0,-1.0,-1.0,-1.0,-1.0,-1.0,-1.0,-1.0,-1.0,-1.0,-1.0,1.0,1.0,1.0,1.0,1.0,1.0,1.0,1.0,1.0,1.0,1.0,1.0,1.0,1.0,1.0,1.0,1.0,1.0,1.0,1.0,1.0,1.0,1.0,1.0,1.0,1.0,1.0,-1.0,-1.0,1.0,1.0,1.0,1.0,1.0,1.0,1.0,1.0,1.0,1.0,1.0,1.0,1.0,1.0,1.0,1.0,1.0,1.0,1.0,1.0,1.0,1.0,1.0,1.0,1.0,1.0,1.0,1.0,1.0,-1.0,-1.0,-1.0,-1.0,-1.0,-1.0,-1.0,-1.0,-1.0,-1.0,-1.0,1.0,1.0,-1.0,-1.0,-1.0,-1.0,-1.0,-1.0,-1.0,-1.0,-1.0,-1.0,-1.0,-1.0,-1.0,-1.0,-1.0,-1.0,-1.0,-1.0,-1.0,-1.0,-1.0,-1.0,-1.0,-1.0,-1.0,-1.0,-1.0,-1.0,-1.0,-1.0,-1.0,-1.0,-1.0,-1.0,-1.0,-1.0,-1.0,-1.0,-1.0,-1.0,-1.0,-1.0,-1.0,-1.0,-1.0,-1.0,-1.0,-1.0,-1.0,-1.0,-1.0,-1.0,-1.0,-1.0,-1.0,-1.0,-1.0,-1.0,-1.0,-1.0,-1.0,-1.0,-1.0,-1.0,-1.0,-1.0,-1.0,-1.0,-1.0,-1.0,-1.0,-1.0,-1.0,-1.0,-1.0,-1.0,-1.0,-1.0,1.0,-1.0,-1.0,-1.0,-1.0,-1.0,-1.0,-1.0,-1.0,-1.0,-1.0,-1.0,-1.0,-1.0,-1.0,-1.0,-1.0,-1.0,-1.0,-1.0,-1.0,-1.0,-1.0,-1.0,-1.0,-1.0,-1.0,-1.0,-1.0,1.0,-1.0,-1.0,-1.0,-1.0,-1.0,-1.0,1.0,1.0,1.0,1.0,1.0,1.0,1.0,1.0,1.0,1.0,1.0,1.0,1.0,0.0
1.0,-1.0,-1.0,-1.0,1.0,1.0,1.0,1.0,1.0,1.0,1.0,1.0,1.0,1.0,1.0,1.0,-1.0,-1.0,-1.0,-1.0,-1.0,-1.0,-1.0,-1.0,-1.0,-1.0,-1.0,-1.0,-1.0,-1.0,-1.0,-1.0,-1.0,-1.0,-1.0,1.0,-1.0,-1.0,-1.0,-1.0,-1.0,-1.0,-1.0,-1.0,-1.0,-1.0,-1.0,-1.0,-1.0,-1.0,-1.0,-1.0,1.0,-1.0,-1.0,-1.0,-1.0,-1.0,-1.0,-1.0,-1.0,1.0,1.0,1.0,1.0,1.0,1.0,1.0,1.0,1.0,1.0,1.0,1.0,1.0,1.0,1.0,1.0,1.0,1.0,1.0,1.0,1.0,1.0,1.0,1.0,1.0,1.0,1.0,1.0,-1.0,-1.0,-1.0,1.0,1.0,1.0,1.0,1.0,1.0,1.0,1.0,1.0,1.0,1.0,1.0,1.0,1.0,1.0,1.0,1.0,1.0,1.0,1.0,1.0,1.0,1.0,1.0,1.0,1.0,1.0,1.0,1.0,1.0,1.0,1.0,-1.0,-1.0,-1.0,-1.0,-1.0,-1.0,-1.0,-1.0,-1.0,-1.0,-1.0,-1.0,-1.0,1.0,1.0,1.0,1.0,1.0,1.0,-1.0,-1.0,-1.0,1.0,1.0,1.0,1.0,1.0,-1.0,-1.0,-1.0,-1.0,-1.0,1.0,1.0,1.0,1.0,1.0,1.0,1.0,-1.0,-1.0,-1.0,-1.0,-1.0,-1.0,-1.0,-1.0,-1.0,-1.0,-1.0,-1.0,-1.0,-1.0,-1.0,-1.0,-1.0,-1.0,-1.0,-1.0,-1.0,-1.0,-1.0,-1.0,-1.0,-1.0,-1.0,-1.0,-1.0,-1.0,-1.0,-1.0,-1.0,-1.0,-1.0,-1.0,-1.0,-1.0,-1.0,-1.0,-1.0,-1.0,-1.0,-1.0,-1.0,-1.0,-1.0,-1.0,-1.0,-1.0,-1.0,-1.0,-1.0,-1.0,-1.0,-1.0,-1.0,-1.0,-1.0,-1.0,-1.0,-1.0,-1.0,-1.0,-1.0,-1.0,-1.0,-1.0,-1.0,-1.0,-1.0,-1.0,-1.0,-1.0,-1.0,-1.0,-1.0,-1.0,-1.0,-1.0,-1.0,-1.0,-1.0,-1.0,-1.0,-1.0,-1.0,-1.0,-1.0,-1.0,-1.0,-1.0,-1.0,-1.0,-1.0,-1.0,-1.0,-1.0,-1.0,-1.0,-1.0,-1.0,-1.0,-1.0,-1.0,-1.0,-1.0,-1.0,-1.0,-1.0,-1.0,-1.0,-1.0,-1.0,-1.0,-1.0,-1.0,-1.0,-1.0,-1.0,-1.0,-1.0,-1.0,-1.0,-1.0,-1.0,-1.0,-1.0,-1.0,-1.0,-1.0,-1.0,-1.0,-1.0,-1.0,-1.0,-1.0,-1.0,-1.0,-1.0,-1.0,-1.0,-1.0,-1.0,-1.0,-1.0,-1.0,-1.0,-1.0,-1.0,-1.0,-1.0,-1.0,-1.0,-1.0,-1.0,-1.0,-1.0,-1.0,-1.0,-1.0,-1.0,-1.0,-1.0,-1.0,-1.0,-1.0,-1.0,-1.0,-1.0,-1.0,-1.0,-1.0,-1.0,-1.0,-1.0,-1.0,-1.0,-1.0,-1.0,-1.0,-1.0,-1.0,-1.0,-1.0,1.0,-1.0,-1.0,-1.0,-1.0,-1.0,-1.0,-1.0,-1.0,-1.0,-1.0,-1.0,-1.0,-1.0,-1.0,-1.0,-1.0,-1.0,-1.0,-1.0,-1.0,-1.0,-1.0,-1.0,-1.0,-1.0,-1.0,-1.0,-1.0,1.0,-1.0,-1.0,-1.0,-1.0,-1.0,-1.0,1.0,1.0,1.0,1.0,1.0,1.0,1.0,1.0,1.0,1.0,1.0,1.0,1.0,0.0
0.6886154712599093,-1.18423555943938,-1.18423555943938,-1.18423555943938,0.6800460213473322,0.6800460213473322,0.6405888628676244,-0.6660229072414099,-0.6660229072414099,-0.6660229072414099,-0.6660229072414099,-0.6660229072414099,-0.6660229072414099,-0.6660229072414099,-0.6660229072414099,0.6405888628676244,-0.22548930071742646,-0.22548930071742646,-0.22548930071742646,-0.22548930071742646,-0.22548930071742646,-0.22548930071742646,-0.22548930071742646,-0.22548930071742646,-0.22548930071742646,-0.22548930071742646,-0.22548930071742646,-0.22548930071742646,-0.22548930071742646,-0.22548930071742646,-0.22548930071742646,-0.22548930071742646,-0.22548930071742646,-0.22548930071742646,-0.22548930071742646,0.6405888628676244,-0.46859239543732956,-0.46859239543732956,-0.46859239543732956,-0.46859239543732956,-0.46859239543732956,-0.46859239543732956,-0.46859239543732956,-0.46859239543732956,-0.46859239543732956,-0.46859239543732956,-0.46859239543732956,-0.46859239543732956,-0.46859239543732956,-0.46859239543732956,-0.46859239543732956,-0.46859239543732956,0.6405888628676244,-0.7678930716403777,-0.7678930716403777,-0.7678930716403777,-0.7678930716403777,-0.7678930716403777,-0.7678930716403777,-0.7678930716403777,-0.7678930716403777,0.6405888628676244,-0.642536068558752,-0.642536068558752,-0.642536068558752,-0.642536068558752,-0.642536068558752,-0.642536068558752,-0.642536068558752,0.6405888628676244,-0.685701171423712,-0.685701171423712,-0.685701171423712,-0.685701171423712,-0.685701171423712,-0.685701171423712,-0.685701171423712,-0.685701171423712,0.6405888628676244,-0.5400994923090695,-0.5400994923090695,-0.5400994923090695,-0.5400994923090695,-0.5400994923090695,-0.5400994923090695,-0.5400994923090695,-0.5400994923090695,-0.5400994923090695,0.6405888628676244,-1.18423555943938,-1.18423555943938,-1.18423555943938,0.6405888628676244,-0.41778248883150454,-0.41778248883150454,-0.41778248883150454,-0.41778248883150454,-0.41778248883150454,-0.41778248883150454,-0.41778248883150454,-0.41778248883150454,-0.41778248883150454,-0.41778248883150454,-0.41778248883150454,-0.41778248883150454,-0.41778248883150454,-0.41778248883150454,-0.41778248883150454,0.6405888628676244,-0.5046818103606892,-0.5046818103606892,-0.5046818103606892,-0.5046818103606892,-0.5046818103606892,-0.5046818103606892,-0.5046818103606892,-0.5046818103606892,-0.5046818103606892,-0.5046818103606892,-0.5046818103606892,-0.5046818103606892,-0.5046818103606892,0.6800460213473322,0.6405888628676244,-0.6245611709756697,-0.6245611709756697,-0.6245611709756697,-0.6245611709756697,-0.6245611709756697,-0.6245611709756697,-0.6245611709756697,-0.6245611709756697,-0.6245611709756697,-0.6245611709756697,-0.6245611709756697,-0.6245611709756697,-0.6245611709756697,0.6405888628676244,0.6405888628676244,0.6405888628676244,0.6405888628676244,0.6800460213473322,0.6405888628676244,-0.9756901843793709,-0.9756901843793709,-0.9756901843793709,0.6800460213473322,0.6800460213473322,0.6800460213473322,0.6800460213473322,0.6405888628676244,-0.838928682527586,-0.838928682527586,-0.838928682527586,-0.838928682527586,-0.838928682527586,0.6800460213473322,0.6800460213473322,0.6800460213473322,0.6800460213473322,0.6800460213473322,0.6800460213473322,0.6800460213473322,-0.450022148404846,-0.450022148404846,-0.450022148404846,-0.450022148404846,-0.450022148404846,-0.450022148404846,-0.450022148404846,-0.450022148404846,-0.450022148404846,-1.1291967577307898,-1.1291967577307898,0.0541551988238478,-0.28761912953780894,-0.28761912953780894,-0.13997963860248278,-0.13997963860248278,-1.0684242678951832,-1.0684242678951832,-0.13997963860248278,-0.13997963860248278,-0.055825707289392366,-0.055825707289392366,-0.055825707289392366,-0.28761912953780894,-0.28761912953780894,-0.13997963860248278,-0.13997963860248278,-1.0684242678951832,-1.0684242678951832,-0.13997963860248278,-0.13997963860248278,-1.214393746886843,-1.214393746886843,-1.214393746886843,-1.214393746886843,-1.214393746886843,0.0109568191406697,0.0109568191406697,0.0109568191406697,0.0109568191406697,0.0109568191406697,0.0109568191406697,-0.311813648006837,-0.32788908105231945,-0.32788908105231945,-0.32788908105231945,-0.311813648006837,1.2661822812856474,-0.9664366202222776,-0.9664366202222776,1.2661822812856474,1.2661822812856474,1.2661822812856474,1.2661822812856474,1.228965429388486,1.228965429388486,1.228965429388486,1.228965429388486,1.228965429388486,1.228965429388486,1.228965429388486,1.228965429388486,1.228965429388486,-0.63346219666291,-0.63346219666291,1.228965429388486,1.2661822812856474,1.2661822812856474,1.2661822812856474,1.2661822812856474,1.2661822812856474,1.2661822812856474,1.2661822812856474,1.2661822812856474,1.2661822812856474,1.228965429388486,1.228965429388486,1.228965429388486,1.2661822812856474,1.2661822812856474,-0.6564860513389768,-0.6564860513389768,-0.6564860513389768,-0.6564860513389768,-0.6564860513389768,-0.6564860513389768,1.228965429388486,1.228965429388486,1.228965429388486,1.228965429388486,1.228965429388486,1.228965429388486,1.228965429388486,1.434814685415132,-0.7222676185731274,-0.7222676185731274,-0.7222676185731274,-0.7222676185731274,-0.8184601672666545,-0.8184601672666545,-0.9063350418007386,-0.9063350418007386,-0.9063350418007386,-0.9063350418007386,-0.8184601672666545,1.434814685415132,1.434814685415132,0.8279954469325996,0.8279954469325996,0.8246357685848025,0.8246357685848025,0.804368510569135,0.804368510569135,-0.4623199560297871,-0.4623199560297871,-0.4623199560297871,0.804368510569135,0.804368510569135,-0.3929648134511546,-0.3929648134511546,-0.3929648134511546,0.804368510569135,-0.5364344561123285,-0.5364344561123285,-0.5364344561123285,-0.5364344561123285,-0.5364344561123285,-0.5364344561123285,0.804368510569135,0.804368510569135,-0.3719594920201892,-0.3719594920201892,-0.3719594920201892,0.804368510569135,0.804368510569135,0.804368510569135,0.804368510569135,-0.4038325060512794,-0.4038325060512794,-0.4038325060512794,0.804368510569135,0.804368510569135,-0.4592150295257363,-0.4592150295257363,-0.4592150295257363,0.804368510569135,0.804368510569135,-0.4749501767718054,-0.4749501767718054,-0.4749501767718054,0.804368510569135,0.804368510569135,-0.24269209189626578,-0.24269209189626578,-0.24269209189626578,0.804368510569135,0.804368510569135,0.804368510569135,0.804368510569135,0.804368510569135,0.804368510569135,0.027627661486820828,0.027627661486820828,0.027627661486820828,0.027627661486820828,0.027627661486820828,0.027627661486820828,0.027627661486820828,0.804368510569135,0.804368510569135,0.804368510569135,0.804368510569135,0.804368510569135,0.804368510569135,0.804368510569135,0.8246357685848025,0.8246357685848025,0.8246357685848025,0.8246357685848025,-1.0249240702007851,-1.0249240702007851,-1.0249240702007851,-1.0249240702007851,-1.0249240702007851,-1.0249240702007851,0.4854128698077297,-0.10101626993937508,-0.10101626993937508,-0.10101626993937508,-0.10101626993937508,-0.10101626993937508,-0.10101626993937508,-0.10101626993937508,-0.10101626993937508,-0.10101626993937508,-0.10101626993937508,0.02323993235138211,0.02323993235138211,-0.024282715336146888,-0.024282715336146888,-0.024282715336146888,-0.024282715336146888,-0.024282715336146888,-0.024282715336146888,-0.024282715336146888,-0.024282715336146888,-0.024282715336146888,-0.024282715336146888,-0.024282715336146888,-0.024282715336146888,-0.024282715336146888,-0.024282715336146888,-0.024282715336146888,-0.024282715336146888,0.4854128698077297,-0.8118318331582638,-0.8118318331582638,-0.5150281308640602,-0.5150281308640602,-1.1291967577307898,-1.1291967577307898,0.4854128698077297,0.4854128698077297,0.4854128698077297,0.4854128698077297,0.4854128698077297,0.4854128698077297,0.4854128698077297,0.4854128698077297,0.4854128698077297,0.4854128698077297,0.4854128698077297,0.4854128698077297,0.4854128698077297,0.0
-1.0917363902447395,0.0,0.0,0.0,-1.0917363902447395,-1.0917363902447395,-1.0917363902447395,0.0,0.0,0.0,0.0,0.0,0.0,0.0,0.0,-1.0917363902447395,0.0,0.0,0.0,0.0,0.0,0.0,0.0,0.0,0.0,0.0,0.0,0.0,0.0,0.0,0.0,0.0,0.0,0.0,0.0,-1.0917363902447395,-1.0917363902447395,-1.0917363902447395,-1.0917363902447395,-1.0917363902447395,-1.0917363902447395,-1.0917363902447395,-1.0917363902447395,-1.0917363902447395,-1.0917363902447395,-1.0917363902447395,-1.0917363902447395,-1.0917363902447395,-1.0917363902447395,-1.0917363902447395,-1.0917363902447395,-1.0917363902447395,-1.0917363902447395,-0.5364591779626391,-0.5364591779626391,-0.5364591779626391,-0.5364591779626391,-0.5364591779626391,-0.5364591779626391,-0.5364591779626391,-0.5364591779626391,-1.0917363902447395,0.0,0.0,0.0,0.0,0.0,0.0,0.0,-1.0917363902447395,0.0,0.0,0.0,0.0,0.0,0.0,0.0,0.0,-1.0917363902447395,0.0,0.0,0.0,0.0,0.0,0.0,0.0,0.0,0.0,-1.0917363902447395,0.934053787354754,0.934053787354754,0.934053787354754,-1.0917363902447395,0.0,0.0,0.0,0.0,0.0,0.0,0.0,0.0,0.0,0.0,0.0,0.0,0.0,0.0,0.0,-1.0917363902447395,0.0,0.0,0.0,0.0,0.0,0.0,0.0,0.0,0.0,0.0,0.0,0.0,0.0,-1.0917363902447395,-1.0917363902447395,0.0,0.0,0.0,0.0,0.0,0.0,0.0,0.0,0.0,0.0,0.0,0.0,0.0,-1.0917363902447395,-1.0917363902447395,-1.0917363902447395,-1.0917363902447395,-1.0917363902447395,-1.0917363902447395,0.0,0.0,0.0,-1.0917363902447395,-1.0917363902447395,-1.0917363902447395,-1.0917363902447395,-1.0917363902447395,0.0,0.0,0.0,0.0,0.0,-1.0917363902447395,-1.0917363902447395,-1.0917363902447395,-1.0917363902447395,-1.0917363902447395,-1.0917363902447395,-1.0917363902447395,-1.0917363902447395,-1.0917363902447395,-1.0917363902447395,-1.0917363902447395,-1.0917363902447395,-1.0917363902447395,-1.0917363902447395,-1.0917363902447395,-1.0917363902447395,-0.4043520888951437,-0.4043520888951437,-1.0917363902447395,-0.7204777717288321,-0.7204777717288321,-0.941023382960332,-0.941023382960332,0.0,0.0,-0.941023382960332,-0.941023382960332,-1.0917363902447395,-1.0917363902447395,-1.0917363902447395,-0.7204777717288321,-0.7204777717288321,-0.941023382960332,-0.941023382960332,0.0,0.0,-0.941023382960332,-0.941023382960332,0.0,0.0,0.0,0.0,0.0,-1.0917363902447395,-1.0917363902447395,-1.0917363902447395,-1.0917363902447395,-1.0917363902447395,-1.0917363902447395,-0.6350232381634444,-0.5782451446245359,-0.5782451446245359,-0.5782451446245359,-0.6350232381634444,-0.7934672807186144,0.0,0.0,-0.7934672807186144,-0.7934672807186144,-0.7934672807186144,-0.7934672807186144,-0.751253789763865,-0.751253789763865,-0.751253789763865,-0.751253789763865,-0.751253789763865,-0.751253789763865,-0.751253789763865,-0.751253789763865,-0.751253789763865,-1.0917363902447395,-1.0917363902447395,-0.751253789763865,-0.7934672807186144,-0.7934672807186144,-0.7934672807186144,-0.7934672807186144,-0.7934672807186144,-0.7934672807186144,-0.7934672807186144,-0.7934672807186144,-0.7934672807186144,-0.751253789763865,-0.751253789763865,-0.751253789763865,-0.7934672807186144,-0.7934672807186144,-0.9299464452522513,-0.9299464452522513,-0.9299464452522513,-0.9299464452522513,-0.9299464452522513,-0.9299464452522513,-0.751253789763865,-0.751253789763865,-0.751253789763865,-0.751253789763865,-0.751253789763865,-0.751253789763865,-0.751253789763865,-0.8896322151783546,-0.6976073246208357,-0.6976073246208357,-0.6976073246208357,-0.6976073246208357,-1.0917363902447395,-1.0917363902447395,0.0,0.0,0.0,0.0,-1.0917363902447395,-0.8896322151783546,-0.8896322151783546,-1.0917363902447395,-1.0917363902447395,-1.0917363902447395,-1.0917363902447395,-1.025963177177584,-1.025963177177584,-1.0917363902447395,-1.0917363902447395,-1.0917363902447395,-1.025963177177584,-1.025963177177584,-1.0917363902447395,-1.0917363902447395,-1.0917363902447395,-1.025963177177584,-1.0917363902447395,-1.0917363902447395,-1.0917363902447395,-1.0917363902447395,-1.0917363902447395,-1.0917363902447395,-1.025963177177584,-1.025963177177584,-0.7908783272099785,-0.7908783272099785,-0.7908783272099785,-1.025963177177584,-1.025963177177584,-1.025963177177584,-1.025963177177584,-1.0917363902447395,-1.0917363902447395,-1.0917363902447395,-1.025963177177584,-1.025963177177584,-1.0917363902447395,-1.0917363902447395,-1.0917363902447395,-1.025963177177584,-1.025963177177584,-1.0917363902447395,-1.0917363902447395,-1.0917363902447395,-1.025963177177584,-1.025963177177584,-0.8791591297003644,-0.8791591297003644,-0.8791591297003644,-1.025963177177584,-1.025963177177584,-1.025963177177584,-1.025963177177584,-1.025963177177584,-1.025963177177584,-0.6899128700164863,-0.6899128700164863,-0.6899128700164863,-0.6899128700164863,-0.6899128700164863,-0.6899128700164863,-0.6899128700164863,-1.025963177177584,-1.025963177177584,-1.025963177177584,-1.025963177177584,-1.025963177177584,-1.025963177177584,-1.025963177177584,-1.0917363902447395,-1.0917363902447395,-1.0917363902447395,-1.0917363902447395,0.0,0.0,0.0,0.0,0.0,0.0,-1.0917363902447395,-1.0917363902447395,-1.0917363902447395,-1.0917363902447395,-1.0917363902447395,-1.0917363902447395,-1.0917363902447395,-1.0917363902447395,-1.0917363902447395,-1.0917363902447395,-1.0917363902447395,-1.0427044554630998,-1.0427044554630998,-0.8748554570575869,-0.8748554570575869,-0.8748554570575869,-0.8748554570575869,-0.8748554570575869,-0.8748554570575869,-0.8748554570575869,-0.8748554570575869,-0.8748554570575869,-0.8748554570575869,-0.8748554570575869,-0.8748554570575869,-0.8748554570575869,-0.8748554570575869,-0.8748554570575869,-0.8748554570575869,-1.0917363902447395,-0.3812683906048199,-0.3812683906048199,-0.7603699257637432,-0.7603699257637432,-0.4043520888951437,-0.4043520888951437,-1.0917363902447395,-1.0917363902447395,-1.0917363902447395,-1.0917363902447395,-1.0917363902447395,-1.0917363902447395,-1.0917363902447395,-1.0917363902447395,-1.0917363902447395,-1.0917363902447395,-1.0917363902447395,-1.0917363902447395,-1.0917363902447395,0.0
1.969566382794139,-0.5077224524862195,-0.5077224524862195,-0.5077224524862195,1.969566382794139,1.969566382794139,-0.5077224524862195,-0.5077224524862195,-0.5077224524862195,-0.5077224524862195,-0.5077224524862195,-0.5077224524862195,-0.5077224524862195,-0.5077224524862195,-0.5077224524862195,-0.5077224524862195,-0.5077224524862195,-0.5077224524862195,-0.5077224524862195,-0.5077224524862195,-0.5077224524862195,-0.5077224524862195,-0.5077224524862195,-0.5077224524862195,-0.5077224524862195,-0.5077224524862195,-0.5077224524862195,-0.5077224524862195,-0.5077224524862195,-0.5077224524862195,-0.5077224524862195,-0.5077224524862195,-0.5077224524862195,-0.5077224524862195,-0.5077224524862195,-0.5077224524862195,-0.5077224524862195,-0.5077224524862195,-0.5077224524862195,-0.5077224524862195,-0.5077224524862195,-0.5077224524862195,-0.5077224524862195,-0.5077224524862195,-0.5077224524862195,-0.5077224524862195,-0.5077224524862195,-0.5077224524862195,-0.5077224524862195,-0.5077224524862195,-0.5077224524862195,-0.5077224524862195,-0.5077224524862195,-0.5077224524862195,-0.5077224524862195,-0.5077224524862195,-0.5077224524862195,-0.5077224524862195,-0.5077224524862195,-0.5077224524862195,-0.5077224524862195,-0.5077224524862195,-0.5077224524862195,-0.5077224524862195,-0.5077224524862195,-0.5077224524862195,-0.5077224524862195,-0.5077224524862195,-0.5077224524862195,-0.5077224524862195,-0.5077224524862195,-0.5077224524862195,-0.5077224524862195,-0.5077224524862195,-0.5077224524862195,-0.5077224524862195,-0.5077224524862195,-0.5077224524862195,-0.5077224524862195,-0.5077224524862195,-0.5077224524862195,-0.5077224524862195,-0.5077224524862195,-0.5077224524862195,-0.5077224524862195,-0.5077224524862195,-0.5077224524862195,-0.5077224524862195,-0.5077224524862195,-0.5077224524862195,-0.5077224524862195,-0.5077224524862195,-0.5077224524862195,-0.5077224524862195,-0.5077224524862195,-0.5077224524862195,-0.5077224524862195,-0.5077224524862195,-0.5077224524862195,-0.5077224524862195,-0.5077224524862195,-0.5077224524862195,-0.5077224524862195,-0.5077224524862195,-0.5077224524862195,-0.5077224524862195,-0.5077224524862195,-0.5077224524862195,-0.5077224524862195,-0.5077224524862195,-0.5077224524862195,-0.5077224524862195,-0.5077224524862195,-0.5077224524862195,-0.5077224524862195,-0.5077224524862195,-0.5077224524862195,-0.5077224524862195,-0.5077224524862195,-0.5077224524862195,-0.5077224524862195,-0.5077224524862195,1.969566382794139,-0.5077224524862195,-0.5077224524862195,-0.5077224524862195,-0.5077224524862195,-0.5077224524862195,-0.5077224524862195,-0.5077224524862195,-0.5077224524862195,-0.5077224524862195,-0.5077224524862195,-0.5077224524862195,-0.5077224524862195,-0.5077224524862195,-0.5077224524862195,-0.5077224524862195,-0.5077224524862195,-0.5077224524862195,-0.5077224524862195,1.969566382794139,-0.5077224524862195,-0.5077224524862195,-0.5077224524862195,-0.5077224524862195,1.969566382794139,1.969566382794139,1.969566382794139,1.969566382794139,-0.5077224524862195,-0.5077224524862195,-0.5077224524862195,-0.5077224524862195,-0.5077224524862195,-0.5077224524862195,1.969566382794139,1.969566382794139,1.969566382794139,1.969566382794139,1.969566382794139,1.969566382794139,1.969566382794139,1.969566382794139,1.969566382794139,1.969566382794139,1.969566382794139,1.969566382794139,1.969566382794139,1.969566382794139,1.969566382794139,1.969566382794139,1.969566382794139,1.969566382794139,1.969566382794139,-0.5077224524862195,-0.5077224524862195,-0.5077224524862195,-0.5077224524862195,-0.5077224524862195,-0.5077224524862195,-0.5077224524862195,-0.5077224524862195,-0.5077224524862195,-0.5077224524862195,-0.5077224524862195,-0.5077224524862195,-0.5077224524862195,-0.5077224524862195,-0.5077224524862195,-0.5077224524862195,-0.5077224524862195,-0.5077224524862195,-0.5077224524862195,1.969566382794139,1.969566382794139,1.969566382794139,1.969566382794139,1.969566382794139,1.969566382794139,1.969566382794139,1.969566382794139,1.969566382794139,1.969566382794139,1.969566382794139,1.969566382794139,1.969566382794139,1.969566382794139,1.969566382794139,1.969566382794139,1.969566382794139,1.969566382794139,1.969566382794139,1.969566382794139,1.969566382794139,1.969566382794139,1.969566382794139,1.969566382794139,1.969566382794139,1.969566382794139,1.969566382794139,1.969566382794139,1.969566382794139,1.969566382794139,1.969566382794139,1.969566382794139,-0.5077224524862195,-0.5077224524862195,1.969566382794139,1.969566382794139,1.969566382794139,1.969566382794139,1.969566382794139,1.969566382794139,1.969566382794139,1.969566382794139,1.969566382794139,1.969566382794139,1.969566382794139,1.969566382794139,1.969566382794139,1.969566382794139,1.969566382794139,-0.5077224524862195,-0.5077224524862195,-0.5077224524862195,-0.5077224524862195,-0.5077224524862195,-0.5077224524862195,1.969566382794139,1.969566382794139,1.969566382794139,1.969566382794139,1.969566382794139,1.969566382794139,1.969566382794139,1.969566382794139,-0.5077224524862195,-0.5077224524862195,-0.5077224524862195,-0.5077224524862195,1.969566382794139,1.969566382794139,-0.5077224524862195,-0.5077224524862195,-0.5077224524862195,-0.5077224524862195,1.969566382794139,1.969566382794139,1.969566382794139,1.969566382794139,1.969566382794139,-0.5077224524862195,-0.5077224524862195,-0.5077224524862195,-0.5077224524862195,-0.5077224524862195,-0.5077224524862195,-0.5077224524862195,-0.5077224524862195,-0.5077224524862195,-0.5077224524862195,-0.5077224524862195,-0.5077224524862195,-0.5077224524862195,-0.5077224524862195,-0.5077224524862195,-0.5077224524862195,-0.5077224524862195,-0.5077224524862195,-0.5077224524862195,-0.5077224524862195,-0.5077224524862195,-0.5077224524862195,-0.5077224524862195,-0.5077224524862195,-0.5077224524862195,-0.5077224524862195,-0.5077224524862195,-0.5077224524862195,-0.5077224524862195,-0.5077224524862195,-0.5077224524862195,-0.5077224524862195,-0.5077224524862195,-0.5077224524862195,-0.5077224524862195,-0.5077224524862195,-0.5077224524862195,-0.5077224524862195,-0.5077224524862195,-0.5077224524862195,-0.5077224524862195,-0.5077224524862195,-0.5077224524862195,-0.5077224524862195,-0.5077224524862195,-0.5077224524862195,-0.5077224524862195,-0.5077224524862195,-0.5077224524862195,-0.5077224524862195,-0.5077224524862195,-0.5077224524862195,-0.5077224524862195,-0.5077224524862195,-0.5077224524862195,-0.5077224524862195,-0.5077224524862195,-0.5077224524862195,-0.5077224524862195,-0.5077224524862195,-0.5077224524862195,-0.5077224524862195,-0.5077224524862195,-0.5077224524862195,-0.5077224524862195,-0.5077224524862195,-0.5077224524862195,-0.5077224524862195,-0.5077224524862195,-0.5077224524862195,-0.5077224524862195,-0.5077224524862195,-0.5077224524862195,-0.5077224524862195,-0.5077224524862195,-0.5077224524862195,1.969566382794139,1.969566382794139,1.969566382794139,1.969566382794139,1.969566382794139,1.969566382794139,1.969566382794139,1.969566382794139,1.969566382794139,1.969566382794139,1.969566382794139,1.969566382794139,1.969566382794139,1.969566382794139,1.969566382794139,1.969566382794139,1.969566382794139,1.969566382794139,1.969566382794139,1.969566382794139,1.969566382794139,1.969566382794139,1.969566382794139,1.969566382794139,1.969566382794139,1.969566382794139,1.969566382794139,1.969566382794139,1.969566382794139,1.969566382794139,-0.5077224524862195,-0.5077224524862195,-0.5077224524862195,-0.5077224524862195,-0.5077224524862195,-0.5077224524862195,1.969566382794139,1.969566382794139,1.969566382794139,1.969566382794139,1.969566382794139,1.969566382794139,1.969566382794139,1.969566382794139,1.969566382794139,1.969566382794139,1.969566382794139,1.969566382794139,1.969566382794139,0.0
-0.8551244821019364,-0.8700053950135924,-0.8700053950135924,-0.8700053950135924,-0.8548490690231781,-0.8548490690231781,-0.8700053950135924,-0.8700053950135924,-0.8700053950135924,-0.8700053950135924,-0.8700053950135924,-0.8700053950135924,-0.8700053950135924,-0.8700053950135924,-0.8700053950135924,-0.8700053950135924,-0.8700053950135924,-0.8700053950135924,-0.8700053950135924,-0.8700053950135924,-0.8700053950135924,-0.8700053950135924,-0.8700053950135924,-0.8700053950135924,-0.8700053950135924,-0.8700053950135924,-0.8700053950135924,-0.8700053950135924,-0.8700053950135924,-0.8700053950135924,-0.8700053950135924,-0.8700053950135924,-0.8700053950135924,-0.8700053950135924,-0.8700053950135924,-0.8700053950135924,-0.8700053950135924,-0.8700053950135924,-0.8700053950135924,-0.8700053950135924,-0.8700053950135924,-0.8700053950135924,-0.8700053950135924,-0.8700053950135924,-0.8700053950135924,-0.8700053950135924,-0.8700053950135924,-0.8700053950135924,-0.8700053950135924,-0.8700053950135924,-0.8700053950135924,-0.8700053950135924,-0.8700053950135924,-0.8700053950135924,-0.8700053950135924,-0.8700053950135924,-0.8700053950135924,-0.8700053950135924,-0.8700053950135924,-0.8700053950135924,-0.8700053950135924,-0.8700053950135924,-0.8700053950135924,-0.8700053950135924,-0.8700053950135924,-0.8700053950135924,-0.8700053950135924,-0.8700053950135924,-0.8700053950135924,-0.8700053950135924,-0.8700053950135924,-0.8700053950135924,-0.8700053950135924,-0.8700053950135924,-0.8700053950135924,-0.8700053950135924,-0.8700053950135924,-0.8700053950135924,-0.8700053950135924,-0.8700053950135924,-0.8700053950135924,-0.8700053950135924,-0.8700053950135924,-0.8700053950135924,-0.8700053950135924,-0.8700053950135924,-0.8700053950135924,-0.8700053950135924,-0.8700053950135924,-0.8700053950135924,-0.8700053950135924,-0.8700053950135924,-0.8700053950135924,-0.8700053950135924,-0.8700053950135924,-0.8700053950135924,-0.8700053950135924,-0.8700053950135924,-0.8700053950135924,-0.8700053950135924,-0.8700053950135924,-0.8700053950135924,-0.8700053950135924,-0.8700053950135924,-0.8700053950135924,-0.8700053950135924,-0.8700053950135924,-0.8700053950135924,-0.8700053950135924,-0.8700053950135924,-0.8700053950135924,-0.8700053950135924,-0.8700053950135924,-0.8700053950135924,-0.8700053950135924,-0.8700053950135924,-0.8700053950135924,-0.8700053950135924,-0.8700053950135924,-0.8700053950135924,-0.8700053950135924,-0.8700053950135924,-0.8548490690231781,-0.8700053950135924,-0.8700053950135924,-0.8700053950135924,-0.8700053950135924,-0.8700053950135924,-0.8700053950135924,-0.8700053950135924,-0.8700053950135924,-0.8700053950135924,-0.8700053950135924,-0.8700053950135924,-0.8700053950135924,-0.8700053950135924,-0.8700053950135924,-0.8700053950135924,-0.8700053950135924,-0.8700053950135924,-0.8700053950135924,-0.8548490690231781,-0.8700053950135924,-0.8700053950135924,-0.8700053950135924,-0.8700053950135924,-0.8548490690231781,-0.8548490690231781,-0.8548490690231781,-0.8548490690231781,-0.8700053950135924,-0.8700053950135924,-0.8700053950135924,-0.8700053950135924,-0.8700053950135924,-0.8700053950135924,-0.8548490690231781,-0.8548490690231781,-0.8548490690231781,-0.8548490690231781,-0.8548490690231781,-0.8548490690231781,-0.8548490690231781,-0.8274643436541342,-0.8274643436541342,-0.8274643436541342,-0.8274643436541342,-0.8274643436541342,-0.8274643436541342,-0.8274643436541342,-0.8274643436541342,-0.8274643436541342,-0.688024230864799,-0.688024230864799,-0.8555433157434896,-0.8700053950135924,-0.8700053950135924,-0.8700053950135924,-0.8700053950135924,-0.8700053950135924,-0.8700053950135924,-0.8700053950135924,-0.8700053950135924,-0.8700053950135924,-0.8700053950135924,-0.8700053950135924,-0.8700053950135924,-0.8700053950135924,-0.8700053950135924,-0.8700053950135924,-0.8700053950135924,-0.8700053950135924,-0.8700053950135924,-0.8700053950135924,-0.5424392995457642,-0.5424392995457642,-0.5424392995457642,-0.5424392995457642,-0.5424392995457642,-0.7986229529019592,-0.7986229529019592,-0.7986229529019592,-0.7986229529019592,-0.7986229529019592,-0.7986229529019592,-0.7908831497315083,-0.7881138711466354,-0.7881138711466354,-0.7881138711466354,-0.7908831497315083,-0.8624391100168104,-0.8057767488434301,-0.8057767488434301,-0.8624391100168104,-0.8624391100168104,-0.8624391100168104,-0.8624391100168104,-0.8676643830752839,-0.8676643830752839,-0.8676643830752839,-0.8676643830752839,-0.8676643830752839,-0.8676643830752839,-0.8676643830752839,-0.8676643830752839,-0.8676643830752839,-0.8700053950135924,-0.8700053950135924,-0.8676643830752839,-0.8624391100168104,-0.8624391100168104,-0.8624391100168104,-0.8624391100168104,-0.8624391100168104,-0.8624391100168104,-0.8624391100168104,-0.8624391100168104,-0.8624391100168104,-0.8676643830752839,-0.8676643830752839,-0.8676643830752839,-0.8624391100168104,-0.8624391100168104,-0.8700053950135924,-0.8700053950135924,-0.8700053950135924,-0.8700053950135924,-0.8700053950135924,-0.8700053950135924,-0.8676643830752839,-0.8676643830752839,-0.8676643830752839,-0.8676643830752839,-0.8676643830752839,-0.8676643830752839,-0.8676643830752839,-0.8624708097239357,-0.8700053950135924,-0.8700053950135924,-0.8700053950135924,-0.8700053950135924,-0.7764150820227843,-0.7764150820227843,-0.8700053950135924,-0.8700053950135924,-0.8700053950135924,-0.8700053950135924,-0.7764150820227843,-0.8624708097239357,-0.8624708097239357,-0.8644838426247542,-0.8644838426247542,-0.8700053950135924,-0.8700053950135924,-0.8700053950135924,-0.8700053950135924,-0.8700053950135924,-0.8700053950135924,-0.8700053950135924,-0.8700053950135924,-0.8700053950135924,-0.8700053950135924,-0.8700053950135924,-0.8700053950135924,-0.8700053950135924,-0.8700053950135924,-0.8700053950135924,-0.8700053950135924,-0.8700053950135924,-0.8700053950135924,-0.8700053950135924,-0.8700053950135924,-0.8700053950135924,-0.8700053950135924,-0.8700053950135924,-0.8700053950135924,-0.8700053950135924,-0.8700053950135924,-0.8700053950135924,-0.8700053950135924,-0.8700053950135924,-0.8700053950135924,-0.8700053950135924,-0.8700053950135924,-0.8700053950135924,-0.8700053950135924,-0.8700053950135924,-0.8700053950135924,-0.8700053950135924,-0.8700053950135924,-0.8700053950135924,-0.8700053950135924,-0.8700053950135924,-0.8700053950135924,-0.8700053950135924,-0.8700053950135924,-0.8700053950135924,-0.8700053950135924,-0.8700053950135924,-0.8700053950135924,-0.8700053950135924,-0.8700053950135924,-0.8700053950135924,-0.8700053950135924,-0.8700053950135924,-0.8700053950135924,-0.8700053950135924,-0.8700053950135924,-0.8700053950135924,-0.8700053950135924,-0.8700053950135924,-0.8700053950135924,-0.8700053950135924,-0.8700053950135924,-0.8700053950135924,-0.8700053950135924,-0.8700053950135924,-0.8700053950135924,-0.8700053950135924,-0.8700053950135924,-0.8700053950135924,-0.8700053950135924,-0.8700053950135924,-0.8700053950135924,-0.8700053950135924,-0.8700053950135924,-0.8700053950135924,-0.8700053950135924,-0.826904592978352,-0.8196106110954651,-0.8196106110954651,-0.8196106110954651,-0.8196106110954651,-0.8196106110954651,-0.8196106110954651,-0.8196106110954651,-0.8196106110954651,-0.8196106110954651,-0.8196106110954651,-0.8545541640952987,-0.8545541640952987,-0.8529001158768912,-0.8529001158768912,-0.8529001158768912,-0.8529001158768912,-0.8529001158768912,-0.8529001158768912,-0.8529001158768912,-0.8529001158768912,-0.8529001158768912,-0.8529001158768912,-0.8529001158768912,-0.8529001158768912,-0.8529001158768912,-0.8529001158768912,-0.8529001158768912,-0.8529001158768912,-0.826904592978352,-0.8700053950135924,-0.8700053950135924,-0.8700053950135924,-0.8700053950135924,-0.8700053950135924,-0.8700053950135924,-0.826904592978352,-0.826904592978352,-0.826904592978352,-0.826904592978352,-0.826904592978352,-0.826904592978352,-0.826904592978352,-0.826904592978352,-0.826904592978352,-0.826904592978352,-0.826904592978352,-0.826904592978352,-0.826904592978352,0.0
-0.797640857572655,-1.0183565364195493,-1.0183565364195493,-1.0183565364195493,-0.797640857572655,-0.797640857572655,-0.797640857572655,-0.797640857572655,-0.797640857572655,-0.797640857572655,-0.797640857572655,-0.797640857572655,-0.797640857572655,-0.797640857572655,-0.797640857572655,-0.797640857572655,-0.6173030170247277,-0.6173030170247277,-0.6173030170247277,-0.6173030170247277,-0.6173030170247277,-0.6173030170247277,-0.6173030170247277,-0.6173030170247277,-0.6173030170247277,-0.6173030170247277,-0.6173030170247277,-0.6173030170247277,-0.6173030170247277,-0.6173030170247277,-0.6173030170247277,-0.6173030170247277,-0.6173030170247277,-0.6173030170247277,-0.6173030170247277,-0.797640857572655,-1.0183565364195493,-1.0183565364195493,-1.0183565364195493,-1.0183565364195493,-1.0183565364195493,-1.0183565364195493,-1.0183565364195493,-1.0183565364195493,-1.0183565364195493,-1.0183565364195493,-1.0183565364195493,-1.0183565364195493,-1.0183565364195493,-1.0183565364195493,-1.0183565364195493,-1.0183565364195493,-0.797640857572655,-1.0183565364195493,-1.0183565364195493,-1.0183565364195493,-1.0183565364195493,-1.0183565364195493,-1.0183565364195493,-1.0183565364195493,-1.0183565364195493,-0.797640857572655,-0.6173030170247277,-0.6173030170247277,-0.6173030170247277,-0.6173030170247277,-0.6173030170247277,-0.6173030170247277,-0.6173030170247277,-0.797640857572655,-0.797640857572655,-0.797640857572655,-0.797640857572655,-0.797640857572655,-0.797640857572655,-0.797640857572655,-0.797640857572655,-0.797640857572655,-0.797640857572655,-0.6173030170247277,-0.6173030170247277,-0.6173030170247277,-0.6173030170247277,-0.6173030170247277,-0.6173030170247277,-0.6173030170247277,-0.6173030170247277,-0.6173030170247277,-0.797640857572655,-1.0183565364195493,-1.0183565364195493,-1.0183565364195493,-0.797640857572655,-0.797640857572655,-0.797640857572655,-0.797640857572655,-0.797640857572655,-0.797640857572655,-0.797640857572655,-0.797640857572655,-0.797640857572655,-0.797640857572655,-0.797640857572655,-0.797640857572655,-0.797640857572655,-0.797640857572655,-0.797640857572655,-0.797640857572655,-0.797640857572655,-0.901855017471593,-0.901855017471593,-0.901855017471593,-0.901855017471593,-0.901855017471593,-0.901855017471593,-0.901855017471593,-0.901855017471593,-0.901855017471593,-0.901855017471593,-0.901855017471593,-0.901855017471593,-0.901855017471593,-0.797640857572655,-0.797640857572655,-1.096933728981207,-1.096933728981207,-1.096933728981207,-1.096933728981207,-1.096933728981207,-1.096933728981207,-1.096933728981207,-1.096933728981207,-1.096933728981207,-1.096933728981207,-1.096933728981207,-1.096933728981207,-1.096933728981207,-0.797640857572655,-0.797640857572655,-0.797640857572655,-0.797640857572655,-0.797640857572655,-0.797640857572655,-0.6173030170247277,-0.6173030170247277,-0.6173030170247277,-0.797640857572655,-0.797640857572655,-0.797640857572655,-0.797640857572655,-0.797640857572655,-0.7033676826920172,-0.7033676826920172,-0.7033676826920172,-0.7033676826920172,-0.7033676826920172,-0.797640857572655,-0.797640857572655,-0.797640857572655,-0.797640857572655,-0.797640857572655,-0.797640857572655,-0.797640857572655,-0.4648295453855011,-0.4648295453855011,-0.4648295453855011,-0.4648295453855011,-0.4648295453855011,-0.4648295453855011,-0.4648295453855011,-0.4648295453855011,-0.4648295453855011,-0.901855017471593,-0.901855017471593,-0.0637760259906795,0.6451039720015455,0.6451039720015455,0.25548548960086465,0.25548548960086465,-0.797640857572655,-0.797640857572655,0.25548548960086465,0.25548548960086465,0.25548548960086465,0.25548548960086465,0.25548548960086465,0.6451039720015455,0.6451039720015455,0.25548548960086465,0.25548548960086465,-0.797640857572655,-0.797640857572655,0.25548548960086465,0.25548548960086465,-1.096933728981207,-1.096933728981207,-1.096933728981207,-1.096933728981207,-1.096933728981207,-0.017762162850330287,-0.017762162850330287,-0.017762162850330287,-0.017762162850330287,-0.017762162850330287,-0.017762162850330287,0.25548548960086465,0.38329135654449087,0.38329135654449087,0.38329135654449087,0.25548548960086465,0.9410910094425512,-0.797640857572655,-0.797640857572655,0.9410910094425512,0.9410910094425512,0.9410910094425512,0.9410910094425512,1.112864989710445,1.112864989710445,1.112864989710445,1.112864989710445,1.112864989710445,1.112864989710445,1.112864989710445,1.112864989710445,1.112864989710445,0.41281951000609457,0.41281951000609457,1.112864989710445,0.9410910094425512,0.9410910094425512,0.9410910094425512,0.9410910094425512,0.9410910094425512,0.9410910094425512,0.9410910094425512,0.9410910094425512,0.9410910094425512,1.112864989710445,1.112864989710445,1.112864989710445,0.9410910094425512,0.9410910094425512,-0.4648295453855011,-0.4648295453855011,-0.4648295453855011,-0.4648295453855011,-0.4648295453855011,-0.4648295453855011,1.112864989710445,1.112864989710445,1.112864989710445,1.112864989710445,1.112864989710445,1.112864989710445,1.112864989710445,0.6451039720015455,-0.2727860098355923,-0.2727860098355923,-0.2727860098355923,-0.2727860098355923,-0.797640857572655,-0.797640857572655,-0.7033676826920172,-0.7033676826920172,-0.7033676826920172,-0.7033676826920172,-0.797640857572655,0.6451039720015455,0.6451039720015455,0.2207759744561858,0.2207759744561858,0.25548548960086465,0.25548548960086465,0.3528545032638245,0.3528545032638245,0.2890181816638531,0.2890181816638531,0.2890181816638531,0.3528545032638245,0.3528545032638245,0.41281951000609457,0.41281951000609457,0.41281951000609457,0.3528545032638245,-0.21624949762990653,-0.21624949762990653,-0.21624949762990653,-0.21624949762990653,-0.21624949762990653,-0.21624949762990653,0.3528545032638245,0.3528545032638245,0.4693560222117804,0.4693560222117804,0.4693560222117804,0.3528545032638245,0.3528545032638245,0.3528545032638245,0.3528545032638245,0.41281951000609457,0.41281951000609457,0.41281951000609457,0.3528545032638245,0.3528545032638245,0.2890181816638531,0.2890181816638531,0.2890181816638531,0.3528545032638245,0.3528545032638245,0.25548548960086465,0.25548548960086465,0.25548548960086465,0.3528545032638245,0.3528545032638245,0.41281951000609457,0.41281951000609457,0.41281951000609457,0.3528545032638245,0.3528545032638245,0.3528545032638245,0.3528545032638245,0.3528545032638245,0.3528545032638245,0.4414916533030797,0.4414916533030797,0.4414916533030797,0.4414916533030797,0.4414916533030797,0.4414916533030797,0.4414916533030797,0.3528545032638245,0.3528545032638245,0.3528545032638245,0.3528545032638245,0.3528545032638245,0.3528545032638245,0.3528545032638245,0.25548548960086465,0.25548548960086465,0.25548548960086465,0.25548548960086465,-1.096933728981207,-1.096933728981207,-1.096933728981207,-1.096933728981207,-1.096933728981207,-1.096933728981207,0.026205950473936392,0.3528545032638245,0.3528545032638245,0.3528545032638245,0.3528545032638245,0.3528545032638245,0.3528545032638245,0.3528545032638245,0.3528545032638245,0.3528545032638245,0.3528545032638245,0.026205950473936392,0.026205950473936392,0.026205950473936392,0.026205950473936392,0.026205950473936392,0.026205950473936392,0.026205950473936392,0.026205950473936392,0.026205950473936392,0.026205950473936392,0.026205950473936392,0.026205950473936392,0.026205950473936392,0.026205950473936392,0.026205950473936392,0.026205950473936392,0.026205950473936392,0.026205950473936392,0.026205950473936392,0.026205950473936392,0.026205950473936392,-0.3327510165778624,-0.3327510165778624,-0.6173030170247277,-0.6173030170247277,0.026205950473936392,0.026205950473936392,0.026205950473936392,0.026205950473936392,0.026205950473936392,0.026205950473936392,0.026205950473936392,0.026205950473936392,0.026205950473936392,0.026205950473936392,0.026205950473936392,0.026205950473936392,0.026205950473936392,0.0
-1.0,-1.0,-1.0,-1.0,-1.0,-1.0,-1.0,-1.0,-1.0,-1.0,-1.0,-1.0,-1.0,-1.0,-1.0,-1.0,-1.0,-1.0,-1.0,-1.0,-1.0,-1.0,-1.0,-1.0,-1.0,-1.0,-1.0,-1.0,-1.0,-1.0,-1.0,-1.0,-1.0,-1.0,-1.0,-1.0,-1.0,-1.0,-1.0,-1.0,-1.0,-1.0,-1.0,-1.0,-1.0,-1.0,-1.0,-1.0,-1.0,-1.0,-1.0,-1.0,-1.0,-1.0,-1.0,-1.0,-1.0,-1.0,-1.0,-1.0,-1.0,-1.0,-1.0,-1.0,-1.0,-1.0,-1.0,-1.0,-1.0,-1.0,-1.0,-1.0,-1.0,-1.0,-1.0,-1.0,-1.0,-1.0,-1.0,-1.0,-1.0,-1.0,-1.0,-1.0,-1.0,-1.0,-1.0,-1.0,-1.0,-1.0,-1.0,-1.0,-1.0,-1.0,-1.0,-1.0,-1.0,-1.0,-1.0,-1.0,-1.0,-1.0,-1.0,-1.0,-1.0,-1.0,-1.0,-1.0,-1.0,-1.0,-1.0,-1.0,-1.0,-1.0,-1.0,-1.0,-1.0,-1.0,-1.0,-1.0,-1.0,-1.0,-1.0,-1.0,-1.0,-1.0,-1.0,-1.0,-1.0,-1.0,-1.0,-1.0,-1.0,-1.0,-1.0,-1.0,-1.0,-1.0,-1.0,-1.0,-1.0,-1.0,-1.0,-1.0,-1.0,-1.0,-1.0,-1.0,-1.0,-1.0,-1.0,-1.0,-1.0,-1.0,-1.0,-1.0,-1.0,-1.0,-1.0,-1.0,-1.0,-1.0,-1.0,-1.0,-1.0,-1.0,-1.0,-1.0,-1.0,-1.0,-1.0,-1.0,-1.0,-1.0,-1.0,1.0,1.0,-1.0,-1.0,-1.0,-1.0,-1.0,-1.0,-1.0,-1.0,-1.0,1.0,1.0,-1.0,-1.0,-1.0,-1.0,-1.0,-1.0,-1.0,-1.0,-1.0,-1.0,-1.0,1.0,1.0,1.0,1.0,1.0,1.0,-1.0,-1.0,-1.0,-1.0,-1.0,1.0,-1.0,-1.0,1.0,1.0,1.0,1.0,1.0,1.0,1.0,1.0,1.0,1.0,1.0,1.0,1.0,-1.0,-1.0,1.0,1.0,1.0,1.0,1.0,1.0,1.0,1.0,1.0,1.0,1.0,1.0,1.0,1.0,1.0,1.0,1.0,1.0,1.0,1.0,1.0,1.0,1.0,1.0,1.0,1.0,1.0,1.0,-1.0,-1.0,-1.0,-1.0,-1.0,-1.0,-1.0,-1.0,-1.0,-1.0,-1.0,-1.0,-1.0,-1.0,-1.0,-1.0,-1.0,-1.0,1.0,1.0,-1.0,-1.0,-1.0,1.0,1.0,-1.0,-1.0,-1.0,1.0,-1.0,-1.0,-1.0,-1.0,-1.0,-1.0,1.0,1.0,-1.0,-1.0,-1.0,1.0,1.0,1.0,1.0,-1.0,-1.0,-1.0,1.0,1.0,-1.0,-1.0,-1.0,1.0,1.0,-1.0,-1.0,-1.0,1.0,1.0,-1.0,-1.0,-1.0,1.0,1.0,1.0,1.0,1.0,1.0,1.0,1.0,1.0,1.0,1.0,1.0,1.0,1.0,1.0,1.0,1.0,1.0,1.0,1.0,-1.0,-1.0,-1.0,-1.0,-1.0,-1.0,-1.0,-1.0,-1.0,-1.0,-1.0,-1.0,-1.0,-1.0,-1.0,-1.0,-1.0,-1.0,-1.0,-1.0,-1.0,1.0,1.0,1.0,1.0,1.0,1.0,1.0,1.0,1.0,1.0,1.0,1.0,1.0,1.0,1.0,1.0,1.0,1.0,-1.0,-1.0,-1.0,-1.0,-1.0,-1.0,-1.0,-1.0,-1.0,-1.0,-1.0,-1.0,-1.0,-1.0,-1.0,-1.0,-1.0,-1.0,-1.0,-1.0,0.0
-1.0,-1.0,-1.0,-1.0,-1.0,-1.0,-1.0,-1.0,-1.0,-1.0,-1.0,-1.0,-1.0,-1.0,-1.0,-1.0,-1.0,-1.0,-1.0,-1.0,-1.0,-1.0,-1.0,-1.0,-1.0,-1.0,-1.0,-1.0,-1.0,-1.0,-1.0,-1.0,-1.0,-1.0,-1.0,-1.0,-1.0,-1.0,-1.0,-1.0,-1.0,-1.0,-1.0,-1.0,-1.0,-1.0,-1.0,-1.0,-1.0,-1.0,-1.0,-1.0,-1.0,-1.0,-1.0,-1.0,-1.0,-1.0,-1.0,-1.0,-1.0,-1.0,-1.0,-1.0,-1.0,-1.0,-1.0,-1.0,-1.0,-1.0,-1.0,-1.0,-1.0,-1.0,-1.0,-1.0,-1.0,-1.0,-1.0,-1.0,-1.0,-1.0,-1.0,-1.0,-1.0,-1.0,-1.0,-1.0,-1.0,-1.0,-1.0,-1.0,-1.0,-1.0,-1.0,-1.0,-1.0,-1.0,-1.0,-1.0,-1.0,-1.0,-1.0,-1.0,-1.0,-1.0,-1.0,-1.0,-1.0,-1.0,-1.0,-1.0,-1.0,-1.0,-1.0,-1.0,-1.0,-1.0,-1.0,-1.0,-1.0,-1.0,-1.0,-1.0,-1.0,-1.0,-1.0,-1.0,-1.0,-1.0,-1.0,-1.0,-1.0,-1.0,-1.0,-1.0,-1.0,-1.0,-1.0,-1.0,-1.0,-1.0,-1.0,-1.0,-1.0,-1.0,-1.0,-1.0,-1.0,-1.0,-1.0,-1.0,-1.0,-1.0,-1.0,-1.0,-1.0,-1.0,-1.0,-1.0,-1.0,-1.0,-1.0,-1.0,-1.0,-1.0,-1.0,-1.0,-1.0,-1.0,-1.0,-1.0,-1.0,-1.0,-1.0,-1.0,-1.0,-1.0,-1.0,-1.0,-1.0,-1.0,-1.0,-1.0,-1.0,-1.0,-1.0,-1.0,-1.0,-1.0,-1.0,-1.0,-1.0,-1.0,-1.0,-1.0,-1.0,-1.0,-1.0,-1.0,-1.0,-1.0,-1.0,-1.0,-1.0,-1.0,-1.0,-1.0,-1.0,-1.0,-1.0,-1.0,-1.0,-1.0,-1.0,-1.0,-1.0,-1.0,-1.0,-1.0,-1.0,-1.0,-1.0,-1.0,-1.0,-1.0,-1.0,-1.0,-1.0,-1.0,-1.0,-1.0,-1.0,-1.0,-1.0,-1.0,-1.0,-1.0,-1.0,-1.0,-1.0,-1.0,-1.0,-1.0,-1.0,-1.0,-1.0,-1.0,-1.0,-1.0,-1.0,-1.0,-1.0,-1.0,-1.0,-1.0,-1.0,-1.0,-1.0,-1.0,-1.0,-1.0,-1.0,-1.0,-1.0,-1.0,-1.0,-1.0,-1.0,-1.0,-1.0,-1.0,-1.0,-1.0,-1.0,-1.0,-1.0,-1.0,-1.0,-1.0,-1.0,-1.0,-1.0,-1.0,-1.0,-1.0,-1.0,-1.0,-1.0,-1.0,-1.0,-1.0,-1.0,-1.0,-1.0,-1.0,-1.0,-1.0,-1.0,-1.0,-1.0,-1.0,-1.0,-1.0,-1.0,-1.0,-1.0,-1.0,-1.0,-1.0,-1.0,-1.0,-1.0,-1.0,-1.0,-1.0,-1.0,-1.0,-1.0,-1.0,-1.0,-1.0,-1.0,-1.0,-1.0,-1.0,-1.0,-1.0,-1.0,-1.0,-1.0,-1.0,-1.0,-1.0,-1.0,-1.0,-1.0,-1.0,-1.0,-1.0,-1.0,-1.0,-1.0,-1.0,-1.0,-1.0,-1.0,-1.0,-1.0,-1.0,-1.0,-1.0,-1.0,-1.0,-1.0,-1.0,-1.0,-1.0,-1.0,-1.0,-1.0,-1.0,-1.0,-1.0,-1.0,-1.0,-1.0,-1.0,-1.0,-1.0,-1.0,-1.0,-1.0,-1.0,-1.0,-1.0,-1.0,-1.0,-1.0,-1.0,-1.0,-1.0,-1.0,-1.0,-1.0,-1.0,-1.0,-1.0,-1.0,-1.0,-1.0,-1.0,-1.0,-1.0,-1.0,-1.0,-1.0,0.0
-1.0,-1.0,-1.0,-1.0,-1.0,-1.0,-1.0,-1.0,-1.0,-1.0,-1.0,-1.0,-1.0,-1.0,-1.0,-1.0,-1.0,-1.0,-1.0,-1.0,-1.0,-1.0,-1.0,-1.0,-1.0,-1.0,-1.0,-1.0,-1.0,-1.0,-1.0,-1.0,-1.0,-1.0,-1.0,-1.0,-1.0,-1.0,-1.0,-1.0,-1.0,-1.0,-1.0,-1.0,-1.0,-1.0,-1.0,-1.0,-1.0,-1.0,-1.0,-1.0,-1.0,-1.0,-1.0,-1.0,-1.0,-1.0,-1.0,-1.0,-1.0,-1.0,-1.0,-1.0,-1.0,-1.0,-1.0,-1.0,-1.0,-1.0,-1.0,-1.0,-1.0,-1.0,-1.0,-1.0,-1.0,-1.0,-1.0,-1.0,-1.0,-1.0,-1.0,-1.0,-1.0,-1.0,-1.0,-1.0,-1.0,-1.0,-1.0,-1.0,-1.0,-1.0,-1.0,-1.0,-1.0,-1.0,-1.0,-1.0,-1.0,-1.0,-1.0,-1.0,-1.0,-1.0,-1.0,-1.0,-1.0,-1.0,-1.0,-1.0,-1.0,-1.0,-1.0,-1.0,-1.0,-1.0,-1.0,-1.0,-1.0,-1.0,-1.0,-1.0,-1.0,-1.0,-1.0,-1.0,-1.0,-1.0,-1.0,-1.0,-1.0,-1.0,-1.0,-1.0,-1.0,-1.0,-1.0,-1.0,-1.0,-1.0,-1.0,-1.0,-1.0,-1.0,-1.0,-1.0,-1.0,-1.0,-1.0,-1.0,-1.0,-1.0,-1.0,-1.0,-1.0,-1.0,-1.0,-1.0,-1.0,-1.0,-1.0,-1.0,-1.0,-1.0,-1.0,-1.0,-1.0,-1.0,-1.0,-1.0,-1.0,-1.0,-1.0,-1.0,-1.0,-1.0,-1.0,-1.0,-1.0,-1.0,-1.0,-1.0,-1.0,-1.0,-1.0,-1.0,-1.0,-1.0,-1.0,-1.0,-1.0,-1.0,-1.0,-1.0,-1.0,-1.0,-1.0,-1.0,-1.0,-1.0,-1.0,-1.0,-1.0,-1.0,-1.0,-1.0,-1.0,-1.0,-1.0,-1.0,-1.0,-1.0,-1.0,-1.0,-1.0,-1.0,-1.0,-1.0,-1.0,-1.0,-1.0,-1.0,-1.0,-1.0,-1.0,-1.0,-1.0,-1.0,-1.0,-1.0,-1.0,-1.0,-1.0,-1.0,-1.0,-1.0,-1.0,-1.0,-1.0,-1.0,-1.0,-1.0,-1.0,-1.0,-1.0,-1.0,-1.0,-1.0,-1.0,-1.0,-1.0,-1.0,-1.0,-1.0,-1.0,-1.0,-1.0,-1.0,-1.0,-1.0,-1.0,-1.0,-1.0,-1.0,-1.0,-1.0,-1.0,-1.0,-1.0,-1.0,-1.0,-1.0,-1.0,-1.0,-1.0,-1.0,-1.0,-1.0,-1.0,-1.0,-1.0,-1.0,-1.0,-1.0,-1.0,-1.0,-1.0,-1.0,-1.0,-1.0,-1.0,-1.0,-1.0,-1.0,-1.0,-1.0,-1.0,-1.0,-1.0,-1.0,-1.0,-1.0,-1.0,-1.0,-1.0,-1.0,-1.0,-1.0,-1.0,-1.0,-1.0,-1.0,-1.0,-1.0,-1.0,-1.0,-1.0,-1.0,-1.0,-1.0,-1.0,-1.0,-1.0,-1.0,-1.0,-1.0,-1.0,-1.0,-1.0,-1.0,-1.0,-1.0,-1.0,-1.0,-1.0,-1.0,-1.0,-1.0,-1.0,-1.0,-1.0,-1.0,-1.0,-1.0,-1.0,-1.0,1.0,-1.0,-1.0,-1.0,-1.0,-1.0,-1.0,-1.0,-1.0,-1.0,-1.0,-1.0,-1.0,-1.0,-1.0,-1.0,-1.0,-1.0,-1.0,-1.0,-1.0,-1.0,-1.0,-1.0,-1.0,-1.0,-1.0,-1.0,-1.0,1.0,-1.0,-1.0,-1.0,-1.0,-1.0,-1.0,1.0,1.0,1.0,1.0,1.0,1.0,1.0,1.0,1.0,1.0,1.0,1.0,1.0,0.0
-1.0,-1.0,-1.0,-1.0,-1.0,-1.0,-1.0,-1.0,-1.0,-1.0,-1.0,-1.0,-1.0,-1.0,-1.0,-1.0,-1.0,-1.0,-1.0,-1.0,-1.0,-1.0,-1.0,-1.0,-1.0,-1.0,-1.0,-1.0,-1.0,-1.0,-1.0,-1.0,-1.0,-1.0,-1.0,-1.0,-1.0,-1.0,-1.0,-1.0,-1.0,-1.0,-1.0,-1.0,-1.0,-1.0,-1.0,-1.0,-1.0,-1.0,-1.0,-1.0,-1.0,-1.0,-1.0,-1.0,-1.0,-1.0,-1.0,-1.0,-1.0,-1.0,-1.0,-1.0,-1.0,-1.0,-1.0,-1.0,-1.0,-1.0,-1.0,-1.0,-1.0,-1.0,-1.0,-1.0,-1.0,-1.0,-1.0,-1.0,-1.0,-1.0,-1.0,-1.0,-1.0,-1.0,-1.0,-1.0,-1.0,-1.0,-1.0,-1.0,-1.0,-1.0,-1.0,-1.0,-1.0,-1.0,-1.0,-1.0,-1.0,-1.0,-1.0,-1.0,-1.0,-1.0,-1.0,-1.0,-1.0,-1.0,-1.0,-1.0,-1.0,-1.0,-1.0,-1.0,-1.0,-1.0,-1.0,-1.0,-1.0,-1.0,-1.0,-1.0,-1.0,-1.0,-1.0,-1.0,-1.0,-1.0,-1.0,-1.0,-1.0,-1.0,-1.0,-1.0,-1.0,-1.0,-1.0,-1.0,-1.0,-1.0,-1.0,-1.0,-1.0,-1.0,-1.0,-1.0,-1.0,-1.0,-1.0,-1.0,-1.0,-1.0,-1.0,-1.0,-1.0,-1.0,-1.0,-1.0,-1.0,-1.0,-1.0,-1.0,-1.0,-1.0,-1.0,-1.0,-1.0,-1.0,-1.0,-1.0,-1.0,-1.0,-1.0,-1.0,-1.0,-1.0,-1.0,-1.0,-1.0,-1.0,-1.0,-1.0,-1.0,-1.0,-1.0,-1.0,-1.0,-1.0,-1.0,-1.0,-1.0,-1.0,-1.0,-1.0,-1.0,-1.0,-1.0,-1.0,-1.0,-1.0,-1.0,-1.0,-1.0,-1.0,-1.0,-1.0,-1.0,-1.0,-1.0,-1.0,-1.0,-1.0,-1.0,-1.0,-1.0,-1.0,-1.0,-1.0,-1.0,-1.0,-1.0,-1.0,-1.0,-1.0,-1.0,-1.0,-1.0,-1.0,-1.0,-1.0,-1.0,-1.0,-1.0,-1.0,-1.0,-1.0,-1.0,-1.0,-1.0,-1.0,-1.0,-1.0,-1.0,-1.0,-1.0,-1.0,-1.0,-1.0,-1.0,-1.0,-1.0,-1.0,-1.0,-1.0,-1.0,-1.0,-1.0,-1.0,-1.0,-1.0,-1.0,-1.0,-1.0,-1.0,-1.0,-1.0,-1.0,-1.0,-1.0,-1.0,-1.0,-1.0,-1.0,-1.0,-1.0,-1.0,-1.0,-1.0,-1.0,-1.0,-1.0,-1.0,-1.0,-1.0,-1.0,-1.0,-1.0,-1.0,-1.0,-1.0,-1.0,-1.0,-1.0,-1.0,-1.0,-1.0,-1.0,-1.0,-1.0,-1.0,-1.0,-1.0,-1.0,-1.0,-1.0,-1.0,-1.0,-1.0,-1.0,-1.0,-1.0,-1.0,-1.0,-1.0,-1.0,-1.0,-1.0,-1.0,-1.0,-1.0,-1.0,-1.0,-1.0,-1.0,-1.0,-1.0,-1.0,-1.0,-1.0,-1.0,-1.0,-1.0,-1.0,-1.0,-1.0,-1.0,-1.0,-1.0,-1.0,-1.0,-1.0,-1.0,-1.0,-1.0,-1.0,-1.0,-1.0,-1.0,-1.0,-1.0,-1.0,-1.0,-1.0,-1.0,-1.0,-1.0,-1.0,-1.0,-1.0,-1.0,-1.0,-1.0,-1.0,-1.0,-1.0,-1.0,-1.0,-1.0,-1.0,-1.0,-1.0,-1.0,-1.0,-1.0,-1.0,-1.0,-1.0,-1.0,-1.0,-1.0,-1.0,-1.0,-1.0,-1.0,-1.0,-1.0,-1.0,-1.0,-1.0,-1.0,-1.0,-1.0,-1.0,-1.0,-1.0,0.0
-1.0,-1.0,-1.0,-1.0,-1.0,-1.0,-1.0,-1.0,-1.0,-1.0,-1.0,-1.0,-1.0,-1.0,-1.0,-1.0,-1.0,-1.0,-1.0,-1.0,-1.0,-1.0,-1.0,-1.0,-1.0,-1.0,-1.0,-1.0,-1.0,-1.0,-1.0,-1.0,-1.0,-1.0,-1.0,-1.0,-1.0,-1.0,-1.0,-1.0,-1.0,-1.0,-1.0,-1.0,-1.0,-1.0,-1.0,-1.0,-1.0,-1.0,-1.0,-1.0,-1.0,-1.0,-1.0,-1.0,-1.0,-1.0,-1.0,-1.0,-1.0,-1.0,-1.0,-1.0,-1.0,-1.0,-1.0,-1.0,-1.0,-1.0,-1.0,-1.0,-1.0,-1.0,-1.0,-1.0,-1.0,-1.0,-1.0,-1.0,-1.0,-1.0,-1.0,-1.0,-1.0,-1.0,-1.0,-1.0,-1.0,-1.0,-1.0,-1.0,-1.0,-1.0,-1.0,-1.0,-1.0,-1.0,-1.0,-1.0,-1.0,-1.0,-1.0,-1.0,-1.0,-1.0,-1.0,-1.0,-1.0,-1.0,-1.0,-1.0,-1.0,-1.0,-1.0,-1.0,-1.0,-1.0,-1.0,-1.0,-1.0,-1.0,-1.0,-1.0,-1.0,-1.0,-1.0,-1.0,-1.0,-1.0,-1.0,-1.0,-1.0,-1.0,-1.0,-1.0,-1.0,-1.0,-1.0,-1.0,-1.0,-1.0,-1.0,-1.0,-1.0,-1.0,-1.0,-1.0,-1.0,-1.0,-1.0,-1.0,-1.0,-1.0,-1.0,-1.0,-1.0,-1.0,-1.0,-1.0,-1.0,-1.0,-1.0,-1.0,-1.0,-1.0,-1.0,-1.0,-1.0,-1.0,-1.0,-1.0,-1.0,-1.0,-1.0,-1.0,-1.0,-1.0,-1.0,-1.0,-1.0,-1.0,-1.0,-1.0,-1.0,-1.0,-1.0,-1.0,-1.0,-1.0,-1.0,-1.0,-1.0,-1.0,-1.0,-1.0,-1.0,-1.0,-1.0,-1.0,-1.0,-1.0,-1.0,-1.0,-1.0,-1.0,-1.0,-1.0,-1.0,-1.0,-1.0,-1.0,-1.0,-1.0,-1.0,-1.0,-1.0,-1.0,-1.0,-1.0,-1.0,-1.0,-1.0,-1.0,-1.0,-1.0,-1.0,-1.0,-1.0,-1.0,-1.0,-1.0,-1.0,-1.0,-1.0,-1.0,-1.0,-1.0,-1.0,-1.0,-1.0,-1.0,-1.0,-1.0,-1.0,-1.0,-1.0,-1.0,-1.0,-1.0,-1.0,-1.0,-1.0,-1.0,-1.0,-1.0,-1.0,-1.0,-1.0,-1.0,-1.0,-1.0,-1.0,-1.0,-1.0,-1.0,-1.0,-1.0,-1.0,-1.0,-1.0,-1.0,-1.0,-1.0,-1.0,-1.0,-1.0,-1.0,-1.0,-1.0,-1.0,-1.0,-1.0,-1.0,-1.0,-1.0,-1.0,-1.0,-1.0,-1.0,-1.0,-1.0,-1.0,-1.0,-1.0,-1.0,-1.0,-1.0,-1.0,-1.0,-1.0,-1.0,-1.0,-1.0,-1.0,-1.0,-1.0,-1.0,-1.0,-1.0,-1.0,-1.0,-1.0,-1.0,-1.0,-1.0,-1.0,-1.0,-1.0,-1.0,-1.0,-1.0,-1.0,-1.0,-1.0,-1.0,-1.0,-1.0,-1.0,-1.0,-1.0,-1.0,-1.0,-1.0,-1.0,-1.0,-1.0,-1.0,-1.0,-1.0,-1.0,-1.0,-1.0,-1.0,-1.0,-1.0,-1.0,-1.0,-1.0,-1.0,-1.0,-1.0,-1.0,-1.0,-1.0,-1.0,-1.0,-1.0,-1.0,-1.0,-1.0,-1.0,-1.0,-1.0,-1.0,-1.0,-1.0,-1.0,-1.0,-1.0,-1.0,-1.0,-1.0,-1.0,-1.0,-1.0,-1.0,-1.0,-1.0,-1.0,-1.0,-1.0,-1.0,-1.0,-1.0,-1.0,-1.0,-1.0,-1.0,-1.0,-1.0,-1.0,-1.0,-1.0,-1.0,-1.0,-1.0,0.0
-1.0,-1.0,-1.0,-1.0,-1.0,-1.0,-1.0,-1.0,-1.0,-1.0,-1.0,-1.0,-1.0,-1.0,-1.0,-1.0,-1.0,-1.0,-1.0,-1.0,-1.0,-1.0,-1.0,-1.0,-1.0,-1.0,-1.0,-1.0,-1.0,-1.0,-1.0,-1.0,-1.0,-1.0,-1.0,-1.0,-1.0,-1.0,-1.0,-1.0,-1.0,-1.0,-1.0,-1.0,-1.0,-1.0,-1.0,-1.0,-1.0,-1.0,-1.0,-1.0,-1.0,-1.0,-1.0,-1.0,-1.0,-1.0,-1.0,-1.0,-1.0,-1.0,-1.0,-1.0,-1.0,-1.0,-1.0,-1.0,-1.0,-1.0,-1.0,-1.0,-1.0,-1.0,-1.0,-1.0,-1.0,-1.0,-1.0,-1.0,-1.0,-1.0,-1.0,-1.0,-1.0,-1.0,-1.0,-1.0,-1.0,-1.0,-1.0,-1.0,-1.0,-1.0,-1.0,-1.0,-1.0,-1.0,-1.0,-1.0,-1.0,-1.0,-1.0,-1.0,-1.0,-1.0,-1.0,-1.0,-1.0,-1.0,-1.0,-1.0,-1.0,-1.0,-1.0,-1.0,-1.0,-1.0,-1.0,-1.0,-1.0,-1.0,-1.0,-1.0,-1.0,-1.0,-1.0,-1.0,-1.0,-1.0,-1.0,-1.0,-1.0,-1.0,-1.0,-1.0,-1.0,-1.0,-1.0,-1.0,-1.0,-1.0,-1.0,-1.0,-1.0,-1.0,-1.0,-1.0,-1.0,-1.0,-1.0,-1.0,-1.0,-1.0,-1.0,-1.0,-1.0,-1.0,-1.0,-1.0,-1.0,-1.0,-1.0,-1.0,-1.0,-1.0,-1.0,-1.0,-1.0,-1.0,-1.0,-1.0,-1.0,-1.0,-1.0,-1.0,-1.0,-1.0,-1.0,-1.0,-1.0,-1.0,-1.0,-1.0,-1.0,-1.0,-1.0,-1.0,-1.0,-1.0,-1.0,-1.0,-1.0,-1.0,-1.0,-1.0,-1.0,-1.0,-1.0,-1.0,-1.0,-1.0,-1.0,-1.0,-1.0,-1.0,-1.0,-1.0,-1.0,-1.0,-1.0,-1.0,-1.0,-1.0,-1.0,-1.0,-1.0,-1.0,-1.0,-1.0,-1.0,-1.0,-1.0,-1.0,-1.0,-1.0,-1.0,-1.0,-1.0,-1.0,-1.0,-1.0,-1.0,-1.0,-1.0,-1.0,-1.0,-1.0,-1.0,-1.0,-1.0,-1.0,-1.0,-1.0,-1.0,-1.0,-1.0,-1.0,-1.0,-1.0,-1.0,-1.0,-1.0,-1.0,-1.0,-1.0,-1.0,-1.0,-1.0,-1.0,-1.0,-1.0,-1.0,-1.0,-1.0,-1.0,-1.0,-1.0,-1.0,-1.0,-1.0,-1.0,-1.0,-1.0,-1.0,-1.0,-1.0,-1.0,-1.0,-1.0,-1.0,-1.0,-1.0,-1.0,-1.0,-1.0,-1.0,-1.0,-1.0,-1.0,-1.0,-1.0,-1.0,-1.0,-1.0,-1.0,-1.0,-1.0,-1.0,-1.0,-1.0,-1.0,-1.0,-1.0,-1.0,-1.0,-1.0,-1.0,-1.0,-1.0,-1.0,-1.0,-1.0,-1.0,-1.0,-1.0,-1.0,-1.0,-1.0,-1.0,-1.0,-1.0,-1.0,-1.0,-1.0,-1.0,-1.0,-1.0,-1.0,-1.0,-1.0,-1.0,-1.0,-1.0,-1.0,-1.0,-1.0,-1.0,-1.0,-1.0,-1.0,-1.0,-1.0,-1.0,-1.0,-1.0,-1.0,-1.0,-1.0,-1.0,-1.0,-1.0,-1.0,-1.0,-1.0,-1.0,-1.0,-1.0,-1.0,-1.0,-1.0,-1.0,-1.0,-1.0,-1.0,-1.0,-1.0,-1.0,-1.0,-1.0,-1.0,-1.0,-1.0,-1.0,-1.0,-1.0,-1.0,-1.0,-1.0,-1.0,-1.0,-1.0,-1.0,-1.0,-1.0,-1.0,-1.0,-1.0,-1.0,-1.0,-1.0,-1.0,-1.0,-1.0,-1.0,-1.0,-1.0,0.0
1.0,-1.0,-1.0,-1.0,1.0,1.0,-1.0,-1.0,-1.0,-1.0,-1.0,-1.0,-1.0,-1.0,-1.0,-1.0,-1.0,-1.0,-1.0,-1.0,-1.0,-1.0,-1.0,-1.0,-1.0,-1.0,-1.0,-1.0,-1.0,-1.0,-1.0,-1.0,-1.0,-1.0,-1.0,-1.0,-1.0,-1.0,-1.0,-1.0,-1.0,-1.0,-1.0,-1.0,-1.0,-1.0,-1.0,-1.0,-1.0,-1.0,-1.0,-1.0,-1.0,-1.0,-1.0,-1.0,-1.0,-1.0,-1.0,-1.0,-1.0,-1.0,-1.0,-1.0,-1.0,-1.0,-1.0,-1.0,-1.0,-1.0,-1.0,-1.0,-1.0,-1.0,-1.0,-1.0,-1.0,-1.0,-1.0,-1.0,-1.0,-1.0,-1.0,-1.0,-1.0,-1.0,-1.0,-1.0,-1.0,-1.0,-1.0,-1.0,-1.0,-1.0,-1.0,-1.0,-1.0,-1.0,-1.0,-1.0,-1.0,-1.0,-1.0,-1.0,-1.0,-1.0,-1.0,-1.0,-1.0,-1.0,-1.0,-1.0,-1.0,-1.0,-1.0,-1.0,-1.0,-1.0,-1.0,-1.0,-1.0,-1.0,1.0,-1.0,-1.0,-1.0,-1.0,-1.0,-1.0,-1.0,-1.0,-1.0,-1.0,-1.0,-1.0,-1.0,-1.0,-1.0,-1.0,-1.0,-1.0,1.0,-1.0,-1.0,-1.0,-1.0,1.0,1.0,1.0,1.0,-1.0,-1.0,-1.0,-1.0,-1.0,-1.0,1.0,1.0,1.0,1.0,1.0,1.0,1.0,-1.0,-1.0,-1.0,-1.0,-1.0,-1.0,-1.0,-1.0,-1.0,-1.0,-1.0,-1.0,-1.0,-1.0,-1.0,-1.0,-1.0,-1.0,-1.0,-1.0,-1.0,-1.0,-1.0,-1.0,-1.0,-1.0,-1.0,-1.0,-1.0,-1.0,-1.0,-1.0,-1.0,-1.0,-1.0,-1.0,1.0,1.0,1.0,1.0,1.0,1.0,1.0,1.0,1.0,1.0,1.0,1.0,-1.0,-1.0,1.0,1.0,1.0,1.0,-1.0,-1.0,-1.0,-1.0,-1.0,-1.0,-1.0,-1.0,-1.0,-1.0,-1.0,-1.0,1.0,1.0,1.0,1.0,1.0,1.0,1.0,1.0,1.0,-1.0,-1.0,-1.0,1.0,1.0,-1.0,-1.0,-1.0,-1.0,-1.0,-1.0,-1.0,-1.0,-1.0,-1.0,-1.0,-1.0,-1.0,1.0,-1.0,-1.0,-1.0,-1.0,-1.0,-1.0,-1.0,-1.0,-1.0,-1.0,-1.0,1.0,1.0,1.0,1.0,-1.0,-1.0,-1.0,-1.0,-1.0,-1.0,-1.0,-1.0,-1.0,-1.0,-1.0,-1.0,-1.0,-1.0,-1.0,-1.0,-1.0,-1.0,-1.0,-1.0,-1.0,-1.0,-1.0,-1.0,-1.0,-1.0,-1.0,-1.0,-1.0,-1.0,-1.0,-1.0,-1.0,-1.0,-1.0,-1.0,-1.0,-1.0,-1.0,-1.0,-1.0,-1.0,-1.0,-1.0,-1.0,-1.0,-1.0,-1.0,-1.0,-1.0,-1.0,-1.0,-1.0,-1.0,-1.0,-1.0,-1.0,-1.0,-1.0,-1.0,-1.0,-1.0,-1.0,-1.0,-1.0,-1.0,-1.0,-1.0,-1.0,-1.0,-1.0,-1.0,-1.0,-1.0,-1.0,-1.0,1.0,-1.0,-1.0,-1.0,-1.0,-1.0,-1.0,-1.0,-1.0,-1.0,-1.0,-1.0,-1.0,-1.0,-1.0,-1.0,-1.0,-1.0,-1.0,-1.0,-1.0,-1.0,-1.0,-1.0,-1.0,-1.0,-1.0,-1.0,-1.0,1.0,-1.0,-1.0,-1.0,-1.0,-1.0,-1.0,1.0,1.0,1.0,1.0,1.0,1.0,1.0,1.0,1.0,1.0,1.0,1.0,1.0,0.0
1.1482104664631643,1.337810426714739,1.337810426714739,1.337810426714739,1.1447756845745487,1.1447756845745487,1.194796140304505,1.1953569806433686,1.1953569806433686,1.1953569806433686,1.1953569806433686,1.1953569806433686,1.1953569806433686,1.1953569806433686,1.1953569806433686,1.194796140304505,1.1648312421995037,1.1648312421995037,1.1648312421995037,1.1648312421995037,1.1648312421995037,1.1648312421995037,1.1648312421995037,1.1648312421995037,1.1648312421995037,1.1648312421995037,1.1648312421995037,1.1648312421995037,1.1648312421995037,1.1648312421995037,1.1648312421995037,1.1648312421995037,1.1648312421995037,1.1648312421995037,1.1648312421995037,1.194796140304505,1.337810426714739,1.337810426714739,1.337810426714739,1.337810426714739,1.337810426714739,1.337810426714739,1.337810426714739,1.337810426714739,1.337810426714739,1.337810426714739,1.337810426714739,1.337810426714739,1.337810426714739,1.337810426714739,1.337810426714739,1.337810426714739,1.194796140304505,1.337810426714739,1.337810426714739,1.337810426714739,1.337810426714739,1.337810426714739,1.337810426714739,1.337810426714739,1.337810426714739,1.194796140304505,1.0149159489529662,1.0149159489529662,1.0149159489529662,1.0149159489529662,1.0149159489529662,1.0149159489529662,1.0149159489529662,1.194796140304505,1.1648312421995037,1.1648312421995037,1.1648312421995037,1.1648312421995037,1.1648312421995037,1.1648312421995037,1.1648312421995037,1.1648312421995037,1.194796140304505,1.203271060980667,1.203271060980667,1.203271060980667,1.203271060980667,1.203271060980667,1.203271060980667,1.203271060980667,1.203271060980667,1.203271060980667,1.194796140304505,1.337810426714739,1.337810426714739,1.337810426714739,1.194796140304505,1.0583825132670508,1.0583825132670508,1.0583825132670508,1.0583825132670508,1.0583825132670508,1.0583825132670508,1.0583825132670508,1.0583825132670508,1.0583825132670508,1.0583825132670508,1.0583825132670508,1.0583825132670508,1.0583825132670508,1.0583825132670508,1.0583825132670508,1.194796140304505,1.1176551009680757,1.1176551009680757,1.1176551009680757,1.1176551009680757,1.1176551009680757,1.1176551009680757,1.1176551009680757,1.1176551009680757,1.1176551009680757,1.1176551009680757,1.1176551009680757,1.1176551009680757,1.1176551009680757,1.1447756845745487,1.194796140304505,1.337810426714739,1.337810426714739,1.337810426714739,1.337810426714739,1.337810426714739,1.337810426714739,1.337810426714739,1.337810426714739,1.337810426714739,1.337810426714739,1.337810426714739,1.337810426714739,1.337810426714739,1.194796140304505,1.194796140304505,1.194796140304505,1.194796140304505,1.1447756845745487,1.194796140304505,1.337810426714739,1.337810426714739,1.337810426714739,1.1447756845745487,1.1447756845745487,1.1447756845745487,1.1447756845745487,1.194796140304505,1.337810426714739,1.337810426714739,1.337810426714739,1.337810426714739,1.337810426714739,1.1447756845745487,1.1447756845745487,1.1447756845745487,1.1447756845745487,1.1447756845745487,1.1447756845745487,1.1447756845745487,0.5862456939933711,0.5862456939933711,0.5862456939933711,0.5862456939933711,0.5862456939933711,0.5862456939933711,0.5862456939933711,0.5862456939933711,0.5862456939933711,0.645893688653797,0.645893688653797,-0.24038168369392648,-0.814819425030414,-0.814819425030414,-0.6399182495761204,-0.6399182495761204,-0.007583230625981649,-0.007583230625981649,-0.6399182495761204,-0.6399182495761204,-0.6404867257693628,-0.6404867257693628,-0.6404867257693628,-0.814819425030414,-0.814819425030414,-0.6399182495761204,-0.6399182495761204,-0.007583230625981649,-0.007583230625981649,-0.6399182495761204,-0.6399182495761204,0.2999353196233259,0.2999353196233259,0.2999353196233259,0.2999353196233259,0.2999353196233259,-0.10798574236782642,-0.10798574236782642,-0.10798574236782642,-0.10798574236782642,-0.10798574236782642,-0.10798574236782642,0.05127774188267494,0.009776687533253486,0.009776687533253486,0.009776687533253486,0.05127774188267494,-0.5270996971051394,0.5305742323103066,0.5305742323103066,-0.5270996971051394,-0.5270996971051394,-0.5270996971051394,-0.5270996971051394,-0.5679689365965949,-0.5679689365965949,-0.5679689365965949,-0.5679689365965949,-0.5679689365965949,-0.5679689365965949,-0.5679689365965949,-0.5679689365965949,-0.5679689365965949,-0.08672403399896521,-0.08672403399896521,-0.5679689365965949,-0.5270996971051394,-0.5270996971051394,-0.5270996971051394,-0.5270996971051394,-0.5270996971051394,-0.5270996971051394,-0.5270996971051394,-0.5270996971051394,-0.5270996971051394,-0.5679689365965949,-0.5679689365965949,-0.5679689365965949,-0.5270996971051394,-0.5270996971051394,-0.4112013278281978,-0.4112013278281978,-0.4112013278281978,-0.4112013278281978,-0.4112013278281978,-0.4112013278281978,-0.5679689365965949,-0.5679689365965949,-0.5679689365965949,-0.5679689365965949,-0.5679689365965949,-0.5679689365965949,-0.5679689365965949,-0.47632562747126744,-0.47847101069523384,-0.47847101069523384,-0.47847101069523384,-0.47847101069523384,0.4729145041385616,0.4729145041385616,0.677344449474749,0.677344449474749,0.677344449474749,0.677344449474749,0.4729145041385616,-0.47632562747126744,-0.47632562747126744,-0.38166829632559657,-0.38166829632559657,-0.3891456941013008,-0.3891456941013008,-0.4578314489064841,-0.4578314489064841,-0.423432179258568,-0.423432179258568,-0.423432179258568,-0.4578314489064841,-0.4578314489064841,-0.34685641378146764,-0.34685641378146764,-0.34685641378146764,-0.4578314489064841,0.12695613510809048,0.12695613510809048,0.12695613510809048,0.12695613510809048,0.12695613510809048,0.12695613510809048,-0.4578314489064841,-0.4578314489064841,-0.47847101069523384,-0.47847101069523384,-0.47847101069523384,-0.4578314489064841,-0.4578314489064841,-0.4578314489064841,-0.4578314489064841,-0.3775664863946797,-0.3775664863946797,-0.3775664863946797,-0.4578314489064841,-0.4578314489064841,-0.27666196209412575,-0.27666196209412575,-0.27666196209412575,-0.4578314489064841,-0.4578314489064841,-0.23630015237390417,-0.23630015237390417,-0.23630015237390417,-0.4578314489064841,-0.4578314489064841,-0.4629472377259179,-0.4629472377259179,-0.4629472377259179,-0.4578314489064841,-0.4578314489064841,-0.4578314489064841,-0.4578314489064841,-0.4578314489064841,-0.4578314489064841,-0.6641353354082533,-0.6641353354082533,-0.6641353354082533,-0.6641353354082533,-0.6641353354082533,-0.6641353354082533,-0.6641353354082533,-0.4578314489064841,-0.4578314489064841,-0.4578314489064841,-0.4578314489064841,-0.4578314489064841,-0.4578314489064841,-0.4578314489064841,-0.3891456941013008,-0.3891456941013008,-0.3891456941013008,-0.3891456941013008,1.337810426714739,1.337810426714739,1.337810426714739,1.337810426714739,1.337810426714739,1.337810426714739,-0.01299184834393417,-0.2905798275148918,-0.2905798275148918,-0.2905798275148918,-0.2905798275148918,-0.2905798275148918,-0.2905798275148918,-0.2905798275148918,-0.2905798275148918,-0.2905798275148918,-0.2905798275148918,-0.134850198212266,-0.134850198212266,-0.16658429922079404,-0.16658429922079404,-0.16658429922079404,-0.16658429922079404,-0.16658429922079404,-0.16658429922079404,-0.16658429922079404,-0.16658429922079404,-0.16658429922079404,-0.16658429922079404,-0.16658429922079404,-0.16658429922079404,-0.16658429922079404,-0.16658429922079404,-0.16658429922079404,-0.16658429922079404,-0.01299184834393417,-0.47847101069523384,-0.47847101069523384,-0.17575743779357167,-0.17575743779357167,0.4296697080097526,0.4296697080097526,-0.01299184834393417,-0.01299184834393417,-0.01299184834393417,-0.01299184834393417,-0.01299184834393417,-0.01299184834393417,-0.01299184834393417,-0.01299184834393417,-0.01299184834393417,-0.01299184834393417,-0.01299184834393417,-0.01299184834393417,-0.01299184834393417,0.0
1.1045373594973862,1.4516825767754173,1.4516825767754173,1.4516825767754173,1.0985093513260185,1.0985093513260185,1.1872115322378223,1.1882172413131853,1.1882172413131853,1.1882172413131853,1.1882172413131853,1.1882172413131853,1.1882172413131853,1.1882172413131853,1.1882172413131853,1.1872115322378223,1.1338378005521959,1.1338378005521959,1.1338378005521959,1.1338378005521959,1.1338378005521959,1.1338378005521959,1.1338378005521959,1.1338378005521959,1.1338378005521959,1.1338378005521959,1.1338378005521959,1.1338378005521959,1.1338378005521959,1.1338378005521959,1.1338378005521959,1.1338378005521959,1.1338378005521959,1.1338378005521959,1.1338378005521959,1.1872115322378223,1.4516825767754173,1.4516825767754173,1.4516825767754173,1.4516825767754173,1.4516825767754173,1.4516825767754173,1.4516825767754173,1.4516825767754173,1.4516825767754173,1.4516825767754173,1.4516825767754173,1.4516825767754173,1.4516825767754173,1.4516825767754173,1.4516825767754173,1.4516825767754173,1.1872115322378223,1.4516825767754173,1.4516825767754173,1.4516825767754173,1.4516825767754173,1.4516825767754173,1.4516825767754173,1.4516825767754173,1.4516825767754173,1.1872115322378223,0.8774168543349103,0.8774168543349103,0.8774168543349103,0.8774168543349103,0.8774168543349103,0.8774168543349103,0.8774168543349103,1.1872115322378223,1.1338378005521959,1.1338378005521959,1.1338378005521959,1.1338378005521959,1.1338378005521959,1.1338378005521959,1.1338378005521959,1.1338378005521959,1.1872115322378223,1.2024353014106137,1.2024353014106137,1.2024353014106137,1.2024353014106137,1.2024353014106137,1.2024353014106137,1.2024353014106137,1.2024353014106137,1.2024353014106137,1.1872115322378223,1.4516825767754173,1.4516825767754173,1.4516825767754173,1.1872115322378223,0.9499433869582212,0.9499433869582212,0.9499433869582212,0.9499433869582212,0.9499433869582212,0.9499433869582212,0.9499433869582212,0.9499433869582212,0.9499433869582212,0.9499433869582212,0.9499433869582212,0.9499433869582212,0.9499433869582212,0.9499433869582212,0.9499433869582212,1.1872115322378223,1.0512390203215511,1.0512390203215511,1.0512390203215511,1.0512390203215511,1.0512390203215511,1.0512390203215511,1.0512390203215511,1.0512390203215511,1.0512390203215511,1.0512390203215511,1.0512390203215511,1.0512390203215511,1.0512390203215511,1.0985093513260185,1.1872115322378223,1.4516825767754173,1.4516825767754173,1.4516825767754173,1.4516825767754173,1.4516825767754173,1.4516825767754173,1.4516825767754173,1.4516825767754173,1.4516825767754173,1.4516825767754173,1.4516825767754173,1.4516825767754173,1.4516825767754173,1.1872115322378223,1.1872115322378223,1.1872115322378223,1.1872115322378223,1.0985093513260185,1.1872115322378223,1.4516825767754173,1.4516825767754173,1.4516825767754173,1.0985093513260185,1.0985093513260185,1.0985093513260185,1.0985093513260185,1.1872115322378223,1.4516825767754173,1.4516825767754173,1.4516825767754173,1.4516825767754173,1.4516825767754173,1.0985093513260185,1.0985093513260185,1.0985093513260185,1.0985093513260185,1.0985093513260185,1.0985093513260185,1.0985093513260185,0.24178117731135837,0.24178117731135837,0.24178117731135837,0.24178117731135837,0.24178117731135837,0.24178117731135837,0.24178117731135837,0.24178117731135837,0.24178117731135837,0.32156781687062913,0.32156781687062913,-0.5757042100251182,-0.8271496551313574,-0.8271496551313574,-0.7780835486381147,-0.7780835486381147,-0.3998686116488372,-0.3998686116488372,-0.7780835486381147,-0.7780835486381147,-0.7782820169109403,-0.7782820169109403,-0.7782820169109403,-0.8271496551313574,-0.8271496551313574,-0.7780835486381147,-0.7780835486381147,-0.3998686116488372,-0.3998686116488372,-0.7780835486381147,-0.7780835486381147,-0.1022252180936666,-0.1022252180936666,-0.1022252180936666,-0.1022252180936666,-0.1022252180936666,-0.4809336644518251,-0.4809336644518251,-0.4809336644518251,-0.4809336644518251,-0.4809336644518251,-0.4809336644518251,-0.3486560855387252,-0.3850479025443446,-0.3850479025443446,-0.3850479025443446,-0.3486560855387252,-0.7336631905534166,0.16983944632785655,0.16983944632785655,-0.7336631905534166,-0.7336631905534166,-0.7336631905534166,-0.7336631905534166,-0.7509116243597145,-0.7509116243597145,-0.7509116243597145,-0.7509116243597145,-0.7509116243597145,-0.7509116243597145,-0.7509116243597145,-0.7509116243597145,-0.7509116243597145,-0.46442895385899885,-0.46442895385899885,-0.7509116243597145,-0.7336631905534166,-0.7336631905534166,-0.7336631905534166,-0.7336631905534166,-0.7336631905534166,-0.7336631905534166,-0.7336631905534166,-0.7336631905534166,-0.7336631905534166,-0.7509116243597145,-0.7509116243597145,-0.7509116243597145,-0.7336631905534166,-0.7336631905534166,-0.6776012899124753,-0.6776012899124753,-0.6776012899124753,-0.6776012899124753,-0.6776012899124753,-0.6776012899124753,-0.7509116243597145,-0.7509116243597145,-0.7509116243597145,-0.7509116243597145,-0.7509116243597145,-0.7509116243597145,-0.7509116243597145,-0.7104038727027483,-0.7114277058548415,-0.7114277058548415,-0.7114277058548415,-0.7114277058548415,0.09789927063947323,0.09789927063947323,0.36476435211492375,0.36476435211492375,0.36476435211492375,0.36476435211492375,0.09789927063947323,-0.7104038727027483,-0.7104038727027483,-0.6616259100297409,-0.6616259100297409,-0.6657355617498325,-0.6657355617498325,-0.7014277900337977,-0.7014277900337977,-0.6840163909785353,-0.6840163909785353,-0.6840163909785353,-0.7014277900337977,-0.7014277900337977,-0.6419137648251356,-0.6419137648251356,-0.6419137648251356,-0.7014277900337977,-0.2788056493287897,-0.2788056493287897,-0.2788056493287897,-0.2788056493287897,-0.2788056493287897,-0.2788056493287897,-0.7014277900337977,-0.7014277900337977,-0.7114277058548415,-0.7114277058548415,-0.7114277058548415,-0.7014277900337977,-0.7014277900337977,-0.7014277900337977,-0.7014277900337977,-0.6593528286804093,-0.6593528286804093,-0.6593528286804093,-0.7014277900337977,-0.7014277900337977,-0.59926643194068,-0.59926643194068,-0.59926643194068,-0.7014277900337977,-0.7014277900337977,-0.5729886477665049,-0.5729886477665049,-0.5729886477665049,-0.7014277900337977,-0.7014277900337977,-0.7039376461429069,-0.7039376461429069,-0.7039376461429069,-0.7014277900337977,-0.7014277900337977,-0.7014277900337977,-0.7014277900337977,-0.7014277900337977,-0.7014277900337977,-0.786312981535588,-0.786312981535588,-0.786312981535588,-0.786312981535588,-0.786312981535588,-0.786312981535588,-0.786312981535588,-0.7014277900337977,-0.7014277900337977,-0.7014277900337977,-0.7014277900337977,-0.7014277900337977,-0.7014277900337977,-0.7014277900337977,-0.6657355617498325,-0.6657355617498325,-0.6657355617498325,-0.6657355617498325,1.4516825767754173,1.4516825767754173,1.4516825767754173,1.4516825767754173,1.4516825767754173,1.4516825767754173,-0.4044376699860861,-0.6080305199312548,-0.6080305199312548,-0.6080305199312548,-0.6080305199312548,-0.6080305199312548,-0.6080305199312548,-0.6080305199312548,-0.6080305199312548,-0.6080305199312548,-0.6080305199312548,-0.5012789347884978,-0.5012789347884978,-0.52458053053857,-0.52458053053857,-0.52458053053857,-0.52458053053857,-0.52458053053857,-0.52458053053857,-0.52458053053857,-0.52458053053857,-0.52458053053857,-0.52458053053857,-0.52458053053857,-0.52458053053857,-0.52458053053857,-0.52458053053857,-0.52458053053857,-0.52458053053857,-0.4044376699860861,-0.7114277058548415,-0.7114277058548415,-0.5311685156356533,-0.5311685156356533,0.045660893065749136,0.045660893065749136,-0.4044376699860861,-0.4044376699860861,-0.4044376699860861,-0.4044376699860861,-0.4044376699860861,-0.4044376699860861,-0.4044376699860861,-0.4044376699860861,-0.4044376699860861,-0.4044376699860861,-0.4044376699860861,-0.4044376699860861,-0.4044376699860861,0.0
1.0039769009170136,1.4965912411460476,1.4965912411460476,1.4965912411460476,0.9957822342858688,0.9957822342858688,1.1176310981114825,1.119028071720763,1.119028071720763,1.119028071720763,1.119028071720763,1.119028071720763,1.119028071720763,1.119028071720763,1.119028071720763,1.1176310981114825,1.0439881143023126,1.0439881143023126,1.0439881143023126,1.0439881143023126,1.0439881143023126,1.0439881143023126,1.0439881143023126,1.0439881143023126,1.0439881143023126,1.0439881143023126,1.0439881143023126,1.0439881143023126,1.0439881143023126,1.0439881143023126,1.0439881143023126,1.0439881143023126,1.0439881143023126,1.0439881143023126,1.0439881143023126,1.1176310981114825,1.4965912411460476,1.4965912411460476,1.4965912411460476,1.4965912411460476,1.4965912411460476,1.4965912411460476,1.4965912411460476,1.4965912411460476,1.4965912411460476,1.4965912411460476,1.4965912411460476,1.4965912411460476,1.4965912411460476,1.4965912411460476,1.4965912411460476,1.4965912411460476,1.1176310981114825,1.4965912411460476,1.4965912411460476,1.4965912411460476,1.4965912411460476,1.4965912411460476,1.4965912411460476,1.4965912411460476,1.4965912411460476,1.1176310981114825,0.7041157421902631,0.7041157421902631,0.7041157421902631,0.7041157421902631,0.7041157421902631,0.7041157421902631,0.7041157421902631,1.1176310981114825,1.0439881143023126,1.0439881143023126,1.0439881143023126,1.0439881143023126,1.0439881143023126,1.0439881143023126,1.0439881143023126,1.0439881143023126,1.1176310981114825,1.1388143164205797,1.1388143164205797,1.1388143164205797,1.1388143164205797,1.1388143164205797,1.1388143164205797,1.1388143164205797,1.1388143164205797,1.1388143164205797,1.1176310981114825,1.4965912411460476,1.4965912411460476,1.4965912411460476,1.1176310981114825,0.7978582194732057,0.7978582194732057,0.7978582194732057,0.7978582194732057,0.7978582194732057,0.7978582194732057,0.7978582194732057,0.7978582194732057,0.7978582194732057,0.7978582194732057,0.7978582194732057,0.7978582194732057,0.7978582194732057,0.7978582194732057,0.7978582194732057,1.1176310981114825,0.9319608256708879,0.9319608256708879,0.9319608256708879,0.9319608256708879,0.9319608256708879,0.9319608256708879,0.9319608256708879,0.9319608256708879,0.9319608256708879,0.9319608256708879,0.9319608256708879,0.9319608256708879,0.9319608256708879,0.9957822342858688,1.1176310981114825,1.4965912411460476,1.4965912411460476,1.4965912411460476,1.4965912411460476,1.4965912411460476,1.4965912411460476,1.4965912411460476,1.4965912411460476,1.4965912411460476,1.4965912411460476,1.4965912411460476,1.4965912411460476,1.4965912411460476,1.1176310981114825,1.1176310981114825,1.1176310981114825,1.1176310981114825,0.9957822342858688,1.1176310981114825,1.4965912411460476,1.4965912411460476,1.4965912411460476,0.9957822342858688,0.9957822342858688,0.9957822342858688,0.9957822342858688,1.1176310981114825,1.4965912411460476,1.4965912411460476,1.4965912411460476,1.4965912411460476,1.4965912411460476,0.9957822342858688,0.9957822342858688,0.9957822342858688,0.9957822342858688,0.9957822342858688,0.9957822342858688,0.9957822342858688,-0.02912156747923137,-0.02912156747923137,-0.02912156747923137,-0.02912156747923137,-0.02912156747923137,-0.02912156747923137,-0.02912156747923137,-0.02912156747923137,-0.02912156747923137,0.05355677457296914,0.05355677457296914,-0.6779246888318882,-0.7707567562436405,-0.7707567562436405,-0.7598805713186618,-0.7598805713186618,-0.5745439487772251,-0.5745439487772251,-0.7598805713186618,-0.7598805713186618,-0.7599342439221817,-0.7599342439221817,-0.7599342439221817,-0.7707567562436405,-0.7707567562436405,-0.7598805713186618,-0.7598805713186618,-0.5745439487772251,-0.5745439487772251,-0.7598805713186618,-0.7598805713186618,-0.3502280991011493,-0.3502280991011493,-0.3502280991011493,-0.3502280991011493,-0.3502280991011493,-0.6252841081372568,-0.6252841081372568,-0.6252841081372568,-0.6252841081372568,-0.6252841081372568,-0.6252841081372568,-0.5400208152098396,-0.5647426808297885,-0.5647426808297885,-0.5647426808297885,-0.5400208152098396,-0.7462754596311291,-0.10114161965190568,-0.10114161965190568,-0.7462754596311291,-0.7462754596311291,-0.7462754596311291,-0.7462754596311291,-0.7519169721301323,-0.7519169721301323,-0.7519169721301323,-0.7519169721301323,-0.7519169721301323,-0.7519169721301323,-0.7519169721301323,-0.7519169721301323,-0.7519169721301323,-0.6153594127995474,-0.6153594127995474,-0.7519169721301323,-0.7462754596311291,-0.7462754596311291,-0.7462754596311291,-0.7462754596311291,-0.7462754596311291,-0.7462754596311291,-0.7462754596311291,-0.7462754596311291,-0.7462754596311291,-0.7519169721301323,-0.7519169721301323,-0.7519169721301323,-0.7462754596311291,-0.7462754596311291,-0.7252073545103656,-0.7252073545103656,-0.7252073545103656,-0.7252073545103656,-0.7252073545103656,-0.7252073545103656,-0.7519169721301323,-0.7519169721301323,-0.7519169721301323,-0.7519169721301323,-0.7519169721301323,-0.7519169721301323,-0.7519169721301323,-0.7380167943757427,-0.7383952689010893,-0.7383952689010893,-0.7383952689010893,-0.7383952689010893,-0.17067621879933825,-0.17067621879933825,0.09951477506098536,0.09951477506098536,0.09951477506098536,0.09951477506098536,-0.17067621879933825,-0.7380167943757427,-0.7380167943757427,-0.7185124582761523,-0.7185124582761523,-0.720262089030768,-0.720262089030768,-0.7346419490011442,-0.7346419490011442,-0.7278137793361517,-0.7278137793361517,-0.7278137793361517,-0.7346419490011442,-0.7346419490011442,-0.7098646180763746,-0.7098646180763746,-0.7098646180763746,-0.7346419490011442,-0.49006343445140743,-0.49006343445140743,-0.49006343445140743,-0.49006343445140743,-0.49006343445140743,-0.49006343445140743,-0.7346419490011442,-0.7346419490011442,-0.7383952689010893,-0.7383952689010893,-0.7383952689010893,-0.7346419490011442,-0.7346419490011442,-0.7346419490011442,-0.7346419490011442,-0.7175367087323661,-0.7175367087323661,-0.7175367087323661,-0.7346419490011442,-0.7346419490011442,-0.6897800420511516,-0.6897800420511516,-0.6897800420511516,-0.7346419490011442,-0.7346419490011442,-0.6765251661467686,-0.6765251661467686,-0.6765251661467686,-0.7346419490011442,-0.7346419490011442,-0.7355957772492723,-0.7355957772492723,-0.7355957772492723,-0.7346419490011442,-0.7346419490011442,-0.7346419490011442,-0.7346419490011442,-0.7346419490011442,-0.7346419490011442,-0.7620473493515134,-0.7620473493515134,-0.7620473493515134,-0.7620473493515134,-0.7620473493515134,-0.7620473493515134,-0.7620473493515134,-0.7346419490011442,-0.7346419490011442,-0.7346419490011442,-0.7346419490011442,-0.7346419490011442,-0.7346419490011442,-0.7346419490011442,-0.720262089030768,-0.720262089030768,-0.720262089030768,-0.720262089030768,1.4965912411460476,1.4965912411460476,1.4965912411460476,1.4965912411460476,1.4965912411460476,1.4965912411460476,-0.5775338080168947,-0.6940550258785929,-0.6940550258785929,-0.6940550258785929,-0.6940550258785929,-0.6940550258785929,-0.6940550258785929,-0.6940550258785929,-0.6940550258785929,-0.6940550258785929,-0.6940550258785929,-0.6372201348016661,-0.6372201348016661,-0.6504748280836586,-0.6504748280836586,-0.6504748280836586,-0.6504748280836586,-0.6504748280836586,-0.6504748280836586,-0.6504748280836586,-0.6504748280836586,-0.6504748280836586,-0.6504748280836586,-0.6504748280836586,-0.6504748280836586,-0.6504748280836586,-0.6504748280836586,-0.6504748280836586,-0.6504748280836586,-0.5775338080168947,-0.7383952689010893,-0.7383952689010893,-0.6541398250699473,-0.6541398250699473,-0.21955911478300397,-0.21955911478300397,-0.5775338080168947,-0.5775338080168947,-0.5775338080168947,-0.5775338080168947,-0.5775338080168947,-0.5775338080168947,-0.5775338080168947,-0.5775338080168947,-0.5775338080168947,-0.5775338080168947,-0.5775338080168947,-0.5775338080168947,-0.5775338080168947,0.0
1.0,1.0,1.0,1.0,1.0,1.0,-1.0,-1.0,-1.0,-1.0,-1.0,-1.0,-1.0,-1.0,-1.0,-1.0,-1.0,-1.0,-1.0,-1.0,-1.0,-1.0,-1.0,-1.0,-1.0,-1.0,-1.0,-1.0,-1.0,-1.0,-1.0,-1.0,-1.0,-1.0,-1.0,-1.0,-1.0,-1.0,-1.0,-1.0,-1.0,-1.0,-1.0,-1.0,-1.0,-1.0,-1.0,-1.0,-1.0,-1.0,-1.0,-1.0,-1.0,-1.0,-1.0,-1.0,-1.0,-1.0,-1.0,-1.0,-1.0,-1.0,-1.0,-1.0,-1.0,-1.0,-1.0,-1.0,-1.0,-1.0,-1.0,-1.0,-1.0,-1.0,-1.0,-1.0,-1.0,-1.0,-1.0,-1.0,-1.0,-1.0,-1.0,-1.0,-1.0,-1.0,-1.0,-1.0,-1.0,-1.0,-1.0,-1.0,-1.0,-1.0,-1.0,-1.0,-1.0,-1.0,-1.0,-1.0,-1.0,-1.0,-1.0,-1.0,-1.0,-1.0,-1.0,-1.0,-1.0,-1.0,-1.0,-1.0,-1.0,-1.0,-1.0,-1.0,-1.0,-1.0,-1.0,-1.0,-1.0,-1.0,1.0,-1.0,-1.0,-1.0,-1.0,-1.0,-1.0,-1.0,-1.0,-1.0,-1.0,-1.0,-1.0,-1.0,-1.0,-1.0,-1.0,-1.0,-1.0,1.0,-1.0,-1.0,-1.0,-1.0,1.0,1.0,1.0,1.0,-1.0,-1.0,-1.0,-1.0,-1.0,-1.0,1.0,1.0,1.0,1.0,1.0,1.0,1.0,-1.0,-1.0,-1.0,-1.0,-1.0,-1.0,-1.0,-1.0,-1.0,-1.0,-1.0,1.0,-1.0,-1.0,1.0,1.0,1.0,1.0,1.0,1.0,1.0,1.0,1.0,-1.0,-1.0,1.0,1.0,1.0,1.0,1.0,1.0,-1.0,-1.0,-1.0,-1.0,-1.0,-1.0,-1.0,-1.0,-1.0,-1.0,-1.0,-1.0,-1.0,-1.0,-1.0,-1.0,-1.0,-1.0,-1.0,-1.0,-1.0,-1.0,-1.0,-1.0,-1.0,-1.0,-1.0,-1.0,-1.0,-1.0,-1.0,-1.0,-1.0,-1.0,-1.0,-1.0,-1.0,-1.0,-1.0,-1.0,-1.0,-1.0,-1.0,-1.0,-1.0,-1.0,-1.0,-1.0,-1.0,-1.0,-1.0,-1.0,-1.0,-1.0,-1.0,-1.0,-1.0,-1.0,-1.0,-1.0,-1.0,-1.0,1.0,1.0,1.0,1.0,1.0,-1.0,-1.0,-1.0,-1.0,-1.0,-1.0,-1.0,1.0,1.0,-1.0,-1.0,-1.0,-1.0,-1.0,-1.0,-1.0,-1.0,-1.0,-1.0,-1.0,-1.0,-1.0,-1.0,-1.0,-1.0,-1.0,-1.0,-1.0,-1.0,-1.0,-1.0,-1.0,-1.0,-1.0,-1.0,-1.0,-1.0,-1.0,-1.0,-1.0,-1.0,-1.0,-1.0,-1.0,-1.0,-1.0,-1.0,-1.0,-1.0,-1.0,-1.0,-1.0,-1.0,-1.0,-1.0,-1.0,-1.0,-1.0,-1.0,-1.0,-1.0,-1.0,-1.0,-1.0,-1.0,-1.0,-1.0,-1.0,-1.0,-1.0,-1.0,-1.0,-1.0,-1.0,-1.0,-1.0,-1.0,-1.0,-1.0,-1.0,-1.0,-1.0,-1.0,-1.0,-1.0,-1.0,-1.0,1.0,-1.0,-1.0,-1.0,-1.0,-1.0,-1.0,-1.0,-1.0,-1.0,-1.0,-1.0,-1.0,-1.0,-1.0,-1.0,-1.0,-1.0,-1.0,-1.0,-1.0,-1.0,-1.0,-1.0,-1.0,-1.0,-1.0,-1.0,-1.0,1.0,1.0,1.0,1.0,1.0,1.0,1.0,1.0,1.0,1.0,1.0,1.0,1.0,1.0,1.0,1.0,1.0,1.0,1.0,1.0,0.0
1.0,1.0,1.0,1.0,1.0,1.0,1.0,1.0,1.0,1.0,1.0,1.0,1.0,1.0,1.0,1.0,1.0,1.0,1.0,1.0,1.0,1.0,1.0,1.0,1.0,1.0,1.0,1.0,1.0,1.0,1.0,1.0,1.0,1.0,1.0,1.0,1.0,1.0,1.0,1.0,1.0,1.0,1.0,1.0,1.0,1.0,1.0,1.0,1.0,1.0,1.0,1.0,1.0,1.0,1.0,1.0,1.0,1.0,1.0,1.0,1.0,1.0,1.0,1.0,1.0,1.0,1.0,1.0,1.0,1.0,1.0,1.0,1.0,1.0,1.0,1.0,1.0,1.0,1.0,1.0,1.0,1.0,1.0,1.0,1.0,1.0,1.0,1.0,1.0,1.0,1.0,1.0,1.0,1.0,1.0,1.0,1.0,1.0,1.0,1.0,1.0,1.0,1.0,1.0,1.0,1.0,1.0,1.0,1.0,1.0,1.0,1.0,1.0,1.0,1.0,1.0,1.0,1.0,1.0,1.0,1.0,1.0,1.0,1.0,1.0,1.0,1.0,1.0,1.0,1.0,1.0,1.0,1.0,1.0,1.0,1.0,1.0,1.0,1.0,1.0,1.0,1.0,1.0,1.0,1.0,1.0,1.0,1.0,1.0,1.0,1.0,1.0,1.0,1.0,1.0,1.0,1.0,1.0,1.0,1.0,1.0,1.0,1.0,1.0,1.0,1.0,1.0,1.0,1.0,1.0,1.0,1.0,1.0,1.0,1.0,1.0,1.0,1.0,1.0,1.0,1.0,1.0,1.0,1.0,1.0,1.0,1.0,1.0,1.0,1.0,1.0,1.0,1.0,1.0,1.0,1.0,1.0,1.0,1.0,1.0,1.0,1.0,1.0,1.0,1.0,1.0,1.0,1.0,1.0,1.0,1.0,1.0,1.0,1.0,1.0,1.0,1.0,1.0,1.0,1.0,1.0,1.0,1.0,1.0,1.0,1.0,1.0,1.0,1.0,1.0,1.0,1.0,1.0,1.0,1.0,1.0,1.0,1.0,1.0,1.0,1.0,1.0,1.0,1.0,1.0,1.0,1.0,1.0,1.0,1.0,1.0,1.0,1.0,1.0,1.0,1.0,1.0,1.0,1.0,1.0,1.0,1.0,1.0,1.0,1.0,1.0,1.0,1.0,1.0,1.0,1.0,1.0,1.0,1.0,1.0,1.0,1.0,1.0,1.0,1.0,1.0,1.0,1.0,1.0,1.0,1.0,1.0,1.0,1.0,1.0,1.0,1.0,1.0,1.0,1.0,1.0,1.0,1.0,1.0,1.0,1.0,1.0,1.0,1.0,1.0,1.0,1.0,1.0,1.0,1.0,1.0,1.0,1.0,1.0,1.0,1.0,1.0,1.0,1.0,1.0,1.0,1.0,1.0,1.0,1.0,1.0,1.0,1.0,1.0,1.0,1.0,1.0,1.0,1.0,1.0,1.0,1.0,1.0,1.0,1.0,1.0,1.0,1.0,1.0,1.0,1.0,1.0,1.0,1.0,1.0,1.0,1.0,1.0,1.0,1.0,1.0,1.0,1.0,1.0,1.0,1.0,1.0,1.0,1.0,1.0,1.0,1.0,1.0,1.0,1.0,1.0,1.0,1.0,1.0,1.0,1.0,1.0,1.0,1.0,1.0,1.0,1.0,1.0,1.0,1.0,1.0,1.0,1.0,1.0,1.0,1.0,1.0,1.0,1.0,1.0,1.0,1.0,1.0
-0.373682092555332,-0.373682092555332,-0.373682092555332,-0.373682092555332,-0.373682092555332,-0.373682092555332,-0.373682092555332,-0.373682092555332,-0.373682092555332,-0.373682092555332,-0.373682092555332,-0.373682092555332,-0.373682092555332,-0.373682092555332,-0.373682092555332,-0.373682092555332,-0.373682092555332,-0.373682092555332,-0.373682092555332,-0.373682092555332,-0.373682092555332,-0.373682092555332,-0.373682092555332,-0.373682092555332,-0.373682092555332,-0.373682092555332,-0.373682092555332,-0.373682092555332,-0.373682092555332,-0.373682092555332,-0.373682092555332,-0.373682092555332,-0.373682092555332,-0.373682092555332,-0.373682092555332,-0.373682092555332,-0.373682092555332,-0.373682092555332,-0.373682092555332,-0.373682092555332,-0.373682092555332,-0.373682092555332,-0.373682092555332,-0.373682092555332,-0.373682092555332,-0.373682092555332,-0.373682092555332,-0.373682092555332,-0.373682092555332,-0.373682092555332,-0.373682092555332,-0.373682092555332,-0.373682092555332,-0.373682092555332,-0.373682092555332,-0.373682092555332,-0.373682092555332,-0.373682092555332,-0.373682092555332,-0.373682092555332,-0.373682092555332,-0.373682092555332,-0.373682092555332,-0.373682092555332,-0.373682092555332,-0.373682092555332,-0.373682092555332,-0.373682092555332,-0.373682092555332,-0.373682092555332,-0.373682092555332,-0.373682092555332,-0.373682092555332,-0.373682092555332,-0.373682092555332,-0.373682092555332,-0.373682092555332,-0.373682092555332,-0.373682092555332,-0.373682092555332,-0.373682092555332,-0.373682092555332,-0.373682092555332,-0.373682092555332,-0.373682092555332,-0.373682092555332,-0.373682092555332,-0.373682092555332,-0.373682092555332,-0.373682092555332,-0.373682092555332,-0.373682092555332,-0.373682092555332,-0.373682092555332,-0.373682092555332,-0.373682092555332,-0.373682092555332,-0.373682092555332,-0.373682092555332,-0.373682092555332,-0.373682092555332,-0.373682092555332,-0.373682092555332,-0.373682092555332,-0.373682092555332,-0.373682092555332,-0.373682092555332,-0.373682092555332,-0.373682092555332,-0.373682092555332,-0.373682092555332,-0.373682092555332,-0.373682092555332,-0.373682092555332,-0.373682092555332,-0.373682092555332,-0.373682092555332,-0.373682092555332,-0.373682092555332,-0.373682092555332,-0.373682092555332,-0.373682092555332,-0.373682092555332,-0.373682092555332,-0.373682092555332,-0.373682092555332,-0.373682092555332,-0.373682092555332,-0.373682092555332,-0.373682092555332,-0.373682092555332,-0.373682092555332,-0.373682092555332,-0.373682092555332,-0.373682092555332,-0.373682092555332,-0.373682092555332,-0.373682092555332,-0.373682092555332,-0.373682092555332,-0.373682092555332,-0.373682092555332,-0.373682092555332,-0.373682092555332,-0.373682092555332,-0.373682092555332,-0.373682092555332,-0.373682092555332,-0.373682092555332,-0.373682092555332,-0.373682092555332,-0.373682092555332,-0.373682092555332,-0.373682092555332,-0.373682092555332,-0.373682092555332,-0.373682092555332,-0.373682092555332,-0.373682092555332,-0.373682092555332,-0.373682092555332,-0.373682092555332,-0.373682092555332,-0.373682092555332,-0.373682092555332,-0.373682092555332,-0.373682092555332,-0.373682092555332,-0.373682092555332,-0.373682092555332,-0.373682092555332,-0.373682092555332,-0.373682092555332,-0.373682092555332,-0.373682092555332,-0.373682092555332,-0.373682092555332,-0.373682092555332,-0.373682092555332,-0.373682092555332,-0.373682092555332,-0.373682092555332,-0.373682092555332,-0.373682092555332,-0.373682092555332,-0.373682092555332,-0.373682092555332,-0.373682092555332,-0.373682092555332,-0.373682092555332,-0.373682092555332,-0.373682092555332,-0.373682092555332,-0.373682092555332,-0.373682092555332,-0.373682092555332,-0.373682092555332,-0.373682092555332,-0.373682092555332,-0.373682092555332,-0.373682092555332,-0.373682092555332,-0.373682092555332,-0.373682092555332,-0.373682092555332,-0.373682092555332,-0.373682092555332,-0.373682092555332,-0.373682092555332,-0.373682092555332,-0.373682092555332,-0.373682092555332,-0.373682092555332,-0.373682092555332,-0.373682092555332,-0.373682092555332,-0.373682092555332,-0.373682092555332,-0.373682092555332,-0.373682092555332,-0.373682092555332,-0.373682092555332,-0.373682092555332,-0.373682092555332,-0.373682092555332,-0.373682092555332,-0.373682092555332,-0.373682092555332,-0.373682092555332,-0.373682092555332,-0.373682092555332,-0.373682092555332,-0.373682092555332,-0.373682092555332,-0.373682092555332,-0.373682092555332,-0.373682092555332,-0.373682092555332,-0.373682092555332,-0.373682092555332,-0.373682092555332,-0.373682092555332,-0.373682092555332,-0.373682092555332,-0.373682092555332,-0.373682092555332,-0.373682092555332,-0.373682092555332,-0.373682092555332,-0.373682092555332,-0.373682092555332,-0.373682092555332,-0.373682092555332,-0.373682092555332,-0.373682092555332,-0.373682092555332,-0.373682092555332,-0.373682092555332,-0.373682092555332,-0.373682092555332,-0.373682092555332,-0.373682092555332,-0.373682092555332,-0.373682092555332,-0.373682092555332,-0.373682092555332,-0.373682092555332,-0.373682092555332,-0.373682092555332,-0.373682092555332,-0.373682092555332,-0.373682092555332,-0.373682092555332,-0.373682092555332,-0.373682092555332,-0.373682092555332,-0.373682092555332,-0.373682092555332,-0.373682092555332,-0.373682092555332,-0.373682092555332,-0.373682092555332,-0.373682092555332,-0.373682092555332,-0.373682092555332,-0.373682092555332,-0.373682092555332,-0.373682092555332,-0.373682092555332,-0.373682092555332,-0.373682092555332,-0.373682092555332,-0.373682092555332,-0.373682092555332,-0.373682092555332,-0.373682092555332,-0.373682092555332,-0.373682092555332,-0.373682092555332,-0.373682092555332,-0.373682092555332,-0.373682092555332,-0.373682092555332,-0.373682092555332,-0.373682092555332,-0.373682092555332,-0.373682092555332,-0.373682092555332,-0.373682092555332,-0.373682092555332,-0.373682092555332,-0.373682092555332,-0.373682092555332,-0.373682092555332,-0.373682092555332,-0.373682092555332,-0.373682092555332,-0.373682092555332,-0.373682092555332,-0.373682092555332,-0.373682092555332,-0.373682092555332,-0.373682092555332,-0.373682092555332,-0.373682092555332,-0.373682092555332,-0.373682092555332,-0.373682092555332,-0.373682092555332,-0.373682092555332,-0.373682092555332,-0.373682092555332,-0.373682092555332,-0.373682092555332,-0.373682092555332,-0.373682092555332,-0.373682092555332,-0.373682092555332,-0.373682092555332,-0.373682092555332,-0.373682092555332,-0.373682092555332,-0.373682092555332,-0.373682092555332,-0.373682092555332,-0.373682092555332,-0.373682092555332,-0.373682092555332,-0.373682092555332,-0.373682092555332,-0.373682092555332,-0.373682092555332,-0.373682092555332,-0.373682092555332,-0.373682092555332,-0.373682092555332,-0.373682092555332,-0.373682092555332,-0.373682092555332,-0.373682092555332,-0.373682092555332,-0.373682092555332,-0.373682092555332,-0.373682092555332,-0.373682092555332,-0.373682092555332,-0.373682092555332,-0.373682092555332,-0.373682092555332,-0.373682092555332,-0.373682092555332,-0.373682092555332,-0.373682092555332,-0.373682092555332,-0.373682092555332,-0.373682092555332,-0.373682092555332,-0.373682092555332,-0.373682092555332,-0.373682092555332,-0.373682092555332,-0.373682092555332,-0.373682092555332,-0.373682092555332,-0.373682092555332,-0.373682092555332,-0.373682092555332,-0.373682092555332,-0.373682092555332,-0.373682092555332,-0.373682092555332,-0.373682092555332,-0.373682092555332,-0.373682092555332,-0.373682092555332,-0.373682092555332,-0.373682092555332,-0.373682092555332
0.04722599305560278,0.04722599305560278,0.04722599305560278,0.04722599305560278,0.04722599305560278,0.04722599305560278,0.04722599305560278,0.04722599305560278,0.04722599305560278,0.04722599305560278,0.04722599305560278,0.04722599305560278,0.04722599305560278,0.04722599305560278,0.04722599305560278,0.04722599305560278,0.04722599305560278,0.04722599305560278,0.04722599305560278,0.04722599305560278,0.04722599305560278,0.04722599305560278,0.04722599305560278,0.04722599305560278,0.04722599305560278,0.04722599305560278,0.04722599305560278,0.04722599305560278,0.04722599305560278,0.04722599305560278,0.04722599305560278,0.04722599305560278,0.04722599305560278,0.04722599305560278,0.04722599305560278,0.04722599305560278,0.04722599305560278,0.04722599305560278,0.04722599305560278,0.04722599305560278,0.04722599305560278,0.04722599305560278,0.04722599305560278,0.04722599305560278,0.04722599305560278,0.04722599305560278,0.04722599305560278,0.04722599305560278,0.04722599305560278,0.04722599305560278,0.04722599305560278,0.04722599305560278,0.04722599305560278,0.04722599305560278,0.04722599305560278,0.04722599305560278,0.04722599305560278,0.04722599305560278,0.04722599305560278,0.04722599305560278,0.04722599305560278,0.04722599305560278,0.04722599305560278,0.04722599305560278,0.04722599305560278,0.04722599305560278,0.04722599305560278,0.04722599305560278,0.04722599305560278,0.04722599305560278,0.04722599305560278,0.04722599305560278,0.04722599305560278,0.04722599305560278,0.04722599305560278,0.04722599305560278,0.04722599305560278,0.04722599305560278,0.04722599305560278,0.04722599305560278,0.04722599305560278,0.04722599305560278,0.04722599305560278,0.04722599305560278,0.04722599305560278,0.04722599305560278,0.04722599305560278,0.04722599305560278,0.04722599305560278,0.04722599305560278,0.04722599305560278,0.04722599305560278,0.04722599305560278,0.04722599305560278,0.04722599305560278,0.04722599305560278,0.04722599305560278,0.04722599305560278,0.04722599305560278,0.04722599305560278,0.04722599305560278,0.04722599305560278,0.04722599305560278,0.04722599305560278,0.04722599305560278,0.04722599305560278,0.04722599305560278,0.04722599305560278,0.04722599305560278,0.04722599305560278,0.04722599305560278,0.04722599305560278,0.04722599305560278,0.04722599305560278,0.04722599305560278,0.04722599305560278,0.04722599305560278,0.04722599305560278,0.04722599305560278,0.04722599305560278,0.04722599305560278,0.04722599305560278,0.04722599305560278,0.04722599305560278,0.04722599305560278,0.04722599305560278,0.04722599305560278,0.04722599305560278,0.04722599305560278,0.04722599305560278,0.04722599305560278,0.04722599305560278,0.04722599305560278,0.04722599305560278,0.04722599305560278,0.04722599305560278,0.04722599305560278,0.04722599305560278,0.04722599305560278,0.04722599305560278,0.04722599305560278,0.04722599305560278,0.04722599305560278,0.04722599305560278,0.04722599305560278,0.04722599305560278,0.04722599305560278,0.04722599305560278,0.04722599305560278,0.04722599305560278,0.04722599305560278,0.04722599305560278,0.04722599305560278,0.04722599305560278,0.04722599305560278,0.04722599305560278,0.04722599305560278,0.04722599305560278,0.04722599305560278,0.04722599305560278,0.04722599305560278,0.04722599305560278,0.04722599305560278,0.04722599305560278,0.04722599305560278,0.04722599305560278,0.04722599305560278,0.04722599305560278,0.04722599305560278,0.04722599305560278,0.04722599305560278,0.04722599305560278,0.04722599305560278,0.04722599305560278,0.04722599305560278,0.04722599305560278,0.04722599305560278,0.04722599305560278,0.04722599305560278,0.04722599305560278,0.04722599305560278,0.04722599305560278,0.04722599305560278,0.04722599305560278,0.04722599305560278,0.04722599305560278,0.04722599305560278,0.04722599305560278,0.04722599305560278,0.04722599305560278,0.04722599305560278,0.04722599305560278,0.04722599305560278,0.04722599305560278,0.04722599305560278,0.04722599305560278,0.04722599305560278,0.04722599305560278,0.04722599305560278,0.04722599305560278,0.04722599305560278,0.04722599305560278,0.04722599305560278,0.04722599305560278,0.04722599305560278,0.04722599305560278,0.04722599305560278,0.04722599305560278,0.04722599305560278,0.04722599305560278,0.04722599305560278,0.04722599305560278,0.04722599305560278,0.04722599305560278,0.04722599305560278,0.04722599305560278,0.04722599305560278,0.04722599305560278,0.04722599305560278,0.04722599305560278,0.04722599305560278,0.04722599305560278,0.04722599305560278,0.04722599305560278,0.04722599305560278,0.04722599305560278,0.04722599305560278,0.04722599305560278,0.04722599305560278,0.04722599305560278,0.04722599305560278,0.04722599305560278,0.04722599305560278,0.04722599305560278,0.04722599305560278,0.04722599305560278,0.04722599305560278,0.04722599305560278,0.04722599305560278,0.04722599305560278,0.04722599305560278,0.04722599305560278,0.04722599305560278,0.04722599305560278,0.04722599305560278,0.04722599305560278,0.04722599305560278,0.04722599305560278,0.04722599305560278,0.04722599305560278,0.04722599305560278,0.04722599305560278,0.04722599305560278,0.04722599305560278,0.04722599305560278,0.04722599305560278,0.04722599305560278,0.04722599305560278,0.04722599305560278,0.04722599305560278,0.04722599305560278,0.04722599305560278,0.04722599305560278,0.04722599305560278,0.04722599305560278,0.04722599305560278,0.04722599305560278,0.04722599305560278,0.04722599305560278,0.04722599305560278,0.04722599305560278,0.04722599305560278,0.04722599305560278,0.04722599305560278,0.04722599305560278,0.04722599305560278,0.04722599305560278,0.04722599305560278,0.04722599305560278,0.04722599305560278,0.04722599305560278,0.04722599305560278,0.04722599305560278,0.04722599305560278,0.04722599305560278,0.04722599305560278,0.04722599305560278,0.04722599305560278,0.04722599305560278,0.04722599305560278,0.04722599305560278,0.04722599305560278,0.04722599305560278,0.04722599305560278,0.04722599305560278,0.04722599305560278,0.04722599305560278,0.04722599305560278,0.04722599305560278,0.04722599305560278,0.04722599305560278,0.04722599305560278,0.04722599305560278,0.04722599305560278,0.04722599305560278,0.04722599305560278,0.04722599305560278,0.04722599305560278,0.04722599305560278,0.04722599305560278,0.04722599305560278,0.04722599305560278,0.04722599305560278,0.04722599305560278,0.04722599305560278,0.04722599305560278,0.04722599305560278,0.04722599305560278,0.04722599305560278,0.04722599305560278,0.04722599305560278,0.04722599305560278,0.04722599305560278,0.04722599305560278,0.04722599305560278,0.04722599305560278,0.04722599305560278,0.04722599305560278,0.04722599305560278,0.04722599305560278,0.04722599305560278,0.04722599305560278,0.04722599305560278,0.04722599305560278,0.04722599305560278,0.04722599305560278,0.04722599305560278,0.04722599305560278,0.04722599305560278,0.04722599305560278,0.04722599305560278,0.04722599305560278,0.04722599305560278,0.04722599305560278,0.04722599305560278,0.04722599305560278,0.04722599305560278,0.04722599305560278,0.04722599305560278,0.04722599305560278,0.04722599305560278,0.04722599305560278,0.04722599305560278,0.04722599305560278,0.04722599305560278,0.04722599305560278,0.04722599305560278,0.04722599305560278,0.04722599305560278,0.04722599305560278,0.04722599305560278,0.04722599305560278,0.04722599305560278,0.04722599305560278,0.04722599305560278,0.04722599305560278,0.04722599305560278,0.04722599305560278,0.04722599305560278,0.04722599305560278,0.04722599305560278,0.04722599305560278,0.04722599305560278,0.04722599305560278,0.04722599305560278,0.04722599305560278,0.04722599305560278,0.04722599305560278,0.04722599305560278,0.04722599305560278,0.04722599305560278,0.04722599305560278,0.04722599305560278,0.04722599305560278,0.04722599305560278,0.04722599305560278,0.04722599305560278,0.04722599305560278,0.04722599305560278,0.04722599305560278,0.04722599305560278,0.04722599305560278,0.04722599305560278,0.04722599305560278,0.04722599305560278,0.04722599305560278,0.04722599305560278,0.04722599305560278
1.0,1.0,1.0,1.0,1.0,1.0,1.0,1.0,1.0,1.0,1.0,1.0,1.0,1.0,1.0,1.0,1.0,1.0,1.0,1.0,1.0,1.0,1.0,1.0,1.0,1.0,1.0,1.0,1.0,1.0,1.0,1.0,1.0,1.0,1.0,1.0,1.0,1.0,1.0,1.0,1.0,1.0,1.0,1.0,1.0,1.0,1.0,1.0,1.0,1.0,1.0,1.0,1.0,1.0,1.0,1.0,1.0,1.0,1.0,1.0,1.0,1.0,1.0,1.0,1.0,1.0,1.0,1.0,1.0,1.0,1.0,1.0,1.0,1.0,1.0,1.0,1.0,1.0,1.0,1.0,1.0,1.0,1.0,1.0,1.0,1.0,1.0,1.0,1.0,1.0,1.0,1.0,1.0,1.0,1.0,1.0,1.0,1.0,1.0,1.0,1.0,1.0,1.0,1.0,1.0,1.0,1.0,1.0,1.0,1.0,1.0,1.0,1.0,1.0,1.0,1.0,1.0,1.0,1.0,1.0,1.0,1.0,1.0,1.0,1.0,1.0,1.0,1.0,1.0,1.0,1.0,1.0,1.0,1.0,1.0,1.0,1.0,1.0,1.0,1.0,1.0,1.0,1.0,1.0,1.0,1.0,1.0,1.0,1.0,1.0,1.0,1.0,1.0,1.0,1.0,1.0,1.0,1.0,1.0,1.0,1.0,1.0,1.0,1.0,1.0,1.0,1.0,1.0,1.0,1.0,1.0,1.0,1.0,1.0,1.0,1.0,1.0,1.0,1.0,1.0,1.0,1.0,1.0,1.0,1.0,1.0,1.0,1.0,1.0,1.0,1.0,1.0,1.0,1.0,1.0,1.0,1.0,1.0,1.0,1.0,1.0,1.0,1.0,1.0,1.0,1.0,1.0,1.0,1.0,1.0,1.0,1.0,1.0,1.0,1.0,1.0,1.0,1.0,1.0,1.0,1.0,1.0,1.0,1.0,1.0,1.0,1.0,1.0,1.0,1.0,1.0,1.0,1.0,1.0,1.0,1.0,1.0,1.0,1.0,1.0,1.0,1.0,1.0,1.0,1.0,1.0,1.0,1.0,1.0,1.0,1.0,1.0,1.0,1.0,1.0,1.0,1.0,1.0,1.0,1.0,1.0,1.0,1.0,1.0,1.0,1.0,1.0,1.0,1.0,1.0,1.0,1.0,1.0,1.0,1.0,1.0,1.0,1.0,1.0,1.0,1.0,1.0,1.0,1.0,1.0,1.0,1.0,1.0,1.0,1.0,1.0,1.0,1.0,1.0,1.0,1.0,1.0,1.0,1.0,1.0,1.0,1.0,1.0,1.0,1.0,1.0,1.0,1.0,1.0,1.0,1.0,1.0,1.0,1.0,1.0,1.0,1.0,1.0,1.0,1.0,1.0,1.0,1.0,1.0,1.0,1.0,1.0,1.0,1.0,1.0,1.0,1.0,1.0,1.0,1.0,1.0,1.0,1.0,1.0,1.0,1.0,1.0,1.0,1.0,1.0,1.0,1.0,1.0,1.0,1.0,1.0,1.0,1.0,1.0,1.0,1.0,1.0,1.0,1.0,1.0,1.0,1.0,1.0,1.0,1.0,1.0,1.0,1.0,1.0,1.0,1.0,1.0,1.0,1.0,1.0,1.0,1.0,1.0,1.0,1.0,1.0,1.0,1.0,1.0,1.0,1.0,1.0,1.0,1.0,1.0,1.0,1.0,1.0,1.0,1.0,1.0,1.0,1.0
-0.832470055806715,-0.832470055806715,-0.832470055806715,-0.832470055806715,-0.832470055806715,-0.832470055806715,-0.832470055806715,-0.832470055806715,-0.832470055806715,-0.832470055806715,-0.832470055806715,-0.832470055806715,-0.832470055806715,-0.832470055806715,-0.832470055806715,-0.832470055806715,-0.832470055806715,-0.832470055806715,-0.832470055806715,-0.832470055806715,-0.832470055806715,-0.832470055806715,-0.832470055806715,-0.832470055806715,-0.832470055806715,-0.832470055806715,-0.832470055806715,-0.832470055806715,-0.832470055806715,-0.832470055806715,-0.832470055806715,-0.832470055806715,-0.832470055806715,-0.832470055806715,-0.832470055806715,-0.832470055806715,-0.832470055806715,-0.832470055806715,-0.832470055806715,-0.832470055806715,-0.832470055806715,-0.832470055806715,-0.832470055806715,-0.832470055806715,-0.832470055806715,-0.832470055806715,-0.832470055806715,-0.832470055806715,-0.832470055806715,-0.832470055806715,-0.832470055806715,-0.832470055806715,-0.832470055806715,-0.832470055806715,-0.832470055806715,-0.832470055806715,-0.832470055806715,-0.832470055806715,-0.832470055806715,-0.832470055806715,-0.832470055806715,-0.832470055806715,-0.832470055806715,-0.832470055806715,-0.832470055806715,-0.832470055806715,-0.832470055806715,-0.832470055806715,-0.832470055806715,-0.832470055806715,-0.832470055806715,-0.832470055806715,-0.832470055806715,-0.832470055806715,-0.832470055806715,-0.832470055806715,-0.832470055806715,-0.832470055806715,-0.832470055806715,-0.832470055806715,-0.832470055806715,-0.832470055806715,-0.832470055806715,-0.832470055806715,-0.832470055806715,-0.832470055806715,-0.832470055806715,-0.832470055806715,-0.832470055806715,-0.832470055806715,-0.832470055806715,-0.832470055806715,-0.832470055806715,-0.832470055806715,-0.832470055806715,-0.832470055806715,-0.832470055806715,-0.832470055806715,-0.832470055806715,-0.832470055806715,-0.832470055806715,-0.832470055806715,-0.832470055806715,-0.832470055806715,-0.832470055806715,-0.832470055806715,-0.832470055806715,-0.832470055806715,-0.832470055806715,-0.832470055806715,-0.832470055806715,-0.832470055806715,-0.832470055806715,-0.832470055806715,-0.832470055806715,-0.832470055806715,-0.832470055806715,-0.832470055806715,-0.832470055806715,-0.832470055806715,-0.832470055806715,-0.832470055806715,-0.832470055806715,-0.832470055806715,-0.832470055806715,-0.832470055806715,-0.832470055806715,-0.832470055806715,-0.832470055806715,-0.832470055806715,-0.832470055806715,-0.832470055806715,-0.832470055806715,-0.832470055806715,-0.832470055806715,-0.832470055806715,-0.832470055806715,-0.832470055806715,-0.832470055806715,-0.832470055806715,-0.832470055806715,-0.832470055806715,-0.832470055806715,-0.832470055806715,-0.832470055806715,-0.832470055806715,-0.832470055806715,-0.832470055806715,-0.832470055806715,-0.832470055806715,-0.832470055806715,-0.832470055806715,-0.832470055806715,-0.832470055806715,-0.832470055806715,-0.832470055806715,-0.832470055806715,-0.832470055806715,-0.832470055806715,-0.832470055806715,-0.832470055806715,-0.832470055806715,-0.832470055806715,-0.832470055806715,-0.832470055806715,-0.832470055806715,-0.832470055806715,-0.832470055806715,-0.832470055806715,-0.832470055806715,-0.832470055806715,-0.832470055806715,-0.832470055806715,-0.832470055806715,-0.832470055806715,-0.832470055806715,-0.832470055806715,-0.832470055806715,-0.832470055806715,-0.832470055806715,-0.832470055806715,-0.832470055806715,-0.832470055806715,-0.832470055806715,-0.832470055806715,-0.832470055806715,-0.832470055806715,-0.832470055806715,-0.832470055806715,-0.832470055806715,-0.832470055806715,-0.832470055806715,-0.832470055806715,-0.832470055806715,-0.832470055806715,-0.832470055806715,-0.832470055806715,-0.832470055806715,-0.832470055806715,-0.832470055806715,-0.832470055806715,-0.832470055806715,-0.832470055806715,-0.832470055806715,-0.832470055806715,-0.832470055806715,-0.832470055806715,-0.832470055806715,-0.832470055806715,-0.832470055806715,-0.832470055806715,-0.832470055806715,-0.832470055806715,-0.832470055806715,-0.832470055806715,-0.832470055806715,-0.832470055806715,-0.832470055806715,-0.832470055806715,-0.832470055806715,-0.832470055806715,-0.832470055806715,-0.832470055806715,-0.832470055806715,-0.832470055806715,-0.832470055806715,-0.832470055806715,-0.832470055806715,-0.832470055806715,-0.832470055806715,-0.832470055806715,-0.832470055806715,-0.832470055806715,-0.832470055806715,-0.832470055806715,-0.832470055806715,-0.832470055806715,-0.832470055806715,-0.832470055806715,-0.832470055806715,-0.832470055806715,-0.832470055806715,-0.832470055806715,-0.832470055806715,-0.832470055806715,-0.832470055806715,-0.832470055806715,-0.832470055806715,-0.832470055806715,-0.832470055806715,-0.832470055806715,-0.832470055806715,-0.832470055806715,-0.832470055806715,-0.832470055806715,-0.832470055806715,-0.832470055806715,-0.832470055806715,-0.832470055806715,-0.832470055806715,-0.832470055806715,-0.832470055806715,-0.832470055806715,-0.832470055806715,-0.832470055806715,-0.832470055806715,-0.832470055806715,-0.832470055806715,-0.832470055806715,-0.832470055806715,-0.832470055806715,-0.832470055806715,-0.832470055806715,-0.832470055806715,-0.832470055806715,-0.832470055806715,-0.832470055806715,-0.832470055806715,-0.832470055806715,-0.832470055806715,-0.832470055806715,-0.832470055806715,-0.832470055806715,-0.832470055806715,-0.832470055806715,-0.832470055806715,-0.832470055806715,-0.832470055806715,-0.832470055806715,-0.832470055806715,-0.832470055806715,-0.832470055806715,-0.832470055806715,-0.832470055806715,-0.832470055806715,-0.832470055806715,-0.832470055806715,-0.832470055806715,-0.832470055806715,-0.832470055806715,-0.832470055806715,-0.832470055806715,-0.832470055806715,-0.832470055806715,-0.832470055806715,-0.832470055806715,-0.832470055806715,-0.832470055806715,-0.832470055806715,-0.832470055806715,-0.832470055806715,-0.832470055806715,-0.832470055806715,-0.832470055806715,-0.832470055806715,-0.832470055806715,-0.832470055806715,-0.832470055806715,-0.832470055806715,-0.832470055806715,-0.832470055806715,-0.832470055806715,-0.832470055806715,-0.832470055806715,-0.832470055806715,-0.832470055806715,-0.832470055806715,-0.832470055806715,-0.832470055806715,-0.832470055806715,-0.832470055806715,-0.832470055806715,-0.832470055806715,-0.832470055806715,-0.832470055806715,-0.832470055806715,-0.832470055806715,-0.832470055806715,-0.832470055806715,-0.832470055806715,-0.832470055806715,-0.832470055806715,-0.832470055806715,-0.832470055806715,-0.832470055806715,-0.832470055806715,-0.832470055806715,-0.832470055806715,-0.832470055806715,-0.832470055806715,-0.832470055806715,-0.832470055806715,-0.832470055806715,-0.832470055806715,-0.832470055806715,-0.832470055806715,-0.832470055806715,-0.832470055806715,-0.832470055806715,-0.832470055806715,-0.832470055806715,-0.832470055806715,-0.832470055806715,-0.832470055806715,-0.832470055806715,-0.832470055806715,-0.832470055806715,-0.832470055806715,-0.832470055806715,-0.832470055806715,-0.832470055806715,-0.832470055806715,-0.832470055806715,-0.832470055806715,-0.832470055806715,-0.832470055806715,-0.832470055806715,-0.832470055806715,-0.832470055806715,-0.832470055806715,-0.832470055806715,-0.832470055806715,-0.832470055806715,-0.832470055806715,-0.832470055806715,-0.832470055806715,-0.832470055806715,-0.832470055806715,-0.832470055806715,-0.832470055806715,-0.832470055806715,-0.832470055806715,-0.832470055806715,-0.832470055806715,-0.832470055806715,-0.832470055806715,-0.832470055806715,-0.832470055806715
1.0,1.0,1.0,1.0,1.0,1.0,1.0,1.0,1.0,1.0,1.0,1.0,1.0,1.0,1.0,1.0,1.0,1.0,1.0,1.0,1.0,1.0,1.0,1.0,1.0,1.0,1.0,1.0,1.0,1.0,1.0,1.0,1.0,1.0,1.0,1.0,1.0,1.0,1.0,1.0,1.0,1.0,1.0,1.0,1.0,1.0,1.0,1.0,1.0,1.0,1.0,1.0,1.0,1.0,1.0,1.0,1.0,1.0,1.0,1.0,1.0,1.0,1.0,1.0,1.0,1.0,1.0,1.0,1.0,1.0,1.0,1.0,1.0,1.0,1.0,1.0,1.0,1.0,1.0,1.0,1.0,1.0,1.0,1.0,1.0,1.0,1.0,1.0,1.0,1.0,1.0,1.0,1.0,1.0,1.0,1.0,1.0,1.0,1.0,1.0,1.0,1.0,1.0,1.0,1.0,1.0,1.0,1.0,1.0,1.0,1.0,1.0,1.0,1.0,1.0,1.0,1.0,1.0,1.0,1.0,1.0,1.0,1.0,1.0,1.0,1.0,1.0,1.0,1.0,1.0,1.0,1.0,1.0,1.0,1.0,1.0,1.0,1.0,1.0,1.0,1.0,1.0,1.0,1.0,1.0,1.0,1.0,1.0,1.0,1.0,1.0,1.0,1.0,1.0,1.0,1.0,1.0,1.0,1.0,1.0,1.0,1.0,1.0,1.0,1.0,1.0,1.0,1.0,1.0,1.0,1.0,1.0,1.0,1.0,1.0,1.0,1.0,1.0,1.0,1.0,1.0,1.0,1.0,1.0,1.0,1.0,1.0,1.0,1.0,1.0,1.0,1.0,1.0,1.0,1.0,1.0,1.0,1.0,1.0,1.0,1.0,1.0,1.0,1.0,1.0,1.0,1.0,1.0,1.0,1.0,1.0,1.0,1.0,1.0,1.0,1.0,1.0,1.0,1.0,1.0,1.0,1.0,1.0,1.0,1.0,1.0,1.0,1.0,1.0,1.0,1.0,1.0,1.0,1.0,1.0,1.0,1.0,1.0,1.0,1.0,1.0,1.0,1.0,1.0,1.0,1.0,1.0,1.0,1.0,1.0,1.0,1.0,1.0,1.0,1.0,1.0,1.0,1.0,1.0,1.0,1.0,1.0,1.0,1.0,1.0,1.0,1.0,1.0,1.0,1.0,1.0,1.0,1.0,1.0,1.0,1.0,1.0,1.0,1.0,1.0,1.0,1.0,1.0,1.0,1.0,1.0,1.0,1.0,1.0,1.0,1.0,1.0,1.0,1.0,1.0,1.0,1.0,1.0,1.0,1.0,1.0,1.0,1.0,1.0,1.0,1.0,1.0,1.0,1.0,1.0,1.0,1.0,1.0,1.0,1.0,1.0,1.0,1.0,1.0,1.0,1.0,1.0,1.0,1.0,1.0,1.0,1.0,1.0,1.0,1.0,1.0,1.0,1.0,1.0,1.0,1.0,1.0,1.0,1.0,1.0,1.0,1.0,1.0,1.0,1.0,1.0,1.0,1.0,1.0,1.0,1.0,1.0,1.0,1.0,1.0,1.0,1.0,1.0,1.0,1.0,1.0,1.0,1.0,1.0,1.0,1.0,1.0,1.0,1.0,1.0,1.0,1.0,1.0,1.0,1.0,1.0,1.0,1.0,1.0,1.0,1.0,1.0,1.0,1.0,1.0,1.0,1.0,1.0,1.0,1.0,1.0,1.0,1.0,1.0,1.0,1.0,1.0,1.0
1.0,1.0,1.0,1.0,1.0,1.0,1.0,1.0,1.0,1.0,1.0,1.0,1.0,1.0,1.0,1.0,1.0,1.0,1.0,1.0,1.0,1.0,1.0,1.0,1.0,1.0,1.0,1.0,1.0,1.0,1.0,1.0,1.0,1.0,1.0,1.0,1.0,1.0,1.0,1.0,1.0,1.0,1.0,1.0,1.0,1.0,1.0,1.0,1.0,1.0,1.0,1.0,1.0,1.0,1.0,1.0,1.0,1.0,1.0,1.0,1.0,1.0,1.0,1.0,1.0,1.0,1.0,1.0,1.0,1.0,1.0,1.0,1.0,1.0,1.0,1.0,1.0,1.0,1.0,1.0,1.0,1.0,1.0,1.0,1.0,1.0,1.0,1.0,1.0,1.0,1.0,1.0,1.0,1.0,1.0,1.0,1.0,1.0,1.0,1.0,1.0,1.0,1.0,1.0,1.0,1.0,1.0,1.0,1.0,1.0,1.0,1.0,1.0,1.0,1.0,1.0,1.0,1.0,1.0,1.0,1.0,1.0,1.0,1.0,1.0,1.0,1.0,1.0,1.0,1.0,1.0,1.0,1.0,1.0,1.0,1.0,1.0,1.0,1.0,1.0,1.0,1.0,1.0,1.0,1.0,1.0,1.0,1.0,1.0,1.0,1.0,1.0,1.0,1.0,1.0,1.0,1.0,1.0,1.0,1.0,1.0,1.0,1.0,1.0,1.0,1.0,1.0,1.0,1.0,1.0,1.0,1.0,1.0,1.0,1.0,1.0,1.0,1.0,1.0,1.0,1.0,1.0,1.0,1.0,1.0,1.0,1.0,1.0,1.0,1.0,1.0,1.0,1.0,1.0,1.0,1.0,1.0,1.0,1.0,1.0,1.0,1.0,1.0,1.0,1.0,1.0,1.0,1.0,1.0,1.0,1.0,1.0,1.0,1.0,1.0,1.0,1.0,1.0,1.0,1.0,1.0,1.0,1.0,1.0,1.0,1.0,1.0,1.0,1.0,1.0,1.0,1.0,1.0,1.0,1.0,1.0,1.0,1.0,1.0,1.0,1.0,1.0,1.0,1.0,1.0,1.0,1.0,1.0,1.0,1.0,1.0,1.0,1.0,1.0,1.0,1.0,1.0,1.0,1.0,1.0,1.0,1.0,1.0,1.0,1.0,1.0,1.0,1.0,1.0,1.0,1.0,1.0,1.0,1.0,1.0,1.0,1.0,1.0,1.0,1.0,1.0,1.0,1.0,1.0,1.0,1.0,1.0,1.0,1.0,1.0,1.0,1.0,1.0,1.0,1.0,1.0,1.0,1.0,1.0,1.0,1.0,1.0,1.0,1.0,1.0,1.0,1.0,1.0,1.0,1.0,1.0,1.0,1.0,1.0,1.0,1.0,1.0,1.0,1.0,1.0,1.0,1.0,1.0,1.0,1.0,1.0,1.0,1.0,1.0,1.0,1.0,1.0,1.0,1.0,1.0,1.0,1.0,1.0,1.0,1.0,1.0,1.0,1.0,1.0,1.0,1.0,1.0,1.0,1.0,1.0,1.0,1.0,1.0,1.0,1.0,1.0,1.0,1.0,1.0,1.0,1.0,1.0,1.0,1.0,1.0,1.0,1.0,1.0,1.0,1.0,1.0,1.0,1.0,1.0,1.0,1.0,1.0,1.0,1.0,1.0,1.0,1.0,1.0,1.0,1.0,1.0,1.0,1.0,1.0,1.0,1.0,1.0,1.0,1.0,1.0,1.0,1.0,1.0
1.601619556525621,1.601619556525621,1.601619556525621,1.601619556525621,1.601619556525621,1.601619556525621,1.601619556525621,1.601619556525621,1.601619556525621,1.601619556525621,1.601619556525621,1.601619556525621,1.601619556525621,1.601619556525621,1.601619556525621,1.601619556525621,1.601619556525621,1.601619556525621,1.601619556525621,1.601619556525621,1.601619556525621,1.601619556525621,1.601619556525621,1.601619556525621,1.601619556525621,1.601619556525621,1.601619556525621,1.601619556525621,1.601619556525621,1.601619556525621,1.601619556525621,1.601619556525621,1.601619556525621,1.601619556525621,1.601619556525621,1.601619556525621,1.601619556525621,1.601619556525621,1.601619556525621,1.601619556525621,1.601619556525621,1.601619556525621,1.601619556525621,1.601619556525621,1.601619556525621,1.601619556525621,1.601619556525621,1.601619556525621,1.601619556525621,1.601619556525621,1.601619556525621,1.601619556525621,1.601619556525621,1.601619556525621,1.601619556525621,1.601619556525621,1.601619556525621,1.601619556525621,1.601619556525621,1.601619556525621,1.601619556525621,1.601619556525621,1.601619556525621,1.601619556525621,1.601619556525621,1.601619556525621,1.601619556525621,1.601619556525621,1.601619556525621,1.601619556525621,1.601619556525621,1.601619556525621,1.601619556525621,1.601619556525621,1.601619556525621,1.601619556525621,1.601619556525621,1.601619556525621,1.601619556525621,1.601619556525621,1.601619556525621,1.601619556525621,1.601619556525621,1.601619556525621,1.601619556525621,1.601619556525621,1.601619556525621,1.601619556525621,1.601619556525621,1.601619556525621,1.601619556525621,1.601619556525621,1.601619556525621,1.601619556525621,1.601619556525621,1.601619556525621,1.601619556525621,1.601619556525621,1.601619556525621,1.601619556525621,1.601619556525621,1.601619556525621,1.601619556525621,1.601619556525621,1.601619556525621,1.601619556525621,1.601619556525621,1.601619556525621,1.601619556525621,1.601619556525621,1.601619556525621,1.601619556525621,1.601619556525621,1.601619556525621,1.601619556525621,1.601619556525621,1.601619556525621,1.601619556525621,1.601619556525621,1.601619556525621,1.601619556525621,1.601619556525621,1.601619556525621,1.601619556525621,1.601619556525621,1.601619556525621,1.601619556525621,1.601619556525621,1.601619556525621,1.601619556525621,1.601619556525621,1.601619556525621,1.601619556525621,1.601619556525621,1.601619556525621,1.601619556525621,1.601619556525621,1.601619556525621,1.601619556525621,1.601619556525621,1.601619556525621,1.601619556525621,1.601619556525621,1.601619556525621,1.601619556525621,1.601619556525621,1.601619556525621,1.601619556525621,1.601619556525621,1.601619556525621,1.601619556525621,1.601619556525621,1.601619556525621,1.601619556525621,1.601619556525621,1.601619556525621,1.601619556525621,1.601619556525621,1.601619556525621,1.601619556525621,1.601619556525621,1.601619556525621,1.601619556525621,1.601619556525621,1.601619556525621,1.601619556525621,1.601619556525621,1.601619556525621,1.601619556525621,1.601619556525621,1.601619556525621,1.601619556525621,1.601619556525621,1.601619556525621,1.601619556525621,1.601619556525621,1.601619556525621,1.601619556525621,1.601619556525621,1.601619556525621,1.601619556525621,1.601619556525621,1.601619556525621,1.601619556525621,1.601619556525621,1.601619556525621,1.601619556525621,1.601619556525621,1.601619556525621,1.601619556525621,1.601619556525621,1.601619556525621,1.601619556525621,1.601619556525621,1.601619556525621,1.601619556525621,1.601619556525621,1.601619556525621,1.601619556525621,1.601619556525621,1.601619556525621,1.601619556525621,1.601619556525621,1.601619556525621,1.601619556525621,1.601619556525621,1.601619556525621,1.601619556525621,1.601619556525621,1.601619556525621,1.601619556525621,1.601619556525621,1.601619556525621,1.601619556525621,1.601619556525621,1.601619556525621,1.601619556525621,1.601619556525621,1.601619556525621,1.601619556525621,1.601619556525621,1.601619556525621,1.601619556525621,1.601619556525621,1.601619556525621,1.601619556525621,1.601619556525621,1.601619556525621,1.601619556525621,1.601619556525621,1.601619556525621,1.601619556525621,1.601619556525621,1.601619556525621,1.601619556525621,1.601619556525621,1.601619556525621,1.601619556525621,1.601619556525621,1.601619556525621,1.601619556525621,1.601619556525621,1.601619556525621,1.601619556525621,1.601619556525621,1.601619556525621,1.601619556525621,1.601619556525621,1.601619556525621,1.601619556525621,1.601619556525621,1.601619556525621,1.601619556525621,1.601619556525621,1.601619556525621,1.601619556525621,1.601619556525621,1.601619556525621,1.601619556525621,1.601619556525621,1.601619556525621,1.601619556525621,1.601619556525621,1.601619556525621,1.601619556525621,1.601619556525621,1.601619556525621,1.601619556525621,1.601619556525621,1.601619556525621,1.601619556525621,1.601619556525621,1.601619556525621,1.601619556525621,1.601619556525621,1.601619556525621,1.601619556525621,1.601619556525621,1.601619556525621,1.601619556525621,1.601619556525621,1.601619556525621,1.601619556525621,1.601619556525621,1.601619556525621,1.601619556525621,1.601619556525621,1.601619556525621,1.601619556525621,1.601619556525621,1.601619556525621,1.601619556525621,1.601619556525621,1.601619556525621,1.601619556525621,1.601619556525621,1.601619556525621,1.601619556525621,1.601619556525621,1.601619556525621,1.601619556525621,1.601619556525621,1.601619556525621,1.601619556525621,1.601619556525621,1.601619556525621,1.601619556525621,1.601619556525621,1.601619556525621,1.601619556525621,1.601619556525621,1.601619556525621,1.601619556525621,1.601619556525621,1.601619556525621,1.601619556525621,1.601619556525621,1.601619556525621,1.601619556525621,1.601619556525621,1.601619556525621,1.601619556525621,1.601619556525621,1.601619556525621,1.601619556525621,1.601619556525621,1.601619556525621,1.601619556525621,1.601619556525621,1.601619556525621,1.601619556525621,1.601619556525621,1.601619556525621,1.601619556525621,1.601619556525621,1.601619556525621,1.601619556525621,1.601619556525621,1.601619556525621,1.601619556525621,1.601619556525621,1.601619556525621,1.601619556525621,1.601619556525621,1.601619556525621,1.601619556525621,1.601619556525621,1.601619556525621,1.601619556525621,1.601619556525621,1.601619556525621,1.601619556525621,1.601619556525621,1.601619556525621,1.601619556525621,1.601619556525621,1.601619556525621,1.601619556525621,1.601619556525621,1.601619556525621,1.601619556525621,1.601619556525621,1.601619556525621,1.601619556525621,1.601619556525621,1.601619556525621,1.601619556525621,1.601619556525621,1.601619556525621,1.601619556525621,1.601619556525621,1.601619556525621,1.601619556525621,1.601619556525621,1.601619556525621,1.601619556525621,1.601619556525621,1.601619556525621,1.601619556525621,1.601619556525621,1.601619556525621,1.601619556525621,1.601619556525621,1.601619556525621,1.601619556525621,1.601619556525621,1.601619556525621,1.601619556525621,1.601619556525621,1.601619556525621,1.601619556525621,1.601619556525621,1.601619556525621,1.601619556525621,1.601619556525621,1.601619556525621,1.601619556525621,1.601619556525621
-1.0917363902447395,-1.0917363902447395,-1.0917363902447395,-1.0917363902447395,-1.0917363902447395,-1.0917363902447395,-1.0917363902447395,-1.0917363902447395,-1.0917363902447395,-1.0917363902447395,-1.0917363902447395,-1.0917363902447395,-1.0917363902447395,-1.0917363902447395,-1.0917363902447395,-1.0917363902447395,-1.0917363902447395,-1.0917363902447395,-1.0917363902447395,-1.0917363902447395,-1.0917363902447395,-1.0917363902447395,-1.0917363902447395,-1.0917363902447395,-1.0917363902447395,-1.0917363902447395,-1.0917363902447395,-1.0917363902447395,-1.0917363902447395,-1.0917363902447395,-1.0917363902447395,-1.0917363902447395,-1.0917363902447395,-1.0917363902447395,-1.0917363902447395,-1.0917363902447395,-1.0917363902447395,-1.0917363902447395,-1.0917363902447395,-1.0917363902447395,-1.0917363902447395,-1.0917363902447395,-1.0917363902447395,-1.0917363902447395,-1.0917363902447395,-1.0917363902447395,-1.0917363902447395,-1.0917363902447395,-1.0917363902447395,-1.0917363902447395,-1.0917363902447395,-1.0917363902447395,-1.0917363902447395,-1.0917363902447395,-1.0917363902447395,-1.0917363902447395,-1.0917363902447395,-1.0917363902447395,-1.0917363902447395,-1.0917363902447395,-1.0917363902447395,-1.0917363902447395,-1.0917363902447395,-1.0917363902447395,-1.0917363902447395,-1.0917363902447395,-1.0917363902447395,-1.0917363902447395,-1.0917363902447395,-1.0917363902447395,-1.0917363902447395,-1.0917363902447395,-1.0917363902447395,-1.0917363902447395,-1.0917363902447395,-1.0917363902447395,-1.0917363902447395,-1.0917363902447395,-1.0917363902447395,-1.0917363902447395,-1.0917363902447395,-1.0917363902447395,-1.0917363902447395,-1.0917363902447395,-1.0917363902447395,-1.0917363902447395,-1.0917363902447395,-1.0917363902447395,-1.0917363902447395,-1.0917363902447395,-1.0917363902447395,-1.0917363902447395,-1.0917363902447395,-1.0917363902447395,-1.0917363902447395,-1.0917363902447395,-1.0917363902447395,-1.0917363902447395,-1.0917363902447395,-1.0917363902447395,-1.0917363902447395,-1.0917363902447395,-1.0917363902447395,-1.0917363902447395,-1.0917363902447395,-1.0917363902447395,-1.0917363902447395,-1.0917363902447395,-1.0917363902447395,-1.0917363902447395,-1.0917363902447395,-1.0917363902447395,-1.0917363902447395,-1.0917363902447395,-1.0917363902447395,-1.0917363902447395,-1.0917363902447395,-1.0917363902447395,-1.0917363902447395,-1.0917363902447395,-1.0917363902447395,-1.0917363902447395,-1.0917363902447395,-1.0917363902447395,-1.0917363902447395,-1.0917363902447395,-1.0917363902447395,-1.0917363902447395,-1.0917363902447395,-1.0917363902447395,-1.0917363902447395,-1.0917363902447395,-1.0917363902447395,-1.0917363902447395,-1.0917363902447395,-1.0917363902447395,-1.0917363902447395,-1.0917363902447395,-1.0917363902447395,-1.0917363902447395,-1.0917363902447395,-1.0917363902447395,-1.0917363902447395,-1.0917363902447395,-1.0917363902447395,-1.0917363902447395,-1.0917363902447395,-1.0917363902447395,-1.0917363902447395,-1.0917363902447395,-1.0917363902447395,-1.0917363902447395,-1.0917363902447395,-1.0917363902447395,-1.0917363902447395,-1.0917363902447395,-1.0917363902447395,-1.0917363902447395,-1.0917363902447395,-1.0917363902447395,-1.0917363902447395,-1.0917363902447395,-1.0917363902447395,-1.0917363902447395,-1.0917363902447395,-1.0917363902447395,-1.0917363902447395,-1.0917363902447395,-1.0917363902447395,-1.0917363902447395,-1.0917363902447395,-1.0917363902447395,-1.0917363902447395,-1.0917363902447395,-1.0917363902447395,-1.0917363902447395,-1.0917363902447395,-1.0917363902447395,-1.0917363902447395,-1.0917363902447395,-1.0917363902447395,-1.0917363902447395,-1.0917363902447395,-1.0917363902447395,-1.0917363902447395,-1.0917363902447395,-1.0917363902447395,-1.0917363902447395,-1.0917363902447395,-1.0917363902447395,-1.0917363902447395,-1.0917363902447395,-1.0917363902447395,-1.0917363902447395,-1.0917363902447395,-1.0917363902447395,-1.0917363902447395,-1.0917363902447395,-1.0917363902447395,-1.0917363902447395,-1.0917363902447395,-1.0917363902447395,-1.0917363902447395,-1.0917363902447395,-1.0917363902447395,-1.0917363902447395,-1.0917363902447395,-1.0917363902447395,-1.0917363902447395,-1.0917363902447395,-1.0917363902447395,-1.0917363902447395,-1.0917363902447395,-1.0917363902447395,-1.0917363902447395,-1.0917363902447395,-1.0917363902447395,-1.0917363902447395,-1.0917363902447395,-1.0917363902447395,-1.0917363902447395,-1.0917363902447395,-1.0917363902447395,-1.0917363902447395,-1.0917363902447395,-1.0917363902447395,-1.0917363902447395,-1.0917363902447395,-1.0917363902447395,-1.0917363902447395,-1.0917363902447395,-1.0917363902447395,-1.0917363902447395,-1.0917363902447395,-1.0917363902447395,-1.0917363902447395,-1.0917363902447395,-1.0917363902447395,-1.0917363902447395,-1.0917363902447395,-1.0917363902447395,-1.0917363902447395,-1.0917363902447395,-1.0917363902447395,-1.0917363902447395,-1.0917363902447395,-1.0917363902447395,-1.0917363902447395,-1.0917363902447395,-1.0917363902447395,-1.0917363902447395,-1.0917363902447395,-1.0917363902447395,-1.0917363902447395,-1.0917363902447395,-1.0917363902447395,-1.0917363902447395,-1.0917363902447395,-1.0917363902447395,-1.0917363902447395,-1.0917363902447395,-1.0917363902447395,-1.0917363902447395,-1.0917363902447395,-1.0917363902447395,-1.0917363902447395,-1.0917363902447395,-1.0917363902447395,-1.0917363902447395,-1.0917363902447395,-1.0917363902447395,-1.0917363902447395,-1.0917363902447395,-1.0917363902447395,-1.0917363902447395,-1.0917363902447395,-1.0917363902447395,-1.0917363902447395,-1.0917363902447395,-1.0917363902447395,-1.0917363902447395,-1.0917363902447395,-1.0917363902447395,-1.0917363902447395,-1.0917363902447395,-1.0917363902447395,-1.0917363902447395,-1.0917363902447395,-1.0917363902447395,-1.0917363902447395,-1.0917363902447395,-1.0917363902447395,-1.0917363902447395,-1.0917363902447395,-1.0917363902447395,-1.0917363902447395,-1.0917363902447395,-1.0917363902447395,-1.0917363902447395,-1.0917363902447395,-1.0917363902447395,-1.0917363902447395,-1.0917363902447395,-1.0917363902447395,-1.0917363902447395,-1.0917363902447395,-1.0917363902447395,-1.0917363902447395,-1.0917363902447395,-1.0917363902447395,-1.0917363902447395,-1.0917363902447395,-1.0917363902447395,-1.0917363902447395,-1.0917363902447395,-1.0917363902447395,-1.0917363902447395,-1.0917363902447395,-1.0917363902447395,-1.0917363902447395,-1.0917363902447395,-1.0917363902447395,-1.0917363902447395,-1.0917363902447395,-1.0917363902447395,-1.0917363902447395,-1.0917363902447395,-1.0917363902447395,-1.0917363902447395,-1.0917363902447395,-1.0917363902447395,-1.0917363902447395,-1.0917363902447395,-1.0917363902447395,-1.0917363902447395,-1.0917363902447395,-1.0917363902447395,-1.0917363902447395,-1.0917363902447395,-1.0917363902447395,-1.0917363902447395,-1.0917363902447395,-1.0917363902447395,-1.0917363902447395,-1.0917363902447395,-1.0917363902447395,-1.0917363902447395,-1.0917363902447395,-1.0917363902447395,-1.0917363902447395,-1.0917363902447395,-1.0917363902447395,-1.0917363902447395,-1.0917363902447395,-1.0917363902447395,-1.0917363902447395,-1.0917363902447395,-1.0917363902447395,-1.0917363902447395,-1.0917363902447395,-1.0917363902447395,-1.0917363902447395,-1.0917363902447395,-1.0917363902447395,-1.0917363902447395,-1.0917363902447395,-1.0917363902447395,-1.0917363902447395,-1.0917363902447395,-1.0917363902447395,-1.0917363902447395,-1.0917363902447395,-1.0917363902447395,-1.0917363902447395,-1.0917363902447395,-1.0917363902447395,-1.0917363902447395,-1.0917363902447395,-1.0917363902447395,-1.0917363902447395,-1.0917363902447395,-1.0917363902447395,-1.0917363902447395,-1.0917363902447395,-1.0917363902447395,-1.0917363902447395,-1.0917363902447395,-1.0917363902447395,-1.0917363902447395,-1.0917363902447395,-1.0917363902447395,-1.0917363902447395,-1.0917363902447395,-1.0917363902447395,-1.0917363902447395,-1.0917363902447395,-1.0917363902447395,-1.0917363902447395
1.969566382794139,1.969566382794139,1.969566382794139,1.969566382794139,1.969566382794139,1.969566382794139,1.969566382794139,1.969566382794139,1.969566382794139,1.969566382794139,1.969566382794139,1.969566382794139,1.969566382794139,1.969566382794139,1.969566382794139,1.969566382794139,1.969566382794139,1.969566382794139,1.969566382794139,1.969566382794139,1.969566382794139,1.969566382794139,1.969566382794139,1.969566382794139,1.969566382794139,1.969566382794139,1.969566382794139,1.969566382794139,1.969566382794139,1.969566382794139,1.969566382794139,1.969566382794139,1.969566382794139,1.969566382794139,1.969566382794139,1.969566382794139,1.969566382794139,1.969566382794139,1.969566382794139,1.969566382794139,1.969566382794139,1.969566382794139,1.969566382794139,1.969566382794139,1.969566382794139,1.969566382794139,1.969566382794139,1.969566382794139,1.969566382794139,1.969566382794139,1.969566382794139,1.969566382794139,1.969566382794139,1.969566382794139,1.969566382794139,1.969566382794139,1.969566382794139,1.969566382794139,1.969566382794139,1.969566382794139,1.969566382794139,1.969566382794139,1.969566382794139,1.969566382794139,1.969566382794139,1.969566382794139,1.969566382794139,1.969566382794139,1.969566382794139,1.969566382794139,1.969566382794139,1.969566382794139,1.969566382794139,1.969566382794139,1.969566382794139,1.969566382794139,1.969566382794139,1.969566382794139,1.969566382794139,1.969566382794139,1.969566382794139,1.969566382794139,1.969566382794139,1.969566382794139,1.969566382794139,1.969566382794139,1.969566382794139,1.969566382794139,1.969566382794139,1.969566382794139,1.969566382794139,1.969566382794139,1.969566382794139,1.969566382794139,1.969566382794139,1.969566382794139,1.969566382794139,1.969566382794139,1.969566382794139,1.969566382794139,1.969566382794139,1.969566382794139,1.969566382794139,1.969566382794139,1.969566382794139,1.969566382794139,1.969566382794139,1.969566382794139,1.969566382794139,1.969566382794139,1.969566382794139,1.969566382794139,1.969566382794139,1.969566382794139,1.969566382794139,1.969566382794139,1.969566382794139,1.969566382794139,1.969566382794139,1.969566382794139,1.969566382794139,1.969566382794139,1.969566382794139,1.969566382794139,1.969566382794139,1.969566382794139,1.969566382794139,1.969566382794139,1.969566382794139,1.969566382794139,1.969566382794139,1.969566382794139,1.969566382794139,1.969566382794139,1.969566382794139,1.969566382794139,1.969566382794139,1.969566382794139,1.969566382794139,1.969566382794139,1.969566382794139,1.969566382794139,1.969566382794139,1.969566382794139,1.969566382794139,1.969566382794139,1.969566382794139,1.969566382794139,1.969566382794139,1.969566382794139,1.969566382794139,1.969566382794139,1.969566382794139,1.969566382794139,1.969566382794139,1.969566382794139,1.969566382794139,1.969566382794139,1.969566382794139,1.969566382794139,1.969566382794139,1.969566382794139,1.969566382794139,1.969566382794139,1.969566382794139,1.969566382794139,1.969566382794139,1.969566382794139,1.969566382794139,1.969566382794139,1.969566382794139,1.969566382794139,1.969566382794139,1.969566382794139,1.969566382794139,1.969566382794139,1.969566382794139,1.969566382794139,1.969566382794139,1.969566382794139,1.969566382794139,1.969566382794139,1.969566382794139,1.969566382794139,1.969566382794139,1.969566382794139,1.969566382794139,1.969566382794139,1.969566382794139,1.969566382794139,1.969566382794139,1.969566382794139,1.969566382794139,1.969566382794139,1.969566382794139,1.969566382794139,1.969566382794139,1.969566382794139,1.969566382794139,1.969566382794139,1.969566382794139,1.969566382794139,1.969566382794139,1.969566382794139,1.969566382794139,1.969566382794139,1.969566382794139,1.969566382794139,1.969566382794139,1.969566382794139,1.969566382794139,1.969566382794139,1.969566382794139,1.969566382794139,1.969566382794139,1.969566382794139,1.969566382794139,1.969566382794139,1.969566382794139,1.969566382794139,1.969566382794139,1.969566382794139,1.969566382794139,1.969566382794139,1.969566382794139,1.969566382794139,1.969566382794139,1.969566382794139,1.969566382794139,1.969566382794139,1.969566382794139,1.969566382794139,1.969566382794139,1.969566382794139,1.969566382794139,1.969566382794139,1.969566382794139,1.969566382794139,1.969566382794139,1.969566382794139,1.969566382794139,1.969566382794139,1.969566382794139,1.969566382794139,1.969566382794139,1.969566382794139,1.969566382794139,1.969566382794139,1.969566382794139,1.969566382794139,1.969566382794139,1.969566382794139,1.969566382794139,1.969566382794139,1.969566382794139,1.969566382794139,1.969566382794139,1.969566382794139,1.969566382794139,1.969566382794139,1.969566382794139,1.969566382794139,1.969566382794139,1.969566382794139,1.969566382794139,1.969566382794139,1.969566382794139,1.969566382794139,1.969566382794139,1.969566382794139,1.969566382794139,1.969566382794139,1.969566382794139,1.969566382794139,1.969566382794139,1.969566382794139,1.969566382794139,1.969566382794139,1.969566382794139,1.969566382794139,1.969566382794139,1.969566382794139,1.969566382794139,1.969566382794139,1.969566382794139,1.969566382794139,1.969566382794139,1.969566382794139,1.969566382794139,1.969566382794139,1.969566382794139,1.969566382794139,1.969566382794139,1.969566382794139,1.969566382794139,1.969566382794139,1.969566382794139,1.969566382794139,1.969566382794139,1.969566382794139,1.969566382794139,1.969566382794139,1.969566382794139,1.969566382794139,1.969566382794139,1.969566382794139,1.969566382794139,1.969566382794139,1.969566382794139,1.969566382794139,1.969566382794139,1.969566382794139,1.969566382794139,1.969566382794139,1.969566382794139,1.969566382794139,1.969566382794139,1.969566382794139,1.969566382794139,1.969566382794139,1.969566382794139,1.969566382794139,1.969566382794139,1.969566382794139,1.969566382794139,1.969566382794139,1.969566382794139,1.969566382794139,1.969566382794139,1.969566382794139,1.969566382794139,1.969566382794139,1.969566382794139,1.969566382794139,1.969566382794139,1.969566382794139,1.969566382794139,1.969566382794139,1.969566382794139,1.969566382794139,1.969566382794139,1.969566382794139,1.969566382794139,1.969566382794139,1.969566382794139,1.969566382794139,1.969566382794139,1.969566382794139,1.969566382794139,1.969566382794139,1.969566382794139,1.969566382794139,1.969566382794139,1.969566382794139,1.969566382794139,1.969566382794139,1.969566382794139,1.969566382794139,1.969566382794139,1.969566382794139,1.969566382794139,1.969566382794139,1.969566382794139,1.969566382794139,1.969566382794139,1.969566382794139,1.969566382794139,1.969566382794139,1.969566382794139,1.969566382794139,1.969566382794139,1.969566382794139,1.969566382794139,1.969566382794139,1.969566382794139,1.969566382794139,1.969566382794139,1.969566382794139,1.969566382794139,1.969566382794139,1.969566382794139,1.969566382794139,1.969566382794139,1.969566382794139,1.969566382794139,1.969566382794139,1.969566382794139,1.969566382794139,1.969566382794139,1.969566382794139,1.969566382794139,1.969566382794139,1.969566382794139,1.969566382794139,1.969566382794139,1.969566382794139,1.969566382794139,1.969566382794139
-0.8581418342119408,-0.8581418342119408,-0.8581418342119408,-0.8581418342119408,-0.8581418342119408,-0.8581418342119408,-0.8581418342119408,-0.8581418342119408,-0.8581418342119408,-0.8581418342119408,-0.8581418342119408,-0.8581418342119408,-0.8581418342119408,-0.8581418342119408,-0.8581418342119408,-0.8581418342119408,-0.8581418342119408,-0.8581418342119408,-0.8581418342119408,-0.8581418342119408,-0.8581418342119408,-0.8581418342119408,-0.8581418342119408,-0.8581418342119408,-0.8581418342119408,-0.8581418342119408,-0.8581418342119408,-0.8581418342119408,-0.8581418342119408,-0.8581418342119408,-0.8581418342119408,-0.8581418342119408,-0.8581418342119408,-0.8581418342119408,-0.8581418342119408,-0.8581418342119408,-0.8581418342119408,-0.8581418342119408,-0.8581418342119408,-0.8581418342119408,-0.8581418342119408,-0.8581418342119408,-0.8581418342119408,-0.8581418342119408,-0.8581418342119408,-0.8581418342119408,-0.8581418342119408,-0.8581418342119408,-0.8581418342119408,-0.8581418342119408,-0.8581418342119408,-0.8581418342119408,-0.8581418342119408,-0.8581418342119408,-0.8581418342119408,-0.8581418342119408,-0.8581418342119408,-0.8581418342119408,-0.8581418342119408,-0.8581418342119408,-0.8581418342119408,-0.8581418342119408,-0.8581418342119408,-0.8581418342119408,-0.8581418342119408,-0.8581418342119408,-0.8581418342119408,-0.8581418342119408,-0.8581418342119408,-0.8581418342119408,-0.8581418342119408,-0.8581418342119408,-0.8581418342119408,-0.8581418342119408,-0.8581418342119408,-0.8581418342119408,-0.8581418342119408,-0.8581418342119408,-0.8581418342119408,-0.8581418342119408,-0.8581418342119408,-0.8581418342119408,-0.8581418342119408,-0.8581418342119408,-0.8581418342119408,-0.8581418342119408,-0.8581418342119408,-0.8581418342119408,-0.8581418342119408,-0.8581418342119408,-0.8581418342119408,-0.8581418342119408,-0.8581418342119408,-0.8581418342119408,-0.8581418342119408,-0.8581418342119408,-0.8581418342119408,-0.8581418342119408,-0.8581418342119408,-0.8581418342119408,-0.8581418342119408,-0.8581418342119408,-0.8581418342119408,-0.8581418342119408,-0.8581418342119408,-0.8581418342119408,-0.8581418342119408,-0.8581418342119408,-0.8581418342119408,-0.8581418342119408,-0.8581418342119408,-0.8581418342119408,-0.8581418342119408,-0.8581418342119408,-0.8581418342119408,-0.8581418342119408,-0.8581418342119408,-0.8581418342119408,-0.8581418342119408,-0.8581418342119408,-0.8581418342119408,-0.8581418342119408,-0.8581418342119408,-0.8581418342119408,-0.8581418342119408,-0.8581418342119408,-0.8581418342119408,-0.8581418342119408,-0.8581418342119408,-0.8581418342119408,-0.8581418342119408,-0.8581418342119408,-0.8581418342119408,-0.8581418342119408,-0.8581418342119408,-0.8581418342119408,-0.8581418342119408,-0.8581418342119408,-0.8581418342119408,-0.8581418342119408,-0.8581418342119408,-0.8581418342119408,-0.8581418342119408,-0.8581418342119408,-0.8581418342119408,-0.8581418342119408,-0.8581418342119408,-0.8581418342119408,-0.8581418342119408,-0.8581418342119408,-0.8581418342119408,-0.8581418342119408,-0.8581418342119408,-0.8581418342119408,-0.8581418342119408,-0.8581418342119408,-0.8581418342119408,-0.8581418342119408,-0.8581418342119408,-0.8581418342119408,-0.8581418342119408,-0.8581418342119408,-0.8581418342119408,-0.8581418342119408,-0.8581418342119408,-0.8581418342119408,-0.8581418342119408,-0.8581418342119408,-0.8581418342119408,-0.8581418342119408,-0.8581418342119408,-0.8581418342119408,-0.8581418342119408,-0.8581418342119408,-0.8581418342119408,-0.8581418342119408,-0.8581418342119408,-0.8581418342119408,-0.8581418342119408,-0.8581418342119408,-0.8581418342119408,-0.8581418342119408,-0.8581418342119408,-0.8581418342119408,-0.8581418342119408,-0.8581418342119408,-0.8581418342119408,-0.8581418342119408,-0.8581418342119408,-0.8581418342119408,-0.8581418342119408,-0.8581418342119408,-0.8581418342119408,-0.8581418342119408,-0.8581418342119408,-0.8581418342119408,-0.8581418342119408,-0.8581418342119408,-0.8581418342119408,-0.8581418342119408,-0.8581418342119408,-0.8581418342119408,-0.8581418342119408,-0.8581418342119408,-0.8581418342119408,-0.8581418342119408,-0.8581418342119408,-0.8581418342119408,-0.8581418342119408,-0.8581418342119408,-0.8581418342119408,-0.8581418342119408,-0.8581418342119408,-0.8581418342119408,-0.8581418342119408,-0.8581418342119408,-0.8581418342119408,-0.8581418342119408,-0.8581418342119408,-0.8581418342119408,-0.8581418342119408,-0.8581418342119408,-0.8581418342119408,-0.8581418342119408,-0.8581418342119408,-0.8581418342119408,-0.8581418342119408,-0.8581418342119408,-0.8581418342119408,-0.8581418342119408,-0.8581418342119408,-0.8581418342119408,-0.8581418342119408,-0.8581418342119408,-0.8581418342119408,-0.8581418342119408,-0.8581418342119408,-0.8581418342119408,-0.8581418342119408,-0.8581418342119408,-0.8581418342119408,-0.8581418342119408,-0.8581418342119408,-0.8581418342119408,-0.8581418342119408,-0.8581418342119408,-0.8581418342119408,-0.8581418342119408,-0.8581418342119408,-0.8581418342119408,-0.8581418342119408,-0.8581418342119408,-0.8581418342119408,-0.8581418342119408,-0.8581418342119408,-0.8581418342119408,-0.8581418342119408,-0.8581418342119408,-0.8581418342119408,-0.8581418342119408,-0.8581418342119408,-0.8581418342119408,-0.8581418342119408,-0.8581418342119408,-0.8581418342119408,-0.8581418342119408,-0.8581418342119408,-0.8581418342119408,-0.8581418342119408,-0.8581418342119408,-0.8581418342119408,-0.8581418342119408,-0.8581418342119408,-0.8581418342119408,-0.8581418342119408,-0.8581418342119408,-0.8581418342119408,-0.8581418342119408,-0.8581418342119408,-0.8581418342119408,-0.8581418342119408,-0.8581418342119408,-0.8581418342119408,-0.8581418342119408,-0.8581418342119408,-0.8581418342119408,-0.8581418342119408,-0.8581418342119408,-0.8581418342119408,-0.8581418342119408,-0.8581418342119408,-0.8581418342119408,-0.8581418342119408,-0.8581418342119408,-0.8581418342119408,-0.8581418342119408,-0.8581418342119408,-0.8581418342119408,-0.8581418342119408,-0.8581418342119408,-0.8581418342119408,-0.8581418342119408,-0.8581418342119408,-0.8581418342119408,-0.8581418342119408,-0.8581418342119408,-0.8581418342119408,-0.8581418342119408,-0.8581418342119408,-0.8581418342119408,-0.8581418342119408,-0.8581418342119408,-0.8581418342119408,-0.8581418342119408,-0.8581418342119408,-0.8581418342119408,-0.8581418342119408,-0.8581418342119408,-0.8581418342119408,-0.8581418342119408,-0.8581418342119408,-0.8581418342119408,-0.8581418342119408,-0.8581418342119408,-0.8581418342119408,-0.8581418342119408,-0.8581418342119408,-0.8581418342119408,-0.8581418342119408,-0.8581418342119408,-0.8581418342119408,-0.8581418342119408,-0.8581418342119408,-0.8581418342119408,-0.8581418342119408,-0.8581418342119408,-0.8581418342119408,-0.8581418342119408,-0.8581418342119408,-0.8581418342119408,-0.8581418342119408,-0.8581418342119408,-0.8581418342119408,-0.8581418342119408,-0.8581418342119408,-0.8581418342119408,-0.8581418342119408,-0.8581418342119408,-0.8581418342119408,-0.8581418342119408,-0.8581418342119408,-0.8581418342119408,-0.8581418342119408,-0.8581418342119408,-0.8581418342119408,-0.8581418342119408,-0.8581418342119408,-0.8581418342119408,-0.8581418342119408,-0.8581418342119408,-0.8581418342119408,-0.8581418342119408,-0.8581418342119408,-0.8581418342119408,-0.8581418342119408,-0.8581418342119408,-0.8581418342119408,-0.8581418342119408,-0.8581418342119408,-0.8581418342119408,-0.8581418342119408,-0.8581418342119408,-0.8581418342119408,-0.8581418342119408,-0.8581418342119408,-0.8581418342119408,-0.8581418342119408,-0.8581418342119408,-0.8581418342119408,-0.8581418342119408,-0.8581418342119408,-0.8581418342119408,-0.8581418342119408,-0.8581418342119408,-0.8581418342119408,-0.8581418342119408,-0.8581418342119408,-0.8581418342119408,-0.8581418342119408,-0.8581418342119408,-0.8581418342119408,-0.8581418342119408,-0.8581418342119408,-0.8581418342119408,-0.8581418342119408,-0.8581418342119408,-0.8581418342119408,-0.8581418342119408
0.1848040217649151,0.1848040217649151,0.1848040217649151,0.1848040217649151,0.1848040217649151,0.1848040217649151,0.1848040217649151,0.1848040217649151,0.1848040217649151,0.1848040217649151,0.1848040217649151,0.1848040217649151,0.1848040217649151,0.1848040217649151,0.1848040217649151,0.1848040217649151,0.1848040217649151,0.1848040217649151,0.1848040217649151,0.1848040217649151,0.1848040217649151,0.1848040217649151,0.1848040217649151,0.1848040217649151,0.1848040217649151,0.1848040217649151,0.1848040217649151,0.1848040217649151,0.1848040217649151,0.1848040217649151,0.1848040217649151,0.1848040217649151,0.1848040217649151,0.1848040217649151,0.1848040217649151,0.1848040217649151,0.1848040217649151,0.1848040217649151,0.1848040217649151,0.1848040217649151,0.1848040217649151,0.1848040217649151,0.1848040217649151,0.1848040217649151,0.1848040217649151,0.1848040217649151,0.1848040217649151,0.1848040217649151,0.1848040217649151,0.1848040217649151,0.1848040217649151,0.1848040217649151,0.1848040217649151,0.1848040217649151,0.1848040217649151,0.1848040217649151,0.1848040217649151,0.1848040217649151,0.1848040217649151,0.1848040217649151,0.1848040217649151,0.1848040217649151,0.1848040217649151,0.1848040217649151,0.1848040217649151,0.1848040217649151,0.1848040217649151,0.1848040217649151,0.1848040217649151,0.1848040217649151,0.1848040217649151,0.1848040217649151,0.1848040217649151,0.1848040217649151,0.1848040217649151,0.1848040217649151,0.1848040217649151,0.1848040217649151,0.1848040217649151,0.1848040217649151,0.1848040217649151,0.1848040217649151,0.1848040217649151,0.1848040217649151,0.1848040217649151,0.1848040217649151,0.1848040217649151,0.1848040217649151,0.1848040217649151,0.1848040217649151,0.1848040217649151,0.1848040217649151,0.1848040217649151,0.1848040217649151,0.1848040217649151,0.1848040217649151,0.1848040217649151,0.1848040217649151,0.1848040217649151,0.1848040217649151,0.1848040217649151,0.1848040217649151,0.1848040217649151,0.1848040217649151,0.1848040217649151,0.1848040217649151,0.1848040217649151,0.1848040217649151,0.1848040217649151,0.1848040217649151,0.1848040217649151,0.1848040217649151,0.1848040217649151,0.1848040217649151,0.1848040217649151,0.1848040217649151,0.1848040217649151,0.1848040217649151,0.1848040217649151,0.1848040217649151,0.1848040217649151,0.1848040217649151,0.1848040217649151,0.1848040217649151,0.1848040217649151,0.1848040217649151,0.1848040217649151,0.1848040217649151,0.1848040217649151,0.1848040217649151,0.1848040217649151,0.1848040217649151,0.1848040217649151,0.1848040217649151,0.1848040217649151,0.1848040217649151,0.1848040217649151,0.1848040217649151,0.1848040217649151,0.1848040217649151,0.1848040217649151,0.1848040217649151,0.1848040217649151,0.1848040217649151,0.1848040217649151,0.1848040217649151,0.1848040217649151,0.1848040217649151,0.1848040217649151,0.1848040217649151,0.1848040217649151,0.1848040217649151,0.1848040217649151,0.1848040217649151,0.1848040217649151,0.1848040217649151,0.1848040217649151,0.1848040217649151,0.1848040217649151,0.1848040217649151,0.1848040217649151,0.1848040217649151,0.1848040217649151,0.1848040217649151,0.1848040217649151,0.1848040217649151,0.1848040217649151,0.1848040217649151,0.1848040217649151,0.1848040217649151,0.1848040217649151,0.1848040217649151,0.1848040217649151,0.1848040217649151,0.1848040217649151,0.1848040217649151,0.1848040217649151,0.1848040217649151,0.1848040217649151,0.1848040217649151,0.1848040217649151,0.1848040217649151,0.1848040217649151,0.1848040217649151,0.1848040217649151,0.1848040217649151,0.1848040217649151,0.1848040217649151,0.1848040217649151,0.1848040217649151,0.1848040217649151,0.1848040217649151,0.1848040217649151,0.1848040217649151,0.1848040217649151,0.1848040217649151,0.1848040217649151,0.1848040217649151,0.1848040217649151,0.1848040217649151,0.1848040217649151,0.1848040217649151,0.1848040217649151,0.1848040217649151,0.1848040217649151,0.1848040217649151,0.1848040217649151,0.1848040217649151,0.1848040217649151,0.1848040217649151,0.1848040217649151,0.1848040217649151,0.1848040217649151,0.1848040217649151,0.1848040217649151,0.1848040217649151,0.1848040217649151,0.1848040217649151,0.1848040217649151,0.1848040217649151,0.1848040217649151,0.1848040217649151,0.1848040217649151,0.1848040217649151,0.1848040217649151,0.1848040217649151,0.1848040217649151,0.1848040217649151,0.1848040217649151,0.1848040217649151,0.1848040217649151,0.1848040217649151,0.1848040217649151,0.1848040217649151,0.1848040217649151,0.1848040217649151,0.1848040217649151,0.1848040217649151,0.1848040217649151,0.1848040217649151,0.1848040217649151,0.1848040217649151,0.1848040217649151,0.1848040217649151,0.1848040217649151,0.1848040217649151,0.1848040217649151,0.1848040217649151,0.1848040217649151,0.1848040217649151,0.1848040217649151,0.1848040217649151,0.1848040217649151,0.1848040217649151,0.1848040217649151,0.1848040217649151,0.1848040217649151,0.1848040217649151,0.1848040217649151,0.1848040217649151,0.1848040217649151,0.1848040217649151,0.1848040217649151,0.1848040217649151,0.1848040217649151,0.1848040217649151,0.1848040217649151,0.1848040217649151,0.1848040217649151,0.1848040217649151,0.1848040217649151,0.1848040217649151,0.1848040217649151,0.1848040217649151,0.1848040217649151,0.1848040217649151,0.1848040217649151,0.1848040217649151,0.1848040217649151,0.1848040217649151,0.1848040217649151,0.1848040217649151,0.1848040217649151,0.1848040217649151,0.1848040217649151,0.1848040217649151,0.1848040217649151,0.1848040217649151,0.1848040217649151,0.1848040217649151,0.1848040217649151,0.1848040217649151,0.1848040217649151,0.1848040217649151,0.1848040217649151,0.1848040217649151,0.1848040217649151,0.1848040217649151,0.1848040217649151,0.1848040217649151,0.1848040217649151,0.1848040217649151,0.1848040217649151,0.1848040217649151,0.1848040217649151,0.1848040217649151,0.1848040217649151,0.1848040217649151,0.1848040217649151,0.1848040217649151,0.1848040217649151,0.1848040217649151,0.1848040217649151,0.1848040217649151,0.1848040217649151,0.1848040217649151,0.1848040217649151,0.1848040217649151,0.1848040217649151,0.1848040217649151,0.1848040217649151,0.1848040217649151,0.1848040217649151,0.1848040217649151,0.1848040217649151,0.1848040217649151,0.1848040217649151,0.1848040217649151,0.1848040217649151,0.1848040217649151,0.1848040217649151,0.1848040217649151,0.1848040217649151,0.1848040217649151,0.1848040217649151,0.1848040217649151,0.1848040217649151,0.1848040217649151,0.1848040217649151,0.1848040217649151,0.1848040217649151,0.1848040217649151,0.1848040217649151,0.1848040217649151,0.1848040217649151,0.1848040217649151,0.1848040217649151,0.1848040217649151,0.1848040217649151,0.1848040217649151,0.1848040217649151,0.1848040217649151,0.1848040217649151,0.1848040217649151,0.1848040217649151,0.1848040217649151,0.1848040217649151,0.1848040217649151,0.1848040217649151,0.1848040217649151,0.1848040217649151,0.1848040217649151,0.1848040217649151,0.1848040217649151,0.1848040217649151,0.1848040217649151,0.1848040217649151,0.1848040217649151,0.1848040217649151,0.1848040217649151,0.1848040217649151,0.1848040217649151,0.1848040217649151,0.1848040217649151,0.1848040217649151,0.1848040217649151,0.1848040217649151,0.1848040217649151,0.1848040217649151,0.1848040217649151,0.1848040217649151,0.1848040217649151,0.1848040217649151,0.1848040217649151,0.1848040217649151,0.1848040217649151,0.1848040217649151,0.1848040217649151,0.1848040217649151,0.1848040217649151,0.1848040217649151,0.1848040217649151,0.1848040217649151,0.1848040217649151,0.1848040217649151,0.1848040217649151,0.1848040217649151,0.1848040217649151
-1.0,-1.0,-1.0,-1.0,-1.0,-1.0,-1.0,-1.0,-1.0,-1.0,-1.0,-1.0,-1.0,-1.0,-1.0,-1.0,-1.0,-1.0,-1.0,-1.0,-1.0,-1.0,-1.0,-1.0,-1.0,-1.0,-1.0,-1.0,-1.0,-1.0,-1.0,-1.0,-1.0,-1.0,-1.0,-1.0,-1.0,-1.0,-1.0,-1.0,-1.0,-1.0,-1.0,-1.0,-1.0,-1.0,-1.0,-1.0,-1.0,-1.0,-1.0,-1.0,-1.0,-1.0,-1.0,-1.0,-1.0,-1.0,-1.0,-1.0,-1.0,-1.0,-1.0,-1.0,-1.0,-1.0,-1.0,-1.0,-1.0,-1.0,-1.0,-1.0,-1.0,-1.0,-1.0,-1.0,-1.0,-1.0,-1.0,-1.0,-1.0,-1.0,-1.0,-1.0,-1.0,-1.0,-1.0,-1.0,-1.0,-1.0,-1.0,-1.0,-1.0,-1.0,-1.0,-1.0,-1.0,-1.0,-1.0,-1.0,-1.0,-1.0,-1.0,-1.0,-1.0,-1.0,-1.0,-1.0,-1.0,-1.0,-1.0,-1.0,-1.0,-1.0,-1.0,-1.0,-1.0,-1.0,-1.0,-1.0,-1.0,-1.0,-1.0,-1.0,-1.0,-1.0,-1.0,-1.0,-1.0,-1.0,-1.0,-1.0,-1.0,-1.0,-1.0,-1.0,-1.0,-1.0,-1.0,-1.0,-1.0,-1.0,-1.0,-1.0,-1.0,-1.0,-1.0,-1.0,-1.0,-1.0,-1.0,-1.0,-1.0,-1.0,-1.0,-1.0,-1.0,-1.0,-1.0,-1.0,-1.0,-1.0,-1.0,-1.0,-1.0,-1.0,-1.0,-1.0,-1.0,-1.0,-1.0,-1.0,-1.0,-1.0,-1.0,-1.0,-1.0,-1.0,-1.0,-1.0,-1.0,-1.0,-1.0,-1.0,-1.0,-1.0,-1.0,-1.0,-1.0,-1.0,-1.0,-1.0,-1.0,-1.0,-1.0,-1.0,-1.0,-1.0,-1.0,-1.0,-1.0,-1.0,-1.0,-1.0,-1.0,-1.0,-1.0,-1.0,-1.0,-1.0,-1.0,-1.0,-1.0,-1.0,-1.0,-1.0,-1.0,-1.0,-1.0,-1.0,-1.0,-1.0,-1.0,-1.0,-1.0,-1.0,-1.0,-1.0,-1.0,-1.0,-1.0,-1.0,-1.0,-1.0,-1.0,-1.0,-1.0,-1.0,-1.0,-1.0,-1.0,-1.0,-1.0,-1.0,-1.0,-1.0,-1.0,-1.0,-1.0,-1.0,-1.0,-1.0,-1.0,-1.0,-1.0,-1.0,-1.0,-1.0,-1.0,-1.0,-1.0,-1.0,-1.0,-1.0,-1.0,-1.0,-1.0,-1.0,-1.0,-1.0,-1.0,-1.0,-1.0,-1.0,-1.0,-1.0,-1.0,-1.0,-1.0,-1.0,-1.0,-1.0,-1.0,-1.0,-1.0,-1.0,-1.0,-1.0,-1.0,-1.0,-1.0,-1.0,-1.0,-1.0,-1.0,-1.0,-1.0,-1.0,-1.0,-1.0,-1.0,-1.0,-1.0,-1.0,-1.0,-1.0,-1.0,-1.0,-1.0,-1.0,-1.0,-1.0,-1.0,-1.0,-1.0,-1.0,-1.0,-1.0,-1.0,-1.0,-1.0,-1.0,-1.0,-1.0,-1.0,-1.0,-1.0,-1.0,-1.0,-1.0,-1.0,-1.0,-1.0,-1.0,-1.0,-1.0,-1.0,-1.0,-1.0,-1.0,-1.0,-1.0,-1.0,-1.0,-1.0,-1.0,-1.0,-1.0,-1.0,-1.0,-1.0,-1.0,-1.0,-1.0,-1.0,-1.0,-1.0,-1.0,-1.0,-1.0,-1.0,-1.0,-1.0,-1.0,-1.0,-1.0,-1.0,-1.0,-1.0,-1.0,-1.0,-1.0,-1.0,-1.0,-1.0,-1.0,-1.0,-1.0,-1.0,-1.0,-1.0,-1.0,-1.0,-1.0,-1.0,-1.0,-1.0,-1.0,-1.0,-1.0,-1.0,-1.0,-1.0,-1.0,-1.0,-1.0,-1.0,-1.0
-1.0,-1.0,-1.0,-1.0,-1.0,-1.0,-1.0,-1.0,-1.0,-1.0,-1.0,-1.0,-1.0,-1.0,-1.0,-1.0,-1.0,-1.0,-1.0,-1.0,-1.0,-1.0,-1.0,-1.0,-1.0,-1.0,-1.0,-1.0,-1.0,-1.0,-1.0,-1.0,-1.0,-1.0,-1.0,-1.0,-1.0,-1.0,-1.0,-1.0,-1.0,-1.0,-1.0,-1.0,-1.0,-1.0,-1.0,-1.0,-1.0,-1.0,-1.0,-1.0,-1.0,-1.0,-1.0,-1.0,-1.0,-1.0,-1.0,-1.0,-1.0,-1.0,-1.0,-1.0,-1.0,-1.0,-1.0,-1.0,-1.0,-1.0,-1.0,-1.0,-1.0,-1.0,-1.0,-1.0,-1.0,-1.0,-1.0,-1.0,-1.0,-1.0,-1.0,-1.0,-1.0,-1.0,-1.0,-1.0,-1.0,-1.0,-1.0,-1.0,-1.0,-1.0,-1.0,-1.0,-1.0,-1.0,-1.0,-1.0,-1.0,-1.0,-1.0,-1.0,-1.0,-1.0,-1.0,-1.0,-1.0,-1.0,-1.0,-1.0,-1.0,-1.0,-1.0,-1.0,-1.0,-1.0,-1.0,-1.0,-1.0,-1.0,-1.0,-1.0,-1.0,-1.0,-1.0,-1.0,-1.0,-1.0,-1.0,-1.0,-1.0,-1.0,-1.0,-1.0,-1.0,-1.0,-1.0,-1.0,-1.0,-1.0,-1.0,-1.0,-1.0,-1.0,-1.0,-1.0,-1.0,-1.0,-1.0,-1.0,-1.0,-1.0,-1.0,-1.0,-1.0,-1.0,-1.0,-1.0,-1.0,-1.0,-1.0,-1.0,-1.0,-1.0,-1.0,-1.0,-1.0,-1.0,-1.0,-1.0,-1.0,-1.0,-1.0,-1.0,-1.0,-1.0,-1.0,-1.0,-1.0,-1.0,-1.0,-1.0,-1.0,-1.0,-1.0,-1.0,-1.0,-1.0,-1.0,-1.0,-1.0,-1.0,-1.0,-1.0,-1.0,-1.0,-1.0,-1.0,-1.0,-1.0,-1.0,-1.0,-1.0,-1.0,-1.0,-1.0,-1.0,-1.0,-1.0,-1.0,-1.0,-1.0,-1.0,-1.0,-1.0,-1.0,-1.0,-1.0,-1.0,-1.0,-1.0,-1.0,-1.0,-1.0,-1.0,-1.0,-1.0,-1.0,-1.0,-1.0,-1.0,-1.0,-1.0,-1.0,-1.0,-1.0,-1.0,-1.0,-1.0,-1.0,-1.0,-1.0,-1.0,-1.0,-1.0,-1.0,-1.0,-1.0,-1.0,-1.0,-1.0,-1.0,-1.0,-1.0,-1.0,-1.0,-1.0,-1.0,-1.0,-1.0,-1.0,-1.0,-1.0,-1.0,-1.0,-1.0,-1.0,-1.0,-1.0,-1.0,-1.0,-1.0,-1.0,-1.0,-1.0,-1.0,-1.0,-1.0,-1.0,-1.0,-1.0,-1.0,-1.0,-1.0,-1.0,-1.0,-1.0,-1.0,-1.0,-1.0,-1.0,-1.0,-1.0,-1.0,-1.0,-1.0,-1.0,-1.0,-1.0,-1.0,-1.0,-1.0,-1.0,-1.0,-1.0,-1.0,-1.0,-1.0,-1.0,-1.0,-1.0,-1.0,-1.0,-1.0,-1.0,-1.0,-1.0,-1.0,-1.0,-1.0,-1.0,-1.0,-1.0,-1.0,-1.0,-1.0,-1.0,-1.0,-1.0,-1.0,-1.0,-1.0,-1.0,-1.0,-1.0,-1.0,-1.0,-1.0,-1.0,-1.0,-1.0,-1.0,-1.0,-1.0,-1.0,-1.0,-1.0,-1.0,-1.0,-1.0,-1.0,-1.0,-1.0,-1.0,-1.0,-1.0,-1.0,-1.0,-1.0,-1.0,-1.0,-1.0,-1.0,-1.0,-1.0,-1.0,-1.0,-1.0,-1.0,-1.0,-1.0,-1.0,-1.0,-1.0,-1.0,-1.0,-1.0,-1.0,-1.0,-1.0,-1.0,-1.0,-1.0,-1.0,-1.0,-1.0,-1.0,-1.0,-1.0,-1.0,-1.0,-1.0,-1.0,-1.0,-1.0,-1.0
1.0,1.0,1.0,1.0,1.0,1.0,1.0,1.0,1.0,1.0,1.0,1.0,1.0,1.0,1.0,1.0,1.0,1.0,1.0,1.0,1.0,1.0,1.0,1.0,1.0,1.0,1.0,1.0,1.0,1.0,1.0,1.0,1.0,1.0,1.0,1.0,1.0,1.0,1.0,1.0,1.0,1.0,1.0,1.0,1.0,1.0,1.0,1.0,1.0,1.0,1.0,1.0,1.0,1.0,1.0,1.0,1.0,1.0,1.0,1.0,1.0,1.0,1.0,1.0,1.0,1.0,1.0,1.0,1.0,1.0,1.0,1.0,1.0,1.0,1.0,1.0,1.0,1.0,1.0,1.0,1.0,1.0,1.0,1.0,1.0,1.0,1.0,1.0,1.0,1.0,1.0,1.0,1.0,1.0,1.0,1.0,1.0,1.0,1.0,1.0,1.0,1.0,1.0,1.0,1.0,1.0,1.0,1.0,1.0,1.0,1.0,1.0,1.0,1.0,1.0,1.0,1.0,1.0,1.0,1.0,1.0,1.0,1.0,1.0,1.0,1.0,1.0,1.0,1.0,1.0,1.0,1.0,1.0,1.0,1.0,1.0,1.0,1.0,1.0,1.0,1.0,1.0,1.0,1.0,1.0,1.0,1.0,1.0,1.0,1.0,1.0,1.0,1.0,1.0,1.0,1.0,1.0,1.0,1.0,1.0,1.0,1.0,1.0,1.0,1.0,1.0,1.0,1.0,1.0,1.0,1.0,1.0,1.0,1.0,1.0,1.0,1.0,1.0,1.0,1.0,1.0,1.0,1.0,1.0,1.0,1.0,1.0,1.0,1.0,1.0,1.0,1.0,1.0,1.0,1.0,1.0,1.0,1.0,1.0,1.0,1.0,1.0,1.0,1.0,1.0,1.0,1.0,1.0,1.0,1.0,1.0,1.0,1.0,1.0,1.0,1.0,1.0,1.0,1.0,1.0,1.0,1.0,1.0,1.0,1.0,1.0,1.0,1.0,1.0,1.0,1.0,1.0,1.0,1.0,1.0,1.0,1.0,1.0,1.0,1.0,1.0,1.0,1.0,1.0,1.0,1.0,1.0,1.0,1.0,1.0,1.0,1.0,1.0,1.0,1.0,1.0,1.0,1.0,1.0,1.0,1.0,1.0,1.0,1.0,1.0,1.0,1.0,1.0,1.0,1.0,1.0,1.0,1.0,1.0,1.0,1.0,1.0,1.0,1.0,1.0,1.0,1.0,1.0,1.0,1.0,1.0,1.0,1.0,1.0,1.0,1.0,1.0,1.0,1.0,1.0,1.0,1.0,1.0,1.0,1.0,1.0,1.0,1.0,1.0,1.0,1.0,1.0,1.0,1.0,1.0,1.0,1.0,1.0,1.0,1.0,1.0,1.0,1.0,1.0,1.0,1.0,1.0,1.0,1.0,1.0,1.0,1.0,1.0,1.0,1.0,1.0,1.0,1.0,1.0,1.0,1.0,1.0,1.0,1.0,1.0,1.0,1.0,1.0,1.0,1.0,1.0,1.0,1.0,1.0,1.0,1.0,1.0,1.0,1.0,1.0,1.0,1.0,1.0,1.0,1.0,1.0,1.0,1.0,1.0,1.0,1.0,1.0,1.0,1.0,1.0,1.0,1.0,1.0,1.0,1.0,1.0,1.0,1.0,1.0,1.0,1.0,1.0,1.0,1.0,1.0,1.0,1.0,1.0,1.0,1.0,1.0,1.0,1.0,1.0,1.0,1.0,1.0,1.0
-1.0,-1.0,-1.0,-1.0,-1.0,-1.0,-1.0,-1.0,-1.0,-1.0,-1.0,-1.0,-1.0,-1.0,-1.0,-1.0,-1.0,-1.0,-1.0,-1.0,-1.0,-1.0,-1.0,-1.0,-1.0,-1.0,-1.0,-1.0,-1.0,-1.0,-1.0,-1.0,-1.0,-1.0,-1.0,-1.0,-1.0,-1.0,-1.0,-1.0,-1.0,-1.0,-1.0,-1.0,-1.0,-1.0,-1.0,-1.0,-1.0,-1.0,-1.0,-1.0,-1.0,-1.0,-1.0,-1.0,-1.0,-1.0,-1.0,-1.0,-1.0,-1.0,-1.0,-1.0,-1.0,-1.0,-1.0,-1.0,-1.0,-1.0,-1.0,-1.0,-1.0,-1.0,-1.0,-1.0,-1.0,-1.0,-1.0,-1.0,-1.0,-1.0,-1.0,-1.0,-1.0,-1.0,-1.0,-1.0,-1.0,-1.0,-1.0,-1.0,-1.0,-1.0,-1.0,-1.0,-1.0,-1.0,-1.0,-1.0,-1.0,-1.0,-1.0,-1.0,-1.0,-1.0,-1.0,-1.0,-1.0,-1.0,-1.0,-1.0,-1.0,-1.0,-1.0,-1.0,-1.0,-1.0,-1.0,-1.0,-1.0,-1.0,-1.0,-1.0,-1.0,-1.0,-1.0,-1.0,-1.0,-1.0,-1.0,-1.0,-1.0,-1.0,-1.0,-1.0,-1.0,-1.0,-1.0,-1.0,-1.0,-1.0,-1.0,-1.0,-1.0,-1.0,-1.0,-1.0,-1.0,-1.0,-1.0,-1.0,-1.0,-1.0,-1.0,-1.0,-1.0,-1.0,-1.0,-1.0,-1.0,-1.0,-1.0,-1.0,-1.0,-1.0,-1.0,-1.0,-1.0,-1.0,-1.0,-1.0,-1.0,-1.0,-1.0,-1.0,-1.0,-1.0,-1.0,-1.0,-1.0,-1.0,-1.0,-1.0,-1.0,-1.0,-1.0,-1.0,-1.0,-1.0,-1.0,-1.0,-1.0,-1.0,-1.0,-1.0,-1.0,-1.0,-1.0,-1.0,-1.0,-1.0,-1.0,-1.0,-1.0,-1.0,-1.0,-1.0,-1.0,-1.0,-1.0,-1.0,-1.0,-1.0,-1.0,-1.0,-1.0,-1.0,-1.0,-1.0,-1.0,-1.0,-1.0,-1.0,-1.0,-1.0,-1.0,-1.0,-1.0,-1.0,-1.0,-1.0,-1.0,-1.0,-1.0,-1.0,-1.0,-1.0,-1.0,-1.0,-1.0,-1.0,-1.0,-1.0,-1.0,-1.0,-1.0,-1.0,-1.0,-1.0,-1.0,-1.0,-1.0,-1.0,-1.0,-1.0,-1.0,-1.0,-1.0,-1.0,-1.0,-1.0,-1.0,-1.0,-1.0,-1.0,-1.0,-1.0,-1.0,-1.0,-1.0,-1.0,-1.0,-1.0,-1.0,-1.0,-1.0,-1.0,-1.0,-1.0,-1.0,-1.0,-1.0,-1.0,-1.0,-1.0,-1.0,-1.0,-1.0,-1.0,-1.0,-1.0,-1.0,-1.0,-1.0,-1.0,-1.0,-1.0,-1.0,-1.0,-1.0,-1.0,-1.0,-1.0,-1.0,-1.0,-1.0,-1.0,-1.0,-1.0,-1.0,-1.0,-1.0,-1.0,-1.0,-1.0,-1.0,-1.0,-1.0,-1.0,-1.0,-1.0,-1.0,-1.0,-1.0,-1.0,-1.0,-1.0,-1.0,-1.0,-1.0,-1.0,-1.0,-1.0,-1.0,-1.0,-1.0,-1.0,-1.0,-1.0,-1.0,-1.0,-1.0,-1.0,-1.0,-1.0,-1.0,-1.0,-1.0,-1.0,-1.0,-1.0,-1.0,-1.0,-1.0,-1.0,-1.0,-1.0,-1.0,-1.0,-1.0,-1.0,-1.0,-1.0,-1.0,-1.0,-1.0,-1.0,-1.0,-1.0,-1.0,-1.0,-1.0,-1.0,-1.0,-1.0,-1.0,-1.0,-1.0,-1.0,-1.0,-1.0,-1.0,-1.0,-1.0,-1.0,-1.0,-1.0,-1.0,-1.0,-1.0,-1.0,-1.0,-1.0,-1.0,-1.0,-1.0,-1.0
-1.0,-1.0,-1.0,-1.0,-1.0,-1.0,-1.0,-1.0,-1.0,-1.0,-1.0,-1.0,-1.0,-1.0,-1.0,-1.0,-1.0,-1.0,-1.0,-1.0,-1.0,-1.0,-1.0,-1.0,-1.0,-1.0,-1.0,-1.0,-1.0,-1.0,-1.0,-1.0,-1.0,-1.0,-1.0,-1.0,-1.0,-1.0,-1.0,-1.0,-1.0,-1.0,-1.0,-1.0,-1.0,-1.0,-1.0,-1.0,-1.0,-1.0,-1.0,-1.0,-1.0,-1.0,-1.0,-1.0,-1.0,-1.0,-1.0,-1.0,-1.0,-1.0,-1.0,-1.0,-1.0,-1.0,-1.0,-1.0,-1.0,-1.0,-1.0,-1.0,-1.0,-1.0,-1.0,-1.0,-1.0,-1.0,-1.0,-1.0,-1.0,-1.0,-1.0,-1.0,-1.0,-1.0,-1.0,-1.0,-1.0,-1.0,-1.0,-1.0,-1.0,-1.0,-1.0,-1.0,-1.0,-1.0,-1.0,-1.0,-1.0,-1.0,-1.0,-1.0,-1.0,-1.0,-1.0,-1.0,-1.0,-1.0,-1.0,-1.0,-1.0,-1.0,-1.0,-1.0,-1.0,-1.0,-1.0,-1.0,-1.0,-1.0,-1.0,-1.0,-1.0,-1.0,-1.0,-1.0,-1.0,-1.0,-1.0,-1.0,-1.0,-1.0,-1.0,-1.0,-1.0,-1.0,-1.0,-1.0,-1.0,-1.0,-1.0,-1.0,-1.0,-1.0,-1.0,-1.0,-1.0,-1.0,-1.0,-1.0,-1.0,-1.0,-1.0,-1.0,-1.0,-1.0,-1.0,-1.0,-1.0,-1.0,-1.0,-1.0,-1.0,-1.0,-1.0,-1.0,-1.0,-1.0,-1.0,-1.0,-1.0,-1.0,-1.0,-1.0,-1.0,-1.0,-1.0,-1.0,-1.0,-1.0,-1.0,-1.0,-1.0,-1.0,-1.0,-1.0,-1.0,-1.0,-1.0,-1.0,-1.0,-1.0,-1.0,-1.0,-1.0,-1.0,-1.0,-1.0,-1.0,-1.0,-1.0,-1.0,-1.0,-1.0,-1.0,-1.0,-1.0,-1.0,-1.0,-1.0,-1.0,-1.0,-1.0,-1.0,-1.0,-1.0,-1.0,-1.0,-1.0,-1.0,-1.0,-1.0,-1.0,-1.0,-1.0,-1.0,-1.0,-1.0,-1.0,-1.0,-1.0,-1.0,-1.0,-1.0,-1.0,-1.0,-1.0,-1.0,-1.0,-1.0,-1.0,-1.0,-1.0,-1.0,-1.0,-1.0,-1.0,-1.0,-1.0,-1.0,-1.0,-1.0,-1.0,-1.0,-1.0,-1.0,-1.0,-1.0,-1.0,-1.0,-1.0,-1.0,-1.0,-1.0,-1.0,-1.0,-1.0,-1.0,-1.0,-1.0,-1.0,-1.0,-1.0,-1.0,-1.0,-1.0,-1.0,-1.0,-1.0,-1.0,-1.0,-1.0,-1.0,-1.0,-1.0,-1.0,-1.0,-1.0,-1.0,-1.0,-1.0,-1.0,-1.0,-1.0,-1.0,-1.0,-1.0,-1.0,-1.0,-1.0,-1.0,-1.0,-1.0,-1.0,-1.0,-1.0,-1.0,-1.0,-1.0,-1.0,-1.0,-1.0,-1.0,-1.0,-1.0,-1.0,-1.0,-1.0,-1.0,-1.0,-1.0,-1.0,-1.0,-1.0,-1.0,-1.0,-1.0,-1.0,-1.0,-1.0,-1.0,-1.0,-1.0,-1.0,-1.0,-1.0,-1.0,-1.0,-1.0,-1.0,-1.0,-1.0,-1.0,-1.0,-1.0,-1.0,-1.0,-1.0,-1.0,-1.0,-1.0,-1.0,-1.0,-1.0,-1.0,-1.0,-1.0,-1.0,-1.0,-1.0,-1.0,-1.0,-1.0,-1.0,-1.0,-1.0,-1.0,-1.0,-1.0,-1.0,-1.0,-1.0,-1.0,-1.0,-1.0,-1.0,-1.0,-1.0,-1.0,-1.0,-1.0,-1.0,-1.0,-1.0,-1.0,-1.0,-1.0,-1.0,-1.0,-1.0,-1.0,-1.0,-1.0,-1.0,-1.0,-1.0
-1.0,-1.0,-1.0,-1.0,-1.0,-1.0,-1.0,-1.0,-1.0,-1.0,-1.0,-1.0,-1.0,-1.0,-1.0,-1.0,-1.0,-1.0,-1.0,-1.0,-1.0,-1.0,-1.0,-1.0,-1.0,-1.0,-1.0,-1.0,-1.0,-1.0,-1.0,-1.0,-1.0,-1.0,-1.0,-1.0,-1.0,-1.0,-1.0,-1.0,-1.0,-1.0,-1.0,-1.0,-1.0,-1.0,-1.0,-1.0,-1.0,-1.0,-1.0,-1.0,-1.0,-1.0,-1.0,-1.0,-1.0,-1.0,-1.0,-1.0,-1.0,-1.0,-1.0,-1.0,-1.0,-1.0,-1.0,-1.0,-1.0,-1.0,-1.0,-1.0,-1.0,-1.0,-1.0,-1.0,-1.0,-1.0,-1.0,-1.0,-1.0,-1.0,-1.0,-1.0,-1.0,-1.0,-1.0,-1.0,-1.0,-1.0,-1.0,-1.0,-1.0,-1.0,-1.0,-1.0,-1.0,-1.0,-1.0,-1.0,-1.0,-1.0,-1.0,-1.0,-1.0,-1.0,-1.0,-1.0,-1.0,-1.0,-1.0,-1.0,-1.0,-1.0,-1.0,-1.0,-1.0,-1.0,-1.0,-1.0,-1.0,-1.0,-1.0,-1.0,-1.0,-1.0,-1.0,-1.0,-1.0,-1.0,-1.0,-1.0,-1.0,-1.0,-1.0,-1.0,-1.0,-1.0,-1.0,-1.0,-1.0,-1.0,-1.0,-1.0,-1.0,-1.0,-1.0,-1.0,-1.0,-1.0,-1.0,-1.0,-1.0,-1.0,-1.0,-1.0,-1.0,-1.0,-1.0,-1.0,-1.0,-1.0,-1.0,-1.0,-1.0,-1.0,-1.0,-1.0,-1.0,-1.0,-1.0,-1.0,-1.0,-1.0,-1.0,-1.0,-1.0,-1.0,-1.0,-1.0,-1.0,-1.0,-1.0,-1.0,-1.0,-1.0,-1.0,-1.0,-1.0,-1.0,-1.0,-1.0,-1.0,-1.0,-1.0,-1.0,-1.0,-1.0,-1.0,-1.0,-1.0,-1.0,-1.0,-1.0,-1.0,-1.0,-1.0,-1.0,-1.0,-1.0,-1.0,-1.0,-1.0,-1.0,-1.0,-1.0,-1.0,-1.0,-1.0,-1.0,-1.0,-1.0,-1.0,-1.0,-1.0,-1.0,-1.0,-1.0,-1.0,-1.0,-1.0,-1.0,-1.0,-1.0,-1.0,-1.0,-1.0,-1.0,-1.0,-1.0,-1.0,-1.0,-1.0,-1.0,-1.0,-1.0,-1.0,-1.0,-1.0,-1.0,-1.0,-1.0,-1.0,-1.0,-1.0,-1.0,-1.0,-1.0,-1.0,-1.0,-1.0,-1.0,-1.0,-1.0,-1.0,-1.0,-1.0,-1.0,-1.0,-1.0,-1.0,-1.0,-1.0,-1.0,-1.0,-1.0,-1.0,-1.0,-1.0,-1.0,-1.0,-1.0,-1.0,-1.0,-1.0,-1.0,-1.0,-1.0,-1.0,-1.0,-1.0,-1.0,-1.0,-1.0,-1.0,-1.0,-1.0,-1.0,-1.0,-1.0,-1.0,-1.0,-1.0,-1.0,-1.0,-1.0,-1.0,-1.0,-1.0,-1.0,-1.0,-1.0,-1.0,-1.0,-1.0,-1.0,-1.0,-1.0,-1.0,-1.0,-1.0,-1.0,-1.0,-1.0,-1.0,-1.0,-1.0,-1.0,-1.0,-1.0,-1.0,-1.0,-1.0,-1.0,-1.0,-1.0,-1.0,-1.0,-1.0,-1.0,-1.0,-1.0,-1.0,-1.0,-1.0,-1.0,-1.0,-1.0,-1.0,-1.0,-1.0,-1.0,-1.0,-1.0,-1.0,-1.0,-1.0,-1.0,-1.0,-1.0,-1.0,-1.0,-1.0,-1.0,-1.0,-1.0,-1.0,-1.0,-1.0,-1.0,-1.0,-1.0,-1.0,-1.0,-1.0,-1.0,-1.0,-1.0,-1.0,-1.0,-1.0,-1.0,-1.0,-1.0,-1.0,-1.0,-1.0,-1.0,-1.0,-1.0,-1.0,-1.0,-1.0,-1.0,-1.0,-1.0,-1.0,-1.0
1.0,1.0,1.0,1.0,1.0,1.0,1.0,1.0,1.0,1.0,1.0,1.0,1.0,1.0,1.0,1.0,1.0,1.0,1.0,1.0,1.0,1.0,1.0,1.0,1.0,1.0,1.0,1.0,1.0,1.0,1.0,1.0,1.0,1.0,1.0,1.0,1.0,1.0,1.0,1.0,1.0,1.0,1.0,1.0,1.0,1.0,1.0,1.0,1.0,1.0,1.0,1.0,1.0,1.0,1.0,1.0,1.0,1.0,1.0,1.0,1.0,1.0,1.0,1.0,1.0,1.0,1.0,1.0,1.0,1.0,1.0,1.0,1.0,1.0,1.0,1.0,1.0,1.0,1.0,1.0,1.0,1.0,1.0,1.0,1.0,1.0,1.0,1.0,1.0,1.0,1.0,1.0,1.0,1.0,1.0,1.0,1.0,1.0,1.0,1.0,1.0,1.0,1.0,1.0,1.0,1.0,1.0,1.0,1.0,1.0,1.0,1.0,1.0,1.0,1.0,1.0,1.0,1.0,1.0,1.0,1.0,1.0,1.0,1.0,1.0,1.0,1.0,1.0,1.0,1.0,1.0,1.0,1.0,1.0,1.0,1.0,1.0,1.0,1.0,1.0,1.0,1.0,1.0,1.0,1.0,1.0,1.0,1.0,1.0,1.0,1.0,1.0,1.0,1.0,1.0,1.0,1.0,1.0,1.0,1.0,1.0,1.0,1.0,1.0,1.0,1.0,1.0,1.0,1.0,1.0,1.0,1.0,1.0,1.0,1.0,1.0,1.0,1.0,1.0,1.0,1.0,1.0,1.0,1.0,1.0,1.0,1.0,1.0,1.0,1.0,1.0,1.0,1.0,1.0,1.0,1.0,1.0,1.0,1.0,1.0,1.0,1.0,1.0,1.0,1.0,1.0,1.0,1.0,1.0,1.0,1.0,1.0,1.0,1.0,1.0,1.0,1.0,1.0,1.0,1.0,1.0,1.0,1.0,1.0,1.0,1.0,1.0,1.0,1.0,1.0,1.0,1.0,1.0,1.0,1.0,1.0,1.0,1.0,1.0,1.0,1.0,1.0,1.0,1.0,1.0,1.0,1.0,1.0,1.0,1.0,1.0,1.0,1.0,1.0,1.0,1.0,1.0,1.0,1.0,1.0,1.0,1.0,1.0,1.0,1.0,1.0,1.0,1.0,1.0,1.0,1.0,1.0,1.0,1.0,1.0,1.0,1.0,1.0,1.0,1.0,1.0,1.0,1.0,1.0,1.0,1.0,1.0,1.0,1.0,1.0,1.0,1.0,1.0,1.0,1.0,1.0,1.0,1.0,1.0,1.0,1.0,1.0,1.0,1.0,1.0,1.0,1.0,1.0,1.0,1.0,1.0,1.0,1.0,1.0,1.0,1.0,1.0,1.0,1.0,1.0,1.0,1.0,1.0,1.0,1.0,1.0,1.0,1.0,1.0,1.0,1.0,1.0,1.0,1.0,1.0,1.0,1.0,1.0,1.0,1.0,1.0,1.0,1.0,1.0,1.0,1.0,1.0,1.0,1.0,1.0,1.0,1.0,1.0,1.0,1.0,1.0,1.0,1.0,1.0,1.0,1.0,1.0,1.0,1.0,1.0,1.0,1.0,1.0,1.0,1.0,1.0,1.0,1.0,1.0,1.0,1.0,1.0,1.0,1.0,1.0,1.0,1.0,1.0,1.0,1.0,1.0,1.0,1.0,1.0,1.0,1.0,1.0,1.0,1.0,1.0,1.0,1.0,1.0
-0.2024198011489006,-0.2024198011489006,-0.2024198011489006,-0.2024198011489006,-0.2024198011489006,-0.2024198011489006,-0.2024198011489006,-0.2024198011489006,-0.2024198011489006,-0.2024198011489006,-0.2024198011489006,-0.2024198011489006,-0.2024198011489006,-0.2024198011489006,-0.2024198011489006,-0.2024198011489006,-0.2024198011489006,-0.2024198011489006,-0.2024198011489006,-0.2024198011489006,-0.2024198011489006,-0.2024198011489006,-0.2024198011489006,-0.2024198011489006,-0.2024198011489006,-0.2024198011489006,-0.2024198011489006,-0.2024198011489006,-0.2024198011489006,-0.2024198011489006,-0.2024198011489006,-0.2024198011489006,-0.2024198011489006,-0.2024198011489006,-0.2024198011489006,-0.2024198011489006,-0.2024198011489006,-0.2024198011489006,-0.2024198011489006,-0.2024198011489006,-0.2024198011489006,-0.2024198011489006,-0.2024198011489006,-0.2024198011489006,-0.2024198011489006,-0.2024198011489006,-0.2024198011489006,-0.2024198011489006,-0.2024198011489006,-0.2024198011489006,-0.2024198011489006,-0.2024198011489006,-0.2024198011489006,-0.2024198011489006,-0.2024198011489006,-0.2024198011489006,-0.2024198011489006,-0.2024198011489006,-0.2024198011489006,-0.2024198011489006,-0.2024198011489006,-0.2024198011489006,-0.2024198011489006,-0.2024198011489006,-0.2024198011489006,-0.2024198011489006,-0.2024198011489006,-0.2024198011489006,-0.2024198011489006,-0.2024198011489006,-0.2024198011489006,-0.2024198011489006,-0.2024198011489006,-0.2024198011489006,-0.2024198011489006,-0.2024198011489006,-0.2024198011489006,-0.2024198011489006,-0.2024198011489006,-0.2024198011489006,-0.2024198011489006,-0.2024198011489006,-0.2024198011489006,-0.2024198011489006,-0.2024198011489006,-0.2024198011489006,-0.2024198011489006,-0.2024198011489006,-0.2024198011489006,-0.2024198011489006,-0.2024198011489006,-0.2024198011489006,-0.2024198011489006,-0.2024198011489006,-0.2024198011489006,-0.2024198011489006,-0.2024198011489006,-0.2024198011489006,-0.2024198011489006,-0.2024198011489006,-0.2024198011489006,-0.2024198011489006,-0.2024198011489006,-0.2024198011489006,-0.2024198011489006,-0.2024198011489006,-0.2024198011489006,-0.2024198011489006,-0.2024198011489006,-0.2024198011489006,-0.2024198011489006,-0.2024198011489006,-0.2024198011489006,-0.2024198011489006,-0.2024198011489006,-0.2024198011489006,-0.2024198011489006,-0.2024198011489006,-0.2024198011489006,-0.2024198011489006,-0.2024198011489006,-0.2024198011489006,-0.2024198011489006,-0.2024198011489006,-0.2024198011489006,-0.2024198011489006,-0.2024198011489006,-0.2024198011489006,-0.2024198011489006,-0.2024198011489006,-0.2024198011489006,-0.2024198011489006,-0.2024198011489006,-0.2024198011489006,-0.2024198011489006,-0.2024198011489006,-0.2024198011489006,-0.2024198011489006,-0.2024198011489006,-0.2024198011489006,-0.2024198011489006,-0.2024198011489006,-0.2024198011489006,-0.2024198011489006,-0.2024198011489006,-0.2024198011489006,-0.2024198011489006,-0.2024198011489006,-0.2024198011489006,-0.2024198011489006,-0.2024198011489006,-0.2024198011489006,-0.2024198011489006,-0.2024198011489006,-0.2024198011489006,-0.2024198011489006,-0.2024198011489006,-0.2024198011489006,-0.2024198011489006,-0.2024198011489006,-0.2024198011489006,-0.2024198011489006,-0.2024198011489006,-0.2024198011489006,-0.2024198011489006,-0.2024198011489006,-0.2024198011489006,-0.2024198011489006,-0.2024198011489006,-0.2024198011489006,-0.2024198011489006,-0.2024198011489006,-0.2024198011489006,-0.2024198011489006,-0.2024198011489006,-0.2024198011489006,-0.2024198011489006,-0.2024198011489006,-0.2024198011489006,-0.2024198011489006,-0.2024198011489006,-0.2024198011489006,-0.2024198011489006,-0.2024198011489006,-0.2024198011489006,-0.2024198011489006,-0.2024198011489006,-0.2024198011489006,-0.2024198011489006,-0.2024198011489006,-0.2024198011489006,-0.2024198011489006,-0.2024198011489006,-0.2024198011489006,-0.2024198011489006,-0.2024198011489006,-0.2024198011489006,-0.2024198011489006,-0.2024198011489006,-0.2024198011489006,-0.2024198011489006,-0.2024198011489006,-0.2024198011489006,-0.2024198011489006,-0.2024198011489006,-0.2024198011489006,-0.2024198011489006,-0.2024198011489006,-0.2024198011489006,-0.2024198011489006,-0.2024198011489006,-0.2024198011489006,-0.2024198011489006,-0.2024198011489006,-0.2024198011489006,-0.2024198011489006,-0.2024198011489006,-0.2024198011489006,-0.2024198011489006,-0.2024198011489006,-0.2024198011489006,-0.2024198011489006,-0.2024198011489006,-0.2024198011489006,-0.2024198011489006,-0.2024198011489006,-0.2024198011489006,-0.2024198011489006,-0.2024198011489006,-0.2024198011489006,-0.2024198011489006,-0.2024198011489006,-0.2024198011489006,-0.2024198011489006,-0.2024198011489006,-0.2024198011489006,-0.2024198011489006,-0.2024198011489006,-0.2024198011489006,-0.2024198011489006,-0.2024198011489006,-0.2024198011489006,-0.2024198011489006,-0.2024198011489006,-0.2024198011489006,-0.2024198011489006,-0.2024198011489006,-0.2024198011489006,-0.2024198011489006,-0.2024198011489006,-0.2024198011489006,-0.2024198011489006,-0.2024198011489006,-0.2024198011489006,-0.2024198011489006,-0.2024198011489006,-0.2024198011489006,-0.2024198011489006,-0.2024198011489006,-0.2024198011489006,-0.2024198011489006,-0.2024198011489006,-0.2024198011489006,-0.2024198011489006,-0.2024198011489006,-0.2024198011489006,-0.2024198011489006,-0.2024198011489006,-0.2024198011489006,-0.2024198011489006,-0.2024198011489006,-0.2024198011489006,-0.2024198011489006,-0.2024198011489006,-0.2024198011489006,-0.2024198011489006,-0.2024198011489006,-0.2024198011489006,-0.2024198011489006,-0.2024198011489006,-0.2024198011489006,-0.2024198011489006,-0.2024198011489006,-0.2024198011489006,-0.2024198011489006,-0.2024198011489006,-0.2024198011489006,-0.2024198011489006,-0.2024198011489006,-0.2024198011489006,-0.2024198011489006,-0.2024198011489006,-0.2024198011489006,-0.2024198011489006,-0.2024198011489006,-0.2024198011489006,-0.2024198011489006,-0.2024198011489006,-0.2024198011489006,-0.2024198011489006,-0.2024198011489006,-0.2024198011489006,-0.2024198011489006,-0.2024198011489006,-0.2024198011489006,-0.2024198011489006,-0.2024198011489006,-0.2024198011489006,-0.2024198011489006,-0.2024198011489006,-0.2024198011489006,-0.2024198011489006,-0.2024198011489006,-0.2024198011489006,-0.2024198011489006,-0.2024198011489006,-0.2024198011489006,-0.2024198011489006,-0.2024198011489006,-0.2024198011489006,-0.2024198011489006,-0.2024198011489006,-0.2024198011489006,-0.2024198011489006,-0.2024198011489006,-0.2024198011489006,-0.2024198011489006,-0.2024198011489006,-0.2024198011489006,-0.2024198011489006,-0.2024198011489006,-0.2024198011489006,-0.2024198011489006,-0.2024198011489006,-0.2024198011489006,-0.2024198011489006,-0.2024198011489006,-0.2024198011489006,-0.2024198011489006,-0.2024198011489006,-0.2024198011489006,-0.2024198011489006,-0.2024198011489006,-0.2024198011489006,-0.2024198011489006,-0.2024198011489006,-0.2024198011489006,-0.2024198011489006,-0.2024198011489006,-0.2024198011489006,-0.2024198011489006,-0.2024198011489006,-0.2024198011489006,-0.2024198011489006,-0.2024198011489006,-0.2024198011489006,-0.2024198011489006,-0.2024198011489006,-0.2024198011489006,-0.2024198011489006,-0.2024198011489006,-0.2024198011489006,-0.2024198011489006,-0.2024198011489006,-0.2024198011489006,-0.2024198011489006,-0.2024198011489006,-0.2024198011489006,-0.2024198011489006,-0.2024198011489006,-0.2024198011489006,-0.2024198011489006,-0.2024198011489006,-0.2024198011489006,-0.2024198011489006,-0.2024198011489006,-0.2024198011489006,-0.2024198011489006,-0.2024198011489006,-0.2024198011489006,-0.2024198011489006,-0.2024198011489006,-0.2024198011489006,-0.2024198011489006,-0.2024198011489006,-0.2024198011489006,-0.2024198011489006,-0.2024198011489006,-0.2024198011489006,-0.2024198011489006,-0.2024198011489006,-0.2024198011489006,-0.2024198011489006,-0.2024198011489006,-0.2024198011489006,-0.2024198011489006,-0.2024198011489006,-0.2024198011489006
-0.5499410481807885,-0.5499410481807885,-0.5499410481807885,-0.5499410481807885,-0.5499410481807885,-0.5499410481807885,-0.5499410481807885,-0.5499410481807885,-0.5499410481807885,-0.5499410481807885,-0.5499410481807885,-0.5499410481807885,-0.5499410481807885,-0.5499410481807885,-0.5499410481807885,-0.5499410481807885,-0.5499410481807885,-0.5499410481807885,-0.5499410481807885,-0.5499410481807885,-0.5499410481807885,-0.5499410481807885,-0.5499410481807885,-0.5499410481807885,-0.5499410481807885,-0.5499410481807885,-0.5499410481807885,-0.5499410481807885,-0.5499410481807885,-0.5499410481807885,-0.5499410481807885,-0.5499410481807885,-0.5499410481807885,-0.5499410481807885,-0.5499410481807885,-0.5499410481807885,-0.5499410481807885,-0.5499410481807885,-0.5499410481807885,-0.5499410481807885,-0.5499410481807885,-0.5499410481807885,-0.5499410481807885,-0.5499410481807885,-0.5499410481807885,-0.5499410481807885,-0.5499410481807885,-0.5499410481807885,-0.5499410481807885,-0.5499410481807885,-0.5499410481807885,-0.5499410481807885,-0.5499410481807885,-0.5499410481807885,-0.5499410481807885,-0.5499410481807885,-0.5499410481807885,-0.5499410481807885,-0.5499410481807885,-0.5499410481807885,-0.5499410481807885,-0.5499410481807885,-0.5499410481807885,-0.5499410481807885,-0.5499410481807885,-0.5499410481807885,-0.5499410481807885,-0.5499410481807885,-0.5499410481807885,-0.5499410481807885,-0.5499410481807885,-0.5499410481807885,-0.5499410481807885,-0.5499410481807885,-0.5499410481807885,-0.5499410481807885,-0.5499410481807885,-0.5499410481807885,-0.5499410481807885,-0.5499410481807885,-0.5499410481807885,-0.5499410481807885,-0.5499410481807885,-0.5499410481807885,-0.5499410481807885,-0.5499410481807885,-0.5499410481807885,-0.5499410481807885,-0.5499410481807885,-0.5499410481807885,-0.5499410481807885,-0.5499410481807885,-0.5499410481807885,-0.5499410481807885,-0.5499410481807885,-0.5499410481807885,-0.5499410481807885,-0.5499410481807885,-0.5499410481807885,-0.5499410481807885,-0.5499410481807885,-0.5499410481807885,-0.5499410481807885,-0.5499410481807885,-0.5499410481807885,-0.5499410481807885,-0.5499410481807885,-0.5499410481807885,-0.5499410481807885,-0.5499410481807885,-0.5499410481807885,-0.5499410481807885,-0.5499410481807885,-0.5499410481807885,-0.5499410481807885,-0.5499410481807885,-0.5499410481807885,-0.5499410481807885,-0.5499410481807885,-0.5499410481807885,-0.5499410481807885,-0.5499410481807885,-0.5499410481807885,-0.5499410481807885,-0.5499410481807885,-0.5499410481807885,-0.5499410481807885,-0.5499410481807885,-0.5499410481807885,-0.5499410481807885,-0.5499410481807885,-0.5499410481807885,-0.5499410481807885,-0.5499410481807885,-0.5499410481807885,-0.5499410481807885,-0.5499410481807885,-0.5499410481807885,-0.5499410481807885,-0.5499410481807885,-0.5499410481807885,-0.5499410481807885,-0.5499410481807885,-0.5499410481807885,-0.5499410481807885,-0.5499410481807885,-0.5499410481807885,-0.5499410481807885,-0.5499410481807885,-0.5499410481807885,-0.5499410481807885,-0.5499410481807885,-0.5499410481807885,-0.5499410481807885,-0.5499410481807885,-0.5499410481807885,-0.5499410481807885,-0.5499410481807885,-0.5499410481807885,-0.5499410481807885,-0.5499410481807885,-0.5499410481807885,-0.5499410481807885,-0.5499410481807885,-0.5499410481807885,-0.5499410481807885,-0.5499410481807885,-0.5499410481807885,-0.5499410481807885,-0.5499410481807885,-0.5499410481807885,-0.5499410481807885,-0.5499410481807885,-0.5499410481807885,-0.5499410481807885,-0.5499410481807885,-0.5499410481807885,-0.5499410481807885,-0.5499410481807885,-0.5499410481807885,-0.5499410481807885,-0.5499410481807885,-0.5499410481807885,-0.5499410481807885,-0.5499410481807885,-0.5499410481807885,-0.5499410481807885,-0.5499410481807885,-0.5499410481807885,-0.5499410481807885,-0.5499410481807885,-0.5499410481807885,-0.5499410481807885,-0.5499410481807885,-0.5499410481807885,-0.5499410481807885,-0.5499410481807885,-0.5499410481807885,-0.5499410481807885,-0.5499410481807885,-0.5499410481807885,-0.5499410481807885,-0.5499410481807885,-0.5499410481807885,-0.5499410481807885,-0.5499410481807885,-0.5499410481807885,-0.5499410481807885,-0.5499410481807885,-0.5499410481807885,-0.5499410481807885,-0.5499410481807885,-0.5499410481807885,-0.5499410481807885,-0.5499410481807885,-0.5499410481807885,-0.5499410481807885,-0.5499410481807885,-0.5499410481807885,-0.5499410481807885,-0.5499410481807885,-0.5499410481807885,-0.5499410481807885,-0.5499410481807885,-0.5499410481807885,-0.5499410481807885,-0.5499410481807885,-0.5499410481807885,-0.5499410481807885,-0.5499410481807885,-0.5499410481807885,-0.5499410481807885,-0.5499410481807885,-0.5499410481807885,-0.5499410481807885,-0.5499410481807885,-0.5499410481807885,-0.5499410481807885,-0.5499410481807885,-0.5499410481807885,-0.5499410481807885,-0.5499410481807885,-0.5499410481807885,-0.5499410481807885,-0.5499410481807885,-0.5499410481807885,-0.5499410481807885,-0.5499410481807885,-0.5499410481807885,-0.5499410481807885,-0.5499410481807885,-0.5499410481807885,-0.5499410481807885,-0.5499410481807885,-0.5499410481807885,-0.5499410481807885,-0.5499410481807885,-0.5499410481807885,-0.5499410481807885,-0.5499410481807885,-0.5499410481807885,-0.5499410481807885,-0.5499410481807885,-0.5499410481807885,-0.5499410481807885,-0.5499410481807885,-0.5499410481807885,-0.5499410481807885,-0.5499410481807885,-0.5499410481807885,-0.5499410481807885,-0.5499410481807885,-0.5499410481807885,-0.5499410481807885,-0.5499410481807885,-0.5499410481807885,-0.5499410481807885,-0.5499410481807885,-0.5499410481807885,-0.5499410481807885,-0.5499410481807885,-0.5499410481807885,-0.5499410481807885,-0.5499410481807885,-0.5499410481807885,-0.5499410481807885,-0.5499410481807885,-0.5499410481807885,-0.5499410481807885,-0.5499410481807885,-0.5499410481807885,-0.5499410481807885,-0.5499410481807885,-0.5499410481807885,-0.5499410481807885,-0.5499410481807885,-0.5499410481807885,-0.5499410481807885,-0.5499410481807885,-0.5499410481807885,-0.5499410481807885,-0.5499410481807885,-0.5499410481807885,-0.5499410481807885,-0.5499410481807885,-0.5499410481807885,-0.5499410481807885,-0.5499410481807885,-0.5499410481807885,-0.5499410481807885,-0.5499410481807885,-0.5499410481807885,-0.5499410481807885,-0.5499410481807885,-0.5499410481807885,-0.5499410481807885,-0.5499410481807885,-0.5499410481807885,-0.5499410481807885,-0.5499410481807885,-0.5499410481807885,-0.5499410481807885,-0.5499410481807885,-0.5499410481807885,-0.5499410481807885,-0.5499410481807885,-0.5499410481807885,-0.5499410481807885,-0.5499410481807885,-0.5499410481807885,-0.5499410481807885,-0.5499410481807885,-0.5499410481807885,-0.5499410481807885,-0.5499410481807885,-0.5499410481807885,-0.5499410481807885,-0.5499410481807885,-0.5499410481807885,-0.5499410481807885,-0.5499410481807885,-0.5499410481807885,-0.5499410481807885,-0.5499410481807885,-0.5499410481807885,-0.5499410481807885,-0.5499410481807885,-0.5499410481807885,-0.5499410481807885,-0.5499410481807885,-0.5499410481807885,-0.5499410481807885,-0.5499410481807885,-0.5499410481807885,-0.5499410481807885,-0.5499410481807885,-0.5499410481807885,-0.5499410481807885,-0.5499410481807885,-0.5499410481807885,-0.5499410481807885,-0.5499410481807885,-0.5499410481807885,-0.5499410481807885,-0.5499410481807885,-0.5499410481807885,-0.5499410481807885,-0.5499410481807885,-0.5499410481807885,-0.5499410481807885,-0.5499410481807885,-0.5499410481807885,-0.5499410481807885,-0.5499410481807885,-0.5499410481807885,-0.5499410481807885,-0.5499410481807885,-0.5499410481807885,-0.5499410481807885,-0.5499410481807885,-0.5499410481807885,-0.5499410481807885,-0.5499410481807885,-0.5499410481807885,-0.5499410481807885,-0.5499410481807885,-0.5499410481807885,-0.5499410481807885,-0.5499410481807885,-0.5499410481807885,-0.5499410481807885,-0.5499410481807885,-0.5499410481807885,-0.5499410481807885,-0.5499410481807885,-0.5499410481807885,-0.5499410481807885,-0.5499410481807885
-0.664378928366496,-0.664378928366496,-0.664378928366496,-0.664378928366496,-0.664378928366496,-0.664378928366496,-0.664378928366496,-0.664378928366496,-0.664378928366496,-0.664378928366496,-0.664378928366496,-0.664378928366496,-0.664378928366496,-0.664378928366496,-0.664378928366496,-0.664378928366496,-0.664378928366496,-0.664378928366496,-0.664378928366496,-0.664378928366496,-0.664378928366496,-0.664378928366496,-0.664378928366496,-0.664378928366496,-0.664378928366496,-0.664378928366496,-0.664378928366496,-0.664378928366496,-0.664378928366496,-0.664378928366496,-0.664378928366496,-0.664378928366496,-0.664378928366496,-0.664378928366496,-0.664378928366496,-0.664378928366496,-0.664378928366496,-0.664378928366496,-0.664378928366496,-0.664378928366496,-0.664378928366496,-0.664378928366496,-0.664378928366496,-0.664378928366496,-0.664378928366496,-0.664378928366496,-0.664378928366496,-0.664378928366496,-0.664378928366496,-0.664378928366496,-0.664378928366496,-0.664378928366496,-0.664378928366496,-0.664378928366496,-0.664378928366496,-0.664378928366496,-0.664378928366496,-0.664378928366496,-0.664378928366496,-0.664378928366496,-0.664378928366496,-0.664378928366496,-0.664378928366496,-0.664378928366496,-0.664378928366496,-0.664378928366496,-0.664378928366496,-0.664378928366496,-0.664378928366496,-0.664378928366496,-0.664378928366496,-0.664378928366496,-0.664378928366496,-0.664378928366496,-0.664378928366496,-0.664378928366496,-0.664378928366496,-0.664378928366496,-0.664378928366496,-0.664378928366496,-0.664378928366496,-0.664378928366496,-0.664378928366496,-0.664378928366496,-0.664378928366496,-0.664378928366496,-0.664378928366496,-0.664378928366496,-0.664378928366496,-0.664378928366496,-0.664378928366496,-0.664378928366496,-0.664378928366496,-0.664378928366496,-0.664378928366496,-0.664378928366496,-0.664378928366496,-0.664378928366496,-0.664378928366496,-0.664378928366496,-0.664378928366496,-0.664378928366496,-0.664378928366496,-0.664378928366496,-0.664378928366496,-0.664378928366496,-0.664378928366496,-0.664378928366496,-0.664378928366496,-0.664378928366496,-0.664378928366496,-0.664378928366496,-0.664378928366496,-0.664378928366496,-0.664378928366496,-0.664378928366496,-0.664378928366496,-0.664378928366496,-0.664378928366496,-0.664378928366496,-0.664378928366496,-0.664378928366496,-0.664378928366496,-0.664378928366496,-0.664378928366496,-0.664378928366496,-0.664378928366496,-0.664378928366496,-0.664378928366496,-0.664378928366496,-0.664378928366496,-0.664378928366496,-0.664378928366496,-0.664378928366496,-0.664378928366496,-0.664378928366496,-0.664378928366496,-0.664378928366496,-0.664378928366496,-0.664378928366496,-0.664378928366496,-0.664378928366496,-0.664378928366496,-0.664378928366496,-0.664378928366496,-0.664378928366496,-0.664378928366496,-0.664378928366496,-0.664378928366496,-0.664378928366496,-0.664378928366496,-0.664378928366496,-0.664378928366496,-0.664378928366496,-0.664378928366496,-0.664378928366496,-0.664378928366496,-0.664378928366496,-0.664378928366496,-0.664378928366496,-0.664378928366496,-0.664378928366496,-0.664378928366496,-0.664378928366496,-0.664378928366496,-0.664378928366496,-0.664378928366496,-0.664378928366496,-0.664378928366496,-0.664378928366496,-0.664378928366496,-0.664378928366496,-0.664378928366496,-0.664378928366496,-0.664378928366496,-0.664378928366496,-0.664378928366496,-0.664378928366496,-0.664378928366496,-0.664378928366496,-0.664378928366496,-0.664378928366496,-0.664378928366496,-0.664378928366496,-0.664378928366496,-0.664378928366496,-0.664378928366496,-0.664378928366496,-0.664378928366496,-0.664378928366496,-0.664378928366496,-0.664378928366496,-0.664378928366496,-0.664378928366496,-0.664378928366496,-0.664378928366496,-0.664378928366496,-0.664378928366496,-0.664378928366496,-0.664378928366496,-0.664378928366496,-0.664378928366496,-0.664378928366496,-0.664378928366496,-0.664378928366496,-0.664378928366496,-0.664378928366496,-0.664378928366496,-0.664378928366496,-0.664378928366496,-0.664378928366496,-0.664378928366496,-0.664378928366496,-0.664378928366496,-0.664378928366496,-0.664378928366496,-0.664378928366496,-0.664378928366496,-0.664378928366496,-0.664378928366496,-0.664378928366496,-0.664378928366496,-0.664378928366496,-0.664378928366496,-0.664378928366496,-0.664378928366496,-0.664378928366496,-0.664378928366496,-0.664378928366496,-0.664378928366496,-0.664378928366496,-0.664378928366496,-0.664378928366496,-0.664378928366496,-0.664378928366496,-0.664378928366496,-0.664378928366496,-0.664378928366496,-0.664378928366496,-0.664378928366496,-0.664378928366496,-0.664378928366496,-0.664378928366496,-0.664378928366496,-0.664378928366496,-0.664378928366496,-0.664378928366496,-0.664378928366496,-0.664378928366496,-0.664378928366496,-0.664378928366496,-0.664378928366496,-0.664378928366496,-0.664378928366496,-0.664378928366496,-0.664378928366496,-0.664378928366496,-0.664378928366496,-0.664378928366496,-0.664378928366496,-0.664378928366496,-0.664378928366496,-0.664378928366496,-0.664378928366496,-0.664378928366496,-0.664378928366496,-0.664378928366496,-0.664378928366496,-0.664378928366496,-0.664378928366496,-0.664378928366496,-0.664378928366496,-0.664378928366496,-0.664378928366496,-0.664378928366496,-0.664378928366496,-0.664378928366496,-0.664378928366496,-0.664378928366496,-0.664378928366496,-0.664378928366496,-0.664378928366496,-0.664378928366496,-0.664378928366496,-0.664378928366496,-0.664378928366496,-0.664378928366496,-0.664378928366496,-0.664378928366496,-0.664378928366496,-0.664378928366496,-0.664378928366496,-0.664378928366496,-0.664378928366496,-0.664378928366496,-0.664378928366496,-0.664378928366496,-0.664378928366496,-0.664378928366496,-0.664378928366496,-0.664378928366496,-0.664378928366496,-0.664378928366496,-0.664378928366496,-0.664378928366496,-0.664378928366496,-0.664378928366496,-0.664378928366496,-0.664378928366496,-0.664378928366496,-0.664378928366496,-0.664378928366496,-0.664378928366496,-0.664378928366496,-0.664378928366496,-0.664378928366496,-0.664378928366496,-0.664378928366496,-0.664378928366496,-0.664378928366496,-0.664378928366496,-0.664378928366496,-0.664378928366496,-0.664378928366496,-0.664378928366496,-0.664378928366496,-0.664378928366496,-0.664378928366496,-0.664378928366496,-0.664378928366496,-0.664378928366496,-0.664378928366496,-0.664378928366496,-0.664378928366496,-0.664378928366496,-0.664378928366496,-0.664378928366496,-0.664378928366496,-0.664378928366496,-0.664378928366496,-0.664378928366496,-0.664378928366496,-0.664378928366496,-0.664378928366496,-0.664378928366496,-0.664378928366496,-0.664378928366496,-0.664378928366496,-0.664378928366496,-0.664378928366496,-0.664378928366496,-0.664378928366496,-0.664378928366496,-0.664378928366496,-0.664378928366496,-0.664378928366496,-0.664378928366496,-0.664378928366496,-0.664378928366496,-0.664378928366496,-0.664378928366496,-0.664378928366496,-0.664378928366496,-0.664378928366496,-0.664378928366496,-0.664378928366496,-0.664378928366496,-0.664378928366496,-0.664378928366496,-0.664378928366496,-0.664378928366496,-0.664378928366496,-0.664378928366496,-0.664378928366496,-0.664378928366496,-0.664378928366496,-0.664378928366496,-0.664378928366496,-0.664378928366496,-0.664378928366496,-0.664378928366496,-0.664378928366496,-0.664378928366496,-0.664378928366496,-0.664378928366496,-0.664378928366496,-0.664378928366496,-0.664378928366496,-0.664378928366496,-0.664378928366496,-0.664378928366496,-0.664378928366496,-0.664378928366496,-0.664378928366496,-0.664378928366496,-0.664378928366496,-0.664378928366496,-0.664378928366496
1.0,1.0,1.0,1.0,1.0,1.0,1.0,1.0,1.0,1.0,1.0,1.0,1.0,1.0,1.0,1.0,1.0,1.0,1.0,1.0,1.0,1.0,1.0,1.0,1.0,1.0,1.0,1.0,1.0,1.0,1.0,1.0,1.0,1.0,1.0,1.0,1.0,1.0,1.0,1.0,1.0,1.0,1.0,1.0,1.0,1.0,1.0,1.0,1.0,1.0,1.0,1.0,1.0,1.0,1.0,1.0,1.0,1.0,1.0,1.0,1.0,1.0,1.0,1.0,1.0,1.0,1.0,1.0,1.0,1.0,1.0,1.0,1.0,1.0,1.0,1.0,1.0,1.0,1.0,1.0,1.0,1.0,1.0,1.0,1.0,1.0,1.0,1.0,1.0,1.0,1.0,1.0,1.0,1.0,1.0,1.0,1.0,1.0,1.0,1.0,1.0,1.0,1.0,1.0,1.0,1.0,1.0,1.0,1.0,1.0,1.0,1.0,1.0,1.0,1.0,1.0,1.0,1.0,1.0,1.0,1.0,1.0,1.0,1.0,1.0,1.0,1.0,1.0,1.0,1.0,1.0,1.0,1.0,1.0,1.0,1.0,1.0,1.0,1.0,1.0,1.0,1.0,1.0,1.0,1.0,1.0,1.0,1.0,1.0,1.0,1.0,1.0,1.0,1.0,1.0,1.0,1.0,1.0,1.0,1.0,1.0,1.0,1.0,1.0,1.0,1.0,1.0,1.0,1.0,1.0,1.0,1.0,1.0,1.0,1.0,1.0,1.0,1.0,1.0,1.0,1.0,1.0,1.0,1.0,1.0,1.0,1.0,1.0,1.0,1.0,1.0,1.0,1.0,1.0,1.0,1.0,1.0,1.0,1.0,1.0,1.0,1.0,1.0,1.0,1.0,1.0,1.0,1.0,1.0,1.0,1.0,1.0,1.0,1.0,1.0,1.0,1.0,1.0,1.0,1.0,1.0,1.0,1.0,1.0,1.0,1.0,1.0,1.0,1.0,1.0,1.0,1.0,1.0,1.0,1.0,1.0,1.0,1.0,1.0,1.0,1.0,1.0,1.0,1.0,1.0,1.0,1.0,1.0,1.0,1.0,1.0,1.0,1.0,1.0,1.0,1.0,1.0,1.0,1.0,1.0,1.0,1.0,1.0,1.0,1.0,1.0,1.0,1.0,1.0,1.0,1.0,1.0,1.0,1.0,1.0,1.0,1.0,1.0,1.0,1.0,1.0,1.0,1.0,1.0,1.0,1.0,1.0,1.0,1.0,1.0,1.0,1.0,1.0,1.0,1.0,1.0,1.0,1.0,1.0,1.0,1.0,1.0,1.0,1.0,1.0,1.0,1.0,1.0,1.0,1.0,1.0,1.0,1.0,1.0,1.0,1.0,1.0,1.0,1.0,1.0,1.0,1.0,1.0,1.0,1.0,1.0,1.0,1.0,1.0,1.0,1.0,1.0,1.0,1.0,1.0,1.0,1.0,1.0,1.0,1.0,1.0,1.0,1.0,1.0,1.0,1.0,1.0,1.0,1.0,1.0,1.0,1.0,1.0,1.0,1.0,1.0,1.0,1.0,1.0,1.0,1.0,1.0,1.0,1.0,1.0,1.0,1.0,1.0,1.0,1.0,1.0,1.0,1.0,1.0,1.0,1.0,1.0,1.0,1.0,1.0,1.0,1.0,1.0,1.0,1.0,1.0,1.0,1.0,1.0,1.0,1.0,1.0,1.0,1.0,1.0,1.0,1.0,1.0
1.0,1.0,1.0,1.0,1.0,1.0,1.0,1.0,1.0,1.0,1.0,1.0,1.0,1.0,1.0,1.0,1.0,1.0,1.0,1.0,1.0,1.0,1.0,1.0,1.0,1.0,1.0,1.0,1.0,1.0,1.0,1.0,1.0,1.0,1.0,1.0,1.0,1.0,1.0,1.0,1.0,1.0,1.0,1.0,1.0,1.0,1.0,1.0,1.0,1.0,1.0,1.0,1.0,1.0,1.0,1.0,1.0,1.0,1.0,1.0,1.0,1.0,1.0,1.0,1.0,1.0,1.0,1.0,1.0,1.0,1.0,1.0,1.0,1.0,1.0,1.0,1.0,1.0,1.0,1.0,1.0,1.0,1.0,1.0,1.0,1.0,1.0,1.0,1.0,1.0,1.0,1.0,1.0,1.0,1.0,1.0,1.0,1.0,1.0,1.0,1.0,1.0,1.0,1.0,1.0,1.0,1.0,1.0,1.0,1.0,1.0,1.0,1.0,1.0,1.0,1.0,1.0,1.0,1.0,1.0,1.0,1.0,1.0,1.0,1.0,1.0,1.0,1.0,1.0,1.0,1.0,1.0,1.0,1.0,1.0,1.0,1.0,1.0,1.0,1.0,1.0,1.0,1.0,1.0,1.0,1.0,1.0,1.0,1.0,1.0,1.0,1.0,1.0,1.0,1.0,1.0,1.0,1.0,1.0,1.0,1.0,1.0,1.0,1.0,1.0,1.0,1.0,1.0,1.0,1.0,-1.0,1.0,-1.0,-1.0,-1.0,-1.0,-1.0,-1.0,-1.0,1.0,-1.0,1.0,1.0,1.0,-1.0,-1.0,-1.0,-1.0,-1.0,-1.0,1.0,-1.0,1.0,1.0,-1.0,-1.0,-1.0,-1.0,-1.0,-1.0,-1.0,-1.0,-1.0,-1.0,-1.0,-1.0,-1.0,-1.0,-1.0,1.0,-1.0,-1.0,1.0,-1.0,-1.0,1.0,-1.0,-1.0,1.0,-1.0,1.0,-1.0,1.0,-1.0,1.0,-1.0,-1.0,1.0,1.0,-1.0,-1.0,-1.0,-1.0,-1.0,-1.0,-1.0,-1.0,-1.0,-1.0,1.0,-1.0,-1.0,-1.0,-1.0,1.0,-1.0,1.0,-1.0,1.0,-1.0,-1.0,1.0,1.0,1.0,1.0,1.0,-1.0,-1.0,-1.0,-1.0,1.0,-1.0,-1.0,-1.0,-1.0,-1.0,-1.0,1.0,-1.0,1.0,-1.0,-1.0,1.0,-1.0,-1.0,-1.0,1.0,-1.0,1.0,-1.0,-1.0,1.0,-1.0,1.0,-1.0,-1.0,1.0,-1.0,1.0,-1.0,1.0,-1.0,-1.0,1.0,-1.0,1.0,-1.0,-1.0,-1.0,-1.0,1.0,-1.0,1.0,-1.0,-1.0,1.0,-1.0,1.0,-1.0,-1.0,1.0,-1.0,1.0,-1.0,-1.0,1.0,-1.0,1.0,-1.0,-1.0,-1.0,1.0,-1.0,1.0,-1.0,-1.0,-1.0,-1.0,-1.0,-1.0,-1.0,1.0,1.0,-1.0,-1.0,-1.0,-1.0,-1.0,-1.0,-1.0,-1.0,-1.0,1.0,1.0,1.0,1.0,1.0,1.0,-1.0,-1.0,-1.0,-1.0,-1.0,-1.0,-1.0,-1.0,-1.0,-1.0,-1.0,-1.0,-1.0,-1.0,-1.0,-1.0,-1.0,-1.0,-1.0,-1.0,-1.0,-1.0,-1.0,-1.0,-1.0,-1.0,-1.0,-1.0,-1.0,-1.0,-1.0,-1.0,-1.0,-1.0,-1.0,-1.0,1.0,1.0,-1.0,1.0,1.0,1.0,1.0,1.0,1.0,1.0,1.0,-1.0,-1.0,-1.0
-1.0,-1.0,-1.0,-1.0,-1.0,-1.0,-1.0,-1.0,-1.0,-1.0,-1.0,-1.0,-1.0,-1.0,-1.0,-1.0,-1.0,-1.0,-1.0,-1.0,-1.0,-1.0,-1.0,-1.0,-1.0,-1.0,-1.0,-1.0,-1.0,-1.0,-1.0,-1.0,-1.0,-1.0,-1.0,-1.0,-1.0,-1.0,-1.0,-1.0,-1.0,-1.0,-1.0,-1.0,-1.0,-1.0,-1.0,-1.0,-1.0,-1.0,-1.0,-1.0,-1.0,-1.0,-1.0,-1.0,-1.0,-1.0,-1.0,-1.0,-1.0,-1.0,-1.0,-1.0,-1.0,-1.0,-1.0,-1.0,-1.0,-1.0,-1.0,-1.0,-1.0,-1.0,-1.0,-1.0,-1.0,-1.0,-1.0,-1.0,-1.0,-1.0,-1.0,-1.0,-1.0,-1.0,-1.0,-1.0,-1.0,-1.0,-1.0,-1.0,-1.0,-1.0,-1.0,-1.0,-1.0,-1.0,-1.0,-1.0,-1.0,-1.0,-1.0,-1.0,-1.0,-1.0,-1.0,-1.0,-1.0,-1.0,-1.0,-1.0,-1.0,-1.0,-1.0,-1.0,-1.0,-1.0,-1.0,-1.0,-1.0,-1.0,-1.0,-1.0,-1.0,-1.0,-1.0,-1.0,-1.0,-1.0,-1.0,-1.0,-1.0,-1.0,-1.0,-1.0,-1.0,-1.0,-1.0,-1.0,-1.0,-1.0,-1.0,-1.0,-1.0,-1.0,-1.0,-1.0,-1.0,-1.0,-1.0,-1.0,-1.0,-1.0,-1.0,-1.0,-1.0,-1.0,-1.0,-1.0,-1.0,-1.0,-1.0,-1.0,-1.0,-1.0,-1.0,-1.0,-1.0,-1.0,-1.0,-1.0,-1.0,-1.0,1.0,-1.0,-1.0,-1.0,-1.0,-1.0,1.0,-1.0,-1.0,-1.0,-1.0,1.0,-1.0,-1.0,-1.0,-1.0,-1.0,1.0,-1.0,-1.0,-1.0,-1.0,-1.0,-1.0,-1.0,-1.0,-1.0,-1.0,-1.0,-1.0,-1.0,-1.0,-1.0,-1.0,-1.0,-1.0,-1.0,-1.0,-1.0,-1.0,-1.0,-1.0,1.0,-1.0,-1.0,-1.0,-1.0,-1.0,-1.0,-1.0,-1.0,-1.0,-1.0,-1.0,-1.0,1.0,1.0,1.0,-1.0,1.0,1.0,1.0,1.0,1.0,-1.0,-1.0,-1.0,1.0,-1.0,-1.0,-1.0,-1.0,-1.0,-1.0,-1.0,-1.0,1.0,1.0,1.0,1.0,1.0,1.0,1.0,1.0,-1.0,-1.0,-1.0,-1.0,-1.0,-1.0,-1.0,-1.0,-1.0,-1.0,-1.0,-1.0,-1.0,-1.0,-1.0,-1.0,1.0,1.0,-1.0,-1.0,-1.0,1.0,1.0,-1.0,-1.0,-1.0,1.0,-1.0,-1.0,-1.0,-1.0,-1.0,-1.0,1.0,1.0,-1.0,-1.0,-1.0,1.0,1.0,1.0,1.0,-1.0,-1.0,-1.0,1.0,1.0,-1.0,-1.0,-1.0,1.0,1.0,-1.0,-1.0,-1.0,1.0,1.0,-1.0,-1.0,-1.0,1.0,1.0,1.0,-1.0,1.0,-1.0,-1.0,-1.0,-1.0,-1.0,-1.0,-1.0,-1.0,-1.0,-1.0,1.0,-1.0,-1.0,-1.0,-1.0,-1.0,-1.0,-1.0,-1.0,-1.0,-1.0,-1.0,-1.0,-1.0,-1.0,-1.0,-1.0,-1.0,-1.0,-1.0,-1.0,-1.0,-1.0,-1.0,-1.0,-1.0,-1.0,1.0,-1.0,-1.0,-1.0,1.0,-1.0,-1.0,-1.0,1.0,-1.0,-1.0,-1.0,1.0,-1.0,-1.0,-1.0,1.0,1.0,-1.0,-1.0,1.0,1.0,-1.0,-1.0,1.0,-1.0,-1.0,-1.0,-1.0,-1.0,-1.0,-1.0,-1.0,-1.0,-1.0,-1.0,-1.0,-1.0
-1.0,-1.0,-1.0,-1.0,-1.0,-1.0,-1.0,-1.0,-1.0,-1.0,-1.0,-1.0,-1.0,-1.0,-1.0,-1.0,-1.0,-1.0,-1.0,-1.0,-1.0,-1.0,-1.0,-1.0,-1.0,-1.0,-1.0,-1.0,-1.0,-1.0,-1.0,-1.0,-1.0,-1.0,-1.0,-1.0,-1.0,-1.0,-1.0,-1.0,-1.0,-1.0,-1.0,-1.0,-1.0,-1.0,-1.0,-1.0,-1.0,-1.0,-1.0,-1.0,-1.0,-1.0,-1.0,-1.0,-1.0,-1.0,-1.0,-1.0,-1.0,-1.0,-1.0,-1.0,-1.0,-1.0,-1.0,-1.0,-1.0,-1.0,-1.0,-1.0,-1.0,-1.0,-1.0,-1.0,-1.0,-1.0,-1.0,-1.0,-1.0,-1.0,-1.0,-1.0,-1.0,-1.0,-1.0,-1.0,-1.0,-1.0,-1.0,-1.0,-1.0,-1.0,-1.0,-1.0,-1.0,-1.0,-1.0,-1.0,-1.0,-1.0,-1.0,-1.0,-1.0,-1.0,-1.0,-1.0,-1.0,-1.0,-1.0,-1.0,-1.0,-1.0,-1.0,-1.0,-1.0,-1.0,-1.0,-1.0,-1.0,-1.0,-1.0,-1.0,-1.0,-1.0,-1.0,-1.0,-1.0,-1.0,-1.0,-1.0,-1.0,-1.0,-1.0,-1.0,-1.0,-1.0,-1.0,-1.0,-1.0,-1.0,-1.0,-1.0,-1.0,-1.0,-1.0,-1.0,-1.0,-1.0,-1.0,-1.0,-1.0,-1.0,-1.0,-1.0,-1.0,-1.0,-1.0,-1.0,-1.0,-1.0,-1.0,-1.0,-1.0,-1.0,-1.0,-1.0,-1.0,-1.0,-1.0,-1.0,-1.0,-1.0,-1.0,-1.0,-1.0,-1.0,-1.0,-1.0,-1.0,-1.0,-1.0,-1.0,-1.0,-1.0,-1.0,-1.0,-1.0,-1.0,-1.0,-1.0,-1.0,-1.0,-1.0,-1.0,-1.0,-1.0,-1.0,-1.0,-1.0,-1.0,-1.0,-1.0,-1.0,-1.0,-1.0,-1.0,-1.0,-1.0,-1.0,-1.0,-1.0,-1.0,-1.0,-1.0,-1.0,-1.0,-1.0,-1.0,-1.0,-1.0,-1.0,-1.0,-1.0,-1.0,-1.0,-1.0,-1.0,-1.0,-1.0,-1.0,-1.0,-1.0,-1.0,-1.0,-1.0,-1.0,-1.0,-1.0,-1.0,-1.0,-1.0,-1.0,-1.0,-1.0,-1.0,-1.0,-1.0,-1.0,-1.0,-1.0,-1.0,-1.0,-1.0,-1.0,-1.0,-1.0,-1.0,-1.0,-1.0,-1.0,-1.0,-1.0,-1.0,-1.0,-1.0,-1.0,-1.0,-1.0,-1.0,-1.0,-1.0,-1.0,-1.0,-1.0,-1.0,-1.0,-1.0,-1.0,-1.0,-1.0,-1.0,-1.0,-1.0,-1.0,-1.0,-1.0,-1.0,-1.0,-1.0,-1.0,-1.0,-1.0,-1.0,-1.0,-1.0,-1.0,-1.0,-1.0,-1.0,-1.0,-1.0,-1.0,-1.0,-1.0,-1.0,-1.0,-1.0,-1.0,-1.0,-1.0,-1.0,-1.0,-1.0,-1.0,-1.0,-1.0,-1.0,-1.0,-1.0,-1.0,-1.0,-1.0,-1.0,-1.0,-1.0,-1.0,-1.0,-1.0,-1.0,-1.0,-1.0,-1.0,-1.0,-1.0,-1.0,-1.0,-1.0,-1.0,-1.0,-1.0,-1.0,-1.0,-1.0,-1.0,-1.0,-1.0,-1.0,-1.0,-1.0,-1.0,-1.0,-1.0,-1.0,-1.0,-1.0,-1.0,-1.0,-1.0,-1.0,-1.0,-1.0,-1.0,-1.0,-1.0,-1.0,-1.0,-1.0,-1.0,-1.0,-1.0,-1.0,-1.0,-1.0,-1.0,-1.0,-1.0,-1.0,-1.0,-1.0,-1.0,-1.0,-1.0,-1.0,-1.0,-1.0,-1.0,-1.0,-1.0,-1.0,-1.0,-1.0,-1.0,-1.0,-1.0,-1.0,-1.0
-1.0,-1.0,-1.0,-1.0,-1.0,-1.0,-1.0,-1.0,-1.0,-1.0,-1.0,-1.0,-1.0,-1.0,-1.0,-1.0,-1.0,-1.0,-1.0,-1.0,-1.0,-1.0,-1.0,-1.0,-1.0,-1.0,-1.0,-1.0,-1.0,-1.0,-1.0,-1.0,-1.0,-1.0,-1.0,-1.0,-1.0,-1.0,-1.0,-1.0,-1.0,-1.0,-1.0,-1.0,-1.0,-1.0,-1.0,-1.0,-1.0,-1.0,-1.0,-1.0,-1.0,-1.0,-1.0,-1.0,-1.0,-1.0,-1.0,-1.0,-1.0,-1.0,-1.0,-1.0,-1.0,-1.0,-1.0,-1.0,-1.0,-1.0,-1.0,-1.0,-1.0,-1.0,-1.0,-1.0,-1.0,-1.0,-1.0,-1.0,-1.0,-1.0,-1.0,-1.0,-1.0,-1.0,-1.0,-1.0,-1.0,-1.0,-1.0,-1.0,-1.0,-1.0,-1.0,-1.0,-1.0,-1.0,-1.0,-1.0,-1.0,-1.0,-1.0,-1.0,-1.0,-1.0,-1.0,-1.0,-1.0,-1.0,-1.0,-1.0,-1.0,-1.0,-1.0,-1.0,-1.0,-1.0,-1.0,-1.0,-1.0,-1.0,-1.0,-1.0,-1.0,-1.0,-1.0,-1.0,-1.0,-1.0,-1.0,-1.0,-1.0,-1.0,-1.0,-1.0,-1.0,-1.0,-1.0,-1.0,-1.0,-1.0,-1.0,-1.0,-1.0,-1.0,-1.0,-1.0,-1.0,-1.0,-1.0,-1.0,-1.0,-1.0,-1.0,-1.0,-1.0,-1.0,-1.0,-1.0,-1.0,-1.0,-1.0,-1.0,-1.0,-1.0,-1.0,-1.0,-1.0,-1.0,-1.0,-1.0,-1.0,-1.0,-1.0,-1.0,-1.0,-1.0,-1.0,-1.0,-1.0,-1.0,-1.0,-1.0,-1.0,-1.0,-1.0,-1.0,-1.0,-1.0,-1.0,-1.0,-1.0,-1.0,-1.0,-1.0,-1.0,-1.0,-1.0,-1.0,-1.0,-1.0,-1.0,-1.0,-1.0,-1.0,-1.0,-1.0,-1.0,-1.0,-1.0,-1.0,-1.0,-1.0,-1.0,-1.0,-1.0,-1.0,-1.0,-1.0,-1.0,-1.0,-1.0,-1.0,-1.0,-1.0,-1.0,1.0,-1.0,-1.0,-1.0,-1.0,-1.0,-1.0,-1.0,-1.0,-1.0,-1.0,-1.0,-1.0,-1.0,-1.0,-1.0,-1.0,-1.0,-1.0,-1.0,-1.0,-1.0,-1.0,1.0,-1.0,-1.0,-1.0,-1.0,-1.0,-1.0,-1.0,-1.0,-1.0,-1.0,-1.0,-1.0,-1.0,-1.0,-1.0,-1.0,-1.0,-1.0,-1.0,-1.0,-1.0,-1.0,-1.0,-1.0,-1.0,-1.0,-1.0,-1.0,-1.0,-1.0,-1.0,-1.0,-1.0,-1.0,-1.0,-1.0,-1.0,-1.0,-1.0,-1.0,-1.0,-1.0,-1.0,-1.0,-1.0,-1.0,-1.0,-1.0,-1.0,-1.0,-1.0,-1.0,-1.0,-1.0,-1.0,-1.0,-1.0,-1.0,-1.0,-1.0,-1.0,-1.0,-1.0,-1.0,-1.0,-1.0,-1.0,-1.0,-1.0,-1.0,-1.0,-1.0,-1.0,-1.0,-1.0,-1.0,-1.0,-1.0,-1.0,-1.0,-1.0,-1.0,-1.0,-1.0,-1.0,-1.0,-1.0,-1.0,-1.0,-1.0,-1.0,-1.0,-1.0,-1.0,-1.0,-1.0,-1.0,-1.0,-1.0,-1.0,-1.0,-1.0,-1.0,-1.0,-1.0,-1.0,-1.0,-1.0,-1.0,-1.0,-1.0,-1.0,-1.0,-1.0,-1.0,-1.0,-1.0,-1.0,-1.0,-1.0,-1.0,-1.0,-1.0,-1.0,-1.0,-1.0,-1.0,-1.0,-1.0,-1.0,-1.0,-1.0,-1.0,-1.0,1.0,-1.0,-1.0,-1.0,-1.0,-1.0,-1.0,-1.0,-1.0,-1.0,-1.0,-1.0,-1.0
1.0,1.0,1.0,1.0,1.0,1.0,-1.0,1.0,1.0,1.0,1.0,1.0,1.0,1.0,1.0,-1.0,1.0,1.0,1.0,1.0,1.0,1.0,1.0,1.0,1.0,1.0,1.0,1.0,1.0,1.0,1.0,1.0,1.0,1.0,1.0,-1.0,1.0,1.0,1.0,1.0,1.0,1.0,1.0,1.0,1.0,1.0,1.0,1.0,1.0,1.0,1.0,1.0,-1.0,1.0,1.0,1.0,1.0,1.0,1.0,1.0,1.0,-1.0,1.0,1.0,1.0,1.0,1.0,1.0,1.0,-1.0,1.0,1.0,1.0,1.0,1.0,1.0,1.0,1.0,-1.0,1.0,1.0,1.0,1.0,1.0,1.0,1.0,1.0,1.0,-1.0,1.0,1.0,1.0,-1.0,1.0,1.0,1.0,1.0,1.0,1.0,1.0,1.0,1.0,1.0,1.0,1.0,1.0,1.0,1.0,-1.0,1.0,1.0,1.0,1.0,1.0,1.0,1.0,1.0,1.0,1.0,1.0,1.0,1.0,1.0,-1.0,1.0,1.0,1.0,1.0,1.0,1.0,1.0,1.0,1.0,1.0,1.0,1.0,1.0,-1.0,1.0,-1.0,1.0,1.0,-1.0,1.0,1.0,1.0,1.0,1.0,1.0,1.0,-1.0,1.0,1.0,1.0,1.0,1.0,1.0,1.0,1.0,1.0,1.0,1.0,1.0,-1.0,-1.0,-1.0,-1.0,-1.0,-1.0,-1.0,-1.0,-1.0,-1.0,-1.0,-1.0,-1.0,-1.0,-1.0,-1.0,-1.0,-1.0,-1.0,-1.0,-1.0,-1.0,-1.0,-1.0,-1.0,-1.0,-1.0,-1.0,-1.0,-1.0,-1.0,-1.0,-1.0,-1.0,-1.0,-1.0,-1.0,-1.0,-1.0,-1.0,-1.0,-1.0,-1.0,-1.0,-1.0,-1.0,-1.0,-1.0,-1.0,-1.0,-1.0,-1.0,-1.0,-1.0,-1.0,-1.0,-1.0,-1.0,-1.0,-1.0,-1.0,-1.0,-1.0,-1.0,-1.0,1.0,-1.0,-1.0,-1.0,-1.0,-1.0,-1.0,-1.0,-1.0,-1.0,-1.0,-1.0,-1.0,-1.0,-1.0,-1.0,-1.0,-1.0,-1.0,-1.0,-1.0,-1.0,-1.0,-1.0,-1.0,-1.0,-1.0,-1.0,-1.0,-1.0,-1.0,-1.0,-1.0,-1.0,-1.0,-1.0,-1.0,-1.0,-1.0,1.0,-1.0,-1.0,-1.0,-1.0,-1.0,-1.0,-1.0,-1.0,-1.0,-1.0,-1.0,-1.0,-1.0,-1.0,-1.0,-1.0,-1.0,-1.0,-1.0,-1.0,-1.0,-1.0,-1.0,-1.0,-1.0,-1.0,-1.0,-1.0,-1.0,-1.0,-1.0,-1.0,-1.0,-1.0,-1.0,-1.0,-1.0,-1.0,-1.0,-1.0,-1.0,-1.0,-1.0,-1.0,-1.0,-1.0,-1.0,-1.0,-1.0,-1.0,-1.0,-1.0,-1.0,-1.0,-1.0,-1.0,-1.0,-1.0,-1.0,-1.0,-1.0,-1.0,-1.0,-1.0,-1.0,-1.0,-1.0,-1.0,-1.0,-1.0,1.0,1.0,1.0,1.0,1.0,1.0,1.0,1.0,1.0,1.0,-1.0,-1.0,-1.0,-1.0,-1.0,-1.0,-1.0,-1.0,-1.0,-1.0,-1.0,-1.0,-1.0,-1.0,-1.0,-1.0,-1.0,-1.0,-1.0,-1.0,-1.0,-1.0,-1.0,-1.0,-1.0,-1.0,-1.0,-1.0,-1.0,-1.0,-1.0,-1.0,-1.0,-1.0,-1.0,-1.0,-1.0,1.0,1.0,1.0,1.0,1.0,1.0,1.0,1.0,1.0,1.0,-1.0,-1.0,-1.0
-1.0,1.0,1.0,1.0,-1.0,-1.0,-1.0,-1.0,-1.0,-1.0,-1.0,-1.0,-1.0,-1.0,-1.0,-1.0,-1.0,-1.0,-1.0,-1.0,-1.0,-1.0,-1.0,-1.0,-1.0,-1.0,-1.0,-1.0,-1.0,-1.0,-1.0,-1.0,-1.0,-1.0,-1.0,-1.0,-1.0,-1.0,-1.0,-1.0,-1.0,-1.0,-1.0,-1.0,-1.0,-1.0,-1.0,-1.0,-1.0,-1.0,-1.0,-1.0,-1.0,-1.0,-1.0,-1.0,-1.0,-1.0,-1.0,-1.0,-1.0,-1.0,-1.0,-1.0,-1.0,-1.0,-1.0,-1.0,-1.0,-1.0,-1.0,-1.0,-1.0,-1.0,-1.0,-1.0,-1.0,-1.0,-1.0,-1.0,-1.0,-1.0,-1.0,-1.0,-1.0,-1.0,-1.0,-1.0,-1.0,-1.0,-1.0,-1.0,-1.0,-1.0,-1.0,-1.0,-1.0,-1.0,-1.0,-1.0,-1.0,-1.0,-1.0,-1.0,-1.0,-1.0,-1.0,-1.0,-1.0,-1.0,-1.0,-1.0,-1.0,-1.0,-1.0,-1.0,-1.0,-1.0,-1.0,-1.0,-1.0,-1.0,-1.0,-1.0,-1.0,-1.0,-1.0,-1.0,-1.0,-1.0,-1.0,-1.0,-1.0,-1.0,-1.0,-1.0,-1.0,-1.0,-1.0,-1.0,-1.0,-1.0,-1.0,-1.0,-1.0,-1.0,-1.0,-1.0,-1.0,-1.0,-1.0,-1.0,-1.0,-1.0,-1.0,-1.0,-1.0,-1.0,-1.0,-1.0,-1.0,-1.0,-1.0,1.0,1.0,1.0,1.0,1.0,1.0,1.0,1.0,1.0,1.0,1.0,-1.0,-1.0,-1.0,-1.0,-1.0,-1.0,-1.0,-1.0,-1.0,-1.0,-1.0,-1.0,-1.0,-1.0,-1.0,-1.0,-1.0,-1.0,-1.0,-1.0,1.0,-1.0,-1.0,-1.0,-1.0,-1.0,-1.0,1.0,-1.0,1.0,-1.0,-1.0,1.0,1.0,1.0,-1.0,-1.0,-1.0,1.0,1.0,1.0,1.0,-1.0,-1.0,-1.0,-1.0,-1.0,-1.0,-1.0,-1.0,-1.0,-1.0,-1.0,-1.0,-1.0,-1.0,-1.0,-1.0,1.0,-1.0,-1.0,-1.0,-1.0,-1.0,-1.0,-1.0,-1.0,-1.0,1.0,-1.0,-1.0,-1.0,-1.0,-1.0,-1.0,-1.0,-1.0,-1.0,-1.0,-1.0,-1.0,-1.0,-1.0,-1.0,-1.0,-1.0,-1.0,1.0,1.0,1.0,1.0,1.0,1.0,1.0,-1.0,-1.0,1.0,1.0,1.0,-1.0,-1.0,-1.0,-1.0,-1.0,-1.0,-1.0,-1.0,-1.0,-1.0,-1.0,-1.0,-1.0,-1.0,-1.0,-1.0,-1.0,-1.0,-1.0,-1.0,-1.0,-1.0,-1.0,-1.0,-1.0,-1.0,-1.0,-1.0,-1.0,-1.0,-1.0,-1.0,-1.0,-1.0,-1.0,-1.0,-1.0,-1.0,-1.0,-1.0,-1.0,-1.0,-1.0,-1.0,-1.0,-1.0,-1.0,-1.0,-1.0,-1.0,-1.0,-1.0,-1.0,-1.0,-1.0,-1.0,-1.0,-1.0,-1.0,-1.0,-1.0,-1.0,-1.0,-1.0,-1.0,-1.0,-1.0,-1.0,-1.0,-1.0,-1.0,-1.0,-1.0,-1.0,-1.0,-1.0,-1.0,-1.0,-1.0,-1.0,-1.0,-1.0,-1.0,-1.0,-1.0,-1.0,-1.0,-1.0,-1.0,-1.0,1.0,-1.0,-1.0,-1.0,1.0,-1.0,-1.0,-1.0,1.0,-1.0,-1.0,-1.0,1.0,-1.0,-1.0,1.0,-1.0,-1.0,-1.0,-1.0,-1.0,-1.0,-1.0,-1.0,-1.0,-1.0,-1.0,-1.0,-1.0,-1.0,-1.0,-1.0,1.0,-1.0,-1.0
-1.0,-1.0,-1.0,-1.0,-1.0,-1.0,-1.0,-1.0,-1.0,-1.0,-1.0,-1.0,-1.0,-1.0,-1.0,-1.0,-1.0,-1.0,-1.0,-1.0,-1.0,-1.0,-1.0,-1.0,-1.0,-1.0,-1.0,-1.0,-1.0,-1.0,-1.0,-1.0,-1.0,-1.0,-1.0,-1.0,-1.0,-1.0,-1.0,-1.0,-1.0,-1.0,-1.0,-1.0,-1.0,-1.0,-1.0,-1.0,-1.0,-1.0,-1.0,-1.0,-1.0,-1.0,-1.0,-1.0,-1.0,-1.0,-1.0,-1.0,-1.0,-1.0,-1.0,-1.0,-1.0,-1.0,-1.0,-1.0,-1.0,-1.0,-1.0,-1.0,-1.0,-1.0,-1.0,-1.0,-1.0,-1.0,-1.0,-1.0,-1.0,-1.0,-1.0,-1.0,-1.0,-1.0,-1.0,-1.0,-1.0,-1.0,-1.0,-1.0,-1.0,-1.0,-1.0,-1.0,-1.0,-1.0,-1.0,-1.0,-1.0,-1.0,-1.0,-1.0,-1.0,-1.0,-1.0,-1.0,-1.0,-1.0,-1.0,-1.0,-1.0,-1.0,-1.0,-1.0,-1.0,-1.0,-1.0,-1.0,-1.0,-1.0,-1.0,-1.0,-1.0,-1.0,-1.0,-1.0,-1.0,-1.0,-1.0,-1.0,-1.0,-1.0,-1.0,-1.0,-1.0,-1.0,-1.0,-1.0,-1.0,-1.0,-1.0,-1.0,-1.0,-1.0,-1.0,-1.0,-1.0,-1.0,-1.0,-1.0,-1.0,-1.0,-1.0,-1.0,-1.0,-1.0,-1.0,-1.0,-1.0,-1.0,-1.0,-1.0,-1.0,-1.0,-1.0,-1.0,-1.0,-1.0,-1.0,-1.0,-1.0,-1.0,-1.0,-1.0,-1.0,-1.0,-1.0,-1.0,-1.0,-1.0,-1.0,-1.0,-1.0,-1.0,-1.0,-1.0,-1.0,-1.0,-1.0,-1.0,-1.0,-1.0,-1.0,-1.0,-1.0,-1.0,-1.0,-1.0,1.0,-1.0,-1.0,-1.0,-1.0,-1.0,-1.0,-1.0,-1.0,-1.0,-1.0,-1.0,-1.0,-1.0,-1.0,-1.0,-1.0,-1.0,-1.0,-1.0,-1.0,-1.0,-1.0,-1.0,-1.0,-1.0,-1.0,-1.0,-1.0,-1.0,-1.0,-1.0,-1.0,-1.0,-1.0,-1.0,-1.0,-1.0,-1.0,-1.0,-1.0,-1.0,-1.0,-1.0,-1.0,-1.0,-1.0,-1.0,-1.0,-1.0,-1.0,-1.0,-1.0,-1.0,-1.0,-1.0,-1.0,-1.0,-1.0,-1.0,-1.0,-1.0,-1.0,-1.0,-1.0,-1.0,-1.0,-1.0,-1.0,-1.0,-1.0,-1.0,-1.0,-1.0,-1.0,-1.0,-1.0,-1.0,-1.0,-1.0,-1.0,-1.0,-1.0,-1.0,-1.0,-1.0,-1.0,-1.0,-1.0,-1.0,-1.0,-1.0,-1.0,-1.0,-1.0,-1.0,-1.0,-1.0,-1.0,-1.0,-1.0,-1.0,-1.0,-1.0,-1.0,-1.0,-1.0,-1.0,-1.0,-1.0,-1.0,-1.0,-1.0,-1.0,-1.0,-1.0,-1.0,-1.0,-1.0,-1.0,-1.0,-1.0,-1.0,-1.0,-1.0,-1.0,-1.0,-1.0,-1.0,-1.0,-1.0,-1.0,-1.0,-1.0,-1.0,-1.0,-1.0,-1.0,-1.0,-1.0,-1.0,-1.0,-1.0,-1.0,-1.0,-1.0,-1.0,-1.0,-1.0,-1.0,-1.0,-1.0,-1.0,-1.0,-1.0,-1.0,-1.0,-1.0,-1.0,-1.0,-1.0,-1.0,-1.0,-1.0,-1.0,-1.0,-1.0,-1.0,-1.0,-1.0,-1.0,-1.0,-1.0,-1.0,-1.0,-1.0,-1.0,-1.0,-1.0,-1.0,-1.0,-1.0,-1.0,-1.0,-1.0,-1.0,-1.0,-1.0,-1.0,-1.0,-1.0,-1.0,-1.0,-1.0,-1.0,-1.0,-1.0,-1.0
-1.0,-1.0,-1.0,-1.0,-1.0,-1.0,-1.0,-1.0,-1.0,-1.0,-1.0,-1.0,-1.0,-1.0,-1.0,-1.0,-1.0,-1.0,-1.0,-1.0,-1.0,-1.0,-1.0,-1.0,-1.0,-1.0,-1.0,-1.0,-1.0,-1.0,-1.0,-1.0,-1.0,-1.0,-1.0,-1.0,-1.0,-1.0,-1.0,-1.0,-1.0,-1.0,-1.0,-1.0,-1.0,-1.0,-1.0,-1.0,-1.0,-1.0,-1.0,-1.0,-1.0,-1.0,-1.0,-1.0,-1.0,-1.0,-1.0,-1.0,-1.0,-1.0,-1.0,-1.0,-1.0,-1.0,-1.0,-1.0,-1.0,-1.0,-1.0,-1.0,-1.0,-1.0,-1.0,-1.0,-1.0,-1.0,-1.0,-1.0,-1.0,-1.0,-1.0,-1.0,-1.0,-1.0,-1.0,-1.0,-1.0,-1.0,-1.0,-1.0,-1.0,-1.0,-1.0,-1.0,-1.0,-1.0,-1.0,-1.0,-1.0,-1.0,-1.0,-1.0,-1.0,-1.0,-1.0,-1.0,-1.0,-1.0,-1.0,-1.0,-1.0,-1.0,-1.0,-1.0,-1.0,-1.0,-1.0,-1.0,-1.0,-1.0,-1.0,-1.0,-1.0,-1.0,-1.0,-1.0,-1.0,-1.0,-1.0,-1.0,-1.0,-1.0,-1.0,-1.0,-1.0,-1.0,-1.0,-1.0,-1.0,-1.0,-1.0,-1.0,-1.0,-1.0,-1.0,-1.0,-1.0,-1.0,-1.0,-1.0,-1.0,-1.0,-1.0,-1.0,-1.0,-1.0,-1.0,-1.0,-1.0,-1.0,-1.0,-1.0,-1.0,-1.0,-1.0,-1.0,-1.0,-1.0,-1.0,-1.0,-1.0,-1.0,-1.0,-1.0,-1.0,-1.0,-1.0,-1.0,-1.0,-1.0,-1.0,-1.0,-1.0,-1.0,-1.0,-1.0,-1.0,-1.0,-1.0,-1.0,-1.0,-1.0,-1.0,-1.0,-1.0,-1.0,-1.0,-1.0,-1.0,-1.0,-1.0,-1.0,-1.0,-1.0,-1.0,-1.0,-1.0,-1.0,-1.0,-1.0,-1.0,-1.0,-1.0,-1.0,-1.0,-1.0,-1.0,-1.0,-1.0,-1.0,-1.0,-1.0,-1.0,-1.0,-1.0,-1.0,-1.0,-1.0,-1.0,-1.0,-1.0,-1.0,-1.0,-1.0,-1.0,-1.0,-1.0,-1.0,-1.0,-1.0,-1.0,-1.0,-1.0,-1.0,-1.0,-1.0,-1.0,-1.0,-1.0,-1.0,-1.0,-1.0,-1.0,-1.0,-1.0,-1.0,-1.0,-1.0,-1.0,-1.0,-1.0,-1.0,-1.0,-1.0,-1.0,-1.0,-1.0,-1.0,-1.0,-1.0,-1.0,-1.0,-1.0,-1.0,-1.0,-1.0,-1.0,-1.0,-1.0,-1.0,-1.0,-1.0,-1.0,-1.0,-1.0,-1.0,-1.0,-1.0,-1.0,-1.0,-1.0,-1.0,-1.0,-1.0,-1.0,-1.0,-1.0,-1.0,-1.0,-1.0,-1.0,-1.0,-1.0,-1.0,-1.0,-1.0,-1.0,-1.0,-1.0,-1.0,-1.0,-1.0,-1.0,-1.0,-1.0,-1.0,-1.0,-1.0,-1.0,-1.0,-1.0,-1.0,-1.0,-1.0,-1.0,-1.0,-1.0,-1.0,-1.0,-1.0,-1.0,-1.0,-1.0,-1.0,-1.0,-1.0,-1.0,-1.0,-1.0,-1.0,-1.0,-1.0,-1.0,-1.0,-1.0,-1.0,-1.0,-1.0,-1.0,-1.0,-1.0,-1.0,-1.0,-1.0,-1.0,-1.0,-1.0,-1.0,-1.0,-1.0,-1.0,-1.0,-1.0,-1.0,-1.0,-1.0,-1.0,-1.0,-1.0,-1.0,-1.0,-1.0,-1.0,-1.0,-1.0,-1.0,-1.0,-1.0,-1.0,-1.0,-1.0,-1.0,-1.0,-1.0,-1.0,-1.0,-1.0,-1.0,-1.0,-1.0,-1.0,-1.0,-1.0,-1.0,-1.0,-1.0
1.0,-1.0,-1.0,-1.0,-1.0,-1.0,-1.0,-1.0,-1.0,-1.0,-1.0,-1.0,-1.0,-1.0,-1.0,-1.0,-1.0,-1.0,-1.0,-1.0,-1.0,-1.0,-1.0,-1.0,-1.0,-1.0,-1.0,-1.0,-1.0,-1.0,-1.0,-1.0,-1.0,-1.0,-1.0,-1.0,-1.0,-1.0,-1.0,-1.0,-1.0,-1.0,-1.0,-1.0,-1.0,-1.0,-1.0,-1.0,-1.0,-1.0,-1.0,-1.0,-1.0,-1.0,-1.0,-1.0,-1.0,-1.0,-1.0,-1.0,-1.0,-1.0,-1.0,-1.0,-1.0,-1.0,-1.0,-1.0,-1.0,-1.0,-1.0,-1.0,-1.0,-1.0,-1.0,-1.0,-1.0,-1.0,-1.0,-1.0,-1.0,-1.0,-1.0,-1.0,-1.0,-1.0,-1.0,-1.0,-1.0,-1.0,-1.0,-1.0,-1.0,-1.0,-1.0,-1.0,-1.0,-1.0,-1.0,-1.0,-1.0,-1.0,-1.0,-1.0,-1.0,-1.0,-1.0,-1.0,-1.0,-1.0,-1.0,-1.0,-1.0,-1.0,-1.0,-1.0,-1.0,-1.0,-1.0,-1.0,-1.0,-1.0,-1.0,-1.0,-1.0,-1.0,-1.0,-1.0,-1.0,-1.0,-1.0,-1.0,-1.0,-1.0,-1.0,-1.0,-1.0,-1.0,-1.0,-1.0,-1.0,-1.0,-1.0,-1.0,-1.0,-1.0,-1.0,-1.0,-1.0,-1.0,-1.0,-1.0,-1.0,-1.0,-1.0,-1.0,-1.0,-1.0,-1.0,-1.0,-1.0,-1.0,-1.0,1.0,1.0,1.0,1.0,1.0,1.0,1.0,1.0,1.0,-1.0,-1.0,1.0,-1.0,-1.0,1.0,1.0,1.0,-1.0,1.0,1.0,1.0,-1.0,1.0,-1.0,-1.0,1.0,1.0,1.0,-1.0,1.0,1.0,-1.0,-1.0,1.0,1.0,1.0,1.0,1.0,1.0,1.0,1.0,1.0,1.0,-1.0,-1.0,-1.0,-1.0,1.0,-1.0,-1.0,-1.0,-1.0,-1.0,-1.0,-1.0,-1.0,-1.0,-1.0,-1.0,-1.0,-1.0,-1.0,-1.0,-1.0,-1.0,-1.0,-1.0,-1.0,-1.0,1.0,-1.0,-1.0,-1.0,-1.0,-1.0,-1.0,-1.0,-1.0,-1.0,1.0,-1.0,-1.0,-1.0,-1.0,-1.0,-1.0,-1.0,-1.0,-1.0,-1.0,-1.0,-1.0,-1.0,1.0,-1.0,1.0,1.0,1.0,1.0,1.0,-1.0,-1.0,-1.0,-1.0,-1.0,1.0,-1.0,1.0,1.0,1.0,1.0,-1.0,-1.0,-1.0,-1.0,-1.0,-1.0,-1.0,-1.0,-1.0,-1.0,-1.0,-1.0,-1.0,-1.0,-1.0,-1.0,-1.0,-1.0,-1.0,-1.0,-1.0,-1.0,-1.0,-1.0,-1.0,-1.0,-1.0,-1.0,-1.0,-1.0,-1.0,-1.0,-1.0,-1.0,-1.0,-1.0,-1.0,-1.0,-1.0,-1.0,-1.0,-1.0,-1.0,-1.0,-1.0,-1.0,-1.0,1.0,-1.0,1.0,-1.0,-1.0,-1.0,-1.0,-1.0,-1.0,-1.0,1.0,1.0,1.0,-1.0,-1.0,-1.0,-1.0,-1.0,-1.0,-1.0,-1.0,-1.0,-1.0,-1.0,-1.0,-1.0,-1.0,1.0,1.0,1.0,1.0,1.0,1.0,1.0,1.0,1.0,1.0,1.0,-1.0,-1.0,-1.0,-1.0,-1.0,-1.0,-1.0,-1.0,-1.0,-1.0,-1.0,-1.0,-1.0,-1.0,-1.0,-1.0,-1.0,-1.0,1.0,-1.0,-1.0,-1.0,-1.0,-1.0,-1.0,-1.0,-1.0,-1.0,-1.0,-1.0,-1.0,-1.0,-1.0,-1.0,-1.0,-1.0,1.0,1.0,1.0
-1.0,-1.0,-1.0,-1.0,-1.0,-1.0,-1.0,-1.0,-1.0,-1.0,-1.0,-1.0,-1.0,-1.0,-1.0,-1.0,-1.0,-1.0,-1.0,-1.0,-1.0,-1.0,-1.0,-1.0,-1.0,-1.0,-1.0,-1.0,-1.0,-1.0,-1.0,-1.0,-1.0,-1.0,-1.0,-1.0,-1.0,-1.0,-1.0,-1.0,-1.0,-1.0,-1.0,-1.0,-1.0,-1.0,-1.0,-1.0,-1.0,-1.0,-1.0,-1.0,-1.0,-1.0,-1.0,-1.0,-1.0,-1.0,-1.0,-1.0,-1.0,-1.0,-1.0,-1.0,-1.0,-1.0,-1.0,-1.0,-1.0,-1.0,-1.0,-1.0,-1.0,-1.0,-1.0,-1.0,-1.0,-1.0,-1.0,-1.0,-1.0,-1.0,-1.0,-1.0,-1.0,-1.0,-1.0,-1.0,-1.0,-1.0,-1.0,-1.0,-1.0,-1.0,-1.0,-1.0,-1.0,-1.0,-1.0,-1.0,-1.0,-1.0,-1.0,-1.0,-1.0,-1.0,-1.0,-1.0,-1.0,-1.0,-1.0,-1.0,-1.0,-1.0,-1.0,-1.0,-1.0,-1.0,-1.0,-1.0,-1.0,-1.0,-1.0,-1.0,-1.0,-1.0,-1.0,-1.0,-1.0,-1.0,-1.0,-1.0,-1.0,-1.0,-1.0,-1.0,-1.0,-1.0,-1.0,-1.0,-1.0,-1.0,-1.0,-1.0,-1.0,-1.0,-1.0,-1.0,-1.0,-1.0,-1.0,-1.0,-1.0,-1.0,-1.0,-1.0,-1.0,-1.0,-1.0,-1.0,-1.0,-1.0,-1.0,-1.0,-1.0,-1.0,-1.0,-1.0,-1.0,-1.0,-1.0,-1.0,-1.0,-1.0,-1.0,-1.0,-1.0,-1.0,-1.0,-1.0,-1.0,-1.0,-1.0,-1.0,-1.0,-1.0,-1.0,-1.0,-1.0,-1.0,-1.0,-1.0,-1.0,-1.0,-1.0,-1.0,-1.0,-1.0,-1.0,-1.0,-1.0,-1.0,-1.0,-1.0,-1.0,-1.0,-1.0,-1.0,-1.0,-1.0,-1.0,-1.0,-1.0,-1.0,-1.0,-1.0,-1.0,-1.0,-1.0,-1.0,-1.0,-1.0,-1.0,-1.0,-1.0,-1.0,-1.0,-1.0,-1.0,-1.0,-1.0,-1.0,-1.0,-1.0,-1.0,-1.0,-1.0,-1.0,-1.0,-1.0,-1.0,-1.0,-1.0,-1.0,-1.0,-1.0,-1.0,-1.0,-1.0,-1.0,-1.0,-1.0,-1.0,-1.0,-1.0,-1.0,-1.0,-1.0,-1.0,-1.0,-1.0,-1.0,-1.0,-1.0,-1.0,-1.0,-1.0,-1.0,-1.0,-1.0,-1.0,-1.0,-1.0,-1.0,-1.0,-1.0,-1.0,-1.0,-1.0,-1.0,-1.0,-1.0,-1.0,-1.0,-1.0,-1.0,-1.0,-1.0,-1.0,-1.0,-1.0,-1.0,-1.0,-1.0,-1.0,-1.0,-1.0,-1.0,-1.0,-1.0,-1.0,-1.0,-1.0,-1.0,-1.0,-1.0,-1.0,-1.0,-1.0,-1.0,-1.0,-1.0,-1.0,-1.0,-1.0,-1.0,-1.0,-1.0,-1.0,-1.0,-1.0,1.0,-1.0,1.0,-1.0,1.0,-1.0,-1.0,-1.0,1.0,-1.0,1.0,1.0,-1.0,-1.0,1.0,-1.0,-1.0,-1.0,-1.0,-1.0,-1.0,-1.0,-1.0,-1.0,-1.0,-1.0,-1.0,-1.0,-1.0,-1.0,-1.0,-1.0,-1.0,-1.0,-1.0,-1.0,-1.0,-1.0,-1.0,-1.0,-1.0,-1.0,-1.0,-1.0,-1.0,-1.0,-1.0,-1.0,-1.0,-1.0,-1.0,-1.0,-1.0,-1.0,-1.0,-1.0,-1.0,-1.0,-1.0,-1.0,-1.0,-1.0,-1.0,-1.0,-1.0,-1.0,-1.0,-1.0,-1.0,-1.0,-1.0,-1.0,-1.0,-1.0,-1.0,-1.0,-1.0
-1.0,-1.0,-1.0,-1.0,-1.0,-1.0,-1.0,-1.0,-1.0,-1.0,-1.0,-1.0,-1.0,-1.0,-1.0,-1.0,-1.0,-1.0,-1.0,-1.0,-1.0,-1.0,-1.0,-1.0,-1.0,-1.0,-1.0,-1.0,-1.0,-1.0,-1.0,-1.0,-1.0,-1.0,-1.0,-1.0,-1.0,-1.0,-1.0,-1.0,-1.0,-1.0,-1.0,-1.0,-1.0,-1.0,-1.0,-1.0,-1.0,-1.0,-1.0,-1.0,-1.0,-1.0,-1.0,-1.0,-1.0,-1.0,-1.0,-1.0,-1.0,-1.0,-1.0,-1.0,-1.0,-1.0,-1.0,-1.0,-1.0,-1.0,-1.0,-1.0,-1.0,-1.0,-1.0,-1.0,-1.0,-1.0,-1.0,-1.0,-1.0,-1.0,-1.0,-1.0,-1.0,-1.0,-1.0,-1.0,-1.0,-1.0,-1.0,-1.0,-1.0,-1.0,-1.0,-1.0,-1.0,-1.0,-1.0,-1.0,-1.0,-1.0,-1.0,-1.0,-1.0,-1.0,-1.0,-1.0,-1.0,-1.0,-1.0,-1.0,-1.0,-1.0,-1.0,-1.0,-1.0,-1.0,-1.0,-1.0,-1.0,-1.0,-1.0,-1.0,-1.0,-1.0,-1.0,-1.0,-1.0,-1.0,-1.0,-1.0,-1.0,-1.0,-1.0,-1.0,-1.0,-1.0,-1.0,-1.0,-1.0,-1.0,-1.0,-1.0,-1.0,-1.0,-1.0,-1.0,-1.0,-1.0,-1.0,-1.0,-1.0,-1.0,-1.0,-1.0,-1.0,-1.0,-1.0,-1.0,-1.0,-1.0,-1.0,-1.0,-1.0,-1.0,-1.0,-1.0,-1.0,-1.0,-1.0,-1.0,-1.0,-1.0,-1.0,-1.0,-1.0,-1.0,-1.0,-1.0,-1.0,-1.0,-1.0,-1.0,-1.0,-1.0,-1.0,-1.0,-1.0,-1.0,-1.0,-1.0,-1.0,-1.0,-1.0,-1.0,-1.0,-1.0,-1.0,-1.0,-1.0,-1.0,-1.0,-1.0,-1.0,-1.0,-1.0,-1.0,-1.0,-1.0,-1.0,-1.0,-1.0,-1.0,-1.0,-1.0,-1.0,-1.0,-1.0,-1.0,-1.0,-1.0,-1.0,-1.0,-1.0,-1.0,-1.0,-1.0,-1.0,-1.0,-1.0,-1.0,-1.0,-1.0,-1.0,-1.0,-1.0,-1.0,-1.0,-1.0,-1.0,-1.0,-1.0,-1.0,-1.0,-1.0,-1.0,-1.0,-1.0,-1.0,-1.0,-1.0,-1.0,-1.0,-1.0,-1.0,-1.0,-1.0,-1.0,-1.0,-1.0,-1.0,-1.0,-1.0,-1.0,-1.0,-1.0,-1.0,-1.0,-1.0,-1.0,-1.0,-1.0,-1.0,-1.0,-1.0,-1.0,-1.0,-1.0,-1.0,-1.0,-1.0,-1.0,-1.0,-1.0,-1.0,-1.0,-1.0,-1.0,-1.0,-1.0,-1.0,-1.0,-1.0,-1.0,-1.0,-1.0,-1.0,-1.0,-1.0,-1.0,-1.0,-1.0,-1.0,-1.0,-1.0,-1.0,-1.0,-1.0,-1.0,-1.0,-1.0,-1.0,-1.0,-1.0,-1.0,-1.0,-1.0,-1.0,-1.0,-1.0,-1.0,-1.0,-1.0,-1.0,-1.0,-1.0,-1.0,-1.0,-1.0,-1.0,-1.0,-1.0,-1.0,-1.0,-1.0,-1.0,-1.0,-1.0,-1.0,-1.0,-1.0,-1.0,-1.0,-1.0,-1.0,-1.0,-1.0,-1.0,-1.0,-1.0,-1.0,-1.0,-1.0,-1.0,-1.0,-1.0,-1.0,-1.0,-1.0,-1.0,-1.0,-1.0,-1.0,-1.0,-1.0,-1.0,-1.0,-1.0,-1.0,-1.0,-1.0,-1.0,-1.0,-1.0,-1.0,-1.0,-1.0,-1.0,-1.0,-1.0,-1.0,-1.0,-1.0,-1.0,-1.0,-1.0,-1.0,-1.0,-1.0,-1.0,-1.0,-1.0,-1.0,-1.0,-1.0,-1.0,-1.0
-1.0,-1.0,-1.0,-1.0,-1.0,-1.0,-1.0,-1.0,-1.0,-1.0,-1.0,-1.0,-1.0,-1.0,-1.0,-1.0,-1.0,-1.0,-1.0,-1.0,-1.0,-1.0,-1.0,-1.0,-1.0,-1.0,-1.0,-1.0,-1.0,-1.0,-1.0,-1.0,-1.0,-1.0,-1.0,-1.0,-1.0,-1.0,-1.0,-1.0,-1.0,-1.0,-1.0,-1.0,-1.0,-1.0,-1.0,-1.0,-1.0,-1.0,-1.0,-1.0,-1.0,-1.0,-1.0,-1.0,-1.0,-1.0,-1.0,-1.0,-1.0,-1.0,-1.0,-1.0,-1.0,-1.0,-1.0,-1.0,-1.0,-1.0,-1.0,-1.0,-1.0,-1.0,-1.0,-1.0,-1.0,-1.0,-1.0,-1.0,-1.0,-1.0,-1.0,-1.0,-1.0,-1.0,-1.0,-1.0,-1.0,-1.0,-1.0,-1.0,-1.0,-1.0,-1.0,-1.0,-1.0,-1.0,-1.0,-1.0,-1.0,-1.0,-1.0,-1.0,-1.0,-1.0,-1.0,-1.0,-1.0,-1.0,-1.0,-1.0,-1.0,-1.0,-1.0,-1.0,-1.0,-1.0,-1.0,-1.0,-1.0,-1.0,-1.0,-1.0,-1.0,-1.0,-1.0,-1.0,-1.0,-1.0,-1.0,-1.0,-1.0,-1.0,-1.0,-1.0,-1.0,-1.0,-1.0,-1.0,-1.0,-1.0,-1.0,-1.0,-1.0,-1.0,-1.0,-1.0,-1.0,-1.0,-1.0,-1.0,-1.0,-1.0,-1.0,-1.0,-1.0,-1.0,-1.0,-1.0,-1.0,-1.0,-1.0,-1.0,-1.0,-1.0,-1.0,-1.0,-1.0,-1.0,-1.0,-1.0,-1.0,-1.0,-1.0,-1.0,-1.0,-1.0,-1.0,-1.0,-1.0,-1.0,-1.0,-1.0,-1.0,-1.0,-1.0,-1.0,-1.0,-1.0,-1.0,-1.0,-1.0,-1.0,-1.0,-1.0,-1.0,-1.0,-1.0,-1.0,-1.0,-1.0,-1.0,-1.0,-1.0,-1.0,-1.0,-1.0,-1.0,-1.0,-1.0,-1.0,-1.0,-1.0,-1.0,-1.0,-1.0,-1.0,-1.0,-1.0,-1.0,-1.0,-1.0,-1.0,-1.0,-1.0,-1.0,-1.0,-1.0,-1.0,-1.0,-1.0,-1.0,-1.0,-1.0,-1.0,-1.0,-1.0,-1.0,-1.0,-1.0,-1.0,-1.0,-1.0,-1.0,-1.0,-1.0,-1.0,-1.0,-1.0,-1.0,-1.0,-1.0,-1.0,-1.0,-1.0,-1.0,-1.0,-1.0,-1.0,-1.0,-1.0,-1.0,-1.0,-1.0,-1.0,-1.0,-1.0,-1.0,-1.0,-1.0,-1.0,-1.0,-1.0,-1.0,-1.0,-1.0,-1.0,-1.0,-1.0,-1.0,-1.0,-1.0,-1.0,-1.0,-1.0,-1.0,-1.0,-1.0,-1.0,-1.0,-1.0,-1.0,-1.0,-1.0,-1.0,-1.0,-1.0,-1.0,-1.0,-1.0,-1.0,-1.0,-1.0,-1.0,-1.0,-1.0,-1.0,-1.0,-1.0,-1.0,-1.0,-1.0,-1.0,-1.0,-1.0,-1.0,-1.0,-1.0,-1.0,-1.0,-1.0,-1.0,-1.0,-1.0,-1.0,-1.0,-1.0,-1.0,-1.0,-1.0,-1.0,-1.0,-1.0,-1.0,-1.0,-1.0,-1.0,-1.0,-1.0,-1.0,-1.0,-1.0,-1.0,-1.0,-1.0,-1.0,-1.0,-1.0,-1.0,-1.0,-1.0,-1.0,-1.0,-1.0,-1.0,-1.0,-1.0,-1.0,-1.0,-1.0,-1.0,-1.0,-1.0,-1.0,-1.0,-1.0,-1.0,-1.0,-1.0,-1.0,-1.0,-1.0,-1.0,-1.0,-1.0,-1.0,-1.0,-1.0,-1.0,-1.0,-1.0,-1.0,-1.0,-1.0,-1.0,-1.0,-1.0,-1.0,-1.0,-1.0,-1.0,-1.0,-1.0,-1.0,-1.0,-1.0,-1.0
-1.0,-1.0,-1.0,-1.0,-1.0,-1.0,-1.0,-1.0,-1.0,-1.0,-1.0,-1.0,-1.0,-1.0,-1.0,-1.0,-1.0,-1.0,-1.0,-1.0,-1.0,-1.0,-1.0,-1.0,-1.0,-1.0,-1.0,-1.0,-1.0,-1.0,-1.0,-1.0,-1.0,-1.0,-1.0,-1.0,-1.0,-1.0,-1.0,-1.0,-1.0,-1.0,-1.0,-1.0,-1.0,-1.0,-1.0,-1.0,-1.0,-1.0,-1.0,-1.0,-1.0,-1.0,-1.0,-1.0,-1.0,-1.0,-1.0,-1.0,-1.0,-1.0,-1.0,-1.0,-1.0,-1.0,-1.0,-1.0,-1.0,-1.0,-1.0,-1.0,-1.0,-1.0,-1.0,-1.0,-1.0,-1.0,-1.0,-1.0,-1.0,-1.0,-1.0,-1.0,-1.0,-1.0,-1.0,-1.0,-1.0,-1.0,-1.0,-1.0,-1.0,-1.0,-1.0,-1.0,-1.0,-1.0,-1.0,-1.0,-1.0,-1.0,-1.0,-1.0,-1.0,-1.0,-1.0,-1.0,-1.0,-1.0,-1.0,-1.0,-1.0,-1.0,-1.0,-1.0,-1.0,-1.0,-1.0,-1.0,-1.0,-1.0,-1.0,-1.0,-1.0,-1.0,-1.0,-1.0,-1.0,-1.0,-1.0,-1.0,-1.0,-1.0,-1.0,-1.0,-1.0,-1.0,-1.0,-1.0,-1.0,-1.0,-1.0,-1.0,-1.0,-1.0,-1.0,-1.0,-1.0,-1.0,-1.0,-1.0,-1.0,-1.0,-1.0,-1.0,-1.0,-1.0,-1.0,-1.0,-1.0,-1.0,-1.0,-1.0,-1.0,-1.0,-1.0,-1.0,-1.0,-1.0,-1.0,-1.0,-1.0,-1.0,-1.0,-1.0,-1.0,-1.0,-1.0,-1.0,-1.0,-1.0,-1.0,-1.0,-1.0,-1.0,-1.0,-1.0,-1.0,-1.0,-1.0,-1.0,-1.0,-1.0,-1.0,-1.0,-1.0,-1.0,-1.0,-1.0,-1.0,-1.0,-1.0,-1.0,-1.0,-1.0,-1.0,-1.0,-1.0,-1.0,-1.0,-1.0,-1.0,-1.0,-1.0,-1.0,-1.0,-1.0,-1.0,-1.0,-1.0,-1.0,-1.0,-1.0,-1.0,-1.0,-1.0,-1.0,-1.0,-1.0,-1.0,-1.0,-1.0,-1.0,-1.0,-1.0,-1.0,-1.0,-1.0,-1.0,-1.0,-1.0,-1.0,-1.0,-1.0,-1.0,-1.0,-1.0,-1.0,-1.0,-1.0,-1.0,-1.0,-1.0,-1.0,-1.0,-1.0,-1.0,-1.0,-1.0,-1.0,-1.0,-1.0,-1.0,-1.0,-1.0,-1.0,-1.0,-1.0,-1.0,-1.0,-1.0,-1.0,-1.0,-1.0,-1.0,-1.0,-1.0,-1.0,-1.0,-1.0,-1.0,-1.0,-1.0,-1.0,-1.0,-1.0,-1.0,-1.0,-1.0,-1.0,-1.0,-1.0,-1.0,-1.0,-1.0,-1.0,-1.0,-1.0,-1.0,-1.0,-1.0,-1.0,-1.0,-1.0,-1.0,-1.0,-1.0,-1.0,-1.0,-1.0,-1.0,-1.0,-1.0,-1.0,-1.0,-1.0,-1.0,-1.0,-1.0,-1.0,-1.0,-1.0,-1.0,-1.0,-1.0,-1.0,-1.0,-1.0,-1.0,-1.0,-1.0,-1.0,-1.0,-1.0,-1.0,-1.0,-1.0,-1.0,-1.0,-1.0,-1.0,-1.0,-1.0,-1.0,-1.0,-1.0,-1.0,-1.0,-1.0,-1.0,-1.0,-1.0,-1.0,-1.0,-1.0,-1.0,-1.0,-1.0,-1.0,-1.0,-1.0,-1.0,-1.0,-1.0,-1.0,-1.0,-1.0,-1.0,-1.0,-1.0,-1.0,-1.0,-1.0,-1.0,-1.0,-1.0,-1.0,-1.0,-1.0,-1.0,-1.0,-1.0,-1.0,-1.0,-1.0,-1.0,-1.0,-1.0,-1.0,-1.0,-1.0,-1.0,-1.0,-1.0,-1.0,-1.0,-1.0
-1.0,-1.0,-1.0,-1.0,-1.0,-1.0,-1.0,-1.0,-1.0,-1.0,-1.0,-1.0,-1.0,-1.0,-1.0,-1.0,-1.0,-1.0,-1.0,-1.0,-1.0,-1.0,-1.0,-1.0,-1.0,-1.0,-1.0,-1.0,-1.0,-1.0,-1.0,-1.0,-1.0,-1.0,-1.0,-1.0,-1.0,-1.0,-1.0,-1.0,-1.0,-1.0,-1.0,-1.0,-1.0,-1.0,-1.0,-1.0,-1.0,-1.0,-1.0,-1.0,-1.0,-1.0,-1.0,-1.0,-1.0,-1.0,-1.0,-1.0,-1.0,-1.0,-1.0,-1.0,-1.0,-1.0,-1.0,-1.0,-1.0,-1.0,-1.0,-1.0,-1.0,-1.0,-1.0,-1.0,-1.0,-1.0,-1.0,-1.0,-1.0,-1.0,-1.0,-1.0,-1.0,-1.0,-1.0,-1.0,-1.0,-1.0,-1.0,-1.0,-1.0,-1.0,-1.0,-1.0,-1.0,-1.0,-1.0,-1.0,-1.0,-1.0,-1.0,-1.0,-1.0,-1.0,-1.0,-1.0,-1.0,-1.0,-1.0,-1.0,-1.0,-1.0,-1.0,-1.0,-1.0,-1.0,-1.0,-1.0,-1.0,-1.0,-1.0,-1.0,-1.0,-1.0,-1.0,-1.0,-1.0,-1.0,-1.0,-1.0,-1.0,-1.0,-1.0,-1.0,-1.0,-1.0,-1.0,-1.0,-1.0,-1.0,-1.0,-1.0,-1.0,-1.0,-1.0,-1.0,-1.0,-1.0,-1.0,-1.0,-1.0,-1.0,-1.0,-1.0,-1.0,-1.0,-1.0,-1.0,-1.0,-1.0,-1.0,-1.0,-1.0,-1.0,-1.0,-1.0,-1.0,-1.0,-1.0,-1.0,-1.0,-1.0,-1.0,-1.0,-1.0,-1.0,-1.0,-1.0,-1.0,-1.0,-1.0,-1.0,-1.0,-1.0,-1.0,-1.0,-1.0,-1.0,-1.0,-1.0,-1.0,-1.0,-1.0,-1.0,-1.0,-1.0,-1.0,-1.0,-1.0,-1.0,-1.0,-1.0,-1.0,-1.0,-1.0,-1.0,-1.0,-1.0,-1.0,-1.0,-1.0,-1.0,-1.0,-1.0,-1.0,-1.0,-1.0,-1.0,-1.0,-1.0,-1.0,-1.0,-1.0,-1.0,-1.0,-1.0,-1.0,-1.0,-1.0,-1.0,-1.0,-1.0,-1.0,-1.0,-1.0,-1.0,-1.0,-1.0,-1.0,-1.0,-1.0,-1.0,-1.0,-1.0,-1.0,-1.0,-1.0,-1.0,-1.0,-1.0,-1.0,-1.0,-1.0,-1.0,-1.0,-1.0,-1.0,-1.0,-1.0,-1.0,-1.0,-1.0,-1.0,-1.0,-1.0,-1.0,-1.0,-1.0,-1.0,-1.0,-1.0,-1.0,-1.0,-1.0,-1.0,-1.0,-1.0,-1.0,-1.0,-1.0,-1.0,-1.0,-1.0,-1.0,-1.0,-1.0,-1.0,-1.0,-1.0,-1.0,-1.0,-1.0,-1.0,-1.0,-1.0,-1.0,-1.0,-1.0,-1.0,-1.0,-1.0,-1.0,-1.0,-1.0,-1.0,-1.0,-1.0,-1.0,-1.0,-1.0,-1.0,-1.0,-1.0,-1.0,-1.0,-1.0,-1.0,-1.0,-1.0,-1.0,-1.0,-1.0,-1.0,-1.0,-1.0,-1.0,-1.0,-1.0,-1.0,-1.0,-1.0,-1.0,-1.0,-1.0,-1.0,-1.0,-1.0,-1.0,-1.0,-1.0,-1.0,-1.0,-1.0,-1.0,-1.0,-1.0,-1.0,-1.0,-1.0,-1.0,-1.0,-1.0,-1.0,-1.0,-1.0,-1.0,-1.0,-1.0,-1.0,-1.0,-1.0,-1.0,-1.0,-1.0,-1.0,-1.0,-1.0,-1.0,-1.0,-1.0,-1.0,-1.0,-1.0,-1.0,-1.0,-1.0,-1.0,-1.0,-1.0,-1.0,-1.0,-1.0,-1.0,-1.0,-1.0,-1.0,-1.0,-1.0,-1.0,-1.0,-1.0,-1.0,-1.0,-1.0,-1.0,-1.0
-1.0,-1.0,-1.0,-1.0,-1.0,-1.0,-1.0,-1.0,-1.0,-1.0,-1.0,-1.0,-1.0,-1.0,-1.0,-1.0,-1.0,-1.0,-1.0,-1.0,-1.0,-1.0,-1.0,-1.0,-1.0,-1.0,-1.0,-1.0,-1.0,-1.0,-1.0,-1.0,-1.0,-1.0,-1.0,-1.0,-1.0,-1.0,-1.0,-1.0,-1.0,-1.0,-1.0,-1.0,-1.0,-1.0,-1.0,-1.0,-1.0,-1.0,-1.0,-1.0,-1.0,-1.0,-1.0,-1.0,-1.0,-1.0,-1.0,-1.0,-1.0,-1.0,-1.0,-1.0,-1.0,-1.0,-1.0,-1.0,-1.0,-1.0,-1.0,-1.0,-1.0,-1.0,-1.0,-1.0,-1.0,-1.0,-1.0,-1.0,-1.0,-1.0,-1.0,-1.0,-1.0,-1.0,-1.0,-1.0,-1.0,-1.0,-1.0,-1.0,-1.0,-1.0,-1.0,-1.0,-1.0,-1.0,-1.0,-1.0,-1.0,-1.0,-1.0,-1.0,-1.0,-1.0,-1.0,-1.0,-1.0,-1.0,-1.0,-1.0,-1.0,-1.0,-1.0,-1.0,-1.0,-1.0,-1.0,-1.0,-1.0,-1.0,-1.0,-1.0,-1.0,-1.0,-1.0,-1.0,-1.0,-1.0,-1.0,-1.0,-1.0,-1.0,-1.0,-1.0,-1.0,-1.0,-1.0,-1.0,-1.0,-1.0,-1.0,-1.0,-1.0,-1.0,-1.0,-1.0,-1.0,-1.0,-1.0,-1.0,-1.0,-1.0,-1.0,-1.0,-1.0,-1.0,-1.0,-1.0,-1.0,-1.0,-1.0,-1.0,-1.0,-1.0,-1.0,-1.0,-1.0,-1.0,-1.0,-1.0,-1.0,-1.0,-1.0,-1.0,-1.0,-1.0,-1.0,-1.0,-1.0,-1.0,-1.0,-1.0,-1.0,-1.0,-1.0,-1.0,-1.0,-1.0,-1.0,-1.0,-1.0,-1.0,-1.0,-1.0,-1.0,-1.0,-1.0,-1.0,-1.0,-1.0,-1.0,-1.0,-1.0,-1.0,-1.0,-1.0,-1.0,-1.0,-1.0,-1.0,-1.0,-1.0,-1.0,-1.0,-1.0,-1.0,-1.0,-1.0,-1.0,-1.0,-1.0,-1.0,-1.0,-1.0,-1.0,-1.0,-1.0,-1.0,-1.0,-1.0,-1.0,-1.0,-1.0,-1.0,-1.0,-1.0,-1.0,-1.0,-1.0,-1.0,-1.0,-1.0,-1.0,-1.0,-1.0,-1.0,-1.0,-1.0,-1.0,-1.0,-1.0,-1.0,-1.0,-1.0,-1.0,-1.0,-1.0,-1.0,-1.0,-1.0,-1.0,-1.0,-1.0,-1.0,-1.0,-1.0,-1.0,-1.0,-1.0,-1.0,-1.0,-1.0,-1.0,-1.0,-1.0,-1.0,-1.0,-1.0,-1.0,-1.0,-1.0,-1.0,-1.0,-1.0,-1.0,-1.0,-1.0,-1.0,-1.0,-1.0,-1.0,-1.0,-1.0,-1.0,-1.0,-1.0,-1.0,-1.0,-1.0,-1.0,-1.0,-1.0,-1.0,-1.0,-1.0,-1.0,-1.0,-1.0,-1.0,-1.0,-1.0,-1.0,-1.0,-1.0,-1.0,-1.0,-1.0,-1.0,-1.0,-1.0,-1.0,-1.0,-1.0,-1.0,-1.0,-1.0,-1.0,-1.0,-1.0,-1.0,-1.0,-1.0,-1.0,-1.0,-1.0,-1.0,-1.0,-1.0,-1.0,-1.0,-1.0,-1.0,-1.0,-1.0,-1.0,-1.0,-1.0,-1.0,-1.0,-1.0,-1.0,-1.0,-1.0,-1.0,-1.0,-1.0,-1.0,1.0,-1.0,1.0,-1.0,-1.0,-1.0,1.0,-1.0,-1.0,-1.0,1.0,-1.0,-1.0,-1.0,1.0,-1.0,-1.0,-1.0,-1.0,-1.0,-1.0,-1.0,-1.0,-1.0,-1.0,-1.0,-1.0,-1.0,-1.0,-1.0,-1.0,-1.0,-1.0,-1.0,-1.0,-1.0,-1.0,-1.0,-1.0
-1.0,-1.0,-1.0,-1.0,-1.0,-1.0,-1.0,-1.0,-1.0,-1.0,-1.0,-1.0,-1.0,-1.0,-1.0,-1.0,-1.0,-1.0,-1.0,-1.0,-1.0,-1.0,-1.0,-1.0,-1.0,-1.0,-1.0,-1.0,-1.0,-1.0,-1.0,-1.0,-1.0,-1.0,-1.0,-1.0,-1.0,-1.0,-1.0,-1.0,-1.0,-1.0,-1.0,-1.0,-1.0,-1.0,-1.0,-1.0,-1.0,-1.0,-1.0,-1.0,-1.0,-1.0,-1.0,-1.0,-1.0,-1.0,-1.0,-1.0,-1.0,-1.0,-1.0,-1.0,-1.0,-1.0,-1.0,-1.0,-1.0,-1.0,-1.0,-1.0,-1.0,-1.0,-1.0,-1.0,-1.0,-1.0,-1.0,-1.0,-1.0,-1.0,-1.0,-1.0,-1.0,-1.0,-1.0,-1.0,-1.0,-1.0,-1.0,-1.0,-1.0,-1.0,-1.0,-1.0,-1.0,-1.0,-1.0,-1.0,-1.0,-1.0,-1.0,-1.0,-1.0,-1.0,-1.0,-1.0,-1.0,-1.0,-1.0,-1.0,-1.0,-1.0,-1.0,-1.0,-1.0,-1.0,-1.0,-1.0,-1.0,-1.0,-1.0,-1.0,-1.0,-1.0,-1.0,-1.0,-1.0,-1.0,-1.0,-1.0,-1.0,-1.0,-1.0,-1.0,-1.0,-1.0,-1.0,-1.0,-1.0,-1.0,-1.0,-1.0,-1.0,-1.0,-1.0,-1.0,-1.0,-1.0,-1.0,-1.0,-1.0,-1.0,-1.0,-1.0,-1.0,-1.0,-1.0,-1.0,-1.0,-1.0,-1.0,-1.0,-1.0,-1.0,-1.0,-1.0,-1.0,-1.0,-1.0,-1.0,-1.0,-1.0,-1.0,-1.0,-1.0,-1.0,-1.0,-1.0,-1.0,-1.0,-1.0,-1.0,-1.0,-1.0,-1.0,-1.0,-1.0,-1.0,-1.0,-1.0,-1.0,-1.0,-1.0,-1.0,-1.0,-1.0,-1.0,-1.0,-1.0,-1.0,-1.0,-1.0,-1.0,-1.0,-1.0,-1.0,-1.0,-1.0,-1.0,-1.0,-1.0,-1.0,-1.0,-1.0,-1.0,-1.0,-1.0,-1.0,-1.0,-1.0,-1.0,-1.0,-1.0,-1.0,-1.0,-1.0,-1.0,-1.0,-1.0,-1.0,-1.0,-1.0,-1.0,-1.0,-1.0,-1.0,-1.0,-1.0,-1.0,-1.0,-1.0,-1.0,-1.0,-1.0,-1.0,-1.0,-1.0,-1.0,-1.0,-1.0,-1.0,-1.0,-1.0,-1.0,-1.0,-1.0,-1.0,-1.0,-1.0,-1.0,-1.0,-1.0,-1.0,-1.0,-1.0,-1.0,-1.0,-1.0,-1.0,-1.0,-1.0,-1.0,-1.0,-1.0,-1.0,-1.0,-1.0,-1.0,-1.0,-1.0,-1.0,-1.0,-1.0,-1.0,-1.0,-1.0,-1.0,-1.0,-1.0,-1.0,-1.0,-1.0,-1.0,-1.0,-1.0,-1.0,-1.0,-1.0,-1.0,-1.0,-1.0,-1.0,-1.0,-1.0,-1.0,-1.0,-1.0,-1.0,-1.0,-1.0,-1.0,-1.0,-1.0,-1.0,-1.0,-1.0,-1.0,-1.0,-1.0,-1.0,-1.0,-1.0,-1.0,-1.0,-1.0,-1.0,-1.0,-1.0,-1.0,-1.0,-1.0,-1.0,-1.0,-1.0,-1.0,-1.0,-1.0,-1.0,-1.0,-1.0,-1.0,-1.0,-1.0,-1.0,-1.0,-1.0,-1.0,-1.0,-1.0,-1.0,-1.0,-1.0,-1.0,-1.0,-1.0,-1.0,-1.0,-1.0,-1.0,-1.0,-1.0,-1.0,-1.0,-1.0,-1.0,-1.0,-1.0,-1.0,-1.0,-1.0,-1.0,-1.0,-1.0,-1.0,-1.0,-1.0,-1.0,-1.0,-1.0,-1.0,-1.0,-1.0,-1.0,-1.0,-1.0,-1.0,-1.0,-1.0,-1.0,-1.0,-1.0,-1.0,-1.0,-1.0,-1.0,-1.0
-1.0,-1.0,-1.0,-1.0,-1.0,-1.0,-1.0,-1.0,-1.0,-1.0,-1.0,-1.0,-1.0,-1.0,-1.0,-1.0,-1.0,-1.0,-1.0,-1.0,-1.0,-1.0,-1.0,-1.0,-1.0,-1.0,-1.0,-1.0,-1.0,-1.0,-1.0,-1.0,-1.0,-1.0,-1.0,-1.0,-1.0,-1.0,-1.0,-1.0,-1.0,-1.0,-1.0,-1.0,-1.0,-1.0,-1.0,-1.0,-1.0,-1.0,-1.0,-1.0,-1.0,-1.0,-1.0,-1.0,-1.0,-1.0,-1.0,-1.0,-1.0,-1.0,-1.0,-1.0,-1.0,-1.0,-1.0,-1.0,-1.0,-1.0,-1.0,-1.0,-1.0,-1.0,-1.0,-1.0,-1.0,-1.0,-1.0,-1.0,-1.0,-1.0,-1.0,-1.0,-1.0,-1.0,-1.0,-1.0,-1.0,-1.0,-1.0,-1.0,-1.0,-1.0,-1.0,-1.0,-1.0,-1.0,-1.0,-1.0,-1.0,-1.0,-1.0,-1.0,-1.0,-1.0,-1.0,-1.0,-1.0,-1.0,-1.0,-1.0,-1.0,-1.0,-1.0,-1.0,-1.0,-1.0,-1.0,-1.0,-1.0,-1.0,-1.0,-1.0,-1.0,-1.0,-1.0,-1.0,-1.0,-1.0,-1.0,-1.0,-1.0,-1.0,-1.0,-1.0,-1.0,-1.0,-1.0,-1.0,-1.0,-1.0,-1.0,-1.0,-1.0,-1.0,-1.0,-1.0,-1.0,-1.0,-1.0,-1.0,-1.0,-1.0,-1.0,-1.0,-1.0,-1.0,-1.0,-1.0,-1.0,-1.0,-1.0,-1.0,-1.0,-1.0,-1.0,-1.0,-1.0,-1.0,-1.0,-1.0,-1.0,-1.0,-1.0,-1.0,-1.0,-1.0,-1.0,-1.0,-1.0,-1.0,-1.0,-1.0,-1.0,-1.0,-1.0,-1.0,-1.0,-1.0,-1.0,-1.0,-1.0,-1.0,-1.0,-1.0,-1.0,-1.0,-1.0,-1.0,-1.0,-1.0,-1.0,-1.0,-1.0,-1.0,-1.0,-1.0,-1.0,-1.0,-1.0,-1.0,-1.0,-1.0,-1.0,-1.0,-1.0,-1.0,-1.0,-1.0,-1.0,-1.0,-1.0,-1.0,-1.0,-1.0,-1.0,-1.0,-1.0,-1.0,-1.0,-1.0,-1.0,-1.0,-1.0,-1.0,-1.0,-1.0,-1.0,-1.0,-1.0,-1.0,-1.0,-1.0,-1.0,-1.0,-1.0,-1.0,-1.0,-1.0,-1.0,-1.0,-1.0,-1.0,-1.0,-1.0,-1.0,-1.0,-1.0,-1.0,-1.0,-1.0,-1.0,-1.0,-1.0,-1.0,-1.0,-1.0,-1.0,-1.0,-1.0,-1.0,-1.0,-1.0,-1.0,-1.0,-1.0,-1.0,-1.0,-1.0,-1.0,-1.0,-1.0,-1.0,-1.0,-1.0,-1.0,-1.0,-1.0,-1.0,-1.0,-1.0,-1.0,-1.0,-1.0,-1.0,-1.0,-1.0,-1.0,-1.0,-1.0,-1.0,-1.0,-1.0,-1.0,-1.0,-1.0,-1.0,-1.0,-1.0,-1.0,-1.0,-1.0,-1.0,-1.0,-1.0,-1.0,-1.0,-1.0,-1.0,-1.0,-1.0,-1.0,-1.0,-1.0,-1.0,-1.0,-1.0,-1.0,-1.0,-1.0,-1.0,-1.0,-1.0,-1.0,-1.0,-1.0,-1.0,-1.0,-1.0,-1.0,-1.0,-1.0,-1.0,-1.0,-1.0,-1.0,-1.0,-1.0,-1.0,-1.0,-1.0,-1.0,-1.0,-1.0,-1.0,-1.0,-1.0,-1.0,-1.0,-1.0,-1.0,-1.0,-1.0,-1.0,-1.0,-1.0,-1.0,-1.0,-1.0,-1.0,-1.0,-1.0,-1.0,-1.0,-1.0,-1.0,-1.0,-1.0,-1.0,-1.0,-1.0,-1.0,-1.0,-1.0,-1.0,-1.0,-1.0,-1.0,-1.0,-1.0,-1.0,-1.0,-1.0,-1.0,-1.0,-1.0,-1.0
-1.0,-1.0,-1.0,-1.0,-1.0,-1.0,-1.0,-1.0,-1.0,-1.0,-1.0,-1.0,-1.0,-1.0,-1.0,-1.0,-1.0,-1.0,-1.0,-1.0,-1.0,-1.0,-1.0,-1.0,-1.0,-1.0,-1.0,-1.0,-1.0,-1.0,-1.0,-1.0,-1.0,-1.0,-1.0,-1.0,-1.0,-1.0,-1.0,-1.0,-1.0,-1.0,-1.0,-1.0,-1.0,-1.0,-1.0,-1.0,-1.0,-1.0,-1.0,-1.0,-1.0,-1.0,-1.0,-1.0,-1.0,-1.0,-1.0,-1.0,-1.0,-1.0,-1.0,-1.0,-1.0,-1.0,-1.0,-1.0,-1.0,-1.0,-1.0,-1.0,-1.0,-1.0,-1.0,-1.0,-1.0,-1.0,-1.0,-1.0,-1.0,-1.0,-1.0,-1.0,-1.0,-1.0,-1.0,-1.0,-1.0,-1.0,-1.0,-1.0,-1.0,-1.0,-1.0,-1.0,-1.0,-1.0,-1.0,-1.0,-1.0,-1.0,-1.0,-1.0,-1.0,-1.0,-1.0,-1.0,-1.0,-1.0,-1.0,-1.0,-1.0,-1.0,-1.0,-1.0,-1.0,-1.0,-1.0,-1.0,-1.0,-1.0,-1.0,-1.0,-1.0,-1.0,-1.0,-1.0,-1.0,-1.0,-1.0,-1.0,-1.0,-1.0,-1.0,-1.0,-1.0,-1.0,-1.0,-1.0,-1.0,-1.0,-1.0,-1.0,-1.0,-1.0,-1.0,-1.0,-1.0,-1.0,-1.0,-1.0,-1.0,-1.0,-1.0,-1.0,-1.0,-1.0,-1.0,-1.0,-1.0,-1.0,-1.0,-1.0,-1.0,-1.0,-1.0,-1.0,-1.0,-1.0,-1.0,-1.0,-1.0,-1.0,-1.0,-1.0,-1.0,-1.0,-1.0,-1.0,-1.0,-1.0,-1.0,-1.0,1.0,-1.0,-1.0,-1.0,-1.0,-1.0,-1.0,-1.0,-1.0,-1.0,-1.0,-1.0,-1.0,-1.0,-1.0,-1.0,-1.0,-1.0,-1.0,-1.0,-1.0,-1.0,-1.0,-1.0,-1.0,-1.0,-1.0,-1.0,-1.0,-1.0,-1.0,-1.0,-1.0,-1.0,-1.0,-1.0,-1.0,-1.0,-1.0,-1.0,-1.0,-1.0,-1.0,-1.0,-1.0,-1.0,-1.0,-1.0,-1.0,-1.0,-1.0,-1.0,-1.0,-1.0,-1.0,-1.0,-1.0,-1.0,-1.0,-1.0,-1.0,-1.0,-1.0,-1.0,-1.0,-1.0,-1.0,-1.0,-1.0,-1.0,-1.0,-1.0,-1.0,-1.0,-1.0,-1.0,-1.0,-1.0,-1.0,-1.0,-1.0,-1.0,-1.0,-1.0,-1.0,-1.0,-1.0,-1.0,-1.0,-1.0,-1.0,-1.0,-1.0,-1.0,-1.0,-1.0,-1.0,-1.0,-1.0,-1.0,-1.0,-1.0,-1.0,-1.0,-1.0,-1.0,-1.0,-1.0,-1.0,-1.0,-1.0,-1.0,-1.0,-1.0,-1.0,-1.0,-1.0,-1.0,-1.0,-1.0,-1.0,-1.0,-1.0,-1.0,-1.0,-1.0,-1.0,-1.0,-1.0,-1.0,-1.0,-1.0,-1.0,-1.0,-1.0,-1.0,-1.0,-1.0,-1.0,-1.0,-1.0,-1.0,-1.0,-1.0,-1.0,-1.0,-1.0,-1.0,-1.0,-1.0,-1.0,-1.0,-1.0,-1.0,-1.0,-1.0,-1.0,-1.0,-1.0,-1.0,-1.0,-1.0,-1.0,-1.0,-1.0,-1.0,-1.0,-1.0,-1.0,-1.0,-1.0,-1.0,-1.0,-1.0,-1.0,-1.0,-1.0,-1.0,-1.0,-1.0,-1.0,-1.0,-1.0,-1.0,-1.0,-1.0,-1.0,-1.0,-1.0,-1.0,-1.0,-1.0,-1.0,-1.0,-1.0,-1.0,-1.0,-1.0,-1.0,-1.0,-1.0,-1.0,-1.0,-1.0,-1.0,-1.0,-1.0,-1.0,-1.0,-1.0,-1.0,-1.0,-1.0,-1.0
-1.0,-1.0,-1.0,-1.0,-1.0,-1.0,-1.0,-1.0,-1.0,-1.0,-1.0,-1.0,-1.0,-1.0,-1.0,-1.0,-1.0,-1.0,-1.0,-1.0,-1.0,-1.0,-1.0,-1.0,-1.0,-1.0,-1.0,-1.0,-1.0,-1.0,-1.0,-1.0,-1.0,-1.0,-1.0,-1.0,-1.0,-1.0,-1.0,-1.0,-1.0,-1.0,-1.0,-1.0,-1.0,-1.0,-1.0,-1.0,-1.0,-1.0,-1.0,-1.0,-1.0,-1.0,-1.0,-1.0,-1.0,-1.0,-1.0,-1.0,-1.0,-1.0,-1.0,-1.0,-1.0,-1.0,-1.0,-1.0,-1.0,-1.0,-1.0,-1.0,-1.0,-1.0,-1.0,-1.0,-1.0,-1.0,-1.0,-1.0,-1.0,-1.0,-1.0,-1.0,-1.0,-1.0,-1.0,-1.0,-1.0,-1.0,-1.0,-1.0,-1.0,-1.0,-1.0,-1.0,-1.0,-1.0,-1.0,-1.0,-1.0,-1.0,-1.0,-1.0,-1.0,-1.0,-1.0,-1.0,-1.0,-1.0,-1.0,-1.0,-1.0,-1.0,-1.0,-1.0,-1.0,-1.0,-1.0,-1.0,-1.0,-1.0,-1.0,-1.0,-1.0,-1.0,-1.0,-1.0,-1.0,-1.0,-1.0,-1.0,-1.0,-1.0,-1.0,-1.0,-1.0,-1.0,-1.0,-1.0,-1.0,-1.0,-1.0,-1.0,-1.0,-1.0,-1.0,-1.0,-1.0,-1.0,-1.0,-1.0,-1.0,-1.0,-1.0,-1.0,-1.0,-1.0,-1.0,-1.0,-1.0,-1.0,-1.0,-1.0,-1.0,-1.0,-1.0,-1.0,-1.0,-1.0,-1.0,-1.0,-1.0,-1.0,-1.0,-1.0,-1.0,-1.0,-1.0,-1.0,-1.0,-1.0,-1.0,-1.0,-1.0,-1.0,-1.0,-1.0,-1.0,-1.0,-1.0,-1.0,-1.0,-1.0,-1.0,-1.0,-1.0,-1.0,-1.0,-1.0,-1.0,-1.0,-1.0,-1.0,-1.0,-1.0,-1.0,-1.0,-1.0,-1.0,-1.0,-1.0,-1.0,-1.0,-1.0,-1.0,-1.0,-1.0,-1.0,-1.0,-1.0,-1.0,-1.0,-1.0,-1.0,-1.0,-1.0,-1.0,-1.0,-1.0,-1.0,-1.0,-1.0,-1.0,-1.0,-1.0,-1.0,-1.0,-1.0,-1.0,-1.0,-1.0,-1.0,-1.0,-1.0,-1.0,-1.0,-1.0,-1.0,-1.0,-1.0,-1.0,-1.0,-1.0,-1.0,-1.0,-1.0,-1.0,-1.0,-1.0,-1.0,-1.0,-1.0,-1.0,-1.0,-1.0,-1.0,-1.0,-1.0,-1.0,-1.0,-1.0,-1.0,-1.0,-1.0,-1.0,-1.0,-1.0,-1.0,-1.0,-1.0,-1.0,-1.0,-1.0,-1.0,-1.0,-1.0,-1.0,-1.0,-1.0,-1.0,-1.0,-1.0,-1.0,-1.0,-1.0,-1.0,-1.0,-1.0,-1.0,-1.0,-1.0,-1.0,-1.0,-1.0,-1.0,-1.0,-1.0,-1.0,-1.0,-1.0,-1.0,-1.0,-1.0,-1.0,-1.0,-1.0,-1.0,-1.0,-1.0,-1.0,-1.0,-1.0,-1.0,-1.0,-1.0,-1.0,-1.0,-1.0,-1.0,-1.0,-1.0,-1.0,-1.0,-1.0,-1.0,-1.0,-1.0,-1.0,-1.0,-1.0,-1.0,-1.0,-1.0,-1.0,-1.0,-1.0,-1.0,-1.0,-1.0,-1.0,-1.0,-1.0,-1.0,-1.0,-1.0,-1.0,-1.0,-1.0,-1.0,-1.0,-1.0,-1.0,-1.0,-1.0,-1.0,-1.0,-1.0,-1.0,-1.0,-1.0,-1.0,-1.0,-1.0,-1.0,-1.0,-1.0,-1.0,-1.0,-1.0,-1.0,-1.0,-1.0,-1.0,-1.0,-1.0,-1.0,-1.0,-1.0,-1.0,-1.0,-1.0,-1.0,-1.0,-1.0,-1.0,-1.0,-1.0
