-1.0,1.0,1.0,1.0,1.0,1.0,1.0,1.0,1.0,-1.0,1.0,1.0,1.0,1.0,1.0,-1.0,-1.0,-1.0,-1.0,-1.0,-1.0,-1.0,-1.0,-1.0,-1.0,1.0,-1.0,1.0,1.0,-1.0,-1.0,-1.0,1.0,1.0,1.0,1.0,1.0,-1.0,1.0,1.0,1.0,1.0,1.0,1.0,1.0,1.0,1.0,1.0,1.0,1.0,1.0,1.0,1.0,1.0,-1.0,1.0,-1.0,-1.0,1.0,1.0,1.0,1.0,1.0,1.0,1.0,1.0,-1.0,-1.0,-1.0,1.0,-1.0,1.0,1.0,-1.0,-1.0,-1.0,1.0,1.0,-1.0,1.0,1.0,1.0,1.0,1.0,1.0,1.0,1.0,1.0,1.0,1.0,1.0,1.0,1.0,1.0,1.0,1.0,1.0,1.0,1.0,1.0,1.0,1.0,1.0,1.0,1.0,1.0,1.0,1.0,1.0,1.0,1.0,1.0,1.0,-1.0,-1.0,1.0,-1.0,1.0,1.0,-1.0,-1.0,-1.0,-1.0,-1.0,1.0,-1.0,-1.0,-1.0,-1.0,1.0,-1.0,1.0,-1.0,-1.0,1.0,-1.0,1.0,-1.0,-1.0,1.0,-1.0,1.0,-1.0,-1.0,1.0,-1.0,1.0,-1.0,1.0,-1.0,1.0,1.0,-1.0,-1.0,-1.0,1.0,1.0,1.0,1.0,1.0,1.0,1.0,1.0,1.0,-1.0,-1.0,-1.0,1.0,1.0,1.0,1.0,-1.0,1.0,1.0,1.0,-1.0,-1.0,1.0,1.0,-1.0,-1.0,-1.0,-1.0,1.0,1.0,1.0,1.0,1.0,1.0,1.0,1.0,1.0,1.0,1.0,1.0,1.0,1.0,1.0,1.0,1.0,1.0,1.0,1.0,1.0,1.0,1.0,1.0,1.0,1.0,1.0,1.0,1.0,1.0,1.0,1.0,1.0,1.0,1.0,1.0,1.0,1.0,1.0,1.0,1.0,1.0,1.0,1.0,1.0,1.0,1.0,1.0,1.0,1.0,1.0,1.0,1.0,1.0,1.0,1.0,1.0,1.0,1.0,1.0,1.0,1.0,1.0,1.0,1.0,1.0,1.0,1.0,1.0,1.0,1.0,1.0,1.0,1.0,1.0,1.0,1.0,1.0,1.0,1.0,1.0,1.0,1.0,1.0,1.0,1.0,1.0,1.0,1.0,1.0,1.0,1.0,1.0,1.0,1.0,1.0,1.0,1.0,1.0,1.0,1.0,1.0,1.0,1.0,1.0,1.0,1.0,1.0,1.0,1.0,1.0,1.0,1.0,1.0,1.0,1.0,1.0,1.0,1.0,1.0,1.0,1.0,1.0,1.0,1.0,1.0,1.0,1.0,1.0,1.0,1.0,1.0,1.0,1.0,1.0,1.0,1.0,1.0,1.0,1.0,1.0,1.0,-1.0,-1.0,-1.0,-1.0,-1.0,-1.0,-1.0,-1.0,-1.0,-1.0,1.0,1.0,1.0,1.0,1.0,1.0,1.0,1.0,1.0,1.0,1.0,1.0,-1.0,1.0,1.0,1.0,1.0,1.0,1.0,1.0,1.0,1.0,1.0,1.0,1.0,1.0,1.0,1.0,1.0,1.0,1.0,1.0,-1.0,1.0,1.0,1.0,1.0,1.0,-1.0,1.0,1.0,1.0,1.0,1.0,1.0,-1.0,1.0,1.0,1.0,-1.0,-1.0,-1.0,-1.0,-1.0,-1.0,1.0,-1.0
-1.0,-1.0,-1.0,-1.0,-1.0,-1.0,-1.0,-1.0,-1.0,-1.0,-1.0,-1.0,-1.0,-1.0,-1.0,-1.0,-1.0,-1.0,-1.0,-1.0,-1.0,-1.0,-1.0,-1.0,-1.0,-1.0,-1.0,-1.0,-1.0,-1.0,-1.0,-1.0,-1.0,-1.0,-1.0,-1.0,-1.0,-1.0,-1.0,-1.0,-1.0,-1.0,-1.0,-1.0,-1.0,-1.0,-1.0,-1.0,-1.0,-1.0,-1.0,-1.0,-1.0,-1.0,-1.0,-1.0,-1.0,-1.0,-1.0,-1.0,-1.0,-1.0,-1.0,-1.0,-1.0,-1.0,-1.0,-1.0,-1.0,-1.0,-1.0,-1.0,-1.0,-1.0,-1.0,-1.0,-1.0,-1.0,-1.0,-1.0,-1.0,-1.0,-1.0,-1.0,-1.0,-1.0,-1.0,-1.0,-1.0,-1.0,-1.0,-1.0,-1.0,-1.0,-1.0,-1.0,-1.0,-1.0,-1.0,-1.0,-1.0,-1.0,-1.0,-1.0,-1.0,-1.0,-1.0,-1.0,-1.0,-1.0,-1.0,-1.0,-1.0,-1.0,-1.0,-1.0,-1.0,1.0,-1.0,-1.0,-1.0,-1.0,-1.0,-1.0,-1.0,-1.0,-1.0,-1.0,-1.0,-1.0,-1.0,-1.0,-1.0,-1.0,-1.0,-1.0,-1.0,-1.0,-1.0,-1.0,-1.0,-1.0,-1.0,-1.0,-1.0,-1.0,-1.0,-1.0,-1.0,-1.0,-1.0,-1.0,-1.0,-1.0,-1.0,-1.0,-1.0,-1.0,-1.0,-1.0,-1.0,-1.0,-1.0,-1.0,-1.0,-1.0,-1.0,-1.0,-1.0,-1.0,-1.0,-1.0,-1.0,-1.0,-1.0,-1.0,-1.0,-1.0,-1.0,-1.0,-1.0,-1.0,-1.0,-1.0,-1.0,-1.0,-1.0,1.0,-1.0,-1.0,1.0,-1.0,-1.0,-1.0,-1.0,1.0,-1.0,-1.0,1.0,-1.0,-1.0,-1.0,-1.0,1.0,-1.0,-1.0,-1.0,-1.0,-1.0,1.0,-1.0,-1.0,-1.0,-1.0,1.0,-1.0,-1.0,-1.0,-1.0,-1.0,1.0,-1.0,-1.0,-1.0,1.0,-1.0,-1.0,-1.0,1.0,-1.0,-1.0,1.0,-1.0,-1.0,1.0,-1.0,-1.0,1.0,-1.0,-1.0,1.0,-1.0,-1.0,1.0,-1.0,-1.0,1.0,-1.0,-1.0,1.0,-1.0,-1.0,1.0,-1.0,-1.0,1.0,-1.0,-1.0,1.0,-1.0,-1.0,1.0,-1.0,-1.0,1.0,-1.0,-1.0,1.0,-1.0,-1.0,1.0,-1.0,-1.0,1.0,-1.0,-1.0,1.0,-1.0,-1.0,-1.0,-1.0,1.0,-1.0,-1.0,1.0,-1.0,-1.0,-1.0,-1.0,1.0,-1.0,-1.0,1.0,-1.0,-1.0,-1.0,-1.0,1.0,-1.0,-1.0,1.0,-1.0,-1.0,-1.0,-1.0,1.0,-1.0,-1.0,1.0,-1.0,-1.0,-1.0,-1.0,1.0,-1.0,-1.0,1.0,-1.0,-1.0,-1.0,-1.0,1.0,-1.0,-1.0,1.0,-1.0,-1.0,-1.0,-1.0,-1.0,-1.0,-1.0,-1.0,-1.0,-1.0,-1.0,-1.0,-1.0,-1.0,-1.0,-1.0,-1.0,-1.0,-1.0,-1.0,-1.0,-1.0,-1.0,-1.0,-1.0,-1.0,-1.0,-1.0,-1.0,-1.0,-1.0,-1.0,-1.0,-1.0,-1.0,-1.0,-1.0,-1.0,-1.0,-1.0,-1.0,-1.0,-1.0,-1.0,-1.0,-1.0,-1.0,-1.0,-1.0,-1.0,-1.0,-1.0,-1.0,-1.0,-1.0,-1.0,-1.0,-1.0,-1.0,-1.0,-1.0,-1.0,-1.0,-1.0,-1.0,-1.0,-1.0
0.0,0.0,0.0,0.0,0.0,0.0,0.0,0.0,0.0,0.0,0.0,0.0,0.0,0.0,0.0,0.0,0.0,0.0,0.0,0.0,0.0,0.0,0.0,0.0,0.0,0.0,0.0,0.0,0.0,0.0,0.0,0.0,0.0,0.0,0.0,0.0,0.0,0.0,0.0,0.0,0.0,0.0,0.0,0.0,0.0,0.0,0.0,0.0,0.0,0.0,0.0,0.0,0.0,0.0,0.0,0.0,0.0,0.0,0.0,0.0,0.0,0.0,0.0,0.0,0.0,0.0,0.0,0.0,0.0,0.0,0.0,0.0,0.0,0.0,0.0,0.0,0.0,0.0,0.0,0.0,0.0,0.0,0.0,0.0,0.0,0.0,0.0,0.0,0.0,0.0,0.0,0.0,0.0,0.0,0.0,0.0,0.0,0.0,0.0,0.0,0.0,0.0,0.0,0.0,0.0,0.0,0.0,0.0,0.0,0.0,0.0,0.0,0.0,0.0,0.0,0.0,0.0,0.0,0.0,0.0,0.0,0.0,0.0,0.0,0.0,0.0,0.0,0.0,0.0,0.0,0.0,0.0,0.0,0.0,0.0,0.0,0.0,0.0,0.0,0.0,0.0,0.0,0.0,0.0,0.0,0.0,0.0,0.0,0.0,0.0,0.0,0.0,0.0,0.0,0.0,0.0,0.0,0.0,0.0,0.0,0.0,0.0,0.0,0.0,0.0,0.0,0.0,0.0,0.0,0.0,0.0,0.0,0.0,0.0,0.0,0.0,0.0,0.0,0.0,0.0,0.0,0.0,0.0,0.0,0.0,0.0,0.0,0.0,0.0,0.0,0.0,0.0,0.0,0.0,0.0,0.0,0.0,0.0,0.0,0.0,0.0,0.0,0.0,0.0,0.0,0.0,0.0,0.0,0.0,0.0,0.0,0.0,0.0,0.0,0.0,0.0,0.0,0.0,0.0,0.0,0.0,0.0,0.0,0.0,0.0,0.0,0.0,0.0,0.0,0.0,0.0,0.0,0.0,0.0,0.0,0.0,0.0,0.0,0.0,0.0,0.0,0.0,0.0,0.0,0.0,0.0,0.0,0.0,0.0,0.0,0.0,0.0,0.0,0.0,0.0,0.0,0.0,0.0,0.0,0.0,0.0,0.0,0.0,0.0,0.0,0.0,0.0,0.0,0.0,0.0,0.0,0.0,0.0,0.0,0.0,0.0,0.0,0.0,0.0,0.0,0.0,0.0,0.0,0.0,0.0,0.0,0.0,0.0,0.0,0.0,0.0,0.0,0.0,0.0,0.0,0.0,0.0,0.0,0.0,0.0,0.0,0.0,0.0,0.0,0.0,0.0,0.0,0.0,0.0,0.0,0.0,0.0,0.0,0.0,0.0,0.0,0.0,0.0,0.0,0.0,0.0,0.0,0.0,0.0,0.0,0.0,0.0,0.0,0.0,0.0,0.0,0.0,0.0,0.0,0.0,0.0,0.0,0.0,0.0,0.0,0.0,0.0,0.0,0.0,0.0,0.0,0.0,0.0,0.0,0.0,0.0,0.0,0.0,0.0,0.0,0.0,0.0,0.0,0.0,0.0,0.0,0.0,0.0,0.0,0.0,0.0,0.0,0.0,0.0,0.0,0.0,0.0,0.0,0.0,0.0,0.0,0.0,0.0,0.0,0.0,0.0,0.0,0.0,0.0,0.0,0.0,0.0,0.0,0.0,0.0,0.0,0.0
0.30918791307372295,0.30918791307372295,0.30918791307372295,0.30918791307372295,0.30918791307372295,0.30918791307372295,0.30918791307372295,0.30918791307372295,0.30918791307372295,0.30918791307372295,0.30918791307372295,0.30918791307372295,0.30918791307372295,0.30918791307372295,0.30918791307372295,0.30918791307372295,0.30918791307372295,0.30918791307372295,0.30918791307372295,0.30918791307372295,0.30918791307372295,0.30918791307372295,0.30918791307372295,0.30918791307372295,0.30918791307372295,0.30918791307372295,0.30918791307372295,0.30918791307372295,0.30918791307372295,0.30918791307372295,0.30918791307372295,0.30918791307372295,0.30918791307372295,0.30918791307372295,0.30918791307372295,0.30918791307372295,0.30918791307372295,0.30918791307372295,0.30918791307372295,0.30918791307372295,0.30918791307372295,0.30918791307372295,0.30918791307372295,0.30918791307372295,0.30918791307372295,0.30918791307372295,0.30918791307372295,0.30918791307372295,0.30918791307372295,0.30918791307372295,0.30918791307372295,0.30918791307372295,0.30918791307372295,0.30918791307372295,0.30918791307372295,0.30918791307372295,0.30918791307372295,0.30918791307372295,0.30918791307372295,0.30918791307372295,0.30918791307372295,0.30918791307372295,0.30918791307372295,0.30918791307372295,0.30918791307372295,0.30918791307372295,0.30918791307372295,0.30918791307372295,0.30918791307372295,0.30918791307372295,0.30918791307372295,-3.234513096367228,0.30918791307372295,0.30918791307372295,0.30918791307372295,0.30918791307372295,0.30918791307372295,-3.234513096367228,0.30918791307372295,0.30918791307372295,0.30918791307372295,0.30918791307372295,0.30918791307372295,0.30918791307372295,0.30918791307372295,0.30918791307372295,0.30918791307372295,0.30918791307372295,0.30918791307372295,0.30918791307372295,0.30918791307372295,0.30918791307372295,0.30918791307372295,0.30918791307372295,0.30918791307372295,0.30918791307372295,0.30918791307372295,0.30918791307372295,0.30918791307372295,0.30918791307372295,0.30918791307372295,0.30918791307372295,0.30918791307372295,0.30918791307372295,0.30918791307372295,0.30918791307372295,0.30918791307372295,0.30918791307372295,0.30918791307372295,0.30918791307372295,0.30918791307372295,0.30918791307372295,0.30918791307372295,0.30918791307372295,0.30918791307372295,0.30918791307372295,0.30918791307372295,0.30918791307372295,0.30918791307372295,0.30918791307372295,0.30918791307372295,0.30918791307372295,0.30918791307372295,0.30918791307372295,0.30918791307372295,0.30918791307372295,0.30918791307372295,0.30918791307372295,0.30918791307372295,0.30918791307372295,0.30918791307372295,0.30918791307372295,0.30918791307372295,0.30918791307372295,0.30918791307372295,0.30918791307372295,0.30918791307372295,0.30918791307372295,0.30918791307372295,0.30918791307372295,0.30918791307372295,0.30918791307372295,0.30918791307372295,0.30918791307372295,0.30918791307372295,0.30918791307372295,0.30918791307372295,0.30918791307372295,0.30918791307372295,0.30918791307372295,0.30918791307372295,0.30918791307372295,0.30918791307372295,0.30918791307372295,0.30918791307372295,0.30918791307372295,0.30918791307372295,0.30918791307372295,0.30918791307372295,0.30918791307372295,0.30918791307372295,0.30918791307372295,0.30918791307372295,0.30918791307372295,0.30918791307372295,0.30918791307372295,0.30918791307372295,0.30918791307372295,0.30918791307372295,0.30918791307372295,0.30918791307372295,0.30918791307372295,0.30918791307372295,0.30918791307372295,0.30918791307372295,0.30918791307372295,0.30918791307372295,0.30918791307372295,0.30918791307372295,0.30918791307372295,0.30918791307372295,0.30918791307372295,0.30918791307372295,0.30918791307372295,0.30918791307372295,0.30918791307372295,0.30918791307372295,0.30918791307372295,0.30918791307372295,0.30918791307372295,0.30918791307372295,0.30918791307372295,0.30918791307372295,0.30918791307372295,0.30918791307372295,0.30918791307372295,0.30918791307372295,0.30918791307372295,0.30918791307372295,0.30918791307372295,0.30918791307372295,0.30918791307372295,0.30918791307372295,0.30918791307372295,0.30918791307372295,0.30918791307372295,0.30918791307372295,0.30918791307372295,-3.234513096367228,0.30918791307372295,0.30918791307372295,0.30918791307372295,0.30918791307372295,0.30918791307372295,0.30918791307372295,0.30918791307372295,0.30918791307372295,0.30918791307372295,0.30918791307372295,-3.234513096367228,0.30918791307372295,0.30918791307372295,0.30918791307372295,0.30918791307372295,0.30918791307372295,0.30918791307372295,0.30918791307372295,0.30918791307372295,0.30918791307372295,0.30918791307372295,0.30918791307372295,0.30918791307372295,0.30918791307372295,0.30918791307372295,0.30918791307372295,0.30918791307372295,0.30918791307372295,0.30918791307372295,0.30918791307372295,0.30918791307372295,0.30918791307372295,0.30918791307372295,0.30918791307372295,0.30918791307372295,0.30918791307372295,0.30918791307372295,0.30918791307372295,0.30918791307372295,0.30918791307372295,0.30918791307372295,0.30918791307372295,0.30918791307372295,0.30918791307372295,0.30918791307372295,0.30918791307372295,0.30918791307372295,0.30918791307372295,0.30918791307372295,0.30918791307372295,0.30918791307372295,0.30918791307372295,0.30918791307372295,0.30918791307372295,0.30918791307372295,0.30918791307372295,0.30918791307372295,0.30918791307372295,0.30918791307372295,0.30918791307372295,0.30918791307372295,0.30918791307372295,0.30918791307372295,0.30918791307372295,0.30918791307372295,0.30918791307372295,0.30918791307372295,0.30918791307372295,0.30918791307372295,0.30918791307372295,0.30918791307372295,0.30918791307372295,0.30918791307372295,0.30918791307372295,0.30918791307372295,0.30918791307372295,0.30918791307372295,0.30918791307372295,0.30918791307372295,0.30918791307372295,0.30918791307372295,0.30918791307372295,0.30918791307372295,0.30918791307372295,0.30918791307372295,0.30918791307372295,0.30918791307372295,0.30918791307372295,0.30918791307372295,0.30918791307372295,0.30918791307372295,0.30918791307372295,0.30918791307372295,0.30918791307372295,0.30918791307372295,0.30918791307372295,0.30918791307372295,0.30918791307372295,0.30918791307372295,0.30918791307372295,0.30918791307372295,0.30918791307372295,0.30918791307372295,0.30918791307372295,0.30918791307372295,0.30918791307372295,0.30918791307372295,0.30918791307372295,0.30918791307372295,0.30918791307372295,0.30918791307372295,0.30918791307372295,0.30918791307372295,0.30918791307372295,0.30918791307372295,0.30918791307372295,0.30918791307372295,0.30918791307372295,0.30918791307372295,0.30918791307372295,0.30918791307372295,0.30918791307372295,0.30918791307372295,0.30918791307372295,0.30918791307372295,0.30918791307372295,-3.234513096367228,0.30918791307372295,0.30918791307372295,0.30918791307372295,0.30918791307372295,0.30918791307372295,0.30918791307372295,0.30918791307372295,0.30918791307372295,0.30918791307372295,0.30918791307372295,0.30918791307372295,0.30918791307372295,0.30918791307372295,0.30918791307372295,0.30918791307372295,0.30918791307372295,0.30918791307372295,0.30918791307372295,0.30918791307372295,0.30918791307372295,0.30918791307372295,0.30918791307372295,0.30918791307372295,0.30918791307372295,0.30918791307372295,0.30918791307372295,0.30918791307372295,0.30918791307372295,0.30918791307372295,0.30918791307372295,0.30918791307372295,0.30918791307372295,0.30918791307372295,0.30918791307372295,0.30918791307372295,0.30918791307372295,0.30918791307372295,0.30918791307372295,0.30918791307372295,0.30918791307372295,0.30918791307372295,0.30918791307372295,0.30918791307372295,0.30918791307372295,0.30918791307372295,0.30918791307372295,0.30918791307372295,0.30918791307372295,0.30918791307372295,0.30918791307372295,0.30918791307372295,0.30918791307372295,0.30918791307372295,0.30918791307372295,0.30918791307372295,0.30918791307372295
-0.3402387645907802,-1.2519502074688795,-0.6767243314855225,-0.6767243314855225,-0.3402387645907802,-0.3402387645907802,-1.2519502074688795,-0.3402387645907802,-0.6767243314855225,-1.2519502074688795,-1.2519502074688795,-1.2519502074688795,-1.2519502074688795,-1.2519502074688795,-1.2519502074688795,-0.6767243314855225,-0.3402387645907802,-0.3402387645907802,-0.3402387645907802,-0.6767243314855225,-0.6767243314855225,-0.3402387645907802,-0.6767243314855225,-0.3402387645907802,-0.6767243314855225,-1.2519502074688795,-0.6767243314855225,-1.2519502074688795,-1.2519502074688795,-1.2519502074688795,-0.6767243314855225,-1.2519502074688795,-1.2519502074688795,-1.2519502074688795,-0.6767243314855225,-1.2519502074688795,-1.2519502074688795,0.08368291488307082,-0.6767243314855225,-1.2519502074688795,-0.6767243314855225,-0.6767243314855225,-1.2519502074688795,-0.6767243314855225,-1.2519502074688795,-1.2519502074688795,-0.6767243314855225,-0.6767243314855225,-0.6767243314855225,-0.6767243314855225,-1.2519502074688795,-1.2519502074688795,-0.6767243314855225,-1.2519502074688795,-1.2519502074688795,-0.6767243314855225,-0.6767243314855225,-0.6767243314855225,-1.2519502074688795,-1.2519502074688795,-1.2519502074688795,-0.6767243314855225,-0.6767243314855225,-0.3402387645907802,-0.6767243314855225,-1.2519502074688795,-0.6767243314855225,-0.6767243314855225,-0.10149845550216545,-1.2519502074688795,-0.6767243314855225,0.0,-1.2519502074688795,-0.3402387645907802,-0.6767243314855225,-0.3402387645907802,-1.2519502074688795,0.0,-0.6767243314855225,-0.3402387645907802,-0.3402387645907802,0.08368291488307082,0.08368291488307082,0.4737274204811915,0.4737274204811915,0.5714726782873192,0.5714726782873192,0.4737274204811915,0.4737274204811915,-0.6767243314855225,0.23498711139257678,-0.6767243314855225,0.23498711139257678,0.4737274204811915,0.4737274204811915,0.36291298676789485,0.36291298676789485,-0.3402387645907802,-0.3402387645907802,-0.10149845550216545,-0.10149845550216545,-0.10149845550216545,-0.10149845550216545,0.8766384709224371,0.8766384709224371,-0.10149845550216545,-0.10149845550216545,-0.10149845550216545,-0.10149845550216545,0.7380043757662827,0.7380043757662827,0.08368291488307082,0.08368291488307082,-0.6767243314855225,-0.6767243314855225,-0.6767243314855225,-0.10149845550216545,-1.2519502074688795,-0.6767243314855225,-0.3402387645907802,0.08368291488307082,0.23498711139257678,0.08368291488307082,-0.3402387645907802,-0.3402387645907802,0.9953943577611701,1.6526141078838175,-1.2519502074688795,1.6526141078838175,-0.3402387645907802,-0.10149845550216545,-1.2519502074688795,1.6526141078838175,1.6526141078838175,-1.2519502074688795,1.6526141078838175,-1.2519502074688795,1.6526141078838175,1.6526141078838175,-1.2519502074688795,1.6526141078838175,-1.2519502074688795,1.6526141078838175,1.6526141078838175,-1.2519502074688795,1.6526141078838175,-1.2519502074688795,1.146698554270676,-1.2519502074688795,1.0992641859387686,-1.2519502074688795,-0.6767243314855225,0.9953943577611701,-1.2519502074688795,-0.6767243314855225,-0.6767243314855225,0.4737274204811915,0.4737274204811915,0.23498711139257678,0.23498711139257678,0.4737274204811915,0.4737274204811915,0.36291298676789485,0.36291298676789485,-0.6767243314855225,0.36291298676789485,0.6589087908664282,-1.2519502074688795,-1.2519502074688795,-0.3402387645907802,-1.2519502074688795,-0.6767243314855225,-1.2519502074688795,-0.3402387645907802,-1.2519502074688795,-0.10149845550216545,-1.2519502074688795,-0.3402387645907802,-1.2519502074688795,0.36291298676789485,-0.3402387645907802,-0.6767243314855225,-0.6767243314855225,-1.2519502074688795,-1.2519502074688795,-0.6767243314855225,-0.10149845550216545,-1.2519502074688795,-0.3402387645907802,1.6526141078838175,-0.6767243314855225,-1.2519502074688795,-1.2519502074688795,-0.6767243314855225,-0.10149845550216545,-1.2519502074688795,-0.3402387645907802,1.6526141078838175,-0.6767243314855225,-1.2519502074688795,-1.2519502074688795,-0.6767243314855225,0.23498711139257678,-1.2519502074688795,-0.10149845550216545,-1.2519502074688795,-1.2519502074688795,1.6526141078838175,0.0,-0.6767243314855225,-1.2519502074688795,-1.2519502074688795,-0.6767243314855225,0.23498711139257678,-1.2519502074688795,-0.10149845550216545,-1.2519502074688795,-1.2519502074688795,1.6526141078838175,0.0,-0.6767243314855225,-1.2519502074688795,0.36291298676789485,1.146698554270676,-0.6767243314855225,-1.2519502074688795,0.36291298676789485,1.146698554270676,-0.6767243314855225,-0.6767243314855225,0.5714726782873192,-1.2519502074688795,-0.3402387645907802,1.6526141078838175,-0.6767243314855225,-0.6767243314855225,0.5714726782873192,-1.2519502074688795,-0.3402387645907802,1.6526141078838175,-0.6767243314855225,-0.6767243314855225,1.0489532964645487,-1.2519502074688795,-0.6767243314855225,1.6526141078838175,-0.6767243314855225,-0.6767243314855225,1.0489532964645487,-1.2519502074688795,-0.6767243314855225,1.6526141078838175,-0.6767243314855225,-0.6767243314855225,0.8766384709224371,-1.2519502074688795,-0.6767243314855225,1.6526141078838175,-0.6767243314855225,-0.6767243314855225,0.8766384709224371,-1.2519502074688795,-0.6767243314855225,1.6526141078838175,-0.6767243314855225,-0.6767243314855225,1.234134666849785,-1.2519502074688795,-0.6767243314855225,1.6526141078838175,-0.6767243314855225,-0.6767243314855225,1.234134666849785,-1.2519502074688795,-0.6767243314855225,1.6526141078838175,-0.6767243314855225,-1.2519502074688795,-1.2519502074688795,-0.6767243314855225,0.23498711139257678,-1.2519502074688795,-0.6767243314855225,1.6526141078838175,-0.6767243314855225,-1.2519502074688795,-1.2519502074688795,-0.6767243314855225,0.23498711139257678,-1.2519502074688795,-0.6767243314855225,1.6526141078838175,-0.6767243314855225,-1.2519502074688795,-1.2519502074688795,-0.6767243314855225,0.36291298676789485,-1.2519502074688795,-0.6767243314855225,1.6526141078838175,-0.6767243314855225,-1.2519502074688795,-1.2519502074688795,-0.6767243314855225,0.36291298676789485,-1.2519502074688795,-0.6767243314855225,1.6526141078838175,-0.6767243314855225,-0.6767243314855225,-1.2519502074688795,0.23498711139257678,0.36291298676789485,-1.2519502074688795,-0.6767243314855225,1.6526141078838175,-0.6767243314855225,-0.6767243314855225,-1.2519502074688795,0.23498711139257678,0.36291298676789485,-1.2519502074688795,-0.6767243314855225,1.6526141078838175,-0.6767243314855225,-0.6767243314855225,-0.3402387645907802,0.23498711139257678,-0.3402387645907802,0.36291298676789485,-0.6767243314855225,0.5714726782873192,-0.3402387645907802,0.8766384709224371,-0.10149845550216545,0.0,-0.3402387645907802,-1.2519502074688795,-1.2519502074688795,-1.2519502074688795,-0.6767243314855225,-0.6767243314855225,-0.3402387645907802,-0.3402387645907802,-1.2519502074688795,-0.3402387645907802,-0.6767243314855225,-0.6767243314855225,-1.2519502074688795,-1.2519502074688795,-1.2519502074688795,-1.2519502074688795,-1.2519502074688795,-0.6767243314855225,-1.2519502074688795,-0.6767243314855225,-0.6767243314855225,-0.6767243314855225,-0.6767243314855225,-1.2519502074688795,-1.2519502074688795,-0.6767243314855225,-1.2519502074688795,-1.2519502074688795,-0.6767243314855225,-1.2519502074688795,-1.2519502074688795,0.08368291488307082,-0.6767243314855225,-1.2519502074688795,-0.6767243314855225,-0.6767243314855225,-1.2519502074688795,-0.3402387645907802,-0.6767243314855225,-0.6767243314855225,-1.2519502074688795,-0.6767243314855225,-0.3402387645907802,-0.6767243314855225,-1.2519502074688795,-1.2519502074688795,-1.2519502074688795,-1.2519502074688795,-0.3402387645907802,-1.2519502074688795,-0.10149845550216545,-0.10149845550216545,-0.10149845550216545,-1.2519502074688795,-0.3402387645907802,-1.2519502074688795
-0.4775130935520587,1.6214432528785871,-0.4775130935520587,0.04722599305560278,-0.4775130935520587,-1.0022521801597202,-0.4775130935520587,0.04722599305560278,0.04722599305560278,1.0967041662709258,1.6214432528785871,0.5719650796632643,0.04722599305560278,0.5719650796632643,1.6214432528785871,0.04722599305560278,0.04722599305560278,-0.4775130935520587,0.04722599305560278,1.0967041662709258,3.720399599309233,-0.4775130935520587,0.5719650796632643,0.5719650796632643,1.0967041662709258,0.5719650796632643,0.04722599305560278,1.6214432528785871,1.0967041662709258,1.6214432528785871,1.6214432528785871,0.5719650796632643,0.04722599305560278,1.6214432528785871,0.04722599305560278,1.0967041662709258,2.1461823394862485,-1.0022521801597202,0.5719650796632643,0.5719650796632643,-0.4775130935520587,0.04722599305560278,0.5719650796632643,1.0967041662709258,2.1461823394862485,1.0967041662709258,0.04722599305560278,-1.0022521801597202,-0.4775130935520587,-1.0022521801597202,0.04722599305560278,3.1956605127015716,1.0967041662709258,0.04722599305560278,-1.0022521801597202,0.04722599305560278,0.5719650796632643,-0.4775130935520587,1.0967041662709258,2.1461823394862485,0.5719650796632643,-0.4775130935520587,0.5719650796632643,-0.4775130935520587,0.04722599305560278,0.5719650796632643,0.04722599305560278,1.0967041662709258,0.04722599305560278,0.5719650796632643,-0.4775130935520587,-1.0,2.1461823394862485,0.5719650796632643,0.04722599305560278,-1.0022521801597202,2.1461823394862485,-1.0,1.0967041662709258,0.04722599305560278,0.04722599305560278,0.04722599305560278,0.04722599305560278,0.04722599305560278,0.04722599305560278,-0.4775130935520587,-0.4775130935520587,0.5719650796632643,0.5719650796632643,1.6214432528785871,0.04722599305560278,1.6214432528785871,0.04722599305560278,-0.4775130935520587,-0.4775130935520587,-1.0022521801597202,-1.0022521801597202,0.04722599305560278,0.04722599305560278,-1.0022521801597202,-1.0022521801597202,1.0967041662709258,1.0967041662709258,0.5719650796632643,0.5719650796632643,0.04722599305560278,0.04722599305560278,-0.4775130935520587,-0.4775130935520587,0.5719650796632643,0.5719650796632643,1.0967041662709258,1.0967041662709258,0.5719650796632643,1.6214432528785871,1.0967041662709258,0.04722599305560278,-1.0022521801597202,0.04722599305560278,0.04722599305560278,0.04722599305560278,-1.0022521801597202,0.04722599305560278,0.5719650796632643,-0.4775130935520587,-0.4775130935520587,-0.4775130935520587,-1.0022521801597202,-0.4775130935520587,-0.4775130935520587,-0.4775130935520587,4.245138685916894,-0.4775130935520587,-0.4775130935520587,4.245138685916894,-0.4775130935520587,4.245138685916894,0.5719650796632643,-0.4775130935520587,4.245138685916894,-0.4775130935520587,4.245138685916894,-0.4775130935520587,-0.4775130935520587,4.245138685916894,-0.4775130935520587,1.6214432528785871,-0.4775130935520587,4.245138685916894,-0.4775130935520587,1.6214432528785871,0.04722599305560278,-0.4775130935520587,4.769877772524556,-1.0022521801597202,1.0967041662709258,-0.4775130935520587,-0.4775130935520587,0.5719650796632643,0.5719650796632643,0.04722599305560278,0.04722599305560278,0.04722599305560278,0.04722599305560278,0.04722599305560278,0.04722599305560278,0.04722599305560278,0.5719650796632643,-1.0022521801597202,-0.4775130935520587,0.04722599305560278,1.0967041662709258,-1.0022521801597202,-0.4775130935520587,1.0967041662709258,0.04722599305560278,-1.0022521801597202,-0.4775130935520587,1.6214432528785871,-0.4775130935520587,-0.4775130935520587,2.1461823394862485,0.04722599305560278,-1.0022521801597202,-0.4775130935520587,0.04722599305560278,1.0967041662709258,-1.0022521801597202,0.04722599305560278,-0.4775130935520587,-0.4775130935520587,-1.0022521801597202,-0.4775130935520587,0.04722599305560278,1.0967041662709258,-1.0022521801597202,0.04722599305560278,-0.4775130935520587,-0.4775130935520587,-1.0022521801597202,-0.4775130935520587,1.0967041662709258,-1.0022521801597202,-1.0022521801597202,-1.0022521801597202,-0.4775130935520587,4.245138685916894,-0.4775130935520587,-1.0,-0.4775130935520587,-1.0022521801597202,-0.4775130935520587,1.0967041662709258,-1.0022521801597202,-1.0022521801597202,-1.0022521801597202,-0.4775130935520587,4.245138685916894,-0.4775130935520587,-1.0,-0.4775130935520587,0.04722599305560278,-0.4775130935520587,0.04722599305560278,-0.4775130935520587,0.04722599305560278,-0.4775130935520587,0.04722599305560278,-0.4775130935520587,0.04722599305560278,0.04722599305560278,-1.0022521801597202,0.04722599305560278,-0.4775130935520587,-0.4775130935520587,0.04722599305560278,0.04722599305560278,-1.0022521801597202,0.04722599305560278,-0.4775130935520587,-0.4775130935520587,0.04722599305560278,-0.4775130935520587,-1.0022521801597202,0.5719650796632643,-0.4775130935520587,-0.4775130935520587,0.04722599305560278,-0.4775130935520587,-1.0022521801597202,0.5719650796632643,-0.4775130935520587,-0.4775130935520587,0.04722599305560278,0.5719650796632643,-1.0022521801597202,1.0967041662709258,0.04722599305560278,-0.4775130935520587,0.04722599305560278,0.5719650796632643,-1.0022521801597202,1.0967041662709258,0.04722599305560278,-0.4775130935520587,-0.4775130935520587,-1.0022521801597202,-1.0022521801597202,1.0967041662709258,-0.4775130935520587,-0.4775130935520587,-0.4775130935520587,-1.0022521801597202,-1.0022521801597202,1.0967041662709258,-0.4775130935520587,-0.4775130935520587,-1.0022521801597202,-0.4775130935520587,-1.0022521801597202,-1.0022521801597202,-1.0022521801597202,-0.4775130935520587,-0.4775130935520587,-0.4775130935520587,-1.0022521801597202,-0.4775130935520587,-1.0022521801597202,-1.0022521801597202,-1.0022521801597202,-0.4775130935520587,-0.4775130935520587,-0.4775130935520587,-1.0022521801597202,-0.4775130935520587,1.0967041662709258,-1.0022521801597202,-1.0022521801597202,1.0967041662709258,-0.4775130935520587,-0.4775130935520587,-1.0022521801597202,-0.4775130935520587,1.0967041662709258,-1.0022521801597202,-1.0022521801597202,1.0967041662709258,-0.4775130935520587,-0.4775130935520587,-1.0022521801597202,-1.0022521801597202,-0.4775130935520587,-0.4775130935520587,-1.0022521801597202,0.04722599305560278,-0.4775130935520587,-0.4775130935520587,-1.0022521801597202,-1.0022521801597202,-0.4775130935520587,-0.4775130935520587,-1.0022521801597202,0.04722599305560278,-0.4775130935520587,-0.4775130935520587,-0.4775130935520587,-0.4775130935520587,0.5719650796632643,1.0967041662709258,-0.4775130935520587,-1.0022521801597202,-0.4775130935520587,0.04722599305560278,-0.4775130935520587,1.0967041662709258,-1.0,0.5719650796632643,0.5719650796632643,2.1461823394862485,1.6214432528785871,-0.4775130935520587,0.04722599305560278,-0.4775130935520587,-1.0022521801597202,-0.4775130935520587,0.04722599305560278,0.04722599305560278,0.04722599305560278,1.6214432528785871,0.5719650796632643,0.04722599305560278,0.5719650796632643,0.5719650796632643,1.0967041662709258,1.0967041662709258,0.04722599305560278,-1.0022521801597202,-0.4775130935520587,-1.0022521801597202,0.04722599305560278,3.1956605127015716,1.0967041662709258,2.1461823394862485,1.6214432528785871,0.04722599305560278,1.0967041662709258,2.1461823394862485,-1.0022521801597202,0.5719650796632643,0.5719650796632643,0.04722599305560278,-0.4775130935520587,0.04722599305560278,1.6214432528785871,0.04722599305560278,-0.4775130935520587,1.0967041662709258,0.5719650796632643,-0.4775130935520587,0.04722599305560278,-0.4775130935520587,2.1461823394862485,0.5719650796632643,0.5719650796632643,-0.4775130935520587,3.1956605127015716,-1.0022521801597202,-1.0022521801597202,-1.0022521801597202,0.04722599305560278,0.5719650796632643,1.0967041662709258
1.0,-1.0,-1.0,-1.0,-1.0,-1.0,-1.0,-1.0,-1.0,-1.0,-1.0,-1.0,-1.0,-1.0,-1.0,-1.0,-1.0,-1.0,-1.0,-1.0,-1.0,-1.0,-1.0,-1.0,-1.0,-1.0,-1.0,-1.0,-1.0,-1.0,-1.0,-1.0,-1.0,-1.0,-1.0,-1.0,-1.0,1.0,-1.0,-1.0,-1.0,-1.0,-1.0,-1.0,-1.0,-1.0,-1.0,-1.0,-1.0,-1.0,-1.0,-1.0,-1.0,-1.0,-1.0,-1.0,-1.0,-1.0,-1.0,-1.0,-1.0,-1.0,-1.0,1.0,-1.0,-1.0,-1.0,-1.0,-1.0,-1.0,-1.0,-1.0,-1.0,-1.0,-1.0,-1.0,-1.0,-1.0,-1.0,-1.0,-1.0,1.0,1.0,-1.0,-1.0,1.0,1.0,1.0,1.0,-1.0,1.0,-1.0,1.0,1.0,1.0,1.0,1.0,-1.0,-1.0,-1.0,-1.0,-1.0,-1.0,1.0,1.0,1.0,1.0,1.0,1.0,1.0,1.0,-1.0,-1.0,-1.0,-1.0,-1.0,-1.0,-1.0,-1.0,-1.0,1.0,-1.0,-1.0,-1.0,-1.0,1.0,1.0,-1.0,1.0,-1.0,1.0,-1.0,1.0,1.0,-1.0,1.0,-1.0,1.0,1.0,-1.0,1.0,-1.0,1.0,1.0,-1.0,1.0,-1.0,1.0,-1.0,1.0,-1.0,-1.0,1.0,-1.0,1.0,-1.0,1.0,1.0,-1.0,-1.0,1.0,1.0,1.0,1.0,-1.0,1.0,1.0,-1.0,-1.0,-1.0,-1.0,-1.0,-1.0,-1.0,-1.0,1.0,-1.0,-1.0,-1.0,1.0,-1.0,-1.0,-1.0,-1.0,-1.0,-1.0,-1.0,-1.0,-1.0,1.0,-1.0,-1.0,-1.0,-1.0,-1.0,-1.0,-1.0,1.0,-1.0,-1.0,-1.0,-1.0,1.0,-1.0,-1.0,-1.0,-1.0,1.0,-1.0,-1.0,-1.0,-1.0,-1.0,1.0,-1.0,-1.0,-1.0,-1.0,1.0,-1.0,-1.0,-1.0,-1.0,1.0,-1.0,-1.0,-1.0,1.0,-1.0,-1.0,1.0,-1.0,-1.0,1.0,-1.0,-1.0,1.0,-1.0,-1.0,1.0,-1.0,-1.0,1.0,-1.0,-1.0,1.0,-1.0,-1.0,1.0,-1.0,-1.0,1.0,-1.0,-1.0,1.0,-1.0,-1.0,1.0,-1.0,-1.0,1.0,-1.0,-1.0,1.0,-1.0,-1.0,1.0,-1.0,-1.0,1.0,-1.0,-1.0,1.0,-1.0,-1.0,1.0,-1.0,-1.0,-1.0,-1.0,1.0,-1.0,-1.0,1.0,-1.0,-1.0,-1.0,-1.0,1.0,-1.0,-1.0,1.0,-1.0,-1.0,-1.0,-1.0,1.0,-1.0,-1.0,1.0,-1.0,-1.0,-1.0,-1.0,1.0,-1.0,-1.0,1.0,-1.0,-1.0,-1.0,1.0,1.0,-1.0,-1.0,1.0,-1.0,-1.0,-1.0,1.0,1.0,-1.0,-1.0,1.0,-1.0,-1.0,1.0,-1.0,-1.0,1.0,-1.0,1.0,-1.0,1.0,1.0,-1.0,-1.0,-1.0,-1.0,-1.0,-1.0,-1.0,-1.0,-1.0,-1.0,-1.0,-1.0,-1.0,-1.0,-1.0,-1.0,-1.0,-1.0,-1.0,-1.0,-1.0,-1.0,-1.0,-1.0,-1.0,-1.0,-1.0,-1.0,-1.0,-1.0,-1.0,-1.0,1.0,-1.0,-1.0,-1.0,-1.0,-1.0,-1.0,-1.0,-1.0,-1.0,-1.0,1.0,-1.0,-1.0,-1.0,-1.0,-1.0,-1.0,-1.0,-1.0,-1.0,-1.0,-1.0,-1.0,-1.0
1.0,-1.0,-1.0,-1.0,-1.0,-1.0,-1.0,-1.0,-1.0,-1.0,-1.0,-1.0,-1.0,-1.0,-1.0,-1.0,-1.0,1.0,-1.0,-1.0,-1.0,-1.0,-1.0,-1.0,1.0,-1.0,-1.0,-1.0,-1.0,-1.0,-1.0,-1.0,-1.0,-1.0,-1.0,-1.0,-1.0,-1.0,-1.0,-1.0,-1.0,-1.0,-1.0,-1.0,-1.0,-1.0,-1.0,-1.0,-1.0,-1.0,-1.0,-1.0,-1.0,-1.0,-1.0,-1.0,-1.0,-1.0,-1.0,-1.0,-1.0,-1.0,-1.0,-1.0,-1.0,-1.0,-1.0,-1.0,-1.0,-1.0,-1.0,-1.0,-1.0,-1.0,-1.0,-1.0,-1.0,-1.0,-1.0,-1.0,-1.0,1.0,1.0,-1.0,-1.0,-1.0,-1.0,-1.0,-1.0,-1.0,-1.0,-1.0,-1.0,-1.0,-1.0,-1.0,-1.0,-1.0,-1.0,-1.0,-1.0,-1.0,-1.0,-1.0,-1.0,-1.0,-1.0,-1.0,-1.0,-1.0,-1.0,-1.0,-1.0,-1.0,-1.0,-1.0,-1.0,-1.0,1.0,1.0,1.0,-1.0,1.0,1.0,-1.0,-1.0,-1.0,-1.0,-1.0,-1.0,-1.0,-1.0,-1.0,-1.0,-1.0,-1.0,-1.0,-1.0,-1.0,-1.0,-1.0,-1.0,-1.0,-1.0,-1.0,-1.0,-1.0,-1.0,-1.0,-1.0,-1.0,1.0,-1.0,-1.0,-1.0,-1.0,-1.0,-1.0,-1.0,-1.0,-1.0,-1.0,-1.0,-1.0,-1.0,-1.0,-1.0,-1.0,-1.0,-1.0,-1.0,-1.0,-1.0,-1.0,-1.0,-1.0,-1.0,-1.0,-1.0,-1.0,-1.0,-1.0,-1.0,-1.0,-1.0,-1.0,-1.0,-1.0,1.0,-1.0,-1.0,-1.0,-1.0,-1.0,-1.0,-1.0,1.0,-1.0,-1.0,-1.0,-1.0,-1.0,-1.0,-1.0,1.0,-1.0,-1.0,-1.0,-1.0,-1.0,-1.0,-1.0,-1.0,-1.0,-1.0,1.0,-1.0,-1.0,-1.0,-1.0,-1.0,-1.0,-1.0,-1.0,-1.0,-1.0,-1.0,-1.0,-1.0,-1.0,-1.0,-1.0,1.0,-1.0,-1.0,-1.0,-1.0,-1.0,1.0,-1.0,-1.0,-1.0,-1.0,-1.0,1.0,-1.0,-1.0,-1.0,-1.0,-1.0,1.0,-1.0,-1.0,-1.0,-1.0,-1.0,1.0,-1.0,-1.0,-1.0,-1.0,-1.0,1.0,-1.0,-1.0,-1.0,-1.0,-1.0,1.0,-1.0,-1.0,-1.0,-1.0,-1.0,1.0,-1.0,-1.0,-1.0,-1.0,-1.0,-1.0,-1.0,1.0,-1.0,-1.0,-1.0,-1.0,-1.0,-1.0,-1.0,1.0,-1.0,-1.0,-1.0,-1.0,-1.0,-1.0,-1.0,1.0,-1.0,-1.0,-1.0,-1.0,-1.0,-1.0,-1.0,1.0,-1.0,-1.0,-1.0,-1.0,-1.0,-1.0,-1.0,1.0,-1.0,-1.0,-1.0,-1.0,-1.0,-1.0,-1.0,1.0,-1.0,-1.0,-1.0,-1.0,-1.0,-1.0,-1.0,-1.0,-1.0,1.0,-1.0,-1.0,-1.0,-1.0,-1.0,-1.0,-1.0,-1.0,-1.0,-1.0,-1.0,-1.0,-1.0,-1.0,-1.0,-1.0,-1.0,-1.0,-1.0,-1.0,-1.0,-1.0,-1.0,-1.0,-1.0,-1.0,-1.0,-1.0,-1.0,-1.0,-1.0,-1.0,-1.0,-1.0,-1.0,-1.0,-1.0,-1.0,-1.0,-1.0,-1.0,-1.0,-1.0,-1.0,-1.0,-1.0,-1.0,-1.0,-1.0,-1.0,-1.0,-1.0,-1.0,-1.0,-1.0,-1.0,-1.0,-1.0,-1.0
-1.0,-1.0,-1.0,-1.0,-1.0,-1.0,-1.0,-1.0,-1.0,-1.0,-1.0,-1.0,-1.0,-1.0,-1.0,-1.0,-1.0,-1.0,-1.0,-1.0,-1.0,-1.0,-1.0,-1.0,-1.0,-1.0,-1.0,-1.0,-1.0,-1.0,-1.0,-1.0,-1.0,-1.0,-1.0,-1.0,-1.0,-1.0,-1.0,-1.0,-1.0,-1.0,-1.0,-1.0,-1.0,-1.0,-1.0,-1.0,-1.0,-1.0,-1.0,-1.0,-1.0,-1.0,-1.0,-1.0,-1.0,-1.0,-1.0,-1.0,-1.0,-1.0,-1.0,-1.0,-1.0,-1.0,-1.0,-1.0,-1.0,-1.0,-1.0,-1.0,-1.0,-1.0,-1.0,-1.0,-1.0,-1.0,-1.0,-1.0,-1.0,-1.0,-1.0,-1.0,-1.0,-1.0,-1.0,-1.0,-1.0,-1.0,-1.0,-1.0,-1.0,-1.0,-1.0,-1.0,-1.0,-1.0,-1.0,-1.0,-1.0,1.0,1.0,-1.0,-1.0,-1.0,-1.0,-1.0,-1.0,-1.0,-1.0,-1.0,-1.0,-1.0,-1.0,-1.0,-1.0,-1.0,-1.0,-1.0,-1.0,-1.0,-1.0,-1.0,-1.0,-1.0,-1.0,-1.0,-1.0,-1.0,-1.0,-1.0,-1.0,-1.0,-1.0,-1.0,-1.0,-1.0,-1.0,-1.0,-1.0,-1.0,-1.0,-1.0,-1.0,-1.0,-1.0,-1.0,-1.0,-1.0,-1.0,-1.0,-1.0,-1.0,-1.0,-1.0,-1.0,-1.0,-1.0,-1.0,-1.0,-1.0,-1.0,-1.0,-1.0,-1.0,-1.0,-1.0,-1.0,-1.0,-1.0,-1.0,-1.0,-1.0,-1.0,-1.0,-1.0,-1.0,-1.0,-1.0,-1.0,-1.0,-1.0,-1.0,-1.0,-1.0,1.0,-1.0,-1.0,-1.0,-1.0,-1.0,-1.0,-1.0,1.0,-1.0,-1.0,-1.0,-1.0,-1.0,-1.0,-1.0,-1.0,-1.0,-1.0,-1.0,-1.0,-1.0,-1.0,-1.0,-1.0,-1.0,-1.0,-1.0,-1.0,-1.0,-1.0,-1.0,-1.0,-1.0,-1.0,-1.0,-1.0,-1.0,-1.0,-1.0,-1.0,-1.0,-1.0,-1.0,-1.0,-1.0,-1.0,-1.0,-1.0,-1.0,-1.0,-1.0,-1.0,-1.0,-1.0,-1.0,-1.0,-1.0,-1.0,-1.0,-1.0,-1.0,-1.0,-1.0,-1.0,-1.0,-1.0,-1.0,-1.0,-1.0,-1.0,-1.0,-1.0,-1.0,-1.0,-1.0,-1.0,-1.0,-1.0,-1.0,-1.0,-1.0,-1.0,-1.0,-1.0,-1.0,-1.0,-1.0,-1.0,-1.0,-1.0,-1.0,-1.0,-1.0,-1.0,-1.0,-1.0,-1.0,-1.0,-1.0,-1.0,-1.0,-1.0,-1.0,-1.0,-1.0,-1.0,-1.0,-1.0,-1.0,-1.0,-1.0,-1.0,-1.0,-1.0,-1.0,-1.0,-1.0,-1.0,-1.0,-1.0,-1.0,-1.0,-1.0,-1.0,-1.0,-1.0,-1.0,-1.0,-1.0,-1.0,-1.0,-1.0,-1.0,-1.0,-1.0,-1.0,-1.0,-1.0,-1.0,-1.0,-1.0,-1.0,-1.0,-1.0,-1.0,-1.0,-1.0,-1.0,-1.0,-1.0,-1.0,-1.0,-1.0,-1.0,-1.0,-1.0,-1.0,-1.0,-1.0,-1.0,-1.0,-1.0,-1.0,-1.0,-1.0,-1.0,-1.0,-1.0,-1.0,-1.0,-1.0,-1.0,-1.0,-1.0,-1.0,-1.0,-1.0,-1.0,-1.0,-1.0,-1.0,-1.0,-1.0,-1.0,-1.0,-1.0,-1.0,-1.0,-1.0,-1.0,-1.0,-1.0,-1.0,-1.0,-1.0,-1.0,-1.0,-1.0,-1.0,-1.0,-1.0,-1.0,-1.0,-1.0,-1.0
-0.2659690429474603,-2.446043165467626,-2.446043165467626,-2.446043165467626,-2.446043165467626,-2.446043165467626,-2.446043165467626,-2.446043165467626,-2.446043165467626,-2.446043165467626,-2.446043165467626,-2.446043165467626,-2.446043165467626,-2.446043165467626,-2.446043165467626,-2.446043165467626,-2.446043165467626,-2.446043165467626,-2.446043165467626,-2.446043165467626,-2.446043165467626,-2.446043165467626,-2.446043165467626,-2.446043165467626,-2.446043165467626,-2.446043165467626,-2.446043165467626,-2.446043165467626,-2.446043165467626,-2.446043165467626,-2.446043165467626,-2.446043165467626,-2.446043165467626,-2.446043165467626,-2.446043165467626,-2.446043165467626,-2.446043165467626,0.17004578155657307,-2.446043165467626,-2.446043165467626,-2.446043165467626,-2.446043165467626,-2.446043165467626,-2.446043165467626,-2.446043165467626,-2.446043165467626,-2.446043165467626,-2.446043165467626,-2.446043165467626,-2.446043165467626,-2.446043165467626,-2.446043165467626,-2.446043165467626,-2.446043165467626,-2.446043165467626,-2.446043165467626,-2.446043165467626,-2.446043165467626,-2.446043165467626,-2.446043165467626,-2.446043165467626,-2.446043165467626,-2.446043165467626,-0.2659690429474603,-2.446043165467626,-2.446043165467626,-2.446043165467626,-2.446043165467626,-2.446043165467626,-2.446043165467626,-2.446043165467626,0.0,-2.446043165467626,-2.446043165467626,-2.446043165467626,-2.446043165467626,-2.446043165467626,0.0,-2.446043165467626,-2.446043165467626,-2.446043165467626,-1.1379986919555263,-1.1379986919555263,-2.446043165467626,-2.446043165467626,-1.7193517912942373,-1.7193517912942373,-1.6285153695225636,-1.6285153695225636,-2.446043165467626,-0.2659690429474603,-2.446043165467626,-0.2659690429474603,0.006540222367560503,0.006540222367560503,-0.577408203307484,-0.577408203307484,-2.446043165467626,-2.446043165467626,-2.446043165467626,-2.446043165467626,-2.446043165467626,-2.446043165467626,-1.439855108919857,-1.439855108919857,-0.8109875735775016,-0.8109875735775016,-0.8109875735775016,-0.8109875735775016,-1.2569118259111718,-1.2569118259111718,-2.446043165467626,-2.446043165467626,-2.446043165467626,-2.446043165467626,-2.446043165467626,-2.446043165467626,-2.446043165467626,-2.446043165467626,-2.446043165467626,-1.1379986919555263,-2.446043165467626,-2.446043165467626,-2.446043165467626,-2.446043165467626,-0.2659690429474603,-0.4839764551994768,-2.446043165467626,-0.19449120286483185,-2.446043165467626,0.8240680183126226,-2.446043165467626,0.22084362518811065,-0.4245198882216541,-2.446043165467626,-0.577408203307484,-2.446043165467626,-0.6913493595367607,-0.08727444274088916,-2.446043165467626,-0.4336670523720882,-2.446043165467626,-0.02616088947024201,0.31743107434666856,-2.446043165467626,-0.13092020349930839,-2.446043165467626,-0.6293147300341544,-2.446043165467626,-0.9071673142769207,-2.446043165467626,-2.446043165467626,-0.2659690429474603,-2.446043165467626,0.8240680183126226,-2.446043165467626,0.006540222367560503,0.006540222367560503,-2.446043165467626,-2.446043165467626,-0.8109875735775016,-0.8109875735775016,-1.5117256843875548,-1.5117256843875548,-2.446043165467626,-1.5117256843875548,-0.4839764551994768,-2.446043165467626,-2.446043165467626,-2.446043165467626,-2.446043165467626,-2.446043165467626,-2.446043165467626,-2.446043165467626,-2.446043165467626,-0.8109875735775016,-2.446043165467626,-2.446043165467626,-2.446043165467626,-0.577408203307484,-2.446043165467626,-2.446043165467626,-2.446043165467626,-2.446043165467626,-2.446043165467626,-2.446043165467626,-2.446043165467626,-2.446043165467626,-2.446043165467626,-0.0677804863547178,-2.446043165467626,-2.446043165467626,-2.446043165467626,-2.446043165467626,-2.446043165467626,-2.446043165467626,-2.446043165467626,-0.0677804863547178,-2.446043165467626,-2.446043165467626,-2.446043165467626,-2.446043165467626,-1.356006104207543,-2.446043165467626,-2.446043165467626,-2.446043165467626,-2.446043165467626,0.7029527892837243,0.0,-2.446043165467626,-2.446043165467626,-2.446043165467626,-2.446043165467626,-1.356006104207543,-2.446043165467626,-2.446043165467626,-2.446043165467626,-2.446043165467626,0.7029527892837243,0.0,-2.446043165467626,-2.446043165467626,-2.446043165467626,-0.2659690429474603,-2.446043165467626,-2.446043165467626,-2.446043165467626,-0.2659690429474603,-2.446043165467626,-2.446043165467626,-1.7193517912942373,-2.446043165467626,-2.446043165467626,-0.343828833037466,-2.446043165467626,-2.446043165467626,-1.7193517912942373,-2.446043165467626,-2.446043165467626,-0.343828833037466,-2.446043165467626,-2.446043165467626,-1.2197514715500326,-2.446043165467626,-2.446043165467626,-0.13772938868156795,-2.446043165467626,-2.446043165467626,-1.2197514715500326,-2.446043165467626,-2.446043165467626,-0.13772938868156795,-2.446043165467626,-2.446043165467626,-1.439855108919857,-2.446043165467626,-2.446043165467626,-0.6747329409199914,-2.446043165467626,-2.446043165467626,-1.439855108919857,-2.446043165467626,-2.446043165467626,-0.6747329409199914,-2.446043165467626,-2.446043165467626,-0.8109875735775016,-2.446043165467626,-2.446043165467626,0.24011959263757815,-2.446043165467626,-2.446043165467626,-0.8109875735775016,-2.446043165467626,-2.446043165467626,0.24011959263757815,-2.446043165467626,-2.446043165467626,-2.446043165467626,-2.446043165467626,-1.356006104207543,-2.446043165467626,-2.446043165467626,0.35690927777258696,-2.446043165467626,-2.446043165467626,-2.446043165467626,-2.446043165467626,-1.356006104207543,-2.446043165467626,-2.446043165467626,0.35690927777258696,-2.446043165467626,-2.446043165467626,-2.446043165467626,-2.446043165467626,-1.5117256843875548,-2.446043165467626,-2.446043165467626,-0.1821200382351462,-2.446043165467626,-2.446043165467626,-2.446043165467626,-2.446043165467626,-1.5117256843875548,-2.446043165467626,-2.446043165467626,-0.1821200382351462,-2.446043165467626,-2.446043165467626,-2.446043165467626,-1.356006104207543,1.2912267588526578,-2.446043165467626,-2.446043165467626,0.3209739900387382,-2.446043165467626,-2.446043165467626,-2.446043165467626,-1.356006104207543,1.2912267588526578,-2.446043165467626,-2.446043165467626,0.3209739900387382,-2.446043165467626,-2.446043165467626,-0.2659690429474603,-2.446043165467626,-2.446043165467626,-0.577408203307484,-2.446043165467626,-1.7193517912942373,-2.446043165467626,0.06942697590179618,-0.8109875735775016,0.0,-2.446043165467626,-2.446043165467626,-2.446043165467626,-2.446043165467626,-2.446043165467626,-2.446043165467626,-2.446043165467626,-2.446043165467626,-2.446043165467626,-2.446043165467626,-2.446043165467626,-2.446043165467626,-2.446043165467626,-2.446043165467626,-2.446043165467626,-2.446043165467626,-2.446043165467626,-2.446043165467626,-2.446043165467626,-2.446043165467626,-2.446043165467626,-2.446043165467626,-2.446043165467626,-2.446043165467626,-2.446043165467626,-2.446043165467626,-2.446043165467626,-2.446043165467626,-2.446043165467626,-2.446043165467626,-2.446043165467626,0.17004578155657307,-2.446043165467626,-2.446043165467626,-2.446043165467626,-2.446043165467626,-2.446043165467626,-2.446043165467626,-2.446043165467626,-2.446043165467626,-2.446043165467626,-2.446043165467626,-0.2659690429474603,-2.446043165467626,-2.446043165467626,-2.446043165467626,-2.446043165467626,-2.446043165467626,-2.446043165467626,-2.446043165467626,-2.446043165467626,-2.446043165467626,-2.446043165467626,-2.446043165467626,-2.446043165467626,-2.446043165467626
1.0,-1.0,-1.0,-1.0,-1.0,-1.0,-1.0,-1.0,-1.0,-1.0,-1.0,-1.0,-1.0,-1.0,-1.0,-1.0,-1.0,1.0,-1.0,-1.0,-1.0,-1.0,-1.0,-1.0,1.0,-1.0,-1.0,-1.0,-1.0,-1.0,-1.0,-1.0,-1.0,-1.0,-1.0,-1.0,-1.0,-1.0,-1.0,-1.0,-1.0,-1.0,-1.0,-1.0,-1.0,-1.0,-1.0,-1.0,-1.0,-1.0,-1.0,-1.0,-1.0,-1.0,-1.0,-1.0,-1.0,-1.0,-1.0,-1.0,-1.0,-1.0,-1.0,-1.0,-1.0,-1.0,-1.0,-1.0,-1.0,-1.0,-1.0,-1.0,-1.0,-1.0,-1.0,-1.0,-1.0,-1.0,-1.0,-1.0,-1.0,1.0,1.0,-1.0,-1.0,-1.0,-1.0,-1.0,-1.0,-1.0,-1.0,-1.0,-1.0,-1.0,-1.0,-1.0,-1.0,-1.0,-1.0,-1.0,-1.0,-1.0,-1.0,-1.0,-1.0,-1.0,-1.0,-1.0,-1.0,-1.0,-1.0,-1.0,-1.0,-1.0,-1.0,-1.0,-1.0,-1.0,1.0,1.0,1.0,-1.0,1.0,1.0,-1.0,-1.0,-1.0,-1.0,-1.0,-1.0,-1.0,-1.0,-1.0,-1.0,-1.0,-1.0,-1.0,-1.0,-1.0,-1.0,-1.0,-1.0,-1.0,-1.0,-1.0,-1.0,-1.0,-1.0,-1.0,-1.0,-1.0,1.0,-1.0,-1.0,-1.0,-1.0,-1.0,-1.0,-1.0,-1.0,-1.0,-1.0,-1.0,-1.0,-1.0,-1.0,-1.0,-1.0,-1.0,-1.0,-1.0,-1.0,-1.0,-1.0,-1.0,-1.0,-1.0,-1.0,-1.0,-1.0,-1.0,-1.0,-1.0,-1.0,-1.0,-1.0,-1.0,-1.0,1.0,-1.0,-1.0,-1.0,-1.0,-1.0,-1.0,-1.0,1.0,-1.0,-1.0,-1.0,-1.0,-1.0,-1.0,-1.0,1.0,-1.0,-1.0,-1.0,-1.0,-1.0,-1.0,-1.0,-1.0,-1.0,-1.0,1.0,-1.0,-1.0,-1.0,-1.0,-1.0,-1.0,-1.0,-1.0,-1.0,-1.0,-1.0,-1.0,-1.0,-1.0,-1.0,-1.0,1.0,-1.0,-1.0,-1.0,-1.0,-1.0,1.0,-1.0,-1.0,-1.0,-1.0,-1.0,1.0,-1.0,-1.0,-1.0,-1.0,-1.0,1.0,-1.0,-1.0,-1.0,-1.0,-1.0,1.0,-1.0,-1.0,-1.0,-1.0,-1.0,1.0,-1.0,-1.0,-1.0,-1.0,-1.0,1.0,-1.0,-1.0,-1.0,-1.0,-1.0,1.0,-1.0,-1.0,-1.0,-1.0,-1.0,-1.0,-1.0,1.0,-1.0,-1.0,-1.0,-1.0,-1.0,-1.0,-1.0,1.0,-1.0,-1.0,-1.0,-1.0,-1.0,-1.0,-1.0,1.0,-1.0,-1.0,-1.0,-1.0,-1.0,-1.0,-1.0,1.0,-1.0,-1.0,-1.0,-1.0,-1.0,-1.0,-1.0,1.0,-1.0,-1.0,-1.0,-1.0,-1.0,-1.0,-1.0,1.0,-1.0,-1.0,-1.0,-1.0,-1.0,-1.0,-1.0,-1.0,-1.0,1.0,-1.0,-1.0,-1.0,-1.0,-1.0,-1.0,-1.0,-1.0,-1.0,-1.0,-1.0,-1.0,-1.0,-1.0,-1.0,-1.0,-1.0,-1.0,-1.0,-1.0,-1.0,-1.0,-1.0,-1.0,-1.0,-1.0,-1.0,-1.0,-1.0,-1.0,-1.0,-1.0,-1.0,-1.0,-1.0,-1.0,-1.0,-1.0,-1.0,-1.0,-1.0,-1.0,-1.0,-1.0,-1.0,-1.0,-1.0,-1.0,-1.0,-1.0,-1.0,-1.0,-1.0,-1.0,-1.0,-1.0,-1.0,-1.0,-1.0
-0.6425382111868007,-0.8379914509840762,-0.8379914509840762,-0.8379914509840762,-0.5819073491100745,-0.8379914509840762,-0.8379914509840762,-0.3264385948391911,-0.8379914509840762,-0.8379914509840762,-0.8379914509840762,-0.8379914509840762,-0.8379914509840762,-0.8379914509840762,-0.8379914509840762,-0.8379914509840762,-0.3264385948391911,-0.6425382111868007,-0.42046223010339584,-0.6425382111868007,-0.1626419043936299,-0.6425382111868007,-0.7073537229411824,-0.3264385948391911,-0.6425382111868007,-0.8379914509840762,-0.7769746277781607,-0.8379914509840762,-0.8379914509840762,-0.8379914509840762,-0.3722746267518522,-0.8379914509840762,-0.8379914509840762,-0.8379914509840762,-0.8379914509840762,-0.8379914509840762,-0.8379914509840762,-0.5249534087498556,-0.7769746277781607,-0.8379914509840762,-0.8379914509840762,-0.8379914509840762,-0.8379914509840762,-0.5249534087498556,-0.8379914509840762,-0.8379914509840762,-0.8379914509840762,-0.8379914509840762,-0.8379914509840762,-0.8379914509840762,-0.8379914509840762,-0.8379914509840762,-0.471255805443032,-0.8379914509840762,-0.8379914509840762,-0.8379914509840762,-0.6425382111868007,-0.8379914509840762,-0.8379914509840762,-0.8379914509840762,-0.8379914509840762,-0.8379914509840762,-0.7073537229411824,-0.5819073491100745,-0.8379914509840762,-0.8379914509840762,-0.8379914509840762,-0.6425382111868007,-0.24097494863154706,-0.8379914509840762,-0.8379914509840762,-0.8379914509840762,-0.8379914509840762,-0.28273525918707676,-0.8379914509840762,-0.7769746277781607,-0.8379914509840762,-0.8379914509840762,-0.6425382111868007,-0.5249534087498556,-0.5249534087498556,-0.023208389321739645,-0.023208389321739645,0.4304078178496487,0.4304078178496487,0.4885368081433098,0.4885368081433098,0.6440297279399877,0.6440297279399877,-0.471255805443032,0.30210161745907094,-0.471255805443032,0.30210161745907094,0.41020376390539265,0.41020376390539265,0.06927136342686518,0.06927136342686518,-0.2009922210080832,-0.2009922210080832,-0.42046223010339584,-0.42046223010339584,0.039444975795149016,0.039444975795149016,1.1013652040657957,1.1013652040657957,-0.2009922210080832,-0.2009922210080832,-0.3722746267518522,-0.3722746267518522,0.975918830234688,0.975918830234688,0.34684589759365164,0.34684589759365164,-0.7769746277781607,-0.5249534087498556,-0.471255805443032,-0.24097494863154706,-0.8379914509840762,-0.8379914509840762,-0.5249534087498556,-0.023208389321739645,-0.24097494863154706,0.1262253037870841,-0.3722746267518522,-0.5819073491100745,0.998024610130591,1.897361127206576,-0.8379914509840762,1.9803654469444316,-0.5819073491100745,-0.09034067734104072,-0.7769746277781607,1.9803654469444316,1.9803654469444316,-0.7769746277781607,1.9803654469444316,-0.7769746277781607,1.9803654469444316,1.9803654469444316,-0.7769746277781607,1.9803654469444316,-0.7769746277781607,1.9803654469444316,1.9803654469444316,-0.7769746277781607,1.9803654469444316,-0.8379914509840762,1.05111513600155,-0.7769746277781607,1.1583191444260144,-0.8379914509840762,-0.8379914509840762,0.9870367386822461,-0.6425382111868007,-0.8379914509840762,-0.471255805443032,0.41020376390539265,0.41020376390539265,0.32474011769774863,0.32474011769774863,0.4304078178496487,0.4304078178496487,0.4304078178496487,0.4304078178496487,-0.8379914509840762,0.38955562945212996,0.7204500759638045,-0.8379914509840762,-0.8379914509840762,-0.6425382111868007,-0.8379914509840762,-0.5819073491100745,-0.8379914509840762,-0.6425382111868007,-0.8379914509840762,-0.2009922210080832,-0.8379914509840762,-0.6425382111868007,-0.8379914509840762,0.23071648243354387,-0.7073537229411824,-0.3722746267518522,-0.8379914509840762,-0.8379914509840762,-0.8379914509840762,-0.8379914509840762,0.039444975795149016,-0.8379914509840762,-0.471255805443032,1.9803654469444316,-0.8379914509840762,-0.8379914509840762,-0.8379914509840762,-0.8379914509840762,0.039444975795149016,-0.8379914509840762,-0.471255805443032,1.9803654469444316,-0.8379914509840762,-0.8379914509840762,-0.8379914509840762,-0.5249534087498556,-0.1626419043936299,-0.8379914509840762,-0.42046223010339584,-0.8379914509840762,-0.7769746277781607,1.9803654469444316,-0.8379914509840762,-0.8379914509840762,-0.8379914509840762,-0.8379914509840762,-0.5249534087498556,-0.1626419043936299,-0.8379914509840762,-0.42046223010339584,-0.8379914509840762,-0.7769746277781607,1.9803654469444316,-0.8379914509840762,-0.8379914509840762,-0.8379914509840762,0.15345771195397964,1.2710151988005547,-0.8379914509840762,-0.8379914509840762,0.15345771195397964,1.2710151988005547,-0.8379914509840762,-0.8379914509840762,0.5432776678586332,-0.8379914509840762,-0.471255805443032,1.9803654469444316,-0.8379914509840762,-0.8379914509840762,0.5432776678586332,-0.8379914509840762,-0.471255805443032,1.9803654469444316,-0.8379914509840762,-0.8379914509840762,1.07153881643408,-0.8379914509840762,-0.7769746277781607,1.9803654469444316,-0.8379914509840762,-0.8379914509840762,1.07153881643408,-0.8379914509840762,-0.7769746277781607,1.9803654469444316,-0.8379914509840762,-0.8379914509840762,1.1013652040657957,-0.8379914509840762,-0.6425382111868007,1.9803654469444316,-0.8379914509840762,-0.8379914509840762,1.1013652040657957,-0.8379914509840762,-0.6425382111868007,1.9803654469444316,-0.8379914509840762,-0.8379914509840762,0.9870367386822461,-0.8379914509840762,-0.6425382111868007,1.9803654469444316,-0.8379914509840762,-0.8379914509840762,0.9870367386822461,-0.8379914509840762,-0.6425382111868007,1.9803654469444316,-0.8379914509840762,-0.8379914509840762,-0.8379914509840762,-0.8379914509840762,-0.12579591524122108,-0.8379914509840762,-0.8379914509840762,1.9803654469444316,-0.8379914509840762,-0.8379914509840762,-0.8379914509840762,-0.8379914509840762,-0.12579591524122108,-0.8379914509840762,-0.8379914509840762,1.9803654469444316,-0.8379914509840762,-0.8379914509840762,-0.8379914509840762,-0.5249534087498556,0.008640501350139093,-0.8379914509840762,-0.5819073491100745,1.9803654469444316,-0.8379914509840762,-0.8379914509840762,-0.8379914509840762,-0.5249534087498556,0.008640501350139093,-0.8379914509840762,-0.5819073491100745,1.9803654469444316,-0.8379914509840762,-0.8379914509840762,-0.8379914509840762,0.06927136342686518,0.15345771195397964,-0.8379914509840762,-0.8379914509840762,1.9803654469444316,-0.8379914509840762,-0.8379914509840762,-0.8379914509840762,0.06927136342686518,0.15345771195397964,-0.8379914509840762,-0.8379914509840762,1.9803654469444316,-0.8379914509840762,-0.8379914509840762,-0.7073537229411824,0.32474011769774863,-0.1626419043936299,0.2056629363936535,-0.8379914509840762,0.507140431889075,-0.5249534087498556,0.8179622124489789,0.09817986891491412,-0.8379914509840762,-0.28273525918707676,-0.8379914509840762,-0.8379914509840762,-0.8379914509840762,-0.8379914509840762,-0.8379914509840762,-0.5819073491100745,-0.8379914509840762,-0.8379914509840762,-0.3264385948391911,-0.8379914509840762,-0.8379914509840762,-0.8379914509840762,-0.8379914509840762,-0.8379914509840762,-0.8379914509840762,-0.8379914509840762,-0.5249534087498556,-0.8379914509840762,-0.8379914509840762,-0.8379914509840762,-0.8379914509840762,-0.8379914509840762,-0.8379914509840762,-0.8379914509840762,-0.471255805443032,-0.8379914509840762,-0.8379914509840762,-0.8379914509840762,-0.8379914509840762,-0.8379914509840762,-0.5819073491100745,-0.7769746277781607,-0.8379914509840762,-0.8379914509840762,-0.8379914509840762,-0.8379914509840762,-0.12579591524122108,-0.8379914509840762,-0.8379914509840762,-0.8379914509840762,-0.7073537229411824,-0.5819073491100745,-0.8379914509840762,-0.8379914509840762,-0.8379914509840762,-0.8379914509840762,-0.8379914509840762,-0.5819073491100745,-0.8379914509840762,-0.471255805443032,-0.6425382111868007,-0.3722746267518522,-0.8379914509840762,-0.28273525918707676,-0.8379914509840762
-1.0,-1.0,-1.0,-1.0,-1.0,-1.0,-1.0,1.0,-1.0,-1.0,-1.0,-1.0,-1.0,-1.0,-1.0,-1.0,-1.0,-1.0,-1.0,-1.0,-1.0,-1.0,-1.0,-1.0,-1.0,-1.0,-1.0,-1.0,-1.0,-1.0,-1.0,-1.0,-1.0,-1.0,-1.0,-1.0,-1.0,-1.0,-1.0,-1.0,-1.0,-1.0,-1.0,-1.0,-1.0,-1.0,-1.0,-1.0,-1.0,1.0,-1.0,-1.0,-1.0,-1.0,-1.0,-1.0,-1.0,-1.0,-1.0,-1.0,-1.0,-1.0,-1.0,-1.0,-1.0,-1.0,-1.0,-1.0,-1.0,-1.0,-1.0,1.0,-1.0,-1.0,-1.0,1.0,-1.0,1.0,-1.0,-1.0,-1.0,-1.0,-1.0,-1.0,-1.0,-1.0,-1.0,1.0,1.0,-1.0,1.0,-1.0,1.0,-1.0,-1.0,-1.0,-1.0,1.0,1.0,1.0,1.0,-1.0,-1.0,-1.0,-1.0,1.0,1.0,-1.0,-1.0,-1.0,-1.0,-1.0,-1.0,-1.0,-1.0,-1.0,-1.0,-1.0,-1.0,-1.0,-1.0,1.0,1.0,-1.0,-1.0,1.0,1.0,-1.0,1.0,-1.0,1.0,-1.0,1.0,1.0,-1.0,1.0,-1.0,1.0,1.0,-1.0,1.0,-1.0,1.0,1.0,-1.0,1.0,-1.0,1.0,-1.0,1.0,-1.0,-1.0,1.0,-1.0,-1.0,-1.0,-1.0,-1.0,1.0,1.0,-1.0,-1.0,-1.0,-1.0,-1.0,1.0,1.0,-1.0,-1.0,-1.0,-1.0,-1.0,-1.0,-1.0,-1.0,-1.0,-1.0,-1.0,-1.0,1.0,-1.0,-1.0,-1.0,-1.0,-1.0,-1.0,-1.0,-1.0,1.0,1.0,-1.0,-1.0,-1.0,-1.0,-1.0,-1.0,1.0,1.0,-1.0,-1.0,-1.0,-1.0,-1.0,-1.0,1.0,-1.0,-1.0,1.0,1.0,-1.0,-1.0,-1.0,-1.0,-1.0,-1.0,1.0,-1.0,-1.0,1.0,1.0,-1.0,-1.0,-1.0,1.0,-1.0,-1.0,-1.0,1.0,-1.0,-1.0,-1.0,-1.0,1.0,1.0,-1.0,-1.0,-1.0,-1.0,1.0,1.0,-1.0,-1.0,-1.0,-1.0,-1.0,1.0,-1.0,-1.0,-1.0,-1.0,-1.0,1.0,-1.0,-1.0,-1.0,-1.0,-1.0,1.0,-1.0,-1.0,-1.0,-1.0,-1.0,1.0,-1.0,-1.0,1.0,-1.0,-1.0,1.0,-1.0,-1.0,1.0,-1.0,-1.0,1.0,-1.0,-1.0,-1.0,-1.0,-1.0,-1.0,-1.0,1.0,-1.0,-1.0,-1.0,-1.0,-1.0,-1.0,-1.0,1.0,-1.0,-1.0,-1.0,-1.0,1.0,-1.0,-1.0,1.0,-1.0,-1.0,-1.0,-1.0,1.0,-1.0,-1.0,1.0,-1.0,-1.0,-1.0,1.0,1.0,-1.0,-1.0,1.0,-1.0,-1.0,-1.0,1.0,1.0,-1.0,-1.0,1.0,-1.0,-1.0,-1.0,-1.0,-1.0,1.0,-1.0,-1.0,-1.0,-1.0,-1.0,1.0,-1.0,-1.0,-1.0,-1.0,-1.0,-1.0,-1.0,-1.0,-1.0,1.0,-1.0,-1.0,-1.0,-1.0,-1.0,-1.0,-1.0,-1.0,-1.0,-1.0,-1.0,-1.0,1.0,-1.0,-1.0,-1.0,-1.0,-1.0,-1.0,-1.0,-1.0,-1.0,-1.0,-1.0,-1.0,-1.0,-1.0,-1.0,-1.0,-1.0,-1.0,-1.0,-1.0,-1.0,-1.0,-1.0,-1.0,-1.0,-1.0,-1.0,-1.0,-1.0,-1.0,-1.0,-1.0,1.0
-0.16989594669116745,-0.16989594669116745,-0.16989594669116745,-0.16989594669116745,-0.16989594669116745,-0.16989594669116745,-0.16989594669116745,2.2788781480215374,-0.16989594669116745,-0.16989594669116745,-0.16989594669116745,-0.16989594669116745,-0.16989594669116745,-0.16989594669116745,-0.16989594669116745,-0.16989594669116745,-0.16989594669116745,-0.16989594669116745,-0.16989594669116745,-0.16989594669116745,-0.16989594669116745,-0.16989594669116745,-0.16989594669116745,-0.16989594669116745,-0.16989594669116745,-0.16989594669116745,-0.16989594669116745,-0.16989594669116745,-0.16989594669116745,-0.16989594669116745,-0.16989594669116745,-0.16989594669116745,-0.16989594669116745,-0.16989594669116745,-0.16989594669116745,-0.16989594669116745,-0.16989594669116745,-0.16989594669116745,-0.16989594669116745,-0.16989594669116745,-0.16989594669116745,-0.16989594669116745,-0.16989594669116745,-0.16989594669116745,-0.16989594669116745,-0.16989594669116745,-0.16989594669116745,-0.16989594669116745,-0.16989594669116745,4.7276522427342424,-0.16989594669116745,-0.16989594669116745,-0.16989594669116745,-0.16989594669116745,-0.16989594669116745,-0.16989594669116745,-0.16989594669116745,-0.16989594669116745,-0.16989594669116745,-0.16989594669116745,-0.16989594669116745,-0.16989594669116745,-0.16989594669116745,-0.16989594669116745,-0.16989594669116745,-0.16989594669116745,-0.16989594669116745,-0.16989594669116745,-0.16989594669116745,-0.16989594669116745,-0.16989594669116745,7.176426337446948,-0.16989594669116745,-0.16989594669116745,-0.16989594669116745,4.7276522427342424,-0.16989594669116745,7.176426337446948,-0.16989594669116745,-0.16989594669116745,-0.16989594669116745,-0.16989594669116745,-0.16989594669116745,-0.16989594669116745,-0.16989594669116745,-0.16989594669116745,-0.16989594669116745,2.2788781480215374,2.2788781480215374,-0.16989594669116745,2.2788781480215374,-0.16989594669116745,2.2788781480215374,-0.16989594669116745,-0.16989594669116745,-0.16989594669116745,-0.16989594669116745,7.176426337446948,7.176426337446948,2.2788781480215374,2.2788781480215374,-0.16989594669116745,-0.16989594669116745,-0.16989594669116745,-0.16989594669116745,2.2788781480215374,2.2788781480215374,-0.16989594669116745,-0.16989594669116745,-0.16989594669116745,-0.16989594669116745,-0.16989594669116745,-0.16989594669116745,-0.16989594669116745,-0.16989594669116745,-0.16989594669116745,-0.16989594669116745,-0.16989594669116745,-0.16989594669116745,-0.16989594669116745,-0.16989594669116745,4.7276522427342424,2.2788781480215374,-0.16989594669116745,-0.16989594669116745,2.2788781480215374,7.176426337446948,-0.16989594669116745,24.31784500043588,-0.16989594669116745,4.7276522427342424,-0.16989594669116745,24.31784500043588,16.971522716297766,-0.16989594669116745,24.31784500043588,-0.16989594669116745,9.625200432159653,21.869070905723177,-0.16989594669116745,21.869070905723177,-0.16989594669116745,21.869070905723177,12.073974526872357,-0.16989594669116745,24.31784500043588,-0.16989594669116745,4.7276522427342424,-0.16989594669116745,4.7276522427342424,-0.16989594669116745,-0.16989594669116745,2.2788781480215374,-0.16989594669116745,-0.16989594669116745,-0.16989594669116745,-0.16989594669116745,-0.16989594669116745,2.2788781480215374,2.2788781480215374,-0.16989594669116745,-0.16989594669116745,-0.16989594669116745,-0.16989594669116745,-0.16989594669116745,4.7276522427342424,4.7276522427342424,-0.16989594669116745,-0.16989594669116745,-0.16989594669116745,-0.16989594669116745,-0.16989594669116745,-0.16989594669116745,-0.16989594669116745,-0.16989594669116745,-0.16989594669116745,-0.16989594669116745,-0.16989594669116745,-0.16989594669116745,4.7276522427342424,-0.16989594669116745,-0.16989594669116745,-0.16989594669116745,-0.16989594669116745,-0.16989594669116745,-0.16989594669116745,-0.16989594669116745,-0.16989594669116745,2.2788781480215374,24.31784500043588,-0.16989594669116745,-0.16989594669116745,-0.16989594669116745,-0.16989594669116745,-0.16989594669116745,-0.16989594669116745,2.2788781480215374,24.31784500043588,-0.16989594669116745,-0.16989594669116745,-0.16989594669116745,-0.16989594669116745,-0.16989594669116745,-0.16989594669116745,4.7276522427342424,-0.16989594669116745,-0.16989594669116745,16.971522716297766,7.176426337446948,-0.16989594669116745,-0.16989594669116745,-0.16989594669116745,-0.16989594669116745,-0.16989594669116745,-0.16989594669116745,4.7276522427342424,-0.16989594669116745,-0.16989594669116745,16.971522716297766,7.176426337446948,-0.16989594669116745,-0.16989594669116745,-0.16989594669116745,7.176426337446948,-0.16989594669116745,-0.16989594669116745,-0.16989594669116745,7.176426337446948,-0.16989594669116745,-0.16989594669116745,-0.16989594669116745,-0.16989594669116745,2.2788781480215374,24.31784500043588,-0.16989594669116745,-0.16989594669116745,-0.16989594669116745,-0.16989594669116745,2.2788781480215374,24.31784500043588,-0.16989594669116745,-0.16989594669116745,-0.16989594669116745,-0.16989594669116745,-0.16989594669116745,12.073974526872357,-0.16989594669116745,-0.16989594669116745,-0.16989594669116745,-0.16989594669116745,-0.16989594669116745,12.073974526872357,-0.16989594669116745,-0.16989594669116745,-0.16989594669116745,-0.16989594669116745,-0.16989594669116745,21.869070905723177,-0.16989594669116745,-0.16989594669116745,-0.16989594669116745,-0.16989594669116745,-0.16989594669116745,21.869070905723177,-0.16989594669116745,-0.16989594669116745,4.7276522427342424,-0.16989594669116745,-0.16989594669116745,24.31784500043588,-0.16989594669116745,-0.16989594669116745,4.7276522427342424,-0.16989594669116745,-0.16989594669116745,24.31784500043588,-0.16989594669116745,-0.16989594669116745,-0.16989594669116745,-0.16989594669116745,-0.16989594669116745,-0.16989594669116745,-0.16989594669116745,16.971522716297766,-0.16989594669116745,-0.16989594669116745,-0.16989594669116745,-0.16989594669116745,-0.16989594669116745,-0.16989594669116745,-0.16989594669116745,16.971522716297766,-0.16989594669116745,-0.16989594669116745,-0.16989594669116745,-0.16989594669116745,4.7276522427342424,-0.16989594669116745,-0.16989594669116745,24.31784500043588,-0.16989594669116745,-0.16989594669116745,-0.16989594669116745,-0.16989594669116745,4.7276522427342424,-0.16989594669116745,-0.16989594669116745,24.31784500043588,-0.16989594669116745,-0.16989594669116745,-0.16989594669116745,2.2788781480215374,2.2788781480215374,-0.16989594669116745,-0.16989594669116745,16.971522716297766,-0.16989594669116745,-0.16989594669116745,-0.16989594669116745,2.2788781480215374,2.2788781480215374,-0.16989594669116745,-0.16989594669116745,16.971522716297766,-0.16989594669116745,-0.16989594669116745,-0.16989594669116745,-0.16989594669116745,-0.16989594669116745,2.2788781480215374,-0.16989594669116745,-0.16989594669116745,-0.16989594669116745,-0.16989594669116745,-0.16989594669116745,7.176426337446948,-0.16989594669116745,-0.16989594669116745,-0.16989594669116745,-0.16989594669116745,-0.16989594669116745,-0.16989594669116745,-0.16989594669116745,-0.16989594669116745,-0.16989594669116745,2.2788781480215374,-0.16989594669116745,-0.16989594669116745,-0.16989594669116745,-0.16989594669116745,-0.16989594669116745,-0.16989594669116745,-0.16989594669116745,-0.16989594669116745,-0.16989594669116745,-0.16989594669116745,-0.16989594669116745,-0.16989594669116745,4.7276522427342424,-0.16989594669116745,-0.16989594669116745,-0.16989594669116745,-0.16989594669116745,-0.16989594669116745,-0.16989594669116745,-0.16989594669116745,-0.16989594669116745,-0.16989594669116745,-0.16989594669116745,-0.16989594669116745,-0.16989594669116745,-0.16989594669116745,-0.16989594669116745,-0.16989594669116745,-0.16989594669116745,-0.16989594669116745,-0.16989594669116745,-0.16989594669116745,-0.16989594669116745,-0.16989594669116745,-0.16989594669116745,-0.16989594669116745,-0.16989594669116745,-0.16989594669116745,-0.16989594669116745,-0.16989594669116745,-0.16989594669116745,-0.16989594669116745,-0.16989594669116745,-0.16989594669116745,-0.16989594669116745,7.176426337446948
0.0,0.0,0.0,0.0,0.0,0.0,0.0,0.4852387407876861,0.0,0.0,0.0,0.0,0.0,0.0,0.0,0.0,0.0,0.0,0.0,0.0,0.0,0.0,0.0,0.0,0.0,0.0,0.0,0.0,0.0,0.0,0.0,0.0,0.0,0.0,0.0,0.0,0.0,0.0,0.0,0.0,0.0,0.0,0.0,0.0,0.0,0.0,0.0,0.0,0.0,1.383949894750324,0.0,0.0,0.0,0.0,0.0,0.0,0.0,0.0,0.0,0.0,0.0,0.0,0.0,0.0,0.0,0.0,0.0,0.0,0.0,0.0,0.0,1.383949894750324,0.0,0.0,0.0,1.383949894750324,0.0,1.383949894750324,0.0,0.0,0.0,0.0,0.0,0.0,0.0,0.0,0.0,-1.0917363902447395,-1.0917363902447395,0.0,-0.6189992528449889,0.0,-0.6189992528449889,0.0,0.0,0.0,0.0,1.383949894750324,1.383949894750324,0.650422237923948,0.650422237923948,0.0,0.0,0.0,0.0,0.2648508492298048,0.2648508492298048,0.0,0.0,0.0,0.0,0.0,0.0,0.0,0.0,0.0,0.0,0.0,0.0,0.0,0.0,1.383949894750324,-0.3100145547513889,0.0,0.0,-1.0917363902447395,-1.0917363902447395,0.0,-0.40893033738790485,0.0,1.2144649308402453,0.0,-1.0227677114682052,-0.703081483945432,0.0,-0.38338030071170204,0.0,-1.0917363902447395,-0.5364591779626391,0.0,-0.9720102433302287,0.0,-1.0917363902447395,-1.0917363902447395,0.0,-0.9027937701873885,0.0,-0.7908783272099785,0.0,-0.9792174928763374,0.0,0.0,-1.0917363902447395,0.0,0.0,0.0,0.0,0.0,-0.6587712381424831,-0.6587712381424831,0.0,0.0,0.0,0.0,0.0,0.3713689369859047,-0.20995619157541512,0.0,0.0,0.0,0.0,0.0,0.0,0.0,0.0,0.0,0.0,0.0,0.0,0.650422237923948,0.0,0.0,0.0,0.0,0.0,0.0,0.0,0.0,0.7396578900350247,0.3023020595632379,0.0,0.0,0.0,0.0,0.0,0.0,0.7396578900350247,0.3023020595632379,0.0,0.0,0.0,0.0,0.0,0.0,1.383949894750324,0.0,0.0,-0.6132384877526795,1.383949894750324,0.0,0.0,0.0,0.0,0.0,0.0,1.383949894750324,0.0,0.0,-0.6132384877526795,1.383949894750324,0.0,0.0,0.0,-0.5080023088170089,0.0,0.0,0.0,-0.5080023088170089,0.0,0.0,0.0,0.0,0.7396578900350247,-0.1361214990219967,0.0,0.0,0.0,0.0,0.7396578900350247,-0.1361214990219967,0.0,0.0,0.0,0.0,0.0,-1.0917363902447395,0.0,0.0,0.0,0.0,0.0,-1.0917363902447395,0.0,0.0,0.0,0.0,0.0,-0.3420632806429105,0.0,0.0,0.0,0.0,0.0,-0.3420632806429105,0.0,0.0,-0.6783035078005096,0.0,0.0,0.042900763969556936,0.0,0.0,-0.6783035078005096,0.0,0.0,0.042900763969556936,0.0,0.0,0.0,0.0,0.0,0.0,0.0,-0.7355505479325227,0.0,0.0,0.0,0.0,0.0,0.0,0.0,-0.7355505479325227,0.0,0.0,0.0,0.0,1.0405718751108533,0.0,0.0,0.015799046252047932,0.0,0.0,0.0,0.0,1.0405718751108533,0.0,0.0,0.015799046252047932,0.0,0.0,0.0,-0.20995619157541512,-0.3578572530666546,0.0,0.0,-0.7778722904547747,0.0,0.0,0.0,-0.20995619157541512,-0.3578572530666546,0.0,0.0,-0.7778722904547747,0.0,0.0,0.0,0.0,0.0,-0.4495729319754428,0.0,0.0,0.0,0.0,0.0,1.383949894750324,0.0,0.0,0.0,0.0,0.0,0.0,0.0,0.0,0.0,0.4852387407876861,0.0,0.0,0.0,0.0,0.0,0.0,0.0,0.0,0.0,0.0,0.0,0.0,1.383949894750324,0.0,0.0,0.0,0.0,0.0,0.0,0.0,0.0,0.0,0.0,0.0,0.0,0.0,0.0,0.0,0.0,0.0,0.0,0.0,0.0,0.0,0.0,0.0,0.0,0.0,0.0,0.0,0.0,0.0,0.0,0.0,0.0,1.383949894750324
-0.5077224524862195,-0.5077224524862195,-0.5077224524862195,-0.5077224524862195,-0.5077224524862195,-0.5077224524862195,-0.5077224524862195,-0.5077224524862195,-0.5077224524862195,-0.5077224524862195,-0.5077224524862195,-0.5077224524862195,-0.5077224524862195,-0.5077224524862195,-0.5077224524862195,-0.5077224524862195,-0.5077224524862195,-0.5077224524862195,-0.5077224524862195,-0.5077224524862195,-0.5077224524862195,-0.5077224524862195,-0.5077224524862195,-0.5077224524862195,-0.5077224524862195,-0.5077224524862195,-0.5077224524862195,-0.5077224524862195,-0.5077224524862195,-0.5077224524862195,-0.5077224524862195,-0.5077224524862195,-0.5077224524862195,-0.5077224524862195,-0.5077224524862195,-0.5077224524862195,-0.5077224524862195,-0.5077224524862195,-0.5077224524862195,-0.5077224524862195,-0.5077224524862195,-0.5077224524862195,-0.5077224524862195,-0.5077224524862195,-0.5077224524862195,-0.5077224524862195,-0.5077224524862195,-0.5077224524862195,-0.5077224524862195,-0.5077224524862195,-0.5077224524862195,-0.5077224524862195,-0.5077224524862195,-0.5077224524862195,-0.5077224524862195,-0.5077224524862195,-0.5077224524862195,-0.5077224524862195,-0.5077224524862195,-0.5077224524862195,-0.5077224524862195,-0.5077224524862195,-0.5077224524862195,-0.5077224524862195,-0.5077224524862195,-0.5077224524862195,-0.5077224524862195,-0.5077224524862195,-0.5077224524862195,-0.5077224524862195,-0.5077224524862195,-0.5077224524862195,-0.5077224524862195,-0.5077224524862195,-0.5077224524862195,1.969566382794139,-0.5077224524862195,-0.5077224524862195,-0.5077224524862195,-0.5077224524862195,-0.5077224524862195,-0.5077224524862195,-0.5077224524862195,1.969566382794139,1.969566382794139,-0.5077224524862195,-0.5077224524862195,-0.5077224524862195,-0.5077224524862195,-0.5077224524862195,-0.5077224524862195,-0.5077224524862195,-0.5077224524862195,-0.5077224524862195,-0.5077224524862195,-0.5077224524862195,-0.5077224524862195,-0.5077224524862195,-0.5077224524862195,1.969566382794139,1.969566382794139,-0.5077224524862195,-0.5077224524862195,-0.5077224524862195,-0.5077224524862195,-0.5077224524862195,-0.5077224524862195,-0.5077224524862195,-0.5077224524862195,-0.5077224524862195,-0.5077224524862195,-0.5077224524862195,-0.5077224524862195,-0.5077224524862195,-0.5077224524862195,-0.5077224524862195,-0.5077224524862195,-0.5077224524862195,-0.5077224524862195,-0.5077224524862195,-0.5077224524862195,1.969566382794139,-0.5077224524862195,-0.5077224524862195,-0.5077224524862195,-0.5077224524862195,1.969566382794139,-0.5077224524862195,-0.5077224524862195,-0.5077224524862195,-0.5077224524862195,-0.5077224524862195,1.969566382794139,1.969566382794139,-0.5077224524862195,1.969566382794139,-0.5077224524862195,-0.5077224524862195,1.969566382794139,-0.5077224524862195,1.969566382794139,-0.5077224524862195,1.969566382794139,-0.5077224524862195,-0.5077224524862195,-0.5077224524862195,-0.5077224524862195,-0.5077224524862195,-0.5077224524862195,1.969566382794139,-0.5077224524862195,-0.5077224524862195,-0.5077224524862195,-0.5077224524862195,-0.5077224524862195,-0.5077224524862195,-0.5077224524862195,-0.5077224524862195,-0.5077224524862195,-0.5077224524862195,-0.5077224524862195,-0.5077224524862195,-0.5077224524862195,-0.5077224524862195,-0.5077224524862195,-0.5077224524862195,-0.5077224524862195,-0.5077224524862195,1.969566382794139,-0.5077224524862195,-0.5077224524862195,-0.5077224524862195,1.969566382794139,-0.5077224524862195,-0.5077224524862195,-0.5077224524862195,1.969566382794139,-0.5077224524862195,-0.5077224524862195,1.969566382794139,-0.5077224524862195,-0.5077224524862195,-0.5077224524862195,-0.5077224524862195,-0.5077224524862195,-0.5077224524862195,-0.5077224524862195,-0.5077224524862195,-0.5077224524862195,1.969566382794139,-0.5077224524862195,-0.5077224524862195,-0.5077224524862195,-0.5077224524862195,-0.5077224524862195,-0.5077224524862195,-0.5077224524862195,1.969566382794139,-0.5077224524862195,-0.5077224524862195,-0.5077224524862195,-0.5077224524862195,-0.5077224524862195,-0.5077224524862195,-0.5077224524862195,-0.5077224524862195,-0.5077224524862195,-0.5077224524862195,-0.5077224524862195,-0.5077224524862195,-0.5077224524862195,-0.5077224524862195,-0.5077224524862195,-0.5077224524862195,-0.5077224524862195,-0.5077224524862195,-0.5077224524862195,-0.5077224524862195,-0.5077224524862195,-0.5077224524862195,-0.5077224524862195,-0.5077224524862195,-0.5077224524862195,1.969566382794139,-0.5077224524862195,-0.5077224524862195,-0.5077224524862195,1.969566382794139,-0.5077224524862195,-0.5077224524862195,-0.5077224524862195,-0.5077224524862195,-0.5077224524862195,-0.5077224524862195,-0.5077224524862195,-0.5077224524862195,-0.5077224524862195,-0.5077224524862195,-0.5077224524862195,-0.5077224524862195,-0.5077224524862195,-0.5077224524862195,-0.5077224524862195,-0.5077224524862195,-0.5077224524862195,-0.5077224524862195,-0.5077224524862195,-0.5077224524862195,-0.5077224524862195,-0.5077224524862195,-0.5077224524862195,-0.5077224524862195,-0.5077224524862195,-0.5077224524862195,-0.5077224524862195,-0.5077224524862195,-0.5077224524862195,1.969566382794139,-0.5077224524862195,-0.5077224524862195,-0.5077224524862195,-0.5077224524862195,-0.5077224524862195,1.969566382794139,-0.5077224524862195,-0.5077224524862195,-0.5077224524862195,-0.5077224524862195,-0.5077224524862195,1.969566382794139,-0.5077224524862195,-0.5077224524862195,-0.5077224524862195,-0.5077224524862195,-0.5077224524862195,1.969566382794139,-0.5077224524862195,-0.5077224524862195,-0.5077224524862195,-0.5077224524862195,1.969566382794139,-0.5077224524862195,-0.5077224524862195,1.969566382794139,-0.5077224524862195,-0.5077224524862195,-0.5077224524862195,-0.5077224524862195,1.969566382794139,-0.5077224524862195,-0.5077224524862195,1.969566382794139,-0.5077224524862195,-0.5077224524862195,-0.5077224524862195,-0.5077224524862195,-0.5077224524862195,-0.5077224524862195,-0.5077224524862195,-0.5077224524862195,-0.5077224524862195,-0.5077224524862195,-0.5077224524862195,-0.5077224524862195,-0.5077224524862195,-0.5077224524862195,-0.5077224524862195,-0.5077224524862195,-0.5077224524862195,-0.5077224524862195,-0.5077224524862195,-0.5077224524862195,-0.5077224524862195,-0.5077224524862195,-0.5077224524862195,1.969566382794139,-0.5077224524862195,-0.5077224524862195,-0.5077224524862195,-0.5077224524862195,-0.5077224524862195,-0.5077224524862195,-0.5077224524862195,1.969566382794139,-0.5077224524862195,-0.5077224524862195,-0.5077224524862195,-0.5077224524862195,-0.5077224524862195,-0.5077224524862195,-0.5077224524862195,-0.5077224524862195,-0.5077224524862195,-0.5077224524862195,-0.5077224524862195,-0.5077224524862195,1.969566382794139,-0.5077224524862195,-0.5077224524862195,-0.5077224524862195,-0.5077224524862195,-0.5077224524862195,-0.5077224524862195,-0.5077224524862195,-0.5077224524862195,-0.5077224524862195,-0.5077224524862195,-0.5077224524862195,-0.5077224524862195,-0.5077224524862195,-0.5077224524862195,-0.5077224524862195,-0.5077224524862195,-0.5077224524862195,-0.5077224524862195,-0.5077224524862195,-0.5077224524862195,-0.5077224524862195,-0.5077224524862195,-0.5077224524862195,-0.5077224524862195,-0.5077224524862195,-0.5077224524862195,-0.5077224524862195,-0.5077224524862195,-0.5077224524862195,-0.5077224524862195,-0.5077224524862195,-0.5077224524862195,-0.5077224524862195,-0.5077224524862195,-0.5077224524862195,-0.5077224524862195,-0.5077224524862195,-0.5077224524862195,-0.5077224524862195,-0.5077224524862195,-0.5077224524862195,-0.5077224524862195,-0.5077224524862195,-0.5077224524862195,-0.5077224524862195,-0.5077224524862195,-0.5077224524862195,-0.5077224524862195,-0.5077224524862195,-0.5077224524862195,-0.5077224524862195,-0.5077224524862195,-0.5077224524862195,1.969566382794139,-0.5077224524862195
-0.8700053950135924,-0.8700053950135924,-0.8700053950135924,-0.8700053950135924,-0.8700053950135924,-0.8700053950135924,-0.8700053950135924,-0.8700053950135924,-0.8700053950135924,-0.8700053950135924,-0.8700053950135924,-0.8700053950135924,-0.8700053950135924,-0.8700053950135924,-0.8700053950135924,-0.8700053950135924,-0.8700053950135924,-0.8700053950135924,-0.8700053950135924,-0.8700053950135924,-0.8700053950135924,-0.8700053950135924,-0.8700053950135924,-0.8700053950135924,-0.8700053950135924,-0.8700053950135924,-0.8700053950135924,-0.8700053950135924,-0.8700053950135924,-0.8700053950135924,-0.8700053950135924,-0.8700053950135924,-0.8700053950135924,-0.8700053950135924,-0.8700053950135924,-0.8700053950135924,-0.8700053950135924,-0.8700053950135924,-0.8700053950135924,-0.8700053950135924,-0.8700053950135924,-0.8700053950135924,-0.8700053950135924,-0.8700053950135924,-0.8700053950135924,-0.8700053950135924,-0.8700053950135924,-0.8700053950135924,-0.8700053950135924,-0.8700053950135924,-0.8700053950135924,-0.8700053950135924,-0.8700053950135924,-0.8700053950135924,-0.8700053950135924,-0.8700053950135924,-0.8700053950135924,-0.8700053950135924,-0.8700053950135924,-0.8700053950135924,-0.8700053950135924,-0.8700053950135924,-0.8700053950135924,-0.8700053950135924,-0.8700053950135924,-0.8700053950135924,-0.8700053950135924,-0.8700053950135924,-0.8700053950135924,-0.8700053950135924,-0.8700053950135924,-0.8700053950135924,-0.8700053950135924,-0.8700053950135924,-0.8700053950135924,0.6418381225302304,-0.8700053950135924,-0.8700053950135924,-0.8700053950135924,-0.8700053950135924,-0.8700053950135924,-0.8700053950135924,-0.8700053950135924,-0.660920653225617,-0.660920653225617,-0.8700053950135924,-0.8700053950135924,-0.8700053950135924,-0.8700053950135924,-0.8700053950135924,-0.8700053950135924,-0.8700053950135924,-0.8700053950135924,-0.8700053950135924,-0.8700053950135924,-0.8700053950135924,-0.8700053950135924,-0.8700053950135924,-0.8700053950135924,-0.1803925624497435,-0.1803925624497435,-0.8700053950135924,-0.8700053950135924,-0.8700053950135924,-0.8700053950135924,-0.8700053950135924,-0.8700053950135924,-0.8700053950135924,-0.8700053950135924,-0.8700053950135924,-0.8700053950135924,-0.8700053950135924,-0.8700053950135924,-0.8700053950135924,-0.8700053950135924,-0.8700053950135924,-0.8700053950135924,-0.8700053950135924,-0.8700053950135924,-0.8700053950135924,-0.8700053950135924,0.2693549370484189,-0.8700053950135924,-0.8700053950135924,-0.8700053950135924,-0.8700053950135924,-0.8115114493943374,-0.8700053950135924,-0.8700053950135924,-0.8700053950135924,-0.8700053950135924,-0.8700053950135924,-0.8131362812170945,-0.6747673248672047,-0.8700053950135924,-0.8197394980108567,-0.8700053950135924,-0.8700053950135924,-0.8513406602291007,-0.8700053950135924,-0.8556698984942127,-0.8700053950135924,-0.7940988131761278,-0.8700053950135924,-0.8700053950135924,-0.8700053950135924,-0.8700053950135924,-0.8700053950135924,-0.8700053950135924,-0.7415481026732677,-0.8700053950135924,-0.8700053950135924,-0.8700053950135924,-0.8700053950135924,-0.8700053950135924,-0.8700053950135924,-0.8700053950135924,-0.8700053950135924,-0.8700053950135924,-0.8700053950135924,-0.8700053950135924,-0.8700053950135924,-0.8700053950135924,-0.8700053950135924,-0.8700053950135924,-0.8700053950135924,-0.8700053950135924,-0.8700053950135924,2.40565555966469,-0.8700053950135924,-0.8700053950135924,-0.8700053950135924,2.40565555966469,-0.8700053950135924,-0.8700053950135924,-0.8700053950135924,2.40565555966469,-0.8700053950135924,-0.8700053950135924,-0.35279577059070577,-0.8700053950135924,-0.8700053950135924,-0.8700053950135924,-0.8700053950135924,-0.8700053950135924,-0.8700053950135924,-0.8700053950135924,-0.8700053950135924,-0.8700053950135924,-0.8270459070833854,-0.8700053950135924,-0.8700053950135924,-0.8700053950135924,-0.8700053950135924,-0.8700053950135924,-0.8700053950135924,-0.8700053950135924,-0.8270459070833854,-0.8700053950135924,-0.8700053950135924,-0.8700053950135924,-0.8700053950135924,-0.8700053950135924,-0.8700053950135924,-0.8700053950135924,-0.8700053950135924,-0.8700053950135924,-0.8700053950135924,-0.8700053950135924,-0.8700053950135924,-0.8700053950135924,-0.8700053950135924,-0.8700053950135924,-0.8700053950135924,-0.8700053950135924,-0.8700053950135924,-0.8700053950135924,-0.8700053950135924,-0.8700053950135924,-0.8700053950135924,-0.8700053950135924,-0.8700053950135924,-0.8700053950135924,-0.8130373784104918,-0.8700053950135924,-0.8700053950135924,-0.8700053950135924,-0.8130373784104918,-0.8700053950135924,-0.8700053950135924,-0.8700053950135924,-0.8700053950135924,-0.8700053950135924,-0.8700053950135924,-0.8700053950135924,-0.8700053950135924,-0.8700053950135924,-0.8700053950135924,-0.8700053950135924,-0.8700053950135924,-0.8700053950135924,-0.8700053950135924,-0.8700053950135924,-0.8700053950135924,-0.8700053950135924,-0.8700053950135924,-0.8700053950135924,-0.8700053950135924,-0.8700053950135924,-0.8700053950135924,-0.8700053950135924,-0.8700053950135924,-0.8700053950135924,-0.8700053950135924,-0.8700053950135924,-0.8700053950135924,-0.8700053950135924,-0.8280097417484862,-0.8700053950135924,-0.8700053950135924,-0.8700053950135924,-0.8700053950135924,-0.8700053950135924,-0.8280097417484862,-0.8700053950135924,-0.8700053950135924,-0.8700053950135924,-0.8700053950135924,-0.8700053950135924,-0.826619157203284,-0.8700053950135924,-0.8700053950135924,-0.8700053950135924,-0.8700053950135924,-0.8700053950135924,-0.826619157203284,-0.8700053950135924,-0.8700053950135924,-0.8700053950135924,-0.8700053950135924,-0.3660575558323182,-0.8700053950135924,-0.8700053950135924,-0.8487348693338633,-0.8700053950135924,-0.8700053950135924,-0.8700053950135924,-0.8700053950135924,-0.3660575558323182,-0.8700053950135924,-0.8700053950135924,-0.8487348693338633,-0.8700053950135924,-0.8700053950135924,-0.8700053950135924,-0.8700053950135924,-0.8700053950135924,-0.8700053950135924,-0.8700053950135924,-0.8700053950135924,-0.8700053950135924,-0.8700053950135924,-0.8700053950135924,-0.8700053950135924,-0.8700053950135924,-0.8700053950135924,-0.8700053950135924,-0.8700053950135924,-0.8700053950135924,-0.8700053950135924,-0.8700053950135924,-0.8700053950135924,-0.8700053950135924,-0.8700053950135924,-0.8700053950135924,-0.8285413322961458,-0.8700053950135924,-0.8700053950135924,-0.8700053950135924,-0.8700053950135924,-0.8700053950135924,-0.8700053950135924,-0.8700053950135924,-0.8285413322961458,-0.8700053950135924,-0.8700053950135924,-0.8700053950135924,-0.8700053950135924,-0.8700053950135924,-0.8700053950135924,-0.8700053950135924,-0.8700053950135924,-0.8700053950135924,-0.8700053950135924,-0.8700053950135924,-0.8700053950135924,-0.27443067598117743,-0.8700053950135924,-0.8700053950135924,-0.8700053950135924,-0.8700053950135924,-0.8700053950135924,-0.8700053950135924,-0.8700053950135924,-0.8700053950135924,-0.8700053950135924,-0.8700053950135924,-0.8700053950135924,-0.8700053950135924,-0.8700053950135924,-0.8700053950135924,-0.8700053950135924,-0.8700053950135924,-0.8700053950135924,-0.8700053950135924,-0.8700053950135924,-0.8700053950135924,-0.8700053950135924,-0.8700053950135924,-0.8700053950135924,-0.8700053950135924,-0.8700053950135924,-0.8700053950135924,-0.8700053950135924,-0.8700053950135924,-0.8700053950135924,-0.8700053950135924,-0.8700053950135924,-0.8700053950135924,-0.8700053950135924,-0.8700053950135924,-0.8700053950135924,-0.8700053950135924,-0.8700053950135924,-0.8700053950135924,-0.8700053950135924,-0.8700053950135924,-0.8700053950135924,-0.8700053950135924,-0.8700053950135924,-0.8700053950135924,-0.8700053950135924,-0.8700053950135924,-0.8700053950135924,-0.8700053950135924,-0.8700053950135924,-0.8700053950135924,-0.8700053950135924,-0.8700053950135924,-0.8700053950135924,-0.27443067598117743,-0.8700053950135924
-0.3965873381778338,-1.0183565364195493,-0.797640857572655,-0.7033676826920172,-0.3327510165778624,-0.797640857572655,-1.096933728981207,-0.0637760259906795,-0.6173030170247277,-1.096933728981207,-1.0183565364195493,-1.096933728981207,-1.096933728981207,-1.096933728981207,-1.0183565364195493,-0.7033676826920172,-0.0637760259906795,-0.3965873381778338,-0.16277054484031625,-0.3965873381778338,0.10868034111592541,-0.3965873381778338,-0.4648295453855011,-0.0637760259906795,-0.3965873381778338,-1.096933728981207,-0.538131199345661,-1.0183565364195493,-1.096933728981207,-1.0183565364195493,-0.11203533773096849,-1.096933728981207,-1.096933728981207,-1.0183565364195493,-0.6173030170247277,-1.096933728981207,-0.901855017471593,-0.2727860098355923,-0.538131199345661,-1.096933728981207,-0.797640857572655,-0.6173030170247277,-1.096933728981207,-0.2727860098355923,-0.901855017471593,-1.096933728981207,-0.7033676826920172,-0.901855017471593,-0.797640857572655,-1.096933728981207,-1.096933728981207,-0.7033676826920172,-0.21624949762990653,-1.096933728981207,-1.096933728981207,-0.6173030170247277,-0.3965873381778338,-0.901855017471593,-1.096933728981207,-0.901855017471593,-1.096933728981207,-0.797640857572655,-0.4648295453855011,-0.3327510165778624,-0.6173030170247277,-1.096933728981207,-0.6173030170247277,-0.3965873381778338,0.026205950473936392,-1.096933728981207,-0.797640857572655,-1.096933728981207,-0.901855017471593,-0.017762162850330287,-0.7033676826920172,-0.538131199345661,-0.901855017471593,-1.096933728981207,-0.3965873381778338,-0.2727860098355923,-0.2727860098355923,0.25548548960086465,0.25548548960086465,0.7330836812166751,0.7330836812166751,0.7942858609576123,0.7942858609576123,0.9579994499562016,0.9579994499562016,-0.21624949762990653,0.5979941312604431,-0.21624949762990653,0.5979941312604431,0.7118114703156233,0.7118114703156233,0.3528545032638245,0.3528545032638245,-0.6173030170247277,-0.6173030170247277,-0.16277054484031625,-0.16277054484031625,0.32145124083595084,0.32145124083595084,1.4395135425003327,1.4395135425003327,0.06830250281695922,0.06830250281695922,-0.11203533773096849,-0.11203533773096849,1.3074350136926938,1.3074350136926938,0.6451039720015455,0.6451039720015455,-0.538131199345661,-0.2727860098355923,-0.21624949762990653,0.026205950473936392,-1.096933728981207,-0.7033676826920172,-0.2727860098355923,0.25548548960086465,0.026205950473936392,0.41281951000609457,-0.11203533773096849,-0.3327510165778624,1.3307094918432318,1.5919870141395591,-1.096933728981207,1.6602292213472265,-0.3327510165778624,0.1848040217649151,-0.538131199345661,1.4395135425003327,1.1953393803524335,-0.538131199345661,1.8704253214638973,-0.538131199345661,1.469950395780999,1.3421445288373728,-0.538131199345661,1.609494014237879,-0.538131199345661,1.4081102800724594,1.5186853601793993,-0.538131199345661,1.5281506925395878,-1.0183565364195493,0.6900717010586743,-0.538131199345661,0.8138730294009158,-1.0183565364195493,-0.7033676826920172,1.3191407086946754,-0.3965873381778338,-1.096933728981207,-0.21624949762990653,0.7118114703156233,0.7118114703156233,0.6218294938510074,0.6218294938510074,0.7330836812166751,0.7330836812166751,0.7330836812166751,0.7330836812166751,-0.7033676826920172,-0.017762162850330287,0.3528545032638245,-1.096933728981207,-1.096933728981207,-0.3965873381778338,-1.096933728981207,-0.3327510165778624,-1.096933728981207,-0.3965873381778338,-1.096933728981207,0.06830250281695922,-1.096933728981207,-0.3965873381778338,-1.0183565364195493,0.5228349750013707,-0.4648295453855011,-0.11203533773096849,-0.6173030170247277,-1.096933728981207,-1.096933728981207,-0.7033676826920172,0.32145124083595084,-1.096933728981207,-0.901855017471593,1.4897334489033234,-0.901855017471593,-1.096933728981207,-1.096933728981207,-0.7033676826920172,0.32145124083595084,-1.096933728981207,-0.901855017471593,1.4897334489033234,-0.901855017471593,-1.096933728981207,-1.096933728981207,-0.2727860098355923,0.10868034111592541,-1.096933728981207,-1.096933728981207,-1.096933728981207,-0.538131199345661,1.8336742139069309,-1.096933728981207,-0.901855017471593,-1.096933728981207,-1.096933728981207,-0.2727860098355923,0.10868034111592541,-1.096933728981207,-1.096933728981207,-1.096933728981207,-0.538131199345661,1.8336742139069309,-1.096933728981207,-0.901855017471593,-1.096933728981207,0.4414916533030797,0.9238884943961923,-0.901855017471593,-1.096933728981207,0.4414916533030797,0.9238884943961923,-0.901855017471593,-0.7033676826920172,0.8519207849180238,-1.096933728981207,-0.901855017471593,0.9909731594196948,-0.901855017471593,-0.7033676826920172,0.8519207849180238,-1.096933728981207,-0.901855017471593,0.9909731594196948,-0.901855017471593,-0.7033676826920172,1.4081102800724594,-1.096933728981207,-0.538131199345661,1.8704253214638973,-0.901855017471593,-0.7033676826920172,1.4081102800724594,-1.096933728981207,-0.538131199345661,1.8704253214638973,-0.901855017471593,-0.7033676826920172,1.4395135425003327,-1.096933728981207,-0.3965873381778338,1.5186853601793993,-0.901855017471593,-0.7033676826920172,1.4395135425003327,-1.096933728981207,-0.3965873381778338,1.5186853601793993,-0.901855017471593,-0.797640857572655,0.6218294938510074,-1.096933728981207,-0.3965873381778338,1.1953393803524335,-0.901855017471593,-0.797640857572655,0.6218294938510074,-1.096933728981207,-0.3965873381778338,1.1953393803524335,-0.901855017471593,-1.096933728981207,-1.096933728981207,-0.901855017471593,0.14747432049602588,-1.096933728981207,-0.797640857572655,1.8704253214638973,-0.901855017471593,-1.096933728981207,-1.096933728981207,-0.901855017471593,0.14747432049602588,-1.096933728981207,-0.797640857572655,1.8704253214638973,-0.901855017471593,-1.096933728981207,-1.096933728981207,-0.2727860098355923,-0.797640857572655,-1.096933728981207,-0.3327510165778624,1.4994785492426022,-0.901855017471593,-1.096933728981207,-1.096933728981207,-0.2727860098355923,-0.797640857572655,-1.096933728981207,-0.3327510165778624,1.4994785492426022,-0.901855017471593,-0.901855017471593,-1.096933728981207,0.3528545032638245,0.4414916533030797,-1.096933728981207,-0.6173030170247277,1.5281506925395878,-0.901855017471593,-0.901855017471593,-1.096933728981207,0.3528545032638245,0.4414916533030797,-1.096933728981207,-0.6173030170247277,1.5281506925395878,-0.901855017471593,-0.901855017471593,-0.4648295453855011,0.6218294938510074,0.10868034111592541,0.49645688688845147,-1.0183565364195493,0.8138730294009158,-0.2727860098355923,1.1411274748183142,0.38329135654449087,-1.096933728981207,-0.017762162850330287,-1.096933728981207,-0.901855017471593,-1.0183565364195493,-0.797640857572655,-0.7033676826920172,-0.3327510165778624,-0.797640857572655,-1.096933728981207,-0.0637760259906795,-0.6173030170247277,-0.7033676826920172,-1.0183565364195493,-1.096933728981207,-1.096933728981207,-1.096933728981207,-1.096933728981207,-0.2727860098355923,-1.096933728981207,-0.7033676826920172,-0.901855017471593,-0.797640857572655,-1.096933728981207,-1.096933728981207,-0.7033676826920172,-0.21624949762990653,-0.901855017471593,-1.0183565364195493,-0.6173030170247277,-1.096933728981207,-0.901855017471593,-0.3327510165778624,-0.538131199345661,-1.096933728981207,-0.6173030170247277,-0.797640857572655,-1.096933728981207,0.14747432049602588,-0.6173030170247277,-0.797640857572655,-1.096933728981207,-0.4648295453855011,-0.3327510165778624,-0.6173030170247277,-1.096933728981207,-0.901855017471593,-1.096933728981207,-1.096933728981207,-0.3327510165778624,-0.7033676826920172,-0.21624949762990653,-0.3965873381778338,-0.11203533773096849,-1.096933728981207,-0.017762162850330287,-0.797640857572655
-1.0,-1.0,-1.0,-1.0,-1.0,-1.0,-1.0,-1.0,-1.0,-1.0,-1.0,-1.0,-1.0,-1.0,-1.0,-1.0,-1.0,-1.0,-1.0,-1.0,-1.0,-1.0,-1.0,-1.0,-1.0,-1.0,-1.0,-1.0,-1.0,-1.0,-1.0,-1.0,-1.0,-1.0,-1.0,-1.0,-1.0,-1.0,-1.0,-1.0,-1.0,-1.0,-1.0,-1.0,-1.0,-1.0,-1.0,-1.0,-1.0,-1.0,-1.0,-1.0,-1.0,-1.0,-1.0,-1.0,-1.0,-1.0,-1.0,-1.0,-1.0,-1.0,-1.0,-1.0,-1.0,-1.0,-1.0,-1.0,-1.0,-1.0,-1.0,-1.0,-1.0,-1.0,-1.0,-1.0,-1.0,-1.0,-1.0,-1.0,-1.0,-1.0,-1.0,-1.0,-1.0,-1.0,-1.0,-1.0,-1.0,-1.0,-1.0,-1.0,-1.0,-1.0,-1.0,-1.0,-1.0,1.0,1.0,-1.0,-1.0,-1.0,-1.0,-1.0,-1.0,-1.0,-1.0,-1.0,-1.0,-1.0,-1.0,-1.0,-1.0,-1.0,-1.0,-1.0,-1.0,-1.0,-1.0,-1.0,-1.0,-1.0,-1.0,-1.0,-1.0,-1.0,1.0,-1.0,1.0,-1.0,-1.0,-1.0,1.0,1.0,-1.0,1.0,-1.0,1.0,1.0,-1.0,1.0,-1.0,1.0,1.0,-1.0,1.0,-1.0,1.0,-1.0,1.0,-1.0,-1.0,-1.0,-1.0,-1.0,-1.0,-1.0,-1.0,-1.0,-1.0,-1.0,-1.0,-1.0,-1.0,-1.0,1.0,1.0,-1.0,-1.0,-1.0,-1.0,-1.0,-1.0,-1.0,-1.0,-1.0,-1.0,-1.0,-1.0,-1.0,-1.0,-1.0,-1.0,-1.0,-1.0,-1.0,-1.0,-1.0,1.0,1.0,-1.0,-1.0,-1.0,-1.0,-1.0,-1.0,1.0,1.0,-1.0,-1.0,-1.0,-1.0,-1.0,-1.0,1.0,-1.0,-1.0,1.0,-1.0,-1.0,-1.0,-1.0,-1.0,-1.0,-1.0,1.0,-1.0,-1.0,1.0,-1.0,-1.0,-1.0,-1.0,1.0,-1.0,-1.0,-1.0,1.0,-1.0,-1.0,-1.0,-1.0,1.0,1.0,-1.0,-1.0,-1.0,-1.0,1.0,1.0,-1.0,-1.0,-1.0,-1.0,-1.0,-1.0,-1.0,-1.0,-1.0,-1.0,-1.0,-1.0,-1.0,-1.0,-1.0,-1.0,-1.0,1.0,-1.0,-1.0,-1.0,-1.0,-1.0,1.0,-1.0,-1.0,1.0,-1.0,-1.0,1.0,-1.0,-1.0,1.0,-1.0,-1.0,1.0,-1.0,-1.0,-1.0,-1.0,-1.0,-1.0,-1.0,1.0,-1.0,-1.0,-1.0,-1.0,-1.0,-1.0,-1.0,1.0,-1.0,-1.0,-1.0,-1.0,1.0,-1.0,-1.0,1.0,-1.0,-1.0,-1.0,-1.0,1.0,-1.0,-1.0,1.0,-1.0,-1.0,-1.0,-1.0,-1.0,-1.0,-1.0,1.0,-1.0,-1.0,-1.0,-1.0,-1.0,-1.0,-1.0,1.0,-1.0,-1.0,-1.0,-1.0,-1.0,-1.0,-1.0,-1.0,-1.0,-1.0,-1.0,-1.0,-1.0,-1.0,-1.0,-1.0,-1.0,-1.0,-1.0,-1.0,-1.0,-1.0,-1.0,-1.0,-1.0,-1.0,-1.0,-1.0,-1.0,-1.0,-1.0,-1.0,-1.0,-1.0,-1.0,-1.0,-1.0,-1.0,-1.0,-1.0,-1.0,-1.0,-1.0,-1.0,-1.0,-1.0,-1.0,-1.0,-1.0,-1.0,-1.0,-1.0,-1.0,-1.0,-1.0,-1.0,-1.0,-1.0,-1.0,-1.0,-1.0,-1.0,-1.0,-1.0,-1.0,-1.0,-1.0,-1.0
-1.7347759689787245,-1.7280447447895135,-1.7253328846845075,-1.7229046630088518,-1.7203657531656444,-1.7179721215423487,-1.7156891780866037,-1.7130880061491491,-1.710666702483965,-1.7083630049968042,-1.7060731435305876,-1.7038178721167307,-1.701223618189748,-1.6989891008073068,-1.6957791439483203,-1.6924654169322542,-1.6892900501256274,-1.6856165865650194,-1.6824619737898086,-1.679362705098373,-1.676083568134667,-1.6729427913803998,-1.669891948762268,-1.6663568454110997,-1.6632437406987204,-1.6600130298083178,-1.6570244492844335,-1.654423277346979,-1.6519120395456597,-1.6493869657233966,-1.6465990075031989,-1.6439909175552723,-1.6415350238377286,-1.638331984989214,-1.6356339609051518,-1.6332057392294959,-1.629566865721248,-1.6249594707469268,-1.6219155461392671,-1.619487324463611,-1.6167616283376613,-1.6139805881279359,-1.6108536473946127,-1.607934246975448,-1.6054506812160165,-1.603098557655552,-1.6006772539903682,-1.5982628683356561,-1.5958138926285845,-1.5935447851937836,-1.5912687597485107,-1.5888612921042706,-1.5862601201668158,-1.5830639993287732,-1.5797571903231793,-1.5769692321029818,-1.5744372402702467,-1.5716492820500492,-1.5689235859240993,-1.5661702177562615,-1.5639080283319327,-1.561140824143151,-1.5582629317868182,-1.5553158593257659,-1.552728523409255,-1.5503763998487905,-1.4703350186882826,-1.4689306625624758,-1.3051398466284927,-1.2455965304963845,-1.2435211273547984,-1.2406086449461056,-1.237094295626353,-1.2273883269342016,-1.2231614225358376,-1.219315008713431,-1.2143478771945684,-1.2113316246287964,-1.208356880125856,-1.1554617720572955,-1.1492770706953688,-1.100643457077532,-1.0944449196946613,-1.0452301931971804,-1.0385750671231606,-0.9865170383217066,-0.9792669633470988,-0.9262127410376834,-0.9194054187332807,-0.8720378010318116,-0.8715189502464151,-0.865050610455138,-0.8645317596697415,-0.8067871262603413,-0.7997999356836677,-0.7455488975626043,-0.7390874757817993,-0.6849056177654556,-0.6784441959846503,-0.6228994899053316,-0.6167701326271804,-0.5632939116789758,-0.5562928850813583,-0.5024085015153085,-0.4943005932421784,-0.44220797438836473,-0.4355113402515132,-0.38585386108382724,-0.3798490279941713,-0.32848971825038464,-0.32075538254273994,-0.27110482138552605,-0.26447736735339406,-0.25998066054662394,-0.2534362226401555,-0.171672256872131,-0.1704062609557634,-0.16664978126949231,-0.16379264294457535,-0.14765984252397868,-0.12923026262669304,-0.12531466869956706,-0.061253891729272966,-0.0597319294254432,-0.05943445497514924,-0.05866655581276228,-0.054716371833276364,-0.05271706680688155,-0.050108976858955045,-0.047438624816780704,-0.0470719702617672,-0.04505191120395657,-0.03614843172655202,-0.029963730364624786,-0.026041218427027123,-0.018417570886933788,-0.014100732352434366,-0.007238065964255915,-0.002644507010878726,0.0016169874398452892,0.00969722367108748,0.014470650896735757,0.022772263463080682,0.029641847861730828,0.034353012993131635,0.04365081906743756,0.052236070063132696,0.053253017602509896,0.05571582933052563,0.06176908849348512,0.10795372640425023,0.1253386867202708,0.12618960200832102,0.1288253639981354,0.1314887980298377,0.1321390910142014,0.13947218211447282,0.14410724913068204,0.15139883216812144,0.15560498253506969,0.1631663679809152,0.16770458285051698,0.1751483621183396,0.17953438075755854,0.19384082641355924,0.221416016154768,0.22291722442718193,0.25133641144596924,0.27429037019191255,0.2752519736475143,0.2782543901923422,0.2826058187792012,0.294380272602467,0.29534187605806883,0.29838580066572834,0.3033460141741194,0.3250201409827515,0.3259748264278812,0.32903950506695656,0.3341449967952588,0.33664931658610614,0.34472955281734835,0.38517224203639167,0.41087956895017264,0.41154369795548046,0.4125053014110819,0.4186208226682892,0.42139494486754264,0.42389926465839006,0.42783561261693187,0.4329549403661778,0.4591811180653558,0.45984524707066327,0.4608068505262647,0.4669085357625283,0.4696826579617817,0.4721869777526291,0.4761233257111709,0.48124265346041684,0.5067493580705116,0.507413487075819,0.5091499077042795,0.5146012999561793,0.5173339140926012,0.5198589879148644,0.5216299985956844,0.5218928829936188,0.5240374662399244,0.5262581476014219,0.5285756811095266,0.5540547136777331,0.5547188426830405,0.556455263311501,0.5618928195424571,0.5646254336788789,0.567150507501142,0.5689215181819621,0.5691844025798964,0.5713289858262021,0.5735496671876996,0.5758672006958038,0.6022248205939488,0.6067907075054385,0.6088107665632492,0.6119377072965724,0.6382676551528291,0.642819706043375,0.6448397651011857,0.6479667058345089,0.6789732287698068,0.6846598333777528,0.6875861518073895,0.6900904715982369,0.6940406555777224,0.6987449026986511,0.7297237535920612,0.7353965221790635,0.7383228406087001,0.7408271603995475,0.7447773443790334,0.7494815914999617,0.7781498268957393,0.7852892137027959,0.788575268676974,0.7909204742269665,0.7948637401959804,0.7999830679452263,0.828623631299116,0.8357491820852284,0.8390352370594065,0.841380442609399,0.8453237085784129,0.8504430363276588,0.8754170541314128,0.8826325390536609,0.8858563319335916,0.8882707175883032,0.892241655599205,0.8976377037673291,0.9225840495291955,0.9297856984304995,0.9330094913104302,0.9354238769651418,0.9393948149760436,0.9447908631441677,0.9764545970743014,0.9832411653472882,0.9863888601120273,0.9888032457667393,0.9927119216833932,0.9978243314221671,1.029460393310413,1.036233125562456,1.039380820327195,1.0417952059819071,1.045703881898561,1.050816291637335,1.0761984720589344,1.0768626010642417,1.0777826964570116,1.0831303185518324,1.0858698506987259,1.088111286091639,1.092019962008293,1.0964751607522316,1.1218296691319427,1.1224937981372507,1.1234138935300204,1.128747679603897,1.1314872117507906,1.1337286471437038,1.1376373230603578,1.1420925218042963,1.1685815839014082,1.1692457129067158,1.1703318405508125,1.1760391991901746,1.178806403378956,1.181255379086028,1.1851917270445698,1.1898683021236107,1.216329692178835,1.2169938211841422,1.218079948828239,1.2237734714466575,1.226540675635439,1.2289896513425105,1.2329259993010526,1.2376025743800936,1.2628394765817814,1.2688719817133254,1.2691556201426757,1.269681388938544,1.2724901011901575,1.27480071668779,1.2787716546986918,1.2837180321861388,1.3089272623459391,1.3149459314565395,1.3152295698858891,1.315755338681758,1.318564050933371,1.320874666431004,1.3248456044419052,1.3297919819293527,1.3336799038145908,1.3373118593123665,1.3439116413026104,1.3462291748107151,1.3516944030835591,1.3538597403612804,1.359677787168194,1.3620022386867705,1.3692108055985468,1.3717843054941137,1.419684610001923,1.4214832927246313,1.4254749847669483,1.428857891887734,1.4320886027781365,1.4350910193229645,1.4375054049776765,1.4400304787999398,1.4424102744022917,1.4446793818370927,1.4472667177536038,1.4496741853978437,1.4519917189059484,1.4542954163931088,1.4565368517860222,1.459117269692061,1.461337951053558,1.4633856821532565,1.4668723594311215,1.4693005811067772,1.4717080487510172,1.4741085983847853,1.476543738070913,1.47879900948477,1.481061198909099,1.4834548305323951,1.4868999997474281,1.4893766474963877,1.4928702427847247,1.4958588233086088,1.4982732089633204,1.5018982464506245,1.5064848873935301,1.5095080579697737,1.5119224436244858,1.5146619757713797,1.5174153439392173,1.5194976650912755,1.523212636714715,1.5261458731548232,1.528940749385493,1.5316595275009706,1.534502829804944,1.5374360662450524,1.5400095661406192,1.5420988053031492,1.5449974516908982,1.5472458050942832,1.549542584570972,1.5520261503304031,1.554198405618597,1.5626314603839089,1.5660973836303578,1.569936879442292,1.5738732274008342,1.5821194958834035,1.602617560911803
-1.1401173510421772,-1.1401040708922003,-1.1400914393327197,-1.1400765801017294,-1.1400574577792892,-1.1400360726226797,-1.1400126407380142,-1.1399823303077614,-1.1399506580592749,-1.1399174292235348,-1.1398814091747917,-1.1398430186810777,-1.1397952806760414,-1.1397510943989915,-1.139682650227757,-1.1396058468010004,-1.1395263914510942,-1.1394273190112796,-1.1393361153459884,-1.1392410006785094,-1.139134418956098,-1.139026601206329,-1.1389164998023953,-1.1387823021518129,-1.13865823947106,-1.1385236625699662,-1.1383938868823704,-1.138276799798322,-1.1381601105394876,-1.1380391624892803,-1.1379014109062413,-1.1377685450005657,-1.1376398964095653,-1.13746695590385,-1.1373167555554502,-1.1371780359650778,-1.13696387686179,-1.1366819143532556,-1.136489010696643,-1.1363313480943429,-1.136150376390921,-1.1359613757350864,-1.1357436147997437,-1.1355352880712746,-1.1353542468998277,-1.1351795532552127,-1.1349964352687747,-1.1348105208303148,-1.134618556386845,-1.134437647007332,-1.1342532446993112,-1.1340549870651162,-1.1338370732865104,-1.1335640491695773,-1.1332754553971314,-1.1330273117058647,-1.1327981204567588,-1.1325415424355143,-1.1322864213377,-1.1320244207689654,-1.1318059329163974,-1.1315347123281971,-1.1312480236534044,-1.1309495624004475,-1.1306834615716808,-1.1304382482880162,-1.120218641773729,-1.1200068132988712,-1.0876078256863704,-1.0720486629750066,-1.0714699813981035,-1.0706537677143724,-1.069662460819009,-1.066888174077698,-1.0656632398725199,-1.064539740319384,-1.0630764426499775,-1.0621810196460943,-1.0612928516895261,-1.0446597142755827,-1.0426110106877333,-1.0257429244385563,-1.02349638451525,-1.004884041802439,-1.0022614424607168,-0.9808777667244277,-0.9777774216896713,-0.9541801844407294,-0.9510365871574789,-0.9284327525473973,-0.9281780923607447,-0.9249904781364098,-0.9247337563619396,-0.8952057244729729,-0.8915041847780302,-0.8618194905446788,-0.8581724355539941,-0.8266560279744877,-0.8227861461216434,-0.7885399759197292,-0.784653427565006,-0.7498385234577031,-0.7451602211993531,-0.7082201805100746,-0.7025189504366487,-0.6649973655026941,-0.660061934609054,-0.6226686094492766,-0.6180517836035725,-0.5777263973798146,-0.5715237354253676,-0.5308956340697104,-0.5253664652313934,-0.5216007185745543,-0.5160995634896218,-0.4453170074243926,-0.4441911548443214,-0.44084514584783496,-0.4382948343887649,-0.42380742011007827,-0.4070763637249099,-0.4034967647040912,-0.34369484634978337,-0.34224568592018006,-0.34196228703605436,-0.3412304898622831,-0.33746072052370957,-0.3355493465942,-0.3330525459262518,-0.33049213218338475,-0.3301402561698353,-0.3282002476564395,-0.3196219402091904,-0.31363658316413895,-0.30982922845333555,-0.3024043681364111,-0.2981854355434452,-0.29145660015032193,-0.28693765865749693,-0.2827346581240486,-0.27473697761695554,-0.26999487494454816,-0.2617168772801166,-0.25483720111280206,-0.25010360218396627,-0.2407244863802185,-0.23202050323324874,-0.23098671504158821,-0.22848068242009803,-0.22230653478344442,-0.17451357464702164,-0.15620897317638574,-0.15530863356451846,-0.15251716368606066,-0.14969237394901863,-0.14900207231958743,-0.14120117424792886,-0.13625464507183108,-0.12844836346636135,-0.1239315585133383,-0.11578641053403706,-0.11088221845195191,-0.10281278728613712,-0.09804336965016443,-0.08241030475804445,-0.05194972722757693,-0.05027902583590653,-0.01840941380464889,0.00766671662975067,0.00876565518766581,0.012200257443814892,0.017187155135696776,0.03073510082491217,0.031845025155660935,0.03536192142525854,0.04110415239802666,0.0663595176798919,0.0674780893441439,0.07107236892500839,0.07707199068811159,0.08002031323020993,0.08955745067912638,0.13785010383229496,0.16903076614584703,0.16984127437508698,0.17101526724877955,0.17849383009129693,0.18189326700715708,0.18496584393726373,0.18980260025712595,0.19610611497875238,0.228632592692371,0.22946134283038622,0.23066174846782675,0.23829096501755417,0.24176657807955315,0.24490792250318166,0.24985276916507113,0.2562968583209688,0.28862620904863395,0.2894729241486574,0.29168791653933407,0.29865289836650727,0.3021505868292114,0.30538640288182173,0.3076580700634107,0.3079954226874707,0.31074897789756895,0.31360299618712223,0.31658447925360195,0.34956436590863477,0.35042894668786295,0.3526906503856271,0.3597842084509136,0.3633553852391245,0.3666591082254309,0.368978403283804,0.36932282567082436,0.37213405526296567,0.375047794444893,0.37809160305325756,0.41292414836483055,0.41899827844272397,0.42168940360272295,0.42585969404491403,0.4611955437307751,0.4673445496984435,0.4700770627239415,0.47431141931409676,0.516599925825079,0.5244149779013995,0.5284437586560581,0.5318954237832608,0.5373471505788718,0.5438511507014578,0.5869962118696856,0.5949559433758382,0.5990691548470424,0.6025930751028252,0.6081587733857824,0.614798501374209,0.655533814536111,0.6657510111018665,0.6704634344620503,0.6738303716366505,0.6794986440649877,0.6868706453246975,0.728388925644398,0.7387908159845077,0.7435975321530428,0.7470317646161297,0.7528131884144886,0.7603320879440515,0.7972258155596912,0.8079511790029469,0.8127527128295908,0.8163525818853229,0.8222804928878926,0.8303502138462762,0.8678723750450558,0.8787703081123369,0.8836582859082946,0.8873228951899721,0.8933572843865035,0.9015716969673437,0.9501070992284014,0.9605840102593155,0.9654522229801002,0.9691901209330512,0.9752484729241401,0.9831856961505772,1.0326325224395707,1.0432921946593485,1.0482552621922923,1.052065916913251,1.0582420556491092,1.0663333397682622,1.1067251662590722,1.1077869435875336,1.1092583620486678,1.1178198204856835,1.1222120675414258,1.1258088986604013,1.1320879854714858,1.1392556281034127,1.1802615394172877,1.1813405501502592,1.1828358440572238,1.1915135360401072,1.195976849334631,1.1996318255580647,1.2060123073815519,1.2132955223815989,1.2568320485540243,1.2579287159497716,1.2597227646035947,1.2691611147241681,1.2737439523213843,1.277803395745244,1.2843354670054772,1.2921073417308575,1.3363170933259767,1.3374317936140714,1.3392553335605877,1.3488253749172319,1.3534833277933505,1.3576092482390387,1.3642481709835117,1.3721469905302375,1.4149872223572293,1.4252811754163004,1.4257656894722386,1.42666393408904,1.4314651143295598,1.4354182170530763,1.4422189649293589,1.4507028212546413,1.4941569742840262,1.50458503413413,1.5050769797038563,1.505988999809633,1.5108637701623044,1.5148774125347357,1.5217822016040612,1.5303956562795644,1.5371757181156445,1.5435171714282139,1.555059698219165,1.5591187676587472,1.5687029955291847,1.5725049888325247,1.5827337748829529,1.5868258057642117,1.5995355121328632,1.6040801083238645,1.6893556715582163,1.6925832330268122,1.6997525086404082,1.70583546994816,1.7116508354425848,1.7170605861737962,1.721414542086668,1.7259716526328204,1.7302698921549773,1.73437121294557,1.739051291680266,1.743409436399387,1.7476078904036776,1.751784305993373,1.7558507421598164,1.7605357018227392,1.7645705618528718,1.768293665674741,1.7746384912959219,1.7790612929201812,1.7834496029555447,1.7878285846394255,1.7922740122240037,1.796394092075738,1.80052971590499,1.804908804614536,1.811217374376707,1.8157566207269091,1.8221656780626487,1.827653785841361,1.8320911745806265,1.8387598399137803,1.8472081923765293,1.8527832555752357,1.8572393844063138,1.862299636862749,1.867389746390627,1.8712421646623414,1.8781212072486084,1.8835582492657423,1.888743379022688,1.8937915917654433,1.89907551698822,1.9045313913855397,1.9093221785563217,1.913214243366241,1.9186182720141807,1.922813231388983,1.9271015119315096,1.9317419138641638,1.9358035254524468,1.951596803600468,1.9580994504641513,1.9653109567040172,1.9727130777889597,1.9882483703479432,2.0270325710939527
-1.0,-1.0,-1.0,-1.0,-1.0,-1.0,-1.0,-1.0,-1.0,-1.0,-1.0,-1.0,-1.0,-1.0,-1.0,-1.0,-1.0,-1.0,-1.0,-1.0,-1.0,-1.0,-1.0,-1.0,-1.0,-1.0,-1.0,-1.0,-1.0,-1.0,-1.0,-1.0,-1.0,-1.0,-1.0,-1.0,-1.0,-1.0,-1.0,-1.0,-1.0,-1.0,-1.0,-1.0,-1.0,-1.0,-1.0,-1.0,-1.0,1.0,-1.0,-1.0,-1.0,-1.0,-1.0,-1.0,-1.0,-1.0,-1.0,-1.0,-1.0,-1.0,-1.0,-1.0,-1.0,-1.0,-1.0,-1.0,-1.0,-1.0,-1.0,1.0,-1.0,-1.0,-1.0,-1.0,-1.0,1.0,-1.0,-1.0,-1.0,-1.0,-1.0,-1.0,-1.0,-1.0,-1.0,-1.0,-1.0,-1.0,-1.0,-1.0,-1.0,-1.0,-1.0,-1.0,-1.0,-1.0,-1.0,1.0,1.0,-1.0,-1.0,-1.0,-1.0,1.0,1.0,-1.0,-1.0,-1.0,-1.0,-1.0,-1.0,-1.0,-1.0,-1.0,-1.0,-1.0,-1.0,-1.0,-1.0,-1.0,-1.0,-1.0,-1.0,1.0,-1.0,-1.0,-1.0,-1.0,-1.0,-1.0,1.0,1.0,-1.0,-1.0,-1.0,1.0,1.0,-1.0,1.0,-1.0,1.0,1.0,-1.0,1.0,-1.0,1.0,-1.0,-1.0,-1.0,-1.0,1.0,-1.0,-1.0,-1.0,-1.0,-1.0,-1.0,-1.0,-1.0,-1.0,-1.0,-1.0,-1.0,1.0,1.0,-1.0,-1.0,-1.0,-1.0,-1.0,-1.0,-1.0,-1.0,-1.0,-1.0,-1.0,-1.0,-1.0,-1.0,-1.0,-1.0,-1.0,-1.0,-1.0,-1.0,-1.0,-1.0,1.0,-1.0,-1.0,-1.0,-1.0,-1.0,-1.0,-1.0,1.0,-1.0,-1.0,-1.0,-1.0,-1.0,-1.0,-1.0,-1.0,-1.0,-1.0,1.0,-1.0,-1.0,-1.0,-1.0,-1.0,-1.0,-1.0,-1.0,-1.0,-1.0,1.0,-1.0,-1.0,-1.0,1.0,-1.0,-1.0,-1.0,1.0,-1.0,-1.0,-1.0,-1.0,-1.0,1.0,-1.0,-1.0,-1.0,-1.0,-1.0,1.0,-1.0,-1.0,-1.0,-1.0,-1.0,1.0,-1.0,-1.0,-1.0,-1.0,-1.0,1.0,-1.0,-1.0,-1.0,-1.0,-1.0,1.0,-1.0,-1.0,-1.0,-1.0,-1.0,1.0,-1.0,-1.0,-1.0,-1.0,-1.0,1.0,-1.0,-1.0,-1.0,-1.0,-1.0,1.0,-1.0,-1.0,-1.0,-1.0,-1.0,-1.0,-1.0,1.0,-1.0,-1.0,-1.0,-1.0,-1.0,-1.0,-1.0,1.0,-1.0,-1.0,-1.0,-1.0,-1.0,-1.0,-1.0,1.0,-1.0,-1.0,-1.0,-1.0,-1.0,-1.0,-1.0,1.0,-1.0,-1.0,-1.0,-1.0,1.0,-1.0,-1.0,1.0,-1.0,-1.0,-1.0,-1.0,1.0,-1.0,-1.0,1.0,-1.0,-1.0,-1.0,-1.0,-1.0,1.0,-1.0,-1.0,-1.0,-1.0,-1.0,1.0,-1.0,-1.0,-1.0,-1.0,-1.0,-1.0,-1.0,-1.0,-1.0,-1.0,-1.0,-1.0,-1.0,-1.0,-1.0,-1.0,-1.0,-1.0,-1.0,-1.0,-1.0,-1.0,1.0,-1.0,-1.0,-1.0,-1.0,-1.0,-1.0,-1.0,-1.0,-1.0,-1.0,-1.0,-1.0,-1.0,-1.0,-1.0,-1.0,-1.0,-1.0,-1.0,-1.0,-1.0,-1.0,-1.0,-1.0,-1.0,-1.0,-1.0,-1.0,-1.0,-1.0,-1.0,-1.0,1.0
-1.0,-1.0,-1.0,-1.0,-1.0,-1.0,-1.0,-1.0,-1.0,-1.0,-1.0,-1.0,-1.0,-1.0,-1.0,-1.0,-1.0,-1.0,-1.0,-1.0,-1.0,-1.0,-1.0,-1.0,-1.0,-1.0,-1.0,-1.0,-1.0,-1.0,-1.0,-1.0,-1.0,-1.0,-1.0,-1.0,-1.0,-1.0,-1.0,-1.0,-1.0,-1.0,-1.0,-1.0,-1.0,-1.0,-1.0,-1.0,-1.0,-1.0,-1.0,-1.0,-1.0,-1.0,-1.0,-1.0,-1.0,-1.0,-1.0,-1.0,-1.0,-1.0,-1.0,-1.0,-1.0,-1.0,-1.0,-1.0,-1.0,-1.0,-1.0,-1.0,-1.0,-1.0,-1.0,-1.0,-1.0,-1.0,-1.0,-1.0,-1.0,-1.0,-1.0,-1.0,-1.0,-1.0,-1.0,-1.0,-1.0,-1.0,-1.0,-1.0,-1.0,-1.0,-1.0,-1.0,-1.0,-1.0,-1.0,1.0,1.0,-1.0,-1.0,-1.0,-1.0,1.0,1.0,-1.0,-1.0,-1.0,-1.0,-1.0,-1.0,-1.0,-1.0,-1.0,-1.0,-1.0,-1.0,-1.0,-1.0,-1.0,-1.0,-1.0,-1.0,-1.0,-1.0,-1.0,-1.0,-1.0,-1.0,-1.0,-1.0,-1.0,-1.0,-1.0,-1.0,-1.0,-1.0,-1.0,-1.0,-1.0,-1.0,-1.0,-1.0,-1.0,-1.0,-1.0,-1.0,-1.0,-1.0,-1.0,-1.0,-1.0,-1.0,-1.0,-1.0,-1.0,-1.0,-1.0,-1.0,-1.0,-1.0,-1.0,-1.0,-1.0,-1.0,-1.0,-1.0,-1.0,-1.0,-1.0,-1.0,-1.0,-1.0,-1.0,-1.0,-1.0,-1.0,-1.0,-1.0,-1.0,-1.0,-1.0,-1.0,-1.0,-1.0,-1.0,-1.0,-1.0,-1.0,-1.0,-1.0,-1.0,-1.0,-1.0,-1.0,-1.0,-1.0,-1.0,-1.0,-1.0,-1.0,-1.0,-1.0,-1.0,-1.0,-1.0,-1.0,-1.0,-1.0,-1.0,-1.0,-1.0,-1.0,-1.0,-1.0,-1.0,-1.0,-1.0,-1.0,-1.0,-1.0,-1.0,-1.0,-1.0,-1.0,-1.0,-1.0,-1.0,-1.0,-1.0,-1.0,-1.0,-1.0,-1.0,-1.0,-1.0,-1.0,-1.0,-1.0,-1.0,-1.0,-1.0,-1.0,-1.0,-1.0,-1.0,-1.0,-1.0,-1.0,-1.0,-1.0,-1.0,-1.0,-1.0,-1.0,-1.0,-1.0,-1.0,-1.0,-1.0,-1.0,-1.0,-1.0,-1.0,-1.0,-1.0,-1.0,-1.0,-1.0,-1.0,-1.0,-1.0,-1.0,-1.0,-1.0,-1.0,-1.0,-1.0,-1.0,-1.0,-1.0,-1.0,-1.0,-1.0,-1.0,-1.0,-1.0,-1.0,-1.0,-1.0,-1.0,-1.0,-1.0,-1.0,-1.0,-1.0,-1.0,-1.0,-1.0,-1.0,-1.0,-1.0,-1.0,-1.0,-1.0,-1.0,-1.0,-1.0,-1.0,-1.0,1.0,-1.0,-1.0,-1.0,-1.0,-1.0,-1.0,-1.0,1.0,-1.0,-1.0,-1.0,-1.0,-1.0,-1.0,-1.0,-1.0,1.0,-1.0,-1.0,-1.0,-1.0,-1.0,-1.0,-1.0,-1.0,-1.0,-1.0,-1.0,-1.0,-1.0,-1.0,-1.0,-1.0,-1.0,-1.0,-1.0,-1.0,-1.0,-1.0,-1.0,-1.0,-1.0,-1.0,-1.0,-1.0,-1.0,-1.0,-1.0,-1.0,-1.0,-1.0,-1.0,-1.0,-1.0,-1.0,-1.0,-1.0,-1.0,-1.0,-1.0,-1.0,-1.0,-1.0,-1.0,-1.0,-1.0,-1.0,-1.0,-1.0,-1.0,-1.0,-1.0,-1.0,-1.0,-1.0,-1.0,-1.0,-1.0,-1.0
-1.0,-1.0,-1.0,-1.0,-1.0,-1.0,-1.0,-1.0,-1.0,-1.0,-1.0,-1.0,-1.0,-1.0,-1.0,-1.0,-1.0,-1.0,-1.0,-1.0,-1.0,-1.0,-1.0,-1.0,-1.0,-1.0,-1.0,-1.0,-1.0,-1.0,-1.0,-1.0,-1.0,-1.0,-1.0,-1.0,-1.0,-1.0,-1.0,-1.0,-1.0,-1.0,-1.0,-1.0,-1.0,-1.0,-1.0,-1.0,-1.0,-1.0,-1.0,-1.0,-1.0,-1.0,-1.0,-1.0,-1.0,-1.0,-1.0,-1.0,-1.0,-1.0,-1.0,-1.0,-1.0,-1.0,-1.0,-1.0,-1.0,-1.0,-1.0,-1.0,-1.0,-1.0,-1.0,-1.0,-1.0,-1.0,-1.0,-1.0,-1.0,-1.0,-1.0,-1.0,-1.0,-1.0,-1.0,-1.0,-1.0,-1.0,-1.0,-1.0,-1.0,-1.0,-1.0,-1.0,-1.0,-1.0,-1.0,-1.0,-1.0,-1.0,-1.0,-1.0,-1.0,-1.0,-1.0,-1.0,-1.0,-1.0,-1.0,-1.0,-1.0,-1.0,-1.0,-1.0,-1.0,-1.0,-1.0,-1.0,-1.0,-1.0,-1.0,-1.0,-1.0,-1.0,-1.0,-1.0,-1.0,-1.0,-1.0,-1.0,-1.0,-1.0,-1.0,-1.0,-1.0,-1.0,-1.0,-1.0,-1.0,-1.0,-1.0,-1.0,-1.0,-1.0,-1.0,-1.0,-1.0,1.0,-1.0,-1.0,-1.0,-1.0,-1.0,-1.0,-1.0,-1.0,-1.0,-1.0,-1.0,-1.0,-1.0,-1.0,-1.0,-1.0,-1.0,-1.0,-1.0,-1.0,-1.0,-1.0,-1.0,-1.0,-1.0,-1.0,-1.0,-1.0,-1.0,-1.0,-1.0,-1.0,-1.0,-1.0,-1.0,-1.0,-1.0,-1.0,-1.0,-1.0,-1.0,-1.0,-1.0,-1.0,-1.0,-1.0,-1.0,-1.0,-1.0,-1.0,-1.0,-1.0,-1.0,-1.0,-1.0,-1.0,-1.0,-1.0,-1.0,-1.0,-1.0,-1.0,-1.0,-1.0,-1.0,-1.0,-1.0,-1.0,-1.0,-1.0,-1.0,-1.0,-1.0,-1.0,-1.0,-1.0,-1.0,-1.0,-1.0,-1.0,-1.0,-1.0,-1.0,-1.0,-1.0,-1.0,-1.0,-1.0,-1.0,-1.0,-1.0,-1.0,-1.0,-1.0,-1.0,-1.0,-1.0,-1.0,-1.0,-1.0,-1.0,-1.0,-1.0,-1.0,-1.0,-1.0,-1.0,-1.0,-1.0,-1.0,-1.0,-1.0,-1.0,-1.0,-1.0,-1.0,-1.0,-1.0,-1.0,-1.0,-1.0,-1.0,-1.0,-1.0,-1.0,-1.0,-1.0,-1.0,-1.0,-1.0,-1.0,-1.0,-1.0,-1.0,-1.0,-1.0,-1.0,-1.0,-1.0,-1.0,-1.0,-1.0,-1.0,-1.0,-1.0,-1.0,-1.0,-1.0,-1.0,-1.0,-1.0,-1.0,-1.0,-1.0,-1.0,-1.0,-1.0,-1.0,-1.0,-1.0,-1.0,-1.0,-1.0,-1.0,-1.0,-1.0,-1.0,-1.0,-1.0,-1.0,-1.0,-1.0,-1.0,-1.0,-1.0,-1.0,-1.0,-1.0,-1.0,-1.0,-1.0,-1.0,-1.0,-1.0,-1.0,-1.0,1.0,-1.0,-1.0,-1.0,-1.0,-1.0,-1.0,-1.0,-1.0,-1.0,-1.0,-1.0,-1.0,-1.0,-1.0,-1.0,-1.0,-1.0,-1.0,-1.0,-1.0,-1.0,-1.0,-1.0,-1.0,-1.0,-1.0,-1.0,-1.0,-1.0,-1.0,-1.0,-1.0,-1.0,-1.0,-1.0,-1.0,-1.0,-1.0,-1.0,-1.0,-1.0,-1.0,-1.0,-1.0,-1.0,-1.0,-1.0,-1.0,-1.0,-1.0,-1.0,-1.0,-1.0,1.0,-1.0
-1.0,-1.0,-1.0,-1.0,-1.0,-1.0,-1.0,-1.0,-1.0,-1.0,-1.0,-1.0,-1.0,-1.0,-1.0,-1.0,-1.0,-1.0,-1.0,-1.0,-1.0,-1.0,-1.0,-1.0,-1.0,-1.0,-1.0,-1.0,-1.0,-1.0,-1.0,-1.0,-1.0,-1.0,-1.0,-1.0,-1.0,-1.0,-1.0,-1.0,-1.0,-1.0,-1.0,-1.0,-1.0,-1.0,-1.0,-1.0,-1.0,-1.0,-1.0,-1.0,-1.0,-1.0,-1.0,-1.0,-1.0,-1.0,-1.0,-1.0,-1.0,-1.0,-1.0,-1.0,-1.0,-1.0,-1.0,-1.0,-1.0,-1.0,-1.0,-1.0,-1.0,-1.0,-1.0,-1.0,-1.0,-1.0,-1.0,-1.0,-1.0,-1.0,-1.0,-1.0,-1.0,-1.0,-1.0,-1.0,-1.0,-1.0,-1.0,-1.0,-1.0,-1.0,-1.0,-1.0,-1.0,-1.0,-1.0,-1.0,-1.0,-1.0,-1.0,-1.0,-1.0,-1.0,-1.0,-1.0,-1.0,-1.0,-1.0,-1.0,-1.0,-1.0,-1.0,-1.0,-1.0,-1.0,-1.0,-1.0,-1.0,-1.0,-1.0,-1.0,-1.0,-1.0,-1.0,-1.0,-1.0,-1.0,-1.0,-1.0,-1.0,-1.0,-1.0,-1.0,-1.0,-1.0,-1.0,-1.0,-1.0,-1.0,-1.0,-1.0,-1.0,-1.0,-1.0,-1.0,-1.0,-1.0,-1.0,-1.0,-1.0,-1.0,-1.0,-1.0,-1.0,-1.0,-1.0,-1.0,-1.0,-1.0,-1.0,-1.0,-1.0,-1.0,-1.0,-1.0,-1.0,-1.0,-1.0,-1.0,-1.0,-1.0,-1.0,-1.0,-1.0,-1.0,-1.0,-1.0,-1.0,-1.0,-1.0,-1.0,-1.0,-1.0,-1.0,-1.0,-1.0,-1.0,-1.0,-1.0,-1.0,-1.0,-1.0,-1.0,-1.0,-1.0,-1.0,-1.0,-1.0,-1.0,-1.0,-1.0,-1.0,-1.0,-1.0,-1.0,-1.0,-1.0,-1.0,-1.0,-1.0,-1.0,-1.0,-1.0,-1.0,-1.0,-1.0,-1.0,-1.0,-1.0,-1.0,-1.0,-1.0,-1.0,-1.0,-1.0,-1.0,-1.0,-1.0,-1.0,-1.0,-1.0,-1.0,-1.0,-1.0,-1.0,-1.0,-1.0,-1.0,-1.0,-1.0,-1.0,-1.0,-1.0,-1.0,-1.0,-1.0,-1.0,-1.0,-1.0,-1.0,-1.0,-1.0,-1.0,-1.0,-1.0,-1.0,-1.0,-1.0,-1.0,-1.0,-1.0,-1.0,-1.0,-1.0,-1.0,-1.0,-1.0,-1.0,-1.0,-1.0,-1.0,-1.0,-1.0,-1.0,-1.0,-1.0,-1.0,-1.0,-1.0,-1.0,-1.0,-1.0,-1.0,-1.0,-1.0,-1.0,-1.0,-1.0,-1.0,-1.0,-1.0,-1.0,-1.0,-1.0,-1.0,-1.0,-1.0,-1.0,-1.0,-1.0,-1.0,-1.0,-1.0,-1.0,-1.0,-1.0,-1.0,-1.0,-1.0,-1.0,-1.0,-1.0,-1.0,-1.0,-1.0,-1.0,-1.0,-1.0,-1.0,-1.0,-1.0,-1.0,-1.0,-1.0,-1.0,-1.0,-1.0,-1.0,-1.0,-1.0,-1.0,-1.0,-1.0,-1.0,-1.0,-1.0,-1.0,-1.0,-1.0,-1.0,-1.0,-1.0,-1.0,-1.0,-1.0,-1.0,-1.0,-1.0,-1.0,-1.0,-1.0,-1.0,-1.0,-1.0,-1.0,-1.0,-1.0,-1.0,-1.0,-1.0,-1.0,-1.0,-1.0,-1.0,-1.0,-1.0,-1.0,-1.0,-1.0,-1.0,-1.0,-1.0,-1.0,-1.0,-1.0,-1.0,-1.0,-1.0,-1.0,-1.0,-1.0,-1.0,-1.0,-1.0,-1.0,-1.0,-1.0,-1.0,-1.0
-1.0,-1.0,-1.0,-1.0,-1.0,-1.0,-1.0,-1.0,-1.0,-1.0,-1.0,-1.0,-1.0,-1.0,-1.0,-1.0,-1.0,-1.0,-1.0,-1.0,-1.0,-1.0,-1.0,-1.0,-1.0,-1.0,-1.0,-1.0,-1.0,-1.0,-1.0,-1.0,-1.0,-1.0,-1.0,-1.0,-1.0,-1.0,-1.0,-1.0,-1.0,-1.0,-1.0,-1.0,-1.0,-1.0,-1.0,-1.0,-1.0,-1.0,-1.0,-1.0,-1.0,-1.0,-1.0,-1.0,-1.0,-1.0,-1.0,-1.0,-1.0,-1.0,-1.0,-1.0,-1.0,-1.0,-1.0,-1.0,-1.0,-1.0,-1.0,-1.0,-1.0,-1.0,-1.0,-1.0,-1.0,-1.0,-1.0,-1.0,-1.0,-1.0,-1.0,-1.0,-1.0,-1.0,-1.0,-1.0,-1.0,-1.0,-1.0,-1.0,-1.0,-1.0,-1.0,-1.0,-1.0,-1.0,-1.0,-1.0,-1.0,-1.0,-1.0,-1.0,-1.0,-1.0,-1.0,-1.0,-1.0,-1.0,-1.0,-1.0,-1.0,-1.0,-1.0,-1.0,-1.0,-1.0,-1.0,-1.0,-1.0,-1.0,-1.0,-1.0,-1.0,-1.0,-1.0,-1.0,-1.0,-1.0,-1.0,-1.0,-1.0,-1.0,-1.0,-1.0,-1.0,-1.0,-1.0,-1.0,-1.0,-1.0,-1.0,-1.0,-1.0,-1.0,-1.0,-1.0,-1.0,-1.0,-1.0,-1.0,-1.0,-1.0,-1.0,-1.0,-1.0,-1.0,-1.0,-1.0,-1.0,-1.0,-1.0,-1.0,-1.0,-1.0,-1.0,-1.0,-1.0,-1.0,-1.0,-1.0,-1.0,-1.0,-1.0,-1.0,-1.0,-1.0,-1.0,-1.0,-1.0,-1.0,-1.0,-1.0,-1.0,-1.0,-1.0,-1.0,-1.0,-1.0,-1.0,-1.0,-1.0,-1.0,-1.0,-1.0,-1.0,-1.0,-1.0,-1.0,-1.0,-1.0,-1.0,-1.0,-1.0,-1.0,-1.0,-1.0,-1.0,-1.0,-1.0,-1.0,-1.0,-1.0,-1.0,-1.0,-1.0,-1.0,-1.0,-1.0,-1.0,-1.0,-1.0,-1.0,-1.0,-1.0,-1.0,-1.0,-1.0,-1.0,-1.0,-1.0,-1.0,-1.0,-1.0,-1.0,-1.0,-1.0,-1.0,-1.0,-1.0,-1.0,-1.0,-1.0,-1.0,-1.0,-1.0,-1.0,-1.0,-1.0,-1.0,-1.0,-1.0,-1.0,-1.0,-1.0,-1.0,-1.0,-1.0,-1.0,-1.0,-1.0,-1.0,-1.0,-1.0,-1.0,-1.0,-1.0,-1.0,-1.0,-1.0,-1.0,-1.0,-1.0,-1.0,-1.0,-1.0,-1.0,-1.0,-1.0,-1.0,-1.0,-1.0,-1.0,-1.0,-1.0,-1.0,-1.0,-1.0,-1.0,-1.0,-1.0,-1.0,-1.0,-1.0,-1.0,-1.0,-1.0,-1.0,-1.0,-1.0,-1.0,-1.0,-1.0,-1.0,-1.0,-1.0,-1.0,-1.0,-1.0,-1.0,-1.0,-1.0,-1.0,-1.0,-1.0,-1.0,-1.0,-1.0,-1.0,-1.0,-1.0,-1.0,-1.0,-1.0,-1.0,-1.0,-1.0,-1.0,-1.0,-1.0,-1.0,-1.0,-1.0,-1.0,-1.0,-1.0,-1.0,-1.0,-1.0,-1.0,-1.0,-1.0,-1.0,-1.0,-1.0,-1.0,-1.0,-1.0,-1.0,-1.0,-1.0,-1.0,-1.0,-1.0,-1.0,-1.0,-1.0,-1.0,-1.0,-1.0,-1.0,-1.0,-1.0,-1.0,-1.0,-1.0,-1.0,-1.0,-1.0,-1.0,-1.0,-1.0,-1.0,-1.0,-1.0,-1.0,-1.0,-1.0,-1.0,-1.0,-1.0,-1.0,-1.0,-1.0,-1.0,-1.0,-1.0,-1.0,-1.0,-1.0,-1.0
-1.0,-1.0,-1.0,-1.0,-1.0,-1.0,-1.0,-1.0,-1.0,-1.0,-1.0,-1.0,-1.0,-1.0,-1.0,-1.0,-1.0,-1.0,-1.0,-1.0,-1.0,-1.0,-1.0,-1.0,-1.0,-1.0,-1.0,-1.0,-1.0,-1.0,-1.0,-1.0,-1.0,-1.0,-1.0,-1.0,-1.0,-1.0,-1.0,-1.0,-1.0,-1.0,-1.0,-1.0,-1.0,-1.0,-1.0,-1.0,-1.0,-1.0,-1.0,-1.0,-1.0,-1.0,-1.0,-1.0,-1.0,-1.0,-1.0,-1.0,-1.0,-1.0,-1.0,-1.0,-1.0,-1.0,-1.0,-1.0,-1.0,-1.0,-1.0,-1.0,-1.0,-1.0,-1.0,1.0,-1.0,-1.0,-1.0,-1.0,-1.0,-1.0,-1.0,-1.0,-1.0,-1.0,-1.0,-1.0,-1.0,-1.0,-1.0,-1.0,-1.0,-1.0,-1.0,-1.0,-1.0,-1.0,-1.0,1.0,1.0,-1.0,-1.0,-1.0,-1.0,-1.0,-1.0,-1.0,-1.0,-1.0,-1.0,-1.0,-1.0,-1.0,-1.0,-1.0,-1.0,-1.0,-1.0,-1.0,-1.0,1.0,-1.0,-1.0,-1.0,-1.0,1.0,-1.0,-1.0,-1.0,-1.0,-1.0,-1.0,1.0,-1.0,1.0,-1.0,-1.0,-1.0,-1.0,-1.0,-1.0,1.0,-1.0,-1.0,-1.0,-1.0,-1.0,-1.0,1.0,-1.0,-1.0,-1.0,-1.0,-1.0,-1.0,-1.0,-1.0,-1.0,-1.0,-1.0,-1.0,-1.0,-1.0,-1.0,-1.0,-1.0,-1.0,-1.0,-1.0,-1.0,-1.0,-1.0,-1.0,-1.0,-1.0,-1.0,-1.0,-1.0,1.0,-1.0,-1.0,-1.0,-1.0,-1.0,-1.0,-1.0,-1.0,-1.0,1.0,-1.0,-1.0,-1.0,-1.0,-1.0,-1.0,-1.0,1.0,-1.0,-1.0,-1.0,-1.0,-1.0,-1.0,-1.0,-1.0,-1.0,-1.0,-1.0,-1.0,-1.0,-1.0,-1.0,-1.0,-1.0,-1.0,-1.0,-1.0,-1.0,-1.0,-1.0,-1.0,-1.0,-1.0,-1.0,-1.0,-1.0,-1.0,-1.0,-1.0,-1.0,-1.0,-1.0,-1.0,-1.0,-1.0,-1.0,-1.0,-1.0,-1.0,-1.0,-1.0,-1.0,-1.0,-1.0,-1.0,-1.0,-1.0,-1.0,-1.0,-1.0,-1.0,-1.0,-1.0,-1.0,-1.0,-1.0,1.0,-1.0,-1.0,-1.0,-1.0,-1.0,1.0,-1.0,-1.0,-1.0,-1.0,-1.0,1.0,-1.0,-1.0,-1.0,-1.0,-1.0,1.0,-1.0,-1.0,-1.0,-1.0,1.0,-1.0,-1.0,-1.0,-1.0,-1.0,-1.0,-1.0,1.0,-1.0,-1.0,-1.0,-1.0,-1.0,-1.0,-1.0,-1.0,-1.0,-1.0,-1.0,-1.0,-1.0,-1.0,-1.0,-1.0,-1.0,-1.0,-1.0,-1.0,-1.0,-1.0,-1.0,-1.0,-1.0,-1.0,1.0,-1.0,-1.0,-1.0,-1.0,-1.0,-1.0,-1.0,1.0,-1.0,-1.0,-1.0,-1.0,-1.0,-1.0,-1.0,-1.0,-1.0,-1.0,-1.0,-1.0,1.0,-1.0,-1.0,-1.0,-1.0,-1.0,-1.0,-1.0,-1.0,-1.0,-1.0,-1.0,-1.0,-1.0,-1.0,-1.0,-1.0,-1.0,-1.0,-1.0,-1.0,-1.0,-1.0,-1.0,-1.0,-1.0,-1.0,-1.0,-1.0,-1.0,-1.0,-1.0,-1.0,-1.0,-1.0,-1.0,-1.0,-1.0,-1.0,-1.0,-1.0,-1.0,-1.0,-1.0,-1.0,-1.0,-1.0,-1.0,-1.0,-1.0,-1.0,-1.0,-1.0,-1.0,1.0,-1.0
-0.27666196209412575,1.337810426714739,1.337810426714739,1.337810426714739,1.337810426714739,1.337810426714739,1.337810426714739,1.337810426714739,1.337810426714739,1.337810426714739,1.337810426714739,1.337810426714739,1.337810426714739,1.337810426714739,1.337810426714739,1.337810426714739,1.337810426714739,1.337810426714739,1.337810426714739,1.337810426714739,1.337810426714739,1.337810426714739,1.337810426714739,1.337810426714739,1.337810426714739,1.337810426714739,1.337810426714739,1.337810426714739,1.337810426714739,1.337810426714739,1.337810426714739,1.337810426714739,1.337810426714739,1.337810426714739,1.337810426714739,1.337810426714739,1.337810426714739,0.3691269934294201,1.337810426714739,1.337810426714739,1.337810426714739,1.337810426714739,1.337810426714739,1.337810426714739,1.337810426714739,1.337810426714739,1.337810426714739,1.337810426714739,1.337810426714739,1.337810426714739,1.337810426714739,1.337810426714739,1.337810426714739,1.337810426714739,1.337810426714739,1.337810426714739,1.337810426714739,1.337810426714739,1.337810426714739,1.337810426714739,1.337810426714739,1.337810426714739,1.337810426714739,0.5305742323103066,1.337810426714739,1.337810426714739,1.337810426714739,1.337810426714739,1.337810426714739,1.337810426714739,1.337810426714739,0.0,1.337810426714739,1.337810426714739,1.337810426714739,-0.27666196209412575,1.337810426714739,0.0,1.337810426714739,1.337810426714739,1.337810426714739,0.8534687100720798,0.8534687100720798,0.7323832809114148,0.7323832809114148,0.7996529637784509,0.7996529637784509,1.035096853813077,1.035096853813077,1.337810426714739,0.12695613510809048,1.337810426714739,0.12695613510809048,0.4296697080097526,0.4296697080097526,0.645893688653797,0.645893688653797,1.337810426714739,1.337810426714739,0.7323832809114148,0.7323832809114148,0.7323832809114148,0.7323832809114148,0.9652398754511549,0.9652398754511549,0.7323832809114148,0.7323832809114148,0.7323832809114148,0.7323832809114148,0.8974997752214124,0.8974997752214124,1.337810426714739,1.337810426714739,0.12695613510809048,0.12695613510809048,1.337810426714739,1.337810426714739,1.337810426714739,1.337810426714739,1.337810426714739,0.8534687100720798,-0.27666196209412575,0.3691269934294201,0.5305742323103066,1.337810426714739,-1.0838981564985581,-0.8417272981772284,1.337810426714739,-0.7662970308312406,1.337810426714739,-1.0838981564985581,1.337810426714739,-0.8958042859577194,-0.8197117656025621,1.337810426714739,-0.8532592438115775,1.337810426714739,-0.729501778467344,-0.8456973122480699,1.337810426714739,-0.9286604268053981,1.337810426714739,-0.9385956415057604,-0.8110295837421303,1.337810426714739,-0.9553118600447547,1.337810426714739,-0.814819425030414,1.337810426714739,0.055729412072405254,1.337810426714739,1.337810426714739,-0.4381092009750122,-1.0838981564985581,0.12695613510809048,1.337810426714739,0.4296697080097526,0.4296697080097526,1.337810426714739,1.337810426714739,0.7323832809114148,0.7323832809114148,0.991852057684268,0.991852057684268,1.337810426714739,0.2999353196233259,-0.5995564398558987,1.337810426714739,-1.0838981564985581,1.337810426714739,1.337810426714739,1.337810426714739,-1.0838981564985581,1.337810426714739,1.337810426714739,0.7323832809114148,-1.0838981564985581,1.337810426714739,1.337810426714739,-0.04602304940714509,1.337810426714739,1.337810426714739,1.337810426714739,1.337810426714739,1.337810426714739,1.337810426714739,0.7323832809114148,1.337810426714739,1.337810426714739,-0.555525374706566,1.337810426714739,1.337810426714739,1.337810426714739,1.337810426714739,0.7323832809114148,1.337810426714739,1.337810426714739,-0.555525374706566,1.337810426714739,1.337810426714739,1.337810426714739,1.337810426714739,0.934192329512523,1.337810426714739,1.337810426714739,1.337810426714739,1.337810426714739,-0.7251265145410326,0.0,1.337810426714739,1.337810426714739,1.337810426714739,1.337810426714739,0.934192329512523,1.337810426714739,1.337810426714739,1.337810426714739,1.337810426714739,-0.7251265145410326,0.0,1.337810426714739,1.337810426714739,0.991852057684268,-0.27666196209412575,1.337810426714739,1.337810426714739,0.991852057684268,-0.27666196209412575,1.337810426714739,1.337810426714739,0.7996529637784509,1.337810426714739,1.337810426714739,-0.5649606029528517,1.337810426714739,1.337810426714739,0.7996529637784509,1.337810426714739,1.337810426714739,-0.5649606029528517,1.337810426714739,1.337810426714739,0.8837400673622459,1.337810426714739,1.337810426714739,-0.5140843722130765,1.337810426714739,1.337810426714739,0.8837400673622459,1.337810426714739,1.337810426714739,-0.5140843722130765,1.337810426714739,1.337810426714739,0.9652398754511549,1.337810426714739,1.337810426714739,-0.22620969994384865,1.337810426714739,1.337810426714739,0.9652398754511549,1.337810426714739,1.337810426714739,-0.22620969994384865,1.337810426714739,1.337810426714739,0.7323832809114148,1.337810426714739,1.337810426714739,-0.6082053990816604,1.337810426714739,1.337810426714739,0.7323832809114148,1.337810426714739,1.337810426714739,-0.6082053990816604,1.337810426714739,1.337810426714739,1.337810426714739,1.337810426714739,0.5305742323103066,1.337810426714739,1.337810426714739,-0.6514501952104694,1.337810426714739,1.337810426714739,1.337810426714739,1.337810426714739,0.5305742323103066,1.337810426714739,1.337810426714739,-0.6514501952104694,1.337810426714739,1.337810426714739,1.337810426714739,1.337810426714739,0.991852057684268,1.337810426714739,1.337810426714739,-0.664756286327026,1.337810426714739,1.337810426714739,1.337810426714739,1.337810426714739,0.991852057684268,1.337810426714739,1.337810426714739,-0.664756286327026,1.337810426714739,1.337810426714739,1.337810426714739,0.934192329512523,-0.04602304940714509,1.337810426714739,1.337810426714739,-0.4318996917872858,1.337810426714739,1.337810426714739,1.337810426714739,0.934192329512523,-0.04602304940714509,1.337810426714739,1.337810426714739,-0.4318996917872858,1.337810426714739,1.337810426714739,0.5305742323103066,1.337810426714739,1.337810426714739,0.645893688653797,1.337810426714739,1.0687316952465948,1.337810426714739,0.4063840485557787,0.7323832809114148,0.0,0.5305742323103066,1.337810426714739,1.337810426714739,1.337810426714739,1.337810426714739,1.337810426714739,1.337810426714739,1.337810426714739,1.337810426714739,1.337810426714739,1.337810426714739,1.337810426714739,1.337810426714739,1.337810426714739,1.337810426714739,1.337810426714739,1.337810426714739,1.337810426714739,1.337810426714739,1.337810426714739,1.337810426714739,1.337810426714739,1.337810426714739,1.337810426714739,1.337810426714739,1.337810426714739,1.337810426714739,1.337810426714739,1.337810426714739,1.337810426714739,1.337810426714739,0.3691269934294201,1.337810426714739,1.337810426714739,1.337810426714739,1.337810426714739,1.337810426714739,1.337810426714739,1.337810426714739,1.337810426714739,1.337810426714739,1.337810426714739,0.5305742323103066,1.337810426714739,1.337810426714739,1.337810426714739,1.337810426714739,1.337810426714739,0.5305742323103066,1.337810426714739,1.337810426714739,1.337810426714739,1.337810426714739,1.337810426714739,0.5305742323103066,1.337810426714739
-0.59926643194068,1.4516825767754173,1.4516825767754173,1.4516825767754173,1.4516825767754173,1.4516825767754173,1.4516825767754173,1.4516825767754173,1.4516825767754173,1.4516825767754173,1.4516825767754173,1.4516825767754173,1.4516825767754173,1.4516825767754173,1.4516825767754173,1.4516825767754173,1.4516825767754173,1.4516825767754173,1.4516825767754173,1.4516825767754173,1.4516825767754173,1.4516825767754173,1.4516825767754173,1.4516825767754173,1.4516825767754173,1.4516825767754173,1.4516825767754173,1.4516825767754173,1.4516825767754173,1.4516825767754173,1.4516825767754173,1.4516825767754173,1.4516825767754173,1.4516825767754173,1.4516825767754173,1.4516825767754173,1.4516825767754173,-0.02500070950017269,1.4516825767754173,1.4516825767754173,1.4516825767754173,1.4516825767754173,1.4516825767754173,1.4516825767754173,1.4516825767754173,1.4516825767754173,1.4516825767754173,1.4516825767754173,1.4516825767754173,1.4516825767754173,1.4516825767754173,1.4516825767754173,1.4516825767754173,1.4516825767754173,1.4516825767754173,1.4516825767754173,1.4516825767754173,1.4516825767754173,1.4516825767754173,1.4516825767754173,1.4516825767754173,1.4516825767754173,1.4516825767754173,0.16983944632785655,1.4516825767754173,1.4516825767754173,1.4516825767754173,1.4516825767754173,1.4516825767754173,1.4516825767754173,1.4516825767754173,0.0,1.4516825767754173,1.4516825767754173,1.4516825767754173,-0.59926643194068,1.4516825767754173,0.0,1.4516825767754173,1.4516825767754173,1.4516825767754173,0.6210482282453983,0.6210482282453983,0.4422311115479633,0.4422311115479633,0.5401496840127076,0.5401496840127076,0.9109050061178527,0.9109050061178527,1.4516825767754173,-0.2788056493287897,1.4516825767754173,-0.2788056493287897,0.045660893065749136,0.045660893065749136,0.32156781687062913,0.32156781687062913,1.4516825767754173,1.4516825767754173,0.4422311115479633,0.4422311115479633,0.4422311115479633,0.4422311115479633,0.7963497574223449,0.7963497574223449,0.4422311115479633,0.4422311115479633,0.4422311115479633,0.4422311115479633,0.6889329454347204,0.6889329454347204,1.4516825767754173,1.4516825767754173,-0.2788056493287897,-0.2788056493287897,1.4516825767754173,1.4516825767754173,1.4516825767754173,1.4516825767754173,1.4516825767754173,0.6210482282453983,-0.59926643194068,-0.02500070950017269,0.16983944632785655,1.4516825767754173,-0.8556350580301921,-0.832561881682136,1.4516825767754173,-0.815949938807521,1.4516825767754173,-0.8556350580301921,1.4516825767754173,-0.8417159017828965,-0.828176071301927,1.4516825767754173,-0.8347070069208442,1.4516825767754173,-0.8062219498487513,-0.8333121784674397,1.4516825767754173,-0.8461539697872368,1.4516825767754173,-0.847328714544892,-0.8263415986714222,1.4516825767754173,-0.8491299726787157,1.4516825767754173,-0.8271496551313574,1.4516825767754173,-0.3446719831943478,1.4516825767754173,1.4516825767754173,-0.6915591373329043,-0.8556350580301921,-0.2788056493287897,1.4516825767754173,0.045660893065749136,0.045660893065749136,1.4516825767754173,1.4516825767754173,0.4422311115479633,0.4422311115479633,0.8395370818269903,0.8395370818269903,1.4516825767754173,-0.1022252180936666,-0.7633423526379678,1.4516825767754173,-0.8556350580301921,1.4516825767754173,1.4516825767754173,1.4516825767754173,-0.8556350580301921,1.4516825767754173,1.4516825767754173,0.4422311115479633,-0.8556350580301921,1.4516825767754173,1.4516825767754173,-0.43184202306589653,1.4516825767754173,1.4516825767754173,1.4516825767754173,1.4516825767754173,1.4516825767754173,1.4516825767754173,0.4422311115479633,1.4516825767754173,1.4516825767754173,-0.7457991111171317,1.4516825767754173,1.4516825767754173,1.4516825767754173,1.4516825767754173,0.4422311115479633,1.4516825767754173,1.4516825767754173,-0.7457991111171317,1.4516825767754173,1.4516825767754173,1.4516825767754173,1.4516825767754173,0.7466688550292592,1.4516825767754173,1.4516825767754173,1.4516825767754173,1.4516825767754173,-0.8049943417655971,0.0,1.4516825767754173,1.4516825767754173,1.4516825767754173,1.4516825767754173,0.7466688550292592,1.4516825767754173,1.4516825767754173,1.4516825767754173,1.4516825767754173,-0.8049943417655971,0.0,1.4516825767754173,1.4516825767754173,0.8395370818269903,-0.59926643194068,1.4516825767754173,1.4516825767754173,0.8395370818269903,-0.59926643194068,1.4516825767754173,1.4516825767754173,0.5401496840127076,1.4516825767754173,1.4516825767754173,-0.7496867992891182,1.4516825767754173,1.4516825767754173,0.5401496840127076,1.4516825767754173,1.4516825767754173,-0.7496867992891182,1.4516825767754173,1.4516825767754173,0.6675550993219486,1.4516825767754173,1.4516825767754173,-0.727894289321231,1.4516825767754173,1.4516825767754173,0.6675550993219486,1.4516825767754173,1.4516825767754173,-0.727894289321231,1.4516825767754173,1.4516825767754173,0.7963497574223449,1.4516825767754173,1.4516825767754173,-0.5662189137338287,1.4516825767754173,1.4516825767754173,0.7963497574223449,1.4516825767754173,1.4516825767754173,-0.5662189137338287,1.4516825767754173,1.4516825767754173,0.4422311115479633,1.4516825767754173,1.4516825767754173,-0.7666090906158175,1.4516825767754173,1.4516825767754173,0.4422311115479633,1.4516825767754173,1.4516825767754173,-0.7666090906158175,1.4516825767754173,1.4516825767754173,1.4516825767754173,1.4516825767754173,0.16983944632785655,1.4516825767754173,1.4516825767754173,-0.7820598783488908,1.4516825767754173,1.4516825767754173,1.4516825767754173,1.4516825767754173,0.16983944632785655,1.4516825767754173,1.4516825767754173,-0.7820598783488908,1.4516825767754173,1.4516825767754173,1.4516825767754173,1.4516825767754173,0.8395370818269903,1.4516825767754173,1.4516825767754173,-0.7865179247390478,1.4516825767754173,1.4516825767754173,1.4516825767754173,1.4516825767754173,0.8395370818269903,1.4516825767754173,1.4516825767754173,-0.7865179247390478,1.4516825767754173,1.4516825767754173,1.4516825767754173,0.7466688550292592,-0.43184202306589653,1.4516825767754173,1.4516825767754173,-0.6883886614244601,1.4516825767754173,1.4516825767754173,1.4516825767754173,0.7466688550292592,-0.43184202306589653,1.4516825767754173,1.4516825767754173,-0.6883886614244601,1.4516825767754173,1.4516825767754173,0.16983944632785655,1.4516825767754173,1.4516825767754173,0.32156781687062913,1.4516825767754173,0.9674307274952277,1.4516825767754173,0.01814203444057139,0.4422311115479633,0.0,0.16983944632785655,1.4516825767754173,1.4516825767754173,1.4516825767754173,1.4516825767754173,1.4516825767754173,1.4516825767754173,1.4516825767754173,1.4516825767754173,1.4516825767754173,1.4516825767754173,1.4516825767754173,1.4516825767754173,1.4516825767754173,1.4516825767754173,1.4516825767754173,1.4516825767754173,1.4516825767754173,1.4516825767754173,1.4516825767754173,1.4516825767754173,1.4516825767754173,1.4516825767754173,1.4516825767754173,1.4516825767754173,1.4516825767754173,1.4516825767754173,1.4516825767754173,1.4516825767754173,1.4516825767754173,1.4516825767754173,-0.02500070950017269,1.4516825767754173,1.4516825767754173,1.4516825767754173,1.4516825767754173,1.4516825767754173,1.4516825767754173,1.4516825767754173,1.4516825767754173,1.4516825767754173,1.4516825767754173,0.16983944632785655,1.4516825767754173,1.4516825767754173,1.4516825767754173,1.4516825767754173,1.4516825767754173,0.16983944632785655,1.4516825767754173,1.4516825767754173,1.4516825767754173,1.4516825767754173,1.4516825767754173,0.16983944632785655,1.4516825767754173
-0.6897800420511516,1.4965912411460476,1.4965912411460476,1.4965912411460476,1.4965912411460476,1.4965912411460476,1.4965912411460476,1.4965912411460476,1.4965912411460476,1.4965912411460476,1.4965912411460476,1.4965912411460476,1.4965912411460476,1.4965912411460476,1.4965912411460476,1.4965912411460476,1.4965912411460476,1.4965912411460476,1.4965912411460476,1.4965912411460476,1.4965912411460476,1.4965912411460476,1.4965912411460476,1.4965912411460476,1.4965912411460476,1.4965912411460476,1.4965912411460476,1.4965912411460476,1.4965912411460476,1.4965912411460476,1.4965912411460476,1.4965912411460476,1.4965912411460476,1.4965912411460476,1.4965912411460476,1.4965912411460476,1.4965912411460476,-0.2834513481892721,1.4965912411460476,1.4965912411460476,1.4965912411460476,1.4965912411460476,1.4965912411460476,1.4965912411460476,1.4965912411460476,1.4965912411460476,1.4965912411460476,1.4965912411460476,1.4965912411460476,1.4965912411460476,1.4965912411460476,1.4965912411460476,1.4965912411460476,1.4965912411460476,1.4965912411460476,1.4965912411460476,1.4965912411460476,1.4965912411460476,1.4965912411460476,1.4965912411460476,1.4965912411460476,1.4965912411460476,1.4965912411460476,-0.10114161965190568,1.4965912411460476,1.4965912411460476,1.4965912411460476,1.4965912411460476,1.4965912411460476,1.4965912411460476,1.4965912411460476,0.0,1.4965912411460476,1.4965912411460476,1.4965912411460476,-0.6897800420511516,1.4965912411460476,0.0,1.4965912411460476,1.4965912411460476,1.4965912411460476,0.38860554778426726,0.38860554778426726,0.1839801161977291,0.1839801161977291,0.2943984842883285,0.2943984842883285,0.7471612407532576,0.7471612407532576,1.4965912411460476,-0.49006343445140743,1.4965912411460476,-0.49006343445140743,-0.21955911478300397,-0.21955911478300397,0.05355677457296914,0.05355677457296914,1.4965912411460476,1.4965912411460476,0.1839801161977291,0.1839801161977291,0.1839801161977291,0.1839801161977291,0.6016342483286233,0.6016342483286233,0.1839801161977291,0.1839801161977291,0.1839801161977291,0.1839801161977291,0.4696803344510448,0.4696803344510448,1.4965912411460476,1.4965912411460476,-0.49006343445140743,-0.49006343445140743,1.4965912411460476,1.4965912411460476,1.4965912411460476,1.4965912411460476,1.4965912411460476,0.38860554778426726,-0.6897800420511516,-0.2834513481892721,-0.10114161965190568,1.4965912411460476,-0.7738712452510439,-0.7716007827646468,1.4965912411460476,-0.7687497734404725,1.4965912411460476,-0.7738712452510439,1.4965912411460476,-0.772807414309706,-0.7709235674324908,1.4965912411460476,-0.7719099343892388,1.4965912411460476,-0.7667555635711237,-0.771710624330959,1.4965912411460476,-0.7732731910635162,1.4965912411460476,-0.7733808253539821,-0.7706232959199664,1.4965912411460476,-0.773531359661801,1.4965912411460476,-0.7707567562436405,1.4965912411460476,-0.537258830629568,1.4965912411460476,1.4965912411460476,-0.730816549212699,-0.7738712452510439,-0.49006343445140743,1.4965912411460476,-0.21955911478300397,-0.21955911478300397,1.4965912411460476,1.4965912411460476,0.1839801161977291,0.1839801161977291,0.6559243730048503,0.6559243730048503,1.4965912411460476,-0.3502280991011493,-0.7557075453598672,1.4965912411460476,-0.7738712452510439,1.4965912411460476,1.4965912411460476,1.4965912411460476,-0.7738712452510439,1.4965912411460476,1.4965912411460476,0.1839801161977291,-0.7738712452510439,1.4965912411460476,1.4965912411460476,-0.5951467929690571,1.4965912411460476,1.4965912411460476,1.4965912411460476,1.4965912411460476,1.4965912411460476,1.4965912411460476,0.1839801161977291,1.4965912411460476,1.4965912411460476,-0.750289822702619,1.4965912411460476,1.4965912411460476,1.4965912411460476,1.4965912411460476,0.1839801161977291,1.4965912411460476,1.4965912411460476,-0.750289822702619,1.4965912411460476,1.4965912411460476,1.4965912411460476,1.4965912411460476,0.5400538047472733,1.4965912411460476,1.4965912411460476,1.4965912411460476,1.4965912411460476,-0.7664887527890505,0.0,1.4965912411460476,1.4965912411460476,1.4965912411460476,1.4965912411460476,0.5400538047472733,1.4965912411460476,1.4965912411460476,1.4965912411460476,1.4965912411460476,-0.7664887527890505,0.0,1.4965912411460476,1.4965912411460476,0.6559243730048503,-0.6897800420511516,1.4965912411460476,1.4965912411460476,0.6559243730048503,-0.6897800420511516,1.4965912411460476,1.4965912411460476,0.2943984842883285,1.4965912411460476,1.4965912411460476,-0.7515306887157955,1.4965912411460476,1.4965912411460476,0.2943984842883285,1.4965912411460476,1.4965912411460476,-0.7515306887157955,1.4965912411460476,1.4965912411460476,0.44395250538723985,1.4965912411460476,1.4965912411460476,-0.7442946934233594,1.4965912411460476,1.4965912411460476,0.44395250538723985,1.4965912411460476,1.4965912411460476,-0.7442946934233594,1.4965912411460476,1.4965912411460476,0.6016342483286233,1.4965912411460476,1.4965912411460476,-0.6730069675847667,1.4965912411460476,1.4965912411460476,0.6016342483286233,1.4965912411460476,1.4965912411460476,-0.6730069675847667,1.4965912411460476,1.4965912411460476,0.1839801161977291,1.4965912411460476,1.4965912411460476,-0.7566633281512664,1.4965912411460476,1.4965912411460476,0.1839801161977291,1.4965912411460476,1.4965912411460476,-0.7566633281512664,1.4965912411460476,1.4965912411460476,1.4965912411460476,1.4965912411460476,-0.10114161965190568,1.4965912411460476,1.4965912411460476,-0.7609426824412937,1.4965912411460476,1.4965912411460476,1.4965912411460476,1.4965912411460476,-0.10114161965190568,1.4965912411460476,1.4965912411460476,-0.7609426824412937,1.4965912411460476,1.4965912411460476,1.4965912411460476,1.4965912411460476,0.6559243730048503,1.4965912411460476,1.4965912411460476,-0.7620997446779365,1.4965912411460476,1.4965912411460476,1.4965912411460476,1.4965912411460476,0.6559243730048503,1.4965912411460476,1.4965912411460476,-0.7620997446779365,1.4965912411460476,1.4965912411460476,1.4965912411460476,0.5400538047472733,-0.5951467929690571,1.4965912411460476,1.4965912411460476,-0.729562606605493,1.4965912411460476,1.4965912411460476,1.4965912411460476,0.5400538047472733,-0.5951467929690571,1.4965912411460476,1.4965912411460476,-0.729562606605493,1.4965912411460476,1.4965912411460476,-0.10114161965190568,1.4965912411460476,1.4965912411460476,0.05355677457296914,1.4965912411460476,0.8207471265395059,1.4965912411460476,-0.24475117559455276,0.1839801161977291,0.0,-0.10114161965190568,1.4965912411460476,1.4965912411460476,1.4965912411460476,1.4965912411460476,1.4965912411460476,1.4965912411460476,1.4965912411460476,1.4965912411460476,1.4965912411460476,1.4965912411460476,1.4965912411460476,1.4965912411460476,1.4965912411460476,1.4965912411460476,1.4965912411460476,1.4965912411460476,1.4965912411460476,1.4965912411460476,1.4965912411460476,1.4965912411460476,1.4965912411460476,1.4965912411460476,1.4965912411460476,1.4965912411460476,1.4965912411460476,1.4965912411460476,1.4965912411460476,1.4965912411460476,1.4965912411460476,1.4965912411460476,-0.2834513481892721,1.4965912411460476,1.4965912411460476,1.4965912411460476,1.4965912411460476,1.4965912411460476,1.4965912411460476,1.4965912411460476,1.4965912411460476,1.4965912411460476,1.4965912411460476,-0.10114161965190568,1.4965912411460476,1.4965912411460476,1.4965912411460476,1.4965912411460476,1.4965912411460476,-0.10114161965190568,1.4965912411460476,1.4965912411460476,1.4965912411460476,1.4965912411460476,1.4965912411460476,-0.10114161965190568,1.4965912411460476
-1.0,-1.0,-1.0,-1.0,-1.0,-1.0,-1.0,-1.0,-1.0,-1.0,-1.0,-1.0,-1.0,-1.0,-1.0,-1.0,-1.0,-1.0,-1.0,-1.0,-1.0,-1.0,-1.0,-1.0,-1.0,-1.0,-1.0,-1.0,-1.0,-1.0,-1.0,-1.0,-1.0,-1.0,-1.0,-1.0,-1.0,-1.0,-1.0,-1.0,-1.0,-1.0,-1.0,-1.0,-1.0,-1.0,-1.0,-1.0,-1.0,-1.0,-1.0,-1.0,-1.0,-1.0,-1.0,-1.0,-1.0,-1.0,-1.0,-1.0,-1.0,-1.0,-1.0,-1.0,-1.0,-1.0,-1.0,-1.0,-1.0,-1.0,-1.0,-1.0,-1.0,-1.0,-1.0,-1.0,-1.0,-1.0,-1.0,-1.0,-1.0,-1.0,-1.0,-1.0,-1.0,-1.0,-1.0,-1.0,-1.0,-1.0,-1.0,-1.0,-1.0,-1.0,-1.0,-1.0,-1.0,-1.0,-1.0,-1.0,-1.0,-1.0,-1.0,-1.0,-1.0,-1.0,-1.0,-1.0,-1.0,-1.0,-1.0,-1.0,-1.0,-1.0,-1.0,-1.0,-1.0,-1.0,1.0,1.0,1.0,-1.0,-1.0,-1.0,-1.0,-1.0,-1.0,-1.0,-1.0,-1.0,-1.0,-1.0,-1.0,-1.0,-1.0,-1.0,-1.0,-1.0,-1.0,-1.0,-1.0,-1.0,-1.0,-1.0,-1.0,-1.0,-1.0,-1.0,-1.0,-1.0,-1.0,1.0,-1.0,-1.0,-1.0,-1.0,-1.0,-1.0,-1.0,-1.0,-1.0,-1.0,-1.0,-1.0,-1.0,-1.0,-1.0,-1.0,-1.0,-1.0,-1.0,-1.0,-1.0,-1.0,-1.0,-1.0,-1.0,-1.0,-1.0,-1.0,-1.0,-1.0,-1.0,-1.0,-1.0,-1.0,-1.0,-1.0,-1.0,-1.0,-1.0,-1.0,-1.0,-1.0,-1.0,-1.0,-1.0,-1.0,-1.0,-1.0,-1.0,-1.0,-1.0,-1.0,-1.0,-1.0,-1.0,-1.0,-1.0,-1.0,-1.0,-1.0,-1.0,-1.0,-1.0,-1.0,-1.0,-1.0,-1.0,-1.0,-1.0,-1.0,-1.0,-1.0,-1.0,-1.0,-1.0,-1.0,-1.0,-1.0,-1.0,-1.0,-1.0,-1.0,-1.0,-1.0,-1.0,-1.0,-1.0,-1.0,-1.0,-1.0,-1.0,-1.0,-1.0,-1.0,-1.0,-1.0,-1.0,-1.0,-1.0,-1.0,-1.0,-1.0,-1.0,-1.0,-1.0,-1.0,-1.0,-1.0,-1.0,-1.0,-1.0,-1.0,-1.0,-1.0,-1.0,-1.0,-1.0,-1.0,-1.0,-1.0,-1.0,-1.0,-1.0,-1.0,-1.0,-1.0,-1.0,-1.0,-1.0,-1.0,-1.0,-1.0,-1.0,-1.0,-1.0,-1.0,-1.0,-1.0,-1.0,-1.0,-1.0,-1.0,-1.0,-1.0,-1.0,-1.0,-1.0,-1.0,-1.0,-1.0,-1.0,-1.0,-1.0,-1.0,-1.0,-1.0,-1.0,-1.0,-1.0,-1.0,-1.0,-1.0,-1.0,-1.0,-1.0,-1.0,-1.0,-1.0,-1.0,-1.0,-1.0,-1.0,-1.0,-1.0,-1.0,-1.0,-1.0,-1.0,-1.0,-1.0,-1.0,-1.0,-1.0,-1.0,-1.0,-1.0,-1.0,-1.0,-1.0,-1.0,-1.0,-1.0,-1.0,-1.0,-1.0,-1.0,-1.0,-1.0,-1.0,-1.0,-1.0,-1.0,-1.0,-1.0,-1.0,-1.0,-1.0,-1.0,-1.0,-1.0,-1.0,-1.0,-1.0,-1.0,-1.0,-1.0,-1.0,-1.0,-1.0,-1.0,-1.0,-1.0,-1.0,-1.0,-1.0,-1.0,-1.0,-1.0,-1.0,-1.0,-1.0,-1.0,-1.0,-1.0,-1.0,-1.0,-1.0,-1.0,-1.0,-1.0
1.0,1.0,1.0,1.0,1.0,1.0,1.0,1.0,1.0,1.0,1.0,1.0,1.0,1.0,1.0,1.0,1.0,1.0,1.0,1.0,1.0,1.0,1.0,1.0,1.0,1.0,1.0,1.0,1.0,1.0,1.0,1.0,1.0,1.0,1.0,1.0,1.0,1.0,1.0,1.0,1.0,1.0,1.0,1.0,1.0,1.0,1.0,1.0,1.0,1.0,1.0,1.0,1.0,1.0,1.0,1.0,1.0,1.0,1.0,1.0,1.0,1.0,1.0,1.0,1.0,1.0,1.0,1.0,1.0,1.0,1.0,1.0,1.0,1.0,1.0,1.0,1.0,1.0,1.0,1.0,1.0,1.0,1.0,1.0,1.0,1.0,1.0,1.0,1.0,1.0,1.0,1.0,1.0,1.0,1.0,1.0,1.0,1.0,1.0,1.0,1.0,1.0,1.0,1.0,1.0,1.0,1.0,1.0,1.0,1.0,1.0,1.0,1.0,1.0,1.0,1.0,1.0,1.0,1.0,1.0,1.0,1.0,1.0,1.0,1.0,1.0,1.0,1.0,1.0,1.0,1.0,1.0,1.0,1.0,1.0,1.0,1.0,1.0,1.0,1.0,1.0,1.0,1.0,1.0,1.0,1.0,1.0,1.0,1.0,1.0,1.0,1.0,1.0,1.0,1.0,1.0,1.0,1.0,1.0,1.0,1.0,1.0,1.0,1.0,1.0,1.0,1.0,1.0,1.0,1.0,1.0,1.0,1.0,1.0,1.0,1.0,1.0,1.0,1.0,1.0,1.0,1.0,1.0,1.0,1.0,1.0,1.0,1.0,1.0,1.0,1.0,1.0,1.0,1.0,1.0,1.0,1.0,1.0,1.0,1.0,1.0,1.0,1.0,1.0,1.0,1.0,1.0,1.0,1.0,1.0,1.0,1.0,1.0,1.0,1.0,1.0,1.0,1.0,1.0,1.0,1.0,1.0,1.0,1.0,1.0,1.0,1.0,1.0,1.0,1.0,1.0,1.0,1.0,1.0,1.0,1.0,1.0,1.0,1.0,1.0,1.0,1.0,1.0,1.0,1.0,1.0,1.0,1.0,1.0,1.0,1.0,1.0,1.0,1.0,1.0,1.0,1.0,1.0,1.0,1.0,1.0,1.0,1.0,1.0,1.0,1.0,1.0,1.0,1.0,1.0,1.0,1.0,1.0,1.0,1.0,1.0,1.0,1.0,1.0,1.0,1.0,1.0,1.0,1.0,1.0,1.0,1.0,1.0,1.0,1.0,1.0,1.0,1.0,1.0,1.0,1.0,1.0,1.0,1.0,1.0,1.0,1.0,1.0,1.0,1.0,1.0,1.0,1.0,1.0,1.0,1.0,1.0,1.0,1.0,1.0,1.0,1.0,1.0,1.0,1.0,1.0,1.0,1.0,1.0,1.0,1.0,1.0,1.0,1.0,1.0,1.0,1.0,1.0,1.0,1.0,1.0,1.0,1.0,1.0,1.0,1.0,1.0,1.0,1.0,1.0,1.0,1.0,1.0,1.0,1.0,1.0,1.0,1.0,1.0,1.0,1.0,1.0,1.0,1.0,1.0,1.0,1.0,1.0,1.0,1.0,1.0,1.0,1.0,1.0,1.0,1.0,1.0,1.0,1.0,1.0,1.0,1.0,1.0,1.0,1.0,1.0,1.0,1.0,1.0,1.0,1.0,1.0,1.0,1.0,1.0,1.0,1.0
0.0,0.0,0.0,0.0,0.0,0.0,0.0,0.0,0.0,0.0,0.0,0.0,0.0,0.0,0.0,0.0,0.0,0.0,0.0,0.0,0.0,0.0,0.0,0.0,0.0,0.0,0.0,0.0,0.0,0.0,0.0,0.0,0.0,0.0,0.0,0.0,0.0,0.0,0.0,0.0,0.0,0.0,0.0,0.0,0.0,0.0,0.0,0.0,0.0,0.0,0.0,0.0,0.0,0.0,0.0,0.0,0.0,0.0,0.0,0.0,0.0,0.0,0.0,0.0,0.0,0.0,0.0,0.0,0.0,0.0,0.0,0.0,0.0,0.0,0.0,0.0,0.0,0.0,0.0,0.0,0.0,0.0,0.0,0.0,0.0,0.0,0.0,0.0,0.0,0.0,0.0,0.0,0.0,0.0,0.0,0.0,0.0,0.0,0.0,0.0,0.0,0.0,0.0,0.0,0.0,0.0,0.0,0.0,0.0,0.0,0.0,0.0,0.0,0.0,0.0,0.0,0.0,0.0,0.0,0.0,0.0,0.0,0.0,0.0,0.0,0.0,0.0,0.0,0.0,0.0,0.0,0.0,0.0,0.0,0.0,0.0,0.0,0.0,0.0,0.0,0.0,0.0,0.0,0.0,0.0,0.0,0.0,0.0,0.0,0.0,0.0,0.0,0.0,0.0,0.0,0.0,0.0,0.0,0.0,0.0,0.0,0.0,0.0,0.0,0.0,0.0,0.0,0.0,0.0,0.0,0.0,0.0,0.0,0.0,0.0,0.0,0.0,0.0,0.0,0.0,0.0,0.0,0.0,0.0,0.0,0.0,0.0,0.0,0.0,0.0,0.0,0.0,0.0,0.0,0.0,0.0,0.0,0.0,0.0,0.0,0.0,0.0,0.0,0.0,0.0,0.0,0.0,0.0,0.0,0.0,0.0,0.0,0.0,0.0,0.0,0.0,0.0,0.0,0.0,0.0,0.0,0.0,0.0,0.0,0.0,0.0,0.0,0.0,0.0,0.0,0.0,0.0,0.0,0.0,0.0,0.0,0.0,0.0,0.0,0.0,0.0,0.0,0.0,0.0,0.0,0.0,0.0,0.0,0.0,0.0,0.0,0.0,0.0,0.0,0.0,0.0,0.0,0.0,0.0,0.0,0.0,0.0,0.0,0.0,0.0,0.0,0.0,0.0,0.0,0.0,0.0,0.0,0.0,0.0,0.0,0.0,0.0,0.0,0.0,0.0,0.0,0.0,0.0,0.0,0.0,0.0,0.0,0.0,0.0,0.0,0.0,0.0,0.0,0.0,0.0,0.0,0.0,0.0,0.0,0.0,0.0,0.0,0.0,0.0,0.0,0.0,0.0,0.0,0.0,0.0,0.0,0.0,0.0,0.0,0.0,0.0,0.0,0.0,0.0,0.0,0.0,0.0,0.0,0.0,0.0,0.0,0.0,0.0,0.0,0.0,0.0,0.0,0.0,0.0,0.0,0.0,0.0,0.0,0.0,0.0,0.0,0.0,0.0,0.0,0.0,0.0,0.0,0.0,0.0,0.0,0.0,0.0,0.0,0.0,0.0,0.0,0.0,0.0,0.0,0.0,0.0,0.0,0.0,0.0,0.0,0.0,0.0,0.0,0.0,0.0,0.0,0.0,0.0,0.0,0.0,0.0,0.0,0.0,0.0,0.0,0.0,0.0,0.0,0.0,0.0,0.0,0.0,0.0,0.0,0.0,0.0,1.0
-0.3771135984758276,1.0,1.0,1.0,1.0,1.0,1.0,1.0,1.0,1.0,1.0,1.0,1.0,1.0,1.0,1.0,1.0,1.0,1.0,1.0,1.0,1.0,1.0,1.0,1.0,1.0,1.0,1.0,1.0,1.0,1.0,1.0,1.0,1.0,1.0,1.0,1.0,1.0,1.0,1.0,1.0,1.0,1.0,1.0,1.0,1.0,1.0,1.0,1.0,1.0,1.0,1.0,1.0,1.0,1.0,1.0,1.0,1.0,1.0,1.0,1.0,1.0,1.0,1.0,1.0,1.0,-0.5495495495495495,-0.5495495495495495,-0.5495495495495495,0.7857142857142858,0.7857142857142858,0.7857142857142858,0.7857142857142858,-0.180327868852459,-0.180327868852459,-0.28,0.5,0.5,0.9359430604982206,1.0,1.0,1.0,1.0,1.0,1.0,1.0,1.0,1.0,1.0,1.0,1.0,1.0,1.0,1.0,1.0,1.0,1.0,1.0,1.0,1.0,1.0,1.0,1.0,1.0,1.0,1.0,1.0,1.0,1.0,1.0,1.0,1.0,1.0,-1.0,-1.0,0.2195121951219512,0.2195121951219512,0.9322033898305084,0.9322033898305084,1.0,1.0,0.3902439024390243,-0.84772849703717,-1.0,-1.0,-1.0,-0.84772849703717,-1.0,-1.0,-1.0,-1.0,-0.84772849703717,-0.84772849703717,-0.84772849703717,-0.84772849703717,-0.84772849703717,-0.84772849703717,-0.84772849703717,-0.84772849703717,-0.84772849703717,-0.84772849703717,-0.84772849703717,-0.84772849703717,-0.84772849703717,-0.84772849703717,-0.84772849703717,-0.84772849703717,-0.84772849703717,-0.84772849703717,-0.84772849703717,-0.84772849703717,-0.5315315315315315,-0.5315315315315315,-0.5315315315315315,0.43999999999999995,0.43999999999999995,1.0,1.0,1.0,1.0,1.0,1.0,1.0,1.0,0.09090909090909083,-1.0,-1.0,1.0,1.0,1.0,1.0,1.0,1.0,1.0,1.0,1.0,1.0,1.0,1.0,1.0,1.0,0.09090909090909083,-0.5292577562508182,1.0,1.0,1.0,-0.6073298429319371,0.8,0.8,-0.9426751592356688,-0.9426751592356688,1.0,1.0,1.0,-0.6073298429319371,0.8,0.8,-0.9426751592356688,-0.9426751592356688,1.0,1.0,1.0,-0.6041666666666667,0.8095238095238095,0.8095238095238095,-0.9428571428571428,-0.9428571428571428,-0.9428571428571428,-0.9428571428571428,-0.9428571428571428,1.0,1.0,1.0,-0.6041666666666667,0.8095238095238095,0.8095238095238095,-0.9428571428571428,-0.9428571428571428,-0.9428571428571428,-0.9428571428571428,-0.9428571428571428,-0.46341463414634143,-0.46341463414634143,-0.8548387096774194,-0.8548387096774194,-0.46341463414634143,-0.46341463414634143,-0.8548387096774194,-0.8548387096774194,-0.543859649122807,-0.543859649122807,0.8,0.8,-0.9428571428571428,-0.9428571428571428,-0.543859649122807,-0.543859649122807,0.8,0.8,-0.9428571428571428,-0.9428571428571428,-0.4246575342465754,-0.4246575342465754,0.7333333333333334,0.7333333333333334,-0.9435736677115988,-0.9435736677115988,-0.4246575342465754,-0.4246575342465754,0.7333333333333334,0.7333333333333334,-0.9435736677115988,-0.9435736677115988,-0.4112359550561798,-0.4112359550561798,0.7647058823529411,0.7647058823529411,-0.9439252336448598,-0.9439252336448598,-0.4112359550561798,-0.4112359550561798,0.7647058823529411,0.7647058823529411,-0.9439252336448598,-0.9439252336448598,-0.4373522458628841,-0.4373522458628841,0.7647058823529411,0.7647058823529411,-0.9421221864951769,-0.9421221864951769,-0.4373522458628841,-0.4373522458628841,0.7647058823529411,0.7647058823529411,-0.9421221864951769,-0.9421221864951769,1.0,1.0,1.0,-0.6756756756756757,0.6666666666666667,0.6666666666666667,-0.943217665615142,-0.943217665615142,1.0,1.0,1.0,-0.6756756756756757,0.6666666666666667,0.6666666666666667,-0.943217665615142,-0.943217665615142,1.0,1.0,1.0,-0.5968992248062015,0.7777777777777777,0.7777777777777777,-0.9430379746835443,-0.9430379746835443,1.0,1.0,1.0,-0.5968992248062015,0.7777777777777777,0.7777777777777777,-0.9430379746835443,-0.9430379746835443,-0.525179856115108,1.0,1.0,1.0,0.7142857142857142,0.7142857142857142,-0.9446153846153846,-0.9446153846153846,-0.525179856115108,1.0,1.0,1.0,0.7142857142857142,0.7142857142857142,-0.9446153846153846,-0.9446153846153846,-0.5292577562508182,0.34899328859060397,0.25373134328358216,0.25373134328358216,0.6444444444444444,0.6444444444444444,0.5,0.5,0.3653846153846154,0.3653846153846154,-0.25,-0.25,1.0,1.0,0.875,1.0,1.0,1.0,1.0,1.0,1.0,1.0,1.0,1.0,1.0,1.0,1.0,0.8878504672897196,1.0,1.0,1.0,1.0,1.0,1.0,1.0,1.0,1.0,1.0,0.8279569892473118,1.0,1.0,1.0,1.0,1.0,1.0,1.0,1.0,0.9019607843137254,1.0,1.0,1.0,1.0,1.0,1.0,1.0,0.8048780487804879,1.0,1.0,1.0,1.0,-1.0,-1.0,-1.0,-1.0,-1.0,0.33944954128440363,-0.37748423182196833
-0.4775130935520587,0.04722599305560278,-0.4775130935520587,-0.4775130935520587,-0.4775130935520587,-0.4775130935520587,-0.4775130935520587,-0.4775130935520587,-0.4775130935520587,-0.4775130935520587,-0.4775130935520587,-0.4775130935520587,-0.4775130935520587,-0.4775130935520587,0.5719650796632643,0.5719650796632643,0.5719650796632643,0.5719650796632643,0.5719650796632643,0.5719650796632643,0.5719650796632643,0.5719650796632643,0.5719650796632643,0.5719650796632643,0.5719650796632643,0.5719650796632643,0.5719650796632643,0.5719650796632643,0.5719650796632643,0.5719650796632643,0.5719650796632643,0.5719650796632643,0.5719650796632643,0.04722599305560278,-0.4775130935520587,-0.4775130935520587,-0.4775130935520587,-0.4775130935520587,-0.4775130935520587,-0.4775130935520587,-0.4775130935520587,-0.4775130935520587,0.04722599305560278,0.04722599305560278,0.04722599305560278,0.04722599305560278,0.04722599305560278,0.04722599305560278,0.04722599305560278,0.04722599305560278,0.04722599305560278,0.04722599305560278,0.04722599305560278,0.04722599305560278,0.04722599305560278,0.04722599305560278,0.04722599305560278,0.04722599305560278,0.04722599305560278,0.04722599305560278,0.04722599305560278,0.04722599305560278,0.04722599305560278,0.04722599305560278,0.04722599305560278,0.04722599305560278,0.04722599305560278,0.04722599305560278,0.04722599305560278,0.5719650796632643,0.5719650796632643,0.5719650796632643,0.5719650796632643,0.5719650796632643,0.5719650796632643,-0.4775130935520587,2.1461823394862485,2.1461823394862485,0.04722599305560278,0.04722599305560278,0.04722599305560278,0.04722599305560278,0.04722599305560278,0.04722599305560278,0.04722599305560278,-0.4775130935520587,-0.4775130935520587,0.5719650796632643,0.5719650796632643,0.5719650796632643,0.5719650796632643,0.5719650796632643,0.5719650796632643,-0.4775130935520587,-0.4775130935520587,-1.0022521801597202,-1.0022521801597202,0.04722599305560278,0.04722599305560278,-1.0022521801597202,-1.0022521801597202,1.0967041662709258,1.0967041662709258,0.5719650796632643,0.5719650796632643,0.04722599305560278,0.04722599305560278,-0.4775130935520587,-0.4775130935520587,0.5719650796632643,0.5719650796632643,1.0967041662709258,1.0967041662709258,1.0967041662709258,1.0967041662709258,-0.4775130935520587,-0.4775130935520587,-0.4775130935520587,-0.4775130935520587,0.04722599305560278,0.04722599305560278,-0.4775130935520587,-0.4775130935520587,-0.4775130935520587,-0.4775130935520587,-0.4775130935520587,-0.4775130935520587,-0.4775130935520587,-0.4775130935520587,-0.4775130935520587,-0.4775130935520587,-0.4775130935520587,-0.4775130935520587,-0.4775130935520587,-0.4775130935520587,-0.4775130935520587,-0.4775130935520587,-0.4775130935520587,-0.4775130935520587,-0.4775130935520587,-0.4775130935520587,-0.4775130935520587,-0.4775130935520587,-0.4775130935520587,-0.4775130935520587,-0.4775130935520587,-0.4775130935520587,-0.4775130935520587,-0.4775130935520587,-0.4775130935520587,-0.4775130935520587,0.04722599305560278,0.04722599305560278,0.04722599305560278,0.04722599305560278,0.04722599305560278,-0.4775130935520587,-0.4775130935520587,0.5719650796632643,0.5719650796632643,0.04722599305560278,0.04722599305560278,0.04722599305560278,0.04722599305560278,0.04722599305560278,0.04722599305560278,0.04722599305560278,-0.4775130935520587,-1.0022521801597202,-1.0022521801597202,0.5719650796632643,0.5719650796632643,-1.0022521801597202,-1.0022521801597202,0.04722599305560278,0.04722599305560278,-1.0022521801597202,-1.0022521801597202,-0.4775130935520587,-0.4775130935520587,-0.4775130935520587,0.04722599305560278,-0.4775130935520587,-1.0022521801597202,-1.0022521801597202,-0.4775130935520587,-0.4775130935520587,-0.4775130935520587,-0.4775130935520587,-0.4775130935520587,-0.4775130935520587,-1.0022521801597202,-1.0022521801597202,-0.4775130935520587,-0.4775130935520587,-0.4775130935520587,-0.4775130935520587,-0.4775130935520587,-0.4775130935520587,-1.0022521801597202,-1.0022521801597202,0.04722599305560278,-0.4775130935520587,-1.0022521801597202,-1.0022521801597202,-0.4775130935520587,-0.4775130935520587,-0.4775130935520587,-0.4775130935520587,-0.4775130935520587,-1.0022521801597202,-1.0022521801597202,0.04722599305560278,-0.4775130935520587,-1.0022521801597202,-1.0022521801597202,-0.4775130935520587,-0.4775130935520587,-0.4775130935520587,-0.4775130935520587,-0.4775130935520587,-0.4775130935520587,-0.4775130935520587,0.04722599305560278,0.04722599305560278,-0.4775130935520587,-0.4775130935520587,0.04722599305560278,0.04722599305560278,-0.4775130935520587,-0.4775130935520587,-0.4775130935520587,-0.4775130935520587,-0.4775130935520587,-0.4775130935520587,-0.4775130935520587,-0.4775130935520587,-0.4775130935520587,-0.4775130935520587,-0.4775130935520587,-0.4775130935520587,-0.4775130935520587,-0.4775130935520587,-0.4775130935520587,-0.4775130935520587,-0.4775130935520587,-0.4775130935520587,-0.4775130935520587,-0.4775130935520587,-0.4775130935520587,-0.4775130935520587,-0.4775130935520587,-0.4775130935520587,0.04722599305560278,0.04722599305560278,0.04722599305560278,0.04722599305560278,0.04722599305560278,0.04722599305560278,0.04722599305560278,0.04722599305560278,0.04722599305560278,0.04722599305560278,0.04722599305560278,0.04722599305560278,-1.0022521801597202,-1.0022521801597202,0.04722599305560278,0.04722599305560278,-0.4775130935520587,-0.4775130935520587,-1.0022521801597202,-1.0022521801597202,0.04722599305560278,0.04722599305560278,-0.4775130935520587,-0.4775130935520587,-1.0022521801597202,-1.0022521801597202,-1.0022521801597202,-0.4775130935520587,-1.0022521801597202,-1.0022521801597202,-0.4775130935520587,-0.4775130935520587,-1.0022521801597202,-1.0022521801597202,-1.0022521801597202,-0.4775130935520587,-1.0022521801597202,-1.0022521801597202,-0.4775130935520587,-0.4775130935520587,-1.0022521801597202,-1.0022521801597202,0.04722599305560278,-0.4775130935520587,0.04722599305560278,0.04722599305560278,-0.4775130935520587,-0.4775130935520587,-1.0022521801597202,-1.0022521801597202,0.04722599305560278,-0.4775130935520587,0.04722599305560278,0.04722599305560278,-0.4775130935520587,-0.4775130935520587,-0.4775130935520587,-0.4775130935520587,-0.4775130935520587,-0.4775130935520587,-0.4775130935520587,-0.4775130935520587,-0.4775130935520587,-0.4775130935520587,-0.4775130935520587,-0.4775130935520587,-0.4775130935520587,-0.4775130935520587,-0.4775130935520587,-0.4775130935520587,-0.4775130935520587,-0.4775130935520587,-0.4775130935520587,0.04722599305560278,0.5719650796632643,0.5719650796632643,-0.4775130935520587,-0.4775130935520587,-0.4775130935520587,-0.4775130935520587,0.04722599305560278,0.04722599305560278,0.5719650796632643,0.5719650796632643,1.0967041662709258,1.0967041662709258,0.04722599305560278,-0.4775130935520587,-0.4775130935520587,-0.4775130935520587,-0.4775130935520587,-0.4775130935520587,-0.4775130935520587,-0.4775130935520587,-0.4775130935520587,-0.4775130935520587,-0.4775130935520587,-0.4775130935520587,-0.4775130935520587,0.04722599305560278,0.04722599305560278,0.04722599305560278,0.04722599305560278,0.04722599305560278,0.04722599305560278,0.04722599305560278,0.04722599305560278,0.04722599305560278,0.04722599305560278,0.04722599305560278,0.04722599305560278,-0.4775130935520587,-0.4775130935520587,-0.4775130935520587,-0.4775130935520587,-0.4775130935520587,-0.4775130935520587,-0.4775130935520587,-0.4775130935520587,0.04722599305560278,0.04722599305560278,0.04722599305560278,0.04722599305560278,0.04722599305560278,0.04722599305560278,0.04722599305560278,0.04722599305560278,0.04722599305560278,0.04722599305560278,0.04722599305560278,0.04722599305560278,0.04722599305560278,-1.0022521801597202,-1.0022521801597202,-1.0022521801597202,-1.0022521801597202,-1.0022521801597202,0.04722599305560278,-0.4775130935520587
1.0,-1.0,-1.0,-1.0,-1.0,-1.0,-1.0,-1.0,-1.0,-1.0,-1.0,-1.0,-1.0,-1.0,-1.0,-1.0,-1.0,-1.0,-1.0,-1.0,-1.0,-1.0,-1.0,-1.0,-1.0,-1.0,-1.0,-1.0,-1.0,-1.0,-1.0,-1.0,-1.0,1.0,1.0,1.0,1.0,1.0,1.0,1.0,1.0,1.0,-1.0,-1.0,-1.0,-1.0,-1.0,-1.0,-1.0,-1.0,-1.0,-1.0,-1.0,1.0,1.0,1.0,1.0,1.0,1.0,1.0,1.0,1.0,1.0,1.0,1.0,1.0,-1.0,-1.0,-1.0,-1.0,-1.0,-1.0,-1.0,-1.0,-1.0,-1.0,-1.0,-1.0,1.0,-1.0,-1.0,1.0,1.0,-1.0,-1.0,1.0,1.0,1.0,1.0,1.0,1.0,1.0,1.0,1.0,1.0,1.0,1.0,-1.0,-1.0,-1.0,-1.0,-1.0,-1.0,1.0,1.0,1.0,1.0,1.0,1.0,1.0,1.0,-1.0,-1.0,-1.0,-1.0,1.0,1.0,1.0,1.0,1.0,1.0,1.0,1.0,1.0,1.0,1.0,1.0,1.0,1.0,1.0,1.0,1.0,1.0,1.0,1.0,1.0,1.0,1.0,1.0,1.0,1.0,1.0,1.0,1.0,1.0,1.0,1.0,1.0,1.0,1.0,1.0,1.0,1.0,1.0,1.0,1.0,1.0,1.0,-1.0,-1.0,1.0,1.0,1.0,1.0,1.0,1.0,1.0,1.0,-1.0,-1.0,-1.0,-1.0,-1.0,-1.0,1.0,1.0,-1.0,-1.0,1.0,1.0,1.0,1.0,1.0,-1.0,-1.0,-1.0,1.0,-1.0,-1.0,1.0,1.0,-1.0,-1.0,-1.0,1.0,-1.0,-1.0,1.0,1.0,-1.0,-1.0,-1.0,1.0,-1.0,-1.0,1.0,1.0,1.0,1.0,1.0,-1.0,-1.0,-1.0,1.0,-1.0,-1.0,1.0,1.0,1.0,1.0,1.0,1.0,1.0,1.0,1.0,1.0,1.0,1.0,1.0,1.0,1.0,-1.0,-1.0,1.0,1.0,1.0,1.0,-1.0,-1.0,1.0,1.0,1.0,1.0,-1.0,-1.0,1.0,1.0,1.0,1.0,-1.0,-1.0,1.0,1.0,1.0,1.0,-1.0,-1.0,1.0,1.0,1.0,1.0,-1.0,-1.0,1.0,1.0,1.0,1.0,-1.0,-1.0,1.0,1.0,1.0,1.0,-1.0,-1.0,1.0,1.0,-1.0,-1.0,-1.0,1.0,-1.0,-1.0,1.0,1.0,-1.0,-1.0,-1.0,1.0,-1.0,-1.0,1.0,1.0,-1.0,-1.0,-1.0,1.0,-1.0,-1.0,1.0,1.0,-1.0,-1.0,-1.0,1.0,-1.0,-1.0,1.0,1.0,1.0,1.0,1.0,1.0,-1.0,-1.0,1.0,1.0,1.0,1.0,1.0,1.0,-1.0,-1.0,1.0,1.0,1.0,1.0,-1.0,-1.0,1.0,1.0,1.0,1.0,1.0,1.0,-1.0,-1.0,-1.0,-1.0,-1.0,-1.0,-1.0,-1.0,-1.0,-1.0,-1.0,-1.0,-1.0,-1.0,-1.0,-1.0,-1.0,-1.0,-1.0,-1.0,-1.0,-1.0,-1.0,-1.0,-1.0,-1.0,-1.0,-1.0,1.0,1.0,1.0,1.0,1.0,1.0,1.0,1.0,1.0,1.0,1.0,1.0,1.0,1.0,1.0,1.0,1.0,-1.0,-1.0,-1.0,-1.0,-1.0,-1.0,-1.0,-1.0,-1.0,-1.0,1.0,1.0
-0.6812931743593381,-2.446043165467626,-2.446043165467626,-2.446043165467626,-2.446043165467626,-2.446043165467626,-2.446043165467626,-2.446043165467626,-2.446043165467626,-2.446043165467626,-2.446043165467626,-2.446043165467626,-2.446043165467626,-2.446043165467626,-2.446043165467626,-2.446043165467626,-2.446043165467626,-2.446043165467626,-2.446043165467626,-2.446043165467626,-2.446043165467626,-2.446043165467626,-2.446043165467626,-2.446043165467626,-2.446043165467626,-2.446043165467626,-2.446043165467626,-2.446043165467626,-2.446043165467626,-2.446043165467626,-2.446043165467626,-2.446043165467626,-2.446043165467626,-1.676605239872273,-1.6285153695225636,-1.6285153695225636,-1.6285153695225636,-1.6285153695225636,-1.6285153695225636,-1.6285153695225636,-1.6285153695225636,-1.6285153695225636,-2.446043165467626,-2.446043165467626,-2.446043165467626,-2.446043165467626,-2.446043165467626,-2.446043165467626,-2.446043165467626,-2.446043165467626,-2.446043165467626,-2.446043165467626,-2.446043165467626,-2.1346040051076023,-2.119032047089601,-2.119032047089601,-2.119032047089601,-2.119032047089601,-2.119032047089601,-2.119032047089601,-2.119032047089601,-2.119032047089601,-2.119032047089601,-2.119032047089601,-2.119032047089601,-2.119032047089601,-2.446043165467626,-2.446043165467626,-2.446043165467626,-2.446043165467626,-2.446043165467626,-2.446043165467626,-2.446043165467626,-2.446043165467626,-2.446043165467626,-2.446043165467626,-2.446043165467626,-2.446043165467626,-1.4680659890099814,-2.446043165467626,-2.446043165467626,-1.1379986919555263,-1.1379986919555263,-2.446043165467626,-2.446043165467626,-1.7193517912942373,-1.7193517912942373,-1.6285153695225636,-1.6285153695225636,-0.8109875735775016,-0.8109875735775016,-0.8109875735775016,-0.8109875735775016,0.006540222367560503,0.006540222367560503,-0.577408203307484,-0.577408203307484,-2.446043165467626,-2.446043165467626,-2.446043165467626,-2.446043165467626,-2.446043165467626,-2.446043165467626,-1.439855108919857,-1.439855108919857,-0.8109875735775016,-0.8109875735775016,-0.8109875735775016,-0.8109875735775016,-1.2569118259111718,-1.2569118259111718,-2.446043165467626,-2.446043165467626,-2.446043165467626,-2.446043165467626,-2.1616856712258654,-2.1616856712258654,-1.8514774956893987,-1.8514774956893987,-1.6285153695225636,-1.6285153695225636,-2.061324202669949,-0.3121570540178026,-0.8888473636675076,-0.8888473636675076,-0.8888473636675076,-0.3121570540178026,-0.2659690429474603,-0.2659690429474603,-0.2659690429474603,-0.2659690429474603,-0.3121570540178026,-0.3121570540178026,-0.3121570540178026,-0.3121570540178026,-0.3121570540178026,-0.3121570540178026,-0.3121570540178026,-0.3121570540178026,-0.3121570540178026,-0.3121570540178026,-0.3121570540178026,-0.3121570540178026,-0.3121570540178026,-0.3121570540178026,-0.3121570540178026,-0.3121570540178026,-0.3121570540178026,-0.3121570540178026,-0.3121570540178026,-0.3121570540178026,-0.6293147300341544,-0.6293147300341544,-0.6293147300341544,-0.8109875735775016,-0.8109875735775016,0.006540222367560503,0.006540222367560503,-2.446043165467626,-2.446043165467626,-0.8109875735775016,-0.8109875735775016,-1.5117256843875548,-1.5117256843875548,-1.5822402112615224,-0.9071673142769207,-0.9071673142769207,-1.832897318508829,-2.446043165467626,-2.446043165467626,-2.446043165467626,-2.446043165467626,-2.446043165467626,-2.446043165467626,-1.1379986919555263,-1.1379986919555263,-2.446043165467626,-2.446043165467626,-0.8109875735775016,-0.8109875735775016,-1.8131184202198356,-1.5822402112615224,-0.46096100991773886,-2.446043165467626,-2.446043165467626,-2.446043165467626,-0.5503265371892209,-2.446043165467626,-2.446043165467626,-0.1512282996569253,-0.1512282996569253,-2.446043165467626,-2.446043165467626,-2.446043165467626,-0.5503265371892209,-2.446043165467626,-2.446043165467626,-0.1512282996569253,-0.1512282996569253,-2.446043165467626,-2.446043165467626,-2.446043165467626,-0.027056810342510677,-2.446043165467626,-2.446043165467626,0.4857806544732866,0.4857806544732866,0.4857806544732866,0.4857806544732866,0.4857806544732866,-2.446043165467626,-2.446043165467626,-2.446043165467626,-0.027056810342510677,-2.446043165467626,-2.446043165467626,0.4857806544732866,0.4857806544732866,0.4857806544732866,0.4857806544732866,0.4857806544732866,-1.0445669438475194,-1.0445669438475194,-0.4839764551994768,-0.4839764551994768,-1.0445669438475194,-1.0445669438475194,-0.4839764551994768,-0.4839764551994768,-0.7437935081573596,-0.7437935081573596,-2.446043165467626,-2.446043165467626,-0.4163189824316095,-0.4163189824316095,-0.7437935081573596,-0.7437935081573596,-2.446043165467626,-2.446043165467626,-0.4163189824316095,-0.4163189824316095,-0.5900341152139714,-0.5900341152139714,-2.446043165467626,-2.446043165467626,-0.2248355689376459,-0.2248355689376459,-0.5900341152139714,-0.5900341152139714,-2.446043165467626,-2.446043165467626,-0.2248355689376459,-0.2248355689376459,-1.0033470549763397,-1.0033470549763397,-2.446043165467626,-2.446043165467626,-0.7455853499018965,-0.7455853499018965,-1.0033470549763397,-1.0033470549763397,-2.446043165467626,-2.446043165467626,-0.7455853499018965,-0.7455853499018965,-0.23970308966408485,-0.23970308966408485,-2.446043165467626,-2.446043165467626,0.1474932906339506,0.1474932906339506,-0.23970308966408485,-0.23970308966408485,-2.446043165467626,-2.446043165467626,0.1474932906339506,0.1474932906339506,-2.446043165467626,-2.446043165467626,-2.446043165467626,-0.1431479656223806,-2.446043165467626,-2.446043165467626,0.2602557452470625,0.2602557452470625,-2.446043165467626,-2.446043165467626,-2.446043165467626,-0.1431479656223806,-2.446043165467626,-2.446043165467626,0.2602557452470625,0.2602557452470625,-2.446043165467626,-2.446043165467626,-2.446043165467626,-0.6186280921786634,-2.446043165467626,-2.446043165467626,-0.2659690429474603,-0.2659690429474603,-2.446043165467626,-2.446043165467626,-2.446043165467626,-0.6186280921786634,-2.446043165467626,-2.446043165467626,-0.2659690429474603,-0.2659690429474603,-0.027056810342510677,-0.11024946276744832,-0.11024946276744832,-0.11024946276744832,-2.446043165467626,-2.446043165467626,0.218491873168132,0.218491873168132,-0.027056810342510677,-0.11024946276744832,-0.11024946276744832,-0.11024946276744832,-2.446043165467626,-2.446043165467626,0.218491873168132,0.218491873168132,-0.46096100991773886,-1.1379986919555263,-2.446043165467626,-2.446043165467626,-0.9926604171208488,-0.9926604171208488,-1.9010246348375845,-1.9010246348375845,-0.13772938868156795,-0.13772938868156795,-2.446043165467626,-2.446043165467626,-2.446043165467626,-2.446043165467626,-2.446043165467626,-2.446043165467626,-2.446043165467626,-2.446043165467626,-2.446043165467626,-2.446043165467626,-2.446043165467626,-2.446043165467626,-2.446043165467626,-2.446043165467626,-2.446043165467626,-2.446043165467626,-2.446043165467626,-2.446043165467626,-2.446043165467626,-2.446043165467626,-2.446043165467626,-2.446043165467626,-2.446043165467626,-2.446043165467626,-2.446043165467626,-2.446043165467626,-2.446043165467626,-2.446043165467626,-1.676605239872273,-1.6285153695225636,-1.6285153695225636,-1.6285153695225636,-1.6285153695225636,-1.6285153695225636,-1.6285153695225636,-1.6285153695225636,-1.6285153695225636,-2.037279267495095,-2.0100283409635926,-2.0100283409635926,-2.0100283409635926,-2.0100283409635926,-2.0100283409635926,-2.0100283409635926,-2.0100283409635926,-2.446043165467626,-2.446043165467626,-2.446043165467626,-2.446043165467626,-2.446043165467626,-2.446043165467626,-2.446043165467626,-2.446043165467626,-2.446043165467626,-2.446043165467626,-2.1018209355960207,-0.6819042373756496
1.0,-1.0,-1.0,-1.0,-1.0,-1.0,-1.0,-1.0,-1.0,-1.0,-1.0,-1.0,-1.0,-1.0,1.0,1.0,1.0,1.0,1.0,1.0,1.0,1.0,1.0,1.0,1.0,-1.0,-1.0,-1.0,-1.0,-1.0,-1.0,-1.0,-1.0,-1.0,-1.0,-1.0,-1.0,-1.0,-1.0,-1.0,-1.0,-1.0,-1.0,-1.0,-1.0,-1.0,-1.0,-1.0,-1.0,-1.0,-1.0,-1.0,-1.0,-1.0,-1.0,-1.0,-1.0,-1.0,-1.0,-1.0,-1.0,-1.0,-1.0,-1.0,-1.0,-1.0,-1.0,-1.0,-1.0,-1.0,-1.0,-1.0,-1.0,-1.0,-1.0,-1.0,-1.0,-1.0,1.0,-1.0,-1.0,1.0,1.0,-1.0,-1.0,-1.0,-1.0,-1.0,-1.0,-1.0,-1.0,-1.0,-1.0,-1.0,-1.0,-1.0,-1.0,-1.0,-1.0,-1.0,-1.0,-1.0,-1.0,-1.0,-1.0,-1.0,-1.0,-1.0,-1.0,-1.0,-1.0,-1.0,-1.0,-1.0,-1.0,1.0,1.0,1.0,1.0,1.0,1.0,1.0,1.0,1.0,1.0,1.0,1.0,-1.0,-1.0,-1.0,-1.0,1.0,1.0,1.0,1.0,1.0,1.0,1.0,1.0,1.0,1.0,1.0,1.0,1.0,1.0,1.0,1.0,1.0,1.0,1.0,1.0,1.0,1.0,1.0,-1.0,-1.0,-1.0,-1.0,-1.0,-1.0,-1.0,-1.0,-1.0,-1.0,-1.0,-1.0,-1.0,-1.0,-1.0,-1.0,-1.0,-1.0,-1.0,-1.0,-1.0,-1.0,-1.0,-1.0,-1.0,-1.0,-1.0,-1.0,1.0,-1.0,-1.0,-1.0,1.0,1.0,1.0,-1.0,-1.0,-1.0,-1.0,-1.0,1.0,1.0,1.0,-1.0,-1.0,-1.0,-1.0,-1.0,1.0,1.0,1.0,-1.0,-1.0,-1.0,-1.0,-1.0,-1.0,-1.0,-1.0,1.0,1.0,1.0,-1.0,-1.0,-1.0,-1.0,-1.0,-1.0,-1.0,-1.0,-1.0,-1.0,-1.0,-1.0,-1.0,1.0,1.0,1.0,1.0,-1.0,-1.0,1.0,1.0,1.0,1.0,-1.0,-1.0,1.0,1.0,1.0,1.0,-1.0,-1.0,1.0,1.0,1.0,1.0,-1.0,-1.0,1.0,1.0,1.0,1.0,-1.0,-1.0,1.0,1.0,1.0,1.0,-1.0,-1.0,1.0,1.0,1.0,1.0,-1.0,-1.0,1.0,1.0,1.0,1.0,-1.0,-1.0,-1.0,-1.0,-1.0,1.0,1.0,1.0,-1.0,-1.0,-1.0,-1.0,-1.0,1.0,1.0,1.0,-1.0,-1.0,-1.0,-1.0,-1.0,1.0,1.0,1.0,-1.0,-1.0,-1.0,-1.0,-1.0,1.0,1.0,1.0,-1.0,-1.0,1.0,-1.0,-1.0,-1.0,1.0,1.0,-1.0,-1.0,1.0,-1.0,-1.0,-1.0,1.0,1.0,-1.0,-1.0,1.0,1.0,-1.0,-1.0,-1.0,-1.0,1.0,1.0,-1.0,-1.0,-1.0,-1.0,-1.0,-1.0,-1.0,-1.0,-1.0,-1.0,-1.0,-1.0,-1.0,-1.0,-1.0,-1.0,-1.0,-1.0,-1.0,-1.0,-1.0,-1.0,-1.0,-1.0,-1.0,-1.0,-1.0,-1.0,-1.0,-1.0,-1.0,-1.0,-1.0,-1.0,-1.0,-1.0,-1.0,-1.0,-1.0,-1.0,-1.0,-1.0,-1.0,-1.0,-1.0,-1.0,-1.0,-1.0,-1.0,-1.0,-1.0,-1.0,-1.0,-1.0,-1.0,-1.0,-1.0,-1.0,1.0
1.0,-1.0,-1.0,-1.0,-1.0,-1.0,-1.0,-1.0,-1.0,-1.0,-1.0,-1.0,-1.0,-1.0,-1.0,-1.0,-1.0,-1.0,-1.0,-1.0,-1.0,-1.0,-1.0,-1.0,-1.0,-1.0,-1.0,-1.0,-1.0,-1.0,-1.0,-1.0,-1.0,-1.0,-1.0,-1.0,-1.0,-1.0,-1.0,-1.0,-1.0,-1.0,-1.0,-1.0,-1.0,-1.0,-1.0,-1.0,-1.0,-1.0,-1.0,-1.0,-1.0,-1.0,-1.0,-1.0,-1.0,-1.0,-1.0,-1.0,-1.0,-1.0,-1.0,-1.0,-1.0,-1.0,-1.0,-1.0,-1.0,-1.0,-1.0,-1.0,-1.0,-1.0,-1.0,-1.0,-1.0,-1.0,1.0,-1.0,-1.0,-1.0,-1.0,-1.0,-1.0,-1.0,-1.0,-1.0,-1.0,-1.0,-1.0,-1.0,-1.0,-1.0,-1.0,-1.0,-1.0,-1.0,-1.0,-1.0,-1.0,1.0,1.0,-1.0,-1.0,-1.0,-1.0,-1.0,-1.0,-1.0,-1.0,-1.0,-1.0,-1.0,-1.0,-1.0,-1.0,-1.0,-1.0,-1.0,-1.0,-1.0,-1.0,-1.0,-1.0,-1.0,-1.0,-1.0,-1.0,-1.0,-1.0,-1.0,-1.0,-1.0,-1.0,-1.0,-1.0,-1.0,-1.0,-1.0,-1.0,-1.0,-1.0,-1.0,-1.0,-1.0,-1.0,-1.0,-1.0,-1.0,-1.0,-1.0,-1.0,-1.0,-1.0,-1.0,-1.0,-1.0,-1.0,-1.0,-1.0,-1.0,-1.0,-1.0,-1.0,-1.0,-1.0,-1.0,-1.0,-1.0,-1.0,-1.0,-1.0,-1.0,-1.0,-1.0,-1.0,-1.0,-1.0,-1.0,-1.0,-1.0,1.0,-1.0,-1.0,-1.0,1.0,-1.0,-1.0,-1.0,-1.0,-1.0,-1.0,-1.0,1.0,-1.0,-1.0,-1.0,-1.0,-1.0,-1.0,-1.0,-1.0,-1.0,-1.0,-1.0,-1.0,-1.0,-1.0,-1.0,-1.0,-1.0,-1.0,-1.0,-1.0,-1.0,-1.0,-1.0,-1.0,-1.0,-1.0,-1.0,-1.0,-1.0,-1.0,-1.0,-1.0,-1.0,-1.0,-1.0,-1.0,-1.0,-1.0,-1.0,-1.0,-1.0,-1.0,-1.0,-1.0,-1.0,-1.0,-1.0,-1.0,-1.0,-1.0,-1.0,-1.0,-1.0,-1.0,-1.0,-1.0,-1.0,-1.0,-1.0,-1.0,-1.0,-1.0,-1.0,-1.0,-1.0,-1.0,-1.0,-1.0,-1.0,-1.0,-1.0,-1.0,-1.0,-1.0,-1.0,-1.0,-1.0,-1.0,-1.0,-1.0,-1.0,-1.0,-1.0,-1.0,-1.0,-1.0,-1.0,-1.0,-1.0,-1.0,-1.0,-1.0,-1.0,-1.0,-1.0,-1.0,-1.0,-1.0,-1.0,-1.0,-1.0,-1.0,-1.0,-1.0,-1.0,-1.0,-1.0,-1.0,-1.0,-1.0,-1.0,-1.0,-1.0,-1.0,-1.0,-1.0,-1.0,-1.0,-1.0,-1.0,-1.0,-1.0,-1.0,-1.0,-1.0,-1.0,-1.0,-1.0,-1.0,-1.0,1.0,-1.0,-1.0,-1.0,-1.0,-1.0,-1.0,-1.0,-1.0,-1.0,-1.0,-1.0,-1.0,-1.0,-1.0,-1.0,-1.0,-1.0,-1.0,-1.0,-1.0,-1.0,-1.0,-1.0,-1.0,-1.0,-1.0,-1.0,-1.0,-1.0,-1.0,-1.0,-1.0,-1.0,-1.0,-1.0,-1.0,-1.0,-1.0,-1.0,-1.0,-1.0,-1.0,-1.0,-1.0,-1.0,-1.0,-1.0,-1.0,-1.0,-1.0,-1.0,-1.0,-1.0,-1.0,-1.0,-1.0,-1.0,-1.0,-1.0,-1.0,-1.0,-1.0,-1.0,-1.0,-1.0,1.0
1.742474785889759,-0.5512702964462444,-0.5824344901372128,-0.5824344901372128,-0.5824344901372128,-0.5824344901372128,-0.5824344901372128,-0.5824344901372128,-0.5824344901372128,-0.5824344901372128,-0.5824344901372128,-0.5824344901372128,-0.5824344901372128,-0.5824344901372128,-0.3797262589529182,-0.40109179602679423,-0.40109179602679423,-0.40109179602679423,-0.40109179602679423,-0.40109179602679423,-0.40109179602679423,-0.40109179602679423,-0.40109179602679423,-0.40109179602679423,-0.40109179602679423,-0.7988507284353313,-0.838928682527586,-0.838928682527586,-0.838928682527586,-0.838928682527586,-0.838928682527586,-0.838928682527586,-0.838928682527586,-0.6807033727710262,-0.7222676185731274,-0.7222676185731274,-0.7222676185731274,-0.7222676185731274,-0.7222676185731274,-0.7222676185731274,-0.7222676185731274,-0.7222676185731274,-0.6201734418402309,-0.6471399454012805,-0.6471399454012805,-0.6471399454012805,-0.6471399454012805,-0.6471399454012805,-0.6471399454012805,-0.6471399454012805,-0.6471399454012805,-0.6471399454012805,-0.6471399454012805,-0.5512702964462444,-0.5705030406020889,-0.5705030406020889,-0.5705030406020889,-0.5705030406020889,-0.5705030406020889,-0.5705030406020889,-0.5705030406020889,-0.5705030406020889,-0.5705030406020889,-0.5705030406020889,-0.5705030406020889,-0.5705030406020889,-0.6030232704147972,-0.6030232704147972,-0.6030232704147972,-1.2466334064601852,-1.2466334064601852,-1.2466334064601852,-1.2466334064601852,-0.8827692223489199,-0.8827692223489199,-1.2995907360428969,-1.6355140186915886,-1.6355140186915886,0.5830806456859092,-1.1559062969083356,-1.1559062969083356,-0.9063350418007386,-0.9063350418007386,-0.6807033727710262,-0.6807033727710262,-0.6517896327158449,-0.6517896327158449,-0.574446437165577,-0.574446437165577,-0.8983469888291029,-0.8983469888291029,-0.8983469888291029,-0.8983469888291029,-0.690753001378953,-0.690753001378953,-0.8603350077758544,-0.8603350077758544,-0.9947658827533218,-0.9947658827533218,-1.1039317010624365,-1.1039317010624365,-0.8751708481097702,-0.8751708481097702,-0.3469647794262703,-0.3469647794262703,-0.9947658827533218,-0.9947658827533218,-1.0799628719093755,-1.0799628719093755,-0.40936262644707533,-0.40936262644707533,-0.7222676185731274,-0.7222676185731274,-1.214393746886843,-1.214393746886843,-0.5550540395455995,-0.5550540395455995,-0.8983469888291029,-0.8983469888291029,-1.014653553042479,-1.014653553042479,-0.7445237162316573,1.2266218614904993,-0.558868670685394,-0.558868670685394,-0.558868670685394,1.2266218614904993,0.0018163864983825905,0.0018163864983825905,0.0018163864983825905,0.0018163864983825905,1.2266218614904993,1.2266218614904993,1.2266218614904993,1.2266218614904993,1.2266218614904993,1.2266218614904993,1.2266218614904993,1.2266218614904993,1.2266218614904993,1.2266218614904993,1.2266218614904993,1.2266218614904993,1.2266218614904993,1.2266218614904993,1.2266218614904993,1.2266218614904993,1.2266218614904993,1.2266218614904993,1.2266218614904993,1.2266218614904993,-0.6030232704147972,-0.6030232704147972,-0.6030232704147972,-1.2995907360428969,-1.2995907360428969,-0.690753001378953,-0.690753001378953,-0.7332631781106012,-0.7332631781106012,-0.6807033727710262,-0.6807033727710262,-0.6807033727710262,-0.6807033727710262,-0.12612159674132054,-0.6115196812013348,-0.6115196812013348,-0.40936262644707533,-1.4798068485718616,-1.4798068485718616,-1.3810642814376528,-1.3810642814376528,-1.4798068485718616,-1.4798068485718616,-1.199071399773296,-1.199071399773296,-1.508136111102906,-1.508136111102906,-1.014653553042479,-1.014653553042479,-0.4263568526951478,-0.12612159674132054,1.374309338103439,-1.6355140186915886,-1.6355140186915886,-1.4798068485718616,-0.025504388501600334,-1.4038634235729013,-1.4038634235729013,-0.1171060813512836,-0.1171060813512836,-1.6355140186915886,-1.6355140186915886,-1.4798068485718616,-0.025504388501600334,-1.4038634235729013,-1.4038634235729013,-0.1171060813512836,-0.1171060813512836,-1.6355140186915886,-1.6355140186915886,-1.3385541047060048,-0.02306422776274444,-1.3810642814376528,-1.3810642814376528,-0.11562026223101257,-0.11562026223101257,-0.11562026223101257,-0.11562026223101257,-0.11562026223101257,-1.6355140186915886,-1.6355140186915886,-1.3385541047060048,-0.02306422776274444,-1.3810642814376528,-1.3810642814376528,-0.11562026223101257,-0.11562026223101257,-0.11562026223101257,-0.11562026223101257,-0.11562026223101257,-0.4206231645681314,-0.4206231645681314,-0.5512702964462444,-0.5512702964462444,-0.4206231645681314,-0.4206231645681314,-0.5512702964462444,-0.5512702964462444,-0.005158216406605738,-0.005158216406605738,-1.4038634235729013,-1.4038634235729013,-0.11562026223101257,-0.11562026223101257,-0.005158216406605738,-0.005158216406605738,-1.4038634235729013,-1.4038634235729013,-0.11562026223101257,-0.11562026223101257,0.03842005157777867,0.03842005157777867,-1.5382942985503691,-1.5382942985503691,-0.10972378374539982,-0.10972378374539982,0.03842005157777867,0.03842005157777867,-1.5382942985503691,-1.5382942985503691,-0.10972378374539982,-0.10972378374539982,0.04582910381600006,0.04582910381600006,-1.4798068485718616,-1.4798068485718616,-0.10680321349064682,-0.10680321349064682,0.04582910381600006,0.04582910381600006,-1.4798068485718616,-1.4798068485718616,-0.10680321349064682,-0.10680321349064682,0.022136532264615677,0.022136532264615677,-1.4798068485718616,-1.4798068485718616,-0.1215920971125075,-0.1215920971125075,0.022136532264615677,0.022136532264615677,-1.4798068485718616,-1.4798068485718616,-0.1215920971125075,-0.1215920971125075,-1.6355140186915886,-1.6355140186915886,-1.5382942985503691,-0.04041915624379915,-1.6355140186915886,-1.6355140186915886,-0.11266272248725219,-0.11266272248725219,-1.6355140186915886,-1.6355140186915886,-1.5382942985503691,-0.04041915624379915,-1.6355140186915886,-1.6355140186915886,-0.11266272248725219,-0.11266272248725219,-1.6355140186915886,-1.6355140186915886,-1.3385541047060048,-0.01942771353748507,-1.4530973093943156,-1.4530973093943156,-0.11413915252948023,-0.11413915252948023,-1.6355140186915886,-1.6355140186915886,-1.3385541047060048,-0.01942771353748507,-1.4530973093943156,-1.4530973093943156,-0.11413915252948023,-0.11413915252948023,0.015460851307851166,-0.8251838763564207,-0.8251838763564207,-0.8251838763564207,-1.570533958123711,-1.570533958123711,-0.10101626993937508,-0.10101626993937508,0.015460851307851166,-0.8251838763564207,-0.8251838763564207,-0.8251838763564207,-1.570533958123711,-1.570533958123711,-0.10101626993937508,-0.10101626993937508,1.374309338103439,-0.14154509976382962,-0.838928682527586,-0.838928682527586,-1.0249240702007851,-1.0249240702007851,-0.8320057452448097,-0.8320057452448097,-0.63346219666291,-0.63346219666291,-1.0799628719093755,-1.0799628719093755,-1.5382942985503691,-1.5382942985503691,-0.5364344561123285,-0.5665926435597917,-0.5665926435597917,-0.5665926435597917,-0.5665926435597917,-0.5665926435597917,-0.5665926435597917,-0.5665926435597917,-0.5665926435597917,-0.5665926435597917,-0.5665926435597917,-0.5665926435597917,-0.5665926435597917,-0.6201734418402309,-0.6471399454012805,-0.6471399454012805,-0.6471399454012805,-0.6471399454012805,-0.6471399454012805,-0.6471399454012805,-0.6471399454012805,-0.6471399454012805,-0.6471399454012805,-0.6471399454012805,-0.685701171423712,-0.7277330577148052,-0.7277330577148052,-0.7277330577148052,-0.7277330577148052,-0.7277330577148052,-0.7277330577148052,-0.7277330577148052,-0.7277330577148052,-0.642536068558752,-0.6660229072414099,-0.6660229072414099,-0.6660229072414099,-0.6660229072414099,-0.6660229072414099,-0.6660229072414099,-0.6660229072414099,-1.0684242678951832,-1.116393498764381,-1.116393498764381,-1.116393498764381,-1.116393498764381,-0.8251838763564207,-0.9484617226391953,-0.9484617226391953,-0.9484617226391953,-0.9063350418007386,-0.09814945285175071,1.7427529179851233
-0.9559945918259827,-1.0917363902447395,-1.0917363902447395,-1.0917363902447395,-1.0917363902447395,-1.0917363902447395,-1.0917363902447395,-1.0917363902447395,-1.0917363902447395,-1.0917363902447395,-1.0917363902447395,-1.0917363902447395,-1.0917363902447395,-1.0917363902447395,0.0,0.0,0.0,0.0,0.0,0.0,0.0,0.0,0.0,0.0,0.0,0.0,0.0,0.0,0.0,0.0,0.0,0.0,0.0,0.0,0.0,0.0,0.0,0.0,0.0,0.0,0.0,0.0,-1.0582018230656072,-0.9629566960898913,-0.9629566960898913,-0.9629566960898913,-0.9629566960898913,-0.9629566960898913,-0.9629566960898913,-0.9629566960898913,-0.9629566960898913,-0.9629566960898913,-0.9629566960898913,0.0,0.0,0.0,0.0,0.0,0.0,0.0,0.0,0.0,0.0,0.0,0.0,0.0,-0.4495729319754428,-0.4495729319754428,-0.4495729319754428,1.383949894750324,1.383949894750324,1.383949894750324,1.383949894750324,0.5384839235448632,0.5384839235448632,1.383949894750324,1.383949894750324,1.383949894750324,-1.0917363902447395,0.0,0.0,0.0,0.0,0.0,0.0,0.0,0.0,-1.0917363902447395,-1.0917363902447395,-1.0917363902447395,-1.0917363902447395,-1.0917363902447395,-1.0917363902447395,0.0,0.0,0.0,0.0,1.383949894750324,1.383949894750324,0.650422237923948,0.650422237923948,0.0,0.0,0.0,0.0,0.2648508492298048,0.2648508492298048,0.0,0.0,0.0,0.0,0.0,0.0,0.0,0.0,-1.0917363902447395,-1.0917363902447395,0.0,0.0,0.0,0.0,-0.6189992528449889,-1.0917330403200125,-1.0917363902447395,-1.0917363902447395,-1.0917363902447395,-1.0917330403200125,-0.2978340011390445,-0.2978340011390445,-0.2978340011390445,-0.2978340011390445,-1.0917330403200125,-1.0917330403200125,-1.0917330403200125,-1.0917330403200125,-1.0917330403200125,-1.0917330403200125,-1.0917330403200125,-1.0917330403200125,-1.0917330403200125,-1.0917330403200125,-1.0917330403200125,-1.0917330403200125,-1.0917330403200125,-1.0917330403200125,-1.0917330403200125,-1.0917330403200125,-1.0917330403200125,-1.0917330403200125,-1.0917330403200125,-1.0917330403200125,-1.0917363902447395,-1.0917363902447395,-1.0917363902447395,0.0,0.0,0.0,0.0,-0.6587712381424831,-0.6587712381424831,0.0,0.0,0.0,0.0,-0.9899696971798622,0.055243254152216224,0.055243254152216224,-1.0917363902447395,0.0,0.0,0.0,0.0,0.0,0.0,0.0,0.0,0.0,0.0,0.33509368503733256,0.33509368503733256,-1.0917363902447395,-0.9899696971798622,-0.5694105052835732,0.0,0.0,0.0,0.05308155440202398,0.5657648343056333,0.5657648343056333,0.25430475888512816,0.25430475888512816,0.0,0.0,0.0,0.05308155440202398,0.5657648343056333,0.5657648343056333,0.25430475888512816,0.25430475888512816,0.0,0.0,0.0,-0.20995619157541512,1.383949894750324,1.383949894750324,-0.18396419733726313,-0.18396419733726313,-0.18396419733726313,-0.18396419733726313,-0.18396419733726313,0.0,0.0,0.0,-0.20995619157541512,1.383949894750324,1.383949894750324,-0.18396419733726313,-0.18396419733726313,-0.18396419733726313,-0.18396419733726313,-0.18396419733726313,-1.0917363902447395,-1.0917363902447395,-0.6323633543914002,-0.6323633543914002,-1.0917363902447395,-1.0917363902447395,-0.6323633543914002,-0.6323633543914002,-0.41680843121618066,-0.41680843121618066,0.5657648343056333,0.5657648343056333,-0.18396419733726313,-0.18396419733726313,-0.41680843121618066,-0.41680843121618066,0.5657648343056333,0.5657648343056333,-0.18396419733726313,-0.18396419733726313,-1.0917363902447395,-1.0917363902447395,0.0,0.0,-1.0917363902447395,-1.0917363902447395,-1.0917363902447395,-1.0917363902447395,0.0,0.0,-1.0917363902447395,-1.0917363902447395,-0.9280930396410533,-0.9280930396410533,0.0,0.0,-0.3889988849406586,-0.3889988849406586,-0.9280930396410533,-0.9280930396410533,0.0,0.0,-0.3889988849406586,-0.3889988849406586,-0.23749724222534005,-0.23749724222534005,0.0,0.0,-0.005566398039625369,-0.005566398039625369,-0.23749724222534005,-0.23749724222534005,0.0,0.0,-0.005566398039625369,-0.005566398039625369,0.0,0.0,0.0,-1.0382497765824448,0.0,0.0,-0.7830870105064283,-0.7830870105064283,0.0,0.0,0.0,-1.0382497765824448,0.0,0.0,-0.7830870105064283,-0.7830870105064283,0.0,0.0,0.0,-0.09069319474812042,0.0,0.0,-0.03189004253978582,-0.03189004253978582,0.0,0.0,0.0,-0.09069319474812042,0.0,0.0,-0.03189004253978582,-0.03189004253978582,-0.8208330064809864,-0.3341092530876167,-0.3341092530876167,-0.3341092530876167,0.0,0.0,-0.8242220374938134,-0.8242220374938134,-0.8208330064809864,-0.3341092530876167,-0.3341092530876167,-0.3341092530876167,0.0,0.0,-0.8242220374938134,-0.8242220374938134,-0.5694105052835732,-1.0917363902447395,0.0,0.0,-0.7726410419442644,-0.7726410419442644,0.0,0.0,0.0,0.0,1.2349677724305816,1.2349677724305816,0.0,0.0,-1.0917363902447395,-1.0917363902447395,-1.0917363902447395,-1.0917363902447395,-1.0917363902447395,-1.0917363902447395,-1.0917363902447395,-1.0917363902447395,-1.0917363902447395,-1.0917363902447395,-1.0917363902447395,-1.0917363902447395,-1.0917363902447395,-1.0582018230656072,-0.9629566960898913,-0.9629566960898913,-0.9629566960898913,-0.9629566960898913,-0.9629566960898913,-0.9629566960898913,-0.9629566960898913,-0.9629566960898913,-0.9629566960898913,-0.9629566960898913,0.0,0.0,0.0,0.0,0.0,0.0,0.0,0.0,0.0,0.0,0.0,0.0,0.0,0.0,0.0,0.0,0.0,0.0,0.0,0.0,0.0,0.0,0.0,0.0,0.0,0.0,0.0,0.0,-0.9422186607590217
1.969566382794139,-0.5077224524862195,-0.5077224524862195,-0.5077224524862195,-0.5077224524862195,-0.5077224524862195,-0.5077224524862195,-0.5077224524862195,-0.5077224524862195,-0.5077224524862195,-0.5077224524862195,-0.5077224524862195,-0.5077224524862195,-0.5077224524862195,-0.5077224524862195,-0.5077224524862195,-0.5077224524862195,-0.5077224524862195,-0.5077224524862195,-0.5077224524862195,-0.5077224524862195,-0.5077224524862195,-0.5077224524862195,-0.5077224524862195,-0.5077224524862195,-0.5077224524862195,-0.5077224524862195,-0.5077224524862195,-0.5077224524862195,-0.5077224524862195,-0.5077224524862195,-0.5077224524862195,-0.5077224524862195,-0.5077224524862195,-0.5077224524862195,-0.5077224524862195,-0.5077224524862195,-0.5077224524862195,-0.5077224524862195,-0.5077224524862195,-0.5077224524862195,-0.5077224524862195,-0.5077224524862195,-0.5077224524862195,-0.5077224524862195,-0.5077224524862195,-0.5077224524862195,-0.5077224524862195,-0.5077224524862195,-0.5077224524862195,-0.5077224524862195,-0.5077224524862195,-0.5077224524862195,-0.5077224524862195,-0.5077224524862195,-0.5077224524862195,-0.5077224524862195,-0.5077224524862195,-0.5077224524862195,-0.5077224524862195,-0.5077224524862195,-0.5077224524862195,-0.5077224524862195,-0.5077224524862195,-0.5077224524862195,-0.5077224524862195,-0.5077224524862195,-0.5077224524862195,-0.5077224524862195,-0.5077224524862195,-0.5077224524862195,-0.5077224524862195,-0.5077224524862195,-0.5077224524862195,-0.5077224524862195,1.969566382794139,-0.5077224524862195,-0.5077224524862195,1.969566382794139,-0.5077224524862195,-0.5077224524862195,-0.5077224524862195,-0.5077224524862195,1.969566382794139,1.969566382794139,-0.5077224524862195,-0.5077224524862195,-0.5077224524862195,-0.5077224524862195,-0.5077224524862195,-0.5077224524862195,-0.5077224524862195,-0.5077224524862195,-0.5077224524862195,-0.5077224524862195,-0.5077224524862195,-0.5077224524862195,-0.5077224524862195,-0.5077224524862195,1.969566382794139,1.969566382794139,-0.5077224524862195,-0.5077224524862195,-0.5077224524862195,-0.5077224524862195,-0.5077224524862195,-0.5077224524862195,-0.5077224524862195,-0.5077224524862195,-0.5077224524862195,-0.5077224524862195,-0.5077224524862195,-0.5077224524862195,-0.5077224524862195,-0.5077224524862195,1.969566382794139,1.969566382794139,-0.5077224524862195,-0.5077224524862195,-0.5077224524862195,-0.5077224524862195,1.969566382794139,1.969566382794139,-0.5077224524862195,-0.5077224524862195,-0.5077224524862195,1.969566382794139,-0.5077224524862195,-0.5077224524862195,-0.5077224524862195,-0.5077224524862195,1.969566382794139,1.969566382794139,1.969566382794139,1.969566382794139,1.969566382794139,1.969566382794139,1.969566382794139,1.969566382794139,1.969566382794139,1.969566382794139,1.969566382794139,1.969566382794139,1.969566382794139,1.969566382794139,1.969566382794139,1.969566382794139,1.969566382794139,1.969566382794139,1.969566382794139,1.969566382794139,-0.5077224524862195,-0.5077224524862195,-0.5077224524862195,-0.5077224524862195,-0.5077224524862195,-0.5077224524862195,-0.5077224524862195,-0.5077224524862195,-0.5077224524862195,-0.5077224524862195,-0.5077224524862195,-0.5077224524862195,-0.5077224524862195,1.969566382794139,-0.5077224524862195,-0.5077224524862195,1.969566382794139,1.969566382794139,1.969566382794139,-0.5077224524862195,-0.5077224524862195,1.969566382794139,1.969566382794139,-0.5077224524862195,-0.5077224524862195,1.969566382794139,1.969566382794139,1.969566382794139,1.969566382794139,1.969566382794139,1.969566382794139,1.969566382794139,-0.5077224524862195,-0.5077224524862195,-0.5077224524862195,1.969566382794139,-0.5077224524862195,-0.5077224524862195,1.969566382794139,1.969566382794139,-0.5077224524862195,-0.5077224524862195,-0.5077224524862195,1.969566382794139,-0.5077224524862195,-0.5077224524862195,1.969566382794139,1.969566382794139,-0.5077224524862195,-0.5077224524862195,-0.5077224524862195,-0.5077224524862195,-0.5077224524862195,-0.5077224524862195,-0.5077224524862195,-0.5077224524862195,-0.5077224524862195,-0.5077224524862195,-0.5077224524862195,-0.5077224524862195,-0.5077224524862195,-0.5077224524862195,-0.5077224524862195,-0.5077224524862195,-0.5077224524862195,-0.5077224524862195,-0.5077224524862195,-0.5077224524862195,-0.5077224524862195,-0.5077224524862195,1.969566382794139,1.969566382794139,1.969566382794139,1.969566382794139,1.969566382794139,1.969566382794139,1.969566382794139,1.969566382794139,-0.5077224524862195,-0.5077224524862195,-0.5077224524862195,-0.5077224524862195,-0.5077224524862195,-0.5077224524862195,-0.5077224524862195,-0.5077224524862195,-0.5077224524862195,-0.5077224524862195,-0.5077224524862195,-0.5077224524862195,-0.5077224524862195,-0.5077224524862195,-0.5077224524862195,-0.5077224524862195,-0.5077224524862195,-0.5077224524862195,-0.5077224524862195,-0.5077224524862195,-0.5077224524862195,-0.5077224524862195,-0.5077224524862195,-0.5077224524862195,1.969566382794139,1.969566382794139,-0.5077224524862195,-0.5077224524862195,1.969566382794139,1.969566382794139,1.969566382794139,1.969566382794139,-0.5077224524862195,-0.5077224524862195,1.969566382794139,1.969566382794139,1.969566382794139,1.969566382794139,-0.5077224524862195,-0.5077224524862195,1.969566382794139,1.969566382794139,1.969566382794139,1.969566382794139,-0.5077224524862195,-0.5077224524862195,1.969566382794139,1.969566382794139,-0.5077224524862195,-0.5077224524862195,-0.5077224524862195,1.969566382794139,-0.5077224524862195,-0.5077224524862195,1.969566382794139,1.969566382794139,-0.5077224524862195,-0.5077224524862195,-0.5077224524862195,1.969566382794139,-0.5077224524862195,-0.5077224524862195,1.969566382794139,1.969566382794139,-0.5077224524862195,-0.5077224524862195,-0.5077224524862195,-0.5077224524862195,-0.5077224524862195,-0.5077224524862195,-0.5077224524862195,-0.5077224524862195,-0.5077224524862195,-0.5077224524862195,-0.5077224524862195,-0.5077224524862195,-0.5077224524862195,-0.5077224524862195,-0.5077224524862195,-0.5077224524862195,1.969566382794139,-0.5077224524862195,-0.5077224524862195,-0.5077224524862195,-0.5077224524862195,-0.5077224524862195,1.969566382794139,1.969566382794139,1.969566382794139,-0.5077224524862195,-0.5077224524862195,-0.5077224524862195,-0.5077224524862195,-0.5077224524862195,1.969566382794139,1.969566382794139,1.969566382794139,-0.5077224524862195,-0.5077224524862195,-0.5077224524862195,-0.5077224524862195,-0.5077224524862195,-0.5077224524862195,-0.5077224524862195,-0.5077224524862195,-0.5077224524862195,1.969566382794139,1.969566382794139,-0.5077224524862195,-0.5077224524862195,-0.5077224524862195,-0.5077224524862195,-0.5077224524862195,-0.5077224524862195,-0.5077224524862195,-0.5077224524862195,-0.5077224524862195,-0.5077224524862195,-0.5077224524862195,-0.5077224524862195,-0.5077224524862195,-0.5077224524862195,-0.5077224524862195,-0.5077224524862195,-0.5077224524862195,-0.5077224524862195,-0.5077224524862195,-0.5077224524862195,-0.5077224524862195,-0.5077224524862195,-0.5077224524862195,-0.5077224524862195,-0.5077224524862195,-0.5077224524862195,-0.5077224524862195,-0.5077224524862195,-0.5077224524862195,-0.5077224524862195,-0.5077224524862195,-0.5077224524862195,-0.5077224524862195,-0.5077224524862195,-0.5077224524862195,-0.5077224524862195,-0.5077224524862195,-0.5077224524862195,-0.5077224524862195,-0.5077224524862195,-0.5077224524862195,-0.5077224524862195,-0.5077224524862195,-0.5077224524862195,-0.5077224524862195,-0.5077224524862195,-0.5077224524862195,-0.5077224524862195,-0.5077224524862195,-0.5077224524862195,-0.5077224524862195,-0.5077224524862195,-0.5077224524862195,1.969566382794139,1.969566382794139
-0.8399713519664113,-0.8700053950135924,-0.8700053950135924,-0.8700053950135924,-0.8700053950135924,-0.8700053950135924,-0.8700053950135924,-0.8700053950135924,-0.8700053950135924,-0.8700053950135924,-0.8700053950135924,-0.8700053950135924,-0.8700053950135924,-0.8700053950135924,-0.8700053950135924,-0.8700053950135924,-0.8700053950135924,-0.8700053950135924,-0.8700053950135924,-0.8700053950135924,-0.8700053950135924,-0.8700053950135924,-0.8700053950135924,-0.8700053950135924,-0.8700053950135924,-0.8700053950135924,-0.8700053950135924,-0.8700053950135924,-0.8700053950135924,-0.8700053950135924,-0.8700053950135924,-0.8700053950135924,-0.8700053950135924,-0.8700053950135924,-0.8700053950135924,-0.8700053950135924,-0.8700053950135924,-0.8700053950135924,-0.8700053950135924,-0.8700053950135924,-0.8700053950135924,-0.8700053950135924,-0.8700053950135924,-0.8700053950135924,-0.8700053950135924,-0.8700053950135924,-0.8700053950135924,-0.8700053950135924,-0.8700053950135924,-0.8700053950135924,-0.8700053950135924,-0.8700053950135924,-0.8700053950135924,-0.8700053950135924,-0.8700053950135924,-0.8700053950135924,-0.8700053950135924,-0.8700053950135924,-0.8700053950135924,-0.8700053950135924,-0.8700053950135924,-0.8700053950135924,-0.8700053950135924,-0.8700053950135924,-0.8700053950135924,-0.8700053950135924,-0.8700053950135924,-0.8700053950135924,-0.8700053950135924,-0.8700053950135924,-0.8700053950135924,-0.8700053950135924,-0.8700053950135924,-0.8700053950135924,-0.8700053950135924,-0.08384676589080464,-0.8700053950135924,-0.8700053950135924,-0.8373653570310331,-0.8700053950135924,-0.8700053950135924,-0.8700053950135924,-0.8700053950135924,-0.660920653225617,-0.660920653225617,-0.8700053950135924,-0.8700053950135924,-0.8700053950135924,-0.8700053950135924,-0.8700053950135924,-0.8700053950135924,-0.8700053950135924,-0.8700053950135924,-0.8700053950135924,-0.8700053950135924,-0.8700053950135924,-0.8700053950135924,-0.8700053950135924,-0.8700053950135924,-0.1803925624497435,-0.1803925624497435,-0.8700053950135924,-0.8700053950135924,-0.8700053950135924,-0.8700053950135924,-0.8700053950135924,-0.8700053950135924,-0.8700053950135924,-0.8700053950135924,-0.8700053950135924,-0.8700053950135924,-0.8700053950135924,-0.8700053950135924,-0.8700053950135924,-0.8700053950135924,-0.6569542760101268,-0.6569542760101268,-0.8700053950135924,-0.8700053950135924,-0.8700053950135924,-0.8700053950135924,-0.5504287165083941,-0.8353018582339159,-0.8700053950135924,-0.8700053950135924,-0.8700053950135924,-0.8353018582339159,-0.8700053950135924,-0.8700053950135924,-0.8700053950135924,-0.8700053950135924,-0.8353018582339159,-0.8353018582339159,-0.8353018582339159,-0.8353018582339159,-0.8353018582339159,-0.8353018582339159,-0.8353018582339159,-0.8353018582339159,-0.8353018582339159,-0.8353018582339159,-0.8353018582339159,-0.8353018582339159,-0.8353018582339159,-0.8353018582339159,-0.8353018582339159,-0.8353018582339159,-0.8353018582339159,-0.8353018582339159,-0.8353018582339159,-0.8353018582339159,-0.8700053950135924,-0.8700053950135924,-0.8700053950135924,-0.8700053950135924,-0.8700053950135924,-0.8700053950135924,-0.8700053950135924,-0.8700053950135924,-0.8700053950135924,-0.8700053950135924,-0.8700053950135924,-0.8700053950135924,-0.8700053950135924,-0.7530175037750824,-0.8700053950135924,-0.8700053950135924,-0.6555275944096574,-0.484633517992618,-0.484633517992618,-0.8700053950135924,-0.8700053950135924,-0.484633517992618,-0.484633517992618,-0.8700053950135924,-0.8700053950135924,-0.6652765853461998,-0.6652765853461998,-0.4427452704903382,-0.4427452704903382,-0.6475839721650671,-0.7530175037750824,-0.8494226321094744,-0.8700053950135924,-0.8700053950135924,-0.8700053950135924,-0.8357052803049193,-0.8700053950135924,-0.8700053950135924,-0.8282772299858436,-0.8282772299858436,-0.8700053950135924,-0.8700053950135924,-0.8700053950135924,-0.8357052803049193,-0.8700053950135924,-0.8700053950135924,-0.8282772299858436,-0.8282772299858436,-0.8700053950135924,-0.8700053950135924,-0.8700053950135924,-0.8700053950135924,-0.8700053950135924,-0.8700053950135924,-0.8700053950135924,-0.8700053950135924,-0.8700053950135924,-0.8700053950135924,-0.8700053950135924,-0.8700053950135924,-0.8700053950135924,-0.8700053950135924,-0.8700053950135924,-0.8700053950135924,-0.8700053950135924,-0.8700053950135924,-0.8700053950135924,-0.8700053950135924,-0.8700053950135924,-0.8700053950135924,-0.8300583102004426,-0.8300583102004426,-0.817172153809104,-0.817172153809104,-0.8300583102004426,-0.8300583102004426,-0.817172153809104,-0.817172153809104,-0.8700053950135924,-0.8700053950135924,-0.8700053950135924,-0.8700053950135924,-0.8700053950135924,-0.8700053950135924,-0.8700053950135924,-0.8700053950135924,-0.8700053950135924,-0.8700053950135924,-0.8700053950135924,-0.8700053950135924,-0.8700053950135924,-0.8700053950135924,-0.8700053950135924,-0.8700053950135924,-0.8700053950135924,-0.8700053950135924,-0.8700053950135924,-0.8700053950135924,-0.8700053950135924,-0.8700053950135924,-0.8700053950135924,-0.8700053950135924,-0.840561251600754,-0.840561251600754,-0.8700053950135924,-0.8700053950135924,-0.8291871899708724,-0.8291871899708724,-0.840561251600754,-0.840561251600754,-0.8700053950135924,-0.8700053950135924,-0.8291871899708724,-0.8291871899708724,-0.8390298777116701,-0.8390298777116701,-0.8700053950135924,-0.8700053950135924,-0.8278747074936146,-0.8278747074936146,-0.8390298777116701,-0.8390298777116701,-0.8700053950135924,-0.8700053950135924,-0.8278747074936146,-0.8278747074936146,-0.8700053950135924,-0.8700053950135924,-0.8700053950135924,-0.8168865687215122,-0.8700053950135924,-0.8700053950135924,-0.8493387643847073,-0.8493387643847073,-0.8700053950135924,-0.8700053950135924,-0.8700053950135924,-0.8168865687215122,-0.8700053950135924,-0.8700053950135924,-0.8493387643847073,-0.8493387643847073,-0.8700053950135924,-0.8700053950135924,-0.8700053950135924,-0.8700053950135924,-0.8700053950135924,-0.8700053950135924,-0.8700053950135924,-0.8700053950135924,-0.8700053950135924,-0.8700053950135924,-0.8700053950135924,-0.8700053950135924,-0.8700053950135924,-0.8700053950135924,-0.8700053950135924,-0.8700053950135924,-0.8385841868152396,-0.8700053950135924,-0.8700053950135924,-0.8700053950135924,-0.8700053950135924,-0.8700053950135924,-0.8296895678790905,-0.8296895678790905,-0.8385841868152396,-0.8700053950135924,-0.8700053950135924,-0.8700053950135924,-0.8700053950135924,-0.8700053950135924,-0.8296895678790905,-0.8296895678790905,-0.8494226321094744,-0.8700053950135924,-0.8700053950135924,-0.8700053950135924,-0.8700053950135924,-0.8700053950135924,-0.8700053950135924,-0.8700053950135924,-0.8700053950135924,-0.8700053950135924,-0.5424392995457642,-0.5424392995457642,-0.8700053950135924,-0.8700053950135924,-0.8700053950135924,-0.8700053950135924,-0.8700053950135924,-0.8700053950135924,-0.8700053950135924,-0.8700053950135924,-0.8700053950135924,-0.8700053950135924,-0.8700053950135924,-0.8700053950135924,-0.8700053950135924,-0.8700053950135924,-0.8700053950135924,-0.8700053950135924,-0.8700053950135924,-0.8700053950135924,-0.8700053950135924,-0.8700053950135924,-0.8700053950135924,-0.8700053950135924,-0.8700053950135924,-0.8700053950135924,-0.8700053950135924,-0.8700053950135924,-0.8700053950135924,-0.8700053950135924,-0.8700053950135924,-0.8700053950135924,-0.8700053950135924,-0.8700053950135924,-0.8700053950135924,-0.8700053950135924,-0.8700053950135924,-0.8700053950135924,-0.8700053950135924,-0.8700053950135924,-0.8700053950135924,-0.8700053950135924,-0.8700053950135924,-0.8700053950135924,-0.8700053950135924,-0.8700053950135924,-0.8700053950135924,-0.8700053950135924,-0.8700053950135924,-0.8700053950135924,-0.8700053950135924,-0.8700053950135924,-0.8700053950135924,-0.8700053950135924,-0.8700053950135924,-0.8299361478615644,-0.8399892229904783
0.41281951000609457,-0.901855017471593,-0.901855017471593,-0.901855017471593,-0.901855017471593,-0.901855017471593,-0.901855017471593,-0.901855017471593,-0.901855017471593,-0.901855017471593,-0.901855017471593,-0.901855017471593,-0.901855017471593,-0.901855017471593,-0.3327510165778624,-0.2727860098355923,-0.2727860098355923,-0.2727860098355923,-0.2727860098355923,-0.2727860098355923,-0.2727860098355923,-0.2727860098355923,-0.2727860098355923,-0.2727860098355923,-0.2727860098355923,-0.901855017471593,-0.901855017471593,-0.901855017471593,-0.901855017471593,-0.901855017471593,-0.901855017471593,-0.901855017471593,-0.901855017471593,-0.797640857572655,-0.797640857572655,-0.797640857572655,-0.797640857572655,-0.797640857572655,-0.797640857572655,-0.797640857572655,-0.797640857572655,-0.797640857572655,-0.901855017471593,-0.797640857572655,-0.797640857572655,-0.797640857572655,-0.797640857572655,-0.797640857572655,-0.797640857572655,-0.797640857572655,-0.797640857572655,-0.797640857572655,-0.797640857572655,-0.901855017471593,-0.901855017471593,-0.901855017471593,-0.901855017471593,-0.901855017471593,-0.901855017471593,-0.901855017471593,-0.901855017471593,-0.901855017471593,-0.901855017471593,-0.901855017471593,-0.901855017471593,-0.901855017471593,-0.6173030170247277,-0.6173030170247277,-0.6173030170247277,-1.096933728981207,-1.096933728981207,-1.096933728981207,-1.096933728981207,-0.797640857572655,-0.797640857572655,-1.0183565364195493,-1.096933728981207,-1.096933728981207,0.4693560222117804,-0.2727860098355923,-0.2727860098355923,0.25548548960086465,0.25548548960086465,0.7330836812166751,0.7330836812166751,0.7942858609576123,0.7942858609576123,0.9579994499562016,0.9579994499562016,0.25548548960086465,0.25548548960086465,0.25548548960086465,0.25548548960086465,0.7118114703156233,0.7118114703156233,0.3528545032638245,0.3528545032638245,-0.6173030170247277,-0.6173030170247277,-0.16277054484031625,-0.16277054484031625,0.32145124083595084,0.32145124083595084,1.4395135425003327,1.4395135425003327,0.06830250281695922,0.06830250281695922,-0.11203533773096849,-0.11203533773096849,1.3074350136926938,1.3074350136926938,0.6451039720015455,0.6451039720015455,-0.3965873381778338,-0.3965873381778338,-0.2727860098355923,-0.2727860098355923,-0.4648295453855011,-0.4648295453855011,0.026205950473936392,0.026205950473936392,-0.3327510165778624,1.1549615420534673,0.5735701821107184,0.5735701821107184,0.5735701821107184,1.1549615420534673,1.0837711368852283,1.0837711368852283,1.0837711368852283,1.0837711368852283,1.1549615420534673,1.1549615420534673,1.1549615420534673,1.1549615420534673,1.1549615420534673,1.1549615420534673,1.1549615420534673,1.1549615420534673,1.1549615420534673,1.1549615420534673,1.1549615420534673,1.1549615420534673,1.1549615420534673,1.1549615420534673,1.1549615420534673,1.1549615420534673,1.1549615420534673,1.1549615420534673,1.1549615420534673,1.1549615420534673,0.49645688688845147,0.49645688688845147,0.49645688688845147,-0.6173030170247277,-0.6173030170247277,0.7118114703156233,0.7118114703156233,0.6218294938510074,0.6218294938510074,0.7330836812166751,0.7330836812166751,0.7330836812166751,0.7330836812166751,-0.3965873381778338,0.1848040217649151,0.1848040217649151,-0.6173030170247277,-1.0183565364195493,-1.0183565364195493,-0.797640857572655,-0.797640857572655,-1.0183565364195493,-1.0183565364195493,-0.3965873381778338,-0.3965873381778338,-1.0183565364195493,-1.0183565364195493,0.026205950473936392,0.026205950473936392,-0.6173030170247277,-0.3965873381778338,0.5485278398908471,-1.096933728981207,-1.096933728981207,-1.096933728981207,0.41281951000609457,-1.096933728981207,-1.096933728981207,1.234133359732534,1.234133359732534,-1.096933728981207,-1.096933728981207,-1.096933728981207,0.41281951000609457,-1.096933728981207,-1.096933728981207,1.234133359732534,1.234133359732534,-1.096933728981207,-1.096933728981207,-1.096933728981207,0.1848040217649151,-1.096933728981207,-1.096933728981207,0.8330798403377128,0.8330798403377128,0.8330798403377128,0.8330798403377128,0.8330798403377128,-1.096933728981207,-1.096933728981207,-1.096933728981207,0.1848040217649151,-1.096933728981207,-1.096933728981207,0.8330798403377128,0.8330798403377128,0.8330798403377128,0.8330798403377128,0.8330798403377128,0.3528545032638245,0.3528545032638245,0.5979941312604431,0.5979941312604431,0.3528545032638245,0.3528545032638245,0.5979941312604431,0.5979941312604431,0.4693560222117804,0.4693560222117804,-1.096933728981207,-1.096933728981207,0.8330798403377128,0.8330798403377128,0.4693560222117804,0.4693560222117804,-1.096933728981207,-1.096933728981207,0.8330798403377128,0.8330798403377128,1.1686047884751642,1.1686047884751642,-1.096933728981207,-1.096933728981207,1.8704253214638973,1.8704253214638973,1.1686047884751642,1.1686047884751642,-1.096933728981207,-1.096933728981207,1.8704253214638973,1.8704253214638973,0.8885590358382506,0.8885590358382506,-1.0183565364195493,-1.0183565364195493,1.2591757019524048,1.2591757019524048,0.8885590358382506,0.8885590358382506,-1.0183565364195493,-1.0183565364195493,1.2591757019524048,1.2591757019524048,0.6218294938510074,0.6218294938510074,-1.0183565364195493,-1.0183565364195493,1.0070567606776377,1.0070567606776377,0.6218294938510074,0.6218294938510074,-1.0183565364195493,-1.0183565364195493,1.0070567606776377,1.0070567606776377,-1.096933728981207,-1.096933728981207,-1.096933728981207,0.5979941312604431,-1.096933728981207,-1.096933728981207,1.5281506925395878,1.5281506925395878,-1.096933728981207,-1.096933728981207,-1.096933728981207,0.5979941312604431,-1.096933728981207,-1.096933728981207,1.5281506925395878,1.5281506925395878,-1.096933728981207,-1.096933728981207,-1.096933728981207,0.3528545032638245,-0.901855017471593,-0.901855017471593,1.2467337808773706,1.2467337808773706,-1.096933728981207,-1.096933728981207,-1.096933728981207,0.3528545032638245,-0.901855017471593,-0.901855017471593,1.2467337808773706,1.2467337808773706,0.5979941312604431,0.026205950473936392,0.026205950473936392,0.026205950473936392,-1.096933728981207,-1.096933728981207,1.2714630610014237,1.2714630610014237,0.5979941312604431,0.026205950473936392,0.026205950473936392,0.026205950473936392,-1.096933728981207,-1.096933728981207,1.2714630610014237,1.2714630610014237,0.5485278398908471,0.38329135654449087,0.38329135654449087,0.38329135654449087,-0.017762162850330287,-0.017762162850330287,0.41281951000609457,0.41281951000609457,0.8330798403377128,0.8330798403377128,-0.797640857572655,-0.797640857572655,-1.096933728981207,-1.096933728981207,-0.901855017471593,-0.797640857572655,-0.797640857572655,-0.797640857572655,-0.797640857572655,-0.797640857572655,-0.797640857572655,-0.797640857572655,-0.797640857572655,-0.797640857572655,-0.797640857572655,-0.797640857572655,-0.797640857572655,-0.901855017471593,-0.797640857572655,-0.797640857572655,-0.797640857572655,-0.797640857572655,-0.797640857572655,-0.797640857572655,-0.797640857572655,-0.797640857572655,-0.797640857572655,-0.797640857572655,-0.797640857572655,-0.797640857572655,-0.797640857572655,-0.797640857572655,-0.797640857572655,-0.797640857572655,-0.797640857572655,-0.797640857572655,-0.797640857572655,-0.6173030170247277,-0.538131199345661,-0.538131199345661,-0.538131199345661,-0.538131199345661,-0.538131199345661,-0.538131199345661,-0.538131199345661,-1.0183565364195493,-0.901855017471593,-0.901855017471593,-0.901855017471593,-0.901855017471593,-0.538131199345661,-0.2727860098355923,-0.2727860098355923,-0.2727860098355923,-0.4648295453855011,-0.7033676826920172,0.41281951000609457
-1.0,-1.0,-1.0,-1.0,-1.0,-1.0,-1.0,-1.0,-1.0,-1.0,-1.0,-1.0,-1.0,-1.0,-1.0,-1.0,-1.0,-1.0,-1.0,-1.0,-1.0,-1.0,-1.0,-1.0,-1.0,-1.0,-1.0,-1.0,-1.0,-1.0,-1.0,-1.0,-1.0,-1.0,-1.0,-1.0,-1.0,-1.0,-1.0,-1.0,-1.0,-1.0,-1.0,-1.0,-1.0,-1.0,-1.0,-1.0,-1.0,-1.0,-1.0,-1.0,-1.0,-1.0,-1.0,-1.0,-1.0,-1.0,-1.0,-1.0,-1.0,-1.0,-1.0,-1.0,-1.0,-1.0,-1.0,-1.0,-1.0,-1.0,-1.0,-1.0,-1.0,-1.0,-1.0,1.0,1.0,1.0,-1.0,-1.0,-1.0,-1.0,-1.0,-1.0,-1.0,-1.0,-1.0,-1.0,-1.0,-1.0,-1.0,-1.0,-1.0,-1.0,-1.0,-1.0,-1.0,-1.0,-1.0,1.0,1.0,-1.0,-1.0,-1.0,-1.0,1.0,1.0,-1.0,-1.0,-1.0,-1.0,-1.0,-1.0,-1.0,-1.0,-1.0,-1.0,-1.0,-1.0,-1.0,-1.0,-1.0,-1.0,1.0,1.0,1.0,-1.0,-1.0,-1.0,-1.0,-1.0,-1.0,-1.0,-1.0,-1.0,-1.0,-1.0,-1.0,-1.0,-1.0,-1.0,-1.0,-1.0,-1.0,-1.0,-1.0,-1.0,-1.0,-1.0,-1.0,-1.0,-1.0,-1.0,-1.0,-1.0,-1.0,-1.0,-1.0,-1.0,-1.0,-1.0,-1.0,-1.0,-1.0,-1.0,1.0,1.0,-1.0,-1.0,-1.0,-1.0,-1.0,-1.0,-1.0,-1.0,-1.0,-1.0,-1.0,-1.0,-1.0,-1.0,-1.0,-1.0,-1.0,-1.0,-1.0,-1.0,-1.0,-1.0,-1.0,-1.0,-1.0,-1.0,-1.0,-1.0,-1.0,-1.0,-1.0,-1.0,-1.0,-1.0,-1.0,-1.0,-1.0,-1.0,-1.0,-1.0,-1.0,-1.0,-1.0,-1.0,-1.0,-1.0,-1.0,-1.0,-1.0,-1.0,-1.0,-1.0,-1.0,-1.0,-1.0,-1.0,-1.0,-1.0,-1.0,-1.0,-1.0,-1.0,-1.0,-1.0,-1.0,-1.0,-1.0,-1.0,-1.0,-1.0,-1.0,-1.0,-1.0,-1.0,-1.0,-1.0,-1.0,-1.0,-1.0,-1.0,-1.0,-1.0,-1.0,-1.0,-1.0,-1.0,-1.0,-1.0,-1.0,-1.0,-1.0,-1.0,-1.0,-1.0,-1.0,-1.0,-1.0,-1.0,-1.0,-1.0,-1.0,-1.0,-1.0,-1.0,-1.0,-1.0,-1.0,-1.0,-1.0,-1.0,-1.0,-1.0,-1.0,-1.0,-1.0,-1.0,-1.0,-1.0,-1.0,-1.0,-1.0,-1.0,-1.0,-1.0,-1.0,-1.0,-1.0,-1.0,-1.0,-1.0,-1.0,-1.0,-1.0,-1.0,-1.0,-1.0,-1.0,-1.0,-1.0,-1.0,-1.0,-1.0,-1.0,1.0,1.0,1.0,-1.0,-1.0,-1.0,-1.0,-1.0,1.0,1.0,1.0,-1.0,-1.0,-1.0,-1.0,-1.0,-1.0,-1.0,-1.0,-1.0,-1.0,-1.0,-1.0,-1.0,-1.0,-1.0,-1.0,-1.0,-1.0,-1.0,-1.0,-1.0,-1.0,-1.0,-1.0,-1.0,-1.0,-1.0,-1.0,-1.0,-1.0,-1.0,-1.0,-1.0,-1.0,-1.0,-1.0,-1.0,-1.0,-1.0,-1.0,-1.0,-1.0,-1.0,-1.0,-1.0,-1.0,-1.0,-1.0,-1.0,-1.0,-1.0,-1.0,-1.0,-1.0,-1.0,-1.0,-1.0,-1.0,-1.0,-1.0,-1.0,-1.0,-1.0,-1.0,-1.0,-1.0,-1.0,-1.0,-1.0,-1.0,1.0
-1.0,-1.0,-1.0,-1.0,-1.0,-1.0,-1.0,-1.0,-1.0,-1.0,-1.0,-1.0,-1.0,-1.0,-1.0,-1.0,-1.0,-1.0,-1.0,-1.0,-1.0,-1.0,-1.0,-1.0,-1.0,-1.0,-1.0,-1.0,-1.0,-1.0,-1.0,-1.0,-1.0,-1.0,-1.0,-1.0,-1.0,-1.0,-1.0,-1.0,-1.0,-1.0,-1.0,-1.0,-1.0,-1.0,-1.0,-1.0,-1.0,-1.0,-1.0,-1.0,-1.0,-1.0,-1.0,-1.0,-1.0,-1.0,-1.0,-1.0,-1.0,-1.0,-1.0,-1.0,-1.0,-1.0,-1.0,-1.0,-1.0,-1.0,-1.0,-1.0,-1.0,-1.0,-1.0,-1.0,-1.0,-1.0,-1.0,-1.0,-1.0,-1.0,-1.0,-1.0,-1.0,-1.0,-1.0,-1.0,-1.0,-1.0,-1.0,-1.0,-1.0,-1.0,-1.0,-1.0,-1.0,-1.0,-1.0,1.0,1.0,-1.0,-1.0,-1.0,-1.0,1.0,1.0,-1.0,-1.0,-1.0,-1.0,-1.0,-1.0,-1.0,-1.0,-1.0,-1.0,-1.0,-1.0,-1.0,-1.0,-1.0,-1.0,-1.0,-1.0,-1.0,-1.0,-1.0,-1.0,-1.0,-1.0,-1.0,-1.0,-1.0,-1.0,-1.0,-1.0,-1.0,-1.0,-1.0,-1.0,-1.0,-1.0,-1.0,-1.0,-1.0,-1.0,-1.0,-1.0,-1.0,-1.0,-1.0,-1.0,-1.0,-1.0,-1.0,-1.0,-1.0,-1.0,-1.0,-1.0,-1.0,-1.0,-1.0,-1.0,-1.0,-1.0,-1.0,-1.0,-1.0,-1.0,-1.0,-1.0,-1.0,-1.0,-1.0,-1.0,-1.0,-1.0,-1.0,-1.0,-1.0,-1.0,-1.0,-1.0,-1.0,-1.0,-1.0,-1.0,-1.0,-1.0,-1.0,-1.0,-1.0,-1.0,-1.0,-1.0,-1.0,-1.0,-1.0,-1.0,-1.0,-1.0,-1.0,-1.0,-1.0,-1.0,-1.0,-1.0,-1.0,-1.0,-1.0,-1.0,-1.0,-1.0,-1.0,-1.0,-1.0,-1.0,-1.0,-1.0,-1.0,-1.0,-1.0,-1.0,-1.0,-1.0,-1.0,-1.0,-1.0,-1.0,-1.0,-1.0,-1.0,-1.0,-1.0,-1.0,-1.0,-1.0,-1.0,-1.0,-1.0,-1.0,-1.0,-1.0,-1.0,-1.0,-1.0,-1.0,-1.0,-1.0,-1.0,-1.0,-1.0,-1.0,-1.0,-1.0,-1.0,-1.0,-1.0,-1.0,-1.0,-1.0,-1.0,-1.0,-1.0,-1.0,-1.0,-1.0,-1.0,-1.0,-1.0,-1.0,-1.0,-1.0,-1.0,-1.0,-1.0,-1.0,-1.0,-1.0,-1.0,-1.0,-1.0,-1.0,-1.0,-1.0,-1.0,-1.0,-1.0,-1.0,-1.0,-1.0,-1.0,-1.0,-1.0,-1.0,-1.0,-1.0,-1.0,-1.0,-1.0,-1.0,-1.0,-1.0,-1.0,-1.0,-1.0,-1.0,-1.0,1.0,1.0,1.0,-1.0,-1.0,-1.0,-1.0,-1.0,1.0,1.0,1.0,-1.0,-1.0,-1.0,-1.0,-1.0,-1.0,-1.0,-1.0,-1.0,-1.0,-1.0,-1.0,-1.0,-1.0,-1.0,-1.0,-1.0,-1.0,-1.0,-1.0,-1.0,-1.0,-1.0,-1.0,-1.0,-1.0,-1.0,-1.0,-1.0,-1.0,-1.0,-1.0,-1.0,-1.0,-1.0,-1.0,-1.0,-1.0,-1.0,-1.0,-1.0,-1.0,-1.0,-1.0,-1.0,-1.0,-1.0,-1.0,-1.0,-1.0,-1.0,-1.0,-1.0,-1.0,-1.0,-1.0,-1.0,-1.0,-1.0,-1.0,-1.0,-1.0,-1.0,-1.0,-1.0,-1.0,-1.0,-1.0,-1.0,-1.0,-1.0
1.0,-1.0,-1.0,-1.0,-1.0,-1.0,-1.0,-1.0,-1.0,-1.0,-1.0,-1.0,-1.0,-1.0,-1.0,-1.0,-1.0,-1.0,-1.0,-1.0,-1.0,-1.0,-1.0,-1.0,-1.0,-1.0,-1.0,-1.0,-1.0,-1.0,-1.0,-1.0,-1.0,-1.0,-1.0,-1.0,-1.0,-1.0,-1.0,-1.0,-1.0,-1.0,-1.0,-1.0,-1.0,-1.0,-1.0,-1.0,-1.0,-1.0,-1.0,-1.0,-1.0,-1.0,-1.0,-1.0,-1.0,-1.0,-1.0,-1.0,-1.0,-1.0,-1.0,-1.0,-1.0,-1.0,-1.0,-1.0,-1.0,-1.0,-1.0,-1.0,-1.0,-1.0,-1.0,-1.0,-1.0,-1.0,-1.0,-1.0,-1.0,-1.0,-1.0,-1.0,-1.0,-1.0,-1.0,-1.0,-1.0,-1.0,-1.0,-1.0,-1.0,-1.0,-1.0,-1.0,-1.0,-1.0,-1.0,-1.0,-1.0,-1.0,-1.0,-1.0,-1.0,-1.0,-1.0,-1.0,-1.0,-1.0,-1.0,-1.0,-1.0,-1.0,-1.0,-1.0,-1.0,-1.0,-1.0,-1.0,-1.0,-1.0,1.0,-1.0,-1.0,-1.0,1.0,-1.0,-1.0,-1.0,-1.0,1.0,1.0,1.0,1.0,1.0,1.0,1.0,1.0,1.0,1.0,1.0,1.0,1.0,1.0,1.0,1.0,1.0,1.0,1.0,1.0,-1.0,-1.0,-1.0,-1.0,-1.0,-1.0,-1.0,-1.0,-1.0,-1.0,-1.0,-1.0,-1.0,-1.0,-1.0,-1.0,-1.0,-1.0,-1.0,-1.0,-1.0,-1.0,-1.0,-1.0,-1.0,-1.0,-1.0,-1.0,-1.0,-1.0,-1.0,-1.0,-1.0,-1.0,-1.0,-1.0,-1.0,-1.0,-1.0,-1.0,-1.0,-1.0,-1.0,-1.0,-1.0,-1.0,-1.0,-1.0,-1.0,-1.0,-1.0,-1.0,-1.0,-1.0,-1.0,-1.0,-1.0,-1.0,-1.0,-1.0,-1.0,-1.0,-1.0,-1.0,-1.0,-1.0,-1.0,-1.0,-1.0,-1.0,-1.0,-1.0,-1.0,-1.0,-1.0,-1.0,-1.0,-1.0,-1.0,-1.0,-1.0,-1.0,-1.0,-1.0,-1.0,-1.0,-1.0,-1.0,-1.0,-1.0,-1.0,-1.0,-1.0,-1.0,-1.0,-1.0,-1.0,-1.0,-1.0,-1.0,-1.0,-1.0,-1.0,-1.0,-1.0,-1.0,-1.0,-1.0,-1.0,-1.0,-1.0,-1.0,-1.0,-1.0,-1.0,-1.0,-1.0,-1.0,-1.0,-1.0,-1.0,-1.0,-1.0,-1.0,-1.0,-1.0,-1.0,-1.0,-1.0,-1.0,-1.0,-1.0,-1.0,-1.0,-1.0,-1.0,-1.0,-1.0,-1.0,-1.0,-1.0,-1.0,-1.0,-1.0,-1.0,-1.0,-1.0,-1.0,-1.0,-1.0,-1.0,-1.0,-1.0,-1.0,-1.0,-1.0,-1.0,-1.0,-1.0,-1.0,-1.0,-1.0,-1.0,-1.0,-1.0,-1.0,-1.0,-1.0,-1.0,-1.0,-1.0,-1.0,-1.0,-1.0,-1.0,-1.0,-1.0,-1.0,-1.0,-1.0,-1.0,-1.0,-1.0,-1.0,1.0,1.0,-1.0,-1.0,-1.0,-1.0,-1.0,-1.0,-1.0,-1.0,-1.0,-1.0,-1.0,-1.0,-1.0,-1.0,-1.0,-1.0,-1.0,-1.0,-1.0,-1.0,-1.0,-1.0,-1.0,-1.0,-1.0,-1.0,-1.0,-1.0,-1.0,-1.0,-1.0,-1.0,-1.0,-1.0,-1.0,-1.0,-1.0,-1.0,-1.0,-1.0,-1.0,-1.0,-1.0,-1.0,-1.0,-1.0,-1.0,-1.0,-1.0,-1.0,-1.0,-1.0,-1.0,1.0,1.0
-1.0,-1.0,-1.0,-1.0,-1.0,-1.0,-1.0,-1.0,-1.0,-1.0,-1.0,-1.0,-1.0,-1.0,-1.0,-1.0,-1.0,-1.0,-1.0,-1.0,-1.0,-1.0,-1.0,-1.0,-1.0,-1.0,-1.0,-1.0,-1.0,-1.0,-1.0,-1.0,-1.0,-1.0,-1.0,-1.0,-1.0,-1.0,-1.0,-1.0,-1.0,-1.0,-1.0,-1.0,-1.0,-1.0,-1.0,-1.0,-1.0,-1.0,-1.0,-1.0,-1.0,-1.0,-1.0,-1.0,-1.0,-1.0,-1.0,-1.0,-1.0,-1.0,-1.0,-1.0,-1.0,-1.0,-1.0,-1.0,-1.0,-1.0,-1.0,-1.0,-1.0,-1.0,-1.0,-1.0,-1.0,-1.0,-1.0,-1.0,-1.0,-1.0,-1.0,-1.0,-1.0,-1.0,-1.0,-1.0,-1.0,-1.0,-1.0,-1.0,-1.0,-1.0,-1.0,-1.0,-1.0,-1.0,-1.0,-1.0,-1.0,-1.0,-1.0,-1.0,-1.0,-1.0,-1.0,-1.0,-1.0,-1.0,-1.0,-1.0,-1.0,-1.0,-1.0,-1.0,-1.0,-1.0,-1.0,-1.0,-1.0,-1.0,-1.0,-1.0,-1.0,-1.0,-1.0,-1.0,-1.0,-1.0,-1.0,-1.0,-1.0,-1.0,-1.0,-1.0,-1.0,-1.0,-1.0,-1.0,-1.0,-1.0,-1.0,-1.0,-1.0,-1.0,-1.0,-1.0,-1.0,-1.0,-1.0,-1.0,-1.0,-1.0,-1.0,-1.0,-1.0,-1.0,-1.0,-1.0,-1.0,-1.0,-1.0,-1.0,-1.0,-1.0,-1.0,-1.0,-1.0,-1.0,-1.0,-1.0,-1.0,-1.0,-1.0,-1.0,-1.0,-1.0,-1.0,-1.0,-1.0,-1.0,-1.0,-1.0,-1.0,-1.0,-1.0,-1.0,-1.0,-1.0,-1.0,-1.0,-1.0,-1.0,-1.0,-1.0,-1.0,-1.0,-1.0,-1.0,-1.0,-1.0,-1.0,-1.0,-1.0,-1.0,-1.0,-1.0,-1.0,-1.0,-1.0,-1.0,-1.0,-1.0,-1.0,-1.0,-1.0,-1.0,-1.0,-1.0,-1.0,-1.0,-1.0,-1.0,-1.0,-1.0,-1.0,-1.0,-1.0,-1.0,-1.0,-1.0,-1.0,-1.0,-1.0,-1.0,-1.0,-1.0,-1.0,-1.0,-1.0,-1.0,-1.0,-1.0,-1.0,-1.0,-1.0,-1.0,-1.0,-1.0,-1.0,-1.0,-1.0,-1.0,-1.0,-1.0,-1.0,-1.0,-1.0,-1.0,-1.0,-1.0,-1.0,-1.0,-1.0,-1.0,-1.0,-1.0,-1.0,-1.0,-1.0,-1.0,-1.0,-1.0,-1.0,-1.0,-1.0,-1.0,-1.0,-1.0,-1.0,-1.0,-1.0,-1.0,-1.0,-1.0,-1.0,-1.0,-1.0,-1.0,-1.0,-1.0,-1.0,-1.0,-1.0,-1.0,-1.0,-1.0,-1.0,-1.0,-1.0,-1.0,-1.0,-1.0,-1.0,-1.0,-1.0,-1.0,-1.0,-1.0,-1.0,-1.0,-1.0,-1.0,-1.0,-1.0,-1.0,-1.0,-1.0,-1.0,-1.0,-1.0,-1.0,-1.0,-1.0,-1.0,-1.0,-1.0,-1.0,-1.0,-1.0,-1.0,-1.0,-1.0,-1.0,-1.0,-1.0,-1.0,-1.0,-1.0,-1.0,-1.0,-1.0,-1.0,-1.0,-1.0,-1.0,-1.0,-1.0,-1.0,-1.0,-1.0,-1.0,-1.0,-1.0,-1.0,-1.0,-1.0,-1.0,-1.0,-1.0,-1.0,-1.0,-1.0,-1.0,-1.0,-1.0,-1.0,-1.0,-1.0,-1.0,-1.0,-1.0,-1.0,-1.0,-1.0,-1.0,-1.0,-1.0,-1.0,-1.0,-1.0,-1.0,-1.0,-1.0,-1.0,-1.0,-1.0,-1.0,-1.0,-1.0,-1.0
-1.0,-1.0,-1.0,-1.0,-1.0,-1.0,-1.0,-1.0,-1.0,-1.0,-1.0,-1.0,-1.0,-1.0,-1.0,-1.0,-1.0,-1.0,-1.0,-1.0,-1.0,-1.0,-1.0,-1.0,-1.0,-1.0,-1.0,-1.0,-1.0,-1.0,-1.0,-1.0,-1.0,-1.0,-1.0,-1.0,-1.0,-1.0,-1.0,-1.0,-1.0,-1.0,-1.0,-1.0,-1.0,-1.0,-1.0,-1.0,-1.0,-1.0,-1.0,-1.0,-1.0,-1.0,-1.0,-1.0,-1.0,-1.0,-1.0,-1.0,-1.0,-1.0,-1.0,-1.0,-1.0,-1.0,-1.0,-1.0,-1.0,-1.0,-1.0,-1.0,-1.0,-1.0,-1.0,-1.0,-1.0,-1.0,-1.0,-1.0,-1.0,-1.0,-1.0,-1.0,-1.0,-1.0,-1.0,-1.0,-1.0,-1.0,-1.0,-1.0,-1.0,-1.0,-1.0,-1.0,-1.0,-1.0,-1.0,-1.0,-1.0,-1.0,-1.0,-1.0,-1.0,-1.0,-1.0,-1.0,-1.0,-1.0,-1.0,-1.0,-1.0,-1.0,-1.0,-1.0,-1.0,-1.0,-1.0,-1.0,-1.0,-1.0,-1.0,-1.0,-1.0,-1.0,-1.0,-1.0,-1.0,-1.0,-1.0,-1.0,-1.0,-1.0,-1.0,-1.0,-1.0,-1.0,-1.0,-1.0,-1.0,-1.0,-1.0,-1.0,-1.0,-1.0,-1.0,-1.0,-1.0,-1.0,-1.0,-1.0,-1.0,-1.0,-1.0,-1.0,-1.0,-1.0,-1.0,-1.0,-1.0,-1.0,-1.0,-1.0,-1.0,-1.0,-1.0,-1.0,-1.0,-1.0,-1.0,-1.0,-1.0,-1.0,-1.0,-1.0,-1.0,-1.0,-1.0,-1.0,-1.0,-1.0,-1.0,-1.0,-1.0,-1.0,-1.0,-1.0,-1.0,-1.0,-1.0,-1.0,-1.0,-1.0,-1.0,-1.0,-1.0,-1.0,-1.0,-1.0,-1.0,-1.0,-1.0,-1.0,-1.0,-1.0,-1.0,-1.0,-1.0,-1.0,-1.0,-1.0,-1.0,-1.0,-1.0,-1.0,-1.0,-1.0,-1.0,-1.0,-1.0,-1.0,-1.0,-1.0,-1.0,-1.0,-1.0,-1.0,-1.0,-1.0,-1.0,-1.0,-1.0,-1.0,-1.0,-1.0,-1.0,-1.0,-1.0,-1.0,-1.0,-1.0,-1.0,-1.0,-1.0,-1.0,-1.0,-1.0,-1.0,-1.0,-1.0,-1.0,-1.0,-1.0,-1.0,-1.0,-1.0,-1.0,-1.0,-1.0,-1.0,-1.0,-1.0,-1.0,-1.0,-1.0,-1.0,-1.0,-1.0,-1.0,-1.0,-1.0,-1.0,-1.0,-1.0,-1.0,-1.0,-1.0,-1.0,-1.0,-1.0,-1.0,-1.0,-1.0,-1.0,-1.0,-1.0,-1.0,-1.0,-1.0,-1.0,-1.0,-1.0,-1.0,-1.0,-1.0,-1.0,-1.0,-1.0,-1.0,-1.0,-1.0,-1.0,-1.0,-1.0,-1.0,-1.0,-1.0,-1.0,-1.0,-1.0,-1.0,-1.0,-1.0,-1.0,-1.0,-1.0,-1.0,-1.0,-1.0,-1.0,-1.0,-1.0,-1.0,-1.0,-1.0,-1.0,-1.0,-1.0,-1.0,-1.0,-1.0,-1.0,-1.0,-1.0,-1.0,-1.0,-1.0,-1.0,-1.0,-1.0,-1.0,-1.0,-1.0,-1.0,-1.0,-1.0,-1.0,-1.0,-1.0,-1.0,-1.0,-1.0,-1.0,-1.0,-1.0,-1.0,-1.0,-1.0,-1.0,-1.0,-1.0,-1.0,-1.0,-1.0,-1.0,-1.0,-1.0,-1.0,-1.0,-1.0,-1.0,-1.0,-1.0,-1.0,-1.0,-1.0,-1.0,-1.0,-1.0,-1.0,-1.0,-1.0,-1.0,-1.0,-1.0,-1.0,-1.0,-1.0,-1.0,-1.0,-1.0
1.0,-1.0,-1.0,-1.0,-1.0,-1.0,-1.0,-1.0,-1.0,-1.0,-1.0,-1.0,-1.0,-1.0,-1.0,-1.0,-1.0,-1.0,-1.0,-1.0,-1.0,-1.0,-1.0,-1.0,-1.0,-1.0,-1.0,-1.0,-1.0,-1.0,-1.0,-1.0,-1.0,-1.0,-1.0,-1.0,-1.0,-1.0,-1.0,-1.0,-1.0,-1.0,-1.0,-1.0,-1.0,-1.0,-1.0,-1.0,-1.0,-1.0,-1.0,-1.0,-1.0,-1.0,-1.0,-1.0,-1.0,-1.0,-1.0,-1.0,-1.0,-1.0,-1.0,-1.0,-1.0,-1.0,-1.0,-1.0,-1.0,-1.0,-1.0,-1.0,-1.0,-1.0,-1.0,1.0,-1.0,-1.0,1.0,-1.0,-1.0,-1.0,-1.0,-1.0,-1.0,-1.0,-1.0,-1.0,-1.0,-1.0,-1.0,-1.0,-1.0,-1.0,-1.0,-1.0,-1.0,-1.0,-1.0,1.0,1.0,-1.0,-1.0,-1.0,-1.0,-1.0,-1.0,-1.0,-1.0,-1.0,-1.0,-1.0,-1.0,-1.0,-1.0,1.0,1.0,-1.0,-1.0,-1.0,-1.0,1.0,1.0,-1.0,-1.0,-1.0,1.0,-1.0,-1.0,-1.0,-1.0,1.0,1.0,1.0,1.0,1.0,1.0,1.0,1.0,1.0,1.0,1.0,1.0,1.0,1.0,1.0,1.0,1.0,1.0,1.0,1.0,-1.0,-1.0,-1.0,-1.0,-1.0,-1.0,-1.0,-1.0,-1.0,-1.0,-1.0,-1.0,-1.0,1.0,-1.0,-1.0,1.0,-1.0,-1.0,-1.0,-1.0,-1.0,-1.0,-1.0,-1.0,-1.0,-1.0,1.0,1.0,1.0,1.0,1.0,-1.0,-1.0,-1.0,1.0,-1.0,-1.0,1.0,1.0,-1.0,-1.0,-1.0,1.0,-1.0,-1.0,1.0,1.0,-1.0,-1.0,-1.0,-1.0,-1.0,-1.0,-1.0,-1.0,-1.0,-1.0,-1.0,-1.0,-1.0,-1.0,-1.0,-1.0,-1.0,-1.0,-1.0,-1.0,-1.0,-1.0,-1.0,-1.0,-1.0,-1.0,-1.0,-1.0,-1.0,-1.0,-1.0,-1.0,-1.0,-1.0,-1.0,-1.0,-1.0,-1.0,-1.0,-1.0,-1.0,-1.0,-1.0,-1.0,-1.0,-1.0,-1.0,-1.0,-1.0,-1.0,-1.0,-1.0,-1.0,-1.0,1.0,1.0,-1.0,-1.0,1.0,1.0,1.0,1.0,-1.0,-1.0,1.0,1.0,1.0,1.0,-1.0,-1.0,1.0,1.0,1.0,1.0,-1.0,-1.0,1.0,1.0,-1.0,-1.0,-1.0,1.0,-1.0,-1.0,-1.0,-1.0,-1.0,-1.0,-1.0,1.0,-1.0,-1.0,-1.0,-1.0,-1.0,-1.0,-1.0,-1.0,-1.0,-1.0,-1.0,-1.0,-1.0,-1.0,-1.0,-1.0,-1.0,-1.0,-1.0,-1.0,1.0,-1.0,-1.0,-1.0,-1.0,-1.0,1.0,1.0,1.0,-1.0,-1.0,-1.0,-1.0,-1.0,1.0,1.0,1.0,-1.0,-1.0,-1.0,-1.0,-1.0,-1.0,-1.0,-1.0,-1.0,1.0,1.0,-1.0,-1.0,-1.0,-1.0,-1.0,-1.0,-1.0,-1.0,-1.0,-1.0,-1.0,-1.0,-1.0,-1.0,-1.0,-1.0,-1.0,-1.0,-1.0,-1.0,-1.0,-1.0,-1.0,-1.0,-1.0,-1.0,-1.0,-1.0,-1.0,-1.0,-1.0,-1.0,-1.0,-1.0,-1.0,-1.0,-1.0,-1.0,-1.0,-1.0,-1.0,-1.0,-1.0,-1.0,-1.0,-1.0,-1.0,-1.0,-1.0,-1.0,-1.0,-1.0,-1.0,1.0,1.0
-0.0898819905450572,1.337810426714739,1.337810426714739,1.337810426714739,1.337810426714739,1.337810426714739,1.337810426714739,1.337810426714739,1.337810426714739,1.337810426714739,1.337810426714739,1.337810426714739,1.337810426714739,1.337810426714739,1.337810426714739,1.337810426714739,1.337810426714739,1.337810426714739,1.337810426714739,1.337810426714739,1.337810426714739,1.337810426714739,1.337810426714739,1.337810426714739,1.337810426714739,1.337810426714739,1.337810426714739,1.337810426714739,1.337810426714739,1.337810426714739,1.337810426714739,1.337810426714739,1.337810426714739,1.0529035345719981,1.035096853813077,1.035096853813077,1.035096853813077,1.035096853813077,1.035096853813077,1.035096853813077,1.035096853813077,1.035096853813077,1.337810426714739,1.337810426714739,1.337810426714739,1.337810426714739,1.337810426714739,1.337810426714739,1.337810426714739,1.337810426714739,1.337810426714739,1.337810426714739,1.337810426714739,1.2224909703712485,1.216724997554074,1.216724997554074,1.216724997554074,1.216724997554074,1.216724997554074,1.216724997554074,1.216724997554074,1.216724997554074,1.216724997554074,1.216724997554074,1.216724997554074,1.216724997554074,1.337810426714739,1.337810426714739,1.337810426714739,1.337810426714739,1.337810426714739,1.337810426714739,1.337810426714739,1.337810426714739,1.337810426714739,0.12695613510809048,1.337810426714739,1.337810426714739,0.8172562452763668,1.337810426714739,1.337810426714739,0.8534687100720798,0.8534687100720798,0.7323832809114148,0.7323832809114148,0.7996529637784509,0.7996529637784509,1.035096853813077,1.035096853813077,0.4296697080097526,0.4296697080097526,0.4296697080097526,0.4296697080097526,0.4296697080097526,0.4296697080097526,0.645893688653797,0.645893688653797,1.337810426714739,1.337810426714739,0.7323832809114148,0.7323832809114148,0.7323832809114148,0.7323832809114148,0.9652398754511549,0.9652398754511549,0.7323832809114148,0.7323832809114148,0.7323832809114148,0.7323832809114148,0.8974997752214124,0.8974997752214124,1.337810426714739,1.337810426714739,0.12695613510809048,0.12695613510809048,0.8113520390596746,0.8113520390596746,1.1176551009680757,1.1176551009680757,1.035096853813077,1.035096853813077,0.6255431963578871,-0.6862659209073917,-0.5073008747811064,-0.5073008747811064,-0.5073008747811064,-0.6862659209073917,-0.6627314463745064,-0.6627314463745064,-0.6627314463745064,-0.6627314463745064,-0.6862659209073917,-0.6862659209073917,-0.6862659209073917,-0.6862659209073917,-0.6862659209073917,-0.6862659209073917,-0.6862659209073917,-0.6862659209073917,-0.6862659209073917,-0.6862659209073917,-0.6862659209073917,-0.6862659209073917,-0.6862659209073917,-0.6862659209073917,-0.6862659209073917,-0.6862659209073917,-0.6862659209073917,-0.6862659209073917,-0.6862659209073917,-0.6862659209073917,-0.27666196209412575,-0.27666196209412575,-0.27666196209412575,0.7323832809114148,0.7323832809114148,0.4296697080097526,0.4296697080097526,1.337810426714739,1.337810426714739,0.7323832809114148,0.7323832809114148,0.991852057684268,0.991852057684268,0.46965074594016076,-0.22917748007033553,-0.22917748007033553,0.7323832809114148,0.7323832809114148,0.7323832809114148,1.337810426714739,1.337810426714739,0.7323832809114148,0.7323832809114148,0.8534687100720798,0.8534687100720798,0.7323832809114148,0.7323832809114148,0.12695613510809048,0.12695613510809048,0.7128533729822754,0.46965074594016076,-0.1180554370938414,1.337810426714739,1.337810426714739,1.337810426714739,-0.2064675104067838,1.337810426714739,1.337810426714739,-0.4890925395689764,-0.4890925395689764,1.337810426714739,1.337810426714739,1.337810426714739,-0.2064675104067838,1.337810426714739,1.337810426714739,-0.4890925395689764,-0.4890925395689764,1.337810426714739,1.337810426714739,1.337810426714739,-0.22137181179245233,1.337810426714739,1.337810426714739,-0.5828550013509795,-0.5828550013509795,-0.5828550013509795,-0.5828550013509795,-0.5828550013509795,1.337810426714739,1.337810426714739,1.337810426714739,-0.22137181179245233,1.337810426714739,1.337810426714739,-0.5828550013509795,-0.5828550013509795,-0.5828550013509795,-0.5828550013509795,-0.5828550013509795,0.2134457273657082,0.2134457273657082,-0.1152147232132392,-0.1152147232132392,0.2134457273657082,0.2134457273657082,-0.1152147232132392,-0.1152147232132392,-0.18819772161144827,-0.18819772161144827,1.337810426714739,1.337810426714739,-0.4993478088263829,-0.4993478088263829,-0.18819772161144827,-0.18819772161144827,1.337810426714739,1.337810426714739,-0.4993478088263829,-0.4993478088263829,-0.03667282321713225,-0.03667282321713225,1.337810426714739,1.337810426714739,-0.4442015496120268,-0.4442015496120268,-0.03667282321713225,-0.03667282321713225,1.337810426714739,1.337810426714739,-0.4442015496120268,-0.4442015496120268,0.16256949662593295,0.16256949662593295,1.337810426714739,1.337810426714739,-0.16364889487750517,-0.16364889487750517,0.16256949662593295,0.16256949662593295,1.337810426714739,1.337810426714739,-0.16364889487750517,-0.16364889487750517,-0.1210501655824279,-0.1210501655824279,1.337810426714739,1.337810426714739,-0.5411014050886812,-0.5411014050886812,-0.1210501655824279,-0.1210501655824279,1.337810426714739,1.337810426714739,-0.5411014050886812,-0.5411014050886812,1.337810426714739,1.337810426714739,1.337810426714739,-0.299401009823828,1.337810426714739,1.337810426714739,-0.5828550013509795,-0.5828550013509795,1.337810426714739,1.337810426714739,1.337810426714739,-0.299401009823828,1.337810426714739,1.337810426714739,-0.5828550013509795,-0.5828550013509795,1.337810426714739,1.337810426714739,1.337810426714739,-0.22917748007033553,1.337810426714739,1.337810426714739,-0.5905871488069606,-0.5905871488069606,1.337810426714739,1.337810426714739,1.337810426714739,-0.22917748007033553,1.337810426714739,1.337810426714739,-0.5905871488069606,-0.5905871488069606,-0.08867545106843604,0.4729145041385616,0.4729145041385616,0.4729145041385616,1.337810426714739,1.337810426714739,-0.36635487258350713,-0.36635487258350713,-0.08867545106843604,0.4729145041385616,0.4729145041385616,0.4729145041385616,1.337810426714739,1.337810426714739,-0.36635487258350713,-0.36635487258350713,-0.1180554370938414,0.8534687100720798,1.337810426714739,1.337810426714739,0.7996529637784509,0.7996529637784509,1.1360013781136309,1.1360013781136309,0.48308975028651663,0.48308975028651663,0.8534687100720798,0.8534687100720798,1.337810426714739,1.337810426714739,1.337810426714739,1.337810426714739,1.337810426714739,1.337810426714739,1.337810426714739,1.337810426714739,1.337810426714739,1.337810426714739,1.337810426714739,1.337810426714739,1.337810426714739,1.337810426714739,1.337810426714739,1.337810426714739,1.337810426714739,1.337810426714739,1.337810426714739,1.337810426714739,1.337810426714739,1.337810426714739,1.337810426714739,1.337810426714739,1.337810426714739,1.337810426714739,1.0529035345719981,1.035096853813077,1.035096853813077,1.035096853813077,1.035096853813077,1.035096853813077,1.035096853813077,1.035096853813077,1.035096853813077,1.186453640263908,1.1763631878338527,1.1763631878338527,1.1763631878338527,1.1763631878338527,1.1763631878338527,1.1763631878338527,1.1763631878338527,0.991852057684268,0.934192329512523,0.934192329512523,0.934192329512523,0.934192329512523,1.337810426714739,1.337810426714739,1.337810426714739,1.337810426714739,1.337810426714739,1.1253798492398883,-0.08938763721498104
-0.4669028561257474,1.4516825767754173,1.4516825767754173,1.4516825767754173,1.4516825767754173,1.4516825767754173,1.4516825767754173,1.4516825767754173,1.4516825767754173,1.4516825767754173,1.4516825767754173,1.4516825767754173,1.4516825767754173,1.4516825767754173,1.4516825767754173,1.4516825767754173,1.4516825767754173,1.4516825767754173,1.4516825767754173,1.4516825767754173,1.4516825767754173,1.4516825767754173,1.4516825767754173,1.4516825767754173,1.4516825767754173,1.4516825767754173,1.4516825767754173,1.4516825767754173,1.4516825767754173,1.4516825767754173,1.4516825767754173,1.4516825767754173,1.4516825767754173,0.940719501939573,0.9109050061178527,0.9109050061178527,0.9109050061178527,0.9109050061178527,0.9109050061178527,0.9109050061178527,0.9109050061178527,0.9109050061178527,1.4516825767754173,1.4516825767754173,1.4516825767754173,1.4516825767754173,1.4516825767754173,1.4516825767754173,1.4516825767754173,1.4516825767754173,1.4516825767754173,1.4516825767754173,1.4516825767754173,1.2371700529046012,1.2267191073818706,1.2267191073818706,1.2267191073818706,1.2267191073818706,1.2267191073818706,1.2267191073818706,1.2267191073818706,1.2267191073818706,1.2267191073818706,1.2267191073818706,1.2267191073818706,1.2267191073818706,1.4516825767754173,1.4516825767754173,1.4516825767754173,1.4516825767754173,1.4516825767754173,1.4516825767754173,1.4516825767754173,1.4516825767754173,1.4516825767754173,-0.2788056493287897,1.4516825767754173,1.4516825767754173,0.566361031688419,1.4516825767754173,1.4516825767754173,0.6210482282453983,0.6210482282453983,0.4422311115479633,0.4422311115479633,0.5401496840127076,0.5401496840127076,0.9109050061178527,0.9109050061178527,0.045660893065749136,0.045660893065749136,0.045660893065749136,0.045660893065749136,0.045660893065749136,0.045660893065749136,0.32156781687062913,0.32156781687062913,1.4516825767754173,1.4516825767754173,0.4422311115479633,0.4422311115479633,0.4422311115479633,0.4422311115479633,0.7963497574223449,0.7963497574223449,0.4422311115479633,0.4422311115479633,0.4422311115479633,0.4422311115479633,0.6889329454347204,0.6889329454347204,1.4516825767754173,1.4516825767754173,-0.2788056493287897,-0.2788056493287897,0.5575424725501814,0.5575424725501814,1.0512390203215511,1.0512390203215511,0.9109050061178527,0.9109050061178527,0.29403186035045786,-0.7934298433646363,-0.7248347385967676,-0.7248347385967676,-0.7248347385967676,-0.7934298433646363,-0.7858485133101737,-0.7858485133101737,-0.7858485133101737,-0.7858485133101737,-0.7934298433646363,-0.7934298433646363,-0.7934298433646363,-0.7934298433646363,-0.7934298433646363,-0.7934298433646363,-0.7934298433646363,-0.7934298433646363,-0.7934298433646363,-0.7934298433646363,-0.7934298433646363,-0.7934298433646363,-0.7934298433646363,-0.7934298433646363,-0.7934298433646363,-0.7934298433646363,-0.7934298433646363,-0.7934298433646363,-0.7934298433646363,-0.7934298433646363,-0.59926643194068,-0.59926643194068,-0.59926643194068,0.4422311115479633,0.4422311115479633,0.045660893065749136,0.045660893065749136,1.4516825767754173,1.4516825767754173,0.4422311115479633,0.4422311115479633,0.8395370818269903,0.8395370818269903,0.0939054139652812,-0.5682183284350296,-0.5682183284350296,0.4422311115479633,0.4422311115479633,0.4422311115479633,1.4516825767754173,1.4516825767754173,0.4422311115479633,0.4422311115479633,0.6210482282453983,0.6210482282453983,0.4422311115479633,0.4422311115479633,-0.2788056493287897,-0.2788056493287897,0.4144700708066108,0.0939054139652812,-0.48862628640486594,1.4516825767754173,1.4516825767754173,1.4516825767754173,-0.552742068794001,1.4516825767754173,1.4516825767754173,-0.7164432277987672,-0.7164432277987672,1.4516825767754173,1.4516825767754173,1.4516825767754173,-0.552742068794001,1.4516825767754173,1.4516825767754173,-0.7164432277987672,-0.7164432277987672,1.4516825767754173,1.4516825767754173,1.4516825767754173,-0.5629447369326894,1.4516825767754173,1.4516825767754173,-0.7568675968494526,-0.7568675968494526,-0.7568675968494526,-0.7568675968494526,-0.7568675968494526,1.4516825767754173,1.4516825767754173,1.4516825767754173,-0.5629447369326894,1.4516825767754173,1.4516825767754173,-0.7568675968494526,-0.7568675968494526,-0.7568675968494526,-0.7568675968494526,-0.7568675968494526,-0.19345844089848024,-0.19345844089848024,-0.4864642364612945,-0.4864642364612945,-0.19345844089848024,-0.19345844089848024,-0.4864642364612945,-0.4864642364612945,-0.5399971230004887,-0.5399971230004887,1.4516825767754173,1.4516825767754173,-0.7212015692008522,-0.7212015692008522,-0.5399971230004887,-0.5399971230004887,1.4516825767754173,1.4516825767754173,-0.7212015692008522,-0.7212015692008522,-0.42417171653257624,-0.42417171653257624,1.4516825767754173,1.4516825767754173,-0.6946403067230011,-0.6946403067230011,-0.42417171653257624,-0.42417171653257624,1.4516825767754173,1.4516825767754173,-0.6946403067230011,-0.6946403067230011,-0.2443755202627027,-0.2443755202627027,1.4516825767754173,1.4516825767754173,-0.5224583915642621,-0.5224583915642621,-0.2443755202627027,-0.2443755202627027,1.4516825767754173,1.4516825767754173,-0.5224583915642621,-0.5224583915642621,-0.4908986805728966,-0.4908986805728966,1.4516825767754173,1.4516825767754173,-0.7397204681722409,-0.7397204681722409,-0.4908986805728966,-0.4908986805728966,1.4516825767754173,1.4516825767754173,-0.7397204681722409,-0.7397204681722409,1.4516825767754173,1.4516825767754173,1.4516825767754173,-0.6135063080178598,1.4516825767754173,1.4516825767754173,-0.7568675968494526,-0.7568675968494526,1.4516825767754173,1.4516825767754173,1.4516825767754173,-0.6135063080178598,1.4516825767754173,1.4516825767754173,-0.7568675968494526,-0.7568675968494526,1.4516825767754173,1.4516825767754173,1.4516825767754173,-0.5682183284350296,1.4516825767754173,1.4516825767754173,-0.7598924538424423,-0.7598924538424423,1.4516825767754173,1.4516825767754173,1.4516825767754173,-0.5682183284350296,1.4516825767754173,1.4516825767754173,-0.7598924538424423,-0.7598924538424423,-0.46595859503055836,0.09789927063947323,0.09789927063947323,0.09789927063947323,1.4516825767754173,1.4516825767754173,-0.6530721929718121,-0.6530721929718121,-0.46595859503055836,0.09789927063947323,0.09789927063947323,0.09789927063947323,1.4516825767754173,1.4516825767754173,-0.6530721929718121,-0.6530721929718121,-0.48862628640486594,0.6210482282453983,1.4516825767754173,1.4516825767754173,0.5401496840127076,0.5401496840127076,1.0831526767717434,1.0831526767717434,0.11040450533132616,0.11040450533132616,0.6210482282453983,0.6210482282453983,1.4516825767754173,1.4516825767754173,1.4516825767754173,1.4516825767754173,1.4516825767754173,1.4516825767754173,1.4516825767754173,1.4516825767754173,1.4516825767754173,1.4516825767754173,1.4516825767754173,1.4516825767754173,1.4516825767754173,1.4516825767754173,1.4516825767754173,1.4516825767754173,1.4516825767754173,1.4516825767754173,1.4516825767754173,1.4516825767754173,1.4516825767754173,1.4516825767754173,1.4516825767754173,1.4516825767754173,1.4516825767754173,1.4516825767754173,0.940719501939573,0.9109050061178527,0.9109050061178527,0.9109050061178527,0.9109050061178527,0.9109050061178527,0.9109050061178527,0.9109050061178527,0.9109050061178527,1.1722808319356757,1.1542949705115835,1.1542949705115835,1.1542949705115835,1.1542949705115835,1.1542949705115835,1.1542949705115835,1.1542949705115835,0.8395370818269903,0.7466688550292592,0.7466688550292592,0.7466688550292592,0.7466688550292592,1.4516825767754173,1.4516825767754173,1.4516825767754173,1.4516825767754173,1.4516825767754173,1.0646440692441594,-0.4665161041769385
-0.6168606246904084,1.4965912411460476,1.4965912411460476,1.4965912411460476,1.4965912411460476,1.4965912411460476,1.4965912411460476,1.4965912411460476,1.4965912411460476,1.4965912411460476,1.4965912411460476,1.4965912411460476,1.4965912411460476,1.4965912411460476,1.4965912411460476,1.4965912411460476,1.4965912411460476,1.4965912411460476,1.4965912411460476,1.4965912411460476,1.4965912411460476,1.4965912411460476,1.4965912411460476,1.4965912411460476,1.4965912411460476,1.4965912411460476,1.4965912411460476,1.4965912411460476,1.4965912411460476,1.4965912411460476,1.4965912411460476,1.4965912411460476,1.4965912411460476,0.7858297300370047,0.7471612407532576,0.7471612407532576,0.7471612407532576,0.7471612407532576,0.7471612407532576,0.7471612407532576,0.7471612407532576,0.7471612407532576,1.4965912411460476,1.4965912411460476,1.4965912411460476,1.4965912411460476,1.4965912411460476,1.4965912411460476,1.4965912411460476,1.4965912411460476,1.4965912411460476,1.4965912411460476,1.4965912411460476,1.1874396165540237,1.1727665290236622,1.1727665290236622,1.1727665290236622,1.1727665290236622,1.1727665290236622,1.1727665290236622,1.1727665290236622,1.1727665290236622,1.1727665290236622,1.1727665290236622,1.1727665290236622,1.1727665290236622,1.4965912411460476,1.4965912411460476,1.4965912411460476,1.4965912411460476,1.4965912411460476,1.4965912411460476,1.4965912411460476,1.4965912411460476,1.4965912411460476,-0.49006343445140743,1.4965912411460476,1.4965912411460476,0.32463076450494144,1.4965912411460476,1.4965912411460476,0.38860554778426726,0.38860554778426726,0.1839801161977291,0.1839801161977291,0.2943984842883285,0.2943984842883285,0.7471612407532576,0.7471612407532576,-0.21955911478300397,-0.21955911478300397,-0.21955911478300397,-0.21955911478300397,-0.21955911478300397,-0.21955911478300397,0.05355677457296914,0.05355677457296914,1.4965912411460476,1.4965912411460476,0.1839801161977291,0.1839801161977291,0.1839801161977291,0.1839801161977291,0.6016342483286233,0.6016342483286233,0.1839801161977291,0.1839801161977291,0.1839801161977291,0.1839801161977291,0.4696803344510448,0.4696803344510448,1.4965912411460476,1.4965912411460476,-0.49006343445140743,-0.49006343445140743,0.31442802496082756,0.31442802496082756,0.9319608256708879,0.9319608256708879,0.7471612407532576,0.7471612407532576,0.02469565409643729,-0.7638206116183616,-0.7432257630353397,-0.7432257630353397,-0.7432257630353397,-0.7638206116183616,-0.7619283177315721,-0.7619283177315721,-0.7619283177315721,-0.7619283177315721,-0.7638206116183616,-0.7638206116183616,-0.7638206116183616,-0.7638206116183616,-0.7638206116183616,-0.7638206116183616,-0.7638206116183616,-0.7638206116183616,-0.7638206116183616,-0.7638206116183616,-0.7638206116183616,-0.7638206116183616,-0.7638206116183616,-0.7638206116183616,-0.7638206116183616,-0.7638206116183616,-0.7638206116183616,-0.7638206116183616,-0.7638206116183616,-0.7638206116183616,-0.6897800420511516,-0.6897800420511516,-0.6897800420511516,0.1839801161977291,0.1839801161977291,-0.21955911478300397,-0.21955911478300397,1.4965912411460476,1.4965912411460476,0.1839801161977291,0.1839801161977291,0.6559243730048503,0.6559243730048503,-0.17446195056246686,-0.6740503828326087,-0.6740503828326087,0.1839801161977291,0.1839801161977291,0.1839801161977291,1.4965912411460476,1.4965912411460476,0.1839801161977291,0.1839801161977291,0.38860554778426726,0.38860554778426726,0.1839801161977291,0.1839801161977291,-0.49006343445140743,-0.49006343445140743,0.15341273554830537,-0.17446195056246686,-0.6298362844308969,1.4965912411460476,1.4965912411460476,1.4965912411460476,-0.6658803641794309,1.4965912411460476,1.4965912411460476,-0.7402298599790648,-0.7402298599790648,1.4965912411460476,1.4965912411460476,1.4965912411460476,-0.6658803641794309,1.4965912411460476,1.4965912411460476,-0.7402298599790648,-0.7402298599790648,1.4965912411460476,1.4965912411460476,1.4965912411460476,-0.6712905131470092,1.4965912411460476,1.4965912411460476,-0.7537630039512049,-0.7537630039512049,-0.7537630039512049,-0.7537630039512049,-0.7537630039512049,1.4965912411460476,1.4965912411460476,1.4965912411460476,-0.6712905131470092,1.4965912411460476,1.4965912411460476,-0.7537630039512049,-0.7537630039512049,-0.7537630039512049,-0.7537630039512049,-0.7537630039512049,-0.4248000493877885,-0.4248000493877885,-0.62856164612163,-0.62856164612163,-0.4248000493877885,-0.4248000493877885,-0.62856164612163,-0.62856164612163,-0.658993198482512,-0.658993198482512,1.4965912411460476,1.4965912411460476,-0.7419401028165774,-0.7419401028165774,-0.658993198482512,-0.658993198482512,1.4965912411460476,1.4965912411460476,-0.7419401028165774,-0.7419401028165774,-0.5902727546526095,-0.5902727546526095,1.4965912411460476,1.4965912411460476,-0.7320236189375527,-0.7320236189375527,-0.5902727546526095,-0.5902727546526095,1.4965912411460476,1.4965912411460476,-0.7320236189375527,-0.7320236189375527,-0.46427782249421484,-0.46427782249421484,1.4965912411460476,1.4965912411460476,-0.6492864276974626,-0.6492864276974626,-0.46427782249421484,-0.46427782249421484,1.4965912411460476,1.4965912411460476,-0.6492864276974626,-0.6492864276974626,-0.6311719352393572,-0.6311719352393572,1.4965912411460476,1.4965912411460476,-0.7483053852187834,-0.7483053852187834,-0.6311719352393572,-0.6311719352393572,1.4965912411460476,1.4965912411460476,-0.7483053852187834,-0.7483053852187834,1.4965912411460476,1.4965912411460476,1.4965912411460476,-0.6966880430806903,1.4965912411460476,1.4965912411460476,-0.7537630039512049,-0.7537630039512049,1.4965912411460476,1.4965912411460476,1.4965912411460476,-0.6966880430806903,1.4965912411460476,1.4965912411460476,-0.7537630039512049,-0.7537630039512049,1.4965912411460476,1.4965912411460476,1.4965912411460476,-0.6740503828326087,1.4965912411460476,1.4965912411460476,-0.7546796486359794,-0.7546796486359794,1.4965912411460476,1.4965912411460476,1.4965912411460476,-0.6740503828326087,1.4965912411460476,1.4965912411460476,-0.7546796486359794,-0.7546796486359794,-0.616288190698874,-0.17067621879933825,-0.17067621879933825,-0.17067621879933825,1.4965912411460476,1.4965912411460476,-0.7148113055550976,-0.7148113055550976,-0.616288190698874,-0.17067621879933825,-0.17067621879933825,-0.17067621879933825,1.4965912411460476,1.4965912411460476,-0.7148113055550976,-0.7148113055550976,-0.6298362844308969,0.38860554778426726,1.4965912411460476,1.4965912411460476,0.2943984842883285,0.2943984842883285,0.9749629962967157,0.9749629962967157,-0.15877139395966813,-0.15877139395966813,0.38860554778426726,0.38860554778426726,1.4965912411460476,1.4965912411460476,1.4965912411460476,1.4965912411460476,1.4965912411460476,1.4965912411460476,1.4965912411460476,1.4965912411460476,1.4965912411460476,1.4965912411460476,1.4965912411460476,1.4965912411460476,1.4965912411460476,1.4965912411460476,1.4965912411460476,1.4965912411460476,1.4965912411460476,1.4965912411460476,1.4965912411460476,1.4965912411460476,1.4965912411460476,1.4965912411460476,1.4965912411460476,1.4965912411460476,1.4965912411460476,1.4965912411460476,0.7858297300370047,0.7471612407532576,0.7471612407532576,0.7471612407532576,0.7471612407532576,0.7471612407532576,0.7471612407532576,0.7471612407532576,0.7471612407532576,1.0969321950785909,1.0720988473929915,1.0720988473929915,1.0720988473929915,1.0720988473929915,1.0720988473929915,1.0720988473929915,1.0720988473929915,0.6559243730048503,0.5400538047472733,0.5400538047472733,0.5400538047472733,0.5400538047472733,1.4965912411460476,1.4965912411460476,1.4965912411460476,1.4965912411460476,1.4965912411460476,0.9499800303766645,-0.616626250237799
1.0,-1.0,-1.0,-1.0,-1.0,-1.0,-1.0,-1.0,-1.0,-1.0,-1.0,-1.0,-1.0,-1.0,-1.0,-1.0,-1.0,-1.0,-1.0,-1.0,-1.0,-1.0,-1.0,-1.0,-1.0,-1.0,-1.0,-1.0,-1.0,-1.0,-1.0,-1.0,-1.0,-1.0,-1.0,-1.0,-1.0,-1.0,-1.0,-1.0,-1.0,-1.0,-1.0,-1.0,-1.0,-1.0,-1.0,-1.0,-1.0,-1.0,-1.0,-1.0,-1.0,-1.0,-1.0,-1.0,-1.0,-1.0,-1.0,-1.0,-1.0,-1.0,-1.0,-1.0,-1.0,-1.0,1.0,1.0,1.0,-1.0,-1.0,-1.0,-1.0,1.0,1.0,-1.0,-1.0,-1.0,-1.0,-1.0,-1.0,-1.0,-1.0,-1.0,-1.0,-1.0,-1.0,-1.0,-1.0,-1.0,-1.0,-1.0,-1.0,-1.0,-1.0,-1.0,-1.0,-1.0,-1.0,-1.0,-1.0,-1.0,-1.0,-1.0,-1.0,-1.0,-1.0,-1.0,-1.0,-1.0,-1.0,-1.0,-1.0,-1.0,-1.0,-1.0,-1.0,-1.0,-1.0,-1.0,-1.0,-1.0,-1.0,-1.0,-1.0,-1.0,-1.0,-1.0,-1.0,-1.0,-1.0,-1.0,-1.0,-1.0,-1.0,-1.0,-1.0,-1.0,-1.0,-1.0,-1.0,-1.0,-1.0,-1.0,-1.0,-1.0,-1.0,-1.0,-1.0,-1.0,-1.0,-1.0,-1.0,-1.0,-1.0,-1.0,-1.0,-1.0,-1.0,-1.0,-1.0,-1.0,-1.0,-1.0,1.0,1.0,1.0,-1.0,-1.0,-1.0,-1.0,-1.0,-1.0,-1.0,-1.0,-1.0,-1.0,-1.0,-1.0,-1.0,-1.0,1.0,-1.0,-1.0,-1.0,-1.0,-1.0,-1.0,-1.0,-1.0,-1.0,-1.0,-1.0,-1.0,-1.0,-1.0,-1.0,-1.0,-1.0,-1.0,-1.0,-1.0,-1.0,-1.0,-1.0,-1.0,-1.0,-1.0,-1.0,-1.0,-1.0,-1.0,-1.0,-1.0,-1.0,-1.0,-1.0,-1.0,-1.0,-1.0,-1.0,-1.0,-1.0,-1.0,-1.0,-1.0,-1.0,-1.0,-1.0,-1.0,-1.0,-1.0,-1.0,-1.0,-1.0,-1.0,-1.0,-1.0,-1.0,-1.0,-1.0,-1.0,-1.0,-1.0,-1.0,-1.0,-1.0,-1.0,-1.0,-1.0,-1.0,-1.0,-1.0,-1.0,-1.0,-1.0,-1.0,-1.0,-1.0,-1.0,-1.0,-1.0,-1.0,-1.0,-1.0,-1.0,-1.0,-1.0,-1.0,-1.0,-1.0,-1.0,-1.0,-1.0,-1.0,-1.0,-1.0,-1.0,-1.0,-1.0,-1.0,-1.0,-1.0,-1.0,-1.0,-1.0,-1.0,-1.0,-1.0,-1.0,-1.0,-1.0,-1.0,-1.0,-1.0,-1.0,-1.0,-1.0,-1.0,-1.0,-1.0,-1.0,-1.0,-1.0,-1.0,-1.0,-1.0,-1.0,-1.0,-1.0,-1.0,-1.0,-1.0,-1.0,-1.0,-1.0,-1.0,-1.0,-1.0,-1.0,-1.0,-1.0,-1.0,-1.0,-1.0,-1.0,-1.0,-1.0,-1.0,-1.0,-1.0,-1.0,-1.0,-1.0,-1.0,-1.0,-1.0,-1.0,-1.0,-1.0,-1.0,-1.0,-1.0,-1.0,-1.0,-1.0,-1.0,-1.0,-1.0,-1.0,-1.0,-1.0,-1.0,-1.0,-1.0,-1.0,-1.0,-1.0,-1.0,-1.0,-1.0,-1.0,-1.0,-1.0,-1.0,-1.0,-1.0,-1.0,-1.0,-1.0,-1.0,-1.0,-1.0,-1.0,-1.0,-1.0,-1.0,-1.0,-1.0,-1.0,-1.0,-1.0,-1.0,-1.0,-1.0,1.0,1.0,1.0,1.0,1.0,1.0,1.0
-1.0,-1.0,-1.0,-1.0,-1.0,-1.0,-1.0,-1.0,-1.0,-1.0,-1.0,-1.0,-1.0,-1.0,-1.0,-1.0,-1.0,-1.0,-1.0,-1.0,-1.0,-1.0,-1.0,-1.0,-1.0,-1.0,-1.0,-1.0,-1.0,-1.0,-1.0,-1.0,-1.0,-1.0,-1.0,-1.0,-1.0,-1.0,-1.0,-1.0,-1.0,-1.0,-1.0,-1.0,-1.0,-1.0,-1.0,-1.0,-1.0,-1.0,-1.0,-1.0,-1.0,-1.0,-1.0,-1.0,-1.0,-1.0,-1.0,-1.0,-1.0,-1.0,-1.0,-1.0,-1.0,-1.0,-1.0,-1.0,-1.0,-1.0,-1.0,-1.0,-1.0,-1.0,-1.0,-1.0,-1.0,-1.0,-1.0,-1.0,-1.0,-1.0,-1.0,-1.0,-1.0,-1.0,-1.0,-1.0,-1.0,-1.0,-1.0,-1.0,-1.0,-1.0,-1.0,-1.0,-1.0,-1.0,-1.0,-1.0,-1.0,-1.0,-1.0,-1.0,-1.0,-1.0,-1.0,-1.0,-1.0,-1.0,-1.0,-1.0,-1.0,-1.0,-1.0,-1.0,-1.0,-1.0,-1.0,-1.0,-1.0,-1.0,-1.0,-1.0,-1.0,-1.0,-1.0,-1.0,-1.0,-1.0,-1.0,-1.0,-1.0,-1.0,-1.0,-1.0,-1.0,-1.0,-1.0,-1.0,-1.0,-1.0,-1.0,-1.0,-1.0,-1.0,-1.0,-1.0,-1.0,-1.0,-1.0,-1.0,-1.0,-1.0,-1.0,-1.0,-1.0,-1.0,-1.0,-1.0,-1.0,-1.0,-1.0,-1.0,-1.0,-1.0,-1.0,-1.0,-1.0,-1.0,-1.0,-1.0,-1.0,-1.0,-1.0,-1.0,-1.0,-1.0,-1.0,-1.0,-1.0,-1.0,-1.0,-1.0,-1.0,-1.0,-1.0,-1.0,-1.0,-1.0,-1.0,-1.0,-1.0,-1.0,-1.0,-1.0,-1.0,-1.0,-1.0,-1.0,-1.0,-1.0,-1.0,-1.0,-1.0,-1.0,-1.0,-1.0,-1.0,-1.0,-1.0,-1.0,-1.0,-1.0,-1.0,-1.0,-1.0,-1.0,-1.0,-1.0,-1.0,-1.0,-1.0,-1.0,-1.0,-1.0,-1.0,-1.0,-1.0,-1.0,-1.0,-1.0,-1.0,-1.0,-1.0,-1.0,-1.0,-1.0,-1.0,-1.0,-1.0,-1.0,-1.0,-1.0,-1.0,-1.0,-1.0,-1.0,-1.0,-1.0,-1.0,-1.0,-1.0,-1.0,-1.0,-1.0,-1.0,-1.0,-1.0,-1.0,-1.0,-1.0,-1.0,-1.0,-1.0,-1.0,-1.0,-1.0,-1.0,-1.0,-1.0,-1.0,-1.0,-1.0,-1.0,-1.0,-1.0,-1.0,-1.0,-1.0,-1.0,-1.0,-1.0,-1.0,-1.0,-1.0,-1.0,-1.0,-1.0,-1.0,-1.0,-1.0,-1.0,-1.0,-1.0,-1.0,-1.0,-1.0,-1.0,-1.0,-1.0,-1.0,-1.0,-1.0,-1.0,-1.0,-1.0,-1.0,-1.0,-1.0,-1.0,-1.0,-1.0,-1.0,-1.0,-1.0,-1.0,-1.0,-1.0,-1.0,-1.0,-1.0,-1.0,-1.0,-1.0,-1.0,-1.0,-1.0,-1.0,-1.0,-1.0,-1.0,-1.0,-1.0,-1.0,-1.0,-1.0,-1.0,-1.0,-1.0,-1.0,-1.0,-1.0,-1.0,-1.0,-1.0,-1.0,-1.0,-1.0,-1.0,-1.0,-1.0,-1.0,-1.0,-1.0,-1.0,-1.0,-1.0,-1.0,-1.0,-1.0,-1.0,-1.0,-1.0,-1.0,-1.0,-1.0,-1.0,-1.0,-1.0,-1.0,-1.0,-1.0,-1.0,-1.0,-1.0,-1.0,-1.0,-1.0,-1.0,-1.0,-1.0,-1.0,-1.0,-1.0,-1.0,-1.0,-1.0,-1.0,-1.0,-1.0,-1.0
1.0,-1.0,-1.0,-1.0,-1.0,-1.0,-1.0,-1.0,-1.0,-1.0,-1.0,-1.0,-1.0,-1.0,-1.0,-1.0,-1.0,-1.0,-1.0,-1.0,-1.0,-1.0,-1.0,-1.0,-1.0,-1.0,-1.0,-1.0,-1.0,-1.0,-1.0,-1.0,-1.0,-1.0,-1.0,-1.0,-1.0,-1.0,-1.0,-1.0,-1.0,-1.0,-1.0,-1.0,-1.0,-1.0,-1.0,-1.0,-1.0,-1.0,-1.0,-1.0,-1.0,-1.0,-1.0,-1.0,-1.0,-1.0,-1.0,-1.0,-1.0,-1.0,-1.0,-1.0,-1.0,-1.0,1.0,1.0,1.0,-1.0,-1.0,-1.0,-1.0,-1.0,-1.0,1.0,-1.0,-1.0,1.0,1.0,1.0,1.0,1.0,1.0,1.0,1.0,1.0,1.0,1.0,1.0,1.0,1.0,1.0,1.0,1.0,1.0,1.0,1.0,1.0,1.0,1.0,1.0,1.0,1.0,1.0,1.0,1.0,1.0,1.0,1.0,1.0,1.0,1.0,-1.0,-1.0,1.0,1.0,1.0,1.0,1.0,1.0,1.0,1.0,-1.0,-1.0,-1.0,1.0,-1.0,-1.0,-1.0,-1.0,1.0,1.0,1.0,1.0,1.0,1.0,1.0,1.0,1.0,1.0,1.0,1.0,1.0,1.0,1.0,1.0,1.0,1.0,1.0,1.0,1.0,1.0,1.0,-1.0,-1.0,1.0,1.0,1.0,1.0,1.0,1.0,1.0,1.0,1.0,1.0,1.0,1.0,1.0,1.0,1.0,1.0,1.0,1.0,1.0,1.0,1.0,1.0,1.0,1.0,1.0,1.0,1.0,-1.0,-1.0,1.0,1.0,1.0,1.0,1.0,1.0,-1.0,-1.0,1.0,1.0,1.0,1.0,1.0,1.0,-1.0,-1.0,1.0,1.0,1.0,1.0,1.0,1.0,1.0,1.0,1.0,-1.0,-1.0,1.0,1.0,1.0,1.0,1.0,1.0,1.0,1.0,1.0,1.0,1.0,1.0,1.0,1.0,1.0,1.0,1.0,1.0,1.0,1.0,1.0,1.0,1.0,1.0,1.0,1.0,1.0,1.0,1.0,1.0,1.0,1.0,1.0,1.0,1.0,1.0,1.0,1.0,1.0,1.0,1.0,1.0,1.0,1.0,1.0,1.0,1.0,1.0,1.0,1.0,1.0,1.0,1.0,1.0,1.0,1.0,1.0,1.0,1.0,1.0,1.0,1.0,1.0,1.0,1.0,-1.0,-1.0,1.0,1.0,1.0,1.0,1.0,1.0,-1.0,-1.0,1.0,1.0,1.0,1.0,1.0,1.0,-1.0,-1.0,1.0,1.0,1.0,1.0,1.0,1.0,-1.0,-1.0,1.0,1.0,1.0,1.0,1.0,1.0,1.0,-1.0,-1.0,-1.0,1.0,1.0,1.0,1.0,1.0,-1.0,-1.0,-1.0,1.0,1.0,1.0,1.0,1.0,1.0,1.0,1.0,1.0,1.0,1.0,1.0,1.0,1.0,1.0,1.0,1.0,1.0,-1.0,-1.0,-1.0,-1.0,-1.0,-1.0,-1.0,-1.0,-1.0,-1.0,-1.0,-1.0,-1.0,-1.0,-1.0,-1.0,-1.0,-1.0,-1.0,-1.0,-1.0,-1.0,-1.0,-1.0,-1.0,-1.0,-1.0,-1.0,-1.0,-1.0,-1.0,-1.0,-1.0,-1.0,-1.0,-1.0,-1.0,-1.0,-1.0,-1.0,-1.0,-1.0,-1.0,-1.0,-1.0,-1.0,1.0,1.0,1.0,1.0,1.0,1.0,-1.0
-1.0,-1.0,-1.0,-1.0,-1.0,-1.0,-1.0,-1.0,-1.0,-1.0,-1.0,-1.0,-1.0,-1.0,-1.0,-1.0,-1.0,-1.0,-1.0,-1.0,-1.0,-1.0,-1.0,-1.0,-1.0,-1.0,-1.0,-1.0,-1.0,-1.0,-1.0,-1.0,-1.0,-1.0,-1.0,-1.0,-1.0,-1.0,-1.0,-1.0,-1.0,-1.0,-1.0,-1.0,-1.0,-1.0,-1.0,-1.0,-1.0,-1.0,-1.0,-1.0,-1.0,-1.0,-1.0,-1.0,-1.0,-1.0,-1.0,-1.0,-1.0,-1.0,-1.0,-1.0,-1.0,-1.0,-1.0,-1.0,-1.0,-1.0,-1.0,-1.0,-1.0,-1.0,-1.0,-1.0,-1.0,-1.0,-1.0,-1.0,-1.0,-1.0,-1.0,-1.0,-1.0,-1.0,-1.0,-1.0,-1.0,1.0,1.0,1.0,1.0,-1.0,-1.0,-1.0,-1.0,-1.0,-1.0,-1.0,-1.0,-1.0,-1.0,-1.0,-1.0,-1.0,-1.0,-1.0,-1.0,-1.0,-1.0,-1.0,-1.0,-1.0,-1.0,-1.0,-1.0,-1.0,-1.0,-1.0,-1.0,-1.0,-1.0,-1.0,-1.0,-1.0,-1.0,1.0,1.0,1.0,1.0,-1.0,-1.0,-1.0,-1.0,-1.0,-1.0,-1.0,-1.0,-1.0,-1.0,-1.0,-1.0,-1.0,-1.0,-1.0,-1.0,-1.0,-1.0,-1.0,-1.0,-1.0,-1.0,-1.0,-1.0,-1.0,-1.0,-1.0,-1.0,-1.0,-1.0,-1.0,-1.0,-1.0,-1.0,-1.0,-1.0,-1.0,-1.0,-1.0,-1.0,-1.0,-1.0,-1.0,-1.0,-1.0,-1.0,-1.0,-1.0,-1.0,-1.0,-1.0,-1.0,-1.0,-1.0,-1.0,-1.0,-1.0,-1.0,-1.0,-1.0,-1.0,-1.0,-1.0,-1.0,-1.0,-1.0,-1.0,-1.0,-1.0,-1.0,-1.0,-1.0,-1.0,-1.0,-1.0,-1.0,-1.0,-1.0,-1.0,-1.0,-1.0,-1.0,-1.0,-1.0,-1.0,-1.0,-1.0,-1.0,-1.0,-1.0,-1.0,-1.0,-1.0,-1.0,-1.0,-1.0,-1.0,-1.0,-1.0,-1.0,-1.0,-1.0,-1.0,-1.0,-1.0,-1.0,-1.0,-1.0,-1.0,-1.0,-1.0,-1.0,-1.0,-1.0,-1.0,-1.0,-1.0,-1.0,-1.0,-1.0,-1.0,-1.0,-1.0,-1.0,-1.0,-1.0,-1.0,-1.0,-1.0,-1.0,-1.0,-1.0,-1.0,-1.0,-1.0,-1.0,-1.0,-1.0,-1.0,-1.0,-1.0,-1.0,-1.0,-1.0,-1.0,-1.0,-1.0,-1.0,-1.0,-1.0,-1.0,-1.0,-1.0,-1.0,-1.0,-1.0,-1.0,-1.0,-1.0,-1.0,-1.0,-1.0,-1.0,-1.0,-1.0,-1.0,-1.0,-1.0,-1.0,-1.0,-1.0,-1.0,-1.0,-1.0,-1.0,-1.0,-1.0,-1.0,-1.0,-1.0,-1.0,-1.0,-1.0,-1.0,-1.0,-1.0,-1.0,-1.0,-1.0,-1.0,-1.0,-1.0,-1.0,-1.0,-1.0,-1.0,-1.0,-1.0,-1.0,-1.0,-1.0,-1.0,-1.0,-1.0,-1.0,-1.0,-1.0,-1.0,-1.0,-1.0,-1.0,-1.0,-1.0,-1.0,-1.0,-1.0,-1.0,-1.0,-1.0,-1.0,-1.0,-1.0,-1.0,-1.0,-1.0,-1.0,-1.0,-1.0,-1.0,-1.0,-1.0,-1.0,-1.0,-1.0,-1.0,-1.0,-1.0,-1.0,-1.0,-1.0,-1.0,-1.0,-1.0,-1.0,-1.0,-1.0,-1.0,-1.0,-1.0,-1.0,-1.0,-1.0,-1.0,-1.0,-1.0,-1.0,-1.0,-1.0,-1.0,-1.0,-1.0
-1.0,-1.0,-1.0,-1.0,-1.0,-1.0,-1.0,-1.0,-1.0,-1.0,-1.0,-1.0,-1.0,-1.0,-1.0,-1.0,-1.0,-1.0,-1.0,-1.0,-1.0,-1.0,-1.0,-1.0,-1.0,-1.0,-1.0,-1.0,-1.0,-1.0,-1.0,-1.0,-1.0,-1.0,-1.0,-1.0,-1.0,-1.0,-1.0,-1.0,-1.0,-1.0,-1.0,-1.0,-1.0,-1.0,-1.0,-1.0,-1.0,-1.0,-1.0,-1.0,-1.0,-1.0,-1.0,-1.0,-1.0,-1.0,-1.0,-1.0,-1.0,-1.0,-1.0,-1.0,-1.0,-1.0,-1.0,-1.0,-1.0,-1.0,-1.0,-1.0,-1.0,-1.0,-1.0,-1.0,-1.0,-1.0,-1.0,-1.0,-1.0,-1.0,-1.0,-1.0,-1.0,-1.0,-1.0,-1.0,-1.0,-1.0,-1.0,-1.0,-1.0,-1.0,-1.0,-1.0,-1.0,-1.0,-1.0,-1.0,-1.0,-1.0,-1.0,-1.0,-1.0,-1.0,-1.0,-1.0,-1.0,-1.0,-1.0,-1.0,-1.0,-1.0,-1.0,-1.0,-1.0,-1.0,-1.0,-1.0,-1.0,-1.0,-1.0,-1.0,-1.0,-1.0,-1.0,-1.0,-1.0,-1.0,-1.0,-1.0,-1.0,-1.0,-1.0,-1.0,-1.0,-1.0,-1.0,-1.0,-1.0,-1.0,-1.0,-1.0,-1.0,-1.0,-1.0,-1.0,-1.0,-1.0,-1.0,-1.0,-1.0,-1.0,-1.0,-1.0,-1.0,-1.0,-1.0,-1.0,-1.0,-1.0,-1.0,-1.0,-1.0,-1.0,-1.0,-1.0,-1.0,-1.0,-1.0,-1.0,-1.0,-1.0,-1.0,-1.0,-1.0,-1.0,-1.0,-1.0,-1.0,-1.0,-1.0,-1.0,-1.0,-1.0,-1.0,-1.0,-1.0,-1.0,-1.0,-1.0,-1.0,-1.0,-1.0,-1.0,-1.0,-1.0,-1.0,-1.0,-1.0,-1.0,-1.0,-1.0,-1.0,-1.0,-1.0,-1.0,-1.0,-1.0,-1.0,-1.0,-1.0,-1.0,-1.0,-1.0,-1.0,-1.0,-1.0,-1.0,-1.0,-1.0,-1.0,-1.0,-1.0,-1.0,-1.0,-1.0,-1.0,-1.0,-1.0,-1.0,-1.0,-1.0,-1.0,-1.0,-1.0,-1.0,-1.0,-1.0,-1.0,-1.0,-1.0,-1.0,-1.0,-1.0,-1.0,-1.0,-1.0,-1.0,-1.0,-1.0,-1.0,-1.0,-1.0,-1.0,-1.0,-1.0,-1.0,-1.0,-1.0,-1.0,-1.0,-1.0,-1.0,-1.0,-1.0,-1.0,-1.0,-1.0,-1.0,-1.0,-1.0,-1.0,-1.0,-1.0,-1.0,-1.0,-1.0,-1.0,-1.0,-1.0,-1.0,-1.0,-1.0,-1.0,-1.0,-1.0,-1.0,-1.0,-1.0,-1.0,-1.0,-1.0,-1.0,-1.0,-1.0,-1.0,-1.0,-1.0,-1.0,-1.0,-1.0,-1.0,-1.0,-1.0,-1.0,-1.0,-1.0,-1.0,-1.0,-1.0,-1.0,-1.0,-1.0,-1.0,-1.0,-1.0,-1.0,-1.0,-1.0,-1.0,-1.0,-1.0,-1.0,-1.0,-1.0,-1.0,-1.0,-1.0,-1.0,-1.0,-1.0,-1.0,-1.0,-1.0,-1.0,-1.0,-1.0,-1.0,-1.0,-1.0,-1.0,-1.0,-1.0,-1.0,-1.0,-1.0,-1.0,-1.0,-1.0,-1.0,-1.0,-1.0,-1.0,-1.0,-1.0,-1.0,-1.0,-1.0,-1.0,-1.0,-1.0,-1.0,-1.0,-1.0,-1.0,-1.0,-1.0,-1.0,-1.0,-1.0,-1.0,-1.0,-1.0,-1.0,-1.0,-1.0,-1.0,-1.0,-1.0,-1.0,-1.0,-1.0,-1.0,-1.0,-1.0,-1.0,-1.0,-1.0,-1.0,-1.0
-1.0,-1.0,-1.0,-1.0,-1.0,-1.0,-1.0,-1.0,-1.0,-1.0,-1.0,-1.0,-1.0,-1.0,-1.0,-1.0,-1.0,-1.0,-1.0,-1.0,-1.0,-1.0,-1.0,-1.0,-1.0,-1.0,-1.0,-1.0,-1.0,-1.0,-1.0,-1.0,-1.0,-1.0,-1.0,-1.0,-1.0,-1.0,-1.0,-1.0,-1.0,-1.0,-1.0,-1.0,-1.0,-1.0,-1.0,-1.0,-1.0,-1.0,-1.0,-1.0,-1.0,-1.0,-1.0,-1.0,-1.0,-1.0,-1.0,-1.0,-1.0,-1.0,-1.0,-1.0,-1.0,-1.0,-1.0,-1.0,-1.0,-1.0,-1.0,-1.0,-1.0,-1.0,-1.0,-1.0,-1.0,-1.0,-1.0,-1.0,-1.0,-1.0,-1.0,-1.0,-1.0,-1.0,-1.0,-1.0,-1.0,-1.0,-1.0,-1.0,-1.0,-1.0,-1.0,-1.0,-1.0,-1.0,-1.0,-1.0,-1.0,-1.0,-1.0,-1.0,-1.0,-1.0,-1.0,-1.0,-1.0,-1.0,-1.0,-1.0,-1.0,-1.0,-1.0,-1.0,-1.0,-1.0,-1.0,-1.0,-1.0,-1.0,-1.0,-1.0,-1.0,-1.0,-1.0,-1.0,-1.0,-1.0,-1.0,-1.0,-1.0,-1.0,-1.0,-1.0,-1.0,-1.0,-1.0,-1.0,-1.0,-1.0,-1.0,-1.0,-1.0,-1.0,-1.0,-1.0,-1.0,-1.0,-1.0,-1.0,-1.0,-1.0,-1.0,-1.0,-1.0,-1.0,-1.0,-1.0,-1.0,-1.0,-1.0,-1.0,-1.0,-1.0,-1.0,-1.0,-1.0,-1.0,-1.0,-1.0,-1.0,-1.0,-1.0,-1.0,-1.0,-1.0,-1.0,-1.0,-1.0,-1.0,-1.0,-1.0,-1.0,-1.0,-1.0,-1.0,-1.0,-1.0,-1.0,-1.0,-1.0,-1.0,-1.0,-1.0,-1.0,-1.0,-1.0,-1.0,-1.0,-1.0,-1.0,-1.0,-1.0,-1.0,-1.0,-1.0,-1.0,-1.0,-1.0,-1.0,-1.0,-1.0,-1.0,-1.0,-1.0,-1.0,-1.0,-1.0,-1.0,-1.0,-1.0,-1.0,-1.0,-1.0,-1.0,-1.0,-1.0,-1.0,-1.0,-1.0,-1.0,-1.0,-1.0,-1.0,-1.0,-1.0,-1.0,-1.0,-1.0,-1.0,-1.0,-1.0,-1.0,-1.0,-1.0,-1.0,-1.0,-1.0,-1.0,-1.0,-1.0,-1.0,-1.0,-1.0,-1.0,-1.0,-1.0,-1.0,-1.0,-1.0,-1.0,-1.0,-1.0,-1.0,-1.0,-1.0,-1.0,-1.0,-1.0,-1.0,-1.0,-1.0,-1.0,-1.0,-1.0,-1.0,-1.0,-1.0,-1.0,-1.0,-1.0,-1.0,-1.0,-1.0,-1.0,-1.0,-1.0,-1.0,-1.0,-1.0,-1.0,-1.0,-1.0,-1.0,-1.0,-1.0,-1.0,-1.0,-1.0,-1.0,-1.0,-1.0,-1.0,-1.0,-1.0,-1.0,-1.0,-1.0,-1.0,-1.0,-1.0,-1.0,-1.0,-1.0,-1.0,-1.0,-1.0,-1.0,-1.0,-1.0,-1.0,-1.0,-1.0,-1.0,-1.0,-1.0,-1.0,-1.0,-1.0,-1.0,-1.0,-1.0,-1.0,-1.0,-1.0,-1.0,-1.0,-1.0,-1.0,-1.0,-1.0,-1.0,-1.0,-1.0,-1.0,-1.0,-1.0,-1.0,-1.0,-1.0,-1.0,-1.0,-1.0,-1.0,-1.0,-1.0,-1.0,-1.0,-1.0,-1.0,-1.0,-1.0,-1.0,-1.0,-1.0,-1.0,-1.0,-1.0,-1.0,-1.0,-1.0,-1.0,-1.0,-1.0,-1.0,-1.0,-1.0,-1.0,-1.0,-1.0,-1.0,-1.0,-1.0,-1.0,-1.0,-1.0,-1.0,-1.0,-1.0,-1.0
-1.0,-1.0,-1.0,-1.0,-1.0,-1.0,-1.0,-1.0,-1.0,-1.0,-1.0,-1.0,-1.0,-1.0,-1.0,-1.0,-1.0,-1.0,-1.0,-1.0,-1.0,-1.0,-1.0,-1.0,-1.0,-1.0,-1.0,-1.0,-1.0,-1.0,-1.0,-1.0,-1.0,-1.0,-1.0,-1.0,-1.0,-1.0,-1.0,-1.0,-1.0,-1.0,-1.0,-1.0,-1.0,-1.0,-1.0,-1.0,-1.0,-1.0,-1.0,-1.0,-1.0,-1.0,-1.0,-1.0,-1.0,-1.0,-1.0,-1.0,-1.0,-1.0,-1.0,-1.0,-1.0,-1.0,-1.0,-1.0,-1.0,-1.0,-1.0,-1.0,-1.0,-1.0,-1.0,-1.0,-1.0,-1.0,-1.0,-1.0,-1.0,-1.0,-1.0,-1.0,-1.0,-1.0,-1.0,-1.0,-1.0,-1.0,-1.0,-1.0,-1.0,-1.0,-1.0,-1.0,-1.0,-1.0,-1.0,-1.0,-1.0,-1.0,-1.0,-1.0,-1.0,-1.0,-1.0,-1.0,-1.0,-1.0,-1.0,-1.0,-1.0,-1.0,-1.0,-1.0,-1.0,-1.0,-1.0,-1.0,-1.0,-1.0,-1.0,-1.0,-1.0,-1.0,-1.0,-1.0,-1.0,-1.0,-1.0,-1.0,-1.0,-1.0,-1.0,-1.0,-1.0,-1.0,-1.0,-1.0,-1.0,-1.0,-1.0,-1.0,-1.0,-1.0,-1.0,-1.0,-1.0,-1.0,-1.0,-1.0,-1.0,-1.0,-1.0,-1.0,-1.0,-1.0,-1.0,-1.0,-1.0,-1.0,-1.0,-1.0,-1.0,-1.0,-1.0,-1.0,-1.0,-1.0,-1.0,-1.0,-1.0,-1.0,-1.0,-1.0,-1.0,-1.0,-1.0,-1.0,-1.0,-1.0,-1.0,-1.0,-1.0,-1.0,-1.0,-1.0,-1.0,-1.0,-1.0,-1.0,-1.0,-1.0,-1.0,-1.0,-1.0,-1.0,-1.0,-1.0,-1.0,-1.0,-1.0,-1.0,-1.0,-1.0,-1.0,-1.0,-1.0,-1.0,-1.0,-1.0,-1.0,-1.0,-1.0,-1.0,-1.0,-1.0,-1.0,-1.0,-1.0,-1.0,-1.0,-1.0,-1.0,-1.0,-1.0,-1.0,-1.0,-1.0,-1.0,-1.0,-1.0,-1.0,-1.0,-1.0,-1.0,-1.0,-1.0,-1.0,-1.0,-1.0,-1.0,-1.0,-1.0,-1.0,-1.0,-1.0,-1.0,-1.0,-1.0,-1.0,-1.0,-1.0,-1.0,-1.0,-1.0,-1.0,-1.0,-1.0,-1.0,-1.0,-1.0,-1.0,-1.0,-1.0,-1.0,-1.0,-1.0,-1.0,-1.0,-1.0,-1.0,-1.0,-1.0,-1.0,-1.0,-1.0,-1.0,-1.0,-1.0,-1.0,-1.0,-1.0,-1.0,-1.0,-1.0,-1.0,-1.0,-1.0,-1.0,-1.0,-1.0,-1.0,-1.0,-1.0,-1.0,-1.0,-1.0,-1.0,-1.0,-1.0,-1.0,-1.0,-1.0,-1.0,-1.0,-1.0,-1.0,-1.0,-1.0,-1.0,-1.0,-1.0,-1.0,-1.0,-1.0,-1.0,-1.0,-1.0,-1.0,-1.0,-1.0,-1.0,-1.0,-1.0,-1.0,-1.0,-1.0,-1.0,-1.0,-1.0,-1.0,-1.0,-1.0,-1.0,-1.0,-1.0,-1.0,-1.0,-1.0,-1.0,-1.0,-1.0,-1.0,-1.0,-1.0,-1.0,-1.0,-1.0,-1.0,-1.0,-1.0,-1.0,-1.0,-1.0,-1.0,-1.0,-1.0,-1.0,-1.0,-1.0,-1.0,-1.0,-1.0,-1.0,-1.0,-1.0,-1.0,-1.0,-1.0,-1.0,-1.0,-1.0,-1.0,-1.0,-1.0,-1.0,-1.0,-1.0,-1.0,-1.0,-1.0,-1.0,-1.0,-1.0,-1.0,-1.0,-1.0,-1.0,-1.0,1.0
-1.0,-1.0,1.0,1.0,1.0,1.0,1.0,1.0,1.0,1.0,1.0,1.0,1.0,1.0,-1.0,1.0,1.0,1.0,1.0,1.0,1.0,1.0,1.0,1.0,1.0,-1.0,1.0,1.0,1.0,1.0,1.0,1.0,1.0,-1.0,1.0,1.0,1.0,1.0,1.0,1.0,1.0,1.0,-1.0,1.0,1.0,1.0,1.0,1.0,1.0,1.0,1.0,1.0,1.0,-1.0,1.0,1.0,1.0,1.0,1.0,1.0,1.0,1.0,1.0,1.0,1.0,1.0,-1.0,-1.0,-1.0,1.0,1.0,1.0,1.0,-1.0,-1.0,-1.0,1.0,1.0,-1.0,-1.0,-1.0,-1.0,-1.0,-1.0,-1.0,-1.0,-1.0,-1.0,-1.0,-1.0,-1.0,-1.0,-1.0,-1.0,-1.0,-1.0,-1.0,-1.0,-1.0,-1.0,-1.0,-1.0,-1.0,-1.0,-1.0,-1.0,-1.0,-1.0,-1.0,-1.0,-1.0,-1.0,-1.0,-1.0,-1.0,-1.0,-1.0,-1.0,-1.0,1.0,1.0,-1.0,-1.0,-1.0,-1.0,-1.0,-1.0,-1.0,-1.0,-1.0,-1.0,-1.0,-1.0,-1.0,-1.0,-1.0,-1.0,-1.0,-1.0,-1.0,-1.0,-1.0,-1.0,-1.0,-1.0,-1.0,-1.0,-1.0,-1.0,-1.0,-1.0,-1.0,-1.0,-1.0,-1.0,-1.0,-1.0,-1.0,-1.0,-1.0,-1.0,-1.0,-1.0,-1.0,-1.0,-1.0,-1.0,-1.0,-1.0,-1.0,-1.0,-1.0,-1.0,-1.0,-1.0,-1.0,-1.0,-1.0,-1.0,-1.0,-1.0,-1.0,-1.0,-1.0,-1.0,-1.0,-1.0,-1.0,-1.0,-1.0,-1.0,-1.0,-1.0,-1.0,-1.0,-1.0,-1.0,-1.0,-1.0,-1.0,-1.0,-1.0,-1.0,-1.0,-1.0,-1.0,-1.0,-1.0,-1.0,-1.0,-1.0,-1.0,-1.0,-1.0,-1.0,-1.0,-1.0,-1.0,-1.0,-1.0,-1.0,-1.0,-1.0,-1.0,-1.0,-1.0,-1.0,-1.0,-1.0,-1.0,-1.0,-1.0,-1.0,-1.0,-1.0,-1.0,-1.0,-1.0,-1.0,-1.0,-1.0,-1.0,-1.0,-1.0,-1.0,-1.0,-1.0,-1.0,-1.0,-1.0,-1.0,-1.0,-1.0,-1.0,-1.0,-1.0,-1.0,-1.0,-1.0,-1.0,-1.0,-1.0,-1.0,-1.0,-1.0,-1.0,-1.0,-1.0,-1.0,-1.0,-1.0,-1.0,-1.0,-1.0,-1.0,-1.0,-1.0,-1.0,-1.0,-1.0,-1.0,-1.0,-1.0,-1.0,-1.0,-1.0,-1.0,-1.0,-1.0,-1.0,-1.0,-1.0,-1.0,-1.0,-1.0,-1.0,-1.0,-1.0,-1.0,-1.0,-1.0,-1.0,-1.0,-1.0,-1.0,-1.0,-1.0,-1.0,-1.0,-1.0,-1.0,-1.0,-1.0,-1.0,-1.0,-1.0,-1.0,-1.0,-1.0,-1.0,-1.0,-1.0,-1.0,-1.0,-1.0,-1.0,-1.0,-1.0,-1.0,-1.0,-1.0,-1.0,-1.0,-1.0,-1.0,-1.0,-1.0,1.0,1.0,1.0,1.0,1.0,1.0,1.0,1.0,1.0,1.0,1.0,1.0,1.0,1.0,1.0,1.0,1.0,1.0,1.0,1.0,1.0,1.0,1.0,1.0,1.0,1.0,1.0,1.0,1.0,1.0,1.0,1.0,1.0,1.0,1.0,1.0,1.0,1.0,1.0,1.0,1.0,1.0,1.0,1.0,1.0,1.0,1.0,1.0,-1.0,-1.0,-1.0,-1.0,-1.0,-1.0,-1.0
-1.0,-1.0,-1.0,-1.0,-1.0,-1.0,-1.0,-1.0,-1.0,-1.0,-1.0,-1.0,-1.0,-1.0,-1.0,-1.0,-1.0,-1.0,-1.0,-1.0,-1.0,-1.0,-1.0,-1.0,-1.0,-1.0,-1.0,-1.0,-1.0,-1.0,-1.0,-1.0,-1.0,-1.0,-1.0,-1.0,-1.0,-1.0,-1.0,-1.0,-1.0,-1.0,-1.0,-1.0,-1.0,-1.0,-1.0,-1.0,-1.0,-1.0,-1.0,-1.0,-1.0,-1.0,-1.0,-1.0,-1.0,-1.0,-1.0,-1.0,-1.0,-1.0,-1.0,-1.0,-1.0,-1.0,-1.0,-1.0,-1.0,-1.0,-1.0,-1.0,-1.0,-1.0,-1.0,-1.0,-1.0,-1.0,-1.0,-1.0,-1.0,-1.0,-1.0,-1.0,-1.0,-1.0,-1.0,-1.0,-1.0,-1.0,-1.0,-1.0,-1.0,-1.0,-1.0,-1.0,-1.0,-1.0,-1.0,-1.0,-1.0,-1.0,-1.0,-1.0,-1.0,-1.0,-1.0,-1.0,-1.0,-1.0,-1.0,-1.0,-1.0,-1.0,-1.0,-1.0,-1.0,-1.0,-1.0,-1.0,-1.0,-1.0,-1.0,1.0,1.0,1.0,-1.0,-1.0,-1.0,-1.0,-1.0,-1.0,-1.0,-1.0,-1.0,-1.0,-1.0,-1.0,-1.0,-1.0,-1.0,-1.0,-1.0,-1.0,-1.0,-1.0,-1.0,-1.0,-1.0,-1.0,-1.0,-1.0,-1.0,-1.0,1.0,1.0,-1.0,-1.0,-1.0,-1.0,-1.0,-1.0,-1.0,-1.0,-1.0,-1.0,-1.0,-1.0,-1.0,-1.0,-1.0,-1.0,-1.0,-1.0,-1.0,-1.0,-1.0,-1.0,-1.0,-1.0,-1.0,-1.0,-1.0,-1.0,-1.0,-1.0,-1.0,1.0,1.0,-1.0,-1.0,-1.0,-1.0,-1.0,-1.0,1.0,1.0,-1.0,-1.0,-1.0,-1.0,-1.0,-1.0,1.0,1.0,-1.0,-1.0,-1.0,-1.0,-1.0,-1.0,-1.0,-1.0,-1.0,1.0,1.0,-1.0,-1.0,-1.0,-1.0,-1.0,-1.0,-1.0,-1.0,-1.0,-1.0,-1.0,-1.0,-1.0,-1.0,-1.0,1.0,1.0,-1.0,-1.0,-1.0,-1.0,1.0,1.0,-1.0,-1.0,-1.0,-1.0,1.0,1.0,-1.0,-1.0,-1.0,-1.0,1.0,1.0,-1.0,-1.0,-1.0,-1.0,1.0,1.0,-1.0,-1.0,-1.0,-1.0,1.0,1.0,-1.0,-1.0,-1.0,-1.0,1.0,1.0,-1.0,-1.0,-1.0,-1.0,1.0,1.0,-1.0,-1.0,-1.0,-1.0,-1.0,-1.0,1.0,1.0,-1.0,-1.0,-1.0,-1.0,-1.0,-1.0,1.0,1.0,-1.0,-1.0,-1.0,-1.0,-1.0,-1.0,1.0,1.0,-1.0,-1.0,-1.0,-1.0,-1.0,-1.0,1.0,1.0,-1.0,-1.0,-1.0,-1.0,-1.0,-1.0,1.0,1.0,-1.0,-1.0,-1.0,-1.0,-1.0,-1.0,1.0,1.0,-1.0,-1.0,-1.0,-1.0,-1.0,-1.0,-1.0,-1.0,-1.0,-1.0,-1.0,-1.0,-1.0,-1.0,-1.0,-1.0,-1.0,-1.0,-1.0,-1.0,-1.0,-1.0,-1.0,-1.0,-1.0,-1.0,-1.0,-1.0,-1.0,-1.0,-1.0,-1.0,-1.0,-1.0,-1.0,-1.0,-1.0,-1.0,-1.0,-1.0,-1.0,-1.0,-1.0,-1.0,-1.0,-1.0,-1.0,-1.0,-1.0,-1.0,-1.0,-1.0,-1.0,-1.0,-1.0,-1.0,-1.0,-1.0,-1.0,-1.0,-1.0,-1.0,-1.0,-1.0,-1.0,-1.0,-1.0,-1.0,-1.0
-1.0,1.0,-1.0,-1.0,-1.0,-1.0,-1.0,-1.0,-1.0,-1.0,-1.0,-1.0,-1.0,-1.0,1.0,-1.0,-1.0,-1.0,-1.0,-1.0,-1.0,-1.0,-1.0,-1.0,-1.0,1.0,-1.0,-1.0,-1.0,-1.0,-1.0,-1.0,-1.0,1.0,-1.0,-1.0,-1.0,-1.0,-1.0,-1.0,-1.0,-1.0,1.0,-1.0,-1.0,-1.0,-1.0,-1.0,-1.0,-1.0,-1.0,-1.0,-1.0,1.0,-1.0,-1.0,-1.0,-1.0,-1.0,-1.0,-1.0,-1.0,-1.0,-1.0,-1.0,-1.0,-1.0,-1.0,-1.0,-1.0,-1.0,-1.0,-1.0,-1.0,-1.0,-1.0,-1.0,-1.0,-1.0,-1.0,-1.0,-1.0,-1.0,-1.0,-1.0,-1.0,-1.0,-1.0,-1.0,-1.0,-1.0,-1.0,-1.0,-1.0,-1.0,-1.0,-1.0,-1.0,-1.0,-1.0,-1.0,-1.0,-1.0,-1.0,-1.0,-1.0,-1.0,-1.0,-1.0,-1.0,-1.0,-1.0,-1.0,-1.0,-1.0,-1.0,-1.0,-1.0,-1.0,-1.0,-1.0,-1.0,-1.0,-1.0,-1.0,-1.0,-1.0,-1.0,-1.0,-1.0,-1.0,-1.0,-1.0,-1.0,-1.0,-1.0,-1.0,-1.0,-1.0,-1.0,-1.0,-1.0,-1.0,-1.0,-1.0,-1.0,-1.0,-1.0,-1.0,-1.0,-1.0,-1.0,-1.0,-1.0,-1.0,-1.0,-1.0,-1.0,-1.0,-1.0,-1.0,-1.0,-1.0,-1.0,-1.0,-1.0,-1.0,-1.0,-1.0,-1.0,-1.0,-1.0,-1.0,-1.0,-1.0,-1.0,-1.0,-1.0,-1.0,-1.0,-1.0,-1.0,-1.0,-1.0,-1.0,-1.0,-1.0,-1.0,-1.0,-1.0,-1.0,-1.0,-1.0,-1.0,-1.0,-1.0,-1.0,-1.0,-1.0,-1.0,-1.0,-1.0,-1.0,-1.0,-1.0,-1.0,-1.0,-1.0,-1.0,-1.0,-1.0,-1.0,-1.0,-1.0,-1.0,-1.0,-1.0,-1.0,-1.0,-1.0,-1.0,-1.0,-1.0,-1.0,-1.0,-1.0,-1.0,-1.0,-1.0,-1.0,-1.0,-1.0,-1.0,-1.0,-1.0,-1.0,-1.0,-1.0,-1.0,-1.0,-1.0,-1.0,-1.0,-1.0,-1.0,-1.0,-1.0,-1.0,-1.0,-1.0,-1.0,-1.0,-1.0,-1.0,-1.0,-1.0,-1.0,-1.0,-1.0,-1.0,-1.0,-1.0,-1.0,-1.0,-1.0,-1.0,-1.0,-1.0,-1.0,-1.0,-1.0,-1.0,-1.0,-1.0,-1.0,-1.0,-1.0,-1.0,-1.0,-1.0,-1.0,-1.0,-1.0,-1.0,-1.0,-1.0,-1.0,-1.0,-1.0,-1.0,-1.0,-1.0,-1.0,-1.0,-1.0,-1.0,-1.0,-1.0,-1.0,-1.0,-1.0,-1.0,-1.0,-1.0,-1.0,-1.0,-1.0,-1.0,-1.0,-1.0,-1.0,-1.0,-1.0,-1.0,-1.0,-1.0,-1.0,-1.0,-1.0,-1.0,-1.0,-1.0,-1.0,-1.0,-1.0,-1.0,-1.0,-1.0,-1.0,-1.0,-1.0,-1.0,-1.0,-1.0,-1.0,-1.0,-1.0,-1.0,-1.0,1.0,-1.0,-1.0,-1.0,-1.0,-1.0,-1.0,-1.0,-1.0,-1.0,-1.0,-1.0,-1.0,1.0,-1.0,-1.0,-1.0,-1.0,-1.0,-1.0,-1.0,-1.0,-1.0,-1.0,1.0,-1.0,-1.0,-1.0,-1.0,-1.0,-1.0,-1.0,-1.0,1.0,-1.0,-1.0,-1.0,-1.0,-1.0,-1.0,-1.0,1.0,-1.0,-1.0,-1.0,-1.0,-1.0,-1.0,-1.0,-1.0,-1.0,-1.0,-1.0
-1.0,-1.0,-1.0,-1.0,-1.0,-1.0,-1.0,-1.0,-1.0,-1.0,-1.0,-1.0,-1.0,-1.0,-1.0,-1.0,-1.0,-1.0,-1.0,-1.0,-1.0,-1.0,-1.0,-1.0,-1.0,-1.0,-1.0,-1.0,-1.0,-1.0,-1.0,-1.0,-1.0,-1.0,-1.0,-1.0,-1.0,-1.0,-1.0,-1.0,-1.0,-1.0,-1.0,-1.0,-1.0,-1.0,-1.0,-1.0,-1.0,-1.0,-1.0,-1.0,-1.0,-1.0,-1.0,-1.0,-1.0,-1.0,-1.0,-1.0,-1.0,-1.0,-1.0,-1.0,-1.0,-1.0,-1.0,-1.0,-1.0,-1.0,-1.0,-1.0,-1.0,-1.0,-1.0,-1.0,-1.0,-1.0,-1.0,-1.0,-1.0,-1.0,-1.0,-1.0,-1.0,-1.0,-1.0,-1.0,-1.0,-1.0,-1.0,-1.0,-1.0,-1.0,-1.0,-1.0,-1.0,-1.0,-1.0,-1.0,-1.0,-1.0,-1.0,-1.0,-1.0,-1.0,-1.0,-1.0,-1.0,-1.0,-1.0,-1.0,-1.0,-1.0,-1.0,-1.0,-1.0,-1.0,-1.0,-1.0,-1.0,-1.0,-1.0,-1.0,-1.0,-1.0,-1.0,-1.0,-1.0,-1.0,-1.0,-1.0,-1.0,-1.0,-1.0,-1.0,-1.0,-1.0,-1.0,-1.0,-1.0,-1.0,-1.0,-1.0,-1.0,-1.0,-1.0,-1.0,-1.0,-1.0,-1.0,-1.0,-1.0,-1.0,-1.0,-1.0,-1.0,-1.0,-1.0,-1.0,-1.0,-1.0,-1.0,-1.0,-1.0,-1.0,-1.0,-1.0,-1.0,-1.0,-1.0,-1.0,-1.0,-1.0,-1.0,-1.0,-1.0,-1.0,-1.0,-1.0,-1.0,-1.0,-1.0,-1.0,-1.0,-1.0,-1.0,-1.0,-1.0,-1.0,-1.0,-1.0,-1.0,-1.0,-1.0,-1.0,-1.0,-1.0,-1.0,-1.0,-1.0,-1.0,-1.0,-1.0,-1.0,-1.0,-1.0,-1.0,-1.0,-1.0,-1.0,-1.0,-1.0,-1.0,-1.0,-1.0,-1.0,-1.0,-1.0,-1.0,-1.0,-1.0,-1.0,-1.0,-1.0,-1.0,-1.0,-1.0,-1.0,-1.0,-1.0,-1.0,-1.0,-1.0,-1.0,-1.0,-1.0,-1.0,-1.0,-1.0,-1.0,-1.0,-1.0,-1.0,-1.0,-1.0,-1.0,-1.0,-1.0,-1.0,-1.0,-1.0,-1.0,-1.0,-1.0,-1.0,-1.0,-1.0,-1.0,-1.0,-1.0,-1.0,-1.0,-1.0,-1.0,-1.0,-1.0,-1.0,-1.0,-1.0,-1.0,-1.0,-1.0,-1.0,-1.0,-1.0,-1.0,-1.0,-1.0,-1.0,-1.0,-1.0,-1.0,-1.0,-1.0,-1.0,-1.0,-1.0,-1.0,-1.0,-1.0,-1.0,-1.0,-1.0,-1.0,-1.0,-1.0,-1.0,-1.0,-1.0,-1.0,-1.0,-1.0,-1.0,-1.0,-1.0,-1.0,-1.0,-1.0,-1.0,-1.0,-1.0,-1.0,-1.0,-1.0,-1.0,-1.0,-1.0,-1.0,-1.0,-1.0,-1.0,-1.0,-1.0,-1.0,-1.0,-1.0,-1.0,-1.0,-1.0,-1.0,-1.0,-1.0,-1.0,-1.0,-1.0,-1.0,-1.0,-1.0,-1.0,-1.0,-1.0,-1.0,-1.0,-1.0,-1.0,-1.0,-1.0,-1.0,-1.0,-1.0,-1.0,-1.0,-1.0,-1.0,-1.0,-1.0,-1.0,-1.0,-1.0,-1.0,-1.0,-1.0,-1.0,-1.0,-1.0,-1.0,-1.0,-1.0,-1.0,-1.0,-1.0,-1.0,-1.0,-1.0,-1.0,-1.0,-1.0,-1.0,-1.0,-1.0,-1.0,-1.0,-1.0,-1.0,-1.0,-1.0,-1.0,-1.0,-1.0,-1.0,-1.0
-1.0,-1.0,-1.0,-1.0,-1.0,-1.0,-1.0,-1.0,-1.0,-1.0,-1.0,-1.0,-1.0,-1.0,-1.0,-1.0,-1.0,-1.0,-1.0,-1.0,-1.0,-1.0,-1.0,-1.0,-1.0,-1.0,-1.0,-1.0,-1.0,-1.0,-1.0,-1.0,-1.0,-1.0,-1.0,-1.0,-1.0,-1.0,-1.0,-1.0,-1.0,-1.0,-1.0,-1.0,-1.0,-1.0,-1.0,-1.0,-1.0,-1.0,-1.0,-1.0,-1.0,-1.0,-1.0,-1.0,-1.0,-1.0,-1.0,-1.0,-1.0,-1.0,-1.0,-1.0,-1.0,-1.0,-1.0,-1.0,-1.0,-1.0,-1.0,-1.0,-1.0,-1.0,-1.0,-1.0,-1.0,-1.0,-1.0,-1.0,-1.0,-1.0,-1.0,-1.0,-1.0,-1.0,-1.0,-1.0,-1.0,-1.0,-1.0,-1.0,-1.0,-1.0,-1.0,-1.0,-1.0,-1.0,-1.0,-1.0,-1.0,-1.0,-1.0,-1.0,-1.0,-1.0,-1.0,-1.0,-1.0,-1.0,-1.0,-1.0,-1.0,-1.0,-1.0,-1.0,-1.0,-1.0,-1.0,-1.0,-1.0,-1.0,-1.0,-1.0,-1.0,-1.0,-1.0,-1.0,-1.0,-1.0,-1.0,-1.0,-1.0,-1.0,-1.0,-1.0,-1.0,-1.0,-1.0,-1.0,-1.0,-1.0,-1.0,-1.0,-1.0,-1.0,-1.0,-1.0,-1.0,-1.0,-1.0,-1.0,-1.0,-1.0,-1.0,-1.0,-1.0,-1.0,-1.0,-1.0,-1.0,-1.0,-1.0,-1.0,-1.0,-1.0,-1.0,-1.0,-1.0,-1.0,-1.0,-1.0,-1.0,-1.0,-1.0,-1.0,-1.0,-1.0,-1.0,-1.0,-1.0,-1.0,-1.0,-1.0,-1.0,-1.0,-1.0,-1.0,-1.0,-1.0,-1.0,-1.0,-1.0,-1.0,-1.0,-1.0,-1.0,-1.0,-1.0,-1.0,-1.0,-1.0,-1.0,-1.0,-1.0,-1.0,-1.0,-1.0,-1.0,-1.0,-1.0,-1.0,-1.0,-1.0,-1.0,-1.0,-1.0,-1.0,-1.0,-1.0,-1.0,-1.0,-1.0,-1.0,-1.0,-1.0,-1.0,-1.0,-1.0,-1.0,-1.0,-1.0,-1.0,-1.0,-1.0,-1.0,-1.0,-1.0,-1.0,-1.0,-1.0,-1.0,-1.0,-1.0,-1.0,-1.0,-1.0,-1.0,-1.0,-1.0,-1.0,-1.0,-1.0,-1.0,-1.0,-1.0,-1.0,-1.0,-1.0,-1.0,-1.0,-1.0,-1.0,-1.0,-1.0,-1.0,-1.0,-1.0,-1.0,-1.0,-1.0,-1.0,-1.0,-1.0,-1.0,-1.0,-1.0,-1.0,-1.0,-1.0,-1.0,-1.0,-1.0,-1.0,-1.0,-1.0,-1.0,-1.0,-1.0,-1.0,-1.0,-1.0,-1.0,-1.0,-1.0,-1.0,-1.0,-1.0,-1.0,-1.0,-1.0,-1.0,-1.0,-1.0,-1.0,-1.0,-1.0,-1.0,-1.0,-1.0,-1.0,-1.0,-1.0,-1.0,-1.0,-1.0,-1.0,-1.0,-1.0,-1.0,-1.0,-1.0,-1.0,-1.0,-1.0,-1.0,-1.0,-1.0,-1.0,-1.0,-1.0,-1.0,-1.0,-1.0,-1.0,-1.0,-1.0,-1.0,-1.0,-1.0,-1.0,-1.0,-1.0,-1.0,-1.0,-1.0,-1.0,-1.0,-1.0,-1.0,-1.0,-1.0,-1.0,-1.0,-1.0,-1.0,-1.0,-1.0,-1.0,-1.0,-1.0,-1.0,-1.0,-1.0,-1.0,-1.0,-1.0,-1.0,-1.0,-1.0,-1.0,-1.0,-1.0,-1.0,-1.0,-1.0,-1.0,-1.0,-1.0,-1.0,-1.0,-1.0,-1.0,-1.0,-1.0,-1.0,-1.0,-1.0,-1.0,-1.0,-1.0,-1.0
-1.0,-1.0,-1.0,-1.0,-1.0,-1.0,-1.0,-1.0,-1.0,-1.0,-1.0,-1.0,-1.0,-1.0,-1.0,-1.0,-1.0,-1.0,-1.0,-1.0,-1.0,-1.0,-1.0,-1.0,-1.0,-1.0,-1.0,-1.0,-1.0,-1.0,-1.0,-1.0,-1.0,-1.0,-1.0,-1.0,-1.0,-1.0,-1.0,-1.0,-1.0,-1.0,-1.0,-1.0,-1.0,-1.0,-1.0,-1.0,-1.0,-1.0,-1.0,-1.0,-1.0,-1.0,-1.0,-1.0,-1.0,-1.0,-1.0,-1.0,-1.0,-1.0,-1.0,-1.0,-1.0,-1.0,-1.0,-1.0,-1.0,-1.0,-1.0,-1.0,-1.0,-1.0,-1.0,-1.0,-1.0,-1.0,-1.0,-1.0,-1.0,-1.0,-1.0,-1.0,-1.0,-1.0,-1.0,-1.0,-1.0,-1.0,-1.0,-1.0,-1.0,-1.0,-1.0,-1.0,-1.0,-1.0,-1.0,-1.0,-1.0,-1.0,-1.0,-1.0,-1.0,-1.0,-1.0,-1.0,-1.0,-1.0,-1.0,-1.0,-1.0,-1.0,-1.0,-1.0,-1.0,-1.0,-1.0,-1.0,-1.0,-1.0,-1.0,-1.0,-1.0,-1.0,-1.0,-1.0,-1.0,-1.0,-1.0,-1.0,-1.0,-1.0,-1.0,-1.0,-1.0,-1.0,-1.0,-1.0,-1.0,-1.0,-1.0,-1.0,-1.0,-1.0,-1.0,-1.0,-1.0,-1.0,-1.0,-1.0,-1.0,-1.0,-1.0,-1.0,-1.0,-1.0,-1.0,-1.0,-1.0,-1.0,-1.0,-1.0,-1.0,-1.0,-1.0,-1.0,-1.0,-1.0,-1.0,-1.0,-1.0,-1.0,-1.0,-1.0,-1.0,-1.0,-1.0,-1.0,-1.0,-1.0,-1.0,-1.0,-1.0,-1.0,-1.0,-1.0,-1.0,-1.0,-1.0,-1.0,-1.0,-1.0,-1.0,-1.0,-1.0,-1.0,-1.0,-1.0,-1.0,-1.0,-1.0,-1.0,-1.0,-1.0,-1.0,-1.0,-1.0,-1.0,-1.0,-1.0,-1.0,-1.0,-1.0,-1.0,-1.0,-1.0,-1.0,-1.0,-1.0,-1.0,-1.0,-1.0,-1.0,-1.0,-1.0,-1.0,-1.0,-1.0,-1.0,-1.0,-1.0,-1.0,-1.0,-1.0,-1.0,-1.0,-1.0,-1.0,-1.0,-1.0,-1.0,-1.0,-1.0,-1.0,-1.0,-1.0,-1.0,-1.0,-1.0,-1.0,-1.0,-1.0,-1.0,-1.0,-1.0,-1.0,-1.0,-1.0,-1.0,-1.0,-1.0,-1.0,-1.0,-1.0,-1.0,-1.0,-1.0,-1.0,-1.0,-1.0,-1.0,-1.0,-1.0,-1.0,-1.0,-1.0,-1.0,-1.0,-1.0,-1.0,-1.0,-1.0,-1.0,-1.0,-1.0,-1.0,-1.0,-1.0,-1.0,-1.0,-1.0,-1.0,-1.0,-1.0,-1.0,-1.0,-1.0,-1.0,-1.0,-1.0,-1.0,-1.0,-1.0,-1.0,-1.0,-1.0,-1.0,-1.0,-1.0,-1.0,-1.0,-1.0,-1.0,-1.0,-1.0,-1.0,-1.0,-1.0,-1.0,-1.0,-1.0,-1.0,-1.0,-1.0,-1.0,-1.0,-1.0,-1.0,-1.0,-1.0,-1.0,-1.0,-1.0,-1.0,-1.0,-1.0,-1.0,-1.0,-1.0,-1.0,-1.0,-1.0,-1.0,-1.0,-1.0,-1.0,-1.0,-1.0,-1.0,-1.0,-1.0,-1.0,-1.0,-1.0,-1.0,-1.0,-1.0,-1.0,-1.0,-1.0,-1.0,-1.0,-1.0,-1.0,-1.0,-1.0,-1.0,-1.0,-1.0,-1.0,-1.0,-1.0,-1.0,-1.0,-1.0,-1.0,-1.0,-1.0,-1.0,-1.0,-1.0,-1.0,-1.0,-1.0,-1.0,-1.0,-1.0,-1.0,-1.0,-1.0
-1.0,-1.0,-1.0,-1.0,-1.0,-1.0,-1.0,-1.0,-1.0,-1.0,-1.0,-1.0,-1.0,-1.0,-1.0,-1.0,-1.0,-1.0,-1.0,-1.0,-1.0,-1.0,-1.0,-1.0,-1.0,-1.0,-1.0,-1.0,-1.0,-1.0,-1.0,-1.0,-1.0,-1.0,-1.0,-1.0,-1.0,-1.0,-1.0,-1.0,-1.0,-1.0,-1.0,-1.0,-1.0,-1.0,-1.0,-1.0,-1.0,-1.0,-1.0,-1.0,-1.0,-1.0,-1.0,-1.0,-1.0,-1.0,-1.0,-1.0,-1.0,-1.0,-1.0,-1.0,-1.0,-1.0,-1.0,-1.0,-1.0,-1.0,-1.0,-1.0,-1.0,-1.0,-1.0,-1.0,-1.0,-1.0,-1.0,-1.0,-1.0,-1.0,-1.0,-1.0,-1.0,-1.0,-1.0,-1.0,-1.0,1.0,1.0,1.0,1.0,-1.0,-1.0,-1.0,-1.0,-1.0,-1.0,-1.0,-1.0,-1.0,-1.0,-1.0,-1.0,-1.0,-1.0,-1.0,-1.0,-1.0,-1.0,-1.0,-1.0,-1.0,-1.0,-1.0,-1.0,-1.0,-1.0,-1.0,-1.0,-1.0,-1.0,-1.0,-1.0,-1.0,-1.0,-1.0,-1.0,-1.0,-1.0,-1.0,-1.0,-1.0,-1.0,-1.0,-1.0,-1.0,-1.0,-1.0,-1.0,-1.0,-1.0,-1.0,-1.0,-1.0,-1.0,-1.0,-1.0,-1.0,-1.0,-1.0,-1.0,-1.0,-1.0,-1.0,-1.0,-1.0,-1.0,-1.0,-1.0,-1.0,-1.0,-1.0,-1.0,-1.0,-1.0,-1.0,1.0,1.0,-1.0,-1.0,1.0,1.0,-1.0,-1.0,1.0,1.0,-1.0,-1.0,-1.0,-1.0,-1.0,1.0,1.0,-1.0,-1.0,-1.0,-1.0,-1.0,-1.0,1.0,1.0,-1.0,-1.0,-1.0,-1.0,-1.0,-1.0,1.0,1.0,-1.0,-1.0,-1.0,-1.0,-1.0,-1.0,-1.0,-1.0,-1.0,1.0,1.0,-1.0,-1.0,-1.0,-1.0,-1.0,-1.0,-1.0,-1.0,-1.0,-1.0,-1.0,-1.0,-1.0,-1.0,-1.0,-1.0,-1.0,-1.0,-1.0,-1.0,-1.0,-1.0,-1.0,-1.0,-1.0,-1.0,-1.0,-1.0,-1.0,-1.0,-1.0,-1.0,-1.0,-1.0,-1.0,-1.0,-1.0,-1.0,-1.0,-1.0,-1.0,-1.0,-1.0,-1.0,-1.0,-1.0,-1.0,-1.0,-1.0,-1.0,-1.0,-1.0,-1.0,-1.0,-1.0,-1.0,-1.0,-1.0,-1.0,-1.0,-1.0,-1.0,-1.0,-1.0,-1.0,1.0,1.0,-1.0,-1.0,-1.0,-1.0,-1.0,-1.0,1.0,1.0,-1.0,-1.0,-1.0,-1.0,-1.0,-1.0,1.0,1.0,-1.0,-1.0,-1.0,-1.0,-1.0,-1.0,1.0,1.0,-1.0,-1.0,-1.0,-1.0,-1.0,-1.0,-1.0,1.0,1.0,1.0,-1.0,-1.0,-1.0,-1.0,-1.0,1.0,1.0,1.0,-1.0,-1.0,-1.0,-1.0,-1.0,-1.0,-1.0,-1.0,-1.0,-1.0,-1.0,-1.0,-1.0,-1.0,-1.0,-1.0,-1.0,-1.0,-1.0,-1.0,-1.0,-1.0,-1.0,-1.0,-1.0,-1.0,-1.0,-1.0,-1.0,-1.0,-1.0,-1.0,-1.0,-1.0,-1.0,-1.0,-1.0,-1.0,-1.0,-1.0,-1.0,-1.0,-1.0,-1.0,-1.0,-1.0,-1.0,-1.0,-1.0,-1.0,-1.0,-1.0,-1.0,-1.0,-1.0,-1.0,-1.0,-1.0,-1.0,-1.0,-1.0,-1.0,-1.0,-1.0,-1.0,-1.0,-1.0,-1.0,-1.0,-1.0,-1.0
-1.0,-1.0,-1.0,-1.0,-1.0,-1.0,-1.0,-1.0,-1.0,-1.0,-1.0,-1.0,-1.0,-1.0,-1.0,-1.0,-1.0,-1.0,-1.0,-1.0,-1.0,-1.0,-1.0,-1.0,-1.0,-1.0,-1.0,-1.0,-1.0,-1.0,-1.0,-1.0,-1.0,-1.0,-1.0,-1.0,-1.0,-1.0,-1.0,-1.0,-1.0,-1.0,-1.0,-1.0,-1.0,-1.0,-1.0,-1.0,-1.0,-1.0,-1.0,-1.0,-1.0,-1.0,-1.0,-1.0,-1.0,-1.0,-1.0,-1.0,-1.0,-1.0,-1.0,-1.0,-1.0,-1.0,-1.0,-1.0,-1.0,-1.0,-1.0,-1.0,-1.0,-1.0,-1.0,-1.0,-1.0,-1.0,-1.0,-1.0,-1.0,-1.0,-1.0,-1.0,-1.0,-1.0,-1.0,-1.0,-1.0,-1.0,-1.0,-1.0,-1.0,-1.0,-1.0,-1.0,-1.0,-1.0,-1.0,-1.0,-1.0,-1.0,-1.0,-1.0,-1.0,-1.0,-1.0,-1.0,-1.0,-1.0,-1.0,-1.0,-1.0,-1.0,-1.0,-1.0,-1.0,-1.0,-1.0,-1.0,-1.0,-1.0,-1.0,-1.0,-1.0,-1.0,-1.0,-1.0,-1.0,-1.0,-1.0,-1.0,-1.0,-1.0,-1.0,-1.0,-1.0,-1.0,-1.0,-1.0,-1.0,-1.0,-1.0,-1.0,-1.0,-1.0,-1.0,-1.0,-1.0,-1.0,-1.0,-1.0,-1.0,-1.0,-1.0,-1.0,-1.0,-1.0,-1.0,-1.0,-1.0,-1.0,-1.0,-1.0,-1.0,-1.0,-1.0,-1.0,-1.0,-1.0,-1.0,-1.0,-1.0,-1.0,-1.0,-1.0,-1.0,-1.0,-1.0,-1.0,-1.0,-1.0,-1.0,-1.0,-1.0,-1.0,-1.0,-1.0,-1.0,-1.0,-1.0,-1.0,-1.0,-1.0,-1.0,-1.0,-1.0,-1.0,-1.0,-1.0,-1.0,-1.0,-1.0,-1.0,-1.0,-1.0,-1.0,-1.0,-1.0,-1.0,-1.0,-1.0,-1.0,-1.0,-1.0,-1.0,-1.0,-1.0,-1.0,-1.0,-1.0,-1.0,-1.0,-1.0,-1.0,-1.0,-1.0,-1.0,-1.0,-1.0,-1.0,-1.0,-1.0,-1.0,-1.0,-1.0,-1.0,-1.0,-1.0,-1.0,-1.0,-1.0,-1.0,-1.0,-1.0,-1.0,-1.0,-1.0,-1.0,-1.0,-1.0,-1.0,-1.0,-1.0,-1.0,-1.0,-1.0,-1.0,-1.0,-1.0,-1.0,-1.0,-1.0,-1.0,-1.0,-1.0,-1.0,-1.0,-1.0,-1.0,-1.0,-1.0,-1.0,-1.0,-1.0,-1.0,-1.0,-1.0,-1.0,-1.0,-1.0,-1.0,-1.0,-1.0,-1.0,-1.0,-1.0,-1.0,-1.0,-1.0,-1.0,-1.0,-1.0,-1.0,-1.0,-1.0,-1.0,-1.0,-1.0,-1.0,-1.0,-1.0,-1.0,-1.0,-1.0,-1.0,-1.0,-1.0,-1.0,-1.0,-1.0,-1.0,-1.0,-1.0,-1.0,-1.0,-1.0,-1.0,-1.0,-1.0,-1.0,-1.0,-1.0,-1.0,-1.0,-1.0,-1.0,-1.0,-1.0,-1.0,-1.0,-1.0,-1.0,-1.0,-1.0,-1.0,-1.0,-1.0,-1.0,-1.0,-1.0,-1.0,-1.0,-1.0,-1.0,-1.0,-1.0,-1.0,-1.0,-1.0,-1.0,-1.0,-1.0,-1.0,-1.0,-1.0,-1.0,-1.0,-1.0,-1.0,-1.0,-1.0,-1.0,-1.0,-1.0,-1.0,-1.0,-1.0,-1.0,-1.0,-1.0,-1.0,-1.0,-1.0,-1.0,-1.0,-1.0,-1.0,-1.0,-1.0,-1.0,-1.0,-1.0,-1.0,-1.0,-1.0,-1.0,-1.0,-1.0,-1.0,-1.0,-1.0
-1.0,-1.0,1.0,1.0,1.0,1.0,1.0,1.0,1.0,1.0,1.0,1.0,1.0,1.0,-1.0,1.0,1.0,1.0,1.0,1.0,1.0,1.0,1.0,1.0,1.0,-1.0,1.0,1.0,1.0,1.0,1.0,1.0,1.0,-1.0,1.0,1.0,1.0,1.0,1.0,1.0,1.0,1.0,-1.0,1.0,1.0,1.0,1.0,1.0,1.0,1.0,1.0,1.0,1.0,-1.0,1.0,1.0,1.0,1.0,1.0,1.0,1.0,1.0,1.0,1.0,1.0,1.0,-1.0,-1.0,-1.0,1.0,1.0,1.0,1.0,-1.0,-1.0,-1.0,1.0,1.0,-1.0,-1.0,-1.0,-1.0,-1.0,-1.0,-1.0,-1.0,-1.0,-1.0,-1.0,-1.0,-1.0,-1.0,-1.0,-1.0,-1.0,-1.0,-1.0,-1.0,-1.0,-1.0,-1.0,-1.0,-1.0,-1.0,-1.0,-1.0,-1.0,-1.0,-1.0,-1.0,-1.0,-1.0,-1.0,-1.0,-1.0,-1.0,-1.0,-1.0,-1.0,1.0,1.0,-1.0,-1.0,-1.0,-1.0,-1.0,-1.0,-1.0,-1.0,-1.0,-1.0,-1.0,-1.0,-1.0,-1.0,-1.0,-1.0,-1.0,-1.0,-1.0,-1.0,-1.0,-1.0,-1.0,-1.0,-1.0,-1.0,-1.0,-1.0,-1.0,-1.0,-1.0,-1.0,-1.0,-1.0,-1.0,-1.0,-1.0,-1.0,-1.0,-1.0,-1.0,-1.0,-1.0,-1.0,-1.0,-1.0,-1.0,-1.0,-1.0,-1.0,-1.0,-1.0,-1.0,-1.0,-1.0,-1.0,-1.0,-1.0,-1.0,-1.0,-1.0,-1.0,-1.0,-1.0,-1.0,-1.0,-1.0,-1.0,-1.0,-1.0,-1.0,-1.0,-1.0,-1.0,-1.0,-1.0,-1.0,-1.0,-1.0,-1.0,-1.0,-1.0,-1.0,-1.0,-1.0,-1.0,-1.0,-1.0,-1.0,-1.0,-1.0,-1.0,-1.0,-1.0,-1.0,-1.0,-1.0,-1.0,-1.0,-1.0,-1.0,-1.0,-1.0,-1.0,-1.0,-1.0,-1.0,-1.0,-1.0,-1.0,-1.0,-1.0,-1.0,-1.0,-1.0,-1.0,-1.0,-1.0,-1.0,-1.0,-1.0,-1.0,-1.0,-1.0,-1.0,-1.0,-1.0,-1.0,-1.0,-1.0,-1.0,-1.0,-1.0,-1.0,-1.0,-1.0,-1.0,-1.0,-1.0,-1.0,-1.0,-1.0,-1.0,-1.0,-1.0,-1.0,-1.0,-1.0,-1.0,-1.0,-1.0,-1.0,-1.0,-1.0,-1.0,-1.0,-1.0,-1.0,-1.0,-1.0,-1.0,-1.0,-1.0,-1.0,-1.0,-1.0,-1.0,-1.0,-1.0,-1.0,-1.0,-1.0,-1.0,-1.0,-1.0,-1.0,-1.0,-1.0,-1.0,-1.0,-1.0,-1.0,-1.0,-1.0,-1.0,-1.0,-1.0,-1.0,-1.0,-1.0,-1.0,-1.0,-1.0,-1.0,-1.0,-1.0,-1.0,-1.0,-1.0,-1.0,-1.0,-1.0,-1.0,-1.0,-1.0,-1.0,-1.0,-1.0,-1.0,-1.0,-1.0,-1.0,-1.0,-1.0,-1.0,-1.0,1.0,1.0,1.0,1.0,1.0,1.0,1.0,1.0,1.0,1.0,1.0,1.0,1.0,1.0,1.0,1.0,1.0,1.0,1.0,1.0,1.0,1.0,1.0,1.0,1.0,1.0,1.0,1.0,1.0,1.0,1.0,1.0,1.0,1.0,1.0,1.0,1.0,1.0,1.0,1.0,1.0,1.0,1.0,1.0,1.0,1.0,1.0,1.0,-1.0,-1.0,-1.0,-1.0,-1.0,-1.0,-1.0
-1.0,-1.0,-1.0,-1.0,-1.0,-1.0,-1.0,-1.0,-1.0,-1.0,-1.0,-1.0,-1.0,-1.0,-1.0,-1.0,-1.0,-1.0,-1.0,-1.0,-1.0,-1.0,-1.0,-1.0,-1.0,-1.0,-1.0,-1.0,-1.0,-1.0,-1.0,-1.0,-1.0,-1.0,-1.0,-1.0,-1.0,-1.0,-1.0,-1.0,-1.0,-1.0,-1.0,-1.0,-1.0,-1.0,-1.0,-1.0,-1.0,-1.0,-1.0,-1.0,-1.0,-1.0,-1.0,-1.0,-1.0,-1.0,-1.0,-1.0,-1.0,-1.0,-1.0,-1.0,-1.0,-1.0,-1.0,-1.0,-1.0,-1.0,-1.0,-1.0,-1.0,-1.0,-1.0,-1.0,-1.0,-1.0,-1.0,-1.0,-1.0,-1.0,-1.0,-1.0,-1.0,-1.0,-1.0,-1.0,-1.0,-1.0,-1.0,-1.0,-1.0,-1.0,-1.0,-1.0,-1.0,-1.0,-1.0,-1.0,-1.0,-1.0,-1.0,-1.0,-1.0,-1.0,-1.0,-1.0,-1.0,-1.0,-1.0,-1.0,-1.0,-1.0,-1.0,-1.0,-1.0,-1.0,-1.0,-1.0,-1.0,-1.0,-1.0,-1.0,-1.0,-1.0,-1.0,-1.0,-1.0,-1.0,-1.0,-1.0,-1.0,-1.0,-1.0,-1.0,-1.0,-1.0,-1.0,-1.0,-1.0,-1.0,-1.0,-1.0,-1.0,-1.0,-1.0,-1.0,-1.0,-1.0,-1.0,-1.0,-1.0,-1.0,-1.0,-1.0,-1.0,-1.0,-1.0,-1.0,-1.0,-1.0,-1.0,-1.0,-1.0,-1.0,-1.0,-1.0,-1.0,-1.0,-1.0,-1.0,-1.0,-1.0,-1.0,-1.0,-1.0,-1.0,-1.0,-1.0,-1.0,-1.0,-1.0,-1.0,-1.0,-1.0,-1.0,-1.0,-1.0,-1.0,-1.0,-1.0,-1.0,-1.0,-1.0,-1.0,-1.0,-1.0,-1.0,-1.0,-1.0,-1.0,-1.0,-1.0,-1.0,-1.0,-1.0,-1.0,-1.0,-1.0,-1.0,-1.0,-1.0,-1.0,-1.0,-1.0,-1.0,-1.0,-1.0,-1.0,-1.0,-1.0,-1.0,-1.0,-1.0,-1.0,-1.0,-1.0,-1.0,-1.0,-1.0,-1.0,-1.0,-1.0,-1.0,-1.0,-1.0,-1.0,-1.0,-1.0,-1.0,-1.0,-1.0,-1.0,-1.0,-1.0,-1.0,-1.0,-1.0,-1.0,-1.0,-1.0,-1.0,-1.0,-1.0,-1.0,-1.0,-1.0,-1.0,-1.0,-1.0,-1.0,-1.0,-1.0,-1.0,-1.0,-1.0,-1.0,-1.0,-1.0,-1.0,-1.0,-1.0,-1.0,-1.0,-1.0,-1.0,-1.0,-1.0,-1.0,-1.0,-1.0,-1.0,-1.0,-1.0,-1.0,-1.0,-1.0,-1.0,-1.0,-1.0,-1.0,-1.0,-1.0,-1.0,-1.0,-1.0,-1.0,-1.0,-1.0,-1.0,-1.0,-1.0,-1.0,-1.0,-1.0,-1.0,-1.0,-1.0,-1.0,-1.0,-1.0,-1.0,-1.0,-1.0,-1.0,-1.0,-1.0,-1.0,-1.0,-1.0,-1.0,-1.0,-1.0,-1.0,-1.0,-1.0,-1.0,-1.0,-1.0,-1.0,-1.0,-1.0,-1.0,-1.0,-1.0,-1.0,-1.0,-1.0,-1.0,-1.0,-1.0,-1.0,-1.0,-1.0,-1.0,-1.0,-1.0,-1.0,-1.0,-1.0,-1.0,-1.0,-1.0,-1.0,-1.0,-1.0,-1.0,-1.0,-1.0,-1.0,-1.0,-1.0,-1.0,-1.0,-1.0,-1.0,-1.0,-1.0,-1.0,-1.0,-1.0,-1.0,-1.0,-1.0,-1.0,-1.0,-1.0,-1.0,-1.0,-1.0,-1.0,-1.0,-1.0,-1.0,-1.0,-1.0,-1.0,-1.0,-1.0,-1.0,-1.0
-1.0,-1.0,-1.0,-1.0,-1.0,-1.0,-1.0,-1.0,-1.0,-1.0,-1.0,-1.0,-1.0,-1.0,-1.0,-1.0,-1.0,-1.0,-1.0,-1.0,-1.0,-1.0,-1.0,-1.0,-1.0,-1.0,-1.0,-1.0,-1.0,-1.0,-1.0,-1.0,-1.0,-1.0,-1.0,-1.0,-1.0,-1.0,-1.0,-1.0,-1.0,-1.0,-1.0,-1.0,-1.0,-1.0,-1.0,-1.0,-1.0,-1.0,-1.0,-1.0,-1.0,-1.0,-1.0,-1.0,-1.0,-1.0,-1.0,-1.0,-1.0,-1.0,-1.0,-1.0,-1.0,-1.0,-1.0,-1.0,-1.0,-1.0,-1.0,-1.0,-1.0,-1.0,-1.0,-1.0,-1.0,-1.0,-1.0,-1.0,-1.0,-1.0,-1.0,-1.0,-1.0,-1.0,-1.0,-1.0,-1.0,-1.0,-1.0,-1.0,-1.0,-1.0,-1.0,-1.0,-1.0,-1.0,-1.0,-1.0,-1.0,-1.0,-1.0,-1.0,-1.0,-1.0,-1.0,-1.0,-1.0,-1.0,-1.0,-1.0,-1.0,-1.0,-1.0,-1.0,-1.0,-1.0,-1.0,-1.0,-1.0,-1.0,-1.0,-1.0,-1.0,-1.0,-1.0,-1.0,-1.0,-1.0,-1.0,-1.0,-1.0,-1.0,-1.0,-1.0,-1.0,-1.0,-1.0,-1.0,-1.0,-1.0,-1.0,-1.0,-1.0,-1.0,-1.0,-1.0,-1.0,-1.0,-1.0,-1.0,-1.0,-1.0,-1.0,-1.0,-1.0,-1.0,-1.0,-1.0,-1.0,-1.0,-1.0,-1.0,-1.0,1.0,1.0,-1.0,-1.0,-1.0,-1.0,-1.0,-1.0,-1.0,-1.0,-1.0,-1.0,-1.0,-1.0,-1.0,-1.0,-1.0,-1.0,-1.0,-1.0,-1.0,-1.0,-1.0,-1.0,-1.0,-1.0,-1.0,-1.0,-1.0,-1.0,-1.0,-1.0,-1.0,-1.0,-1.0,-1.0,-1.0,-1.0,-1.0,-1.0,-1.0,-1.0,-1.0,-1.0,-1.0,-1.0,-1.0,-1.0,-1.0,-1.0,-1.0,-1.0,-1.0,-1.0,-1.0,-1.0,-1.0,-1.0,-1.0,-1.0,-1.0,-1.0,-1.0,-1.0,-1.0,-1.0,-1.0,-1.0,-1.0,-1.0,-1.0,-1.0,-1.0,-1.0,-1.0,-1.0,-1.0,-1.0,-1.0,-1.0,-1.0,-1.0,-1.0,-1.0,-1.0,-1.0,-1.0,-1.0,-1.0,-1.0,-1.0,-1.0,-1.0,-1.0,-1.0,-1.0,-1.0,-1.0,-1.0,-1.0,-1.0,-1.0,-1.0,-1.0,-1.0,-1.0,-1.0,-1.0,-1.0,-1.0,-1.0,-1.0,-1.0,-1.0,-1.0,-1.0,-1.0,-1.0,-1.0,-1.0,-1.0,-1.0,-1.0,-1.0,-1.0,-1.0,-1.0,-1.0,-1.0,-1.0,-1.0,-1.0,-1.0,-1.0,-1.0,-1.0,-1.0,-1.0,-1.0,-1.0,-1.0,-1.0,-1.0,-1.0,-1.0,-1.0,-1.0,-1.0,-1.0,-1.0,-1.0,-1.0,-1.0,-1.0,-1.0,-1.0,-1.0,-1.0,-1.0,-1.0,-1.0,-1.0,-1.0,-1.0,-1.0,-1.0,-1.0,-1.0,-1.0,-1.0,-1.0,-1.0,-1.0,-1.0,-1.0,-1.0,-1.0,-1.0,-1.0,-1.0,-1.0,-1.0,-1.0,-1.0,-1.0,-1.0,-1.0,-1.0,-1.0,-1.0,-1.0,-1.0,-1.0,-1.0,-1.0,-1.0,-1.0,-1.0,-1.0,-1.0,-1.0,-1.0,-1.0,-1.0,-1.0,-1.0,-1.0,-1.0,-1.0,-1.0,-1.0,-1.0,-1.0,-1.0,-1.0,-1.0,-1.0,-1.0,-1.0,-1.0,-1.0,-1.0,-1.0,-1.0,1.0,-1.0,-1.0
-1.0,-1.0,-1.0,-1.0,-1.0,-1.0,-1.0,-1.0,-1.0,-1.0,-1.0,-1.0,-1.0,-1.0,-1.0,-1.0,-1.0,-1.0,-1.0,-1.0,-1.0,-1.0,-1.0,-1.0,-1.0,-1.0,-1.0,-1.0,-1.0,-1.0,-1.0,-1.0,-1.0,-1.0,-1.0,-1.0,-1.0,-1.0,-1.0,-1.0,-1.0,-1.0,-1.0,-1.0,-1.0,-1.0,-1.0,-1.0,-1.0,-1.0,-1.0,-1.0,-1.0,-1.0,-1.0,-1.0,-1.0,-1.0,-1.0,-1.0,-1.0,-1.0,-1.0,-1.0,-1.0,-1.0,-1.0,-1.0,-1.0,-1.0,-1.0,-1.0,-1.0,-1.0,-1.0,-1.0,-1.0,-1.0,-1.0,-1.0,-1.0,-1.0,-1.0,-1.0,-1.0,-1.0,-1.0,-1.0,-1.0,-1.0,-1.0,-1.0,-1.0,-1.0,-1.0,-1.0,-1.0,-1.0,-1.0,-1.0,-1.0,-1.0,-1.0,-1.0,-1.0,-1.0,-1.0,-1.0,-1.0,-1.0,-1.0,-1.0,-1.0,-1.0,-1.0,-1.0,-1.0,-1.0,-1.0,-1.0,-1.0,-1.0,-1.0,-1.0,-1.0,-1.0,-1.0,-1.0,-1.0,-1.0,-1.0,-1.0,-1.0,-1.0,-1.0,-1.0,-1.0,-1.0,-1.0,-1.0,-1.0,-1.0,-1.0,-1.0,-1.0,-1.0,-1.0,-1.0,-1.0,-1.0,-1.0,-1.0,-1.0,-1.0,-1.0,-1.0,-1.0,-1.0,-1.0,-1.0,-1.0,-1.0,-1.0,-1.0,-1.0,-1.0,-1.0,-1.0,-1.0,-1.0,-1.0,-1.0,-1.0,-1.0,-1.0,-1.0,-1.0,-1.0,-1.0,-1.0,-1.0,-1.0,-1.0,-1.0,-1.0,-1.0,-1.0,-1.0,-1.0,-1.0,-1.0,-1.0,-1.0,-1.0,-1.0,-1.0,-1.0,-1.0,-1.0,-1.0,-1.0,-1.0,-1.0,-1.0,-1.0,-1.0,-1.0,-1.0,-1.0,-1.0,-1.0,-1.0,-1.0,-1.0,-1.0,-1.0,-1.0,-1.0,-1.0,-1.0,-1.0,-1.0,-1.0,-1.0,-1.0,-1.0,-1.0,-1.0,-1.0,-1.0,-1.0,-1.0,-1.0,-1.0,-1.0,-1.0,-1.0,-1.0,-1.0,-1.0,-1.0,-1.0,-1.0,-1.0,-1.0,-1.0,-1.0,-1.0,-1.0,-1.0,-1.0,-1.0,-1.0,-1.0,-1.0,-1.0,-1.0,-1.0,-1.0,-1.0,-1.0,-1.0,-1.0,-1.0,-1.0,-1.0,-1.0,-1.0,-1.0,-1.0,-1.0,-1.0,-1.0,-1.0,-1.0,-1.0,-1.0,-1.0,-1.0,-1.0,-1.0,-1.0,-1.0,-1.0,-1.0,-1.0,-1.0,-1.0,-1.0,-1.0,-1.0,-1.0,-1.0,-1.0,-1.0,-1.0,-1.0,-1.0,-1.0,-1.0,-1.0,-1.0,-1.0,-1.0,-1.0,-1.0,-1.0,-1.0,-1.0,-1.0,-1.0,-1.0,-1.0,-1.0,-1.0,-1.0,-1.0,-1.0,-1.0,-1.0,-1.0,-1.0,-1.0,-1.0,-1.0,-1.0,-1.0,-1.0,-1.0,-1.0,-1.0,-1.0,-1.0,-1.0,-1.0,-1.0,-1.0,-1.0,-1.0,-1.0,-1.0,-1.0,-1.0,-1.0,-1.0,-1.0,-1.0,-1.0,-1.0,-1.0,-1.0,-1.0,-1.0,-1.0,-1.0,-1.0,-1.0,-1.0,-1.0,-1.0,-1.0,-1.0,-1.0,-1.0,-1.0,-1.0,-1.0,-1.0,-1.0,-1.0,-1.0,-1.0,-1.0,-1.0,-1.0,-1.0,-1.0,-1.0,-1.0,-1.0,-1.0,-1.0,-1.0,-1.0,-1.0,-1.0,-1.0,-1.0,-1.0,-1.0,-1.0,-1.0
-1.0,-1.0,-1.0,-1.0,-1.0,-1.0,-1.0,-1.0,-1.0,-1.0,-1.0,-1.0,-1.0,-1.0,-1.0,-1.0,-1.0,-1.0,-1.0,-1.0,-1.0,-1.0,-1.0,-1.0,-1.0,-1.0,-1.0,-1.0,-1.0,-1.0,-1.0,-1.0,-1.0,-1.0,-1.0,-1.0,-1.0,-1.0,-1.0,-1.0,-1.0,-1.0,-1.0,-1.0,-1.0,-1.0,-1.0,-1.0,-1.0,-1.0,-1.0,-1.0,-1.0,-1.0,-1.0,-1.0,-1.0,-1.0,-1.0,-1.0,-1.0,-1.0,-1.0,-1.0,-1.0,-1.0,-1.0,-1.0,-1.0,-1.0,-1.0,-1.0,-1.0,-1.0,-1.0,-1.0,-1.0,-1.0,-1.0,-1.0,-1.0,-1.0,-1.0,-1.0,-1.0,-1.0,-1.0,-1.0,-1.0,-1.0,-1.0,-1.0,-1.0,-1.0,-1.0,-1.0,-1.0,-1.0,-1.0,-1.0,-1.0,-1.0,-1.0,-1.0,-1.0,-1.0,-1.0,-1.0,-1.0,-1.0,-1.0,-1.0,-1.0,-1.0,-1.0,-1.0,-1.0,-1.0,-1.0,-1.0,-1.0,-1.0,-1.0,-1.0,-1.0,-1.0,-1.0,-1.0,-1.0,-1.0,-1.0,-1.0,-1.0,-1.0,-1.0,-1.0,-1.0,-1.0,-1.0,-1.0,-1.0,-1.0,-1.0,-1.0,-1.0,-1.0,-1.0,-1.0,-1.0,-1.0,-1.0,-1.0,-1.0,-1.0,-1.0,-1.0,-1.0,-1.0,-1.0,-1.0,-1.0,-1.0,-1.0,-1.0,-1.0,-1.0,-1.0,-1.0,-1.0,-1.0,-1.0,-1.0,-1.0,-1.0,-1.0,-1.0,-1.0,-1.0,-1.0,-1.0,-1.0,-1.0,-1.0,-1.0,-1.0,-1.0,-1.0,-1.0,-1.0,-1.0,-1.0,-1.0,-1.0,-1.0,-1.0,-1.0,-1.0,-1.0,-1.0,-1.0,-1.0,-1.0,-1.0,-1.0,-1.0,-1.0,-1.0,-1.0,-1.0,-1.0,-1.0,-1.0,-1.0,-1.0,-1.0,-1.0,-1.0,-1.0,-1.0,-1.0,-1.0,-1.0,-1.0,-1.0,-1.0,-1.0,-1.0,-1.0,-1.0,-1.0,-1.0,-1.0,-1.0,-1.0,-1.0,-1.0,-1.0,-1.0,-1.0,-1.0,-1.0,-1.0,-1.0,-1.0,-1.0,-1.0,-1.0,-1.0,-1.0,-1.0,-1.0,-1.0,-1.0,-1.0,-1.0,-1.0,-1.0,-1.0,-1.0,-1.0,-1.0,-1.0,-1.0,-1.0,-1.0,-1.0,-1.0,-1.0,-1.0,-1.0,-1.0,-1.0,-1.0,-1.0,-1.0,-1.0,-1.0,-1.0,-1.0,-1.0,-1.0,-1.0,-1.0,-1.0,-1.0,-1.0,-1.0,-1.0,-1.0,-1.0,-1.0,-1.0,-1.0,-1.0,-1.0,-1.0,-1.0,-1.0,-1.0,-1.0,-1.0,-1.0,-1.0,-1.0,-1.0,-1.0,-1.0,-1.0,-1.0,-1.0,-1.0,-1.0,-1.0,-1.0,-1.0,-1.0,-1.0,-1.0,-1.0,-1.0,-1.0,-1.0,-1.0,-1.0,-1.0,-1.0,-1.0,-1.0,-1.0,-1.0,-1.0,-1.0,-1.0,-1.0,-1.0,-1.0,-1.0,-1.0,-1.0,-1.0,-1.0,-1.0,-1.0,-1.0,-1.0,-1.0,-1.0,-1.0,-1.0,-1.0,-1.0,-1.0,-1.0,-1.0,-1.0,-1.0,-1.0,-1.0,-1.0,-1.0,-1.0,-1.0,-1.0,-1.0,-1.0,-1.0,-1.0,-1.0,-1.0,-1.0,-1.0,-1.0,-1.0,-1.0,-1.0,-1.0,-1.0,-1.0,-1.0,-1.0,-1.0,-1.0,-1.0,-1.0,-1.0,-1.0,-1.0,-1.0,-1.0,-1.0,-1.0,-1.0
-1.0,-1.0,-1.0,-1.0,-1.0,-1.0,-1.0,-1.0,-1.0,-1.0,-1.0,-1.0,-1.0,-1.0,-1.0,-1.0,-1.0,-1.0,-1.0,-1.0,-1.0,-1.0,-1.0,-1.0,-1.0,-1.0,-1.0,-1.0,-1.0,-1.0,-1.0,-1.0,-1.0,-1.0,-1.0,-1.0,-1.0,-1.0,-1.0,-1.0,-1.0,-1.0,-1.0,-1.0,-1.0,-1.0,-1.0,-1.0,-1.0,-1.0,-1.0,-1.0,-1.0,-1.0,-1.0,-1.0,-1.0,-1.0,-1.0,-1.0,-1.0,-1.0,-1.0,-1.0,-1.0,-1.0,-1.0,-1.0,-1.0,-1.0,-1.0,-1.0,-1.0,-1.0,-1.0,-1.0,-1.0,-1.0,-1.0,-1.0,-1.0,-1.0,-1.0,-1.0,-1.0,-1.0,-1.0,-1.0,-1.0,-1.0,-1.0,-1.0,-1.0,-1.0,-1.0,-1.0,-1.0,-1.0,-1.0,-1.0,-1.0,-1.0,-1.0,-1.0,-1.0,-1.0,-1.0,-1.0,-1.0,-1.0,-1.0,-1.0,-1.0,-1.0,-1.0,-1.0,-1.0,-1.0,-1.0,-1.0,-1.0,-1.0,-1.0,-1.0,-1.0,-1.0,-1.0,-1.0,-1.0,-1.0,-1.0,-1.0,-1.0,-1.0,-1.0,-1.0,-1.0,-1.0,-1.0,-1.0,-1.0,-1.0,-1.0,-1.0,-1.0,-1.0,-1.0,-1.0,-1.0,-1.0,-1.0,-1.0,-1.0,-1.0,-1.0,-1.0,-1.0,-1.0,-1.0,-1.0,-1.0,-1.0,-1.0,-1.0,-1.0,-1.0,-1.0,-1.0,-1.0,-1.0,-1.0,-1.0,-1.0,-1.0,-1.0,-1.0,-1.0,-1.0,-1.0,-1.0,-1.0,-1.0,-1.0,-1.0,-1.0,-1.0,-1.0,-1.0,-1.0,-1.0,-1.0,-1.0,-1.0,-1.0,-1.0,-1.0,-1.0,-1.0,-1.0,-1.0,-1.0,-1.0,-1.0,-1.0,-1.0,-1.0,-1.0,-1.0,-1.0,-1.0,-1.0,-1.0,-1.0,-1.0,-1.0,-1.0,-1.0,-1.0,-1.0,-1.0,-1.0,-1.0,-1.0,-1.0,-1.0,-1.0,-1.0,-1.0,-1.0,-1.0,-1.0,-1.0,-1.0,-1.0,-1.0,-1.0,-1.0,-1.0,-1.0,-1.0,-1.0,-1.0,-1.0,-1.0,-1.0,-1.0,-1.0,-1.0,-1.0,-1.0,-1.0,-1.0,-1.0,-1.0,-1.0,-1.0,-1.0,-1.0,-1.0,-1.0,-1.0,-1.0,-1.0,-1.0,-1.0,-1.0,-1.0,-1.0,-1.0,-1.0,-1.0,-1.0,-1.0,-1.0,-1.0,-1.0,-1.0,-1.0,-1.0,-1.0,-1.0,-1.0,-1.0,-1.0,-1.0,-1.0,-1.0,-1.0,-1.0,-1.0,-1.0,-1.0,-1.0,-1.0,-1.0,-1.0,-1.0,-1.0,-1.0,-1.0,-1.0,-1.0,-1.0,-1.0,-1.0,-1.0,-1.0,-1.0,-1.0,-1.0,-1.0,-1.0,-1.0,-1.0,-1.0,-1.0,-1.0,-1.0,-1.0,-1.0,-1.0,-1.0,-1.0,-1.0,-1.0,-1.0,-1.0,-1.0,-1.0,-1.0,-1.0,-1.0,-1.0,-1.0,-1.0,-1.0,-1.0,-1.0,-1.0,-1.0,-1.0,-1.0,-1.0,-1.0,-1.0,-1.0,-1.0,-1.0,-1.0,-1.0,-1.0,-1.0,-1.0,-1.0,-1.0,-1.0,-1.0,-1.0,-1.0,-1.0,-1.0,-1.0,-1.0,-1.0,-1.0,-1.0,-1.0,-1.0,-1.0,-1.0,-1.0,-1.0,-1.0,-1.0,-1.0,-1.0,-1.0,-1.0,-1.0,-1.0,-1.0,-1.0,-1.0,-1.0,-1.0,-1.0,-1.0,-1.0,-1.0,-1.0,-1.0,-1.0
1.0,1.0,1.0,1.0,1.0,1.0,1.0,1.0,1.0,1.0,1.0,1.0,1.0,1.0,1.0,1.0,1.0,1.0,1.0,1.0,1.0,1.0,1.0,1.0,1.0,1.0,1.0,1.0,1.0,1.0,1.0,1.0,1.0,1.0,1.0,1.0,1.0,1.0,1.0,1.0,1.0,1.0,1.0,1.0,1.0,1.0,1.0,1.0,1.0,1.0,1.0,1.0,1.0,1.0,1.0,1.0,1.0,1.0,1.0,1.0,1.0,1.0,1.0,1.0,1.0,1.0,1.0,1.0,1.0,1.0,1.0,1.0,1.0,1.0,1.0,1.0,1.0,1.0,1.0,1.0,1.0,1.0,1.0,1.0,1.0,1.0,1.0,1.0,1.0,1.0,1.0,1.0,1.0,1.0,1.0,1.0,1.0,1.0,1.0,1.0,1.0,1.0,1.0,1.0,1.0,1.0,1.0,1.0,1.0,1.0,1.0,1.0,1.0,1.0,1.0,1.0,1.0,1.0,1.0,1.0,1.0,1.0,1.0,1.0,1.0,1.0,1.0,1.0,1.0,1.0,1.0,1.0,1.0,1.0,1.0,1.0,1.0,1.0,1.0,1.0,1.0,1.0,1.0,1.0,1.0,1.0,1.0,1.0,1.0,1.0,1.0,1.0,1.0,1.0,1.0,1.0,1.0,1.0,1.0,1.0,1.0,1.0,1.0,1.0,1.0,1.0,1.0,1.0,1.0,1.0,1.0,1.0,1.0,1.0,1.0,1.0,1.0,1.0,1.0,1.0,1.0,1.0,1.0,1.0,1.0,1.0,1.0,1.0,1.0,1.0,1.0,1.0,1.0,1.0,1.0,1.0,1.0,1.0,1.0,1.0,1.0,1.0,1.0,1.0,1.0,1.0,1.0,1.0,1.0,1.0,1.0,1.0,1.0,1.0,1.0,1.0,1.0,1.0,1.0,1.0,1.0,1.0,1.0,1.0,1.0,1.0,1.0,1.0,1.0,1.0,1.0,1.0,1.0,1.0,1.0,1.0,1.0,1.0,1.0,1.0,1.0,1.0,1.0,1.0,1.0,1.0,1.0,1.0,1.0,1.0,1.0,1.0,1.0,1.0,1.0,1.0,1.0,1.0,1.0,1.0,1.0,1.0,1.0,1.0,1.0,1.0,1.0,1.0,1.0,1.0,1.0,1.0,1.0,1.0,1.0,1.0,1.0,1.0,1.0,1.0,1.0,1.0,1.0,1.0,1.0,1.0,1.0,1.0,1.0,1.0,1.0,1.0,1.0,1.0,1.0,1.0,1.0,1.0,1.0,1.0,1.0,1.0,1.0,1.0,1.0,1.0,1.0,1.0,1.0,1.0,1.0,1.0,1.0,1.0,1.0,1.0,1.0,1.0,1.0,1.0,1.0,1.0,1.0,1.0,1.0,1.0,1.0,1.0,1.0,1.0,1.0,1.0,1.0,1.0,1.0,1.0,1.0,1.0,1.0,1.0,1.0,1.0,1.0,1.0,1.0,1.0,1.0,1.0,1.0,1.0,1.0,1.0,1.0,1.0,1.0,1.0,1.0,1.0,1.0,1.0,1.0,1.0,1.0,1.0,1.0,1.0,1.0,1.0,1.0,1.0,1.0,1.0,1.0,1.0,1.0,1.0,1.0,1.0,1.0,1.0,1.0,1.0,1.0,1.0,1.0,1.0,1.0,1.0,1.0,1.0,1.0,0.0
1.0,0.0,0.0,0.0,0.0,0.0,0.0,0.0,0.0,0.0,0.0,0.0,0.0,0.0,0.0,0.0,0.0,0.0,0.0,0.0,0.0,0.0,0.0,0.0,0.0,0.0,0.0,0.0,0.0,0.0,0.0,0.0,0.0,0.0,0.0,0.0,0.0,0.0,0.0,0.0,0.0,0.0,0.0,0.0,0.0,0.0,0.0,0.0,0.0,0.0,0.0,0.0,0.0,0.0,0.0,0.0,0.0,0.0,0.0,0.0,0.0,0.0,0.0,0.0,0.0,0.0,0.0,0.0,0.0,0.0,0.0,0.0,0.0,0.0,0.0,0.0,0.0,0.0,0.0,0.0,0.0,0.0,0.0,0.0,0.0,0.0,0.0,0.0,0.0,0.0,0.0,0.0,0.0,0.0,0.0,0.0,0.0,0.0,0.0,0.0,0.0,0.0,0.0,0.0,0.0,0.0,0.0,0.0,0.0,0.0,0.0,0.0,0.0,0.0,0.0,0.0,0.0,0.0,0.0,0.0,0.0,0.0,0.0,0.0,0.0,0.0,0.0,0.0,0.0,0.0,0.0,0.0,0.0,0.0,0.0,0.0,0.0,0.0,0.0,0.0,0.0,0.0,0.0,0.0,0.0,0.0,0.0,0.0,0.0,0.0,0.0,0.0,0.0,0.0,0.0,0.0,0.0,0.0,0.0,0.0,0.0,0.0,0.0,0.0,0.0,0.0,0.0,0.0,0.0,0.0,0.0,0.0,0.0,0.0,0.0,0.0,0.0,0.0,0.0,0.0,0.0,0.0,0.0,0.0,0.0,0.0,0.0,0.0,0.0,0.0,0.0,0.0,0.0,0.0,0.0,0.0,0.0,0.0,0.0,0.0,0.0,0.0,0.0,0.0,0.0,0.0,0.0,0.0,0.0,0.0,0.0,0.0,0.0,0.0,0.0,0.0,0.0,0.0,0.0,0.0,0.0,0.0,0.0,0.0,0.0,0.0,0.0,0.0,0.0,0.0,0.0,0.0,0.0,0.0,0.0,0.0,0.0,0.0,0.0,0.0,0.0,0.0,0.0,0.0,0.0,0.0,0.0,0.0,0.0,0.0,0.0,0.0,0.0,0.0,0.0,0.0,0.0,0.0,0.0,0.0,0.0,0.0,0.0,0.0,0.0,0.0,0.0,0.0,0.0,0.0,0.0,0.0,0.0,0.0,0.0,0.0,0.0,0.0,0.0,0.0,0.0,0.0,0.0,0.0,0.0,0.0,0.0,0.0,0.0,0.0,0.0,0.0,0.0,0.0,0.0,0.0,0.0,0.0,0.0,0.0,0.0,0.0,0.0,0.0,0.0,0.0,0.0,0.0,0.0,0.0,0.0,0.0,0.0,0.0,0.0,0.0,0.0,0.0,0.0,0.0,0.0,0.0,0.0,0.0,0.0,0.0,0.0,0.0,0.0,0.0,0.0,0.0,0.0,0.0,0.0,0.0,0.0,0.0,0.0,0.0,0.0,0.0,0.0,0.0,0.0,0.0,0.0,0.0,0.0,0.0,0.0,0.0,0.0,0.0,0.0,0.0,0.0,0.0,0.0,0.0,0.0,0.0,0.0,0.0,0.0,0.0,0.0,0.0,0.0,0.0,0.0,0.0,0.0,0.0,0.0,0.0,0.0,0.0,0.0,0.0,0.0,0.0,0.0,0.0,0.0,0.0,0.0,0.0,0.0,0.0,0.0,0.0
-0.37748423182196833,1.0,1.0,1.0,1.0,1.0,1.0,1.0,1.0,1.0,1.0,1.0,1.0,1.0,1.0,1.0,1.0,1.0,1.0,1.0,1.0,1.0,1.0,1.0,1.0,1.0,1.0,1.0,1.0,1.0,1.0,1.0,1.0,1.0,1.0,1.0,1.0,1.0,1.0,1.0,1.0,1.0,1.0,1.0,1.0,1.0,1.0,1.0,1.0,1.0,1.0,1.0,1.0,1.0,1.0,1.0,1.0,1.0,1.0,1.0,1.0,1.0,1.0,1.0,1.0,1.0,0.8688670829616414,0.8688670829616414,0.8688670829616414,-0.180327868852459,-0.180327868852459,-0.180327868852459,-0.180327868852459,-0.5495495495495495,-0.5495495495495495,0.8688670829616414,-0.28,-0.28,0.8688670829616414,1.0,1.0,1.0,1.0,1.0,1.0,1.0,1.0,1.0,1.0,1.0,1.0,1.0,1.0,1.0,1.0,1.0,1.0,1.0,1.0,1.0,1.0,1.0,1.0,1.0,1.0,1.0,1.0,1.0,1.0,1.0,1.0,1.0,1.0,0.9359430604982206,0.9359430604982206,-0.7776666666666667,-0.7776666666666667,0.3902439024390243,0.3902439024390243,0.9322033898305084,0.9322033898305084,0.2195121951219512,-0.7776666666666667,-0.84772849703717,-0.84772849703717,-0.84772849703717,-0.7776666666666667,-0.84772849703717,-0.84772849703717,-0.84772849703717,-0.84772849703717,-0.7776666666666667,-0.7776666666666667,-0.7776666666666667,-0.7776666666666667,-0.7776666666666667,-0.7776666666666667,-0.7776666666666667,-0.7776666666666667,-0.7776666666666667,-0.7776666666666667,-0.7776666666666667,-0.7776666666666667,-0.7776666666666667,-0.7776666666666667,-0.7776666666666667,-0.7776666666666667,-0.7776666666666667,-0.7776666666666667,-0.7776666666666667,-0.7776666666666667,-0.84772849703717,-0.84772849703717,-0.84772849703717,0.9640102827763497,0.9640102827763497,1.0,1.0,1.0,1.0,1.0,1.0,1.0,1.0,-0.7776666666666667,0.09090909090909083,0.09090909090909083,0.09090909090909083,1.0,1.0,1.0,1.0,1.0,1.0,1.0,1.0,1.0,1.0,1.0,1.0,1.0,-0.7776666666666667,-0.4962832304397128,1.0,1.0,-0.6073298429319371,-0.5279600945129955,-0.6073298429319371,-0.6073298429319371,-0.6073298429319371,-0.6073298429319371,1.0,1.0,-0.6073298429319371,-0.5279600945129955,-0.6073298429319371,-0.6073298429319371,-0.6073298429319371,-0.6073298429319371,1.0,1.0,-0.6041666666666667,-0.5279600945129955,-0.6041666666666667,-0.6041666666666667,-0.6041666666666667,-0.6041666666666667,-0.6041666666666667,-0.6041666666666667,-0.6041666666666667,1.0,1.0,-0.6041666666666667,-0.5279600945129955,-0.6041666666666667,-0.6041666666666667,-0.6041666666666667,-0.6041666666666667,-0.6041666666666667,-0.6041666666666667,-0.6041666666666667,-0.5279600945129955,-0.5279600945129955,-0.46341463414634143,-0.46341463414634143,-0.5279600945129955,-0.5279600945129955,-0.46341463414634143,-0.46341463414634143,-0.5279600945129955,-0.5279600945129955,-0.543859649122807,-0.543859649122807,-0.543859649122807,-0.543859649122807,-0.5279600945129955,-0.5279600945129955,-0.543859649122807,-0.543859649122807,-0.543859649122807,-0.543859649122807,-0.5279600945129955,-0.5279600945129955,-0.4246575342465754,-0.4246575342465754,-0.4246575342465754,-0.4246575342465754,-0.5279600945129955,-0.5279600945129955,-0.4246575342465754,-0.4246575342465754,-0.4246575342465754,-0.4246575342465754,-0.5279600945129955,-0.5279600945129955,-0.4112359550561798,-0.4112359550561798,-0.4112359550561798,-0.4112359550561798,-0.5279600945129955,-0.5279600945129955,-0.4112359550561798,-0.4112359550561798,-0.4112359550561798,-0.4112359550561798,-0.5279600945129955,-0.5279600945129955,-0.4373522458628841,-0.4373522458628841,-0.4373522458628841,-0.4373522458628841,-0.5279600945129955,-0.5279600945129955,-0.4373522458628841,-0.4373522458628841,-0.4373522458628841,-0.4373522458628841,1.0,1.0,-0.6756756756756757,-0.5279600945129955,-0.6756756756756757,-0.6756756756756757,-0.6756756756756757,-0.6756756756756757,1.0,1.0,-0.6756756756756757,-0.5279600945129955,-0.6756756756756757,-0.6756756756756757,-0.6756756756756757,-0.6756756756756757,1.0,1.0,-0.5968992248062015,-0.5279600945129955,-0.5968992248062015,-0.5968992248062015,-0.5968992248062015,-0.5968992248062015,1.0,1.0,-0.5968992248062015,-0.5279600945129955,-0.5968992248062015,-0.5968992248062015,-0.5968992248062015,-0.5968992248062015,-0.5279600945129955,-0.525179856115108,-0.525179856115108,-0.525179856115108,-0.525179856115108,-0.525179856115108,-0.525179856115108,-0.525179856115108,-0.5279600945129955,-0.525179856115108,-0.525179856115108,-0.525179856115108,-0.525179856115108,-0.525179856115108,-0.525179856115108,-0.525179856115108,-0.4962832304397128,-0.4962832304397128,0.41549295774647876,0.41549295774647876,0.41549295774647876,0.41549295774647876,0.41549295774647876,0.41549295774647876,0.41549295774647876,0.41549295774647876,0.5116279069767442,0.5116279069767442,-0.25,-0.25,0.8808510638297873,0.875,0.875,0.875,0.875,0.875,0.875,0.875,0.875,0.875,0.875,0.875,0.875,0.8808510638297873,0.8878504672897196,0.8878504672897196,0.8878504672897196,0.8878504672897196,0.8878504672897196,0.8878504672897196,0.8878504672897196,0.8878504672897196,0.8878504672897196,0.8878504672897196,0.8559322033898304,0.8279569892473118,0.8279569892473118,0.8279569892473118,0.8279569892473118,0.8279569892473118,0.8279569892473118,0.8279569892473118,0.8279569892473118,0.8559322033898304,0.9019607843137254,0.9019607843137254,0.9019607843137254,0.9019607843137254,0.9019607843137254,0.9019607843137254,0.9019607843137254,0.8559322033898304,0.8048780487804879,0.8048780487804879,0.8048780487804879,0.8048780487804879,0.33944954128440363,-1.0,-1.0,-1.0,-1.0,0.5658362989323844,0.0
-0.4775130935520587,0.04722599305560278,0.04722599305560278,0.04722599305560278,0.04722599305560278,0.04722599305560278,0.04722599305560278,0.04722599305560278,0.04722599305560278,0.04722599305560278,0.04722599305560278,0.04722599305560278,0.04722599305560278,0.04722599305560278,0.04722599305560278,0.5719650796632643,0.5719650796632643,0.5719650796632643,0.5719650796632643,0.5719650796632643,0.5719650796632643,0.5719650796632643,0.5719650796632643,0.5719650796632643,0.5719650796632643,0.04722599305560278,0.5719650796632643,0.5719650796632643,0.5719650796632643,0.5719650796632643,0.5719650796632643,0.5719650796632643,0.5719650796632643,0.04722599305560278,0.04722599305560278,0.04722599305560278,0.04722599305560278,0.04722599305560278,0.04722599305560278,0.04722599305560278,0.04722599305560278,0.04722599305560278,0.04722599305560278,0.04722599305560278,0.04722599305560278,0.04722599305560278,0.04722599305560278,0.04722599305560278,0.04722599305560278,0.04722599305560278,0.04722599305560278,0.04722599305560278,0.04722599305560278,0.04722599305560278,0.04722599305560278,0.04722599305560278,0.04722599305560278,0.04722599305560278,0.04722599305560278,0.04722599305560278,0.04722599305560278,0.04722599305560278,0.04722599305560278,0.04722599305560278,0.04722599305560278,0.04722599305560278,0.04722599305560278,0.04722599305560278,0.04722599305560278,0.5719650796632643,0.5719650796632643,0.5719650796632643,0.5719650796632643,0.04722599305560278,0.04722599305560278,0.04722599305560278,-0.4775130935520587,-0.4775130935520587,0.04722599305560278,0.04722599305560278,0.04722599305560278,0.04722599305560278,0.04722599305560278,0.04722599305560278,0.04722599305560278,0.04722599305560278,0.04722599305560278,0.04722599305560278,0.04722599305560278,0.5719650796632643,0.5719650796632643,0.5719650796632643,0.5719650796632643,0.04722599305560278,0.04722599305560278,0.04722599305560278,0.04722599305560278,0.04722599305560278,0.04722599305560278,0.04722599305560278,0.04722599305560278,0.04722599305560278,0.04722599305560278,0.04722599305560278,0.04722599305560278,0.04722599305560278,0.04722599305560278,0.04722599305560278,0.04722599305560278,0.04722599305560278,0.04722599305560278,0.04722599305560278,0.04722599305560278,0.04722599305560278,0.04722599305560278,-0.4775130935520587,-0.4775130935520587,-0.4775130935520587,-0.4775130935520587,-0.4775130935520587,-0.4775130935520587,-0.4775130935520587,-0.4775130935520587,-0.4775130935520587,-0.4775130935520587,-0.4775130935520587,-0.4775130935520587,-0.4775130935520587,-0.4775130935520587,-0.4775130935520587,-0.4775130935520587,-0.4775130935520587,-0.4775130935520587,-0.4775130935520587,-0.4775130935520587,-0.4775130935520587,-0.4775130935520587,-0.4775130935520587,-0.4775130935520587,-0.4775130935520587,-0.4775130935520587,-0.4775130935520587,-0.4775130935520587,-0.4775130935520587,-0.4775130935520587,-0.4775130935520587,-0.4775130935520587,-0.4775130935520587,-0.4775130935520587,-0.4775130935520587,-0.4775130935520587,-0.4775130935520587,-0.4775130935520587,-0.4775130935520587,0.04722599305560278,0.04722599305560278,0.04722599305560278,0.04722599305560278,0.04722599305560278,0.04722599305560278,0.04722599305560278,0.04722599305560278,0.04722599305560278,0.04722599305560278,-0.4775130935520587,0.04722599305560278,0.04722599305560278,0.04722599305560278,0.04722599305560278,0.04722599305560278,0.04722599305560278,0.04722599305560278,-0.4775130935520587,-0.4775130935520587,-0.4775130935520587,-0.4775130935520587,-0.4775130935520587,-0.4775130935520587,-0.4775130935520587,-0.4775130935520587,-0.4775130935520587,-0.4775130935520587,-0.4775130935520587,-0.4775130935520587,-0.4775130935520587,-0.4775130935520587,-0.4775130935520587,-0.4775130935520587,-0.4775130935520587,-0.4775130935520587,-0.4775130935520587,-0.4775130935520587,-0.4775130935520587,-0.4775130935520587,-0.4775130935520587,-0.4775130935520587,-0.4775130935520587,-0.4775130935520587,-0.4775130935520587,0.04722599305560278,0.04722599305560278,-0.4775130935520587,-0.4775130935520587,-0.4775130935520587,-0.4775130935520587,-0.4775130935520587,-0.4775130935520587,-0.4775130935520587,-0.4775130935520587,-0.4775130935520587,0.04722599305560278,0.04722599305560278,-0.4775130935520587,-0.4775130935520587,-0.4775130935520587,-0.4775130935520587,-0.4775130935520587,-0.4775130935520587,-0.4775130935520587,-0.4775130935520587,-0.4775130935520587,-0.4775130935520587,-0.4775130935520587,-0.4775130935520587,-0.4775130935520587,-0.4775130935520587,-0.4775130935520587,-0.4775130935520587,-0.4775130935520587,-0.4775130935520587,-0.4775130935520587,-0.4775130935520587,-0.4775130935520587,-0.4775130935520587,-0.4775130935520587,-0.4775130935520587,-0.4775130935520587,-0.4775130935520587,-0.4775130935520587,-0.4775130935520587,-0.4775130935520587,-0.4775130935520587,-0.4775130935520587,-0.4775130935520587,-0.4775130935520587,-0.4775130935520587,-0.4775130935520587,-0.4775130935520587,-0.4775130935520587,-0.4775130935520587,-0.4775130935520587,-0.4775130935520587,-0.4775130935520587,-0.4775130935520587,-0.4775130935520587,0.04722599305560278,0.04722599305560278,0.04722599305560278,0.04722599305560278,-0.4775130935520587,-0.4775130935520587,0.04722599305560278,0.04722599305560278,0.04722599305560278,0.04722599305560278,-0.4775130935520587,-0.4775130935520587,-1.0022521801597202,-1.0022521801597202,-1.0022521801597202,-1.0022521801597202,-0.4775130935520587,-0.4775130935520587,-1.0022521801597202,-1.0022521801597202,-1.0022521801597202,-1.0022521801597202,-1.0022521801597202,-1.0022521801597202,-0.4775130935520587,-0.4775130935520587,-0.4775130935520587,-0.4775130935520587,-0.4775130935520587,-0.4775130935520587,-1.0022521801597202,-1.0022521801597202,-0.4775130935520587,-0.4775130935520587,-0.4775130935520587,-0.4775130935520587,-0.4775130935520587,-0.4775130935520587,0.04722599305560278,0.04722599305560278,-0.4775130935520587,-0.4775130935520587,-0.4775130935520587,-0.4775130935520587,-0.4775130935520587,-0.4775130935520587,0.04722599305560278,0.04722599305560278,-0.4775130935520587,-0.4775130935520587,-0.4775130935520587,-0.4775130935520587,-0.4775130935520587,-0.4775130935520587,-0.4775130935520587,-0.4775130935520587,-0.4775130935520587,-0.4775130935520587,-0.4775130935520587,-0.4775130935520587,-0.4775130935520587,-0.4775130935520587,-0.4775130935520587,-0.4775130935520587,-0.4775130935520587,-0.4775130935520587,-0.4775130935520587,-0.4775130935520587,-0.4775130935520587,-0.4775130935520587,-0.4775130935520587,-0.4775130935520587,0.04722599305560278,0.04722599305560278,0.04722599305560278,0.04722599305560278,0.04722599305560278,0.04722599305560278,0.04722599305560278,0.04722599305560278,0.04722599305560278,0.04722599305560278,0.5719650796632643,0.5719650796632643,0.04722599305560278,0.04722599305560278,0.04722599305560278,0.04722599305560278,0.04722599305560278,0.04722599305560278,0.04722599305560278,0.04722599305560278,0.04722599305560278,0.04722599305560278,0.04722599305560278,0.04722599305560278,0.04722599305560278,0.04722599305560278,0.04722599305560278,0.04722599305560278,0.04722599305560278,0.04722599305560278,0.04722599305560278,0.04722599305560278,0.04722599305560278,0.04722599305560278,0.04722599305560278,0.04722599305560278,0.04722599305560278,0.04722599305560278,0.04722599305560278,0.04722599305560278,0.04722599305560278,0.04722599305560278,0.04722599305560278,0.04722599305560278,0.04722599305560278,0.04722599305560278,0.04722599305560278,0.04722599305560278,0.04722599305560278,0.04722599305560278,0.04722599305560278,0.04722599305560278,0.04722599305560278,0.04722599305560278,0.04722599305560278,0.04722599305560278,0.04722599305560278,0.04722599305560278,0.04722599305560278,-1.0022521801597202,-1.0022521801597202,-1.0022521801597202,-1.0022521801597202,0.04722599305560278,0.0
1.0,1.0,-1.0,-1.0,-1.0,-1.0,-1.0,-1.0,-1.0,-1.0,-1.0,-1.0,-1.0,-1.0,1.0,-1.0,-1.0,-1.0,-1.0,-1.0,-1.0,-1.0,-1.0,-1.0,-1.0,1.0,-1.0,-1.0,-1.0,-1.0,-1.0,-1.0,-1.0,1.0,1.0,1.0,1.0,1.0,1.0,1.0,1.0,1.0,1.0,-1.0,-1.0,-1.0,-1.0,-1.0,-1.0,-1.0,-1.0,-1.0,-1.0,1.0,1.0,1.0,1.0,1.0,1.0,1.0,1.0,1.0,1.0,1.0,1.0,1.0,1.0,1.0,1.0,-1.0,-1.0,-1.0,-1.0,-1.0,-1.0,1.0,-1.0,-1.0,1.0,1.0,1.0,1.0,1.0,1.0,1.0,1.0,1.0,1.0,1.0,1.0,1.0,1.0,1.0,1.0,1.0,1.0,1.0,1.0,1.0,1.0,1.0,1.0,1.0,1.0,1.0,1.0,1.0,1.0,1.0,1.0,1.0,1.0,1.0,1.0,1.0,1.0,1.0,1.0,1.0,1.0,1.0,1.0,1.0,1.0,1.0,1.0,1.0,1.0,1.0,1.0,1.0,1.0,1.0,1.0,1.0,1.0,1.0,1.0,1.0,1.0,1.0,1.0,1.0,1.0,1.0,1.0,1.0,1.0,1.0,1.0,1.0,1.0,1.0,1.0,1.0,1.0,1.0,1.0,1.0,1.0,1.0,1.0,1.0,1.0,1.0,1.0,1.0,1.0,-1.0,-1.0,-1.0,-1.0,1.0,1.0,1.0,1.0,1.0,1.0,1.0,1.0,1.0,1.0,1.0,-1.0,-1.0,1.0,1.0,1.0,1.0,1.0,1.0,-1.0,-1.0,1.0,1.0,1.0,1.0,1.0,1.0,-1.0,-1.0,1.0,1.0,1.0,1.0,1.0,1.0,1.0,1.0,1.0,-1.0,-1.0,1.0,1.0,1.0,1.0,1.0,1.0,1.0,1.0,1.0,1.0,1.0,1.0,1.0,1.0,1.0,1.0,1.0,1.0,1.0,1.0,1.0,1.0,1.0,1.0,1.0,1.0,1.0,1.0,1.0,1.0,1.0,1.0,1.0,1.0,1.0,1.0,1.0,1.0,1.0,1.0,1.0,1.0,1.0,1.0,1.0,1.0,1.0,1.0,1.0,1.0,1.0,1.0,1.0,1.0,1.0,1.0,1.0,1.0,1.0,1.0,1.0,1.0,1.0,1.0,1.0,-1.0,-1.0,1.0,1.0,1.0,1.0,1.0,1.0,-1.0,-1.0,1.0,1.0,1.0,1.0,1.0,1.0,-1.0,-1.0,1.0,1.0,1.0,1.0,1.0,1.0,-1.0,-1.0,1.0,1.0,1.0,1.0,1.0,1.0,1.0,1.0,1.0,1.0,1.0,1.0,1.0,1.0,1.0,1.0,1.0,1.0,1.0,1.0,1.0,1.0,1.0,1.0,1.0,1.0,1.0,1.0,1.0,1.0,1.0,1.0,1.0,1.0,-1.0,-1.0,-1.0,-1.0,-1.0,-1.0,-1.0,-1.0,-1.0,-1.0,-1.0,-1.0,-1.0,-1.0,-1.0,-1.0,-1.0,-1.0,-1.0,-1.0,-1.0,-1.0,-1.0,-1.0,-1.0,-1.0,1.0,1.0,1.0,1.0,1.0,1.0,1.0,1.0,1.0,1.0,1.0,1.0,1.0,1.0,1.0,1.0,1.0,1.0,-1.0,-1.0,-1.0,-1.0,1.0,-1.0,-1.0,-1.0,-1.0,1.0,0.0
-0.6819042373756496,-2.272408943320002,-2.446043165467626,-2.446043165467626,-2.446043165467626,-2.446043165467626,-2.446043165467626,-2.446043165467626,-2.446043165467626,-2.446043165467626,-2.446043165467626,-2.446043165467626,-2.446043165467626,-2.446043165467626,-2.272408943320002,-2.446043165467626,-2.446043165467626,-2.446043165467626,-2.446043165467626,-2.446043165467626,-2.446043165467626,-2.446043165467626,-2.446043165467626,-2.446043165467626,-2.446043165467626,-2.272408943320002,-2.446043165467626,-2.446043165467626,-2.446043165467626,-2.446043165467626,-2.446043165467626,-2.446043165467626,-2.446043165467626,-2.272408943320002,-1.676605239872273,-1.676605239872273,-1.676605239872273,-1.676605239872273,-1.676605239872273,-1.676605239872273,-1.676605239872273,-1.676605239872273,-2.272408943320002,-2.446043165467626,-2.446043165467626,-2.446043165467626,-2.446043165467626,-2.446043165467626,-2.446043165467626,-2.446043165467626,-2.446043165467626,-2.446043165467626,-2.446043165467626,-2.272408943320002,-2.1346040051076023,-2.1346040051076023,-2.1346040051076023,-2.1346040051076023,-2.1346040051076023,-2.1346040051076023,-2.1346040051076023,-2.1346040051076023,-2.1346040051076023,-2.1346040051076023,-2.1346040051076023,-2.1346040051076023,-1.7882621802244723,-1.7882621802244723,-1.7882621802244723,-2.446043165467626,-2.446043165467626,-2.446043165467626,-2.446043165467626,-2.446043165467626,-2.446043165467626,-1.7882621802244723,-2.446043165467626,-2.446043165467626,-1.7882621802244723,-1.439855108919857,-1.439855108919857,-1.439855108919857,-1.439855108919857,-1.439855108919857,-1.439855108919857,-1.439855108919857,-1.439855108919857,-1.439855108919857,-1.439855108919857,-0.8109875735775016,-0.8109875735775016,-0.8109875735775016,-0.8109875735775016,-1.439855108919857,-1.439855108919857,-1.439855108919857,-1.439855108919857,-1.439855108919857,-1.439855108919857,-1.439855108919857,-1.439855108919857,-1.439855108919857,-1.439855108919857,-1.439855108919857,-1.439855108919857,-1.439855108919857,-1.439855108919857,-1.439855108919857,-1.439855108919857,-1.439855108919857,-1.439855108919857,-1.439855108919857,-1.439855108919857,-1.4680659890099814,-1.4680659890099814,-0.4198566280665306,-0.4198566280665306,-2.061324202669949,-2.061324202669949,-1.8514774956893987,-1.8514774956893987,-2.1616856712258654,-0.4198566280665306,-0.3121570540178026,-0.3121570540178026,-0.3121570540178026,-0.4198566280665306,-0.3121570540178026,-0.3121570540178026,-0.3121570540178026,-0.3121570540178026,-0.4198566280665306,-0.4198566280665306,-0.4198566280665306,-0.4198566280665306,-0.4198566280665306,-0.4198566280665306,-0.4198566280665306,-0.4198566280665306,-0.4198566280665306,-0.4198566280665306,-0.4198566280665306,-0.4198566280665306,-0.4198566280665306,-0.4198566280665306,-0.4198566280665306,-0.4198566280665306,-0.4198566280665306,-0.4198566280665306,-0.4198566280665306,-0.4198566280665306,-0.3121570540178026,-0.3121570540178026,-0.3121570540178026,-1.0747062174307473,-1.0747062174307473,-1.0928937101102816,-1.0928937101102816,-1.0928937101102816,-1.0928937101102816,-1.0928937101102816,-1.0928937101102816,-1.0928937101102816,-1.0928937101102816,-0.4198566280665306,-1.5822402112615224,-1.5822402112615224,-1.5822402112615224,-2.446043165467626,-2.446043165467626,-2.446043165467626,-2.446043165467626,-1.7193517912942373,-1.7193517912942373,-1.7193517912942373,-1.7193517912942373,-1.356006104207543,-1.356006104207543,-1.356006104207543,-1.356006104207543,-1.832897318508829,-0.4198566280665306,-0.4849015220124275,-2.446043165467626,-2.446043165467626,-0.5503265371892209,-0.4551225329896512,-0.5503265371892209,-0.5503265371892209,-0.5503265371892209,-0.5503265371892209,-2.446043165467626,-2.446043165467626,-0.5503265371892209,-0.4551225329896512,-0.5503265371892209,-0.5503265371892209,-0.5503265371892209,-0.5503265371892209,-2.446043165467626,-2.446043165467626,-0.027056810342510677,-0.4551225329896512,-0.027056810342510677,-0.027056810342510677,-0.027056810342510677,-0.027056810342510677,-0.027056810342510677,-0.027056810342510677,-0.027056810342510677,-2.446043165467626,-2.446043165467626,-0.027056810342510677,-0.4551225329896512,-0.027056810342510677,-0.027056810342510677,-0.027056810342510677,-0.027056810342510677,-0.027056810342510677,-0.027056810342510677,-0.027056810342510677,-0.4551225329896512,-0.4551225329896512,-1.0445669438475194,-1.0445669438475194,-0.4551225329896512,-0.4551225329896512,-1.0445669438475194,-1.0445669438475194,-0.4551225329896512,-0.4551225329896512,-0.7437935081573596,-0.7437935081573596,-0.7437935081573596,-0.7437935081573596,-0.4551225329896512,-0.4551225329896512,-0.7437935081573596,-0.7437935081573596,-0.7437935081573596,-0.7437935081573596,-0.4551225329896512,-0.4551225329896512,-0.5900341152139714,-0.5900341152139714,-0.5900341152139714,-0.5900341152139714,-0.4551225329896512,-0.4551225329896512,-0.5900341152139714,-0.5900341152139714,-0.5900341152139714,-0.5900341152139714,-0.4551225329896512,-0.4551225329896512,-1.0033470549763397,-1.0033470549763397,-1.0033470549763397,-1.0033470549763397,-0.4551225329896512,-0.4551225329896512,-1.0033470549763397,-1.0033470549763397,-1.0033470549763397,-1.0033470549763397,-0.4551225329896512,-0.4551225329896512,-0.23970308966408485,-0.23970308966408485,-0.23970308966408485,-0.23970308966408485,-0.4551225329896512,-0.4551225329896512,-0.23970308966408485,-0.23970308966408485,-0.23970308966408485,-0.23970308966408485,-2.446043165467626,-2.446043165467626,-0.1431479656223806,-0.4551225329896512,-0.1431479656223806,-0.1431479656223806,-0.1431479656223806,-0.1431479656223806,-2.446043165467626,-2.446043165467626,-0.1431479656223806,-0.4551225329896512,-0.1431479656223806,-0.1431479656223806,-0.1431479656223806,-0.1431479656223806,-2.446043165467626,-2.446043165467626,-0.6186280921786634,-0.4551225329896512,-0.6186280921786634,-0.6186280921786634,-0.6186280921786634,-0.6186280921786634,-2.446043165467626,-2.446043165467626,-0.6186280921786634,-0.4551225329896512,-0.6186280921786634,-0.6186280921786634,-0.6186280921786634,-0.6186280921786634,-0.4551225329896512,-0.027056810342510677,-0.027056810342510677,-0.027056810342510677,-0.027056810342510677,-0.027056810342510677,-0.027056810342510677,-0.027056810342510677,-0.4551225329896512,-0.027056810342510677,-0.027056810342510677,-0.027056810342510677,-0.027056810342510677,-0.027056810342510677,-0.027056810342510677,-0.027056810342510677,-0.4849015220124275,-0.4849015220124275,-1.193660158913488,-1.193660158913488,-1.193660158913488,-1.193660158913488,-1.193660158913488,-1.193660158913488,-1.193660158913488,-1.193660158913488,-2.2536836840687875,-2.2536836840687875,-2.446043165467626,-2.446043165467626,-2.446043165467626,-2.446043165467626,-2.446043165467626,-2.446043165467626,-2.446043165467626,-2.446043165467626,-2.446043165467626,-2.446043165467626,-2.446043165467626,-2.446043165467626,-2.446043165467626,-2.446043165467626,-2.446043165467626,-2.446043165467626,-2.446043165467626,-2.446043165467626,-2.446043165467626,-2.446043165467626,-2.446043165467626,-2.446043165467626,-2.446043165467626,-2.446043165467626,-2.446043165467626,-2.446043165467626,-1.9555264879005885,-1.676605239872273,-1.676605239872273,-1.676605239872273,-1.676605239872273,-1.676605239872273,-1.676605239872273,-1.676605239872273,-1.676605239872273,-1.9555264879005885,-2.037279267495095,-2.037279267495095,-2.037279267495095,-2.037279267495095,-2.037279267495095,-2.037279267495095,-2.037279267495095,-1.9555264879005885,-2.446043165467626,-2.446043165467626,-2.446043165467626,-2.446043165467626,-2.1018209355960207,-2.446043165467626,-2.446043165467626,-2.446043165467626,-2.446043165467626,-2.2437682468832807,0.0
1.0,1.0,-1.0,-1.0,-1.0,-1.0,-1.0,-1.0,-1.0,-1.0,-1.0,-1.0,-1.0,-1.0,1.0,1.0,1.0,1.0,1.0,1.0,1.0,1.0,1.0,1.0,1.0,1.0,-1.0,-1.0,-1.0,-1.0,-1.0,-1.0,-1.0,1.0,-1.0,-1.0,-1.0,-1.0,-1.0,-1.0,-1.0,-1.0,1.0,-1.0,-1.0,-1.0,-1.0,-1.0,-1.0,-1.0,-1.0,-1.0,-1.0,1.0,-1.0,-1.0,-1.0,-1.0,-1.0,-1.0,-1.0,-1.0,-1.0,-1.0,-1.0,-1.0,1.0,1.0,1.0,-1.0,-1.0,-1.0,-1.0,-1.0,-1.0,1.0,-1.0,-1.0,1.0,1.0,1.0,1.0,1.0,1.0,1.0,1.0,1.0,1.0,1.0,-1.0,-1.0,-1.0,-1.0,1.0,1.0,1.0,1.0,1.0,1.0,1.0,1.0,1.0,1.0,1.0,1.0,1.0,1.0,1.0,1.0,1.0,1.0,1.0,1.0,1.0,1.0,1.0,1.0,1.0,1.0,1.0,1.0,1.0,1.0,1.0,1.0,1.0,1.0,1.0,1.0,1.0,1.0,1.0,1.0,1.0,1.0,1.0,1.0,1.0,1.0,1.0,1.0,1.0,1.0,1.0,1.0,1.0,1.0,1.0,1.0,1.0,1.0,1.0,1.0,1.0,-1.0,-1.0,-1.0,-1.0,-1.0,-1.0,-1.0,-1.0,-1.0,-1.0,1.0,-1.0,-1.0,-1.0,-1.0,-1.0,-1.0,-1.0,-1.0,-1.0,-1.0,-1.0,-1.0,-1.0,-1.0,-1.0,-1.0,1.0,1.0,-1.0,-1.0,1.0,1.0,1.0,1.0,1.0,1.0,-1.0,-1.0,1.0,1.0,1.0,1.0,1.0,1.0,-1.0,-1.0,1.0,1.0,1.0,1.0,1.0,1.0,1.0,1.0,1.0,-1.0,-1.0,1.0,1.0,1.0,1.0,1.0,1.0,1.0,1.0,1.0,1.0,1.0,-1.0,-1.0,1.0,1.0,-1.0,-1.0,1.0,1.0,1.0,1.0,1.0,1.0,1.0,1.0,1.0,1.0,1.0,1.0,1.0,1.0,1.0,1.0,1.0,1.0,1.0,1.0,1.0,1.0,1.0,1.0,1.0,1.0,1.0,1.0,1.0,1.0,1.0,1.0,1.0,1.0,1.0,1.0,1.0,1.0,1.0,1.0,1.0,1.0,1.0,1.0,1.0,1.0,1.0,1.0,-1.0,-1.0,1.0,1.0,1.0,1.0,1.0,1.0,-1.0,-1.0,1.0,1.0,1.0,1.0,1.0,1.0,-1.0,-1.0,1.0,1.0,1.0,1.0,1.0,1.0,-1.0,-1.0,1.0,1.0,1.0,1.0,1.0,1.0,1.0,1.0,1.0,1.0,1.0,1.0,1.0,1.0,1.0,1.0,1.0,1.0,1.0,1.0,1.0,1.0,1.0,1.0,1.0,1.0,1.0,1.0,1.0,1.0,1.0,1.0,-1.0,-1.0,-1.0,-1.0,-1.0,-1.0,-1.0,-1.0,-1.0,-1.0,-1.0,-1.0,-1.0,-1.0,-1.0,-1.0,-1.0,-1.0,-1.0,-1.0,-1.0,-1.0,-1.0,-1.0,-1.0,-1.0,-1.0,-1.0,-1.0,-1.0,-1.0,-1.0,-1.0,-1.0,-1.0,-1.0,-1.0,-1.0,-1.0,-1.0,-1.0,-1.0,-1.0,-1.0,-1.0,-1.0,-1.0,-1.0,-1.0,-1.0,-1.0,-1.0,-1.0,-1.0,-1.0,-1.0,0.0
1.0,-1.0,-1.0,-1.0,-1.0,-1.0,-1.0,-1.0,-1.0,-1.0,-1.0,-1.0,-1.0,-1.0,-1.0,-1.0,-1.0,-1.0,-1.0,-1.0,-1.0,-1.0,-1.0,-1.0,-1.0,-1.0,-1.0,-1.0,-1.0,-1.0,-1.0,-1.0,-1.0,-1.0,-1.0,-1.0,-1.0,-1.0,-1.0,-1.0,-1.0,-1.0,-1.0,-1.0,-1.0,-1.0,-1.0,-1.0,-1.0,-1.0,-1.0,-1.0,-1.0,-1.0,-1.0,-1.0,-1.0,-1.0,-1.0,-1.0,-1.0,-1.0,-1.0,-1.0,-1.0,-1.0,1.0,1.0,1.0,-1.0,-1.0,-1.0,-1.0,-1.0,-1.0,1.0,-1.0,-1.0,1.0,1.0,1.0,1.0,1.0,1.0,1.0,1.0,1.0,1.0,1.0,-1.0,-1.0,-1.0,-1.0,1.0,1.0,1.0,1.0,1.0,1.0,1.0,1.0,1.0,1.0,1.0,1.0,1.0,1.0,1.0,1.0,1.0,1.0,1.0,1.0,1.0,1.0,-1.0,-1.0,-1.0,-1.0,-1.0,-1.0,-1.0,-1.0,-1.0,-1.0,-1.0,-1.0,-1.0,-1.0,-1.0,-1.0,-1.0,-1.0,-1.0,-1.0,-1.0,-1.0,-1.0,-1.0,-1.0,-1.0,-1.0,-1.0,-1.0,-1.0,-1.0,-1.0,-1.0,-1.0,-1.0,-1.0,-1.0,-1.0,-1.0,-1.0,-1.0,-1.0,-1.0,-1.0,-1.0,-1.0,-1.0,-1.0,-1.0,-1.0,-1.0,-1.0,-1.0,-1.0,-1.0,-1.0,-1.0,-1.0,-1.0,-1.0,-1.0,-1.0,-1.0,-1.0,-1.0,-1.0,-1.0,1.0,-1.0,-1.0,1.0,1.0,1.0,1.0,1.0,1.0,-1.0,-1.0,1.0,1.0,1.0,1.0,1.0,1.0,-1.0,-1.0,-1.0,1.0,-1.0,-1.0,-1.0,-1.0,-1.0,-1.0,-1.0,-1.0,-1.0,-1.0,1.0,-1.0,-1.0,-1.0,-1.0,-1.0,-1.0,-1.0,1.0,1.0,-1.0,-1.0,1.0,1.0,-1.0,-1.0,1.0,1.0,-1.0,-1.0,-1.0,-1.0,1.0,1.0,-1.0,-1.0,-1.0,-1.0,1.0,1.0,-1.0,-1.0,-1.0,-1.0,1.0,1.0,-1.0,-1.0,-1.0,-1.0,1.0,1.0,-1.0,-1.0,-1.0,-1.0,1.0,1.0,-1.0,-1.0,-1.0,-1.0,1.0,1.0,-1.0,-1.0,-1.0,-1.0,1.0,1.0,-1.0,-1.0,-1.0,-1.0,-1.0,-1.0,-1.0,1.0,-1.0,-1.0,-1.0,-1.0,-1.0,-1.0,-1.0,1.0,-1.0,-1.0,-1.0,-1.0,-1.0,-1.0,-1.0,1.0,-1.0,-1.0,-1.0,-1.0,-1.0,-1.0,-1.0,1.0,-1.0,-1.0,-1.0,-1.0,1.0,-1.0,-1.0,-1.0,-1.0,-1.0,-1.0,-1.0,1.0,-1.0,-1.0,-1.0,-1.0,-1.0,-1.0,-1.0,1.0,1.0,-1.0,-1.0,-1.0,-1.0,-1.0,-1.0,-1.0,-1.0,-1.0,-1.0,-1.0,-1.0,-1.0,-1.0,-1.0,-1.0,-1.0,-1.0,-1.0,-1.0,-1.0,-1.0,-1.0,-1.0,-1.0,-1.0,-1.0,-1.0,-1.0,-1.0,-1.0,-1.0,-1.0,-1.0,-1.0,-1.0,-1.0,-1.0,-1.0,-1.0,-1.0,-1.0,-1.0,-1.0,-1.0,-1.0,-1.0,-1.0,-1.0,-1.0,-1.0,-1.0,-1.0,-1.0,-1.0,-1.0,-1.0,-1.0,-1.0,-1.0,-1.0,-1.0,-1.0,-1.0,0.0
1.7427529179851233,0.2581812556236402,-0.5512702964462444,-0.5512702964462444,-0.5512702964462444,-0.5512702964462444,-0.5512702964462444,-0.5512702964462444,-0.5512702964462444,-0.5512702964462444,-0.5512702964462444,-0.5512702964462444,-0.5512702964462444,-0.5512702964462444,0.2581812556236402,-0.3797262589529182,-0.3797262589529182,-0.3797262589529182,-0.3797262589529182,-0.3797262589529182,-0.3797262589529182,-0.3797262589529182,-0.3797262589529182,-0.3797262589529182,-0.3797262589529182,0.2581812556236402,-0.7988507284353313,-0.7988507284353313,-0.7988507284353313,-0.7988507284353313,-0.7988507284353313,-0.7988507284353313,-0.7988507284353313,0.2581812556236402,-0.6807033727710262,-0.6807033727710262,-0.6807033727710262,-0.6807033727710262,-0.6807033727710262,-0.6807033727710262,-0.6807033727710262,-0.6807033727710262,0.2581812556236402,-0.6201734418402309,-0.6201734418402309,-0.6201734418402309,-0.6201734418402309,-0.6201734418402309,-0.6201734418402309,-0.6201734418402309,-0.6201734418402309,-0.6201734418402309,-0.6201734418402309,0.2581812556236402,-0.5512702964462444,-0.5512702964462444,-0.5512702964462444,-0.5512702964462444,-0.5512702964462444,-0.5512702964462444,-0.5512702964462444,-0.5512702964462444,-0.5512702964462444,-0.5512702964462444,-0.5512702964462444,-0.5512702964462444,0.8014596278654698,0.8014596278654698,0.8014596278654698,-0.8827692223489199,-0.8827692223489199,-0.8827692223489199,-0.8827692223489199,-0.6030232704147972,-0.6030232704147972,0.8014596278654698,-1.2995907360428969,-1.2995907360428969,0.8014596278654698,0.5678691489392979,0.5678691489392979,0.5678691489392979,0.5678691489392979,0.5678691489392979,0.5678691489392979,0.5678691489392979,0.5678691489392979,0.5678691489392979,0.5678691489392979,-0.574446437165577,-0.574446437165577,-0.574446437165577,-0.574446437165577,0.5678691489392979,0.5678691489392979,0.5678691489392979,0.5678691489392979,0.5678691489392979,0.5678691489392979,0.5678691489392979,0.5678691489392979,0.5678691489392979,0.5678691489392979,0.5678691489392979,0.5678691489392979,0.5678691489392979,0.5678691489392979,0.5678691489392979,0.5678691489392979,0.5678691489392979,0.5678691489392979,0.5678691489392979,0.5678691489392979,0.5830806456859092,0.5830806456859092,1.2614554898178463,1.2614554898178463,-0.7445237162316573,-0.7445237162316573,-0.8983469888291029,-0.8983469888291029,-0.5550540395455995,1.2614554898178463,1.2266218614904993,1.2266218614904993,1.2266218614904993,1.2614554898178463,1.2266218614904993,1.2266218614904993,1.2266218614904993,1.2266218614904993,1.2614554898178463,1.2614554898178463,1.2614554898178463,1.2614554898178463,1.2614554898178463,1.2614554898178463,1.2614554898178463,1.2614554898178463,1.2614554898178463,1.2614554898178463,1.2614554898178463,1.2614554898178463,1.2614554898178463,1.2614554898178463,1.2614554898178463,1.2614554898178463,1.2614554898178463,1.2614554898178463,1.2614554898178463,1.2614554898178463,1.2266218614904993,1.2266218614904993,1.2266218614904993,-0.01701899830913744,-0.01701899830913744,-0.0480589403566633,-0.0480589403566633,-0.0480589403566633,-0.0480589403566633,-0.0480589403566633,-0.0480589403566633,-0.0480589403566633,-0.0480589403566633,1.2614554898178463,-0.12612159674132054,-0.12612159674132054,-0.12612159674132054,-1.1039317010624365,-1.1039317010624365,-1.1039317010624365,-1.1039317010624365,-0.9947658827533218,-0.9947658827533218,-0.9947658827533218,-0.9947658827533218,-0.8751708481097702,-0.8751708481097702,-0.8751708481097702,-0.8751708481097702,-0.40936262644707533,1.2614554898178463,1.39219189209854,-1.4798068485718616,-1.4798068485718616,-0.025504388501600334,1.3730229659058637,-0.025504388501600334,-0.025504388501600334,-0.025504388501600334,-0.025504388501600334,-1.4798068485718616,-1.4798068485718616,-0.025504388501600334,1.3730229659058637,-0.025504388501600334,-0.025504388501600334,-0.025504388501600334,-0.025504388501600334,-1.3385541047060048,-1.3385541047060048,-0.02306422776274444,1.3730229659058637,-0.02306422776274444,-0.02306422776274444,-0.02306422776274444,-0.02306422776274444,-0.02306422776274444,-0.02306422776274444,-0.02306422776274444,-1.3385541047060048,-1.3385541047060048,-0.02306422776274444,1.3730229659058637,-0.02306422776274444,-0.02306422776274444,-0.02306422776274444,-0.02306422776274444,-0.02306422776274444,-0.02306422776274444,-0.02306422776274444,1.3730229659058637,1.3730229659058637,-0.4206231645681314,-0.4206231645681314,1.3730229659058637,1.3730229659058637,-0.4206231645681314,-0.4206231645681314,1.3730229659058637,1.3730229659058637,-0.005158216406605738,-0.005158216406605738,-0.005158216406605738,-0.005158216406605738,1.3730229659058637,1.3730229659058637,-0.005158216406605738,-0.005158216406605738,-0.005158216406605738,-0.005158216406605738,1.3730229659058637,1.3730229659058637,0.03842005157777867,0.03842005157777867,0.03842005157777867,0.03842005157777867,1.3730229659058637,1.3730229659058637,0.03842005157777867,0.03842005157777867,0.03842005157777867,0.03842005157777867,1.3730229659058637,1.3730229659058637,0.04582910381600006,0.04582910381600006,0.04582910381600006,0.04582910381600006,1.3730229659058637,1.3730229659058637,0.04582910381600006,0.04582910381600006,0.04582910381600006,0.04582910381600006,1.3730229659058637,1.3730229659058637,0.022136532264615677,0.022136532264615677,0.022136532264615677,0.022136532264615677,1.3730229659058637,1.3730229659058637,0.022136532264615677,0.022136532264615677,0.022136532264615677,0.022136532264615677,-1.5382942985503691,-1.5382942985503691,-0.04041915624379915,1.3730229659058637,-0.04041915624379915,-0.04041915624379915,-0.04041915624379915,-0.04041915624379915,-1.5382942985503691,-1.5382942985503691,-0.04041915624379915,1.3730229659058637,-0.04041915624379915,-0.04041915624379915,-0.04041915624379915,-0.04041915624379915,-1.3385541047060048,-1.3385541047060048,-0.01942771353748507,1.3730229659058637,-0.01942771353748507,-0.01942771353748507,-0.01942771353748507,-0.01942771353748507,-1.3385541047060048,-1.3385541047060048,-0.01942771353748507,1.3730229659058637,-0.01942771353748507,-0.01942771353748507,-0.01942771353748507,-0.01942771353748507,1.3730229659058637,0.015460851307851166,0.015460851307851166,0.015460851307851166,0.015460851307851166,0.015460851307851166,0.015460851307851166,0.015460851307851166,1.3730229659058637,0.015460851307851166,0.015460851307851166,0.015460851307851166,0.015460851307851166,0.015460851307851166,0.015460851307851166,0.015460851307851166,1.39219189209854,1.39219189209854,-0.16403072983121203,-0.16403072983121203,-0.16403072983121203,-0.16403072983121203,-0.16403072983121203,-0.16403072983121203,-0.16403072983121203,-0.16403072983121203,0.1870361893966452,0.1870361893966452,-1.0799628719093755,-1.0799628719093755,-0.2525301335774958,-0.5364344561123285,-0.5364344561123285,-0.5364344561123285,-0.5364344561123285,-0.5364344561123285,-0.5364344561123285,-0.5364344561123285,-0.5364344561123285,-0.5364344561123285,-0.5364344561123285,-0.5364344561123285,-0.5364344561123285,-0.2525301335774958,-0.6201734418402309,-0.6201734418402309,-0.6201734418402309,-0.6201734418402309,-0.6201734418402309,-0.6201734418402309,-0.6201734418402309,-0.6201734418402309,-0.6201734418402309,-0.6201734418402309,-0.25054588550205115,-0.685701171423712,-0.685701171423712,-0.685701171423712,-0.685701171423712,-0.685701171423712,-0.685701171423712,-0.685701171423712,-0.685701171423712,-0.25054588550205115,-0.642536068558752,-0.642536068558752,-0.642536068558752,-0.642536068558752,-0.642536068558752,-0.642536068558752,-0.642536068558752,-0.25054588550205115,-1.0684242678951832,-1.0684242678951832,-1.0684242678951832,-1.0684242678951832,-0.09814945285175071,-0.9063350418007386,-0.9063350418007386,-0.9063350418007386,-0.8251838763564207,0.15490740649237886,0.0
-0.9422186607590217,-1.0917363902447395,-1.0917363902447395,-1.0917363902447395,-1.0917363902447395,-1.0917363902447395,-1.0917363902447395,-1.0917363902447395,-1.0917363902447395,-1.0917363902447395,-1.0917363902447395,-1.0917363902447395,-1.0917363902447395,-1.0917363902447395,-1.0917363902447395,0.0,0.0,0.0,0.0,0.0,0.0,0.0,0.0,0.0,0.0,-1.0917363902447395,0.0,0.0,0.0,0.0,0.0,0.0,0.0,-1.0917363902447395,0.0,0.0,0.0,0.0,0.0,0.0,0.0,0.0,-1.0917363902447395,-1.0582018230656072,-1.0582018230656072,-1.0582018230656072,-1.0582018230656072,-1.0582018230656072,-1.0582018230656072,-1.0582018230656072,-1.0582018230656072,-1.0582018230656072,-1.0582018230656072,-1.0917363902447395,0.0,0.0,0.0,0.0,0.0,0.0,0.0,0.0,0.0,0.0,0.0,0.0,-1.0917363902447395,-1.0917363902447395,-1.0917363902447395,0.5384839235448632,0.5384839235448632,0.5384839235448632,0.5384839235448632,-0.4495729319754428,-0.4495729319754428,-1.0917363902447395,1.383949894750324,1.383949894750324,-1.0917363902447395,-1.0917363902447395,-1.0917363902447395,-1.0917363902447395,-1.0917363902447395,-1.0917363902447395,-1.0917363902447395,-1.0917363902447395,-1.0917363902447395,-1.0917363902447395,-1.0917363902447395,-1.0917363902447395,-1.0917363902447395,-1.0917363902447395,-1.0917363902447395,-1.0917363902447395,-1.0917363902447395,-1.0917363902447395,-1.0917363902447395,-1.0917363902447395,-1.0917363902447395,-1.0917363902447395,-1.0917363902447395,-1.0917363902447395,-1.0917363902447395,-1.0917363902447395,-1.0917363902447395,-1.0917363902447395,-1.0917363902447395,-1.0917363902447395,-1.0917363902447395,-1.0917363902447395,-1.0917363902447395,-1.0917363902447395,-1.0917363902447395,-1.0917363902447395,-1.0917363902447395,-1.0901426794414975,-1.0901426794414975,-0.6189992528449889,-0.6189992528449889,0.0,0.0,-1.0917363902447395,-1.0901426794414975,-1.0917330403200125,-1.0917330403200125,-1.0917330403200125,-1.0901426794414975,-1.0917330403200125,-1.0917330403200125,-1.0917330403200125,-1.0917330403200125,-1.0901426794414975,-1.0901426794414975,-1.0901426794414975,-1.0901426794414975,-1.0901426794414975,-1.0901426794414975,-1.0901426794414975,-1.0901426794414975,-1.0901426794414975,-1.0901426794414975,-1.0901426794414975,-1.0901426794414975,-1.0901426794414975,-1.0901426794414975,-1.0901426794414975,-1.0901426794414975,-1.0901426794414975,-1.0901426794414975,-1.0901426794414975,-1.0901426794414975,-1.0917330403200125,-1.0917330403200125,-1.0917330403200125,-1.0917363902447395,-1.0917363902447395,-1.0917363902447395,-1.0917363902447395,-1.0917363902447395,-1.0917363902447395,-1.0917363902447395,-1.0917363902447395,-1.0917363902447395,-1.0917363902447395,-1.0901426794414975,-0.9899696971798622,-0.9899696971798622,-0.9899696971798622,0.0,0.0,0.0,0.0,0.0,0.0,0.0,0.0,-0.15755631358618027,-0.15755631358618027,-0.15755631358618027,-0.15755631358618027,-1.0917363902447395,-1.0901426794414975,-0.6239974876504346,0.0,0.0,0.05308155440202398,-0.5648670655670125,0.05308155440202398,0.05308155440202398,0.05308155440202398,0.05308155440202398,0.0,0.0,0.05308155440202398,-0.5648670655670125,0.05308155440202398,0.05308155440202398,0.05308155440202398,0.05308155440202398,0.0,0.0,-0.20995619157541512,-0.5648670655670125,-0.20995619157541512,-0.20995619157541512,-0.20995619157541512,-0.20995619157541512,-0.20995619157541512,-0.20995619157541512,-0.20995619157541512,0.0,0.0,-0.20995619157541512,-0.5648670655670125,-0.20995619157541512,-0.20995619157541512,-0.20995619157541512,-0.20995619157541512,-0.20995619157541512,-0.20995619157541512,-0.20995619157541512,-0.5648670655670125,-0.5648670655670125,-1.0917363902447395,-1.0917363902447395,-0.5648670655670125,-0.5648670655670125,-1.0917363902447395,-1.0917363902447395,-0.5648670655670125,-0.5648670655670125,-0.41680843121618066,-0.41680843121618066,-0.41680843121618066,-0.41680843121618066,-0.5648670655670125,-0.5648670655670125,-0.41680843121618066,-0.41680843121618066,-0.41680843121618066,-0.41680843121618066,-0.5648670655670125,-0.5648670655670125,-1.0917363902447395,-1.0917363902447395,-1.0917363902447395,-1.0917363902447395,-0.5648670655670125,-0.5648670655670125,-1.0917363902447395,-1.0917363902447395,-1.0917363902447395,-1.0917363902447395,-0.5648670655670125,-0.5648670655670125,-0.9280930396410533,-0.9280930396410533,-0.9280930396410533,-0.9280930396410533,-0.5648670655670125,-0.5648670655670125,-0.9280930396410533,-0.9280930396410533,-0.9280930396410533,-0.9280930396410533,-0.5648670655670125,-0.5648670655670125,-0.23749724222534005,-0.23749724222534005,-0.23749724222534005,-0.23749724222534005,-0.5648670655670125,-0.5648670655670125,-0.23749724222534005,-0.23749724222534005,-0.23749724222534005,-0.23749724222534005,0.0,0.0,-1.0382497765824448,-0.5648670655670125,-1.0382497765824448,-1.0382497765824448,-1.0382497765824448,-1.0382497765824448,0.0,0.0,-1.0382497765824448,-0.5648670655670125,-1.0382497765824448,-1.0382497765824448,-1.0382497765824448,-1.0382497765824448,0.0,0.0,-0.09069319474812042,-0.5648670655670125,-0.09069319474812042,-0.09069319474812042,-0.09069319474812042,-0.09069319474812042,0.0,0.0,-0.09069319474812042,-0.5648670655670125,-0.09069319474812042,-0.09069319474812042,-0.09069319474812042,-0.09069319474812042,-0.5648670655670125,-0.8208330064809864,-0.8208330064809864,-0.8208330064809864,-0.8208330064809864,-0.8208330064809864,-0.8208330064809864,-0.8208330064809864,-0.5648670655670125,-0.8208330064809864,-0.8208330064809864,-0.8208330064809864,-0.8208330064809864,-0.8208330064809864,-0.8208330064809864,-0.8208330064809864,-0.6239974876504346,-0.6239974876504346,-1.0917363902447395,-1.0917363902447395,-1.0917363902447395,-1.0917363902447395,-1.0917363902447395,-1.0917363902447395,-1.0917363902447395,-1.0917363902447395,-1.0917363902447395,-1.0917363902447395,1.2349677724305816,1.2349677724305816,-1.0917363902447395,-1.0917363902447395,-1.0917363902447395,-1.0917363902447395,-1.0917363902447395,-1.0917363902447395,-1.0917363902447395,-1.0917363902447395,-1.0917363902447395,-1.0917363902447395,-1.0917363902447395,-1.0917363902447395,-1.0917363902447395,-1.0917363902447395,-1.0582018230656072,-1.0582018230656072,-1.0582018230656072,-1.0582018230656072,-1.0582018230656072,-1.0582018230656072,-1.0582018230656072,-1.0582018230656072,-1.0582018230656072,-1.0582018230656072,0.0,0.0,0.0,0.0,0.0,0.0,0.0,0.0,0.0,0.0,0.0,0.0,0.0,0.0,0.0,0.0,0.0,0.0,0.0,0.0,0.0,0.0,0.0,0.0,0.0,0.0,0.0,-1.0917363902447395,0.0
1.969566382794139,-0.5077224524862195,-0.5077224524862195,-0.5077224524862195,-0.5077224524862195,-0.5077224524862195,-0.5077224524862195,-0.5077224524862195,-0.5077224524862195,-0.5077224524862195,-0.5077224524862195,-0.5077224524862195,-0.5077224524862195,-0.5077224524862195,-0.5077224524862195,-0.5077224524862195,-0.5077224524862195,-0.5077224524862195,-0.5077224524862195,-0.5077224524862195,-0.5077224524862195,-0.5077224524862195,-0.5077224524862195,-0.5077224524862195,-0.5077224524862195,-0.5077224524862195,-0.5077224524862195,-0.5077224524862195,-0.5077224524862195,-0.5077224524862195,-0.5077224524862195,-0.5077224524862195,-0.5077224524862195,-0.5077224524862195,-0.5077224524862195,-0.5077224524862195,-0.5077224524862195,-0.5077224524862195,-0.5077224524862195,-0.5077224524862195,-0.5077224524862195,-0.5077224524862195,-0.5077224524862195,-0.5077224524862195,-0.5077224524862195,-0.5077224524862195,-0.5077224524862195,-0.5077224524862195,-0.5077224524862195,-0.5077224524862195,-0.5077224524862195,-0.5077224524862195,-0.5077224524862195,-0.5077224524862195,-0.5077224524862195,-0.5077224524862195,-0.5077224524862195,-0.5077224524862195,-0.5077224524862195,-0.5077224524862195,-0.5077224524862195,-0.5077224524862195,-0.5077224524862195,-0.5077224524862195,-0.5077224524862195,-0.5077224524862195,1.969566382794139,1.969566382794139,1.969566382794139,-0.5077224524862195,-0.5077224524862195,-0.5077224524862195,-0.5077224524862195,-0.5077224524862195,-0.5077224524862195,1.969566382794139,1.969566382794139,1.969566382794139,1.969566382794139,1.969566382794139,1.969566382794139,1.969566382794139,1.969566382794139,1.969566382794139,1.969566382794139,1.969566382794139,1.969566382794139,1.969566382794139,1.969566382794139,-0.5077224524862195,-0.5077224524862195,-0.5077224524862195,-0.5077224524862195,1.969566382794139,1.969566382794139,1.969566382794139,1.969566382794139,1.969566382794139,1.969566382794139,1.969566382794139,1.969566382794139,1.969566382794139,1.969566382794139,1.969566382794139,1.969566382794139,1.969566382794139,1.969566382794139,1.969566382794139,1.969566382794139,1.969566382794139,1.969566382794139,1.969566382794139,1.969566382794139,1.969566382794139,1.969566382794139,1.969566382794139,1.969566382794139,1.969566382794139,1.969566382794139,-0.5077224524862195,-0.5077224524862195,1.969566382794139,1.969566382794139,1.969566382794139,1.969566382794139,1.969566382794139,1.969566382794139,1.969566382794139,1.969566382794139,1.969566382794139,1.969566382794139,1.969566382794139,1.969566382794139,1.969566382794139,1.969566382794139,1.969566382794139,1.969566382794139,1.969566382794139,1.969566382794139,1.969566382794139,1.969566382794139,1.969566382794139,1.969566382794139,1.969566382794139,1.969566382794139,1.969566382794139,1.969566382794139,1.969566382794139,1.969566382794139,1.969566382794139,1.969566382794139,1.969566382794139,1.969566382794139,1.969566382794139,-0.5077224524862195,-0.5077224524862195,-0.5077224524862195,-0.5077224524862195,-0.5077224524862195,-0.5077224524862195,-0.5077224524862195,-0.5077224524862195,-0.5077224524862195,-0.5077224524862195,1.969566382794139,1.969566382794139,1.969566382794139,1.969566382794139,1.969566382794139,1.969566382794139,1.969566382794139,1.969566382794139,1.969566382794139,1.969566382794139,1.969566382794139,1.969566382794139,1.969566382794139,1.969566382794139,1.969566382794139,1.969566382794139,1.969566382794139,1.969566382794139,1.969566382794139,-0.5077224524862195,-0.5077224524862195,1.969566382794139,1.969566382794139,1.969566382794139,1.969566382794139,1.969566382794139,1.969566382794139,-0.5077224524862195,-0.5077224524862195,1.969566382794139,1.969566382794139,1.969566382794139,1.969566382794139,1.969566382794139,1.969566382794139,-0.5077224524862195,-0.5077224524862195,-0.5077224524862195,1.969566382794139,-0.5077224524862195,-0.5077224524862195,-0.5077224524862195,-0.5077224524862195,-0.5077224524862195,-0.5077224524862195,-0.5077224524862195,-0.5077224524862195,-0.5077224524862195,-0.5077224524862195,1.969566382794139,-0.5077224524862195,-0.5077224524862195,-0.5077224524862195,-0.5077224524862195,-0.5077224524862195,-0.5077224524862195,-0.5077224524862195,1.969566382794139,1.969566382794139,1.969566382794139,1.969566382794139,1.969566382794139,1.969566382794139,1.969566382794139,1.969566382794139,1.969566382794139,1.969566382794139,-0.5077224524862195,-0.5077224524862195,-0.5077224524862195,-0.5077224524862195,1.969566382794139,1.969566382794139,-0.5077224524862195,-0.5077224524862195,-0.5077224524862195,-0.5077224524862195,1.969566382794139,1.969566382794139,-0.5077224524862195,-0.5077224524862195,-0.5077224524862195,-0.5077224524862195,1.969566382794139,1.969566382794139,-0.5077224524862195,-0.5077224524862195,-0.5077224524862195,-0.5077224524862195,1.969566382794139,1.969566382794139,1.969566382794139,1.969566382794139,1.969566382794139,1.969566382794139,1.969566382794139,1.969566382794139,1.969566382794139,1.969566382794139,1.969566382794139,1.969566382794139,1.969566382794139,1.969566382794139,1.969566382794139,1.969566382794139,1.969566382794139,1.969566382794139,1.969566382794139,1.969566382794139,1.969566382794139,1.969566382794139,1.969566382794139,1.969566382794139,-0.5077224524862195,-0.5077224524862195,1.969566382794139,1.969566382794139,1.969566382794139,1.969566382794139,1.969566382794139,1.969566382794139,-0.5077224524862195,-0.5077224524862195,1.969566382794139,1.969566382794139,1.969566382794139,1.969566382794139,1.969566382794139,1.969566382794139,-0.5077224524862195,-0.5077224524862195,-0.5077224524862195,1.969566382794139,-0.5077224524862195,-0.5077224524862195,-0.5077224524862195,-0.5077224524862195,-0.5077224524862195,-0.5077224524862195,-0.5077224524862195,1.969566382794139,-0.5077224524862195,-0.5077224524862195,-0.5077224524862195,-0.5077224524862195,1.969566382794139,1.969566382794139,1.969566382794139,1.969566382794139,1.969566382794139,1.969566382794139,1.969566382794139,1.969566382794139,1.969566382794139,1.969566382794139,1.969566382794139,1.969566382794139,1.969566382794139,1.969566382794139,1.969566382794139,1.969566382794139,1.969566382794139,1.969566382794139,-0.5077224524862195,-0.5077224524862195,-0.5077224524862195,-0.5077224524862195,-0.5077224524862195,-0.5077224524862195,-0.5077224524862195,-0.5077224524862195,1.969566382794139,1.969566382794139,1.969566382794139,1.969566382794139,-0.5077224524862195,-0.5077224524862195,-0.5077224524862195,-0.5077224524862195,-0.5077224524862195,-0.5077224524862195,-0.5077224524862195,-0.5077224524862195,-0.5077224524862195,-0.5077224524862195,-0.5077224524862195,-0.5077224524862195,-0.5077224524862195,-0.5077224524862195,-0.5077224524862195,-0.5077224524862195,-0.5077224524862195,-0.5077224524862195,-0.5077224524862195,-0.5077224524862195,-0.5077224524862195,-0.5077224524862195,-0.5077224524862195,-0.5077224524862195,-0.5077224524862195,-0.5077224524862195,-0.5077224524862195,-0.5077224524862195,-0.5077224524862195,-0.5077224524862195,-0.5077224524862195,-0.5077224524862195,-0.5077224524862195,-0.5077224524862195,-0.5077224524862195,-0.5077224524862195,-0.5077224524862195,-0.5077224524862195,-0.5077224524862195,-0.5077224524862195,-0.5077224524862195,-0.5077224524862195,-0.5077224524862195,-0.5077224524862195,-0.5077224524862195,-0.5077224524862195,1.969566382794139,-0.5077224524862195,-0.5077224524862195,-0.5077224524862195,-0.5077224524862195,1.969566382794139,0.0
-0.8399892229904783,-0.8700053950135924,-0.8700053950135924,-0.8700053950135924,-0.8700053950135924,-0.8700053950135924,-0.8700053950135924,-0.8700053950135924,-0.8700053950135924,-0.8700053950135924,-0.8700053950135924,-0.8700053950135924,-0.8700053950135924,-0.8700053950135924,-0.8700053950135924,-0.8700053950135924,-0.8700053950135924,-0.8700053950135924,-0.8700053950135924,-0.8700053950135924,-0.8700053950135924,-0.8700053950135924,-0.8700053950135924,-0.8700053950135924,-0.8700053950135924,-0.8700053950135924,-0.8700053950135924,-0.8700053950135924,-0.8700053950135924,-0.8700053950135924,-0.8700053950135924,-0.8700053950135924,-0.8700053950135924,-0.8700053950135924,-0.8700053950135924,-0.8700053950135924,-0.8700053950135924,-0.8700053950135924,-0.8700053950135924,-0.8700053950135924,-0.8700053950135924,-0.8700053950135924,-0.8700053950135924,-0.8700053950135924,-0.8700053950135924,-0.8700053950135924,-0.8700053950135924,-0.8700053950135924,-0.8700053950135924,-0.8700053950135924,-0.8700053950135924,-0.8700053950135924,-0.8700053950135924,-0.8700053950135924,-0.8700053950135924,-0.8700053950135924,-0.8700053950135924,-0.8700053950135924,-0.8700053950135924,-0.8700053950135924,-0.8700053950135924,-0.8700053950135924,-0.8700053950135924,-0.8700053950135924,-0.8700053950135924,-0.8700053950135924,-0.8407845122778361,-0.8407845122778361,-0.8407845122778361,-0.8700053950135924,-0.8700053950135924,-0.8700053950135924,-0.8700053950135924,-0.8700053950135924,-0.8700053950135924,-0.8407845122778361,-0.08384676589080464,-0.08384676589080464,-0.8407845122778361,-0.8362853557742571,-0.8362853557742571,-0.8362853557742571,-0.8362853557742571,-0.8362853557742571,-0.8362853557742571,-0.8362853557742571,-0.8362853557742571,-0.8362853557742571,-0.8362853557742571,-0.8700053950135924,-0.8700053950135924,-0.8700053950135924,-0.8700053950135924,-0.8362853557742571,-0.8362853557742571,-0.8362853557742571,-0.8362853557742571,-0.8362853557742571,-0.8362853557742571,-0.8362853557742571,-0.8362853557742571,-0.8362853557742571,-0.8362853557742571,-0.8362853557742571,-0.8362853557742571,-0.8362853557742571,-0.8362853557742571,-0.8362853557742571,-0.8362853557742571,-0.8362853557742571,-0.8362853557742571,-0.8362853557742571,-0.8362853557742571,-0.8373653570310331,-0.8373653570310331,-0.8274218026027748,-0.8274218026027748,-0.5504287165083941,-0.5504287165083941,-0.8700053950135924,-0.8700053950135924,-0.6569542760101268,-0.8274218026027748,-0.8353018582339159,-0.8353018582339159,-0.8353018582339159,-0.8274218026027748,-0.8353018582339159,-0.8353018582339159,-0.8353018582339159,-0.8353018582339159,-0.8274218026027748,-0.8274218026027748,-0.8274218026027748,-0.8274218026027748,-0.8274218026027748,-0.8274218026027748,-0.8274218026027748,-0.8274218026027748,-0.8274218026027748,-0.8274218026027748,-0.8274218026027748,-0.8274218026027748,-0.8274218026027748,-0.8274218026027748,-0.8274218026027748,-0.8274218026027748,-0.8274218026027748,-0.8274218026027748,-0.8274218026027748,-0.8274218026027748,-0.8353018582339159,-0.8353018582339159,-0.8353018582339159,-0.8700053950135924,-0.8700053950135924,-0.8700053950135924,-0.8700053950135924,-0.8700053950135924,-0.8700053950135924,-0.8700053950135924,-0.8700053950135924,-0.8700053950135924,-0.8700053950135924,-0.8274218026027748,-0.7530175037750824,-0.7530175037750824,-0.7530175037750824,-0.6976021868726302,-0.6976021868726302,-0.6976021868726302,-0.6976021868726302,-0.7335195219019973,-0.7335195219019973,-0.7335195219019973,-0.7335195219019973,-0.5001727065821734,-0.5001727065821734,-0.5001727065821734,-0.5001727065821734,-0.6555275944096574,-0.8274218026027748,-0.8501954257777907,-0.8700053950135924,-0.8700053950135924,-0.8357052803049193,-0.8493658930676017,-0.8357052803049193,-0.8357052803049193,-0.8357052803049193,-0.8357052803049193,-0.8700053950135924,-0.8700053950135924,-0.8357052803049193,-0.8493658930676017,-0.8357052803049193,-0.8357052803049193,-0.8357052803049193,-0.8357052803049193,-0.8700053950135924,-0.8700053950135924,-0.8700053950135924,-0.8493658930676017,-0.8700053950135924,-0.8700053950135924,-0.8700053950135924,-0.8700053950135924,-0.8700053950135924,-0.8700053950135924,-0.8700053950135924,-0.8700053950135924,-0.8700053950135924,-0.8700053950135924,-0.8493658930676017,-0.8700053950135924,-0.8700053950135924,-0.8700053950135924,-0.8700053950135924,-0.8700053950135924,-0.8700053950135924,-0.8700053950135924,-0.8493658930676017,-0.8493658930676017,-0.8300583102004426,-0.8300583102004426,-0.8493658930676017,-0.8493658930676017,-0.8300583102004426,-0.8300583102004426,-0.8493658930676017,-0.8493658930676017,-0.8700053950135924,-0.8700053950135924,-0.8700053950135924,-0.8700053950135924,-0.8493658930676017,-0.8493658930676017,-0.8700053950135924,-0.8700053950135924,-0.8700053950135924,-0.8700053950135924,-0.8493658930676017,-0.8493658930676017,-0.8700053950135924,-0.8700053950135924,-0.8700053950135924,-0.8700053950135924,-0.8493658930676017,-0.8493658930676017,-0.8700053950135924,-0.8700053950135924,-0.8700053950135924,-0.8700053950135924,-0.8493658930676017,-0.8493658930676017,-0.840561251600754,-0.840561251600754,-0.840561251600754,-0.840561251600754,-0.8493658930676017,-0.8493658930676017,-0.840561251600754,-0.840561251600754,-0.840561251600754,-0.840561251600754,-0.8493658930676017,-0.8493658930676017,-0.8390298777116701,-0.8390298777116701,-0.8390298777116701,-0.8390298777116701,-0.8493658930676017,-0.8493658930676017,-0.8390298777116701,-0.8390298777116701,-0.8390298777116701,-0.8390298777116701,-0.8700053950135924,-0.8700053950135924,-0.8168865687215122,-0.8493658930676017,-0.8168865687215122,-0.8168865687215122,-0.8168865687215122,-0.8168865687215122,-0.8700053950135924,-0.8700053950135924,-0.8168865687215122,-0.8493658930676017,-0.8168865687215122,-0.8168865687215122,-0.8168865687215122,-0.8168865687215122,-0.8700053950135924,-0.8700053950135924,-0.8700053950135924,-0.8493658930676017,-0.8700053950135924,-0.8700053950135924,-0.8700053950135924,-0.8700053950135924,-0.8700053950135924,-0.8700053950135924,-0.8700053950135924,-0.8493658930676017,-0.8700053950135924,-0.8700053950135924,-0.8700053950135924,-0.8700053950135924,-0.8493658930676017,-0.8385841868152396,-0.8385841868152396,-0.8385841868152396,-0.8385841868152396,-0.8385841868152396,-0.8385841868152396,-0.8385841868152396,-0.8493658930676017,-0.8385841868152396,-0.8385841868152396,-0.8385841868152396,-0.8385841868152396,-0.8385841868152396,-0.8385841868152396,-0.8385841868152396,-0.8501954257777907,-0.8501954257777907,-0.8700053950135924,-0.8700053950135924,-0.8700053950135924,-0.8700053950135924,-0.8700053950135924,-0.8700053950135924,-0.8700053950135924,-0.8700053950135924,-0.8264750168783329,-0.8264750168783329,-0.5424392995457642,-0.5424392995457642,-0.8700053950135924,-0.8700053950135924,-0.8700053950135924,-0.8700053950135924,-0.8700053950135924,-0.8700053950135924,-0.8700053950135924,-0.8700053950135924,-0.8700053950135924,-0.8700053950135924,-0.8700053950135924,-0.8700053950135924,-0.8700053950135924,-0.8700053950135924,-0.8700053950135924,-0.8700053950135924,-0.8700053950135924,-0.8700053950135924,-0.8700053950135924,-0.8700053950135924,-0.8700053950135924,-0.8700053950135924,-0.8700053950135924,-0.8700053950135924,-0.8700053950135924,-0.8700053950135924,-0.8700053950135924,-0.8700053950135924,-0.8700053950135924,-0.8700053950135924,-0.8700053950135924,-0.8700053950135924,-0.8700053950135924,-0.8700053950135924,-0.8700053950135924,-0.8700053950135924,-0.8700053950135924,-0.8700053950135924,-0.8700053950135924,-0.8700053950135924,-0.8700053950135924,-0.8700053950135924,-0.8700053950135924,-0.8700053950135924,-0.8700053950135924,-0.8700053950135924,-0.8299361478615644,-0.8700053950135924,-0.8700053950135924,-0.8700053950135924,-0.8700053950135924,-0.8466910821689072,0.0
0.41281951000609457,-0.797640857572655,-0.901855017471593,-0.901855017471593,-0.901855017471593,-0.901855017471593,-0.901855017471593,-0.901855017471593,-0.901855017471593,-0.901855017471593,-0.901855017471593,-0.901855017471593,-0.901855017471593,-0.901855017471593,-0.797640857572655,-0.3327510165778624,-0.3327510165778624,-0.3327510165778624,-0.3327510165778624,-0.3327510165778624,-0.3327510165778624,-0.3327510165778624,-0.3327510165778624,-0.3327510165778624,-0.3327510165778624,-0.797640857572655,-0.901855017471593,-0.901855017471593,-0.901855017471593,-0.901855017471593,-0.901855017471593,-0.901855017471593,-0.901855017471593,-0.797640857572655,-0.797640857572655,-0.797640857572655,-0.797640857572655,-0.797640857572655,-0.797640857572655,-0.797640857572655,-0.797640857572655,-0.797640857572655,-0.797640857572655,-0.901855017471593,-0.901855017471593,-0.901855017471593,-0.901855017471593,-0.901855017471593,-0.901855017471593,-0.901855017471593,-0.901855017471593,-0.901855017471593,-0.901855017471593,-0.797640857572655,-0.901855017471593,-0.901855017471593,-0.901855017471593,-0.901855017471593,-0.901855017471593,-0.901855017471593,-0.901855017471593,-0.901855017471593,-0.901855017471593,-0.901855017471593,-0.901855017471593,-0.901855017471593,-0.16277054484031625,-0.16277054484031625,-0.16277054484031625,-0.797640857572655,-0.797640857572655,-0.797640857572655,-0.797640857572655,-0.6173030170247277,-0.6173030170247277,-0.16277054484031625,-1.0183565364195493,-1.0183565364195493,-0.16277054484031625,0.49645688688845147,0.49645688688845147,0.49645688688845147,0.49645688688845147,0.49645688688845147,0.49645688688845147,0.49645688688845147,0.49645688688845147,0.49645688688845147,0.49645688688845147,0.25548548960086465,0.25548548960086465,0.25548548960086465,0.25548548960086465,0.49645688688845147,0.49645688688845147,0.49645688688845147,0.49645688688845147,0.49645688688845147,0.49645688688845147,0.49645688688845147,0.49645688688845147,0.49645688688845147,0.49645688688845147,0.49645688688845147,0.49645688688845147,0.49645688688845147,0.49645688688845147,0.49645688688845147,0.49645688688845147,0.49645688688845147,0.49645688688845147,0.49645688688845147,0.49645688688845147,0.4693560222117804,0.4693560222117804,0.9238884943961923,0.9238884943961923,-0.3327510165778624,-0.3327510165778624,-0.4648295453855011,-0.4648295453855011,-0.2727860098355923,0.9238884943961923,1.1549615420534673,1.1549615420534673,1.1549615420534673,0.9238884943961923,1.1549615420534673,1.1549615420534673,1.1549615420534673,1.1549615420534673,0.9238884943961923,0.9238884943961923,0.9238884943961923,0.9238884943961923,0.9238884943961923,0.9238884943961923,0.9238884943961923,0.9238884943961923,0.9238884943961923,0.9238884943961923,0.9238884943961923,0.9238884943961923,0.9238884943961923,0.9238884943961923,0.9238884943961923,0.9238884943961923,0.9238884943961923,0.9238884943961923,0.9238884943961923,0.9238884943961923,1.1549615420534673,1.1549615420534673,1.1549615420534673,0.5228349750013707,0.5228349750013707,0.6900717010586743,0.6900717010586743,0.6900717010586743,0.6900717010586743,0.6900717010586743,0.6900717010586743,0.6900717010586743,0.6900717010586743,0.9238884943961923,-0.3965873381778338,-0.3965873381778338,-0.3965873381778338,-0.901855017471593,-0.901855017471593,-0.901855017471593,-0.901855017471593,-0.6173030170247277,-0.6173030170247277,-0.6173030170247277,-0.6173030170247277,-0.3965873381778338,-0.3965873381778338,-0.3965873381778338,-0.3965873381778338,-0.6173030170247277,0.9238884943961923,0.5485278398908471,-1.096933728981207,-1.096933728981207,0.41281951000609457,0.5485278398908471,0.41281951000609457,0.41281951000609457,0.41281951000609457,0.41281951000609457,-1.096933728981207,-1.096933728981207,0.41281951000609457,0.5485278398908471,0.41281951000609457,0.41281951000609457,0.41281951000609457,0.41281951000609457,-1.096933728981207,-1.096933728981207,0.1848040217649151,0.5485278398908471,0.1848040217649151,0.1848040217649151,0.1848040217649151,0.1848040217649151,0.1848040217649151,0.1848040217649151,0.1848040217649151,-1.096933728981207,-1.096933728981207,0.1848040217649151,0.5485278398908471,0.1848040217649151,0.1848040217649151,0.1848040217649151,0.1848040217649151,0.1848040217649151,0.1848040217649151,0.1848040217649151,0.5485278398908471,0.5485278398908471,0.3528545032638245,0.3528545032638245,0.5485278398908471,0.5485278398908471,0.3528545032638245,0.3528545032638245,0.5485278398908471,0.5485278398908471,0.4693560222117804,0.4693560222117804,0.4693560222117804,0.4693560222117804,0.5485278398908471,0.5485278398908471,0.4693560222117804,0.4693560222117804,0.4693560222117804,0.4693560222117804,0.5485278398908471,0.5485278398908471,1.1686047884751642,1.1686047884751642,1.1686047884751642,1.1686047884751642,0.5485278398908471,0.5485278398908471,1.1686047884751642,1.1686047884751642,1.1686047884751642,1.1686047884751642,0.5485278398908471,0.5485278398908471,0.8885590358382506,0.8885590358382506,0.8885590358382506,0.8885590358382506,0.5485278398908471,0.5485278398908471,0.8885590358382506,0.8885590358382506,0.8885590358382506,0.8885590358382506,0.5485278398908471,0.5485278398908471,0.6218294938510074,0.6218294938510074,0.6218294938510074,0.6218294938510074,0.5485278398908471,0.5485278398908471,0.6218294938510074,0.6218294938510074,0.6218294938510074,0.6218294938510074,-1.096933728981207,-1.096933728981207,0.5979941312604431,0.5485278398908471,0.5979941312604431,0.5979941312604431,0.5979941312604431,0.5979941312604431,-1.096933728981207,-1.096933728981207,0.5979941312604431,0.5485278398908471,0.5979941312604431,0.5979941312604431,0.5979941312604431,0.5979941312604431,-1.096933728981207,-1.096933728981207,0.3528545032638245,0.5485278398908471,0.3528545032638245,0.3528545032638245,0.3528545032638245,0.3528545032638245,-1.096933728981207,-1.096933728981207,0.3528545032638245,0.5485278398908471,0.3528545032638245,0.3528545032638245,0.3528545032638245,0.3528545032638245,0.5485278398908471,0.5979941312604431,0.5979941312604431,0.5979941312604431,0.5979941312604431,0.5979941312604431,0.5979941312604431,0.5979941312604431,0.5485278398908471,0.5979941312604431,0.5979941312604431,0.5979941312604431,0.5979941312604431,0.5979941312604431,0.5979941312604431,0.5979941312604431,0.5485278398908471,0.5485278398908471,0.4414916533030797,0.4414916533030797,0.4414916533030797,0.4414916533030797,0.4414916533030797,0.4414916533030797,0.4414916533030797,0.4414916533030797,-0.797640857572655,-0.797640857572655,-0.797640857572655,-0.797640857572655,-0.901855017471593,-0.901855017471593,-0.901855017471593,-0.901855017471593,-0.901855017471593,-0.901855017471593,-0.901855017471593,-0.901855017471593,-0.901855017471593,-0.901855017471593,-0.901855017471593,-0.901855017471593,-0.901855017471593,-0.901855017471593,-0.901855017471593,-0.901855017471593,-0.901855017471593,-0.901855017471593,-0.901855017471593,-0.901855017471593,-0.901855017471593,-0.901855017471593,-0.901855017471593,-0.901855017471593,-0.797640857572655,-0.797640857572655,-0.797640857572655,-0.797640857572655,-0.797640857572655,-0.797640857572655,-0.797640857572655,-0.797640857572655,-0.797640857572655,-0.797640857572655,-0.6173030170247277,-0.6173030170247277,-0.6173030170247277,-0.6173030170247277,-0.6173030170247277,-0.6173030170247277,-0.6173030170247277,-0.797640857572655,-1.0183565364195493,-1.0183565364195493,-1.0183565364195493,-1.0183565364195493,-0.7033676826920172,-0.4648295453855011,-0.4648295453855011,-0.4648295453855011,-0.538131199345661,-0.797640857572655,0.0
1.0,-1.0,-1.0,-1.0,-1.0,-1.0,-1.0,-1.0,-1.0,-1.0,-1.0,-1.0,-1.0,-1.0,-1.0,-1.0,-1.0,-1.0,-1.0,-1.0,-1.0,-1.0,-1.0,-1.0,-1.0,-1.0,-1.0,-1.0,-1.0,-1.0,-1.0,-1.0,-1.0,-1.0,-1.0,-1.0,-1.0,-1.0,-1.0,-1.0,-1.0,-1.0,-1.0,-1.0,-1.0,-1.0,-1.0,-1.0,-1.0,-1.0,-1.0,-1.0,-1.0,-1.0,-1.0,-1.0,-1.0,-1.0,-1.0,-1.0,-1.0,-1.0,-1.0,-1.0,-1.0,-1.0,-1.0,-1.0,-1.0,-1.0,-1.0,-1.0,-1.0,-1.0,-1.0,-1.0,1.0,1.0,-1.0,-1.0,-1.0,-1.0,-1.0,-1.0,-1.0,-1.0,-1.0,-1.0,-1.0,-1.0,-1.0,-1.0,-1.0,-1.0,-1.0,-1.0,-1.0,-1.0,-1.0,-1.0,-1.0,-1.0,-1.0,-1.0,-1.0,-1.0,-1.0,-1.0,-1.0,-1.0,-1.0,-1.0,-1.0,-1.0,-1.0,-1.0,-1.0,-1.0,-1.0,-1.0,-1.0,-1.0,-1.0,-1.0,-1.0,-1.0,-1.0,-1.0,-1.0,-1.0,-1.0,-1.0,-1.0,-1.0,-1.0,-1.0,-1.0,-1.0,-1.0,-1.0,-1.0,-1.0,-1.0,-1.0,-1.0,-1.0,-1.0,-1.0,-1.0,-1.0,-1.0,-1.0,-1.0,-1.0,-1.0,-1.0,-1.0,-1.0,-1.0,-1.0,-1.0,-1.0,-1.0,-1.0,-1.0,-1.0,-1.0,-1.0,-1.0,-1.0,-1.0,-1.0,-1.0,-1.0,-1.0,-1.0,-1.0,-1.0,-1.0,-1.0,-1.0,-1.0,-1.0,-1.0,-1.0,-1.0,-1.0,-1.0,-1.0,-1.0,-1.0,-1.0,-1.0,-1.0,-1.0,-1.0,-1.0,-1.0,-1.0,-1.0,-1.0,-1.0,-1.0,-1.0,-1.0,-1.0,-1.0,-1.0,-1.0,-1.0,-1.0,-1.0,-1.0,-1.0,-1.0,-1.0,-1.0,-1.0,-1.0,-1.0,-1.0,-1.0,-1.0,-1.0,-1.0,-1.0,-1.0,-1.0,-1.0,-1.0,-1.0,-1.0,-1.0,-1.0,-1.0,-1.0,-1.0,-1.0,-1.0,-1.0,-1.0,-1.0,-1.0,-1.0,-1.0,-1.0,-1.0,-1.0,-1.0,-1.0,-1.0,-1.0,-1.0,-1.0,-1.0,-1.0,-1.0,-1.0,-1.0,-1.0,-1.0,-1.0,-1.0,-1.0,-1.0,-1.0,-1.0,-1.0,-1.0,-1.0,-1.0,-1.0,-1.0,-1.0,-1.0,-1.0,-1.0,-1.0,-1.0,-1.0,-1.0,-1.0,-1.0,-1.0,-1.0,-1.0,-1.0,-1.0,-1.0,-1.0,-1.0,-1.0,-1.0,-1.0,-1.0,-1.0,-1.0,-1.0,-1.0,-1.0,-1.0,-1.0,-1.0,-1.0,-1.0,-1.0,-1.0,-1.0,-1.0,-1.0,-1.0,-1.0,-1.0,-1.0,-1.0,-1.0,-1.0,-1.0,-1.0,-1.0,-1.0,-1.0,-1.0,-1.0,-1.0,-1.0,-1.0,-1.0,-1.0,-1.0,-1.0,-1.0,-1.0,-1.0,-1.0,-1.0,-1.0,-1.0,-1.0,-1.0,-1.0,-1.0,-1.0,-1.0,-1.0,-1.0,-1.0,-1.0,-1.0,-1.0,-1.0,-1.0,-1.0,-1.0,-1.0,-1.0,-1.0,-1.0,-1.0,-1.0,-1.0,-1.0,-1.0,-1.0,-1.0,-1.0,-1.0,-1.0,-1.0,-1.0,-1.0,-1.0,-1.0,-1.0,-1.0,-1.0,-1.0,-1.0,-1.0,-1.0,-1.0,-1.0,-1.0,-1.0,-1.0,-1.0,-1.0,-1.0,-1.0,-1.0,-1.0,0.0
-1.0,-1.0,-1.0,-1.0,-1.0,-1.0,-1.0,-1.0,-1.0,-1.0,-1.0,-1.0,-1.0,-1.0,-1.0,-1.0,-1.0,-1.0,-1.0,-1.0,-1.0,-1.0,-1.0,-1.0,-1.0,-1.0,-1.0,-1.0,-1.0,-1.0,-1.0,-1.0,-1.0,-1.0,-1.0,-1.0,-1.0,-1.0,-1.0,-1.0,-1.0,-1.0,-1.0,-1.0,-1.0,-1.0,-1.0,-1.0,-1.0,-1.0,-1.0,-1.0,-1.0,-1.0,-1.0,-1.0,-1.0,-1.0,-1.0,-1.0,-1.0,-1.0,-1.0,-1.0,-1.0,-1.0,-1.0,-1.0,-1.0,-1.0,-1.0,-1.0,-1.0,-1.0,-1.0,-1.0,-1.0,-1.0,-1.0,-1.0,-1.0,-1.0,-1.0,-1.0,-1.0,-1.0,-1.0,-1.0,-1.0,-1.0,-1.0,-1.0,-1.0,-1.0,-1.0,-1.0,-1.0,-1.0,-1.0,-1.0,-1.0,-1.0,-1.0,-1.0,-1.0,-1.0,-1.0,-1.0,-1.0,-1.0,-1.0,-1.0,-1.0,-1.0,-1.0,-1.0,-1.0,-1.0,-1.0,-1.0,-1.0,-1.0,-1.0,-1.0,-1.0,-1.0,-1.0,-1.0,-1.0,-1.0,-1.0,-1.0,-1.0,-1.0,-1.0,-1.0,-1.0,-1.0,-1.0,-1.0,-1.0,-1.0,-1.0,-1.0,-1.0,-1.0,-1.0,-1.0,-1.0,-1.0,-1.0,-1.0,-1.0,-1.0,-1.0,-1.0,-1.0,-1.0,-1.0,-1.0,-1.0,-1.0,-1.0,-1.0,-1.0,-1.0,-1.0,-1.0,-1.0,-1.0,-1.0,-1.0,-1.0,-1.0,-1.0,-1.0,-1.0,-1.0,-1.0,-1.0,-1.0,-1.0,-1.0,-1.0,-1.0,-1.0,-1.0,-1.0,-1.0,-1.0,-1.0,-1.0,-1.0,-1.0,-1.0,-1.0,-1.0,-1.0,-1.0,-1.0,-1.0,-1.0,-1.0,-1.0,-1.0,-1.0,-1.0,-1.0,-1.0,-1.0,-1.0,-1.0,-1.0,-1.0,-1.0,-1.0,-1.0,-1.0,-1.0,-1.0,-1.0,-1.0,-1.0,-1.0,-1.0,-1.0,-1.0,-1.0,-1.0,-1.0,-1.0,-1.0,-1.0,-1.0,-1.0,-1.0,-1.0,-1.0,-1.0,-1.0,-1.0,-1.0,-1.0,-1.0,-1.0,-1.0,-1.0,-1.0,-1.0,-1.0,-1.0,-1.0,-1.0,-1.0,-1.0,-1.0,-1.0,-1.0,-1.0,-1.0,-1.0,-1.0,-1.0,-1.0,-1.0,-1.0,-1.0,-1.0,-1.0,-1.0,-1.0,-1.0,-1.0,-1.0,-1.0,-1.0,-1.0,-1.0,-1.0,-1.0,-1.0,-1.0,-1.0,-1.0,-1.0,-1.0,-1.0,-1.0,-1.0,-1.0,-1.0,-1.0,-1.0,-1.0,-1.0,-1.0,-1.0,-1.0,-1.0,-1.0,-1.0,-1.0,-1.0,-1.0,-1.0,-1.0,-1.0,-1.0,-1.0,-1.0,-1.0,-1.0,-1.0,-1.0,-1.0,-1.0,-1.0,-1.0,-1.0,-1.0,-1.0,-1.0,-1.0,-1.0,-1.0,-1.0,-1.0,-1.0,-1.0,-1.0,-1.0,-1.0,-1.0,-1.0,-1.0,-1.0,-1.0,-1.0,-1.0,-1.0,-1.0,-1.0,-1.0,-1.0,-1.0,-1.0,-1.0,-1.0,-1.0,-1.0,-1.0,-1.0,-1.0,-1.0,-1.0,-1.0,-1.0,-1.0,-1.0,-1.0,-1.0,-1.0,-1.0,-1.0,-1.0,-1.0,-1.0,-1.0,-1.0,-1.0,-1.0,-1.0,-1.0,-1.0,-1.0,-1.0,-1.0,-1.0,-1.0,-1.0,-1.0,-1.0,-1.0,-1.0,-1.0,-1.0,-1.0,-1.0,-1.0,-1.0,-1.0,0.0
1.0,-1.0,-1.0,-1.0,-1.0,-1.0,-1.0,-1.0,-1.0,-1.0,-1.0,-1.0,-1.0,-1.0,-1.0,-1.0,-1.0,-1.0,-1.0,-1.0,-1.0,-1.0,-1.0,-1.0,-1.0,-1.0,-1.0,-1.0,-1.0,-1.0,-1.0,-1.0,-1.0,-1.0,-1.0,-1.0,-1.0,-1.0,-1.0,-1.0,-1.0,-1.0,-1.0,-1.0,-1.0,-1.0,-1.0,-1.0,-1.0,-1.0,-1.0,-1.0,-1.0,-1.0,-1.0,-1.0,-1.0,-1.0,-1.0,-1.0,-1.0,-1.0,-1.0,-1.0,-1.0,-1.0,-1.0,-1.0,-1.0,-1.0,-1.0,-1.0,-1.0,-1.0,-1.0,-1.0,-1.0,-1.0,-1.0,-1.0,-1.0,-1.0,-1.0,-1.0,-1.0,-1.0,-1.0,-1.0,-1.0,-1.0,-1.0,-1.0,-1.0,-1.0,-1.0,-1.0,-1.0,-1.0,-1.0,-1.0,-1.0,-1.0,-1.0,-1.0,-1.0,-1.0,-1.0,-1.0,-1.0,-1.0,-1.0,-1.0,-1.0,-1.0,-1.0,1.0,1.0,-1.0,-1.0,-1.0,-1.0,-1.0,1.0,1.0,1.0,1.0,1.0,1.0,1.0,1.0,1.0,1.0,1.0,1.0,1.0,1.0,1.0,1.0,1.0,1.0,1.0,1.0,1.0,1.0,1.0,1.0,1.0,1.0,1.0,1.0,1.0,1.0,1.0,1.0,-1.0,-1.0,-1.0,-1.0,-1.0,-1.0,-1.0,-1.0,-1.0,-1.0,1.0,-1.0,-1.0,-1.0,-1.0,-1.0,-1.0,-1.0,-1.0,-1.0,-1.0,-1.0,-1.0,-1.0,-1.0,-1.0,-1.0,1.0,-1.0,-1.0,-1.0,-1.0,-1.0,-1.0,-1.0,-1.0,-1.0,-1.0,-1.0,-1.0,-1.0,-1.0,-1.0,-1.0,-1.0,-1.0,-1.0,-1.0,-1.0,-1.0,-1.0,-1.0,-1.0,-1.0,-1.0,-1.0,-1.0,-1.0,-1.0,-1.0,-1.0,-1.0,-1.0,-1.0,-1.0,-1.0,-1.0,-1.0,-1.0,-1.0,-1.0,-1.0,-1.0,-1.0,-1.0,-1.0,-1.0,-1.0,-1.0,-1.0,-1.0,-1.0,-1.0,-1.0,-1.0,-1.0,-1.0,-1.0,-1.0,-1.0,-1.0,-1.0,-1.0,-1.0,-1.0,-1.0,-1.0,-1.0,-1.0,-1.0,-1.0,-1.0,-1.0,-1.0,-1.0,-1.0,-1.0,-1.0,-1.0,-1.0,-1.0,-1.0,-1.0,-1.0,-1.0,-1.0,-1.0,-1.0,-1.0,-1.0,-1.0,-1.0,-1.0,-1.0,-1.0,-1.0,-1.0,-1.0,-1.0,-1.0,-1.0,-1.0,-1.0,-1.0,-1.0,-1.0,-1.0,-1.0,-1.0,-1.0,-1.0,-1.0,-1.0,-1.0,-1.0,-1.0,-1.0,-1.0,-1.0,-1.0,-1.0,-1.0,-1.0,-1.0,-1.0,-1.0,-1.0,-1.0,-1.0,-1.0,-1.0,-1.0,-1.0,-1.0,-1.0,-1.0,-1.0,-1.0,-1.0,-1.0,-1.0,-1.0,-1.0,-1.0,-1.0,-1.0,-1.0,-1.0,-1.0,-1.0,-1.0,1.0,1.0,1.0,1.0,-1.0,-1.0,-1.0,-1.0,-1.0,-1.0,-1.0,-1.0,-1.0,-1.0,-1.0,-1.0,-1.0,-1.0,-1.0,-1.0,-1.0,-1.0,-1.0,-1.0,-1.0,-1.0,-1.0,-1.0,-1.0,-1.0,-1.0,-1.0,-1.0,-1.0,-1.0,-1.0,-1.0,-1.0,-1.0,-1.0,-1.0,-1.0,-1.0,-1.0,-1.0,-1.0,-1.0,-1.0,-1.0,-1.0,1.0,-1.0,-1.0,-1.0,-1.0,1.0,0.0
-1.0,-1.0,-1.0,-1.0,-1.0,-1.0,-1.0,-1.0,-1.0,-1.0,-1.0,-1.0,-1.0,-1.0,-1.0,-1.0,-1.0,-1.0,-1.0,-1.0,-1.0,-1.0,-1.0,-1.0,-1.0,-1.0,-1.0,-1.0,-1.0,-1.0,-1.0,-1.0,-1.0,-1.0,-1.0,-1.0,-1.0,-1.0,-1.0,-1.0,-1.0,-1.0,-1.0,-1.0,-1.0,-1.0,-1.0,-1.0,-1.0,-1.0,-1.0,-1.0,-1.0,-1.0,-1.0,-1.0,-1.0,-1.0,-1.0,-1.0,-1.0,-1.0,-1.0,-1.0,-1.0,-1.0,-1.0,-1.0,-1.0,-1.0,-1.0,-1.0,-1.0,-1.0,-1.0,-1.0,-1.0,-1.0,-1.0,-1.0,-1.0,-1.0,-1.0,-1.0,-1.0,-1.0,-1.0,-1.0,-1.0,-1.0,-1.0,-1.0,-1.0,-1.0,-1.0,-1.0,-1.0,-1.0,-1.0,-1.0,-1.0,-1.0,-1.0,-1.0,-1.0,-1.0,-1.0,-1.0,-1.0,-1.0,-1.0,-1.0,-1.0,-1.0,-1.0,-1.0,-1.0,-1.0,-1.0,-1.0,-1.0,-1.0,-1.0,-1.0,-1.0,-1.0,-1.0,-1.0,-1.0,-1.0,-1.0,-1.0,-1.0,-1.0,-1.0,-1.0,-1.0,-1.0,-1.0,-1.0,-1.0,-1.0,-1.0,-1.0,-1.0,-1.0,-1.0,-1.0,-1.0,-1.0,-1.0,-1.0,-1.0,-1.0,-1.0,-1.0,-1.0,-1.0,-1.0,-1.0,-1.0,-1.0,-1.0,-1.0,-1.0,-1.0,-1.0,-1.0,-1.0,-1.0,-1.0,-1.0,-1.0,-1.0,-1.0,-1.0,-1.0,-1.0,-1.0,-1.0,-1.0,-1.0,-1.0,-1.0,-1.0,-1.0,-1.0,-1.0,-1.0,-1.0,-1.0,-1.0,-1.0,-1.0,-1.0,-1.0,-1.0,-1.0,-1.0,-1.0,-1.0,-1.0,-1.0,-1.0,-1.0,-1.0,-1.0,-1.0,-1.0,-1.0,-1.0,-1.0,-1.0,-1.0,-1.0,-1.0,-1.0,-1.0,-1.0,-1.0,-1.0,-1.0,-1.0,-1.0,-1.0,-1.0,-1.0,-1.0,-1.0,-1.0,-1.0,-1.0,-1.0,-1.0,-1.0,-1.0,-1.0,-1.0,-1.0,-1.0,-1.0,-1.0,-1.0,-1.0,-1.0,-1.0,-1.0,-1.0,-1.0,-1.0,-1.0,-1.0,-1.0,-1.0,-1.0,-1.0,-1.0,-1.0,-1.0,-1.0,-1.0,-1.0,-1.0,-1.0,-1.0,-1.0,-1.0,-1.0,-1.0,-1.0,-1.0,-1.0,-1.0,-1.0,-1.0,-1.0,-1.0,-1.0,-1.0,-1.0,-1.0,-1.0,-1.0,-1.0,-1.0,-1.0,-1.0,-1.0,-1.0,-1.0,-1.0,-1.0,-1.0,-1.0,-1.0,-1.0,-1.0,-1.0,-1.0,-1.0,-1.0,-1.0,-1.0,-1.0,-1.0,-1.0,-1.0,-1.0,-1.0,-1.0,-1.0,-1.0,-1.0,-1.0,-1.0,-1.0,-1.0,-1.0,-1.0,-1.0,-1.0,-1.0,-1.0,-1.0,-1.0,-1.0,-1.0,-1.0,-1.0,-1.0,-1.0,-1.0,-1.0,-1.0,-1.0,-1.0,-1.0,-1.0,-1.0,-1.0,-1.0,-1.0,-1.0,-1.0,-1.0,-1.0,-1.0,-1.0,-1.0,-1.0,-1.0,-1.0,-1.0,-1.0,-1.0,-1.0,-1.0,-1.0,-1.0,-1.0,-1.0,-1.0,-1.0,-1.0,-1.0,-1.0,-1.0,-1.0,-1.0,-1.0,-1.0,-1.0,-1.0,-1.0,-1.0,-1.0,-1.0,-1.0,-1.0,-1.0,-1.0,-1.0,-1.0,-1.0,-1.0,-1.0,-1.0,-1.0,-1.0,-1.0,-1.0,0.0
-1.0,-1.0,-1.0,-1.0,-1.0,-1.0,-1.0,-1.0,-1.0,-1.0,-1.0,-1.0,-1.0,-1.0,-1.0,-1.0,-1.0,-1.0,-1.0,-1.0,-1.0,-1.0,-1.0,-1.0,-1.0,-1.0,-1.0,-1.0,-1.0,-1.0,-1.0,-1.0,-1.0,-1.0,-1.0,-1.0,-1.0,-1.0,-1.0,-1.0,-1.0,-1.0,-1.0,-1.0,-1.0,-1.0,-1.0,-1.0,-1.0,-1.0,-1.0,-1.0,-1.0,-1.0,-1.0,-1.0,-1.0,-1.0,-1.0,-1.0,-1.0,-1.0,-1.0,-1.0,-1.0,-1.0,-1.0,-1.0,-1.0,-1.0,-1.0,-1.0,-1.0,-1.0,-1.0,-1.0,-1.0,-1.0,-1.0,-1.0,-1.0,-1.0,-1.0,-1.0,-1.0,-1.0,-1.0,-1.0,-1.0,-1.0,-1.0,-1.0,-1.0,-1.0,-1.0,-1.0,-1.0,-1.0,-1.0,-1.0,-1.0,-1.0,-1.0,-1.0,-1.0,-1.0,-1.0,-1.0,-1.0,-1.0,-1.0,-1.0,-1.0,-1.0,-1.0,-1.0,-1.0,-1.0,-1.0,-1.0,-1.0,-1.0,-1.0,-1.0,-1.0,-1.0,-1.0,-1.0,-1.0,-1.0,-1.0,-1.0,-1.0,-1.0,-1.0,-1.0,-1.0,-1.0,-1.0,-1.0,-1.0,-1.0,-1.0,-1.0,-1.0,-1.0,-1.0,-1.0,-1.0,-1.0,-1.0,-1.0,-1.0,-1.0,-1.0,-1.0,-1.0,-1.0,-1.0,-1.0,-1.0,-1.0,-1.0,-1.0,-1.0,-1.0,-1.0,-1.0,-1.0,-1.0,-1.0,-1.0,-1.0,-1.0,-1.0,-1.0,-1.0,-1.0,-1.0,-1.0,-1.0,-1.0,-1.0,-1.0,-1.0,-1.0,-1.0,-1.0,-1.0,-1.0,-1.0,-1.0,-1.0,-1.0,-1.0,-1.0,-1.0,-1.0,-1.0,-1.0,-1.0,-1.0,-1.0,-1.0,-1.0,-1.0,-1.0,-1.0,-1.0,-1.0,-1.0,-1.0,-1.0,-1.0,-1.0,-1.0,-1.0,-1.0,-1.0,-1.0,-1.0,-1.0,-1.0,-1.0,-1.0,-1.0,-1.0,-1.0,-1.0,-1.0,-1.0,-1.0,-1.0,-1.0,-1.0,-1.0,-1.0,-1.0,-1.0,-1.0,-1.0,-1.0,-1.0,-1.0,-1.0,-1.0,-1.0,-1.0,-1.0,-1.0,-1.0,-1.0,-1.0,-1.0,-1.0,-1.0,-1.0,-1.0,-1.0,-1.0,-1.0,-1.0,-1.0,-1.0,-1.0,-1.0,-1.0,-1.0,-1.0,-1.0,-1.0,-1.0,-1.0,-1.0,-1.0,-1.0,-1.0,-1.0,-1.0,-1.0,-1.0,-1.0,-1.0,-1.0,-1.0,-1.0,-1.0,-1.0,-1.0,-1.0,-1.0,-1.0,-1.0,-1.0,-1.0,-1.0,-1.0,-1.0,-1.0,-1.0,-1.0,-1.0,-1.0,-1.0,-1.0,-1.0,-1.0,-1.0,-1.0,-1.0,-1.0,-1.0,-1.0,-1.0,-1.0,-1.0,-1.0,-1.0,-1.0,-1.0,-1.0,-1.0,-1.0,-1.0,-1.0,-1.0,-1.0,-1.0,-1.0,-1.0,-1.0,-1.0,-1.0,-1.0,-1.0,-1.0,-1.0,-1.0,-1.0,-1.0,-1.0,-1.0,-1.0,-1.0,-1.0,-1.0,-1.0,-1.0,-1.0,-1.0,-1.0,-1.0,-1.0,-1.0,-1.0,-1.0,-1.0,-1.0,-1.0,-1.0,-1.0,-1.0,-1.0,-1.0,-1.0,-1.0,-1.0,-1.0,-1.0,-1.0,-1.0,-1.0,-1.0,-1.0,-1.0,-1.0,-1.0,-1.0,-1.0,-1.0,-1.0,-1.0,-1.0,-1.0,-1.0,-1.0,-1.0,-1.0,-1.0,-1.0,-1.0,0.0
1.0,-1.0,-1.0,-1.0,-1.0,-1.0,-1.0,-1.0,-1.0,-1.0,-1.0,-1.0,-1.0,-1.0,-1.0,-1.0,-1.0,-1.0,-1.0,-1.0,-1.0,-1.0,-1.0,-1.0,-1.0,-1.0,-1.0,-1.0,-1.0,-1.0,-1.0,-1.0,-1.0,-1.0,-1.0,-1.0,-1.0,-1.0,-1.0,-1.0,-1.0,-1.0,-1.0,-1.0,-1.0,-1.0,-1.0,-1.0,-1.0,-1.0,-1.0,-1.0,-1.0,-1.0,-1.0,-1.0,-1.0,-1.0,-1.0,-1.0,-1.0,-1.0,-1.0,-1.0,-1.0,-1.0,1.0,1.0,1.0,-1.0,-1.0,-1.0,-1.0,-1.0,-1.0,1.0,1.0,1.0,1.0,1.0,1.0,1.0,1.0,1.0,1.0,1.0,1.0,1.0,1.0,-1.0,-1.0,-1.0,-1.0,1.0,1.0,1.0,1.0,1.0,1.0,1.0,1.0,1.0,1.0,1.0,1.0,1.0,1.0,1.0,1.0,1.0,1.0,1.0,1.0,1.0,1.0,1.0,1.0,1.0,1.0,-1.0,-1.0,1.0,1.0,1.0,1.0,1.0,1.0,1.0,1.0,1.0,1.0,1.0,1.0,1.0,1.0,1.0,1.0,1.0,1.0,1.0,1.0,1.0,1.0,1.0,1.0,1.0,1.0,1.0,1.0,1.0,1.0,1.0,1.0,1.0,-1.0,-1.0,-1.0,-1.0,-1.0,-1.0,-1.0,-1.0,-1.0,-1.0,1.0,1.0,1.0,1.0,-1.0,-1.0,-1.0,-1.0,-1.0,-1.0,-1.0,-1.0,1.0,1.0,1.0,1.0,1.0,1.0,1.0,-1.0,-1.0,1.0,1.0,1.0,1.0,1.0,1.0,-1.0,-1.0,1.0,1.0,1.0,1.0,1.0,1.0,-1.0,-1.0,-1.0,1.0,-1.0,-1.0,-1.0,-1.0,-1.0,-1.0,-1.0,-1.0,-1.0,-1.0,1.0,-1.0,-1.0,-1.0,-1.0,-1.0,-1.0,-1.0,1.0,1.0,-1.0,-1.0,1.0,1.0,-1.0,-1.0,1.0,1.0,-1.0,-1.0,-1.0,-1.0,1.0,1.0,-1.0,-1.0,-1.0,-1.0,1.0,1.0,-1.0,-1.0,-1.0,-1.0,1.0,1.0,-1.0,-1.0,-1.0,-1.0,1.0,1.0,1.0,1.0,1.0,1.0,1.0,1.0,1.0,1.0,1.0,1.0,1.0,1.0,1.0,1.0,1.0,1.0,1.0,1.0,1.0,1.0,1.0,1.0,-1.0,-1.0,1.0,1.0,1.0,1.0,1.0,1.0,-1.0,-1.0,1.0,1.0,1.0,1.0,1.0,1.0,-1.0,-1.0,-1.0,1.0,-1.0,-1.0,-1.0,-1.0,-1.0,-1.0,-1.0,1.0,-1.0,-1.0,-1.0,-1.0,1.0,1.0,1.0,1.0,1.0,1.0,1.0,1.0,1.0,1.0,1.0,1.0,1.0,1.0,1.0,1.0,1.0,1.0,-1.0,-1.0,-1.0,-1.0,-1.0,-1.0,-1.0,-1.0,1.0,1.0,1.0,1.0,-1.0,-1.0,-1.0,-1.0,-1.0,-1.0,-1.0,-1.0,-1.0,-1.0,-1.0,-1.0,-1.0,-1.0,-1.0,-1.0,-1.0,-1.0,-1.0,-1.0,-1.0,-1.0,-1.0,-1.0,-1.0,-1.0,-1.0,-1.0,-1.0,-1.0,-1.0,-1.0,-1.0,-1.0,-1.0,-1.0,-1.0,-1.0,-1.0,-1.0,-1.0,-1.0,-1.0,-1.0,-1.0,-1.0,1.0,-1.0,-1.0,-1.0,-1.0,1.0,0.0
-0.08938763721498104,1.2735172784878372,1.337810426714739,1.337810426714739,1.337810426714739,1.337810426714739,1.337810426714739,1.337810426714739,1.337810426714739,1.337810426714739,1.337810426714739,1.337810426714739,1.337810426714739,1.337810426714739,1.2735172784878372,1.337810426714739,1.337810426714739,1.337810426714739,1.337810426714739,1.337810426714739,1.337810426714739,1.337810426714739,1.337810426714739,1.337810426714739,1.337810426714739,1.2735172784878372,1.337810426714739,1.337810426714739,1.337810426714739,1.337810426714739,1.337810426714739,1.337810426714739,1.337810426714739,1.2735172784878372,1.0529035345719981,1.0529035345719981,1.0529035345719981,1.0529035345719981,1.0529035345719981,1.0529035345719981,1.0529035345719981,1.0529035345719981,1.2735172784878372,1.337810426714739,1.337810426714739,1.337810426714739,1.337810426714739,1.337810426714739,1.337810426714739,1.337810426714739,1.337810426714739,1.337810426714739,1.337810426714739,1.2735172784878372,1.2224909703712485,1.2224909703712485,1.2224909703712485,1.2224909703712485,1.2224909703712485,1.2224909703712485,1.2224909703712485,1.2224909703712485,1.2224909703712485,1.2224909703712485,1.2224909703712485,1.2224909703712485,0.9829048584852041,0.9829048584852041,0.9829048584852041,1.337810426714739,1.337810426714739,1.337810426714739,1.337810426714739,1.337810426714739,1.337810426714739,0.9829048584852041,0.12695613510809048,0.12695613510809048,0.9829048584852041,0.8255259187273107,0.8255259187273107,0.8255259187273107,0.8255259187273107,0.8255259187273107,0.8255259187273107,0.8255259187273107,0.8255259187273107,0.8255259187273107,0.8255259187273107,0.4296697080097526,0.4296697080097526,0.4296697080097526,0.4296697080097526,0.8255259187273107,0.8255259187273107,0.8255259187273107,0.8255259187273107,0.8255259187273107,0.8255259187273107,0.8255259187273107,0.8255259187273107,0.8255259187273107,0.8255259187273107,0.8255259187273107,0.8255259187273107,0.8255259187273107,0.8255259187273107,0.8255259187273107,0.8255259187273107,0.8255259187273107,0.8255259187273107,0.8255259187273107,0.8255259187273107,0.8172562452763668,0.8172562452763668,-0.5924337675523301,-0.5924337675523301,0.6255431963578871,0.6255431963578871,1.1176551009680757,1.1176551009680757,0.8113520390596746,-0.5924337675523301,-0.6862659209073917,-0.6862659209073917,-0.6862659209073917,-0.5924337675523301,-0.6862659209073917,-0.6862659209073917,-0.6862659209073917,-0.6862659209073917,-0.5924337675523301,-0.5924337675523301,-0.5924337675523301,-0.5924337675523301,-0.5924337675523301,-0.5924337675523301,-0.5924337675523301,-0.5924337675523301,-0.5924337675523301,-0.5924337675523301,-0.5924337675523301,-0.5924337675523301,-0.5924337675523301,-0.5924337675523301,-0.5924337675523301,-0.5924337675523301,-0.5924337675523301,-0.5924337675523301,-0.5924337675523301,-0.5924337675523301,-0.6862659209073917,-0.6862659209073917,-0.6862659209073917,0.8300328205571121,0.8300328205571121,0.8367672715671605,0.8367672715671605,0.8367672715671605,0.8367672715671605,0.8367672715671605,0.8367672715671605,0.8367672715671605,0.8367672715671605,-0.5924337675523301,0.46965074594016076,0.46965074594016076,0.46965074594016076,0.991852057684268,0.991852057684268,0.991852057684268,0.991852057684268,0.7996529637784509,0.7996529637784509,0.7996529637784509,0.7996529637784509,0.32876518370919866,0.32876518370919866,0.32876518370919866,0.32876518370919866,0.7323832809114148,-0.5924337675523301,-0.08370168365798843,1.337810426714739,1.337810426714739,-0.2064675104067838,-0.12233739551680782,-0.2064675104067838,-0.2064675104067838,-0.2064675104067838,-0.2064675104067838,1.337810426714739,1.337810426714739,-0.2064675104067838,-0.12233739551680782,-0.2064675104067838,-0.2064675104067838,-0.2064675104067838,-0.2064675104067838,1.337810426714739,1.337810426714739,-0.22137181179245233,-0.12233739551680782,-0.22137181179245233,-0.22137181179245233,-0.22137181179245233,-0.22137181179245233,-0.22137181179245233,-0.22137181179245233,-0.22137181179245233,1.337810426714739,1.337810426714739,-0.22137181179245233,-0.12233739551680782,-0.22137181179245233,-0.22137181179245233,-0.22137181179245233,-0.22137181179245233,-0.22137181179245233,-0.22137181179245233,-0.22137181179245233,-0.12233739551680782,-0.12233739551680782,0.2134457273657082,0.2134457273657082,-0.12233739551680782,-0.12233739551680782,0.2134457273657082,0.2134457273657082,-0.12233739551680782,-0.12233739551680782,-0.18819772161144827,-0.18819772161144827,-0.18819772161144827,-0.18819772161144827,-0.12233739551680782,-0.12233739551680782,-0.18819772161144827,-0.18819772161144827,-0.18819772161144827,-0.18819772161144827,-0.12233739551680782,-0.12233739551680782,-0.03667282321713225,-0.03667282321713225,-0.03667282321713225,-0.03667282321713225,-0.12233739551680782,-0.12233739551680782,-0.03667282321713225,-0.03667282321713225,-0.03667282321713225,-0.03667282321713225,-0.12233739551680782,-0.12233739551680782,0.16256949662593295,0.16256949662593295,0.16256949662593295,0.16256949662593295,-0.12233739551680782,-0.12233739551680782,0.16256949662593295,0.16256949662593295,0.16256949662593295,0.16256949662593295,-0.12233739551680782,-0.12233739551680782,-0.1210501655824279,-0.1210501655824279,-0.1210501655824279,-0.1210501655824279,-0.12233739551680782,-0.12233739551680782,-0.1210501655824279,-0.1210501655824279,-0.1210501655824279,-0.1210501655824279,1.337810426714739,1.337810426714739,-0.299401009823828,-0.12233739551680782,-0.299401009823828,-0.299401009823828,-0.299401009823828,-0.299401009823828,1.337810426714739,1.337810426714739,-0.299401009823828,-0.12233739551680782,-0.299401009823828,-0.299401009823828,-0.299401009823828,-0.299401009823828,1.337810426714739,1.337810426714739,-0.22917748007033553,-0.12233739551680782,-0.22917748007033553,-0.22917748007033553,-0.22917748007033553,-0.22917748007033553,1.337810426714739,1.337810426714739,-0.22917748007033553,-0.12233739551680782,-0.22917748007033553,-0.22917748007033553,-0.22917748007033553,-0.22917748007033553,-0.12233739551680782,-0.08867545106843604,-0.08867545106843604,-0.08867545106843604,-0.08867545106843604,-0.08867545106843604,-0.08867545106843604,-0.08867545106843604,-0.12233739551680782,-0.08867545106843604,-0.08867545106843604,-0.08867545106843604,-0.08867545106843604,-0.08867545106843604,-0.08867545106843604,-0.08867545106843604,-0.08370168365798843,-0.08370168365798843,0.8740789958866608,0.8740789958866608,0.8740789958866608,0.8740789958866608,0.8740789958866608,0.8740789958866608,0.8740789958866608,0.8740789958866608,1.1953569806433686,1.1953569806433686,0.8534687100720798,0.8534687100720798,1.337810426714739,1.337810426714739,1.337810426714739,1.337810426714739,1.337810426714739,1.337810426714739,1.337810426714739,1.337810426714739,1.337810426714739,1.337810426714739,1.337810426714739,1.337810426714739,1.337810426714739,1.337810426714739,1.337810426714739,1.337810426714739,1.337810426714739,1.337810426714739,1.337810426714739,1.337810426714739,1.337810426714739,1.337810426714739,1.337810426714739,1.337810426714739,1.0956395683934095,1.0529035345719981,1.0529035345719981,1.0529035345719981,1.0529035345719981,1.0529035345719981,1.0529035345719981,1.0529035345719981,1.0529035345719981,1.0956395683934095,1.186453640263908,1.186453640263908,1.186453640263908,1.186453640263908,1.186453640263908,1.186453640263908,1.186453640263908,1.0956395683934095,0.991852057684268,0.991852057684268,0.991852057684268,0.991852057684268,1.1253798492398883,1.337810426714739,1.337810426714739,1.337810426714739,1.337810426714739,1.2129800873738472,0.0
-0.4665161041769385,1.3307964073271479,1.4516825767754173,1.4516825767754173,1.4516825767754173,1.4516825767754173,1.4516825767754173,1.4516825767754173,1.4516825767754173,1.4516825767754173,1.4516825767754173,1.4516825767754173,1.4516825767754173,1.4516825767754173,1.3307964073271479,1.4516825767754173,1.4516825767754173,1.4516825767754173,1.4516825767754173,1.4516825767754173,1.4516825767754173,1.4516825767754173,1.4516825767754173,1.4516825767754173,1.4516825767754173,1.3307964073271479,1.4516825767754173,1.4516825767754173,1.4516825767754173,1.4516825767754173,1.4516825767754173,1.4516825767754173,1.4516825767754173,1.3307964073271479,0.940719501939573,0.940719501939573,0.940719501939573,0.940719501939573,0.940719501939573,0.940719501939573,0.940719501939573,0.940719501939573,1.3307964073271479,1.4516825767754173,1.4516825767754173,1.4516825767754173,1.4516825767754173,1.4516825767754173,1.4516825767754173,1.4516825767754173,1.4516825767754173,1.4516825767754173,1.4516825767754173,1.3307964073271479,1.2371700529046012,1.2371700529046012,1.2371700529046012,1.2371700529046012,1.2371700529046012,1.2371700529046012,1.2371700529046012,1.2371700529046012,1.2371700529046012,1.2371700529046012,1.2371700529046012,1.2371700529046012,0.824955023623329,0.824955023623329,0.824955023623329,1.4516825767754173,1.4516825767754173,1.4516825767754173,1.4516825767754173,1.4516825767754173,1.4516825767754173,0.824955023623329,-0.2788056493287897,-0.2788056493287897,0.824955023623329,0.57875878224652,0.57875878224652,0.57875878224652,0.57875878224652,0.57875878224652,0.57875878224652,0.57875878224652,0.57875878224652,0.57875878224652,0.57875878224652,0.045660893065749136,0.045660893065749136,0.045660893065749136,0.045660893065749136,0.57875878224652,0.57875878224652,0.57875878224652,0.57875878224652,0.57875878224652,0.57875878224652,0.57875878224652,0.57875878224652,0.57875878224652,0.57875878224652,0.57875878224652,0.57875878224652,0.57875878224652,0.57875878224652,0.57875878224652,0.57875878224652,0.57875878224652,0.57875878224652,0.57875878224652,0.57875878224652,0.566361031688419,0.566361031688419,-0.7606079018077916,-0.7606079018077916,0.29403186035045786,0.29403186035045786,1.0512390203215511,1.0512390203215511,0.5575424725501814,-0.7606079018077916,-0.7934298433646363,-0.7934298433646363,-0.7934298433646363,-0.7606079018077916,-0.7934298433646363,-0.7934298433646363,-0.7934298433646363,-0.7934298433646363,-0.7606079018077916,-0.7606079018077916,-0.7606079018077916,-0.7606079018077916,-0.7606079018077916,-0.7606079018077916,-0.7606079018077916,-0.7606079018077916,-0.7606079018077916,-0.7606079018077916,-0.7606079018077916,-0.7606079018077916,-0.7606079018077916,-0.7606079018077916,-0.7606079018077916,-0.7606079018077916,-0.7606079018077916,-0.7606079018077916,-0.7606079018077916,-0.7606079018077916,-0.7934298433646363,-0.7934298433646363,-0.7934298433646363,0.5855381056452159,0.5855381056452159,0.5956979132090084,0.5956979132090084,0.5956979132090084,0.5956979132090084,0.5956979132090084,0.5956979132090084,0.5956979132090084,0.5956979132090084,-0.7606079018077916,0.0939054139652812,0.0939054139652812,0.0939054139652812,0.8395370818269903,0.8395370818269903,0.8395370818269903,0.8395370818269903,0.5401496840127076,0.5401496840127076,0.5401496840127076,0.5401496840127076,-0.07050614063106092,-0.07050614063106092,-0.07050614063106092,-0.07050614063106092,0.4422311115479633,-0.7606079018077916,-0.4620539349028767,1.4516825767754173,1.4516825767754173,-0.552742068794001,-0.4918732596363147,-0.552742068794001,-0.552742068794001,-0.552742068794001,-0.552742068794001,1.4516825767754173,1.4516825767754173,-0.552742068794001,-0.4918732596363147,-0.552742068794001,-0.552742068794001,-0.552742068794001,-0.552742068794001,1.4516825767754173,1.4516825767754173,-0.5629447369326894,-0.4918732596363147,-0.5629447369326894,-0.5629447369326894,-0.5629447369326894,-0.5629447369326894,-0.5629447369326894,-0.5629447369326894,-0.5629447369326894,1.4516825767754173,1.4516825767754173,-0.5629447369326894,-0.4918732596363147,-0.5629447369326894,-0.5629447369326894,-0.5629447369326894,-0.5629447369326894,-0.5629447369326894,-0.5629447369326894,-0.5629447369326894,-0.4918732596363147,-0.4918732596363147,-0.19345844089848024,-0.19345844089848024,-0.4918732596363147,-0.4918732596363147,-0.19345844089848024,-0.19345844089848024,-0.4918732596363147,-0.4918732596363147,-0.5399971230004887,-0.5399971230004887,-0.5399971230004887,-0.5399971230004887,-0.4918732596363147,-0.4918732596363147,-0.5399971230004887,-0.5399971230004887,-0.5399971230004887,-0.5399971230004887,-0.4918732596363147,-0.4918732596363147,-0.42417171653257624,-0.42417171653257624,-0.42417171653257624,-0.42417171653257624,-0.4918732596363147,-0.4918732596363147,-0.42417171653257624,-0.42417171653257624,-0.42417171653257624,-0.42417171653257624,-0.4918732596363147,-0.4918732596363147,-0.2443755202627027,-0.2443755202627027,-0.2443755202627027,-0.2443755202627027,-0.4918732596363147,-0.4918732596363147,-0.2443755202627027,-0.2443755202627027,-0.2443755202627027,-0.2443755202627027,-0.4918732596363147,-0.4918732596363147,-0.4908986805728966,-0.4908986805728966,-0.4908986805728966,-0.4908986805728966,-0.4918732596363147,-0.4918732596363147,-0.4908986805728966,-0.4908986805728966,-0.4908986805728966,-0.4908986805728966,1.4516825767754173,1.4516825767754173,-0.6135063080178598,-0.4918732596363147,-0.6135063080178598,-0.6135063080178598,-0.6135063080178598,-0.6135063080178598,1.4516825767754173,1.4516825767754173,-0.6135063080178598,-0.4918732596363147,-0.6135063080178598,-0.6135063080178598,-0.6135063080178598,-0.6135063080178598,1.4516825767754173,1.4516825767754173,-0.5682183284350296,-0.4918732596363147,-0.5682183284350296,-0.5682183284350296,-0.5682183284350296,-0.5682183284350296,1.4516825767754173,1.4516825767754173,-0.5682183284350296,-0.4918732596363147,-0.5682183284350296,-0.5682183284350296,-0.5682183284350296,-0.5682183284350296,-0.4918732596363147,-0.46595859503055836,-0.46595859503055836,-0.46595859503055836,-0.46595859503055836,-0.46595859503055836,-0.46595859503055836,-0.46595859503055836,-0.4918732596363147,-0.46595859503055836,-0.46595859503055836,-0.46595859503055836,-0.46595859503055836,-0.46595859503055836,-0.46595859503055836,-0.46595859503055836,-0.4620539349028767,-0.4620539349028767,0.6526341428115009,0.6526341428115009,0.6526341428115009,0.6526341428115009,0.6526341428115009,0.6526341428115009,0.6526341428115009,0.6526341428115009,1.1882172413131853,1.1882172413131853,0.6210482282453983,0.6210482282453983,1.4516825767754173,1.4516825767754173,1.4516825767754173,1.4516825767754173,1.4516825767754173,1.4516825767754173,1.4516825767754173,1.4516825767754173,1.4516825767754173,1.4516825767754173,1.4516825767754173,1.4516825767754173,1.4516825767754173,1.4516825767754173,1.4516825767754173,1.4516825767754173,1.4516825767754173,1.4516825767754173,1.4516825767754173,1.4516825767754173,1.4516825767754173,1.4516825767754173,1.4516825767754173,1.4516825767754173,1.0132922261623518,0.940719501939573,0.940719501939573,0.940719501939573,0.940719501939573,0.940719501939573,0.940719501939573,0.940719501939573,0.940719501939573,1.0132922261623518,1.1722808319356757,1.1722808319356757,1.1722808319356757,1.1722808319356757,1.1722808319356757,1.1722808319356757,1.1722808319356757,1.0132922261623518,0.8395370818269903,0.8395370818269903,0.8395370818269903,0.8395370818269903,1.0646440692441594,1.4516825767754173,1.4516825767754173,1.4516825767754173,1.4516825767754173,1.219945392707897,0.0
-0.616626250237799,1.3205163440186882,1.4965912411460476,1.4965912411460476,1.4965912411460476,1.4965912411460476,1.4965912411460476,1.4965912411460476,1.4965912411460476,1.4965912411460476,1.4965912411460476,1.4965912411460476,1.4965912411460476,1.4965912411460476,1.3205163440186882,1.4965912411460476,1.4965912411460476,1.4965912411460476,1.4965912411460476,1.4965912411460476,1.4965912411460476,1.4965912411460476,1.4965912411460476,1.4965912411460476,1.4965912411460476,1.3205163440186882,1.4965912411460476,1.4965912411460476,1.4965912411460476,1.4965912411460476,1.4965912411460476,1.4965912411460476,1.4965912411460476,1.3205163440186882,0.7858297300370047,0.7858297300370047,0.7858297300370047,0.7858297300370047,0.7858297300370047,0.7858297300370047,0.7858297300370047,0.7858297300370047,1.3205163440186882,1.4965912411460476,1.4965912411460476,1.4965912411460476,1.4965912411460476,1.4965912411460476,1.4965912411460476,1.4965912411460476,1.4965912411460476,1.4965912411460476,1.4965912411460476,1.3205163440186882,1.1874396165540237,1.1874396165540237,1.1874396165540237,1.1874396165540237,1.1874396165540237,1.1874396165540237,1.1874396165540237,1.1874396165540237,1.1874396165540237,1.1874396165540237,1.1874396165540237,1.1874396165540237,0.6375152148901899,0.6375152148901899,0.6375152148901899,1.4965912411460476,1.4965912411460476,1.4965912411460476,1.4965912411460476,1.4965912411460476,1.4965912411460476,0.6375152148901899,-0.49006343445140743,-0.49006343445140743,0.6375152148901899,0.33902805653103063,0.33902805653103063,0.33902805653103063,0.33902805653103063,0.33902805653103063,0.33902805653103063,0.33902805653103063,0.33902805653103063,0.33902805653103063,0.33902805653103063,-0.21955911478300397,-0.21955911478300397,-0.21955911478300397,-0.21955911478300397,0.33902805653103063,0.33902805653103063,0.33902805653103063,0.33902805653103063,0.33902805653103063,0.33902805653103063,0.33902805653103063,0.33902805653103063,0.33902805653103063,0.33902805653103063,0.33902805653103063,0.33902805653103063,0.33902805653103063,0.33902805653103063,0.33902805653103063,0.33902805653103063,0.33902805653103063,0.33902805653103063,0.33902805653103063,0.33902805653103063,0.32463076450494144,0.32463076450494144,-0.7548943634847142,-0.7548943634847142,0.02469565409643729,0.02469565409643729,0.9319608256708879,0.9319608256708879,0.31442802496082756,-0.7548943634847142,-0.7638206116183616,-0.7638206116183616,-0.7638206116183616,-0.7548943634847142,-0.7638206116183616,-0.7638206116183616,-0.7638206116183616,-0.7638206116183616,-0.7548943634847142,-0.7548943634847142,-0.7548943634847142,-0.7548943634847142,-0.7548943634847142,-0.7548943634847142,-0.7548943634847142,-0.7548943634847142,-0.7548943634847142,-0.7548943634847142,-0.7548943634847142,-0.7548943634847142,-0.7548943634847142,-0.7548943634847142,-0.7548943634847142,-0.7548943634847142,-0.7548943634847142,-0.7548943634847142,-0.7548943634847142,-0.7548943634847142,-0.7638206116183616,-0.7638206116183616,-0.7638206116183616,0.34692715469412166,0.34692715469412166,0.35879992093016144,0.35879992093016144,0.35879992093016144,0.35879992093016144,0.35879992093016144,0.35879992093016144,0.35879992093016144,0.35879992093016144,-0.7548943634847142,-0.17446195056246686,-0.17446195056246686,-0.17446195056246686,0.6559243730048503,0.6559243730048503,0.6559243730048503,0.6559243730048503,0.2943984842883285,0.2943984842883285,0.2943984842883285,0.2943984842883285,-0.32319495310162105,-0.32319495310162105,-0.32319495310162105,-0.32319495310162105,0.1839801161977291,-0.7548943634847142,-0.613913732072086,1.4965912411460476,1.4965912411460476,-0.6658803641794309,-0.6317434938779204,-0.6658803641794309,-0.6658803641794309,-0.6658803641794309,-0.6658803641794309,1.4965912411460476,1.4965912411460476,-0.6658803641794309,-0.6317434938779204,-0.6658803641794309,-0.6658803641794309,-0.6658803641794309,-0.6658803641794309,1.4965912411460476,1.4965912411460476,-0.6712905131470092,-0.6317434938779204,-0.6712905131470092,-0.6712905131470092,-0.6712905131470092,-0.6712905131470092,-0.6712905131470092,-0.6712905131470092,-0.6712905131470092,1.4965912411460476,1.4965912411460476,-0.6712905131470092,-0.6317434938779204,-0.6712905131470092,-0.6712905131470092,-0.6712905131470092,-0.6712905131470092,-0.6712905131470092,-0.6712905131470092,-0.6712905131470092,-0.6317434938779204,-0.6317434938779204,-0.4248000493877885,-0.4248000493877885,-0.6317434938779204,-0.6317434938779204,-0.4248000493877885,-0.4248000493877885,-0.6317434938779204,-0.6317434938779204,-0.658993198482512,-0.658993198482512,-0.658993198482512,-0.658993198482512,-0.6317434938779204,-0.6317434938779204,-0.658993198482512,-0.658993198482512,-0.658993198482512,-0.658993198482512,-0.6317434938779204,-0.6317434938779204,-0.5902727546526095,-0.5902727546526095,-0.5902727546526095,-0.5902727546526095,-0.6317434938779204,-0.6317434938779204,-0.5902727546526095,-0.5902727546526095,-0.5902727546526095,-0.5902727546526095,-0.6317434938779204,-0.6317434938779204,-0.46427782249421484,-0.46427782249421484,-0.46427782249421484,-0.46427782249421484,-0.6317434938779204,-0.6317434938779204,-0.46427782249421484,-0.46427782249421484,-0.46427782249421484,-0.46427782249421484,-0.6317434938779204,-0.6317434938779204,-0.6311719352393572,-0.6311719352393572,-0.6311719352393572,-0.6311719352393572,-0.6317434938779204,-0.6317434938779204,-0.6311719352393572,-0.6311719352393572,-0.6311719352393572,-0.6311719352393572,1.4965912411460476,1.4965912411460476,-0.6966880430806903,-0.6317434938779204,-0.6966880430806903,-0.6966880430806903,-0.6966880430806903,-0.6966880430806903,1.4965912411460476,1.4965912411460476,-0.6966880430806903,-0.6317434938779204,-0.6966880430806903,-0.6966880430806903,-0.6966880430806903,-0.6966880430806903,1.4965912411460476,1.4965912411460476,-0.6740503828326087,-0.6317434938779204,-0.6740503828326087,-0.6740503828326087,-0.6740503828326087,-0.6740503828326087,1.4965912411460476,1.4965912411460476,-0.6740503828326087,-0.6317434938779204,-0.6740503828326087,-0.6740503828326087,-0.6740503828326087,-0.6740503828326087,-0.6317434938779204,-0.616288190698874,-0.616288190698874,-0.616288190698874,-0.616288190698874,-0.616288190698874,-0.616288190698874,-0.616288190698874,-0.6317434938779204,-0.616288190698874,-0.616288190698874,-0.616288190698874,-0.616288190698874,-0.616288190698874,-0.616288190698874,-0.616288190698874,-0.613913732072086,-0.613913732072086,0.42610195484509267,0.42610195484509267,0.42610195484509267,0.42610195484509267,0.42610195484509267,0.42610195484509267,0.42610195484509267,0.42610195484509267,1.119028071720763,1.119028071720763,0.38860554778426726,0.38860554778426726,1.4965912411460476,1.4965912411460476,1.4965912411460476,1.4965912411460476,1.4965912411460476,1.4965912411460476,1.4965912411460476,1.4965912411460476,1.4965912411460476,1.4965912411460476,1.4965912411460476,1.4965912411460476,1.4965912411460476,1.4965912411460476,1.4965912411460476,1.4965912411460476,1.4965912411460476,1.4965912411460476,1.4965912411460476,1.4965912411460476,1.4965912411460476,1.4965912411460476,1.4965912411460476,1.4965912411460476,0.881295907332436,0.7858297300370047,0.7858297300370047,0.7858297300370047,0.7858297300370047,0.7858297300370047,0.7858297300370047,0.7858297300370047,0.7858297300370047,0.881295907332436,1.0969321950785909,1.0969321950785909,1.0969321950785909,1.0969321950785909,1.0969321950785909,1.0969321950785909,1.0969321950785909,0.881295907332436,0.6559243730048503,0.6559243730048503,0.6559243730048503,0.6559243730048503,0.9499800303766645,1.4965912411460476,1.4965912411460476,1.4965912411460476,1.4965912411460476,1.1632758957376543,0.0
1.0,-1.0,-1.0,-1.0,-1.0,-1.0,-1.0,-1.0,-1.0,-1.0,-1.0,-1.0,-1.0,-1.0,-1.0,-1.0,-1.0,-1.0,-1.0,-1.0,-1.0,-1.0,-1.0,-1.0,-1.0,-1.0,-1.0,-1.0,-1.0,-1.0,-1.0,-1.0,-1.0,-1.0,-1.0,-1.0,-1.0,-1.0,-1.0,-1.0,-1.0,-1.0,-1.0,-1.0,-1.0,-1.0,-1.0,-1.0,-1.0,-1.0,-1.0,-1.0,-1.0,-1.0,-1.0,-1.0,-1.0,-1.0,-1.0,-1.0,-1.0,-1.0,-1.0,-1.0,-1.0,-1.0,1.0,1.0,1.0,1.0,1.0,1.0,1.0,1.0,1.0,1.0,-1.0,-1.0,1.0,-1.0,-1.0,-1.0,-1.0,-1.0,-1.0,-1.0,-1.0,-1.0,-1.0,-1.0,-1.0,-1.0,-1.0,-1.0,-1.0,-1.0,-1.0,-1.0,-1.0,-1.0,-1.0,-1.0,-1.0,-1.0,-1.0,-1.0,-1.0,-1.0,-1.0,-1.0,-1.0,-1.0,-1.0,-1.0,-1.0,1.0,1.0,-1.0,-1.0,-1.0,-1.0,-1.0,1.0,-1.0,-1.0,-1.0,1.0,-1.0,-1.0,-1.0,-1.0,1.0,1.0,1.0,1.0,1.0,1.0,1.0,1.0,1.0,1.0,1.0,1.0,1.0,1.0,1.0,1.0,1.0,1.0,1.0,1.0,-1.0,-1.0,-1.0,-1.0,-1.0,-1.0,-1.0,-1.0,-1.0,-1.0,-1.0,-1.0,-1.0,1.0,1.0,1.0,1.0,-1.0,-1.0,-1.0,-1.0,-1.0,-1.0,-1.0,-1.0,-1.0,-1.0,-1.0,-1.0,-1.0,1.0,-1.0,-1.0,-1.0,-1.0,-1.0,-1.0,-1.0,-1.0,-1.0,-1.0,-1.0,-1.0,-1.0,-1.0,-1.0,-1.0,-1.0,-1.0,-1.0,-1.0,-1.0,-1.0,-1.0,-1.0,-1.0,-1.0,-1.0,-1.0,-1.0,-1.0,-1.0,-1.0,-1.0,-1.0,-1.0,-1.0,-1.0,-1.0,-1.0,-1.0,-1.0,-1.0,-1.0,-1.0,-1.0,-1.0,-1.0,-1.0,-1.0,-1.0,-1.0,-1.0,-1.0,-1.0,-1.0,-1.0,-1.0,-1.0,-1.0,-1.0,-1.0,-1.0,-1.0,-1.0,-1.0,-1.0,-1.0,-1.0,-1.0,-1.0,-1.0,-1.0,-1.0,-1.0,-1.0,-1.0,-1.0,-1.0,-1.0,-1.0,-1.0,-1.0,-1.0,-1.0,-1.0,-1.0,-1.0,-1.0,-1.0,-1.0,-1.0,-1.0,-1.0,-1.0,-1.0,-1.0,-1.0,-1.0,-1.0,-1.0,-1.0,-1.0,-1.0,-1.0,-1.0,-1.0,-1.0,-1.0,-1.0,-1.0,-1.0,-1.0,-1.0,-1.0,-1.0,-1.0,-1.0,-1.0,-1.0,-1.0,-1.0,-1.0,-1.0,-1.0,-1.0,-1.0,-1.0,-1.0,-1.0,-1.0,-1.0,-1.0,-1.0,-1.0,-1.0,-1.0,-1.0,-1.0,-1.0,-1.0,-1.0,-1.0,-1.0,-1.0,-1.0,-1.0,-1.0,-1.0,-1.0,-1.0,-1.0,-1.0,-1.0,1.0,1.0,-1.0,-1.0,-1.0,-1.0,-1.0,-1.0,-1.0,-1.0,-1.0,-1.0,-1.0,-1.0,-1.0,-1.0,-1.0,-1.0,-1.0,-1.0,-1.0,-1.0,-1.0,-1.0,-1.0,-1.0,-1.0,-1.0,-1.0,-1.0,-1.0,-1.0,-1.0,-1.0,-1.0,-1.0,-1.0,-1.0,-1.0,-1.0,-1.0,-1.0,-1.0,-1.0,-1.0,-1.0,-1.0,-1.0,-1.0,-1.0,1.0,1.0,1.0,1.0,1.0,1.0,0.0
1.0,1.0,1.0,1.0,1.0,1.0,1.0,1.0,1.0,1.0,1.0,1.0,1.0,1.0,1.0,1.0,1.0,1.0,1.0,1.0,1.0,1.0,1.0,1.0,1.0,1.0,1.0,1.0,1.0,1.0,1.0,1.0,1.0,1.0,1.0,1.0,1.0,1.0,1.0,1.0,1.0,1.0,1.0,1.0,1.0,1.0,1.0,1.0,1.0,1.0,1.0,1.0,1.0,1.0,1.0,1.0,1.0,1.0,1.0,1.0,1.0,1.0,1.0,1.0,1.0,1.0,1.0,1.0,1.0,1.0,1.0,1.0,1.0,1.0,1.0,1.0,1.0,1.0,1.0,1.0,1.0,1.0,1.0,1.0,1.0,1.0,1.0,1.0,1.0,1.0,1.0,1.0,1.0,1.0,1.0,1.0,1.0,1.0,1.0,1.0,1.0,1.0,1.0,1.0,1.0,1.0,1.0,1.0,1.0,1.0,1.0,1.0,1.0,1.0,1.0,1.0,1.0,1.0,1.0,1.0,1.0,1.0,1.0,1.0,1.0,1.0,1.0,1.0,1.0,1.0,1.0,1.0,1.0,1.0,1.0,1.0,1.0,1.0,1.0,1.0,1.0,1.0,1.0,1.0,1.0,1.0,1.0,1.0,1.0,1.0,1.0,1.0,1.0,1.0,1.0,1.0,1.0,1.0,1.0,1.0,1.0,1.0,1.0,1.0,1.0,1.0,1.0,1.0,1.0,1.0,1.0,1.0,1.0,1.0,1.0,1.0,1.0,1.0,1.0,1.0,1.0,1.0,1.0,1.0,1.0,1.0,1.0,1.0,1.0,1.0,1.0,1.0,1.0,1.0,1.0,1.0,1.0,1.0,1.0,1.0,1.0,1.0,1.0,1.0,1.0,1.0,1.0,1.0,1.0,1.0,1.0,1.0,1.0,1.0,1.0,1.0,1.0,1.0,1.0,1.0,1.0,1.0,1.0,1.0,1.0,1.0,1.0,1.0,1.0,1.0,1.0,1.0,1.0,1.0,1.0,1.0,1.0,1.0,1.0,1.0,1.0,1.0,1.0,1.0,1.0,1.0,1.0,1.0,1.0,1.0,1.0,1.0,1.0,1.0,1.0,1.0,1.0,1.0,1.0,1.0,1.0,1.0,1.0,1.0,1.0,1.0,1.0,1.0,1.0,1.0,1.0,1.0,1.0,1.0,1.0,1.0,1.0,1.0,1.0,1.0,1.0,1.0,1.0,1.0,1.0,1.0,1.0,1.0,1.0,1.0,1.0,1.0,1.0,1.0,1.0,1.0,1.0,1.0,1.0,1.0,1.0,1.0,1.0,1.0,1.0,1.0,1.0,1.0,1.0,1.0,1.0,1.0,1.0,1.0,1.0,1.0,1.0,1.0,1.0,1.0,1.0,1.0,1.0,1.0,1.0,1.0,1.0,1.0,1.0,1.0,1.0,1.0,1.0,1.0,1.0,1.0,1.0,1.0,1.0,1.0,1.0,1.0,1.0,1.0,1.0,1.0,1.0,1.0,1.0,1.0,1.0,1.0,1.0,1.0,1.0,1.0,1.0,1.0,1.0,1.0,1.0,1.0,1.0,1.0,1.0,1.0,1.0,1.0,1.0,1.0,1.0,1.0,1.0,1.0,1.0,1.0,1.0,1.0,1.0,1.0,1.0,1.0,1.0,1.0,1.0,1.0,1.0,1.0,1.0,1.0,1.0,1.0
-0.37748423182196833,-0.37748423182196833,-0.37748423182196833,-0.37748423182196833,-0.37748423182196833,-0.37748423182196833,-0.37748423182196833,-0.37748423182196833,-0.37748423182196833,-0.37748423182196833,-0.37748423182196833,-0.37748423182196833,-0.37748423182196833,-0.37748423182196833,-0.37748423182196833,-0.37748423182196833,-0.37748423182196833,-0.37748423182196833,-0.37748423182196833,-0.37748423182196833,-0.37748423182196833,-0.37748423182196833,-0.37748423182196833,-0.37748423182196833,-0.37748423182196833,-0.37748423182196833,-0.37748423182196833,-0.37748423182196833,-0.37748423182196833,-0.37748423182196833,-0.37748423182196833,-0.37748423182196833,-0.37748423182196833,-0.37748423182196833,-0.37748423182196833,-0.37748423182196833,-0.37748423182196833,-0.37748423182196833,-0.37748423182196833,-0.37748423182196833,-0.37748423182196833,-0.37748423182196833,-0.37748423182196833,-0.37748423182196833,-0.37748423182196833,-0.37748423182196833,-0.37748423182196833,-0.37748423182196833,-0.37748423182196833,-0.37748423182196833,-0.37748423182196833,-0.37748423182196833,-0.37748423182196833,-0.37748423182196833,-0.37748423182196833,-0.37748423182196833,-0.37748423182196833,-0.37748423182196833,-0.37748423182196833,-0.37748423182196833,-0.37748423182196833,-0.37748423182196833,-0.37748423182196833,-0.37748423182196833,-0.37748423182196833,-0.37748423182196833,-0.37748423182196833,-0.37748423182196833,-0.37748423182196833,-0.37748423182196833,-0.37748423182196833,-0.37748423182196833,-0.37748423182196833,-0.37748423182196833,-0.37748423182196833,-0.37748423182196833,-0.37748423182196833,-0.37748423182196833,-0.37748423182196833,-0.37748423182196833,-0.37748423182196833,-0.37748423182196833,-0.37748423182196833,-0.37748423182196833,-0.37748423182196833,-0.37748423182196833,-0.37748423182196833,-0.37748423182196833,-0.37748423182196833,-0.37748423182196833,-0.37748423182196833,-0.37748423182196833,-0.37748423182196833,-0.37748423182196833,-0.37748423182196833,-0.37748423182196833,-0.37748423182196833,-0.37748423182196833,-0.37748423182196833,-0.37748423182196833,-0.37748423182196833,-0.37748423182196833,-0.37748423182196833,-0.37748423182196833,-0.37748423182196833,-0.37748423182196833,-0.37748423182196833,-0.37748423182196833,-0.37748423182196833,-0.37748423182196833,-0.37748423182196833,-0.37748423182196833,-0.37748423182196833,-0.37748423182196833,-0.37748423182196833,-0.37748423182196833,-0.37748423182196833,-0.37748423182196833,-0.37748423182196833,-0.37748423182196833,-0.37748423182196833,-0.37748423182196833,-0.37748423182196833,-0.37748423182196833,-0.37748423182196833,-0.37748423182196833,-0.37748423182196833,-0.37748423182196833,-0.37748423182196833,-0.37748423182196833,-0.37748423182196833,-0.37748423182196833,-0.37748423182196833,-0.37748423182196833,-0.37748423182196833,-0.37748423182196833,-0.37748423182196833,-0.37748423182196833,-0.37748423182196833,-0.37748423182196833,-0.37748423182196833,-0.37748423182196833,-0.37748423182196833,-0.37748423182196833,-0.37748423182196833,-0.37748423182196833,-0.37748423182196833,-0.37748423182196833,-0.37748423182196833,-0.37748423182196833,-0.37748423182196833,-0.37748423182196833,-0.37748423182196833,-0.37748423182196833,-0.37748423182196833,-0.37748423182196833,-0.37748423182196833,-0.37748423182196833,-0.37748423182196833,-0.37748423182196833,-0.37748423182196833,-0.37748423182196833,-0.37748423182196833,-0.37748423182196833,-0.37748423182196833,-0.37748423182196833,-0.37748423182196833,-0.37748423182196833,-0.37748423182196833,-0.37748423182196833,-0.37748423182196833,-0.37748423182196833,-0.37748423182196833,-0.37748423182196833,-0.37748423182196833,-0.37748423182196833,-0.37748423182196833,-0.37748423182196833,-0.37748423182196833,-0.37748423182196833,-0.37748423182196833,-0.37748423182196833,-0.37748423182196833,-0.37748423182196833,-0.37748423182196833,-0.37748423182196833,-0.37748423182196833,-0.37748423182196833,-0.37748423182196833,-0.37748423182196833,-0.37748423182196833,-0.37748423182196833,-0.37748423182196833,-0.37748423182196833,-0.37748423182196833,-0.37748423182196833,-0.37748423182196833,-0.37748423182196833,-0.37748423182196833,-0.37748423182196833,-0.37748423182196833,-0.37748423182196833,-0.37748423182196833,-0.37748423182196833,-0.37748423182196833,-0.37748423182196833,-0.37748423182196833,-0.37748423182196833,-0.37748423182196833,-0.37748423182196833,-0.37748423182196833,-0.37748423182196833,-0.37748423182196833,-0.37748423182196833,-0.37748423182196833,-0.37748423182196833,-0.37748423182196833,-0.37748423182196833,-0.37748423182196833,-0.37748423182196833,-0.37748423182196833,-0.37748423182196833,-0.37748423182196833,-0.37748423182196833,-0.37748423182196833,-0.37748423182196833,-0.37748423182196833,-0.37748423182196833,-0.37748423182196833,-0.37748423182196833,-0.37748423182196833,-0.37748423182196833,-0.37748423182196833,-0.37748423182196833,-0.37748423182196833,-0.37748423182196833,-0.37748423182196833,-0.37748423182196833,-0.37748423182196833,-0.37748423182196833,-0.37748423182196833,-0.37748423182196833,-0.37748423182196833,-0.37748423182196833,-0.37748423182196833,-0.37748423182196833,-0.37748423182196833,-0.37748423182196833,-0.37748423182196833,-0.37748423182196833,-0.37748423182196833,-0.37748423182196833,-0.37748423182196833,-0.37748423182196833,-0.37748423182196833,-0.37748423182196833,-0.37748423182196833,-0.37748423182196833,-0.37748423182196833,-0.37748423182196833,-0.37748423182196833,-0.37748423182196833,-0.37748423182196833,-0.37748423182196833,-0.37748423182196833,-0.37748423182196833,-0.37748423182196833,-0.37748423182196833,-0.37748423182196833,-0.37748423182196833,-0.37748423182196833,-0.37748423182196833,-0.37748423182196833,-0.37748423182196833,-0.37748423182196833,-0.37748423182196833,-0.37748423182196833,-0.37748423182196833,-0.37748423182196833,-0.37748423182196833,-0.37748423182196833,-0.37748423182196833,-0.37748423182196833,-0.37748423182196833,-0.37748423182196833,-0.37748423182196833,-0.37748423182196833,-0.37748423182196833,-0.37748423182196833,-0.37748423182196833,-0.37748423182196833,-0.37748423182196833,-0.37748423182196833,-0.37748423182196833,-0.37748423182196833,-0.37748423182196833,-0.37748423182196833,-0.37748423182196833,-0.37748423182196833,-0.37748423182196833,-0.37748423182196833,-0.37748423182196833,-0.37748423182196833,-0.37748423182196833,-0.37748423182196833,-0.37748423182196833,-0.37748423182196833,-0.37748423182196833,-0.37748423182196833,-0.37748423182196833,-0.37748423182196833,-0.37748423182196833,-0.37748423182196833,-0.37748423182196833,-0.37748423182196833,-0.37748423182196833,-0.37748423182196833,-0.37748423182196833,-0.37748423182196833,-0.37748423182196833,-0.37748423182196833,-0.37748423182196833,-0.37748423182196833,-0.37748423182196833,-0.37748423182196833,-0.37748423182196833,-0.37748423182196833,-0.37748423182196833,-0.37748423182196833,-0.37748423182196833,-0.37748423182196833,-0.37748423182196833,-0.37748423182196833,-0.37748423182196833,-0.37748423182196833,-0.37748423182196833,-0.37748423182196833,-0.37748423182196833,-0.37748423182196833,-0.37748423182196833,-0.37748423182196833,-0.37748423182196833,-0.37748423182196833,-0.37748423182196833,-0.37748423182196833,-0.37748423182196833,-0.37748423182196833,-0.37748423182196833,-0.37748423182196833,-0.37748423182196833,-0.37748423182196833,-0.37748423182196833,-0.37748423182196833,-0.37748423182196833,-0.37748423182196833,-0.37748423182196833,-0.37748423182196833,-0.37748423182196833,-0.37748423182196833,-0.37748423182196833,-0.37748423182196833,-0.37748423182196833,-0.37748423182196833,-0.37748423182196833,-0.37748423182196833,-0.37748423182196833,-0.37748423182196833,-0.37748423182196833,-0.37748423182196833,-0.37748423182196833,-0.37748423182196833,-0.37748423182196833,-0.37748423182196833,-0.37748423182196833,-0.37748423182196833,-0.37748423182196833,-0.37748423182196833,-0.37748423182196833,-0.37748423182196833,-0.37748423182196833,-0.37748423182196833,-0.37748423182196833,-0.37748423182196833,-0.37748423182196833,-0.37748423182196833,-0.37748423182196833,-0.37748423182196833,-0.37748423182196833,-0.37748423182196833,-0.37748423182196833,-0.37748423182196833,-0.37748423182196833
-0.4775130935520587,-0.4775130935520587,-0.4775130935520587,-0.4775130935520587,-0.4775130935520587,-0.4775130935520587,-0.4775130935520587,-0.4775130935520587,-0.4775130935520587,-0.4775130935520587,-0.4775130935520587,-0.4775130935520587,-0.4775130935520587,-0.4775130935520587,-0.4775130935520587,-0.4775130935520587,-0.4775130935520587,-0.4775130935520587,-0.4775130935520587,-0.4775130935520587,-0.4775130935520587,-0.4775130935520587,-0.4775130935520587,-0.4775130935520587,-0.4775130935520587,-0.4775130935520587,-0.4775130935520587,-0.4775130935520587,-0.4775130935520587,-0.4775130935520587,-0.4775130935520587,-0.4775130935520587,-0.4775130935520587,-0.4775130935520587,-0.4775130935520587,-0.4775130935520587,-0.4775130935520587,-0.4775130935520587,-0.4775130935520587,-0.4775130935520587,-0.4775130935520587,-0.4775130935520587,-0.4775130935520587,-0.4775130935520587,-0.4775130935520587,-0.4775130935520587,-0.4775130935520587,-0.4775130935520587,-0.4775130935520587,-0.4775130935520587,-0.4775130935520587,-0.4775130935520587,-0.4775130935520587,-0.4775130935520587,-0.4775130935520587,-0.4775130935520587,-0.4775130935520587,-0.4775130935520587,-0.4775130935520587,-0.4775130935520587,-0.4775130935520587,-0.4775130935520587,-0.4775130935520587,-0.4775130935520587,-0.4775130935520587,-0.4775130935520587,-0.4775130935520587,-0.4775130935520587,-0.4775130935520587,-0.4775130935520587,-0.4775130935520587,-0.4775130935520587,-0.4775130935520587,-0.4775130935520587,-0.4775130935520587,-0.4775130935520587,-0.4775130935520587,-0.4775130935520587,-0.4775130935520587,-0.4775130935520587,-0.4775130935520587,-0.4775130935520587,-0.4775130935520587,-0.4775130935520587,-0.4775130935520587,-0.4775130935520587,-0.4775130935520587,-0.4775130935520587,-0.4775130935520587,-0.4775130935520587,-0.4775130935520587,-0.4775130935520587,-0.4775130935520587,-0.4775130935520587,-0.4775130935520587,-0.4775130935520587,-0.4775130935520587,-0.4775130935520587,-0.4775130935520587,-0.4775130935520587,-0.4775130935520587,-0.4775130935520587,-0.4775130935520587,-0.4775130935520587,-0.4775130935520587,-0.4775130935520587,-0.4775130935520587,-0.4775130935520587,-0.4775130935520587,-0.4775130935520587,-0.4775130935520587,-0.4775130935520587,-0.4775130935520587,-0.4775130935520587,-0.4775130935520587,-0.4775130935520587,-0.4775130935520587,-0.4775130935520587,-0.4775130935520587,-0.4775130935520587,-0.4775130935520587,-0.4775130935520587,-0.4775130935520587,-0.4775130935520587,-0.4775130935520587,-0.4775130935520587,-0.4775130935520587,-0.4775130935520587,-0.4775130935520587,-0.4775130935520587,-0.4775130935520587,-0.4775130935520587,-0.4775130935520587,-0.4775130935520587,-0.4775130935520587,-0.4775130935520587,-0.4775130935520587,-0.4775130935520587,-0.4775130935520587,-0.4775130935520587,-0.4775130935520587,-0.4775130935520587,-0.4775130935520587,-0.4775130935520587,-0.4775130935520587,-0.4775130935520587,-0.4775130935520587,-0.4775130935520587,-0.4775130935520587,-0.4775130935520587,-0.4775130935520587,-0.4775130935520587,-0.4775130935520587,-0.4775130935520587,-0.4775130935520587,-0.4775130935520587,-0.4775130935520587,-0.4775130935520587,-0.4775130935520587,-0.4775130935520587,-0.4775130935520587,-0.4775130935520587,-0.4775130935520587,-0.4775130935520587,-0.4775130935520587,-0.4775130935520587,-0.4775130935520587,-0.4775130935520587,-0.4775130935520587,-0.4775130935520587,-0.4775130935520587,-0.4775130935520587,-0.4775130935520587,-0.4775130935520587,-0.4775130935520587,-0.4775130935520587,-0.4775130935520587,-0.4775130935520587,-0.4775130935520587,-0.4775130935520587,-0.4775130935520587,-0.4775130935520587,-0.4775130935520587,-0.4775130935520587,-0.4775130935520587,-0.4775130935520587,-0.4775130935520587,-0.4775130935520587,-0.4775130935520587,-0.4775130935520587,-0.4775130935520587,-0.4775130935520587,-0.4775130935520587,-0.4775130935520587,-0.4775130935520587,-0.4775130935520587,-0.4775130935520587,-0.4775130935520587,-0.4775130935520587,-0.4775130935520587,-0.4775130935520587,-0.4775130935520587,-0.4775130935520587,-0.4775130935520587,-0.4775130935520587,-0.4775130935520587,-0.4775130935520587,-0.4775130935520587,-0.4775130935520587,-0.4775130935520587,-0.4775130935520587,-0.4775130935520587,-0.4775130935520587,-0.4775130935520587,-0.4775130935520587,-0.4775130935520587,-0.4775130935520587,-0.4775130935520587,-0.4775130935520587,-0.4775130935520587,-0.4775130935520587,-0.4775130935520587,-0.4775130935520587,-0.4775130935520587,-0.4775130935520587,-0.4775130935520587,-0.4775130935520587,-0.4775130935520587,-0.4775130935520587,-0.4775130935520587,-0.4775130935520587,-0.4775130935520587,-0.4775130935520587,-0.4775130935520587,-0.4775130935520587,-0.4775130935520587,-0.4775130935520587,-0.4775130935520587,-0.4775130935520587,-0.4775130935520587,-0.4775130935520587,-0.4775130935520587,-0.4775130935520587,-0.4775130935520587,-0.4775130935520587,-0.4775130935520587,-0.4775130935520587,-0.4775130935520587,-0.4775130935520587,-0.4775130935520587,-0.4775130935520587,-0.4775130935520587,-0.4775130935520587,-0.4775130935520587,-0.4775130935520587,-0.4775130935520587,-0.4775130935520587,-0.4775130935520587,-0.4775130935520587,-0.4775130935520587,-0.4775130935520587,-0.4775130935520587,-0.4775130935520587,-0.4775130935520587,-0.4775130935520587,-0.4775130935520587,-0.4775130935520587,-0.4775130935520587,-0.4775130935520587,-0.4775130935520587,-0.4775130935520587,-0.4775130935520587,-0.4775130935520587,-0.4775130935520587,-0.4775130935520587,-0.4775130935520587,-0.4775130935520587,-0.4775130935520587,-0.4775130935520587,-0.4775130935520587,-0.4775130935520587,-0.4775130935520587,-0.4775130935520587,-0.4775130935520587,-0.4775130935520587,-0.4775130935520587,-0.4775130935520587,-0.4775130935520587,-0.4775130935520587,-0.4775130935520587,-0.4775130935520587,-0.4775130935520587,-0.4775130935520587,-0.4775130935520587,-0.4775130935520587,-0.4775130935520587,-0.4775130935520587,-0.4775130935520587,-0.4775130935520587,-0.4775130935520587,-0.4775130935520587,-0.4775130935520587,-0.4775130935520587,-0.4775130935520587,-0.4775130935520587,-0.4775130935520587,-0.4775130935520587,-0.4775130935520587,-0.4775130935520587,-0.4775130935520587,-0.4775130935520587,-0.4775130935520587,-0.4775130935520587,-0.4775130935520587,-0.4775130935520587,-0.4775130935520587,-0.4775130935520587,-0.4775130935520587,-0.4775130935520587,-0.4775130935520587,-0.4775130935520587,-0.4775130935520587,-0.4775130935520587,-0.4775130935520587,-0.4775130935520587,-0.4775130935520587,-0.4775130935520587,-0.4775130935520587,-0.4775130935520587,-0.4775130935520587,-0.4775130935520587,-0.4775130935520587,-0.4775130935520587,-0.4775130935520587,-0.4775130935520587,-0.4775130935520587,-0.4775130935520587,-0.4775130935520587,-0.4775130935520587,-0.4775130935520587,-0.4775130935520587,-0.4775130935520587,-0.4775130935520587,-0.4775130935520587,-0.4775130935520587,-0.4775130935520587,-0.4775130935520587,-0.4775130935520587,-0.4775130935520587,-0.4775130935520587,-0.4775130935520587,-0.4775130935520587,-0.4775130935520587,-0.4775130935520587,-0.4775130935520587,-0.4775130935520587,-0.4775130935520587,-0.4775130935520587,-0.4775130935520587,-0.4775130935520587,-0.4775130935520587,-0.4775130935520587,-0.4775130935520587,-0.4775130935520587,-0.4775130935520587,-0.4775130935520587,-0.4775130935520587,-0.4775130935520587,-0.4775130935520587,-0.4775130935520587,-0.4775130935520587,-0.4775130935520587,-0.4775130935520587,-0.4775130935520587,-0.4775130935520587,-0.4775130935520587,-0.4775130935520587,-0.4775130935520587,-0.4775130935520587,-0.4775130935520587,-0.4775130935520587,-0.4775130935520587,-0.4775130935520587,-0.4775130935520587,-0.4775130935520587,-0.4775130935520587,-0.4775130935520587,-0.4775130935520587,-0.4775130935520587,-0.4775130935520587,-0.4775130935520587,-0.4775130935520587
1.0,1.0,1.0,1.0,1.0,1.0,1.0,1.0,1.0,1.0,1.0,1.0,1.0,1.0,1.0,1.0,1.0,1.0,1.0,1.0,1.0,1.0,1.0,1.0,1.0,1.0,1.0,1.0,1.0,1.0,1.0,1.0,1.0,1.0,1.0,1.0,1.0,1.0,1.0,1.0,1.0,1.0,1.0,1.0,1.0,1.0,1.0,1.0,1.0,1.0,1.0,1.0,1.0,1.0,1.0,1.0,1.0,1.0,1.0,1.0,1.0,1.0,1.0,1.0,1.0,1.0,1.0,1.0,1.0,1.0,1.0,1.0,1.0,1.0,1.0,1.0,1.0,1.0,1.0,1.0,1.0,1.0,1.0,1.0,1.0,1.0,1.0,1.0,1.0,1.0,1.0,1.0,1.0,1.0,1.0,1.0,1.0,1.0,1.0,1.0,1.0,1.0,1.0,1.0,1.0,1.0,1.0,1.0,1.0,1.0,1.0,1.0,1.0,1.0,1.0,1.0,1.0,1.0,1.0,1.0,1.0,1.0,1.0,1.0,1.0,1.0,1.0,1.0,1.0,1.0,1.0,1.0,1.0,1.0,1.0,1.0,1.0,1.0,1.0,1.0,1.0,1.0,1.0,1.0,1.0,1.0,1.0,1.0,1.0,1.0,1.0,1.0,1.0,1.0,1.0,1.0,1.0,1.0,1.0,1.0,1.0,1.0,1.0,1.0,1.0,1.0,1.0,1.0,1.0,1.0,1.0,1.0,1.0,1.0,1.0,1.0,1.0,1.0,1.0,1.0,1.0,1.0,1.0,1.0,1.0,1.0,1.0,1.0,1.0,1.0,1.0,1.0,1.0,1.0,1.0,1.0,1.0,1.0,1.0,1.0,1.0,1.0,1.0,1.0,1.0,1.0,1.0,1.0,1.0,1.0,1.0,1.0,1.0,1.0,1.0,1.0,1.0,1.0,1.0,1.0,1.0,1.0,1.0,1.0,1.0,1.0,1.0,1.0,1.0,1.0,1.0,1.0,1.0,1.0,1.0,1.0,1.0,1.0,1.0,1.0,1.0,1.0,1.0,1.0,1.0,1.0,1.0,1.0,1.0,1.0,1.0,1.0,1.0,1.0,1.0,1.0,1.0,1.0,1.0,1.0,1.0,1.0,1.0,1.0,1.0,1.0,1.0,1.0,1.0,1.0,1.0,1.0,1.0,1.0,1.0,1.0,1.0,1.0,1.0,1.0,1.0,1.0,1.0,1.0,1.0,1.0,1.0,1.0,1.0,1.0,1.0,1.0,1.0,1.0,1.0,1.0,1.0,1.0,1.0,1.0,1.0,1.0,1.0,1.0,1.0,1.0,1.0,1.0,1.0,1.0,1.0,1.0,1.0,1.0,1.0,1.0,1.0,1.0,1.0,1.0,1.0,1.0,1.0,1.0,1.0,1.0,1.0,1.0,1.0,1.0,1.0,1.0,1.0,1.0,1.0,1.0,1.0,1.0,1.0,1.0,1.0,1.0,1.0,1.0,1.0,1.0,1.0,1.0,1.0,1.0,1.0,1.0,1.0,1.0,1.0,1.0,1.0,1.0,1.0,1.0,1.0,1.0,1.0,1.0,1.0,1.0,1.0,1.0,1.0,1.0,1.0,1.0,1.0,1.0,1.0,1.0,1.0,1.0,1.0,1.0,1.0,1.0,1.0,1.0,1.0,1.0,1.0,1.0,1.0,1.0,1.0,1.0
-0.6819042373756496,-0.6819042373756496,-0.6819042373756496,-0.6819042373756496,-0.6819042373756496,-0.6819042373756496,-0.6819042373756496,-0.6819042373756496,-0.6819042373756496,-0.6819042373756496,-0.6819042373756496,-0.6819042373756496,-0.6819042373756496,-0.6819042373756496,-0.6819042373756496,-0.6819042373756496,-0.6819042373756496,-0.6819042373756496,-0.6819042373756496,-0.6819042373756496,-0.6819042373756496,-0.6819042373756496,-0.6819042373756496,-0.6819042373756496,-0.6819042373756496,-0.6819042373756496,-0.6819042373756496,-0.6819042373756496,-0.6819042373756496,-0.6819042373756496,-0.6819042373756496,-0.6819042373756496,-0.6819042373756496,-0.6819042373756496,-0.6819042373756496,-0.6819042373756496,-0.6819042373756496,-0.6819042373756496,-0.6819042373756496,-0.6819042373756496,-0.6819042373756496,-0.6819042373756496,-0.6819042373756496,-0.6819042373756496,-0.6819042373756496,-0.6819042373756496,-0.6819042373756496,-0.6819042373756496,-0.6819042373756496,-0.6819042373756496,-0.6819042373756496,-0.6819042373756496,-0.6819042373756496,-0.6819042373756496,-0.6819042373756496,-0.6819042373756496,-0.6819042373756496,-0.6819042373756496,-0.6819042373756496,-0.6819042373756496,-0.6819042373756496,-0.6819042373756496,-0.6819042373756496,-0.6819042373756496,-0.6819042373756496,-0.6819042373756496,-0.6819042373756496,-0.6819042373756496,-0.6819042373756496,-0.6819042373756496,-0.6819042373756496,-0.6819042373756496,-0.6819042373756496,-0.6819042373756496,-0.6819042373756496,-0.6819042373756496,-0.6819042373756496,-0.6819042373756496,-0.6819042373756496,-0.6819042373756496,-0.6819042373756496,-0.6819042373756496,-0.6819042373756496,-0.6819042373756496,-0.6819042373756496,-0.6819042373756496,-0.6819042373756496,-0.6819042373756496,-0.6819042373756496,-0.6819042373756496,-0.6819042373756496,-0.6819042373756496,-0.6819042373756496,-0.6819042373756496,-0.6819042373756496,-0.6819042373756496,-0.6819042373756496,-0.6819042373756496,-0.6819042373756496,-0.6819042373756496,-0.6819042373756496,-0.6819042373756496,-0.6819042373756496,-0.6819042373756496,-0.6819042373756496,-0.6819042373756496,-0.6819042373756496,-0.6819042373756496,-0.6819042373756496,-0.6819042373756496,-0.6819042373756496,-0.6819042373756496,-0.6819042373756496,-0.6819042373756496,-0.6819042373756496,-0.6819042373756496,-0.6819042373756496,-0.6819042373756496,-0.6819042373756496,-0.6819042373756496,-0.6819042373756496,-0.6819042373756496,-0.6819042373756496,-0.6819042373756496,-0.6819042373756496,-0.6819042373756496,-0.6819042373756496,-0.6819042373756496,-0.6819042373756496,-0.6819042373756496,-0.6819042373756496,-0.6819042373756496,-0.6819042373756496,-0.6819042373756496,-0.6819042373756496,-0.6819042373756496,-0.6819042373756496,-0.6819042373756496,-0.6819042373756496,-0.6819042373756496,-0.6819042373756496,-0.6819042373756496,-0.6819042373756496,-0.6819042373756496,-0.6819042373756496,-0.6819042373756496,-0.6819042373756496,-0.6819042373756496,-0.6819042373756496,-0.6819042373756496,-0.6819042373756496,-0.6819042373756496,-0.6819042373756496,-0.6819042373756496,-0.6819042373756496,-0.6819042373756496,-0.6819042373756496,-0.6819042373756496,-0.6819042373756496,-0.6819042373756496,-0.6819042373756496,-0.6819042373756496,-0.6819042373756496,-0.6819042373756496,-0.6819042373756496,-0.6819042373756496,-0.6819042373756496,-0.6819042373756496,-0.6819042373756496,-0.6819042373756496,-0.6819042373756496,-0.6819042373756496,-0.6819042373756496,-0.6819042373756496,-0.6819042373756496,-0.6819042373756496,-0.6819042373756496,-0.6819042373756496,-0.6819042373756496,-0.6819042373756496,-0.6819042373756496,-0.6819042373756496,-0.6819042373756496,-0.6819042373756496,-0.6819042373756496,-0.6819042373756496,-0.6819042373756496,-0.6819042373756496,-0.6819042373756496,-0.6819042373756496,-0.6819042373756496,-0.6819042373756496,-0.6819042373756496,-0.6819042373756496,-0.6819042373756496,-0.6819042373756496,-0.6819042373756496,-0.6819042373756496,-0.6819042373756496,-0.6819042373756496,-0.6819042373756496,-0.6819042373756496,-0.6819042373756496,-0.6819042373756496,-0.6819042373756496,-0.6819042373756496,-0.6819042373756496,-0.6819042373756496,-0.6819042373756496,-0.6819042373756496,-0.6819042373756496,-0.6819042373756496,-0.6819042373756496,-0.6819042373756496,-0.6819042373756496,-0.6819042373756496,-0.6819042373756496,-0.6819042373756496,-0.6819042373756496,-0.6819042373756496,-0.6819042373756496,-0.6819042373756496,-0.6819042373756496,-0.6819042373756496,-0.6819042373756496,-0.6819042373756496,-0.6819042373756496,-0.6819042373756496,-0.6819042373756496,-0.6819042373756496,-0.6819042373756496,-0.6819042373756496,-0.6819042373756496,-0.6819042373756496,-0.6819042373756496,-0.6819042373756496,-0.6819042373756496,-0.6819042373756496,-0.6819042373756496,-0.6819042373756496,-0.6819042373756496,-0.6819042373756496,-0.6819042373756496,-0.6819042373756496,-0.6819042373756496,-0.6819042373756496,-0.6819042373756496,-0.6819042373756496,-0.6819042373756496,-0.6819042373756496,-0.6819042373756496,-0.6819042373756496,-0.6819042373756496,-0.6819042373756496,-0.6819042373756496,-0.6819042373756496,-0.6819042373756496,-0.6819042373756496,-0.6819042373756496,-0.6819042373756496,-0.6819042373756496,-0.6819042373756496,-0.6819042373756496,-0.6819042373756496,-0.6819042373756496,-0.6819042373756496,-0.6819042373756496,-0.6819042373756496,-0.6819042373756496,-0.6819042373756496,-0.6819042373756496,-0.6819042373756496,-0.6819042373756496,-0.6819042373756496,-0.6819042373756496,-0.6819042373756496,-0.6819042373756496,-0.6819042373756496,-0.6819042373756496,-0.6819042373756496,-0.6819042373756496,-0.6819042373756496,-0.6819042373756496,-0.6819042373756496,-0.6819042373756496,-0.6819042373756496,-0.6819042373756496,-0.6819042373756496,-0.6819042373756496,-0.6819042373756496,-0.6819042373756496,-0.6819042373756496,-0.6819042373756496,-0.6819042373756496,-0.6819042373756496,-0.6819042373756496,-0.6819042373756496,-0.6819042373756496,-0.6819042373756496,-0.6819042373756496,-0.6819042373756496,-0.6819042373756496,-0.6819042373756496,-0.6819042373756496,-0.6819042373756496,-0.6819042373756496,-0.6819042373756496,-0.6819042373756496,-0.6819042373756496,-0.6819042373756496,-0.6819042373756496,-0.6819042373756496,-0.6819042373756496,-0.6819042373756496,-0.6819042373756496,-0.6819042373756496,-0.6819042373756496,-0.6819042373756496,-0.6819042373756496,-0.6819042373756496,-0.6819042373756496,-0.6819042373756496,-0.6819042373756496,-0.6819042373756496,-0.6819042373756496,-0.6819042373756496,-0.6819042373756496,-0.6819042373756496,-0.6819042373756496,-0.6819042373756496,-0.6819042373756496,-0.6819042373756496,-0.6819042373756496,-0.6819042373756496,-0.6819042373756496,-0.6819042373756496,-0.6819042373756496,-0.6819042373756496,-0.6819042373756496,-0.6819042373756496,-0.6819042373756496,-0.6819042373756496,-0.6819042373756496,-0.6819042373756496,-0.6819042373756496,-0.6819042373756496,-0.6819042373756496,-0.6819042373756496,-0.6819042373756496,-0.6819042373756496,-0.6819042373756496,-0.6819042373756496,-0.6819042373756496,-0.6819042373756496,-0.6819042373756496,-0.6819042373756496,-0.6819042373756496,-0.6819042373756496,-0.6819042373756496,-0.6819042373756496,-0.6819042373756496,-0.6819042373756496,-0.6819042373756496,-0.6819042373756496,-0.6819042373756496,-0.6819042373756496,-0.6819042373756496,-0.6819042373756496,-0.6819042373756496,-0.6819042373756496,-0.6819042373756496,-0.6819042373756496,-0.6819042373756496,-0.6819042373756496,-0.6819042373756496,-0.6819042373756496,-0.6819042373756496,-0.6819042373756496,-0.6819042373756496,-0.6819042373756496,-0.6819042373756496,-0.6819042373756496,-0.6819042373756496,-0.6819042373756496,-0.6819042373756496,-0.6819042373756496,-0.6819042373756496,-0.6819042373756496,-0.6819042373756496,-0.6819042373756496,-0.6819042373756496,-0.6819042373756496
1.0,1.0,1.0,1.0,1.0,1.0,1.0,1.0,1.0,1.0,1.0,1.0,1.0,1.0,1.0,1.0,1.0,1.0,1.0,1.0,1.0,1.0,1.0,1.0,1.0,1.0,1.0,1.0,1.0,1.0,1.0,1.0,1.0,1.0,1.0,1.0,1.0,1.0,1.0,1.0,1.0,1.0,1.0,1.0,1.0,1.0,1.0,1.0,1.0,1.0,1.0,1.0,1.0,1.0,1.0,1.0,1.0,1.0,1.0,1.0,1.0,1.0,1.0,1.0,1.0,1.0,1.0,1.0,1.0,1.0,1.0,1.0,1.0,1.0,1.0,1.0,1.0,1.0,1.0,1.0,1.0,1.0,1.0,1.0,1.0,1.0,1.0,1.0,1.0,1.0,1.0,1.0,1.0,1.0,1.0,1.0,1.0,1.0,1.0,1.0,1.0,1.0,1.0,1.0,1.0,1.0,1.0,1.0,1.0,1.0,1.0,1.0,1.0,1.0,1.0,1.0,1.0,1.0,1.0,1.0,1.0,1.0,1.0,1.0,1.0,1.0,1.0,1.0,1.0,1.0,1.0,1.0,1.0,1.0,1.0,1.0,1.0,1.0,1.0,1.0,1.0,1.0,1.0,1.0,1.0,1.0,1.0,1.0,1.0,1.0,1.0,1.0,1.0,1.0,1.0,1.0,1.0,1.0,1.0,1.0,1.0,1.0,1.0,1.0,1.0,1.0,1.0,1.0,1.0,1.0,1.0,1.0,1.0,1.0,1.0,1.0,1.0,1.0,1.0,1.0,1.0,1.0,1.0,1.0,1.0,1.0,1.0,1.0,1.0,1.0,1.0,1.0,1.0,1.0,1.0,1.0,1.0,1.0,1.0,1.0,1.0,1.0,1.0,1.0,1.0,1.0,1.0,1.0,1.0,1.0,1.0,1.0,1.0,1.0,1.0,1.0,1.0,1.0,1.0,1.0,1.0,1.0,1.0,1.0,1.0,1.0,1.0,1.0,1.0,1.0,1.0,1.0,1.0,1.0,1.0,1.0,1.0,1.0,1.0,1.0,1.0,1.0,1.0,1.0,1.0,1.0,1.0,1.0,1.0,1.0,1.0,1.0,1.0,1.0,1.0,1.0,1.0,1.0,1.0,1.0,1.0,1.0,1.0,1.0,1.0,1.0,1.0,1.0,1.0,1.0,1.0,1.0,1.0,1.0,1.0,1.0,1.0,1.0,1.0,1.0,1.0,1.0,1.0,1.0,1.0,1.0,1.0,1.0,1.0,1.0,1.0,1.0,1.0,1.0,1.0,1.0,1.0,1.0,1.0,1.0,1.0,1.0,1.0,1.0,1.0,1.0,1.0,1.0,1.0,1.0,1.0,1.0,1.0,1.0,1.0,1.0,1.0,1.0,1.0,1.0,1.0,1.0,1.0,1.0,1.0,1.0,1.0,1.0,1.0,1.0,1.0,1.0,1.0,1.0,1.0,1.0,1.0,1.0,1.0,1.0,1.0,1.0,1.0,1.0,1.0,1.0,1.0,1.0,1.0,1.0,1.0,1.0,1.0,1.0,1.0,1.0,1.0,1.0,1.0,1.0,1.0,1.0,1.0,1.0,1.0,1.0,1.0,1.0,1.0,1.0,1.0,1.0,1.0,1.0,1.0,1.0,1.0,1.0,1.0,1.0,1.0,1.0,1.0,1.0,1.0,1.0,1.0,1.0,1.0,1.0,1.0,1.0
1.0,1.0,1.0,1.0,1.0,1.0,1.0,1.0,1.0,1.0,1.0,1.0,1.0,1.0,1.0,1.0,1.0,1.0,1.0,1.0,1.0,1.0,1.0,1.0,1.0,1.0,1.0,1.0,1.0,1.0,1.0,1.0,1.0,1.0,1.0,1.0,1.0,1.0,1.0,1.0,1.0,1.0,1.0,1.0,1.0,1.0,1.0,1.0,1.0,1.0,1.0,1.0,1.0,1.0,1.0,1.0,1.0,1.0,1.0,1.0,1.0,1.0,1.0,1.0,1.0,1.0,1.0,1.0,1.0,1.0,1.0,1.0,1.0,1.0,1.0,1.0,1.0,1.0,1.0,1.0,1.0,1.0,1.0,1.0,1.0,1.0,1.0,1.0,1.0,1.0,1.0,1.0,1.0,1.0,1.0,1.0,1.0,1.0,1.0,1.0,1.0,1.0,1.0,1.0,1.0,1.0,1.0,1.0,1.0,1.0,1.0,1.0,1.0,1.0,1.0,1.0,1.0,1.0,1.0,1.0,1.0,1.0,1.0,1.0,1.0,1.0,1.0,1.0,1.0,1.0,1.0,1.0,1.0,1.0,1.0,1.0,1.0,1.0,1.0,1.0,1.0,1.0,1.0,1.0,1.0,1.0,1.0,1.0,1.0,1.0,1.0,1.0,1.0,1.0,1.0,1.0,1.0,1.0,1.0,1.0,1.0,1.0,1.0,1.0,1.0,1.0,1.0,1.0,1.0,1.0,1.0,1.0,1.0,1.0,1.0,1.0,1.0,1.0,1.0,1.0,1.0,1.0,1.0,1.0,1.0,1.0,1.0,1.0,1.0,1.0,1.0,1.0,1.0,1.0,1.0,1.0,1.0,1.0,1.0,1.0,1.0,1.0,1.0,1.0,1.0,1.0,1.0,1.0,1.0,1.0,1.0,1.0,1.0,1.0,1.0,1.0,1.0,1.0,1.0,1.0,1.0,1.0,1.0,1.0,1.0,1.0,1.0,1.0,1.0,1.0,1.0,1.0,1.0,1.0,1.0,1.0,1.0,1.0,1.0,1.0,1.0,1.0,1.0,1.0,1.0,1.0,1.0,1.0,1.0,1.0,1.0,1.0,1.0,1.0,1.0,1.0,1.0,1.0,1.0,1.0,1.0,1.0,1.0,1.0,1.0,1.0,1.0,1.0,1.0,1.0,1.0,1.0,1.0,1.0,1.0,1.0,1.0,1.0,1.0,1.0,1.0,1.0,1.0,1.0,1.0,1.0,1.0,1.0,1.0,1.0,1.0,1.0,1.0,1.0,1.0,1.0,1.0,1.0,1.0,1.0,1.0,1.0,1.0,1.0,1.0,1.0,1.0,1.0,1.0,1.0,1.0,1.0,1.0,1.0,1.0,1.0,1.0,1.0,1.0,1.0,1.0,1.0,1.0,1.0,1.0,1.0,1.0,1.0,1.0,1.0,1.0,1.0,1.0,1.0,1.0,1.0,1.0,1.0,1.0,1.0,1.0,1.0,1.0,1.0,1.0,1.0,1.0,1.0,1.0,1.0,1.0,1.0,1.0,1.0,1.0,1.0,1.0,1.0,1.0,1.0,1.0,1.0,1.0,1.0,1.0,1.0,1.0,1.0,1.0,1.0,1.0,1.0,1.0,1.0,1.0,1.0,1.0,1.0,1.0,1.0,1.0,1.0,1.0,1.0,1.0,1.0,1.0,1.0,1.0,1.0,1.0,1.0
1.7427529179851233,1.7427529179851233,1.7427529179851233,1.7427529179851233,1.7427529179851233,1.7427529179851233,1.7427529179851233,1.7427529179851233,1.7427529179851233,1.7427529179851233,1.7427529179851233,1.7427529179851233,1.7427529179851233,1.7427529179851233,1.7427529179851233,1.7427529179851233,1.7427529179851233,1.7427529179851233,1.7427529179851233,1.7427529179851233,1.7427529179851233,1.7427529179851233,1.7427529179851233,1.7427529179851233,1.7427529179851233,1.7427529179851233,1.7427529179851233,1.7427529179851233,1.7427529179851233,1.7427529179851233,1.7427529179851233,1.7427529179851233,1.7427529179851233,1.7427529179851233,1.7427529179851233,1.7427529179851233,1.7427529179851233,1.7427529179851233,1.7427529179851233,1.7427529179851233,1.7427529179851233,1.7427529179851233,1.7427529179851233,1.7427529179851233,1.7427529179851233,1.7427529179851233,1.7427529179851233,1.7427529179851233,1.7427529179851233,1.7427529179851233,1.7427529179851233,1.7427529179851233,1.7427529179851233,1.7427529179851233,1.7427529179851233,1.7427529179851233,1.7427529179851233,1.7427529179851233,1.7427529179851233,1.7427529179851233,1.7427529179851233,1.7427529179851233,1.7427529179851233,1.7427529179851233,1.7427529179851233,1.7427529179851233,1.7427529179851233,1.7427529179851233,1.7427529179851233,1.7427529179851233,1.7427529179851233,1.7427529179851233,1.7427529179851233,1.7427529179851233,1.7427529179851233,1.7427529179851233,1.7427529179851233,1.7427529179851233,1.7427529179851233,1.7427529179851233,1.7427529179851233,1.7427529179851233,1.7427529179851233,1.7427529179851233,1.7427529179851233,1.7427529179851233,1.7427529179851233,1.7427529179851233,1.7427529179851233,1.7427529179851233,1.7427529179851233,1.7427529179851233,1.7427529179851233,1.7427529179851233,1.7427529179851233,1.7427529179851233,1.7427529179851233,1.7427529179851233,1.7427529179851233,1.7427529179851233,1.7427529179851233,1.7427529179851233,1.7427529179851233,1.7427529179851233,1.7427529179851233,1.7427529179851233,1.7427529179851233,1.7427529179851233,1.7427529179851233,1.7427529179851233,1.7427529179851233,1.7427529179851233,1.7427529179851233,1.7427529179851233,1.7427529179851233,1.7427529179851233,1.7427529179851233,1.7427529179851233,1.7427529179851233,1.7427529179851233,1.7427529179851233,1.7427529179851233,1.7427529179851233,1.7427529179851233,1.7427529179851233,1.7427529179851233,1.7427529179851233,1.7427529179851233,1.7427529179851233,1.7427529179851233,1.7427529179851233,1.7427529179851233,1.7427529179851233,1.7427529179851233,1.7427529179851233,1.7427529179851233,1.7427529179851233,1.7427529179851233,1.7427529179851233,1.7427529179851233,1.7427529179851233,1.7427529179851233,1.7427529179851233,1.7427529179851233,1.7427529179851233,1.7427529179851233,1.7427529179851233,1.7427529179851233,1.7427529179851233,1.7427529179851233,1.7427529179851233,1.7427529179851233,1.7427529179851233,1.7427529179851233,1.7427529179851233,1.7427529179851233,1.7427529179851233,1.7427529179851233,1.7427529179851233,1.7427529179851233,1.7427529179851233,1.7427529179851233,1.7427529179851233,1.7427529179851233,1.7427529179851233,1.7427529179851233,1.7427529179851233,1.7427529179851233,1.7427529179851233,1.7427529179851233,1.7427529179851233,1.7427529179851233,1.7427529179851233,1.7427529179851233,1.7427529179851233,1.7427529179851233,1.7427529179851233,1.7427529179851233,1.7427529179851233,1.7427529179851233,1.7427529179851233,1.7427529179851233,1.7427529179851233,1.7427529179851233,1.7427529179851233,1.7427529179851233,1.7427529179851233,1.7427529179851233,1.7427529179851233,1.7427529179851233,1.7427529179851233,1.7427529179851233,1.7427529179851233,1.7427529179851233,1.7427529179851233,1.7427529179851233,1.7427529179851233,1.7427529179851233,1.7427529179851233,1.7427529179851233,1.7427529179851233,1.7427529179851233,1.7427529179851233,1.7427529179851233,1.7427529179851233,1.7427529179851233,1.7427529179851233,1.7427529179851233,1.7427529179851233,1.7427529179851233,1.7427529179851233,1.7427529179851233,1.7427529179851233,1.7427529179851233,1.7427529179851233,1.7427529179851233,1.7427529179851233,1.7427529179851233,1.7427529179851233,1.7427529179851233,1.7427529179851233,1.7427529179851233,1.7427529179851233,1.7427529179851233,1.7427529179851233,1.7427529179851233,1.7427529179851233,1.7427529179851233,1.7427529179851233,1.7427529179851233,1.7427529179851233,1.7427529179851233,1.7427529179851233,1.7427529179851233,1.7427529179851233,1.7427529179851233,1.7427529179851233,1.7427529179851233,1.7427529179851233,1.7427529179851233,1.7427529179851233,1.7427529179851233,1.7427529179851233,1.7427529179851233,1.7427529179851233,1.7427529179851233,1.7427529179851233,1.7427529179851233,1.7427529179851233,1.7427529179851233,1.7427529179851233,1.7427529179851233,1.7427529179851233,1.7427529179851233,1.7427529179851233,1.7427529179851233,1.7427529179851233,1.7427529179851233,1.7427529179851233,1.7427529179851233,1.7427529179851233,1.7427529179851233,1.7427529179851233,1.7427529179851233,1.7427529179851233,1.7427529179851233,1.7427529179851233,1.7427529179851233,1.7427529179851233,1.7427529179851233,1.7427529179851233,1.7427529179851233,1.7427529179851233,1.7427529179851233,1.7427529179851233,1.7427529179851233,1.7427529179851233,1.7427529179851233,1.7427529179851233,1.7427529179851233,1.7427529179851233,1.7427529179851233,1.7427529179851233,1.7427529179851233,1.7427529179851233,1.7427529179851233,1.7427529179851233,1.7427529179851233,1.7427529179851233,1.7427529179851233,1.7427529179851233,1.7427529179851233,1.7427529179851233,1.7427529179851233,1.7427529179851233,1.7427529179851233,1.7427529179851233,1.7427529179851233,1.7427529179851233,1.7427529179851233,1.7427529179851233,1.7427529179851233,1.7427529179851233,1.7427529179851233,1.7427529179851233,1.7427529179851233,1.7427529179851233,1.7427529179851233,1.7427529179851233,1.7427529179851233,1.7427529179851233,1.7427529179851233,1.7427529179851233,1.7427529179851233,1.7427529179851233,1.7427529179851233,1.7427529179851233,1.7427529179851233,1.7427529179851233,1.7427529179851233,1.7427529179851233,1.7427529179851233,1.7427529179851233,1.7427529179851233,1.7427529179851233,1.7427529179851233,1.7427529179851233,1.7427529179851233,1.7427529179851233,1.7427529179851233,1.7427529179851233,1.7427529179851233,1.7427529179851233,1.7427529179851233,1.7427529179851233,1.7427529179851233,1.7427529179851233,1.7427529179851233,1.7427529179851233,1.7427529179851233,1.7427529179851233,1.7427529179851233,1.7427529179851233,1.7427529179851233,1.7427529179851233,1.7427529179851233,1.7427529179851233,1.7427529179851233,1.7427529179851233,1.7427529179851233,1.7427529179851233,1.7427529179851233,1.7427529179851233,1.7427529179851233,1.7427529179851233,1.7427529179851233,1.7427529179851233,1.7427529179851233,1.7427529179851233,1.7427529179851233,1.7427529179851233,1.7427529179851233,1.7427529179851233,1.7427529179851233,1.7427529179851233,1.7427529179851233,1.7427529179851233,1.7427529179851233,1.7427529179851233,1.7427529179851233,1.7427529179851233,1.7427529179851233,1.7427529179851233,1.7427529179851233,1.7427529179851233,1.7427529179851233,1.7427529179851233,1.7427529179851233,1.7427529179851233,1.7427529179851233,1.7427529179851233,1.7427529179851233,1.7427529179851233,1.7427529179851233,1.7427529179851233,1.7427529179851233,1.7427529179851233,1.7427529179851233,1.7427529179851233,1.7427529179851233,1.7427529179851233,1.7427529179851233
-0.9422186607590217,-0.9422186607590217,-0.9422186607590217,-0.9422186607590217,-0.9422186607590217,-0.9422186607590217,-0.9422186607590217,-0.9422186607590217,-0.9422186607590217,-0.9422186607590217,-0.9422186607590217,-0.9422186607590217,-0.9422186607590217,-0.9422186607590217,-0.9422186607590217,-0.9422186607590217,-0.9422186607590217,-0.9422186607590217,-0.9422186607590217,-0.9422186607590217,-0.9422186607590217,-0.9422186607590217,-0.9422186607590217,-0.9422186607590217,-0.9422186607590217,-0.9422186607590217,-0.9422186607590217,-0.9422186607590217,-0.9422186607590217,-0.9422186607590217,-0.9422186607590217,-0.9422186607590217,-0.9422186607590217,-0.9422186607590217,-0.9422186607590217,-0.9422186607590217,-0.9422186607590217,-0.9422186607590217,-0.9422186607590217,-0.9422186607590217,-0.9422186607590217,-0.9422186607590217,-0.9422186607590217,-0.9422186607590217,-0.9422186607590217,-0.9422186607590217,-0.9422186607590217,-0.9422186607590217,-0.9422186607590217,-0.9422186607590217,-0.9422186607590217,-0.9422186607590217,-0.9422186607590217,-0.9422186607590217,-0.9422186607590217,-0.9422186607590217,-0.9422186607590217,-0.9422186607590217,-0.9422186607590217,-0.9422186607590217,-0.9422186607590217,-0.9422186607590217,-0.9422186607590217,-0.9422186607590217,-0.9422186607590217,-0.9422186607590217,-0.9422186607590217,-0.9422186607590217,-0.9422186607590217,-0.9422186607590217,-0.9422186607590217,-0.9422186607590217,-0.9422186607590217,-0.9422186607590217,-0.9422186607590217,-0.9422186607590217,-0.9422186607590217,-0.9422186607590217,-0.9422186607590217,-0.9422186607590217,-0.9422186607590217,-0.9422186607590217,-0.9422186607590217,-0.9422186607590217,-0.9422186607590217,-0.9422186607590217,-0.9422186607590217,-0.9422186607590217,-0.9422186607590217,-0.9422186607590217,-0.9422186607590217,-0.9422186607590217,-0.9422186607590217,-0.9422186607590217,-0.9422186607590217,-0.9422186607590217,-0.9422186607590217,-0.9422186607590217,-0.9422186607590217,-0.9422186607590217,-0.9422186607590217,-0.9422186607590217,-0.9422186607590217,-0.9422186607590217,-0.9422186607590217,-0.9422186607590217,-0.9422186607590217,-0.9422186607590217,-0.9422186607590217,-0.9422186607590217,-0.9422186607590217,-0.9422186607590217,-0.9422186607590217,-0.9422186607590217,-0.9422186607590217,-0.9422186607590217,-0.9422186607590217,-0.9422186607590217,-0.9422186607590217,-0.9422186607590217,-0.9422186607590217,-0.9422186607590217,-0.9422186607590217,-0.9422186607590217,-0.9422186607590217,-0.9422186607590217,-0.9422186607590217,-0.9422186607590217,-0.9422186607590217,-0.9422186607590217,-0.9422186607590217,-0.9422186607590217,-0.9422186607590217,-0.9422186607590217,-0.9422186607590217,-0.9422186607590217,-0.9422186607590217,-0.9422186607590217,-0.9422186607590217,-0.9422186607590217,-0.9422186607590217,-0.9422186607590217,-0.9422186607590217,-0.9422186607590217,-0.9422186607590217,-0.9422186607590217,-0.9422186607590217,-0.9422186607590217,-0.9422186607590217,-0.9422186607590217,-0.9422186607590217,-0.9422186607590217,-0.9422186607590217,-0.9422186607590217,-0.9422186607590217,-0.9422186607590217,-0.9422186607590217,-0.9422186607590217,-0.9422186607590217,-0.9422186607590217,-0.9422186607590217,-0.9422186607590217,-0.9422186607590217,-0.9422186607590217,-0.9422186607590217,-0.9422186607590217,-0.9422186607590217,-0.9422186607590217,-0.9422186607590217,-0.9422186607590217,-0.9422186607590217,-0.9422186607590217,-0.9422186607590217,-0.9422186607590217,-0.9422186607590217,-0.9422186607590217,-0.9422186607590217,-0.9422186607590217,-0.9422186607590217,-0.9422186607590217,-0.9422186607590217,-0.9422186607590217,-0.9422186607590217,-0.9422186607590217,-0.9422186607590217,-0.9422186607590217,-0.9422186607590217,-0.9422186607590217,-0.9422186607590217,-0.9422186607590217,-0.9422186607590217,-0.9422186607590217,-0.9422186607590217,-0.9422186607590217,-0.9422186607590217,-0.9422186607590217,-0.9422186607590217,-0.9422186607590217,-0.9422186607590217,-0.9422186607590217,-0.9422186607590217,-0.9422186607590217,-0.9422186607590217,-0.9422186607590217,-0.9422186607590217,-0.9422186607590217,-0.9422186607590217,-0.9422186607590217,-0.9422186607590217,-0.9422186607590217,-0.9422186607590217,-0.9422186607590217,-0.9422186607590217,-0.9422186607590217,-0.9422186607590217,-0.9422186607590217,-0.9422186607590217,-0.9422186607590217,-0.9422186607590217,-0.9422186607590217,-0.9422186607590217,-0.9422186607590217,-0.9422186607590217,-0.9422186607590217,-0.9422186607590217,-0.9422186607590217,-0.9422186607590217,-0.9422186607590217,-0.9422186607590217,-0.9422186607590217,-0.9422186607590217,-0.9422186607590217,-0.9422186607590217,-0.9422186607590217,-0.9422186607590217,-0.9422186607590217,-0.9422186607590217,-0.9422186607590217,-0.9422186607590217,-0.9422186607590217,-0.9422186607590217,-0.9422186607590217,-0.9422186607590217,-0.9422186607590217,-0.9422186607590217,-0.9422186607590217,-0.9422186607590217,-0.9422186607590217,-0.9422186607590217,-0.9422186607590217,-0.9422186607590217,-0.9422186607590217,-0.9422186607590217,-0.9422186607590217,-0.9422186607590217,-0.9422186607590217,-0.9422186607590217,-0.9422186607590217,-0.9422186607590217,-0.9422186607590217,-0.9422186607590217,-0.9422186607590217,-0.9422186607590217,-0.9422186607590217,-0.9422186607590217,-0.9422186607590217,-0.9422186607590217,-0.9422186607590217,-0.9422186607590217,-0.9422186607590217,-0.9422186607590217,-0.9422186607590217,-0.9422186607590217,-0.9422186607590217,-0.9422186607590217,-0.9422186607590217,-0.9422186607590217,-0.9422186607590217,-0.9422186607590217,-0.9422186607590217,-0.9422186607590217,-0.9422186607590217,-0.9422186607590217,-0.9422186607590217,-0.9422186607590217,-0.9422186607590217,-0.9422186607590217,-0.9422186607590217,-0.9422186607590217,-0.9422186607590217,-0.9422186607590217,-0.9422186607590217,-0.9422186607590217,-0.9422186607590217,-0.9422186607590217,-0.9422186607590217,-0.9422186607590217,-0.9422186607590217,-0.9422186607590217,-0.9422186607590217,-0.9422186607590217,-0.9422186607590217,-0.9422186607590217,-0.9422186607590217,-0.9422186607590217,-0.9422186607590217,-0.9422186607590217,-0.9422186607590217,-0.9422186607590217,-0.9422186607590217,-0.9422186607590217,-0.9422186607590217,-0.9422186607590217,-0.9422186607590217,-0.9422186607590217,-0.9422186607590217,-0.9422186607590217,-0.9422186607590217,-0.9422186607590217,-0.9422186607590217,-0.9422186607590217,-0.9422186607590217,-0.9422186607590217,-0.9422186607590217,-0.9422186607590217,-0.9422186607590217,-0.9422186607590217,-0.9422186607590217,-0.9422186607590217,-0.9422186607590217,-0.9422186607590217,-0.9422186607590217,-0.9422186607590217,-0.9422186607590217,-0.9422186607590217,-0.9422186607590217,-0.9422186607590217,-0.9422186607590217,-0.9422186607590217,-0.9422186607590217,-0.9422186607590217,-0.9422186607590217,-0.9422186607590217,-0.9422186607590217,-0.9422186607590217,-0.9422186607590217,-0.9422186607590217,-0.9422186607590217,-0.9422186607590217,-0.9422186607590217,-0.9422186607590217,-0.9422186607590217,-0.9422186607590217,-0.9422186607590217,-0.9422186607590217,-0.9422186607590217,-0.9422186607590217,-0.9422186607590217,-0.9422186607590217,-0.9422186607590217,-0.9422186607590217,-0.9422186607590217,-0.9422186607590217,-0.9422186607590217,-0.9422186607590217,-0.9422186607590217,-0.9422186607590217,-0.9422186607590217,-0.9422186607590217,-0.9422186607590217,-0.9422186607590217,-0.9422186607590217,-0.9422186607590217,-0.9422186607590217,-0.9422186607590217,-0.9422186607590217,-0.9422186607590217,-0.9422186607590217,-0.9422186607590217,-0.9422186607590217,-0.9422186607590217,-0.9422186607590217,-0.9422186607590217,-0.9422186607590217,-0.9422186607590217,-0.9422186607590217,-0.9422186607590217,-0.9422186607590217,-0.9422186607590217,-0.9422186607590217,-0.9422186607590217,-0.9422186607590217
1.969566382794139,1.969566382794139,1.969566382794139,1.969566382794139,1.969566382794139,1.969566382794139,1.969566382794139,1.969566382794139,1.969566382794139,1.969566382794139,1.969566382794139,1.969566382794139,1.969566382794139,1.969566382794139,1.969566382794139,1.969566382794139,1.969566382794139,1.969566382794139,1.969566382794139,1.969566382794139,1.969566382794139,1.969566382794139,1.969566382794139,1.969566382794139,1.969566382794139,1.969566382794139,1.969566382794139,1.969566382794139,1.969566382794139,1.969566382794139,1.969566382794139,1.969566382794139,1.969566382794139,1.969566382794139,1.969566382794139,1.969566382794139,1.969566382794139,1.969566382794139,1.969566382794139,1.969566382794139,1.969566382794139,1.969566382794139,1.969566382794139,1.969566382794139,1.969566382794139,1.969566382794139,1.969566382794139,1.969566382794139,1.969566382794139,1.969566382794139,1.969566382794139,1.969566382794139,1.969566382794139,1.969566382794139,1.969566382794139,1.969566382794139,1.969566382794139,1.969566382794139,1.969566382794139,1.969566382794139,1.969566382794139,1.969566382794139,1.969566382794139,1.969566382794139,1.969566382794139,1.969566382794139,1.969566382794139,1.969566382794139,1.969566382794139,1.969566382794139,1.969566382794139,1.969566382794139,1.969566382794139,1.969566382794139,1.969566382794139,1.969566382794139,1.969566382794139,1.969566382794139,1.969566382794139,1.969566382794139,1.969566382794139,1.969566382794139,1.969566382794139,1.969566382794139,1.969566382794139,1.969566382794139,1.969566382794139,1.969566382794139,1.969566382794139,1.969566382794139,1.969566382794139,1.969566382794139,1.969566382794139,1.969566382794139,1.969566382794139,1.969566382794139,1.969566382794139,1.969566382794139,1.969566382794139,1.969566382794139,1.969566382794139,1.969566382794139,1.969566382794139,1.969566382794139,1.969566382794139,1.969566382794139,1.969566382794139,1.969566382794139,1.969566382794139,1.969566382794139,1.969566382794139,1.969566382794139,1.969566382794139,1.969566382794139,1.969566382794139,1.969566382794139,1.969566382794139,1.969566382794139,1.969566382794139,1.969566382794139,1.969566382794139,1.969566382794139,1.969566382794139,1.969566382794139,1.969566382794139,1.969566382794139,1.969566382794139,1.969566382794139,1.969566382794139,1.969566382794139,1.969566382794139,1.969566382794139,1.969566382794139,1.969566382794139,1.969566382794139,1.969566382794139,1.969566382794139,1.969566382794139,1.969566382794139,1.969566382794139,1.969566382794139,1.969566382794139,1.969566382794139,1.969566382794139,1.969566382794139,1.969566382794139,1.969566382794139,1.969566382794139,1.969566382794139,1.969566382794139,1.969566382794139,1.969566382794139,1.969566382794139,1.969566382794139,1.969566382794139,1.969566382794139,1.969566382794139,1.969566382794139,1.969566382794139,1.969566382794139,1.969566382794139,1.969566382794139,1.969566382794139,1.969566382794139,1.969566382794139,1.969566382794139,1.969566382794139,1.969566382794139,1.969566382794139,1.969566382794139,1.969566382794139,1.969566382794139,1.969566382794139,1.969566382794139,1.969566382794139,1.969566382794139,1.969566382794139,1.969566382794139,1.969566382794139,1.969566382794139,1.969566382794139,1.969566382794139,1.969566382794139,1.969566382794139,1.969566382794139,1.969566382794139,1.969566382794139,1.969566382794139,1.969566382794139,1.969566382794139,1.969566382794139,1.969566382794139,1.969566382794139,1.969566382794139,1.969566382794139,1.969566382794139,1.969566382794139,1.969566382794139,1.969566382794139,1.969566382794139,1.969566382794139,1.969566382794139,1.969566382794139,1.969566382794139,1.969566382794139,1.969566382794139,1.969566382794139,1.969566382794139,1.969566382794139,1.969566382794139,1.969566382794139,1.969566382794139,1.969566382794139,1.969566382794139,1.969566382794139,1.969566382794139,1.969566382794139,1.969566382794139,1.969566382794139,1.969566382794139,1.969566382794139,1.969566382794139,1.969566382794139,1.969566382794139,1.969566382794139,1.969566382794139,1.969566382794139,1.969566382794139,1.969566382794139,1.969566382794139,1.969566382794139,1.969566382794139,1.969566382794139,1.969566382794139,1.969566382794139,1.969566382794139,1.969566382794139,1.969566382794139,1.969566382794139,1.969566382794139,1.969566382794139,1.969566382794139,1.969566382794139,1.969566382794139,1.969566382794139,1.969566382794139,1.969566382794139,1.969566382794139,1.969566382794139,1.969566382794139,1.969566382794139,1.969566382794139,1.969566382794139,1.969566382794139,1.969566382794139,1.969566382794139,1.969566382794139,1.969566382794139,1.969566382794139,1.969566382794139,1.969566382794139,1.969566382794139,1.969566382794139,1.969566382794139,1.969566382794139,1.969566382794139,1.969566382794139,1.969566382794139,1.969566382794139,1.969566382794139,1.969566382794139,1.969566382794139,1.969566382794139,1.969566382794139,1.969566382794139,1.969566382794139,1.969566382794139,1.969566382794139,1.969566382794139,1.969566382794139,1.969566382794139,1.969566382794139,1.969566382794139,1.969566382794139,1.969566382794139,1.969566382794139,1.969566382794139,1.969566382794139,1.969566382794139,1.969566382794139,1.969566382794139,1.969566382794139,1.969566382794139,1.969566382794139,1.969566382794139,1.969566382794139,1.969566382794139,1.969566382794139,1.969566382794139,1.969566382794139,1.969566382794139,1.969566382794139,1.969566382794139,1.969566382794139,1.969566382794139,1.969566382794139,1.969566382794139,1.969566382794139,1.969566382794139,1.969566382794139,1.969566382794139,1.969566382794139,1.969566382794139,1.969566382794139,1.969566382794139,1.969566382794139,1.969566382794139,1.969566382794139,1.969566382794139,1.969566382794139,1.969566382794139,1.969566382794139,1.969566382794139,1.969566382794139,1.969566382794139,1.969566382794139,1.969566382794139,1.969566382794139,1.969566382794139,1.969566382794139,1.969566382794139,1.969566382794139,1.969566382794139,1.969566382794139,1.969566382794139,1.969566382794139,1.969566382794139,1.969566382794139,1.969566382794139,1.969566382794139,1.969566382794139,1.969566382794139,1.969566382794139,1.969566382794139,1.969566382794139,1.969566382794139,1.969566382794139,1.969566382794139,1.969566382794139,1.969566382794139,1.969566382794139,1.969566382794139,1.969566382794139,1.969566382794139,1.969566382794139,1.969566382794139,1.969566382794139,1.969566382794139,1.969566382794139,1.969566382794139,1.969566382794139,1.969566382794139,1.969566382794139,1.969566382794139,1.969566382794139,1.969566382794139,1.969566382794139,1.969566382794139,1.969566382794139,1.969566382794139,1.969566382794139,1.969566382794139,1.969566382794139,1.969566382794139,1.969566382794139,1.969566382794139,1.969566382794139,1.969566382794139,1.969566382794139,1.969566382794139,1.969566382794139,1.969566382794139,1.969566382794139,1.969566382794139,1.969566382794139,1.969566382794139,1.969566382794139,1.969566382794139,1.969566382794139,1.969566382794139,1.969566382794139,1.969566382794139
-0.8399892229904783,-0.8399892229904783,-0.8399892229904783,-0.8399892229904783,-0.8399892229904783,-0.8399892229904783,-0.8399892229904783,-0.8399892229904783,-0.8399892229904783,-0.8399892229904783,-0.8399892229904783,-0.8399892229904783,-0.8399892229904783,-0.8399892229904783,-0.8399892229904783,-0.8399892229904783,-0.8399892229904783,-0.8399892229904783,-0.8399892229904783,-0.8399892229904783,-0.8399892229904783,-0.8399892229904783,-0.8399892229904783,-0.8399892229904783,-0.8399892229904783,-0.8399892229904783,-0.8399892229904783,-0.8399892229904783,-0.8399892229904783,-0.8399892229904783,-0.8399892229904783,-0.8399892229904783,-0.8399892229904783,-0.8399892229904783,-0.8399892229904783,-0.8399892229904783,-0.8399892229904783,-0.8399892229904783,-0.8399892229904783,-0.8399892229904783,-0.8399892229904783,-0.8399892229904783,-0.8399892229904783,-0.8399892229904783,-0.8399892229904783,-0.8399892229904783,-0.8399892229904783,-0.8399892229904783,-0.8399892229904783,-0.8399892229904783,-0.8399892229904783,-0.8399892229904783,-0.8399892229904783,-0.8399892229904783,-0.8399892229904783,-0.8399892229904783,-0.8399892229904783,-0.8399892229904783,-0.8399892229904783,-0.8399892229904783,-0.8399892229904783,-0.8399892229904783,-0.8399892229904783,-0.8399892229904783,-0.8399892229904783,-0.8399892229904783,-0.8399892229904783,-0.8399892229904783,-0.8399892229904783,-0.8399892229904783,-0.8399892229904783,-0.8399892229904783,-0.8399892229904783,-0.8399892229904783,-0.8399892229904783,-0.8399892229904783,-0.8399892229904783,-0.8399892229904783,-0.8399892229904783,-0.8399892229904783,-0.8399892229904783,-0.8399892229904783,-0.8399892229904783,-0.8399892229904783,-0.8399892229904783,-0.8399892229904783,-0.8399892229904783,-0.8399892229904783,-0.8399892229904783,-0.8399892229904783,-0.8399892229904783,-0.8399892229904783,-0.8399892229904783,-0.8399892229904783,-0.8399892229904783,-0.8399892229904783,-0.8399892229904783,-0.8399892229904783,-0.8399892229904783,-0.8399892229904783,-0.8399892229904783,-0.8399892229904783,-0.8399892229904783,-0.8399892229904783,-0.8399892229904783,-0.8399892229904783,-0.8399892229904783,-0.8399892229904783,-0.8399892229904783,-0.8399892229904783,-0.8399892229904783,-0.8399892229904783,-0.8399892229904783,-0.8399892229904783,-0.8399892229904783,-0.8399892229904783,-0.8399892229904783,-0.8399892229904783,-0.8399892229904783,-0.8399892229904783,-0.8399892229904783,-0.8399892229904783,-0.8399892229904783,-0.8399892229904783,-0.8399892229904783,-0.8399892229904783,-0.8399892229904783,-0.8399892229904783,-0.8399892229904783,-0.8399892229904783,-0.8399892229904783,-0.8399892229904783,-0.8399892229904783,-0.8399892229904783,-0.8399892229904783,-0.8399892229904783,-0.8399892229904783,-0.8399892229904783,-0.8399892229904783,-0.8399892229904783,-0.8399892229904783,-0.8399892229904783,-0.8399892229904783,-0.8399892229904783,-0.8399892229904783,-0.8399892229904783,-0.8399892229904783,-0.8399892229904783,-0.8399892229904783,-0.8399892229904783,-0.8399892229904783,-0.8399892229904783,-0.8399892229904783,-0.8399892229904783,-0.8399892229904783,-0.8399892229904783,-0.8399892229904783,-0.8399892229904783,-0.8399892229904783,-0.8399892229904783,-0.8399892229904783,-0.8399892229904783,-0.8399892229904783,-0.8399892229904783,-0.8399892229904783,-0.8399892229904783,-0.8399892229904783,-0.8399892229904783,-0.8399892229904783,-0.8399892229904783,-0.8399892229904783,-0.8399892229904783,-0.8399892229904783,-0.8399892229904783,-0.8399892229904783,-0.8399892229904783,-0.8399892229904783,-0.8399892229904783,-0.8399892229904783,-0.8399892229904783,-0.8399892229904783,-0.8399892229904783,-0.8399892229904783,-0.8399892229904783,-0.8399892229904783,-0.8399892229904783,-0.8399892229904783,-0.8399892229904783,-0.8399892229904783,-0.8399892229904783,-0.8399892229904783,-0.8399892229904783,-0.8399892229904783,-0.8399892229904783,-0.8399892229904783,-0.8399892229904783,-0.8399892229904783,-0.8399892229904783,-0.8399892229904783,-0.8399892229904783,-0.8399892229904783,-0.8399892229904783,-0.8399892229904783,-0.8399892229904783,-0.8399892229904783,-0.8399892229904783,-0.8399892229904783,-0.8399892229904783,-0.8399892229904783,-0.8399892229904783,-0.8399892229904783,-0.8399892229904783,-0.8399892229904783,-0.8399892229904783,-0.8399892229904783,-0.8399892229904783,-0.8399892229904783,-0.8399892229904783,-0.8399892229904783,-0.8399892229904783,-0.8399892229904783,-0.8399892229904783,-0.8399892229904783,-0.8399892229904783,-0.8399892229904783,-0.8399892229904783,-0.8399892229904783,-0.8399892229904783,-0.8399892229904783,-0.8399892229904783,-0.8399892229904783,-0.8399892229904783,-0.8399892229904783,-0.8399892229904783,-0.8399892229904783,-0.8399892229904783,-0.8399892229904783,-0.8399892229904783,-0.8399892229904783,-0.8399892229904783,-0.8399892229904783,-0.8399892229904783,-0.8399892229904783,-0.8399892229904783,-0.8399892229904783,-0.8399892229904783,-0.8399892229904783,-0.8399892229904783,-0.8399892229904783,-0.8399892229904783,-0.8399892229904783,-0.8399892229904783,-0.8399892229904783,-0.8399892229904783,-0.8399892229904783,-0.8399892229904783,-0.8399892229904783,-0.8399892229904783,-0.8399892229904783,-0.8399892229904783,-0.8399892229904783,-0.8399892229904783,-0.8399892229904783,-0.8399892229904783,-0.8399892229904783,-0.8399892229904783,-0.8399892229904783,-0.8399892229904783,-0.8399892229904783,-0.8399892229904783,-0.8399892229904783,-0.8399892229904783,-0.8399892229904783,-0.8399892229904783,-0.8399892229904783,-0.8399892229904783,-0.8399892229904783,-0.8399892229904783,-0.8399892229904783,-0.8399892229904783,-0.8399892229904783,-0.8399892229904783,-0.8399892229904783,-0.8399892229904783,-0.8399892229904783,-0.8399892229904783,-0.8399892229904783,-0.8399892229904783,-0.8399892229904783,-0.8399892229904783,-0.8399892229904783,-0.8399892229904783,-0.8399892229904783,-0.8399892229904783,-0.8399892229904783,-0.8399892229904783,-0.8399892229904783,-0.8399892229904783,-0.8399892229904783,-0.8399892229904783,-0.8399892229904783,-0.8399892229904783,-0.8399892229904783,-0.8399892229904783,-0.8399892229904783,-0.8399892229904783,-0.8399892229904783,-0.8399892229904783,-0.8399892229904783,-0.8399892229904783,-0.8399892229904783,-0.8399892229904783,-0.8399892229904783,-0.8399892229904783,-0.8399892229904783,-0.8399892229904783,-0.8399892229904783,-0.8399892229904783,-0.8399892229904783,-0.8399892229904783,-0.8399892229904783,-0.8399892229904783,-0.8399892229904783,-0.8399892229904783,-0.8399892229904783,-0.8399892229904783,-0.8399892229904783,-0.8399892229904783,-0.8399892229904783,-0.8399892229904783,-0.8399892229904783,-0.8399892229904783,-0.8399892229904783,-0.8399892229904783,-0.8399892229904783,-0.8399892229904783,-0.8399892229904783,-0.8399892229904783,-0.8399892229904783,-0.8399892229904783,-0.8399892229904783,-0.8399892229904783,-0.8399892229904783,-0.8399892229904783,-0.8399892229904783,-0.8399892229904783,-0.8399892229904783,-0.8399892229904783,-0.8399892229904783,-0.8399892229904783,-0.8399892229904783,-0.8399892229904783,-0.8399892229904783,-0.8399892229904783,-0.8399892229904783,-0.8399892229904783,-0.8399892229904783,-0.8399892229904783,-0.8399892229904783,-0.8399892229904783,-0.8399892229904783,-0.8399892229904783,-0.8399892229904783,-0.8399892229904783,-0.8399892229904783,-0.8399892229904783,-0.8399892229904783,-0.8399892229904783,-0.8399892229904783,-0.8399892229904783,-0.8399892229904783,-0.8399892229904783,-0.8399892229904783,-0.8399892229904783,-0.8399892229904783,-0.8399892229904783,-0.8399892229904783,-0.8399892229904783,-0.8399892229904783,-0.8399892229904783,-0.8399892229904783,-0.8399892229904783,-0.8399892229904783,-0.8399892229904783,-0.8399892229904783,-0.8399892229904783,-0.8399892229904783,-0.8399892229904783,-0.8399892229904783,-0.8399892229904783,-0.8399892229904783,-0.8399892229904783
0.41281951000609457,0.41281951000609457,0.41281951000609457,0.41281951000609457,0.41281951000609457,0.41281951000609457,0.41281951000609457,0.41281951000609457,0.41281951000609457,0.41281951000609457,0.41281951000609457,0.41281951000609457,0.41281951000609457,0.41281951000609457,0.41281951000609457,0.41281951000609457,0.41281951000609457,0.41281951000609457,0.41281951000609457,0.41281951000609457,0.41281951000609457,0.41281951000609457,0.41281951000609457,0.41281951000609457,0.41281951000609457,0.41281951000609457,0.41281951000609457,0.41281951000609457,0.41281951000609457,0.41281951000609457,0.41281951000609457,0.41281951000609457,0.41281951000609457,0.41281951000609457,0.41281951000609457,0.41281951000609457,0.41281951000609457,0.41281951000609457,0.41281951000609457,0.41281951000609457,0.41281951000609457,0.41281951000609457,0.41281951000609457,0.41281951000609457,0.41281951000609457,0.41281951000609457,0.41281951000609457,0.41281951000609457,0.41281951000609457,0.41281951000609457,0.41281951000609457,0.41281951000609457,0.41281951000609457,0.41281951000609457,0.41281951000609457,0.41281951000609457,0.41281951000609457,0.41281951000609457,0.41281951000609457,0.41281951000609457,0.41281951000609457,0.41281951000609457,0.41281951000609457,0.41281951000609457,0.41281951000609457,0.41281951000609457,0.41281951000609457,0.41281951000609457,0.41281951000609457,0.41281951000609457,0.41281951000609457,0.41281951000609457,0.41281951000609457,0.41281951000609457,0.41281951000609457,0.41281951000609457,0.41281951000609457,0.41281951000609457,0.41281951000609457,0.41281951000609457,0.41281951000609457,0.41281951000609457,0.41281951000609457,0.41281951000609457,0.41281951000609457,0.41281951000609457,0.41281951000609457,0.41281951000609457,0.41281951000609457,0.41281951000609457,0.41281951000609457,0.41281951000609457,0.41281951000609457,0.41281951000609457,0.41281951000609457,0.41281951000609457,0.41281951000609457,0.41281951000609457,0.41281951000609457,0.41281951000609457,0.41281951000609457,0.41281951000609457,0.41281951000609457,0.41281951000609457,0.41281951000609457,0.41281951000609457,0.41281951000609457,0.41281951000609457,0.41281951000609457,0.41281951000609457,0.41281951000609457,0.41281951000609457,0.41281951000609457,0.41281951000609457,0.41281951000609457,0.41281951000609457,0.41281951000609457,0.41281951000609457,0.41281951000609457,0.41281951000609457,0.41281951000609457,0.41281951000609457,0.41281951000609457,0.41281951000609457,0.41281951000609457,0.41281951000609457,0.41281951000609457,0.41281951000609457,0.41281951000609457,0.41281951000609457,0.41281951000609457,0.41281951000609457,0.41281951000609457,0.41281951000609457,0.41281951000609457,0.41281951000609457,0.41281951000609457,0.41281951000609457,0.41281951000609457,0.41281951000609457,0.41281951000609457,0.41281951000609457,0.41281951000609457,0.41281951000609457,0.41281951000609457,0.41281951000609457,0.41281951000609457,0.41281951000609457,0.41281951000609457,0.41281951000609457,0.41281951000609457,0.41281951000609457,0.41281951000609457,0.41281951000609457,0.41281951000609457,0.41281951000609457,0.41281951000609457,0.41281951000609457,0.41281951000609457,0.41281951000609457,0.41281951000609457,0.41281951000609457,0.41281951000609457,0.41281951000609457,0.41281951000609457,0.41281951000609457,0.41281951000609457,0.41281951000609457,0.41281951000609457,0.41281951000609457,0.41281951000609457,0.41281951000609457,0.41281951000609457,0.41281951000609457,0.41281951000609457,0.41281951000609457,0.41281951000609457,0.41281951000609457,0.41281951000609457,0.41281951000609457,0.41281951000609457,0.41281951000609457,0.41281951000609457,0.41281951000609457,0.41281951000609457,0.41281951000609457,0.41281951000609457,0.41281951000609457,0.41281951000609457,0.41281951000609457,0.41281951000609457,0.41281951000609457,0.41281951000609457,0.41281951000609457,0.41281951000609457,0.41281951000609457,0.41281951000609457,0.41281951000609457,0.41281951000609457,0.41281951000609457,0.41281951000609457,0.41281951000609457,0.41281951000609457,0.41281951000609457,0.41281951000609457,0.41281951000609457,0.41281951000609457,0.41281951000609457,0.41281951000609457,0.41281951000609457,0.41281951000609457,0.41281951000609457,0.41281951000609457,0.41281951000609457,0.41281951000609457,0.41281951000609457,0.41281951000609457,0.41281951000609457,0.41281951000609457,0.41281951000609457,0.41281951000609457,0.41281951000609457,0.41281951000609457,0.41281951000609457,0.41281951000609457,0.41281951000609457,0.41281951000609457,0.41281951000609457,0.41281951000609457,0.41281951000609457,0.41281951000609457,0.41281951000609457,0.41281951000609457,0.41281951000609457,0.41281951000609457,0.41281951000609457,0.41281951000609457,0.41281951000609457,0.41281951000609457,0.41281951000609457,0.41281951000609457,0.41281951000609457,0.41281951000609457,0.41281951000609457,0.41281951000609457,0.41281951000609457,0.41281951000609457,0.41281951000609457,0.41281951000609457,0.41281951000609457,0.41281951000609457,0.41281951000609457,0.41281951000609457,0.41281951000609457,0.41281951000609457,0.41281951000609457,0.41281951000609457,0.41281951000609457,0.41281951000609457,0.41281951000609457,0.41281951000609457,0.41281951000609457,0.41281951000609457,0.41281951000609457,0.41281951000609457,0.41281951000609457,0.41281951000609457,0.41281951000609457,0.41281951000609457,0.41281951000609457,0.41281951000609457,0.41281951000609457,0.41281951000609457,0.41281951000609457,0.41281951000609457,0.41281951000609457,0.41281951000609457,0.41281951000609457,0.41281951000609457,0.41281951000609457,0.41281951000609457,0.41281951000609457,0.41281951000609457,0.41281951000609457,0.41281951000609457,0.41281951000609457,0.41281951000609457,0.41281951000609457,0.41281951000609457,0.41281951000609457,0.41281951000609457,0.41281951000609457,0.41281951000609457,0.41281951000609457,0.41281951000609457,0.41281951000609457,0.41281951000609457,0.41281951000609457,0.41281951000609457,0.41281951000609457,0.41281951000609457,0.41281951000609457,0.41281951000609457,0.41281951000609457,0.41281951000609457,0.41281951000609457,0.41281951000609457,0.41281951000609457,0.41281951000609457,0.41281951000609457,0.41281951000609457,0.41281951000609457,0.41281951000609457,0.41281951000609457,0.41281951000609457,0.41281951000609457,0.41281951000609457,0.41281951000609457,0.41281951000609457,0.41281951000609457,0.41281951000609457,0.41281951000609457,0.41281951000609457,0.41281951000609457,0.41281951000609457,0.41281951000609457,0.41281951000609457,0.41281951000609457,0.41281951000609457,0.41281951000609457,0.41281951000609457,0.41281951000609457,0.41281951000609457,0.41281951000609457,0.41281951000609457,0.41281951000609457,0.41281951000609457,0.41281951000609457,0.41281951000609457,0.41281951000609457,0.41281951000609457,0.41281951000609457,0.41281951000609457,0.41281951000609457,0.41281951000609457,0.41281951000609457,0.41281951000609457,0.41281951000609457,0.41281951000609457,0.41281951000609457,0.41281951000609457,0.41281951000609457,0.41281951000609457,0.41281951000609457,0.41281951000609457,0.41281951000609457,0.41281951000609457,0.41281951000609457,0.41281951000609457,0.41281951000609457,0.41281951000609457,0.41281951000609457,0.41281951000609457,0.41281951000609457,0.41281951000609457,0.41281951000609457,0.41281951000609457,0.41281951000609457,0.41281951000609457,0.41281951000609457,0.41281951000609457,0.41281951000609457,0.41281951000609457,0.41281951000609457,0.41281951000609457,0.41281951000609457,0.41281951000609457,0.41281951000609457,0.41281951000609457,0.41281951000609457,0.41281951000609457,0.41281951000609457,0.41281951000609457,0.41281951000609457,0.41281951000609457,0.41281951000609457,0.41281951000609457,0.41281951000609457,0.41281951000609457,0.41281951000609457,0.41281951000609457,0.41281951000609457
1.0,1.0,1.0,1.0,1.0,1.0,1.0,1.0,1.0,1.0,1.0,1.0,1.0,1.0,1.0,1.0,1.0,1.0,1.0,1.0,1.0,1.0,1.0,1.0,1.0,1.0,1.0,1.0,1.0,1.0,1.0,1.0,1.0,1.0,1.0,1.0,1.0,1.0,1.0,1.0,1.0,1.0,1.0,1.0,1.0,1.0,1.0,1.0,1.0,1.0,1.0,1.0,1.0,1.0,1.0,1.0,1.0,1.0,1.0,1.0,1.0,1.0,1.0,1.0,1.0,1.0,1.0,1.0,1.0,1.0,1.0,1.0,1.0,1.0,1.0,1.0,1.0,1.0,1.0,1.0,1.0,1.0,1.0,1.0,1.0,1.0,1.0,1.0,1.0,1.0,1.0,1.0,1.0,1.0,1.0,1.0,1.0,1.0,1.0,1.0,1.0,1.0,1.0,1.0,1.0,1.0,1.0,1.0,1.0,1.0,1.0,1.0,1.0,1.0,1.0,1.0,1.0,1.0,1.0,1.0,1.0,1.0,1.0,1.0,1.0,1.0,1.0,1.0,1.0,1.0,1.0,1.0,1.0,1.0,1.0,1.0,1.0,1.0,1.0,1.0,1.0,1.0,1.0,1.0,1.0,1.0,1.0,1.0,1.0,1.0,1.0,1.0,1.0,1.0,1.0,1.0,1.0,1.0,1.0,1.0,1.0,1.0,1.0,1.0,1.0,1.0,1.0,1.0,1.0,1.0,1.0,1.0,1.0,1.0,1.0,1.0,1.0,1.0,1.0,1.0,1.0,1.0,1.0,1.0,1.0,1.0,1.0,1.0,1.0,1.0,1.0,1.0,1.0,1.0,1.0,1.0,1.0,1.0,1.0,1.0,1.0,1.0,1.0,1.0,1.0,1.0,1.0,1.0,1.0,1.0,1.0,1.0,1.0,1.0,1.0,1.0,1.0,1.0,1.0,1.0,1.0,1.0,1.0,1.0,1.0,1.0,1.0,1.0,1.0,1.0,1.0,1.0,1.0,1.0,1.0,1.0,1.0,1.0,1.0,1.0,1.0,1.0,1.0,1.0,1.0,1.0,1.0,1.0,1.0,1.0,1.0,1.0,1.0,1.0,1.0,1.0,1.0,1.0,1.0,1.0,1.0,1.0,1.0,1.0,1.0,1.0,1.0,1.0,1.0,1.0,1.0,1.0,1.0,1.0,1.0,1.0,1.0,1.0,1.0,1.0,1.0,1.0,1.0,1.0,1.0,1.0,1.0,1.0,1.0,1.0,1.0,1.0,1.0,1.0,1.0,1.0,1.0,1.0,1.0,1.0,1.0,1.0,1.0,1.0,1.0,1.0,1.0,1.0,1.0,1.0,1.0,1.0,1.0,1.0,1.0,1.0,1.0,1.0,1.0,1.0,1.0,1.0,1.0,1.0,1.0,1.0,1.0,1.0,1.0,1.0,1.0,1.0,1.0,1.0,1.0,1.0,1.0,1.0,1.0,1.0,1.0,1.0,1.0,1.0,1.0,1.0,1.0,1.0,1.0,1.0,1.0,1.0,1.0,1.0,1.0,1.0,1.0,1.0,1.0,1.0,1.0,1.0,1.0,1.0,1.0,1.0,1.0,1.0,1.0,1.0,1.0,1.0,1.0,1.0,1.0,1.0,1.0,1.0,1.0,1.0,1.0,1.0,1.0,1.0,1.0,1.0,1.0,1.0,1.0,1.0,1.0,1.0
-1.0,-1.0,-1.0,-1.0,-1.0,-1.0,-1.0,-1.0,-1.0,-1.0,-1.0,-1.0,-1.0,-1.0,-1.0,-1.0,-1.0,-1.0,-1.0,-1.0,-1.0,-1.0,-1.0,-1.0,-1.0,-1.0,-1.0,-1.0,-1.0,-1.0,-1.0,-1.0,-1.0,-1.0,-1.0,-1.0,-1.0,-1.0,-1.0,-1.0,-1.0,-1.0,-1.0,-1.0,-1.0,-1.0,-1.0,-1.0,-1.0,-1.0,-1.0,-1.0,-1.0,-1.0,-1.0,-1.0,-1.0,-1.0,-1.0,-1.0,-1.0,-1.0,-1.0,-1.0,-1.0,-1.0,-1.0,-1.0,-1.0,-1.0,-1.0,-1.0,-1.0,-1.0,-1.0,-1.0,-1.0,-1.0,-1.0,-1.0,-1.0,-1.0,-1.0,-1.0,-1.0,-1.0,-1.0,-1.0,-1.0,-1.0,-1.0,-1.0,-1.0,-1.0,-1.0,-1.0,-1.0,-1.0,-1.0,-1.0,-1.0,-1.0,-1.0,-1.0,-1.0,-1.0,-1.0,-1.0,-1.0,-1.0,-1.0,-1.0,-1.0,-1.0,-1.0,-1.0,-1.0,-1.0,-1.0,-1.0,-1.0,-1.0,-1.0,-1.0,-1.0,-1.0,-1.0,-1.0,-1.0,-1.0,-1.0,-1.0,-1.0,-1.0,-1.0,-1.0,-1.0,-1.0,-1.0,-1.0,-1.0,-1.0,-1.0,-1.0,-1.0,-1.0,-1.0,-1.0,-1.0,-1.0,-1.0,-1.0,-1.0,-1.0,-1.0,-1.0,-1.0,-1.0,-1.0,-1.0,-1.0,-1.0,-1.0,-1.0,-1.0,-1.0,-1.0,-1.0,-1.0,-1.0,-1.0,-1.0,-1.0,-1.0,-1.0,-1.0,-1.0,-1.0,-1.0,-1.0,-1.0,-1.0,-1.0,-1.0,-1.0,-1.0,-1.0,-1.0,-1.0,-1.0,-1.0,-1.0,-1.0,-1.0,-1.0,-1.0,-1.0,-1.0,-1.0,-1.0,-1.0,-1.0,-1.0,-1.0,-1.0,-1.0,-1.0,-1.0,-1.0,-1.0,-1.0,-1.0,-1.0,-1.0,-1.0,-1.0,-1.0,-1.0,-1.0,-1.0,-1.0,-1.0,-1.0,-1.0,-1.0,-1.0,-1.0,-1.0,-1.0,-1.0,-1.0,-1.0,-1.0,-1.0,-1.0,-1.0,-1.0,-1.0,-1.0,-1.0,-1.0,-1.0,-1.0,-1.0,-1.0,-1.0,-1.0,-1.0,-1.0,-1.0,-1.0,-1.0,-1.0,-1.0,-1.0,-1.0,-1.0,-1.0,-1.0,-1.0,-1.0,-1.0,-1.0,-1.0,-1.0,-1.0,-1.0,-1.0,-1.0,-1.0,-1.0,-1.0,-1.0,-1.0,-1.0,-1.0,-1.0,-1.0,-1.0,-1.0,-1.0,-1.0,-1.0,-1.0,-1.0,-1.0,-1.0,-1.0,-1.0,-1.0,-1.0,-1.0,-1.0,-1.0,-1.0,-1.0,-1.0,-1.0,-1.0,-1.0,-1.0,-1.0,-1.0,-1.0,-1.0,-1.0,-1.0,-1.0,-1.0,-1.0,-1.0,-1.0,-1.0,-1.0,-1.0,-1.0,-1.0,-1.0,-1.0,-1.0,-1.0,-1.0,-1.0,-1.0,-1.0,-1.0,-1.0,-1.0,-1.0,-1.0,-1.0,-1.0,-1.0,-1.0,-1.0,-1.0,-1.0,-1.0,-1.0,-1.0,-1.0,-1.0,-1.0,-1.0,-1.0,-1.0,-1.0,-1.0,-1.0,-1.0,-1.0,-1.0,-1.0,-1.0,-1.0,-1.0,-1.0,-1.0,-1.0,-1.0,-1.0,-1.0,-1.0,-1.0,-1.0,-1.0,-1.0,-1.0,-1.0,-1.0,-1.0,-1.0,-1.0,-1.0,-1.0,-1.0,-1.0,-1.0,-1.0,-1.0,-1.0,-1.0,-1.0,-1.0,-1.0,-1.0,-1.0,-1.0,-1.0,-1.0,-1.0,-1.0
1.0,1.0,1.0,1.0,1.0,1.0,1.0,1.0,1.0,1.0,1.0,1.0,1.0,1.0,1.0,1.0,1.0,1.0,1.0,1.0,1.0,1.0,1.0,1.0,1.0,1.0,1.0,1.0,1.0,1.0,1.0,1.0,1.0,1.0,1.0,1.0,1.0,1.0,1.0,1.0,1.0,1.0,1.0,1.0,1.0,1.0,1.0,1.0,1.0,1.0,1.0,1.0,1.0,1.0,1.0,1.0,1.0,1.0,1.0,1.0,1.0,1.0,1.0,1.0,1.0,1.0,1.0,1.0,1.0,1.0,1.0,1.0,1.0,1.0,1.0,1.0,1.0,1.0,1.0,1.0,1.0,1.0,1.0,1.0,1.0,1.0,1.0,1.0,1.0,1.0,1.0,1.0,1.0,1.0,1.0,1.0,1.0,1.0,1.0,1.0,1.0,1.0,1.0,1.0,1.0,1.0,1.0,1.0,1.0,1.0,1.0,1.0,1.0,1.0,1.0,1.0,1.0,1.0,1.0,1.0,1.0,1.0,1.0,1.0,1.0,1.0,1.0,1.0,1.0,1.0,1.0,1.0,1.0,1.0,1.0,1.0,1.0,1.0,1.0,1.0,1.0,1.0,1.0,1.0,1.0,1.0,1.0,1.0,1.0,1.0,1.0,1.0,1.0,1.0,1.0,1.0,1.0,1.0,1.0,1.0,1.0,1.0,1.0,1.0,1.0,1.0,1.0,1.0,1.0,1.0,1.0,1.0,1.0,1.0,1.0,1.0,1.0,1.0,1.0,1.0,1.0,1.0,1.0,1.0,1.0,1.0,1.0,1.0,1.0,1.0,1.0,1.0,1.0,1.0,1.0,1.0,1.0,1.0,1.0,1.0,1.0,1.0,1.0,1.0,1.0,1.0,1.0,1.0,1.0,1.0,1.0,1.0,1.0,1.0,1.0,1.0,1.0,1.0,1.0,1.0,1.0,1.0,1.0,1.0,1.0,1.0,1.0,1.0,1.0,1.0,1.0,1.0,1.0,1.0,1.0,1.0,1.0,1.0,1.0,1.0,1.0,1.0,1.0,1.0,1.0,1.0,1.0,1.0,1.0,1.0,1.0,1.0,1.0,1.0,1.0,1.0,1.0,1.0,1.0,1.0,1.0,1.0,1.0,1.0,1.0,1.0,1.0,1.0,1.0,1.0,1.0,1.0,1.0,1.0,1.0,1.0,1.0,1.0,1.0,1.0,1.0,1.0,1.0,1.0,1.0,1.0,1.0,1.0,1.0,1.0,1.0,1.0,1.0,1.0,1.0,1.0,1.0,1.0,1.0,1.0,1.0,1.0,1.0,1.0,1.0,1.0,1.0,1.0,1.0,1.0,1.0,1.0,1.0,1.0,1.0,1.0,1.0,1.0,1.0,1.0,1.0,1.0,1.0,1.0,1.0,1.0,1.0,1.0,1.0,1.0,1.0,1.0,1.0,1.0,1.0,1.0,1.0,1.0,1.0,1.0,1.0,1.0,1.0,1.0,1.0,1.0,1.0,1.0,1.0,1.0,1.0,1.0,1.0,1.0,1.0,1.0,1.0,1.0,1.0,1.0,1.0,1.0,1.0,1.0,1.0,1.0,1.0,1.0,1.0,1.0,1.0,1.0,1.0,1.0,1.0,1.0,1.0,1.0,1.0,1.0,1.0,1.0,1.0,1.0,1.0,1.0,1.0,1.0,1.0,1.0,1.0,1.0
-1.0,-1.0,-1.0,-1.0,-1.0,-1.0,-1.0,-1.0,-1.0,-1.0,-1.0,-1.0,-1.0,-1.0,-1.0,-1.0,-1.0,-1.0,-1.0,-1.0,-1.0,-1.0,-1.0,-1.0,-1.0,-1.0,-1.0,-1.0,-1.0,-1.0,-1.0,-1.0,-1.0,-1.0,-1.0,-1.0,-1.0,-1.0,-1.0,-1.0,-1.0,-1.0,-1.0,-1.0,-1.0,-1.0,-1.0,-1.0,-1.0,-1.0,-1.0,-1.0,-1.0,-1.0,-1.0,-1.0,-1.0,-1.0,-1.0,-1.0,-1.0,-1.0,-1.0,-1.0,-1.0,-1.0,-1.0,-1.0,-1.0,-1.0,-1.0,-1.0,-1.0,-1.0,-1.0,-1.0,-1.0,-1.0,-1.0,-1.0,-1.0,-1.0,-1.0,-1.0,-1.0,-1.0,-1.0,-1.0,-1.0,-1.0,-1.0,-1.0,-1.0,-1.0,-1.0,-1.0,-1.0,-1.0,-1.0,-1.0,-1.0,-1.0,-1.0,-1.0,-1.0,-1.0,-1.0,-1.0,-1.0,-1.0,-1.0,-1.0,-1.0,-1.0,-1.0,-1.0,-1.0,-1.0,-1.0,-1.0,-1.0,-1.0,-1.0,-1.0,-1.0,-1.0,-1.0,-1.0,-1.0,-1.0,-1.0,-1.0,-1.0,-1.0,-1.0,-1.0,-1.0,-1.0,-1.0,-1.0,-1.0,-1.0,-1.0,-1.0,-1.0,-1.0,-1.0,-1.0,-1.0,-1.0,-1.0,-1.0,-1.0,-1.0,-1.0,-1.0,-1.0,-1.0,-1.0,-1.0,-1.0,-1.0,-1.0,-1.0,-1.0,-1.0,-1.0,-1.0,-1.0,-1.0,-1.0,-1.0,-1.0,-1.0,-1.0,-1.0,-1.0,-1.0,-1.0,-1.0,-1.0,-1.0,-1.0,-1.0,-1.0,-1.0,-1.0,-1.0,-1.0,-1.0,-1.0,-1.0,-1.0,-1.0,-1.0,-1.0,-1.0,-1.0,-1.0,-1.0,-1.0,-1.0,-1.0,-1.0,-1.0,-1.0,-1.0,-1.0,-1.0,-1.0,-1.0,-1.0,-1.0,-1.0,-1.0,-1.0,-1.0,-1.0,-1.0,-1.0,-1.0,-1.0,-1.0,-1.0,-1.0,-1.0,-1.0,-1.0,-1.0,-1.0,-1.0,-1.0,-1.0,-1.0,-1.0,-1.0,-1.0,-1.0,-1.0,-1.0,-1.0,-1.0,-1.0,-1.0,-1.0,-1.0,-1.0,-1.0,-1.0,-1.0,-1.0,-1.0,-1.0,-1.0,-1.0,-1.0,-1.0,-1.0,-1.0,-1.0,-1.0,-1.0,-1.0,-1.0,-1.0,-1.0,-1.0,-1.0,-1.0,-1.0,-1.0,-1.0,-1.0,-1.0,-1.0,-1.0,-1.0,-1.0,-1.0,-1.0,-1.0,-1.0,-1.0,-1.0,-1.0,-1.0,-1.0,-1.0,-1.0,-1.0,-1.0,-1.0,-1.0,-1.0,-1.0,-1.0,-1.0,-1.0,-1.0,-1.0,-1.0,-1.0,-1.0,-1.0,-1.0,-1.0,-1.0,-1.0,-1.0,-1.0,-1.0,-1.0,-1.0,-1.0,-1.0,-1.0,-1.0,-1.0,-1.0,-1.0,-1.0,-1.0,-1.0,-1.0,-1.0,-1.0,-1.0,-1.0,-1.0,-1.0,-1.0,-1.0,-1.0,-1.0,-1.0,-1.0,-1.0,-1.0,-1.0,-1.0,-1.0,-1.0,-1.0,-1.0,-1.0,-1.0,-1.0,-1.0,-1.0,-1.0,-1.0,-1.0,-1.0,-1.0,-1.0,-1.0,-1.0,-1.0,-1.0,-1.0,-1.0,-1.0,-1.0,-1.0,-1.0,-1.0,-1.0,-1.0,-1.0,-1.0,-1.0,-1.0,-1.0,-1.0,-1.0,-1.0,-1.0,-1.0,-1.0,-1.0,-1.0,-1.0,-1.0,-1.0,-1.0,-1.0,-1.0,-1.0,-1.0,-1.0,-1.0,-1.0
-1.0,-1.0,-1.0,-1.0,-1.0,-1.0,-1.0,-1.0,-1.0,-1.0,-1.0,-1.0,-1.0,-1.0,-1.0,-1.0,-1.0,-1.0,-1.0,-1.0,-1.0,-1.0,-1.0,-1.0,-1.0,-1.0,-1.0,-1.0,-1.0,-1.0,-1.0,-1.0,-1.0,-1.0,-1.0,-1.0,-1.0,-1.0,-1.0,-1.0,-1.0,-1.0,-1.0,-1.0,-1.0,-1.0,-1.0,-1.0,-1.0,-1.0,-1.0,-1.0,-1.0,-1.0,-1.0,-1.0,-1.0,-1.0,-1.0,-1.0,-1.0,-1.0,-1.0,-1.0,-1.0,-1.0,-1.0,-1.0,-1.0,-1.0,-1.0,-1.0,-1.0,-1.0,-1.0,-1.0,-1.0,-1.0,-1.0,-1.0,-1.0,-1.0,-1.0,-1.0,-1.0,-1.0,-1.0,-1.0,-1.0,-1.0,-1.0,-1.0,-1.0,-1.0,-1.0,-1.0,-1.0,-1.0,-1.0,-1.0,-1.0,-1.0,-1.0,-1.0,-1.0,-1.0,-1.0,-1.0,-1.0,-1.0,-1.0,-1.0,-1.0,-1.0,-1.0,-1.0,-1.0,-1.0,-1.0,-1.0,-1.0,-1.0,-1.0,-1.0,-1.0,-1.0,-1.0,-1.0,-1.0,-1.0,-1.0,-1.0,-1.0,-1.0,-1.0,-1.0,-1.0,-1.0,-1.0,-1.0,-1.0,-1.0,-1.0,-1.0,-1.0,-1.0,-1.0,-1.0,-1.0,-1.0,-1.0,-1.0,-1.0,-1.0,-1.0,-1.0,-1.0,-1.0,-1.0,-1.0,-1.0,-1.0,-1.0,-1.0,-1.0,-1.0,-1.0,-1.0,-1.0,-1.0,-1.0,-1.0,-1.0,-1.0,-1.0,-1.0,-1.0,-1.0,-1.0,-1.0,-1.0,-1.0,-1.0,-1.0,-1.0,-1.0,-1.0,-1.0,-1.0,-1.0,-1.0,-1.0,-1.0,-1.0,-1.0,-1.0,-1.0,-1.0,-1.0,-1.0,-1.0,-1.0,-1.0,-1.0,-1.0,-1.0,-1.0,-1.0,-1.0,-1.0,-1.0,-1.0,-1.0,-1.0,-1.0,-1.0,-1.0,-1.0,-1.0,-1.0,-1.0,-1.0,-1.0,-1.0,-1.0,-1.0,-1.0,-1.0,-1.0,-1.0,-1.0,-1.0,-1.0,-1.0,-1.0,-1.0,-1.0,-1.0,-1.0,-1.0,-1.0,-1.0,-1.0,-1.0,-1.0,-1.0,-1.0,-1.0,-1.0,-1.0,-1.0,-1.0,-1.0,-1.0,-1.0,-1.0,-1.0,-1.0,-1.0,-1.0,-1.0,-1.0,-1.0,-1.0,-1.0,-1.0,-1.0,-1.0,-1.0,-1.0,-1.0,-1.0,-1.0,-1.0,-1.0,-1.0,-1.0,-1.0,-1.0,-1.0,-1.0,-1.0,-1.0,-1.0,-1.0,-1.0,-1.0,-1.0,-1.0,-1.0,-1.0,-1.0,-1.0,-1.0,-1.0,-1.0,-1.0,-1.0,-1.0,-1.0,-1.0,-1.0,-1.0,-1.0,-1.0,-1.0,-1.0,-1.0,-1.0,-1.0,-1.0,-1.0,-1.0,-1.0,-1.0,-1.0,-1.0,-1.0,-1.0,-1.0,-1.0,-1.0,-1.0,-1.0,-1.0,-1.0,-1.0,-1.0,-1.0,-1.0,-1.0,-1.0,-1.0,-1.0,-1.0,-1.0,-1.0,-1.0,-1.0,-1.0,-1.0,-1.0,-1.0,-1.0,-1.0,-1.0,-1.0,-1.0,-1.0,-1.0,-1.0,-1.0,-1.0,-1.0,-1.0,-1.0,-1.0,-1.0,-1.0,-1.0,-1.0,-1.0,-1.0,-1.0,-1.0,-1.0,-1.0,-1.0,-1.0,-1.0,-1.0,-1.0,-1.0,-1.0,-1.0,-1.0,-1.0,-1.0,-1.0,-1.0,-1.0,-1.0,-1.0,-1.0,-1.0,-1.0,-1.0,-1.0,-1.0,-1.0,-1.0,-1.0
1.0,1.0,1.0,1.0,1.0,1.0,1.0,1.0,1.0,1.0,1.0,1.0,1.0,1.0,1.0,1.0,1.0,1.0,1.0,1.0,1.0,1.0,1.0,1.0,1.0,1.0,1.0,1.0,1.0,1.0,1.0,1.0,1.0,1.0,1.0,1.0,1.0,1.0,1.0,1.0,1.0,1.0,1.0,1.0,1.0,1.0,1.0,1.0,1.0,1.0,1.0,1.0,1.0,1.0,1.0,1.0,1.0,1.0,1.0,1.0,1.0,1.0,1.0,1.0,1.0,1.0,1.0,1.0,1.0,1.0,1.0,1.0,1.0,1.0,1.0,1.0,1.0,1.0,1.0,1.0,1.0,1.0,1.0,1.0,1.0,1.0,1.0,1.0,1.0,1.0,1.0,1.0,1.0,1.0,1.0,1.0,1.0,1.0,1.0,1.0,1.0,1.0,1.0,1.0,1.0,1.0,1.0,1.0,1.0,1.0,1.0,1.0,1.0,1.0,1.0,1.0,1.0,1.0,1.0,1.0,1.0,1.0,1.0,1.0,1.0,1.0,1.0,1.0,1.0,1.0,1.0,1.0,1.0,1.0,1.0,1.0,1.0,1.0,1.0,1.0,1.0,1.0,1.0,1.0,1.0,1.0,1.0,1.0,1.0,1.0,1.0,1.0,1.0,1.0,1.0,1.0,1.0,1.0,1.0,1.0,1.0,1.0,1.0,1.0,1.0,1.0,1.0,1.0,1.0,1.0,1.0,1.0,1.0,1.0,1.0,1.0,1.0,1.0,1.0,1.0,1.0,1.0,1.0,1.0,1.0,1.0,1.0,1.0,1.0,1.0,1.0,1.0,1.0,1.0,1.0,1.0,1.0,1.0,1.0,1.0,1.0,1.0,1.0,1.0,1.0,1.0,1.0,1.0,1.0,1.0,1.0,1.0,1.0,1.0,1.0,1.0,1.0,1.0,1.0,1.0,1.0,1.0,1.0,1.0,1.0,1.0,1.0,1.0,1.0,1.0,1.0,1.0,1.0,1.0,1.0,1.0,1.0,1.0,1.0,1.0,1.0,1.0,1.0,1.0,1.0,1.0,1.0,1.0,1.0,1.0,1.0,1.0,1.0,1.0,1.0,1.0,1.0,1.0,1.0,1.0,1.0,1.0,1.0,1.0,1.0,1.0,1.0,1.0,1.0,1.0,1.0,1.0,1.0,1.0,1.0,1.0,1.0,1.0,1.0,1.0,1.0,1.0,1.0,1.0,1.0,1.0,1.0,1.0,1.0,1.0,1.0,1.0,1.0,1.0,1.0,1.0,1.0,1.0,1.0,1.0,1.0,1.0,1.0,1.0,1.0,1.0,1.0,1.0,1.0,1.0,1.0,1.0,1.0,1.0,1.0,1.0,1.0,1.0,1.0,1.0,1.0,1.0,1.0,1.0,1.0,1.0,1.0,1.0,1.0,1.0,1.0,1.0,1.0,1.0,1.0,1.0,1.0,1.0,1.0,1.0,1.0,1.0,1.0,1.0,1.0,1.0,1.0,1.0,1.0,1.0,1.0,1.0,1.0,1.0,1.0,1.0,1.0,1.0,1.0,1.0,1.0,1.0,1.0,1.0,1.0,1.0,1.0,1.0,1.0,1.0,1.0,1.0,1.0,1.0,1.0,1.0,1.0,1.0,1.0,1.0,1.0,1.0,1.0,1.0,1.0,1.0,1.0,1.0,1.0,1.0,1.0,1.0
-0.08938763721498104,-0.08938763721498104,-0.08938763721498104,-0.08938763721498104,-0.08938763721498104,-0.08938763721498104,-0.08938763721498104,-0.08938763721498104,-0.08938763721498104,-0.08938763721498104,-0.08938763721498104,-0.08938763721498104,-0.08938763721498104,-0.08938763721498104,-0.08938763721498104,-0.08938763721498104,-0.08938763721498104,-0.08938763721498104,-0.08938763721498104,-0.08938763721498104,-0.08938763721498104,-0.08938763721498104,-0.08938763721498104,-0.08938763721498104,-0.08938763721498104,-0.08938763721498104,-0.08938763721498104,-0.08938763721498104,-0.08938763721498104,-0.08938763721498104,-0.08938763721498104,-0.08938763721498104,-0.08938763721498104,-0.08938763721498104,-0.08938763721498104,-0.08938763721498104,-0.08938763721498104,-0.08938763721498104,-0.08938763721498104,-0.08938763721498104,-0.08938763721498104,-0.08938763721498104,-0.08938763721498104,-0.08938763721498104,-0.08938763721498104,-0.08938763721498104,-0.08938763721498104,-0.08938763721498104,-0.08938763721498104,-0.08938763721498104,-0.08938763721498104,-0.08938763721498104,-0.08938763721498104,-0.08938763721498104,-0.08938763721498104,-0.08938763721498104,-0.08938763721498104,-0.08938763721498104,-0.08938763721498104,-0.08938763721498104,-0.08938763721498104,-0.08938763721498104,-0.08938763721498104,-0.08938763721498104,-0.08938763721498104,-0.08938763721498104,-0.08938763721498104,-0.08938763721498104,-0.08938763721498104,-0.08938763721498104,-0.08938763721498104,-0.08938763721498104,-0.08938763721498104,-0.08938763721498104,-0.08938763721498104,-0.08938763721498104,-0.08938763721498104,-0.08938763721498104,-0.08938763721498104,-0.08938763721498104,-0.08938763721498104,-0.08938763721498104,-0.08938763721498104,-0.08938763721498104,-0.08938763721498104,-0.08938763721498104,-0.08938763721498104,-0.08938763721498104,-0.08938763721498104,-0.08938763721498104,-0.08938763721498104,-0.08938763721498104,-0.08938763721498104,-0.08938763721498104,-0.08938763721498104,-0.08938763721498104,-0.08938763721498104,-0.08938763721498104,-0.08938763721498104,-0.08938763721498104,-0.08938763721498104,-0.08938763721498104,-0.08938763721498104,-0.08938763721498104,-0.08938763721498104,-0.08938763721498104,-0.08938763721498104,-0.08938763721498104,-0.08938763721498104,-0.08938763721498104,-0.08938763721498104,-0.08938763721498104,-0.08938763721498104,-0.08938763721498104,-0.08938763721498104,-0.08938763721498104,-0.08938763721498104,-0.08938763721498104,-0.08938763721498104,-0.08938763721498104,-0.08938763721498104,-0.08938763721498104,-0.08938763721498104,-0.08938763721498104,-0.08938763721498104,-0.08938763721498104,-0.08938763721498104,-0.08938763721498104,-0.08938763721498104,-0.08938763721498104,-0.08938763721498104,-0.08938763721498104,-0.08938763721498104,-0.08938763721498104,-0.08938763721498104,-0.08938763721498104,-0.08938763721498104,-0.08938763721498104,-0.08938763721498104,-0.08938763721498104,-0.08938763721498104,-0.08938763721498104,-0.08938763721498104,-0.08938763721498104,-0.08938763721498104,-0.08938763721498104,-0.08938763721498104,-0.08938763721498104,-0.08938763721498104,-0.08938763721498104,-0.08938763721498104,-0.08938763721498104,-0.08938763721498104,-0.08938763721498104,-0.08938763721498104,-0.08938763721498104,-0.08938763721498104,-0.08938763721498104,-0.08938763721498104,-0.08938763721498104,-0.08938763721498104,-0.08938763721498104,-0.08938763721498104,-0.08938763721498104,-0.08938763721498104,-0.08938763721498104,-0.08938763721498104,-0.08938763721498104,-0.08938763721498104,-0.08938763721498104,-0.08938763721498104,-0.08938763721498104,-0.08938763721498104,-0.08938763721498104,-0.08938763721498104,-0.08938763721498104,-0.08938763721498104,-0.08938763721498104,-0.08938763721498104,-0.08938763721498104,-0.08938763721498104,-0.08938763721498104,-0.08938763721498104,-0.08938763721498104,-0.08938763721498104,-0.08938763721498104,-0.08938763721498104,-0.08938763721498104,-0.08938763721498104,-0.08938763721498104,-0.08938763721498104,-0.08938763721498104,-0.08938763721498104,-0.08938763721498104,-0.08938763721498104,-0.08938763721498104,-0.08938763721498104,-0.08938763721498104,-0.08938763721498104,-0.08938763721498104,-0.08938763721498104,-0.08938763721498104,-0.08938763721498104,-0.08938763721498104,-0.08938763721498104,-0.08938763721498104,-0.08938763721498104,-0.08938763721498104,-0.08938763721498104,-0.08938763721498104,-0.08938763721498104,-0.08938763721498104,-0.08938763721498104,-0.08938763721498104,-0.08938763721498104,-0.08938763721498104,-0.08938763721498104,-0.08938763721498104,-0.08938763721498104,-0.08938763721498104,-0.08938763721498104,-0.08938763721498104,-0.08938763721498104,-0.08938763721498104,-0.08938763721498104,-0.08938763721498104,-0.08938763721498104,-0.08938763721498104,-0.08938763721498104,-0.08938763721498104,-0.08938763721498104,-0.08938763721498104,-0.08938763721498104,-0.08938763721498104,-0.08938763721498104,-0.08938763721498104,-0.08938763721498104,-0.08938763721498104,-0.08938763721498104,-0.08938763721498104,-0.08938763721498104,-0.08938763721498104,-0.08938763721498104,-0.08938763721498104,-0.08938763721498104,-0.08938763721498104,-0.08938763721498104,-0.08938763721498104,-0.08938763721498104,-0.08938763721498104,-0.08938763721498104,-0.08938763721498104,-0.08938763721498104,-0.08938763721498104,-0.08938763721498104,-0.08938763721498104,-0.08938763721498104,-0.08938763721498104,-0.08938763721498104,-0.08938763721498104,-0.08938763721498104,-0.08938763721498104,-0.08938763721498104,-0.08938763721498104,-0.08938763721498104,-0.08938763721498104,-0.08938763721498104,-0.08938763721498104,-0.08938763721498104,-0.08938763721498104,-0.08938763721498104,-0.08938763721498104,-0.08938763721498104,-0.08938763721498104,-0.08938763721498104,-0.08938763721498104,-0.08938763721498104,-0.08938763721498104,-0.08938763721498104,-0.08938763721498104,-0.08938763721498104,-0.08938763721498104,-0.08938763721498104,-0.08938763721498104,-0.08938763721498104,-0.08938763721498104,-0.08938763721498104,-0.08938763721498104,-0.08938763721498104,-0.08938763721498104,-0.08938763721498104,-0.08938763721498104,-0.08938763721498104,-0.08938763721498104,-0.08938763721498104,-0.08938763721498104,-0.08938763721498104,-0.08938763721498104,-0.08938763721498104,-0.08938763721498104,-0.08938763721498104,-0.08938763721498104,-0.08938763721498104,-0.08938763721498104,-0.08938763721498104,-0.08938763721498104,-0.08938763721498104,-0.08938763721498104,-0.08938763721498104,-0.08938763721498104,-0.08938763721498104,-0.08938763721498104,-0.08938763721498104,-0.08938763721498104,-0.08938763721498104,-0.08938763721498104,-0.08938763721498104,-0.08938763721498104,-0.08938763721498104,-0.08938763721498104,-0.08938763721498104,-0.08938763721498104,-0.08938763721498104,-0.08938763721498104,-0.08938763721498104,-0.08938763721498104,-0.08938763721498104,-0.08938763721498104,-0.08938763721498104,-0.08938763721498104,-0.08938763721498104,-0.08938763721498104,-0.08938763721498104,-0.08938763721498104,-0.08938763721498104,-0.08938763721498104,-0.08938763721498104,-0.08938763721498104,-0.08938763721498104,-0.08938763721498104,-0.08938763721498104,-0.08938763721498104,-0.08938763721498104,-0.08938763721498104,-0.08938763721498104,-0.08938763721498104,-0.08938763721498104,-0.08938763721498104,-0.08938763721498104,-0.08938763721498104,-0.08938763721498104,-0.08938763721498104,-0.08938763721498104,-0.08938763721498104,-0.08938763721498104,-0.08938763721498104,-0.08938763721498104,-0.08938763721498104,-0.08938763721498104,-0.08938763721498104,-0.08938763721498104,-0.08938763721498104,-0.08938763721498104,-0.08938763721498104,-0.08938763721498104,-0.08938763721498104,-0.08938763721498104,-0.08938763721498104,-0.08938763721498104,-0.08938763721498104,-0.08938763721498104,-0.08938763721498104,-0.08938763721498104,-0.08938763721498104,-0.08938763721498104,-0.08938763721498104,-0.08938763721498104,-0.08938763721498104,-0.08938763721498104,-0.08938763721498104,-0.08938763721498104,-0.08938763721498104,-0.08938763721498104,-0.08938763721498104,-0.08938763721498104,-0.08938763721498104,-0.08938763721498104,-0.08938763721498104,-0.08938763721498104,-0.08938763721498104,-0.08938763721498104,-0.08938763721498104
-0.4665161041769385,-0.4665161041769385,-0.4665161041769385,-0.4665161041769385,-0.4665161041769385,-0.4665161041769385,-0.4665161041769385,-0.4665161041769385,-0.4665161041769385,-0.4665161041769385,-0.4665161041769385,-0.4665161041769385,-0.4665161041769385,-0.4665161041769385,-0.4665161041769385,-0.4665161041769385,-0.4665161041769385,-0.4665161041769385,-0.4665161041769385,-0.4665161041769385,-0.4665161041769385,-0.4665161041769385,-0.4665161041769385,-0.4665161041769385,-0.4665161041769385,-0.4665161041769385,-0.4665161041769385,-0.4665161041769385,-0.4665161041769385,-0.4665161041769385,-0.4665161041769385,-0.4665161041769385,-0.4665161041769385,-0.4665161041769385,-0.4665161041769385,-0.4665161041769385,-0.4665161041769385,-0.4665161041769385,-0.4665161041769385,-0.4665161041769385,-0.4665161041769385,-0.4665161041769385,-0.4665161041769385,-0.4665161041769385,-0.4665161041769385,-0.4665161041769385,-0.4665161041769385,-0.4665161041769385,-0.4665161041769385,-0.4665161041769385,-0.4665161041769385,-0.4665161041769385,-0.4665161041769385,-0.4665161041769385,-0.4665161041769385,-0.4665161041769385,-0.4665161041769385,-0.4665161041769385,-0.4665161041769385,-0.4665161041769385,-0.4665161041769385,-0.4665161041769385,-0.4665161041769385,-0.4665161041769385,-0.4665161041769385,-0.4665161041769385,-0.4665161041769385,-0.4665161041769385,-0.4665161041769385,-0.4665161041769385,-0.4665161041769385,-0.4665161041769385,-0.4665161041769385,-0.4665161041769385,-0.4665161041769385,-0.4665161041769385,-0.4665161041769385,-0.4665161041769385,-0.4665161041769385,-0.4665161041769385,-0.4665161041769385,-0.4665161041769385,-0.4665161041769385,-0.4665161041769385,-0.4665161041769385,-0.4665161041769385,-0.4665161041769385,-0.4665161041769385,-0.4665161041769385,-0.4665161041769385,-0.4665161041769385,-0.4665161041769385,-0.4665161041769385,-0.4665161041769385,-0.4665161041769385,-0.4665161041769385,-0.4665161041769385,-0.4665161041769385,-0.4665161041769385,-0.4665161041769385,-0.4665161041769385,-0.4665161041769385,-0.4665161041769385,-0.4665161041769385,-0.4665161041769385,-0.4665161041769385,-0.4665161041769385,-0.4665161041769385,-0.4665161041769385,-0.4665161041769385,-0.4665161041769385,-0.4665161041769385,-0.4665161041769385,-0.4665161041769385,-0.4665161041769385,-0.4665161041769385,-0.4665161041769385,-0.4665161041769385,-0.4665161041769385,-0.4665161041769385,-0.4665161041769385,-0.4665161041769385,-0.4665161041769385,-0.4665161041769385,-0.4665161041769385,-0.4665161041769385,-0.4665161041769385,-0.4665161041769385,-0.4665161041769385,-0.4665161041769385,-0.4665161041769385,-0.4665161041769385,-0.4665161041769385,-0.4665161041769385,-0.4665161041769385,-0.4665161041769385,-0.4665161041769385,-0.4665161041769385,-0.4665161041769385,-0.4665161041769385,-0.4665161041769385,-0.4665161041769385,-0.4665161041769385,-0.4665161041769385,-0.4665161041769385,-0.4665161041769385,-0.4665161041769385,-0.4665161041769385,-0.4665161041769385,-0.4665161041769385,-0.4665161041769385,-0.4665161041769385,-0.4665161041769385,-0.4665161041769385,-0.4665161041769385,-0.4665161041769385,-0.4665161041769385,-0.4665161041769385,-0.4665161041769385,-0.4665161041769385,-0.4665161041769385,-0.4665161041769385,-0.4665161041769385,-0.4665161041769385,-0.4665161041769385,-0.4665161041769385,-0.4665161041769385,-0.4665161041769385,-0.4665161041769385,-0.4665161041769385,-0.4665161041769385,-0.4665161041769385,-0.4665161041769385,-0.4665161041769385,-0.4665161041769385,-0.4665161041769385,-0.4665161041769385,-0.4665161041769385,-0.4665161041769385,-0.4665161041769385,-0.4665161041769385,-0.4665161041769385,-0.4665161041769385,-0.4665161041769385,-0.4665161041769385,-0.4665161041769385,-0.4665161041769385,-0.4665161041769385,-0.4665161041769385,-0.4665161041769385,-0.4665161041769385,-0.4665161041769385,-0.4665161041769385,-0.4665161041769385,-0.4665161041769385,-0.4665161041769385,-0.4665161041769385,-0.4665161041769385,-0.4665161041769385,-0.4665161041769385,-0.4665161041769385,-0.4665161041769385,-0.4665161041769385,-0.4665161041769385,-0.4665161041769385,-0.4665161041769385,-0.4665161041769385,-0.4665161041769385,-0.4665161041769385,-0.4665161041769385,-0.4665161041769385,-0.4665161041769385,-0.4665161041769385,-0.4665161041769385,-0.4665161041769385,-0.4665161041769385,-0.4665161041769385,-0.4665161041769385,-0.4665161041769385,-0.4665161041769385,-0.4665161041769385,-0.4665161041769385,-0.4665161041769385,-0.4665161041769385,-0.4665161041769385,-0.4665161041769385,-0.4665161041769385,-0.4665161041769385,-0.4665161041769385,-0.4665161041769385,-0.4665161041769385,-0.4665161041769385,-0.4665161041769385,-0.4665161041769385,-0.4665161041769385,-0.4665161041769385,-0.4665161041769385,-0.4665161041769385,-0.4665161041769385,-0.4665161041769385,-0.4665161041769385,-0.4665161041769385,-0.4665161041769385,-0.4665161041769385,-0.4665161041769385,-0.4665161041769385,-0.4665161041769385,-0.4665161041769385,-0.4665161041769385,-0.4665161041769385,-0.4665161041769385,-0.4665161041769385,-0.4665161041769385,-0.4665161041769385,-0.4665161041769385,-0.4665161041769385,-0.4665161041769385,-0.4665161041769385,-0.4665161041769385,-0.4665161041769385,-0.4665161041769385,-0.4665161041769385,-0.4665161041769385,-0.4665161041769385,-0.4665161041769385,-0.4665161041769385,-0.4665161041769385,-0.4665161041769385,-0.4665161041769385,-0.4665161041769385,-0.4665161041769385,-0.4665161041769385,-0.4665161041769385,-0.4665161041769385,-0.4665161041769385,-0.4665161041769385,-0.4665161041769385,-0.4665161041769385,-0.4665161041769385,-0.4665161041769385,-0.4665161041769385,-0.4665161041769385,-0.4665161041769385,-0.4665161041769385,-0.4665161041769385,-0.4665161041769385,-0.4665161041769385,-0.4665161041769385,-0.4665161041769385,-0.4665161041769385,-0.4665161041769385,-0.4665161041769385,-0.4665161041769385,-0.4665161041769385,-0.4665161041769385,-0.4665161041769385,-0.4665161041769385,-0.4665161041769385,-0.4665161041769385,-0.4665161041769385,-0.4665161041769385,-0.4665161041769385,-0.4665161041769385,-0.4665161041769385,-0.4665161041769385,-0.4665161041769385,-0.4665161041769385,-0.4665161041769385,-0.4665161041769385,-0.4665161041769385,-0.4665161041769385,-0.4665161041769385,-0.4665161041769385,-0.4665161041769385,-0.4665161041769385,-0.4665161041769385,-0.4665161041769385,-0.4665161041769385,-0.4665161041769385,-0.4665161041769385,-0.4665161041769385,-0.4665161041769385,-0.4665161041769385,-0.4665161041769385,-0.4665161041769385,-0.4665161041769385,-0.4665161041769385,-0.4665161041769385,-0.4665161041769385,-0.4665161041769385,-0.4665161041769385,-0.4665161041769385,-0.4665161041769385,-0.4665161041769385,-0.4665161041769385,-0.4665161041769385,-0.4665161041769385,-0.4665161041769385,-0.4665161041769385,-0.4665161041769385,-0.4665161041769385,-0.4665161041769385,-0.4665161041769385,-0.4665161041769385,-0.4665161041769385,-0.4665161041769385,-0.4665161041769385,-0.4665161041769385,-0.4665161041769385,-0.4665161041769385,-0.4665161041769385,-0.4665161041769385,-0.4665161041769385,-0.4665161041769385,-0.4665161041769385,-0.4665161041769385,-0.4665161041769385,-0.4665161041769385,-0.4665161041769385,-0.4665161041769385,-0.4665161041769385,-0.4665161041769385,-0.4665161041769385,-0.4665161041769385,-0.4665161041769385,-0.4665161041769385,-0.4665161041769385,-0.4665161041769385,-0.4665161041769385,-0.4665161041769385,-0.4665161041769385,-0.4665161041769385,-0.4665161041769385,-0.4665161041769385,-0.4665161041769385,-0.4665161041769385,-0.4665161041769385,-0.4665161041769385,-0.4665161041769385,-0.4665161041769385,-0.4665161041769385,-0.4665161041769385,-0.4665161041769385,-0.4665161041769385,-0.4665161041769385,-0.4665161041769385,-0.4665161041769385,-0.4665161041769385,-0.4665161041769385,-0.4665161041769385,-0.4665161041769385,-0.4665161041769385
-0.616626250237799,-0.616626250237799,-0.616626250237799,-0.616626250237799,-0.616626250237799,-0.616626250237799,-0.616626250237799,-0.616626250237799,-0.616626250237799,-0.616626250237799,-0.616626250237799,-0.616626250237799,-0.616626250237799,-0.616626250237799,-0.616626250237799,-0.616626250237799,-0.616626250237799,-0.616626250237799,-0.616626250237799,-0.616626250237799,-0.616626250237799,-0.616626250237799,-0.616626250237799,-0.616626250237799,-0.616626250237799,-0.616626250237799,-0.616626250237799,-0.616626250237799,-0.616626250237799,-0.616626250237799,-0.616626250237799,-0.616626250237799,-0.616626250237799,-0.616626250237799,-0.616626250237799,-0.616626250237799,-0.616626250237799,-0.616626250237799,-0.616626250237799,-0.616626250237799,-0.616626250237799,-0.616626250237799,-0.616626250237799,-0.616626250237799,-0.616626250237799,-0.616626250237799,-0.616626250237799,-0.616626250237799,-0.616626250237799,-0.616626250237799,-0.616626250237799,-0.616626250237799,-0.616626250237799,-0.616626250237799,-0.616626250237799,-0.616626250237799,-0.616626250237799,-0.616626250237799,-0.616626250237799,-0.616626250237799,-0.616626250237799,-0.616626250237799,-0.616626250237799,-0.616626250237799,-0.616626250237799,-0.616626250237799,-0.616626250237799,-0.616626250237799,-0.616626250237799,-0.616626250237799,-0.616626250237799,-0.616626250237799,-0.616626250237799,-0.616626250237799,-0.616626250237799,-0.616626250237799,-0.616626250237799,-0.616626250237799,-0.616626250237799,-0.616626250237799,-0.616626250237799,-0.616626250237799,-0.616626250237799,-0.616626250237799,-0.616626250237799,-0.616626250237799,-0.616626250237799,-0.616626250237799,-0.616626250237799,-0.616626250237799,-0.616626250237799,-0.616626250237799,-0.616626250237799,-0.616626250237799,-0.616626250237799,-0.616626250237799,-0.616626250237799,-0.616626250237799,-0.616626250237799,-0.616626250237799,-0.616626250237799,-0.616626250237799,-0.616626250237799,-0.616626250237799,-0.616626250237799,-0.616626250237799,-0.616626250237799,-0.616626250237799,-0.616626250237799,-0.616626250237799,-0.616626250237799,-0.616626250237799,-0.616626250237799,-0.616626250237799,-0.616626250237799,-0.616626250237799,-0.616626250237799,-0.616626250237799,-0.616626250237799,-0.616626250237799,-0.616626250237799,-0.616626250237799,-0.616626250237799,-0.616626250237799,-0.616626250237799,-0.616626250237799,-0.616626250237799,-0.616626250237799,-0.616626250237799,-0.616626250237799,-0.616626250237799,-0.616626250237799,-0.616626250237799,-0.616626250237799,-0.616626250237799,-0.616626250237799,-0.616626250237799,-0.616626250237799,-0.616626250237799,-0.616626250237799,-0.616626250237799,-0.616626250237799,-0.616626250237799,-0.616626250237799,-0.616626250237799,-0.616626250237799,-0.616626250237799,-0.616626250237799,-0.616626250237799,-0.616626250237799,-0.616626250237799,-0.616626250237799,-0.616626250237799,-0.616626250237799,-0.616626250237799,-0.616626250237799,-0.616626250237799,-0.616626250237799,-0.616626250237799,-0.616626250237799,-0.616626250237799,-0.616626250237799,-0.616626250237799,-0.616626250237799,-0.616626250237799,-0.616626250237799,-0.616626250237799,-0.616626250237799,-0.616626250237799,-0.616626250237799,-0.616626250237799,-0.616626250237799,-0.616626250237799,-0.616626250237799,-0.616626250237799,-0.616626250237799,-0.616626250237799,-0.616626250237799,-0.616626250237799,-0.616626250237799,-0.616626250237799,-0.616626250237799,-0.616626250237799,-0.616626250237799,-0.616626250237799,-0.616626250237799,-0.616626250237799,-0.616626250237799,-0.616626250237799,-0.616626250237799,-0.616626250237799,-0.616626250237799,-0.616626250237799,-0.616626250237799,-0.616626250237799,-0.616626250237799,-0.616626250237799,-0.616626250237799,-0.616626250237799,-0.616626250237799,-0.616626250237799,-0.616626250237799,-0.616626250237799,-0.616626250237799,-0.616626250237799,-0.616626250237799,-0.616626250237799,-0.616626250237799,-0.616626250237799,-0.616626250237799,-0.616626250237799,-0.616626250237799,-0.616626250237799,-0.616626250237799,-0.616626250237799,-0.616626250237799,-0.616626250237799,-0.616626250237799,-0.616626250237799,-0.616626250237799,-0.616626250237799,-0.616626250237799,-0.616626250237799,-0.616626250237799,-0.616626250237799,-0.616626250237799,-0.616626250237799,-0.616626250237799,-0.616626250237799,-0.616626250237799,-0.616626250237799,-0.616626250237799,-0.616626250237799,-0.616626250237799,-0.616626250237799,-0.616626250237799,-0.616626250237799,-0.616626250237799,-0.616626250237799,-0.616626250237799,-0.616626250237799,-0.616626250237799,-0.616626250237799,-0.616626250237799,-0.616626250237799,-0.616626250237799,-0.616626250237799,-0.616626250237799,-0.616626250237799,-0.616626250237799,-0.616626250237799,-0.616626250237799,-0.616626250237799,-0.616626250237799,-0.616626250237799,-0.616626250237799,-0.616626250237799,-0.616626250237799,-0.616626250237799,-0.616626250237799,-0.616626250237799,-0.616626250237799,-0.616626250237799,-0.616626250237799,-0.616626250237799,-0.616626250237799,-0.616626250237799,-0.616626250237799,-0.616626250237799,-0.616626250237799,-0.616626250237799,-0.616626250237799,-0.616626250237799,-0.616626250237799,-0.616626250237799,-0.616626250237799,-0.616626250237799,-0.616626250237799,-0.616626250237799,-0.616626250237799,-0.616626250237799,-0.616626250237799,-0.616626250237799,-0.616626250237799,-0.616626250237799,-0.616626250237799,-0.616626250237799,-0.616626250237799,-0.616626250237799,-0.616626250237799,-0.616626250237799,-0.616626250237799,-0.616626250237799,-0.616626250237799,-0.616626250237799,-0.616626250237799,-0.616626250237799,-0.616626250237799,-0.616626250237799,-0.616626250237799,-0.616626250237799,-0.616626250237799,-0.616626250237799,-0.616626250237799,-0.616626250237799,-0.616626250237799,-0.616626250237799,-0.616626250237799,-0.616626250237799,-0.616626250237799,-0.616626250237799,-0.616626250237799,-0.616626250237799,-0.616626250237799,-0.616626250237799,-0.616626250237799,-0.616626250237799,-0.616626250237799,-0.616626250237799,-0.616626250237799,-0.616626250237799,-0.616626250237799,-0.616626250237799,-0.616626250237799,-0.616626250237799,-0.616626250237799,-0.616626250237799,-0.616626250237799,-0.616626250237799,-0.616626250237799,-0.616626250237799,-0.616626250237799,-0.616626250237799,-0.616626250237799,-0.616626250237799,-0.616626250237799,-0.616626250237799,-0.616626250237799,-0.616626250237799,-0.616626250237799,-0.616626250237799,-0.616626250237799,-0.616626250237799,-0.616626250237799,-0.616626250237799,-0.616626250237799,-0.616626250237799,-0.616626250237799,-0.616626250237799,-0.616626250237799,-0.616626250237799,-0.616626250237799,-0.616626250237799,-0.616626250237799,-0.616626250237799,-0.616626250237799,-0.616626250237799,-0.616626250237799,-0.616626250237799,-0.616626250237799,-0.616626250237799,-0.616626250237799,-0.616626250237799,-0.616626250237799,-0.616626250237799,-0.616626250237799,-0.616626250237799,-0.616626250237799,-0.616626250237799,-0.616626250237799,-0.616626250237799,-0.616626250237799,-0.616626250237799,-0.616626250237799,-0.616626250237799,-0.616626250237799,-0.616626250237799,-0.616626250237799,-0.616626250237799,-0.616626250237799,-0.616626250237799,-0.616626250237799,-0.616626250237799,-0.616626250237799,-0.616626250237799,-0.616626250237799,-0.616626250237799,-0.616626250237799,-0.616626250237799,-0.616626250237799,-0.616626250237799,-0.616626250237799
1.0,1.0,1.0,1.0,1.0,1.0,1.0,1.0,1.0,1.0,1.0,1.0,1.0,1.0,1.0,1.0,1.0,1.0,1.0,1.0,1.0,1.0,1.0,1.0,1.0,1.0,1.0,1.0,1.0,1.0,1.0,1.0,1.0,1.0,1.0,1.0,1.0,1.0,1.0,1.0,1.0,1.0,1.0,1.0,1.0,1.0,1.0,1.0,1.0,1.0,1.0,1.0,1.0,1.0,1.0,1.0,1.0,1.0,1.0,1.0,1.0,1.0,1.0,1.0,1.0,1.0,1.0,1.0,1.0,1.0,1.0,1.0,1.0,1.0,1.0,1.0,1.0,1.0,1.0,1.0,1.0,1.0,1.0,1.0,1.0,1.0,1.0,1.0,1.0,1.0,1.0,1.0,1.0,1.0,1.0,1.0,1.0,1.0,1.0,1.0,1.0,1.0,1.0,1.0,1.0,1.0,1.0,1.0,1.0,1.0,1.0,1.0,1.0,1.0,1.0,1.0,1.0,1.0,1.0,1.0,1.0,1.0,1.0,1.0,1.0,1.0,1.0,1.0,1.0,1.0,1.0,1.0,1.0,1.0,1.0,1.0,1.0,1.0,1.0,1.0,1.0,1.0,1.0,1.0,1.0,1.0,1.0,1.0,1.0,1.0,1.0,1.0,1.0,1.0,1.0,1.0,1.0,1.0,1.0,1.0,1.0,1.0,1.0,1.0,1.0,1.0,1.0,1.0,1.0,1.0,1.0,1.0,1.0,1.0,1.0,1.0,1.0,1.0,1.0,1.0,1.0,1.0,1.0,1.0,1.0,1.0,1.0,1.0,1.0,1.0,1.0,1.0,1.0,1.0,1.0,1.0,1.0,1.0,1.0,1.0,1.0,1.0,1.0,1.0,1.0,1.0,1.0,1.0,1.0,1.0,1.0,1.0,1.0,1.0,1.0,1.0,1.0,1.0,1.0,1.0,1.0,1.0,1.0,1.0,1.0,1.0,1.0,1.0,1.0,1.0,1.0,1.0,1.0,1.0,1.0,1.0,1.0,1.0,1.0,1.0,1.0,1.0,1.0,1.0,1.0,1.0,1.0,1.0,1.0,1.0,1.0,1.0,1.0,1.0,1.0,1.0,1.0,1.0,1.0,1.0,1.0,1.0,1.0,1.0,1.0,1.0,1.0,1.0,1.0,1.0,1.0,1.0,1.0,1.0,1.0,1.0,1.0,1.0,1.0,1.0,1.0,1.0,1.0,1.0,1.0,1.0,1.0,1.0,1.0,1.0,1.0,1.0,1.0,1.0,1.0,1.0,1.0,1.0,1.0,1.0,1.0,1.0,1.0,1.0,1.0,1.0,1.0,1.0,1.0,1.0,1.0,1.0,1.0,1.0,1.0,1.0,1.0,1.0,1.0,1.0,1.0,1.0,1.0,1.0,1.0,1.0,1.0,1.0,1.0,1.0,1.0,1.0,1.0,1.0,1.0,1.0,1.0,1.0,1.0,1.0,1.0,1.0,1.0,1.0,1.0,1.0,1.0,1.0,1.0,1.0,1.0,1.0,1.0,1.0,1.0,1.0,1.0,1.0,1.0,1.0,1.0,1.0,1.0,1.0,1.0,1.0,1.0,1.0,1.0,1.0,1.0,1.0,1.0,1.0,1.0,1.0,1.0,1.0,1.0,1.0,1.0,1.0,1.0,1.0,1.0,1.0,1.0,1.0,1.0,1.0,1.0,1.0
1.0,1.0,1.0,1.0,1.0,1.0,1.0,1.0,1.0,1.0,1.0,1.0,1.0,1.0,1.0,1.0,1.0,1.0,1.0,1.0,1.0,1.0,1.0,1.0,1.0,1.0,1.0,1.0,1.0,1.0,1.0,1.0,1.0,1.0,1.0,1.0,1.0,1.0,1.0,1.0,1.0,1.0,1.0,1.0,1.0,1.0,1.0,1.0,1.0,1.0,1.0,1.0,1.0,1.0,1.0,1.0,1.0,1.0,1.0,1.0,1.0,1.0,1.0,1.0,1.0,1.0,-1.0,-1.0,-1.0,1.0,1.0,-1.0,1.0,-1.0,-1.0,-1.0,1.0,-1.0,-1.0,1.0,1.0,1.0,1.0,1.0,1.0,1.0,1.0,1.0,1.0,-1.0,-1.0,-1.0,-1.0,1.0,1.0,1.0,1.0,1.0,1.0,1.0,1.0,1.0,1.0,1.0,1.0,1.0,1.0,1.0,1.0,1.0,1.0,1.0,1.0,-1.0,-1.0,1.0,-1.0,-1.0,1.0,1.0,1.0,-1.0,-1.0,-1.0,-1.0,-1.0,-1.0,-1.0,-1.0,-1.0,-1.0,-1.0,-1.0,-1.0,-1.0,-1.0,-1.0,-1.0,-1.0,-1.0,-1.0,-1.0,-1.0,-1.0,-1.0,-1.0,1.0,-1.0,-1.0,-1.0,1.0,1.0,-1.0,1.0,-1.0,1.0,1.0,1.0,1.0,1.0,1.0,1.0,1.0,1.0,-1.0,-1.0,-1.0,1.0,-1.0,-1.0,1.0,1.0,-1.0,-1.0,1.0,1.0,-1.0,-1.0,1.0,1.0,1.0,-1.0,-1.0,-1.0,-1.0,1.0,1.0,-1.0,1.0,-1.0,1.0,-1.0,-1.0,1.0,1.0,-1.0,1.0,-1.0,1.0,-1.0,-1.0,1.0,1.0,-1.0,1.0,-1.0,-1.0,-1.0,-1.0,1.0,-1.0,-1.0,1.0,1.0,-1.0,1.0,-1.0,-1.0,-1.0,-1.0,1.0,-1.0,1.0,-1.0,1.0,-1.0,1.0,-1.0,1.0,1.0,1.0,-1.0,1.0,-1.0,1.0,1.0,1.0,-1.0,1.0,-1.0,1.0,1.0,1.0,-1.0,1.0,-1.0,1.0,1.0,1.0,-1.0,1.0,-1.0,1.0,1.0,1.0,-1.0,1.0,-1.0,1.0,1.0,1.0,-1.0,1.0,-1.0,1.0,1.0,1.0,-1.0,1.0,-1.0,1.0,1.0,1.0,-1.0,1.0,-1.0,1.0,-1.0,-1.0,1.0,1.0,-1.0,1.0,-1.0,1.0,-1.0,-1.0,1.0,1.0,-1.0,1.0,-1.0,1.0,-1.0,-1.0,1.0,1.0,-1.0,1.0,-1.0,1.0,-1.0,-1.0,1.0,1.0,-1.0,1.0,-1.0,1.0,1.0,-1.0,-1.0,-1.0,-1.0,1.0,-1.0,1.0,1.0,-1.0,-1.0,-1.0,-1.0,1.0,-1.0,1.0,-1.0,-1.0,1.0,-1.0,1.0,-1.0,1.0,-1.0,1.0,-1.0,-1.0,-1.0,1.0,1.0,-1.0,1.0,1.0,1.0,1.0,1.0,1.0,1.0,1.0,1.0,1.0,1.0,1.0,-1.0,1.0,1.0,1.0,1.0,1.0,1.0,1.0,1.0,1.0,1.0,-1.0,1.0,1.0,1.0,1.0,1.0,1.0,1.0,1.0,-1.0,1.0,1.0,1.0,1.0,1.0,1.0,1.0,-1.0,1.0,1.0,1.0,1.0,-1.0,-1.0,-1.0,-1.0,-1.0,-1.0,-1.0
-1.0,-1.0,-1.0,-1.0,-1.0,-1.0,-1.0,-1.0,-1.0,-1.0,-1.0,-1.0,-1.0,-1.0,-1.0,-1.0,-1.0,-1.0,-1.0,-1.0,-1.0,-1.0,-1.0,-1.0,-1.0,-1.0,-1.0,-1.0,-1.0,-1.0,-1.0,-1.0,-1.0,-1.0,-1.0,-1.0,-1.0,-1.0,-1.0,-1.0,-1.0,-1.0,-1.0,-1.0,-1.0,-1.0,-1.0,-1.0,-1.0,-1.0,-1.0,-1.0,-1.0,-1.0,-1.0,-1.0,-1.0,-1.0,-1.0,-1.0,-1.0,-1.0,-1.0,-1.0,-1.0,-1.0,-1.0,1.0,-1.0,-1.0,-1.0,-1.0,-1.0,-1.0,-1.0,-1.0,-1.0,-1.0,-1.0,1.0,1.0,1.0,1.0,1.0,1.0,1.0,1.0,1.0,1.0,-1.0,-1.0,-1.0,-1.0,1.0,1.0,1.0,1.0,1.0,1.0,1.0,1.0,1.0,1.0,1.0,1.0,1.0,1.0,1.0,1.0,1.0,1.0,1.0,1.0,-1.0,-1.0,-1.0,-1.0,-1.0,-1.0,-1.0,-1.0,-1.0,-1.0,-1.0,-1.0,-1.0,1.0,-1.0,-1.0,-1.0,-1.0,-1.0,1.0,1.0,-1.0,1.0,-1.0,1.0,1.0,-1.0,1.0,-1.0,1.0,1.0,-1.0,1.0,-1.0,1.0,-1.0,1.0,-1.0,-1.0,-1.0,-1.0,-1.0,-1.0,-1.0,-1.0,-1.0,-1.0,-1.0,-1.0,-1.0,-1.0,-1.0,-1.0,1.0,-1.0,-1.0,-1.0,-1.0,-1.0,-1.0,-1.0,-1.0,-1.0,-1.0,-1.0,-1.0,-1.0,-1.0,-1.0,-1.0,-1.0,-1.0,-1.0,-1.0,-1.0,-1.0,-1.0,-1.0,-1.0,-1.0,-1.0,-1.0,-1.0,-1.0,-1.0,-1.0,-1.0,-1.0,-1.0,-1.0,-1.0,-1.0,-1.0,-1.0,-1.0,-1.0,-1.0,-1.0,-1.0,-1.0,-1.0,-1.0,-1.0,-1.0,-1.0,-1.0,-1.0,-1.0,-1.0,-1.0,-1.0,-1.0,-1.0,-1.0,-1.0,-1.0,-1.0,-1.0,-1.0,-1.0,-1.0,-1.0,-1.0,-1.0,-1.0,-1.0,-1.0,-1.0,-1.0,-1.0,-1.0,-1.0,-1.0,-1.0,-1.0,-1.0,-1.0,-1.0,-1.0,-1.0,-1.0,-1.0,-1.0,-1.0,-1.0,-1.0,-1.0,-1.0,-1.0,-1.0,-1.0,-1.0,-1.0,-1.0,-1.0,-1.0,-1.0,-1.0,-1.0,-1.0,-1.0,-1.0,-1.0,-1.0,-1.0,-1.0,-1.0,-1.0,-1.0,-1.0,-1.0,-1.0,-1.0,-1.0,-1.0,-1.0,-1.0,-1.0,-1.0,-1.0,-1.0,-1.0,-1.0,-1.0,-1.0,-1.0,-1.0,-1.0,-1.0,-1.0,-1.0,-1.0,-1.0,-1.0,-1.0,-1.0,-1.0,-1.0,-1.0,-1.0,-1.0,-1.0,-1.0,-1.0,-1.0,-1.0,-1.0,-1.0,-1.0,-1.0,-1.0,-1.0,-1.0,-1.0,-1.0,-1.0,-1.0,-1.0,-1.0,-1.0,-1.0,-1.0,-1.0,1.0,-1.0,-1.0,-1.0,-1.0,-1.0,-1.0,-1.0,-1.0,-1.0,-1.0,-1.0,-1.0,-1.0,-1.0,-1.0,-1.0,-1.0,-1.0,-1.0,-1.0,-1.0,-1.0,-1.0,-1.0,-1.0,-1.0,-1.0,-1.0,-1.0,-1.0,-1.0,-1.0,-1.0,-1.0,-1.0,-1.0,-1.0,-1.0,-1.0,-1.0,-1.0,-1.0,-1.0,-1.0,-1.0,-1.0,-1.0,-1.0,1.0,-1.0,-1.0,-1.0,-1.0,1.0,-1.0
-1.0,-1.0,-1.0,-1.0,-1.0,-1.0,-1.0,-1.0,-1.0,-1.0,-1.0,-1.0,-1.0,-1.0,-1.0,-1.0,-1.0,-1.0,-1.0,-1.0,-1.0,-1.0,-1.0,-1.0,-1.0,-1.0,-1.0,-1.0,-1.0,-1.0,-1.0,-1.0,-1.0,-1.0,-1.0,-1.0,-1.0,-1.0,-1.0,-1.0,-1.0,-1.0,-1.0,-1.0,-1.0,-1.0,-1.0,-1.0,-1.0,-1.0,-1.0,-1.0,-1.0,-1.0,-1.0,-1.0,-1.0,-1.0,-1.0,-1.0,-1.0,-1.0,-1.0,-1.0,-1.0,-1.0,-1.0,-1.0,-1.0,-1.0,-1.0,-1.0,-1.0,-1.0,-1.0,-1.0,-1.0,-1.0,-1.0,-1.0,-1.0,-1.0,-1.0,-1.0,-1.0,-1.0,-1.0,-1.0,-1.0,-1.0,-1.0,-1.0,-1.0,-1.0,-1.0,-1.0,-1.0,-1.0,-1.0,-1.0,-1.0,-1.0,-1.0,-1.0,-1.0,-1.0,-1.0,-1.0,-1.0,-1.0,-1.0,-1.0,-1.0,-1.0,-1.0,-1.0,-1.0,-1.0,-1.0,-1.0,-1.0,-1.0,-1.0,-1.0,-1.0,-1.0,-1.0,-1.0,-1.0,-1.0,-1.0,-1.0,-1.0,-1.0,-1.0,-1.0,-1.0,-1.0,-1.0,-1.0,-1.0,-1.0,-1.0,-1.0,-1.0,-1.0,-1.0,-1.0,-1.0,-1.0,-1.0,-1.0,-1.0,-1.0,-1.0,-1.0,-1.0,-1.0,-1.0,-1.0,-1.0,-1.0,-1.0,-1.0,-1.0,-1.0,-1.0,-1.0,-1.0,-1.0,-1.0,-1.0,-1.0,-1.0,-1.0,-1.0,-1.0,-1.0,-1.0,-1.0,-1.0,-1.0,-1.0,-1.0,-1.0,-1.0,-1.0,-1.0,-1.0,-1.0,-1.0,-1.0,-1.0,-1.0,-1.0,-1.0,-1.0,-1.0,-1.0,-1.0,-1.0,-1.0,-1.0,-1.0,-1.0,-1.0,-1.0,-1.0,-1.0,-1.0,-1.0,-1.0,-1.0,-1.0,-1.0,-1.0,-1.0,-1.0,-1.0,-1.0,-1.0,-1.0,-1.0,-1.0,-1.0,-1.0,-1.0,-1.0,-1.0,-1.0,-1.0,-1.0,-1.0,-1.0,-1.0,-1.0,-1.0,-1.0,-1.0,-1.0,-1.0,-1.0,-1.0,-1.0,-1.0,-1.0,-1.0,-1.0,-1.0,-1.0,-1.0,-1.0,-1.0,-1.0,-1.0,-1.0,-1.0,-1.0,-1.0,-1.0,-1.0,-1.0,-1.0,-1.0,-1.0,-1.0,-1.0,-1.0,-1.0,-1.0,-1.0,-1.0,-1.0,-1.0,-1.0,-1.0,-1.0,-1.0,-1.0,-1.0,-1.0,-1.0,-1.0,-1.0,-1.0,-1.0,-1.0,-1.0,-1.0,-1.0,-1.0,-1.0,-1.0,-1.0,-1.0,-1.0,-1.0,-1.0,-1.0,-1.0,-1.0,-1.0,-1.0,-1.0,-1.0,-1.0,-1.0,-1.0,-1.0,-1.0,-1.0,-1.0,-1.0,-1.0,-1.0,-1.0,-1.0,-1.0,-1.0,-1.0,-1.0,-1.0,-1.0,-1.0,-1.0,-1.0,-1.0,-1.0,-1.0,-1.0,-1.0,-1.0,-1.0,-1.0,-1.0,-1.0,-1.0,-1.0,-1.0,-1.0,-1.0,-1.0,-1.0,-1.0,-1.0,-1.0,-1.0,-1.0,-1.0,-1.0,-1.0,-1.0,-1.0,-1.0,-1.0,-1.0,-1.0,-1.0,-1.0,-1.0,-1.0,-1.0,-1.0,-1.0,-1.0,-1.0,-1.0,-1.0,-1.0,-1.0,-1.0,-1.0,-1.0,-1.0,-1.0,-1.0,-1.0,-1.0,-1.0,-1.0,-1.0,-1.0,-1.0,-1.0,-1.0,-1.0,-1.0,-1.0,-1.0,-1.0,-1.0,-1.0
-1.0,-1.0,-1.0,-1.0,-1.0,-1.0,-1.0,-1.0,-1.0,-1.0,-1.0,-1.0,-1.0,-1.0,-1.0,-1.0,-1.0,-1.0,-1.0,-1.0,-1.0,-1.0,-1.0,-1.0,-1.0,-1.0,-1.0,-1.0,-1.0,-1.0,-1.0,-1.0,-1.0,-1.0,-1.0,-1.0,-1.0,-1.0,-1.0,-1.0,-1.0,-1.0,-1.0,-1.0,-1.0,-1.0,-1.0,-1.0,-1.0,-1.0,-1.0,-1.0,-1.0,-1.0,-1.0,-1.0,-1.0,-1.0,-1.0,-1.0,-1.0,-1.0,-1.0,-1.0,-1.0,-1.0,-1.0,-1.0,-1.0,-1.0,-1.0,-1.0,-1.0,-1.0,-1.0,-1.0,-1.0,-1.0,-1.0,-1.0,-1.0,-1.0,-1.0,-1.0,-1.0,-1.0,-1.0,-1.0,-1.0,-1.0,-1.0,-1.0,-1.0,-1.0,-1.0,-1.0,-1.0,-1.0,-1.0,-1.0,-1.0,-1.0,-1.0,-1.0,-1.0,-1.0,-1.0,-1.0,-1.0,-1.0,-1.0,-1.0,-1.0,-1.0,-1.0,-1.0,-1.0,-1.0,-1.0,-1.0,-1.0,-1.0,-1.0,-1.0,-1.0,-1.0,-1.0,-1.0,-1.0,-1.0,-1.0,-1.0,-1.0,-1.0,-1.0,-1.0,-1.0,-1.0,-1.0,-1.0,-1.0,-1.0,-1.0,-1.0,-1.0,-1.0,-1.0,-1.0,-1.0,-1.0,-1.0,-1.0,-1.0,-1.0,-1.0,-1.0,-1.0,-1.0,-1.0,-1.0,-1.0,-1.0,-1.0,-1.0,-1.0,-1.0,-1.0,-1.0,-1.0,-1.0,-1.0,-1.0,-1.0,-1.0,-1.0,-1.0,-1.0,-1.0,-1.0,-1.0,-1.0,-1.0,-1.0,-1.0,-1.0,-1.0,-1.0,-1.0,-1.0,-1.0,-1.0,-1.0,-1.0,-1.0,-1.0,-1.0,-1.0,-1.0,-1.0,-1.0,-1.0,-1.0,-1.0,-1.0,-1.0,-1.0,-1.0,-1.0,-1.0,-1.0,-1.0,-1.0,-1.0,-1.0,-1.0,-1.0,-1.0,-1.0,-1.0,-1.0,-1.0,-1.0,-1.0,-1.0,-1.0,-1.0,-1.0,-1.0,-1.0,-1.0,-1.0,-1.0,-1.0,-1.0,-1.0,-1.0,-1.0,-1.0,-1.0,-1.0,-1.0,-1.0,-1.0,-1.0,-1.0,-1.0,-1.0,-1.0,-1.0,-1.0,-1.0,-1.0,-1.0,-1.0,-1.0,-1.0,-1.0,-1.0,-1.0,-1.0,-1.0,-1.0,-1.0,-1.0,-1.0,-1.0,-1.0,-1.0,-1.0,-1.0,-1.0,-1.0,-1.0,-1.0,-1.0,-1.0,-1.0,-1.0,-1.0,-1.0,-1.0,-1.0,-1.0,-1.0,-1.0,-1.0,-1.0,-1.0,-1.0,-1.0,-1.0,-1.0,-1.0,-1.0,-1.0,-1.0,-1.0,-1.0,-1.0,-1.0,-1.0,-1.0,-1.0,-1.0,-1.0,-1.0,-1.0,-1.0,-1.0,-1.0,-1.0,-1.0,-1.0,-1.0,-1.0,-1.0,-1.0,-1.0,-1.0,-1.0,-1.0,-1.0,-1.0,-1.0,-1.0,-1.0,-1.0,-1.0,-1.0,-1.0,-1.0,-1.0,-1.0,-1.0,-1.0,-1.0,-1.0,-1.0,-1.0,-1.0,-1.0,-1.0,-1.0,-1.0,-1.0,-1.0,-1.0,-1.0,-1.0,-1.0,-1.0,-1.0,-1.0,-1.0,-1.0,-1.0,-1.0,-1.0,-1.0,-1.0,-1.0,-1.0,-1.0,-1.0,-1.0,-1.0,-1.0,-1.0,-1.0,-1.0,-1.0,-1.0,-1.0,-1.0,-1.0,-1.0,-1.0,-1.0,-1.0,-1.0,-1.0,-1.0,-1.0,-1.0,-1.0,-1.0,-1.0,-1.0,-1.0,-1.0,-1.0,-1.0
-1.0,-1.0,1.0,1.0,1.0,1.0,1.0,1.0,1.0,1.0,1.0,1.0,1.0,1.0,-1.0,1.0,1.0,1.0,1.0,1.0,1.0,1.0,1.0,1.0,1.0,-1.0,1.0,1.0,1.0,1.0,1.0,1.0,1.0,-1.0,1.0,1.0,1.0,1.0,1.0,1.0,1.0,1.0,-1.0,1.0,1.0,1.0,1.0,1.0,1.0,1.0,1.0,1.0,1.0,-1.0,1.0,1.0,1.0,1.0,1.0,1.0,1.0,1.0,1.0,1.0,1.0,1.0,-1.0,-1.0,-1.0,1.0,1.0,1.0,1.0,-1.0,-1.0,-1.0,1.0,1.0,-1.0,-1.0,-1.0,-1.0,-1.0,-1.0,-1.0,-1.0,-1.0,-1.0,-1.0,-1.0,-1.0,-1.0,-1.0,-1.0,-1.0,-1.0,-1.0,-1.0,-1.0,-1.0,-1.0,-1.0,-1.0,-1.0,-1.0,-1.0,-1.0,-1.0,-1.0,-1.0,-1.0,-1.0,-1.0,-1.0,-1.0,-1.0,-1.0,-1.0,-1.0,1.0,1.0,-1.0,-1.0,-1.0,-1.0,-1.0,-1.0,-1.0,-1.0,-1.0,-1.0,-1.0,-1.0,-1.0,-1.0,-1.0,-1.0,-1.0,-1.0,-1.0,-1.0,-1.0,-1.0,-1.0,-1.0,-1.0,-1.0,-1.0,-1.0,-1.0,-1.0,-1.0,-1.0,-1.0,-1.0,-1.0,-1.0,-1.0,-1.0,-1.0,-1.0,-1.0,-1.0,-1.0,-1.0,-1.0,-1.0,-1.0,-1.0,-1.0,-1.0,-1.0,-1.0,-1.0,-1.0,-1.0,-1.0,-1.0,-1.0,-1.0,-1.0,-1.0,-1.0,-1.0,-1.0,-1.0,-1.0,-1.0,-1.0,-1.0,-1.0,-1.0,-1.0,-1.0,-1.0,-1.0,-1.0,-1.0,-1.0,-1.0,-1.0,-1.0,-1.0,-1.0,-1.0,-1.0,-1.0,-1.0,-1.0,-1.0,-1.0,-1.0,-1.0,-1.0,-1.0,-1.0,-1.0,-1.0,-1.0,-1.0,-1.0,-1.0,-1.0,-1.0,-1.0,-1.0,-1.0,-1.0,-1.0,-1.0,-1.0,-1.0,-1.0,-1.0,-1.0,-1.0,-1.0,-1.0,-1.0,-1.0,-1.0,-1.0,-1.0,-1.0,-1.0,-1.0,-1.0,-1.0,-1.0,-1.0,-1.0,-1.0,-1.0,-1.0,-1.0,-1.0,-1.0,-1.0,-1.0,-1.0,-1.0,-1.0,-1.0,-1.0,-1.0,-1.0,-1.0,-1.0,-1.0,-1.0,-1.0,-1.0,-1.0,-1.0,-1.0,-1.0,-1.0,-1.0,-1.0,-1.0,-1.0,-1.0,-1.0,-1.0,-1.0,-1.0,-1.0,-1.0,-1.0,-1.0,-1.0,-1.0,-1.0,-1.0,-1.0,-1.0,-1.0,-1.0,-1.0,-1.0,-1.0,-1.0,-1.0,-1.0,-1.0,-1.0,-1.0,-1.0,-1.0,-1.0,-1.0,-1.0,-1.0,-1.0,-1.0,-1.0,-1.0,-1.0,-1.0,-1.0,-1.0,-1.0,-1.0,-1.0,-1.0,-1.0,-1.0,-1.0,-1.0,-1.0,-1.0,-1.0,-1.0,-1.0,-1.0,1.0,-1.0,1.0,1.0,-1.0,1.0,1.0,1.0,1.0,1.0,1.0,1.0,1.0,1.0,1.0,1.0,1.0,-1.0,1.0,1.0,1.0,1.0,1.0,1.0,1.0,1.0,1.0,1.0,-1.0,1.0,1.0,1.0,1.0,1.0,1.0,1.0,1.0,-1.0,1.0,1.0,1.0,1.0,1.0,1.0,1.0,-1.0,1.0,1.0,1.0,1.0,-1.0,-1.0,-1.0,-1.0,-1.0,-1.0,-1.0
-1.0,-1.0,-1.0,-1.0,-1.0,-1.0,-1.0,-1.0,-1.0,-1.0,-1.0,-1.0,-1.0,-1.0,-1.0,-1.0,-1.0,-1.0,-1.0,-1.0,-1.0,-1.0,-1.0,-1.0,-1.0,-1.0,-1.0,-1.0,-1.0,-1.0,-1.0,-1.0,-1.0,-1.0,-1.0,-1.0,-1.0,-1.0,-1.0,-1.0,-1.0,-1.0,-1.0,-1.0,-1.0,-1.0,-1.0,-1.0,-1.0,-1.0,-1.0,-1.0,-1.0,-1.0,-1.0,-1.0,-1.0,-1.0,-1.0,-1.0,-1.0,-1.0,-1.0,-1.0,-1.0,-1.0,1.0,-1.0,-1.0,-1.0,-1.0,1.0,-1.0,1.0,-1.0,1.0,-1.0,1.0,-1.0,-1.0,-1.0,-1.0,-1.0,-1.0,-1.0,-1.0,-1.0,-1.0,-1.0,-1.0,-1.0,-1.0,-1.0,-1.0,-1.0,-1.0,-1.0,-1.0,-1.0,-1.0,-1.0,-1.0,-1.0,-1.0,-1.0,-1.0,-1.0,-1.0,-1.0,-1.0,-1.0,-1.0,-1.0,1.0,1.0,-1.0,-1.0,1.0,-1.0,-1.0,-1.0,-1.0,-1.0,-1.0,-1.0,-1.0,-1.0,1.0,-1.0,-1.0,-1.0,1.0,-1.0,-1.0,1.0,-1.0,1.0,-1.0,-1.0,1.0,-1.0,1.0,-1.0,-1.0,1.0,-1.0,1.0,-1.0,1.0,1.0,1.0,-1.0,-1.0,-1.0,-1.0,-1.0,-1.0,-1.0,-1.0,-1.0,-1.0,-1.0,-1.0,-1.0,-1.0,-1.0,-1.0,-1.0,1.0,1.0,-1.0,-1.0,1.0,1.0,-1.0,-1.0,1.0,1.0,-1.0,-1.0,-1.0,-1.0,1.0,1.0,1.0,-1.0,-1.0,1.0,-1.0,-1.0,-1.0,1.0,1.0,-1.0,-1.0,1.0,-1.0,-1.0,-1.0,1.0,1.0,-1.0,-1.0,1.0,-1.0,-1.0,-1.0,-1.0,-1.0,-1.0,1.0,1.0,-1.0,-1.0,1.0,-1.0,-1.0,-1.0,-1.0,-1.0,-1.0,-1.0,-1.0,-1.0,-1.0,-1.0,-1.0,-1.0,-1.0,-1.0,-1.0,1.0,-1.0,-1.0,-1.0,-1.0,-1.0,1.0,-1.0,-1.0,-1.0,-1.0,-1.0,1.0,-1.0,-1.0,-1.0,-1.0,-1.0,1.0,-1.0,-1.0,-1.0,-1.0,-1.0,1.0,-1.0,-1.0,-1.0,-1.0,-1.0,1.0,-1.0,-1.0,-1.0,-1.0,-1.0,1.0,-1.0,-1.0,-1.0,-1.0,-1.0,1.0,-1.0,-1.0,-1.0,1.0,1.0,-1.0,-1.0,1.0,-1.0,-1.0,-1.0,1.0,1.0,-1.0,-1.0,1.0,-1.0,-1.0,-1.0,1.0,1.0,-1.0,-1.0,1.0,-1.0,-1.0,-1.0,1.0,1.0,-1.0,-1.0,1.0,-1.0,-1.0,-1.0,-1.0,-1.0,-1.0,-1.0,1.0,-1.0,-1.0,-1.0,-1.0,-1.0,-1.0,-1.0,1.0,-1.0,-1.0,-1.0,1.0,-1.0,-1.0,1.0,-1.0,1.0,-1.0,1.0,-1.0,1.0,1.0,-1.0,-1.0,-1.0,1.0,-1.0,-1.0,-1.0,-1.0,-1.0,-1.0,-1.0,-1.0,-1.0,-1.0,-1.0,-1.0,1.0,-1.0,-1.0,-1.0,-1.0,-1.0,-1.0,-1.0,-1.0,-1.0,-1.0,1.0,-1.0,-1.0,-1.0,-1.0,-1.0,-1.0,-1.0,-1.0,1.0,-1.0,-1.0,-1.0,-1.0,-1.0,-1.0,-1.0,1.0,-1.0,-1.0,-1.0,-1.0,-1.0,-1.0,-1.0,-1.0,-1.0,-1.0,1.0
-1.0,-1.0,-1.0,-1.0,-1.0,-1.0,-1.0,-1.0,-1.0,-1.0,-1.0,-1.0,-1.0,-1.0,-1.0,-1.0,-1.0,-1.0,-1.0,-1.0,-1.0,-1.0,-1.0,-1.0,-1.0,-1.0,-1.0,-1.0,-1.0,-1.0,-1.0,-1.0,-1.0,-1.0,-1.0,-1.0,-1.0,-1.0,-1.0,-1.0,-1.0,-1.0,-1.0,-1.0,-1.0,-1.0,-1.0,-1.0,-1.0,-1.0,-1.0,-1.0,-1.0,-1.0,-1.0,-1.0,-1.0,-1.0,-1.0,-1.0,-1.0,-1.0,-1.0,-1.0,-1.0,-1.0,-1.0,-1.0,-1.0,-1.0,-1.0,-1.0,-1.0,-1.0,-1.0,-1.0,-1.0,-1.0,-1.0,-1.0,-1.0,-1.0,-1.0,-1.0,-1.0,-1.0,-1.0,-1.0,-1.0,1.0,-1.0,1.0,-1.0,-1.0,-1.0,-1.0,-1.0,-1.0,-1.0,-1.0,-1.0,-1.0,-1.0,-1.0,-1.0,-1.0,-1.0,-1.0,-1.0,-1.0,-1.0,-1.0,-1.0,-1.0,-1.0,-1.0,-1.0,-1.0,-1.0,-1.0,-1.0,-1.0,-1.0,-1.0,1.0,-1.0,-1.0,-1.0,-1.0,-1.0,-1.0,-1.0,-1.0,-1.0,-1.0,-1.0,-1.0,-1.0,-1.0,-1.0,-1.0,-1.0,-1.0,-1.0,-1.0,-1.0,-1.0,-1.0,-1.0,-1.0,-1.0,-1.0,-1.0,-1.0,-1.0,-1.0,-1.0,-1.0,-1.0,-1.0,-1.0,-1.0,-1.0,-1.0,-1.0,-1.0,-1.0,-1.0,-1.0,-1.0,-1.0,-1.0,-1.0,-1.0,-1.0,-1.0,-1.0,-1.0,-1.0,-1.0,-1.0,-1.0,-1.0,-1.0,-1.0,-1.0,-1.0,-1.0,-1.0,-1.0,-1.0,-1.0,-1.0,-1.0,-1.0,-1.0,-1.0,-1.0,-1.0,-1.0,-1.0,-1.0,-1.0,-1.0,-1.0,-1.0,1.0,-1.0,-1.0,-1.0,-1.0,-1.0,-1.0,-1.0,-1.0,-1.0,-1.0,1.0,-1.0,-1.0,-1.0,-1.0,-1.0,-1.0,-1.0,-1.0,-1.0,-1.0,-1.0,-1.0,-1.0,-1.0,-1.0,-1.0,-1.0,-1.0,-1.0,-1.0,-1.0,-1.0,-1.0,-1.0,-1.0,-1.0,-1.0,-1.0,-1.0,-1.0,-1.0,-1.0,-1.0,-1.0,-1.0,-1.0,-1.0,-1.0,-1.0,-1.0,-1.0,-1.0,-1.0,-1.0,-1.0,-1.0,-1.0,-1.0,-1.0,-1.0,-1.0,-1.0,-1.0,-1.0,-1.0,-1.0,-1.0,-1.0,-1.0,-1.0,-1.0,-1.0,-1.0,-1.0,-1.0,-1.0,-1.0,-1.0,-1.0,-1.0,-1.0,-1.0,-1.0,-1.0,-1.0,-1.0,-1.0,-1.0,-1.0,-1.0,-1.0,-1.0,-1.0,-1.0,-1.0,-1.0,-1.0,-1.0,-1.0,-1.0,-1.0,-1.0,-1.0,1.0,-1.0,-1.0,-1.0,-1.0,-1.0,-1.0,-1.0,1.0,-1.0,-1.0,-1.0,-1.0,-1.0,-1.0,-1.0,-1.0,-1.0,-1.0,-1.0,-1.0,-1.0,-1.0,-1.0,-1.0,-1.0,-1.0,-1.0,-1.0,-1.0,-1.0,-1.0,-1.0,-1.0,-1.0,-1.0,-1.0,-1.0,-1.0,-1.0,-1.0,-1.0,-1.0,-1.0,-1.0,-1.0,-1.0,-1.0,-1.0,-1.0,-1.0,-1.0,-1.0,-1.0,-1.0,-1.0,-1.0,-1.0,-1.0,-1.0,-1.0,-1.0,-1.0,-1.0,-1.0,-1.0,-1.0,-1.0,-1.0,-1.0,-1.0,-1.0,-1.0,-1.0,-1.0,-1.0,-1.0,-1.0,-1.0,-1.0,-1.0
-1.0,-1.0,-1.0,-1.0,-1.0,-1.0,-1.0,-1.0,-1.0,-1.0,-1.0,-1.0,-1.0,-1.0,-1.0,-1.0,-1.0,-1.0,-1.0,-1.0,-1.0,-1.0,-1.0,-1.0,-1.0,-1.0,-1.0,-1.0,-1.0,-1.0,-1.0,-1.0,-1.0,-1.0,-1.0,-1.0,-1.0,-1.0,-1.0,-1.0,-1.0,-1.0,-1.0,-1.0,-1.0,-1.0,-1.0,-1.0,-1.0,-1.0,-1.0,-1.0,-1.0,-1.0,-1.0,-1.0,-1.0,-1.0,-1.0,-1.0,-1.0,-1.0,-1.0,-1.0,-1.0,-1.0,-1.0,-1.0,-1.0,-1.0,-1.0,-1.0,-1.0,-1.0,-1.0,-1.0,-1.0,-1.0,-1.0,-1.0,-1.0,-1.0,-1.0,-1.0,-1.0,-1.0,-1.0,-1.0,-1.0,-1.0,-1.0,-1.0,-1.0,-1.0,-1.0,-1.0,-1.0,-1.0,-1.0,-1.0,-1.0,-1.0,-1.0,-1.0,-1.0,-1.0,-1.0,-1.0,-1.0,-1.0,-1.0,-1.0,-1.0,-1.0,-1.0,-1.0,-1.0,-1.0,-1.0,-1.0,-1.0,-1.0,-1.0,-1.0,-1.0,-1.0,-1.0,-1.0,-1.0,-1.0,-1.0,-1.0,-1.0,-1.0,-1.0,-1.0,-1.0,-1.0,-1.0,-1.0,-1.0,-1.0,-1.0,-1.0,-1.0,-1.0,-1.0,-1.0,-1.0,-1.0,-1.0,-1.0,-1.0,-1.0,-1.0,-1.0,-1.0,-1.0,-1.0,-1.0,-1.0,-1.0,-1.0,-1.0,-1.0,-1.0,-1.0,-1.0,-1.0,-1.0,-1.0,-1.0,-1.0,-1.0,-1.0,-1.0,-1.0,-1.0,-1.0,-1.0,-1.0,-1.0,-1.0,-1.0,-1.0,-1.0,-1.0,-1.0,-1.0,-1.0,-1.0,-1.0,-1.0,-1.0,-1.0,-1.0,-1.0,-1.0,-1.0,-1.0,-1.0,-1.0,-1.0,-1.0,-1.0,-1.0,-1.0,-1.0,-1.0,-1.0,-1.0,-1.0,-1.0,-1.0,-1.0,-1.0,-1.0,-1.0,-1.0,-1.0,-1.0,-1.0,-1.0,-1.0,-1.0,-1.0,-1.0,-1.0,-1.0,-1.0,-1.0,-1.0,-1.0,-1.0,-1.0,-1.0,-1.0,-1.0,-1.0,-1.0,-1.0,-1.0,-1.0,-1.0,-1.0,-1.0,-1.0,-1.0,-1.0,-1.0,-1.0,-1.0,-1.0,-1.0,-1.0,-1.0,-1.0,-1.0,-1.0,-1.0,-1.0,-1.0,-1.0,-1.0,-1.0,-1.0,-1.0,-1.0,-1.0,-1.0,-1.0,-1.0,-1.0,-1.0,-1.0,-1.0,-1.0,-1.0,-1.0,-1.0,-1.0,-1.0,-1.0,-1.0,-1.0,-1.0,-1.0,-1.0,-1.0,-1.0,-1.0,-1.0,-1.0,-1.0,-1.0,-1.0,-1.0,-1.0,-1.0,-1.0,-1.0,-1.0,-1.0,-1.0,-1.0,-1.0,-1.0,-1.0,-1.0,-1.0,-1.0,-1.0,-1.0,-1.0,-1.0,-1.0,-1.0,-1.0,-1.0,-1.0,-1.0,-1.0,-1.0,-1.0,-1.0,-1.0,-1.0,-1.0,-1.0,-1.0,-1.0,-1.0,-1.0,-1.0,-1.0,-1.0,-1.0,-1.0,-1.0,-1.0,-1.0,-1.0,-1.0,-1.0,-1.0,-1.0,-1.0,-1.0,-1.0,-1.0,-1.0,-1.0,-1.0,-1.0,-1.0,-1.0,-1.0,-1.0,-1.0,-1.0,-1.0,-1.0,-1.0,-1.0,-1.0,-1.0,-1.0,-1.0,-1.0,-1.0,-1.0,-1.0,-1.0,-1.0,-1.0,-1.0,-1.0,-1.0,-1.0,-1.0,-1.0,-1.0,-1.0,-1.0,-1.0,-1.0,-1.0,-1.0,-1.0,-1.0,-1.0,-1.0
-1.0,-1.0,-1.0,-1.0,-1.0,-1.0,-1.0,-1.0,-1.0,-1.0,-1.0,-1.0,-1.0,-1.0,-1.0,-1.0,-1.0,-1.0,-1.0,-1.0,-1.0,-1.0,-1.0,-1.0,-1.0,-1.0,-1.0,-1.0,-1.0,-1.0,-1.0,-1.0,-1.0,-1.0,-1.0,-1.0,-1.0,-1.0,-1.0,-1.0,-1.0,-1.0,-1.0,-1.0,-1.0,-1.0,-1.0,-1.0,-1.0,-1.0,-1.0,-1.0,-1.0,-1.0,-1.0,-1.0,-1.0,-1.0,-1.0,-1.0,-1.0,-1.0,-1.0,-1.0,-1.0,-1.0,-1.0,1.0,-1.0,-1.0,-1.0,-1.0,-1.0,-1.0,1.0,-1.0,-1.0,-1.0,-1.0,1.0,1.0,1.0,1.0,1.0,1.0,1.0,1.0,1.0,1.0,-1.0,-1.0,-1.0,-1.0,1.0,1.0,1.0,1.0,1.0,1.0,1.0,1.0,1.0,1.0,1.0,1.0,1.0,1.0,1.0,1.0,1.0,1.0,1.0,1.0,1.0,1.0,1.0,-1.0,-1.0,-1.0,-1.0,-1.0,-1.0,-1.0,-1.0,-1.0,-1.0,-1.0,-1.0,-1.0,-1.0,-1.0,1.0,-1.0,-1.0,1.0,-1.0,1.0,-1.0,-1.0,1.0,-1.0,1.0,-1.0,-1.0,1.0,-1.0,1.0,-1.0,1.0,-1.0,1.0,-1.0,-1.0,-1.0,-1.0,-1.0,-1.0,-1.0,-1.0,-1.0,-1.0,-1.0,-1.0,-1.0,1.0,-1.0,-1.0,-1.0,1.0,-1.0,1.0,-1.0,1.0,-1.0,1.0,-1.0,1.0,-1.0,1.0,-1.0,1.0,-1.0,-1.0,-1.0,-1.0,-1.0,-1.0,-1.0,-1.0,-1.0,-1.0,-1.0,-1.0,-1.0,-1.0,-1.0,-1.0,-1.0,-1.0,-1.0,-1.0,-1.0,-1.0,-1.0,-1.0,-1.0,-1.0,-1.0,-1.0,-1.0,-1.0,-1.0,-1.0,-1.0,-1.0,-1.0,-1.0,-1.0,-1.0,-1.0,-1.0,1.0,-1.0,-1.0,-1.0,1.0,-1.0,-1.0,-1.0,1.0,-1.0,-1.0,-1.0,-1.0,-1.0,1.0,-1.0,-1.0,-1.0,-1.0,-1.0,1.0,-1.0,-1.0,-1.0,-1.0,-1.0,1.0,-1.0,-1.0,-1.0,-1.0,-1.0,1.0,-1.0,-1.0,-1.0,-1.0,-1.0,1.0,-1.0,-1.0,-1.0,-1.0,-1.0,1.0,-1.0,-1.0,-1.0,-1.0,-1.0,1.0,-1.0,-1.0,-1.0,-1.0,-1.0,-1.0,-1.0,-1.0,-1.0,-1.0,-1.0,-1.0,-1.0,-1.0,-1.0,-1.0,-1.0,-1.0,-1.0,-1.0,-1.0,-1.0,-1.0,-1.0,-1.0,-1.0,-1.0,-1.0,-1.0,-1.0,-1.0,-1.0,-1.0,-1.0,-1.0,-1.0,-1.0,1.0,-1.0,-1.0,-1.0,-1.0,-1.0,-1.0,-1.0,1.0,-1.0,-1.0,-1.0,-1.0,-1.0,-1.0,-1.0,1.0,-1.0,-1.0,1.0,-1.0,1.0,-1.0,1.0,-1.0,1.0,1.0,1.0,-1.0,-1.0,-1.0,-1.0,-1.0,-1.0,-1.0,-1.0,-1.0,-1.0,-1.0,-1.0,-1.0,-1.0,-1.0,-1.0,-1.0,-1.0,-1.0,-1.0,-1.0,-1.0,-1.0,-1.0,-1.0,-1.0,-1.0,-1.0,-1.0,-1.0,-1.0,-1.0,-1.0,-1.0,-1.0,-1.0,-1.0,-1.0,-1.0,-1.0,-1.0,-1.0,-1.0,-1.0,-1.0,-1.0,-1.0,-1.0,-1.0,1.0,1.0,1.0,1.0,1.0,1.0
-1.0,-1.0,-1.0,-1.0,-1.0,-1.0,-1.0,-1.0,-1.0,-1.0,-1.0,-1.0,-1.0,-1.0,-1.0,-1.0,-1.0,-1.0,-1.0,-1.0,-1.0,-1.0,-1.0,-1.0,-1.0,-1.0,-1.0,-1.0,-1.0,-1.0,-1.0,-1.0,-1.0,-1.0,-1.0,-1.0,-1.0,-1.0,-1.0,-1.0,-1.0,-1.0,-1.0,-1.0,-1.0,-1.0,-1.0,-1.0,-1.0,-1.0,-1.0,-1.0,-1.0,-1.0,-1.0,-1.0,-1.0,-1.0,-1.0,-1.0,-1.0,-1.0,-1.0,-1.0,-1.0,-1.0,-1.0,-1.0,-1.0,-1.0,-1.0,-1.0,-1.0,-1.0,-1.0,-1.0,-1.0,-1.0,-1.0,-1.0,-1.0,-1.0,-1.0,-1.0,-1.0,-1.0,-1.0,-1.0,-1.0,-1.0,-1.0,-1.0,-1.0,-1.0,-1.0,-1.0,-1.0,-1.0,-1.0,-1.0,-1.0,-1.0,-1.0,-1.0,-1.0,-1.0,-1.0,-1.0,-1.0,-1.0,-1.0,-1.0,-1.0,-1.0,-1.0,-1.0,-1.0,-1.0,-1.0,-1.0,-1.0,-1.0,-1.0,-1.0,-1.0,-1.0,-1.0,-1.0,-1.0,-1.0,-1.0,-1.0,-1.0,-1.0,-1.0,-1.0,-1.0,-1.0,-1.0,-1.0,-1.0,-1.0,-1.0,-1.0,-1.0,-1.0,-1.0,-1.0,-1.0,-1.0,-1.0,-1.0,-1.0,-1.0,-1.0,-1.0,-1.0,-1.0,-1.0,-1.0,-1.0,-1.0,-1.0,-1.0,-1.0,-1.0,-1.0,-1.0,-1.0,-1.0,-1.0,-1.0,-1.0,-1.0,-1.0,-1.0,-1.0,-1.0,-1.0,-1.0,-1.0,-1.0,-1.0,-1.0,-1.0,-1.0,-1.0,-1.0,-1.0,-1.0,-1.0,-1.0,-1.0,-1.0,-1.0,-1.0,-1.0,-1.0,-1.0,-1.0,-1.0,-1.0,-1.0,-1.0,-1.0,-1.0,-1.0,-1.0,-1.0,-1.0,-1.0,-1.0,-1.0,-1.0,-1.0,-1.0,-1.0,-1.0,-1.0,-1.0,-1.0,-1.0,-1.0,-1.0,-1.0,-1.0,-1.0,-1.0,-1.0,-1.0,-1.0,-1.0,-1.0,-1.0,-1.0,-1.0,-1.0,-1.0,-1.0,-1.0,-1.0,-1.0,-1.0,-1.0,-1.0,-1.0,-1.0,-1.0,-1.0,-1.0,-1.0,-1.0,-1.0,-1.0,-1.0,-1.0,-1.0,-1.0,-1.0,-1.0,-1.0,-1.0,-1.0,-1.0,-1.0,-1.0,-1.0,-1.0,-1.0,-1.0,-1.0,-1.0,-1.0,-1.0,-1.0,-1.0,-1.0,-1.0,-1.0,-1.0,-1.0,-1.0,-1.0,-1.0,-1.0,-1.0,-1.0,-1.0,-1.0,-1.0,-1.0,-1.0,-1.0,-1.0,-1.0,-1.0,-1.0,-1.0,-1.0,-1.0,-1.0,-1.0,-1.0,-1.0,-1.0,-1.0,-1.0,-1.0,-1.0,-1.0,-1.0,-1.0,-1.0,-1.0,-1.0,-1.0,-1.0,-1.0,-1.0,-1.0,-1.0,-1.0,-1.0,-1.0,-1.0,-1.0,-1.0,-1.0,-1.0,-1.0,-1.0,-1.0,-1.0,-1.0,-1.0,-1.0,-1.0,-1.0,-1.0,-1.0,-1.0,-1.0,-1.0,-1.0,-1.0,-1.0,-1.0,-1.0,-1.0,-1.0,-1.0,-1.0,-1.0,-1.0,-1.0,-1.0,-1.0,-1.0,-1.0,-1.0,-1.0,-1.0,-1.0,-1.0,-1.0,-1.0,-1.0,-1.0,-1.0,-1.0,-1.0,-1.0,-1.0,-1.0,-1.0,-1.0,-1.0,-1.0,-1.0,-1.0,-1.0,-1.0,-1.0,-1.0,-1.0,-1.0,-1.0,-1.0,-1.0,-1.0,-1.0,-1.0
-1.0,-1.0,-1.0,-1.0,-1.0,-1.0,-1.0,-1.0,-1.0,-1.0,-1.0,-1.0,-1.0,-1.0,-1.0,-1.0,-1.0,-1.0,-1.0,-1.0,-1.0,-1.0,-1.0,-1.0,-1.0,-1.0,-1.0,-1.0,-1.0,-1.0,-1.0,-1.0,-1.0,-1.0,-1.0,-1.0,-1.0,-1.0,-1.0,-1.0,-1.0,-1.0,-1.0,-1.0,-1.0,-1.0,-1.0,-1.0,-1.0,-1.0,-1.0,-1.0,-1.0,-1.0,-1.0,-1.0,-1.0,-1.0,-1.0,-1.0,-1.0,-1.0,-1.0,-1.0,-1.0,-1.0,-1.0,-1.0,-1.0,-1.0,-1.0,-1.0,-1.0,-1.0,-1.0,-1.0,-1.0,-1.0,-1.0,-1.0,-1.0,-1.0,-1.0,-1.0,-1.0,-1.0,-1.0,-1.0,-1.0,-1.0,-1.0,-1.0,-1.0,-1.0,-1.0,-1.0,-1.0,-1.0,-1.0,-1.0,-1.0,-1.0,-1.0,-1.0,-1.0,-1.0,-1.0,-1.0,-1.0,-1.0,-1.0,-1.0,-1.0,-1.0,-1.0,-1.0,-1.0,-1.0,-1.0,-1.0,-1.0,-1.0,-1.0,-1.0,-1.0,-1.0,1.0,-1.0,-1.0,1.0,-1.0,-1.0,-1.0,-1.0,-1.0,-1.0,-1.0,-1.0,-1.0,-1.0,-1.0,-1.0,-1.0,-1.0,-1.0,-1.0,-1.0,-1.0,-1.0,1.0,-1.0,-1.0,-1.0,-1.0,-1.0,-1.0,-1.0,-1.0,-1.0,-1.0,-1.0,-1.0,-1.0,-1.0,-1.0,-1.0,-1.0,-1.0,-1.0,-1.0,-1.0,-1.0,-1.0,-1.0,-1.0,-1.0,-1.0,-1.0,-1.0,-1.0,-1.0,-1.0,-1.0,-1.0,-1.0,-1.0,-1.0,-1.0,-1.0,-1.0,-1.0,-1.0,-1.0,-1.0,-1.0,-1.0,-1.0,-1.0,-1.0,-1.0,-1.0,-1.0,-1.0,-1.0,-1.0,-1.0,-1.0,-1.0,-1.0,-1.0,-1.0,-1.0,-1.0,-1.0,-1.0,-1.0,-1.0,-1.0,-1.0,-1.0,-1.0,-1.0,-1.0,-1.0,-1.0,-1.0,-1.0,-1.0,-1.0,-1.0,-1.0,-1.0,-1.0,-1.0,-1.0,-1.0,-1.0,-1.0,-1.0,-1.0,-1.0,-1.0,-1.0,-1.0,-1.0,-1.0,-1.0,-1.0,-1.0,-1.0,-1.0,-1.0,-1.0,-1.0,-1.0,-1.0,-1.0,-1.0,-1.0,-1.0,-1.0,-1.0,-1.0,-1.0,-1.0,-1.0,-1.0,-1.0,-1.0,-1.0,-1.0,-1.0,-1.0,-1.0,-1.0,-1.0,-1.0,-1.0,-1.0,-1.0,-1.0,-1.0,-1.0,-1.0,-1.0,-1.0,-1.0,-1.0,-1.0,-1.0,-1.0,-1.0,-1.0,-1.0,-1.0,-1.0,-1.0,-1.0,-1.0,-1.0,-1.0,-1.0,-1.0,-1.0,-1.0,-1.0,-1.0,-1.0,-1.0,-1.0,-1.0,-1.0,-1.0,-1.0,-1.0,-1.0,-1.0,-1.0,-1.0,-1.0,-1.0,-1.0,-1.0,-1.0,-1.0,-1.0,-1.0,-1.0,-1.0,-1.0,-1.0,-1.0,-1.0,-1.0,-1.0,-1.0,-1.0,-1.0,-1.0,-1.0,-1.0,-1.0,-1.0,-1.0,-1.0,-1.0,-1.0,-1.0,-1.0,-1.0,-1.0,-1.0,-1.0,-1.0,-1.0,-1.0,-1.0,-1.0,-1.0,-1.0,-1.0,-1.0,-1.0,-1.0,-1.0,-1.0,-1.0,-1.0,-1.0,-1.0,-1.0,-1.0,-1.0,-1.0,-1.0,-1.0,-1.0,-1.0,-1.0,-1.0,-1.0,-1.0,-1.0,-1.0,-1.0,-1.0,-1.0,-1.0,-1.0,-1.0,-1.0,-1.0
-1.0,-1.0,-1.0,-1.0,-1.0,-1.0,-1.0,-1.0,-1.0,-1.0,-1.0,-1.0,-1.0,-1.0,-1.0,-1.0,-1.0,-1.0,-1.0,-1.0,-1.0,-1.0,-1.0,-1.0,-1.0,-1.0,-1.0,-1.0,-1.0,-1.0,-1.0,-1.0,-1.0,-1.0,-1.0,-1.0,-1.0,-1.0,-1.0,-1.0,-1.0,-1.0,-1.0,-1.0,-1.0,-1.0,-1.0,-1.0,-1.0,-1.0,-1.0,-1.0,-1.0,-1.0,-1.0,-1.0,-1.0,-1.0,-1.0,-1.0,-1.0,-1.0,-1.0,-1.0,-1.0,-1.0,-1.0,-1.0,-1.0,-1.0,-1.0,-1.0,-1.0,-1.0,-1.0,-1.0,-1.0,-1.0,-1.0,-1.0,-1.0,-1.0,-1.0,-1.0,-1.0,-1.0,-1.0,-1.0,-1.0,-1.0,-1.0,-1.0,-1.0,-1.0,-1.0,-1.0,-1.0,-1.0,-1.0,-1.0,-1.0,-1.0,-1.0,-1.0,-1.0,-1.0,-1.0,-1.0,-1.0,-1.0,-1.0,-1.0,-1.0,-1.0,-1.0,-1.0,-1.0,-1.0,-1.0,-1.0,-1.0,-1.0,-1.0,-1.0,-1.0,-1.0,-1.0,-1.0,-1.0,-1.0,-1.0,-1.0,-1.0,-1.0,-1.0,-1.0,-1.0,-1.0,-1.0,-1.0,-1.0,-1.0,-1.0,-1.0,-1.0,-1.0,-1.0,-1.0,-1.0,-1.0,-1.0,-1.0,-1.0,-1.0,-1.0,-1.0,-1.0,-1.0,-1.0,-1.0,-1.0,-1.0,-1.0,-1.0,1.0,-1.0,-1.0,1.0,-1.0,-1.0,-1.0,-1.0,-1.0,-1.0,-1.0,-1.0,-1.0,-1.0,-1.0,-1.0,-1.0,1.0,1.0,-1.0,-1.0,-1.0,-1.0,-1.0,-1.0,-1.0,-1.0,-1.0,-1.0,-1.0,-1.0,-1.0,-1.0,-1.0,-1.0,-1.0,-1.0,-1.0,-1.0,-1.0,-1.0,-1.0,-1.0,-1.0,-1.0,-1.0,-1.0,-1.0,-1.0,-1.0,-1.0,-1.0,-1.0,-1.0,-1.0,-1.0,-1.0,-1.0,-1.0,-1.0,-1.0,-1.0,-1.0,-1.0,-1.0,-1.0,-1.0,-1.0,-1.0,-1.0,-1.0,-1.0,-1.0,-1.0,-1.0,-1.0,-1.0,-1.0,-1.0,-1.0,-1.0,-1.0,-1.0,-1.0,-1.0,-1.0,-1.0,-1.0,-1.0,-1.0,-1.0,-1.0,-1.0,-1.0,-1.0,-1.0,-1.0,-1.0,-1.0,-1.0,-1.0,-1.0,-1.0,-1.0,-1.0,-1.0,-1.0,-1.0,-1.0,-1.0,-1.0,-1.0,-1.0,-1.0,-1.0,-1.0,-1.0,-1.0,-1.0,-1.0,-1.0,-1.0,-1.0,-1.0,-1.0,-1.0,-1.0,-1.0,-1.0,-1.0,-1.0,-1.0,-1.0,-1.0,-1.0,-1.0,-1.0,-1.0,-1.0,-1.0,-1.0,-1.0,-1.0,-1.0,-1.0,-1.0,-1.0,-1.0,-1.0,-1.0,-1.0,-1.0,-1.0,-1.0,-1.0,-1.0,-1.0,-1.0,-1.0,-1.0,-1.0,-1.0,1.0,-1.0,-1.0,-1.0,-1.0,-1.0,-1.0,-1.0,-1.0,-1.0,-1.0,-1.0,-1.0,-1.0,-1.0,-1.0,-1.0,-1.0,-1.0,-1.0,-1.0,-1.0,-1.0,-1.0,-1.0,-1.0,-1.0,-1.0,-1.0,-1.0,-1.0,-1.0,-1.0,-1.0,-1.0,-1.0,-1.0,-1.0,-1.0,-1.0,-1.0,-1.0,-1.0,-1.0,-1.0,-1.0,-1.0,-1.0,-1.0,-1.0,-1.0,-1.0,-1.0,-1.0,-1.0,-1.0,-1.0,-1.0,-1.0,-1.0,-1.0,-1.0,-1.0,-1.0,-1.0,-1.0
-1.0,-1.0,-1.0,-1.0,-1.0,-1.0,-1.0,-1.0,-1.0,-1.0,-1.0,-1.0,-1.0,-1.0,-1.0,-1.0,-1.0,-1.0,-1.0,-1.0,-1.0,-1.0,-1.0,-1.0,-1.0,-1.0,-1.0,-1.0,-1.0,-1.0,-1.0,-1.0,-1.0,-1.0,-1.0,-1.0,-1.0,-1.0,-1.0,-1.0,-1.0,-1.0,-1.0,-1.0,-1.0,-1.0,-1.0,-1.0,-1.0,-1.0,-1.0,-1.0,-1.0,-1.0,-1.0,-1.0,-1.0,-1.0,-1.0,-1.0,-1.0,-1.0,-1.0,-1.0,-1.0,-1.0,-1.0,-1.0,-1.0,-1.0,-1.0,-1.0,-1.0,-1.0,-1.0,-1.0,-1.0,-1.0,1.0,-1.0,-1.0,-1.0,-1.0,-1.0,-1.0,-1.0,-1.0,-1.0,-1.0,-1.0,-1.0,-1.0,-1.0,-1.0,-1.0,-1.0,-1.0,-1.0,-1.0,-1.0,-1.0,-1.0,-1.0,-1.0,-1.0,-1.0,-1.0,-1.0,-1.0,-1.0,-1.0,-1.0,-1.0,-1.0,-1.0,-1.0,-1.0,-1.0,-1.0,-1.0,-1.0,-1.0,-1.0,-1.0,-1.0,-1.0,-1.0,-1.0,-1.0,-1.0,-1.0,-1.0,-1.0,-1.0,-1.0,-1.0,-1.0,-1.0,-1.0,-1.0,-1.0,-1.0,-1.0,-1.0,-1.0,-1.0,-1.0,-1.0,-1.0,-1.0,-1.0,-1.0,-1.0,-1.0,-1.0,-1.0,-1.0,-1.0,-1.0,-1.0,-1.0,-1.0,-1.0,-1.0,-1.0,-1.0,-1.0,-1.0,-1.0,-1.0,-1.0,-1.0,-1.0,-1.0,-1.0,-1.0,-1.0,-1.0,-1.0,-1.0,-1.0,-1.0,-1.0,-1.0,-1.0,-1.0,-1.0,-1.0,-1.0,-1.0,-1.0,-1.0,-1.0,-1.0,-1.0,-1.0,-1.0,-1.0,-1.0,-1.0,-1.0,-1.0,-1.0,-1.0,-1.0,-1.0,-1.0,-1.0,-1.0,-1.0,-1.0,-1.0,-1.0,-1.0,-1.0,-1.0,-1.0,-1.0,-1.0,-1.0,-1.0,-1.0,-1.0,-1.0,-1.0,-1.0,-1.0,-1.0,-1.0,-1.0,-1.0,-1.0,-1.0,-1.0,-1.0,-1.0,-1.0,-1.0,-1.0,-1.0,-1.0,-1.0,-1.0,-1.0,-1.0,-1.0,-1.0,-1.0,-1.0,-1.0,-1.0,-1.0,-1.0,-1.0,-1.0,-1.0,-1.0,-1.0,-1.0,-1.0,-1.0,-1.0,-1.0,-1.0,-1.0,-1.0,-1.0,-1.0,-1.0,-1.0,-1.0,-1.0,-1.0,-1.0,-1.0,-1.0,-1.0,-1.0,-1.0,-1.0,-1.0,-1.0,-1.0,-1.0,-1.0,-1.0,-1.0,-1.0,-1.0,-1.0,-1.0,-1.0,-1.0,-1.0,-1.0,-1.0,-1.0,-1.0,-1.0,-1.0,-1.0,-1.0,-1.0,-1.0,-1.0,-1.0,-1.0,-1.0,-1.0,-1.0,-1.0,-1.0,-1.0,-1.0,-1.0,-1.0,-1.0,-1.0,-1.0,-1.0,-1.0,-1.0,-1.0,-1.0,-1.0,-1.0,-1.0,-1.0,-1.0,-1.0,-1.0,-1.0,-1.0,-1.0,-1.0,-1.0,-1.0,-1.0,-1.0,-1.0,-1.0,-1.0,-1.0,-1.0,-1.0,-1.0,-1.0,-1.0,-1.0,-1.0,-1.0,-1.0,-1.0,-1.0,-1.0,-1.0,-1.0,-1.0,-1.0,-1.0,-1.0,-1.0,-1.0,-1.0,-1.0,-1.0,-1.0,-1.0,-1.0,-1.0,-1.0,-1.0,-1.0,-1.0,-1.0,-1.0,-1.0,-1.0,-1.0,-1.0,-1.0,-1.0,-1.0,-1.0,-1.0,-1.0,-1.0,-1.0,-1.0,-1.0,-1.0,-1.0
-1.0,-1.0,-1.0,-1.0,-1.0,-1.0,-1.0,-1.0,-1.0,-1.0,-1.0,-1.0,-1.0,-1.0,-1.0,-1.0,-1.0,-1.0,-1.0,-1.0,-1.0,-1.0,-1.0,-1.0,-1.0,-1.0,-1.0,-1.0,-1.0,-1.0,-1.0,-1.0,-1.0,-1.0,-1.0,-1.0,-1.0,-1.0,-1.0,-1.0,-1.0,-1.0,-1.0,-1.0,-1.0,-1.0,-1.0,-1.0,-1.0,-1.0,-1.0,-1.0,-1.0,-1.0,-1.0,-1.0,-1.0,-1.0,-1.0,-1.0,-1.0,-1.0,-1.0,-1.0,-1.0,-1.0,-1.0,-1.0,-1.0,-1.0,-1.0,-1.0,-1.0,-1.0,-1.0,-1.0,-1.0,-1.0,-1.0,-1.0,-1.0,-1.0,-1.0,-1.0,-1.0,-1.0,-1.0,-1.0,-1.0,-1.0,-1.0,-1.0,-1.0,-1.0,-1.0,-1.0,-1.0,-1.0,-1.0,-1.0,-1.0,-1.0,-1.0,-1.0,-1.0,-1.0,-1.0,-1.0,-1.0,-1.0,-1.0,-1.0,-1.0,-1.0,-1.0,-1.0,-1.0,-1.0,-1.0,-1.0,-1.0,-1.0,-1.0,-1.0,-1.0,-1.0,-1.0,-1.0,-1.0,-1.0,-1.0,-1.0,-1.0,-1.0,-1.0,-1.0,-1.0,-1.0,-1.0,-1.0,-1.0,-1.0,-1.0,-1.0,-1.0,-1.0,-1.0,-1.0,-1.0,-1.0,-1.0,-1.0,-1.0,-1.0,-1.0,-1.0,-1.0,-1.0,-1.0,-1.0,-1.0,-1.0,-1.0,-1.0,-1.0,-1.0,-1.0,-1.0,-1.0,-1.0,-1.0,-1.0,-1.0,-1.0,-1.0,-1.0,-1.0,-1.0,-1.0,-1.0,-1.0,-1.0,-1.0,-1.0,-1.0,-1.0,-1.0,-1.0,-1.0,-1.0,-1.0,-1.0,-1.0,-1.0,-1.0,-1.0,-1.0,-1.0,-1.0,-1.0,-1.0,-1.0,-1.0,-1.0,-1.0,-1.0,-1.0,-1.0,-1.0,-1.0,-1.0,-1.0,-1.0,-1.0,-1.0,-1.0,-1.0,-1.0,-1.0,-1.0,-1.0,-1.0,-1.0,-1.0,-1.0,-1.0,-1.0,-1.0,-1.0,-1.0,-1.0,-1.0,-1.0,-1.0,-1.0,-1.0,-1.0,-1.0,-1.0,-1.0,-1.0,-1.0,-1.0,-1.0,-1.0,-1.0,-1.0,-1.0,-1.0,-1.0,-1.0,-1.0,-1.0,-1.0,-1.0,-1.0,-1.0,-1.0,-1.0,-1.0,-1.0,-1.0,-1.0,-1.0,-1.0,-1.0,-1.0,-1.0,-1.0,-1.0,-1.0,-1.0,-1.0,-1.0,-1.0,-1.0,-1.0,-1.0,-1.0,-1.0,-1.0,-1.0,-1.0,-1.0,-1.0,-1.0,-1.0,-1.0,-1.0,-1.0,-1.0,-1.0,-1.0,-1.0,-1.0,-1.0,-1.0,-1.0,-1.0,-1.0,-1.0,-1.0,-1.0,-1.0,-1.0,-1.0,-1.0,-1.0,-1.0,-1.0,-1.0,-1.0,-1.0,-1.0,-1.0,-1.0,-1.0,-1.0,-1.0,-1.0,-1.0,-1.0,-1.0,-1.0,-1.0,-1.0,-1.0,-1.0,-1.0,-1.0,-1.0,-1.0,-1.0,-1.0,-1.0,-1.0,-1.0,-1.0,-1.0,-1.0,-1.0,-1.0,-1.0,-1.0,-1.0,-1.0,-1.0,-1.0,-1.0,-1.0,-1.0,-1.0,-1.0,-1.0,-1.0,-1.0,-1.0,-1.0,-1.0,-1.0,-1.0,-1.0,-1.0,-1.0,-1.0,-1.0,-1.0,-1.0,-1.0,-1.0,-1.0,-1.0,-1.0,-1.0,-1.0,-1.0,-1.0,-1.0,-1.0,-1.0,-1.0,-1.0,-1.0,-1.0,-1.0,-1.0,-1.0,-1.0,-1.0,-1.0,-1.0,-1.0
-1.0,-1.0,-1.0,-1.0,-1.0,-1.0,-1.0,-1.0,-1.0,-1.0,-1.0,-1.0,-1.0,-1.0,-1.0,-1.0,-1.0,-1.0,-1.0,-1.0,-1.0,-1.0,-1.0,-1.0,-1.0,-1.0,-1.0,-1.0,-1.0,-1.0,-1.0,-1.0,-1.0,-1.0,-1.0,-1.0,-1.0,-1.0,-1.0,-1.0,-1.0,-1.0,-1.0,-1.0,-1.0,-1.0,-1.0,-1.0,-1.0,-1.0,-1.0,-1.0,-1.0,-1.0,-1.0,-1.0,-1.0,-1.0,-1.0,-1.0,-1.0,-1.0,-1.0,-1.0,-1.0,-1.0,-1.0,-1.0,-1.0,-1.0,-1.0,-1.0,-1.0,-1.0,-1.0,-1.0,-1.0,-1.0,-1.0,-1.0,-1.0,-1.0,-1.0,-1.0,-1.0,-1.0,-1.0,-1.0,-1.0,-1.0,-1.0,-1.0,-1.0,-1.0,-1.0,-1.0,-1.0,-1.0,-1.0,-1.0,-1.0,-1.0,-1.0,-1.0,-1.0,-1.0,-1.0,-1.0,-1.0,-1.0,-1.0,-1.0,-1.0,-1.0,-1.0,-1.0,-1.0,-1.0,-1.0,-1.0,-1.0,-1.0,-1.0,-1.0,-1.0,-1.0,-1.0,-1.0,-1.0,-1.0,-1.0,-1.0,-1.0,-1.0,-1.0,-1.0,-1.0,-1.0,-1.0,-1.0,-1.0,-1.0,-1.0,-1.0,-1.0,-1.0,-1.0,-1.0,-1.0,-1.0,-1.0,-1.0,-1.0,-1.0,-1.0,-1.0,-1.0,-1.0,-1.0,-1.0,-1.0,-1.0,-1.0,-1.0,-1.0,-1.0,-1.0,-1.0,-1.0,-1.0,-1.0,1.0,-1.0,-1.0,-1.0,1.0,-1.0,-1.0,-1.0,1.0,-1.0,-1.0,-1.0,-1.0,-1.0,-1.0,1.0,-1.0,-1.0,-1.0,-1.0,-1.0,-1.0,-1.0,1.0,-1.0,-1.0,-1.0,-1.0,-1.0,-1.0,-1.0,1.0,-1.0,-1.0,-1.0,-1.0,-1.0,-1.0,-1.0,-1.0,-1.0,-1.0,1.0,-1.0,-1.0,-1.0,-1.0,-1.0,-1.0,-1.0,-1.0,1.0,-1.0,-1.0,-1.0,1.0,-1.0,-1.0,-1.0,1.0,-1.0,-1.0,-1.0,-1.0,-1.0,1.0,-1.0,-1.0,-1.0,-1.0,-1.0,1.0,-1.0,-1.0,-1.0,-1.0,-1.0,1.0,-1.0,-1.0,-1.0,-1.0,-1.0,1.0,-1.0,-1.0,-1.0,-1.0,-1.0,1.0,-1.0,-1.0,-1.0,-1.0,-1.0,1.0,-1.0,-1.0,-1.0,-1.0,-1.0,1.0,-1.0,-1.0,-1.0,-1.0,-1.0,-1.0,-1.0,1.0,-1.0,-1.0,-1.0,-1.0,-1.0,-1.0,-1.0,1.0,-1.0,-1.0,-1.0,-1.0,-1.0,-1.0,-1.0,1.0,-1.0,-1.0,-1.0,-1.0,-1.0,-1.0,-1.0,1.0,-1.0,-1.0,-1.0,-1.0,-1.0,-1.0,-1.0,-1.0,-1.0,-1.0,-1.0,-1.0,-1.0,-1.0,-1.0,-1.0,-1.0,-1.0,-1.0,-1.0,-1.0,-1.0,1.0,-1.0,1.0,-1.0,1.0,-1.0,1.0,-1.0,-1.0,-1.0,-1.0,-1.0,-1.0,-1.0,-1.0,-1.0,-1.0,-1.0,-1.0,-1.0,-1.0,-1.0,-1.0,-1.0,-1.0,-1.0,-1.0,-1.0,-1.0,-1.0,-1.0,-1.0,-1.0,-1.0,-1.0,-1.0,-1.0,-1.0,-1.0,-1.0,-1.0,-1.0,-1.0,-1.0,-1.0,-1.0,-1.0,-1.0,-1.0,-1.0,-1.0,-1.0,-1.0,-1.0,-1.0,-1.0,-1.0,-1.0,-1.0,-1.0,-1.0,-1.0,-1.0,-1.0,-1.0
-1.0,-1.0,-1.0,-1.0,-1.0,-1.0,-1.0,-1.0,-1.0,-1.0,-1.0,-1.0,-1.0,-1.0,-1.0,-1.0,-1.0,-1.0,-1.0,-1.0,-1.0,-1.0,-1.0,-1.0,-1.0,-1.0,-1.0,-1.0,-1.0,-1.0,-1.0,-1.0,-1.0,-1.0,-1.0,-1.0,-1.0,-1.0,-1.0,-1.0,-1.0,-1.0,-1.0,-1.0,-1.0,-1.0,-1.0,-1.0,-1.0,-1.0,-1.0,-1.0,-1.0,-1.0,-1.0,-1.0,-1.0,-1.0,-1.0,-1.0,-1.0,-1.0,-1.0,-1.0,-1.0,-1.0,-1.0,-1.0,-1.0,-1.0,-1.0,-1.0,-1.0,-1.0,-1.0,-1.0,-1.0,-1.0,-1.0,-1.0,-1.0,-1.0,-1.0,-1.0,-1.0,-1.0,-1.0,-1.0,-1.0,-1.0,-1.0,-1.0,-1.0,-1.0,-1.0,-1.0,-1.0,-1.0,-1.0,-1.0,-1.0,-1.0,-1.0,-1.0,-1.0,-1.0,-1.0,-1.0,-1.0,-1.0,-1.0,-1.0,-1.0,-1.0,-1.0,-1.0,-1.0,-1.0,-1.0,-1.0,-1.0,-1.0,-1.0,-1.0,-1.0,-1.0,-1.0,-1.0,-1.0,-1.0,-1.0,-1.0,-1.0,-1.0,-1.0,-1.0,-1.0,-1.0,-1.0,-1.0,-1.0,-1.0,-1.0,-1.0,-1.0,-1.0,-1.0,-1.0,-1.0,-1.0,-1.0,-1.0,-1.0,-1.0,-1.0,-1.0,-1.0,-1.0,-1.0,-1.0,-1.0,-1.0,-1.0,-1.0,-1.0,-1.0,-1.0,-1.0,-1.0,-1.0,-1.0,-1.0,-1.0,-1.0,-1.0,-1.0,-1.0,-1.0,-1.0,-1.0,-1.0,-1.0,-1.0,-1.0,-1.0,-1.0,-1.0,-1.0,-1.0,-1.0,-1.0,-1.0,-1.0,-1.0,-1.0,-1.0,-1.0,-1.0,-1.0,-1.0,-1.0,-1.0,-1.0,-1.0,-1.0,-1.0,-1.0,-1.0,-1.0,-1.0,-1.0,-1.0,-1.0,-1.0,-1.0,-1.0,-1.0,-1.0,-1.0,-1.0,-1.0,-1.0,-1.0,-1.0,-1.0,-1.0,-1.0,-1.0,-1.0,-1.0,-1.0,-1.0,-1.0,-1.0,-1.0,-1.0,-1.0,-1.0,-1.0,-1.0,-1.0,-1.0,-1.0,-1.0,-1.0,-1.0,-1.0,-1.0,-1.0,-1.0,-1.0,-1.0,-1.0,-1.0,-1.0,-1.0,-1.0,-1.0,-1.0,-1.0,-1.0,-1.0,-1.0,-1.0,-1.0,-1.0,-1.0,-1.0,-1.0,-1.0,-1.0,-1.0,-1.0,-1.0,-1.0,-1.0,-1.0,-1.0,-1.0,-1.0,-1.0,-1.0,-1.0,-1.0,-1.0,-1.0,-1.0,-1.0,-1.0,-1.0,-1.0,-1.0,-1.0,-1.0,-1.0,-1.0,-1.0,-1.0,-1.0,-1.0,-1.0,-1.0,-1.0,-1.0,-1.0,-1.0,-1.0,-1.0,-1.0,-1.0,-1.0,-1.0,-1.0,-1.0,-1.0,-1.0,-1.0,-1.0,-1.0,-1.0,-1.0,-1.0,-1.0,-1.0,-1.0,-1.0,-1.0,-1.0,-1.0,-1.0,-1.0,-1.0,-1.0,-1.0,-1.0,-1.0,-1.0,-1.0,-1.0,-1.0,-1.0,-1.0,-1.0,-1.0,-1.0,-1.0,-1.0,-1.0,-1.0,-1.0,-1.0,-1.0,-1.0,-1.0,-1.0,-1.0,-1.0,-1.0,-1.0,-1.0,-1.0,-1.0,-1.0,-1.0,-1.0,-1.0,-1.0,-1.0,-1.0,-1.0,-1.0,-1.0,-1.0,-1.0,-1.0,-1.0,-1.0,-1.0,-1.0,-1.0,-1.0,-1.0,-1.0,-1.0,-1.0,-1.0,-1.0,-1.0,-1.0,-1.0,-1.0,-1.0
-1.0,-1.0,-1.0,-1.0,-1.0,-1.0,-1.0,-1.0,-1.0,-1.0,-1.0,-1.0,-1.0,-1.0,-1.0,-1.0,-1.0,-1.0,-1.0,-1.0,-1.0,-1.0,-1.0,-1.0,-1.0,-1.0,-1.0,-1.0,-1.0,-1.0,-1.0,-1.0,-1.0,-1.0,-1.0,-1.0,-1.0,-1.0,-1.0,-1.0,-1.0,-1.0,-1.0,-1.0,-1.0,-1.0,-1.0,-1.0,-1.0,-1.0,-1.0,-1.0,-1.0,-1.0,-1.0,-1.0,-1.0,-1.0,-1.0,-1.0,-1.0,-1.0,-1.0,-1.0,-1.0,-1.0,-1.0,-1.0,-1.0,-1.0,-1.0,-1.0,-1.0,-1.0,-1.0,-1.0,-1.0,-1.0,-1.0,-1.0,-1.0,-1.0,-1.0,-1.0,-1.0,-1.0,-1.0,-1.0,-1.0,-1.0,-1.0,-1.0,-1.0,-1.0,-1.0,-1.0,-1.0,-1.0,-1.0,-1.0,-1.0,-1.0,-1.0,-1.0,-1.0,-1.0,-1.0,-1.0,-1.0,-1.0,-1.0,-1.0,-1.0,-1.0,-1.0,-1.0,-1.0,-1.0,-1.0,-1.0,-1.0,-1.0,-1.0,-1.0,-1.0,-1.0,-1.0,-1.0,-1.0,-1.0,-1.0,-1.0,-1.0,-1.0,-1.0,-1.0,-1.0,-1.0,-1.0,-1.0,-1.0,-1.0,-1.0,-1.0,-1.0,-1.0,-1.0,-1.0,-1.0,-1.0,-1.0,-1.0,-1.0,-1.0,-1.0,-1.0,-1.0,-1.0,-1.0,-1.0,-1.0,-1.0,-1.0,-1.0,-1.0,-1.0,-1.0,-1.0,-1.0,-1.0,-1.0,-1.0,-1.0,-1.0,-1.0,-1.0,-1.0,-1.0,-1.0,-1.0,-1.0,-1.0,-1.0,-1.0,-1.0,-1.0,-1.0,-1.0,-1.0,-1.0,-1.0,-1.0,-1.0,-1.0,-1.0,-1.0,-1.0,-1.0,-1.0,-1.0,-1.0,-1.0,-1.0,-1.0,-1.0,-1.0,-1.0,-1.0,-1.0,-1.0,-1.0,-1.0,-1.0,-1.0,-1.0,-1.0,-1.0,-1.0,-1.0,-1.0,-1.0,-1.0,-1.0,-1.0,-1.0,-1.0,-1.0,-1.0,-1.0,-1.0,-1.0,-1.0,-1.0,-1.0,-1.0,-1.0,-1.0,-1.0,-1.0,-1.0,-1.0,-1.0,-1.0,-1.0,-1.0,-1.0,-1.0,-1.0,-1.0,-1.0,-1.0,-1.0,-1.0,-1.0,-1.0,-1.0,-1.0,-1.0,-1.0,-1.0,-1.0,-1.0,-1.0,-1.0,-1.0,-1.0,-1.0,-1.0,-1.0,-1.0,-1.0,-1.0,-1.0,-1.0,-1.0,-1.0,-1.0,-1.0,-1.0,-1.0,-1.0,-1.0,-1.0,-1.0,-1.0,-1.0,-1.0,-1.0,-1.0,-1.0,-1.0,-1.0,-1.0,-1.0,-1.0,-1.0,-1.0,-1.0,-1.0,-1.0,-1.0,-1.0,-1.0,-1.0,-1.0,-1.0,-1.0,-1.0,-1.0,-1.0,-1.0,-1.0,-1.0,-1.0,-1.0,-1.0,-1.0,-1.0,-1.0,-1.0,-1.0,-1.0,-1.0,-1.0,-1.0,-1.0,-1.0,-1.0,-1.0,-1.0,-1.0,-1.0,-1.0,-1.0,-1.0,-1.0,-1.0,-1.0,-1.0,-1.0,-1.0,-1.0,-1.0,-1.0,-1.0,-1.0,-1.0,-1.0,-1.0,-1.0,-1.0,-1.0,-1.0,-1.0,-1.0,-1.0,-1.0,-1.0,-1.0,-1.0,-1.0,-1.0,-1.0,-1.0,-1.0,-1.0,-1.0,-1.0,-1.0,-1.0,-1.0,-1.0,-1.0,-1.0,-1.0,-1.0,-1.0,-1.0,-1.0,-1.0,-1.0,-1.0,-1.0,-1.0,-1.0,-1.0,-1.0,-1.0,-1.0,-1.0,-1.0,-1.0
-1.0,-1.0,-1.0,-1.0,-1.0,-1.0,-1.0,-1.0,-1.0,-1.0,-1.0,-1.0,-1.0,-1.0,-1.0,-1.0,-1.0,-1.0,-1.0,-1.0,-1.0,-1.0,-1.0,-1.0,-1.0,-1.0,-1.0,-1.0,-1.0,-1.0,-1.0,-1.0,-1.0,-1.0,-1.0,-1.0,-1.0,-1.0,-1.0,-1.0,-1.0,-1.0,-1.0,-1.0,-1.0,-1.0,-1.0,-1.0,-1.0,-1.0,-1.0,-1.0,-1.0,-1.0,-1.0,-1.0,-1.0,-1.0,-1.0,-1.0,-1.0,-1.0,-1.0,-1.0,-1.0,-1.0,-1.0,-1.0,1.0,-1.0,-1.0,-1.0,-1.0,-1.0,-1.0,-1.0,-1.0,-1.0,-1.0,-1.0,-1.0,-1.0,-1.0,-1.0,-1.0,-1.0,-1.0,-1.0,-1.0,-1.0,-1.0,-1.0,-1.0,-1.0,-1.0,-1.0,-1.0,-1.0,-1.0,-1.0,-1.0,-1.0,-1.0,-1.0,-1.0,-1.0,-1.0,-1.0,-1.0,-1.0,-1.0,-1.0,-1.0,-1.0,-1.0,-1.0,1.0,-1.0,-1.0,-1.0,-1.0,-1.0,-1.0,-1.0,-1.0,-1.0,-1.0,-1.0,-1.0,-1.0,-1.0,-1.0,-1.0,-1.0,-1.0,-1.0,-1.0,-1.0,-1.0,-1.0,-1.0,-1.0,-1.0,-1.0,-1.0,-1.0,-1.0,-1.0,-1.0,-1.0,-1.0,-1.0,-1.0,-1.0,-1.0,-1.0,-1.0,-1.0,-1.0,-1.0,-1.0,-1.0,-1.0,-1.0,-1.0,-1.0,-1.0,-1.0,-1.0,-1.0,-1.0,-1.0,-1.0,-1.0,-1.0,-1.0,-1.0,-1.0,-1.0,-1.0,-1.0,-1.0,-1.0,-1.0,-1.0,-1.0,-1.0,-1.0,-1.0,-1.0,-1.0,-1.0,-1.0,-1.0,-1.0,-1.0,-1.0,-1.0,-1.0,-1.0,-1.0,-1.0,-1.0,-1.0,-1.0,-1.0,-1.0,-1.0,-1.0,-1.0,-1.0,-1.0,-1.0,-1.0,-1.0,-1.0,-1.0,-1.0,-1.0,-1.0,-1.0,-1.0,-1.0,-1.0,-1.0,-1.0,-1.0,-1.0,-1.0,-1.0,-1.0,-1.0,-1.0,-1.0,-1.0,-1.0,-1.0,-1.0,-1.0,-1.0,-1.0,-1.0,-1.0,-1.0,-1.0,-1.0,-1.0,-1.0,-1.0,-1.0,-1.0,-1.0,-1.0,-1.0,-1.0,-1.0,-1.0,-1.0,-1.0,-1.0,-1.0,-1.0,-1.0,-1.0,-1.0,-1.0,-1.0,-1.0,-1.0,-1.0,-1.0,-1.0,-1.0,-1.0,-1.0,-1.0,-1.0,-1.0,-1.0,-1.0,-1.0,-1.0,-1.0,-1.0,-1.0,-1.0,-1.0,-1.0,-1.0,-1.0,-1.0,-1.0,-1.0,-1.0,-1.0,-1.0,-1.0,-1.0,-1.0,-1.0,-1.0,-1.0,-1.0,-1.0,-1.0,-1.0,-1.0,-1.0,-1.0,-1.0,-1.0,-1.0,-1.0,-1.0,-1.0,-1.0,-1.0,-1.0,-1.0,-1.0,-1.0,-1.0,-1.0,-1.0,-1.0,-1.0,-1.0,-1.0,-1.0,-1.0,-1.0,-1.0,-1.0,-1.0,-1.0,-1.0,-1.0,-1.0,-1.0,-1.0,-1.0,-1.0,-1.0,-1.0,-1.0,-1.0,-1.0,-1.0,-1.0,-1.0,-1.0,-1.0,-1.0,-1.0,-1.0,-1.0,-1.0,-1.0,-1.0,-1.0,-1.0,-1.0,-1.0,-1.0,-1.0,-1.0,-1.0,-1.0,-1.0,-1.0,-1.0,-1.0,-1.0,-1.0,-1.0,-1.0,-1.0,-1.0,-1.0,-1.0,-1.0,-1.0,-1.0,-1.0,-1.0,-1.0,-1.0,-1.0,-1.0,-1.0,-1.0,-1.0
-1.0,-1.0,-1.0,-1.0,-1.0,-1.0,-1.0,-1.0,-1.0,-1.0,-1.0,-1.0,-1.0,-1.0,-1.0,-1.0,-1.0,-1.0,-1.0,-1.0,-1.0,-1.0,-1.0,-1.0,-1.0,-1.0,-1.0,-1.0,-1.0,-1.0,-1.0,-1.0,-1.0,-1.0,-1.0,-1.0,-1.0,-1.0,-1.0,-1.0,-1.0,-1.0,-1.0,-1.0,-1.0,-1.0,-1.0,-1.0,-1.0,-1.0,-1.0,-1.0,-1.0,-1.0,-1.0,-1.0,-1.0,-1.0,-1.0,-1.0,-1.0,-1.0,-1.0,-1.0,-1.0,-1.0,-1.0,-1.0,-1.0,-1.0,-1.0,-1.0,-1.0,-1.0,-1.0,-1.0,-1.0,-1.0,-1.0,-1.0,-1.0,-1.0,-1.0,-1.0,-1.0,-1.0,-1.0,-1.0,-1.0,-1.0,-1.0,-1.0,-1.0,-1.0,-1.0,-1.0,-1.0,-1.0,-1.0,-1.0,-1.0,-1.0,-1.0,-1.0,-1.0,-1.0,-1.0,-1.0,-1.0,-1.0,-1.0,-1.0,-1.0,-1.0,-1.0,-1.0,-1.0,-1.0,-1.0,-1.0,-1.0,-1.0,-1.0,-1.0,-1.0,-1.0,-1.0,-1.0,-1.0,-1.0,-1.0,-1.0,-1.0,-1.0,-1.0,-1.0,-1.0,-1.0,-1.0,-1.0,-1.0,-1.0,-1.0,-1.0,-1.0,-1.0,-1.0,-1.0,-1.0,-1.0,-1.0,-1.0,-1.0,-1.0,-1.0,-1.0,-1.0,-1.0,-1.0,-1.0,-1.0,-1.0,-1.0,-1.0,-1.0,-1.0,-1.0,-1.0,-1.0,-1.0,-1.0,-1.0,-1.0,-1.0,-1.0,-1.0,-1.0,-1.0,-1.0,-1.0,-1.0,-1.0,-1.0,-1.0,-1.0,-1.0,-1.0,-1.0,-1.0,-1.0,-1.0,-1.0,-1.0,-1.0,-1.0,-1.0,-1.0,-1.0,-1.0,-1.0,-1.0,-1.0,-1.0,-1.0,-1.0,-1.0,-1.0,-1.0,-1.0,-1.0,-1.0,-1.0,-1.0,-1.0,-1.0,-1.0,-1.0,-1.0,-1.0,-1.0,-1.0,-1.0,-1.0,-1.0,-1.0,-1.0,-1.0,-1.0,-1.0,-1.0,-1.0,-1.0,-1.0,-1.0,-1.0,-1.0,-1.0,-1.0,-1.0,-1.0,-1.0,-1.0,-1.0,-1.0,-1.0,-1.0,-1.0,-1.0,-1.0,-1.0,-1.0,-1.0,-1.0,-1.0,-1.0,-1.0,-1.0,-1.0,-1.0,-1.0,-1.0,-1.0,-1.0,-1.0,-1.0,-1.0,-1.0,-1.0,-1.0,-1.0,-1.0,-1.0,-1.0,-1.0,-1.0,-1.0,-1.0,-1.0,-1.0,-1.0,-1.0,-1.0,-1.0,-1.0,-1.0,-1.0,-1.0,-1.0,-1.0,-1.0,-1.0,-1.0,-1.0,-1.0,-1.0,-1.0,-1.0,-1.0,-1.0,-1.0,-1.0,-1.0,-1.0,-1.0,-1.0,-1.0,-1.0,-1.0,-1.0,-1.0,-1.0,-1.0,-1.0,-1.0,-1.0,-1.0,-1.0,-1.0,-1.0,-1.0,-1.0,-1.0,-1.0,-1.0,-1.0,-1.0,-1.0,-1.0,-1.0,-1.0,-1.0,-1.0,-1.0,-1.0,-1.0,-1.0,-1.0,-1.0,-1.0,-1.0,-1.0,-1.0,-1.0,-1.0,-1.0,-1.0,-1.0,-1.0,-1.0,-1.0,-1.0,-1.0,-1.0,-1.0,-1.0,-1.0,-1.0,-1.0,-1.0,-1.0,-1.0,-1.0,-1.0,-1.0,-1.0,-1.0,-1.0,-1.0,-1.0,-1.0,-1.0,-1.0,-1.0,-1.0,-1.0,-1.0,-1.0,-1.0,-1.0,-1.0,-1.0,-1.0,-1.0,-1.0,-1.0,-1.0,-1.0,-1.0,-1.0,-1.0,-1.0,-1.0
