-1.0,-1.0,-1.0,-1.0,-1.0,-1.0,-1.0,-1.0,-1.0,-1.0,-1.0,-1.0,-1.0,-1.0,-1.0,-1.0,-1.0,-1.0,-1.0,-1.0,-1.0,-1.0,-1.0,-1.0,1.0,-1.0,1.0,-1.0,-1.0,-1.0,-1.0,-1.0,-1.0,-1.0,-1.0,-1.0,-1.0,-1.0,-1.0,-1.0,-1.0,-1.0,-1.0,-1.0,-1.0,-1.0,-1.0,-1.0,-1.0,-1.0,-1.0,-1.0,-1.0,-1.0,-1.0,-1.0,-1.0,-1.0,-1.0,-1.0,-1.0,-1.0,-1.0,-1.0,-1.0,-1.0,-1.0,-1.0,-1.0,-1.0,-1.0,-1.0,-1.0,-1.0,-1.0,-1.0,-1.0,-1.0,-1.0,-1.0,-1.0,-1.0,-1.0,-1.0,-1.0,-1.0,-1.0,-1.0,-1.0,-1.0,-1.0,-1.0,-1.0,-1.0,-1.0,-1.0
-1.0,-1.0,-1.0,-1.0,-1.0,-1.0,-1.0,-1.0,-1.0,-1.0,-1.0,-1.0,-1.0,-1.0,-1.0,-1.0,-1.0,-1.0,-1.0,-1.0,-1.0,-1.0,-1.0,-1.0,-1.0,-1.0,-1.0,-1.0,-1.0,-1.0,-1.0,-1.0,-1.0,-1.0,-1.0,-1.0,-1.0,-1.0,-1.0,-1.0,-1.0,-1.0,-1.0,-1.0,-1.0,-1.0,-1.0,-1.0,-1.0,-1.0,-1.0,-1.0,-1.0,-1.0,-1.0,-1.0,-1.0,-1.0,-1.0,-1.0,-1.0,-1.0,-1.0,-1.0,-1.0,-1.0,-1.0,-1.0,-1.0,-1.0,-1.0,-1.0,-1.0,-1.0,-1.0,-1.0,-1.0,-1.0,-1.0,-1.0,-1.0,-1.0,-1.0,-1.0,-1.0,-1.0,-1.0,-1.0,-1.0,-1.0,-1.0,-1.0,-1.0,-1.0,-1.0,-1.0
0.0,0.0,0.0,0.0,0.0,0.0,0.0,0.0,0.0,0.0,0.0,0.0,0.0,0.0,0.0,0.0,0.0,0.0,0.0,0.0,0.0,0.0,0.0,0.0,0.0,0.0,0.0,0.0,0.0,0.0,0.0,0.0,0.0,0.0,0.0,0.0,0.0,0.0,0.0,0.0,0.0,0.0,0.0,0.0,0.0,0.0,0.0,0.0,0.0,0.0,0.0,0.0,0.0,0.0,0.0,0.0,0.0,0.0,0.0,0.0,0.0,0.0,0.0,0.0,0.0,0.0,0.0,0.0,0.0,0.0,0.0,0.0,0.0,0.0,0.0,0.0,0.0,0.0,0.0,0.0,0.0,0.0,0.0,0.0,0.0,0.0,0.0,0.0,0.0,0.0,0.0,0.0,0.0,0.0,0.0,0.0
0.30918791307372295,0.30918791307372295,0.30918791307372295,0.30918791307372295,0.30918791307372295,0.30918791307372295,0.30918791307372295,0.30918791307372295,0.30918791307372295,0.30918791307372295,0.30918791307372295,0.30918791307372295,0.30918791307372295,0.30918791307372295,0.30918791307372295,0.30918791307372295,0.30918791307372295,0.30918791307372295,0.30918791307372295,0.30918791307372295,0.30918791307372295,0.30918791307372295,0.30918791307372295,0.30918791307372295,-3.234513096367228,0.30918791307372295,-3.234513096367228,0.30918791307372295,0.30918791307372295,0.30918791307372295,0.30918791307372295,0.30918791307372295,0.30918791307372295,0.30918791307372295,0.30918791307372295,0.30918791307372295,0.30918791307372295,0.30918791307372295,0.30918791307372295,0.30918791307372295,0.30918791307372295,0.30918791307372295,0.30918791307372295,0.30918791307372295,0.30918791307372295,0.30918791307372295,0.30918791307372295,0.30918791307372295,0.30918791307372295,0.30918791307372295,0.30918791307372295,0.30918791307372295,0.30918791307372295,0.30918791307372295,0.30918791307372295,0.30918791307372295,0.30918791307372295,0.30918791307372295,0.30918791307372295,0.30918791307372295,0.30918791307372295,0.30918791307372295,0.30918791307372295,0.30918791307372295,0.30918791307372295,0.30918791307372295,0.30918791307372295,0.30918791307372295,0.30918791307372295,0.30918791307372295,0.30918791307372295,0.30918791307372295,0.30918791307372295,0.30918791307372295,0.30918791307372295,0.30918791307372295,0.30918791307372295,0.30918791307372295,0.30918791307372295,0.30918791307372295,0.30918791307372295,0.30918791307372295,0.30918791307372295,0.30918791307372295,0.30918791307372295,0.30918791307372295,0.30918791307372295,0.30918791307372295,0.30918791307372295,0.30918791307372295,0.30918791307372295,0.30918791307372295,0.30918791307372295,-3.234513096367228,0.30918791307372295,0.30918791307372295
-0.3402387645907802,-1.2519502074688795,-0.6767243314855225,-1.2519502074688795,-0.3402387645907802,-0.3402387645907802,-0.6767243314855225,-0.3402387645907802,-0.3402387645907802,-0.3402387645907802,-1.2519502074688795,-1.2519502074688795,-1.2519502074688795,-1.2519502074688795,-1.2519502074688795,-1.2519502074688795,-1.2519502074688795,-1.2519502074688795,-1.2519502074688795,-0.6767243314855225,-0.6767243314855225,0.5714726782873192,0.36291298676789485,-0.6767243314855225,0.0,-0.6767243314855225,0.0,-0.6767243314855225,-0.3402387645907802,1.6526141078838175,1.6526141078838175,1.6526141078838175,1.6526141078838175,1.6497158186443819,1.6526141078838175,1.6526141078838175,1.4831841211654184,-0.6767243314855225,1.6526141078838175,1.5978317049669264,1.6526141078838175,1.5424861659638789,1.6526141078838175,1.6526141078838175,1.6497158186443819,1.146698554270676,1.5978317049669264,1.5424861659638789,1.5978317049669264,1.6497158186443819,1.5706202337445274,-0.3402387645907802,1.1915676175655106,1.5978317049669264,1.6526141078838175,1.274624429645994,1.5978317049669264,1.5706202337445274,1.5978317049669264,1.6497158186443819,1.6526141078838175,1.6526141078838175,1.146698554270676,1.5424861659638789,1.5706202337445274,1.146698554270676,-0.6767243314855225,0.08368291488307082,-0.6767243314855225,-0.10149845550216545,0.08368291488307082,-0.6767243314855225,-0.3402387645907802,-0.10149845550216545,0.08368291488307082,0.08368291488307082,-0.6767243314855225,-0.10149845550216545,-0.3402387645907802,-0.10149845550216545,0.23498711139257678,-0.10149845550216545,-0.10149845550216545,-1.2519502074688795,-1.2519502074688795,-0.3402387645907802,-0.6767243314855225,-1.2519502074688795,-0.3402387645907802,-1.2519502074688795,0.5714726782873192,0.08368291488307082,-0.10149845550216545,0.0,-1.2519502074688795,-0.10149845550216545
1.0967041662709258,2.1461823394862485,2.1461823394862485,0.04722599305560278,0.04722599305560278,1.0967041662709258,0.5719650796632643,-0.4775130935520587,1.6214432528785871,0.04722599305560278,0.04722599305560278,1.0967041662709258,1.0967041662709258,1.6214432528785871,1.0967041662709258,0.04722599305560278,1.6214432528785871,-1.0022521801597202,-0.4775130935520587,0.5719650796632643,-0.4775130935520587,-1.0022521801597202,0.04722599305560278,-0.4775130935520587,-1.0,0.04722599305560278,-1.0,1.6214432528785871,-1.0022521801597202,-0.4775130935520587,-0.4775130935520587,-0.4775130935520587,-0.4775130935520587,-0.4775130935520587,-0.4775130935520587,-0.4775130935520587,0.04722599305560278,0.5719650796632643,-1.0022521801597202,-0.4775130935520587,0.04722599305560278,0.04722599305560278,0.04722599305560278,-0.4775130935520587,-0.4775130935520587,-0.4775130935520587,-0.4775130935520587,-0.4775130935520587,0.04722599305560278,-0.4775130935520587,0.04722599305560278,-0.4775130935520587,0.04722599305560278,-0.4775130935520587,-0.4775130935520587,-0.4775130935520587,-0.4775130935520587,0.04722599305560278,-0.4775130935520587,-1.0022521801597202,0.04722599305560278,0.04722599305560278,-0.4775130935520587,0.04722599305560278,-0.4775130935520587,0.04722599305560278,0.5719650796632643,0.5719650796632643,-1.0022521801597202,0.04722599305560278,0.5719650796632643,1.0967041662709258,0.04722599305560278,0.04722599305560278,0.5719650796632643,0.04722599305560278,0.04722599305560278,0.04722599305560278,0.5719650796632643,0.04722599305560278,0.04722599305560278,0.04722599305560278,0.04722599305560278,-0.4775130935520587,3.1956605127015716,0.04722599305560278,2.6709214260939103,1.0967041662709258,-1.0022521801597202,1.0967041662709258,-0.4775130935520587,-0.4775130935520587,0.04722599305560278,-1.0,-0.4775130935520587,0.5719650796632643
-1.0,-1.0,-1.0,-1.0,-1.0,-1.0,-1.0,-1.0,-1.0,1.0,-1.0,-1.0,-1.0,-1.0,-1.0,-1.0,-1.0,-1.0,-1.0,-1.0,-1.0,-1.0,1.0,-1.0,-1.0,-1.0,-1.0,-1.0,-1.0,1.0,1.0,1.0,1.0,1.0,1.0,1.0,1.0,-1.0,1.0,1.0,1.0,1.0,1.0,1.0,1.0,1.0,1.0,1.0,1.0,1.0,1.0,-1.0,1.0,1.0,1.0,1.0,1.0,1.0,1.0,1.0,1.0,1.0,1.0,1.0,1.0,1.0,-1.0,-1.0,-1.0,-1.0,-1.0,-1.0,-1.0,-1.0,-1.0,-1.0,1.0,1.0,1.0,1.0,-1.0,1.0,1.0,-1.0,-1.0,1.0,-1.0,-1.0,1.0,-1.0,1.0,1.0,1.0,-1.0,-1.0,-1.0
-1.0,-1.0,-1.0,-1.0,-1.0,-1.0,-1.0,-1.0,-1.0,-1.0,-1.0,-1.0,-1.0,-1.0,-1.0,-1.0,-1.0,-1.0,-1.0,-1.0,-1.0,-1.0,-1.0,1.0,-1.0,1.0,-1.0,-1.0,-1.0,-1.0,-1.0,-1.0,-1.0,-1.0,-1.0,-1.0,-1.0,-1.0,-1.0,-1.0,-1.0,-1.0,-1.0,-1.0,-1.0,-1.0,-1.0,-1.0,-1.0,-1.0,-1.0,-1.0,-1.0,-1.0,-1.0,-1.0,-1.0,-1.0,-1.0,-1.0,-1.0,-1.0,-1.0,-1.0,-1.0,-1.0,-1.0,-1.0,-1.0,-1.0,-1.0,-1.0,-1.0,-1.0,-1.0,-1.0,-1.0,-1.0,-1.0,-1.0,-1.0,-1.0,-1.0,-1.0,-1.0,-1.0,-1.0,-1.0,-1.0,-1.0,-1.0,-1.0,-1.0,-1.0,-1.0,-1.0
-1.0,-1.0,-1.0,-1.0,-1.0,-1.0,-1.0,-1.0,-1.0,-1.0,-1.0,-1.0,-1.0,-1.0,-1.0,-1.0,-1.0,-1.0,-1.0,-1.0,-1.0,-1.0,-1.0,-1.0,-1.0,-1.0,-1.0,-1.0,-1.0,-1.0,-1.0,-1.0,-1.0,-1.0,-1.0,-1.0,-1.0,-1.0,-1.0,-1.0,-1.0,-1.0,-1.0,-1.0,-1.0,-1.0,-1.0,-1.0,-1.0,-1.0,-1.0,-1.0,-1.0,-1.0,-1.0,-1.0,-1.0,-1.0,-1.0,-1.0,-1.0,-1.0,-1.0,-1.0,-1.0,-1.0,-1.0,-1.0,-1.0,1.0,1.0,-1.0,-1.0,1.0,1.0,1.0,-1.0,1.0,-1.0,1.0,-1.0,1.0,1.0,-1.0,-1.0,-1.0,-1.0,-1.0,-1.0,-1.0,-1.0,-1.0,1.0,-1.0,-1.0,-1.0
-2.446043165467626,-2.446043165467626,-2.446043165467626,-2.446043165467626,-2.446043165467626,-2.446043165467626,-2.446043165467626,-2.446043165467626,-2.446043165467626,-0.2659690429474603,-2.446043165467626,-2.446043165467626,-2.446043165467626,-2.446043165467626,-2.446043165467626,-2.446043165467626,-2.446043165467626,-2.446043165467626,-2.446043165467626,-2.446043165467626,-2.446043165467626,-2.446043165467626,-1.5117256843875548,-2.446043165467626,0.0,-2.446043165467626,0.0,-2.446043165467626,-2.446043165467626,0.058722847640649556,0.3781437659789524,-0.16457024655117336,0.8240680183126226,0.32859662683076685,-0.32047089601046425,-0.32047089601046425,0.46072233122592815,-2.446043165467626,-0.2659690429474603,0.08565581552353418,-0.21279650337379746,0.03473083602083838,-0.8109875735775016,0.4252739715101533,-0.2659690429474603,-1.7193517912942373,0.29663073060613104,0.2602557452470625,-0.12531909955906229,0.32859662683076685,0.6060606060606061,-2.446043165467626,-1.0691542459812056,-0.33629401464165914,-0.32488996517773483,-0.2659690429474603,-0.5472689297242557,-0.2659690429474603,-0.12531909955906229,0.32859662683076685,-0.2659690429474603,-0.1206307681127824,-1.7193517912942373,-0.19079407320538536,-0.2659690429474603,-2.0826974783809313,-2.446043165467626,-2.446043165467626,-2.446043165467626,-2.446043165467626,-2.446043165467626,-2.446043165467626,-2.446043165467626,-2.446043165467626,-2.446043165467626,-2.446043165467626,0.8240680183126226,-0.8109875735775016,-0.2659690429474603,-0.8109875735775016,-2.446043165467626,-0.8109875735775016,-0.8109875735775016,-2.446043165467626,-2.446043165467626,-0.2659690429474603,-2.446043165467626,-2.446043165467626,-0.2659690429474603,-2.446043165467626,-0.9926604171208488,1.478090255068672,-0.8109875735775016,0.0,-2.446043165467626,-2.446043165467626
-1.0,-1.0,-1.0,-1.0,-1.0,-1.0,-1.0,-1.0,-1.0,-1.0,-1.0,-1.0,-1.0,-1.0,-1.0,-1.0,-1.0,-1.0,-1.0,-1.0,-1.0,-1.0,-1.0,1.0,-1.0,1.0,-1.0,-1.0,-1.0,-1.0,-1.0,-1.0,-1.0,-1.0,-1.0,-1.0,-1.0,-1.0,-1.0,-1.0,-1.0,-1.0,-1.0,-1.0,-1.0,-1.0,-1.0,-1.0,-1.0,-1.0,-1.0,-1.0,-1.0,-1.0,-1.0,-1.0,-1.0,-1.0,-1.0,-1.0,-1.0,-1.0,-1.0,-1.0,-1.0,-1.0,-1.0,-1.0,-1.0,-1.0,-1.0,-1.0,-1.0,-1.0,-1.0,-1.0,-1.0,-1.0,-1.0,-1.0,-1.0,-1.0,-1.0,-1.0,-1.0,-1.0,-1.0,-1.0,-1.0,-1.0,-1.0,-1.0,-1.0,-1.0,-1.0,-1.0
-0.2009922210080832,-0.8379914509840762,-0.3722746267518522,-0.8379914509840762,-0.42046223010339584,-0.1626419043936299,-0.5819073491100745,-0.5819073491100745,-0.056175010404242665,-0.471255805443032,-0.8379914509840762,-0.8379914509840762,-0.8379914509840762,-0.8379914509840762,-0.8379914509840762,-0.8379914509840762,-0.8379914509840762,-0.8379914509840762,-0.8379914509840762,-0.7769746277781607,-0.8379914509840762,0.30210161745907094,0.38955562945212996,-0.8379914509840762,-0.8379914509840762,-0.8379914509840762,-0.8379914509840762,-0.471255805443032,-0.8379914509840762,1.9803654469444316,1.9543150675667953,1.95035947309421,1.9221939113374944,1.6866793234447417,1.95035947309421,1.930327748289079,1.6492033226675307,-0.5819073491100745,1.9139890356094147,1.6814162715882242,1.9803654469444316,1.6761235685789178,1.9057118692961497,1.9803654469444316,1.7814524220907844,1.2206753555631018,1.6761235685789178,1.5812615108589665,1.8048813744579713,1.712561188979272,1.7277548187839609,-0.6425382111868007,1.2952084404769273,1.6919130545260095,1.818663317947843,1.3031363550298556,1.6971177897184708,1.7176530838257549,1.598713138998321,1.6214888556688953,1.926269632694625,1.9803654469444316,1.2206753555631018,1.6814162715882242,1.5694443449922186,1.25453315675921,-0.7073537229411824,0.2056629363936535,-0.8379914509840762,-0.2009922210080832,0.1262253037870841,-0.5819073491100745,-0.42046223010339584,-0.24097494863154706,0.15345771195397964,0.008640501350139093,-0.8379914509840762,-0.1626419043936299,-0.3264385948391911,-0.12579591524122108,0.27890408578508746,-0.1626419043936299,-0.12579591524122108,-0.8379914509840762,-0.8379914509840762,-0.5249534087498556,-0.28273525918707676,-0.8379914509840762,-0.8379914509840762,-0.8379914509840762,0.4304078178496487,-0.2009922210080832,-0.2009922210080832,-0.8379914509840762,-0.8379914509840762,-0.023208389321739645
-1.0,-1.0,-1.0,-1.0,-1.0,-1.0,-1.0,1.0,-1.0,-1.0,-1.0,-1.0,-1.0,-1.0,-1.0,-1.0,-1.0,-1.0,-1.0,-1.0,-1.0,1.0,-1.0,-1.0,1.0,-1.0,1.0,-1.0,-1.0,1.0,1.0,1.0,1.0,1.0,1.0,1.0,1.0,-1.0,1.0,1.0,1.0,1.0,1.0,1.0,1.0,1.0,1.0,1.0,1.0,1.0,1.0,-1.0,1.0,1.0,1.0,1.0,1.0,1.0,1.0,1.0,1.0,1.0,1.0,1.0,1.0,1.0,1.0,1.0,1.0,-1.0,-1.0,-1.0,-1.0,-1.0,-1.0,-1.0,-1.0,-1.0,-1.0,-1.0,-1.0,-1.0,-1.0,-1.0,-1.0,-1.0,-1.0,-1.0,-1.0,-1.0,1.0,-1.0,1.0,-1.0,-1.0,1.0
-0.16989594669116745,-0.16989594669116745,-0.16989594669116745,-0.16989594669116745,-0.16989594669116745,-0.16989594669116745,-0.16989594669116745,2.2788781480215374,-0.16989594669116745,-0.16989594669116745,-0.16989594669116745,-0.16989594669116745,-0.16989594669116745,-0.16989594669116745,-0.16989594669116745,-0.16989594669116745,-0.16989594669116745,-0.16989594669116745,-0.16989594669116745,-0.16989594669116745,-0.16989594669116745,4.7276522427342424,-0.16989594669116745,-0.16989594669116745,2.2788781480215374,-0.16989594669116745,2.2788781480215374,-0.16989594669116745,-0.16989594669116745,4.7276522427342424,4.7276522427342424,12.073974526872357,9.625200432159653,2.2788781480215374,9.625200432159653,12.073974526872357,7.176426337446948,-0.16989594669116745,19.420296811010473,7.176426337446948,7.176426337446948,7.176426337446948,7.176426337446948,7.176426337446948,7.176426337446948,7.176426337446948,9.625200432159653,4.7276522427342424,9.625200432159653,12.073974526872357,4.7276522427342424,-0.16989594669116745,4.7276522427342424,7.176426337446948,4.7276522427342424,2.2788781480215374,4.7276522427342424,7.176426337446948,12.073974526872357,9.625200432159653,4.7276522427342424,4.7276522427342424,7.176426337446948,9.625200432159653,12.073974526872357,4.7276522427342424,2.2788781480215374,2.2788781480215374,2.2788781480215374,-0.16989594669116745,-0.16989594669116745,-0.16989594669116745,-0.16989594669116745,-0.16989594669116745,-0.16989594669116745,-0.16989594669116745,-0.16989594669116745,-0.16989594669116745,-0.16989594669116745,-0.16989594669116745,-0.16989594669116745,-0.16989594669116745,-0.16989594669116745,-0.16989594669116745,-0.16989594669116745,-0.16989594669116745,-0.16989594669116745,-0.16989594669116745,-0.16989594669116745,-0.16989594669116745,2.2788781480215374,-0.16989594669116745,2.2788781480215374,-0.16989594669116745,-0.16989594669116745,4.7276522427342424
0.0,0.0,0.0,0.0,0.0,0.0,0.0,0.934053787354754,0.0,0.0,0.0,0.0,0.0,0.0,0.0,0.0,0.0,0.0,0.0,0.0,0.0,0.5250107260851802,0.0,0.0,1.383949894750324,0.0,1.383949894750324,0.0,0.0,-1.0917363902447395,-1.0917363902447395,-0.858398383972722,-1.0917363902447395,-1.0917363902447395,-1.0917363902447395,-0.8232060586846731,-1.0917363902447395,0.0,-0.018780700201000446,-1.0917363902447395,-1.0917363902447395,-1.0917363902447395,-1.0917363902447395,-1.0917363902447395,-1.0917363902447395,-0.4195637866530037,-0.744901607073495,-1.0917363902447395,-0.9711071201759134,-0.4406273408437158,-1.0917363902447395,0.0,-1.0917363902447395,-1.0917363902447395,-1.0917363902447395,-1.0917363902447395,-1.0917363902447395,-1.0917363902447395,-0.2406157269005458,-0.6489177311240713,-1.0917363902447395,-1.0917363902447395,-0.4195637866530037,-0.7541999839116611,-0.1891954458477727,-1.0917363902447395,1.1544416789126346,-0.4495729319754428,1.383949894750324,0.0,0.0,0.0,0.0,0.0,0.0,0.0,0.0,0.0,0.0,0.0,0.0,0.0,0.0,0.0,0.0,0.0,0.0,0.0,0.0,0.0,-0.8444113720980554,0.0,0.2648508492298048,0.0,0.0,1.0965249461265436
-0.5077224524862195,-0.5077224524862195,-0.5077224524862195,-0.5077224524862195,-0.5077224524862195,-0.5077224524862195,-0.5077224524862195,-0.5077224524862195,-0.5077224524862195,-0.5077224524862195,-0.5077224524862195,-0.5077224524862195,-0.5077224524862195,-0.5077224524862195,-0.5077224524862195,-0.5077224524862195,-0.5077224524862195,-0.5077224524862195,-0.5077224524862195,-0.5077224524862195,-0.5077224524862195,1.969566382794139,-0.5077224524862195,-0.5077224524862195,-0.5077224524862195,-0.5077224524862195,-0.5077224524862195,-0.5077224524862195,1.969566382794139,-0.5077224524862195,-0.5077224524862195,-0.5077224524862195,-0.5077224524862195,1.969566382794139,-0.5077224524862195,1.969566382794139,-0.5077224524862195,-0.5077224524862195,1.969566382794139,1.969566382794139,-0.5077224524862195,-0.5077224524862195,-0.5077224524862195,-0.5077224524862195,-0.5077224524862195,1.969566382794139,-0.5077224524862195,-0.5077224524862195,-0.5077224524862195,-0.5077224524862195,-0.5077224524862195,-0.5077224524862195,-0.5077224524862195,-0.5077224524862195,-0.5077224524862195,-0.5077224524862195,-0.5077224524862195,-0.5077224524862195,-0.5077224524862195,-0.5077224524862195,-0.5077224524862195,-0.5077224524862195,1.969566382794139,-0.5077224524862195,-0.5077224524862195,-0.5077224524862195,-0.5077224524862195,-0.5077224524862195,1.969566382794139,-0.5077224524862195,-0.5077224524862195,-0.5077224524862195,-0.5077224524862195,-0.5077224524862195,-0.5077224524862195,-0.5077224524862195,-0.5077224524862195,-0.5077224524862195,-0.5077224524862195,-0.5077224524862195,-0.5077224524862195,-0.5077224524862195,-0.5077224524862195,-0.5077224524862195,-0.5077224524862195,-0.5077224524862195,-0.5077224524862195,-0.5077224524862195,-0.5077224524862195,-0.5077224524862195,1.969566382794139,-0.5077224524862195,-0.5077224524862195,-0.5077224524862195,1.969566382794139,-0.5077224524862195
-0.8700053950135924,-0.8700053950135924,-0.8700053950135924,-0.8700053950135924,-0.8700053950135924,-0.8700053950135924,-0.8700053950135924,-0.8700053950135924,-0.8700053950135924,-0.8700053950135924,-0.8700053950135924,-0.8700053950135924,-0.8700053950135924,-0.8700053950135924,-0.8700053950135924,-0.8700053950135924,-0.8700053950135924,-0.8700053950135924,-0.8700053950135924,-0.8700053950135924,-0.8700053950135924,-0.0710636987505967,-0.8700053950135924,-0.8700053950135924,-0.8700053950135924,-0.8700053950135924,-0.8700053950135924,-0.8700053950135924,-0.5424392995457642,-0.8700053950135924,-0.8700053950135924,-0.8700053950135924,-0.8700053950135924,-0.7968062675347481,-0.8700053950135924,-0.6723361994726615,-0.8700053950135924,-0.8700053950135924,-0.6976021868726302,-0.8332002157475442,-0.8700053950135924,-0.8700053950135924,-0.8700053950135924,-0.8700053950135924,-0.8700053950135924,-0.7197457181934878,-0.8700053950135924,-0.8700053950135924,-0.8700053950135924,-0.8700053950135924,-0.8700053950135924,-0.8700053950135924,-0.8700053950135924,-0.8700053950135924,-0.8700053950135924,-0.8700053950135924,-0.8700053950135924,-0.8700053950135924,-0.8700053950135924,-0.8700053950135924,-0.8700053950135924,-0.8700053950135924,-0.7197457181934878,-0.8700053950135924,-0.8700053950135924,-0.8700053950135924,-0.8700053950135924,-0.8700053950135924,0.4402589868577207,-0.8700053950135924,-0.8700053950135924,-0.8700053950135924,-0.8700053950135924,-0.8700053950135924,-0.8700053950135924,-0.8700053950135924,-0.8700053950135924,-0.8700053950135924,-0.8700053950135924,-0.8700053950135924,-0.8700053950135924,-0.8700053950135924,-0.8700053950135924,-0.8700053950135924,-0.8700053950135924,-0.8700053950135924,-0.8700053950135924,-0.8700053950135924,-0.8700053950135924,-0.8700053950135924,-0.7306155671549421,-0.8700053950135924,-0.8700053950135924,-0.8700053950135924,2.40565555966469,-0.8700053950135924
0.06830250281695922,-0.901855017471593,-0.11203533773096849,-1.096933728981207,-0.16277054484031625,0.10868034111592541,-0.3327510165778624,-0.3327510165778624,0.2207759744561858,-0.21624949762990653,-1.096933728981207,-1.096933728981207,-1.096933728981207,-1.0183565364195493,-1.096933728981207,-1.096933728981207,-1.0183565364195493,-1.096933728981207,-1.096933728981207,-0.538131199345661,-0.797640857572655,0.5979941312604431,0.6900717010586743,-0.901855017471593,-1.096933728981207,-0.7033676826920172,-1.096933728981207,-0.21624949762990653,-0.797640857572655,1.8704253214638973,1.8704253214638973,1.8704253214638973,1.6181326690042042,1.8704253214638973,1.8704253214638973,1.8704253214638973,1.3307094918432318,-0.3327510165778624,1.609494014237879,1.8704253214638973,1.8704253214638973,1.8704253214638973,1.8704253214638973,1.6765786792613817,1.8704253214638973,0.870409541606602,1.3534488768330435,1.2591757019524048,1.8704253214638973,1.8704253214638973,1.8704253214638973,-0.3965873381778338,1.6436049697978885,1.3756772209003612,1.8704253214638973,1.6519520208818297,1.3756772209003612,1.3974169901573101,1.8704253214638973,1.2955891273952507,1.8704253214638973,1.8197427204531835,0.870409541606602,1.8704253214638973,1.2467337808773706,0.49645688688845147,-0.4648295453855011,0.49645688688845147,-1.096933728981207,0.06830250281695922,0.41281951000609457,-0.3327510165778624,-0.16277054484031625,0.026205950473936392,0.4414916533030797,0.2890181816638531,-0.7033676826920172,0.10868034111592541,-0.0637760259906795,0.14747432049602588,0.5735701821107184,0.10868034111592541,0.14747432049602588,-1.096933728981207,-0.7033676826920172,-0.2727860098355923,-0.017762162850330287,-1.096933728981207,-0.6173030170247277,-1.096933728981207,0.026205950473936392,0.06830250281695922,0.06830250281695922,-1.096933728981207,-1.096933728981207,-0.4648295453855011
-1.0,-1.0,-1.0,-1.0,-1.0,-1.0,-1.0,-1.0,-1.0,-1.0,-1.0,-1.0,-1.0,-1.0,-1.0,-1.0,-1.0,-1.0,-1.0,-1.0,-1.0,-1.0,-1.0,-1.0,-1.0,-1.0,-1.0,-1.0,-1.0,-1.0,-1.0,-1.0,1.0,-1.0,-1.0,-1.0,1.0,-1.0,1.0,-1.0,-1.0,-1.0,-1.0,1.0,-1.0,1.0,1.0,1.0,-1.0,-1.0,-1.0,-1.0,-1.0,1.0,-1.0,-1.0,1.0,1.0,-1.0,1.0,-1.0,1.0,1.0,-1.0,1.0,1.0,-1.0,-1.0,-1.0,-1.0,-1.0,-1.0,-1.0,-1.0,-1.0,-1.0,-1.0,-1.0,-1.0,-1.0,-1.0,-1.0,-1.0,-1.0,-1.0,-1.0,-1.0,-1.0,-1.0,-1.0,1.0,-1.0,-1.0,-1.0,-1.0,1.0
-1.7341967562780454,-1.7260294196040142,-1.719967946741406,-1.714874032927289,-1.7049707814897876,-1.7006452233906495,-1.6944699200517477,-1.6901443619526095,-1.6854773124245914,-1.6741511800334263,-1.6664960805027142,-1.6576173033518513,-1.650673644297971,0.0657476501068614,0.1110806372905953,0.15604367542637623,0.20092134070493764,0.24651044646033082,0.2514051569409348,0.3130728174727307,0.46392665618018364,0.46779689237414973,0.4726062299975338,0.5018037471667182,0.5023444419291105,0.506356966218443,0.5069545762189818,0.511564710508853,0.5187929457534658,0.5492710557809477,0.5643535938897859,0.5788385219980849,0.5932096196300908,0.6055317686888207,0.6181100363192099,0.63208272728419,0.6440349272949675,0.6502386882529424,0.6582068215934603,0.6707281739857032,0.6843878311408775,0.6976775392480985,0.709942773068682,0.7241715826053213,0.7381158159512284,0.8493281912896035,0.8602843746328156,0.871012897023442,0.8819690803666544,0.8939497379965049,0.9054181584830368,0.911792665155451,0.9162320537308826,0.9253100342152587,0.9367499970827171,0.9464540451867051,0.9554466528138613,0.966317463299854,0.9770175280714068,0.9875468471285204,1.0000966571398362,1.0155776019157001,1.1136425572422202,1.1243426220137733,1.1348719410708865,1.1490438353693793,1.1594308663311264,1.166858304909252,1.198958499223911,1.2057029549442784,1.2140694949518225,1.220159425433504,1.226163983057966,1.2328230659211135,1.2413034364049504,1.2494138578408351,1.2546785173693917,1.2613945154706856,1.2679397678575397,1.275082630244933,1.2843598140628218,1.2919010831172408,1.2991577759809272,1.3201025836188605,1.3240012774318999,1.3275300221969863,1.332282444582224,1.336181138395263,1.3397952560175694,1.3448891698316867,1.5848722714766499,1.5907345410057452,1.5926981167218015,1.5990441657751429,1.599670233394755,1.6018614700633975
-1.1401172214725324,-1.1400950828495975,-1.1400541294481505,-1.1400035561248258,-1.1398630055155325,-1.1397841156166661,-1.1396530520675794,-1.139548332201826,-1.1394234118356534,-1.1390687471587408,-1.1387877221571618,-1.138420034733786,-1.1381012459319344,-0.2182371697342478,-0.17123393094451778,-0.1234598856100374,-0.07463016633283685,-0.023853682084208135,-0.01833176495256481,0.05240508341160129,0.23455993927116567,0.23940348358824626,0.24543416858740572,0.28232881128990966,0.2830166172831693,0.288126056489646,0.2888878201512524,0.2947711090564736,0.3040198554894141,0.34334428280729185,0.36299993524108976,0.38199855355007417,0.4009657810440369,0.41732229234536294,0.43410783148484955,0.4528596950443746,0.4689880888420857,0.47739151912184696,0.48821702366502373,0.5053014780792074,0.5240407487930346,0.5423743311124635,0.5593837384846969,0.5792234169983697,0.5987780024564681,0.758693414556397,0.7748281992998621,0.7906938643225392,0.8069637534980693,0.824833117136293,0.8420149338269785,0.8515974647004414,0.8582846629698185,0.8719940166778555,0.889337120760461,0.9041068998853892,0.917841655962177,0.9345064599932834,0.9509751399337083,0.9672445789453422,0.986718345132047,1.0108637899680002,1.1669805390429304,1.1843456562552106,1.2014972276886158,1.2246818500720953,1.2417471270437588,1.253987590661171,1.307249678697037,1.3185148745515471,1.332525368564323,1.342748515590225,1.352848996293118,1.3640744545340968,1.3784066285292282,1.3921518327834115,1.4010941797078285,1.4125245921597476,1.4236890804788869,1.4359007349884951,1.4518046031529865,1.4647686567638376,1.477274033660063,1.5135359324368773,1.5203133092419656,1.5264550295264139,1.5347377299938403,1.5415421101853635,1.5478575405431745,1.5567714288198646,1.9934429824778752,2.0045197102516252,2.00823424558842,2.0202541869227435,2.0214412518483416,2.025597734381735
-1.0,-1.0,-1.0,-1.0,-1.0,-1.0,-1.0,-1.0,-1.0,-1.0,-1.0,-1.0,-1.0,-1.0,-1.0,-1.0,-1.0,-1.0,-1.0,-1.0,-1.0,-1.0,-1.0,-1.0,1.0,-1.0,1.0,-1.0,-1.0,1.0,1.0,1.0,1.0,1.0,1.0,1.0,1.0,-1.0,1.0,1.0,1.0,1.0,1.0,1.0,1.0,-1.0,1.0,1.0,1.0,1.0,1.0,-1.0,1.0,1.0,1.0,1.0,1.0,1.0,1.0,1.0,1.0,1.0,-1.0,1.0,1.0,-1.0,1.0,1.0,-1.0,-1.0,-1.0,-1.0,-1.0,-1.0,-1.0,-1.0,-1.0,-1.0,-1.0,-1.0,-1.0,-1.0,-1.0,-1.0,-1.0,-1.0,-1.0,-1.0,-1.0,-1.0,-1.0,-1.0,1.0,-1.0,-1.0,1.0
-1.0,-1.0,-1.0,-1.0,-1.0,-1.0,-1.0,-1.0,-1.0,-1.0,-1.0,-1.0,-1.0,-1.0,-1.0,-1.0,-1.0,-1.0,-1.0,-1.0,-1.0,-1.0,-1.0,-1.0,-1.0,-1.0,-1.0,-1.0,-1.0,-1.0,-1.0,-1.0,-1.0,-1.0,-1.0,-1.0,-1.0,-1.0,-1.0,-1.0,-1.0,-1.0,-1.0,-1.0,-1.0,-1.0,-1.0,-1.0,-1.0,-1.0,-1.0,-1.0,-1.0,-1.0,-1.0,-1.0,-1.0,-1.0,-1.0,-1.0,-1.0,-1.0,-1.0,-1.0,-1.0,-1.0,-1.0,-1.0,-1.0,-1.0,-1.0,-1.0,-1.0,-1.0,-1.0,-1.0,-1.0,-1.0,-1.0,-1.0,-1.0,-1.0,-1.0,-1.0,-1.0,-1.0,-1.0,-1.0,-1.0,-1.0,-1.0,-1.0,-1.0,-1.0,-1.0,-1.0
-1.0,-1.0,-1.0,-1.0,-1.0,-1.0,-1.0,-1.0,-1.0,-1.0,-1.0,-1.0,-1.0,-1.0,-1.0,-1.0,-1.0,-1.0,-1.0,-1.0,-1.0,-1.0,-1.0,-1.0,-1.0,-1.0,-1.0,-1.0,-1.0,-1.0,-1.0,-1.0,-1.0,-1.0,-1.0,-1.0,-1.0,-1.0,-1.0,-1.0,-1.0,-1.0,-1.0,-1.0,-1.0,-1.0,-1.0,-1.0,-1.0,-1.0,-1.0,-1.0,-1.0,-1.0,-1.0,-1.0,-1.0,-1.0,-1.0,-1.0,-1.0,-1.0,-1.0,-1.0,-1.0,-1.0,-1.0,-1.0,-1.0,-1.0,-1.0,-1.0,-1.0,-1.0,-1.0,-1.0,-1.0,-1.0,-1.0,-1.0,-1.0,-1.0,-1.0,-1.0,-1.0,-1.0,-1.0,-1.0,-1.0,-1.0,-1.0,-1.0,-1.0,1.0,-1.0,-1.0
-1.0,-1.0,-1.0,-1.0,-1.0,-1.0,-1.0,-1.0,-1.0,-1.0,-1.0,-1.0,-1.0,-1.0,-1.0,-1.0,-1.0,-1.0,-1.0,-1.0,-1.0,-1.0,-1.0,-1.0,-1.0,-1.0,-1.0,-1.0,-1.0,-1.0,-1.0,-1.0,-1.0,-1.0,-1.0,-1.0,-1.0,-1.0,-1.0,-1.0,-1.0,-1.0,-1.0,-1.0,-1.0,-1.0,-1.0,-1.0,-1.0,-1.0,-1.0,-1.0,-1.0,-1.0,-1.0,-1.0,-1.0,-1.0,-1.0,-1.0,-1.0,-1.0,-1.0,-1.0,-1.0,-1.0,-1.0,-1.0,-1.0,-1.0,-1.0,-1.0,-1.0,-1.0,-1.0,-1.0,-1.0,-1.0,-1.0,-1.0,-1.0,-1.0,-1.0,-1.0,-1.0,-1.0,-1.0,-1.0,-1.0,-1.0,-1.0,-1.0,-1.0,-1.0,-1.0,-1.0
-1.0,-1.0,-1.0,-1.0,-1.0,-1.0,-1.0,-1.0,-1.0,-1.0,-1.0,-1.0,-1.0,-1.0,-1.0,-1.0,-1.0,-1.0,-1.0,-1.0,-1.0,-1.0,-1.0,-1.0,-1.0,-1.0,-1.0,-1.0,-1.0,-1.0,-1.0,-1.0,-1.0,-1.0,-1.0,-1.0,-1.0,-1.0,-1.0,-1.0,-1.0,-1.0,-1.0,-1.0,-1.0,-1.0,-1.0,-1.0,-1.0,-1.0,-1.0,-1.0,-1.0,-1.0,-1.0,-1.0,-1.0,-1.0,-1.0,-1.0,-1.0,-1.0,-1.0,-1.0,-1.0,-1.0,-1.0,-1.0,-1.0,-1.0,-1.0,-1.0,-1.0,-1.0,-1.0,-1.0,-1.0,-1.0,-1.0,-1.0,-1.0,-1.0,-1.0,-1.0,-1.0,-1.0,-1.0,-1.0,-1.0,-1.0,-1.0,-1.0,-1.0,-1.0,-1.0,-1.0
-1.0,-1.0,-1.0,-1.0,-1.0,-1.0,-1.0,-1.0,-1.0,-1.0,-1.0,-1.0,-1.0,-1.0,-1.0,-1.0,-1.0,-1.0,-1.0,-1.0,-1.0,1.0,-1.0,-1.0,-1.0,-1.0,-1.0,-1.0,-1.0,-1.0,-1.0,-1.0,-1.0,1.0,-1.0,-1.0,-1.0,-1.0,-1.0,-1.0,-1.0,-1.0,-1.0,-1.0,-1.0,1.0,-1.0,-1.0,-1.0,-1.0,-1.0,-1.0,-1.0,-1.0,-1.0,-1.0,-1.0,-1.0,-1.0,-1.0,-1.0,-1.0,1.0,-1.0,-1.0,-1.0,-1.0,-1.0,-1.0,-1.0,-1.0,-1.0,-1.0,-1.0,-1.0,-1.0,-1.0,-1.0,-1.0,-1.0,-1.0,-1.0,-1.0,-1.0,-1.0,-1.0,-1.0,-1.0,-1.0,-1.0,-1.0,-1.0,-1.0,-1.0,1.0,-1.0
1.337810426714739,1.337810426714739,1.337810426714739,1.337810426714739,1.337810426714739,1.337810426714739,1.337810426714739,1.337810426714739,1.337810426714739,-0.27666196209412575,1.337810426714739,1.337810426714739,1.337810426714739,1.337810426714739,1.337810426714739,1.337810426714739,1.337810426714739,1.337810426714739,1.337810426714739,1.337810426714739,1.337810426714739,-0.54574069356227,-0.39198141843761614,1.337810426714739,0.0,1.337810426714739,0.0,1.337810426714739,0.5305742323103066,-0.4655895820611206,-0.9738204936252264,-0.8023041351946865,-0.8417272981772284,-0.7169726135874525,-0.5995564398558987,-0.7206418690165637,-0.814819425030414,1.337810426714739,-0.54574069356227,-0.8495392613488842,-0.5523035894517367,-0.4158406163017865,-0.6130103764293058,-0.7885678414725463,-0.5702023964230102,-0.14212259636005364,-0.7714196296323262,-0.7498693864001723,-0.5370607344826523,-1.010513047916337,-0.9224509176176717,1.337810426714739,-0.44660642407400625,-0.6932999979157682,-0.8220918231782016,-0.6226203311245968,-0.8495392613488842,-0.5995564398558987,-0.5370607344826523,-0.7169726135874525,-0.814819425030414,-0.814819425030414,-0.14212259636005364,-0.5828550013509795,-0.7610036787367851,0.5305742323103066,1.337810426714739,1.337810426714739,-1.0838981564985581,-1.0838981564985581,-1.0838981564985581,-1.0838981564985581,-1.0838981564985581,-1.0838981564985581,-1.0838981564985581,-1.0838981564985581,-1.0838981564985581,-1.0838981564985581,-1.0838981564985581,-1.0838981564985581,-1.0838981564985581,-1.0838981564985581,-1.0838981564985581,1.337810426714739,1.337810426714739,0.5305742323103066,1.337810426714739,1.337810426714739,0.5305742323103066,1.337810426714739,-0.54574069356227,-1.0838981564985581,-1.0838981564985581,0.0,-1.0838981564985581,1.337810426714739
1.4516825767754173,1.4516825767754173,1.4516825767754173,1.4516825767754173,1.4516825767754173,1.4516825767754173,1.4516825767754173,1.4516825767754173,1.4516825767754173,-0.59926643194068,1.4516825767754173,1.4516825767754173,1.4516825767754173,1.4516825767754173,1.4516825767754173,1.4516825767754173,1.4516825767754173,1.4516825767754173,1.4516825767754173,1.4516825767754173,1.4516825767754173,-0.7416934464348534,-0.6672825980460608,1.4516825767754173,0.0,1.4516825767754173,0.0,1.4516825767754173,0.16983944632785655,-0.7052259410487491,-0.8508678728343128,-0.824438226840284,-0.832561881682136,-0.8026663336315326,-0.7633423526379678,-0.8037204112470658,-0.8271496551313574,1.4516825767754173,-0.7416934464348534,-0.8340264641558419,-0.7444555646219503,-0.6800484603755441,-0.7683985116525109,-0.8213203995708583,-0.7518163582088194,-0.5066888725194671,-0.8172197800313474,-0.8117384086165301,-0.7379882691587302,-0.8535163090542458,-0.8453803129866116,1.4516825767754173,-0.6958485182237094,-0.7956111861569973,-0.8286685991865912,-0.7719228535928003,-0.8340264641558419,-0.7633423526379678,-0.7379882691587302,-0.8026663336315326,-0.8271496551313574,-0.8271496551313574,-0.5066888725194671,-0.7568675968494526,-0.8146160778558702,0.16983944632785655,1.4516825767754173,1.4516825767754173,-0.8556350580301921,-0.8556350580301921,-0.8556350580301921,-0.8556350580301921,-0.8556350580301921,-0.8556350580301921,-0.8556350580301921,-0.8556350580301921,-0.8556350580301921,-0.8556350580301921,-0.8556350580301921,-0.8556350580301921,-0.8556350580301921,-0.8556350580301921,-0.8556350580301921,1.4516825767754173,1.4516825767754173,0.16983944632785655,1.4516825767754173,1.4516825767754173,0.16983944632785655,1.4516825767754173,-0.7416934464348534,-0.8556350580301921,-0.8556350580301921,0.0,-0.8556350580301921,1.4516825767754173
1.4965912411460476,1.4965912411460476,1.4965912411460476,1.4965912411460476,1.4965912411460476,1.4965912411460476,1.4965912411460476,1.4965912411460476,1.4965912411460476,-0.6897800420511516,1.4965912411460476,1.4965912411460476,1.4965912411460476,1.4965912411460476,1.4965912411460476,1.4965912411460476,1.4965912411460476,1.4965912411460476,1.4965912411460476,1.4965912411460476,1.4965912411460476,-0.7489553331918166,-0.720915851982307,1.4965912411460476,0.0,1.4965912411460476,0.0,1.4965912411460476,-0.10114161965190568,-0.7360823239475353,-0.7736580162421787,-0.7703016499852228,-0.7716007827646468,-0.7659738745523312,-0.7557075453598672,-0.7662084343594536,-0.7707567562436405,1.4965912411460476,-0.7489553331918166,-0.7718134933416511,-0.7498558195813136,-0.7262072658736478,-0.7571795307269912,-0.7697533739084975,-0.7522008600537764,-0.6403375290586224,-0.7689936110954461,-0.7679132478288694,-0.7477301746983869,-0.7738080662854542,-0.7731985156254447,1.4965912411460476,-0.7324938125641163,-0.764344616040892,-0.7710025188354434,-0.7581807583566034,-0.7718134933416511,-0.7557075453598672,-0.7477301746983869,-0.7659738745523312,-0.7707567562436405,-0.7707567562436405,-0.6403375290586224,-0.7537630039512049,-0.7684894082462508,-0.10114161965190568,1.4965912411460476,1.4965912411460476,-0.7738712452510439,-0.7738712452510439,-0.7738712452510439,-0.7738712452510439,-0.7738712452510439,-0.7738712452510439,-0.7738712452510439,-0.7738712452510439,-0.7738712452510439,-0.7738712452510439,-0.7738712452510439,-0.7738712452510439,-0.7738712452510439,-0.7738712452510439,-0.7738712452510439,1.4965912411460476,1.4965912411460476,-0.10114161965190568,1.4965912411460476,1.4965912411460476,-0.10114161965190568,1.4965912411460476,-0.7489553331918166,-0.7738712452510439,-0.7738712452510439,0.0,-0.7738712452510439,1.4965912411460476
-1.0,-1.0,-1.0,-1.0,-1.0,-1.0,-1.0,-1.0,-1.0,-1.0,-1.0,-1.0,-1.0,-1.0,-1.0,-1.0,-1.0,-1.0,-1.0,-1.0,-1.0,-1.0,-1.0,-1.0,-1.0,-1.0,-1.0,-1.0,-1.0,-1.0,-1.0,-1.0,-1.0,-1.0,-1.0,-1.0,-1.0,-1.0,-1.0,-1.0,-1.0,-1.0,-1.0,-1.0,-1.0,-1.0,-1.0,-1.0,-1.0,-1.0,-1.0,-1.0,-1.0,-1.0,-1.0,-1.0,-1.0,-1.0,-1.0,-1.0,-1.0,-1.0,-1.0,-1.0,-1.0,-1.0,-1.0,-1.0,-1.0,-1.0,-1.0,-1.0,-1.0,-1.0,-1.0,-1.0,-1.0,-1.0,-1.0,-1.0,-1.0,-1.0,-1.0,-1.0,-1.0,-1.0,-1.0,-1.0,-1.0,-1.0,-1.0,-1.0,-1.0,-1.0,-1.0,-1.0
1.0,1.0,1.0,1.0,1.0,1.0,1.0,1.0,1.0,1.0,1.0,1.0,1.0,1.0,1.0,1.0,1.0,1.0,1.0,1.0,1.0,1.0,1.0,1.0,1.0,1.0,1.0,1.0,1.0,1.0,1.0,1.0,1.0,1.0,1.0,1.0,1.0,1.0,1.0,1.0,1.0,1.0,1.0,1.0,1.0,1.0,1.0,1.0,1.0,1.0,1.0,1.0,1.0,1.0,1.0,1.0,1.0,1.0,1.0,1.0,1.0,1.0,1.0,1.0,1.0,1.0,1.0,1.0,1.0,1.0,1.0,1.0,1.0,1.0,1.0,1.0,1.0,1.0,1.0,1.0,1.0,1.0,1.0,1.0,1.0,1.0,1.0,1.0,1.0,1.0,1.0,1.0,1.0,1.0,1.0,1.0
0.0,0.0,0.0,0.0,0.0,0.0,0.0,0.0,0.0,0.0,0.0,0.0,0.0,0.0,0.0,0.0,0.0,0.0,0.0,0.0,0.0,0.0,0.0,0.0,0.0,0.0,0.0,0.0,0.0,0.0,0.0,0.0,0.0,0.0,0.0,0.0,0.0,0.0,0.0,0.0,0.0,0.0,0.0,0.0,0.0,0.0,0.0,0.0,0.0,0.0,0.0,0.0,0.0,0.0,0.0,0.0,0.0,0.0,0.0,0.0,0.0,0.0,0.0,0.0,0.0,0.0,0.0,0.0,0.0,0.0,0.0,0.0,0.0,0.0,0.0,0.0,0.0,0.0,0.0,0.0,0.0,0.0,0.0,0.0,0.0,0.0,0.0,0.0,0.0,0.0,0.0,0.0,0.0,0.0,0.0,0.0
0.7037037037037037,1.0,1.0,1.0,1.0,1.0,1.0,1.0,1.0,1.0,1.0,1.0,1.0,1.0,1.0,1.0,1.0,1.0,1.0,0.44680851063829796,-0.7916666666666666,-0.7916666666666666,-0.7916666666666666,0.8,0.8,0.8333333333333333,0.8333333333333333,0.8999999999999999,0.52,-0.9891288379609225,-0.9891288379609225,-0.9891288379609225,-0.9891288379609225,-0.9891288379609225,-0.9891288379609225,-0.9891288379609225,-0.9891288379609225,-0.9891288379609225,-0.9891288379609225,-0.9891288379609225,-0.9891288379609225,-0.9891288379609225,-0.9891288379609225,-0.9891288379609225,-0.9891288379609225,-0.9891288379609225,-0.9891288379609225,-0.9891288379609225,-0.9891288379609225,-0.9891288379609225,-0.9891288379609225,-0.9891288379609225,-0.9891288379609225,-0.9891288379609225,-0.9891288379609225,-0.9891288379609225,-0.9891288379609225,-0.9891288379609225,-0.9891288379609225,-0.9891288379609225,-0.9891288379609225,-0.9891288379609225,-0.9891288379609225,-0.9891288379609225,-0.9891288379609225,-0.9891288379609225,0.4509803921568627,0.4509803921568627,-1.0,-1.0,-1.0,-1.0,-1.0,-1.0,-1.0,-1.0,-1.0,-1.0,-1.0,-1.0,-1.0,-1.0,-1.0,1.0,1.0,1.0,1.0,1.0,1.0,1.0,-0.49473684210526314,-0.49473684210526314,-0.49473684210526314,-1.0,-1.0,1.0
0.5719650796632643,0.5719650796632643,0.5719650796632643,0.5719650796632643,0.5719650796632643,0.5719650796632643,0.5719650796632643,0.5719650796632643,0.5719650796632643,0.04722599305560278,0.04722599305560278,0.04722599305560278,0.04722599305560278,0.04722599305560278,0.04722599305560278,0.04722599305560278,0.04722599305560278,0.04722599305560278,0.04722599305560278,0.04722599305560278,-0.4775130935520587,-0.4775130935520587,-0.4775130935520587,-0.4775130935520587,-0.4775130935520587,0.04722599305560278,0.04722599305560278,0.04722599305560278,-0.4775130935520587,-0.4775130935520587,-0.4775130935520587,-0.4775130935520587,-0.4775130935520587,-0.4775130935520587,-0.4775130935520587,-0.4775130935520587,-0.4775130935520587,-0.4775130935520587,-0.4775130935520587,-0.4775130935520587,-0.4775130935520587,-0.4775130935520587,-0.4775130935520587,-0.4775130935520587,-0.4775130935520587,-0.4775130935520587,-0.4775130935520587,-0.4775130935520587,-0.4775130935520587,-0.4775130935520587,-0.4775130935520587,-0.4775130935520587,-0.4775130935520587,-0.4775130935520587,-0.4775130935520587,-0.4775130935520587,-0.4775130935520587,-0.4775130935520587,-0.4775130935520587,-0.4775130935520587,-0.4775130935520587,-0.4775130935520587,-0.4775130935520587,-0.4775130935520587,-0.4775130935520587,-0.4775130935520587,0.5719650796632643,0.5719650796632643,0.04722599305560278,0.04722599305560278,0.04722599305560278,0.04722599305560278,0.04722599305560278,0.04722599305560278,0.04722599305560278,0.04722599305560278,0.04722599305560278,0.04722599305560278,0.04722599305560278,0.04722599305560278,0.04722599305560278,0.04722599305560278,0.04722599305560278,0.5719650796632643,0.5719650796632643,0.5719650796632643,0.5719650796632643,0.5719650796632643,0.5719650796632643,0.5719650796632643,-0.4775130935520587,-0.4775130935520587,-0.4775130935520587,-0.4775130935520587,-0.4775130935520587,0.04722599305560278
-1.0,-1.0,-1.0,-1.0,-1.0,-1.0,-1.0,-1.0,-1.0,1.0,1.0,1.0,1.0,-1.0,-1.0,-1.0,-1.0,-1.0,-1.0,-1.0,1.0,1.0,1.0,-1.0,-1.0,-1.0,-1.0,-1.0,-1.0,1.0,1.0,1.0,1.0,1.0,1.0,1.0,1.0,1.0,1.0,1.0,1.0,1.0,1.0,1.0,1.0,1.0,1.0,1.0,1.0,1.0,1.0,1.0,1.0,1.0,1.0,1.0,1.0,1.0,1.0,1.0,1.0,1.0,1.0,1.0,1.0,1.0,-1.0,-1.0,1.0,1.0,1.0,1.0,1.0,1.0,1.0,1.0,1.0,1.0,1.0,1.0,1.0,1.0,1.0,1.0,1.0,1.0,1.0,1.0,1.0,1.0,1.0,1.0,1.0,-1.0,-1.0,-1.0
-2.446043165467626,-2.446043165467626,-2.446043165467626,-2.446043165467626,-2.446043165467626,-2.446043165467626,-2.446043165467626,-2.446043165467626,-2.446043165467626,-1.356006104207543,-1.356006104207543,-1.356006104207543,-1.356006104207543,-2.446043165467626,-2.446043165467626,-2.446043165467626,-2.446043165467626,-2.446043165467626,-2.446043165467626,-2.446043165467626,-2.0826974783809313,-2.0826974783809313,-2.0826974783809313,-2.446043165467626,-2.446043165467626,-2.446043165467626,-2.446043165467626,-2.446043165467626,-2.446043165467626,-0.15162293677916264,-0.15162293677916264,-0.15162293677916264,-0.15162293677916264,-0.15162293677916264,-0.15162293677916264,-0.15162293677916264,-0.15162293677916264,-0.15162293677916264,-0.15162293677916264,-0.15162293677916264,-0.15162293677916264,-0.15162293677916264,-0.15162293677916264,-0.15162293677916264,-0.15162293677916264,-0.15162293677916264,-0.15162293677916264,-0.15162293677916264,-0.15162293677916264,-0.15162293677916264,-0.15162293677916264,-0.15162293677916264,-0.15162293677916264,-0.15162293677916264,-0.15162293677916264,-0.15162293677916264,-0.15162293677916264,-0.15162293677916264,-0.15162293677916264,-0.15162293677916264,-0.15162293677916264,-0.15162293677916264,-0.15162293677916264,-0.15162293677916264,-0.15162293677916264,-0.15162293677916264,-2.446043165467626,-2.446043165467626,-1.7575987057244156,-1.7325643617337536,-1.7325643617337536,-1.7325643617337536,-1.7325643617337536,-1.7325643617337536,-1.7325643617337536,-1.7325643617337536,-1.7325643617337536,-1.7325643617337536,-1.7325643617337536,-1.7325643617337536,-1.7325643617337536,-1.7325643617337536,-1.7325643617337536,-1.356006104207543,-1.356006104207543,-1.356006104207543,-1.356006104207543,-1.356006104207543,-1.356006104207543,-1.356006104207543,-0.2659690429474603,-0.2659690429474603,-0.2659690429474603,-2.446043165467626,-2.446043165467626,-2.446043165467626
-1.0,-1.0,-1.0,-1.0,-1.0,-1.0,-1.0,-1.0,-1.0,-1.0,-1.0,-1.0,-1.0,-1.0,-1.0,-1.0,-1.0,-1.0,-1.0,-1.0,-1.0,-1.0,-1.0,1.0,1.0,1.0,1.0,1.0,1.0,-1.0,-1.0,-1.0,-1.0,-1.0,-1.0,-1.0,-1.0,-1.0,-1.0,-1.0,-1.0,-1.0,-1.0,-1.0,-1.0,-1.0,-1.0,-1.0,-1.0,-1.0,-1.0,-1.0,-1.0,-1.0,-1.0,-1.0,-1.0,-1.0,-1.0,-1.0,-1.0,-1.0,-1.0,-1.0,-1.0,-1.0,-1.0,-1.0,-1.0,-1.0,-1.0,-1.0,-1.0,-1.0,-1.0,-1.0,-1.0,-1.0,-1.0,-1.0,-1.0,-1.0,-1.0,-1.0,-1.0,-1.0,-1.0,-1.0,-1.0,-1.0,-1.0,-1.0,-1.0,-1.0,-1.0,-1.0
-1.0,-1.0,-1.0,-1.0,-1.0,-1.0,-1.0,-1.0,-1.0,-1.0,-1.0,-1.0,-1.0,-1.0,-1.0,-1.0,-1.0,-1.0,-1.0,-1.0,-1.0,-1.0,-1.0,-1.0,-1.0,-1.0,-1.0,-1.0,-1.0,-1.0,-1.0,-1.0,-1.0,-1.0,-1.0,-1.0,-1.0,-1.0,-1.0,-1.0,-1.0,-1.0,-1.0,-1.0,-1.0,-1.0,-1.0,-1.0,-1.0,-1.0,-1.0,-1.0,-1.0,-1.0,-1.0,-1.0,-1.0,-1.0,-1.0,-1.0,-1.0,-1.0,-1.0,-1.0,-1.0,-1.0,-1.0,-1.0,1.0,1.0,1.0,1.0,1.0,1.0,1.0,1.0,1.0,1.0,1.0,1.0,1.0,1.0,1.0,-1.0,-1.0,-1.0,-1.0,-1.0,-1.0,-1.0,1.0,1.0,1.0,-1.0,-1.0,-1.0
-0.4263568526951478,-0.5012833246928948,-0.5012833246928948,-0.5012833246928948,-0.5012833246928948,-0.5012833246928948,-0.5012833246928948,-0.5012833246928948,-0.5012833246928948,-1.116393498764381,-1.116393498764381,-1.116393498764381,-1.116393498764381,-1.1559062969083356,-1.1559062969083356,-1.1559062969083356,-1.1559062969083356,-1.1559062969083356,-1.1559062969083356,-1.0046039244345522,-0.6708653310897962,-0.6708653310897962,-0.6708653310897962,-1.6355140186915886,-1.6355140186915886,-1.6355140186915886,-1.6355140186915886,-1.0799628719093755,-0.9756901843793709,1.3204237259102576,1.3204237259102576,1.3204237259102576,1.3204237259102576,1.3204237259102576,1.3204237259102576,1.3204237259102576,1.3204237259102576,1.3204237259102576,1.3204237259102576,1.3204237259102576,1.3204237259102576,1.3204237259102576,1.3204237259102576,1.3204237259102576,1.3204237259102576,1.3204237259102576,1.3204237259102576,1.3204237259102576,1.3204237259102576,1.3204237259102576,1.3204237259102576,1.3204237259102576,1.3204237259102576,1.3204237259102576,1.3204237259102576,1.3204237259102576,1.3204237259102576,1.3204237259102576,1.3204237259102576,1.3204237259102576,1.3204237259102576,1.3204237259102576,1.3204237259102576,1.3204237259102576,1.3204237259102576,1.3204237259102576,-0.9664366202222776,-0.9664366202222776,-0.05322241521020756,-0.059758042301207494,-0.059758042301207494,-0.059758042301207494,-0.059758042301207494,-0.059758042301207494,-0.059758042301207494,-0.059758042301207494,-0.059758042301207494,-0.059758042301207494,-0.059758042301207494,-0.059758042301207494,-0.059758042301207494,-0.059758042301207494,-0.059758042301207494,-0.7560623202458499,-0.7560623202458499,-0.7560623202458499,-0.7560623202458499,-0.7560623202458499,-0.7560623202458499,-0.7560623202458499,-0.6757584618689061,-0.6757584618689061,-0.6757584618689061,-1.6355140186915886,-1.6355140186915886,-1.1559062969083356
-1.0917363902447395,-1.0917363902447395,-1.0917363902447395,-1.0917363902447395,-1.0917363902447395,-1.0917363902447395,-1.0917363902447395,-1.0917363902447395,-1.0917363902447395,0.0,0.0,0.0,0.0,0.0,0.0,0.0,0.0,0.0,0.0,0.0,-0.8791591297003644,-0.8791591297003644,-0.8791591297003644,1.383949894750324,1.383949894750324,1.383949894750324,1.383949894750324,0.5657648343056333,0.1974758812565125,-1.0917363902447395,-1.0917363902447395,-1.0917363902447395,-1.0917363902447395,-1.0917363902447395,-1.0917363902447395,-1.0917363902447395,-1.0917363902447395,-1.0917363902447395,-1.0917363902447395,-1.0917363902447395,-1.0917363902447395,-1.0917363902447395,-1.0917363902447395,-1.0917363902447395,-1.0917363902447395,-1.0917363902447395,-1.0917363902447395,-1.0917363902447395,-1.0917363902447395,-1.0917363902447395,-1.0917363902447395,-1.0917363902447395,-1.0917363902447395,-1.0917363902447395,-1.0917363902447395,-1.0917363902447395,-1.0917363902447395,-1.0917363902447395,-1.0917363902447395,-1.0917363902447395,-1.0917363902447395,-1.0917363902447395,-1.0917363902447395,-1.0917363902447395,-1.0917363902447395,-1.0917363902447395,0.16479248605383176,0.16479248605383176,-1.0917363902447395,0.0,0.0,0.0,0.0,0.0,0.0,0.0,0.0,0.0,0.0,0.0,0.0,0.0,0.0,0.0,0.0,0.0,0.0,0.0,0.0,0.0,-0.8618766940553412,-0.8618766940553412,-0.8618766940553412,0.0,0.0,0.8339954241787803
-0.5077224524862195,-0.5077224524862195,-0.5077224524862195,-0.5077224524862195,-0.5077224524862195,-0.5077224524862195,-0.5077224524862195,-0.5077224524862195,-0.5077224524862195,-0.5077224524862195,-0.5077224524862195,-0.5077224524862195,-0.5077224524862195,-0.5077224524862195,-0.5077224524862195,-0.5077224524862195,-0.5077224524862195,-0.5077224524862195,-0.5077224524862195,-0.5077224524862195,1.969566382794139,1.969566382794139,1.969566382794139,-0.5077224524862195,-0.5077224524862195,-0.5077224524862195,-0.5077224524862195,-0.5077224524862195,1.969566382794139,1.969566382794139,1.969566382794139,1.969566382794139,1.969566382794139,1.969566382794139,1.969566382794139,1.969566382794139,1.969566382794139,1.969566382794139,1.969566382794139,1.969566382794139,1.969566382794139,1.969566382794139,1.969566382794139,1.969566382794139,1.969566382794139,1.969566382794139,1.969566382794139,1.969566382794139,1.969566382794139,1.969566382794139,1.969566382794139,1.969566382794139,1.969566382794139,1.969566382794139,1.969566382794139,1.969566382794139,1.969566382794139,1.969566382794139,1.969566382794139,1.969566382794139,1.969566382794139,1.969566382794139,1.969566382794139,1.969566382794139,1.969566382794139,1.969566382794139,-0.5077224524862195,-0.5077224524862195,1.969566382794139,-0.5077224524862195,-0.5077224524862195,-0.5077224524862195,-0.5077224524862195,-0.5077224524862195,-0.5077224524862195,-0.5077224524862195,-0.5077224524862195,-0.5077224524862195,-0.5077224524862195,-0.5077224524862195,-0.5077224524862195,-0.5077224524862195,-0.5077224524862195,-0.5077224524862195,-0.5077224524862195,-0.5077224524862195,-0.5077224524862195,-0.5077224524862195,-0.5077224524862195,-0.5077224524862195,1.969566382794139,1.969566382794139,1.969566382794139,1.969566382794139,1.969566382794139,1.969566382794139
-0.8700053950135924,-0.8700053950135924,-0.8700053950135924,-0.8700053950135924,-0.8700053950135924,-0.8700053950135924,-0.8700053950135924,-0.8700053950135924,-0.8700053950135924,-0.8700053950135924,-0.8700053950135924,-0.8700053950135924,-0.8700053950135924,-0.8700053950135924,-0.8700053950135924,-0.8700053950135924,-0.8700053950135924,-0.8700053950135924,-0.8700053950135924,-0.8700053950135924,-0.5287907122346046,-0.5287907122346046,-0.5287907122346046,-0.8700053950135924,-0.8700053950135924,-0.8700053950135924,-0.8700053950135924,-0.8700053950135924,-0.8044921759200269,-0.849794177135454,-0.849794177135454,-0.849794177135454,-0.849794177135454,-0.849794177135454,-0.849794177135454,-0.849794177135454,-0.849794177135454,-0.849794177135454,-0.849794177135454,-0.849794177135454,-0.849794177135454,-0.849794177135454,-0.849794177135454,-0.849794177135454,-0.849794177135454,-0.849794177135454,-0.849794177135454,-0.849794177135454,-0.849794177135454,-0.849794177135454,-0.849794177135454,-0.849794177135454,-0.849794177135454,-0.849794177135454,-0.849794177135454,-0.849794177135454,-0.849794177135454,-0.849794177135454,-0.849794177135454,-0.849794177135454,-0.849794177135454,-0.849794177135454,-0.849794177135454,-0.849794177135454,-0.849794177135454,-0.849794177135454,-0.8700053950135924,-0.8700053950135924,-0.8518072785987132,-0.8700053950135924,-0.8700053950135924,-0.8700053950135924,-0.8700053950135924,-0.8700053950135924,-0.8700053950135924,-0.8700053950135924,-0.8700053950135924,-0.8700053950135924,-0.8700053950135924,-0.8700053950135924,-0.8700053950135924,-0.8700053950135924,-0.8700053950135924,-0.8700053950135924,-0.8700053950135924,-0.8700053950135924,-0.8700053950135924,-0.8700053950135924,-0.8700053950135924,-0.8700053950135924,-0.8010441117572075,-0.8010441117572075,-0.8010441117572075,1.7505233687290338,1.7505233687290338,-0.484633517992618
-0.21624949762990653,-0.2727860098355923,-0.2727860098355923,-0.2727860098355923,-0.2727860098355923,-0.2727860098355923,-0.2727860098355923,-0.2727860098355923,-0.2727860098355923,-0.901855017471593,-0.901855017471593,-0.901855017471593,-0.901855017471593,-1.096933728981207,-1.096933728981207,-1.096933728981207,-1.096933728981207,-1.096933728981207,-1.096933728981207,-1.096933728981207,0.3528545032638245,0.3528545032638245,0.3528545032638245,-1.096933728981207,-1.096933728981207,-1.096933728981207,-1.096933728981207,-1.0183565364195493,-1.0183565364195493,1.6846531704969507,1.6846531704969507,1.6846531704969507,1.6846531704969507,1.6846531704969507,1.6846531704969507,1.6846531704969507,1.6846531704969507,1.6846531704969507,1.6846531704969507,1.6846531704969507,1.6846531704969507,1.6846531704969507,1.6846531704969507,1.6846531704969507,1.6846531704969507,1.6846531704969507,1.6846531704969507,1.6846531704969507,1.6846531704969507,1.6846531704969507,1.6846531704969507,1.6846531704969507,1.6846531704969507,1.6846531704969507,1.6846531704969507,1.6846531704969507,1.6846531704969507,1.6846531704969507,1.6846531704969507,1.6846531704969507,1.6846531704969507,1.6846531704969507,1.6846531704969507,1.6846531704969507,1.6846531704969507,1.6846531704969507,0.10868034111592541,0.10868034111592541,0.06830250281695922,0.10868034111592541,0.10868034111592541,0.10868034111592541,0.10868034111592541,0.10868034111592541,0.10868034111592541,0.10868034111592541,0.10868034111592541,0.10868034111592541,0.10868034111592541,0.10868034111592541,0.10868034111592541,0.10868034111592541,0.10868034111592541,-0.7033676826920172,-0.7033676826920172,-0.7033676826920172,-0.7033676826920172,-0.7033676826920172,-0.7033676826920172,-0.7033676826920172,0.026205950473936392,0.026205950473936392,0.026205950473936392,-1.096933728981207,-1.096933728981207,-1.0183565364195493
-1.0,-1.0,-1.0,-1.0,-1.0,-1.0,-1.0,-1.0,-1.0,-1.0,-1.0,-1.0,-1.0,-1.0,-1.0,-1.0,-1.0,-1.0,-1.0,-1.0,-1.0,-1.0,-1.0,1.0,1.0,1.0,1.0,-1.0,-1.0,1.0,1.0,1.0,1.0,1.0,1.0,1.0,1.0,1.0,1.0,1.0,1.0,1.0,1.0,1.0,1.0,1.0,1.0,1.0,1.0,1.0,1.0,1.0,1.0,1.0,1.0,1.0,1.0,1.0,1.0,1.0,1.0,1.0,1.0,1.0,1.0,1.0,1.0,1.0,-1.0,-1.0,-1.0,-1.0,-1.0,-1.0,-1.0,-1.0,-1.0,-1.0,-1.0,-1.0,-1.0,-1.0,-1.0,-1.0,-1.0,-1.0,-1.0,-1.0,-1.0,-1.0,1.0,1.0,1.0,-1.0,-1.0,1.0
-1.0,-1.0,-1.0,-1.0,-1.0,-1.0,-1.0,-1.0,-1.0,-1.0,-1.0,-1.0,-1.0,-1.0,-1.0,-1.0,-1.0,-1.0,-1.0,-1.0,-1.0,-1.0,-1.0,-1.0,-1.0,-1.0,-1.0,-1.0,-1.0,-1.0,-1.0,-1.0,-1.0,-1.0,-1.0,-1.0,-1.0,-1.0,-1.0,-1.0,-1.0,-1.0,-1.0,-1.0,-1.0,-1.0,-1.0,-1.0,-1.0,-1.0,-1.0,-1.0,-1.0,-1.0,-1.0,-1.0,-1.0,-1.0,-1.0,-1.0,-1.0,-1.0,-1.0,-1.0,-1.0,-1.0,-1.0,-1.0,-1.0,-1.0,-1.0,-1.0,-1.0,-1.0,-1.0,-1.0,-1.0,-1.0,-1.0,-1.0,-1.0,-1.0,-1.0,-1.0,-1.0,-1.0,-1.0,-1.0,-1.0,-1.0,-1.0,-1.0,-1.0,-1.0,-1.0,-1.0
-1.0,-1.0,-1.0,-1.0,-1.0,-1.0,-1.0,-1.0,-1.0,-1.0,-1.0,-1.0,-1.0,-1.0,-1.0,-1.0,-1.0,-1.0,-1.0,-1.0,-1.0,-1.0,-1.0,-1.0,-1.0,-1.0,-1.0,-1.0,-1.0,-1.0,-1.0,-1.0,-1.0,-1.0,-1.0,-1.0,-1.0,-1.0,-1.0,-1.0,-1.0,-1.0,-1.0,-1.0,-1.0,-1.0,-1.0,-1.0,-1.0,-1.0,-1.0,-1.0,-1.0,-1.0,-1.0,-1.0,-1.0,-1.0,-1.0,-1.0,-1.0,-1.0,-1.0,-1.0,-1.0,-1.0,-1.0,-1.0,-1.0,-1.0,-1.0,-1.0,-1.0,-1.0,-1.0,-1.0,-1.0,-1.0,-1.0,-1.0,-1.0,-1.0,-1.0,-1.0,-1.0,-1.0,-1.0,-1.0,-1.0,-1.0,-1.0,-1.0,-1.0,1.0,1.0,1.0
-1.0,-1.0,-1.0,-1.0,-1.0,-1.0,-1.0,-1.0,-1.0,-1.0,-1.0,-1.0,-1.0,-1.0,-1.0,-1.0,-1.0,-1.0,-1.0,-1.0,-1.0,-1.0,-1.0,-1.0,-1.0,-1.0,-1.0,-1.0,-1.0,-1.0,-1.0,-1.0,-1.0,-1.0,-1.0,-1.0,-1.0,-1.0,-1.0,-1.0,-1.0,-1.0,-1.0,-1.0,-1.0,-1.0,-1.0,-1.0,-1.0,-1.0,-1.0,-1.0,-1.0,-1.0,-1.0,-1.0,-1.0,-1.0,-1.0,-1.0,-1.0,-1.0,-1.0,-1.0,-1.0,-1.0,-1.0,-1.0,-1.0,-1.0,-1.0,-1.0,-1.0,-1.0,-1.0,-1.0,-1.0,-1.0,-1.0,-1.0,-1.0,-1.0,-1.0,-1.0,-1.0,-1.0,-1.0,-1.0,-1.0,-1.0,-1.0,-1.0,-1.0,-1.0,-1.0,-1.0
-1.0,-1.0,-1.0,-1.0,-1.0,-1.0,-1.0,-1.0,-1.0,-1.0,-1.0,-1.0,-1.0,-1.0,-1.0,-1.0,-1.0,-1.0,-1.0,-1.0,-1.0,-1.0,-1.0,-1.0,-1.0,-1.0,-1.0,-1.0,-1.0,-1.0,-1.0,-1.0,-1.0,-1.0,-1.0,-1.0,-1.0,-1.0,-1.0,-1.0,-1.0,-1.0,-1.0,-1.0,-1.0,-1.0,-1.0,-1.0,-1.0,-1.0,-1.0,-1.0,-1.0,-1.0,-1.0,-1.0,-1.0,-1.0,-1.0,-1.0,-1.0,-1.0,-1.0,-1.0,-1.0,-1.0,-1.0,-1.0,-1.0,-1.0,-1.0,-1.0,-1.0,-1.0,-1.0,-1.0,-1.0,-1.0,-1.0,-1.0,-1.0,-1.0,-1.0,-1.0,-1.0,-1.0,-1.0,-1.0,-1.0,-1.0,-1.0,-1.0,-1.0,-1.0,-1.0,-1.0
-1.0,-1.0,-1.0,-1.0,-1.0,-1.0,-1.0,-1.0,-1.0,-1.0,-1.0,-1.0,-1.0,-1.0,-1.0,-1.0,-1.0,-1.0,-1.0,-1.0,1.0,1.0,1.0,-1.0,-1.0,-1.0,-1.0,-1.0,-1.0,1.0,1.0,1.0,1.0,1.0,1.0,1.0,1.0,1.0,1.0,1.0,1.0,1.0,1.0,1.0,1.0,1.0,1.0,1.0,1.0,1.0,1.0,1.0,1.0,1.0,1.0,1.0,1.0,1.0,1.0,1.0,1.0,1.0,1.0,1.0,1.0,1.0,-1.0,-1.0,-1.0,-1.0,-1.0,-1.0,-1.0,-1.0,-1.0,-1.0,-1.0,-1.0,-1.0,-1.0,-1.0,-1.0,-1.0,-1.0,-1.0,-1.0,-1.0,-1.0,-1.0,-1.0,-1.0,-1.0,-1.0,1.0,1.0,1.0
1.337810426714739,1.337810426714739,1.337810426714739,1.337810426714739,1.337810426714739,1.337810426714739,1.337810426714739,1.337810426714739,1.337810426714739,0.5305742323103066,0.5305742323103066,0.5305742323103066,0.5305742323103066,1.337810426714739,1.337810426714739,1.337810426714739,1.337810426714739,1.337810426714739,1.337810426714739,1.337810426714739,-0.27666196209412575,-0.27666196209412575,-0.27666196209412575,1.337810426714739,1.337810426714739,1.337810426714739,1.337810426714739,1.337810426714739,1.0687316952465948,-0.6507808862420098,-0.6507808862420098,-0.6507808862420098,-0.6507808862420098,-0.6507808862420098,-0.6507808862420098,-0.6507808862420098,-0.6507808862420098,-0.6507808862420098,-0.6507808862420098,-0.6507808862420098,-0.6507808862420098,-0.6507808862420098,-0.6507808862420098,-0.6507808862420098,-0.6507808862420098,-0.6507808862420098,-0.6507808862420098,-0.6507808862420098,-0.6507808862420098,-0.6507808862420098,-0.6507808862420098,-0.6507808862420098,-0.6507808862420098,-0.6507808862420098,-0.6507808862420098,-0.6507808862420098,-0.6507808862420098,-0.6507808862420098,-0.6507808862420098,-0.6507808862420098,-0.6507808862420098,-0.6507808862420098,-0.6507808862420098,-0.6507808862420098,-0.6507808862420098,-0.6507808862420098,1.337810426714739,1.337810426714739,-1.0838981564985581,-1.0838981564985581,-1.0838981564985581,-1.0838981564985581,-1.0838981564985581,-1.0838981564985581,-1.0838981564985581,-1.0838981564985581,-1.0838981564985581,-1.0838981564985581,-1.0838981564985581,-1.0838981564985581,-1.0838981564985581,-1.0838981564985581,-1.0838981564985581,0.934192329512523,0.934192329512523,0.934192329512523,0.934192329512523,0.934192329512523,0.934192329512523,0.934192329512523,-0.814819425030414,-0.814819425030414,-0.814819425030414,-1.0838981564985581,-1.0838981564985581,0.8534687100720798
1.4516825767754173,1.4516825767754173,1.4516825767754173,1.4516825767754173,1.4516825767754173,1.4516825767754173,1.4516825767754173,1.4516825767754173,1.4516825767754173,0.16983944632785655,0.16983944632785655,0.16983944632785655,0.16983944632785655,1.4516825767754173,1.4516825767754173,1.4516825767754173,1.4516825767754173,1.4516825767754173,1.4516825767754173,1.4516825767754173,-0.59926643194068,-0.59926643194068,-0.59926643194068,1.4516825767754173,1.4516825767754173,1.4516825767754173,1.4516825767754173,1.4516825767754173,0.9674307274952277,-0.7818319543421511,-0.7818319543421511,-0.7818319543421511,-0.7818319543421511,-0.7818319543421511,-0.7818319543421511,-0.7818319543421511,-0.7818319543421511,-0.7818319543421511,-0.7818319543421511,-0.7818319543421511,-0.7818319543421511,-0.7818319543421511,-0.7818319543421511,-0.7818319543421511,-0.7818319543421511,-0.7818319543421511,-0.7818319543421511,-0.7818319543421511,-0.7818319543421511,-0.7818319543421511,-0.7818319543421511,-0.7818319543421511,-0.7818319543421511,-0.7818319543421511,-0.7818319543421511,-0.7818319543421511,-0.7818319543421511,-0.7818319543421511,-0.7818319543421511,-0.7818319543421511,-0.7818319543421511,-0.7818319543421511,-0.7818319543421511,-0.7818319543421511,-0.7818319543421511,-0.7818319543421511,1.4516825767754173,1.4516825767754173,-0.8556350580301921,-0.8556350580301921,-0.8556350580301921,-0.8556350580301921,-0.8556350580301921,-0.8556350580301921,-0.8556350580301921,-0.8556350580301921,-0.8556350580301921,-0.8556350580301921,-0.8556350580301921,-0.8556350580301921,-0.8556350580301921,-0.8556350580301921,-0.8556350580301921,0.7466688550292592,0.7466688550292592,0.7466688550292592,0.7466688550292592,0.7466688550292592,0.7466688550292592,0.7466688550292592,-0.8271496551313574,-0.8271496551313574,-0.8271496551313574,-0.8556350580301921,-0.8556350580301921,0.6210482282453983
1.4965912411460476,1.4965912411460476,1.4965912411460476,1.4965912411460476,1.4965912411460476,1.4965912411460476,1.4965912411460476,1.4965912411460476,1.4965912411460476,-0.10114161965190568,-0.10114161965190568,-0.10114161965190568,-0.10114161965190568,1.4965912411460476,1.4965912411460476,1.4965912411460476,1.4965912411460476,1.4965912411460476,1.4965912411460476,1.4965912411460476,-0.6897800420511516,-0.6897800420511516,-0.6897800420511516,1.4965912411460476,1.4965912411460476,1.4965912411460476,1.4965912411460476,1.4965912411460476,0.8207471265395059,-0.760882560044122,-0.760882560044122,-0.760882560044122,-0.760882560044122,-0.760882560044122,-0.760882560044122,-0.760882560044122,-0.760882560044122,-0.760882560044122,-0.760882560044122,-0.760882560044122,-0.760882560044122,-0.760882560044122,-0.760882560044122,-0.760882560044122,-0.760882560044122,-0.760882560044122,-0.760882560044122,-0.760882560044122,-0.760882560044122,-0.760882560044122,-0.760882560044122,-0.760882560044122,-0.760882560044122,-0.760882560044122,-0.760882560044122,-0.760882560044122,-0.760882560044122,-0.760882560044122,-0.760882560044122,-0.760882560044122,-0.760882560044122,-0.760882560044122,-0.760882560044122,-0.760882560044122,-0.760882560044122,-0.760882560044122,1.4965912411460476,1.4965912411460476,-0.7738712452510439,-0.7738712452510439,-0.7738712452510439,-0.7738712452510439,-0.7738712452510439,-0.7738712452510439,-0.7738712452510439,-0.7738712452510439,-0.7738712452510439,-0.7738712452510439,-0.7738712452510439,-0.7738712452510439,-0.7738712452510439,-0.7738712452510439,-0.7738712452510439,0.5400538047472733,0.5400538047472733,0.5400538047472733,0.5400538047472733,0.5400538047472733,0.5400538047472733,0.5400538047472733,-0.7707567562436405,-0.7707567562436405,-0.7707567562436405,-0.7738712452510439,-0.7738712452510439,0.38860554778426726
-1.0,-1.0,-1.0,-1.0,-1.0,-1.0,-1.0,-1.0,-1.0,-1.0,-1.0,-1.0,-1.0,-1.0,-1.0,-1.0,-1.0,-1.0,-1.0,1.0,-1.0,-1.0,-1.0,-1.0,-1.0,-1.0,-1.0,-1.0,-1.0,-1.0,-1.0,-1.0,-1.0,-1.0,-1.0,-1.0,-1.0,-1.0,-1.0,-1.0,-1.0,-1.0,-1.0,-1.0,-1.0,-1.0,-1.0,-1.0,-1.0,-1.0,-1.0,-1.0,-1.0,-1.0,-1.0,-1.0,-1.0,-1.0,-1.0,-1.0,-1.0,-1.0,-1.0,-1.0,-1.0,-1.0,-1.0,-1.0,-1.0,-1.0,-1.0,-1.0,-1.0,-1.0,-1.0,-1.0,-1.0,-1.0,-1.0,-1.0,-1.0,-1.0,-1.0,-1.0,-1.0,-1.0,-1.0,-1.0,-1.0,-1.0,-1.0,-1.0,-1.0,-1.0,-1.0,-1.0
-1.0,-1.0,-1.0,-1.0,-1.0,-1.0,-1.0,-1.0,-1.0,-1.0,-1.0,-1.0,-1.0,-1.0,-1.0,-1.0,-1.0,-1.0,-1.0,-1.0,-1.0,-1.0,-1.0,-1.0,-1.0,-1.0,-1.0,-1.0,-1.0,-1.0,-1.0,-1.0,-1.0,-1.0,-1.0,-1.0,-1.0,-1.0,-1.0,-1.0,-1.0,-1.0,-1.0,-1.0,-1.0,-1.0,-1.0,-1.0,-1.0,-1.0,-1.0,-1.0,-1.0,-1.0,-1.0,-1.0,-1.0,-1.0,-1.0,-1.0,-1.0,-1.0,-1.0,-1.0,-1.0,-1.0,-1.0,-1.0,-1.0,-1.0,-1.0,-1.0,-1.0,-1.0,-1.0,-1.0,-1.0,-1.0,-1.0,-1.0,-1.0,-1.0,-1.0,-1.0,-1.0,-1.0,-1.0,-1.0,-1.0,-1.0,-1.0,-1.0,-1.0,-1.0,-1.0,-1.0
1.0,1.0,1.0,1.0,1.0,1.0,1.0,1.0,1.0,1.0,1.0,1.0,1.0,1.0,1.0,1.0,1.0,1.0,1.0,1.0,1.0,1.0,1.0,-1.0,-1.0,-1.0,-1.0,1.0,1.0,1.0,1.0,1.0,1.0,1.0,1.0,1.0,1.0,1.0,1.0,1.0,1.0,1.0,1.0,1.0,1.0,1.0,1.0,1.0,1.0,1.0,1.0,1.0,1.0,1.0,1.0,1.0,1.0,1.0,1.0,1.0,1.0,1.0,1.0,1.0,1.0,1.0,1.0,1.0,1.0,-1.0,-1.0,-1.0,-1.0,-1.0,-1.0,-1.0,-1.0,-1.0,-1.0,-1.0,-1.0,-1.0,-1.0,1.0,1.0,1.0,1.0,1.0,1.0,1.0,-1.0,-1.0,-1.0,-1.0,-1.0,-1.0
-1.0,-1.0,-1.0,-1.0,-1.0,-1.0,-1.0,-1.0,-1.0,-1.0,-1.0,-1.0,-1.0,-1.0,-1.0,-1.0,-1.0,-1.0,-1.0,-1.0,-1.0,-1.0,-1.0,-1.0,-1.0,-1.0,-1.0,-1.0,-1.0,-1.0,-1.0,-1.0,-1.0,-1.0,-1.0,-1.0,-1.0,-1.0,-1.0,-1.0,-1.0,-1.0,-1.0,-1.0,-1.0,-1.0,-1.0,-1.0,-1.0,-1.0,-1.0,-1.0,-1.0,-1.0,-1.0,-1.0,-1.0,-1.0,-1.0,-1.0,-1.0,-1.0,-1.0,-1.0,-1.0,-1.0,-1.0,-1.0,-1.0,-1.0,-1.0,-1.0,-1.0,-1.0,-1.0,-1.0,-1.0,-1.0,-1.0,-1.0,-1.0,-1.0,-1.0,-1.0,-1.0,-1.0,-1.0,-1.0,-1.0,-1.0,1.0,1.0,1.0,-1.0,-1.0,1.0
-1.0,-1.0,-1.0,-1.0,-1.0,-1.0,-1.0,-1.0,-1.0,-1.0,-1.0,-1.0,-1.0,-1.0,-1.0,-1.0,-1.0,-1.0,-1.0,-1.0,-1.0,-1.0,-1.0,-1.0,-1.0,-1.0,-1.0,-1.0,-1.0,-1.0,-1.0,-1.0,-1.0,-1.0,-1.0,-1.0,-1.0,-1.0,-1.0,-1.0,-1.0,-1.0,-1.0,-1.0,-1.0,-1.0,-1.0,-1.0,-1.0,-1.0,-1.0,-1.0,-1.0,-1.0,-1.0,-1.0,-1.0,-1.0,-1.0,-1.0,-1.0,-1.0,-1.0,-1.0,-1.0,-1.0,-1.0,-1.0,-1.0,-1.0,-1.0,-1.0,-1.0,-1.0,-1.0,-1.0,-1.0,-1.0,-1.0,-1.0,-1.0,-1.0,-1.0,-1.0,-1.0,-1.0,-1.0,-1.0,-1.0,-1.0,-1.0,-1.0,-1.0,-1.0,-1.0,-1.0
-1.0,-1.0,-1.0,-1.0,-1.0,-1.0,-1.0,-1.0,-1.0,-1.0,-1.0,-1.0,-1.0,-1.0,-1.0,-1.0,-1.0,-1.0,-1.0,-1.0,-1.0,-1.0,-1.0,-1.0,-1.0,-1.0,-1.0,-1.0,-1.0,-1.0,-1.0,-1.0,-1.0,-1.0,-1.0,-1.0,-1.0,-1.0,-1.0,-1.0,-1.0,-1.0,-1.0,-1.0,-1.0,-1.0,-1.0,-1.0,-1.0,-1.0,-1.0,-1.0,-1.0,-1.0,-1.0,-1.0,-1.0,-1.0,-1.0,-1.0,-1.0,-1.0,-1.0,-1.0,-1.0,-1.0,-1.0,-1.0,-1.0,-1.0,-1.0,-1.0,-1.0,-1.0,-1.0,-1.0,-1.0,-1.0,-1.0,-1.0,-1.0,-1.0,-1.0,-1.0,-1.0,-1.0,-1.0,-1.0,-1.0,-1.0,-1.0,-1.0,-1.0,-1.0,-1.0,-1.0
-1.0,-1.0,-1.0,-1.0,-1.0,-1.0,-1.0,-1.0,-1.0,-1.0,-1.0,-1.0,-1.0,-1.0,-1.0,-1.0,-1.0,-1.0,-1.0,-1.0,-1.0,-1.0,-1.0,-1.0,-1.0,-1.0,-1.0,-1.0,-1.0,-1.0,-1.0,-1.0,-1.0,-1.0,-1.0,-1.0,-1.0,-1.0,-1.0,-1.0,-1.0,-1.0,-1.0,-1.0,-1.0,-1.0,-1.0,-1.0,-1.0,-1.0,-1.0,-1.0,-1.0,-1.0,-1.0,-1.0,-1.0,-1.0,-1.0,-1.0,-1.0,-1.0,-1.0,-1.0,-1.0,-1.0,-1.0,-1.0,-1.0,-1.0,-1.0,-1.0,-1.0,-1.0,-1.0,-1.0,-1.0,-1.0,-1.0,-1.0,-1.0,-1.0,-1.0,-1.0,-1.0,-1.0,-1.0,-1.0,-1.0,-1.0,-1.0,-1.0,-1.0,-1.0,-1.0,-1.0
-1.0,-1.0,-1.0,-1.0,-1.0,-1.0,-1.0,-1.0,-1.0,-1.0,-1.0,-1.0,-1.0,1.0,1.0,1.0,1.0,1.0,1.0,-1.0,-1.0,-1.0,-1.0,-1.0,-1.0,-1.0,-1.0,-1.0,-1.0,-1.0,-1.0,-1.0,-1.0,-1.0,-1.0,-1.0,-1.0,-1.0,-1.0,-1.0,-1.0,-1.0,-1.0,-1.0,-1.0,-1.0,-1.0,-1.0,-1.0,-1.0,-1.0,-1.0,-1.0,-1.0,-1.0,-1.0,-1.0,-1.0,-1.0,-1.0,-1.0,-1.0,-1.0,-1.0,-1.0,-1.0,-1.0,-1.0,-1.0,1.0,1.0,1.0,1.0,1.0,1.0,1.0,1.0,1.0,1.0,1.0,1.0,1.0,1.0,1.0,1.0,1.0,1.0,1.0,1.0,1.0,-1.0,-1.0,-1.0,-1.0,-1.0,-1.0
-1.0,-1.0,-1.0,-1.0,-1.0,-1.0,-1.0,-1.0,-1.0,-1.0,-1.0,-1.0,-1.0,-1.0,-1.0,-1.0,-1.0,-1.0,-1.0,-1.0,-1.0,-1.0,-1.0,1.0,1.0,1.0,1.0,-1.0,-1.0,-1.0,-1.0,-1.0,-1.0,-1.0,-1.0,-1.0,-1.0,-1.0,-1.0,-1.0,-1.0,-1.0,-1.0,-1.0,-1.0,-1.0,-1.0,-1.0,-1.0,-1.0,-1.0,-1.0,-1.0,-1.0,-1.0,-1.0,-1.0,-1.0,-1.0,-1.0,-1.0,-1.0,-1.0,-1.0,-1.0,-1.0,-1.0,-1.0,-1.0,-1.0,-1.0,-1.0,-1.0,-1.0,-1.0,-1.0,-1.0,-1.0,-1.0,-1.0,-1.0,-1.0,-1.0,-1.0,-1.0,-1.0,-1.0,-1.0,-1.0,-1.0,-1.0,-1.0,-1.0,1.0,1.0,-1.0
-1.0,-1.0,-1.0,-1.0,-1.0,-1.0,-1.0,-1.0,-1.0,-1.0,-1.0,-1.0,-1.0,-1.0,-1.0,-1.0,-1.0,-1.0,-1.0,-1.0,-1.0,-1.0,-1.0,-1.0,-1.0,-1.0,-1.0,-1.0,-1.0,-1.0,-1.0,-1.0,-1.0,-1.0,-1.0,-1.0,-1.0,-1.0,-1.0,-1.0,-1.0,-1.0,-1.0,-1.0,-1.0,-1.0,-1.0,-1.0,-1.0,-1.0,-1.0,-1.0,-1.0,-1.0,-1.0,-1.0,-1.0,-1.0,-1.0,-1.0,-1.0,-1.0,-1.0,-1.0,-1.0,-1.0,-1.0,-1.0,-1.0,-1.0,-1.0,-1.0,-1.0,-1.0,-1.0,-1.0,-1.0,-1.0,-1.0,-1.0,-1.0,-1.0,-1.0,-1.0,-1.0,-1.0,-1.0,-1.0,-1.0,-1.0,-1.0,-1.0,-1.0,-1.0,-1.0,-1.0
-1.0,-1.0,-1.0,-1.0,-1.0,-1.0,-1.0,-1.0,-1.0,-1.0,-1.0,-1.0,-1.0,-1.0,-1.0,-1.0,-1.0,-1.0,-1.0,-1.0,-1.0,-1.0,-1.0,-1.0,-1.0,-1.0,-1.0,-1.0,-1.0,-1.0,-1.0,-1.0,-1.0,-1.0,-1.0,-1.0,-1.0,-1.0,-1.0,-1.0,-1.0,-1.0,-1.0,-1.0,-1.0,-1.0,-1.0,-1.0,-1.0,-1.0,-1.0,-1.0,-1.0,-1.0,-1.0,-1.0,-1.0,-1.0,-1.0,-1.0,-1.0,-1.0,-1.0,-1.0,-1.0,-1.0,-1.0,-1.0,-1.0,-1.0,-1.0,-1.0,-1.0,-1.0,-1.0,-1.0,-1.0,-1.0,-1.0,-1.0,-1.0,-1.0,-1.0,-1.0,-1.0,-1.0,-1.0,-1.0,-1.0,-1.0,-1.0,-1.0,-1.0,-1.0,-1.0,-1.0
-1.0,-1.0,-1.0,-1.0,-1.0,-1.0,-1.0,-1.0,-1.0,-1.0,-1.0,-1.0,-1.0,-1.0,-1.0,-1.0,-1.0,-1.0,-1.0,-1.0,-1.0,-1.0,-1.0,-1.0,-1.0,-1.0,-1.0,-1.0,-1.0,-1.0,-1.0,-1.0,-1.0,-1.0,-1.0,-1.0,-1.0,-1.0,-1.0,-1.0,-1.0,-1.0,-1.0,-1.0,-1.0,-1.0,-1.0,-1.0,-1.0,-1.0,-1.0,-1.0,-1.0,-1.0,-1.0,-1.0,-1.0,-1.0,-1.0,-1.0,-1.0,-1.0,-1.0,-1.0,-1.0,-1.0,-1.0,-1.0,-1.0,-1.0,-1.0,-1.0,-1.0,-1.0,-1.0,-1.0,-1.0,-1.0,-1.0,-1.0,-1.0,-1.0,-1.0,-1.0,-1.0,-1.0,-1.0,-1.0,-1.0,-1.0,-1.0,-1.0,-1.0,-1.0,-1.0,-1.0
-1.0,-1.0,-1.0,-1.0,-1.0,-1.0,-1.0,-1.0,-1.0,-1.0,-1.0,-1.0,-1.0,-1.0,-1.0,-1.0,-1.0,-1.0,-1.0,-1.0,-1.0,-1.0,-1.0,-1.0,-1.0,-1.0,-1.0,-1.0,-1.0,-1.0,-1.0,-1.0,-1.0,-1.0,-1.0,-1.0,-1.0,-1.0,-1.0,-1.0,-1.0,-1.0,-1.0,-1.0,-1.0,-1.0,-1.0,-1.0,-1.0,-1.0,-1.0,-1.0,-1.0,-1.0,-1.0,-1.0,-1.0,-1.0,-1.0,-1.0,-1.0,-1.0,-1.0,-1.0,-1.0,-1.0,-1.0,-1.0,-1.0,-1.0,-1.0,-1.0,-1.0,-1.0,-1.0,-1.0,-1.0,-1.0,-1.0,-1.0,-1.0,-1.0,-1.0,-1.0,-1.0,-1.0,-1.0,-1.0,-1.0,-1.0,-1.0,-1.0,-1.0,-1.0,-1.0,-1.0
-1.0,-1.0,-1.0,-1.0,-1.0,-1.0,-1.0,-1.0,-1.0,-1.0,-1.0,-1.0,-1.0,-1.0,-1.0,-1.0,-1.0,-1.0,-1.0,-1.0,-1.0,-1.0,-1.0,-1.0,-1.0,-1.0,-1.0,-1.0,-1.0,-1.0,-1.0,-1.0,-1.0,-1.0,-1.0,-1.0,-1.0,-1.0,-1.0,-1.0,-1.0,-1.0,-1.0,-1.0,-1.0,-1.0,-1.0,-1.0,-1.0,-1.0,-1.0,-1.0,-1.0,-1.0,-1.0,-1.0,-1.0,-1.0,-1.0,-1.0,-1.0,-1.0,-1.0,-1.0,-1.0,-1.0,-1.0,-1.0,-1.0,-1.0,-1.0,-1.0,-1.0,-1.0,-1.0,-1.0,-1.0,-1.0,-1.0,-1.0,-1.0,-1.0,-1.0,-1.0,-1.0,-1.0,-1.0,-1.0,-1.0,-1.0,-1.0,-1.0,-1.0,-1.0,-1.0,1.0
-1.0,-1.0,-1.0,-1.0,-1.0,-1.0,-1.0,-1.0,-1.0,-1.0,-1.0,-1.0,-1.0,-1.0,-1.0,-1.0,-1.0,-1.0,-1.0,-1.0,-1.0,-1.0,-1.0,-1.0,-1.0,-1.0,-1.0,-1.0,-1.0,-1.0,-1.0,-1.0,-1.0,-1.0,-1.0,-1.0,-1.0,-1.0,-1.0,-1.0,-1.0,-1.0,-1.0,-1.0,-1.0,-1.0,-1.0,-1.0,-1.0,-1.0,-1.0,-1.0,-1.0,-1.0,-1.0,-1.0,-1.0,-1.0,-1.0,-1.0,-1.0,-1.0,-1.0,-1.0,-1.0,-1.0,-1.0,-1.0,-1.0,-1.0,-1.0,-1.0,-1.0,-1.0,-1.0,-1.0,-1.0,-1.0,-1.0,-1.0,-1.0,-1.0,-1.0,-1.0,-1.0,-1.0,-1.0,-1.0,-1.0,-1.0,-1.0,-1.0,-1.0,-1.0,-1.0,-1.0
-1.0,-1.0,-1.0,-1.0,-1.0,-1.0,-1.0,-1.0,-1.0,-1.0,-1.0,-1.0,-1.0,1.0,1.0,1.0,1.0,1.0,1.0,-1.0,-1.0,-1.0,-1.0,-1.0,-1.0,-1.0,-1.0,-1.0,-1.0,-1.0,-1.0,-1.0,-1.0,-1.0,-1.0,-1.0,-1.0,-1.0,-1.0,-1.0,-1.0,-1.0,-1.0,-1.0,-1.0,-1.0,-1.0,-1.0,-1.0,-1.0,-1.0,-1.0,-1.0,-1.0,-1.0,-1.0,-1.0,-1.0,-1.0,-1.0,-1.0,-1.0,-1.0,-1.0,-1.0,-1.0,-1.0,-1.0,-1.0,1.0,1.0,1.0,1.0,1.0,1.0,1.0,1.0,1.0,1.0,1.0,1.0,1.0,1.0,1.0,1.0,1.0,1.0,1.0,1.0,1.0,-1.0,-1.0,-1.0,-1.0,-1.0,-1.0
-1.0,-1.0,-1.0,-1.0,-1.0,-1.0,-1.0,-1.0,-1.0,-1.0,-1.0,-1.0,-1.0,-1.0,-1.0,-1.0,-1.0,-1.0,-1.0,-1.0,-1.0,-1.0,-1.0,-1.0,-1.0,-1.0,-1.0,-1.0,-1.0,-1.0,-1.0,-1.0,-1.0,-1.0,-1.0,-1.0,-1.0,-1.0,-1.0,-1.0,-1.0,-1.0,-1.0,-1.0,-1.0,-1.0,-1.0,-1.0,-1.0,-1.0,-1.0,-1.0,-1.0,-1.0,-1.0,-1.0,-1.0,-1.0,-1.0,-1.0,-1.0,-1.0,-1.0,-1.0,-1.0,-1.0,-1.0,-1.0,-1.0,-1.0,-1.0,-1.0,-1.0,-1.0,-1.0,-1.0,-1.0,-1.0,-1.0,-1.0,-1.0,-1.0,-1.0,-1.0,-1.0,-1.0,-1.0,-1.0,-1.0,-1.0,-1.0,-1.0,-1.0,-1.0,-1.0,-1.0
-1.0,-1.0,-1.0,-1.0,-1.0,-1.0,-1.0,-1.0,-1.0,-1.0,-1.0,-1.0,-1.0,-1.0,-1.0,-1.0,-1.0,-1.0,-1.0,-1.0,-1.0,-1.0,-1.0,-1.0,-1.0,-1.0,-1.0,-1.0,-1.0,-1.0,-1.0,-1.0,-1.0,-1.0,-1.0,-1.0,-1.0,-1.0,-1.0,-1.0,-1.0,-1.0,-1.0,-1.0,-1.0,-1.0,-1.0,-1.0,-1.0,-1.0,-1.0,-1.0,-1.0,-1.0,-1.0,-1.0,-1.0,-1.0,-1.0,-1.0,-1.0,-1.0,-1.0,-1.0,-1.0,-1.0,-1.0,-1.0,-1.0,-1.0,-1.0,-1.0,-1.0,-1.0,-1.0,-1.0,-1.0,-1.0,-1.0,-1.0,-1.0,-1.0,-1.0,-1.0,-1.0,-1.0,-1.0,-1.0,-1.0,-1.0,-1.0,-1.0,-1.0,-1.0,-1.0,-1.0
-1.0,-1.0,-1.0,-1.0,-1.0,-1.0,-1.0,-1.0,-1.0,-1.0,-1.0,-1.0,-1.0,-1.0,-1.0,-1.0,-1.0,-1.0,-1.0,-1.0,-1.0,-1.0,-1.0,-1.0,-1.0,-1.0,-1.0,-1.0,-1.0,-1.0,-1.0,-1.0,-1.0,-1.0,-1.0,-1.0,-1.0,-1.0,-1.0,-1.0,-1.0,-1.0,-1.0,-1.0,-1.0,-1.0,-1.0,-1.0,-1.0,-1.0,-1.0,-1.0,-1.0,-1.0,-1.0,-1.0,-1.0,-1.0,-1.0,-1.0,-1.0,-1.0,-1.0,-1.0,-1.0,-1.0,-1.0,-1.0,-1.0,-1.0,-1.0,-1.0,-1.0,-1.0,-1.0,-1.0,-1.0,-1.0,-1.0,-1.0,-1.0,-1.0,-1.0,-1.0,-1.0,-1.0,-1.0,-1.0,-1.0,-1.0,-1.0,-1.0,-1.0,-1.0,-1.0,-1.0
-1.0,-1.0,-1.0,-1.0,-1.0,-1.0,-1.0,-1.0,-1.0,-1.0,-1.0,-1.0,-1.0,-1.0,-1.0,-1.0,-1.0,-1.0,-1.0,-1.0,-1.0,-1.0,-1.0,-1.0,-1.0,-1.0,-1.0,-1.0,-1.0,-1.0,-1.0,-1.0,-1.0,-1.0,-1.0,-1.0,-1.0,-1.0,-1.0,-1.0,-1.0,-1.0,-1.0,-1.0,-1.0,-1.0,-1.0,-1.0,-1.0,-1.0,-1.0,-1.0,-1.0,-1.0,-1.0,-1.0,-1.0,-1.0,-1.0,-1.0,-1.0,-1.0,-1.0,-1.0,-1.0,-1.0,-1.0,-1.0,-1.0,-1.0,-1.0,-1.0,-1.0,-1.0,-1.0,-1.0,-1.0,-1.0,-1.0,-1.0,-1.0,-1.0,-1.0,-1.0,-1.0,-1.0,-1.0,-1.0,-1.0,-1.0,-1.0,-1.0,-1.0,-1.0,-1.0,-1.0
-1.0,-1.0,-1.0,-1.0,-1.0,-1.0,-1.0,-1.0,-1.0,-1.0,-1.0,-1.0,-1.0,-1.0,-1.0,-1.0,-1.0,-1.0,-1.0,-1.0,-1.0,-1.0,-1.0,-1.0,-1.0,-1.0,-1.0,-1.0,-1.0,-1.0,-1.0,-1.0,-1.0,-1.0,-1.0,-1.0,-1.0,-1.0,-1.0,-1.0,-1.0,-1.0,-1.0,-1.0,-1.0,-1.0,-1.0,-1.0,-1.0,-1.0,-1.0,-1.0,-1.0,-1.0,-1.0,-1.0,-1.0,-1.0,-1.0,-1.0,-1.0,-1.0,-1.0,-1.0,-1.0,-1.0,-1.0,-1.0,-1.0,-1.0,-1.0,-1.0,-1.0,-1.0,-1.0,-1.0,-1.0,-1.0,-1.0,-1.0,-1.0,-1.0,-1.0,-1.0,-1.0,-1.0,-1.0,-1.0,-1.0,-1.0,-1.0,-1.0,-1.0,-1.0,-1.0,-1.0
1.0,1.0,1.0,1.0,1.0,1.0,1.0,1.0,1.0,1.0,1.0,1.0,1.0,1.0,1.0,1.0,1.0,1.0,1.0,1.0,1.0,1.0,1.0,1.0,1.0,1.0,1.0,1.0,1.0,1.0,1.0,1.0,1.0,1.0,1.0,1.0,1.0,1.0,1.0,1.0,1.0,1.0,1.0,1.0,1.0,1.0,1.0,1.0,1.0,1.0,1.0,1.0,1.0,1.0,1.0,1.0,1.0,1.0,1.0,1.0,1.0,1.0,1.0,1.0,1.0,1.0,1.0,1.0,1.0,1.0,1.0,1.0,1.0,1.0,1.0,1.0,1.0,1.0,1.0,1.0,1.0,1.0,1.0,1.0,1.0,1.0,1.0,1.0,1.0,1.0,1.0,1.0,1.0,1.0,1.0,1.0
0.0,0.0,0.0,0.0,0.0,0.0,0.0,0.0,0.0,0.0,0.0,0.0,0.0,0.0,0.0,0.0,0.0,0.0,0.0,0.0,0.0,0.0,0.0,0.0,0.0,0.0,0.0,0.0,0.0,0.0,0.0,0.0,0.0,0.0,0.0,0.0,0.0,0.0,0.0,0.0,0.0,0.0,0.0,0.0,0.0,0.0,0.0,0.0,0.0,0.0,0.0,0.0,0.0,0.0,0.0,0.0,0.0,0.0,0.0,0.0,0.0,0.0,0.0,0.0,0.0,0.0,0.0,0.0,0.0,0.0,0.0,0.0,0.0,0.0,0.0,0.0,0.0,0.0,0.0,0.0,0.0,0.0,0.0,0.0,0.0,0.0,0.0,0.0,0.0,0.0,0.0,0.0,0.0,0.0,0.0,0.0
0.7587939698492463,0.7037037037037037,0.7037037037037037,0.7037037037037037,0.7037037037037037,0.7037037037037037,0.7037037037037037,0.7037037037037037,0.7037037037037037,0.7587939698492463,0.7587939698492463,0.7587939698492463,0.7587939698492463,0.44680851063829796,0.44680851063829796,0.44680851063829796,0.44680851063829796,0.44680851063829796,0.44680851063829796,0.6991869918699187,-0.34246575342465757,-0.34246575342465757,-0.34246575342465757,0.8999999999999999,0.8999999999999999,0.8999999999999999,0.8999999999999999,0.52,-0.34246575342465757,-0.9755501222493888,-0.9755501222493888,-0.9755501222493888,-0.9755501222493888,-0.9755501222493888,-0.9755501222493888,-0.9755501222493888,-0.9755501222493888,-0.9755501222493888,-0.9755501222493888,-0.9755501222493888,-0.9755501222493888,-0.9755501222493888,-0.9755501222493888,-0.9755501222493888,-0.9755501222493888,-0.9755501222493888,-0.9755501222493888,-0.9755501222493888,-0.9755501222493888,-0.9755501222493888,-0.9755501222493888,-0.9755501222493888,-0.9755501222493888,-0.9755501222493888,-0.9755501222493888,-0.9755501222493888,-0.9755501222493888,-0.9755501222493888,-0.9755501222493888,-0.9755501222493888,-0.9755501222493888,-0.9755501222493888,-0.9755501222493888,-0.9755501222493888,-0.9755501222493888,-0.9755501222493888,-0.9891288379609225,-0.9891288379609225,-0.9767537262409408,-1.0,-1.0,-1.0,-1.0,-1.0,-1.0,-1.0,-1.0,-1.0,-1.0,-1.0,-1.0,-1.0,-1.0,0.32057416267942584,0.32057416267942584,0.32057416267942584,0.32057416267942584,0.32057416267942584,0.32057416267942584,0.32057416267942584,-0.10077519379844957,-0.10077519379844957,-0.10077519379844957,1.0,1.0,-0.10077519379844957
0.5719650796632643,0.5719650796632643,0.5719650796632643,0.5719650796632643,0.5719650796632643,0.5719650796632643,0.5719650796632643,0.5719650796632643,0.5719650796632643,0.5719650796632643,0.5719650796632643,0.5719650796632643,0.5719650796632643,0.04722599305560278,0.04722599305560278,0.04722599305560278,0.04722599305560278,0.04722599305560278,0.04722599305560278,0.5719650796632643,-0.4775130935520587,-0.4775130935520587,-0.4775130935520587,0.04722599305560278,0.04722599305560278,0.04722599305560278,0.04722599305560278,-0.4775130935520587,-0.4775130935520587,-0.4775130935520587,-0.4775130935520587,-0.4775130935520587,-0.4775130935520587,-0.4775130935520587,-0.4775130935520587,-0.4775130935520587,-0.4775130935520587,-0.4775130935520587,-0.4775130935520587,-0.4775130935520587,-0.4775130935520587,-0.4775130935520587,-0.4775130935520587,-0.4775130935520587,-0.4775130935520587,-0.4775130935520587,-0.4775130935520587,-0.4775130935520587,-0.4775130935520587,-0.4775130935520587,-0.4775130935520587,-0.4775130935520587,-0.4775130935520587,-0.4775130935520587,-0.4775130935520587,-0.4775130935520587,-0.4775130935520587,-0.4775130935520587,-0.4775130935520587,-0.4775130935520587,-0.4775130935520587,-0.4775130935520587,-0.4775130935520587,-0.4775130935520587,-0.4775130935520587,-0.4775130935520587,-0.4775130935520587,-0.4775130935520587,-0.4775130935520587,0.04722599305560278,0.04722599305560278,0.04722599305560278,0.04722599305560278,0.04722599305560278,0.04722599305560278,0.04722599305560278,0.04722599305560278,0.04722599305560278,0.04722599305560278,0.04722599305560278,0.04722599305560278,0.04722599305560278,0.04722599305560278,0.04722599305560278,0.04722599305560278,0.04722599305560278,0.04722599305560278,0.04722599305560278,0.04722599305560278,0.04722599305560278,-0.4775130935520587,-0.4775130935520587,-0.4775130935520587,0.04722599305560278,0.04722599305560278,-0.4775130935520587
1.0,-1.0,-1.0,-1.0,-1.0,-1.0,-1.0,-1.0,-1.0,1.0,1.0,1.0,1.0,-1.0,-1.0,-1.0,-1.0,-1.0,-1.0,1.0,1.0,1.0,1.0,-1.0,-1.0,-1.0,-1.0,-1.0,1.0,1.0,1.0,1.0,1.0,1.0,1.0,1.0,1.0,1.0,1.0,1.0,1.0,1.0,1.0,1.0,1.0,1.0,1.0,1.0,1.0,1.0,1.0,1.0,1.0,1.0,1.0,1.0,1.0,1.0,1.0,1.0,1.0,1.0,1.0,1.0,1.0,1.0,1.0,1.0,1.0,1.0,1.0,1.0,1.0,1.0,1.0,1.0,1.0,1.0,1.0,1.0,1.0,1.0,1.0,1.0,1.0,1.0,1.0,1.0,1.0,1.0,1.0,1.0,1.0,-1.0,-1.0,1.0
-2.2038127074098295,-2.446043165467626,-2.446043165467626,-2.446043165467626,-2.446043165467626,-2.446043165467626,-2.446043165467626,-2.446043165467626,-2.446043165467626,-2.2038127074098295,-2.2038127074098295,-2.2038127074098295,-2.2038127074098295,-2.446043165467626,-2.446043165467626,-2.446043165467626,-2.446043165467626,-2.446043165467626,-2.446043165467626,-2.2591796692516115,-2.2038127074098295,-2.2038127074098295,-2.2038127074098295,-2.446043165467626,-2.446043165467626,-2.446043165467626,-2.446043165467626,-2.446043165467626,-2.2038127074098295,-0.19818522569263153,-0.19818522569263153,-0.19818522569263153,-0.19818522569263153,-0.19818522569263153,-0.19818522569263153,-0.19818522569263153,-0.19818522569263153,-0.19818522569263153,-0.19818522569263153,-0.19818522569263153,-0.19818522569263153,-0.19818522569263153,-0.19818522569263153,-0.19818522569263153,-0.19818522569263153,-0.19818522569263153,-0.19818522569263153,-0.19818522569263153,-0.19818522569263153,-0.19818522569263153,-0.19818522569263153,-0.19818522569263153,-0.19818522569263153,-0.19818522569263153,-0.19818522569263153,-0.19818522569263153,-0.19818522569263153,-0.19818522569263153,-0.19818522569263153,-0.19818522569263153,-0.19818522569263153,-0.19818522569263153,-0.19818522569263153,-0.19818522569263153,-0.19818522569263153,-0.19818522569263153,-0.15162293677916264,-0.15162293677916264,-0.26946555316802173,-1.7575987057244156,-1.7575987057244156,-1.7575987057244156,-1.7575987057244156,-1.7575987057244156,-1.7575987057244156,-1.7575987057244156,-1.7575987057244156,-1.7575987057244156,-1.7575987057244156,-1.7575987057244156,-1.7575987057244156,-1.7575987057244156,-1.7575987057244156,-0.9511351957395123,-0.9511351957395123,-0.9511351957395123,-0.9511351957395123,-0.9511351957395123,-0.9511351957395123,-0.9511351957395123,-0.7398982000170614,-0.7398982000170614,-0.7398982000170614,-2.446043165467626,-2.446043165467626,-0.7398982000170614
-1.0,-1.0,-1.0,-1.0,-1.0,-1.0,-1.0,-1.0,-1.0,-1.0,-1.0,-1.0,-1.0,-1.0,-1.0,-1.0,-1.0,-1.0,-1.0,-1.0,1.0,1.0,1.0,1.0,1.0,1.0,1.0,1.0,1.0,1.0,1.0,1.0,1.0,1.0,1.0,1.0,1.0,1.0,1.0,1.0,1.0,1.0,1.0,1.0,1.0,1.0,1.0,1.0,1.0,1.0,1.0,1.0,1.0,1.0,1.0,1.0,1.0,1.0,1.0,1.0,1.0,1.0,1.0,1.0,1.0,1.0,-1.0,-1.0,1.0,-1.0,-1.0,-1.0,-1.0,-1.0,-1.0,-1.0,-1.0,-1.0,-1.0,-1.0,-1.0,-1.0,-1.0,-1.0,-1.0,-1.0,-1.0,-1.0,-1.0,-1.0,-1.0,-1.0,-1.0,-1.0,-1.0,-1.0
-1.0,-1.0,-1.0,-1.0,-1.0,-1.0,-1.0,-1.0,-1.0,-1.0,-1.0,-1.0,-1.0,-1.0,-1.0,-1.0,-1.0,-1.0,-1.0,-1.0,-1.0,-1.0,-1.0,-1.0,-1.0,-1.0,-1.0,-1.0,-1.0,-1.0,-1.0,-1.0,-1.0,-1.0,-1.0,-1.0,-1.0,-1.0,-1.0,-1.0,-1.0,-1.0,-1.0,-1.0,-1.0,-1.0,-1.0,-1.0,-1.0,-1.0,-1.0,-1.0,-1.0,-1.0,-1.0,-1.0,-1.0,-1.0,-1.0,-1.0,-1.0,-1.0,-1.0,-1.0,-1.0,-1.0,-1.0,-1.0,1.0,1.0,1.0,1.0,1.0,1.0,1.0,1.0,1.0,1.0,1.0,1.0,1.0,1.0,1.0,1.0,1.0,1.0,1.0,1.0,1.0,1.0,1.0,1.0,1.0,-1.0,-1.0,1.0
-0.3302313903156578,-0.4263568526951478,-0.4263568526951478,-0.4263568526951478,-0.4263568526951478,-0.4263568526951478,-0.4263568526951478,-0.4263568526951478,-0.4263568526951478,-0.3302313903156578,-0.3302313903156578,-0.3302313903156578,-0.3302313903156578,-1.0046039244345522,-1.0046039244345522,-1.0046039244345522,-1.0046039244345522,-1.0046039244345522,-1.0046039244345522,-0.2311534878820736,-0.4749501767718054,-0.4749501767718054,-0.4749501767718054,-1.0799628719093755,-1.0799628719093755,-1.0799628719093755,-1.0799628719093755,-0.9756901843793709,-0.4749501767718054,1.3303404206070177,1.3303404206070177,1.3303404206070177,1.3303404206070177,1.3303404206070177,1.3303404206070177,1.3303404206070177,1.3303404206070177,1.3303404206070177,1.3303404206070177,1.3303404206070177,1.3303404206070177,1.3303404206070177,1.3303404206070177,1.3303404206070177,1.3303404206070177,1.3303404206070177,1.3303404206070177,1.3303404206070177,1.3303404206070177,1.3303404206070177,1.3303404206070177,1.3303404206070177,1.3303404206070177,1.3303404206070177,1.3303404206070177,1.3303404206070177,1.3303404206070177,1.3303404206070177,1.3303404206070177,1.3303404206070177,1.3303404206070177,1.3303404206070177,1.3303404206070177,1.3303404206070177,1.3303404206070177,1.3303404206070177,1.3204237259102576,1.3204237259102576,1.3539293762948366,-0.05322241521020756,-0.05322241521020756,-0.05322241521020756,-0.05322241521020756,-0.05322241521020756,-0.05322241521020756,-0.05322241521020756,-0.05322241521020756,-0.05322241521020756,-0.05322241521020756,-0.05322241521020756,-0.05322241521020756,-0.05322241521020756,-0.05322241521020756,-0.30732044300709765,-0.30732044300709765,-0.30732044300709765,-0.30732044300709765,-0.30732044300709765,-0.30732044300709765,-0.30732044300709765,-0.5327979418870692,-0.5327979418870692,-0.5327979418870692,-1.1559062969083356,-1.1559062969083356,-0.5327979418870692
-1.0917363902447395,-1.0917363902447395,-1.0917363902447395,-1.0917363902447395,-1.0917363902447395,-1.0917363902447395,-1.0917363902447395,-1.0917363902447395,-1.0917363902447395,-1.0917363902447395,-1.0917363902447395,-1.0917363902447395,-1.0917363902447395,0.0,0.0,0.0,0.0,0.0,0.0,-1.0917363902447395,-0.42711738118017256,-0.42711738118017256,-0.42711738118017256,0.5657648343056333,0.5657648343056333,0.5657648343056333,0.5657648343056333,0.1974758812565125,-0.42711738118017256,-1.0917363902447395,-1.0917363902447395,-1.0917363902447395,-1.0917363902447395,-1.0917363902447395,-1.0917363902447395,-1.0917363902447395,-1.0917363902447395,-1.0917363902447395,-1.0917363902447395,-1.0917363902447395,-1.0917363902447395,-1.0917363902447395,-1.0917363902447395,-1.0917363902447395,-1.0917363902447395,-1.0917363902447395,-1.0917363902447395,-1.0917363902447395,-1.0917363902447395,-1.0917363902447395,-1.0917363902447395,-1.0917363902447395,-1.0917363902447395,-1.0917363902447395,-1.0917363902447395,-1.0917363902447395,-1.0917363902447395,-1.0917363902447395,-1.0917363902447395,-1.0917363902447395,-1.0917363902447395,-1.0917363902447395,-1.0917363902447395,-1.0917363902447395,-1.0917363902447395,-1.0917363902447395,-1.0917363902447395,-1.0917363902447395,-1.0917363902447395,-1.0917363902447395,-1.0917363902447395,-1.0917363902447395,-1.0917363902447395,-1.0917363902447395,-1.0917363902447395,-1.0917363902447395,-1.0917363902447395,-1.0917363902447395,-1.0917363902447395,-1.0917363902447395,-1.0917363902447395,-1.0917363902447395,-1.0917363902447395,-1.0191820973633288,-1.0191820973633288,-1.0191820973633288,-1.0191820973633288,-1.0191820973633288,-1.0191820973633288,-1.0191820973633288,-0.22280028381561584,-0.22280028381561584,-0.22280028381561584,0.8339954241787803,0.8339954241787803,-0.22280028381561584
-0.5077224524862195,-0.5077224524862195,-0.5077224524862195,-0.5077224524862195,-0.5077224524862195,-0.5077224524862195,-0.5077224524862195,-0.5077224524862195,-0.5077224524862195,-0.5077224524862195,-0.5077224524862195,-0.5077224524862195,-0.5077224524862195,-0.5077224524862195,-0.5077224524862195,-0.5077224524862195,-0.5077224524862195,-0.5077224524862195,-0.5077224524862195,-0.5077224524862195,1.969566382794139,1.969566382794139,1.969566382794139,-0.5077224524862195,-0.5077224524862195,-0.5077224524862195,-0.5077224524862195,1.969566382794139,1.969566382794139,1.969566382794139,1.969566382794139,1.969566382794139,1.969566382794139,1.969566382794139,1.969566382794139,1.969566382794139,1.969566382794139,1.969566382794139,1.969566382794139,1.969566382794139,1.969566382794139,1.969566382794139,1.969566382794139,1.969566382794139,1.969566382794139,1.969566382794139,1.969566382794139,1.969566382794139,1.969566382794139,1.969566382794139,1.969566382794139,1.969566382794139,1.969566382794139,1.969566382794139,1.969566382794139,1.969566382794139,1.969566382794139,1.969566382794139,1.969566382794139,1.969566382794139,1.969566382794139,1.969566382794139,1.969566382794139,1.969566382794139,1.969566382794139,1.969566382794139,1.969566382794139,1.969566382794139,1.969566382794139,1.969566382794139,1.969566382794139,1.969566382794139,1.969566382794139,1.969566382794139,1.969566382794139,1.969566382794139,1.969566382794139,1.969566382794139,1.969566382794139,1.969566382794139,1.969566382794139,1.969566382794139,1.969566382794139,1.969566382794139,1.969566382794139,1.969566382794139,1.969566382794139,1.969566382794139,1.969566382794139,1.969566382794139,1.969566382794139,1.969566382794139,1.969566382794139,1.969566382794139,1.969566382794139,1.969566382794139
-0.8700053950135924,-0.8700053950135924,-0.8700053950135924,-0.8700053950135924,-0.8700053950135924,-0.8700053950135924,-0.8700053950135924,-0.8700053950135924,-0.8700053950135924,-0.8700053950135924,-0.8700053950135924,-0.8700053950135924,-0.8700053950135924,-0.8700053950135924,-0.8700053950135924,-0.8700053950135924,-0.8700053950135924,-0.8700053950135924,-0.8700053950135924,-0.8700053950135924,-0.6232090217159136,-0.6232090217159136,-0.6232090217159136,-0.8700053950135924,-0.8700053950135924,-0.8700053950135924,-0.8700053950135924,-0.8044921759200269,-0.6232090217159136,-0.8450363125171234,-0.8450363125171234,-0.8450363125171234,-0.8450363125171234,-0.8450363125171234,-0.8450363125171234,-0.8450363125171234,-0.8450363125171234,-0.8450363125171234,-0.8450363125171234,-0.8450363125171234,-0.8450363125171234,-0.8450363125171234,-0.8450363125171234,-0.8450363125171234,-0.8450363125171234,-0.8450363125171234,-0.8450363125171234,-0.8450363125171234,-0.8450363125171234,-0.8450363125171234,-0.8450363125171234,-0.8450363125171234,-0.8450363125171234,-0.8450363125171234,-0.8450363125171234,-0.8450363125171234,-0.8450363125171234,-0.8450363125171234,-0.8450363125171234,-0.8450363125171234,-0.8450363125171234,-0.8450363125171234,-0.8450363125171234,-0.8450363125171234,-0.8450363125171234,-0.8450363125171234,-0.849794177135454,-0.849794177135454,-0.8453696295948443,-0.8518072785987132,-0.8518072785987132,-0.8518072785987132,-0.8518072785987132,-0.8518072785987132,-0.8518072785987132,-0.8518072785987132,-0.8518072785987132,-0.8518072785987132,-0.8518072785987132,-0.8518072785987132,-0.8518072785987132,-0.8518072785987132,-0.8518072785987132,-0.7759672814821584,-0.7759672814821584,-0.7759672814821584,-0.7759672814821584,-0.7759672814821584,-0.7759672814821584,-0.7759672814821584,-0.717649071540184,-0.717649071540184,-0.717649071540184,-0.484633517992618,-0.484633517992618,-0.717649071540184
-0.3965873381778338,-0.21624949762990653,-0.21624949762990653,-0.21624949762990653,-0.21624949762990653,-0.21624949762990653,-0.21624949762990653,-0.21624949762990653,-0.21624949762990653,-0.3965873381778338,-0.3965873381778338,-0.3965873381778338,-0.3965873381778338,-1.096933728981207,-1.096933728981207,-1.096933728981207,-1.096933728981207,-1.096933728981207,-1.096933728981207,-0.6173030170247277,-0.3327510165778624,-0.3327510165778624,-0.3327510165778624,-1.0183565364195493,-1.0183565364195493,-1.0183565364195493,-1.0183565364195493,-1.0183565364195493,-0.3327510165778624,1.5560150614482888,1.5560150614482888,1.5560150614482888,1.5560150614482888,1.5560150614482888,1.5560150614482888,1.5560150614482888,1.5560150614482888,1.5560150614482888,1.5560150614482888,1.5560150614482888,1.5560150614482888,1.5560150614482888,1.5560150614482888,1.5560150614482888,1.5560150614482888,1.5560150614482888,1.5560150614482888,1.5560150614482888,1.5560150614482888,1.5560150614482888,1.5560150614482888,1.5560150614482888,1.5560150614482888,1.5560150614482888,1.5560150614482888,1.5560150614482888,1.5560150614482888,1.5560150614482888,1.5560150614482888,1.5560150614482888,1.5560150614482888,1.5560150614482888,1.5560150614482888,1.5560150614482888,1.5560150614482888,1.5560150614482888,1.6846531704969507,1.6846531704969507,1.3974169901573101,0.06830250281695922,0.06830250281695922,0.06830250281695922,0.06830250281695922,0.06830250281695922,0.06830250281695922,0.06830250281695922,0.06830250281695922,0.06830250281695922,0.06830250281695922,0.06830250281695922,0.06830250281695922,0.06830250281695922,0.06830250281695922,-0.538131199345661,-0.538131199345661,-0.538131199345661,-0.538131199345661,-0.538131199345661,-0.538131199345661,-0.538131199345661,-0.3327510165778624,-0.3327510165778624,-0.3327510165778624,-1.0183565364195493,-1.0183565364195493,-0.3327510165778624
-1.0,-1.0,-1.0,-1.0,-1.0,-1.0,-1.0,-1.0,-1.0,-1.0,-1.0,-1.0,-1.0,-1.0,-1.0,-1.0,-1.0,-1.0,-1.0,-1.0,-1.0,-1.0,-1.0,-1.0,-1.0,-1.0,-1.0,-1.0,-1.0,1.0,1.0,1.0,1.0,1.0,1.0,1.0,1.0,1.0,1.0,1.0,1.0,1.0,1.0,1.0,1.0,1.0,1.0,1.0,1.0,1.0,1.0,1.0,1.0,1.0,1.0,1.0,1.0,1.0,1.0,1.0,1.0,1.0,1.0,1.0,1.0,1.0,1.0,1.0,-1.0,-1.0,-1.0,-1.0,-1.0,-1.0,-1.0,-1.0,-1.0,-1.0,-1.0,-1.0,-1.0,-1.0,-1.0,1.0,1.0,1.0,1.0,1.0,1.0,1.0,1.0,1.0,1.0,1.0,1.0,1.0
-1.0,-1.0,-1.0,-1.0,-1.0,-1.0,-1.0,-1.0,-1.0,-1.0,-1.0,-1.0,-1.0,-1.0,-1.0,-1.0,-1.0,-1.0,-1.0,-1.0,-1.0,-1.0,-1.0,-1.0,-1.0,-1.0,-1.0,-1.0,-1.0,-1.0,-1.0,-1.0,-1.0,-1.0,-1.0,-1.0,-1.0,-1.0,-1.0,-1.0,-1.0,-1.0,-1.0,-1.0,-1.0,-1.0,-1.0,-1.0,-1.0,-1.0,-1.0,-1.0,-1.0,-1.0,-1.0,-1.0,-1.0,-1.0,-1.0,-1.0,-1.0,-1.0,-1.0,-1.0,-1.0,-1.0,-1.0,-1.0,-1.0,-1.0,-1.0,-1.0,-1.0,-1.0,-1.0,-1.0,-1.0,-1.0,-1.0,-1.0,-1.0,-1.0,-1.0,-1.0,-1.0,-1.0,-1.0,-1.0,-1.0,-1.0,-1.0,-1.0,-1.0,-1.0,-1.0,-1.0
-1.0,-1.0,-1.0,-1.0,-1.0,-1.0,-1.0,-1.0,-1.0,-1.0,-1.0,-1.0,-1.0,-1.0,-1.0,-1.0,-1.0,-1.0,-1.0,-1.0,-1.0,-1.0,-1.0,-1.0,-1.0,-1.0,-1.0,-1.0,-1.0,-1.0,-1.0,-1.0,-1.0,-1.0,-1.0,-1.0,-1.0,-1.0,-1.0,-1.0,-1.0,-1.0,-1.0,-1.0,-1.0,-1.0,-1.0,-1.0,-1.0,-1.0,-1.0,-1.0,-1.0,-1.0,-1.0,-1.0,-1.0,-1.0,-1.0,-1.0,-1.0,-1.0,-1.0,-1.0,-1.0,-1.0,-1.0,-1.0,-1.0,-1.0,-1.0,-1.0,-1.0,-1.0,-1.0,-1.0,-1.0,-1.0,-1.0,-1.0,-1.0,-1.0,-1.0,1.0,1.0,1.0,1.0,1.0,1.0,1.0,1.0,1.0,1.0,1.0,1.0,1.0
-1.0,-1.0,-1.0,-1.0,-1.0,-1.0,-1.0,-1.0,-1.0,-1.0,-1.0,-1.0,-1.0,-1.0,-1.0,-1.0,-1.0,-1.0,-1.0,-1.0,-1.0,-1.0,-1.0,-1.0,-1.0,-1.0,-1.0,-1.0,-1.0,-1.0,-1.0,-1.0,-1.0,-1.0,-1.0,-1.0,-1.0,-1.0,-1.0,-1.0,-1.0,-1.0,-1.0,-1.0,-1.0,-1.0,-1.0,-1.0,-1.0,-1.0,-1.0,-1.0,-1.0,-1.0,-1.0,-1.0,-1.0,-1.0,-1.0,-1.0,-1.0,-1.0,-1.0,-1.0,-1.0,-1.0,-1.0,-1.0,-1.0,-1.0,-1.0,-1.0,-1.0,-1.0,-1.0,-1.0,-1.0,-1.0,-1.0,-1.0,-1.0,-1.0,-1.0,-1.0,-1.0,-1.0,-1.0,-1.0,-1.0,-1.0,-1.0,-1.0,-1.0,-1.0,-1.0,-1.0
-1.0,-1.0,-1.0,-1.0,-1.0,-1.0,-1.0,-1.0,-1.0,-1.0,-1.0,-1.0,-1.0,-1.0,-1.0,-1.0,-1.0,-1.0,-1.0,-1.0,-1.0,-1.0,-1.0,-1.0,-1.0,-1.0,-1.0,-1.0,-1.0,-1.0,-1.0,-1.0,-1.0,-1.0,-1.0,-1.0,-1.0,-1.0,-1.0,-1.0,-1.0,-1.0,-1.0,-1.0,-1.0,-1.0,-1.0,-1.0,-1.0,-1.0,-1.0,-1.0,-1.0,-1.0,-1.0,-1.0,-1.0,-1.0,-1.0,-1.0,-1.0,-1.0,-1.0,-1.0,-1.0,-1.0,-1.0,-1.0,-1.0,-1.0,-1.0,-1.0,-1.0,-1.0,-1.0,-1.0,-1.0,-1.0,-1.0,-1.0,-1.0,-1.0,-1.0,-1.0,-1.0,-1.0,-1.0,-1.0,-1.0,-1.0,-1.0,-1.0,-1.0,-1.0,-1.0,-1.0
-1.0,-1.0,-1.0,-1.0,-1.0,-1.0,-1.0,-1.0,-1.0,-1.0,-1.0,-1.0,-1.0,-1.0,-1.0,-1.0,-1.0,-1.0,-1.0,-1.0,1.0,1.0,1.0,-1.0,-1.0,-1.0,-1.0,-1.0,1.0,1.0,1.0,1.0,1.0,1.0,1.0,1.0,1.0,1.0,1.0,1.0,1.0,1.0,1.0,1.0,1.0,1.0,1.0,1.0,1.0,1.0,1.0,1.0,1.0,1.0,1.0,1.0,1.0,1.0,1.0,1.0,1.0,1.0,1.0,1.0,1.0,1.0,1.0,1.0,1.0,-1.0,-1.0,-1.0,-1.0,-1.0,-1.0,-1.0,-1.0,-1.0,-1.0,-1.0,-1.0,-1.0,-1.0,1.0,1.0,1.0,1.0,1.0,1.0,1.0,1.0,1.0,1.0,1.0,1.0,1.0
1.1584246057359764,1.337810426714739,1.337810426714739,1.337810426714739,1.337810426714739,1.337810426714739,1.337810426714739,1.337810426714739,1.337810426714739,1.1584246057359764,1.1584246057359764,1.1584246057359764,1.1584246057359764,1.337810426714739,1.337810426714739,1.337810426714739,1.337810426714739,1.337810426714739,1.337810426714739,1.1994270791025508,0.1718025903527811,0.1718025903527811,0.1718025903527811,1.337810426714739,1.337810426714739,1.337810426714739,1.337810426714739,1.0687316952465948,0.1718025903527811,-0.6321172275293547,-0.6321172275293547,-0.6321172275293547,-0.6321172275293547,-0.6321172275293547,-0.6321172275293547,-0.6321172275293547,-0.6321172275293547,-0.6321172275293547,-0.6321172275293547,-0.6321172275293547,-0.6321172275293547,-0.6321172275293547,-0.6321172275293547,-0.6321172275293547,-0.6321172275293547,-0.6321172275293547,-0.6321172275293547,-0.6321172275293547,-0.6321172275293547,-0.6321172275293547,-0.6321172275293547,-0.6321172275293547,-0.6321172275293547,-0.6321172275293547,-0.6321172275293547,-0.6321172275293547,-0.6321172275293547,-0.6321172275293547,-0.6321172275293547,-0.6321172275293547,-0.6321172275293547,-0.6321172275293547,-0.6321172275293547,-0.6321172275293547,-0.6321172275293547,-0.6321172275293547,-0.6507808862420098,-0.6507808862420098,-0.6527679997436648,-1.0838981564985581,-1.0838981564985581,-1.0838981564985581,-1.0838981564985581,-1.0838981564985581,-1.0838981564985581,-1.0838981564985581,-1.0838981564985581,-1.0838981564985581,-1.0838981564985581,-1.0838981564985581,-1.0838981564985581,-1.0838981564985581,-1.0838981564985581,0.023168624398949136,0.023168624398949136,0.023168624398949136,0.023168624398949136,0.023168624398949136,0.023168624398949136,0.023168624398949136,-0.4521480913124806,-0.4521480913124806,-0.4521480913124806,0.8534687100720798,0.8534687100720798,-0.4521480913124806
1.12251792105555,1.4516825767754173,1.4516825767754173,1.4516825767754173,1.4516825767754173,1.4516825767754173,1.4516825767754173,1.4516825767754173,1.4516825767754173,1.12251792105555,1.12251792105555,1.12251792105555,1.12251792105555,1.4516825767754173,1.4516825767754173,1.4516825767754173,1.4516825767754173,1.4516825767754173,1.4516825767754173,1.1955232311969988,-0.23528628378890348,-0.23528628378890348,-0.23528628378890348,1.4516825767754173,1.4516825767754173,1.4516825767754173,1.4516825767754173,0.9674307274952277,-0.23528628378890348,-0.7753343431698294,-0.7753343431698294,-0.7753343431698294,-0.7753343431698294,-0.7753343431698294,-0.7753343431698294,-0.7753343431698294,-0.7753343431698294,-0.7753343431698294,-0.7753343431698294,-0.7753343431698294,-0.7753343431698294,-0.7753343431698294,-0.7753343431698294,-0.7753343431698294,-0.7753343431698294,-0.7753343431698294,-0.7753343431698294,-0.7753343431698294,-0.7753343431698294,-0.7753343431698294,-0.7753343431698294,-0.7753343431698294,-0.7753343431698294,-0.7753343431698294,-0.7753343431698294,-0.7753343431698294,-0.7753343431698294,-0.7753343431698294,-0.7753343431698294,-0.7753343431698294,-0.7753343431698294,-0.7753343431698294,-0.7753343431698294,-0.7753343431698294,-0.7753343431698294,-0.7753343431698294,-0.7818319543421511,-0.7818319543421511,-0.7825076084052963,-0.8556350580301921,-0.8556350580301921,-0.8556350580301921,-0.8556350580301921,-0.8556350580301921,-0.8556350580301921,-0.8556350580301921,-0.8556350580301921,-0.8556350580301921,-0.8556350580301921,-0.8556350580301921,-0.8556350580301921,-0.8556350580301921,-0.8556350580301921,-0.37345276047081577,-0.37345276047081577,-0.37345276047081577,-0.37345276047081577,-0.37345276047081577,-0.37345276047081577,-0.37345276047081577,-0.6986153324101507,-0.6986153324101507,-0.6986153324101507,0.6210482282453983,0.6210482282453983,-0.6986153324101507
1.0284950784777858,1.4965912411460476,1.4965912411460476,1.4965912411460476,1.4965912411460476,1.4965912411460476,1.4965912411460476,1.4965912411460476,1.4965912411460476,1.0284950784777858,1.0284950784777858,1.0284950784777858,1.0284950784777858,1.4965912411460476,1.4965912411460476,1.4965912411460476,1.4965912411460476,1.4965912411460476,1.4965912411460476,1.1291867226475516,-0.4573468809430818,-0.4573468809430818,-0.4573468809430818,1.4965912411460476,1.4965912411460476,1.4965912411460476,1.4965912411460476,0.8207471265395059,-0.4573468809430818,-0.7591300611575132,-0.7591300611575132,-0.7591300611575132,-0.7591300611575132,-0.7591300611575132,-0.7591300611575132,-0.7591300611575132,-0.7591300611575132,-0.7591300611575132,-0.7591300611575132,-0.7591300611575132,-0.7591300611575132,-0.7591300611575132,-0.7591300611575132,-0.7591300611575132,-0.7591300611575132,-0.7591300611575132,-0.7591300611575132,-0.7591300611575132,-0.7591300611575132,-0.7591300611575132,-0.7591300611575132,-0.7591300611575132,-0.7591300611575132,-0.7591300611575132,-0.7591300611575132,-0.7591300611575132,-0.7591300611575132,-0.7591300611575132,-0.7591300611575132,-0.7591300611575132,-0.7591300611575132,-0.7591300611575132,-0.7591300611575132,-0.7591300611575132,-0.7591300611575132,-0.7591300611575132,-0.760882560044122,-0.760882560044122,-0.7610605147925843,-0.7738712452510439,-0.7738712452510439,-0.7738712452510439,-0.7738712452510439,-0.7738712452510439,-0.7738712452510439,-0.7738712452510439,-0.7738712452510439,-0.7738712452510439,-0.7738712452510439,-0.7738712452510439,-0.7738712452510439,-0.7738712452510439,-0.7738712452510439,-0.5569659544222979,-0.5569659544222979,-0.5569659544222979,-0.5569659544222979,-0.5569659544222979,-0.5569659544222979,-0.5569659544222979,-0.7335638648728264,-0.7335638648728264,-0.7335638648728264,0.38860554778426726,0.38860554778426726,-0.7335638648728264
-1.0,-1.0,-1.0,-1.0,-1.0,-1.0,-1.0,-1.0,-1.0,-1.0,-1.0,-1.0,-1.0,1.0,1.0,1.0,1.0,1.0,1.0,1.0,-1.0,-1.0,-1.0,-1.0,-1.0,-1.0,-1.0,-1.0,-1.0,-1.0,-1.0,-1.0,-1.0,-1.0,-1.0,-1.0,-1.0,-1.0,-1.0,-1.0,-1.0,-1.0,-1.0,-1.0,-1.0,-1.0,-1.0,-1.0,-1.0,-1.0,-1.0,-1.0,-1.0,-1.0,-1.0,-1.0,-1.0,-1.0,-1.0,-1.0,-1.0,-1.0,-1.0,-1.0,-1.0,-1.0,-1.0,-1.0,-1.0,-1.0,-1.0,-1.0,-1.0,-1.0,-1.0,-1.0,-1.0,-1.0,-1.0,-1.0,-1.0,-1.0,-1.0,-1.0,-1.0,-1.0,-1.0,-1.0,-1.0,-1.0,-1.0,-1.0,-1.0,-1.0,-1.0,-1.0
1.0,1.0,1.0,1.0,1.0,1.0,1.0,1.0,1.0,1.0,1.0,1.0,1.0,1.0,1.0,1.0,1.0,1.0,1.0,1.0,1.0,1.0,1.0,1.0,1.0,1.0,1.0,1.0,1.0,1.0,1.0,1.0,1.0,1.0,1.0,1.0,1.0,1.0,1.0,1.0,1.0,1.0,1.0,1.0,1.0,1.0,1.0,1.0,1.0,1.0,1.0,1.0,1.0,1.0,1.0,1.0,1.0,1.0,1.0,1.0,1.0,1.0,1.0,1.0,1.0,1.0,1.0,1.0,1.0,1.0,1.0,1.0,1.0,1.0,1.0,1.0,1.0,1.0,1.0,1.0,1.0,1.0,1.0,1.0,1.0,1.0,1.0,1.0,1.0,1.0,1.0,1.0,1.0,1.0,1.0,1.0
-0.8887744593202884,-0.8887744593202884,-0.8887744593202884,-0.8887744593202884,-0.8887744593202884,-0.8887744593202884,-0.8887744593202884,-0.8887744593202884,-0.8887744593202884,-0.8887744593202884,-0.8887744593202884,-0.8887744593202884,-0.8887744593202884,-0.8887744593202884,-0.8887744593202884,-0.8887744593202884,-0.8887744593202884,-0.8887744593202884,-0.8887744593202884,-0.8887744593202884,-0.8887744593202884,-0.8887744593202884,-0.8887744593202884,-0.8887744593202884,-0.8887744593202884,-0.8887744593202884,-0.8887744593202884,-0.8887744593202884,-0.8887744593202884,-0.8887744593202884,-0.8887744593202884,-0.8887744593202884,-0.8887744593202884,-0.8887744593202884,-0.8887744593202884,-0.8887744593202884,-0.8887744593202884,-0.8887744593202884,-0.8887744593202884,-0.8887744593202884,-0.8887744593202884,-0.8887744593202884,-0.8887744593202884,-0.8887744593202884,-0.8887744593202884,-0.8887744593202884,-0.8887744593202884,-0.8887744593202884,-0.8887744593202884,-0.8887744593202884,-0.8887744593202884,-0.8887744593202884,-0.8887744593202884,-0.8887744593202884,-0.8887744593202884,-0.8887744593202884,-0.8887744593202884,-0.8887744593202884,-0.8887744593202884,-0.8887744593202884,-0.8887744593202884,-0.8887744593202884,-0.8887744593202884,-0.8887744593202884,-0.8887744593202884,-0.8887744593202884,-0.8887744593202884,-0.8887744593202884,-0.8887744593202884,-0.8887744593202884,-0.8887744593202884,-0.8887744593202884,-0.8887744593202884,-0.8887744593202884,-0.8887744593202884,-0.8887744593202884,-0.8887744593202884,-0.8887744593202884,-0.8887744593202884,-0.8887744593202884,-0.8887744593202884,-0.8887744593202884,-0.8887744593202884,-0.8887744593202884,-0.8887744593202884,-0.8887744593202884,-0.8887744593202884,-0.8887744593202884,-0.8887744593202884,-0.8887744593202884,-0.8887744593202884,-0.8887744593202884,-0.8887744593202884,-0.8887744593202884,-0.8887744593202884,-0.8887744593202884
-0.4775130935520587,-0.4775130935520587,-0.4775130935520587,-0.4775130935520587,-0.4775130935520587,-0.4775130935520587,-0.4775130935520587,-0.4775130935520587,-0.4775130935520587,-0.4775130935520587,-0.4775130935520587,-0.4775130935520587,-0.4775130935520587,-0.4775130935520587,-0.4775130935520587,-0.4775130935520587,-0.4775130935520587,-0.4775130935520587,-0.4775130935520587,-0.4775130935520587,-0.4775130935520587,-0.4775130935520587,-0.4775130935520587,-0.4775130935520587,-0.4775130935520587,-0.4775130935520587,-0.4775130935520587,-0.4775130935520587,-0.4775130935520587,-0.4775130935520587,-0.4775130935520587,-0.4775130935520587,-0.4775130935520587,-0.4775130935520587,-0.4775130935520587,-0.4775130935520587,-0.4775130935520587,-0.4775130935520587,-0.4775130935520587,-0.4775130935520587,-0.4775130935520587,-0.4775130935520587,-0.4775130935520587,-0.4775130935520587,-0.4775130935520587,-0.4775130935520587,-0.4775130935520587,-0.4775130935520587,-0.4775130935520587,-0.4775130935520587,-0.4775130935520587,-0.4775130935520587,-0.4775130935520587,-0.4775130935520587,-0.4775130935520587,-0.4775130935520587,-0.4775130935520587,-0.4775130935520587,-0.4775130935520587,-0.4775130935520587,-0.4775130935520587,-0.4775130935520587,-0.4775130935520587,-0.4775130935520587,-0.4775130935520587,-0.4775130935520587,-0.4775130935520587,-0.4775130935520587,-0.4775130935520587,-0.4775130935520587,-0.4775130935520587,-0.4775130935520587,-0.4775130935520587,-0.4775130935520587,-0.4775130935520587,-0.4775130935520587,-0.4775130935520587,-0.4775130935520587,-0.4775130935520587,-0.4775130935520587,-0.4775130935520587,-0.4775130935520587,-0.4775130935520587,-0.4775130935520587,-0.4775130935520587,-0.4775130935520587,-0.4775130935520587,-0.4775130935520587,-0.4775130935520587,-0.4775130935520587,-0.4775130935520587,-0.4775130935520587,-0.4775130935520587,-0.4775130935520587,-0.4775130935520587,-0.4775130935520587
1.0,1.0,1.0,1.0,1.0,1.0,1.0,1.0,1.0,1.0,1.0,1.0,1.0,1.0,1.0,1.0,1.0,1.0,1.0,1.0,1.0,1.0,1.0,1.0,1.0,1.0,1.0,1.0,1.0,1.0,1.0,1.0,1.0,1.0,1.0,1.0,1.0,1.0,1.0,1.0,1.0,1.0,1.0,1.0,1.0,1.0,1.0,1.0,1.0,1.0,1.0,1.0,1.0,1.0,1.0,1.0,1.0,1.0,1.0,1.0,1.0,1.0,1.0,1.0,1.0,1.0,1.0,1.0,1.0,1.0,1.0,1.0,1.0,1.0,1.0,1.0,1.0,1.0,1.0,1.0,1.0,1.0,1.0,1.0,1.0,1.0,1.0,1.0,1.0,1.0,1.0,1.0,1.0,1.0,1.0,1.0
-0.3404590471337985,-0.3404590471337985,-0.3404590471337985,-0.3404590471337985,-0.3404590471337985,-0.3404590471337985,-0.3404590471337985,-0.3404590471337985,-0.3404590471337985,-0.3404590471337985,-0.3404590471337985,-0.3404590471337985,-0.3404590471337985,-0.3404590471337985,-0.3404590471337985,-0.3404590471337985,-0.3404590471337985,-0.3404590471337985,-0.3404590471337985,-0.3404590471337985,-0.3404590471337985,-0.3404590471337985,-0.3404590471337985,-0.3404590471337985,-0.3404590471337985,-0.3404590471337985,-0.3404590471337985,-0.3404590471337985,-0.3404590471337985,-0.3404590471337985,-0.3404590471337985,-0.3404590471337985,-0.3404590471337985,-0.3404590471337985,-0.3404590471337985,-0.3404590471337985,-0.3404590471337985,-0.3404590471337985,-0.3404590471337985,-0.3404590471337985,-0.3404590471337985,-0.3404590471337985,-0.3404590471337985,-0.3404590471337985,-0.3404590471337985,-0.3404590471337985,-0.3404590471337985,-0.3404590471337985,-0.3404590471337985,-0.3404590471337985,-0.3404590471337985,-0.3404590471337985,-0.3404590471337985,-0.3404590471337985,-0.3404590471337985,-0.3404590471337985,-0.3404590471337985,-0.3404590471337985,-0.3404590471337985,-0.3404590471337985,-0.3404590471337985,-0.3404590471337985,-0.3404590471337985,-0.3404590471337985,-0.3404590471337985,-0.3404590471337985,-0.3404590471337985,-0.3404590471337985,-0.3404590471337985,-0.3404590471337985,-0.3404590471337985,-0.3404590471337985,-0.3404590471337985,-0.3404590471337985,-0.3404590471337985,-0.3404590471337985,-0.3404590471337985,-0.3404590471337985,-0.3404590471337985,-0.3404590471337985,-0.3404590471337985,-0.3404590471337985,-0.3404590471337985,-0.3404590471337985,-0.3404590471337985,-0.3404590471337985,-0.3404590471337985,-0.3404590471337985,-0.3404590471337985,-0.3404590471337985,-0.3404590471337985,-0.3404590471337985,-0.3404590471337985,-0.3404590471337985,-0.3404590471337985,-0.3404590471337985
1.0,1.0,1.0,1.0,1.0,1.0,1.0,1.0,1.0,1.0,1.0,1.0,1.0,1.0,1.0,1.0,1.0,1.0,1.0,1.0,1.0,1.0,1.0,1.0,1.0,1.0,1.0,1.0,1.0,1.0,1.0,1.0,1.0,1.0,1.0,1.0,1.0,1.0,1.0,1.0,1.0,1.0,1.0,1.0,1.0,1.0,1.0,1.0,1.0,1.0,1.0,1.0,1.0,1.0,1.0,1.0,1.0,1.0,1.0,1.0,1.0,1.0,1.0,1.0,1.0,1.0,1.0,1.0,1.0,1.0,1.0,1.0,1.0,1.0,1.0,1.0,1.0,1.0,1.0,1.0,1.0,1.0,1.0,1.0,1.0,1.0,1.0,1.0,1.0,1.0,1.0,1.0,1.0,1.0,1.0,1.0
1.0,1.0,1.0,1.0,1.0,1.0,1.0,1.0,1.0,1.0,1.0,1.0,1.0,1.0,1.0,1.0,1.0,1.0,1.0,1.0,1.0,1.0,1.0,1.0,1.0,1.0,1.0,1.0,1.0,1.0,1.0,1.0,1.0,1.0,1.0,1.0,1.0,1.0,1.0,1.0,1.0,1.0,1.0,1.0,1.0,1.0,1.0,1.0,1.0,1.0,1.0,1.0,1.0,1.0,1.0,1.0,1.0,1.0,1.0,1.0,1.0,1.0,1.0,1.0,1.0,1.0,1.0,1.0,1.0,1.0,1.0,1.0,1.0,1.0,1.0,1.0,1.0,1.0,1.0,1.0,1.0,1.0,1.0,1.0,1.0,1.0,1.0,1.0,1.0,1.0,1.0,1.0,1.0,1.0,1.0,1.0
1.3821345840986734,1.3821345840986734,1.3821345840986734,1.3821345840986734,1.3821345840986734,1.3821345840986734,1.3821345840986734,1.3821345840986734,1.3821345840986734,1.3821345840986734,1.3821345840986734,1.3821345840986734,1.3821345840986734,1.3821345840986734,1.3821345840986734,1.3821345840986734,1.3821345840986734,1.3821345840986734,1.3821345840986734,1.3821345840986734,1.3821345840986734,1.3821345840986734,1.3821345840986734,1.3821345840986734,1.3821345840986734,1.3821345840986734,1.3821345840986734,1.3821345840986734,1.3821345840986734,1.3821345840986734,1.3821345840986734,1.3821345840986734,1.3821345840986734,1.3821345840986734,1.3821345840986734,1.3821345840986734,1.3821345840986734,1.3821345840986734,1.3821345840986734,1.3821345840986734,1.3821345840986734,1.3821345840986734,1.3821345840986734,1.3821345840986734,1.3821345840986734,1.3821345840986734,1.3821345840986734,1.3821345840986734,1.3821345840986734,1.3821345840986734,1.3821345840986734,1.3821345840986734,1.3821345840986734,1.3821345840986734,1.3821345840986734,1.3821345840986734,1.3821345840986734,1.3821345840986734,1.3821345840986734,1.3821345840986734,1.3821345840986734,1.3821345840986734,1.3821345840986734,1.3821345840986734,1.3821345840986734,1.3821345840986734,1.3821345840986734,1.3821345840986734,1.3821345840986734,1.3821345840986734,1.3821345840986734,1.3821345840986734,1.3821345840986734,1.3821345840986734,1.3821345840986734,1.3821345840986734,1.3821345840986734,1.3821345840986734,1.3821345840986734,1.3821345840986734,1.3821345840986734,1.3821345840986734,1.3821345840986734,1.3821345840986734,1.3821345840986734,1.3821345840986734,1.3821345840986734,1.3821345840986734,1.3821345840986734,1.3821345840986734,1.3821345840986734,1.3821345840986734,1.3821345840986734,1.3821345840986734,1.3821345840986734,1.3821345840986734
-1.0917363902447395,-1.0917363902447395,-1.0917363902447395,-1.0917363902447395,-1.0917363902447395,-1.0917363902447395,-1.0917363902447395,-1.0917363902447395,-1.0917363902447395,-1.0917363902447395,-1.0917363902447395,-1.0917363902447395,-1.0917363902447395,-1.0917363902447395,-1.0917363902447395,-1.0917363902447395,-1.0917363902447395,-1.0917363902447395,-1.0917363902447395,-1.0917363902447395,-1.0917363902447395,-1.0917363902447395,-1.0917363902447395,-1.0917363902447395,-1.0917363902447395,-1.0917363902447395,-1.0917363902447395,-1.0917363902447395,-1.0917363902447395,-1.0917363902447395,-1.0917363902447395,-1.0917363902447395,-1.0917363902447395,-1.0917363902447395,-1.0917363902447395,-1.0917363902447395,-1.0917363902447395,-1.0917363902447395,-1.0917363902447395,-1.0917363902447395,-1.0917363902447395,-1.0917363902447395,-1.0917363902447395,-1.0917363902447395,-1.0917363902447395,-1.0917363902447395,-1.0917363902447395,-1.0917363902447395,-1.0917363902447395,-1.0917363902447395,-1.0917363902447395,-1.0917363902447395,-1.0917363902447395,-1.0917363902447395,-1.0917363902447395,-1.0917363902447395,-1.0917363902447395,-1.0917363902447395,-1.0917363902447395,-1.0917363902447395,-1.0917363902447395,-1.0917363902447395,-1.0917363902447395,-1.0917363902447395,-1.0917363902447395,-1.0917363902447395,-1.0917363902447395,-1.0917363902447395,-1.0917363902447395,-1.0917363902447395,-1.0917363902447395,-1.0917363902447395,-1.0917363902447395,-1.0917363902447395,-1.0917363902447395,-1.0917363902447395,-1.0917363902447395,-1.0917363902447395,-1.0917363902447395,-1.0917363902447395,-1.0917363902447395,-1.0917363902447395,-1.0917363902447395,-1.0917363902447395,-1.0917363902447395,-1.0917363902447395,-1.0917363902447395,-1.0917363902447395,-1.0917363902447395,-1.0917363902447395,-1.0917363902447395,-1.0917363902447395,-1.0917363902447395,-1.0917363902447395,-1.0917363902447395,-1.0917363902447395
1.969566382794139,1.969566382794139,1.969566382794139,1.969566382794139,1.969566382794139,1.969566382794139,1.969566382794139,1.969566382794139,1.969566382794139,1.969566382794139,1.969566382794139,1.969566382794139,1.969566382794139,1.969566382794139,1.969566382794139,1.969566382794139,1.969566382794139,1.969566382794139,1.969566382794139,1.969566382794139,1.969566382794139,1.969566382794139,1.969566382794139,1.969566382794139,1.969566382794139,1.969566382794139,1.969566382794139,1.969566382794139,1.969566382794139,1.969566382794139,1.969566382794139,1.969566382794139,1.969566382794139,1.969566382794139,1.969566382794139,1.969566382794139,1.969566382794139,1.969566382794139,1.969566382794139,1.969566382794139,1.969566382794139,1.969566382794139,1.969566382794139,1.969566382794139,1.969566382794139,1.969566382794139,1.969566382794139,1.969566382794139,1.969566382794139,1.969566382794139,1.969566382794139,1.969566382794139,1.969566382794139,1.969566382794139,1.969566382794139,1.969566382794139,1.969566382794139,1.969566382794139,1.969566382794139,1.969566382794139,1.969566382794139,1.969566382794139,1.969566382794139,1.969566382794139,1.969566382794139,1.969566382794139,1.969566382794139,1.969566382794139,1.969566382794139,1.969566382794139,1.969566382794139,1.969566382794139,1.969566382794139,1.969566382794139,1.969566382794139,1.969566382794139,1.969566382794139,1.969566382794139,1.969566382794139,1.969566382794139,1.969566382794139,1.969566382794139,1.969566382794139,1.969566382794139,1.969566382794139,1.969566382794139,1.969566382794139,1.969566382794139,1.969566382794139,1.969566382794139,1.969566382794139,1.969566382794139,1.969566382794139,1.969566382794139,1.969566382794139,1.969566382794139
-0.8442825167649602,-0.8442825167649602,-0.8442825167649602,-0.8442825167649602,-0.8442825167649602,-0.8442825167649602,-0.8442825167649602,-0.8442825167649602,-0.8442825167649602,-0.8442825167649602,-0.8442825167649602,-0.8442825167649602,-0.8442825167649602,-0.8442825167649602,-0.8442825167649602,-0.8442825167649602,-0.8442825167649602,-0.8442825167649602,-0.8442825167649602,-0.8442825167649602,-0.8442825167649602,-0.8442825167649602,-0.8442825167649602,-0.8442825167649602,-0.8442825167649602,-0.8442825167649602,-0.8442825167649602,-0.8442825167649602,-0.8442825167649602,-0.8442825167649602,-0.8442825167649602,-0.8442825167649602,-0.8442825167649602,-0.8442825167649602,-0.8442825167649602,-0.8442825167649602,-0.8442825167649602,-0.8442825167649602,-0.8442825167649602,-0.8442825167649602,-0.8442825167649602,-0.8442825167649602,-0.8442825167649602,-0.8442825167649602,-0.8442825167649602,-0.8442825167649602,-0.8442825167649602,-0.8442825167649602,-0.8442825167649602,-0.8442825167649602,-0.8442825167649602,-0.8442825167649602,-0.8442825167649602,-0.8442825167649602,-0.8442825167649602,-0.8442825167649602,-0.8442825167649602,-0.8442825167649602,-0.8442825167649602,-0.8442825167649602,-0.8442825167649602,-0.8442825167649602,-0.8442825167649602,-0.8442825167649602,-0.8442825167649602,-0.8442825167649602,-0.8442825167649602,-0.8442825167649602,-0.8442825167649602,-0.8442825167649602,-0.8442825167649602,-0.8442825167649602,-0.8442825167649602,-0.8442825167649602,-0.8442825167649602,-0.8442825167649602,-0.8442825167649602,-0.8442825167649602,-0.8442825167649602,-0.8442825167649602,-0.8442825167649602,-0.8442825167649602,-0.8442825167649602,-0.8442825167649602,-0.8442825167649602,-0.8442825167649602,-0.8442825167649602,-0.8442825167649602,-0.8442825167649602,-0.8442825167649602,-0.8442825167649602,-0.8442825167649602,-0.8442825167649602,-0.8442825167649602,-0.8442825167649602,-0.8442825167649602
1.0984250298477816,1.0984250298477816,1.0984250298477816,1.0984250298477816,1.0984250298477816,1.0984250298477816,1.0984250298477816,1.0984250298477816,1.0984250298477816,1.0984250298477816,1.0984250298477816,1.0984250298477816,1.0984250298477816,1.0984250298477816,1.0984250298477816,1.0984250298477816,1.0984250298477816,1.0984250298477816,1.0984250298477816,1.0984250298477816,1.0984250298477816,1.0984250298477816,1.0984250298477816,1.0984250298477816,1.0984250298477816,1.0984250298477816,1.0984250298477816,1.0984250298477816,1.0984250298477816,1.0984250298477816,1.0984250298477816,1.0984250298477816,1.0984250298477816,1.0984250298477816,1.0984250298477816,1.0984250298477816,1.0984250298477816,1.0984250298477816,1.0984250298477816,1.0984250298477816,1.0984250298477816,1.0984250298477816,1.0984250298477816,1.0984250298477816,1.0984250298477816,1.0984250298477816,1.0984250298477816,1.0984250298477816,1.0984250298477816,1.0984250298477816,1.0984250298477816,1.0984250298477816,1.0984250298477816,1.0984250298477816,1.0984250298477816,1.0984250298477816,1.0984250298477816,1.0984250298477816,1.0984250298477816,1.0984250298477816,1.0984250298477816,1.0984250298477816,1.0984250298477816,1.0984250298477816,1.0984250298477816,1.0984250298477816,1.0984250298477816,1.0984250298477816,1.0984250298477816,1.0984250298477816,1.0984250298477816,1.0984250298477816,1.0984250298477816,1.0984250298477816,1.0984250298477816,1.0984250298477816,1.0984250298477816,1.0984250298477816,1.0984250298477816,1.0984250298477816,1.0984250298477816,1.0984250298477816,1.0984250298477816,1.0984250298477816,1.0984250298477816,1.0984250298477816,1.0984250298477816,1.0984250298477816,1.0984250298477816,1.0984250298477816,1.0984250298477816,1.0984250298477816,1.0984250298477816,1.0984250298477816,1.0984250298477816,1.0984250298477816
1.0,1.0,1.0,1.0,1.0,1.0,1.0,1.0,1.0,1.0,1.0,1.0,1.0,1.0,1.0,1.0,1.0,1.0,1.0,1.0,1.0,1.0,1.0,1.0,1.0,1.0,1.0,1.0,1.0,1.0,1.0,1.0,1.0,1.0,1.0,1.0,1.0,1.0,1.0,1.0,1.0,1.0,1.0,1.0,1.0,1.0,1.0,1.0,1.0,1.0,1.0,1.0,1.0,1.0,1.0,1.0,1.0,1.0,1.0,1.0,1.0,1.0,1.0,1.0,1.0,1.0,1.0,1.0,1.0,1.0,1.0,1.0,1.0,1.0,1.0,1.0,1.0,1.0,1.0,1.0,1.0,1.0,1.0,1.0,1.0,1.0,1.0,1.0,1.0,1.0,1.0,1.0,1.0,1.0,1.0,1.0
-1.0,-1.0,-1.0,-1.0,-1.0,-1.0,-1.0,-1.0,-1.0,-1.0,-1.0,-1.0,-1.0,-1.0,-1.0,-1.0,-1.0,-1.0,-1.0,-1.0,-1.0,-1.0,-1.0,-1.0,-1.0,-1.0,-1.0,-1.0,-1.0,-1.0,-1.0,-1.0,-1.0,-1.0,-1.0,-1.0,-1.0,-1.0,-1.0,-1.0,-1.0,-1.0,-1.0,-1.0,-1.0,-1.0,-1.0,-1.0,-1.0,-1.0,-1.0,-1.0,-1.0,-1.0,-1.0,-1.0,-1.0,-1.0,-1.0,-1.0,-1.0,-1.0,-1.0,-1.0,-1.0,-1.0,-1.0,-1.0,-1.0,-1.0,-1.0,-1.0,-1.0,-1.0,-1.0,-1.0,-1.0,-1.0,-1.0,-1.0,-1.0,-1.0,-1.0,-1.0,-1.0,-1.0,-1.0,-1.0,-1.0,-1.0,-1.0,-1.0,-1.0,-1.0,-1.0,-1.0
1.0,1.0,1.0,1.0,1.0,1.0,1.0,1.0,1.0,1.0,1.0,1.0,1.0,1.0,1.0,1.0,1.0,1.0,1.0,1.0,1.0,1.0,1.0,1.0,1.0,1.0,1.0,1.0,1.0,1.0,1.0,1.0,1.0,1.0,1.0,1.0,1.0,1.0,1.0,1.0,1.0,1.0,1.0,1.0,1.0,1.0,1.0,1.0,1.0,1.0,1.0,1.0,1.0,1.0,1.0,1.0,1.0,1.0,1.0,1.0,1.0,1.0,1.0,1.0,1.0,1.0,1.0,1.0,1.0,1.0,1.0,1.0,1.0,1.0,1.0,1.0,1.0,1.0,1.0,1.0,1.0,1.0,1.0,1.0,1.0,1.0,1.0,1.0,1.0,1.0,1.0,1.0,1.0,1.0,1.0,1.0
-1.0,-1.0,-1.0,-1.0,-1.0,-1.0,-1.0,-1.0,-1.0,-1.0,-1.0,-1.0,-1.0,-1.0,-1.0,-1.0,-1.0,-1.0,-1.0,-1.0,-1.0,-1.0,-1.0,-1.0,-1.0,-1.0,-1.0,-1.0,-1.0,-1.0,-1.0,-1.0,-1.0,-1.0,-1.0,-1.0,-1.0,-1.0,-1.0,-1.0,-1.0,-1.0,-1.0,-1.0,-1.0,-1.0,-1.0,-1.0,-1.0,-1.0,-1.0,-1.0,-1.0,-1.0,-1.0,-1.0,-1.0,-1.0,-1.0,-1.0,-1.0,-1.0,-1.0,-1.0,-1.0,-1.0,-1.0,-1.0,-1.0,-1.0,-1.0,-1.0,-1.0,-1.0,-1.0,-1.0,-1.0,-1.0,-1.0,-1.0,-1.0,-1.0,-1.0,-1.0,-1.0,-1.0,-1.0,-1.0,-1.0,-1.0,-1.0,-1.0,-1.0,-1.0,-1.0,-1.0
-1.0,-1.0,-1.0,-1.0,-1.0,-1.0,-1.0,-1.0,-1.0,-1.0,-1.0,-1.0,-1.0,-1.0,-1.0,-1.0,-1.0,-1.0,-1.0,-1.0,-1.0,-1.0,-1.0,-1.0,-1.0,-1.0,-1.0,-1.0,-1.0,-1.0,-1.0,-1.0,-1.0,-1.0,-1.0,-1.0,-1.0,-1.0,-1.0,-1.0,-1.0,-1.0,-1.0,-1.0,-1.0,-1.0,-1.0,-1.0,-1.0,-1.0,-1.0,-1.0,-1.0,-1.0,-1.0,-1.0,-1.0,-1.0,-1.0,-1.0,-1.0,-1.0,-1.0,-1.0,-1.0,-1.0,-1.0,-1.0,-1.0,-1.0,-1.0,-1.0,-1.0,-1.0,-1.0,-1.0,-1.0,-1.0,-1.0,-1.0,-1.0,-1.0,-1.0,-1.0,-1.0,-1.0,-1.0,-1.0,-1.0,-1.0,-1.0,-1.0,-1.0,-1.0,-1.0,-1.0
1.0,1.0,1.0,1.0,1.0,1.0,1.0,1.0,1.0,1.0,1.0,1.0,1.0,1.0,1.0,1.0,1.0,1.0,1.0,1.0,1.0,1.0,1.0,1.0,1.0,1.0,1.0,1.0,1.0,1.0,1.0,1.0,1.0,1.0,1.0,1.0,1.0,1.0,1.0,1.0,1.0,1.0,1.0,1.0,1.0,1.0,1.0,1.0,1.0,1.0,1.0,1.0,1.0,1.0,1.0,1.0,1.0,1.0,1.0,1.0,1.0,1.0,1.0,1.0,1.0,1.0,1.0,1.0,1.0,1.0,1.0,1.0,1.0,1.0,1.0,1.0,1.0,1.0,1.0,1.0,1.0,1.0,1.0,1.0,1.0,1.0,1.0,1.0,1.0,1.0,1.0,1.0,1.0,1.0,1.0,1.0
-0.5855815080165508,-0.5855815080165508,-0.5855815080165508,-0.5855815080165508,-0.5855815080165508,-0.5855815080165508,-0.5855815080165508,-0.5855815080165508,-0.5855815080165508,-0.5855815080165508,-0.5855815080165508,-0.5855815080165508,-0.5855815080165508,-0.5855815080165508,-0.5855815080165508,-0.5855815080165508,-0.5855815080165508,-0.5855815080165508,-0.5855815080165508,-0.5855815080165508,-0.5855815080165508,-0.5855815080165508,-0.5855815080165508,-0.5855815080165508,-0.5855815080165508,-0.5855815080165508,-0.5855815080165508,-0.5855815080165508,-0.5855815080165508,-0.5855815080165508,-0.5855815080165508,-0.5855815080165508,-0.5855815080165508,-0.5855815080165508,-0.5855815080165508,-0.5855815080165508,-0.5855815080165508,-0.5855815080165508,-0.5855815080165508,-0.5855815080165508,-0.5855815080165508,-0.5855815080165508,-0.5855815080165508,-0.5855815080165508,-0.5855815080165508,-0.5855815080165508,-0.5855815080165508,-0.5855815080165508,-0.5855815080165508,-0.5855815080165508,-0.5855815080165508,-0.5855815080165508,-0.5855815080165508,-0.5855815080165508,-0.5855815080165508,-0.5855815080165508,-0.5855815080165508,-0.5855815080165508,-0.5855815080165508,-0.5855815080165508,-0.5855815080165508,-0.5855815080165508,-0.5855815080165508,-0.5855815080165508,-0.5855815080165508,-0.5855815080165508,-0.5855815080165508,-0.5855815080165508,-0.5855815080165508,-0.5855815080165508,-0.5855815080165508,-0.5855815080165508,-0.5855815080165508,-0.5855815080165508,-0.5855815080165508,-0.5855815080165508,-0.5855815080165508,-0.5855815080165508,-0.5855815080165508,-0.5855815080165508,-0.5855815080165508,-0.5855815080165508,-0.5855815080165508,-0.5855815080165508,-0.5855815080165508,-0.5855815080165508,-0.5855815080165508,-0.5855815080165508,-0.5855815080165508,-0.5855815080165508,-0.5855815080165508,-0.5855815080165508,-0.5855815080165508,-0.5855815080165508,-0.5855815080165508,-0.5855815080165508
-0.7579395901328697,-0.7579395901328697,-0.7579395901328697,-0.7579395901328697,-0.7579395901328697,-0.7579395901328697,-0.7579395901328697,-0.7579395901328697,-0.7579395901328697,-0.7579395901328697,-0.7579395901328697,-0.7579395901328697,-0.7579395901328697,-0.7579395901328697,-0.7579395901328697,-0.7579395901328697,-0.7579395901328697,-0.7579395901328697,-0.7579395901328697,-0.7579395901328697,-0.7579395901328697,-0.7579395901328697,-0.7579395901328697,-0.7579395901328697,-0.7579395901328697,-0.7579395901328697,-0.7579395901328697,-0.7579395901328697,-0.7579395901328697,-0.7579395901328697,-0.7579395901328697,-0.7579395901328697,-0.7579395901328697,-0.7579395901328697,-0.7579395901328697,-0.7579395901328697,-0.7579395901328697,-0.7579395901328697,-0.7579395901328697,-0.7579395901328697,-0.7579395901328697,-0.7579395901328697,-0.7579395901328697,-0.7579395901328697,-0.7579395901328697,-0.7579395901328697,-0.7579395901328697,-0.7579395901328697,-0.7579395901328697,-0.7579395901328697,-0.7579395901328697,-0.7579395901328697,-0.7579395901328697,-0.7579395901328697,-0.7579395901328697,-0.7579395901328697,-0.7579395901328697,-0.7579395901328697,-0.7579395901328697,-0.7579395901328697,-0.7579395901328697,-0.7579395901328697,-0.7579395901328697,-0.7579395901328697,-0.7579395901328697,-0.7579395901328697,-0.7579395901328697,-0.7579395901328697,-0.7579395901328697,-0.7579395901328697,-0.7579395901328697,-0.7579395901328697,-0.7579395901328697,-0.7579395901328697,-0.7579395901328697,-0.7579395901328697,-0.7579395901328697,-0.7579395901328697,-0.7579395901328697,-0.7579395901328697,-0.7579395901328697,-0.7579395901328697,-0.7579395901328697,-0.7579395901328697,-0.7579395901328697,-0.7579395901328697,-0.7579395901328697,-0.7579395901328697,-0.7579395901328697,-0.7579395901328697,-0.7579395901328697,-0.7579395901328697,-0.7579395901328697,-0.7579395901328697,-0.7579395901328697,-0.7579395901328697
-0.7540894875332429,-0.7540894875332429,-0.7540894875332429,-0.7540894875332429,-0.7540894875332429,-0.7540894875332429,-0.7540894875332429,-0.7540894875332429,-0.7540894875332429,-0.7540894875332429,-0.7540894875332429,-0.7540894875332429,-0.7540894875332429,-0.7540894875332429,-0.7540894875332429,-0.7540894875332429,-0.7540894875332429,-0.7540894875332429,-0.7540894875332429,-0.7540894875332429,-0.7540894875332429,-0.7540894875332429,-0.7540894875332429,-0.7540894875332429,-0.7540894875332429,-0.7540894875332429,-0.7540894875332429,-0.7540894875332429,-0.7540894875332429,-0.7540894875332429,-0.7540894875332429,-0.7540894875332429,-0.7540894875332429,-0.7540894875332429,-0.7540894875332429,-0.7540894875332429,-0.7540894875332429,-0.7540894875332429,-0.7540894875332429,-0.7540894875332429,-0.7540894875332429,-0.7540894875332429,-0.7540894875332429,-0.7540894875332429,-0.7540894875332429,-0.7540894875332429,-0.7540894875332429,-0.7540894875332429,-0.7540894875332429,-0.7540894875332429,-0.7540894875332429,-0.7540894875332429,-0.7540894875332429,-0.7540894875332429,-0.7540894875332429,-0.7540894875332429,-0.7540894875332429,-0.7540894875332429,-0.7540894875332429,-0.7540894875332429,-0.7540894875332429,-0.7540894875332429,-0.7540894875332429,-0.7540894875332429,-0.7540894875332429,-0.7540894875332429,-0.7540894875332429,-0.7540894875332429,-0.7540894875332429,-0.7540894875332429,-0.7540894875332429,-0.7540894875332429,-0.7540894875332429,-0.7540894875332429,-0.7540894875332429,-0.7540894875332429,-0.7540894875332429,-0.7540894875332429,-0.7540894875332429,-0.7540894875332429,-0.7540894875332429,-0.7540894875332429,-0.7540894875332429,-0.7540894875332429,-0.7540894875332429,-0.7540894875332429,-0.7540894875332429,-0.7540894875332429,-0.7540894875332429,-0.7540894875332429,-0.7540894875332429,-0.7540894875332429,-0.7540894875332429,-0.7540894875332429,-0.7540894875332429,-0.7540894875332429
1.0,1.0,1.0,1.0,1.0,1.0,1.0,1.0,1.0,1.0,1.0,1.0,1.0,1.0,1.0,1.0,1.0,1.0,1.0,1.0,1.0,1.0,1.0,1.0,1.0,1.0,1.0,1.0,1.0,1.0,1.0,1.0,1.0,1.0,1.0,1.0,1.0,1.0,1.0,1.0,1.0,1.0,1.0,1.0,1.0,1.0,1.0,1.0,1.0,1.0,1.0,1.0,1.0,1.0,1.0,1.0,1.0,1.0,1.0,1.0,1.0,1.0,1.0,1.0,1.0,1.0,1.0,1.0,1.0,1.0,1.0,1.0,1.0,1.0,1.0,1.0,1.0,1.0,1.0,1.0,1.0,1.0,1.0,1.0,1.0,1.0,1.0,1.0,1.0,1.0,1.0,1.0,1.0,1.0,1.0,1.0
-1.0,1.0,1.0,1.0,1.0,1.0,1.0,1.0,1.0,1.0,1.0,1.0,1.0,1.0,1.0,1.0,1.0,1.0,1.0,-1.0,1.0,-1.0,-1.0,1.0,-1.0,1.0,-1.0,1.0,-1.0,-1.0,-1.0,-1.0,-1.0,-1.0,-1.0,-1.0,-1.0,-1.0,-1.0,-1.0,-1.0,-1.0,-1.0,-1.0,-1.0,-1.0,-1.0,-1.0,-1.0,-1.0,-1.0,-1.0,-1.0,-1.0,-1.0,-1.0,-1.0,-1.0,-1.0,-1.0,-1.0,-1.0,-1.0,-1.0,-1.0,-1.0,-1.0,1.0,-1.0,-1.0,-1.0,-1.0,-1.0,-1.0,-1.0,-1.0,-1.0,-1.0,-1.0,-1.0,-1.0,-1.0,-1.0,1.0,1.0,1.0,1.0,1.0,1.0,1.0,-1.0,1.0,-1.0,-1.0,-1.0,-1.0
-1.0,-1.0,-1.0,-1.0,-1.0,-1.0,-1.0,-1.0,-1.0,-1.0,-1.0,-1.0,-1.0,-1.0,-1.0,-1.0,-1.0,-1.0,-1.0,-1.0,-1.0,-1.0,-1.0,-1.0,-1.0,-1.0,-1.0,-1.0,1.0,1.0,1.0,1.0,1.0,1.0,1.0,1.0,1.0,-1.0,1.0,1.0,1.0,1.0,1.0,1.0,1.0,-1.0,1.0,1.0,1.0,1.0,1.0,-1.0,1.0,1.0,1.0,1.0,1.0,1.0,1.0,1.0,1.0,1.0,-1.0,1.0,1.0,1.0,-1.0,-1.0,-1.0,-1.0,-1.0,-1.0,-1.0,-1.0,-1.0,-1.0,-1.0,-1.0,-1.0,-1.0,-1.0,-1.0,-1.0,-1.0,-1.0,-1.0,-1.0,-1.0,-1.0,-1.0,-1.0,-1.0,-1.0,-1.0,-1.0,-1.0
-1.0,-1.0,-1.0,-1.0,-1.0,-1.0,-1.0,-1.0,-1.0,-1.0,-1.0,-1.0,-1.0,-1.0,-1.0,-1.0,-1.0,-1.0,-1.0,-1.0,-1.0,-1.0,-1.0,-1.0,-1.0,-1.0,-1.0,-1.0,-1.0,-1.0,-1.0,-1.0,-1.0,-1.0,-1.0,-1.0,-1.0,-1.0,-1.0,-1.0,-1.0,-1.0,-1.0,-1.0,-1.0,-1.0,-1.0,-1.0,-1.0,-1.0,-1.0,-1.0,-1.0,-1.0,-1.0,-1.0,-1.0,-1.0,-1.0,-1.0,-1.0,-1.0,-1.0,-1.0,-1.0,-1.0,-1.0,-1.0,-1.0,-1.0,-1.0,-1.0,-1.0,-1.0,-1.0,-1.0,-1.0,-1.0,-1.0,-1.0,-1.0,-1.0,-1.0,-1.0,-1.0,-1.0,-1.0,-1.0,-1.0,-1.0,-1.0,-1.0,-1.0,-1.0,-1.0,-1.0
-1.0,-1.0,-1.0,-1.0,-1.0,-1.0,-1.0,-1.0,-1.0,-1.0,-1.0,-1.0,-1.0,-1.0,-1.0,-1.0,-1.0,-1.0,-1.0,-1.0,-1.0,-1.0,-1.0,-1.0,-1.0,-1.0,-1.0,-1.0,-1.0,-1.0,-1.0,-1.0,-1.0,-1.0,-1.0,-1.0,-1.0,-1.0,-1.0,-1.0,-1.0,-1.0,-1.0,-1.0,-1.0,-1.0,-1.0,-1.0,-1.0,-1.0,-1.0,-1.0,-1.0,-1.0,-1.0,-1.0,-1.0,-1.0,-1.0,-1.0,-1.0,-1.0,-1.0,-1.0,-1.0,-1.0,-1.0,-1.0,-1.0,-1.0,-1.0,-1.0,-1.0,-1.0,-1.0,-1.0,-1.0,-1.0,-1.0,-1.0,-1.0,-1.0,-1.0,-1.0,-1.0,-1.0,-1.0,-1.0,-1.0,-1.0,-1.0,-1.0,-1.0,-1.0,-1.0,-1.0
-1.0,-1.0,-1.0,-1.0,-1.0,-1.0,-1.0,-1.0,-1.0,-1.0,-1.0,-1.0,-1.0,1.0,1.0,1.0,1.0,1.0,1.0,-1.0,-1.0,-1.0,-1.0,-1.0,-1.0,-1.0,-1.0,-1.0,-1.0,-1.0,-1.0,-1.0,-1.0,-1.0,-1.0,-1.0,-1.0,-1.0,-1.0,-1.0,-1.0,-1.0,-1.0,-1.0,-1.0,-1.0,-1.0,-1.0,-1.0,-1.0,-1.0,-1.0,-1.0,-1.0,-1.0,-1.0,-1.0,-1.0,-1.0,-1.0,-1.0,-1.0,-1.0,-1.0,-1.0,-1.0,-1.0,-1.0,-1.0,1.0,1.0,1.0,1.0,1.0,1.0,1.0,1.0,1.0,1.0,1.0,1.0,1.0,1.0,1.0,1.0,1.0,1.0,1.0,1.0,1.0,-1.0,-1.0,-1.0,-1.0,-1.0,-1.0
1.0,-1.0,-1.0,-1.0,-1.0,-1.0,-1.0,-1.0,-1.0,-1.0,-1.0,-1.0,-1.0,-1.0,-1.0,-1.0,-1.0,-1.0,-1.0,-1.0,-1.0,-1.0,-1.0,-1.0,-1.0,-1.0,-1.0,1.0,-1.0,-1.0,-1.0,-1.0,-1.0,-1.0,-1.0,-1.0,-1.0,-1.0,-1.0,-1.0,-1.0,-1.0,-1.0,-1.0,-1.0,1.0,-1.0,-1.0,-1.0,-1.0,-1.0,-1.0,-1.0,-1.0,-1.0,-1.0,-1.0,-1.0,-1.0,-1.0,-1.0,-1.0,1.0,-1.0,-1.0,-1.0,1.0,1.0,1.0,-1.0,-1.0,-1.0,-1.0,-1.0,-1.0,-1.0,-1.0,-1.0,-1.0,-1.0,-1.0,-1.0,-1.0,-1.0,-1.0,-1.0,-1.0,-1.0,-1.0,-1.0,1.0,-1.0,1.0,-1.0,-1.0,1.0
-1.0,-1.0,-1.0,-1.0,-1.0,-1.0,-1.0,-1.0,-1.0,-1.0,-1.0,-1.0,-1.0,-1.0,-1.0,-1.0,-1.0,-1.0,-1.0,-1.0,-1.0,-1.0,-1.0,-1.0,-1.0,-1.0,-1.0,-1.0,-1.0,-1.0,-1.0,-1.0,-1.0,-1.0,-1.0,-1.0,-1.0,-1.0,-1.0,-1.0,-1.0,-1.0,-1.0,-1.0,-1.0,-1.0,-1.0,-1.0,-1.0,-1.0,-1.0,-1.0,-1.0,-1.0,-1.0,-1.0,-1.0,-1.0,-1.0,-1.0,-1.0,-1.0,-1.0,-1.0,-1.0,-1.0,-1.0,-1.0,-1.0,-1.0,-1.0,-1.0,-1.0,-1.0,-1.0,-1.0,-1.0,-1.0,-1.0,-1.0,-1.0,-1.0,-1.0,-1.0,-1.0,-1.0,-1.0,-1.0,-1.0,-1.0,-1.0,-1.0,-1.0,-1.0,-1.0,-1.0
-1.0,-1.0,-1.0,-1.0,-1.0,-1.0,-1.0,-1.0,-1.0,-1.0,-1.0,-1.0,-1.0,-1.0,-1.0,-1.0,-1.0,-1.0,-1.0,-1.0,-1.0,-1.0,-1.0,-1.0,-1.0,-1.0,-1.0,-1.0,-1.0,-1.0,-1.0,-1.0,-1.0,-1.0,-1.0,-1.0,-1.0,-1.0,-1.0,-1.0,-1.0,-1.0,-1.0,-1.0,-1.0,-1.0,-1.0,-1.0,-1.0,-1.0,-1.0,-1.0,-1.0,-1.0,-1.0,-1.0,-1.0,-1.0,-1.0,-1.0,-1.0,-1.0,-1.0,-1.0,-1.0,-1.0,-1.0,-1.0,-1.0,-1.0,-1.0,-1.0,-1.0,-1.0,-1.0,-1.0,-1.0,-1.0,-1.0,-1.0,-1.0,-1.0,-1.0,-1.0,-1.0,-1.0,-1.0,-1.0,-1.0,-1.0,-1.0,-1.0,-1.0,-1.0,-1.0,-1.0
-1.0,-1.0,-1.0,-1.0,-1.0,-1.0,-1.0,-1.0,-1.0,1.0,1.0,1.0,1.0,-1.0,-1.0,-1.0,-1.0,-1.0,-1.0,1.0,1.0,1.0,-1.0,-1.0,-1.0,-1.0,-1.0,-1.0,1.0,-1.0,-1.0,-1.0,-1.0,-1.0,-1.0,-1.0,-1.0,-1.0,-1.0,-1.0,-1.0,-1.0,-1.0,-1.0,-1.0,1.0,-1.0,-1.0,-1.0,-1.0,-1.0,-1.0,-1.0,-1.0,-1.0,-1.0,-1.0,-1.0,-1.0,-1.0,-1.0,-1.0,1.0,-1.0,-1.0,1.0,-1.0,-1.0,-1.0,-1.0,-1.0,-1.0,-1.0,-1.0,-1.0,-1.0,-1.0,-1.0,-1.0,-1.0,-1.0,-1.0,-1.0,-1.0,-1.0,-1.0,-1.0,-1.0,-1.0,-1.0,-1.0,-1.0,-1.0,-1.0,-1.0,-1.0
-1.0,-1.0,-1.0,-1.0,-1.0,-1.0,-1.0,-1.0,-1.0,-1.0,-1.0,-1.0,-1.0,-1.0,-1.0,-1.0,-1.0,-1.0,-1.0,-1.0,-1.0,-1.0,-1.0,-1.0,-1.0,-1.0,-1.0,-1.0,-1.0,-1.0,-1.0,-1.0,-1.0,-1.0,-1.0,-1.0,-1.0,-1.0,-1.0,-1.0,-1.0,-1.0,-1.0,-1.0,-1.0,-1.0,-1.0,-1.0,-1.0,-1.0,-1.0,-1.0,-1.0,-1.0,-1.0,-1.0,-1.0,-1.0,-1.0,-1.0,-1.0,-1.0,-1.0,-1.0,-1.0,-1.0,-1.0,-1.0,-1.0,-1.0,-1.0,-1.0,-1.0,-1.0,-1.0,-1.0,-1.0,-1.0,-1.0,-1.0,-1.0,-1.0,-1.0,-1.0,-1.0,-1.0,-1.0,-1.0,-1.0,-1.0,-1.0,-1.0,-1.0,-1.0,-1.0,-1.0
-1.0,-1.0,-1.0,-1.0,-1.0,-1.0,-1.0,-1.0,-1.0,-1.0,-1.0,-1.0,-1.0,-1.0,-1.0,-1.0,-1.0,-1.0,-1.0,-1.0,-1.0,-1.0,-1.0,-1.0,-1.0,-1.0,-1.0,-1.0,-1.0,-1.0,-1.0,-1.0,-1.0,-1.0,-1.0,-1.0,-1.0,-1.0,-1.0,-1.0,-1.0,-1.0,-1.0,-1.0,-1.0,-1.0,-1.0,-1.0,-1.0,-1.0,-1.0,-1.0,-1.0,-1.0,-1.0,-1.0,-1.0,-1.0,-1.0,-1.0,-1.0,-1.0,-1.0,-1.0,-1.0,-1.0,-1.0,-1.0,-1.0,-1.0,-1.0,-1.0,-1.0,-1.0,-1.0,-1.0,-1.0,-1.0,-1.0,-1.0,-1.0,-1.0,-1.0,-1.0,-1.0,-1.0,-1.0,-1.0,-1.0,-1.0,-1.0,-1.0,-1.0,-1.0,-1.0,-1.0
-1.0,-1.0,-1.0,-1.0,-1.0,-1.0,-1.0,-1.0,-1.0,-1.0,-1.0,-1.0,-1.0,-1.0,-1.0,-1.0,-1.0,-1.0,-1.0,-1.0,-1.0,-1.0,-1.0,-1.0,-1.0,-1.0,-1.0,-1.0,-1.0,-1.0,-1.0,-1.0,-1.0,-1.0,-1.0,-1.0,-1.0,1.0,-1.0,-1.0,-1.0,-1.0,-1.0,-1.0,-1.0,-1.0,-1.0,-1.0,-1.0,-1.0,-1.0,1.0,-1.0,-1.0,-1.0,-1.0,-1.0,-1.0,-1.0,-1.0,-1.0,-1.0,-1.0,-1.0,-1.0,-1.0,-1.0,-1.0,-1.0,-1.0,-1.0,-1.0,-1.0,-1.0,-1.0,-1.0,-1.0,-1.0,-1.0,-1.0,-1.0,-1.0,-1.0,-1.0,-1.0,-1.0,-1.0,-1.0,-1.0,-1.0,-1.0,-1.0,-1.0,-1.0,-1.0,-1.0
-1.0,-1.0,-1.0,-1.0,-1.0,-1.0,-1.0,-1.0,-1.0,-1.0,-1.0,-1.0,-1.0,-1.0,-1.0,-1.0,-1.0,-1.0,-1.0,-1.0,-1.0,-1.0,-1.0,-1.0,-1.0,-1.0,-1.0,-1.0,-1.0,-1.0,-1.0,-1.0,-1.0,-1.0,-1.0,-1.0,-1.0,-1.0,-1.0,-1.0,-1.0,-1.0,-1.0,-1.0,-1.0,-1.0,-1.0,-1.0,-1.0,-1.0,-1.0,-1.0,-1.0,-1.0,-1.0,-1.0,-1.0,-1.0,-1.0,-1.0,-1.0,-1.0,-1.0,-1.0,-1.0,-1.0,-1.0,-1.0,-1.0,-1.0,-1.0,-1.0,-1.0,-1.0,-1.0,-1.0,-1.0,-1.0,-1.0,-1.0,-1.0,-1.0,-1.0,-1.0,-1.0,-1.0,-1.0,-1.0,-1.0,-1.0,-1.0,-1.0,-1.0,-1.0,-1.0,-1.0
-1.0,-1.0,-1.0,-1.0,-1.0,-1.0,-1.0,-1.0,-1.0,-1.0,-1.0,-1.0,-1.0,-1.0,-1.0,-1.0,-1.0,-1.0,-1.0,-1.0,-1.0,-1.0,-1.0,-1.0,-1.0,-1.0,-1.0,-1.0,-1.0,-1.0,-1.0,-1.0,-1.0,-1.0,-1.0,-1.0,-1.0,-1.0,-1.0,-1.0,-1.0,-1.0,-1.0,-1.0,-1.0,-1.0,-1.0,-1.0,-1.0,-1.0,-1.0,-1.0,-1.0,-1.0,-1.0,-1.0,-1.0,-1.0,-1.0,-1.0,-1.0,-1.0,-1.0,-1.0,-1.0,-1.0,-1.0,-1.0,-1.0,-1.0,-1.0,-1.0,-1.0,-1.0,-1.0,-1.0,-1.0,-1.0,-1.0,-1.0,-1.0,-1.0,-1.0,-1.0,-1.0,-1.0,-1.0,-1.0,-1.0,-1.0,-1.0,-1.0,-1.0,-1.0,-1.0,-1.0
-1.0,-1.0,-1.0,-1.0,-1.0,-1.0,-1.0,-1.0,-1.0,-1.0,-1.0,-1.0,-1.0,-1.0,-1.0,-1.0,-1.0,-1.0,-1.0,-1.0,-1.0,-1.0,-1.0,-1.0,-1.0,-1.0,-1.0,-1.0,-1.0,-1.0,-1.0,-1.0,-1.0,-1.0,-1.0,-1.0,-1.0,-1.0,-1.0,-1.0,-1.0,-1.0,-1.0,-1.0,-1.0,-1.0,-1.0,-1.0,-1.0,-1.0,-1.0,-1.0,-1.0,-1.0,-1.0,-1.0,-1.0,-1.0,-1.0,-1.0,-1.0,-1.0,-1.0,-1.0,-1.0,-1.0,-1.0,-1.0,-1.0,-1.0,-1.0,-1.0,-1.0,-1.0,-1.0,-1.0,-1.0,-1.0,-1.0,-1.0,-1.0,-1.0,-1.0,-1.0,-1.0,-1.0,-1.0,-1.0,-1.0,-1.0,-1.0,-1.0,-1.0,-1.0,-1.0,-1.0
-1.0,-1.0,-1.0,-1.0,-1.0,-1.0,-1.0,-1.0,-1.0,-1.0,-1.0,-1.0,-1.0,-1.0,-1.0,-1.0,-1.0,-1.0,-1.0,-1.0,-1.0,-1.0,-1.0,-1.0,-1.0,-1.0,-1.0,-1.0,-1.0,-1.0,-1.0,-1.0,-1.0,-1.0,-1.0,-1.0,-1.0,-1.0,-1.0,-1.0,-1.0,-1.0,-1.0,-1.0,-1.0,-1.0,-1.0,-1.0,-1.0,-1.0,-1.0,-1.0,-1.0,-1.0,-1.0,-1.0,-1.0,-1.0,-1.0,-1.0,-1.0,-1.0,-1.0,-1.0,-1.0,-1.0,-1.0,-1.0,-1.0,-1.0,-1.0,-1.0,-1.0,-1.0,-1.0,-1.0,-1.0,-1.0,-1.0,-1.0,-1.0,-1.0,-1.0,-1.0,-1.0,-1.0,-1.0,-1.0,-1.0,-1.0,-1.0,-1.0,-1.0,-1.0,-1.0,-1.0
-1.0,-1.0,-1.0,-1.0,-1.0,-1.0,-1.0,-1.0,-1.0,-1.0,-1.0,-1.0,-1.0,-1.0,-1.0,-1.0,-1.0,-1.0,-1.0,-1.0,-1.0,-1.0,-1.0,-1.0,-1.0,-1.0,-1.0,-1.0,-1.0,-1.0,-1.0,-1.0,-1.0,-1.0,-1.0,-1.0,-1.0,-1.0,-1.0,-1.0,-1.0,-1.0,-1.0,-1.0,-1.0,-1.0,-1.0,-1.0,-1.0,-1.0,-1.0,-1.0,-1.0,-1.0,-1.0,-1.0,-1.0,-1.0,-1.0,-1.0,-1.0,-1.0,-1.0,-1.0,-1.0,-1.0,-1.0,-1.0,-1.0,-1.0,-1.0,-1.0,-1.0,-1.0,-1.0,-1.0,-1.0,-1.0,-1.0,-1.0,-1.0,-1.0,-1.0,-1.0,-1.0,-1.0,-1.0,-1.0,-1.0,-1.0,-1.0,-1.0,-1.0,-1.0,-1.0,-1.0
-1.0,-1.0,-1.0,-1.0,-1.0,-1.0,-1.0,-1.0,-1.0,-1.0,-1.0,-1.0,-1.0,-1.0,-1.0,-1.0,-1.0,-1.0,-1.0,-1.0,-1.0,-1.0,1.0,-1.0,-1.0,-1.0,-1.0,-1.0,-1.0,-1.0,-1.0,-1.0,-1.0,-1.0,-1.0,-1.0,-1.0,-1.0,-1.0,-1.0,-1.0,-1.0,-1.0,-1.0,-1.0,-1.0,-1.0,-1.0,-1.0,-1.0,-1.0,-1.0,-1.0,-1.0,-1.0,-1.0,-1.0,-1.0,-1.0,-1.0,-1.0,-1.0,-1.0,-1.0,-1.0,-1.0,-1.0,-1.0,-1.0,-1.0,-1.0,-1.0,-1.0,-1.0,-1.0,-1.0,-1.0,-1.0,-1.0,-1.0,-1.0,-1.0,-1.0,-1.0,-1.0,-1.0,-1.0,-1.0,-1.0,-1.0,-1.0,-1.0,-1.0,-1.0,-1.0,-1.0
-1.0,-1.0,-1.0,-1.0,-1.0,-1.0,-1.0,-1.0,-1.0,-1.0,-1.0,-1.0,-1.0,-1.0,-1.0,-1.0,-1.0,-1.0,-1.0,-1.0,-1.0,-1.0,-1.0,-1.0,-1.0,-1.0,-1.0,-1.0,-1.0,-1.0,-1.0,-1.0,-1.0,-1.0,-1.0,-1.0,-1.0,-1.0,-1.0,-1.0,-1.0,-1.0,-1.0,-1.0,-1.0,-1.0,-1.0,-1.0,-1.0,-1.0,-1.0,-1.0,-1.0,-1.0,-1.0,-1.0,-1.0,-1.0,-1.0,-1.0,-1.0,-1.0,-1.0,-1.0,-1.0,-1.0,-1.0,-1.0,-1.0,-1.0,-1.0,-1.0,-1.0,-1.0,-1.0,-1.0,-1.0,-1.0,-1.0,-1.0,-1.0,-1.0,-1.0,-1.0,-1.0,-1.0,-1.0,-1.0,-1.0,-1.0,-1.0,-1.0,-1.0,-1.0,-1.0,-1.0
