-1.0,-1.0,-1.0,-1.0,-1.0,-1.0,1.0,-1.0,-1.0,-1.0,-1.0,-1.0,-1.0,-1.0,-1.0,-1.0,-1.0,1.0,-1.0,-1.0,-1.0,-1.0,-1.0,-1.0,-1.0,-1.0,-1.0,-1.0,-1.0,-1.0,-1.0,-1.0,-1.0,-1.0,-1.0,-1.0,-1.0,1.0,-1.0,-1.0,-1.0,-1.0,-1.0,-1.0,-1.0,-1.0,-1.0,-1.0,-1.0,-1.0,-1.0,-1.0,-1.0,-1.0,1.0,-1.0,-1.0,-1.0,-1.0,-1.0,1.0,-1.0,-1.0,1.0,-1.0,-1.0,1.0,-1.0,1.0,-1.0,1.0,1.0,-1.0,-1.0,-1.0,-1.0,-1.0,1.0,-1.0,-1.0,1.0,-1.0,-1.0,-1.0,-1.0,-1.0,-1.0,-1.0,-1.0,-1.0,-1.0,-1.0,-1.0,-1.0,-1.0,-1.0,-1.0,-1.0,-1.0,-1.0,-1.0,-1.0,-1.0,-1.0,-1.0,-1.0,-1.0,-1.0,-1.0,-1.0,1.0,-1.0,-1.0,-1.0,-1.0,-1.0,-1.0,-1.0,-1.0,-1.0,-1.0,-1.0,-1.0,-1.0,-1.0,-1.0,-1.0,1.0,1.0,1.0,1.0,1.0,1.0,-1.0,-1.0,1.0,1.0,-1.0,-1.0,-1.0,-1.0,-1.0,-1.0,-1.0,-1.0,-1.0,-1.0,-1.0,-1.0,-1.0,-1.0,-1.0,-1.0,-1.0,-1.0,-1.0,1.0,-1.0,1.0,1.0,1.0,1.0,1.0,1.0,1.0,-1.0,-1.0,-1.0,-1.0,-1.0,-1.0,1.0,1.0,1.0,1.0,1.0,1.0,1.0,1.0,1.0,1.0,1.0,1.0,1.0,1.0,1.0,1.0,1.0,1.0,1.0,1.0,-1.0,-1.0,-1.0,1.0,-1.0,-1.0,-1.0,-1.0,-1.0,-1.0,1.0,-1.0,-1.0,-1.0,-1.0,-1.0,-1.0,-1.0,-1.0,-1.0,-1.0,1.0,-1.0,-1.0,-1.0,-1.0,-1.0,-1.0,-1.0,-1.0,-1.0,-1.0,-1.0,-1.0,-1.0,-1.0,-1.0,-1.0,-1.0,-1.0,1.0,-1.0,-1.0,-1.0,-1.0,-1.0,-1.0,-1.0,1.0,1.0,1.0,1.0,1.0,1.0,1.0,1.0,-1.0,-1.0,-1.0,1.0,1.0,1.0,1.0,1.0,1.0,1.0,1.0,-1.0,-1.0,1.0,1.0,1.0,1.0,1.0,1.0,1.0,1.0,1.0,1.0,1.0,-1.0,-1.0,1.0,1.0,1.0,1.0,1.0,-1.0,1.0,-1.0,1.0,1.0,1.0,-1.0,-1.0,1.0,-1.0,-1.0,1.0,1.0,1.0,-1.0,-1.0,1.0,1.0,1.0,-1.0,-1.0,-1.0,1.0,1.0,1.0,1.0,-1.0,-1.0,1.0,1.0,1.0,-1.0,-1.0,-1.0,-1.0,1.0,1.0,1.0,-1.0,-1.0,1.0,1.0,1.0,-1.0,-1.0,1.0,1.0,1.0,-1.0,-1.0,1.0,1.0,1.0,-1.0,-1.0,-1.0,1.0,-1.0,1.0,1.0,1.0,1.0,1.0,-1.0,-1.0,-1.0,1.0,-1.0,-1.0,1.0,1.0,1.0,1.0,-1.0,-1.0,-1.0,-1.0,-1.0,-1.0,-1.0,-1.0,-1.0,-1.0,-1.0,-1.0,-1.0,-1.0,-1.0,-1.0,-1.0,-1.0,-1.0,-1.0,-1.0,-1.0,-1.0,-1.0,-1.0,1.0,-1.0,-1.0,-1.0,1.0,-1.0,-1.0,-1.0,1.0,1.0,-1.0,-1.0,1.0,-1.0,-1.0,-1.0,1.0,1.0,-1.0,1.0,1.0,1.0,-1.0,-1.0,-1.0,1.0,1.0,1.0,1.0,-1.0,-1.0,1.0,1.0,-1.0,-1.0,1.0,1.0,1.0,-1.0,-1.0,-1.0,-1.0,-1.0,-1.0,-1.0,-1.0,1.0,-1.0,1.0,-1.0,1.0,-1.0,-1.0,-1.0,1.0,-1.0,-1.0,-1.0
-1.0,-1.0,-1.0,-1.0,-1.0,-1.0,-1.0,-1.0,-1.0,-1.0,-1.0,-1.0,-1.0,-1.0,-1.0,-1.0,-1.0,-1.0,-1.0,-1.0,-1.0,-1.0,-1.0,-1.0,-1.0,-1.0,-1.0,-1.0,-1.0,-1.0,-1.0,-1.0,-1.0,-1.0,-1.0,-1.0,-1.0,-1.0,-1.0,-1.0,-1.0,-1.0,-1.0,-1.0,-1.0,-1.0,-1.0,-1.0,-1.0,-1.0,-1.0,-1.0,-1.0,-1.0,-1.0,-1.0,-1.0,-1.0,-1.0,-1.0,-1.0,-1.0,-1.0,-1.0,-1.0,-1.0,-1.0,-1.0,-1.0,-1.0,-1.0,-1.0,-1.0,-1.0,-1.0,-1.0,-1.0,-1.0,-1.0,-1.0,-1.0,-1.0,-1.0,-1.0,-1.0,-1.0,-1.0,-1.0,-1.0,-1.0,-1.0,-1.0,-1.0,-1.0,-1.0,-1.0,-1.0,-1.0,-1.0,-1.0,-1.0,-1.0,-1.0,-1.0,-1.0,-1.0,-1.0,-1.0,-1.0,-1.0,-1.0,-1.0,-1.0,-1.0,-1.0,-1.0,-1.0,-1.0,-1.0,-1.0,-1.0,-1.0,-1.0,-1.0,-1.0,-1.0,-1.0,-1.0,-1.0,-1.0,-1.0,-1.0,-1.0,-1.0,-1.0,-1.0,-1.0,-1.0,-1.0,-1.0,-1.0,-1.0,-1.0,-1.0,-1.0,-1.0,-1.0,-1.0,-1.0,-1.0,-1.0,-1.0,-1.0,-1.0,-1.0,-1.0,-1.0,-1.0,-1.0,-1.0,-1.0,-1.0,-1.0,-1.0,-1.0,-1.0,-1.0,-1.0,-1.0,-1.0,-1.0,-1.0,-1.0,-1.0,-1.0,-1.0,-1.0,-1.0,-1.0,-1.0,-1.0,-1.0,-1.0,-1.0,-1.0,-1.0,-1.0,-1.0,-1.0,-1.0,-1.0,-1.0,-1.0,-1.0,-1.0,-1.0,-1.0,-1.0,-1.0,-1.0,-1.0,-1.0,-1.0,-1.0,-1.0,-1.0,-1.0,-1.0,-1.0,-1.0,-1.0,-1.0,-1.0,-1.0,-1.0,-1.0,-1.0,-1.0,-1.0,-1.0,-1.0,-1.0,-1.0,-1.0,-1.0,-1.0,-1.0,-1.0,-1.0,-1.0,-1.0,-1.0,-1.0,-1.0,-1.0,-1.0,-1.0,-1.0,-1.0,-1.0,-1.0,-1.0,-1.0,-1.0,-1.0,-1.0,-1.0,-1.0,-1.0,-1.0,-1.0,-1.0,-1.0,-1.0,-1.0,-1.0,-1.0,-1.0,-1.0,-1.0,-1.0,-1.0,-1.0,-1.0,-1.0,-1.0,-1.0,-1.0,-1.0,-1.0,-1.0,-1.0,-1.0,-1.0,-1.0,-1.0,-1.0,-1.0,-1.0,-1.0,-1.0,-1.0,-1.0,-1.0,-1.0,-1.0,-1.0,-1.0,-1.0,-1.0,-1.0,-1.0,-1.0,-1.0,-1.0,-1.0,-1.0,-1.0,-1.0,-1.0,-1.0,-1.0,-1.0,-1.0,-1.0,-1.0,-1.0,-1.0,-1.0,-1.0,-1.0,-1.0,-1.0,-1.0,-1.0,-1.0,-1.0,-1.0,-1.0,-1.0,-1.0,-1.0,-1.0,-1.0,-1.0,-1.0,-1.0,-1.0,-1.0,-1.0,-1.0,-1.0,-1.0,-1.0,-1.0,-1.0,-1.0,-1.0,-1.0,-1.0,-1.0,-1.0,-1.0,-1.0,-1.0,-1.0,-1.0,-1.0,-1.0,-1.0,-1.0,-1.0,-1.0,-1.0,-1.0,-1.0,-1.0,-1.0,-1.0,-1.0,-1.0,-1.0,-1.0,-1.0,-1.0,-1.0,-1.0,-1.0,-1.0,-1.0,-1.0,-1.0,-1.0,-1.0,-1.0,-1.0,-1.0,-1.0,-1.0,-1.0,-1.0,-1.0,-1.0,-1.0,-1.0,-1.0,-1.0,-1.0,-1.0,-1.0,-1.0,-1.0,-1.0,-1.0,-1.0,-1.0,-1.0,-1.0,-1.0,-1.0,-1.0,-1.0,-1.0,-1.0,-1.0,-1.0,-1.0,-1.0,-1.0,-1.0,-1.0,-1.0,-1.0,-1.0,-1.0,-1.0,-1.0,-1.0,-1.0,-1.0,-1.0,-1.0,-1.0,-1.0,-1.0,-1.0,-1.0,-1.0,-1.0,-1.0,-1.0,-1.0,-1.0,-1.0
0.0,0.0,0.0,0.0,0.0,0.0,0.0,0.0,0.0,0.0,0.0,0.0,0.0,0.0,0.0,0.0,0.0,0.0,0.0,0.0,0.0,0.0,0.0,0.0,0.0,0.0,0.0,0.0,0.0,0.0,0.0,0.0,0.0,0.0,0.0,0.0,0.0,0.0,0.0,0.0,0.0,0.0,0.0,0.0,0.0,0.0,0.0,0.0,0.0,0.0,0.0,0.0,0.0,0.0,0.0,0.0,0.0,0.0,0.0,0.0,0.0,0.0,0.0,0.0,0.0,0.0,0.0,0.0,0.0,0.0,0.0,0.0,0.0,0.0,0.0,0.0,0.0,0.0,0.0,0.0,0.0,0.0,0.0,0.0,0.0,0.0,0.0,0.0,0.0,0.0,0.0,0.0,0.0,0.0,0.0,0.0,0.0,0.0,0.0,0.0,0.0,0.0,0.0,0.0,0.0,0.0,0.0,0.0,0.0,0.0,0.0,0.0,0.0,0.0,0.0,0.0,0.0,0.0,0.0,0.0,0.0,0.0,0.0,0.0,0.0,0.0,0.0,0.0,0.0,0.0,0.0,0.0,0.0,0.0,0.0,0.0,0.0,0.0,0.0,0.0,0.0,0.0,0.0,0.0,0.0,0.0,0.0,0.0,0.0,0.0,0.0,0.0,0.0,0.0,0.0,0.0,0.0,0.0,0.0,0.0,0.0,0.0,0.0,0.0,0.0,0.0,0.0,0.0,0.0,0.0,0.0,0.0,0.0,0.0,0.0,0.0,0.0,0.0,0.0,0.0,0.0,0.0,0.0,0.0,0.0,0.0,0.0,0.0,0.0,0.0,0.0,0.0,0.0,0.0,0.0,0.0,0.0,0.0,0.0,0.0,0.0,0.0,0.0,0.0,0.0,0.0,0.0,0.0,0.0,0.0,0.0,0.0,0.0,0.0,0.0,0.0,0.0,0.0,0.0,0.0,0.0,0.0,0.0,0.0,0.0,0.0,0.0,0.0,0.0,0.0,0.0,0.0,0.0,0.0,0.0,0.0,0.0,0.0,0.0,0.0,0.0,0.0,0.0,0.0,0.0,0.0,0.0,0.0,0.0,0.0,0.0,0.0,0.0,0.0,0.0,0.0,0.0,0.0,0.0,0.0,0.0,0.0,0.0,0.0,0.0,0.0,0.0,0.0,0.0,0.0,0.0,0.0,0.0,0.0,0.0,0.0,0.0,0.0,0.0,0.0,0.0,0.0,0.0,0.0,0.0,0.0,0.0,0.0,0.0,0.0,0.0,0.0,0.0,0.0,0.0,0.0,0.0,0.0,0.0,0.0,0.0,0.0,0.0,0.0,0.0,0.0,0.0,0.0,0.0,0.0,0.0,0.0,0.0,0.0,0.0,0.0,0.0,0.0,0.0,0.0,0.0,0.0,0.0,0.0,0.0,0.0,0.0,0.0,0.0,0.0,0.0,0.0,0.0,0.0,0.0,0.0,0.0,0.0,0.0,0.0,0.0,0.0,0.0,0.0,0.0,0.0,0.0,0.0,0.0,0.0,0.0,0.0,0.0,0.0,0.0,0.0,0.0,0.0,0.0,0.0,0.0,0.0,0.0,0.0,0.0,0.0,0.0,0.0,0.0,0.0,0.0,0.0,0.0,0.0,0.0,0.0,0.0,0.0,0.0,0.0,0.0,0.0,0.0,0.0,0.0,0.0,0.0,0.0,0.0,0.0,0.0,0.0,0.0,0.0,0.0,0.0,0.0,0.0,0.0,0.0,0.0,0.0,0.0,0.0,0.0,0.0,0.0,0.0,0.0,0.0,0.0,0.0,0.0,0.0,0.0,0.0,0.0,0.0,0.0,0.0,0.0,0.0,0.0,0.0,0.0,0.0,0.0,0.0,0.0,0.0,0.0,0.0,0.0,0.0
0.30918791307372295,0.30918791307372295,0.30918791307372295,0.30918791307372295,0.30918791307372295,0.30918791307372295,0.30918791307372295,0.30918791307372295,0.30918791307372295,0.30918791307372295,0.30918791307372295,0.30918791307372295,0.30918791307372295,0.30918791307372295,0.30918791307372295,0.30918791307372295,0.30918791307372295,0.30918791307372295,0.30918791307372295,0.30918791307372295,0.30918791307372295,0.30918791307372295,0.30918791307372295,0.30918791307372295,0.30918791307372295,0.30918791307372295,0.30918791307372295,0.30918791307372295,0.30918791307372295,0.30918791307372295,0.30918791307372295,0.30918791307372295,0.30918791307372295,0.30918791307372295,0.30918791307372295,0.30918791307372295,0.30918791307372295,0.30918791307372295,0.30918791307372295,0.30918791307372295,0.30918791307372295,0.30918791307372295,0.30918791307372295,0.30918791307372295,0.30918791307372295,0.30918791307372295,0.30918791307372295,0.30918791307372295,0.30918791307372295,0.30918791307372295,0.30918791307372295,0.30918791307372295,0.30918791307372295,0.30918791307372295,0.30918791307372295,0.30918791307372295,0.30918791307372295,0.30918791307372295,0.30918791307372295,0.30918791307372295,0.30918791307372295,0.30918791307372295,0.30918791307372295,0.30918791307372295,0.30918791307372295,0.30918791307372295,0.30918791307372295,0.30918791307372295,0.30918791307372295,0.30918791307372295,0.30918791307372295,0.30918791307372295,0.30918791307372295,0.30918791307372295,0.30918791307372295,0.30918791307372295,0.30918791307372295,0.30918791307372295,0.30918791307372295,0.30918791307372295,0.30918791307372295,0.30918791307372295,0.30918791307372295,0.30918791307372295,0.30918791307372295,0.30918791307372295,0.30918791307372295,0.30918791307372295,0.30918791307372295,0.30918791307372295,0.30918791307372295,0.30918791307372295,0.30918791307372295,0.30918791307372295,0.30918791307372295,0.30918791307372295,0.30918791307372295,0.30918791307372295,0.30918791307372295,0.30918791307372295,0.30918791307372295,0.30918791307372295,0.30918791307372295,0.30918791307372295,0.30918791307372295,0.30918791307372295,0.30918791307372295,0.30918791307372295,0.30918791307372295,0.30918791307372295,0.30918791307372295,0.30918791307372295,0.30918791307372295,0.30918791307372295,0.30918791307372295,0.30918791307372295,0.30918791307372295,0.30918791307372295,0.30918791307372295,0.30918791307372295,0.30918791307372295,0.30918791307372295,0.30918791307372295,0.30918791307372295,0.30918791307372295,0.30918791307372295,0.30918791307372295,0.30918791307372295,0.30918791307372295,0.30918791307372295,0.30918791307372295,0.30918791307372295,0.30918791307372295,0.30918791307372295,0.30918791307372295,0.30918791307372295,0.30918791307372295,0.30918791307372295,0.30918791307372295,0.30918791307372295,0.30918791307372295,0.30918791307372295,0.30918791307372295,0.30918791307372295,0.30918791307372295,0.30918791307372295,0.30918791307372295,0.30918791307372295,0.30918791307372295,0.30918791307372295,0.30918791307372295,0.30918791307372295,0.30918791307372295,0.30918791307372295,0.30918791307372295,0.30918791307372295,0.30918791307372295,0.30918791307372295,0.30918791307372295,0.30918791307372295,0.30918791307372295,0.30918791307372295,0.30918791307372295,0.30918791307372295,0.30918791307372295,0.30918791307372295,0.30918791307372295,0.30918791307372295,0.30918791307372295,0.30918791307372295,0.30918791307372295,0.30918791307372295,0.30918791307372295,0.30918791307372295,0.30918791307372295,0.30918791307372295,0.30918791307372295,0.30918791307372295,0.30918791307372295,0.30918791307372295,0.30918791307372295,0.30918791307372295,0.30918791307372295,0.30918791307372295,0.30918791307372295,0.30918791307372295,0.30918791307372295,0.30918791307372295,0.30918791307372295,0.30918791307372295,0.30918791307372295,0.30918791307372295,0.30918791307372295,0.30918791307372295,0.30918791307372295,0.30918791307372295,0.30918791307372295,0.30918791307372295,0.30918791307372295,0.30918791307372295,0.30918791307372295,0.30918791307372295,0.30918791307372295,0.30918791307372295,0.30918791307372295,0.30918791307372295,0.30918791307372295,0.30918791307372295,0.30918791307372295,0.30918791307372295,0.30918791307372295,0.30918791307372295,-3.234513096367228,0.30918791307372295,0.30918791307372295,0.30918791307372295,0.30918791307372295,0.30918791307372295,0.30918791307372295,0.30918791307372295,0.30918791307372295,0.30918791307372295,0.30918791307372295,0.30918791307372295,0.30918791307372295,0.30918791307372295,0.30918791307372295,0.30918791307372295,0.30918791307372295,0.30918791307372295,0.30918791307372295,-3.234513096367228,0.30918791307372295,0.30918791307372295,0.30918791307372295,0.30918791307372295,0.30918791307372295,0.30918791307372295,0.30918791307372295,0.30918791307372295,0.30918791307372295,0.30918791307372295,0.30918791307372295,0.30918791307372295,0.30918791307372295,0.30918791307372295,0.30918791307372295,0.30918791307372295,0.30918791307372295,0.30918791307372295,0.30918791307372295,0.30918791307372295,0.30918791307372295,0.30918791307372295,0.30918791307372295,0.30918791307372295,0.30918791307372295,0.30918791307372295,0.30918791307372295,0.30918791307372295,0.30918791307372295,0.30918791307372295,0.30918791307372295,0.30918791307372295,0.30918791307372295,0.30918791307372295,0.30918791307372295,0.30918791307372295,0.30918791307372295,0.30918791307372295,0.30918791307372295,0.30918791307372295,0.30918791307372295,0.30918791307372295,0.30918791307372295,0.30918791307372295,0.30918791307372295,0.30918791307372295,0.30918791307372295,0.30918791307372295,0.30918791307372295,0.30918791307372295,0.30918791307372295,0.30918791307372295,0.30918791307372295,0.30918791307372295,0.30918791307372295,0.30918791307372295,0.30918791307372295,0.30918791307372295,-3.234513096367228,0.30918791307372295,0.30918791307372295,0.30918791307372295,0.30918791307372295,-3.234513096367228,0.30918791307372295,0.30918791307372295,0.30918791307372295,0.30918791307372295,-3.234513096367228,0.30918791307372295,-3.234513096367228,0.30918791307372295,0.30918791307372295,0.30918791307372295,0.30918791307372295,-3.234513096367228,0.30918791307372295,0.30918791307372295,0.30918791307372295,0.30918791307372295,0.30918791307372295,0.30918791307372295,-3.234513096367228,0.30918791307372295,0.30918791307372295,0.30918791307372295,0.30918791307372295,-3.234513096367228,0.30918791307372295,0.30918791307372295,0.30918791307372295,0.30918791307372295,-3.234513096367228,0.30918791307372295,0.30918791307372295,0.30918791307372295,0.30918791307372295,-3.234513096367228,0.30918791307372295,0.30918791307372295,0.30918791307372295,0.30918791307372295,0.30918791307372295,0.30918791307372295,0.30918791307372295,0.30918791307372295,0.30918791307372295,0.30918791307372295,0.30918791307372295,0.30918791307372295,0.30918791307372295,0.30918791307372295,0.30918791307372295,0.30918791307372295,0.30918791307372295,0.30918791307372295,0.30918791307372295,0.30918791307372295,0.30918791307372295,0.30918791307372295,0.30918791307372295,0.30918791307372295,0.30918791307372295,0.30918791307372295,0.30918791307372295,0.30918791307372295,0.30918791307372295,0.30918791307372295,0.30918791307372295,0.30918791307372295,0.30918791307372295,-3.234513096367228,0.30918791307372295,0.30918791307372295,0.30918791307372295,0.30918791307372295,0.30918791307372295,0.30918791307372295,0.30918791307372295,0.30918791307372295,0.30918791307372295,0.30918791307372295,0.30918791307372295,0.30918791307372295,0.30918791307372295,0.30918791307372295,0.30918791307372295,0.30918791307372295,0.30918791307372295,0.30918791307372295,0.30918791307372295,0.30918791307372295,0.30918791307372295,0.30918791307372295,0.30918791307372295,0.30918791307372295,0.30918791307372295,0.30918791307372295,0.30918791307372295,0.30918791307372295,0.30918791307372295,0.30918791307372295,0.30918791307372295,0.30918791307372295,0.30918791307372295,0.30918791307372295,0.30918791307372295,0.30918791307372295,0.30918791307372295,0.30918791307372295,0.30918791307372295,0.30918791307372295,0.30918791307372295,0.30918791307372295,0.30918791307372295,0.30918791307372295,0.30918791307372295,0.30918791307372295,0.30918791307372295,0.30918791307372295,0.30918791307372295,0.30918791307372295,0.30918791307372295,0.30918791307372295,0.30918791307372295,0.30918791307372295,0.30918791307372295,0.30918791307372295,0.30918791307372295,0.30918791307372295,0.30918791307372295,0.30918791307372295,0.30918791307372295,0.30918791307372295,0.30918791307372295,-3.234513096367228,0.30918791307372295,0.30918791307372295,0.30918791307372295,0.30918791307372295,0.30918791307372295,0.30918791307372295
-1.2519502074688795,-0.6767243314855225,-1.2519502074688795,-1.2519502074688795,-0.6767243314855225,-0.6767243314855225,-1.2519502074688795,-1.2519502074688795,-0.6767243314855225,-0.3402387645907802,-0.6767243314855225,-0.3402387645907802,-1.2519502074688795,-0.6767243314855225,-0.6767243314855225,-0.6767243314855225,-0.3402387645907802,-1.2519502074688795,-0.10149845550216545,-0.6767243314855225,-0.6767243314855225,-0.6767243314855225,-0.10149845550216545,-0.6767243314855225,-0.10149845550216545,-0.6767243314855225,-1.2519502074688795,-0.6767243314855225,-0.6767243314855225,-0.6767243314855225,-0.3402387645907802,-1.2519502074688795,-1.2519502074688795,-1.2519502074688795,-0.6767243314855225,-0.6767243314855225,-0.6767243314855225,-1.2519502074688795,-1.2519502074688795,-1.2519502074688795,-1.2519502074688795,-1.2519502074688795,-1.2519502074688795,-1.2519502074688795,-1.2519502074688795,-0.6767243314855225,-0.6767243314855225,-0.6767243314855225,-0.10149845550216545,-0.6767243314855225,-0.6767243314855225,-1.2519502074688795,-1.2519502074688795,-0.6767243314855225,-1.2519502074688795,-0.6767243314855225,-1.2519502074688795,-1.2519502074688795,-0.6767243314855225,-1.2519502074688795,-1.2519502074688795,-1.2519502074688795,-1.2519502074688795,-1.2519502074688795,-0.3402387645907802,-0.3402387645907802,-0.6767243314855225,-1.2519502074688795,-0.6767243314855225,-0.6767243314855225,-1.2519502074688795,-1.2519502074688795,-1.2519502074688795,-0.6767243314855225,-0.3402387645907802,-1.2519502074688795,-0.6767243314855225,-0.6767243314855225,-1.2519502074688795,-1.2519502074688795,-1.2519502074688795,-1.2519502074688795,-0.6767243314855225,-0.6767243314855225,-1.2519502074688795,-0.3402387645907802,-1.2519502074688795,-0.3402387645907802,-0.6767243314855225,-0.6767243314855225,-1.2519502074688795,-1.2519502074688795,-0.3402387645907802,-0.6767243314855225,-1.2519502074688795,-0.3402387645907802,-1.2519502074688795,-0.6767243314855225,-1.2519502074688795,-1.2519502074688795,-1.2519502074688795,-1.2519502074688795,-0.3402387645907802,-0.6767243314855225,-1.2519502074688795,-1.2519502074688795,-0.6767243314855225,-0.6767243314855225,-0.6767243314855225,-0.6767243314855225,-1.2519502074688795,-1.2519502074688795,-1.2519502074688795,-0.6767243314855225,-0.3402387645907802,-1.2519502074688795,-1.2519502074688795,-1.2519502074688795,-1.2519502074688795,-0.3402387645907802,-0.3402387645907802,-1.2519502074688795,-1.2519502074688795,-1.2519502074688795,-1.2519502074688795,-0.6767243314855225,-0.6767243314855225,-1.2519502074688795,-1.2519502074688795,-1.2519502074688795,-1.2519502074688795,-1.2519502074688795,-1.2519502074688795,-1.2519502074688795,-1.2519502074688795,-1.2519502074688795,-1.2519502074688795,-1.2519502074688795,-0.6767243314855225,-0.3402387645907802,-0.6767243314855225,-0.6767243314855225,-0.6767243314855225,-1.2519502074688795,-0.3402387645907802,-0.3402387645907802,-1.2519502074688795,-1.2519502074688795,-0.6767243314855225,-1.2519502074688795,-1.2519502074688795,-1.2519502074688795,-0.3402387645907802,-0.3402387645907802,-1.2519502074688795,-0.6767243314855225,-0.6767243314855225,0.08368291488307082,-0.3402387645907802,-0.6767243314855225,-0.10149845550216545,-0.10149845550216545,-0.6767243314855225,-0.3402387645907802,-0.3402387645907802,-0.10149845550216545,-0.3402387645907802,-0.6767243314855225,-0.3402387645907802,-0.3402387645907802,-0.3402387645907802,0.23498711139257678,0.36291298676789485,1.1915676175655106,0.9953943577611701,-0.10149845550216545,-0.6767243314855225,-0.3402387645907802,-0.6767243314855225,-0.6767243314855225,-0.6767243314855225,0.9381388627512518,0.23498711139257678,0.36291298676789485,1.1915676175655106,0.9953943577611701,-0.10149845550216545,-0.6767243314855225,-0.3402387645907802,-0.6767243314855225,-0.6767243314855225,-0.6767243314855225,-0.6767243314855225,-1.2519502074688795,-1.2519502074688795,-0.3402387645907802,-0.3402387645907802,-0.10149845550216545,0.23498711139257678,1.6526141078838175,0.5714726782873192,-0.6767243314855225,-0.6767243314855225,-1.2519502074688795,-0.6767243314855225,0.23498711139257678,-0.6767243314855225,1.6526141078838175,1.350119681269004,1.6526141078838175,0.8766384709224371,-0.10149845550216545,0.0,0.36291298676789485,-1.2519502074688795,-0.10149845550216545,-1.2519502074688795,-0.3402387645907802,0.23498711139257678,-0.10149845550216545,-1.2519502074688795,1.5978317049669264,1.350119681269004,1.6526141078838175,1.6526141078838175,1.6526141078838175,1.6526141078838175,1.6241791724479058,0.9953943577611701,0.23498711139257678,-1.2519502074688795,0.0,-0.6767243314855225,0.8766384709224371,0.810212987375934,0.8766384709224371,1.234134666849785,-0.10149845550216545,0.4737274204811915,0.6589087908664282,-0.6767243314855225,-1.2519502074688795,0.23498711139257678,-0.6767243314855225,-1.2519502074688795,-0.10149845550216545,-0.3402387645907802,-0.6767243314855225,-0.6767243314855225,0.4737274204811915,0.6589087908664282,-0.6767243314855225,-1.2519502074688795,0.23498711139257678,-0.6767243314855225,-1.2519502074688795,-0.10149845550216545,-0.3402387645907802,0.08368291488307082,0.6589087908664282,0.6589087908664282,-0.6767243314855225,-1.2519502074688795,0.23498711139257678,-0.6767243314855225,-1.2519502074688795,-0.10149845550216545,-0.3402387645907802,-1.2519502074688795,-0.6767243314855225,-1.2519502074688795,0.08368291488307082,-0.10149845550216545,0.23498711139257678,-0.6767243314855225,-0.6767243314855225,-0.3402387645907802,-0.3402387645907802,-1.2519502074688795,-0.3402387645907802,-1.2519502074688795,-1.2519502074688795,-1.2519502074688795,-1.2519502074688795,-0.6767243314855225,-0.6767243314855225,-1.2519502074688795,-0.6767243314855225,0.9381388627512518,-0.3402387645907802,0.0,-0.3402387645907802,-0.3402387645907802,0.9381388627512518,-0.3402387645907802,0.0,-0.3402387645907802,-0.3402387645907802,0.4737274204811915,-0.3402387645907802,0.0,-0.3402387645907802,0.0,-0.3402387645907802,-0.6767243314855225,1.0489532964645487,-0.3402387645907802,0.0,-0.3402387645907802,-0.3402387645907802,0.6589087908664282,-0.3402387645907802,0.9953943577611701,-0.3402387645907802,0.0,-0.3402387645907802,-0.3402387645907802,0.810212987375934,-0.3402387645907802,0.0,-0.3402387645907802,-0.3402387645907802,0.7380043757662827,-0.3402387645907802,0.0,-0.3402387645907802,-0.3402387645907802,1.5706202337445274,-0.3402387645907802,0.0,-0.3402387645907802,-0.6767243314855225,0.7380043757662827,0.5714726782873192,-0.3402387645907802,0.5714726782873192,-0.3402387645907802,0.7380043757662827,-0.6767243314855225,0.4737274204811915,0.8766384709224371,0.23498711139257678,-0.6767243314855225,-1.2519502074688795,-0.3402387645907802,-0.3402387645907802,1.4518643469057944,0.7380043757662827,-0.6767243314855225,0.4737274204811915,0.8766384709224371,-1.2519502074688795,-1.2519502074688795,-1.2519502074688795,-0.6767243314855225,-1.2519502074688795,-1.2519502074688795,-1.2519502074688795,-1.2519502074688795,-1.2519502074688795,-1.2519502074688795,0.7380043757662827,0.6589087908664282,0.0,0.08368291488307082,0.8766384709224371,-0.6767243314855225,-1.2519502074688795,0.8766384709224371,-1.2519502074688795,0.5714726782873192,-1.2519502074688795,0.4737274204811915,-1.2519502074688795,0.810212987375934,-1.2519502074688795,0.9381388627512518,-0.3402387645907802,0.08368291488307082,-0.6767243314855225,-0.6767243314855225,-1.2519502074688795,0.8766384709224371,0.23498711139257678,-0.6767243314855225,-1.2519502074688795,-0.6767243314855225,-0.6767243314855225,-0.6767243314855225,-1.2519502074688795,0.7380043757662827,-0.6767243314855225,-0.6767243314855225,-1.2519502074688795,1.0489532964645487,-1.2519502074688795,-0.6767243314855225,-1.2519502074688795,0.08368291488307082,0.23498711139257678,-0.10149845550216545,-0.6767243314855225,-0.6767243314855225,-0.3402387645907802,-0.6767243314855225,0.08368291488307082,-0.10149845550216545,-0.3402387645907802,-0.6767243314855225,0.08368291488307082,0.08368291488307082,-0.10149845550216545,-0.10149845550216545,-0.6767243314855225,-0.3402387645907802,-0.6767243314855225,0.4737274204811915,0.4737274204811915,-1.2519502074688795,-1.2519502074688795,-0.10149845550216545,0.23498711139257678,0.23498711139257678,0.36291298676789485,-0.3402387645907802,-1.2519502074688795,-0.6767243314855225,0.0,-0.3402387645907802,-0.3402387645907802,-0.6767243314855225,-0.6767243314855225,1.274624429645994,-0.3402387645907802
1.6214432528785871,-1.0022521801597202,1.6214432528785871,2.1461823394862485,0.04722599305560278,-0.4775130935520587,1.6214432528785871,2.1461823394862485,-1.0022521801597202,-1.0022521801597202,0.04722599305560278,-0.4775130935520587,1.0967041662709258,0.04722599305560278,0.04722599305560278,0.04722599305560278,0.04722599305560278,1.6214432528785871,-1.0022521801597202,0.5719650796632643,1.6214432528785871,0.5719650796632643,-0.4775130935520587,-1.0022521801597202,-0.4775130935520587,-0.4775130935520587,1.0967041662709258,0.04722599305560278,-0.4775130935520587,-0.4775130935520587,-1.0022521801597202,4.769877772524556,3.720399599309233,1.0967041662709258,-0.4775130935520587,-0.4775130935520587,1.6214432528785871,0.5719650796632643,1.6214432528785871,-1.0022521801597202,-1.0022521801597202,-1.0022521801597202,-1.0022521801597202,3.720399599309233,0.5719650796632643,-0.4775130935520587,1.0967041662709258,1.6214432528785871,-1.0022521801597202,-0.4775130935520587,0.04722599305560278,-0.4775130935520587,0.5719650796632643,0.5719650796632643,0.04722599305560278,-1.0022521801597202,1.6214432528785871,1.6214432528785871,0.5719650796632643,2.1461823394862485,2.6709214260939103,4.769877772524556,1.0967041662709258,1.6214432528785871,-1.0022521801597202,0.04722599305560278,1.6214432528785871,4.769877772524556,0.04722599305560278,0.04722599305560278,2.6709214260939103,0.04722599305560278,0.5719650796632643,0.04722599305560278,-0.4775130935520587,0.5719650796632643,0.04722599305560278,1.6214432528785871,2.6709214260939103,2.6709214260939103,1.6214432528785871,1.6214432528785871,0.5719650796632643,1.0967041662709258,0.5719650796632643,0.5719650796632643,1.0967041662709258,0.04722599305560278,0.5719650796632643,1.0967041662709258,-0.4775130935520587,3.1956605127015716,-1.0022521801597202,-0.4775130935520587,2.1461823394862485,0.5719650796632643,0.5719650796632643,0.04722599305560278,-0.4775130935520587,0.5719650796632643,1.6214432528785871,1.6214432528785871,-0.4775130935520587,0.5719650796632643,1.0967041662709258,1.6214432528785871,0.04722599305560278,1.0967041662709258,0.5719650796632643,-1.0022521801597202,4.245138685916894,0.04722599305560278,0.5719650796632643,0.04722599305560278,-0.4775130935520587,2.6709214260939103,0.5719650796632643,1.0967041662709258,0.04722599305560278,0.04722599305560278,0.04722599305560278,-1.0022521801597202,2.6709214260939103,0.04722599305560278,-0.4775130935520587,-1.0022521801597202,0.5719650796632643,1.6214432528785871,1.6214432528785871,0.5719650796632643,1.6214432528785871,0.04722599305560278,1.6214432528785871,2.6709214260939103,0.04722599305560278,4.245138685916894,0.04722599305560278,3.1956605127015716,-1.0022521801597202,0.5719650796632643,1.0967041662709258,-0.4775130935520587,0.04722599305560278,1.0967041662709258,-1.0022521801597202,0.04722599305560278,-0.4775130935520587,-0.4775130935520587,1.0967041662709258,3.1956605127015716,1.6214432528785871,1.0967041662709258,-1.0022521801597202,-0.4775130935520587,0.5719650796632643,1.6214432528785871,1.6214432528785871,0.04722599305560278,-0.4775130935520587,0.5719650796632643,1.0967041662709258,-0.4775130935520587,-0.4775130935520587,0.04722599305560278,-0.4775130935520587,-0.4775130935520587,-0.4775130935520587,0.04722599305560278,0.04722599305560278,0.04722599305560278,-0.4775130935520587,0.04722599305560278,-1.0022521801597202,-0.4775130935520587,-0.4775130935520587,-1.0022521801597202,-1.0022521801597202,0.5719650796632643,-1.0022521801597202,-1.0022521801597202,0.04722599305560278,0.04722599305560278,0.04722599305560278,-1.0022521801597202,-0.4775130935520587,-0.4775130935520587,-1.0022521801597202,-1.0022521801597202,0.5719650796632643,-1.0022521801597202,-1.0022521801597202,0.04722599305560278,0.5719650796632643,1.6214432528785871,-1.0022521801597202,0.04722599305560278,-0.4775130935520587,-0.4775130935520587,-1.0022521801597202,-0.4775130935520587,-0.4775130935520587,-1.0022521801597202,0.5719650796632643,-1.0022521801597202,0.04722599305560278,-1.0022521801597202,2.1461823394862485,0.04722599305560278,0.04722599305560278,-0.4775130935520587,-0.4775130935520587,0.04722599305560278,-1.0,-0.4775130935520587,0.5719650796632643,0.04722599305560278,-0.4775130935520587,-0.4775130935520587,0.04722599305560278,0.04722599305560278,1.6214432528785871,-0.4775130935520587,-0.4775130935520587,-0.4775130935520587,0.04722599305560278,-0.4775130935520587,-0.4775130935520587,-0.4775130935520587,-0.4775130935520587,-1.0022521801597202,-0.4775130935520587,-1.0,0.04722599305560278,0.04722599305560278,-0.4775130935520587,-0.4775130935520587,-0.4775130935520587,-0.4775130935520587,-0.4775130935520587,-1.0022521801597202,-1.0022521801597202,3.1956605127015716,0.04722599305560278,-1.0022521801597202,3.1956605127015716,-1.0022521801597202,-0.4775130935520587,0.5719650796632643,0.5719650796632643,-0.4775130935520587,-1.0022521801597202,-1.0022521801597202,3.1956605127015716,0.04722599305560278,-1.0022521801597202,3.1956605127015716,-1.0022521801597202,-0.4775130935520587,-1.0022521801597202,-0.4775130935520587,-1.0022521801597202,-1.0022521801597202,3.1956605127015716,0.04722599305560278,-1.0022521801597202,3.1956605127015716,-1.0022521801597202,-0.4775130935520587,1.6214432528785871,0.04722599305560278,1.0967041662709258,-0.4775130935520587,-0.4775130935520587,-0.4775130935520587,-1.0022521801597202,-0.4775130935520587,0.04722599305560278,0.04722599305560278,0.04722599305560278,-0.4775130935520587,0.04722599305560278,-1.0022521801597202,1.6214432528785871,-1.0022521801597202,0.5719650796632643,1.6214432528785871,1.6214432528785871,0.5719650796632643,0.5719650796632643,0.04722599305560278,-1.0,-0.4775130935520587,1.0967041662709258,1.0967041662709258,0.04722599305560278,-1.0,-0.4775130935520587,0.04722599305560278,0.5719650796632643,-0.4775130935520587,-1.0,0.04722599305560278,-1.0,-0.4775130935520587,2.6709214260939103,0.5719650796632643,0.04722599305560278,-1.0,-0.4775130935520587,0.04722599305560278,0.04722599305560278,-0.4775130935520587,0.5719650796632643,0.04722599305560278,-1.0,-0.4775130935520587,0.5719650796632643,1.0967041662709258,0.04722599305560278,-1.0,-0.4775130935520587,0.04722599305560278,1.0967041662709258,0.04722599305560278,-1.0,-0.4775130935520587,0.5719650796632643,0.04722599305560278,0.04722599305560278,-1.0,-0.4775130935520587,1.0967041662709258,0.04722599305560278,-1.0022521801597202,-1.0022521801597202,-0.4775130935520587,-1.0022521801597202,0.04722599305560278,0.04722599305560278,-0.4775130935520587,-0.4775130935520587,-0.4775130935520587,0.04722599305560278,-1.0022521801597202,0.04722599305560278,-1.0022521801597202,-0.4775130935520587,0.04722599305560278,0.04722599305560278,-0.4775130935520587,-0.4775130935520587,-0.4775130935520587,2.1461823394862485,1.6214432528785871,-0.4775130935520587,1.6214432528785871,1.0967041662709258,0.5719650796632643,3.1956605127015716,-0.4775130935520587,2.1461823394862485,0.04722599305560278,0.04722599305560278,-1.0,-0.4775130935520587,-0.4775130935520587,-0.4775130935520587,-1.0022521801597202,-0.4775130935520587,-1.0022521801597202,0.04722599305560278,-1.0022521801597202,0.5719650796632643,-1.0022521801597202,-0.4775130935520587,-1.0022521801597202,0.04722599305560278,-0.4775130935520587,-0.4775130935520587,2.1461823394862485,-1.0022521801597202,1.6214432528785871,-1.0022521801597202,0.04722599305560278,-1.0022521801597202,-0.4775130935520587,1.0967041662709258,1.0967041662709258,-1.0022521801597202,-0.4775130935520587,-0.4775130935520587,1.0967041662709258,-1.0022521801597202,-0.4775130935520587,0.04722599305560278,1.6214432528785871,0.04722599305560278,1.0967041662709258,-0.4775130935520587,-0.4775130935520587,-0.4775130935520587,-1.0022521801597202,-0.4775130935520587,0.04722599305560278,1.6214432528785871,0.04722599305560278,-0.4775130935520587,-0.4775130935520587,0.5719650796632643,-0.4775130935520587,0.04722599305560278,1.0967041662709258,-0.4775130935520587,-0.4775130935520587,0.04722599305560278,0.04722599305560278,0.04722599305560278,-0.4775130935520587,-1.0022521801597202,-0.4775130935520587,0.5719650796632643,-0.4775130935520587,-0.4775130935520587,-1.0022521801597202,-0.4775130935520587,-1.0022521801597202,0.5719650796632643,-1.0,1.0967041662709258,0.5719650796632643,-1.0022521801597202,-0.4775130935520587,-0.4775130935520587,0.04722599305560278
-1.0,-1.0,-1.0,-1.0,-1.0,-1.0,-1.0,-1.0,-1.0,-1.0,-1.0,-1.0,-1.0,-1.0,-1.0,-1.0,-1.0,-1.0,-1.0,-1.0,-1.0,-1.0,1.0,-1.0,-1.0,-1.0,-1.0,-1.0,-1.0,-1.0,-1.0,-1.0,-1.0,-1.0,-1.0,-1.0,-1.0,-1.0,-1.0,-1.0,-1.0,-1.0,-1.0,-1.0,-1.0,-1.0,-1.0,-1.0,-1.0,-1.0,-1.0,-1.0,-1.0,-1.0,-1.0,-1.0,-1.0,-1.0,-1.0,-1.0,-1.0,-1.0,-1.0,-1.0,1.0,-1.0,-1.0,-1.0,-1.0,-1.0,-1.0,-1.0,-1.0,-1.0,-1.0,-1.0,-1.0,-1.0,-1.0,-1.0,-1.0,-1.0,-1.0,-1.0,-1.0,-1.0,-1.0,-1.0,-1.0,-1.0,-1.0,-1.0,-1.0,-1.0,-1.0,-1.0,-1.0,-1.0,-1.0,-1.0,-1.0,-1.0,-1.0,-1.0,-1.0,-1.0,-1.0,-1.0,-1.0,-1.0,-1.0,-1.0,-1.0,-1.0,-1.0,-1.0,-1.0,-1.0,-1.0,-1.0,-1.0,-1.0,-1.0,-1.0,-1.0,-1.0,-1.0,-1.0,-1.0,-1.0,-1.0,-1.0,-1.0,-1.0,-1.0,-1.0,-1.0,-1.0,-1.0,-1.0,-1.0,-1.0,-1.0,-1.0,-1.0,-1.0,-1.0,-1.0,-1.0,-1.0,-1.0,-1.0,-1.0,-1.0,-1.0,-1.0,-1.0,-1.0,1.0,-1.0,-1.0,1.0,-1.0,1.0,1.0,1.0,-1.0,-1.0,1.0,1.0,1.0,1.0,1.0,1.0,1.0,1.0,1.0,-1.0,1.0,1.0,-1.0,1.0,1.0,1.0,1.0,1.0,1.0,1.0,-1.0,1.0,1.0,-1.0,-1.0,-1.0,-1.0,-1.0,-1.0,1.0,1.0,1.0,1.0,1.0,-1.0,-1.0,-1.0,1.0,-1.0,1.0,1.0,1.0,1.0,1.0,-1.0,1.0,-1.0,-1.0,1.0,-1.0,1.0,1.0,-1.0,1.0,1.0,1.0,1.0,1.0,1.0,1.0,1.0,1.0,1.0,-1.0,-1.0,-1.0,1.0,1.0,1.0,-1.0,1.0,1.0,1.0,-1.0,1.0,1.0,-1.0,1.0,1.0,-1.0,-1.0,1.0,1.0,1.0,-1.0,1.0,1.0,-1.0,1.0,1.0,-1.0,1.0,1.0,1.0,-1.0,1.0,1.0,-1.0,1.0,1.0,-1.0,-1.0,-1.0,1.0,-1.0,1.0,-1.0,-1.0,1.0,1.0,-1.0,1.0,-1.0,-1.0,-1.0,-1.0,-1.0,-1.0,-1.0,-1.0,1.0,1.0,-1.0,1.0,-1.0,1.0,1.0,-1.0,1.0,-1.0,1.0,-1.0,-1.0,1.0,-1.0,1.0,-1.0,1.0,1.0,-1.0,1.0,-1.0,1.0,-1.0,1.0,1.0,-1.0,1.0,-1.0,1.0,1.0,-1.0,1.0,-1.0,1.0,1.0,-1.0,1.0,-1.0,1.0,1.0,-1.0,1.0,-1.0,1.0,1.0,1.0,1.0,1.0,1.0,-1.0,1.0,1.0,1.0,-1.0,-1.0,1.0,1.0,1.0,1.0,-1.0,1.0,1.0,-1.0,-1.0,-1.0,-1.0,-1.0,-1.0,-1.0,-1.0,-1.0,-1.0,1.0,1.0,-1.0,1.0,1.0,-1.0,-1.0,1.0,-1.0,1.0,-1.0,-1.0,-1.0,1.0,-1.0,1.0,-1.0,1.0,-1.0,-1.0,-1.0,1.0,-1.0,-1.0,-1.0,-1.0,-1.0,-1.0,-1.0,1.0,-1.0,-1.0,-1.0,1.0,-1.0,-1.0,-1.0,1.0,1.0,-1.0,-1.0,-1.0,1.0,-1.0,-1.0,-1.0,1.0,-1.0,1.0,1.0,-1.0,1.0,-1.0,-1.0,-1.0,1.0,1.0,-1.0,-1.0,-1.0,1.0,1.0,1.0,1.0,-1.0,-1.0,-1.0,-1.0,1.0,1.0,1.0,1.0,1.0
-1.0,-1.0,-1.0,-1.0,-1.0,1.0,-1.0,-1.0,-1.0,1.0,-1.0,-1.0,-1.0,-1.0,-1.0,-1.0,-1.0,-1.0,-1.0,-1.0,-1.0,-1.0,-1.0,-1.0,-1.0,-1.0,-1.0,1.0,-1.0,-1.0,-1.0,-1.0,-1.0,-1.0,-1.0,-1.0,-1.0,-1.0,-1.0,-1.0,-1.0,-1.0,-1.0,-1.0,-1.0,-1.0,-1.0,-1.0,-1.0,1.0,-1.0,-1.0,-1.0,-1.0,-1.0,-1.0,-1.0,-1.0,-1.0,-1.0,-1.0,-1.0,-1.0,-1.0,1.0,-1.0,-1.0,-1.0,-1.0,-1.0,-1.0,-1.0,-1.0,-1.0,1.0,-1.0,-1.0,-1.0,-1.0,-1.0,-1.0,-1.0,-1.0,-1.0,-1.0,-1.0,-1.0,-1.0,-1.0,-1.0,-1.0,-1.0,-1.0,-1.0,-1.0,-1.0,-1.0,1.0,-1.0,-1.0,-1.0,-1.0,-1.0,-1.0,-1.0,-1.0,-1.0,-1.0,-1.0,-1.0,-1.0,-1.0,-1.0,-1.0,-1.0,-1.0,-1.0,-1.0,-1.0,-1.0,-1.0,-1.0,-1.0,-1.0,-1.0,-1.0,-1.0,-1.0,-1.0,-1.0,-1.0,-1.0,-1.0,-1.0,-1.0,-1.0,-1.0,-1.0,-1.0,1.0,1.0,-1.0,-1.0,-1.0,-1.0,-1.0,-1.0,-1.0,-1.0,-1.0,-1.0,-1.0,-1.0,-1.0,-1.0,1.0,-1.0,1.0,-1.0,-1.0,-1.0,-1.0,-1.0,-1.0,-1.0,-1.0,-1.0,-1.0,-1.0,-1.0,-1.0,-1.0,-1.0,-1.0,-1.0,-1.0,-1.0,-1.0,-1.0,-1.0,-1.0,-1.0,-1.0,-1.0,-1.0,-1.0,-1.0,-1.0,-1.0,-1.0,-1.0,-1.0,-1.0,-1.0,-1.0,-1.0,-1.0,-1.0,-1.0,-1.0,-1.0,-1.0,-1.0,-1.0,1.0,-1.0,-1.0,-1.0,-1.0,-1.0,-1.0,-1.0,-1.0,-1.0,-1.0,-1.0,-1.0,1.0,-1.0,-1.0,-1.0,-1.0,-1.0,-1.0,-1.0,-1.0,-1.0,-1.0,-1.0,-1.0,-1.0,-1.0,-1.0,-1.0,-1.0,-1.0,-1.0,1.0,-1.0,-1.0,-1.0,-1.0,-1.0,-1.0,-1.0,-1.0,-1.0,-1.0,-1.0,-1.0,-1.0,-1.0,-1.0,-1.0,-1.0,-1.0,-1.0,-1.0,-1.0,-1.0,-1.0,-1.0,-1.0,-1.0,-1.0,-1.0,-1.0,-1.0,-1.0,-1.0,-1.0,-1.0,-1.0,-1.0,-1.0,-1.0,-1.0,-1.0,-1.0,-1.0,-1.0,-1.0,-1.0,-1.0,-1.0,-1.0,-1.0,-1.0,-1.0,-1.0,-1.0,-1.0,-1.0,-1.0,-1.0,-1.0,-1.0,-1.0,-1.0,-1.0,-1.0,-1.0,-1.0,-1.0,-1.0,-1.0,-1.0,-1.0,-1.0,-1.0,-1.0,-1.0,-1.0,-1.0,-1.0,-1.0,-1.0,-1.0,-1.0,-1.0,-1.0,-1.0,-1.0,-1.0,-1.0,-1.0,-1.0,-1.0,-1.0,-1.0,-1.0,-1.0,-1.0,-1.0,-1.0,-1.0,-1.0,-1.0,-1.0,-1.0,-1.0,-1.0,-1.0,-1.0,-1.0,-1.0,-1.0,-1.0,-1.0,-1.0,-1.0,-1.0,-1.0,-1.0,-1.0,-1.0,-1.0,-1.0,-1.0,-1.0,-1.0,-1.0,-1.0,-1.0,-1.0,-1.0,-1.0,-1.0,-1.0,-1.0,-1.0,-1.0,-1.0,-1.0,-1.0,-1.0,-1.0,-1.0,-1.0,-1.0,-1.0,-1.0,-1.0,-1.0,-1.0,-1.0,-1.0,-1.0,-1.0,-1.0,-1.0,-1.0,-1.0,-1.0,-1.0,-1.0,-1.0,-1.0,-1.0,-1.0,-1.0,-1.0,-1.0,-1.0,-1.0,1.0,-1.0,-1.0,-1.0,-1.0,-1.0,-1.0,-1.0,-1.0,-1.0,-1.0,-1.0,-1.0,-1.0,-1.0,-1.0,-1.0,-1.0,-1.0,-1.0,-1.0,-1.0,-1.0,-1.0,-1.0,-1.0,-1.0,-1.0,-1.0
-1.0,-1.0,-1.0,-1.0,-1.0,-1.0,-1.0,-1.0,-1.0,-1.0,-1.0,1.0,-1.0,-1.0,-1.0,-1.0,-1.0,-1.0,-1.0,-1.0,-1.0,-1.0,-1.0,-1.0,-1.0,-1.0,-1.0,-1.0,-1.0,-1.0,-1.0,-1.0,-1.0,-1.0,-1.0,-1.0,-1.0,-1.0,-1.0,-1.0,-1.0,-1.0,-1.0,-1.0,-1.0,-1.0,-1.0,-1.0,-1.0,-1.0,-1.0,-1.0,-1.0,-1.0,-1.0,-1.0,-1.0,-1.0,-1.0,-1.0,-1.0,-1.0,-1.0,-1.0,-1.0,1.0,-1.0,-1.0,-1.0,-1.0,-1.0,-1.0,-1.0,-1.0,1.0,-1.0,-1.0,-1.0,-1.0,-1.0,-1.0,-1.0,-1.0,-1.0,-1.0,1.0,-1.0,-1.0,-1.0,-1.0,-1.0,-1.0,-1.0,-1.0,-1.0,1.0,-1.0,-1.0,-1.0,-1.0,-1.0,-1.0,1.0,-1.0,-1.0,-1.0,-1.0,-1.0,-1.0,-1.0,-1.0,-1.0,-1.0,-1.0,-1.0,-1.0,-1.0,-1.0,-1.0,1.0,1.0,-1.0,-1.0,-1.0,-1.0,-1.0,-1.0,-1.0,-1.0,-1.0,-1.0,-1.0,-1.0,-1.0,-1.0,-1.0,-1.0,-1.0,-1.0,-1.0,-1.0,-1.0,-1.0,-1.0,-1.0,-1.0,-1.0,-1.0,-1.0,-1.0,-1.0,-1.0,-1.0,-1.0,-1.0,-1.0,-1.0,-1.0,-1.0,-1.0,1.0,-1.0,-1.0,-1.0,-1.0,-1.0,-1.0,-1.0,-1.0,-1.0,-1.0,-1.0,-1.0,-1.0,-1.0,-1.0,-1.0,-1.0,-1.0,-1.0,-1.0,-1.0,-1.0,-1.0,-1.0,-1.0,-1.0,-1.0,-1.0,-1.0,-1.0,-1.0,-1.0,-1.0,-1.0,-1.0,-1.0,-1.0,-1.0,-1.0,-1.0,-1.0,-1.0,-1.0,-1.0,-1.0,-1.0,-1.0,-1.0,-1.0,-1.0,-1.0,-1.0,-1.0,-1.0,-1.0,-1.0,-1.0,-1.0,-1.0,-1.0,-1.0,-1.0,-1.0,-1.0,-1.0,-1.0,-1.0,-1.0,-1.0,-1.0,-1.0,-1.0,-1.0,-1.0,-1.0,-1.0,-1.0,-1.0,-1.0,-1.0,-1.0,-1.0,-1.0,-1.0,-1.0,-1.0,-1.0,-1.0,-1.0,-1.0,-1.0,-1.0,-1.0,-1.0,-1.0,-1.0,-1.0,1.0,-1.0,-1.0,-1.0,-1.0,-1.0,-1.0,-1.0,-1.0,-1.0,-1.0,-1.0,-1.0,-1.0,-1.0,-1.0,-1.0,-1.0,-1.0,-1.0,-1.0,-1.0,-1.0,-1.0,-1.0,-1.0,-1.0,-1.0,-1.0,-1.0,-1.0,-1.0,-1.0,-1.0,-1.0,-1.0,-1.0,-1.0,-1.0,-1.0,-1.0,-1.0,-1.0,-1.0,-1.0,-1.0,-1.0,-1.0,-1.0,-1.0,-1.0,-1.0,-1.0,-1.0,-1.0,-1.0,-1.0,-1.0,-1.0,-1.0,-1.0,-1.0,-1.0,-1.0,-1.0,-1.0,-1.0,-1.0,-1.0,-1.0,-1.0,-1.0,-1.0,-1.0,-1.0,-1.0,-1.0,-1.0,-1.0,-1.0,-1.0,-1.0,-1.0,-1.0,-1.0,-1.0,-1.0,-1.0,-1.0,-1.0,-1.0,-1.0,-1.0,-1.0,-1.0,-1.0,-1.0,-1.0,-1.0,-1.0,-1.0,-1.0,-1.0,-1.0,-1.0,-1.0,-1.0,-1.0,-1.0,-1.0,-1.0,-1.0,-1.0,-1.0,-1.0,-1.0,-1.0,-1.0,-1.0,-1.0,-1.0,-1.0,-1.0,-1.0,-1.0,-1.0,-1.0,-1.0,-1.0,-1.0,-1.0,-1.0,-1.0,-1.0,-1.0,-1.0,-1.0,-1.0,-1.0,-1.0,-1.0,-1.0,-1.0,-1.0,-1.0,-1.0,-1.0,-1.0,1.0,-1.0,-1.0,-1.0,-1.0,1.0,-1.0,-1.0,-1.0,-1.0,-1.0,-1.0,-1.0,-1.0,-1.0,-1.0,-1.0,-1.0,-1.0,-1.0,-1.0,-1.0,-1.0,-1.0,-1.0,-1.0,-1.0,-1.0
-2.446043165467626,-2.446043165467626,-2.446043165467626,-2.446043165467626,-2.446043165467626,-2.446043165467626,-2.446043165467626,-2.446043165467626,-2.446043165467626,-2.446043165467626,-2.446043165467626,-2.446043165467626,-2.446043165467626,-2.446043165467626,-2.446043165467626,-2.446043165467626,-2.446043165467626,-2.446043165467626,-2.446043165467626,-2.446043165467626,-2.446043165467626,-2.446043165467626,0.8240680183126226,-2.446043165467626,-2.446043165467626,-2.446043165467626,-2.446043165467626,-2.446043165467626,-2.446043165467626,-2.446043165467626,-2.446043165467626,-2.446043165467626,-2.446043165467626,-2.446043165467626,-2.446043165467626,-2.446043165467626,-2.446043165467626,-2.446043165467626,-2.446043165467626,-2.446043165467626,-2.446043165467626,-2.446043165467626,-2.446043165467626,-2.446043165467626,-2.446043165467626,-2.446043165467626,-2.446043165467626,-2.446043165467626,-2.446043165467626,-2.446043165467626,-2.446043165467626,-2.446043165467626,-2.446043165467626,-2.446043165467626,-2.446043165467626,-2.446043165467626,-2.446043165467626,-2.446043165467626,-2.446043165467626,-2.446043165467626,-2.446043165467626,-2.446043165467626,-2.446043165467626,-2.446043165467626,-0.2659690429474603,-2.446043165467626,-2.446043165467626,-2.446043165467626,-2.446043165467626,-2.446043165467626,-2.446043165467626,-2.446043165467626,-2.446043165467626,-2.446043165467626,-2.446043165467626,-2.446043165467626,-2.446043165467626,-2.446043165467626,-2.446043165467626,-2.446043165467626,-2.446043165467626,-2.446043165467626,-2.446043165467626,-2.446043165467626,-2.446043165467626,-2.446043165467626,-2.446043165467626,-2.446043165467626,-2.446043165467626,-2.446043165467626,-2.446043165467626,-2.446043165467626,-2.446043165467626,-2.446043165467626,-2.446043165467626,-2.446043165467626,-2.446043165467626,-2.446043165467626,-2.446043165467626,-2.446043165467626,-2.446043165467626,-2.446043165467626,-2.446043165467626,-2.446043165467626,-2.446043165467626,-2.446043165467626,-2.446043165467626,-2.446043165467626,-2.446043165467626,-2.446043165467626,-2.446043165467626,-2.446043165467626,-2.446043165467626,-2.446043165467626,-2.446043165467626,-2.446043165467626,-2.446043165467626,-2.446043165467626,-2.446043165467626,-2.446043165467626,-2.446043165467626,-2.446043165467626,-2.446043165467626,-2.446043165467626,-2.446043165467626,-2.446043165467626,-2.446043165467626,-2.446043165467626,-2.446043165467626,-2.446043165467626,-2.446043165467626,-2.446043165467626,-2.446043165467626,-2.446043165467626,-2.446043165467626,-2.446043165467626,-2.446043165467626,-2.446043165467626,-2.446043165467626,-2.446043165467626,-2.446043165467626,-2.446043165467626,-2.446043165467626,-2.446043165467626,-2.446043165467626,-2.446043165467626,-2.446043165467626,-2.446043165467626,-2.446043165467626,-2.446043165467626,-2.446043165467626,-2.446043165467626,-2.446043165467626,-2.446043165467626,-2.446043165467626,-2.446043165467626,-2.446043165467626,-2.446043165467626,-0.2659690429474603,-2.446043165467626,-2.446043165467626,-0.8109875735775016,-2.446043165467626,-0.2659690429474603,-0.2659690429474603,-0.8109875735775016,-2.446043165467626,-2.446043165467626,-0.2659690429474603,-0.2659690429474603,-0.2659690429474603,-1.356006104207543,0.35690927777258696,-0.03648755636639027,-1.1379986919555263,-0.8109875735775016,0.8240680183126226,-2.446043165467626,0.8240680183126226,0.8240680183126226,-2.446043165467626,-1.0445669438475194,-1.356006104207543,0.35690927777258696,-0.03648755636639027,-1.1379986919555263,-0.8109875735775016,0.8240680183126226,-2.446043165467626,0.8240680183126226,0.8240680183126226,-2.446043165467626,-2.446043165467626,-2.446043165467626,-2.446043165467626,-2.446043165467626,-2.446043165467626,-0.8109875735775016,-0.2659690429474603,0.6317085369137844,1.187413705399317,0.8240680183126226,-2.446043165467626,-2.446043165467626,-2.446043165467626,-1.356006104207543,-2.446043165467626,-0.33008887008040616,0.39753177694998143,-0.0124720519567433,1.0756150324495646,-0.8109875735775016,0.0,0.35690927777258696,-2.446043165467626,-2.446043165467626,4.094179202092871,-2.446043165467626,-0.2659690429474603,-0.8109875735775016,-2.446043165467626,0.9295554758539208,0.39753177694998143,-0.1431479656223806,-0.33008887008040616,0.7443092089521287,-0.14812719848691058,0.006540222367560503,-0.2659690429474603,-1.356006104207543,4.094179202092871,0.0,-2.446043165467626,-2.446043165467626,0.2790494876825813,0.06942697590179618,-0.8109875735775016,-2.446043165467626,0.8240680183126226,0.17004578155657307,0.8240680183126226,-2.446043165467626,-1.356006104207543,0.8240680183126226,-2.446043165467626,-0.8109875735775016,-0.2659690429474603,-2.446043165467626,-2.446043165467626,0.006540222367560503,0.17004578155657307,0.8240680183126226,-2.446043165467626,-1.356006104207543,0.8240680183126226,-2.446043165467626,-0.8109875735775016,-0.2659690429474603,-2.446043165467626,0.17004578155657307,0.17004578155657307,0.8240680183126226,-2.446043165467626,-1.356006104207543,0.8240680183126226,-2.446043165467626,-0.8109875735775016,-0.2659690429474603,-2.446043165467626,-2.446043165467626,-2.446043165467626,0.17004578155657307,-2.446043165467626,-1.356006104207543,-2.446043165467626,-2.446043165467626,-0.2659690429474603,-0.2659690429474603,-2.446043165467626,-0.2659690429474603,-2.446043165467626,-2.446043165467626,-2.446043165467626,-2.446043165467626,-2.446043165467626,-2.446043165467626,-2.446043165467626,-2.446043165467626,-1.9788844249275905,-0.2659690429474603,0.0,-0.2659690429474603,-2.446043165467626,-1.5117256843875548,-0.2659690429474603,0.0,-0.2659690429474603,-2.446043165467626,-1.6285153695225636,-2.446043165467626,0.0,-0.2659690429474603,0.0,-0.2659690429474603,-2.446043165467626,-1.2197514715500326,-0.2659690429474603,0.0,-0.2659690429474603,-2.446043165467626,-0.4839764551994768,-2.446043165467626,-2.0100283409635926,-0.2659690429474603,0.0,-0.2659690429474603,-2.446043165467626,-1.9010246348375845,-0.2659690429474603,0.0,-0.2659690429474603,-2.446043165467626,-1.8514774956893987,-0.2659690429474603,0.0,-0.2659690429474603,-2.446043165467626,-0.4839764551994768,-0.2659690429474603,0.0,-0.2659690429474603,-2.446043165467626,-0.662346156132945,0.46072233122592815,1.914105079572705,0.46072233122592815,1.914105079572705,-0.0677804863547178,-2.446043165467626,0.8240680183126226,0.06942697590179618,0.8240680183126226,-2.446043165467626,-2.446043165467626,-0.2659690429474603,-0.2659690429474603,-0.1821200382351462,-0.0677804863547178,-2.446043165467626,0.8240680183126226,0.06942697590179618,-2.446043165467626,-2.446043165467626,-2.446043165467626,-2.446043165467626,-2.446043165467626,-2.446043165467626,-2.446043165467626,-2.446043165467626,-2.446043165467626,-2.446043165467626,0.526785183423509,0.8240680183126226,0.0,1.478090255068672,-0.4336670523720882,-2.446043165467626,-2.446043165467626,-0.4336670523720882,-2.446043165467626,-1.7193517912942373,-2.446043165467626,-2.446043165467626,-2.446043165467626,0.8240680183126226,-2.446043165467626,-1.0445669438475194,-2.446043165467626,0.17004578155657307,-2.446043165467626,-2.446043165467626,-2.446043165467626,-1.439855108919857,-2.446043165467626,-2.446043165467626,-2.446043165467626,-2.446043165467626,-2.446043165467626,-2.446043165467626,-2.446043165467626,0.526785183423509,-2.446043165467626,-2.446043165467626,-2.446043165467626,0.41530412034009156,-2.446043165467626,-2.446043165467626,-2.446043165467626,0.17004578155657307,-1.356006104207543,-2.446043165467626,-2.446043165467626,-2.446043165467626,-0.2659690429474603,-2.446043165467626,-2.446043165467626,-2.446043165467626,-0.2659690429474603,-2.446043165467626,-1.1379986919555263,-1.1379986919555263,-2.446043165467626,-0.8109875735775016,-2.446043165467626,-2.446043165467626,-2.446043165467626,-1.6285153695225636,-1.6285153695225636,-2.446043165467626,-2.446043165467626,-2.446043165467626,-0.2659690429474603,-1.356006104207543,0.35690927777258696,-0.2659690429474603,-2.446043165467626,-2.446043165467626,0.0,-2.446043165467626,-0.2659690429474603,0.8240680183126226,0.8240680183126226,-0.2659690429474603,-0.2659690429474603
-1.0,-1.0,-1.0,-1.0,-1.0,1.0,-1.0,-1.0,-1.0,1.0,-1.0,-1.0,-1.0,-1.0,-1.0,-1.0,-1.0,-1.0,-1.0,-1.0,-1.0,-1.0,-1.0,-1.0,-1.0,-1.0,-1.0,1.0,-1.0,-1.0,-1.0,-1.0,-1.0,-1.0,-1.0,-1.0,-1.0,-1.0,-1.0,-1.0,-1.0,-1.0,-1.0,-1.0,-1.0,-1.0,-1.0,-1.0,-1.0,1.0,-1.0,-1.0,-1.0,-1.0,-1.0,-1.0,-1.0,-1.0,-1.0,-1.0,-1.0,-1.0,-1.0,-1.0,1.0,-1.0,-1.0,-1.0,-1.0,-1.0,-1.0,-1.0,-1.0,-1.0,1.0,-1.0,-1.0,-1.0,-1.0,-1.0,-1.0,-1.0,-1.0,-1.0,-1.0,-1.0,-1.0,-1.0,-1.0,-1.0,-1.0,-1.0,-1.0,-1.0,-1.0,-1.0,-1.0,1.0,-1.0,-1.0,-1.0,-1.0,-1.0,-1.0,-1.0,-1.0,-1.0,-1.0,-1.0,-1.0,-1.0,-1.0,-1.0,-1.0,-1.0,-1.0,-1.0,-1.0,-1.0,-1.0,-1.0,-1.0,-1.0,-1.0,-1.0,-1.0,-1.0,-1.0,-1.0,-1.0,-1.0,-1.0,-1.0,-1.0,-1.0,-1.0,-1.0,-1.0,-1.0,1.0,1.0,-1.0,-1.0,-1.0,-1.0,-1.0,-1.0,-1.0,-1.0,-1.0,-1.0,-1.0,-1.0,-1.0,-1.0,1.0,-1.0,1.0,-1.0,-1.0,-1.0,-1.0,-1.0,-1.0,-1.0,-1.0,-1.0,-1.0,-1.0,-1.0,-1.0,-1.0,-1.0,-1.0,-1.0,-1.0,-1.0,-1.0,-1.0,-1.0,-1.0,-1.0,-1.0,-1.0,-1.0,-1.0,-1.0,-1.0,-1.0,-1.0,-1.0,-1.0,-1.0,-1.0,-1.0,-1.0,-1.0,-1.0,-1.0,-1.0,-1.0,-1.0,-1.0,-1.0,1.0,-1.0,-1.0,-1.0,-1.0,-1.0,-1.0,-1.0,-1.0,-1.0,-1.0,-1.0,-1.0,1.0,-1.0,-1.0,-1.0,-1.0,-1.0,-1.0,-1.0,-1.0,-1.0,-1.0,-1.0,-1.0,-1.0,-1.0,-1.0,-1.0,-1.0,-1.0,-1.0,1.0,-1.0,-1.0,-1.0,-1.0,-1.0,-1.0,-1.0,-1.0,-1.0,-1.0,-1.0,-1.0,-1.0,-1.0,-1.0,-1.0,-1.0,-1.0,-1.0,-1.0,-1.0,-1.0,-1.0,-1.0,-1.0,-1.0,-1.0,-1.0,-1.0,-1.0,-1.0,-1.0,-1.0,-1.0,-1.0,-1.0,-1.0,-1.0,-1.0,-1.0,-1.0,-1.0,-1.0,-1.0,-1.0,-1.0,-1.0,-1.0,-1.0,-1.0,-1.0,-1.0,-1.0,-1.0,-1.0,-1.0,-1.0,-1.0,-1.0,-1.0,-1.0,-1.0,-1.0,-1.0,-1.0,-1.0,-1.0,-1.0,-1.0,-1.0,-1.0,-1.0,-1.0,-1.0,-1.0,-1.0,-1.0,-1.0,-1.0,-1.0,-1.0,-1.0,-1.0,-1.0,-1.0,-1.0,-1.0,-1.0,-1.0,-1.0,-1.0,-1.0,-1.0,-1.0,-1.0,-1.0,-1.0,-1.0,-1.0,-1.0,-1.0,-1.0,-1.0,-1.0,-1.0,-1.0,-1.0,-1.0,-1.0,-1.0,-1.0,-1.0,-1.0,-1.0,-1.0,-1.0,-1.0,-1.0,-1.0,-1.0,-1.0,-1.0,-1.0,-1.0,-1.0,-1.0,-1.0,-1.0,-1.0,-1.0,-1.0,-1.0,-1.0,-1.0,-1.0,-1.0,-1.0,-1.0,-1.0,-1.0,-1.0,-1.0,-1.0,-1.0,-1.0,-1.0,-1.0,-1.0,-1.0,-1.0,-1.0,-1.0,-1.0,-1.0,-1.0,-1.0,-1.0,-1.0,-1.0,-1.0,-1.0,-1.0,-1.0,-1.0,-1.0,-1.0,-1.0,1.0,-1.0,-1.0,-1.0,-1.0,-1.0,-1.0,-1.0,-1.0,-1.0,-1.0,-1.0,-1.0,-1.0,-1.0,-1.0,-1.0,-1.0,-1.0,-1.0,-1.0,-1.0,-1.0,-1.0,-1.0,-1.0,-1.0,-1.0,-1.0
-0.8379914509840762,-0.8379914509840762,-0.8379914509840762,-0.8379914509840762,-0.8379914509840762,-0.8379914509840762,-0.8379914509840762,-0.8379914509840762,-0.8379914509840762,-0.8379914509840762,-0.8379914509840762,-0.7073537229411824,-0.8379914509840762,-0.8379914509840762,-0.8379914509840762,-0.8379914509840762,-0.471255805443032,-0.8379914509840762,-0.6425382111868007,-0.7073537229411824,-0.471255805443032,-0.7073537229411824,-0.3264385948391911,-0.8379914509840762,-0.28273525918707676,-0.8379914509840762,-0.8379914509840762,-0.8379914509840762,-0.8379914509840762,-0.8379914509840762,-0.7769746277781607,-0.7073537229411824,-0.8379914509840762,-0.8379914509840762,-0.8379914509840762,-0.8379914509840762,-0.5249534087498556,-0.8379914509840762,-0.8379914509840762,-0.8379914509840762,-0.8379914509840762,-0.8379914509840762,-0.8379914509840762,-0.8379914509840762,-0.8379914509840762,-0.8379914509840762,-0.5819073491100745,-0.471255805443032,-0.6425382111868007,-0.8379914509840762,-0.8379914509840762,-0.8379914509840762,-0.8379914509840762,-0.7073537229411824,-0.8379914509840762,-0.8379914509840762,-0.8379914509840762,-0.8379914509840762,-0.7769746277781607,-0.8379914509840762,-0.8379914509840762,-0.7073537229411824,-0.8379914509840762,-0.8379914509840762,-0.7769746277781607,-0.471255805443032,-0.5249534087498556,-0.7073537229411824,-0.8379914509840762,-0.8379914509840762,-0.8379914509840762,-0.8379914509840762,-0.8379914509840762,-0.8379914509840762,-0.5819073491100745,-0.8379914509840762,-0.8379914509840762,-0.5249534087498556,-0.8379914509840762,-0.8379914509840762,-0.8379914509840762,-0.8379914509840762,-0.7769746277781607,-0.5819073491100745,-0.8379914509840762,-0.28273525918707676,-0.8379914509840762,-0.5249534087498556,-0.7073537229411824,-0.5819073491100745,-0.8379914509840762,-0.8379914509840762,-0.8379914509840762,-0.8379914509840762,-0.8379914509840762,-0.28273525918707676,-0.8379914509840762,-0.8379914509840762,-0.8379914509840762,-0.8379914509840762,-0.8379914509840762,-0.8379914509840762,-0.6425382111868007,-0.7769746277781607,-0.8379914509840762,-0.8379914509840762,-0.8379914509840762,-0.6425382111868007,-0.7769746277781607,-0.8379914509840762,-0.7769746277781607,-0.8379914509840762,-0.8379914509840762,-0.8379914509840762,-0.6425382111868007,-0.8379914509840762,-0.8379914509840762,-0.8379914509840762,-0.8379914509840762,-0.5249534087498556,-0.5249534087498556,-0.8379914509840762,-0.8379914509840762,-0.8379914509840762,-0.8379914509840762,-0.8379914509840762,-0.7769746277781607,-0.8379914509840762,-0.8379914509840762,-0.8379914509840762,-0.8379914509840762,-0.8379914509840762,-0.8379914509840762,-0.8379914509840762,-0.8379914509840762,-0.7769746277781607,-0.8379914509840762,-0.8379914509840762,-0.8379914509840762,-0.3722746267518522,-0.6425382111868007,-0.8379914509840762,-0.8379914509840762,-0.8379914509840762,-0.7769746277781607,-0.42046223010339584,-0.8379914509840762,-0.8379914509840762,-0.6425382111868007,-0.8379914509840762,-0.8379914509840762,-0.8379914509840762,-0.8379914509840762,-0.5819073491100745,-0.8379914509840762,-0.471255805443032,-0.471255805443032,-0.023208389321739645,-0.5819073491100745,-0.7073537229411824,0.09817986891491412,-0.3722746267518522,-0.8379914509840762,-0.5249534087498556,-0.5819073491100745,-0.3722746267518522,-0.6425382111868007,-0.8379914509840762,-0.5249534087498556,-0.471255805443032,-0.6425382111868007,0.27890408578508746,0.008640501350139093,1.1207360408385294,0.8694519362453007,-0.6425382111868007,-0.8379914509840762,-0.28273525918707676,-0.8379914509840762,-0.8379914509840762,-0.8379914509840762,0.9646677700188816,0.27890408578508746,0.008640501350139093,1.1207360408385294,0.8694519362453007,-0.6425382111868007,-0.8379914509840762,-0.28273525918707676,-0.8379914509840762,-0.8379914509840762,-0.8379914509840762,-0.7769746277781607,-0.8379914509840762,-0.8379914509840762,-0.5249534087498556,-0.6425382111868007,-0.3264385948391911,-0.12579591524122108,1.654649438205439,0.38955562945212996,-0.8379914509840762,-0.7073537229411824,-0.8379914509840762,-0.8379914509840762,-0.28273525918707676,-0.3722746267518522,1.8456350929325123,1.4558151370278587,1.9803654469444316,0.8311016196308474,-0.2009922210080832,-0.8379914509840762,0.30210161745907094,-0.8379914509840762,-0.24097494863154706,-0.8379914509840762,-0.7073537229411824,0.30210161745907094,-0.09034067734104072,-0.8379914509840762,1.6761235685789178,1.4952385003601265,1.9803654469444316,1.8456350929325123,1.9057118692961497,1.858836045025753,1.6919130545260095,0.9062979253977095,-0.056175010404242665,-0.8379914509840762,-0.8379914509840762,-0.7073537229411824,0.998024610130591,0.7204500759638045,0.7350155196539405,1.2872130534997008,-0.3264385948391911,0.27890408578508746,0.4695573283015892,-0.8379914509840762,-0.8379914509840762,0.2056629363936535,-0.8379914509840762,-0.8379914509840762,-0.6425382111868007,-0.5819073491100745,-0.7769746277781607,-0.7769746277781607,0.4304078178496487,0.4695573283015892,-0.8379914509840762,-0.8379914509840762,0.2056629363936535,-0.8379914509840762,-0.8379914509840762,-0.6425382111868007,-0.5819073491100745,-0.28273525918707676,0.5253827972957186,0.4695573283015892,-0.8379914509840762,-0.8379914509840762,0.2056629363936535,-0.8379914509840762,-0.8379914509840762,-0.6425382111868007,-0.5819073491100745,-0.8379914509840762,-0.8379914509840762,-0.8379914509840762,-0.023208389321739645,-0.3722746267518522,0.1262253037870841,-0.8379914509840762,-0.8379914509840762,-0.42046223010339584,-0.5249534087498556,-0.8379914509840762,-0.5819073491100745,-0.8379914509840762,-0.8379914509840762,-0.8379914509840762,-0.8379914509840762,-0.7769746277781607,-0.5249534087498556,-0.8379914509840762,-0.7073537229411824,1.1674846054109034,-0.5249534087498556,-0.8379914509840762,-0.6425382111868007,-0.1626419043936299,1.2791490357521393,-0.5249534087498556,-0.8379914509840762,-0.6425382111868007,-0.471255805443032,0.6598192138870784,-0.5819073491100745,-0.8379914509840762,-0.5249534087498556,-0.8379914509840762,-0.6425382111868007,-0.3264385948391911,1.371628788500744,-0.5249534087498556,-0.8379914509840762,-0.6425382111868007,-0.5249534087498556,0.7350155196539405,-0.5819073491100745,1.3187942558098,-0.5249534087498556,-0.8379914509840762,-0.6425382111868007,-0.3264385948391911,1.111100548173595,-0.5249534087498556,-0.8379914509840762,-0.6425382111868007,-0.42046223010339584,1.0815865303865884,-0.5249534087498556,-0.8379914509840762,-0.6425382111868007,-0.28273525918707676,1.7176530838257549,-0.5249534087498556,-0.8379914509840762,-0.6425382111868007,-0.5819073491100745,0.8694519362453007,0.32474011769774863,-0.8379914509840762,0.38955562945212996,-0.8379914509840762,0.8568416489305937,-0.8379914509840762,0.38955562945212996,0.8311016196308474,0.008640501350139093,-0.8379914509840762,-0.8379914509840762,-0.5249534087498556,-0.8379914509840762,1.526872879717154,0.8568416489305937,-0.8379914509840762,0.38955562945212996,0.8311016196308474,-0.8379914509840762,-0.8379914509840762,-0.8379914509840762,-0.8379914509840762,-0.8379914509840762,-0.8379914509840762,-0.8379914509840762,-0.8379914509840762,-0.8379914509840762,-0.8379914509840762,0.8046364244909198,0.6906236883320888,-0.8379914509840762,-0.2009922210080832,0.7774040163240238,-0.8379914509840762,-0.8379914509840762,0.791118892007384,-0.8379914509840762,0.6598192138870784,-0.8379914509840762,0.6116316105355352,-0.8379914509840762,0.7493585814518534,-0.8379914509840762,0.9646677700188816,-0.5819073491100745,-0.1626419043936299,-0.42046223010339584,-0.8379914509840762,-0.8379914509840762,0.6116316105355352,0.2056629363936535,-0.8379914509840762,-0.8379914509840762,-0.5249534087498556,-0.5819073491100745,-0.8379914509840762,-0.8379914509840762,0.6753477046111246,-0.6425382111868007,-0.8379914509840762,-0.8379914509840762,1.111100548173595,-0.8379914509840762,-0.8379914509840762,-0.8379914509840762,-0.023208389321739645,0.1262253037870841,-0.3722746267518522,-0.8379914509840762,-0.8379914509840762,-0.42046223010339584,-0.471255805443032,0.039444975795149016,-0.42046223010339584,-0.5819073491100745,-0.7073537229411824,-0.056175010404242665,0.008640501350139093,0.09817986891491412,-0.3722746267518522,-0.8379914509840762,-0.471255805443032,-0.8379914509840762,0.4695573283015892,0.38955562945212996,-0.8379914509840762,-0.8379914509840762,-0.09034067734104072,0.1262253037870841,0.1262253037870841,-0.056175010404242665,-0.5819073491100745,-0.8379914509840762,-0.7073537229411824,-0.8379914509840762,-0.12579591524122108,-0.24097494863154706,-0.8379914509840762,-0.8379914509840762,1.2952084404769273,-0.5249534087498556
-1.0,-1.0,-1.0,-1.0,-1.0,-1.0,-1.0,-1.0,-1.0,-1.0,-1.0,-1.0,-1.0,-1.0,-1.0,-1.0,-1.0,-1.0,-1.0,-1.0,-1.0,-1.0,-1.0,-1.0,-1.0,-1.0,-1.0,-1.0,-1.0,-1.0,-1.0,-1.0,-1.0,-1.0,-1.0,-1.0,-1.0,-1.0,-1.0,-1.0,-1.0,-1.0,-1.0,-1.0,-1.0,-1.0,-1.0,-1.0,1.0,-1.0,-1.0,-1.0,-1.0,-1.0,-1.0,1.0,-1.0,-1.0,-1.0,-1.0,-1.0,-1.0,-1.0,-1.0,-1.0,-1.0,-1.0,-1.0,-1.0,-1.0,-1.0,-1.0,-1.0,-1.0,-1.0,-1.0,-1.0,-1.0,-1.0,-1.0,-1.0,-1.0,-1.0,-1.0,-1.0,-1.0,-1.0,-1.0,-1.0,-1.0,-1.0,-1.0,1.0,-1.0,-1.0,-1.0,-1.0,-1.0,-1.0,-1.0,-1.0,-1.0,-1.0,-1.0,-1.0,-1.0,-1.0,-1.0,-1.0,-1.0,-1.0,-1.0,-1.0,-1.0,-1.0,-1.0,-1.0,-1.0,-1.0,-1.0,-1.0,-1.0,-1.0,-1.0,-1.0,-1.0,-1.0,-1.0,-1.0,-1.0,-1.0,-1.0,-1.0,-1.0,-1.0,-1.0,-1.0,-1.0,-1.0,-1.0,-1.0,-1.0,-1.0,-1.0,-1.0,-1.0,-1.0,-1.0,-1.0,-1.0,-1.0,-1.0,-1.0,-1.0,-1.0,-1.0,1.0,-1.0,-1.0,-1.0,-1.0,-1.0,-1.0,-1.0,-1.0,-1.0,-1.0,-1.0,-1.0,-1.0,-1.0,1.0,-1.0,1.0,1.0,1.0,-1.0,-1.0,-1.0,-1.0,-1.0,-1.0,1.0,-1.0,1.0,1.0,1.0,-1.0,-1.0,-1.0,-1.0,-1.0,-1.0,-1.0,-1.0,-1.0,-1.0,-1.0,1.0,1.0,1.0,-1.0,-1.0,-1.0,-1.0,1.0,-1.0,1.0,1.0,1.0,1.0,-1.0,1.0,1.0,-1.0,-1.0,-1.0,-1.0,-1.0,1.0,-1.0,1.0,1.0,1.0,1.0,1.0,1.0,1.0,1.0,-1.0,-1.0,1.0,1.0,1.0,-1.0,-1.0,1.0,-1.0,1.0,1.0,-1.0,-1.0,1.0,-1.0,-1.0,1.0,-1.0,-1.0,-1.0,1.0,1.0,-1.0,-1.0,1.0,-1.0,-1.0,1.0,-1.0,-1.0,1.0,1.0,-1.0,-1.0,1.0,-1.0,-1.0,1.0,-1.0,-1.0,-1.0,1.0,1.0,1.0,-1.0,-1.0,-1.0,-1.0,-1.0,-1.0,-1.0,-1.0,-1.0,-1.0,-1.0,-1.0,-1.0,-1.0,-1.0,1.0,-1.0,-1.0,-1.0,-1.0,1.0,-1.0,-1.0,-1.0,-1.0,1.0,-1.0,1.0,-1.0,-1.0,-1.0,-1.0,1.0,-1.0,-1.0,-1.0,-1.0,1.0,-1.0,1.0,-1.0,-1.0,-1.0,-1.0,1.0,-1.0,-1.0,-1.0,-1.0,1.0,-1.0,-1.0,-1.0,-1.0,1.0,-1.0,-1.0,-1.0,-1.0,1.0,1.0,-1.0,1.0,-1.0,-1.0,-1.0,1.0,1.0,-1.0,-1.0,1.0,-1.0,-1.0,1.0,-1.0,-1.0,1.0,1.0,-1.0,-1.0,-1.0,-1.0,-1.0,-1.0,-1.0,-1.0,-1.0,-1.0,1.0,1.0,-1.0,-1.0,1.0,-1.0,-1.0,-1.0,-1.0,1.0,-1.0,1.0,-1.0,1.0,-1.0,-1.0,-1.0,-1.0,-1.0,1.0,-1.0,1.0,-1.0,1.0,-1.0,1.0,-1.0,1.0,-1.0,1.0,-1.0,1.0,-1.0,1.0,-1.0,-1.0,1.0,1.0,-1.0,1.0,-1.0,-1.0,-1.0,1.0,-1.0,-1.0,-1.0,-1.0,-1.0,-1.0,-1.0,-1.0,-1.0,-1.0,-1.0,1.0,1.0,-1.0,-1.0,-1.0,-1.0,-1.0,-1.0,-1.0,-1.0,-1.0,1.0,1.0,1.0,-1.0,1.0,1.0,-1.0
-0.16989594669116745,-0.16989594669116745,-0.16989594669116745,-0.16989594669116745,-0.16989594669116745,-0.16989594669116745,-0.16989594669116745,-0.16989594669116745,-0.16989594669116745,-0.16989594669116745,-0.16989594669116745,-0.16989594669116745,-0.16989594669116745,-0.16989594669116745,-0.16989594669116745,-0.16989594669116745,-0.16989594669116745,-0.16989594669116745,-0.16989594669116745,-0.16989594669116745,-0.16989594669116745,-0.16989594669116745,-0.16989594669116745,-0.16989594669116745,-0.16989594669116745,-0.16989594669116745,-0.16989594669116745,-0.16989594669116745,-0.16989594669116745,-0.16989594669116745,-0.16989594669116745,-0.16989594669116745,-0.16989594669116745,-0.16989594669116745,-0.16989594669116745,-0.16989594669116745,-0.16989594669116745,-0.16989594669116745,-0.16989594669116745,-0.16989594669116745,-0.16989594669116745,-0.16989594669116745,-0.16989594669116745,-0.16989594669116745,-0.16989594669116745,-0.16989594669116745,-0.16989594669116745,-0.16989594669116745,4.7276522427342424,-0.16989594669116745,-0.16989594669116745,-0.16989594669116745,-0.16989594669116745,-0.16989594669116745,-0.16989594669116745,4.7276522427342424,-0.16989594669116745,-0.16989594669116745,-0.16989594669116745,-0.16989594669116745,-0.16989594669116745,-0.16989594669116745,-0.16989594669116745,-0.16989594669116745,-0.16989594669116745,-0.16989594669116745,-0.16989594669116745,-0.16989594669116745,-0.16989594669116745,-0.16989594669116745,-0.16989594669116745,-0.16989594669116745,-0.16989594669116745,-0.16989594669116745,-0.16989594669116745,-0.16989594669116745,-0.16989594669116745,-0.16989594669116745,-0.16989594669116745,-0.16989594669116745,-0.16989594669116745,-0.16989594669116745,-0.16989594669116745,-0.16989594669116745,-0.16989594669116745,-0.16989594669116745,-0.16989594669116745,-0.16989594669116745,-0.16989594669116745,-0.16989594669116745,-0.16989594669116745,-0.16989594669116745,4.7276522427342424,-0.16989594669116745,-0.16989594669116745,-0.16989594669116745,-0.16989594669116745,-0.16989594669116745,-0.16989594669116745,-0.16989594669116745,-0.16989594669116745,-0.16989594669116745,-0.16989594669116745,-0.16989594669116745,-0.16989594669116745,-0.16989594669116745,-0.16989594669116745,-0.16989594669116745,-0.16989594669116745,-0.16989594669116745,-0.16989594669116745,-0.16989594669116745,-0.16989594669116745,-0.16989594669116745,-0.16989594669116745,-0.16989594669116745,-0.16989594669116745,-0.16989594669116745,-0.16989594669116745,-0.16989594669116745,-0.16989594669116745,-0.16989594669116745,-0.16989594669116745,-0.16989594669116745,-0.16989594669116745,-0.16989594669116745,-0.16989594669116745,-0.16989594669116745,-0.16989594669116745,-0.16989594669116745,-0.16989594669116745,-0.16989594669116745,-0.16989594669116745,-0.16989594669116745,-0.16989594669116745,-0.16989594669116745,-0.16989594669116745,-0.16989594669116745,-0.16989594669116745,-0.16989594669116745,-0.16989594669116745,-0.16989594669116745,-0.16989594669116745,-0.16989594669116745,-0.16989594669116745,-0.16989594669116745,-0.16989594669116745,-0.16989594669116745,-0.16989594669116745,-0.16989594669116745,-0.16989594669116745,-0.16989594669116745,-0.16989594669116745,-0.16989594669116745,-0.16989594669116745,-0.16989594669116745,2.2788781480215374,-0.16989594669116745,-0.16989594669116745,-0.16989594669116745,-0.16989594669116745,-0.16989594669116745,-0.16989594669116745,-0.16989594669116745,-0.16989594669116745,-0.16989594669116745,-0.16989594669116745,-0.16989594669116745,-0.16989594669116745,-0.16989594669116745,-0.16989594669116745,2.2788781480215374,-0.16989594669116745,7.176426337446948,2.2788781480215374,2.2788781480215374,-0.16989594669116745,-0.16989594669116745,-0.16989594669116745,-0.16989594669116745,-0.16989594669116745,-0.16989594669116745,2.2788781480215374,-0.16989594669116745,7.176426337446948,2.2788781480215374,2.2788781480215374,-0.16989594669116745,-0.16989594669116745,-0.16989594669116745,-0.16989594669116745,-0.16989594669116745,-0.16989594669116745,-0.16989594669116745,-0.16989594669116745,-0.16989594669116745,-0.16989594669116745,-0.16989594669116745,2.2788781480215374,7.176426337446948,2.2788781480215374,-0.16989594669116745,-0.16989594669116745,-0.16989594669116745,-0.16989594669116745,2.2788781480215374,-0.16989594669116745,9.625200432159653,4.7276522427342424,12.073974526872357,7.176426337446948,-0.16989594669116745,2.2788781480215374,4.7276522427342424,-0.16989594669116745,-0.16989594669116745,-0.16989594669116745,-0.16989594669116745,-0.16989594669116745,4.7276522427342424,-0.16989594669116745,2.2788781480215374,7.176426337446948,24.31784500043588,7.176426337446948,7.176426337446948,9.625200432159653,2.2788781480215374,4.7276522427342424,-0.16989594669116745,-0.16989594669116745,2.2788781480215374,2.2788781480215374,2.2788781480215374,-0.16989594669116745,-0.16989594669116745,9.625200432159653,-0.16989594669116745,2.2788781480215374,2.2788781480215374,-0.16989594669116745,-0.16989594669116745,2.2788781480215374,-0.16989594669116745,-0.16989594669116745,2.2788781480215374,-0.16989594669116745,-0.16989594669116745,-0.16989594669116745,2.2788781480215374,2.2788781480215374,-0.16989594669116745,-0.16989594669116745,2.2788781480215374,-0.16989594669116745,-0.16989594669116745,2.2788781480215374,-0.16989594669116745,-0.16989594669116745,2.2788781480215374,2.2788781480215374,-0.16989594669116745,-0.16989594669116745,2.2788781480215374,-0.16989594669116745,-0.16989594669116745,2.2788781480215374,-0.16989594669116745,-0.16989594669116745,-0.16989594669116745,2.2788781480215374,2.2788781480215374,2.2788781480215374,-0.16989594669116745,-0.16989594669116745,-0.16989594669116745,-0.16989594669116745,-0.16989594669116745,-0.16989594669116745,-0.16989594669116745,-0.16989594669116745,-0.16989594669116745,-0.16989594669116745,-0.16989594669116745,-0.16989594669116745,-0.16989594669116745,-0.16989594669116745,-0.16989594669116745,4.7276522427342424,-0.16989594669116745,-0.16989594669116745,-0.16989594669116745,-0.16989594669116745,7.176426337446948,-0.16989594669116745,-0.16989594669116745,-0.16989594669116745,-0.16989594669116745,2.2788781480215374,-0.16989594669116745,2.2788781480215374,-0.16989594669116745,-0.16989594669116745,-0.16989594669116745,-0.16989594669116745,9.625200432159653,-0.16989594669116745,-0.16989594669116745,-0.16989594669116745,-0.16989594669116745,4.7276522427342424,-0.16989594669116745,7.176426337446948,-0.16989594669116745,-0.16989594669116745,-0.16989594669116745,-0.16989594669116745,4.7276522427342424,-0.16989594669116745,-0.16989594669116745,-0.16989594669116745,-0.16989594669116745,4.7276522427342424,-0.16989594669116745,-0.16989594669116745,-0.16989594669116745,-0.16989594669116745,12.073974526872357,-0.16989594669116745,-0.16989594669116745,-0.16989594669116745,-0.16989594669116745,2.2788781480215374,2.2788781480215374,-0.16989594669116745,2.2788781480215374,-0.16989594669116745,-0.16989594669116745,-0.16989594669116745,4.7276522427342424,7.176426337446948,-0.16989594669116745,-0.16989594669116745,2.2788781480215374,-0.16989594669116745,-0.16989594669116745,9.625200432159653,-0.16989594669116745,-0.16989594669116745,4.7276522427342424,7.176426337446948,-0.16989594669116745,-0.16989594669116745,-0.16989594669116745,-0.16989594669116745,-0.16989594669116745,-0.16989594669116745,-0.16989594669116745,-0.16989594669116745,-0.16989594669116745,-0.16989594669116745,2.2788781480215374,2.2788781480215374,-0.16989594669116745,-0.16989594669116745,2.2788781480215374,-0.16989594669116745,-0.16989594669116745,-0.16989594669116745,-0.16989594669116745,2.2788781480215374,-0.16989594669116745,2.2788781480215374,-0.16989594669116745,4.7276522427342424,-0.16989594669116745,-0.16989594669116745,-0.16989594669116745,-0.16989594669116745,-0.16989594669116745,2.2788781480215374,-0.16989594669116745,2.2788781480215374,-0.16989594669116745,2.2788781480215374,-0.16989594669116745,2.2788781480215374,-0.16989594669116745,2.2788781480215374,-0.16989594669116745,2.2788781480215374,-0.16989594669116745,2.2788781480215374,-0.16989594669116745,2.2788781480215374,-0.16989594669116745,-0.16989594669116745,2.2788781480215374,2.2788781480215374,-0.16989594669116745,2.2788781480215374,-0.16989594669116745,-0.16989594669116745,-0.16989594669116745,2.2788781480215374,-0.16989594669116745,-0.16989594669116745,-0.16989594669116745,-0.16989594669116745,-0.16989594669116745,-0.16989594669116745,-0.16989594669116745,-0.16989594669116745,-0.16989594669116745,-0.16989594669116745,-0.16989594669116745,4.7276522427342424,2.2788781480215374,-0.16989594669116745,-0.16989594669116745,-0.16989594669116745,-0.16989594669116745,-0.16989594669116745,-0.16989594669116745,-0.16989594669116745,-0.16989594669116745,-0.16989594669116745,2.2788781480215374,2.2788781480215374,2.2788781480215374,-0.16989594669116745,2.2788781480215374,4.7276522427342424,-0.16989594669116745
0.0,0.0,0.0,0.0,0.0,0.0,0.0,0.0,0.0,0.0,0.0,0.0,0.0,0.0,0.0,0.0,0.0,0.0,0.0,0.0,0.0,0.0,0.0,0.0,0.0,0.0,0.0,0.0,0.0,0.0,0.0,0.0,0.0,0.0,0.0,0.0,0.0,0.0,0.0,0.0,0.0,0.0,0.0,0.0,0.0,0.0,0.0,0.0,1.383949894750324,0.0,0.0,0.0,0.0,0.0,0.0,1.383949894750324,0.0,0.0,0.0,0.0,0.0,0.0,0.0,0.0,0.0,0.0,0.0,0.0,0.0,0.0,0.0,0.0,0.0,0.0,0.0,0.0,0.0,0.0,0.0,0.0,0.0,0.0,0.0,0.0,0.0,0.0,0.0,0.0,0.0,0.0,0.0,0.0,1.383949894750324,0.0,0.0,0.0,0.0,0.0,0.0,0.0,0.0,0.0,0.0,0.0,0.0,0.0,0.0,0.0,0.0,0.0,0.0,0.0,0.0,0.0,0.0,0.0,0.0,0.0,0.0,0.0,0.0,0.0,0.0,0.0,0.0,0.0,0.0,0.0,0.0,0.0,0.0,0.0,0.0,0.0,0.0,0.0,0.0,0.0,0.0,0.0,0.0,0.0,0.0,0.0,0.0,0.0,0.0,0.0,0.0,0.0,0.0,0.0,0.0,0.0,0.0,0.0,0.7396578900350247,0.0,0.0,0.0,0.0,0.0,0.0,0.0,0.0,0.0,0.0,0.0,0.0,0.0,0.0,-0.5782451446245359,0.0,-0.2439874492648732,-1.0917363902447395,1.0405718751108533,0.0,0.0,0.0,0.0,0.0,0.0,-0.5782451446245359,0.0,-0.2439874492648732,-1.0917363902447395,1.0405718751108533,0.0,0.0,0.0,0.0,0.0,0.0,0.0,0.0,0.0,0.0,0.0,0.13274376016230938,-1.0917363902447395,-0.7726410419442644,0.0,0.0,0.0,0.0,0.40845943099764637,0.0,-1.0427044554630998,-1.0917363902447395,-0.9921117578612437,0.2648508492298048,0.0,1.383949894750324,0.5250107260851802,0.0,0.0,0.0,0.0,0.0,1.2144649308402453,0.0,-1.0917363902447395,-0.9019244219853925,-0.5823661393331478,-1.0917363902447395,-1.0917363902447395,-1.0658962776699565,-1.0917363902447395,-0.5364591779626391,0.0,0.0,1.383949894750324,1.1544416789126346,-1.0917363902447395,0.0,0.0,-0.06165213715741919,0.0,-0.5782451446245359,-0.9131903873898224,0.0,0.0,-0.4495729319754428,0.0,0.0,1.0405718751108533,0.0,0.0,0.0,-0.8444113720980554,-0.9131903873898224,0.0,0.0,-0.4495729319754428,0.0,0.0,1.0405718751108533,0.0,0.0,-1.011266218767859,-0.9131903873898224,0.0,0.0,-0.4495729319754428,0.0,0.0,1.0405718751108533,0.0,0.0,0.0,1.383949894750324,-0.04748503280362552,0.5657648343056333,0.0,0.0,0.0,0.0,0.0,0.0,0.0,0.0,0.0,0.0,0.0,0.0,0.0,0.0,0.0,-0.9953196452138386,0.0,0.0,0.0,0.0,-0.5222920736088454,0.0,0.0,0.0,0.0,-1.0917363902447395,0.0,1.383949894750324,0.0,0.0,0.0,0.0,-0.20995619157541512,0.0,0.0,0.0,0.0,-0.2355451928868114,0.0,-0.5919419661646819,0.0,0.0,0.0,0.0,-0.8962624695258486,0.0,0.0,0.0,0.0,-0.8444113720980554,0.0,0.0,0.0,0.0,-0.4495729319754428,0.0,0.0,0.0,0.0,-1.0917363902447395,-0.6587712381424831,0.0,-0.7726410419442644,0.0,0.0,0.0,0.3713689369859047,0.2648508492298048,0.0,0.0,1.383949894750324,0.0,0.0,-0.4826935923875507,0.0,0.0,0.3713689369859047,0.2648508492298048,0.0,0.0,0.0,0.0,0.0,0.0,0.0,0.0,0.0,0.0,-1.0917363902447395,-1.0917363902447395,0.0,0.0,-1.0917363902447395,0.0,0.0,0.0,0.0,-1.0917363902447395,0.0,-1.0917363902447395,0.0,-0.2607435071273028,0.0,0.0,0.0,0.0,0.0,1.383949894750324,0.0,-1.0917363902447395,0.0,1.383949894750324,0.0,0.8339954241787803,0.0,1.383949894750324,0.0,-1.0917363902447395,0.0,1.383949894750324,0.0,-1.0917363902447395,0.0,0.0,1.383949894750324,-0.04748503280362552,0.0,0.5657648343056333,0.0,0.0,0.0,0.7396578900350247,0.0,0.0,0.0,0.0,0.0,0.0,0.0,0.0,0.0,0.0,0.0,0.2308195915403467,-0.7726410419442644,0.0,0.0,0.0,0.0,0.0,0.0,0.0,0.0,0.0,1.383949894750324,0.13274376016230938,0.33509368503733256,0.0,1.383949894750324,-1.0917363902447395,0.0
-0.5077224524862195,-0.5077224524862195,-0.5077224524862195,-0.5077224524862195,-0.5077224524862195,-0.5077224524862195,-0.5077224524862195,-0.5077224524862195,-0.5077224524862195,-0.5077224524862195,-0.5077224524862195,-0.5077224524862195,-0.5077224524862195,-0.5077224524862195,-0.5077224524862195,-0.5077224524862195,-0.5077224524862195,-0.5077224524862195,-0.5077224524862195,-0.5077224524862195,-0.5077224524862195,-0.5077224524862195,-0.5077224524862195,-0.5077224524862195,-0.5077224524862195,-0.5077224524862195,-0.5077224524862195,-0.5077224524862195,-0.5077224524862195,-0.5077224524862195,-0.5077224524862195,-0.5077224524862195,-0.5077224524862195,-0.5077224524862195,-0.5077224524862195,-0.5077224524862195,-0.5077224524862195,-0.5077224524862195,-0.5077224524862195,-0.5077224524862195,-0.5077224524862195,-0.5077224524862195,-0.5077224524862195,-0.5077224524862195,-0.5077224524862195,-0.5077224524862195,-0.5077224524862195,-0.5077224524862195,-0.5077224524862195,-0.5077224524862195,-0.5077224524862195,-0.5077224524862195,-0.5077224524862195,-0.5077224524862195,-0.5077224524862195,-0.5077224524862195,-0.5077224524862195,-0.5077224524862195,-0.5077224524862195,-0.5077224524862195,-0.5077224524862195,-0.5077224524862195,-0.5077224524862195,-0.5077224524862195,-0.5077224524862195,-0.5077224524862195,-0.5077224524862195,-0.5077224524862195,-0.5077224524862195,-0.5077224524862195,-0.5077224524862195,-0.5077224524862195,-0.5077224524862195,-0.5077224524862195,-0.5077224524862195,-0.5077224524862195,-0.5077224524862195,-0.5077224524862195,-0.5077224524862195,-0.5077224524862195,-0.5077224524862195,-0.5077224524862195,-0.5077224524862195,-0.5077224524862195,-0.5077224524862195,-0.5077224524862195,-0.5077224524862195,-0.5077224524862195,-0.5077224524862195,-0.5077224524862195,-0.5077224524862195,-0.5077224524862195,-0.5077224524862195,-0.5077224524862195,-0.5077224524862195,-0.5077224524862195,-0.5077224524862195,-0.5077224524862195,-0.5077224524862195,-0.5077224524862195,-0.5077224524862195,-0.5077224524862195,-0.5077224524862195,-0.5077224524862195,-0.5077224524862195,-0.5077224524862195,-0.5077224524862195,-0.5077224524862195,-0.5077224524862195,-0.5077224524862195,-0.5077224524862195,-0.5077224524862195,-0.5077224524862195,-0.5077224524862195,-0.5077224524862195,-0.5077224524862195,-0.5077224524862195,-0.5077224524862195,-0.5077224524862195,-0.5077224524862195,-0.5077224524862195,-0.5077224524862195,-0.5077224524862195,-0.5077224524862195,-0.5077224524862195,-0.5077224524862195,-0.5077224524862195,-0.5077224524862195,-0.5077224524862195,-0.5077224524862195,-0.5077224524862195,-0.5077224524862195,-0.5077224524862195,-0.5077224524862195,-0.5077224524862195,-0.5077224524862195,-0.5077224524862195,-0.5077224524862195,-0.5077224524862195,-0.5077224524862195,-0.5077224524862195,-0.5077224524862195,-0.5077224524862195,-0.5077224524862195,-0.5077224524862195,-0.5077224524862195,-0.5077224524862195,-0.5077224524862195,-0.5077224524862195,-0.5077224524862195,-0.5077224524862195,-0.5077224524862195,-0.5077224524862195,-0.5077224524862195,-0.5077224524862195,-0.5077224524862195,-0.5077224524862195,1.969566382794139,-0.5077224524862195,-0.5077224524862195,-0.5077224524862195,-0.5077224524862195,-0.5077224524862195,-0.5077224524862195,-0.5077224524862195,-0.5077224524862195,-0.5077224524862195,-0.5077224524862195,-0.5077224524862195,-0.5077224524862195,-0.5077224524862195,-0.5077224524862195,-0.5077224524862195,-0.5077224524862195,-0.5077224524862195,-0.5077224524862195,-0.5077224524862195,-0.5077224524862195,-0.5077224524862195,-0.5077224524862195,-0.5077224524862195,-0.5077224524862195,-0.5077224524862195,-0.5077224524862195,-0.5077224524862195,-0.5077224524862195,-0.5077224524862195,-0.5077224524862195,-0.5077224524862195,-0.5077224524862195,-0.5077224524862195,-0.5077224524862195,-0.5077224524862195,-0.5077224524862195,1.969566382794139,-0.5077224524862195,-0.5077224524862195,-0.5077224524862195,-0.5077224524862195,-0.5077224524862195,-0.5077224524862195,-0.5077224524862195,-0.5077224524862195,-0.5077224524862195,-0.5077224524862195,1.969566382794139,-0.5077224524862195,-0.5077224524862195,-0.5077224524862195,-0.5077224524862195,-0.5077224524862195,-0.5077224524862195,-0.5077224524862195,-0.5077224524862195,-0.5077224524862195,-0.5077224524862195,-0.5077224524862195,1.969566382794139,-0.5077224524862195,-0.5077224524862195,-0.5077224524862195,-0.5077224524862195,-0.5077224524862195,1.969566382794139,-0.5077224524862195,-0.5077224524862195,-0.5077224524862195,1.969566382794139,-0.5077224524862195,-0.5077224524862195,-0.5077224524862195,-0.5077224524862195,-0.5077224524862195,-0.5077224524862195,-0.5077224524862195,1.969566382794139,-0.5077224524862195,-0.5077224524862195,-0.5077224524862195,-0.5077224524862195,-0.5077224524862195,-0.5077224524862195,-0.5077224524862195,-0.5077224524862195,-0.5077224524862195,-0.5077224524862195,-0.5077224524862195,1.969566382794139,-0.5077224524862195,-0.5077224524862195,-0.5077224524862195,-0.5077224524862195,-0.5077224524862195,-0.5077224524862195,-0.5077224524862195,-0.5077224524862195,-0.5077224524862195,-0.5077224524862195,-0.5077224524862195,-0.5077224524862195,-0.5077224524862195,-0.5077224524862195,-0.5077224524862195,-0.5077224524862195,-0.5077224524862195,-0.5077224524862195,-0.5077224524862195,-0.5077224524862195,-0.5077224524862195,-0.5077224524862195,-0.5077224524862195,-0.5077224524862195,-0.5077224524862195,-0.5077224524862195,-0.5077224524862195,-0.5077224524862195,-0.5077224524862195,-0.5077224524862195,-0.5077224524862195,-0.5077224524862195,-0.5077224524862195,1.969566382794139,-0.5077224524862195,1.969566382794139,-0.5077224524862195,-0.5077224524862195,-0.5077224524862195,-0.5077224524862195,-0.5077224524862195,-0.5077224524862195,-0.5077224524862195,-0.5077224524862195,-0.5077224524862195,-0.5077224524862195,-0.5077224524862195,-0.5077224524862195,-0.5077224524862195,-0.5077224524862195,-0.5077224524862195,-0.5077224524862195,-0.5077224524862195,-0.5077224524862195,-0.5077224524862195,-0.5077224524862195,-0.5077224524862195,-0.5077224524862195,-0.5077224524862195,-0.5077224524862195,-0.5077224524862195,-0.5077224524862195,-0.5077224524862195,-0.5077224524862195,-0.5077224524862195,-0.5077224524862195,-0.5077224524862195,-0.5077224524862195,-0.5077224524862195,-0.5077224524862195,-0.5077224524862195,-0.5077224524862195,-0.5077224524862195,-0.5077224524862195,-0.5077224524862195,-0.5077224524862195,-0.5077224524862195,-0.5077224524862195,-0.5077224524862195,-0.5077224524862195,-0.5077224524862195,-0.5077224524862195,-0.5077224524862195,-0.5077224524862195,-0.5077224524862195,-0.5077224524862195,-0.5077224524862195,-0.5077224524862195,-0.5077224524862195,-0.5077224524862195,-0.5077224524862195,-0.5077224524862195,-0.5077224524862195,-0.5077224524862195,-0.5077224524862195,-0.5077224524862195,-0.5077224524862195,-0.5077224524862195,-0.5077224524862195,-0.5077224524862195,-0.5077224524862195,-0.5077224524862195,-0.5077224524862195,-0.5077224524862195,-0.5077224524862195,-0.5077224524862195,-0.5077224524862195,-0.5077224524862195,-0.5077224524862195,-0.5077224524862195,-0.5077224524862195,-0.5077224524862195,-0.5077224524862195,-0.5077224524862195,-0.5077224524862195,-0.5077224524862195,-0.5077224524862195,-0.5077224524862195,-0.5077224524862195,1.969566382794139,-0.5077224524862195,1.969566382794139,-0.5077224524862195,1.969566382794139,-0.5077224524862195,1.969566382794139,-0.5077224524862195,1.969566382794139,-0.5077224524862195,-0.5077224524862195,-0.5077224524862195,-0.5077224524862195,-0.5077224524862195,-0.5077224524862195,1.969566382794139,-0.5077224524862195,-0.5077224524862195,-0.5077224524862195,-0.5077224524862195,-0.5077224524862195,-0.5077224524862195,-0.5077224524862195,-0.5077224524862195,-0.5077224524862195,-0.5077224524862195,-0.5077224524862195,-0.5077224524862195,-0.5077224524862195,-0.5077224524862195,-0.5077224524862195,-0.5077224524862195,-0.5077224524862195,-0.5077224524862195,-0.5077224524862195,-0.5077224524862195,-0.5077224524862195,-0.5077224524862195,1.969566382794139,-0.5077224524862195,-0.5077224524862195,-0.5077224524862195,-0.5077224524862195,-0.5077224524862195,-0.5077224524862195,-0.5077224524862195,-0.5077224524862195,-0.5077224524862195,-0.5077224524862195,-0.5077224524862195,-0.5077224524862195,-0.5077224524862195,-0.5077224524862195,1.969566382794139,-0.5077224524862195,-0.5077224524862195,-0.5077224524862195,-0.5077224524862195,-0.5077224524862195,-0.5077224524862195,-0.5077224524862195,-0.5077224524862195,-0.5077224524862195,-0.5077224524862195,-0.5077224524862195,-0.5077224524862195,-0.5077224524862195
-0.8700053950135924,-0.8700053950135924,-0.8700053950135924,-0.8700053950135924,-0.8700053950135924,-0.8700053950135924,-0.8700053950135924,-0.8700053950135924,-0.8700053950135924,-0.8700053950135924,-0.8700053950135924,-0.8700053950135924,-0.8700053950135924,-0.8700053950135924,-0.8700053950135924,-0.8700053950135924,-0.8700053950135924,-0.8700053950135924,-0.8700053950135924,-0.8700053950135924,-0.8700053950135924,-0.8700053950135924,-0.8700053950135924,-0.8700053950135924,-0.8700053950135924,-0.8700053950135924,-0.8700053950135924,-0.8700053950135924,-0.8700053950135924,-0.8700053950135924,-0.8700053950135924,-0.8700053950135924,-0.8700053950135924,-0.8700053950135924,-0.8700053950135924,-0.8700053950135924,-0.8700053950135924,-0.8700053950135924,-0.8700053950135924,-0.8700053950135924,-0.8700053950135924,-0.8700053950135924,-0.8700053950135924,-0.8700053950135924,-0.8700053950135924,-0.8700053950135924,-0.8700053950135924,-0.8700053950135924,-0.8700053950135924,-0.8700053950135924,-0.8700053950135924,-0.8700053950135924,-0.8700053950135924,-0.8700053950135924,-0.8700053950135924,-0.8700053950135924,-0.8700053950135924,-0.8700053950135924,-0.8700053950135924,-0.8700053950135924,-0.8700053950135924,-0.8700053950135924,-0.8700053950135924,-0.8700053950135924,-0.8700053950135924,-0.8700053950135924,-0.8700053950135924,-0.8700053950135924,-0.8700053950135924,-0.8700053950135924,-0.8700053950135924,-0.8700053950135924,-0.8700053950135924,-0.8700053950135924,-0.8700053950135924,-0.8700053950135924,-0.8700053950135924,-0.8700053950135924,-0.8700053950135924,-0.8700053950135924,-0.8700053950135924,-0.8700053950135924,-0.8700053950135924,-0.8700053950135924,-0.8700053950135924,-0.8700053950135924,-0.8700053950135924,-0.8700053950135924,-0.8700053950135924,-0.8700053950135924,-0.8700053950135924,-0.8700053950135924,-0.8700053950135924,-0.8700053950135924,-0.8700053950135924,-0.8700053950135924,-0.8700053950135924,-0.8700053950135924,-0.8700053950135924,-0.8700053950135924,-0.8700053950135924,-0.8700053950135924,-0.8700053950135924,-0.8700053950135924,-0.8700053950135924,-0.8700053950135924,-0.8700053950135924,-0.8700053950135924,-0.8700053950135924,-0.8700053950135924,-0.8700053950135924,-0.8700053950135924,-0.8700053950135924,-0.8700053950135924,-0.8700053950135924,-0.8700053950135924,-0.8700053950135924,-0.8700053950135924,-0.8700053950135924,-0.8700053950135924,-0.8700053950135924,-0.8700053950135924,-0.8700053950135924,-0.8700053950135924,-0.8700053950135924,-0.8700053950135924,-0.8700053950135924,-0.8700053950135924,-0.8700053950135924,-0.8700053950135924,-0.8700053950135924,-0.8700053950135924,-0.8700053950135924,-0.8700053950135924,-0.8700053950135924,-0.8700053950135924,-0.8700053950135924,-0.8700053950135924,-0.8700053950135924,-0.8700053950135924,-0.8700053950135924,-0.8700053950135924,-0.8700053950135924,-0.8700053950135924,-0.8700053950135924,-0.8700053950135924,-0.8700053950135924,-0.8700053950135924,-0.8700053950135924,-0.8700053950135924,-0.8700053950135924,-0.8700053950135924,-0.8700053950135924,-0.8700053950135924,-0.8700053950135924,-0.8700053950135924,-0.8700053950135924,0.03362521317351999,-0.8700053950135924,-0.8700053950135924,-0.8700053950135924,-0.8700053950135924,-0.8700053950135924,-0.8700053950135924,-0.8700053950135924,-0.8700053950135924,-0.8700053950135924,-0.8700053950135924,-0.8700053950135924,-0.8700053950135924,-0.8700053950135924,-0.8700053950135924,-0.8700053950135924,-0.8700053950135924,-0.8700053950135924,-0.8700053950135924,-0.8700053950135924,-0.8700053950135924,-0.8700053950135924,-0.8700053950135924,-0.8700053950135924,-0.8700053950135924,-0.8700053950135924,-0.8700053950135924,-0.8700053950135924,-0.8700053950135924,-0.8700053950135924,-0.8700053950135924,-0.8700053950135924,-0.8700053950135924,-0.8700053950135924,-0.8700053950135924,-0.8700053950135924,-0.8700053950135924,2.40565555966469,-0.8700053950135924,-0.8700053950135924,-0.8700053950135924,-0.8700053950135924,-0.8700053950135924,-0.8700053950135924,-0.8700053950135924,-0.8700053950135924,-0.8700053950135924,-0.8700053950135924,-0.12553699622307368,-0.8700053950135924,-0.8700053950135924,-0.8700053950135924,-0.8700053950135924,-0.8700053950135924,-0.8700053950135924,-0.8700053950135924,-0.8700053950135924,-0.8700053950135924,-0.8700053950135924,-0.8700053950135924,-0.16807804758253192,-0.8700053950135924,-0.8700053950135924,-0.8700053950135924,-0.8700053950135924,-0.8700053950135924,-0.8209930116518226,-0.8700053950135924,-0.8700053950135924,-0.8700053950135924,-0.8336091621838337,-0.8700053950135924,-0.8700053950135924,-0.8700053950135924,-0.8700053950135924,-0.8700053950135924,-0.8700053950135924,-0.8700053950135924,-0.7692158271773376,-0.8700053950135924,-0.8700053950135924,-0.8700053950135924,-0.8700053950135924,-0.8700053950135924,-0.8700053950135924,-0.8700053950135924,-0.8700053950135924,-0.8700053950135924,-0.8700053950135924,-0.8700053950135924,0.13789028334895612,-0.8700053950135924,-0.8700053950135924,-0.8700053950135924,-0.8700053950135924,-0.8700053950135924,-0.8700053950135924,-0.8700053950135924,-0.8700053950135924,-0.8700053950135924,-0.8700053950135924,-0.8700053950135924,-0.8700053950135924,-0.8700053950135924,-0.8700053950135924,-0.8700053950135924,-0.8700053950135924,-0.8700053950135924,-0.8700053950135924,-0.8700053950135924,-0.8700053950135924,-0.8700053950135924,-0.8700053950135924,-0.8700053950135924,-0.8700053950135924,-0.8700053950135924,-0.8700053950135924,-0.8700053950135924,-0.8700053950135924,-0.8700053950135924,-0.8700053950135924,-0.8700053950135924,-0.8700053950135924,-0.8700053950135924,2.40565555966469,-0.8700053950135924,2.40565555966469,-0.8700053950135924,-0.8700053950135924,-0.8700053950135924,-0.8700053950135924,-0.8700053950135924,-0.8700053950135924,-0.8700053950135924,-0.8700053950135924,-0.8700053950135924,-0.8700053950135924,-0.8700053950135924,-0.8700053950135924,-0.8700053950135924,-0.8700053950135924,-0.8700053950135924,-0.8700053950135924,-0.8700053950135924,-0.8700053950135924,-0.8700053950135924,-0.8700053950135924,-0.8700053950135924,-0.8700053950135924,-0.8700053950135924,-0.8700053950135924,-0.8700053950135924,-0.8700053950135924,-0.8700053950135924,-0.8700053950135924,-0.8700053950135924,-0.8700053950135924,-0.8700053950135924,-0.8700053950135924,-0.8700053950135924,-0.8700053950135924,-0.8700053950135924,-0.8700053950135924,-0.8700053950135924,-0.8700053950135924,-0.8700053950135924,-0.8700053950135924,-0.8700053950135924,-0.8700053950135924,-0.8700053950135924,-0.8700053950135924,-0.8700053950135924,-0.8700053950135924,-0.8700053950135924,-0.8700053950135924,-0.8700053950135924,-0.8700053950135924,-0.8700053950135924,-0.8700053950135924,-0.8700053950135924,-0.8700053950135924,-0.8700053950135924,-0.8700053950135924,-0.8700053950135924,-0.8700053950135924,-0.8700053950135924,-0.8700053950135924,-0.8700053950135924,-0.8700053950135924,-0.8700053950135924,-0.8700053950135924,-0.8700053950135924,-0.8700053950135924,-0.8700053950135924,-0.8700053950135924,-0.8700053950135924,-0.8700053950135924,-0.8700053950135924,-0.8700053950135924,-0.8700053950135924,-0.8700053950135924,-0.8700053950135924,-0.8700053950135924,-0.8700053950135924,-0.8700053950135924,-0.8700053950135924,-0.8700053950135924,-0.8700053950135924,-0.8700053950135924,-0.8700053950135924,2.40565555966469,-0.8700053950135924,2.40565555966469,-0.8700053950135924,2.40565555966469,-0.8700053950135924,2.40565555966469,-0.8700053950135924,2.40565555966469,-0.8700053950135924,-0.8700053950135924,-0.8700053950135924,-0.8700053950135924,-0.8700053950135924,-0.8700053950135924,-0.7550699229196176,-0.8700053950135924,-0.8700053950135924,-0.8700053950135924,-0.8700053950135924,-0.8700053950135924,-0.8700053950135924,-0.8700053950135924,-0.8700053950135924,-0.8700053950135924,-0.8700053950135924,-0.8700053950135924,-0.8700053950135924,-0.8700053950135924,-0.8700053950135924,-0.8700053950135924,-0.8700053950135924,-0.8700053950135924,-0.8700053950135924,-0.8700053950135924,-0.8700053950135924,-0.8700053950135924,-0.8700053950135924,-0.024673535741777598,-0.8700053950135924,-0.8700053950135924,-0.8700053950135924,-0.8700053950135924,-0.8700053950135924,-0.8700053950135924,-0.8700053950135924,-0.8700053950135924,-0.8700053950135924,-0.8700053950135924,-0.8700053950135924,-0.8700053950135924,-0.8700053950135924,-0.8700053950135924,-0.7486846189143967,-0.8700053950135924,-0.8700053950135924,-0.8700053950135924,-0.8700053950135924,-0.8700053950135924,-0.8700053950135924,-0.8700053950135924,-0.8700053950135924,-0.8700053950135924,-0.8700053950135924,-0.8700053950135924,-0.8700053950135924,-0.8700053950135924
-1.0183565364195493,-1.096933728981207,-1.0183565364195493,-0.901855017471593,-0.6173030170247277,-0.901855017471593,-1.0183565364195493,-0.901855017471593,-1.096933728981207,-0.6173030170247277,-0.7033676826920172,-0.4648295453855011,-1.096933728981207,-0.7033676826920172,-0.6173030170247277,-0.7033676826920172,-0.21624949762990653,-1.0183565364195493,-0.3965873381778338,-0.4648295453855011,-0.21624949762990653,-0.4648295453855011,-0.0637760259906795,-1.0183565364195493,-0.017762162850330287,-0.797640857572655,-1.096933728981207,-0.7033676826920172,-0.797640857572655,-0.901855017471593,-0.538131199345661,-0.4648295453855011,-0.6173030170247277,-1.096933728981207,-0.797640857572655,-0.901855017471593,-0.2727860098355923,-1.096933728981207,-1.0183565364195493,-1.096933728981207,-1.096933728981207,-1.096933728981207,-1.096933728981207,-0.6173030170247277,-1.096933728981207,-0.797640857572655,-0.3327510165778624,-0.21624949762990653,-1.096933728981207,-0.797640857572655,-0.7033676826920172,-1.096933728981207,-1.096933728981207,-0.4648295453855011,-1.096933728981207,-1.096933728981207,-1.0183565364195493,-1.0183565364195493,-0.538131199345661,-0.901855017471593,-0.797640857572655,-0.4648295453855011,-1.096933728981207,-1.0183565364195493,-0.538131199345661,-0.21624949762990653,-0.2727860098355923,-0.4648295453855011,-0.7033676826920172,-0.7033676826920172,-0.797640857572655,-1.096933728981207,-1.096933728981207,-0.6173030170247277,-0.3327510165778624,-1.096933728981207,-0.7033676826920172,-0.2727860098355923,-0.797640857572655,-0.797640857572655,-1.0183565364195493,-1.0183565364195493,-0.538131199345661,-0.3327510165778624,-1.096933728981207,-0.017762162850330287,-1.096933728981207,-0.2727860098355923,-0.4648295453855011,-0.3327510165778624,-1.096933728981207,-0.7033676826920172,-1.096933728981207,-0.797640857572655,-0.901855017471593,-0.017762162850330287,-1.096933728981207,-0.7033676826920172,-1.096933728981207,-1.096933728981207,-1.0183565364195493,-1.0183565364195493,-0.3965873381778338,-0.538131199345661,-1.096933728981207,-1.0183565364195493,-0.6173030170247277,-0.3965873381778338,-0.538131199345661,-1.0183565364195493,-0.538131199345661,-1.096933728981207,-1.096933728981207,-0.7033676826920172,-0.3965873381778338,-0.797640857572655,-1.096933728981207,-1.096933728981207,-1.096933728981207,-0.2727860098355923,-0.2727860098355923,-1.096933728981207,-0.797640857572655,-1.096933728981207,-1.096933728981207,-1.0183565364195493,-0.538131199345661,-1.0183565364195493,-1.0183565364195493,-1.096933728981207,-1.0183565364195493,-1.096933728981207,-1.0183565364195493,-0.797640857572655,-1.096933728981207,-0.538131199345661,-1.096933728981207,-0.7033676826920172,-1.0183565364195493,-0.11203533773096849,-0.3965873381778338,-0.797640857572655,-0.7033676826920172,-1.096933728981207,-0.538131199345661,-0.16277054484031625,-1.096933728981207,-1.096933728981207,-0.3965873381778338,-0.7033676826920172,-1.0183565364195493,-1.096933728981207,-0.6173030170247277,-0.3327510165778624,-1.096933728981207,-0.21624949762990653,-0.21624949762990653,0.25548548960086465,-0.3327510165778624,-0.4648295453855011,0.38329135654449087,-0.11203533773096849,-0.797640857572655,-0.2727860098355923,-0.3327510165778624,-0.11203533773096849,-0.3965873381778338,-0.6173030170247277,-0.2727860098355923,-0.21624949762990653,-0.3965873381778338,0.5735701821107184,0.2890181816638531,0.774302965490234,1.1953393803524335,-0.3965873381778338,-1.096933728981207,-0.017762162850330287,-1.096933728981207,-1.096933728981207,-0.7033676826920172,1.2955891273952507,0.5735701821107184,0.2890181816638531,0.774302965490234,1.1953393803524335,-0.3965873381778338,-1.096933728981207,-0.017762162850330287,-1.096933728981207,-1.096933728981207,-0.7033676826920172,-0.538131199345661,-1.0183565364195493,-1.096933728981207,-0.2727860098355923,-0.3965873381778338,-0.0637760259906795,0.14747432049602588,1.3307094918432318,0.6900717010586743,-1.096933728981207,-0.4648295453855011,-1.096933728981207,-0.6173030170247277,-0.017762162850330287,-0.11203533773096849,1.5375263047597103,1.8127026929864531,1.7240655429471978,1.1549615420534673,0.06830250281695922,-1.096933728981207,0.5979941312604431,-1.096933728981207,0.026205950473936392,-1.096933728981207,-0.4648295453855011,0.5979941312604431,0.1848040217649151,-1.0183565364195493,1.8704253214638973,1.8542103083168513,1.7619674858771057,1.5375263047597103,1.8704253214638973,1.5468138817625183,1.8704253214638973,1.234133359732534,0.2207759744561858,-1.096933728981207,-1.096933728981207,-0.4648295453855011,1.3307094918432318,1.038460023105511,1.0537955191846062,0.9410910094425512,-0.0637760259906795,0.5735701821107184,0.774302965490234,-1.096933728981207,-0.7033676826920172,0.49645688688845147,-1.096933728981207,-0.7033676826920172,-0.3965873381778338,-0.3327510165778624,-0.538131199345661,-0.538131199345661,0.7330836812166751,0.774302965490234,-1.096933728981207,-0.7033676826920172,0.49645688688845147,-1.096933728981207,-0.7033676826920172,-0.3965873381778338,-0.3327510165778624,-0.017762162850330287,0.8330798403377128,0.774302965490234,-1.096933728981207,-0.7033676826920172,0.49645688688845147,-1.096933728981207,-0.7033676826920172,-0.3965873381778338,-0.3327510165778624,-1.0183565364195493,-0.7033676826920172,-1.0183565364195493,0.25548548960086465,-0.11203533773096849,0.41281951000609457,-1.096933728981207,-0.901855017471593,-0.16277054484031625,-0.2727860098355923,-1.096933728981207,-0.3327510165778624,-1.096933728981207,-1.096933728981207,-1.0183565364195493,-1.096933728981207,-0.538131199345661,-0.2727860098355923,-1.0183565364195493,-0.4648295453855011,1.5091285739165539,-0.2727860098355923,-1.096933728981207,-0.3965873381778338,0.10868034111592541,1.6266965292842381,-0.2727860098355923,-1.096933728981207,-0.3965873381778338,-0.21624949762990653,0.9746237015055396,-0.3327510165778624,-1.096933728981207,-0.2727860098355923,-1.096933728981207,-0.3965873381778338,-0.0637760259906795,1.7240655429471978,-0.2727860098355923,-1.096933728981207,-0.3965873381778338,-0.2727860098355923,1.0537955191846062,-0.3327510165778624,1.668437730560575,-0.2727860098355923,-1.096933728981207,-0.3965873381778338,-0.0637760259906795,1.4497635791329209,-0.2727860098355923,-1.096933728981207,-0.3965873381778338,-0.16277054484031625,1.418689201058362,-0.2727860098355923,-1.096933728981207,-0.3965873381778338,-0.017762162850330287,0.9909731594196948,-0.2727860098355923,-1.096933728981207,-0.3965873381778338,-0.3327510165778624,1.1953393803524335,0.6218294938510074,-0.6173030170247277,0.6900717010586743,-0.6173030170247277,1.1820624067301388,-0.6173030170247277,0.6900717010586743,0.4693560222117804,0.2890181816638531,-0.6173030170247277,-1.096933728981207,-0.2727860098355923,-0.7033676826920172,1.1953393803524335,1.1820624067301388,-0.6173030170247277,0.6900717010586743,0.4693560222117804,-1.096933728981207,-0.901855017471593,-1.0183565364195493,-0.901855017471593,-1.0183565364195493,-1.096933728981207,-1.096933728981207,-0.7033676826920172,-1.096933728981207,-0.901855017471593,1.127097173144767,1.0070567606776377,-1.096933728981207,0.06830250281695922,1.0984250298477816,-0.901855017471593,-1.096933728981207,1.112864989710445,-1.096933728981207,0.9746237015055396,-1.096933728981207,0.9238884943961923,-1.096933728981207,0.38329135654449087,-1.096933728981207,1.2955891273952507,-0.3327510165778624,0.10868034111592541,-0.16277054484031625,-0.901855017471593,-0.797640857572655,0.9238884943961923,0.49645688688845147,-0.901855017471593,-1.096933728981207,-0.2727860098355923,-0.3327510165778624,-0.901855017471593,-1.096933728981207,0.9909731594196948,-0.3965873381778338,-0.901855017471593,-1.096933728981207,1.4497635791329209,-1.0183565364195493,-0.7033676826920172,-1.0183565364195493,0.25548548960086465,0.41281951000609457,-0.11203533773096849,-1.096933728981207,-0.901855017471593,-0.16277054484031625,-0.21624949762990653,0.32145124083595084,-0.16277054484031625,-0.3327510165778624,-0.4648295453855011,0.2207759744561858,0.2890181816638531,0.38329135654449087,-0.11203533773096849,-0.797640857572655,-0.21624949762990653,-0.7033676826920172,0.774302965490234,0.6900717010586743,-1.096933728981207,-1.096933728981207,0.1848040217649151,0.41281951000609457,0.41281951000609457,0.2207759744561858,-0.3327510165778624,-1.096933728981207,-0.4648295453855011,-1.096933728981207,0.14747432049602588,0.026205950473936392,-1.096933728981207,-0.797640857572655,0.9579994499562016,-0.2727860098355923
-1.0,-1.0,-1.0,-1.0,-1.0,-1.0,-1.0,-1.0,-1.0,-1.0,-1.0,-1.0,-1.0,-1.0,-1.0,-1.0,-1.0,-1.0,-1.0,-1.0,-1.0,-1.0,-1.0,-1.0,-1.0,-1.0,-1.0,-1.0,-1.0,-1.0,-1.0,-1.0,-1.0,-1.0,-1.0,-1.0,-1.0,-1.0,-1.0,-1.0,-1.0,-1.0,-1.0,-1.0,-1.0,-1.0,-1.0,-1.0,1.0,-1.0,-1.0,-1.0,-1.0,-1.0,-1.0,-1.0,-1.0,-1.0,-1.0,-1.0,-1.0,-1.0,-1.0,-1.0,-1.0,-1.0,-1.0,-1.0,-1.0,-1.0,-1.0,-1.0,-1.0,-1.0,-1.0,-1.0,-1.0,-1.0,-1.0,-1.0,-1.0,-1.0,-1.0,-1.0,-1.0,-1.0,-1.0,-1.0,-1.0,-1.0,-1.0,-1.0,-1.0,-1.0,-1.0,-1.0,-1.0,-1.0,-1.0,-1.0,-1.0,-1.0,-1.0,-1.0,-1.0,-1.0,-1.0,-1.0,-1.0,-1.0,-1.0,-1.0,-1.0,-1.0,-1.0,-1.0,-1.0,-1.0,-1.0,-1.0,-1.0,-1.0,-1.0,-1.0,-1.0,-1.0,-1.0,-1.0,-1.0,-1.0,-1.0,-1.0,-1.0,-1.0,-1.0,-1.0,-1.0,-1.0,-1.0,-1.0,-1.0,-1.0,-1.0,-1.0,-1.0,-1.0,-1.0,-1.0,-1.0,-1.0,-1.0,-1.0,-1.0,-1.0,-1.0,-1.0,-1.0,-1.0,-1.0,-1.0,-1.0,-1.0,-1.0,-1.0,-1.0,-1.0,-1.0,-1.0,-1.0,-1.0,-1.0,-1.0,-1.0,1.0,-1.0,-1.0,-1.0,-1.0,-1.0,-1.0,-1.0,-1.0,-1.0,-1.0,1.0,-1.0,-1.0,-1.0,-1.0,-1.0,-1.0,-1.0,-1.0,-1.0,-1.0,-1.0,-1.0,-1.0,-1.0,1.0,-1.0,-1.0,-1.0,-1.0,-1.0,-1.0,-1.0,1.0,-1.0,1.0,-1.0,-1.0,-1.0,-1.0,-1.0,-1.0,-1.0,-1.0,-1.0,-1.0,-1.0,-1.0,-1.0,1.0,1.0,-1.0,1.0,-1.0,-1.0,-1.0,-1.0,-1.0,-1.0,-1.0,-1.0,-1.0,1.0,-1.0,-1.0,-1.0,-1.0,-1.0,-1.0,-1.0,-1.0,-1.0,-1.0,-1.0,-1.0,-1.0,-1.0,-1.0,-1.0,-1.0,-1.0,-1.0,-1.0,-1.0,-1.0,-1.0,-1.0,-1.0,-1.0,-1.0,-1.0,-1.0,-1.0,-1.0,-1.0,-1.0,-1.0,-1.0,-1.0,-1.0,-1.0,-1.0,-1.0,-1.0,-1.0,-1.0,-1.0,-1.0,-1.0,-1.0,-1.0,-1.0,-1.0,-1.0,-1.0,-1.0,-1.0,-1.0,-1.0,-1.0,-1.0,-1.0,-1.0,-1.0,-1.0,-1.0,-1.0,-1.0,-1.0,-1.0,-1.0,-1.0,-1.0,-1.0,-1.0,-1.0,-1.0,-1.0,-1.0,-1.0,-1.0,-1.0,-1.0,-1.0,-1.0,-1.0,-1.0,-1.0,-1.0,-1.0,-1.0,-1.0,-1.0,1.0,-1.0,-1.0,-1.0,-1.0,-1.0,-1.0,-1.0,-1.0,-1.0,-1.0,-1.0,-1.0,1.0,-1.0,-1.0,-1.0,-1.0,-1.0,1.0,-1.0,-1.0,-1.0,1.0,-1.0,-1.0,-1.0,-1.0,-1.0,-1.0,-1.0,-1.0,-1.0,-1.0,-1.0,-1.0,-1.0,-1.0,-1.0,-1.0,-1.0,-1.0,-1.0,-1.0,-1.0,-1.0,-1.0,1.0,-1.0,-1.0,-1.0,-1.0,-1.0,-1.0,-1.0,-1.0,-1.0,-1.0,-1.0,-1.0,-1.0,-1.0,-1.0,-1.0,-1.0,-1.0,-1.0,-1.0,-1.0,-1.0,-1.0,-1.0,-1.0,-1.0,-1.0,-1.0,-1.0,-1.0,-1.0,-1.0,-1.0,-1.0,-1.0,-1.0,-1.0,-1.0,-1.0,-1.0,-1.0,-1.0,-1.0,-1.0,-1.0,-1.0,-1.0,-1.0,-1.0,-1.0,-1.0,-1.0,-1.0,-1.0,-1.0,-1.0,-1.0,1.0,-1.0
-1.7347272942898146,-1.7122721684755844,-1.7073786889193263,-1.6929421620041352,-1.6876828148175027,-1.6552273071063712,-1.6501813827041238,-1.6427878076736406,-1.6384278850783454,-1.6335953834604833,-1.6289153266886103,-1.6242352699167375,-1.6197076579908538,-1.6151952905495692,-1.610576211716092,-1.6059876218518128,-1.6012465871415442,-1.5956671057783343,-1.5879381520866742,-1.5832885842839992,-1.5785323050891318,-1.573593092079077,-1.5684252118000381,-1.5638671109049567,-1.5588364309873084,-1.5541716187000345,-1.5497964516201403,-1.5452840841788555,-1.5406345163761805,-1.5361678823886926,-1.531655514947408,-1.5270974140523266,-1.522402112795855,-1.5180269457159608,-1.513560311728473,-1.509124166710183,-1.5043373985461177,-1.498895117544298,-1.4915472759676114,-1.4873550427029043,-1.483239031861192,-1.4791230210194797,-1.4750070101777675,-1.4706928210362689,-1.466271920502578,-1.4617900420304912,-1.4559971378828962,-1.4500212999201136,-1.4452192872714495,-1.44063069740717,-1.4361030854812866,-1.431819385308986,-1.4275509296212845,-1.4228861173340104,-1.4175353032397844,-1.4104771068704778,-1.4061476732443803,-1.401757261679887,-1.39713818284641,-1.3926258154051254,-1.3881286924484397,-1.3833419242843743,-1.3789057792660844,-1.3735244762026604,-1.3659784563261879,-1.3610849767699298,-1.3561000303060784,-1.3506272603350609,-1.3460386704707814,-1.341495814060299,-1.3368767352268218,-1.3315868990709916,-1.3243762578556955,-1.3199553573220044,-1.3152600560655328,-1.3108391555318415,-1.306342032575156,-1.3014942864726948,-1.2968752076392176,-1.2923933291671308,-1.2869662926499104,-1.2797404069500153,-1.2750298612089443,-1.2702888264986758,-1.2658984149341828,-1.2610201798625236,-1.256523056905838,-1.251644821834179,-1.2470562319698997,-1.242117018959845,-1.23632411481225,-1.2289305397817665,-1.2245096392480757,-1.2200430052605877,-1.2145702352895702,-1.2057436787067872,-1.201109355388711,-1.196459787586036,-1.1923895101981206,-1.188029587602825,-1.1835477091307385,-1.179004852720256,-1.1742943069791851,-1.1695990057227135,-1.1650256603430331,-1.1605285373863474,-1.1558332361298755,-1.151061712450409,-1.1463664111939371,-1.1419607551448452,-1.1363355403278383,-1.1288047649359647,-1.124307641979279,-1.1198410079917913,-1.1153286405505067,-1.1104961389326442,-1.1059532825221619,-1.1013951816270804,-1.0969437921241916,-1.0928582702516771,-1.0878275903340286,-1.083330467377343,-1.0781473426137054,-1.0731928851190515,-1.0660127328729534,-1.0612869426472835,-1.0562715072142341,-1.051378027657976,-1.0465607705247129,-1.0418349802990432,-1.037048212134978,-1.032368155363105,-1.0275966316836382,-1.0228708414579688,-1.018160295716898,-1.0131601047684475,-1.0084038255735799,-1.0028853221487657,-0.9955222360874803,-0.9896378650322915,-0.9817259775254444,-0.9766800531231971,-0.9715121728441584,-0.9643472650826591,-0.959743430733781,-0.9549566625697155,-0.9498192712598744,-0.9453678817569856,-0.9402914683855405,-0.9352607884678921,-0.9304282868500299,-0.9233091125423274,-0.919208346185214,-0.9150923353435017,-0.9113117031629658,-0.9072871592288473,-0.9005490970361181,-0.8967227314017856,-0.8914328952459554,-0.8864631932667028,-0.881020912264883,-0.8755176533246676,-0.8695418153618854,-0.8115975294013353,-0.7787151761214335,-0.7527995523032449,-0.725069834817783,-0.7200239104155356,-0.6846719506306065,-0.6631924718307078,-0.6304930523659934,-0.6188919995862042,-0.6153857681284493,-0.6122454043010688,-0.6077787703135809,-0.6042725388558259,-0.5966655410409575,-0.5950801146426684,-0.5920617066920794,-0.5895921001870519,-0.5472276774866129,-0.5433555783984837,-0.53138865798832,-0.527882426530565,-0.5247420627031846,-0.5202754287156967,-0.5167691972579419,-0.5091621994430735,-0.5075767730447843,-0.5045583650941952,-0.5020887585891679,-0.48164590474199664,-0.4767676696703377,-0.4636116794614572,-0.45499854566305914,-0.4460042997496877,-0.4407906860168523,-0.43382395655513906,-0.42333575115107214,-0.4199972090239056,-0.4092346028970578,-0.4060027721620837,-0.4027556969425106,-0.37560526987180826,-0.37156548145309054,-0.3679372941185442,-0.35168667353608,-0.32138063815339823,-0.3154657781290116,-0.30916980598965155,-0.3039104588030192,-0.29759924217906025,-0.2970961741872955,-0.2962119940805573,-0.29523634706622554,-0.2888946414730687,-0.28833059554290813,-0.2850682758387362,-0.2841078733090032,-0.28258342484910975,-0.2813486215965962,-0.27831496916140813,-0.27314708888236944,-0.26456444405316926,-0.25497566324043935,-0.2480546672325231,-0.24108793777081006,-0.2345480538778672,-0.23009666437497822,-0.2279471920465285,-0.22345006908984277,-0.2232518907900567,-0.2225354000139068,-0.21445582317647152,-0.2061018456162554,-0.19809849120181472,-0.18026244422106136,-0.16396609018480038,-0.16184710682554848,-0.15910309959774016,-0.15559686813998538,-0.15016983162276457,-0.14667884464960868,-0.13955967034190614,-0.13413263382468552,-0.13093129205890922,-0.125184121365111,-0.11795823566521607,-0.11620511993633849,-0.11410138106168549,-0.11126590692628369,-0.1077596754685289,-0.10233263895130809,-0.09884165197815202,-0.09172247767044966,-0.08629544115322904,-0.08309409938745273,-0.07734692869365453,-0.07085277825450842,-0.06855086108006916,-0.06562392003707387,-0.0621176885793187,-0.056690652062098085,-0.05319966508894202,-0.046080490781239845,-0.04065345426401923,-0.03745211249824273,-0.031704941804444345,-0.017923927727007807,-0.01568298849096422,-0.007527189230534374,-0.006719231546790976,-0.005164294117699469,0.007991696091181017,0.030233399121026433,0.03303838428723042,0.0387703104964297,0.07968650715997008,0.08096704386628038,0.11516042282169074,0.11642571504340231,0.13880461843463815,0.1414571587548526,0.31521379421350815,0.31794255695671736,0.37485021796454004,0.37789911488432704,0.3904453257092502,0.3924728421609083,0.3995767719840117,0.400003617552782,0.4045769629324623,0.40988204357289165,0.41227542765492436,0.41957753577781387,0.42000438134658424,0.42457772672626454,0.4293492504057309,0.43079747644262983,0.4355385111528984,0.43591962326787176,0.4414686156618837,0.44189546123065404,0.44646880661033433,0.4511031299284103,0.45361846988723475,0.4611035118253116,0.46153035739408155,0.46610370277376184,0.47104291578381685,0.4725368752745123,0.47797915627633203,0.48031156241996914,0.4876898929658534,0.4881167385346234,0.4926900839143037,0.4976902748627543,0.49973303579901146,0.5067454987145215,0.5071723442832917,0.5117456896629721,0.5165934357654332,0.5185599742786956,0.5255267037404086,0.5259535493091789,0.5305268946888593,0.5356033080603047,0.5390028281258669,0.5473568056860831,0.5477836512548531,0.5523569966345334,0.557402921036781,0.5590340808888669,0.5621287112624505,0.5659398324121843,0.5686685951553935,0.5725254497589238,0.5758030139476947,0.577373195861385,0.5785317766909039,0.581824585364274,0.5836081900623493,0.5845076146536863,0.5850411716146492,0.5913218992694101,0.5983038732157222,0.602541839934226,0.6086701227429975,0.6102403046566878,0.6113988854862067,0.6146916941595767,0.6233505614117717,0.6251341661098471,0.62694825977712,0.6287623534443931,0.6684742358246176,0.6767519909618391,0.6851517019758521,0.6924233211295437,0.6984144035769251,0.7055030889154298,0.7378061517805717,0.7410074935463483,0.7641181321983328,0.765947470350205,0.7686609886088153,0.7820608905712787,0.7921832283449713,0.8337701823308646,0.8443193656733272,0.892141313860185,0.9029191644716315,0.904961925407889,0.9158769763807258,0.9614732298161391,0.9719157017664092,1.0144478137974364,1.0443117591267495,1.0452111837180862,1.0776819359138168,1.078413671174566,1.0791911398891114,1.0807308328336038,1.1000303503358548,1.1010364863193847,1.1017529770955345,1.1026219127176737,1.120259781398641,1.1209457832055931,1.121662273981743,1.1232019669262354,1.1414343705065608,1.1421051278289143,1.1428216186050641,1.1449101129951182,1.1678530623165144,1.1702159574293494,1.1770607310142711,1.1778534442134156,1.1913295685988736,1.1952474011407996,1.2134798047211255,1.2160103891645486,1.2215593815585606,1.2422766361285127,1.243648639742417,1.2480847847607068,1.252947775347767,1.2576735655734368,1.263923804259,1.2704789326365418,1.2763785481763292,1.2816378953629617,1.2873698215721612,1.3189868826303512,1.325130409923722,1.5302297057177867,1.5400471537995006,1.5410685342676291,1.5414039129288057,1.5421661371587525,1.5433856959266672,1.5533860778235684,1.5587673808869922,1.563538904566459,1.563980994619828,1.5682951837613262,1.5686610513917008,1.570459900574375,1.573661242340151,1.5842256701672128,1.588692304154701,1.598875619866789,1.602427584778341
-1.1401173474962114,-1.1399720310318884,-1.1399023110919235,-1.1396172810555067,-1.1394839889411958,-1.1383134026023602,-1.138077605041797,-1.137705950312337,-1.1374722185263042,-1.1372005214346859,-1.1369247369336406,-1.136636496994299,-1.1363457925039404,-1.1360444684008228,-1.1357240255587198,-1.1353936847340165,-1.1350397925070248,-1.1346069420731995,-1.1339780912452955,-1.1335834237756712,-1.1331669782201734,-1.132720899375833,-1.1322393173981415,-1.1318019542153295,-1.1313055300213029,-1.130832349705825,-1.1303773041062286,-1.1298965859570387,-1.1293891390787425,-1.1288900796560413,-1.1283743902296621,-1.1278417187397676,-1.1272806601127714,-1.1267465717934781,-1.1261900886889007,-1.1256261746636766,-1.125005137410045,-1.1242832250353052,-1.1232818206945503,-1.1226967244024384,-1.122112542950501,-1.121518727428687,-1.120915277836996,-1.120272432234089,-1.1196027057921385,-1.1189123965365368,-1.118003236366456,-1.117045369299341,-1.1162609389474487,-1.1154991203786842,-1.1147356899203409,-1.1140026548863815,-1.1132618490962385,-1.1124404054804535,-1.111482923445747,-1.1101950167342478,-1.1093910082740026,-1.1085647904413676,-1.1076837077701756,-1.1068112643751566,-1.1059302481777253,-1.1049798528670258,-1.1040874392609745,-1.102989867938665,-1.1014230440675552,-1.1003896745040758,-1.0993229881067648,-1.0981356433760636,-1.0971269990119732,-1.0961166126521065,-1.0950772406269833,-1.0938720329563227,-1.0922035707052495,-1.0911660025242524,-1.090051863178769,-1.088991376748142,-1.0879012027792117,-1.0867131514839754,-1.085568707041773,-1.0844466582438599,-1.0830726966238478,-1.081217324628884,-1.079991822770205,-1.0787456478362871,-1.0775802346229426,-1.07627247505369,-1.075054896127209,-1.0737211285339268,-1.0724542021570962,-1.0710770867998614,-1.0694442745058927,-1.0673325693159044,-1.06605504936077,-1.0647530264241956,-1.0631422484638573,-1.060508477520501,-1.0591078967936183,-1.0576904353657934,-1.056439484100552,-1.055089063178306,-1.0536896007435947,-1.052259440911253,-1.0507640962881364,-1.0492610339028279,-1.0477849596000157,-1.0463218883180585,-1.044782070568547,-1.0432044121352317,-1.0416393174409029,-1.0401593702816465,-1.0382537054684473,-1.0356743200389367,-1.0341186189592013,-1.0325620809444243,-1.0309780855001118,-1.0292688717942327,-1.0276499930876908,-1.0260138869065527,-1.0244046811233383,-1.0229178219484476,-1.0210739481960587,-1.0194134538097455,-1.0174853975812037,-1.0156281217010867,-1.0129117269128551,-1.0111078682498762,-1.009179559011365,-1.0072843517233159,-1.0054053639667768,-1.0035492302327351,-1.0016561994647661,-0.9997927725812421,-0.9978801039710437,-0.9959730061395085,-0.9940594215658214,-0.9920143672896696,-0.9900558774440664,-0.987767404978786,-0.984687032651826,-0.9822031212512584,-0.9788323181921803,-0.9766639473590645,-0.9744281606352466,-0.971303272760267,-0.969279960557862,-0.9671634709090424,-0.9648774552637351,-0.9628845576481302,-0.9605980830299192,-0.9583177502303706,-0.9561136963354243,-0.9528425219814043,-0.9509451872687067,-0.9490311830381073,-0.94726464615392,-0.9453752076121155,-0.9421912098947991,-0.9403716089105477,-0.9378423534848132,-0.9354516681635505,-0.9328175360416896,-0.9301367627312477,-0.9272062800783238,-0.8977379512911307,-0.8801660118484056,-0.865883747742038,-0.8501787603405448,-0.8472739294889434,-0.8265164935636554,-0.8135574062475127,-0.7933253292359117,-0.7860012944982714,-0.783772661897303,-0.7817706474649009,-0.7789134611195553,-0.7766626701578704,-0.7717553953714373,-0.7707284928590751,-0.7687694773024983,-0.7671627927646212,-0.7390611581520262,-0.7364417700556374,-0.7282925234461288,-0.7258894203506289,-0.7237311410405157,-0.7206516944564841,-0.7182264330002676,-0.7129406330974375,-0.7118348395788522,-0.7097256276835047,-0.7079960552320879,-0.6935458585171681,-0.6900625171654747,-0.6806009207290579,-0.674353167935541,-0.6677839375294529,-0.6639549490097881,-0.6588143074483098,-0.6510231703831854,-0.6485300176101161,-0.6404495788095673,-0.6380102983940567,-0.6355535302915554,-0.6147765968061392,-0.6116493119772174,-0.608832745791089,-0.5961255178405122,-0.57202643202735,-0.5672620728527372,-0.5621688725437499,-0.5578969822422533,-0.5527499506757857,-0.5523387053374706,-0.5516155617444592,-0.5508170942620164,-0.545613861311509,-0.5451499662438581,-0.5424633481982805,-0.5416712748176193,-0.5404129384232985,-0.53939271718465,-0.5368825658948182,-0.5325944277146512,-0.525439273728695,-0.5173957846256794,-0.5115576611841066,-0.5056534500715753,-0.5000858693512453,-0.4962823692237477,-0.49444171336963677,-0.4905821969406076,-0.4904118519821032,-0.48979580310184057,-0.48282866182201356,-0.47558586588302965,-0.4686098329117555,-0.45293220395600725,-0.4384497875546928,-0.4365555718225597,-0.43409883642832026,-0.4309534434465907,-0.4260711373543854,-0.42292170077247676,-0.4164775733891497,-0.411545773815769,-0.40862871225475744,-0.4033772693745652,-0.39674800562983986,-0.39513516420767664,-0.39319744747833946,-0.39058176023919106,-0.38734098600104333,-0.3823110463119473,-0.37906664317473515,-0.3724288503707678,-0.3673494172004963,-0.36434526840536374,-0.3589374832048688,-0.3528042257813449,-0.3506244736624694,-0.3478485167328043,-0.3445167381983796,-0.33934593968548166,-0.3360109279228463,-0.32918835683035225,-0.32396806483627855,-0.3208808251619367,-0.3153238720497186,-0.30192245742776275,-0.2997330363501977,-0.29174062552624497,-0.2909467947537977,-0.28941800028325115,-0.27642817116553436,-0.25424352589136223,-0.2514257605344511,-0.2456538050477529,-0.20390917199590997,-0.20258734430585457,-0.16694650989883392,-0.16561489926675202,-0.14191258964798772,-0.13908430901436947,0.054899767539817665,0.05808312318404064,0.12543616439922323,0.12909666162679143,0.14421524011067127,0.14666686277406876,0.15527520314268625,0.15579335645930953,0.1613515011434211,0.16781384967173363,0.17073457343476714,0.17966570146444255,0.18018870961221797,0.1857988703443889,0.19166481622648443,0.19344777629241078,0.19929296782419273,0.19976339357539777,0.2066221487938639,0.2071504706135408,0.2128175635446543,0.21857235056378282,0.22170095033091172,0.2310321880224554,0.23156527586539702,0.23728343333149546,0.2434724026384446,0.24534710752891278,0.2521871228956139,0.2551237140642426,0.26443369488763013,0.2649732361036888,0.27076053685318296,0.27710159653853883,0.27969624212328686,0.2886212893897225,0.28916545601655896,0.2950023147386705,0.3012023707587895,0.3037212980387213,0.3126626352750653,0.31321136070676425,0.3190970637666874,0.3256441225305225,0.33003668200208575,0.34085887189451747,0.3414128961968029,0.34735537287015633,0.3539257064367151,0.35605274790298697,0.3600923212655301,0.36507464856193655,0.3686470690478638,0.37370357808762583,0.37800726015894287,0.3800711884237726,0.38159498586482393,0.3859299462192881,0.3882806241821845,0.38946669494260244,0.3901705136354627,0.3984676341649903,0.4077174613890606,0.4133455052808437,0.4215019625753676,0.4235952381464993,0.425140689910647,0.42953719413075403,0.44112779690794124,0.44352059359706925,0.4459561485085073,0.4483935748611465,0.5022195669719133,0.51355229206334,0.5250918127950582,0.5351139626314598,0.5433937980669892,0.5532169127773013,0.5983425468617496,0.6028469661442455,0.6355374823528401,0.6381380944531824,0.6419991740728221,0.6611273587418222,0.6756445630558269,0.735898973069065,0.7513398306831264,0.8221305899161018,0.8382646050476443,0.8413299837091053,0.8577493858266217,0.9270720153623365,0.9431146979255918,1.0090970628178826,1.0560413521222334,1.0574630596771517,1.1090972021053864,1.1102676963985478,1.1115116802093026,1.1139762704100473,1.144983409334053,1.146605704236841,1.1477613257859558,1.1491632159666294,1.177711939216815,1.1788258785463206,1.1799896120087026,1.1824913886619348,1.2122188873425053,1.2133161463174333,1.2144885010168862,1.2179074559237053,1.25562933902493,1.2595313187072164,1.2708523926532036,1.27216524070293,1.2945383314895251,1.3010621018387127,1.3315365774003316,1.33578125185089,1.3451015988806028,1.3800539919050485,1.382377337060191,1.3898968124511284,1.398152669228568,1.4061884865591907,1.416836009046746,1.4280267899947698,1.4381193851016234,1.4471333469698235,1.4569751723257363,1.511598020756217,1.5222777747580036,1.8911361822652877,1.909392179060176,1.9112946307987395,1.9119194458235849,1.9133397178492306,1.9156128402941497,1.9342843475186309,1.9443552029305204,1.9532986592657737,1.9541279415652038,1.9622264273309833,1.9629137115679367,1.966293966257474,1.9723142251600103,1.9922224293231072,2.000658696151136,2.019934650998799,2.0266720220247696
-1.0,-1.0,-1.0,-1.0,-1.0,-1.0,-1.0,-1.0,-1.0,-1.0,-1.0,-1.0,-1.0,-1.0,-1.0,-1.0,-1.0,-1.0,-1.0,-1.0,-1.0,-1.0,-1.0,-1.0,-1.0,-1.0,-1.0,-1.0,-1.0,-1.0,-1.0,-1.0,-1.0,-1.0,-1.0,-1.0,-1.0,-1.0,-1.0,-1.0,-1.0,-1.0,-1.0,-1.0,-1.0,-1.0,-1.0,-1.0,-1.0,-1.0,-1.0,-1.0,-1.0,-1.0,-1.0,1.0,-1.0,-1.0,-1.0,-1.0,-1.0,-1.0,-1.0,-1.0,-1.0,-1.0,-1.0,-1.0,-1.0,-1.0,-1.0,-1.0,-1.0,-1.0,-1.0,-1.0,-1.0,-1.0,-1.0,-1.0,-1.0,-1.0,-1.0,-1.0,-1.0,-1.0,-1.0,-1.0,-1.0,-1.0,-1.0,-1.0,1.0,-1.0,-1.0,-1.0,-1.0,-1.0,-1.0,-1.0,-1.0,-1.0,-1.0,-1.0,-1.0,-1.0,-1.0,-1.0,-1.0,-1.0,-1.0,-1.0,-1.0,-1.0,-1.0,-1.0,-1.0,-1.0,-1.0,-1.0,-1.0,-1.0,-1.0,-1.0,-1.0,-1.0,-1.0,-1.0,-1.0,-1.0,-1.0,-1.0,-1.0,-1.0,-1.0,-1.0,-1.0,-1.0,-1.0,-1.0,-1.0,-1.0,-1.0,-1.0,-1.0,-1.0,-1.0,-1.0,-1.0,-1.0,-1.0,-1.0,-1.0,-1.0,-1.0,-1.0,-1.0,-1.0,-1.0,-1.0,-1.0,-1.0,-1.0,-1.0,-1.0,-1.0,-1.0,-1.0,-1.0,-1.0,-1.0,1.0,-1.0,1.0,1.0,1.0,-1.0,-1.0,-1.0,-1.0,-1.0,-1.0,1.0,-1.0,1.0,1.0,1.0,-1.0,-1.0,-1.0,-1.0,-1.0,-1.0,-1.0,-1.0,-1.0,-1.0,-1.0,1.0,1.0,1.0,-1.0,-1.0,-1.0,-1.0,-1.0,-1.0,-1.0,1.0,1.0,-1.0,-1.0,1.0,1.0,-1.0,-1.0,-1.0,-1.0,-1.0,-1.0,-1.0,-1.0,1.0,1.0,1.0,1.0,1.0,1.0,1.0,-1.0,-1.0,1.0,-1.0,-1.0,-1.0,-1.0,1.0,-1.0,1.0,1.0,-1.0,-1.0,1.0,-1.0,-1.0,1.0,-1.0,-1.0,-1.0,1.0,1.0,-1.0,-1.0,1.0,-1.0,-1.0,1.0,-1.0,-1.0,1.0,1.0,-1.0,-1.0,1.0,-1.0,-1.0,1.0,-1.0,-1.0,-1.0,1.0,1.0,1.0,-1.0,-1.0,-1.0,-1.0,-1.0,-1.0,-1.0,-1.0,-1.0,-1.0,-1.0,-1.0,-1.0,-1.0,-1.0,1.0,-1.0,-1.0,-1.0,-1.0,1.0,-1.0,-1.0,-1.0,-1.0,-1.0,-1.0,1.0,-1.0,-1.0,-1.0,-1.0,1.0,-1.0,-1.0,-1.0,-1.0,1.0,-1.0,1.0,-1.0,-1.0,-1.0,-1.0,1.0,-1.0,-1.0,-1.0,-1.0,1.0,-1.0,-1.0,-1.0,-1.0,1.0,-1.0,-1.0,-1.0,-1.0,1.0,1.0,-1.0,1.0,-1.0,-1.0,-1.0,1.0,1.0,-1.0,-1.0,1.0,-1.0,-1.0,1.0,-1.0,-1.0,1.0,1.0,-1.0,-1.0,-1.0,-1.0,-1.0,-1.0,-1.0,-1.0,-1.0,-1.0,1.0,1.0,-1.0,-1.0,1.0,-1.0,-1.0,-1.0,-1.0,-1.0,-1.0,-1.0,-1.0,1.0,-1.0,-1.0,-1.0,-1.0,-1.0,1.0,-1.0,1.0,-1.0,1.0,-1.0,1.0,-1.0,1.0,-1.0,1.0,-1.0,1.0,-1.0,1.0,-1.0,-1.0,1.0,1.0,-1.0,1.0,-1.0,-1.0,-1.0,-1.0,-1.0,-1.0,-1.0,-1.0,-1.0,-1.0,-1.0,-1.0,-1.0,-1.0,-1.0,1.0,1.0,-1.0,-1.0,-1.0,-1.0,-1.0,-1.0,-1.0,-1.0,-1.0,1.0,1.0,-1.0,-1.0,1.0,1.0,-1.0
-1.0,-1.0,-1.0,-1.0,-1.0,-1.0,-1.0,-1.0,-1.0,-1.0,-1.0,-1.0,-1.0,-1.0,-1.0,-1.0,-1.0,-1.0,-1.0,-1.0,-1.0,-1.0,-1.0,-1.0,-1.0,-1.0,-1.0,-1.0,-1.0,-1.0,-1.0,-1.0,-1.0,-1.0,-1.0,-1.0,-1.0,-1.0,-1.0,-1.0,-1.0,-1.0,-1.0,-1.0,-1.0,-1.0,-1.0,-1.0,-1.0,-1.0,-1.0,-1.0,-1.0,-1.0,-1.0,-1.0,-1.0,-1.0,-1.0,-1.0,-1.0,-1.0,-1.0,-1.0,-1.0,-1.0,-1.0,-1.0,-1.0,-1.0,-1.0,-1.0,-1.0,-1.0,-1.0,-1.0,-1.0,-1.0,-1.0,-1.0,-1.0,-1.0,-1.0,-1.0,-1.0,-1.0,-1.0,-1.0,-1.0,-1.0,-1.0,-1.0,-1.0,-1.0,-1.0,-1.0,-1.0,-1.0,-1.0,-1.0,-1.0,-1.0,-1.0,-1.0,-1.0,-1.0,-1.0,-1.0,-1.0,-1.0,-1.0,-1.0,-1.0,-1.0,-1.0,-1.0,-1.0,-1.0,-1.0,-1.0,-1.0,-1.0,-1.0,-1.0,-1.0,-1.0,-1.0,-1.0,-1.0,-1.0,-1.0,-1.0,-1.0,-1.0,-1.0,-1.0,-1.0,-1.0,-1.0,-1.0,-1.0,-1.0,-1.0,-1.0,-1.0,-1.0,-1.0,-1.0,-1.0,-1.0,-1.0,-1.0,-1.0,-1.0,-1.0,-1.0,-1.0,-1.0,-1.0,-1.0,-1.0,-1.0,-1.0,-1.0,-1.0,-1.0,-1.0,-1.0,-1.0,-1.0,-1.0,-1.0,-1.0,-1.0,-1.0,-1.0,-1.0,-1.0,-1.0,-1.0,-1.0,-1.0,-1.0,-1.0,-1.0,-1.0,-1.0,-1.0,-1.0,-1.0,-1.0,-1.0,-1.0,-1.0,-1.0,-1.0,-1.0,-1.0,1.0,-1.0,-1.0,-1.0,-1.0,-1.0,-1.0,-1.0,-1.0,-1.0,-1.0,-1.0,-1.0,-1.0,-1.0,-1.0,-1.0,-1.0,-1.0,-1.0,-1.0,-1.0,-1.0,-1.0,-1.0,-1.0,-1.0,-1.0,-1.0,-1.0,-1.0,-1.0,-1.0,-1.0,-1.0,-1.0,-1.0,-1.0,-1.0,-1.0,-1.0,-1.0,-1.0,-1.0,-1.0,-1.0,-1.0,-1.0,-1.0,-1.0,-1.0,-1.0,-1.0,-1.0,-1.0,-1.0,-1.0,-1.0,-1.0,-1.0,-1.0,-1.0,-1.0,-1.0,-1.0,-1.0,-1.0,-1.0,-1.0,-1.0,-1.0,-1.0,-1.0,-1.0,-1.0,-1.0,-1.0,-1.0,-1.0,-1.0,-1.0,-1.0,-1.0,-1.0,-1.0,-1.0,-1.0,-1.0,-1.0,-1.0,-1.0,-1.0,-1.0,-1.0,-1.0,-1.0,-1.0,-1.0,-1.0,-1.0,-1.0,-1.0,-1.0,-1.0,-1.0,-1.0,-1.0,-1.0,-1.0,-1.0,-1.0,-1.0,-1.0,-1.0,-1.0,-1.0,-1.0,-1.0,-1.0,-1.0,-1.0,-1.0,-1.0,-1.0,-1.0,-1.0,-1.0,-1.0,-1.0,-1.0,-1.0,-1.0,-1.0,-1.0,-1.0,-1.0,-1.0,-1.0,-1.0,-1.0,-1.0,-1.0,-1.0,-1.0,-1.0,-1.0,-1.0,-1.0,-1.0,-1.0,-1.0,-1.0,-1.0,-1.0,-1.0,-1.0,-1.0,-1.0,-1.0,-1.0,-1.0,-1.0,-1.0,-1.0,-1.0,-1.0,-1.0,-1.0,-1.0,-1.0,-1.0,-1.0,-1.0,-1.0,-1.0,-1.0,1.0,-1.0,-1.0,-1.0,-1.0,-1.0,-1.0,-1.0,-1.0,-1.0,-1.0,-1.0,-1.0,-1.0,-1.0,-1.0,-1.0,-1.0,-1.0,-1.0,-1.0,-1.0,-1.0,-1.0,-1.0,-1.0,-1.0,-1.0,-1.0,-1.0,-1.0,-1.0,-1.0,-1.0,-1.0,-1.0,-1.0,-1.0,-1.0,-1.0,-1.0,-1.0,-1.0,-1.0,-1.0,-1.0,-1.0,-1.0,-1.0,-1.0,-1.0,-1.0,-1.0,-1.0,-1.0,-1.0,-1.0,-1.0,-1.0,-1.0
-1.0,-1.0,-1.0,-1.0,-1.0,-1.0,-1.0,-1.0,-1.0,-1.0,-1.0,-1.0,-1.0,-1.0,-1.0,-1.0,-1.0,-1.0,-1.0,-1.0,-1.0,-1.0,-1.0,-1.0,-1.0,-1.0,-1.0,-1.0,-1.0,-1.0,-1.0,-1.0,-1.0,-1.0,-1.0,-1.0,-1.0,-1.0,-1.0,-1.0,-1.0,-1.0,-1.0,-1.0,-1.0,-1.0,-1.0,-1.0,-1.0,-1.0,-1.0,-1.0,-1.0,-1.0,-1.0,-1.0,-1.0,-1.0,-1.0,-1.0,-1.0,-1.0,-1.0,-1.0,-1.0,-1.0,-1.0,-1.0,-1.0,-1.0,-1.0,-1.0,-1.0,-1.0,-1.0,-1.0,-1.0,-1.0,-1.0,-1.0,-1.0,-1.0,-1.0,-1.0,-1.0,-1.0,-1.0,-1.0,-1.0,-1.0,-1.0,-1.0,-1.0,-1.0,-1.0,-1.0,-1.0,-1.0,-1.0,-1.0,-1.0,-1.0,-1.0,-1.0,-1.0,-1.0,-1.0,-1.0,-1.0,-1.0,-1.0,-1.0,-1.0,-1.0,-1.0,-1.0,-1.0,-1.0,-1.0,-1.0,-1.0,-1.0,-1.0,-1.0,-1.0,-1.0,-1.0,-1.0,-1.0,-1.0,-1.0,-1.0,-1.0,-1.0,-1.0,-1.0,-1.0,-1.0,-1.0,-1.0,-1.0,-1.0,-1.0,-1.0,-1.0,-1.0,-1.0,-1.0,-1.0,-1.0,-1.0,-1.0,-1.0,-1.0,-1.0,-1.0,-1.0,-1.0,-1.0,-1.0,-1.0,-1.0,-1.0,-1.0,-1.0,-1.0,-1.0,-1.0,-1.0,-1.0,-1.0,-1.0,-1.0,-1.0,-1.0,-1.0,-1.0,-1.0,-1.0,-1.0,-1.0,-1.0,-1.0,-1.0,-1.0,-1.0,-1.0,-1.0,-1.0,-1.0,-1.0,-1.0,-1.0,-1.0,-1.0,-1.0,-1.0,-1.0,-1.0,-1.0,-1.0,-1.0,-1.0,-1.0,-1.0,-1.0,-1.0,-1.0,-1.0,-1.0,-1.0,-1.0,-1.0,-1.0,-1.0,-1.0,-1.0,-1.0,-1.0,-1.0,-1.0,-1.0,-1.0,-1.0,-1.0,-1.0,-1.0,-1.0,-1.0,-1.0,-1.0,-1.0,-1.0,-1.0,-1.0,-1.0,-1.0,-1.0,-1.0,-1.0,-1.0,-1.0,-1.0,-1.0,-1.0,-1.0,-1.0,-1.0,-1.0,-1.0,-1.0,-1.0,-1.0,-1.0,-1.0,-1.0,-1.0,-1.0,-1.0,-1.0,-1.0,-1.0,-1.0,-1.0,-1.0,-1.0,-1.0,-1.0,-1.0,-1.0,-1.0,-1.0,-1.0,-1.0,-1.0,-1.0,-1.0,-1.0,-1.0,-1.0,-1.0,-1.0,-1.0,-1.0,-1.0,-1.0,-1.0,-1.0,-1.0,-1.0,-1.0,-1.0,-1.0,-1.0,-1.0,-1.0,-1.0,-1.0,-1.0,-1.0,-1.0,-1.0,-1.0,-1.0,-1.0,-1.0,-1.0,-1.0,-1.0,-1.0,-1.0,-1.0,-1.0,-1.0,-1.0,-1.0,-1.0,-1.0,-1.0,-1.0,-1.0,-1.0,-1.0,-1.0,-1.0,-1.0,-1.0,-1.0,-1.0,-1.0,-1.0,-1.0,-1.0,-1.0,-1.0,-1.0,-1.0,-1.0,-1.0,-1.0,-1.0,-1.0,-1.0,-1.0,-1.0,-1.0,-1.0,-1.0,-1.0,-1.0,-1.0,-1.0,-1.0,-1.0,-1.0,-1.0,-1.0,-1.0,-1.0,-1.0,-1.0,-1.0,-1.0,-1.0,-1.0,-1.0,-1.0,-1.0,-1.0,-1.0,-1.0,-1.0,-1.0,-1.0,-1.0,-1.0,-1.0,-1.0,-1.0,-1.0,-1.0,-1.0,-1.0,-1.0,-1.0,-1.0,-1.0,-1.0,-1.0,-1.0,-1.0,-1.0,-1.0,-1.0,-1.0,-1.0,-1.0,-1.0,-1.0,-1.0,-1.0,-1.0,-1.0,-1.0,-1.0,1.0,-1.0,-1.0,-1.0,-1.0,-1.0,-1.0,-1.0,-1.0,-1.0,-1.0,-1.0,-1.0,-1.0,-1.0,-1.0,-1.0,-1.0,-1.0,-1.0,-1.0,-1.0,-1.0,-1.0,-1.0,-1.0,-1.0,-1.0,-1.0
-1.0,-1.0,-1.0,-1.0,-1.0,-1.0,-1.0,-1.0,-1.0,-1.0,-1.0,-1.0,-1.0,-1.0,-1.0,-1.0,-1.0,-1.0,-1.0,-1.0,-1.0,-1.0,-1.0,-1.0,-1.0,-1.0,-1.0,-1.0,-1.0,-1.0,-1.0,-1.0,-1.0,-1.0,-1.0,-1.0,-1.0,-1.0,-1.0,-1.0,-1.0,-1.0,-1.0,-1.0,-1.0,-1.0,-1.0,-1.0,-1.0,-1.0,-1.0,-1.0,-1.0,-1.0,-1.0,-1.0,-1.0,-1.0,-1.0,-1.0,-1.0,-1.0,-1.0,-1.0,-1.0,-1.0,-1.0,-1.0,-1.0,-1.0,-1.0,-1.0,-1.0,-1.0,-1.0,-1.0,-1.0,-1.0,-1.0,-1.0,-1.0,-1.0,-1.0,-1.0,-1.0,-1.0,-1.0,-1.0,-1.0,-1.0,-1.0,-1.0,-1.0,-1.0,-1.0,-1.0,-1.0,-1.0,-1.0,-1.0,-1.0,-1.0,-1.0,-1.0,-1.0,-1.0,-1.0,-1.0,-1.0,-1.0,-1.0,-1.0,-1.0,-1.0,-1.0,-1.0,-1.0,-1.0,-1.0,-1.0,-1.0,-1.0,-1.0,-1.0,-1.0,-1.0,-1.0,-1.0,-1.0,-1.0,-1.0,-1.0,-1.0,-1.0,-1.0,-1.0,-1.0,-1.0,-1.0,-1.0,-1.0,-1.0,-1.0,-1.0,-1.0,-1.0,-1.0,-1.0,-1.0,-1.0,-1.0,-1.0,-1.0,-1.0,-1.0,-1.0,-1.0,-1.0,-1.0,-1.0,-1.0,-1.0,-1.0,-1.0,-1.0,-1.0,-1.0,-1.0,-1.0,-1.0,-1.0,-1.0,-1.0,-1.0,-1.0,-1.0,-1.0,-1.0,-1.0,-1.0,-1.0,-1.0,-1.0,-1.0,-1.0,-1.0,-1.0,-1.0,-1.0,-1.0,-1.0,-1.0,-1.0,-1.0,-1.0,-1.0,-1.0,-1.0,-1.0,-1.0,-1.0,-1.0,-1.0,-1.0,-1.0,-1.0,-1.0,-1.0,-1.0,-1.0,-1.0,-1.0,-1.0,-1.0,-1.0,-1.0,-1.0,-1.0,-1.0,-1.0,-1.0,-1.0,-1.0,-1.0,-1.0,-1.0,-1.0,-1.0,-1.0,-1.0,-1.0,-1.0,-1.0,-1.0,-1.0,-1.0,1.0,-1.0,-1.0,-1.0,-1.0,-1.0,-1.0,-1.0,-1.0,-1.0,-1.0,-1.0,-1.0,-1.0,-1.0,-1.0,-1.0,-1.0,-1.0,-1.0,-1.0,-1.0,-1.0,-1.0,-1.0,-1.0,-1.0,-1.0,-1.0,-1.0,-1.0,-1.0,-1.0,-1.0,-1.0,-1.0,-1.0,-1.0,-1.0,-1.0,-1.0,-1.0,-1.0,-1.0,-1.0,-1.0,-1.0,-1.0,-1.0,-1.0,-1.0,-1.0,-1.0,-1.0,-1.0,-1.0,-1.0,-1.0,-1.0,-1.0,-1.0,-1.0,-1.0,-1.0,-1.0,-1.0,-1.0,-1.0,-1.0,-1.0,-1.0,-1.0,-1.0,-1.0,-1.0,-1.0,-1.0,-1.0,-1.0,-1.0,-1.0,-1.0,-1.0,-1.0,-1.0,-1.0,-1.0,-1.0,-1.0,-1.0,-1.0,-1.0,-1.0,-1.0,-1.0,-1.0,-1.0,-1.0,-1.0,-1.0,-1.0,-1.0,-1.0,-1.0,-1.0,-1.0,-1.0,-1.0,-1.0,-1.0,-1.0,-1.0,-1.0,-1.0,-1.0,-1.0,-1.0,-1.0,-1.0,-1.0,-1.0,-1.0,-1.0,-1.0,-1.0,-1.0,-1.0,-1.0,-1.0,-1.0,-1.0,-1.0,-1.0,-1.0,-1.0,-1.0,-1.0,-1.0,-1.0,-1.0,-1.0,-1.0,-1.0,-1.0,-1.0,-1.0,-1.0,-1.0,-1.0,-1.0,-1.0,-1.0,-1.0,-1.0,-1.0,-1.0,-1.0,-1.0,-1.0,-1.0,-1.0,-1.0,-1.0,-1.0,-1.0,-1.0,-1.0,-1.0,-1.0,-1.0,-1.0,-1.0,-1.0,-1.0,-1.0,-1.0,-1.0,-1.0,-1.0,-1.0,-1.0,-1.0,-1.0,-1.0,-1.0,-1.0,-1.0,-1.0,-1.0,-1.0,-1.0,-1.0,-1.0,-1.0,-1.0,-1.0,-1.0,-1.0
-1.0,-1.0,-1.0,-1.0,-1.0,-1.0,-1.0,-1.0,-1.0,-1.0,-1.0,-1.0,-1.0,-1.0,-1.0,-1.0,-1.0,-1.0,-1.0,-1.0,-1.0,-1.0,-1.0,-1.0,-1.0,-1.0,-1.0,-1.0,-1.0,-1.0,-1.0,-1.0,-1.0,-1.0,-1.0,-1.0,-1.0,-1.0,-1.0,-1.0,-1.0,-1.0,-1.0,-1.0,-1.0,-1.0,-1.0,-1.0,-1.0,-1.0,-1.0,-1.0,-1.0,-1.0,-1.0,-1.0,-1.0,-1.0,-1.0,-1.0,-1.0,-1.0,-1.0,-1.0,-1.0,-1.0,-1.0,-1.0,-1.0,-1.0,-1.0,-1.0,-1.0,-1.0,-1.0,-1.0,-1.0,-1.0,-1.0,-1.0,-1.0,-1.0,-1.0,-1.0,-1.0,-1.0,-1.0,-1.0,-1.0,-1.0,-1.0,-1.0,-1.0,-1.0,-1.0,-1.0,-1.0,-1.0,-1.0,-1.0,-1.0,-1.0,-1.0,-1.0,-1.0,-1.0,-1.0,-1.0,-1.0,-1.0,-1.0,-1.0,-1.0,-1.0,-1.0,-1.0,-1.0,-1.0,-1.0,-1.0,-1.0,-1.0,-1.0,-1.0,-1.0,-1.0,-1.0,-1.0,-1.0,-1.0,-1.0,-1.0,-1.0,-1.0,-1.0,-1.0,-1.0,-1.0,-1.0,-1.0,-1.0,-1.0,-1.0,-1.0,-1.0,-1.0,-1.0,-1.0,-1.0,-1.0,-1.0,-1.0,-1.0,-1.0,-1.0,-1.0,-1.0,-1.0,-1.0,-1.0,-1.0,-1.0,-1.0,-1.0,-1.0,-1.0,-1.0,-1.0,-1.0,-1.0,-1.0,-1.0,-1.0,-1.0,-1.0,-1.0,-1.0,-1.0,-1.0,-1.0,-1.0,-1.0,-1.0,-1.0,-1.0,-1.0,-1.0,-1.0,-1.0,-1.0,-1.0,-1.0,-1.0,-1.0,-1.0,-1.0,-1.0,-1.0,-1.0,-1.0,-1.0,-1.0,-1.0,-1.0,-1.0,-1.0,-1.0,-1.0,-1.0,-1.0,-1.0,-1.0,-1.0,-1.0,-1.0,-1.0,-1.0,-1.0,-1.0,-1.0,-1.0,-1.0,-1.0,-1.0,-1.0,-1.0,-1.0,-1.0,-1.0,-1.0,-1.0,-1.0,-1.0,-1.0,-1.0,-1.0,-1.0,-1.0,-1.0,-1.0,-1.0,-1.0,-1.0,-1.0,-1.0,-1.0,-1.0,-1.0,-1.0,-1.0,-1.0,-1.0,-1.0,-1.0,-1.0,-1.0,-1.0,-1.0,-1.0,-1.0,-1.0,-1.0,-1.0,-1.0,-1.0,-1.0,-1.0,-1.0,-1.0,-1.0,-1.0,-1.0,-1.0,-1.0,-1.0,-1.0,-1.0,-1.0,-1.0,-1.0,-1.0,-1.0,-1.0,-1.0,-1.0,-1.0,-1.0,-1.0,-1.0,-1.0,-1.0,-1.0,-1.0,-1.0,-1.0,-1.0,-1.0,-1.0,-1.0,-1.0,-1.0,-1.0,-1.0,-1.0,-1.0,-1.0,-1.0,-1.0,-1.0,-1.0,-1.0,-1.0,-1.0,-1.0,-1.0,-1.0,-1.0,-1.0,-1.0,-1.0,-1.0,-1.0,-1.0,-1.0,-1.0,-1.0,-1.0,-1.0,-1.0,-1.0,-1.0,-1.0,-1.0,-1.0,-1.0,-1.0,-1.0,-1.0,-1.0,-1.0,-1.0,-1.0,-1.0,-1.0,-1.0,-1.0,-1.0,-1.0,-1.0,-1.0,-1.0,-1.0,-1.0,-1.0,-1.0,-1.0,-1.0,-1.0,-1.0,-1.0,-1.0,-1.0,-1.0,-1.0,-1.0,-1.0,-1.0,-1.0,-1.0,-1.0,-1.0,-1.0,-1.0,-1.0,-1.0,-1.0,-1.0,-1.0,-1.0,-1.0,-1.0,-1.0,-1.0,-1.0,-1.0,-1.0,-1.0,-1.0,-1.0,-1.0,-1.0,-1.0,-1.0,-1.0,-1.0,-1.0,-1.0,-1.0,-1.0,-1.0,-1.0,-1.0,-1.0,-1.0,-1.0,-1.0,-1.0,-1.0,-1.0,-1.0,-1.0,-1.0,-1.0,-1.0,-1.0,-1.0,-1.0,-1.0,-1.0,-1.0,-1.0,-1.0,-1.0,-1.0,-1.0,-1.0,-1.0,-1.0,-1.0,-1.0,-1.0,-1.0,-1.0,-1.0
-1.0,-1.0,-1.0,-1.0,-1.0,-1.0,-1.0,-1.0,-1.0,-1.0,-1.0,-1.0,-1.0,-1.0,-1.0,-1.0,-1.0,-1.0,-1.0,-1.0,-1.0,-1.0,-1.0,-1.0,-1.0,-1.0,-1.0,-1.0,-1.0,-1.0,-1.0,-1.0,-1.0,-1.0,-1.0,-1.0,-1.0,-1.0,-1.0,-1.0,-1.0,-1.0,-1.0,-1.0,-1.0,-1.0,-1.0,-1.0,-1.0,-1.0,-1.0,-1.0,-1.0,-1.0,-1.0,-1.0,-1.0,-1.0,-1.0,-1.0,-1.0,-1.0,-1.0,-1.0,-1.0,-1.0,-1.0,-1.0,-1.0,-1.0,-1.0,-1.0,-1.0,-1.0,-1.0,-1.0,-1.0,-1.0,-1.0,-1.0,-1.0,-1.0,-1.0,-1.0,-1.0,-1.0,-1.0,-1.0,-1.0,-1.0,-1.0,-1.0,-1.0,-1.0,-1.0,-1.0,-1.0,-1.0,-1.0,-1.0,-1.0,-1.0,-1.0,-1.0,-1.0,-1.0,-1.0,-1.0,-1.0,-1.0,-1.0,-1.0,-1.0,-1.0,-1.0,-1.0,-1.0,-1.0,-1.0,-1.0,-1.0,-1.0,-1.0,-1.0,-1.0,-1.0,-1.0,-1.0,-1.0,-1.0,-1.0,-1.0,-1.0,-1.0,-1.0,-1.0,-1.0,-1.0,-1.0,-1.0,-1.0,-1.0,-1.0,-1.0,-1.0,-1.0,-1.0,-1.0,-1.0,-1.0,-1.0,-1.0,-1.0,-1.0,-1.0,-1.0,-1.0,1.0,-1.0,-1.0,-1.0,-1.0,-1.0,-1.0,-1.0,-1.0,-1.0,-1.0,-1.0,-1.0,-1.0,-1.0,-1.0,-1.0,-1.0,-1.0,-1.0,-1.0,-1.0,-1.0,-1.0,-1.0,-1.0,-1.0,-1.0,-1.0,-1.0,-1.0,-1.0,-1.0,-1.0,-1.0,-1.0,-1.0,-1.0,-1.0,-1.0,-1.0,-1.0,-1.0,-1.0,-1.0,-1.0,-1.0,-1.0,-1.0,-1.0,-1.0,-1.0,-1.0,-1.0,-1.0,-1.0,-1.0,-1.0,-1.0,-1.0,-1.0,-1.0,-1.0,-1.0,-1.0,-1.0,-1.0,-1.0,-1.0,-1.0,-1.0,-1.0,-1.0,-1.0,-1.0,-1.0,-1.0,-1.0,-1.0,-1.0,-1.0,-1.0,-1.0,-1.0,-1.0,-1.0,-1.0,-1.0,-1.0,-1.0,1.0,-1.0,-1.0,-1.0,-1.0,-1.0,-1.0,-1.0,-1.0,-1.0,-1.0,-1.0,-1.0,-1.0,-1.0,-1.0,-1.0,-1.0,-1.0,-1.0,-1.0,-1.0,-1.0,-1.0,-1.0,-1.0,-1.0,-1.0,-1.0,-1.0,-1.0,-1.0,-1.0,-1.0,-1.0,-1.0,-1.0,-1.0,-1.0,-1.0,-1.0,-1.0,-1.0,-1.0,-1.0,-1.0,-1.0,-1.0,-1.0,-1.0,-1.0,-1.0,-1.0,-1.0,-1.0,-1.0,-1.0,-1.0,-1.0,-1.0,-1.0,-1.0,-1.0,-1.0,-1.0,-1.0,-1.0,-1.0,-1.0,-1.0,-1.0,-1.0,-1.0,-1.0,-1.0,-1.0,-1.0,-1.0,-1.0,-1.0,-1.0,-1.0,-1.0,-1.0,-1.0,-1.0,-1.0,-1.0,-1.0,-1.0,-1.0,-1.0,-1.0,-1.0,-1.0,-1.0,-1.0,-1.0,-1.0,-1.0,-1.0,-1.0,-1.0,-1.0,-1.0,-1.0,-1.0,-1.0,-1.0,-1.0,-1.0,-1.0,-1.0,-1.0,-1.0,-1.0,-1.0,-1.0,-1.0,-1.0,-1.0,-1.0,-1.0,-1.0,-1.0,-1.0,-1.0,-1.0,-1.0,-1.0,-1.0,-1.0,-1.0,-1.0,-1.0,-1.0,-1.0,-1.0,-1.0,-1.0,-1.0,-1.0,-1.0,-1.0,-1.0,-1.0,-1.0,-1.0,-1.0,-1.0,-1.0,-1.0,-1.0,-1.0,-1.0,-1.0,-1.0,-1.0,1.0,-1.0,-1.0,-1.0,-1.0,-1.0,-1.0,-1.0,-1.0,-1.0,-1.0,-1.0,-1.0,-1.0,-1.0,-1.0,-1.0,-1.0,-1.0,-1.0,-1.0,-1.0,-1.0,-1.0,-1.0,-1.0,-1.0,-1.0,-1.0
1.337810426714739,1.337810426714739,1.337810426714739,1.337810426714739,1.337810426714739,1.337810426714739,1.337810426714739,1.337810426714739,1.337810426714739,1.337810426714739,1.337810426714739,0.5305742323103066,1.337810426714739,1.337810426714739,1.337810426714739,1.337810426714739,1.337810426714739,1.337810426714739,0.7323832809114148,1.337810426714739,1.337810426714739,1.337810426714739,0.12695613510809048,1.337810426714739,1.337810426714739,1.337810426714739,1.337810426714739,1.337810426714739,1.337810426714739,1.337810426714739,1.337810426714739,1.337810426714739,1.337810426714739,1.337810426714739,1.337810426714739,1.337810426714739,1.337810426714739,1.337810426714739,1.337810426714739,1.337810426714739,1.337810426714739,1.337810426714739,1.337810426714739,1.337810426714739,1.337810426714739,1.337810426714739,1.337810426714739,1.337810426714739,1.337810426714739,1.337810426714739,1.337810426714739,1.337810426714739,1.337810426714739,1.337810426714739,1.337810426714739,1.337810426714739,1.337810426714739,1.337810426714739,1.337810426714739,1.337810426714739,1.337810426714739,1.337810426714739,1.337810426714739,1.337810426714739,0.5305742323103066,0.5305742323103066,1.337810426714739,1.337810426714739,1.337810426714739,1.337810426714739,1.337810426714739,1.337810426714739,1.337810426714739,1.337810426714739,0.5305742323103066,1.337810426714739,1.337810426714739,1.337810426714739,1.337810426714739,1.337810426714739,1.337810426714739,1.337810426714739,1.337810426714739,1.337810426714739,1.337810426714739,0.5305742323103066,1.337810426714739,1.337810426714739,1.337810426714739,1.337810426714739,1.337810426714739,1.337810426714739,1.337810426714739,1.337810426714739,1.337810426714739,0.5305742323103066,1.337810426714739,1.337810426714739,1.337810426714739,1.337810426714739,1.337810426714739,1.337810426714739,0.5305742323103066,1.337810426714739,1.337810426714739,1.337810426714739,1.337810426714739,1.337810426714739,1.337810426714739,0.12695613510809048,1.337810426714739,1.337810426714739,1.337810426714739,1.337810426714739,1.337810426714739,1.337810426714739,1.337810426714739,1.337810426714739,1.337810426714739,0.5305742323103066,0.5305742323103066,1.337810426714739,1.337810426714739,1.337810426714739,1.337810426714739,1.337810426714739,1.337810426714739,1.337810426714739,1.337810426714739,1.337810426714739,1.337810426714739,1.337810426714739,1.337810426714739,1.337810426714739,1.337810426714739,1.337810426714739,1.337810426714739,1.337810426714739,1.337810426714739,1.337810426714739,1.337810426714739,1.337810426714739,1.337810426714739,1.337810426714739,1.337810426714739,1.337810426714739,1.337810426714739,1.337810426714739,1.337810426714739,1.337810426714739,1.337810426714739,1.337810426714739,1.337810426714739,1.337810426714739,1.337810426714739,1.337810426714739,-1.0838981564985581,0.3691269934294201,0.5305742323103066,1.337810426714739,0.7323832809114148,0.7323832809114148,1.337810426714739,0.5305742323103066,0.5305742323103066,0.7323832809114148,0.5305742323103066,1.337810426714739,0.5305742323103066,0.5305742323103066,0.5305742323103066,-0.27666196209412575,-0.7379397874680871,-0.8289814635287374,-0.9224509176176717,-0.47847101069523384,0.12695613510809048,-0.27666196209412575,0.12695613510809048,0.12695613510809048,1.337810426714739,-0.7379397874680871,-0.27666196209412575,-0.7379397874680871,-0.8289814635287374,-0.9224509176176717,-0.47847101069523384,0.12695613510809048,-0.27666196209412575,0.12695613510809048,0.12695613510809048,1.337810426714739,1.337810426714739,1.337810426714739,-1.0838981564985581,-0.27666196209412575,-0.27666196209412575,0.7323832809114148,-0.6802800592963419,-0.6565378182844469,-0.814819425030414,0.12695613510809048,0.12695613510809048,1.337810426714739,1.337810426714739,-0.27666196209412575,0.12695613510809048,-0.371630926141706,-0.8733148014365323,-0.7459853309339121,-0.711327605234974,0.12695613510809048,0.0,-0.7379397874680871,1.337810426714739,0.12695613510809048,-1.0838981564985581,0.5305742323103066,-1.0838981564985581,0.7323832809114148,1.337810426714739,-1.0057785247820001,-0.8733148014365323,-0.6063781541748093,-0.7989912643558174,-0.729501778467344,-0.8220918231782016,-1.0082197632731427,-0.9224509176176717,-0.6802800592963419,-1.0838981564985581,0.0,1.337810426714739,-0.3387570539713897,-0.6802800592963419,-0.897612880866766,-0.357385581534569,0.7323832809114148,-0.781184583596896,-0.8417272981772284,0.12695613510809048,1.337810426714739,-0.6802800592963419,0.12695613510809048,1.337810426714739,-0.47847101069523384,-0.27666196209412575,0.12695613510809048,1.337810426714739,-0.781184583596896,-0.8417272981772284,0.12695613510809048,1.337810426714739,-0.6802800592963419,0.12695613510809048,1.337810426714739,-0.47847101069523384,-0.27666196209412575,-0.1152147232132392,-0.8417272981772284,-0.8417272981772284,0.12695613510809048,1.337810426714739,-0.6802800592963419,0.12695613510809048,1.337810426714739,-0.47847101069523384,-0.27666196209412575,-1.0838981564985581,-1.0838981564985581,1.337810426714739,-0.5995564398558987,-0.47847101069523384,-0.6802800592963419,1.337810426714739,1.337810426714739,-0.27666196209412575,0.5305742323103066,1.337810426714739,0.5305742323103066,1.337810426714739,-1.0838981564985581,1.337810426714739,-1.0838981564985581,1.337810426714739,1.337810426714739,1.337810426714739,1.337810426714739,-0.7379397874680871,-0.27666196209412575,0.0,-0.27666196209412575,1.337810426714739,-0.7379397874680871,-0.27666196209412575,0.0,-0.27666196209412575,1.337810426714739,-0.47847101069523384,1.337810426714739,0.0,-0.27666196209412575,0.0,-0.27666196209412575,1.337810426714739,-0.781184583596896,-0.27666196209412575,0.0,-0.27666196209412575,1.337810426714739,-0.357385581534569,1.337810426714739,-0.7610036787367851,-0.27666196209412575,0.0,-0.27666196209412575,1.337810426714739,-0.6802800592963419,-0.27666196209412575,0.0,-0.27666196209412575,1.337810426714739,-0.6435875050052313,-0.27666196209412575,0.0,-0.27666196209412575,1.337810426714739,-0.6802800592963419,-0.27666196209412575,0.0,-0.27666196209412575,1.337810426714739,-0.6435875050052313,-0.814819425030414,-0.27666196209412575,-0.814819425030414,-0.27666196209412575,-0.8637428307518948,1.337810426714739,-1.0838981564985581,-0.897612880866766,-0.6802800592963419,1.337810426714739,-1.0838981564985581,-0.27666196209412575,-0.27666196209412575,-0.711327605234974,-0.8637428307518948,1.337810426714739,-1.0838981564985581,-0.897612880866766,1.337810426714739,1.337810426714739,1.337810426714739,1.337810426714739,1.337810426714739,1.337810426714739,1.337810426714739,1.337810426714739,1.337810426714739,1.337810426714739,-0.423432179258568,-0.357385581534569,0.0,-0.5995564398558987,-0.897612880866766,1.337810426714739,-1.0838981564985581,-0.3387570539713897,-1.0838981564985581,-0.814819425030414,-1.0838981564985581,-0.17575743779357167,-1.0838981564985581,-0.47847101069523384,-1.0838981564985581,-0.7379397874680871,1.337810426714739,-0.5995564398558987,1.337810426714739,0.12695613510809048,1.337810426714739,-0.711327605234974,0.934192329512523,0.12695613510809048,1.337810426714739,0.12695613510809048,1.337810426714739,0.12695613510809048,1.337810426714739,-0.6435875050052313,1.337810426714739,0.12695613510809048,1.337810426714739,-0.9325413700477271,-1.0838981564985581,-1.0838981564985581,1.337810426714739,-0.5995564398558987,-0.6802800592963419,-0.47847101069523384,1.337810426714739,1.337810426714739,-0.27666196209412575,-1.0838981564985581,0.3691269934294201,0.7323832809114148,0.5305742323103066,1.337810426714739,0.8534687100720798,0.8534687100720798,0.7323832809114148,0.7323832809114148,1.337810426714739,-0.27666196209412575,1.337810426714739,-0.781184583596896,0.12695613510809048,1.337810426714739,-1.0838981564985581,-1.0838981564985581,-0.6802800592963419,-0.6802800592963419,-0.7379397874680871,0.5305742323103066,-1.0838981564985581,1.337810426714739,0.0,-0.27666196209412575,-0.27666196209412575,0.12695613510809048,0.12695613510809048,-0.8532592438115775,0.5305742323103066
1.4516825767754173,1.4516825767754173,1.4516825767754173,1.4516825767754173,1.4516825767754173,1.4516825767754173,1.4516825767754173,1.4516825767754173,1.4516825767754173,1.4516825767754173,1.4516825767754173,0.16983944632785655,1.4516825767754173,1.4516825767754173,1.4516825767754173,1.4516825767754173,1.4516825767754173,1.4516825767754173,0.4422311115479633,1.4516825767754173,1.4516825767754173,1.4516825767754173,-0.2788056493287897,1.4516825767754173,1.4516825767754173,1.4516825767754173,1.4516825767754173,1.4516825767754173,1.4516825767754173,1.4516825767754173,1.4516825767754173,1.4516825767754173,1.4516825767754173,1.4516825767754173,1.4516825767754173,1.4516825767754173,1.4516825767754173,1.4516825767754173,1.4516825767754173,1.4516825767754173,1.4516825767754173,1.4516825767754173,1.4516825767754173,1.4516825767754173,1.4516825767754173,1.4516825767754173,1.4516825767754173,1.4516825767754173,1.4516825767754173,1.4516825767754173,1.4516825767754173,1.4516825767754173,1.4516825767754173,1.4516825767754173,1.4516825767754173,1.4516825767754173,1.4516825767754173,1.4516825767754173,1.4516825767754173,1.4516825767754173,1.4516825767754173,1.4516825767754173,1.4516825767754173,1.4516825767754173,0.16983944632785655,0.16983944632785655,1.4516825767754173,1.4516825767754173,1.4516825767754173,1.4516825767754173,1.4516825767754173,1.4516825767754173,1.4516825767754173,1.4516825767754173,0.16983944632785655,1.4516825767754173,1.4516825767754173,1.4516825767754173,1.4516825767754173,1.4516825767754173,1.4516825767754173,1.4516825767754173,1.4516825767754173,1.4516825767754173,1.4516825767754173,0.16983944632785655,1.4516825767754173,1.4516825767754173,1.4516825767754173,1.4516825767754173,1.4516825767754173,1.4516825767754173,1.4516825767754173,1.4516825767754173,1.4516825767754173,0.16983944632785655,1.4516825767754173,1.4516825767754173,1.4516825767754173,1.4516825767754173,1.4516825767754173,1.4516825767754173,0.16983944632785655,1.4516825767754173,1.4516825767754173,1.4516825767754173,1.4516825767754173,1.4516825767754173,1.4516825767754173,-0.2788056493287897,1.4516825767754173,1.4516825767754173,1.4516825767754173,1.4516825767754173,1.4516825767754173,1.4516825767754173,1.4516825767754173,1.4516825767754173,1.4516825767754173,0.16983944632785655,0.16983944632785655,1.4516825767754173,1.4516825767754173,1.4516825767754173,1.4516825767754173,1.4516825767754173,1.4516825767754173,1.4516825767754173,1.4516825767754173,1.4516825767754173,1.4516825767754173,1.4516825767754173,1.4516825767754173,1.4516825767754173,1.4516825767754173,1.4516825767754173,1.4516825767754173,1.4516825767754173,1.4516825767754173,1.4516825767754173,1.4516825767754173,1.4516825767754173,1.4516825767754173,1.4516825767754173,1.4516825767754173,1.4516825767754173,1.4516825767754173,1.4516825767754173,1.4516825767754173,1.4516825767754173,1.4516825767754173,1.4516825767754173,1.4516825767754173,1.4516825767754173,1.4516825767754173,1.4516825767754173,-0.8556350580301921,-0.02500070950017269,0.16983944632785655,1.4516825767754173,0.4422311115479633,0.4422311115479633,1.4516825767754173,0.16983944632785655,0.16983944632785655,0.4422311115479633,0.16983944632785655,1.4516825767754173,0.16983944632785655,0.16983944632785655,0.16983944632785655,-0.59926643194068,-0.8085469430341592,-0.8300692116611549,-0.8453803129866116,-0.7114277058548415,-0.2788056493287897,-0.59926643194068,-0.2788056493287897,-0.2788056493287897,1.4516825767754173,-0.8085469430341592,-0.59926643194068,-0.8085469430341592,-0.8300692116611549,-0.8453803129866116,-0.7114277058548415,-0.2788056493287897,-0.59926643194068,-0.2788056493287897,-0.2788056493287897,1.4516825767754173,1.4516825767754173,1.4516825767754173,-0.8556350580301921,-0.59926643194068,-0.59926643194068,0.4422311115479633,-0.791542901507814,-0.7837808756314015,-0.8271496551313574,-0.2788056493287897,-0.2788056493287897,1.4516825767754173,1.4516825767754173,-0.59926643194068,-0.2788056493287897,-0.6560401069224404,-0.8381884218501875,-0.8107116211167243,-0.8010239897507694,-0.2788056493287897,0.0,-0.8085469430341592,1.4516825767754173,-0.2788056493287897,-0.8556350580301921,0.16983944632785655,-0.8556350580301921,0.4422311115479633,1.4516825767754173,-0.8532341031552644,-0.8381884218501875,-0.7659238387439593,-0.8236998658529519,-0.8062219498487513,-0.8286685991865912,-0.8533818181524523,-0.8453803129866116,-0.791542901507814,-0.8556350580301921,0.0,1.4516825767754173,-0.6371907849125014,-0.791542901507814,-0.8419822909603365,-0.6479764708976872,0.4422311115479633,-0.8195832199863545,-0.832561881682136,-0.2788056493287897,1.4516825767754173,-0.791542901507814,-0.2788056493287897,1.4516825767754173,-0.7114277058548415,-0.59926643194068,-0.2788056493287897,1.4516825767754173,-0.8195832199863545,-0.832561881682136,-0.2788056493287897,1.4516825767754173,-0.791542901507814,-0.2788056493287897,1.4516825767754173,-0.7114277058548415,-0.59926643194068,-0.4864642364612945,-0.832561881682136,-0.832561881682136,-0.2788056493287897,1.4516825767754173,-0.791542901507814,-0.2788056493287897,1.4516825767754173,-0.7114277058548415,-0.59926643194068,-0.8556350580301921,-0.8556350580301921,1.4516825767754173,-0.7633423526379678,-0.7114277058548415,-0.791542901507814,1.4516825767754173,1.4516825767754173,-0.59926643194068,0.16983944632785655,1.4516825767754173,0.16983944632785655,1.4516825767754173,-0.8556350580301921,1.4516825767754173,-0.8556350580301921,1.4516825767754173,1.4516825767754173,1.4516825767754173,1.4516825767754173,-0.8085469430341592,-0.59926643194068,0.0,-0.59926643194068,1.4516825767754173,-0.8085469430341592,-0.59926643194068,0.0,-0.59926643194068,1.4516825767754173,-0.7114277058548415,1.4516825767754173,0.0,-0.59926643194068,0.0,-0.59926643194068,1.4516825767754173,-0.8195832199863545,-0.59926643194068,0.0,-0.59926643194068,1.4516825767754173,-0.6479764708976872,1.4516825767754173,-0.8146160778558702,-0.59926643194068,0.0,-0.59926643194068,1.4516825767754173,-0.791542901507814,-0.59926643194068,0.0,-0.59926643194068,1.4516825767754173,-0.7793600948961223,-0.59926643194068,0.0,-0.59926643194068,1.4516825767754173,-0.791542901507814,-0.59926643194068,0.0,-0.59926643194068,1.4516825767754173,-0.7793600948961223,-0.8271496551313574,-0.59926643194068,-0.8271496551313574,-0.59926643194068,-0.8365663172466746,1.4516825767754173,-0.8556350580301921,-0.8419822909603365,-0.791542901507814,1.4516825767754173,-0.8556350580301921,-0.59926643194068,-0.59926643194068,-0.8010239897507694,-0.8365663172466746,1.4516825767754173,-0.8556350580301921,-0.8419822909603365,1.4516825767754173,1.4516825767754173,1.4516825767754173,1.4516825767754173,1.4516825767754173,1.4516825767754173,1.4516825767754173,1.4516825767754173,1.4516825767754173,1.4516825767754173,-0.6840163909785353,-0.6479764708976872,0.0,-0.7633423526379678,-0.8419822909603365,1.4516825767754173,-0.8556350580301921,-0.6371907849125014,-0.8556350580301921,-0.8271496551313574,-0.8556350580301921,-0.5311685156356533,-0.8556350580301921,-0.7114277058548415,-0.8556350580301921,-0.8085469430341592,1.4516825767754173,-0.7633423526379678,1.4516825767754173,-0.2788056493287897,1.4516825767754173,-0.8010239897507694,0.7466688550292592,-0.2788056493287897,1.4516825767754173,-0.2788056493287897,1.4516825767754173,-0.2788056493287897,1.4516825767754173,-0.7793600948961223,1.4516825767754173,-0.2788056493287897,1.4516825767754173,-0.8466220985192328,-0.8556350580301921,-0.8556350580301921,1.4516825767754173,-0.7633423526379678,-0.791542901507814,-0.7114277058548415,1.4516825767754173,1.4516825767754173,-0.59926643194068,-0.8556350580301921,-0.02500070950017269,0.4422311115479633,0.16983944632785655,1.4516825767754173,0.6210482282453983,0.6210482282453983,0.4422311115479633,0.4422311115479633,1.4516825767754173,-0.59926643194068,1.4516825767754173,-0.8195832199863545,-0.2788056493287897,1.4516825767754173,-0.8556350580301921,-0.8556350580301921,-0.791542901507814,-0.791542901507814,-0.8085469430341592,0.16983944632785655,-0.8556350580301921,1.4516825767754173,0.0,-0.59926643194068,-0.59926643194068,-0.2788056493287897,-0.2788056493287897,-0.8347070069208442,0.16983944632785655
1.4965912411460476,1.4965912411460476,1.4965912411460476,1.4965912411460476,1.4965912411460476,1.4965912411460476,1.4965912411460476,1.4965912411460476,1.4965912411460476,1.4965912411460476,1.4965912411460476,-0.10114161965190568,1.4965912411460476,1.4965912411460476,1.4965912411460476,1.4965912411460476,1.4965912411460476,1.4965912411460476,0.1839801161977291,1.4965912411460476,1.4965912411460476,1.4965912411460476,-0.49006343445140743,1.4965912411460476,1.4965912411460476,1.4965912411460476,1.4965912411460476,1.4965912411460476,1.4965912411460476,1.4965912411460476,1.4965912411460476,1.4965912411460476,1.4965912411460476,1.4965912411460476,1.4965912411460476,1.4965912411460476,1.4965912411460476,1.4965912411460476,1.4965912411460476,1.4965912411460476,1.4965912411460476,1.4965912411460476,1.4965912411460476,1.4965912411460476,1.4965912411460476,1.4965912411460476,1.4965912411460476,1.4965912411460476,1.4965912411460476,1.4965912411460476,1.4965912411460476,1.4965912411460476,1.4965912411460476,1.4965912411460476,1.4965912411460476,1.4965912411460476,1.4965912411460476,1.4965912411460476,1.4965912411460476,1.4965912411460476,1.4965912411460476,1.4965912411460476,1.4965912411460476,1.4965912411460476,-0.10114161965190568,-0.10114161965190568,1.4965912411460476,1.4965912411460476,1.4965912411460476,1.4965912411460476,1.4965912411460476,1.4965912411460476,1.4965912411460476,1.4965912411460476,-0.10114161965190568,1.4965912411460476,1.4965912411460476,1.4965912411460476,1.4965912411460476,1.4965912411460476,1.4965912411460476,1.4965912411460476,1.4965912411460476,1.4965912411460476,1.4965912411460476,-0.10114161965190568,1.4965912411460476,1.4965912411460476,1.4965912411460476,1.4965912411460476,1.4965912411460476,1.4965912411460476,1.4965912411460476,1.4965912411460476,1.4965912411460476,-0.10114161965190568,1.4965912411460476,1.4965912411460476,1.4965912411460476,1.4965912411460476,1.4965912411460476,1.4965912411460476,-0.10114161965190568,1.4965912411460476,1.4965912411460476,1.4965912411460476,1.4965912411460476,1.4965912411460476,1.4965912411460476,-0.49006343445140743,1.4965912411460476,1.4965912411460476,1.4965912411460476,1.4965912411460476,1.4965912411460476,1.4965912411460476,1.4965912411460476,1.4965912411460476,1.4965912411460476,-0.10114161965190568,-0.10114161965190568,1.4965912411460476,1.4965912411460476,1.4965912411460476,1.4965912411460476,1.4965912411460476,1.4965912411460476,1.4965912411460476,1.4965912411460476,1.4965912411460476,1.4965912411460476,1.4965912411460476,1.4965912411460476,1.4965912411460476,1.4965912411460476,1.4965912411460476,1.4965912411460476,1.4965912411460476,1.4965912411460476,1.4965912411460476,1.4965912411460476,1.4965912411460476,1.4965912411460476,1.4965912411460476,1.4965912411460476,1.4965912411460476,1.4965912411460476,1.4965912411460476,1.4965912411460476,1.4965912411460476,1.4965912411460476,1.4965912411460476,1.4965912411460476,1.4965912411460476,1.4965912411460476,1.4965912411460476,-0.7738712452510439,-0.2834513481892721,-0.10114161965190568,1.4965912411460476,0.1839801161977291,0.1839801161977291,1.4965912411460476,-0.10114161965190568,-0.10114161965190568,0.1839801161977291,-0.10114161965190568,1.4965912411460476,-0.10114161965190568,-0.10114161965190568,-0.10114161965190568,-0.6897800420511516,-0.7672518210924518,-0.7712230895590805,-0.7731985156254447,-0.7383952689010893,-0.49006343445140743,-0.6897800420511516,-0.49006343445140743,-0.49006343445140743,1.4965912411460476,-0.7672518210924518,-0.6897800420511516,-0.7672518210924518,-0.7712230895590805,-0.7731985156254447,-0.7383952689010893,-0.49006343445140743,-0.6897800420511516,-0.49006343445140743,-0.49006343445140743,1.4965912411460476,1.4965912411460476,1.4965912411460476,-0.7738712452510439,-0.6897800420511516,-0.6897800420511516,0.1839801161977291,-0.7633598448510573,-0.7613936374487396,-0.7707567562436405,-0.49006343445140743,-0.49006343445140743,1.4965912411460476,1.4965912411460476,-0.6897800420511516,-0.49006343445140743,-0.7161045424625977,-0.7723783793111099,-0.767702984631705,-0.7656037441626612,-0.49006343445140743,0.0,-0.7672518210924518,1.4965912411460476,-0.49006343445140743,-0.7738712452510439,-0.10114161965190568,-0.7738712452510439,0.1839801161977291,1.4965912411460476,-0.7737950322173627,-0.7723783793111099,-0.7564642668048,-0.7701741762725832,-0.7667555635711237,-0.7710025188354434,-0.7738019562347354,-0.7731985156254447,-0.7633598448510573,-0.7738712452510439,0.0,1.4965912411460476,-0.7077312365439825,-0.7633598448510573,-0.7728378076149961,-0.7125687581183223,0.1839801161977291,-0.7694367482072996,-0.7716007827646468,-0.49006343445140743,1.4965912411460476,-0.7633598448510573,-0.49006343445140743,1.4965912411460476,-0.7383952689010893,-0.6897800420511516,-0.49006343445140743,1.4965912411460476,-0.7694367482072996,-0.7716007827646468,-0.49006343445140743,1.4965912411460476,-0.7633598448510573,-0.49006343445140743,1.4965912411460476,-0.7383952689010893,-0.6897800420511516,-0.62856164612163,-0.7716007827646468,-0.7716007827646468,-0.49006343445140743,1.4965912411460476,-0.7633598448510573,-0.49006343445140743,1.4965912411460476,-0.7383952689010893,-0.6897800420511516,-0.7738712452510439,-0.7738712452510439,1.4965912411460476,-0.7557075453598672,-0.7383952689010893,-0.7633598448510573,1.4965912411460476,1.4965912411460476,-0.6897800420511516,-0.10114161965190568,1.4965912411460476,-0.10114161965190568,1.4965912411460476,-0.7738712452510439,1.4965912411460476,-0.7738712452510439,1.4965912411460476,1.4965912411460476,1.4965912411460476,1.4965912411460476,-0.7672518210924518,-0.6897800420511516,0.0,-0.6897800420511516,1.4965912411460476,-0.7672518210924518,-0.6897800420511516,0.0,-0.6897800420511516,1.4965912411460476,-0.7383952689010893,1.4965912411460476,0.0,-0.6897800420511516,0.0,-0.6897800420511516,1.4965912411460476,-0.7694367482072996,-0.6897800420511516,0.0,-0.6897800420511516,1.4965912411460476,-0.7125687581183223,1.4965912411460476,-0.7684894082462508,-0.6897800420511516,0.0,-0.6897800420511516,1.4965912411460476,-0.7633598448510573,-0.6897800420511516,0.0,-0.6897800420511516,1.4965912411460476,-0.7602245886836685,-0.6897800420511516,0.0,-0.6897800420511516,1.4965912411460476,-0.7633598448510573,-0.6897800420511516,0.0,-0.6897800420511516,1.4965912411460476,-0.7602245886836685,-0.7707567562436405,-0.6897800420511516,-0.7707567562436405,-0.6897800420511516,-0.772165413180122,1.4965912411460476,-0.7738712452510439,-0.7728378076149961,-0.7633598448510573,1.4965912411460476,-0.7738712452510439,-0.6897800420511516,-0.6897800420511516,-0.7656037441626612,-0.772165413180122,1.4965912411460476,-0.7738712452510439,-0.7728378076149961,1.4965912411460476,1.4965912411460476,1.4965912411460476,1.4965912411460476,1.4965912411460476,1.4965912411460476,1.4965912411460476,1.4965912411460476,1.4965912411460476,1.4965912411460476,-0.7278137793361517,-0.7125687581183223,0.0,-0.7557075453598672,-0.7728378076149961,1.4965912411460476,-0.7738712452510439,-0.7077312365439825,-0.7738712452510439,-0.7707567562436405,-0.7738712452510439,-0.6541398250699473,-0.7738712452510439,-0.7383952689010893,-0.7738712452510439,-0.7672518210924518,1.4965912411460476,-0.7557075453598672,1.4965912411460476,-0.49006343445140743,1.4965912411460476,-0.7656037441626612,0.5400538047472733,-0.49006343445140743,1.4965912411460476,-0.49006343445140743,1.4965912411460476,-0.49006343445140743,1.4965912411460476,-0.7602245886836685,1.4965912411460476,-0.49006343445140743,1.4965912411460476,-0.7733169331205758,-0.7738712452510439,-0.7738712452510439,1.4965912411460476,-0.7557075453598672,-0.7633598448510573,-0.7383952689010893,1.4965912411460476,1.4965912411460476,-0.6897800420511516,-0.7738712452510439,-0.2834513481892721,0.1839801161977291,-0.10114161965190568,1.4965912411460476,0.38860554778426726,0.38860554778426726,0.1839801161977291,0.1839801161977291,1.4965912411460476,-0.6897800420511516,1.4965912411460476,-0.7694367482072996,-0.49006343445140743,1.4965912411460476,-0.7738712452510439,-0.7738712452510439,-0.7633598448510573,-0.7633598448510573,-0.7672518210924518,-0.10114161965190568,-0.7738712452510439,1.4965912411460476,0.0,-0.6897800420511516,-0.6897800420511516,-0.49006343445140743,-0.49006343445140743,-0.7719099343892388,-0.10114161965190568
-1.0,-1.0,-1.0,-1.0,-1.0,-1.0,-1.0,-1.0,-1.0,-1.0,-1.0,-1.0,-1.0,-1.0,-1.0,-1.0,-1.0,-1.0,-1.0,-1.0,-1.0,-1.0,-1.0,-1.0,-1.0,-1.0,-1.0,-1.0,-1.0,-1.0,-1.0,-1.0,-1.0,-1.0,-1.0,-1.0,-1.0,-1.0,-1.0,-1.0,-1.0,-1.0,-1.0,-1.0,-1.0,-1.0,-1.0,-1.0,-1.0,-1.0,-1.0,-1.0,-1.0,-1.0,-1.0,-1.0,-1.0,-1.0,-1.0,-1.0,-1.0,-1.0,-1.0,-1.0,-1.0,-1.0,-1.0,-1.0,-1.0,-1.0,-1.0,-1.0,-1.0,-1.0,-1.0,-1.0,-1.0,-1.0,-1.0,-1.0,-1.0,-1.0,-1.0,-1.0,-1.0,-1.0,-1.0,-1.0,-1.0,-1.0,-1.0,-1.0,-1.0,-1.0,-1.0,-1.0,-1.0,-1.0,-1.0,-1.0,-1.0,-1.0,-1.0,-1.0,-1.0,-1.0,-1.0,-1.0,-1.0,-1.0,-1.0,-1.0,-1.0,-1.0,-1.0,-1.0,-1.0,-1.0,-1.0,-1.0,-1.0,-1.0,-1.0,-1.0,-1.0,-1.0,-1.0,-1.0,-1.0,-1.0,-1.0,-1.0,-1.0,-1.0,-1.0,-1.0,-1.0,-1.0,-1.0,-1.0,-1.0,-1.0,-1.0,-1.0,-1.0,-1.0,-1.0,-1.0,-1.0,-1.0,-1.0,-1.0,-1.0,-1.0,-1.0,-1.0,-1.0,-1.0,-1.0,-1.0,-1.0,-1.0,-1.0,-1.0,-1.0,-1.0,-1.0,-1.0,-1.0,-1.0,-1.0,-1.0,-1.0,-1.0,-1.0,-1.0,-1.0,-1.0,-1.0,-1.0,-1.0,-1.0,-1.0,-1.0,-1.0,-1.0,-1.0,-1.0,-1.0,-1.0,-1.0,-1.0,-1.0,-1.0,-1.0,-1.0,-1.0,-1.0,-1.0,-1.0,-1.0,-1.0,-1.0,-1.0,1.0,-1.0,-1.0,-1.0,-1.0,-1.0,-1.0,-1.0,-1.0,-1.0,-1.0,-1.0,-1.0,-1.0,-1.0,-1.0,-1.0,-1.0,-1.0,-1.0,-1.0,-1.0,-1.0,-1.0,-1.0,-1.0,-1.0,-1.0,-1.0,-1.0,-1.0,-1.0,-1.0,-1.0,-1.0,-1.0,-1.0,-1.0,-1.0,-1.0,-1.0,-1.0,-1.0,-1.0,-1.0,-1.0,-1.0,-1.0,-1.0,-1.0,-1.0,-1.0,-1.0,-1.0,-1.0,-1.0,-1.0,-1.0,-1.0,-1.0,-1.0,-1.0,-1.0,-1.0,-1.0,-1.0,-1.0,-1.0,-1.0,-1.0,-1.0,-1.0,-1.0,-1.0,-1.0,-1.0,-1.0,-1.0,-1.0,-1.0,-1.0,-1.0,-1.0,-1.0,-1.0,-1.0,-1.0,-1.0,-1.0,-1.0,-1.0,-1.0,-1.0,-1.0,-1.0,-1.0,-1.0,-1.0,-1.0,-1.0,-1.0,-1.0,-1.0,-1.0,-1.0,-1.0,-1.0,-1.0,-1.0,-1.0,-1.0,-1.0,-1.0,-1.0,-1.0,-1.0,-1.0,-1.0,-1.0,-1.0,-1.0,-1.0,-1.0,-1.0,-1.0,-1.0,-1.0,-1.0,-1.0,-1.0,-1.0,-1.0,-1.0,-1.0,-1.0,-1.0,-1.0,-1.0,-1.0,-1.0,-1.0,-1.0,-1.0,-1.0,-1.0,-1.0,-1.0,-1.0,-1.0,-1.0,-1.0,-1.0,-1.0,-1.0,-1.0,-1.0,-1.0,-1.0,-1.0,-1.0,-1.0,-1.0,-1.0,-1.0,-1.0,-1.0,-1.0,-1.0,-1.0,-1.0,-1.0,-1.0,-1.0,-1.0,-1.0,-1.0,-1.0,-1.0,-1.0,-1.0,-1.0,-1.0,-1.0,-1.0,-1.0,-1.0,-1.0,-1.0,-1.0,-1.0,-1.0,-1.0,-1.0,-1.0,-1.0,-1.0,-1.0,-1.0,-1.0,-1.0,-1.0,-1.0,-1.0,-1.0,-1.0,-1.0,-1.0,-1.0,-1.0,-1.0,-1.0,-1.0,-1.0,-1.0,-1.0,-1.0,-1.0,-1.0,-1.0,-1.0,-1.0,-1.0,-1.0,-1.0,-1.0,-1.0,-1.0,-1.0,-1.0,-1.0
1.0,1.0,1.0,1.0,1.0,1.0,1.0,1.0,1.0,1.0,1.0,1.0,1.0,1.0,1.0,1.0,1.0,1.0,1.0,1.0,1.0,1.0,1.0,1.0,1.0,1.0,1.0,1.0,1.0,1.0,1.0,1.0,1.0,1.0,1.0,1.0,1.0,1.0,1.0,1.0,1.0,1.0,1.0,1.0,1.0,1.0,1.0,1.0,1.0,1.0,1.0,1.0,1.0,1.0,1.0,1.0,1.0,1.0,1.0,1.0,1.0,1.0,1.0,1.0,1.0,1.0,1.0,1.0,1.0,1.0,1.0,1.0,1.0,1.0,1.0,1.0,1.0,1.0,1.0,1.0,1.0,1.0,1.0,1.0,1.0,1.0,1.0,1.0,1.0,1.0,1.0,1.0,1.0,1.0,1.0,1.0,1.0,1.0,1.0,1.0,1.0,1.0,1.0,1.0,1.0,1.0,1.0,1.0,1.0,1.0,1.0,1.0,1.0,1.0,1.0,1.0,1.0,1.0,1.0,1.0,1.0,1.0,1.0,1.0,1.0,1.0,1.0,1.0,1.0,1.0,1.0,1.0,1.0,1.0,1.0,1.0,1.0,1.0,1.0,1.0,1.0,1.0,1.0,1.0,1.0,1.0,1.0,1.0,1.0,1.0,1.0,1.0,1.0,1.0,1.0,1.0,1.0,1.0,1.0,1.0,1.0,1.0,1.0,1.0,1.0,1.0,1.0,1.0,1.0,1.0,1.0,1.0,1.0,1.0,1.0,1.0,1.0,1.0,1.0,1.0,1.0,1.0,1.0,1.0,1.0,1.0,1.0,1.0,1.0,1.0,1.0,1.0,1.0,1.0,1.0,1.0,1.0,1.0,1.0,1.0,1.0,1.0,1.0,1.0,1.0,1.0,1.0,1.0,1.0,1.0,1.0,1.0,1.0,1.0,1.0,1.0,1.0,1.0,1.0,1.0,1.0,1.0,1.0,1.0,1.0,1.0,1.0,1.0,1.0,1.0,1.0,1.0,1.0,1.0,1.0,1.0,1.0,1.0,1.0,1.0,1.0,1.0,1.0,1.0,1.0,1.0,1.0,1.0,1.0,1.0,1.0,1.0,1.0,1.0,1.0,1.0,1.0,1.0,1.0,1.0,1.0,1.0,1.0,1.0,1.0,1.0,1.0,1.0,1.0,1.0,1.0,1.0,1.0,1.0,1.0,1.0,1.0,1.0,1.0,1.0,1.0,1.0,1.0,1.0,1.0,1.0,1.0,1.0,1.0,1.0,1.0,1.0,1.0,1.0,1.0,1.0,1.0,1.0,1.0,1.0,1.0,1.0,1.0,1.0,1.0,1.0,1.0,1.0,1.0,1.0,1.0,1.0,1.0,1.0,1.0,1.0,1.0,1.0,1.0,1.0,1.0,1.0,1.0,1.0,1.0,1.0,1.0,1.0,1.0,1.0,1.0,1.0,1.0,1.0,1.0,1.0,1.0,1.0,1.0,1.0,1.0,1.0,1.0,1.0,1.0,1.0,1.0,1.0,1.0,1.0,1.0,1.0,1.0,1.0,1.0,1.0,1.0,1.0,1.0,1.0,1.0,1.0,1.0,1.0,1.0,1.0,1.0,1.0,1.0,1.0,1.0,1.0,1.0,1.0,1.0,1.0,1.0,1.0,1.0,1.0,1.0,1.0,1.0,1.0,1.0,1.0,1.0,1.0,1.0,1.0,1.0,1.0,1.0,1.0,1.0,1.0,1.0,1.0,1.0,1.0,1.0,1.0,1.0,1.0,1.0,1.0,1.0,1.0,1.0,1.0,1.0,1.0,1.0,1.0,1.0,1.0,1.0,1.0,1.0,1.0,1.0,1.0,1.0,1.0,1.0,1.0,1.0,1.0,1.0,1.0,1.0,1.0,1.0,1.0
0.0,0.0,0.0,0.0,0.0,0.0,0.0,0.0,0.0,0.0,0.0,0.0,0.0,0.0,0.0,0.0,0.0,0.0,0.0,0.0,0.0,0.0,0.0,0.0,0.0,0.0,0.0,0.0,0.0,0.0,0.0,0.0,0.0,0.0,0.0,0.0,0.0,0.0,0.0,0.0,0.0,0.0,0.0,0.0,0.0,0.0,0.0,0.0,0.0,0.0,0.0,0.0,0.0,0.0,0.0,0.0,0.0,0.0,0.0,0.0,0.0,0.0,0.0,0.0,0.0,0.0,0.0,0.0,0.0,0.0,0.0,0.0,0.0,0.0,0.0,0.0,0.0,0.0,0.0,0.0,0.0,0.0,0.0,0.0,0.0,0.0,0.0,0.0,0.0,0.0,0.0,0.0,0.0,0.0,0.0,0.0,0.0,0.0,0.0,0.0,0.0,0.0,0.0,0.0,0.0,0.0,0.0,0.0,0.0,0.0,0.0,0.0,0.0,0.0,0.0,0.0,0.0,0.0,0.0,0.0,0.0,0.0,0.0,0.0,0.0,0.0,0.0,0.0,0.0,0.0,0.0,0.0,0.0,0.0,0.0,0.0,0.0,0.0,0.0,0.0,0.0,0.0,0.0,0.0,0.0,0.0,0.0,0.0,0.0,0.0,0.0,0.0,0.0,0.0,0.0,0.0,0.0,0.0,0.0,0.0,0.0,0.0,0.0,0.0,0.0,0.0,0.0,0.0,0.0,0.0,0.0,0.0,0.0,0.0,0.0,0.0,0.0,0.0,0.0,0.0,0.0,0.0,0.0,0.0,0.0,0.0,0.0,0.0,0.0,0.0,0.0,0.0,0.0,0.0,0.0,0.0,0.0,0.0,0.0,0.0,0.0,0.0,0.0,0.0,0.0,0.0,0.0,0.0,0.0,0.0,0.0,0.0,0.0,0.0,0.0,0.0,0.0,0.0,0.0,0.0,0.0,0.0,0.0,0.0,0.0,0.0,0.0,0.0,0.0,0.0,0.0,0.0,0.0,0.0,0.0,0.0,0.0,0.0,0.0,0.0,0.0,0.0,0.0,0.0,0.0,0.0,0.0,0.0,0.0,0.0,0.0,0.0,0.0,0.0,0.0,0.0,0.0,0.0,0.0,0.0,0.0,0.0,0.0,0.0,0.0,0.0,0.0,0.0,0.0,0.0,0.0,0.0,0.0,0.0,0.0,0.0,0.0,0.0,0.0,0.0,0.0,0.0,0.0,0.0,0.0,0.0,0.0,0.0,0.0,0.0,0.0,0.0,0.0,0.0,0.0,0.0,0.0,0.0,0.0,0.0,0.0,0.0,0.0,0.0,0.0,0.0,0.0,0.0,0.0,0.0,0.0,0.0,0.0,0.0,0.0,0.0,0.0,0.0,0.0,0.0,0.0,0.0,0.0,0.0,0.0,0.0,0.0,0.0,0.0,0.0,0.0,0.0,0.0,0.0,0.0,0.0,0.0,0.0,0.0,0.0,0.0,0.0,0.0,0.0,0.0,0.0,0.0,0.0,0.0,0.0,0.0,0.0,0.0,0.0,0.0,0.0,0.0,0.0,0.0,0.0,0.0,0.0,0.0,0.0,0.0,0.0,0.0,0.0,0.0,0.0,0.0,0.0,0.0,0.0,0.0,0.0,0.0,0.0,0.0,0.0,0.0,0.0,0.0,0.0,0.0,0.0,0.0,0.0,0.0,0.0,0.0,0.0,0.0,0.0,0.0,0.0,0.0,0.0,0.0,0.0,0.0,0.0,0.0,0.0,0.0,0.0,0.0,0.0,0.0,0.0,0.0,0.0,0.0,0.0,0.0,0.0,0.0,0.0,0.0,0.0,0.0,0.0,0.0,0.0,0.0,0.0,0.0,0.0,0.0,0.0,0.0,0.0,0.0,0.0
1.0,1.0,1.0,1.0,1.0,1.0,1.0,1.0,1.0,1.0,1.0,1.0,1.0,1.0,1.0,1.0,1.0,1.0,1.0,1.0,1.0,1.0,1.0,1.0,1.0,1.0,1.0,1.0,1.0,1.0,1.0,1.0,1.0,1.0,1.0,1.0,1.0,1.0,1.0,1.0,1.0,1.0,1.0,1.0,1.0,1.0,1.0,1.0,1.0,1.0,1.0,1.0,1.0,1.0,1.0,1.0,1.0,1.0,1.0,1.0,1.0,1.0,1.0,1.0,1.0,1.0,1.0,1.0,1.0,1.0,1.0,1.0,1.0,1.0,1.0,1.0,1.0,1.0,1.0,1.0,1.0,1.0,1.0,1.0,1.0,1.0,1.0,1.0,1.0,1.0,1.0,1.0,1.0,1.0,1.0,1.0,1.0,1.0,1.0,1.0,1.0,1.0,1.0,1.0,1.0,1.0,1.0,1.0,1.0,1.0,1.0,1.0,1.0,1.0,1.0,1.0,1.0,1.0,1.0,1.0,1.0,1.0,1.0,1.0,1.0,1.0,1.0,1.0,1.0,1.0,1.0,1.0,1.0,1.0,1.0,1.0,1.0,1.0,1.0,1.0,1.0,1.0,1.0,1.0,1.0,1.0,1.0,1.0,1.0,1.0,1.0,1.0,1.0,1.0,1.0,1.0,1.0,1.0,1.0,1.0,1.0,1.0,1.0,1.0,1.0,1.0,1.0,1.0,1.0,1.0,1.0,-0.8729096989966555,-1.0,-1.0,-1.0,-1.0,-0.5172413793103448,-0.5172413793103448,-0.07317073170731703,-0.07317073170731703,-0.7659574468085106,-0.7659574468085106,-0.8729096989966555,-1.0,-1.0,-1.0,-1.0,-0.5172413793103448,-0.5172413793103448,-0.07317073170731703,-0.07317073170731703,0.6716417910447761,0.6716417910447761,1.0,1.0,0.6716417910447761,0.6716417910447761,-0.5637393767705383,-1.0,-1.0,-0.36363636363636365,-0.36363636363636365,-0.36363636363636365,0.7142857142857142,0.7142857142857142,0.1428571428571428,0.1428571428571428,-0.7976147452114203,-0.7976147452114203,-0.7976147452114203,-0.5051546391752577,-0.5051546391752577,-0.5051546391752577,-0.7976147452114203,-0.7533333333333333,-0.7533333333333333,-0.7533333333333333,-0.7533333333333333,-0.7533333333333333,-0.7533333333333333,-0.7533333333333333,-0.7533333333333333,-0.7976147452114203,-0.7976147452114203,-0.7976147452114203,-0.7976147452114203,-0.7976147452114203,-0.7976147452114203,-0.7976147452114203,-0.7575757575757576,-0.7575757575757576,-0.7575757575757576,0.72,0.72,-0.7976147452114203,-0.7976147452114203,-0.7877551020408163,-1.0,-1.0,-1.0,0.22222222222222232,0.22222222222222232,-0.6,0.22222222222222232,0.22222222222222232,0.032258064516129004,0.032258064516129004,-1.0,-1.0,-1.0,-1.0,0.22222222222222232,0.22222222222222232,-0.6,0.22222222222222232,0.22222222222222232,0.032258064516129004,0.032258064516129004,-1.0,-1.0,-1.0,0.22222222222222232,0.22222222222222232,-0.6,0.22222222222222232,0.22222222222222232,0.032258064516129004,0.032258064516129004,-1.0,-1.0,-1.0,-1.0,-1.0,-1.0,-1.0,-1.0,-0.7379310344827585,1.0,1.0,1.0,1.0,-1.0,-1.0,-1.0,-1.0,0.3600000000000001,0.3600000000000001,-0.5733333333333333,-0.5733333333333333,0.9393939393939394,0.9393939393939394,0.9393939393939394,-0.632183908045977,-0.632183908045977,0.9393939393939394,0.9393939393939394,0.9393939393939394,-0.25,-0.5844155844155844,-0.5844155844155844,-0.5844155844155844,0.9393939393939394,0.9393939393939394,0.9393939393939394,-0.6483516483516483,-0.6483516483516483,0.9393939393939394,0.9393939393939394,0.9393939393939394,-1.0,-1.0,-0.6235294117647059,-0.6235294117647059,0.9393939393939394,0.9393939393939394,0.9393939393939394,-0.576158940397351,-0.576158940397351,0.9393939393939394,0.9393939393939394,0.9393939393939394,-0.5616438356164384,-0.5616438356164384,0.9393939393939394,0.9393939393939394,0.9393939393939394,-0.7333333333333334,-0.7333333333333334,0.9393939393939394,0.9393939393939394,0.9393939393939394,-1.0,-1.0,-0.5555555555555556,-0.5555555555555556,-0.5789473684210527,-0.5789473684210527,-1.0,-1.0,-1.0,-1.0,-1.0,-1.0,-1.0,-0.8691588785046729,-0.8691588785046729,-0.8691588785046729,-1.0,-1.0,-1.0,-1.0,-1.0,-1.0,-1.0,-1.0,1.0,1.0,1.0,1.0,1.0,1.0,-1.0,-1.0,-1.0,-1.0,-1.0,0.9484240687679084,1.0,1.0,1.0,1.0,1.0,1.0,1.0,1.0,1.0,1.0,-1.0,-1.0,1.0,1.0,1.0,1.0,1.0,1.0,1.0,1.0,1.0,1.0,1.0,1.0,1.0,1.0,1.0,1.0,-1.0,-1.0,-1.0,-1.0,-1.0,-1.0,-1.0,-1.0,-0.7379310344827585,0.7168949771689497,0.7168949771689497,0.7168949771689497,0.7168949771689497,0.7168949771689497,0.7168949771689497,0.7168949771689497,0.7168949771689497,0.7168949771689497,0.7168949771689497,-1.0,-1.0,-0.7628205128205128,-1.0,-1.0,-1.0,-1.0,-1.0,-1.0,-0.31818181818181823,-0.31818181818181823,-0.31818181818181823,-0.31818181818181823,-0.31818181818181823,-0.31818181818181823,-0.5333333333333333,-0.5333333333333333,-0.7655172413793103,-0.7481481481481482,-0.7481481481481482
0.5719650796632643,0.04722599305560278,0.04722599305560278,0.04722599305560278,0.04722599305560278,0.04722599305560278,-0.4775130935520587,-0.4775130935520587,-0.4775130935520587,-0.4775130935520587,-0.4775130935520587,-0.4775130935520587,-0.4775130935520587,-0.4775130935520587,-0.4775130935520587,-0.4775130935520587,-0.4775130935520587,0.04722599305560278,0.04722599305560278,0.04722599305560278,0.04722599305560278,0.04722599305560278,0.04722599305560278,0.04722599305560278,0.04722599305560278,0.04722599305560278,0.04722599305560278,0.04722599305560278,0.04722599305560278,0.04722599305560278,0.04722599305560278,0.04722599305560278,0.04722599305560278,0.04722599305560278,0.04722599305560278,0.04722599305560278,0.04722599305560278,0.04722599305560278,0.04722599305560278,0.04722599305560278,0.04722599305560278,0.04722599305560278,0.04722599305560278,0.04722599305560278,0.04722599305560278,0.04722599305560278,0.04722599305560278,0.04722599305560278,0.04722599305560278,0.04722599305560278,0.04722599305560278,0.04722599305560278,0.04722599305560278,0.04722599305560278,0.5719650796632643,1.0967041662709258,1.0967041662709258,1.0967041662709258,1.0967041662709258,1.0967041662709258,1.0967041662709258,1.0967041662709258,1.0967041662709258,0.5719650796632643,0.5719650796632643,0.5719650796632643,0.5719650796632643,0.5719650796632643,0.5719650796632643,0.5719650796632643,0.5719650796632643,0.5719650796632643,0.5719650796632643,0.5719650796632643,0.5719650796632643,0.5719650796632643,0.5719650796632643,0.5719650796632643,0.5719650796632643,0.5719650796632643,0.5719650796632643,0.5719650796632643,0.5719650796632643,0.5719650796632643,0.5719650796632643,0.5719650796632643,0.5719650796632643,0.5719650796632643,0.5719650796632643,0.5719650796632643,-0.4775130935520587,-0.4775130935520587,-0.4775130935520587,-0.4775130935520587,0.04722599305560278,0.04722599305560278,0.04722599305560278,0.04722599305560278,0.04722599305560278,0.04722599305560278,0.04722599305560278,0.04722599305560278,0.04722599305560278,0.04722599305560278,0.04722599305560278,0.04722599305560278,0.04722599305560278,0.04722599305560278,0.04722599305560278,0.04722599305560278,0.04722599305560278,0.04722599305560278,0.04722599305560278,0.04722599305560278,0.04722599305560278,0.04722599305560278,0.04722599305560278,0.04722599305560278,0.04722599305560278,0.04722599305560278,0.04722599305560278,0.04722599305560278,0.04722599305560278,0.5719650796632643,0.5719650796632643,0.5719650796632643,0.5719650796632643,0.5719650796632643,0.5719650796632643,0.5719650796632643,0.5719650796632643,0.5719650796632643,0.5719650796632643,0.5719650796632643,0.5719650796632643,0.5719650796632643,0.5719650796632643,0.5719650796632643,0.5719650796632643,0.5719650796632643,0.5719650796632643,0.04722599305560278,0.04722599305560278,0.04722599305560278,0.04722599305560278,0.04722599305560278,0.04722599305560278,0.04722599305560278,0.04722599305560278,0.04722599305560278,0.04722599305560278,0.04722599305560278,0.04722599305560278,0.04722599305560278,0.04722599305560278,0.04722599305560278,0.04722599305560278,0.04722599305560278,0.04722599305560278,0.04722599305560278,0.04722599305560278,0.04722599305560278,0.04722599305560278,-0.4775130935520587,-0.4775130935520587,-0.4775130935520587,-0.4775130935520587,-0.4775130935520587,-0.4775130935520587,-0.4775130935520587,-0.4775130935520587,-0.4775130935520587,-1.0022521801597202,-1.0022521801597202,-1.0022521801597202,-1.0022521801597202,0.04722599305560278,0.04722599305560278,-1.0022521801597202,-1.0022521801597202,0.04722599305560278,0.04722599305560278,-0.4775130935520587,-1.0022521801597202,-1.0022521801597202,-1.0022521801597202,-1.0022521801597202,0.04722599305560278,0.04722599305560278,-1.0022521801597202,-1.0022521801597202,0.04722599305560278,0.04722599305560278,0.04722599305560278,0.04722599305560278,0.04722599305560278,0.04722599305560278,-0.4775130935520587,-1.0022521801597202,-1.0022521801597202,-0.4775130935520587,-0.4775130935520587,-0.4775130935520587,-0.4775130935520587,-0.4775130935520587,-0.4775130935520587,-0.4775130935520587,-0.4775130935520587,-0.4775130935520587,-0.4775130935520587,-0.4775130935520587,-0.4775130935520587,-0.4775130935520587,-0.4775130935520587,-0.4775130935520587,-0.4775130935520587,-0.4775130935520587,-0.4775130935520587,-0.4775130935520587,-0.4775130935520587,-0.4775130935520587,-0.4775130935520587,-0.4775130935520587,-0.4775130935520587,-0.4775130935520587,-0.4775130935520587,-0.4775130935520587,-0.4775130935520587,-0.4775130935520587,-1.0022521801597202,-1.0022521801597202,-1.0022521801597202,0.04722599305560278,0.04722599305560278,-0.4775130935520587,-0.4775130935520587,-0.4775130935520587,-0.4775130935520587,-0.4775130935520587,-0.4775130935520587,0.04722599305560278,0.04722599305560278,0.04722599305560278,0.04722599305560278,0.04722599305560278,-1.0022521801597202,-1.0022521801597202,0.5719650796632643,0.5719650796632643,-0.4775130935520587,-0.4775130935520587,0.04722599305560278,0.04722599305560278,0.04722599305560278,0.04722599305560278,0.04722599305560278,-1.0022521801597202,-1.0022521801597202,-1.0022521801597202,-1.0022521801597202,-1.0022521801597202,0.04722599305560278,0.04722599305560278,0.04722599305560278,0.04722599305560278,0.04722599305560278,-1.0022521801597202,-1.0022521801597202,0.5719650796632643,0.5719650796632643,-0.4775130935520587,-0.4775130935520587,-0.4775130935520587,-0.4775130935520587,-1.0022521801597202,-1.0022521801597202,-0.4775130935520587,0.04722599305560278,0.04722599305560278,-0.4775130935520587,-0.4775130935520587,0.04722599305560278,0.04722599305560278,0.04722599305560278,0.04722599305560278,1.6214432528785871,1.6214432528785871,0.04722599305560278,0.04722599305560278,-0.4775130935520587,-0.4775130935520587,-0.4775130935520587,0.5719650796632643,0.5719650796632643,-0.4775130935520587,-0.4775130935520587,-0.4775130935520587,0.04722599305560278,0.5719650796632643,0.5719650796632643,0.5719650796632643,-0.4775130935520587,-0.4775130935520587,-0.4775130935520587,0.5719650796632643,0.5719650796632643,-0.4775130935520587,-0.4775130935520587,-0.4775130935520587,0.04722599305560278,0.04722599305560278,0.5719650796632643,0.5719650796632643,-0.4775130935520587,-0.4775130935520587,-0.4775130935520587,0.5719650796632643,0.5719650796632643,-0.4775130935520587,-0.4775130935520587,-0.4775130935520587,0.5719650796632643,0.5719650796632643,-0.4775130935520587,-0.4775130935520587,-0.4775130935520587,0.04722599305560278,0.04722599305560278,-0.4775130935520587,-0.4775130935520587,-0.4775130935520587,0.5719650796632643,0.5719650796632643,-1.0022521801597202,-1.0022521801597202,-1.0022521801597202,-1.0022521801597202,-0.4775130935520587,-0.4775130935520587,-0.4775130935520587,-0.4775130935520587,-0.4775130935520587,-0.4775130935520587,-0.4775130935520587,-0.4775130935520587,-0.4775130935520587,-0.4775130935520587,-0.4775130935520587,-0.4775130935520587,-0.4775130935520587,-0.4775130935520587,0.04722599305560278,0.04722599305560278,0.04722599305560278,0.04722599305560278,1.0967041662709258,1.0967041662709258,1.0967041662709258,1.6214432528785871,1.6214432528785871,1.6214432528785871,0.04722599305560278,0.04722599305560278,-0.4775130935520587,-0.4775130935520587,-0.4775130935520587,-0.4775130935520587,-0.4775130935520587,-0.4775130935520587,0.04722599305560278,0.04722599305560278,0.04722599305560278,0.04722599305560278,-0.4775130935520587,-0.4775130935520587,-0.4775130935520587,-0.4775130935520587,-0.4775130935520587,-0.4775130935520587,-0.4775130935520587,-0.4775130935520587,-0.4775130935520587,-0.4775130935520587,0.04722599305560278,0.04722599305560278,0.04722599305560278,0.04722599305560278,-0.4775130935520587,-0.4775130935520587,-0.4775130935520587,-0.4775130935520587,0.04722599305560278,0.04722599305560278,0.04722599305560278,0.04722599305560278,0.5719650796632643,0.5719650796632643,0.04722599305560278,0.04722599305560278,0.04722599305560278,-1.0022521801597202,-1.0022521801597202,-1.0022521801597202,-0.4775130935520587,0.04722599305560278,0.04722599305560278,0.04722599305560278,0.04722599305560278,0.04722599305560278,0.04722599305560278,0.04722599305560278,0.04722599305560278,0.04722599305560278,0.04722599305560278,0.04722599305560278,0.04722599305560278,-0.4775130935520587,-0.4775130935520587,-0.4775130935520587,-0.4775130935520587,-0.4775130935520587,-0.4775130935520587,-0.4775130935520587,-0.4775130935520587,-0.4775130935520587,-0.4775130935520587,-0.4775130935520587,-0.4775130935520587,-0.4775130935520587,-0.4775130935520587,-0.4775130935520587,-0.4775130935520587,-0.4775130935520587,-0.4775130935520587
-1.0,-1.0,-1.0,-1.0,-1.0,1.0,-1.0,-1.0,-1.0,-1.0,-1.0,-1.0,-1.0,-1.0,-1.0,-1.0,-1.0,1.0,1.0,1.0,1.0,1.0,1.0,1.0,1.0,1.0,1.0,1.0,1.0,1.0,1.0,1.0,1.0,1.0,1.0,1.0,1.0,-1.0,-1.0,-1.0,-1.0,-1.0,-1.0,-1.0,-1.0,-1.0,-1.0,-1.0,-1.0,-1.0,-1.0,-1.0,-1.0,-1.0,-1.0,-1.0,-1.0,-1.0,-1.0,-1.0,-1.0,-1.0,-1.0,1.0,1.0,1.0,1.0,1.0,1.0,1.0,1.0,-1.0,-1.0,-1.0,-1.0,-1.0,-1.0,-1.0,-1.0,-1.0,-1.0,-1.0,-1.0,-1.0,-1.0,-1.0,-1.0,-1.0,-1.0,-1.0,-1.0,-1.0,-1.0,-1.0,-1.0,-1.0,-1.0,-1.0,-1.0,-1.0,-1.0,-1.0,-1.0,-1.0,-1.0,-1.0,-1.0,-1.0,-1.0,-1.0,-1.0,-1.0,-1.0,-1.0,-1.0,-1.0,-1.0,-1.0,-1.0,-1.0,-1.0,-1.0,1.0,-1.0,-1.0,-1.0,-1.0,-1.0,-1.0,-1.0,-1.0,-1.0,-1.0,-1.0,-1.0,-1.0,-1.0,-1.0,-1.0,-1.0,-1.0,1.0,-1.0,-1.0,-1.0,-1.0,1.0,1.0,1.0,1.0,-1.0,-1.0,-1.0,-1.0,-1.0,-1.0,1.0,1.0,1.0,1.0,1.0,1.0,1.0,1.0,1.0,1.0,1.0,1.0,1.0,1.0,1.0,1.0,1.0,1.0,1.0,1.0,1.0,1.0,1.0,1.0,1.0,1.0,1.0,1.0,1.0,1.0,1.0,1.0,1.0,1.0,1.0,-1.0,-1.0,-1.0,-1.0,-1.0,-1.0,1.0,1.0,1.0,1.0,1.0,1.0,-1.0,-1.0,1.0,1.0,1.0,1.0,1.0,1.0,1.0,1.0,1.0,1.0,1.0,1.0,1.0,1.0,1.0,1.0,1.0,1.0,1.0,1.0,1.0,1.0,1.0,1.0,1.0,1.0,1.0,-1.0,-1.0,1.0,1.0,1.0,1.0,1.0,1.0,1.0,1.0,1.0,1.0,1.0,1.0,1.0,-1.0,-1.0,1.0,1.0,1.0,1.0,1.0,1.0,1.0,1.0,1.0,1.0,1.0,1.0,1.0,1.0,1.0,1.0,1.0,1.0,1.0,-1.0,-1.0,1.0,1.0,1.0,1.0,-1.0,-1.0,1.0,1.0,1.0,1.0,1.0,-1.0,-1.0,-1.0,-1.0,-1.0,-1.0,1.0,1.0,1.0,1.0,1.0,1.0,1.0,1.0,1.0,1.0,1.0,1.0,1.0,1.0,1.0,1.0,1.0,1.0,1.0,1.0,1.0,1.0,1.0,1.0,1.0,1.0,1.0,1.0,1.0,1.0,1.0,1.0,1.0,1.0,1.0,1.0,1.0,1.0,1.0,1.0,1.0,1.0,1.0,1.0,1.0,1.0,1.0,1.0,1.0,1.0,1.0,1.0,1.0,1.0,1.0,1.0,1.0,1.0,1.0,1.0,1.0,1.0,1.0,1.0,-1.0,-1.0,-1.0,-1.0,-1.0,-1.0,-1.0,-1.0,-1.0,-1.0,1.0,1.0,1.0,1.0,1.0,1.0,1.0,1.0,1.0,1.0,-1.0,-1.0,1.0,1.0,1.0,1.0,1.0,1.0,1.0,1.0,1.0,1.0,-1.0,-1.0,-1.0,-1.0,1.0,1.0,1.0,1.0,1.0,1.0,1.0,1.0,-1.0,-1.0,1.0,1.0,1.0,-1.0,-1.0,-1.0,1.0,1.0,1.0,1.0,1.0,1.0,1.0,1.0,1.0,1.0,1.0,-1.0,-1.0,1.0,1.0,-1.0,-1.0,-1.0,1.0,1.0,1.0,1.0,1.0,1.0,1.0,1.0,1.0,1.0,1.0,1.0,1.0
-2.446043165467626,-2.446043165467626,-2.446043165467626,-2.446043165467626,-2.446043165467626,-2.3687964445909273,-2.446043165467626,-2.446043165467626,-2.446043165467626,-2.446043165467626,-2.446043165467626,-2.446043165467626,-2.446043165467626,-2.446043165467626,-2.446043165467626,-2.446043165467626,-2.446043165467626,-2.1346040051076023,-2.1270079280256504,-2.1270079280256504,-2.1270079280256504,-2.1270079280256504,-2.1270079280256504,-2.1270079280256504,-2.1270079280256504,-2.1270079280256504,-2.1270079280256504,-2.1270079280256504,-2.1270079280256504,-2.1270079280256504,-2.1270079280256504,-2.1270079280256504,-2.1270079280256504,-2.1270079280256504,-2.1270079280256504,-2.1270079280256504,-2.1270079280256504,-2.446043165467626,-2.446043165467626,-2.446043165467626,-2.446043165467626,-2.446043165467626,-2.446043165467626,-2.446043165467626,-2.446043165467626,-2.446043165467626,-2.446043165467626,-2.446043165467626,-2.446043165467626,-2.446043165467626,-2.446043165467626,-2.446043165467626,-2.446043165467626,-2.446043165467626,-2.446043165467626,-2.446043165467626,-2.446043165467626,-2.446043165467626,-2.446043165467626,-2.446043165467626,-2.446043165467626,-2.446043165467626,-2.446043165467626,-2.0100283409635926,-1.9788844249275905,-1.9788844249275905,-1.9788844249275905,-1.9788844249275905,-1.9788844249275905,-1.9788844249275905,-1.9788844249275905,-2.446043165467626,-2.446043165467626,-2.446043165467626,-2.446043165467626,-2.446043165467626,-2.446043165467626,-2.446043165467626,-2.446043165467626,-2.446043165467626,-2.446043165467626,-2.446043165467626,-2.446043165467626,-2.446043165467626,-2.446043165467626,-2.446043165467626,-2.446043165467626,-2.446043165467626,-2.446043165467626,-2.446043165467626,-2.446043165467626,-2.446043165467626,-2.446043165467626,-2.446043165467626,-2.446043165467626,-2.446043165467626,-2.446043165467626,-2.446043165467626,-2.446043165467626,-2.446043165467626,-2.446043165467626,-2.446043165467626,-2.446043165467626,-2.446043165467626,-2.446043165467626,-2.446043165467626,-2.446043165467626,-2.446043165467626,-2.446043165467626,-2.446043165467626,-2.446043165467626,-2.446043165467626,-2.446043165467626,-2.446043165467626,-2.446043165467626,-2.446043165467626,-2.446043165467626,-2.446043165467626,-2.446043165467626,-2.446043165467626,-2.446043165467626,-2.446043165467626,-2.3687964445909273,-2.446043165467626,-2.446043165467626,-2.446043165467626,-2.446043165467626,-2.446043165467626,-2.446043165467626,-2.446043165467626,-2.446043165467626,-2.446043165467626,-2.446043165467626,-2.446043165467626,-2.446043165467626,-2.446043165467626,-2.446043165467626,-2.446043165467626,-2.446043165467626,-2.446043165467626,-2.446043165467626,-2.3687964445909273,-2.446043165467626,-2.446043165467626,-2.446043165467626,-2.446043165467626,-2.3687964445909273,-2.3687964445909273,-2.3687964445909273,-2.3687964445909273,-2.446043165467626,-2.446043165467626,-2.446043165467626,-2.446043165467626,-2.446043165467626,-2.446043165467626,-1.8514774956893987,-1.8514774956893987,-1.8514774956893987,-1.8514774956893987,-1.8514774956893987,-1.8514774956893987,-1.8514774956893987,-1.1379986919555263,-1.1379986919555263,-1.1379986919555263,-1.1379986919555263,-1.1379986919555263,-0.2659690429474603,-0.2659690429474603,-0.2659690429474603,-0.4839764551994768,0.06942697590179618,0.06942697590179618,-0.41130731778213786,-0.41130731778213786,-1.1379986919555263,-1.1379986919555263,-0.2659690429474603,-0.2659690429474603,-1.2197514715500326,-1.2197514715500326,-0.4839764551994768,0.06942697590179618,0.06942697590179618,-0.41130731778213786,-0.41130731778213786,-1.1379986919555263,-1.1379986919555263,-0.2659690429474603,-0.2659690429474603,-2.446043165467626,-2.446043165467626,-2.446043165467626,-2.446043165467626,-2.446043165467626,-2.446043165467626,-0.07639738011961972,0.49705689993459784,0.49705689993459784,0.5725210041756805,0.5725210041756805,0.5725210041756805,-2.446043165467626,-2.446043165467626,-1.8514774956893987,-1.8514774956893987,-0.022718667171525802,-0.022718667171525802,-0.022718667171525802,0.6317085369137844,0.6317085369137844,0.6317085369137844,-0.022718667171525802,0.11874991985021605,0.11874991985021605,0.11874991985021605,0.11874991985021605,0.11874991985021605,0.11874991985021605,0.11874991985021605,0.11874991985021605,-0.022718667171525802,-0.022718667171525802,-0.022718667171525802,-0.022718667171525802,-0.022718667171525802,-0.022718667171525802,-0.022718667171525802,-0.577408203307484,-0.577408203307484,-0.577408203307484,-2.446043165467626,-2.446043165467626,-0.022718667171525802,-0.022718667171525802,-0.09363116764942354,-0.0677804863547178,-0.0677804863547178,-0.0677804863547178,-0.2659690429474603,-0.2659690429474603,-0.9926604171208488,-0.2659690429474603,-0.2659690429474603,-0.577408203307484,-0.577408203307484,-2.446043165467626,-2.446043165467626,-0.3650633212438314,-0.3650633212438314,-0.2659690429474603,-0.2659690429474603,-0.9926604171208488,-0.2659690429474603,-0.2659690429474603,-0.577408203307484,-0.577408203307484,-0.3531720078482668,-0.3531720078482668,-0.3531720078482668,-0.2659690429474603,-0.2659690429474603,-0.9926604171208488,-0.2659690429474603,-0.2659690429474603,-0.577408203307484,-0.577408203307484,-2.446043165467626,-2.446043165467626,-1.1379986919555263,-1.1379986919555263,-1.1379986919555263,-1.2197514715500326,-2.446043165467626,-2.446043165467626,-1.439855108919857,-0.8109875735775016,-0.8109875735775016,-0.8109875735775016,-0.8109875735775016,-2.446043165467626,-2.446043165467626,-2.446043165467626,-2.446043165467626,-2.446043165467626,-2.446043165467626,-1.5541946608002855,-1.5541946608002855,-0.2659690429474603,-0.2659690429474603,-0.2659690429474603,-1.308613188500583,-1.308613188500583,-0.2659690429474603,-0.2659690429474603,-0.2659690429474603,-1.4650098103335514,-1.8514774956893987,-1.8514774956893987,-1.8514774956893987,-0.2659690429474603,-0.2659690429474603,-0.2659690429474603,-1.0834968388925221,-1.0834968388925221,-0.2659690429474603,-0.2659690429474603,-0.2659690429474603,-0.9367610806459726,-0.9367610806459726,-1.6285153695225636,-1.6285153695225636,-0.2659690429474603,-0.2659690429474603,-0.2659690429474603,-1.5117256843875548,-1.5117256843875548,-0.2659690429474603,-0.2659690429474603,-0.2659690429474603,-1.4650098103335514,-1.4650098103335514,-0.2659690429474603,-0.2659690429474603,-0.2659690429474603,-0.6013650617967164,-0.6013650617967164,-0.2659690429474603,-0.2659690429474603,-0.2659690429474603,-0.9367610806459726,-0.9367610806459726,0.8240680183126226,0.8240680183126226,0.8240680183126226,0.8240680183126226,0.05463009271726987,0.05463009271726987,0.05463009271726987,0.05463009271726987,-0.2659690429474603,-0.2659690429474603,-0.2659690429474603,-0.09156311314584703,-0.09156311314584703,-0.09156311314584703,0.05463009271726987,0.05463009271726987,0.05463009271726987,0.05463009271726987,-2.446043165467626,-2.446043165467626,-2.446043165467626,-2.446043165467626,-2.446043165467626,-2.446043165467626,-2.446043165467626,-2.446043165467626,-2.446043165467626,-2.446043165467626,0.6683484381326106,0.6683484381326106,0.09737664413923411,0.09737664413923411,0.09737664413923411,-0.9926604171208488,-0.577408203307484,-0.577408203307484,-1.7920209287115763,-1.7920209287115763,-2.446043165467626,-2.446043165467626,0.5725210041756805,0.5725210041756805,-1.1379986919555263,-1.1379986919555263,-0.8109875735775016,-0.8109875735775016,-1.7193517912942373,-1.7193517912942373,-1.7193517912942373,-1.7193517912942373,-2.446043165467626,-2.446043165467626,-2.446043165467626,-2.446043165467626,-0.4022236756049705,-0.4022236756049705,-0.4022236756049705,-0.4022236756049705,-0.2659690429474603,-0.2659690429474603,-0.2659690429474603,-0.2659690429474603,-2.446043165467626,-2.446043165467626,-0.2659690429474603,-0.2659690429474603,-0.8109875735775016,-2.446043165467626,-2.446043165467626,-2.446043165467626,-1.439855108919857,-1.7193517912942373,-1.7193517912942373,-1.7193517912942373,-1.7193517912942373,-1.7193517912942373,-1.7193517912942373,-1.7193517912942373,-1.7193517912942373,-1.7193517912942373,-1.7193517912942373,-2.446043165467626,-2.446043165467626,-1.1379986919555263,-1.4650098103335514,-2.446043165467626,-2.446043165467626,-2.446043165467626,-1.356006104207543,-1.439855108919857,-0.8109875735775016,-0.8109875735775016,-0.8109875735775016,-0.8109875735775016,-0.8109875735775016,-0.8109875735775016,0.17004578155657307,0.17004578155657307,-0.1821200382351462,-0.2659690429474603,-0.2659690429474603
-1.0,-1.0,-1.0,-1.0,-1.0,1.0,1.0,1.0,1.0,1.0,1.0,1.0,1.0,1.0,1.0,1.0,1.0,1.0,1.0,1.0,1.0,1.0,1.0,1.0,1.0,1.0,1.0,1.0,1.0,1.0,1.0,1.0,1.0,1.0,1.0,1.0,1.0,1.0,1.0,1.0,1.0,1.0,1.0,1.0,1.0,1.0,1.0,1.0,1.0,1.0,1.0,1.0,1.0,1.0,-1.0,-1.0,-1.0,-1.0,-1.0,-1.0,-1.0,-1.0,-1.0,1.0,1.0,1.0,1.0,1.0,1.0,1.0,1.0,1.0,1.0,1.0,1.0,1.0,1.0,1.0,1.0,1.0,-1.0,-1.0,-1.0,-1.0,-1.0,-1.0,-1.0,-1.0,-1.0,-1.0,-1.0,-1.0,-1.0,-1.0,1.0,1.0,1.0,1.0,1.0,1.0,1.0,1.0,1.0,1.0,1.0,1.0,1.0,1.0,1.0,1.0,-1.0,-1.0,-1.0,-1.0,-1.0,-1.0,-1.0,-1.0,-1.0,-1.0,-1.0,-1.0,1.0,-1.0,-1.0,-1.0,-1.0,-1.0,-1.0,-1.0,-1.0,-1.0,-1.0,-1.0,-1.0,-1.0,-1.0,-1.0,-1.0,1.0,1.0,1.0,-1.0,-1.0,-1.0,-1.0,1.0,1.0,1.0,1.0,1.0,1.0,1.0,1.0,1.0,1.0,1.0,1.0,1.0,1.0,1.0,1.0,1.0,-1.0,-1.0,-1.0,-1.0,-1.0,-1.0,-1.0,-1.0,-1.0,-1.0,-1.0,-1.0,-1.0,-1.0,-1.0,-1.0,-1.0,-1.0,-1.0,-1.0,-1.0,-1.0,-1.0,-1.0,-1.0,-1.0,-1.0,-1.0,-1.0,-1.0,-1.0,-1.0,-1.0,-1.0,-1.0,-1.0,-1.0,-1.0,-1.0,-1.0,1.0,1.0,1.0,1.0,1.0,1.0,1.0,-1.0,-1.0,-1.0,1.0,1.0,1.0,1.0,1.0,1.0,1.0,1.0,1.0,1.0,1.0,1.0,1.0,1.0,1.0,1.0,-1.0,-1.0,-1.0,-1.0,-1.0,1.0,1.0,1.0,1.0,1.0,1.0,-1.0,-1.0,-1.0,-1.0,-1.0,-1.0,-1.0,-1.0,-1.0,-1.0,-1.0,-1.0,-1.0,-1.0,-1.0,-1.0,-1.0,-1.0,-1.0,-1.0,-1.0,-1.0,-1.0,-1.0,-1.0,-1.0,-1.0,-1.0,-1.0,-1.0,-1.0,-1.0,-1.0,-1.0,-1.0,-1.0,-1.0,-1.0,-1.0,-1.0,-1.0,-1.0,-1.0,-1.0,-1.0,-1.0,-1.0,-1.0,-1.0,-1.0,-1.0,-1.0,-1.0,-1.0,-1.0,-1.0,-1.0,-1.0,-1.0,-1.0,-1.0,-1.0,-1.0,-1.0,-1.0,-1.0,-1.0,-1.0,-1.0,-1.0,-1.0,-1.0,-1.0,-1.0,-1.0,-1.0,-1.0,-1.0,-1.0,-1.0,-1.0,-1.0,-1.0,-1.0,-1.0,-1.0,-1.0,-1.0,-1.0,-1.0,-1.0,-1.0,-1.0,-1.0,-1.0,-1.0,-1.0,-1.0,-1.0,-1.0,-1.0,-1.0,-1.0,-1.0,-1.0,-1.0,-1.0,-1.0,-1.0,-1.0,-1.0,-1.0,-1.0,-1.0,-1.0,-1.0,-1.0,-1.0,-1.0,-1.0,-1.0,-1.0,-1.0,-1.0,-1.0,-1.0,-1.0,-1.0,-1.0,-1.0,-1.0,-1.0,-1.0,-1.0,-1.0,-1.0,-1.0,-1.0,-1.0,-1.0,-1.0,-1.0,-1.0,-1.0,-1.0,-1.0,-1.0,-1.0,-1.0,-1.0,-1.0,-1.0,-1.0,-1.0,-1.0,-1.0,-1.0,-1.0,-1.0,-1.0,-1.0,-1.0,-1.0,-1.0,1.0,1.0,1.0,1.0,1.0,1.0,1.0,1.0,1.0,1.0,-1.0,-1.0,-1.0,-1.0,-1.0,-1.0,-1.0,-1.0,-1.0,-1.0,-1.0,-1.0,-1.0,-1.0,-1.0,-1.0,-1.0,-1.0,-1.0,-1.0
-1.0,-1.0,-1.0,-1.0,-1.0,1.0,1.0,1.0,1.0,1.0,1.0,1.0,1.0,1.0,1.0,1.0,1.0,-1.0,-1.0,-1.0,-1.0,-1.0,-1.0,-1.0,-1.0,-1.0,-1.0,-1.0,-1.0,-1.0,-1.0,-1.0,-1.0,-1.0,-1.0,-1.0,-1.0,-1.0,-1.0,-1.0,-1.0,-1.0,-1.0,-1.0,-1.0,-1.0,-1.0,-1.0,-1.0,-1.0,-1.0,-1.0,-1.0,-1.0,-1.0,-1.0,-1.0,-1.0,-1.0,-1.0,-1.0,-1.0,-1.0,1.0,1.0,1.0,1.0,1.0,1.0,1.0,1.0,1.0,1.0,1.0,1.0,1.0,1.0,1.0,1.0,1.0,1.0,1.0,1.0,1.0,1.0,1.0,1.0,1.0,1.0,1.0,-1.0,-1.0,-1.0,-1.0,1.0,1.0,1.0,1.0,1.0,1.0,1.0,1.0,1.0,1.0,1.0,1.0,1.0,1.0,1.0,1.0,1.0,1.0,1.0,1.0,1.0,1.0,1.0,1.0,1.0,1.0,1.0,1.0,1.0,-1.0,-1.0,-1.0,-1.0,-1.0,-1.0,-1.0,-1.0,-1.0,-1.0,-1.0,-1.0,-1.0,-1.0,-1.0,-1.0,-1.0,-1.0,1.0,-1.0,-1.0,-1.0,-1.0,1.0,1.0,1.0,1.0,-1.0,-1.0,-1.0,-1.0,-1.0,-1.0,1.0,1.0,1.0,1.0,1.0,1.0,1.0,-1.0,-1.0,-1.0,-1.0,-1.0,-1.0,-1.0,-1.0,-1.0,-1.0,-1.0,-1.0,-1.0,-1.0,-1.0,-1.0,-1.0,-1.0,-1.0,-1.0,-1.0,-1.0,-1.0,-1.0,-1.0,-1.0,-1.0,-1.0,-1.0,-1.0,-1.0,-1.0,-1.0,-1.0,-1.0,-1.0,-1.0,-1.0,-1.0,-1.0,-1.0,-1.0,-1.0,-1.0,-1.0,-1.0,-1.0,-1.0,-1.0,-1.0,-1.0,-1.0,-1.0,-1.0,-1.0,-1.0,-1.0,-1.0,-1.0,-1.0,-1.0,-1.0,-1.0,-1.0,-1.0,-1.0,-1.0,-1.0,-1.0,-1.0,-1.0,-1.0,-1.0,-1.0,-1.0,-1.0,-1.0,-1.0,-1.0,-1.0,-1.0,-1.0,-1.0,-1.0,-1.0,-1.0,-1.0,-1.0,-1.0,-1.0,-1.0,-1.0,-1.0,-1.0,-1.0,1.0,1.0,1.0,-1.0,-1.0,-1.0,-1.0,-1.0,-1.0,-1.0,-1.0,-1.0,-1.0,-1.0,-1.0,-1.0,-1.0,-1.0,-1.0,-1.0,-1.0,-1.0,-1.0,-1.0,-1.0,-1.0,-1.0,-1.0,-1.0,-1.0,-1.0,-1.0,-1.0,-1.0,-1.0,-1.0,-1.0,-1.0,-1.0,-1.0,-1.0,-1.0,-1.0,-1.0,-1.0,-1.0,-1.0,-1.0,-1.0,-1.0,-1.0,-1.0,-1.0,-1.0,-1.0,-1.0,-1.0,-1.0,-1.0,-1.0,-1.0,-1.0,-1.0,-1.0,-1.0,-1.0,-1.0,-1.0,-1.0,-1.0,-1.0,-1.0,-1.0,-1.0,-1.0,-1.0,-1.0,-1.0,-1.0,-1.0,-1.0,-1.0,-1.0,-1.0,-1.0,-1.0,-1.0,-1.0,-1.0,-1.0,-1.0,-1.0,-1.0,-1.0,-1.0,-1.0,-1.0,-1.0,-1.0,-1.0,-1.0,-1.0,-1.0,-1.0,-1.0,-1.0,-1.0,-1.0,-1.0,-1.0,-1.0,-1.0,-1.0,-1.0,-1.0,-1.0,-1.0,-1.0,-1.0,-1.0,-1.0,-1.0,-1.0,-1.0,-1.0,-1.0,-1.0,-1.0,-1.0,-1.0,-1.0,-1.0,-1.0,-1.0,-1.0,-1.0,-1.0,-1.0,-1.0,-1.0,-1.0,-1.0,-1.0,-1.0,-1.0,-1.0,1.0,1.0,1.0,1.0,1.0,1.0,1.0,1.0,1.0,1.0,-1.0,-1.0,-1.0,-1.0,-1.0,-1.0,-1.0,-1.0,-1.0,-1.0,-1.0,-1.0,-1.0,-1.0,-1.0,-1.0,-1.0,-1.0,-1.0,-1.0
-1.035425404711093,-1.1291967577307898,-1.1291967577307898,-1.1291967577307898,-1.1291967577307898,0.6343720565001649,-0.5665926435597917,-0.5988323031331335,-0.5988323031331335,-0.5988323031331335,-0.5988323031331335,-0.5988323031331335,-0.5988323031331335,-0.5988323031331335,-0.5988323031331335,-0.5988323031331335,-0.5988323031331335,-0.22548930071742646,-0.240749096499694,-0.240749096499694,-0.240749096499694,-0.240749096499694,-0.240749096499694,-0.240749096499694,-0.240749096499694,-0.240749096499694,-0.240749096499694,-0.240749096499694,-0.240749096499694,-0.240749096499694,-0.240749096499694,-0.240749096499694,-0.240749096499694,-0.240749096499694,-0.240749096499694,-0.240749096499694,-0.240749096499694,-0.46859239543732956,-0.4879312814947379,-0.4879312814947379,-0.4879312814947379,-0.4879312814947379,-0.4879312814947379,-0.4879312814947379,-0.4879312814947379,-0.4879312814947379,-0.4879312814947379,-0.4879312814947379,-0.4879312814947379,-0.4879312814947379,-0.4879312814947379,-0.4879312814947379,-0.4879312814947379,-0.4879312814947379,-0.7678930716403777,-0.7988507284353313,-0.7988507284353313,-0.7988507284353313,-0.7988507284353313,-0.7988507284353313,-0.7988507284353313,-0.7988507284353313,-0.7988507284353313,-0.642536068558752,-0.6807033727710262,-0.6807033727710262,-0.6807033727710262,-0.6807033727710262,-0.6807033727710262,-0.6807033727710262,-0.6807033727710262,-0.685701171423712,-0.7115248530475669,-0.7115248530475669,-0.7115248530475669,-0.7115248530475669,-0.7115248530475669,-0.7115248530475669,-0.7115248530475669,-0.7115248530475669,-0.5400994923090695,-0.5705030406020889,-0.5705030406020889,-0.5705030406020889,-0.5705030406020889,-0.5705030406020889,-0.5705030406020889,-0.5705030406020889,-0.5705030406020889,-0.5705030406020889,-1.18423555943938,-1.2466334064601852,-1.2466334064601852,-1.2466334064601852,-0.41778248883150454,-0.4439925199768518,-0.4439925199768518,-0.4439925199768518,-0.4439925199768518,-0.4439925199768518,-0.4439925199768518,-0.4439925199768518,-0.4439925199768518,-0.4439925199768518,-0.4439925199768518,-0.4439925199768518,-0.4439925199768518,-0.4439925199768518,-0.4439925199768518,-0.4439925199768518,-0.5905614727128524,-0.6471399454012805,-0.6471399454012805,-0.6471399454012805,-0.6471399454012805,-0.6471399454012805,-0.6471399454012805,-0.6471399454012805,-0.6471399454012805,-0.6471399454012805,-0.6471399454012805,-0.6471399454012805,0.6343720565001649,-0.6245611709756697,-0.6471399454012805,-0.6471399454012805,-0.6471399454012805,-0.6471399454012805,-0.6471399454012805,-0.6471399454012805,-0.6471399454012805,-0.6471399454012805,-0.6471399454012805,-0.6471399454012805,-0.6471399454012805,-0.6471399454012805,-0.6471399454012805,-1.4278322527259624,-1.4278322527259624,-1.1423607189301805,-1.1423607189301805,0.6343720565001649,-0.9756901843793709,-1.0917936233039036,-1.0917936233039036,-1.0917936233039036,0.6343720565001649,0.6343720565001649,0.6343720565001649,0.6343720565001649,-0.838928682527586,-0.8983469888291029,-0.8983469888291029,-0.8983469888291029,-0.8983469888291029,-0.8983469888291029,-0.494559615603129,-0.494559615603129,-0.494559615603129,-0.494559615603129,-0.494559615603129,-0.494559615603129,-0.494559615603129,-0.7560623202458499,-0.7560623202458499,-0.7560623202458499,-0.7560623202458499,-0.7560623202458499,-0.9756901843793709,-0.9756901843793709,-0.9756901843793709,-0.13997963860248278,-0.5364344561123285,-0.5364344561123285,-0.28761912953780894,-0.28761912953780894,-1.2302355934642644,-1.2302355934642644,-1.0684242678951832,-1.0684242678951832,-0.6807033727710262,-0.6807033727710262,-0.13997963860248278,-0.5364344561123285,-0.5364344561123285,-0.28761912953780894,-0.28761912953780894,-1.2302355934642644,-1.2302355934642644,-1.0684242678951832,-1.0684242678951832,-0.838928682527586,-0.838928682527586,-1.6355140186915886,-1.6355140186915886,-0.838928682527586,-0.838928682527586,-0.062398104236777316,-0.3302313903156578,-0.3302313903156578,-0.8459557280250349,-0.8459557280250349,-0.8459557280250349,-1.570533958123711,-1.570533958123711,-0.922732854796659,-0.922732854796659,0.899775224199498,0.899775224199498,0.899775224199498,-0.6660229072414099,-0.6660229072414099,-0.6660229072414099,0.899775224199498,-0.13841940436626124,-0.13841940436626124,-0.13841940436626124,-0.13841940436626124,-0.13841940436626124,-0.13841940436626124,-0.13841940436626124,-0.13841940436626124,0.899775224199498,0.899775224199498,0.899775224199498,0.899775224199498,0.899775224199498,0.899775224199498,0.899775224199498,-1.1698562796885605,-1.1698562796885605,-1.1698562796885605,-0.6517896327158449,-0.6517896327158449,0.899775224199498,0.899775224199498,0.9281144207162276,-0.6072521655175623,-0.6072521655175623,-0.6072521655175623,-1.4530973093943156,-1.4530973093943156,-0.9311527171810882,-1.4530973093943156,-1.4530973093943156,-1.199071399773296,-1.199071399773296,-1.2812632999899616,-1.2812632999899616,-0.558868670685394,-0.558868670685394,-1.4530973093943156,-1.4530973093943156,-0.9311527171810882,-1.4530973093943156,-1.4530973093943156,-1.199071399773296,-1.199071399773296,-0.5550540395455995,-0.5550540395455995,-0.5550540395455995,-1.4530973093943156,-1.4530973093943156,-0.9311527171810882,-1.4530973093943156,-1.4530973093943156,-1.199071399773296,-1.199071399773296,-1.4278322527259624,-1.4278322527259624,-0.9144620243763784,-0.9144620243763784,-0.9144620243763784,-0.695860043683715,-1.508136111102906,-1.508136111102906,-0.4781618026072083,-1.3593259563746185,-1.3593259563746185,-1.3810642814376528,-1.3810642814376528,-1.6355140186915886,-1.6355140186915886,-1.508136111102906,-1.508136111102906,-1.2995907360428969,-1.2995907360428969,-0.4623199560297871,-0.4623199560297871,-1.1698562796885605,-1.1698562796885605,-1.1698562796885605,-0.3929648134511546,-0.3929648134511546,-1.1698562796885605,-1.1698562796885605,-1.1698562796885605,-0.5364344561123285,-0.7739227000683718,-0.7739227000683718,-0.7739227000683718,-1.1698562796885605,-1.1698562796885605,-1.1698562796885605,-0.3719594920201892,-0.3719594920201892,-1.1698562796885605,-1.1698562796885605,-1.1698562796885605,-0.7445237162316573,-0.7445237162316573,-0.4038325060512794,-0.4038325060512794,-1.1698562796885605,-1.1698562796885605,-1.1698562796885605,-0.4592150295257363,-0.4592150295257363,-1.1698562796885605,-1.1698562796885605,-1.1698562796885605,-0.4749501767718054,-0.4749501767718054,-1.1698562796885605,-1.1698562796885605,-1.1698562796885605,-0.24269209189626578,-0.24269209189626578,-1.1698562796885605,-1.1698562796885605,-1.1698562796885605,-0.695860043683715,-0.695860043683715,-0.9397270810447315,-0.9397270810447315,-0.9144620243763784,-0.9144620243763784,-0.320931785494492,-0.320931785494492,-0.320931785494492,-0.320931785494492,-1.014653553042479,-1.014653553042479,-1.014653553042479,0.027627661486820828,0.027627661486820828,0.027627661486820828,-0.320931785494492,-0.320931785494492,-0.320931785494492,-0.320931785494492,-1.214393746886843,-1.214393746886843,-1.214393746886843,-1.214393746886843,-1.3810642814376528,-1.3810642814376528,-1.3810642814376528,-1.3186664344168477,-1.3186664344168477,-1.3186664344168477,-0.522055176361509,-0.522055176361509,-0.685701171423712,-0.685701171423712,-0.685701171423712,-0.06772340083998737,-0.8184601672666545,-0.8184601672666545,-0.8827692223489199,-0.8827692223489199,-0.9063350418007386,-0.9063350418007386,-0.838928682527586,-0.838928682527586,-0.7332631781106012,-0.7332631781106012,-1.0684242678951832,-1.0684242678951832,-0.6757584618689061,-0.6757584618689061,-0.6757584618689061,-0.6757584618689061,-0.8251838763564207,-0.8251838763564207,-0.8251838763564207,-0.8251838763564207,-0.690753001378953,-0.690753001378953,-0.690753001378953,-0.690753001378953,-0.5400994923090695,-0.5400994923090695,-0.5400994923090695,-0.5400994923090695,-1.4278322527259624,-1.4278322527259624,-1.116393498764381,-1.116393498764381,-0.8118318331582638,-1.1291967577307898,-1.508136111102906,-1.508136111102906,-0.4781618026072083,-0.2854805000857472,-0.2854805000857472,-0.2854805000857472,-0.2854805000857472,-0.2854805000857472,-0.2854805000857472,-0.2854805000857472,-0.2854805000857472,-0.2854805000857472,-0.2854805000857472,-1.2302355934642644,-1.2302355934642644,-0.12009196831332593,-0.6030232704147972,-1.18423555943938,-1.18423555943938,-1.18423555943938,-0.8459557280250349,-0.4781618026072083,-0.7115248530475669,-0.7115248530475669,-0.7115248530475669,-0.7115248530475669,-0.7115248530475669,-0.7115248530475669,-1.214393746886843,-1.214393746886843,-0.4781618026072083,-0.5115538418512011,-0.5115538418512011
0.0,0.0,0.0,0.0,0.0,-1.0917363902447395,0.0,0.0,0.0,0.0,0.0,0.0,0.0,0.0,0.0,0.0,0.0,0.0,0.0,0.0,0.0,0.0,0.0,0.0,0.0,0.0,0.0,0.0,0.0,0.0,0.0,0.0,0.0,0.0,0.0,0.0,0.0,-1.0917363902447395,-1.0917363902447395,-1.0917363902447395,-1.0917363902447395,-1.0917363902447395,-1.0917363902447395,-1.0917363902447395,-1.0917363902447395,-1.0917363902447395,-1.0917363902447395,-1.0917363902447395,-1.0917363902447395,-1.0917363902447395,-1.0917363902447395,-1.0917363902447395,-1.0917363902447395,-1.0917363902447395,-0.5364591779626391,-0.42711738118017256,-0.42711738118017256,-0.42711738118017256,-0.42711738118017256,-0.42711738118017256,-0.42711738118017256,-0.42711738118017256,-0.42711738118017256,0.0,0.0,0.0,0.0,0.0,0.0,0.0,0.0,0.0,0.0,0.0,0.0,0.0,0.0,0.0,0.0,0.0,0.0,0.0,0.0,0.0,0.0,0.0,0.0,0.0,0.0,0.0,0.934053787354754,1.1544416789126346,1.1544416789126346,1.1544416789126346,0.0,0.0,0.0,0.0,0.0,0.0,0.0,0.0,0.0,0.0,0.0,0.0,0.0,0.0,0.0,0.0,0.0,0.0,0.0,0.0,0.0,0.0,0.0,0.0,0.0,0.0,0.0,0.0,-1.0917363902447395,0.0,0.0,0.0,0.0,0.0,0.0,0.0,0.0,0.0,0.0,0.0,0.0,0.0,0.0,0.0,0.0,0.0,0.0,-1.0917363902447395,0.0,0.0,0.0,0.0,-1.0917363902447395,-1.0917363902447395,-1.0917363902447395,-1.0917363902447395,0.0,0.0,0.0,0.0,0.0,0.0,-1.0917363902447395,-1.0917363902447395,-1.0917363902447395,-1.0917363902447395,-1.0917363902447395,-1.0917363902447395,-1.0917363902447395,0.0,0.0,0.0,0.0,0.0,0.0,0.0,0.0,-0.941023382960332,-0.684763232380635,-0.684763232380635,-0.7204777717288321,-0.7204777717288321,0.0,0.0,0.0,0.0,0.0,0.0,-0.941023382960332,-0.684763232380635,-0.684763232380635,-0.7204777717288321,-0.7204777717288321,0.0,0.0,0.0,0.0,0.0,0.0,0.0,0.0,0.0,0.0,-1.0917363902447395,-0.9382611103099818,-0.9382611103099818,-1.0917363902447395,-1.0917363902447395,-1.0917363902447395,0.0,0.0,-1.0917363902447395,-1.0917363902447395,-1.0917363902447395,-1.0917363902447395,-1.0917363902447395,0.24774750940432044,0.24774750940432044,0.24774750940432044,-1.0917363902447395,-1.0917363902447395,-1.0917363902447395,-1.0917363902447395,-1.0917363902447395,-1.0917363902447395,-1.0917363902447395,-1.0917363902447395,-1.0917363902447395,-1.0917363902447395,-1.0917363902447395,-1.0917363902447395,-1.0917363902447395,-1.0917363902447395,-1.0917363902447395,-1.0917363902447395,-0.2607435071273028,-0.2607435071273028,-0.2607435071273028,-0.9465340976736566,-0.9465340976736566,-1.0917363902447395,-1.0917363902447395,-1.0870834431192138,-1.0917363902447395,-1.0917363902447395,-1.0917363902447395,0.0,0.0,-1.0917363902447395,0.0,0.0,-0.15755631358618027,-0.15755631358618027,0.0,0.0,-1.0917363902447395,-1.0917363902447395,0.0,0.0,-1.0917363902447395,0.0,0.0,-0.15755631358618027,-0.15755631358618027,-1.0917363902447395,-1.0917363902447395,-1.0917363902447395,0.0,0.0,-1.0917363902447395,0.0,0.0,-0.15755631358618027,-0.15755631358618027,0.0,0.0,0.650422237923948,0.650422237923948,0.650422237923948,-0.12167538908502926,0.0,0.0,-0.8905810266579662,0.0,0.0,0.0,0.0,0.0,0.0,0.0,0.0,0.0,0.0,-1.0917363902447395,-1.0917363902447395,0.0,0.0,0.0,-1.0917363902447395,-1.0917363902447395,0.0,0.0,0.0,-1.0917363902447395,-0.5151626563746414,-0.5151626563746414,-0.5151626563746414,0.0,0.0,0.0,-0.7908783272099785,-0.7908783272099785,0.0,0.0,0.0,-0.6189992528449889,-0.6189992528449889,-1.0917363902447395,-1.0917363902447395,0.0,0.0,0.0,-1.0917363902447395,-1.0917363902447395,0.0,0.0,0.0,-1.0917363902447395,-1.0917363902447395,0.0,0.0,0.0,-0.8791591297003644,-0.8791591297003644,0.0,0.0,0.0,-1.0917363902447395,-1.0917363902447395,-1.0735550270200929,-1.0735550270200929,-1.0917363902447395,-1.0917363902447395,-0.6028181671267926,-0.6028181671267926,-0.6028181671267926,-0.6028181671267926,-0.8089162938928366,-0.8089162938928366,-0.8089162938928366,-0.6899128700164863,-0.6899128700164863,-0.6899128700164863,-0.6028181671267926,-0.6028181671267926,-0.6028181671267926,-0.6028181671267926,0.0,0.0,0.0,0.0,0.0,0.0,0.0,0.0,0.0,0.0,-1.0917363902447395,-1.0917363902447395,-1.0917363902447395,-1.0917363902447395,-1.0917363902447395,-1.0917363902447395,0.0,0.0,-1.0917363902447395,-1.0917363902447395,-1.0917363902447395,-1.0917363902447395,-0.28556288495852333,-0.28556288495852333,0.0,0.0,0.0,0.0,-0.8618766940553412,-0.8618766940553412,-0.8618766940553412,-0.8618766940553412,-0.3341092530876167,-0.3341092530876167,-0.3341092530876167,-0.3341092530876167,-0.8089162938928366,-0.8089162938928366,-0.8089162938928366,-0.8089162938928366,-1.0917363902447395,-1.0917363902447395,-1.0917363902447395,-1.0917363902447395,0.0,0.0,0.6944370469547263,0.6944370469547263,-0.3812683906048199,-0.4043520888951437,0.0,0.0,-0.8905810266579662,-1.0917363902447395,-1.0917363902447395,-1.0917363902447395,-1.0917363902447395,-1.0917363902447395,-1.0917363902447395,-1.0917363902447395,-1.0917363902447395,-1.0917363902447395,-1.0917363902447395,0.0,0.0,-1.011266218767859,-1.0917363902447395,0.0,0.0,0.0,0.0,-1.0917363902447395,-0.7355505479325227,-0.7355505479325227,-0.7355505479325227,-0.7355505479325227,-0.7355505479325227,-0.7355505479325227,-0.10343810381931595,-0.10343810381931595,-0.8905810266579662,-1.0917363902447395,-1.0917363902447395
-0.5077224524862195,-0.5077224524862195,-0.5077224524862195,-0.5077224524862195,-0.5077224524862195,-0.5077224524862195,-0.5077224524862195,-0.5077224524862195,-0.5077224524862195,-0.5077224524862195,-0.5077224524862195,-0.5077224524862195,-0.5077224524862195,-0.5077224524862195,-0.5077224524862195,-0.5077224524862195,-0.5077224524862195,-0.5077224524862195,-0.5077224524862195,-0.5077224524862195,-0.5077224524862195,-0.5077224524862195,-0.5077224524862195,-0.5077224524862195,-0.5077224524862195,-0.5077224524862195,-0.5077224524862195,-0.5077224524862195,-0.5077224524862195,-0.5077224524862195,-0.5077224524862195,-0.5077224524862195,-0.5077224524862195,-0.5077224524862195,-0.5077224524862195,-0.5077224524862195,-0.5077224524862195,-0.5077224524862195,-0.5077224524862195,-0.5077224524862195,-0.5077224524862195,-0.5077224524862195,-0.5077224524862195,-0.5077224524862195,-0.5077224524862195,-0.5077224524862195,-0.5077224524862195,-0.5077224524862195,-0.5077224524862195,-0.5077224524862195,-0.5077224524862195,-0.5077224524862195,-0.5077224524862195,-0.5077224524862195,-0.5077224524862195,-0.5077224524862195,-0.5077224524862195,-0.5077224524862195,-0.5077224524862195,-0.5077224524862195,-0.5077224524862195,-0.5077224524862195,-0.5077224524862195,-0.5077224524862195,-0.5077224524862195,-0.5077224524862195,-0.5077224524862195,-0.5077224524862195,-0.5077224524862195,-0.5077224524862195,-0.5077224524862195,-0.5077224524862195,-0.5077224524862195,-0.5077224524862195,-0.5077224524862195,-0.5077224524862195,-0.5077224524862195,-0.5077224524862195,-0.5077224524862195,-0.5077224524862195,-0.5077224524862195,-0.5077224524862195,-0.5077224524862195,-0.5077224524862195,-0.5077224524862195,-0.5077224524862195,-0.5077224524862195,-0.5077224524862195,-0.5077224524862195,-0.5077224524862195,-0.5077224524862195,-0.5077224524862195,-0.5077224524862195,-0.5077224524862195,-0.5077224524862195,-0.5077224524862195,-0.5077224524862195,-0.5077224524862195,-0.5077224524862195,-0.5077224524862195,-0.5077224524862195,-0.5077224524862195,-0.5077224524862195,-0.5077224524862195,-0.5077224524862195,-0.5077224524862195,-0.5077224524862195,-0.5077224524862195,-0.5077224524862195,-0.5077224524862195,-0.5077224524862195,-0.5077224524862195,-0.5077224524862195,-0.5077224524862195,-0.5077224524862195,-0.5077224524862195,-0.5077224524862195,-0.5077224524862195,-0.5077224524862195,-0.5077224524862195,-0.5077224524862195,-0.5077224524862195,-0.5077224524862195,-0.5077224524862195,-0.5077224524862195,-0.5077224524862195,-0.5077224524862195,-0.5077224524862195,-0.5077224524862195,-0.5077224524862195,-0.5077224524862195,-0.5077224524862195,-0.5077224524862195,-0.5077224524862195,-0.5077224524862195,-0.5077224524862195,-0.5077224524862195,-0.5077224524862195,-0.5077224524862195,-0.5077224524862195,-0.5077224524862195,-0.5077224524862195,-0.5077224524862195,-0.5077224524862195,-0.5077224524862195,-0.5077224524862195,-0.5077224524862195,-0.5077224524862195,-0.5077224524862195,-0.5077224524862195,-0.5077224524862195,-0.5077224524862195,-0.5077224524862195,-0.5077224524862195,-0.5077224524862195,-0.5077224524862195,1.969566382794139,1.969566382794139,1.969566382794139,1.969566382794139,1.969566382794139,1.969566382794139,1.969566382794139,-0.5077224524862195,-0.5077224524862195,-0.5077224524862195,-0.5077224524862195,-0.5077224524862195,-0.5077224524862195,-0.5077224524862195,-0.5077224524862195,-0.5077224524862195,-0.5077224524862195,-0.5077224524862195,-0.5077224524862195,-0.5077224524862195,-0.5077224524862195,-0.5077224524862195,-0.5077224524862195,-0.5077224524862195,-0.5077224524862195,-0.5077224524862195,-0.5077224524862195,-0.5077224524862195,-0.5077224524862195,-0.5077224524862195,-0.5077224524862195,-0.5077224524862195,-0.5077224524862195,-0.5077224524862195,-0.5077224524862195,1.969566382794139,1.969566382794139,1.969566382794139,1.969566382794139,1.969566382794139,1.969566382794139,1.969566382794139,-0.5077224524862195,-0.5077224524862195,-0.5077224524862195,-0.5077224524862195,-0.5077224524862195,-0.5077224524862195,-0.5077224524862195,1.969566382794139,1.969566382794139,1.969566382794139,1.969566382794139,1.969566382794139,-0.5077224524862195,-0.5077224524862195,-0.5077224524862195,1.969566382794139,1.969566382794139,1.969566382794139,1.969566382794139,1.969566382794139,1.969566382794139,1.969566382794139,1.969566382794139,1.969566382794139,1.969566382794139,1.969566382794139,1.969566382794139,1.969566382794139,1.969566382794139,1.969566382794139,1.969566382794139,-0.5077224524862195,-0.5077224524862195,-0.5077224524862195,-0.5077224524862195,-0.5077224524862195,1.969566382794139,1.969566382794139,1.969566382794139,-0.5077224524862195,-0.5077224524862195,-0.5077224524862195,-0.5077224524862195,-0.5077224524862195,-0.5077224524862195,-0.5077224524862195,-0.5077224524862195,-0.5077224524862195,-0.5077224524862195,1.969566382794139,1.969566382794139,1.969566382794139,1.969566382794139,-0.5077224524862195,-0.5077224524862195,-0.5077224524862195,-0.5077224524862195,-0.5077224524862195,-0.5077224524862195,-0.5077224524862195,-0.5077224524862195,-0.5077224524862195,-0.5077224524862195,-0.5077224524862195,-0.5077224524862195,-0.5077224524862195,-0.5077224524862195,-0.5077224524862195,-0.5077224524862195,-0.5077224524862195,-0.5077224524862195,-0.5077224524862195,-0.5077224524862195,-0.5077224524862195,-0.5077224524862195,-0.5077224524862195,-0.5077224524862195,-0.5077224524862195,-0.5077224524862195,-0.5077224524862195,-0.5077224524862195,-0.5077224524862195,-0.5077224524862195,1.969566382794139,1.969566382794139,1.969566382794139,1.969566382794139,-0.5077224524862195,-0.5077224524862195,-0.5077224524862195,-0.5077224524862195,-0.5077224524862195,-0.5077224524862195,-0.5077224524862195,-0.5077224524862195,-0.5077224524862195,-0.5077224524862195,-0.5077224524862195,-0.5077224524862195,-0.5077224524862195,-0.5077224524862195,-0.5077224524862195,-0.5077224524862195,-0.5077224524862195,-0.5077224524862195,-0.5077224524862195,-0.5077224524862195,-0.5077224524862195,-0.5077224524862195,-0.5077224524862195,-0.5077224524862195,-0.5077224524862195,-0.5077224524862195,-0.5077224524862195,-0.5077224524862195,-0.5077224524862195,-0.5077224524862195,-0.5077224524862195,-0.5077224524862195,-0.5077224524862195,-0.5077224524862195,-0.5077224524862195,-0.5077224524862195,-0.5077224524862195,-0.5077224524862195,-0.5077224524862195,-0.5077224524862195,-0.5077224524862195,-0.5077224524862195,-0.5077224524862195,-0.5077224524862195,-0.5077224524862195,-0.5077224524862195,-0.5077224524862195,-0.5077224524862195,-0.5077224524862195,-0.5077224524862195,-0.5077224524862195,-0.5077224524862195,-0.5077224524862195,-0.5077224524862195,-0.5077224524862195,-0.5077224524862195,-0.5077224524862195,-0.5077224524862195,-0.5077224524862195,-0.5077224524862195,-0.5077224524862195,-0.5077224524862195,-0.5077224524862195,-0.5077224524862195,-0.5077224524862195,-0.5077224524862195,-0.5077224524862195,-0.5077224524862195,-0.5077224524862195,-0.5077224524862195,-0.5077224524862195,-0.5077224524862195,-0.5077224524862195,-0.5077224524862195,-0.5077224524862195,-0.5077224524862195,-0.5077224524862195,-0.5077224524862195,-0.5077224524862195,-0.5077224524862195,-0.5077224524862195,1.969566382794139,1.969566382794139,1.969566382794139,1.969566382794139,1.969566382794139,1.969566382794139,1.969566382794139,1.969566382794139,1.969566382794139,1.969566382794139,1.969566382794139,-0.5077224524862195,-0.5077224524862195,1.969566382794139,1.969566382794139,1.969566382794139,1.969566382794139,-0.5077224524862195,-0.5077224524862195,-0.5077224524862195,-0.5077224524862195,-0.5077224524862195,-0.5077224524862195,-0.5077224524862195,-0.5077224524862195,-0.5077224524862195,-0.5077224524862195,-0.5077224524862195,-0.5077224524862195,-0.5077224524862195,-0.5077224524862195,-0.5077224524862195,-0.5077224524862195,-0.5077224524862195,-0.5077224524862195,-0.5077224524862195,-0.5077224524862195,-0.5077224524862195,1.969566382794139,1.969566382794139,1.969566382794139,1.969566382794139,1.969566382794139,1.969566382794139,1.969566382794139,1.969566382794139,1.969566382794139,1.969566382794139,-0.5077224524862195,-0.5077224524862195,1.969566382794139,1.969566382794139,1.969566382794139,1.969566382794139,1.969566382794139,1.969566382794139,1.969566382794139,-0.5077224524862195,-0.5077224524862195,-0.5077224524862195,-0.5077224524862195,-0.5077224524862195,-0.5077224524862195,-0.5077224524862195,-0.5077224524862195,-0.5077224524862195,-0.5077224524862195,-0.5077224524862195
-0.8700053950135924,-0.8700053950135924,-0.8700053950135924,-0.8700053950135924,-0.8700053950135924,-0.8700053950135924,-0.8700053950135924,-0.8700053950135924,-0.8700053950135924,-0.8700053950135924,-0.8700053950135924,-0.8700053950135924,-0.8700053950135924,-0.8700053950135924,-0.8700053950135924,-0.8700053950135924,-0.8700053950135924,-0.8700053950135924,-0.8700053950135924,-0.8700053950135924,-0.8700053950135924,-0.8700053950135924,-0.8700053950135924,-0.8700053950135924,-0.8700053950135924,-0.8700053950135924,-0.8700053950135924,-0.8700053950135924,-0.8700053950135924,-0.8700053950135924,-0.8700053950135924,-0.8700053950135924,-0.8700053950135924,-0.8700053950135924,-0.8700053950135924,-0.8700053950135924,-0.8700053950135924,-0.8700053950135924,-0.8700053950135924,-0.8700053950135924,-0.8700053950135924,-0.8700053950135924,-0.8700053950135924,-0.8700053950135924,-0.8700053950135924,-0.8700053950135924,-0.8700053950135924,-0.8700053950135924,-0.8700053950135924,-0.8700053950135924,-0.8700053950135924,-0.8700053950135924,-0.8700053950135924,-0.8700053950135924,-0.8700053950135924,-0.8700053950135924,-0.8700053950135924,-0.8700053950135924,-0.8700053950135924,-0.8700053950135924,-0.8700053950135924,-0.8700053950135924,-0.8700053950135924,-0.8700053950135924,-0.8700053950135924,-0.8700053950135924,-0.8700053950135924,-0.8700053950135924,-0.8700053950135924,-0.8700053950135924,-0.8700053950135924,-0.8700053950135924,-0.8700053950135924,-0.8700053950135924,-0.8700053950135924,-0.8700053950135924,-0.8700053950135924,-0.8700053950135924,-0.8700053950135924,-0.8700053950135924,-0.8700053950135924,-0.8700053950135924,-0.8700053950135924,-0.8700053950135924,-0.8700053950135924,-0.8700053950135924,-0.8700053950135924,-0.8700053950135924,-0.8700053950135924,-0.8700053950135924,-0.8700053950135924,-0.8700053950135924,-0.8700053950135924,-0.8700053950135924,-0.8700053950135924,-0.8700053950135924,-0.8700053950135924,-0.8700053950135924,-0.8700053950135924,-0.8700053950135924,-0.8700053950135924,-0.8700053950135924,-0.8700053950135924,-0.8700053950135924,-0.8700053950135924,-0.8700053950135924,-0.8700053950135924,-0.8700053950135924,-0.8700053950135924,-0.8700053950135924,-0.8700053950135924,-0.8700053950135924,-0.8700053950135924,-0.8700053950135924,-0.8700053950135924,-0.8700053950135924,-0.8700053950135924,-0.8700053950135924,-0.8700053950135924,-0.8700053950135924,-0.8700053950135924,-0.8700053950135924,-0.8700053950135924,-0.8700053950135924,-0.8700053950135924,-0.8700053950135924,-0.8700053950135924,-0.8700053950135924,-0.8700053950135924,-0.8700053950135924,-0.8700053950135924,-0.8700053950135924,-0.8700053950135924,-0.8700053950135924,-0.8700053950135924,-0.8700053950135924,-0.8700053950135924,-0.8700053950135924,-0.8700053950135924,-0.8700053950135924,-0.8700053950135924,-0.8700053950135924,-0.8700053950135924,-0.8700053950135924,-0.8700053950135924,-0.8700053950135924,-0.8700053950135924,-0.8700053950135924,-0.8700053950135924,-0.8700053950135924,-0.8700053950135924,-0.8700053950135924,-0.8700053950135924,-0.8700053950135924,-0.8700053950135924,-0.8700053950135924,-0.6828247690319763,-0.6828247690319763,-0.6828247690319763,-0.6828247690319763,-0.6828247690319763,-0.6828247690319763,-0.6828247690319763,-0.8700053950135924,-0.8700053950135924,-0.8700053950135924,-0.8700053950135924,-0.8700053950135924,-0.8700053950135924,-0.8700053950135924,-0.8700053950135924,-0.8700053950135924,-0.8700053950135924,-0.8700053950135924,-0.8700053950135924,-0.8700053950135924,-0.8700053950135924,-0.8700053950135924,-0.8700053950135924,-0.8700053950135924,-0.8700053950135924,-0.8700053950135924,-0.8700053950135924,-0.8700053950135924,-0.8700053950135924,-0.8700053950135924,-0.8700053950135924,-0.8700053950135924,-0.8700053950135924,-0.8700053950135924,-0.8700053950135924,-0.7233340089832216,-0.7233340089832216,0.023356683535030023,0.023356683535030023,-0.7233340089832216,-0.7233340089832216,-0.8421669166452218,-0.8700053950135924,-0.8700053950135924,-0.8700053950135924,-0.8700053950135924,-0.8700053950135924,-0.8700053950135924,-0.8700053950135924,-0.5775356669173172,-0.5775356669173172,-0.8546155892995274,-0.8546155892995274,-0.8546155892995274,-0.8700053950135924,-0.8700053950135924,-0.8700053950135924,-0.8546155892995274,-0.8372487854668096,-0.8372487854668096,-0.8372487854668096,-0.8372487854668096,-0.8372487854668096,-0.8372487854668096,-0.8372487854668096,-0.8372487854668096,-0.8546155892995274,-0.8546155892995274,-0.8546155892995274,-0.8546155892995274,-0.8546155892995274,-0.8546155892995274,-0.8546155892995274,-0.8700053950135924,-0.8700053950135924,-0.8700053950135924,-0.8700053950135924,-0.8700053950135924,-0.8546155892995274,-0.8546155892995274,-0.8499503279441335,-0.8700053950135924,-0.8700053950135924,-0.8700053950135924,-0.8700053950135924,-0.8700053950135924,-0.8700053950135924,-0.8700053950135924,-0.8700053950135924,-0.8700053950135924,-0.8700053950135924,-0.3660575558323182,-0.3660575558323182,-0.762606675188075,-0.762606675188075,-0.8700053950135924,-0.8700053950135924,-0.8700053950135924,-0.8700053950135924,-0.8700053950135924,-0.8700053950135924,-0.8700053950135924,-0.8700053950135924,-0.8700053950135924,-0.8700053950135924,-0.8700053950135924,-0.8700053950135924,-0.8700053950135924,-0.8700053950135924,-0.8700053950135924,-0.8700053950135924,-0.8700053950135924,-0.8700053950135924,-0.8700053950135924,-0.8700053950135924,-0.8700053950135924,-0.8700053950135924,-0.8700053950135924,-0.8700053950135924,-0.8700053950135924,-0.8700053950135924,-0.8700053950135924,-0.8700053950135924,-0.8700053950135924,-0.8700053950135924,0.023356683535030023,0.023356683535030023,-0.25581896601141446,-0.25581896601141446,-0.8700053950135924,-0.8700053950135924,-0.8700053950135924,-0.8700053950135924,-0.8700053950135924,-0.8700053950135924,-0.8700053950135924,-0.8700053950135924,-0.8700053950135924,-0.8700053950135924,-0.8700053950135924,-0.8700053950135924,-0.8700053950135924,-0.8700053950135924,-0.8700053950135924,-0.8700053950135924,-0.8700053950135924,-0.8700053950135924,-0.8700053950135924,-0.8700053950135924,-0.8700053950135924,-0.8700053950135924,-0.8700053950135924,-0.8700053950135924,-0.8700053950135924,-0.8700053950135924,-0.8700053950135924,-0.8700053950135924,-0.8700053950135924,-0.8700053950135924,-0.8700053950135924,-0.8700053950135924,-0.8700053950135924,-0.8700053950135924,-0.8700053950135924,-0.8700053950135924,-0.8700053950135924,-0.8700053950135924,-0.8700053950135924,-0.8700053950135924,-0.8700053950135924,-0.8700053950135924,-0.8700053950135924,-0.8700053950135924,-0.8700053950135924,-0.8700053950135924,-0.8700053950135924,-0.8700053950135924,-0.8700053950135924,-0.8700053950135924,-0.8700053950135924,-0.8700053950135924,-0.8700053950135924,-0.8700053950135924,-0.8700053950135924,-0.8700053950135924,-0.8700053950135924,-0.8700053950135924,-0.8700053950135924,-0.8700053950135924,-0.8700053950135924,-0.8700053950135924,-0.8700053950135924,-0.8700053950135924,-0.8700053950135924,-0.8700053950135924,-0.8700053950135924,-0.8700053950135924,-0.8700053950135924,-0.8700053950135924,-0.8700053950135924,-0.8700053950135924,-0.8700053950135924,-0.8700053950135924,-0.8700053950135924,-0.8700053950135924,-0.8700053950135924,-0.8700053950135924,-0.8700053950135924,-0.8700053950135924,-0.8700053950135924,-0.8230761549752216,-0.8232102385181884,-0.8232102385181884,-0.8163060351008338,-0.8163060351008338,-0.8135284820018979,-0.8135284820018979,-0.8211149330034688,-0.8211149330034688,-0.8310094312674223,-0.8310094312674223,-0.8700053950135924,-0.8700053950135924,-0.8010441117572075,-0.8010441117572075,-0.8010441117572075,-0.8010441117572075,-0.8700053950135924,-0.8700053950135924,-0.8700053950135924,-0.8700053950135924,-0.8700053950135924,-0.8700053950135924,-0.8700053950135924,-0.8700053950135924,-0.8700053950135924,-0.8700053950135924,-0.8700053950135924,-0.8700053950135924,-0.8700053950135924,-0.8700053950135924,-0.8700053950135924,-0.8700053950135924,-0.8700053950135924,-0.8700053950135924,-0.8700053950135924,-0.8700053950135924,-0.8700053950135924,-0.7503465473541118,-0.7503465473541118,-0.7503465473541118,-0.7503465473541118,-0.7503465473541118,-0.7503465473541118,-0.7503465473541118,-0.7503465473541118,-0.7503465473541118,-0.7503465473541118,-0.8700053950135924,-0.8700053950135924,-0.8595064816973159,-0.8404949359624367,-0.7676409901798961,-0.7676409901798961,-0.7676409901798961,-0.820374168427558,-0.8474146298089146,-0.8700053950135924,-0.8700053950135924,-0.8700053950135924,-0.8700053950135924,-0.8700053950135924,-0.8700053950135924,-0.8700053950135924,-0.8700053950135924,-0.8700053950135924,-0.8700053950135924,-0.8700053950135924
-1.0183565364195493,-0.901855017471593,-0.901855017471593,-0.901855017471593,-0.901855017471593,-0.797640857572655,-0.797640857572655,-0.7033676826920172,-0.7033676826920172,-0.7033676826920172,-0.7033676826920172,-0.7033676826920172,-0.7033676826920172,-0.7033676826920172,-0.7033676826920172,-0.7033676826920172,-0.7033676826920172,-0.6173030170247277,-0.6173030170247277,-0.6173030170247277,-0.6173030170247277,-0.6173030170247277,-0.6173030170247277,-0.6173030170247277,-0.6173030170247277,-0.6173030170247277,-0.6173030170247277,-0.6173030170247277,-0.6173030170247277,-0.6173030170247277,-0.6173030170247277,-0.6173030170247277,-0.6173030170247277,-0.6173030170247277,-0.6173030170247277,-0.6173030170247277,-0.6173030170247277,-1.0183565364195493,-1.0183565364195493,-1.0183565364195493,-1.0183565364195493,-1.0183565364195493,-1.0183565364195493,-1.0183565364195493,-1.0183565364195493,-1.0183565364195493,-1.0183565364195493,-1.0183565364195493,-1.0183565364195493,-1.0183565364195493,-1.0183565364195493,-1.0183565364195493,-1.0183565364195493,-1.0183565364195493,-1.0183565364195493,-0.901855017471593,-0.901855017471593,-0.901855017471593,-0.901855017471593,-0.901855017471593,-0.901855017471593,-0.901855017471593,-0.901855017471593,-0.6173030170247277,-0.538131199345661,-0.538131199345661,-0.538131199345661,-0.538131199345661,-0.538131199345661,-0.538131199345661,-0.538131199345661,-0.797640857572655,-0.7033676826920172,-0.7033676826920172,-0.7033676826920172,-0.7033676826920172,-0.7033676826920172,-0.7033676826920172,-0.7033676826920172,-0.7033676826920172,-0.6173030170247277,-0.538131199345661,-0.538131199345661,-0.538131199345661,-0.538131199345661,-0.538131199345661,-0.538131199345661,-0.538131199345661,-0.538131199345661,-0.538131199345661,-1.0183565364195493,-0.901855017471593,-0.901855017471593,-0.901855017471593,-0.797640857572655,-0.797640857572655,-0.797640857572655,-0.797640857572655,-0.797640857572655,-0.797640857572655,-0.797640857572655,-0.797640857572655,-0.797640857572655,-0.797640857572655,-0.797640857572655,-0.797640857572655,-0.797640857572655,-0.797640857572655,-0.797640857572655,-0.797640857572655,-0.901855017471593,-0.901855017471593,-0.901855017471593,-0.901855017471593,-0.901855017471593,-0.901855017471593,-0.901855017471593,-0.901855017471593,-0.901855017471593,-0.901855017471593,-0.901855017471593,-0.901855017471593,-0.797640857572655,-1.096933728981207,-1.096933728981207,-1.096933728981207,-1.096933728981207,-1.096933728981207,-1.096933728981207,-1.096933728981207,-1.096933728981207,-1.096933728981207,-1.096933728981207,-1.096933728981207,-1.096933728981207,-1.096933728981207,-1.096933728981207,-0.901855017471593,-0.901855017471593,-0.2727860098355923,-0.2727860098355923,-0.797640857572655,-0.6173030170247277,-0.538131199345661,-0.538131199345661,-0.538131199345661,-0.797640857572655,-0.797640857572655,-0.797640857572655,-0.797640857572655,-0.7033676826920172,-0.7033676826920172,-0.7033676826920172,-0.7033676826920172,-0.7033676826920172,-0.7033676826920172,-0.11203533773096849,-0.11203533773096849,-0.11203533773096849,-0.11203533773096849,-0.11203533773096849,-0.11203533773096849,-0.11203533773096849,-0.3327510165778624,-0.3327510165778624,-0.3327510165778624,-0.3327510165778624,-0.3327510165778624,-0.3327510165778624,-0.3327510165778624,-0.3327510165778624,0.25548548960086465,0.6218294938510074,0.6218294938510074,0.6451039720015455,0.6451039720015455,-0.4648295453855011,-0.4648295453855011,-0.797640857572655,-0.797640857572655,0.7330836812166751,0.7330836812166751,0.25548548960086465,0.6218294938510074,0.6218294938510074,0.6451039720015455,0.6451039720015455,-0.4648295453855011,-0.4648295453855011,-0.797640857572655,-0.797640857572655,-0.7033676826920172,-0.7033676826920172,-1.096933728981207,-1.096933728981207,-0.7033676826920172,-0.7033676826920172,0.1848040217649151,1.0688968763861773,1.0688968763861773,-0.017762162850330287,-0.017762162850330287,-0.017762162850330287,-1.096933728981207,-1.096933728981207,-0.4648295453855011,-0.4648295453855011,1.2467337808773706,1.2467337808773706,1.2467337808773706,0.3528545032638245,0.3528545032638245,0.3528545032638245,1.2467337808773706,0.49645688688845147,0.49645688688845147,0.49645688688845147,0.49645688688845147,0.49645688688845147,0.49645688688845147,0.49645688688845147,0.49645688688845147,1.2467337808773706,1.2467337808773706,1.2467337808773706,1.2467337808773706,1.2467337808773706,1.2467337808773706,1.2467337808773706,-0.7033676826920172,-0.7033676826920172,-0.7033676826920172,0.7942858609576123,0.7942858609576123,1.2467337808773706,1.2467337808773706,1.1411274748183142,0.4693560222117804,0.4693560222117804,0.4693560222117804,-0.901855017471593,-0.901855017471593,-0.21624949762990653,-0.901855017471593,-0.901855017471593,-0.3965873381778338,-0.3965873381778338,-0.538131199345661,-0.538131199345661,0.2890181816638531,0.2890181816638531,-0.901855017471593,-0.901855017471593,-0.21624949762990653,-0.901855017471593,-0.901855017471593,-0.3965873381778338,-0.3965873381778338,0.5979941312604431,0.5979941312604431,0.5979941312604431,-0.901855017471593,-0.901855017471593,-0.21624949762990653,-0.901855017471593,-0.901855017471593,-0.3965873381778338,-0.3965873381778338,-0.901855017471593,-0.901855017471593,-0.16277054484031625,-0.16277054484031625,-0.16277054484031625,-0.017762162850330287,-1.0183565364195493,-1.0183565364195493,-0.3327510165778624,-0.7033676826920172,-0.7033676826920172,-0.797640857572655,-0.797640857572655,-1.096933728981207,-1.096933728981207,-1.0183565364195493,-1.0183565364195493,-0.6173030170247277,-0.6173030170247277,0.2890181816638531,0.2890181816638531,-0.7033676826920172,-0.7033676826920172,-0.7033676826920172,0.41281951000609457,0.41281951000609457,-0.7033676826920172,-0.7033676826920172,-0.7033676826920172,-0.21624949762990653,0.10868034111592541,0.10868034111592541,0.10868034111592541,-0.7033676826920172,-0.7033676826920172,-0.7033676826920172,0.4693560222117804,0.4693560222117804,-0.7033676826920172,-0.7033676826920172,-0.7033676826920172,0.5979941312604431,0.5979941312604431,0.41281951000609457,0.41281951000609457,-0.7033676826920172,-0.7033676826920172,-0.7033676826920172,0.2890181816638531,0.2890181816638531,-0.7033676826920172,-0.7033676826920172,-0.7033676826920172,0.25548548960086465,0.25548548960086465,-0.7033676826920172,-0.7033676826920172,-0.7033676826920172,0.41281951000609457,0.41281951000609457,-0.7033676826920172,-0.7033676826920172,-0.7033676826920172,0.6900717010586743,0.6900717010586743,0.1848040217649151,0.1848040217649151,0.2207759744561858,0.2207759744561858,0.5735701821107184,0.5735701821107184,0.5735701821107184,0.5735701821107184,-0.3965873381778338,-0.3965873381778338,-0.3965873381778338,0.4414916533030797,0.4414916533030797,0.4414916533030797,0.5735701821107184,0.5735701821107184,0.5735701821107184,0.5735701821107184,-1.096933728981207,-1.096933728981207,-1.096933728981207,-1.096933728981207,-1.096933728981207,-1.096933728981207,-1.096933728981207,-1.0183565364195493,-1.0183565364195493,-1.0183565364195493,1.0688968763861773,1.0688968763861773,0.32145124083595084,0.32145124083595084,0.32145124083595084,0.25548548960086465,0.4414916533030797,0.4414916533030797,0.2890181816638531,0.2890181816638531,0.25548548960086465,0.25548548960086465,-0.017762162850330287,-0.017762162850330287,0.6218294938510074,0.6218294938510074,-0.11203533773096849,-0.11203533773096849,0.026205950473936392,0.026205950473936392,0.026205950473936392,0.026205950473936392,-0.2727860098355923,-0.2727860098355923,-0.2727860098355923,-0.2727860098355923,0.026205950473936392,0.026205950473936392,0.026205950473936392,0.026205950473936392,0.32145124083595084,0.32145124083595084,0.32145124083595084,0.32145124083595084,-0.901855017471593,-0.901855017471593,-0.21624949762990653,-0.21624949762990653,0.026205950473936392,-0.6173030170247277,-1.0183565364195493,-1.0183565364195493,-0.3327510165778624,-0.0637760259906795,-0.0637760259906795,-0.0637760259906795,-0.0637760259906795,-0.0637760259906795,-0.0637760259906795,-0.0637760259906795,-0.0637760259906795,-0.0637760259906795,-0.0637760259906795,-0.4648295453855011,-0.4648295453855011,-0.11203533773096849,-0.017762162850330287,-0.797640857572655,-0.797640857572655,-0.797640857572655,-0.3327510165778624,0.06830250281695922,-0.4648295453855011,-0.4648295453855011,-0.4648295453855011,-0.4648295453855011,-0.4648295453855011,-0.4648295453855011,-0.3965873381778338,-0.3965873381778338,0.4693560222117804,0.6900717010586743,0.6900717010586743
-1.0,-1.0,-1.0,-1.0,-1.0,-1.0,-1.0,-1.0,-1.0,-1.0,-1.0,-1.0,-1.0,-1.0,-1.0,-1.0,-1.0,-1.0,-1.0,-1.0,-1.0,-1.0,-1.0,-1.0,-1.0,-1.0,-1.0,-1.0,-1.0,-1.0,-1.0,-1.0,-1.0,-1.0,-1.0,-1.0,-1.0,-1.0,-1.0,-1.0,-1.0,-1.0,-1.0,-1.0,-1.0,-1.0,-1.0,-1.0,-1.0,-1.0,-1.0,-1.0,-1.0,-1.0,-1.0,-1.0,-1.0,-1.0,-1.0,-1.0,-1.0,-1.0,-1.0,-1.0,-1.0,-1.0,-1.0,-1.0,-1.0,-1.0,-1.0,-1.0,-1.0,-1.0,-1.0,-1.0,-1.0,-1.0,-1.0,-1.0,-1.0,-1.0,-1.0,-1.0,-1.0,-1.0,-1.0,-1.0,-1.0,-1.0,-1.0,-1.0,-1.0,-1.0,-1.0,-1.0,-1.0,-1.0,-1.0,-1.0,-1.0,-1.0,-1.0,-1.0,-1.0,-1.0,-1.0,-1.0,-1.0,-1.0,-1.0,-1.0,-1.0,-1.0,-1.0,-1.0,-1.0,-1.0,-1.0,-1.0,-1.0,-1.0,-1.0,-1.0,-1.0,-1.0,-1.0,-1.0,-1.0,-1.0,-1.0,-1.0,-1.0,-1.0,-1.0,-1.0,-1.0,-1.0,-1.0,-1.0,-1.0,-1.0,-1.0,-1.0,-1.0,-1.0,-1.0,-1.0,-1.0,-1.0,-1.0,-1.0,-1.0,-1.0,-1.0,-1.0,-1.0,-1.0,-1.0,-1.0,-1.0,-1.0,-1.0,-1.0,-1.0,-1.0,-1.0,-1.0,-1.0,-1.0,-1.0,-1.0,1.0,1.0,1.0,1.0,-1.0,-1.0,-1.0,-1.0,-1.0,-1.0,-1.0,1.0,1.0,1.0,1.0,-1.0,-1.0,-1.0,-1.0,-1.0,-1.0,-1.0,-1.0,-1.0,-1.0,-1.0,1.0,1.0,-1.0,-1.0,-1.0,-1.0,-1.0,-1.0,-1.0,-1.0,-1.0,-1.0,1.0,1.0,1.0,-1.0,-1.0,-1.0,-1.0,-1.0,-1.0,-1.0,-1.0,-1.0,-1.0,-1.0,-1.0,-1.0,-1.0,-1.0,-1.0,1.0,1.0,1.0,-1.0,-1.0,-1.0,-1.0,1.0,1.0,1.0,1.0,-1.0,-1.0,-1.0,-1.0,-1.0,-1.0,-1.0,-1.0,-1.0,1.0,1.0,-1.0,-1.0,-1.0,-1.0,-1.0,-1.0,-1.0,1.0,1.0,1.0,-1.0,-1.0,-1.0,-1.0,-1.0,-1.0,-1.0,-1.0,-1.0,1.0,1.0,1.0,-1.0,-1.0,-1.0,-1.0,-1.0,-1.0,-1.0,-1.0,-1.0,-1.0,-1.0,-1.0,-1.0,-1.0,-1.0,-1.0,-1.0,-1.0,-1.0,-1.0,-1.0,-1.0,-1.0,-1.0,-1.0,1.0,1.0,1.0,-1.0,-1.0,-1.0,-1.0,-1.0,-1.0,-1.0,-1.0,1.0,1.0,-1.0,-1.0,-1.0,-1.0,-1.0,-1.0,-1.0,-1.0,-1.0,-1.0,-1.0,-1.0,-1.0,-1.0,-1.0,-1.0,-1.0,-1.0,-1.0,-1.0,1.0,1.0,-1.0,-1.0,-1.0,-1.0,1.0,1.0,1.0,1.0,1.0,1.0,1.0,1.0,1.0,1.0,1.0,1.0,1.0,1.0,-1.0,-1.0,-1.0,-1.0,-1.0,-1.0,-1.0,-1.0,-1.0,-1.0,1.0,1.0,1.0,1.0,1.0,-1.0,-1.0,-1.0,-1.0,-1.0,-1.0,-1.0,1.0,1.0,-1.0,-1.0,-1.0,-1.0,1.0,1.0,1.0,1.0,1.0,1.0,1.0,1.0,1.0,1.0,1.0,1.0,1.0,1.0,1.0,1.0,-1.0,-1.0,1.0,1.0,-1.0,-1.0,-1.0,-1.0,-1.0,-1.0,-1.0,-1.0,-1.0,-1.0,-1.0,-1.0,-1.0,-1.0,-1.0,-1.0,-1.0,-1.0,-1.0,-1.0,-1.0,-1.0,-1.0,-1.0,1.0,1.0,1.0,1.0,1.0,1.0,-1.0,-1.0,-1.0,-1.0,-1.0
-1.0,-1.0,-1.0,-1.0,-1.0,-1.0,-1.0,-1.0,-1.0,-1.0,-1.0,-1.0,-1.0,-1.0,-1.0,-1.0,-1.0,-1.0,-1.0,-1.0,-1.0,-1.0,-1.0,-1.0,-1.0,-1.0,-1.0,-1.0,-1.0,-1.0,-1.0,-1.0,-1.0,-1.0,-1.0,-1.0,-1.0,-1.0,-1.0,-1.0,-1.0,-1.0,-1.0,-1.0,-1.0,-1.0,-1.0,-1.0,-1.0,-1.0,-1.0,-1.0,-1.0,-1.0,-1.0,-1.0,-1.0,-1.0,-1.0,-1.0,-1.0,-1.0,-1.0,-1.0,-1.0,-1.0,-1.0,-1.0,-1.0,-1.0,-1.0,-1.0,-1.0,-1.0,-1.0,-1.0,-1.0,-1.0,-1.0,-1.0,-1.0,-1.0,-1.0,-1.0,-1.0,-1.0,-1.0,-1.0,-1.0,-1.0,-1.0,-1.0,-1.0,-1.0,-1.0,-1.0,-1.0,-1.0,-1.0,-1.0,-1.0,-1.0,-1.0,-1.0,-1.0,-1.0,-1.0,-1.0,-1.0,-1.0,-1.0,-1.0,-1.0,-1.0,-1.0,-1.0,-1.0,-1.0,-1.0,-1.0,-1.0,-1.0,-1.0,-1.0,-1.0,-1.0,-1.0,-1.0,-1.0,-1.0,-1.0,-1.0,-1.0,-1.0,-1.0,-1.0,-1.0,-1.0,-1.0,-1.0,-1.0,-1.0,-1.0,-1.0,-1.0,-1.0,-1.0,-1.0,-1.0,-1.0,-1.0,-1.0,-1.0,-1.0,-1.0,-1.0,-1.0,-1.0,-1.0,-1.0,-1.0,-1.0,-1.0,-1.0,-1.0,-1.0,-1.0,-1.0,-1.0,-1.0,-1.0,-1.0,-1.0,-1.0,-1.0,-1.0,-1.0,-1.0,-1.0,-1.0,-1.0,-1.0,-1.0,-1.0,-1.0,-1.0,-1.0,-1.0,-1.0,-1.0,-1.0,-1.0,-1.0,-1.0,-1.0,-1.0,-1.0,-1.0,-1.0,-1.0,-1.0,-1.0,-1.0,-1.0,-1.0,-1.0,-1.0,-1.0,-1.0,-1.0,-1.0,-1.0,-1.0,-1.0,-1.0,-1.0,-1.0,-1.0,-1.0,-1.0,-1.0,-1.0,-1.0,-1.0,-1.0,-1.0,-1.0,-1.0,-1.0,-1.0,-1.0,-1.0,-1.0,-1.0,-1.0,-1.0,-1.0,-1.0,-1.0,-1.0,-1.0,-1.0,-1.0,-1.0,-1.0,-1.0,-1.0,-1.0,-1.0,-1.0,-1.0,-1.0,-1.0,-1.0,-1.0,-1.0,-1.0,-1.0,-1.0,-1.0,-1.0,-1.0,-1.0,-1.0,-1.0,-1.0,-1.0,-1.0,-1.0,-1.0,-1.0,-1.0,-1.0,-1.0,-1.0,-1.0,-1.0,-1.0,-1.0,-1.0,-1.0,-1.0,-1.0,-1.0,-1.0,-1.0,-1.0,-1.0,-1.0,-1.0,-1.0,-1.0,-1.0,-1.0,-1.0,-1.0,-1.0,-1.0,-1.0,-1.0,-1.0,-1.0,-1.0,-1.0,-1.0,-1.0,-1.0,-1.0,-1.0,-1.0,-1.0,-1.0,-1.0,-1.0,-1.0,-1.0,-1.0,-1.0,-1.0,-1.0,-1.0,-1.0,-1.0,-1.0,-1.0,-1.0,-1.0,-1.0,-1.0,-1.0,-1.0,-1.0,-1.0,-1.0,-1.0,-1.0,-1.0,-1.0,-1.0,-1.0,-1.0,-1.0,-1.0,-1.0,-1.0,-1.0,-1.0,-1.0,-1.0,-1.0,-1.0,-1.0,-1.0,-1.0,-1.0,-1.0,-1.0,-1.0,-1.0,-1.0,-1.0,-1.0,-1.0,-1.0,-1.0,-1.0,-1.0,-1.0,-1.0,-1.0,-1.0,-1.0,-1.0,1.0,1.0,-1.0,-1.0,-1.0,-1.0,-1.0,-1.0,-1.0,-1.0,-1.0,-1.0,-1.0,-1.0,-1.0,-1.0,-1.0,-1.0,-1.0,-1.0,-1.0,-1.0,-1.0,-1.0,-1.0,-1.0,-1.0,-1.0,-1.0,-1.0,-1.0,-1.0,-1.0,-1.0,-1.0,-1.0,-1.0,-1.0,-1.0,-1.0,-1.0,-1.0,-1.0,-1.0,-1.0,-1.0,-1.0,-1.0,-1.0,-1.0,-1.0,-1.0,-1.0,-1.0,-1.0,-1.0,-1.0,-1.0,-1.0,-1.0,-1.0
-1.0,-1.0,-1.0,-1.0,-1.0,-1.0,-1.0,-1.0,-1.0,-1.0,-1.0,-1.0,-1.0,-1.0,-1.0,-1.0,-1.0,-1.0,-1.0,-1.0,-1.0,-1.0,-1.0,-1.0,-1.0,-1.0,-1.0,-1.0,-1.0,-1.0,-1.0,-1.0,-1.0,-1.0,-1.0,-1.0,-1.0,-1.0,-1.0,-1.0,-1.0,-1.0,-1.0,-1.0,-1.0,-1.0,-1.0,-1.0,-1.0,-1.0,-1.0,-1.0,-1.0,-1.0,-1.0,-1.0,-1.0,-1.0,-1.0,-1.0,-1.0,-1.0,-1.0,-1.0,-1.0,-1.0,-1.0,-1.0,-1.0,-1.0,-1.0,-1.0,-1.0,-1.0,-1.0,-1.0,-1.0,-1.0,-1.0,-1.0,-1.0,-1.0,-1.0,-1.0,-1.0,-1.0,-1.0,-1.0,-1.0,-1.0,-1.0,-1.0,-1.0,-1.0,-1.0,-1.0,-1.0,-1.0,-1.0,-1.0,-1.0,-1.0,-1.0,-1.0,-1.0,-1.0,-1.0,-1.0,-1.0,-1.0,-1.0,-1.0,-1.0,-1.0,-1.0,-1.0,-1.0,-1.0,-1.0,-1.0,-1.0,-1.0,-1.0,-1.0,-1.0,-1.0,-1.0,-1.0,-1.0,-1.0,-1.0,-1.0,-1.0,-1.0,-1.0,-1.0,-1.0,-1.0,-1.0,-1.0,-1.0,-1.0,-1.0,-1.0,-1.0,-1.0,-1.0,-1.0,-1.0,-1.0,-1.0,-1.0,-1.0,-1.0,-1.0,-1.0,-1.0,-1.0,-1.0,-1.0,-1.0,-1.0,-1.0,-1.0,-1.0,-1.0,-1.0,-1.0,-1.0,-1.0,-1.0,-1.0,-1.0,-1.0,-1.0,-1.0,-1.0,-1.0,-1.0,-1.0,-1.0,-1.0,-1.0,-1.0,-1.0,-1.0,-1.0,-1.0,-1.0,-1.0,-1.0,-1.0,-1.0,-1.0,-1.0,-1.0,-1.0,-1.0,-1.0,-1.0,-1.0,-1.0,-1.0,-1.0,-1.0,-1.0,-1.0,-1.0,-1.0,-1.0,-1.0,-1.0,-1.0,-1.0,-1.0,-1.0,-1.0,-1.0,-1.0,-1.0,-1.0,-1.0,-1.0,-1.0,-1.0,-1.0,-1.0,-1.0,-1.0,-1.0,-1.0,-1.0,-1.0,-1.0,-1.0,-1.0,-1.0,-1.0,-1.0,-1.0,-1.0,-1.0,-1.0,-1.0,-1.0,-1.0,-1.0,-1.0,-1.0,-1.0,-1.0,-1.0,-1.0,-1.0,-1.0,-1.0,-1.0,-1.0,-1.0,-1.0,-1.0,-1.0,-1.0,-1.0,-1.0,-1.0,-1.0,-1.0,-1.0,-1.0,-1.0,-1.0,-1.0,-1.0,-1.0,-1.0,-1.0,-1.0,-1.0,-1.0,-1.0,-1.0,-1.0,-1.0,-1.0,-1.0,-1.0,-1.0,-1.0,-1.0,-1.0,-1.0,-1.0,-1.0,-1.0,-1.0,-1.0,-1.0,-1.0,-1.0,-1.0,-1.0,-1.0,-1.0,-1.0,-1.0,-1.0,-1.0,-1.0,-1.0,-1.0,-1.0,-1.0,-1.0,-1.0,-1.0,-1.0,-1.0,-1.0,-1.0,-1.0,-1.0,-1.0,-1.0,-1.0,-1.0,-1.0,-1.0,-1.0,-1.0,-1.0,-1.0,-1.0,-1.0,-1.0,-1.0,-1.0,-1.0,-1.0,-1.0,-1.0,-1.0,-1.0,-1.0,-1.0,-1.0,-1.0,-1.0,-1.0,-1.0,-1.0,-1.0,-1.0,-1.0,-1.0,-1.0,-1.0,-1.0,-1.0,-1.0,-1.0,-1.0,-1.0,-1.0,-1.0,-1.0,-1.0,-1.0,-1.0,-1.0,-1.0,-1.0,-1.0,-1.0,-1.0,-1.0,-1.0,-1.0,-1.0,-1.0,-1.0,-1.0,-1.0,-1.0,-1.0,-1.0,-1.0,-1.0,-1.0,-1.0,-1.0,-1.0,-1.0,-1.0,-1.0,-1.0,-1.0,-1.0,-1.0,-1.0,-1.0,-1.0,-1.0,-1.0,1.0,1.0,1.0,1.0,1.0,1.0,1.0,1.0,1.0,1.0,-1.0,-1.0,-1.0,-1.0,-1.0,-1.0,-1.0,-1.0,-1.0,-1.0,-1.0,-1.0,-1.0,-1.0,-1.0,-1.0,-1.0,-1.0,-1.0,-1.0
-1.0,-1.0,-1.0,-1.0,-1.0,-1.0,-1.0,-1.0,-1.0,-1.0,-1.0,-1.0,-1.0,-1.0,-1.0,-1.0,-1.0,-1.0,-1.0,-1.0,-1.0,-1.0,-1.0,-1.0,-1.0,-1.0,-1.0,-1.0,-1.0,-1.0,-1.0,-1.0,-1.0,-1.0,-1.0,-1.0,-1.0,-1.0,-1.0,-1.0,-1.0,-1.0,-1.0,-1.0,-1.0,-1.0,-1.0,-1.0,-1.0,-1.0,-1.0,-1.0,-1.0,-1.0,-1.0,-1.0,-1.0,-1.0,-1.0,-1.0,-1.0,-1.0,-1.0,-1.0,-1.0,-1.0,-1.0,-1.0,-1.0,-1.0,-1.0,-1.0,-1.0,-1.0,-1.0,-1.0,-1.0,-1.0,-1.0,-1.0,-1.0,-1.0,-1.0,-1.0,-1.0,-1.0,-1.0,-1.0,-1.0,-1.0,-1.0,-1.0,-1.0,-1.0,-1.0,-1.0,-1.0,-1.0,-1.0,-1.0,-1.0,-1.0,-1.0,-1.0,-1.0,-1.0,-1.0,-1.0,-1.0,-1.0,-1.0,-1.0,-1.0,-1.0,-1.0,-1.0,-1.0,-1.0,-1.0,-1.0,-1.0,-1.0,-1.0,-1.0,-1.0,-1.0,-1.0,-1.0,-1.0,-1.0,-1.0,-1.0,-1.0,-1.0,-1.0,-1.0,-1.0,-1.0,-1.0,-1.0,-1.0,-1.0,-1.0,-1.0,-1.0,-1.0,-1.0,-1.0,-1.0,-1.0,-1.0,-1.0,-1.0,-1.0,-1.0,-1.0,-1.0,-1.0,-1.0,-1.0,-1.0,-1.0,-1.0,-1.0,-1.0,-1.0,-1.0,-1.0,-1.0,-1.0,-1.0,-1.0,-1.0,-1.0,-1.0,-1.0,-1.0,-1.0,-1.0,-1.0,-1.0,-1.0,-1.0,-1.0,-1.0,-1.0,-1.0,-1.0,-1.0,-1.0,-1.0,-1.0,-1.0,-1.0,-1.0,-1.0,-1.0,-1.0,-1.0,-1.0,-1.0,-1.0,-1.0,-1.0,-1.0,-1.0,-1.0,-1.0,-1.0,-1.0,-1.0,-1.0,-1.0,-1.0,-1.0,-1.0,-1.0,-1.0,-1.0,-1.0,-1.0,-1.0,-1.0,-1.0,-1.0,-1.0,-1.0,-1.0,-1.0,-1.0,-1.0,-1.0,-1.0,-1.0,-1.0,-1.0,1.0,-1.0,-1.0,-1.0,-1.0,-1.0,-1.0,-1.0,-1.0,-1.0,-1.0,-1.0,-1.0,-1.0,-1.0,-1.0,-1.0,-1.0,-1.0,-1.0,-1.0,-1.0,-1.0,-1.0,-1.0,-1.0,-1.0,-1.0,-1.0,-1.0,-1.0,-1.0,-1.0,-1.0,-1.0,-1.0,-1.0,-1.0,-1.0,-1.0,-1.0,-1.0,-1.0,-1.0,-1.0,-1.0,-1.0,-1.0,-1.0,-1.0,-1.0,-1.0,-1.0,-1.0,-1.0,-1.0,-1.0,-1.0,-1.0,-1.0,-1.0,-1.0,-1.0,-1.0,-1.0,-1.0,-1.0,-1.0,-1.0,-1.0,-1.0,-1.0,-1.0,-1.0,-1.0,-1.0,-1.0,-1.0,-1.0,-1.0,-1.0,-1.0,-1.0,-1.0,-1.0,-1.0,-1.0,-1.0,-1.0,-1.0,-1.0,-1.0,-1.0,-1.0,-1.0,-1.0,-1.0,-1.0,-1.0,-1.0,-1.0,-1.0,-1.0,-1.0,-1.0,-1.0,-1.0,-1.0,-1.0,-1.0,-1.0,-1.0,-1.0,-1.0,-1.0,-1.0,-1.0,-1.0,-1.0,-1.0,-1.0,-1.0,-1.0,-1.0,-1.0,-1.0,-1.0,-1.0,-1.0,-1.0,-1.0,-1.0,-1.0,-1.0,-1.0,-1.0,-1.0,-1.0,-1.0,-1.0,-1.0,-1.0,-1.0,-1.0,-1.0,-1.0,-1.0,-1.0,-1.0,-1.0,-1.0,-1.0,-1.0,-1.0,-1.0,-1.0,-1.0,-1.0,-1.0,-1.0,-1.0,-1.0,-1.0,-1.0,-1.0,-1.0,-1.0,-1.0,-1.0,-1.0,-1.0,-1.0,-1.0,-1.0,-1.0,-1.0,-1.0,-1.0,-1.0,-1.0,-1.0,-1.0,-1.0,-1.0,-1.0,-1.0,-1.0,-1.0,-1.0,-1.0,-1.0,-1.0,-1.0,-1.0,-1.0,-1.0,-1.0,-1.0
-1.0,-1.0,-1.0,-1.0,-1.0,-1.0,-1.0,-1.0,-1.0,-1.0,-1.0,-1.0,-1.0,-1.0,-1.0,-1.0,-1.0,-1.0,-1.0,-1.0,-1.0,-1.0,-1.0,-1.0,-1.0,-1.0,-1.0,-1.0,-1.0,-1.0,-1.0,-1.0,-1.0,-1.0,-1.0,-1.0,-1.0,-1.0,-1.0,-1.0,-1.0,-1.0,-1.0,-1.0,-1.0,-1.0,-1.0,-1.0,-1.0,-1.0,-1.0,-1.0,-1.0,-1.0,-1.0,-1.0,-1.0,-1.0,-1.0,-1.0,-1.0,-1.0,-1.0,-1.0,-1.0,-1.0,-1.0,-1.0,-1.0,-1.0,-1.0,-1.0,-1.0,-1.0,-1.0,-1.0,-1.0,-1.0,-1.0,-1.0,-1.0,-1.0,-1.0,-1.0,-1.0,-1.0,-1.0,-1.0,-1.0,-1.0,-1.0,-1.0,-1.0,-1.0,-1.0,-1.0,-1.0,-1.0,-1.0,-1.0,-1.0,-1.0,-1.0,-1.0,-1.0,-1.0,-1.0,-1.0,-1.0,-1.0,-1.0,-1.0,-1.0,-1.0,-1.0,-1.0,-1.0,-1.0,-1.0,-1.0,-1.0,-1.0,-1.0,-1.0,-1.0,-1.0,-1.0,-1.0,-1.0,-1.0,-1.0,-1.0,-1.0,-1.0,-1.0,-1.0,-1.0,-1.0,-1.0,-1.0,-1.0,-1.0,-1.0,-1.0,-1.0,-1.0,-1.0,-1.0,-1.0,-1.0,-1.0,-1.0,-1.0,-1.0,-1.0,-1.0,-1.0,-1.0,-1.0,-1.0,-1.0,-1.0,-1.0,-1.0,-1.0,-1.0,-1.0,-1.0,-1.0,-1.0,-1.0,-1.0,-1.0,-1.0,-1.0,-1.0,-1.0,-1.0,-1.0,-1.0,-1.0,-1.0,-1.0,-1.0,-1.0,-1.0,-1.0,-1.0,-1.0,-1.0,-1.0,-1.0,-1.0,-1.0,-1.0,-1.0,-1.0,-1.0,-1.0,-1.0,-1.0,-1.0,-1.0,-1.0,-1.0,-1.0,-1.0,-1.0,-1.0,-1.0,-1.0,-1.0,-1.0,-1.0,-1.0,-1.0,-1.0,-1.0,-1.0,-1.0,-1.0,-1.0,-1.0,-1.0,-1.0,-1.0,-1.0,-1.0,-1.0,-1.0,-1.0,-1.0,-1.0,-1.0,-1.0,-1.0,-1.0,-1.0,-1.0,-1.0,-1.0,-1.0,-1.0,-1.0,-1.0,-1.0,-1.0,-1.0,-1.0,-1.0,-1.0,-1.0,-1.0,-1.0,-1.0,-1.0,-1.0,-1.0,-1.0,-1.0,-1.0,-1.0,-1.0,-1.0,-1.0,-1.0,-1.0,-1.0,-1.0,-1.0,-1.0,-1.0,-1.0,-1.0,-1.0,-1.0,-1.0,-1.0,-1.0,-1.0,-1.0,-1.0,-1.0,-1.0,-1.0,-1.0,-1.0,-1.0,-1.0,-1.0,-1.0,-1.0,-1.0,-1.0,-1.0,-1.0,-1.0,-1.0,-1.0,-1.0,-1.0,-1.0,-1.0,-1.0,-1.0,-1.0,-1.0,-1.0,-1.0,-1.0,-1.0,-1.0,-1.0,-1.0,-1.0,-1.0,-1.0,-1.0,-1.0,-1.0,-1.0,-1.0,-1.0,-1.0,-1.0,-1.0,-1.0,-1.0,-1.0,-1.0,-1.0,-1.0,-1.0,-1.0,-1.0,-1.0,-1.0,-1.0,-1.0,-1.0,-1.0,-1.0,-1.0,-1.0,-1.0,-1.0,-1.0,-1.0,-1.0,-1.0,-1.0,-1.0,-1.0,-1.0,-1.0,-1.0,-1.0,-1.0,-1.0,-1.0,-1.0,-1.0,-1.0,-1.0,-1.0,-1.0,-1.0,-1.0,-1.0,-1.0,-1.0,-1.0,-1.0,-1.0,-1.0,-1.0,-1.0,-1.0,-1.0,-1.0,-1.0,-1.0,-1.0,-1.0,-1.0,-1.0,-1.0,-1.0,-1.0,-1.0,-1.0,-1.0,-1.0,-1.0,-1.0,-1.0,-1.0,-1.0,-1.0,-1.0,-1.0,-1.0,-1.0,-1.0,-1.0,-1.0,-1.0,-1.0,-1.0,-1.0,-1.0,-1.0,-1.0,-1.0,-1.0,-1.0,-1.0,-1.0,-1.0,-1.0,-1.0,-1.0,-1.0,-1.0,-1.0,-1.0,-1.0,-1.0,-1.0,-1.0,-1.0,-1.0,-1.0,-1.0
-1.0,-1.0,-1.0,-1.0,-1.0,-1.0,-1.0,-1.0,-1.0,-1.0,-1.0,-1.0,-1.0,-1.0,-1.0,-1.0,-1.0,-1.0,-1.0,-1.0,-1.0,-1.0,-1.0,-1.0,-1.0,-1.0,-1.0,-1.0,-1.0,-1.0,-1.0,-1.0,-1.0,-1.0,-1.0,-1.0,-1.0,-1.0,-1.0,-1.0,-1.0,-1.0,-1.0,-1.0,-1.0,-1.0,-1.0,-1.0,-1.0,-1.0,-1.0,-1.0,-1.0,-1.0,-1.0,-1.0,-1.0,-1.0,-1.0,-1.0,-1.0,-1.0,-1.0,-1.0,-1.0,-1.0,-1.0,-1.0,-1.0,-1.0,-1.0,-1.0,-1.0,-1.0,-1.0,-1.0,-1.0,-1.0,-1.0,-1.0,-1.0,-1.0,-1.0,-1.0,-1.0,-1.0,-1.0,-1.0,-1.0,-1.0,-1.0,-1.0,-1.0,-1.0,-1.0,-1.0,-1.0,-1.0,-1.0,-1.0,-1.0,-1.0,-1.0,-1.0,-1.0,-1.0,-1.0,-1.0,-1.0,-1.0,-1.0,-1.0,-1.0,-1.0,-1.0,-1.0,-1.0,-1.0,-1.0,-1.0,-1.0,-1.0,-1.0,-1.0,-1.0,-1.0,-1.0,-1.0,-1.0,-1.0,-1.0,-1.0,-1.0,-1.0,-1.0,-1.0,-1.0,-1.0,-1.0,-1.0,-1.0,-1.0,-1.0,-1.0,-1.0,-1.0,-1.0,-1.0,-1.0,-1.0,-1.0,-1.0,-1.0,-1.0,-1.0,-1.0,1.0,1.0,1.0,1.0,1.0,1.0,1.0,-1.0,-1.0,-1.0,-1.0,-1.0,-1.0,-1.0,-1.0,-1.0,-1.0,-1.0,-1.0,-1.0,-1.0,-1.0,-1.0,-1.0,-1.0,-1.0,-1.0,-1.0,-1.0,-1.0,-1.0,-1.0,-1.0,-1.0,-1.0,-1.0,-1.0,-1.0,-1.0,-1.0,-1.0,-1.0,-1.0,-1.0,-1.0,-1.0,-1.0,-1.0,-1.0,-1.0,-1.0,-1.0,-1.0,-1.0,-1.0,-1.0,-1.0,-1.0,-1.0,-1.0,-1.0,-1.0,-1.0,-1.0,-1.0,-1.0,-1.0,-1.0,-1.0,-1.0,-1.0,-1.0,-1.0,-1.0,-1.0,-1.0,-1.0,-1.0,-1.0,-1.0,-1.0,-1.0,-1.0,-1.0,-1.0,-1.0,-1.0,-1.0,-1.0,-1.0,-1.0,1.0,1.0,1.0,1.0,-1.0,-1.0,-1.0,-1.0,-1.0,-1.0,-1.0,-1.0,-1.0,-1.0,-1.0,-1.0,-1.0,-1.0,-1.0,-1.0,-1.0,-1.0,-1.0,-1.0,-1.0,-1.0,-1.0,-1.0,-1.0,-1.0,-1.0,-1.0,-1.0,-1.0,-1.0,-1.0,-1.0,-1.0,-1.0,-1.0,-1.0,-1.0,-1.0,-1.0,-1.0,-1.0,-1.0,-1.0,-1.0,-1.0,-1.0,-1.0,-1.0,-1.0,-1.0,-1.0,-1.0,-1.0,-1.0,-1.0,-1.0,-1.0,-1.0,-1.0,-1.0,-1.0,-1.0,-1.0,-1.0,-1.0,-1.0,-1.0,-1.0,-1.0,-1.0,-1.0,-1.0,-1.0,-1.0,-1.0,-1.0,-1.0,-1.0,-1.0,-1.0,-1.0,-1.0,-1.0,-1.0,-1.0,-1.0,-1.0,-1.0,-1.0,-1.0,-1.0,-1.0,-1.0,-1.0,-1.0,-1.0,-1.0,-1.0,-1.0,-1.0,-1.0,-1.0,-1.0,-1.0,-1.0,-1.0,-1.0,-1.0,-1.0,-1.0,-1.0,-1.0,-1.0,-1.0,-1.0,-1.0,-1.0,-1.0,-1.0,-1.0,-1.0,-1.0,-1.0,-1.0,-1.0,-1.0,-1.0,-1.0,-1.0,-1.0,-1.0,-1.0,-1.0,-1.0,-1.0,-1.0,-1.0,-1.0,-1.0,-1.0,-1.0,-1.0,-1.0,-1.0,-1.0,-1.0,-1.0,-1.0,-1.0,-1.0,-1.0,-1.0,1.0,1.0,1.0,1.0,1.0,1.0,1.0,1.0,1.0,1.0,-1.0,-1.0,-1.0,-1.0,-1.0,-1.0,-1.0,-1.0,-1.0,-1.0,-1.0,-1.0,-1.0,-1.0,-1.0,-1.0,-1.0,-1.0,-1.0,-1.0
1.337810426714739,1.337810426714739,1.337810426714739,1.337810426714739,1.337810426714739,1.2138647118258696,1.2277327638414073,1.2224909703712485,1.2224909703712485,1.2224909703712485,1.2224909703712485,1.2224909703712485,1.2224909703712485,1.2224909703712485,1.2224909703712485,1.2224909703712485,1.2224909703712485,1.1648312421995037,1.1606122376991321,1.1606122376991321,1.1606122376991321,1.1606122376991321,1.1606122376991321,1.1606122376991321,1.1606122376991321,1.1606122376991321,1.1606122376991321,1.1606122376991321,1.1606122376991321,1.1606122376991321,1.1606122376991321,1.1606122376991321,1.1606122376991321,1.1606122376991321,1.1606122376991321,1.1606122376991321,1.1606122376991321,1.337810426714739,1.337810426714739,1.337810426714739,1.337810426714739,1.337810426714739,1.337810426714739,1.337810426714739,1.337810426714739,1.337810426714739,1.337810426714739,1.337810426714739,1.337810426714739,1.337810426714739,1.337810426714739,1.337810426714739,1.337810426714739,1.337810426714739,1.337810426714739,1.337810426714739,1.337810426714739,1.337810426714739,1.337810426714739,1.337810426714739,1.337810426714739,1.337810426714739,1.337810426714739,1.0149159489529662,0.991852057684268,0.991852057684268,0.991852057684268,0.991852057684268,0.991852057684268,0.991852057684268,0.991852057684268,1.1648312421995037,1.1515251510829472,1.1515251510829472,1.1515251510829472,1.1515251510829472,1.1515251510829472,1.1515251510829472,1.1515251510829472,1.1515251510829472,1.203271060980667,1.1953569806433686,1.1953569806433686,1.1953569806433686,1.1953569806433686,1.1953569806433686,1.1953569806433686,1.1953569806433686,1.1953569806433686,1.1953569806433686,1.337810426714739,1.337810426714739,1.337810426714739,1.337810426714739,1.0583825132670508,1.0472053967291435,1.0472053967291435,1.0472053967291435,1.0472053967291435,1.0472053967291435,1.0472053967291435,1.0472053967291435,1.0472053967291435,1.0472053967291435,1.0472053967291435,1.0472053967291435,1.0472053967291435,1.0472053967291435,1.0472053967291435,1.0472053967291435,1.0828937337449183,1.0687316952465948,1.0687316952465948,1.0687316952465948,1.0687316952465948,1.0687316952465948,1.0687316952465948,1.0687316952465948,1.0687316952465948,1.0687316952465948,1.0687316952465948,1.0687316952465948,1.2138647118258696,1.337810426714739,1.337810426714739,1.337810426714739,1.337810426714739,1.337810426714739,1.337810426714739,1.337810426714739,1.337810426714739,1.337810426714739,1.337810426714739,1.337810426714739,1.337810426714739,1.337810426714739,1.337810426714739,1.337810426714739,1.337810426714739,1.337810426714739,1.337810426714739,1.2138647118258696,1.337810426714739,1.337810426714739,1.337810426714739,1.337810426714739,1.2138647118258696,1.2138647118258696,1.2138647118258696,1.2138647118258696,1.337810426714739,1.337810426714739,1.337810426714739,1.337810426714739,1.337810426714739,1.337810426714739,0.5672667866014172,0.5672667866014172,0.5672667866014172,0.5672667866014172,0.5672667866014172,0.5672667866014172,0.5672667866014172,0.6920214711911931,0.6920214711911931,0.6920214711911931,0.6920214711911931,0.6920214711911931,0.5305742323103066,0.5305742323103066,0.5305742323103066,-0.6399182495761204,-0.80447024305087,-0.80447024305087,-0.814819425030414,-0.814819425030414,-0.1152147232132392,-0.1152147232132392,-0.007583230625981649,-0.007583230625981649,-0.47847101069523384,-0.47847101069523384,-0.6399182495761204,-0.80447024305087,-0.80447024305087,-0.814819425030414,-0.814819425030414,-0.1152147232132392,-0.1152147232132392,-0.007583230625981649,-0.007583230625981649,0.32876518370919866,0.32876518370919866,0.12695613510809048,0.12695613510809048,0.32876518370919866,0.32876518370919866,-0.3819536396251386,-0.6600991544362311,-0.6600991544362311,-0.5250423296031819,-0.5250423296031819,-0.5250423296031819,1.337810426714739,1.337810426714739,0.23703379798142207,0.23703379798142207,-0.701523117043827,-0.701523117043827,-0.701523117043827,-0.5140843722130765,-0.5140843722130765,-0.5140843722130765,-0.701523117043827,-0.6090533362606566,-0.6090533362606566,-0.6090533362606566,-0.6090533362606566,-0.6090533362606566,-0.6090533362606566,-0.6090533362606566,-0.6090533362606566,-0.701523117043827,-0.701523117043827,-0.701523117043827,-0.701523117043827,-0.701523117043827,-0.701523117043827,-0.701523117043827,-0.7379397874680871,-0.7379397874680871,-0.7379397874680871,-0.1152147232132392,-0.1152147232132392,-0.701523117043827,-0.701523117043827,-0.6675174317168252,-0.5335098421318997,-0.5335098421318997,-0.5335098421318997,0.5305742323103066,0.5305742323103066,-0.27666196209412575,0.5305742323103066,0.5305742323103066,-0.39198141843761614,-0.39198141843761614,0.7323832809114148,0.7323832809114148,-0.5335098421318997,-0.5335098421318997,0.5305742323103066,0.5305742323103066,-0.27666196209412575,0.5305742323103066,0.5305742323103066,-0.39198141843761614,-0.39198141843761614,-0.6964247831844307,-0.6964247831844307,-0.6964247831844307,0.5305742323103066,0.5305742323103066,-0.27666196209412575,0.5305742323103066,0.5305742323103066,-0.39198141843761614,-0.39198141843761614,-1.0838981564985581,-1.0838981564985581,-0.357385581534569,-0.357385581534569,-0.357385581534569,-0.47847101069523384,1.337810426714739,1.337810426714739,-0.24561441615549373,0.7323832809114148,0.7323832809114148,0.7323832809114148,0.7323832809114148,0.12695613510809048,0.12695613510809048,0.5305742323103066,0.5305742323103066,1.337810426714739,1.337810426714739,-0.423432179258568,-0.423432179258568,-0.27666196209412575,-0.27666196209412575,-0.27666196209412575,-0.34685641378146764,-0.34685641378146764,-0.27666196209412575,-0.27666196209412575,-0.27666196209412575,0.12695613510809048,0.01687847223475875,0.01687847223475875,0.01687847223475875,-0.27666196209412575,-0.27666196209412575,-0.27666196209412575,-0.47847101069523384,-0.47847101069523384,-0.27666196209412575,-0.27666196209412575,-0.27666196209412575,0.033813497292194496,0.033813497292194496,-0.3775664863946797,-0.3775664863946797,-0.27666196209412575,-0.27666196209412575,-0.27666196209412575,-0.27666196209412575,-0.27666196209412575,-0.27666196209412575,-0.27666196209412575,-0.27666196209412575,-0.23630015237390417,-0.23630015237390417,-0.27666196209412575,-0.27666196209412575,-0.27666196209412575,-0.4629472377259179,-0.4629472377259179,-0.27666196209412575,-0.27666196209412575,-0.27666196209412575,-0.3387570539713897,-0.3387570539713897,-0.6802800592963419,-0.6802800592963419,-0.6802800592963419,-0.6802800592963419,-0.7989912643558174,-0.7989912643558174,-0.7989912643558174,-0.7989912643558174,-0.27666196209412575,-0.27666196209412575,-0.27666196209412575,-0.6641353354082533,-0.6641353354082533,-0.6641353354082533,-0.7989912643558174,-0.7989912643558174,-0.7989912643558174,-0.7989912643558174,1.337810426714739,1.337810426714739,1.337810426714739,1.337810426714739,1.337810426714739,1.337810426714739,1.337810426714739,1.337810426714739,1.337810426714739,1.337810426714739,-0.39198141843761614,-0.39198141843761614,-0.814819425030414,-0.814819425030414,-0.814819425030414,-0.5073008747811064,-0.39198141843761614,-0.39198141843761614,-0.8417272981772284,-0.8417272981772284,-0.27666196209412575,-0.27666196209412575,-0.5250423296031819,-0.5250423296031819,-0.7610036787367851,-0.7610036787367851,0.12695613510809048,0.12695613510809048,-0.27666196209412575,-0.27666196209412575,-0.27666196209412575,-0.27666196209412575,0.677344449474749,0.677344449474749,0.677344449474749,0.677344449474749,-0.17575743779357167,-0.17575743779357167,-0.17575743779357167,-0.17575743779357167,-0.5073008747811064,-0.5073008747811064,-0.5073008747811064,-0.5073008747811064,-1.0838981564985581,-1.0838981564985581,-0.27666196209412575,-0.27666196209412575,-0.47847101069523384,0.4296697080097526,1.337810426714739,1.337810426714739,-0.24561441615549373,0.6651135980443788,0.6651135980443788,0.6651135980443788,0.6651135980443788,0.6651135980443788,0.6651135980443788,0.6651135980443788,0.6651135980443788,0.6651135980443788,0.6651135980443788,0.3691269934294201,0.3691269934294201,-0.3794011141092353,-0.357385581534569,-0.6802800592963419,-0.6802800592963419,-0.6802800592963419,-0.6802800592963419,-0.4318996917872858,-0.17575743779357167,-0.17575743779357167,-0.17575743779357167,-0.17575743779357167,-0.17575743779357167,-0.17575743779357167,-0.1152147232132392,-0.1152147232132392,-0.6181849674190778,-0.6802800592963419,-0.6802800592963419
1.4516825767754173,1.4516825767754173,1.4516825767754173,1.4516825767754173,1.4516825767754173,1.22154448730964,1.2466936133526054,1.2371700529046012,1.2371700529046012,1.2371700529046012,1.2371700529046012,1.2371700529046012,1.2371700529046012,1.2371700529046012,1.2371700529046012,1.2371700529046012,1.2371700529046012,1.1338378005521959,1.1263796145809324,1.1263796145809324,1.1263796145809324,1.1263796145809324,1.1263796145809324,1.1263796145809324,1.1263796145809324,1.1263796145809324,1.1263796145809324,1.1263796145809324,1.1263796145809324,1.1263796145809324,1.1263796145809324,1.1263796145809324,1.1263796145809324,1.1263796145809324,1.1263796145809324,1.1263796145809324,1.1263796145809324,1.4516825767754173,1.4516825767754173,1.4516825767754173,1.4516825767754173,1.4516825767754173,1.4516825767754173,1.4516825767754173,1.4516825767754173,1.4516825767754173,1.4516825767754173,1.4516825767754173,1.4516825767754173,1.4516825767754173,1.4516825767754173,1.4516825767754173,1.4516825767754173,1.4516825767754173,1.4516825767754173,1.4516825767754173,1.4516825767754173,1.4516825767754173,1.4516825767754173,1.4516825767754173,1.4516825767754173,1.4516825767754173,1.4516825767754173,0.8774168543349103,0.8395370818269903,0.8395370818269903,0.8395370818269903,0.8395370818269903,0.8395370818269903,0.8395370818269903,0.8395370818269903,1.1338378005521959,1.110363400029026,1.110363400029026,1.110363400029026,1.110363400029026,1.110363400029026,1.110363400029026,1.110363400029026,1.110363400029026,1.2024353014106137,1.1882172413131853,1.1882172413131853,1.1882172413131853,1.1882172413131853,1.1882172413131853,1.1882172413131853,1.1882172413131853,1.1882172413131853,1.1882172413131853,1.4516825767754173,1.4516825767754173,1.4516825767754173,1.4516825767754173,0.9499433869582212,0.9311517183632719,0.9311517183632719,0.9311517183632719,0.9311517183632719,0.9311517183632719,0.9311517183632719,0.9311517183632719,0.9311517183632719,0.9311517183632719,0.9311517183632719,0.9311517183632719,0.9311517183632719,0.9311517183632719,0.9311517183632719,0.9311517183632719,0.9914973421327474,0.9674307274952277,0.9674307274952277,0.9674307274952277,0.9674307274952277,0.9674307274952277,0.9674307274952277,0.9674307274952277,0.9674307274952277,0.9674307274952277,0.9674307274952277,0.9674307274952277,1.22154448730964,1.4516825767754173,1.4516825767754173,1.4516825767754173,1.4516825767754173,1.4516825767754173,1.4516825767754173,1.4516825767754173,1.4516825767754173,1.4516825767754173,1.4516825767754173,1.4516825767754173,1.4516825767754173,1.4516825767754173,1.4516825767754173,1.4516825767754173,1.4516825767754173,1.4516825767754173,1.4516825767754173,1.22154448730964,1.4516825767754173,1.4516825767754173,1.4516825767754173,1.4516825767754173,1.22154448730964,1.22154448730964,1.22154448730964,1.22154448730964,1.4516825767754173,1.4516825767754173,1.4516825767754173,1.4516825767754173,1.4516825767754173,1.4516825767754173,0.21698161104266347,0.21698161104266347,0.21698161104266347,0.21698161104266347,0.21698161104266347,0.21698161104266347,0.21698161104266347,0.38518909224304665,0.38518909224304665,0.38518909224304665,0.38518909224304665,0.38518909224304665,0.16983944632785655,0.16983944632785655,0.16983944632785655,-0.7780835486381147,-0.8249163321230168,-0.8249163321230168,-0.8271496551313574,-0.8271496551313574,-0.4864642364612945,-0.4864642364612945,-0.3998686116488372,-0.3998686116488372,-0.7114277058548415,-0.7114277058548415,-0.7780835486381147,-0.8249163321230168,-0.8249163321230168,-0.8271496551313574,-0.8271496551313574,-0.4864642364612945,-0.4864642364612945,-0.3998686116488372,-0.3998686116488372,-0.07050614063106092,-0.07050614063106092,-0.2788056493287897,-0.2788056493287897,-0.07050614063106092,-0.07050614063106092,-0.6617835449190298,-0.7849734554642703,-0.7849734554642703,-0.732760154401491,-0.732760154401491,-0.732760154401491,1.4516825767754173,1.4516825767754173,-0.16916038982356457,-0.16916038982356457,-0.7981119036998584,-0.7981119036998584,-0.7981119036998584,-0.727894289321231,-0.727894289321231,-0.727894289321231,-0.7981119036998584,-0.7669261908711914,-0.7669261908711914,-0.7669261908711914,-0.7669261908711914,-0.7669261908711914,-0.7669261908711914,-0.7669261908711914,-0.7669261908711914,-0.7981119036998584,-0.7981119036998584,-0.7981119036998584,-0.7981119036998584,-0.7981119036998584,-0.7981119036998584,-0.7981119036998584,-0.8085469430341592,-0.8085469430341592,-0.8085469430341592,-0.4864642364612945,-0.4864642364612945,-0.7981119036998584,-0.7981119036998584,-0.7874255594524778,-0.7364554281332082,-0.7364554281332082,-0.7364554281332082,0.16983944632785655,0.16983944632785655,-0.59926643194068,0.16983944632785655,0.16983944632785655,-0.6672825980460608,-0.6672825980460608,0.4422311115479633,0.4422311115479633,-0.7364554281332082,-0.7364554281332082,0.16983944632785655,0.16983944632785655,-0.59926643194068,0.16983944632785655,0.16983944632785655,-0.6672825980460608,-0.6672825980460608,-0.7965677265791685,-0.7965677265791685,-0.7965677265791685,0.16983944632785655,0.16983944632785655,-0.59926643194068,0.16983944632785655,0.16983944632785655,-0.6672825980460608,-0.6672825980460608,-0.8556350580301921,-0.8556350580301921,-0.6479764708976872,-0.6479764708976872,-0.6479764708976872,-0.7114277058548415,1.4516825767754173,1.4516825767754173,-0.5791665248656146,0.4422311115479633,0.4422311115479633,0.4422311115479633,0.4422311115479633,-0.2788056493287897,-0.2788056493287897,0.16983944632785655,0.16983944632785655,1.4516825767754173,1.4516825767754173,-0.6840163909785353,-0.6840163909785353,-0.59926643194068,-0.59926643194068,-0.59926643194068,-0.6419137648251356,-0.6419137648251356,-0.59926643194068,-0.59926643194068,-0.59926643194068,-0.2788056493287897,-0.3789165384422563,-0.3789165384422563,-0.3789165384422563,-0.59926643194068,-0.59926643194068,-0.59926643194068,-0.7114277058548415,-0.7114277058548415,-0.59926643194068,-0.59926643194068,-0.59926643194068,-0.3641354435153876,-0.3641354435153876,-0.6593528286804093,-0.6593528286804093,-0.59926643194068,-0.59926643194068,-0.59926643194068,-0.59926643194068,-0.59926643194068,-0.59926643194068,-0.59926643194068,-0.59926643194068,-0.5729886477665049,-0.5729886477665049,-0.59926643194068,-0.59926643194068,-0.59926643194068,-0.7039376461429069,-0.7039376461429069,-0.59926643194068,-0.59926643194068,-0.59926643194068,-0.6371907849125014,-0.6371907849125014,-0.791542901507814,-0.791542901507814,-0.791542901507814,-0.791542901507814,-0.8236998658529519,-0.8236998658529519,-0.8236998658529519,-0.8236998658529519,-0.59926643194068,-0.59926643194068,-0.59926643194068,-0.786312981535588,-0.786312981535588,-0.786312981535588,-0.8236998658529519,-0.8236998658529519,-0.8236998658529519,-0.8236998658529519,1.4516825767754173,1.4516825767754173,1.4516825767754173,1.4516825767754173,1.4516825767754173,1.4516825767754173,1.4516825767754173,1.4516825767754173,1.4516825767754173,1.4516825767754173,-0.6672825980460608,-0.6672825980460608,-0.8271496551313574,-0.8271496551313574,-0.8271496551313574,-0.7248347385967676,-0.6672825980460608,-0.6672825980460608,-0.832561881682136,-0.832561881682136,-0.59926643194068,-0.59926643194068,-0.732760154401491,-0.732760154401491,-0.8146160778558702,-0.8146160778558702,-0.2788056493287897,-0.2788056493287897,-0.59926643194068,-0.59926643194068,-0.59926643194068,-0.59926643194068,0.36476435211492375,0.36476435211492375,0.36476435211492375,0.36476435211492375,-0.5311685156356533,-0.5311685156356533,-0.5311685156356533,-0.5311685156356533,-0.7248347385967676,-0.7248347385967676,-0.7248347385967676,-0.7248347385967676,-0.8556350580301921,-0.8556350580301921,-0.59926643194068,-0.59926643194068,-0.7114277058548415,0.045660893065749136,1.4516825767754173,1.4516825767754173,-0.5791665248656146,0.34787321444557334,0.34787321444557334,0.34787321444557334,0.34787321444557334,0.34787321444557334,0.34787321444557334,0.34787321444557334,0.34787321444557334,0.34787321444557334,0.34787321444557334,-0.02500070950017269,-0.02500070950017269,-0.6603711524069736,-0.6479764708976872,-0.791542901507814,-0.791542901507814,-0.791542901507814,-0.791542901507814,-0.6883886614244601,-0.5311685156356533,-0.5311685156356533,-0.5311685156356533,-0.5311685156356533,-0.5311685156356533,-0.5311685156356533,-0.4864642364612945,-0.4864642364612945,-0.7703052638435941,-0.791542901507814,-0.791542901507814
1.4965912411460476,1.4965912411460476,1.4965912411460476,1.4965912411460476,1.4965912411460476,1.1655149884913458,1.200842605849958,1.1874396165540237,1.1874396165540237,1.1874396165540237,1.1874396165540237,1.1874396165540237,1.1874396165540237,1.1874396165540237,1.1874396165540237,1.1874396165540237,1.1874396165540237,1.0439881143023126,1.0337754452145795,1.0337754452145795,1.0337754452145795,1.0337754452145795,1.0337754452145795,1.0337754452145795,1.0337754452145795,1.0337754452145795,1.0337754452145795,1.0337754452145795,1.0337754452145795,1.0337754452145795,1.0337754452145795,1.0337754452145795,1.0337754452145795,1.0337754452145795,1.0337754452145795,1.0337754452145795,1.0337754452145795,1.4965912411460476,1.4965912411460476,1.4965912411460476,1.4965912411460476,1.4965912411460476,1.4965912411460476,1.4965912411460476,1.4965912411460476,1.4965912411460476,1.4965912411460476,1.4965912411460476,1.4965912411460476,1.4965912411460476,1.4965912411460476,1.4965912411460476,1.4965912411460476,1.4965912411460476,1.4965912411460476,1.4965912411460476,1.4965912411460476,1.4965912411460476,1.4965912411460476,1.4965912411460476,1.4965912411460476,1.4965912411460476,1.4965912411460476,0.7041157421902631,0.6559243730048503,0.6559243730048503,0.6559243730048503,0.6559243730048503,0.6559243730048503,0.6559243730048503,0.6559243730048503,1.0439881143023126,1.0119089898396139,1.0119089898396139,1.0119089898396139,1.0119089898396139,1.0119089898396139,1.0119089898396139,1.0119089898396139,1.0119089898396139,1.1388143164205797,1.119028071720763,1.119028071720763,1.119028071720763,1.119028071720763,1.119028071720763,1.119028071720763,1.119028071720763,1.119028071720763,1.119028071720763,1.4965912411460476,1.4965912411460476,1.4965912411460476,1.4965912411460476,0.7978582194732057,0.7733853662789548,0.7733853662789548,0.7733853662789548,0.7733853662789548,0.7733853662789548,0.7733853662789548,0.7733853662789548,0.7733853662789548,0.7733853662789548,0.7733853662789548,0.7733853662789548,0.7733853662789548,0.7733853662789548,0.7733853662789548,0.7733853662789548,0.8524273690759588,0.8207471265395059,0.8207471265395059,0.8207471265395059,0.8207471265395059,0.8207471265395059,0.8207471265395059,0.8207471265395059,0.8207471265395059,0.8207471265395059,0.8207471265395059,0.8207471265395059,1.1655149884913458,1.4965912411460476,1.4965912411460476,1.4965912411460476,1.4965912411460476,1.4965912411460476,1.4965912411460476,1.4965912411460476,1.4965912411460476,1.4965912411460476,1.4965912411460476,1.4965912411460476,1.4965912411460476,1.4965912411460476,1.4965912411460476,1.4965912411460476,1.4965912411460476,1.4965912411460476,1.4965912411460476,1.1655149884913458,1.4965912411460476,1.4965912411460476,1.4965912411460476,1.4965912411460476,1.1655149884913458,1.1655149884913458,1.1655149884913458,1.1655149884913458,1.4965912411460476,1.4965912411460476,1.4965912411460476,1.4965912411460476,1.4965912411460476,1.4965912411460476,-0.054223340330853964,-0.054223340330853964,-0.054223340330853964,-0.054223340330853964,-0.054223340330853964,-0.054223340330853964,-0.054223340330853964,0.12153188642140884,0.12153188642140884,0.12153188642140884,0.12153188642140884,0.12153188642140884,-0.10114161965190568,-0.10114161965190568,-0.10114161965190568,-0.7598805713186618,-0.7703833932293824,-0.7703833932293824,-0.7707567562436405,-0.7707567562436405,-0.62856164612163,-0.62856164612163,-0.5745439487772251,-0.5745439487772251,-0.7383952689010893,-0.7383952689010893,-0.7598805713186618,-0.7703833932293824,-0.7703833932293824,-0.7707567562436405,-0.7707567562436405,-0.62856164612163,-0.62856164612163,-0.5745439487772251,-0.5745439487772251,-0.32319495310162105,-0.32319495310162105,-0.49006343445140743,-0.49006343445140743,-0.32319495310162105,-0.32319495310162105,-0.7185799141423779,-0.7617029853630095,-0.7617029853630095,-0.7459684290777524,-0.7459684290777524,-0.7459684290777524,1.4965912411460476,1.4965912411460476,-0.40541151793190666,-0.40541151793190666,-0.7649337197906675,-0.7649337197906675,-0.7649337197906675,-0.7442946934233594,-0.7442946934233594,-0.7442946934233594,-0.7649337197906675,-0.7567551851655783,-0.7567551851655783,-0.7567551851655783,-0.7567551851655783,-0.7567551851655783,-0.7567551851655783,-0.7567551851655783,-0.7567551851655783,-0.7649337197906675,-0.7649337197906675,-0.7649337197906675,-0.7649337197906675,-0.7649337197906675,-0.7649337197906675,-0.7649337197906675,-0.7672518210924518,-0.7672518210924518,-0.7672518210924518,-0.62856164612163,-0.62856164612163,-0.7649337197906675,-0.7649337197906675,-0.7623308538624692,-0.7472176191428886,-0.7472176191428886,-0.7472176191428886,-0.10114161965190568,-0.10114161965190568,-0.6897800420511516,-0.10114161965190568,-0.10114161965190568,-0.720915851982307,-0.720915851982307,0.1839801161977291,0.1839801161977291,-0.7472176191428886,-0.7472176191428886,-0.10114161965190568,-0.10114161965190568,-0.6897800420511516,-0.10114161965190568,-0.10114161965190568,-0.720915851982307,-0.720915851982307,-0.7645714309067614,-0.7645714309067614,-0.7645714309067614,-0.10114161965190568,-0.10114161965190568,-0.6897800420511516,-0.10114161965190568,-0.10114161965190568,-0.720915851982307,-0.720915851982307,-0.7738712452510439,-0.7738712452510439,-0.7125687581183223,-0.7125687581183223,-0.7125687581183223,-0.7383952689010893,1.4965912411460476,1.4965912411460476,-0.679699240666185,0.1839801161977291,0.1839801161977291,0.1839801161977291,0.1839801161977291,-0.49006343445140743,-0.49006343445140743,-0.10114161965190568,-0.10114161965190568,1.4965912411460476,1.4965912411460476,-0.7278137793361517,-0.7278137793361517,-0.6897800420511516,-0.6897800420511516,-0.6897800420511516,-0.7098646180763746,-0.7098646180763746,-0.6897800420511516,-0.6897800420511516,-0.6897800420511516,-0.49006343445140743,-0.5606422363858024,-0.5606422363858024,-0.5606422363858024,-0.6897800420511516,-0.6897800420511516,-0.6897800420511516,-0.7383952689010893,-0.7383952689010893,-0.6897800420511516,-0.6897800420511516,-0.6897800420511516,-0.5506487158647116,-0.5506487158647116,-0.7175367087323661,-0.7175367087323661,-0.6897800420511516,-0.6897800420511516,-0.6897800420511516,-0.6897800420511516,-0.6897800420511516,-0.6897800420511516,-0.6897800420511516,-0.6897800420511516,-0.6765251661467686,-0.6765251661467686,-0.6897800420511516,-0.6897800420511516,-0.6897800420511516,-0.7355957772492723,-0.7355957772492723,-0.6897800420511516,-0.6897800420511516,-0.6897800420511516,-0.7077312365439825,-0.7077312365439825,-0.7633598448510573,-0.7633598448510573,-0.7633598448510573,-0.7633598448510573,-0.7701741762725832,-0.7701741762725832,-0.7701741762725832,-0.7701741762725832,-0.6897800420511516,-0.6897800420511516,-0.6897800420511516,-0.7620473493515134,-0.7620473493515134,-0.7620473493515134,-0.7701741762725832,-0.7701741762725832,-0.7701741762725832,-0.7701741762725832,1.4965912411460476,1.4965912411460476,1.4965912411460476,1.4965912411460476,1.4965912411460476,1.4965912411460476,1.4965912411460476,1.4965912411460476,1.4965912411460476,1.4965912411460476,-0.720915851982307,-0.720915851982307,-0.7707567562436405,-0.7707567562436405,-0.7707567562436405,-0.7432257630353397,-0.720915851982307,-0.720915851982307,-0.7716007827646468,-0.7716007827646468,-0.6897800420511516,-0.6897800420511516,-0.7459684290777524,-0.7459684290777524,-0.7684894082462508,-0.7684894082462508,-0.49006343445140743,-0.49006343445140743,-0.6897800420511516,-0.6897800420511516,-0.6897800420511516,-0.6897800420511516,0.09951477506098536,0.09951477506098536,0.09951477506098536,0.09951477506098536,-0.6541398250699473,-0.6541398250699473,-0.6541398250699473,-0.6541398250699473,-0.7432257630353397,-0.7432257630353397,-0.7432257630353397,-0.7432257630353397,-0.7738712452510439,-0.7738712452510439,-0.6897800420511516,-0.6897800420511516,-0.7383952689010893,-0.21955911478300397,1.4965912411460476,1.4965912411460476,-0.679699240666185,0.08144529840711971,0.08144529840711971,0.08144529840711971,0.08144529840711971,0.08144529840711971,0.08144529840711971,0.08144529840711971,0.08144529840711971,0.08144529840711971,0.08144529840711971,-0.2834513481892721,-0.2834513481892721,-0.7179745399510741,-0.7125687581183223,-0.7633598448510573,-0.7633598448510573,-0.7633598448510573,-0.7633598448510573,-0.729562606605493,-0.6541398250699473,-0.6541398250699473,-0.6541398250699473,-0.6541398250699473,-0.6541398250699473,-0.6541398250699473,-0.62856164612163,-0.62856164612163,-0.7577237821877965,-0.7633598448510573,-0.7633598448510573
1.0,-1.0,-1.0,-1.0,-1.0,-1.0,-1.0,-1.0,-1.0,-1.0,-1.0,-1.0,-1.0,-1.0,-1.0,-1.0,-1.0,-1.0,-1.0,-1.0,-1.0,-1.0,-1.0,-1.0,-1.0,-1.0,-1.0,-1.0,-1.0,-1.0,-1.0,-1.0,-1.0,-1.0,-1.0,-1.0,-1.0,-1.0,-1.0,-1.0,-1.0,-1.0,-1.0,-1.0,-1.0,-1.0,-1.0,-1.0,-1.0,-1.0,-1.0,-1.0,-1.0,-1.0,-1.0,-1.0,-1.0,-1.0,-1.0,-1.0,-1.0,-1.0,-1.0,-1.0,-1.0,-1.0,-1.0,-1.0,-1.0,-1.0,-1.0,-1.0,-1.0,-1.0,-1.0,-1.0,-1.0,-1.0,-1.0,-1.0,-1.0,-1.0,-1.0,-1.0,-1.0,-1.0,-1.0,-1.0,-1.0,-1.0,-1.0,-1.0,-1.0,-1.0,-1.0,-1.0,-1.0,-1.0,-1.0,-1.0,-1.0,-1.0,-1.0,-1.0,-1.0,-1.0,-1.0,-1.0,-1.0,-1.0,-1.0,-1.0,-1.0,-1.0,-1.0,-1.0,-1.0,-1.0,-1.0,-1.0,-1.0,-1.0,-1.0,-1.0,-1.0,-1.0,-1.0,-1.0,-1.0,-1.0,-1.0,-1.0,-1.0,-1.0,-1.0,-1.0,-1.0,-1.0,-1.0,-1.0,-1.0,-1.0,-1.0,-1.0,-1.0,-1.0,-1.0,-1.0,-1.0,-1.0,-1.0,-1.0,-1.0,-1.0,-1.0,-1.0,-1.0,-1.0,-1.0,-1.0,-1.0,-1.0,-1.0,-1.0,-1.0,-1.0,-1.0,-1.0,-1.0,-1.0,-1.0,1.0,-1.0,-1.0,-1.0,-1.0,1.0,1.0,1.0,1.0,-1.0,-1.0,1.0,-1.0,-1.0,-1.0,-1.0,1.0,1.0,1.0,1.0,-1.0,-1.0,-1.0,-1.0,-1.0,-1.0,-1.0,-1.0,-1.0,-1.0,-1.0,-1.0,-1.0,-1.0,-1.0,-1.0,-1.0,-1.0,-1.0,-1.0,-1.0,-1.0,-1.0,-1.0,-1.0,-1.0,-1.0,-1.0,-1.0,-1.0,-1.0,-1.0,-1.0,-1.0,-1.0,-1.0,-1.0,-1.0,-1.0,-1.0,-1.0,-1.0,-1.0,-1.0,-1.0,-1.0,-1.0,-1.0,-1.0,-1.0,-1.0,1.0,-1.0,-1.0,-1.0,-1.0,-1.0,-1.0,-1.0,-1.0,-1.0,-1.0,1.0,-1.0,-1.0,-1.0,-1.0,-1.0,-1.0,-1.0,-1.0,-1.0,1.0,-1.0,-1.0,-1.0,-1.0,-1.0,-1.0,-1.0,-1.0,-1.0,1.0,-1.0,-1.0,1.0,-1.0,-1.0,-1.0,-1.0,-1.0,-1.0,-1.0,-1.0,-1.0,-1.0,-1.0,-1.0,-1.0,-1.0,-1.0,-1.0,-1.0,-1.0,-1.0,-1.0,-1.0,-1.0,-1.0,-1.0,-1.0,-1.0,-1.0,-1.0,-1.0,-1.0,-1.0,-1.0,-1.0,-1.0,-1.0,-1.0,-1.0,-1.0,-1.0,-1.0,-1.0,-1.0,-1.0,-1.0,-1.0,-1.0,-1.0,-1.0,-1.0,-1.0,-1.0,-1.0,-1.0,-1.0,-1.0,-1.0,-1.0,-1.0,-1.0,-1.0,-1.0,-1.0,-1.0,-1.0,-1.0,-1.0,-1.0,-1.0,-1.0,-1.0,-1.0,-1.0,-1.0,-1.0,-1.0,-1.0,-1.0,-1.0,-1.0,-1.0,-1.0,-1.0,-1.0,-1.0,1.0,1.0,-1.0,-1.0,-1.0,-1.0,-1.0,-1.0,-1.0,-1.0,-1.0,-1.0,-1.0,-1.0,-1.0,-1.0,-1.0,-1.0,-1.0,-1.0,-1.0,-1.0,-1.0,-1.0,-1.0,-1.0,-1.0,-1.0,-1.0,-1.0,-1.0,-1.0,-1.0,-1.0,-1.0,-1.0,-1.0,-1.0,1.0,1.0,-1.0,-1.0,1.0,-1.0,-1.0,-1.0,-1.0,-1.0,-1.0,-1.0,-1.0,-1.0,-1.0,-1.0,-1.0,1.0,-1.0,-1.0,-1.0,-1.0,-1.0,1.0,1.0,1.0,1.0,1.0,1.0,1.0,-1.0,-1.0,-1.0,-1.0,-1.0
-1.0,-1.0,-1.0,-1.0,-1.0,-1.0,-1.0,-1.0,-1.0,-1.0,-1.0,-1.0,-1.0,-1.0,-1.0,-1.0,-1.0,-1.0,-1.0,-1.0,-1.0,-1.0,-1.0,-1.0,-1.0,-1.0,-1.0,-1.0,-1.0,-1.0,-1.0,-1.0,-1.0,-1.0,-1.0,-1.0,-1.0,-1.0,-1.0,-1.0,-1.0,-1.0,-1.0,-1.0,-1.0,-1.0,-1.0,-1.0,-1.0,-1.0,-1.0,-1.0,-1.0,-1.0,-1.0,-1.0,-1.0,-1.0,-1.0,-1.0,-1.0,-1.0,-1.0,-1.0,-1.0,-1.0,-1.0,-1.0,-1.0,-1.0,-1.0,-1.0,-1.0,-1.0,-1.0,-1.0,-1.0,-1.0,-1.0,-1.0,-1.0,-1.0,-1.0,-1.0,-1.0,-1.0,-1.0,-1.0,-1.0,-1.0,-1.0,-1.0,-1.0,-1.0,-1.0,-1.0,-1.0,-1.0,-1.0,-1.0,-1.0,-1.0,-1.0,-1.0,-1.0,-1.0,-1.0,-1.0,-1.0,-1.0,-1.0,-1.0,-1.0,-1.0,-1.0,-1.0,-1.0,-1.0,-1.0,-1.0,-1.0,-1.0,-1.0,-1.0,-1.0,-1.0,-1.0,-1.0,-1.0,-1.0,-1.0,-1.0,-1.0,-1.0,-1.0,-1.0,-1.0,-1.0,-1.0,-1.0,-1.0,-1.0,-1.0,-1.0,-1.0,-1.0,-1.0,-1.0,-1.0,-1.0,-1.0,-1.0,-1.0,-1.0,-1.0,-1.0,-1.0,-1.0,-1.0,-1.0,-1.0,-1.0,-1.0,-1.0,-1.0,-1.0,-1.0,-1.0,-1.0,-1.0,-1.0,-1.0,-1.0,-1.0,-1.0,-1.0,-1.0,-1.0,-1.0,-1.0,-1.0,-1.0,-1.0,-1.0,-1.0,-1.0,-1.0,-1.0,-1.0,-1.0,-1.0,-1.0,-1.0,-1.0,-1.0,-1.0,-1.0,-1.0,-1.0,-1.0,-1.0,-1.0,-1.0,-1.0,-1.0,-1.0,-1.0,-1.0,-1.0,-1.0,-1.0,-1.0,-1.0,-1.0,-1.0,-1.0,-1.0,-1.0,-1.0,-1.0,-1.0,-1.0,-1.0,-1.0,-1.0,-1.0,-1.0,-1.0,-1.0,-1.0,-1.0,-1.0,-1.0,-1.0,-1.0,-1.0,-1.0,-1.0,-1.0,-1.0,-1.0,-1.0,-1.0,-1.0,-1.0,-1.0,-1.0,-1.0,-1.0,-1.0,-1.0,-1.0,-1.0,-1.0,-1.0,-1.0,-1.0,-1.0,-1.0,-1.0,-1.0,-1.0,-1.0,-1.0,-1.0,-1.0,-1.0,-1.0,-1.0,-1.0,-1.0,-1.0,-1.0,-1.0,-1.0,-1.0,-1.0,-1.0,-1.0,-1.0,-1.0,-1.0,-1.0,-1.0,-1.0,-1.0,-1.0,-1.0,-1.0,-1.0,-1.0,-1.0,-1.0,-1.0,-1.0,-1.0,-1.0,-1.0,-1.0,-1.0,-1.0,-1.0,-1.0,-1.0,-1.0,-1.0,-1.0,-1.0,-1.0,-1.0,-1.0,-1.0,-1.0,-1.0,-1.0,-1.0,-1.0,-1.0,-1.0,-1.0,-1.0,-1.0,-1.0,-1.0,-1.0,-1.0,-1.0,-1.0,-1.0,-1.0,-1.0,-1.0,-1.0,-1.0,-1.0,-1.0,-1.0,-1.0,-1.0,-1.0,-1.0,-1.0,-1.0,-1.0,-1.0,-1.0,-1.0,-1.0,-1.0,-1.0,-1.0,-1.0,-1.0,-1.0,-1.0,-1.0,-1.0,-1.0,-1.0,-1.0,-1.0,-1.0,-1.0,-1.0,-1.0,-1.0,-1.0,-1.0,-1.0,-1.0,-1.0,-1.0,-1.0,-1.0,-1.0,-1.0,-1.0,-1.0,-1.0,-1.0,-1.0,-1.0,-1.0,-1.0,-1.0,-1.0,-1.0,-1.0,-1.0,-1.0,-1.0,-1.0,-1.0,-1.0,-1.0,-1.0,-1.0,-1.0,-1.0,-1.0,-1.0,-1.0,-1.0,-1.0,-1.0,-1.0,-1.0,-1.0,-1.0,-1.0,-1.0,-1.0,-1.0,-1.0,-1.0,-1.0,-1.0,-1.0,-1.0,-1.0,-1.0,-1.0,-1.0,-1.0,-1.0,-1.0,-1.0,-1.0,-1.0,-1.0,-1.0,-1.0,-1.0,-1.0
1.0,1.0,1.0,1.0,1.0,1.0,-1.0,-1.0,-1.0,-1.0,-1.0,-1.0,-1.0,-1.0,-1.0,-1.0,-1.0,-1.0,-1.0,-1.0,-1.0,-1.0,-1.0,-1.0,-1.0,-1.0,-1.0,-1.0,-1.0,-1.0,-1.0,-1.0,-1.0,-1.0,-1.0,-1.0,-1.0,-1.0,-1.0,-1.0,-1.0,-1.0,-1.0,-1.0,-1.0,-1.0,-1.0,-1.0,-1.0,-1.0,-1.0,-1.0,-1.0,-1.0,-1.0,-1.0,-1.0,-1.0,-1.0,-1.0,-1.0,-1.0,-1.0,-1.0,-1.0,-1.0,-1.0,-1.0,-1.0,-1.0,-1.0,-1.0,-1.0,-1.0,-1.0,-1.0,-1.0,-1.0,-1.0,-1.0,-1.0,-1.0,-1.0,-1.0,-1.0,-1.0,-1.0,-1.0,-1.0,-1.0,-1.0,-1.0,-1.0,-1.0,-1.0,-1.0,-1.0,-1.0,-1.0,-1.0,-1.0,-1.0,-1.0,-1.0,-1.0,-1.0,-1.0,-1.0,-1.0,-1.0,-1.0,-1.0,-1.0,-1.0,-1.0,-1.0,-1.0,-1.0,-1.0,-1.0,-1.0,-1.0,1.0,-1.0,-1.0,-1.0,-1.0,-1.0,-1.0,-1.0,-1.0,-1.0,-1.0,-1.0,-1.0,-1.0,-1.0,-1.0,-1.0,-1.0,-1.0,1.0,-1.0,-1.0,-1.0,-1.0,1.0,1.0,1.0,1.0,-1.0,-1.0,-1.0,-1.0,-1.0,-1.0,-1.0,-1.0,-1.0,-1.0,-1.0,-1.0,-1.0,1.0,1.0,1.0,1.0,1.0,1.0,1.0,1.0,1.0,1.0,1.0,1.0,1.0,1.0,1.0,1.0,1.0,1.0,1.0,1.0,1.0,1.0,1.0,1.0,1.0,1.0,1.0,1.0,1.0,1.0,1.0,1.0,1.0,1.0,1.0,1.0,1.0,1.0,1.0,1.0,-1.0,-1.0,1.0,1.0,-1.0,-1.0,-1.0,-1.0,-1.0,-1.0,-1.0,-1.0,-1.0,-1.0,-1.0,-1.0,-1.0,-1.0,-1.0,-1.0,-1.0,-1.0,-1.0,-1.0,-1.0,-1.0,-1.0,-1.0,-1.0,-1.0,-1.0,-1.0,-1.0,1.0,1.0,1.0,1.0,1.0,1.0,1.0,1.0,1.0,1.0,1.0,-1.0,-1.0,1.0,1.0,1.0,1.0,1.0,1.0,1.0,1.0,1.0,1.0,1.0,1.0,1.0,1.0,1.0,1.0,1.0,1.0,1.0,1.0,1.0,-1.0,-1.0,-1.0,1.0,1.0,1.0,1.0,-1.0,-1.0,-1.0,-1.0,1.0,1.0,1.0,1.0,1.0,1.0,1.0,1.0,-1.0,-1.0,-1.0,1.0,1.0,-1.0,-1.0,-1.0,1.0,-1.0,-1.0,-1.0,-1.0,-1.0,-1.0,1.0,1.0,-1.0,-1.0,-1.0,1.0,1.0,1.0,1.0,-1.0,-1.0,-1.0,1.0,1.0,-1.0,-1.0,-1.0,1.0,1.0,-1.0,-1.0,-1.0,1.0,1.0,-1.0,-1.0,-1.0,1.0,1.0,1.0,1.0,1.0,1.0,-1.0,-1.0,-1.0,-1.0,-1.0,-1.0,-1.0,1.0,1.0,1.0,1.0,1.0,1.0,1.0,1.0,1.0,1.0,1.0,1.0,1.0,1.0,1.0,1.0,1.0,1.0,1.0,1.0,1.0,1.0,1.0,-1.0,-1.0,-1.0,-1.0,-1.0,-1.0,-1.0,-1.0,-1.0,-1.0,1.0,1.0,1.0,1.0,1.0,1.0,1.0,1.0,1.0,1.0,1.0,1.0,1.0,1.0,1.0,1.0,1.0,1.0,1.0,1.0,-1.0,-1.0,1.0,1.0,1.0,1.0,1.0,1.0,1.0,1.0,1.0,1.0,1.0,1.0,1.0,1.0,1.0,1.0,1.0,1.0,1.0,-1.0,-1.0,-1.0,-1.0,1.0,1.0,1.0,1.0,1.0,1.0,1.0,1.0,1.0,1.0,1.0,1.0
-1.0,-1.0,-1.0,-1.0,-1.0,-1.0,-1.0,-1.0,-1.0,-1.0,-1.0,-1.0,-1.0,-1.0,-1.0,-1.0,-1.0,-1.0,-1.0,-1.0,-1.0,-1.0,-1.0,-1.0,-1.0,-1.0,-1.0,-1.0,-1.0,-1.0,-1.0,-1.0,-1.0,-1.0,-1.0,-1.0,-1.0,-1.0,-1.0,-1.0,-1.0,-1.0,-1.0,-1.0,-1.0,-1.0,-1.0,-1.0,-1.0,-1.0,-1.0,-1.0,-1.0,-1.0,-1.0,-1.0,-1.0,-1.0,-1.0,-1.0,-1.0,-1.0,-1.0,-1.0,-1.0,-1.0,-1.0,-1.0,-1.0,-1.0,-1.0,-1.0,-1.0,-1.0,-1.0,-1.0,-1.0,-1.0,-1.0,-1.0,-1.0,-1.0,-1.0,-1.0,-1.0,-1.0,-1.0,-1.0,-1.0,-1.0,-1.0,-1.0,-1.0,-1.0,-1.0,-1.0,-1.0,-1.0,-1.0,-1.0,-1.0,-1.0,-1.0,-1.0,-1.0,-1.0,-1.0,-1.0,-1.0,-1.0,-1.0,-1.0,-1.0,-1.0,-1.0,-1.0,-1.0,-1.0,-1.0,-1.0,-1.0,-1.0,-1.0,-1.0,-1.0,-1.0,-1.0,-1.0,-1.0,-1.0,-1.0,-1.0,-1.0,-1.0,-1.0,-1.0,-1.0,-1.0,-1.0,-1.0,-1.0,-1.0,-1.0,-1.0,-1.0,-1.0,-1.0,-1.0,-1.0,-1.0,-1.0,-1.0,-1.0,-1.0,-1.0,-1.0,-1.0,-1.0,-1.0,-1.0,-1.0,-1.0,-1.0,-1.0,-1.0,-1.0,-1.0,-1.0,-1.0,-1.0,-1.0,-1.0,-1.0,-1.0,-1.0,-1.0,-1.0,-1.0,-1.0,-1.0,-1.0,-1.0,-1.0,-1.0,-1.0,-1.0,-1.0,-1.0,-1.0,-1.0,-1.0,-1.0,-1.0,-1.0,-1.0,-1.0,-1.0,-1.0,-1.0,-1.0,-1.0,-1.0,-1.0,-1.0,-1.0,-1.0,-1.0,-1.0,-1.0,-1.0,1.0,1.0,1.0,-1.0,1.0,1.0,1.0,1.0,1.0,1.0,1.0,1.0,-1.0,-1.0,-1.0,-1.0,-1.0,-1.0,-1.0,1.0,1.0,1.0,1.0,1.0,-1.0,-1.0,-1.0,-1.0,-1.0,-1.0,-1.0,-1.0,-1.0,-1.0,-1.0,-1.0,-1.0,1.0,1.0,-1.0,-1.0,-1.0,-1.0,-1.0,-1.0,-1.0,-1.0,-1.0,-1.0,-1.0,-1.0,-1.0,-1.0,-1.0,-1.0,-1.0,-1.0,-1.0,-1.0,-1.0,1.0,1.0,1.0,-1.0,-1.0,-1.0,-1.0,-1.0,-1.0,-1.0,-1.0,-1.0,-1.0,-1.0,-1.0,-1.0,-1.0,-1.0,-1.0,1.0,1.0,1.0,-1.0,-1.0,1.0,1.0,1.0,-1.0,1.0,1.0,1.0,1.0,1.0,1.0,-1.0,-1.0,1.0,1.0,1.0,-1.0,-1.0,-1.0,-1.0,1.0,1.0,1.0,-1.0,-1.0,1.0,1.0,1.0,-1.0,-1.0,1.0,1.0,1.0,-1.0,-1.0,1.0,1.0,1.0,-1.0,-1.0,-1.0,-1.0,-1.0,-1.0,1.0,1.0,1.0,1.0,1.0,1.0,1.0,-1.0,-1.0,-1.0,-1.0,-1.0,-1.0,-1.0,-1.0,-1.0,-1.0,-1.0,-1.0,-1.0,-1.0,-1.0,-1.0,-1.0,-1.0,-1.0,-1.0,-1.0,-1.0,-1.0,-1.0,-1.0,-1.0,-1.0,-1.0,-1.0,-1.0,-1.0,-1.0,-1.0,-1.0,-1.0,-1.0,-1.0,-1.0,-1.0,-1.0,-1.0,-1.0,-1.0,-1.0,-1.0,-1.0,-1.0,-1.0,-1.0,-1.0,-1.0,-1.0,-1.0,1.0,1.0,-1.0,-1.0,-1.0,-1.0,-1.0,-1.0,-1.0,-1.0,-1.0,-1.0,-1.0,-1.0,-1.0,-1.0,-1.0,-1.0,-1.0,-1.0,-1.0,-1.0,-1.0,-1.0,-1.0,-1.0,-1.0,-1.0,-1.0,-1.0,-1.0,-1.0,-1.0,-1.0,-1.0,-1.0,-1.0
-1.0,-1.0,-1.0,-1.0,-1.0,-1.0,-1.0,-1.0,-1.0,-1.0,-1.0,-1.0,-1.0,-1.0,-1.0,-1.0,-1.0,-1.0,-1.0,-1.0,-1.0,-1.0,-1.0,-1.0,-1.0,-1.0,-1.0,-1.0,-1.0,-1.0,-1.0,-1.0,-1.0,-1.0,-1.0,-1.0,-1.0,-1.0,-1.0,-1.0,-1.0,-1.0,-1.0,-1.0,-1.0,-1.0,-1.0,-1.0,-1.0,-1.0,-1.0,-1.0,-1.0,-1.0,-1.0,-1.0,-1.0,-1.0,-1.0,-1.0,-1.0,-1.0,-1.0,-1.0,-1.0,-1.0,-1.0,-1.0,-1.0,-1.0,-1.0,-1.0,-1.0,-1.0,-1.0,-1.0,-1.0,-1.0,-1.0,-1.0,-1.0,-1.0,-1.0,-1.0,-1.0,-1.0,-1.0,-1.0,-1.0,-1.0,-1.0,-1.0,-1.0,-1.0,-1.0,-1.0,-1.0,-1.0,-1.0,-1.0,-1.0,-1.0,-1.0,-1.0,-1.0,-1.0,-1.0,-1.0,-1.0,-1.0,-1.0,-1.0,-1.0,-1.0,-1.0,-1.0,-1.0,-1.0,-1.0,-1.0,-1.0,-1.0,-1.0,-1.0,-1.0,-1.0,-1.0,-1.0,-1.0,-1.0,-1.0,-1.0,-1.0,-1.0,-1.0,-1.0,-1.0,-1.0,-1.0,-1.0,-1.0,-1.0,-1.0,-1.0,-1.0,-1.0,-1.0,-1.0,-1.0,-1.0,-1.0,-1.0,-1.0,-1.0,-1.0,-1.0,-1.0,-1.0,-1.0,-1.0,-1.0,-1.0,-1.0,-1.0,-1.0,-1.0,-1.0,-1.0,-1.0,-1.0,-1.0,-1.0,-1.0,-1.0,-1.0,-1.0,-1.0,-1.0,-1.0,-1.0,-1.0,-1.0,-1.0,-1.0,-1.0,-1.0,-1.0,-1.0,-1.0,-1.0,-1.0,-1.0,-1.0,-1.0,-1.0,-1.0,-1.0,-1.0,-1.0,-1.0,-1.0,-1.0,-1.0,-1.0,-1.0,-1.0,-1.0,-1.0,-1.0,-1.0,-1.0,-1.0,-1.0,-1.0,-1.0,-1.0,-1.0,-1.0,-1.0,-1.0,-1.0,-1.0,-1.0,-1.0,-1.0,-1.0,-1.0,-1.0,-1.0,-1.0,-1.0,-1.0,-1.0,-1.0,-1.0,-1.0,-1.0,-1.0,-1.0,-1.0,-1.0,-1.0,-1.0,-1.0,-1.0,-1.0,-1.0,-1.0,-1.0,-1.0,-1.0,-1.0,-1.0,-1.0,-1.0,-1.0,-1.0,-1.0,-1.0,-1.0,-1.0,-1.0,-1.0,-1.0,-1.0,-1.0,-1.0,-1.0,-1.0,-1.0,-1.0,-1.0,-1.0,-1.0,-1.0,-1.0,-1.0,-1.0,-1.0,-1.0,-1.0,-1.0,-1.0,-1.0,-1.0,-1.0,-1.0,-1.0,-1.0,-1.0,-1.0,-1.0,-1.0,-1.0,-1.0,-1.0,-1.0,-1.0,-1.0,-1.0,-1.0,-1.0,-1.0,-1.0,-1.0,-1.0,-1.0,-1.0,-1.0,-1.0,-1.0,-1.0,-1.0,-1.0,-1.0,-1.0,-1.0,-1.0,-1.0,-1.0,-1.0,-1.0,-1.0,-1.0,-1.0,-1.0,-1.0,-1.0,-1.0,-1.0,-1.0,-1.0,-1.0,-1.0,-1.0,-1.0,-1.0,-1.0,-1.0,-1.0,-1.0,-1.0,-1.0,-1.0,-1.0,-1.0,-1.0,-1.0,-1.0,-1.0,-1.0,-1.0,-1.0,-1.0,-1.0,-1.0,-1.0,-1.0,-1.0,-1.0,-1.0,-1.0,-1.0,-1.0,-1.0,-1.0,-1.0,-1.0,-1.0,-1.0,-1.0,-1.0,-1.0,-1.0,-1.0,-1.0,-1.0,-1.0,-1.0,-1.0,-1.0,-1.0,-1.0,-1.0,-1.0,-1.0,-1.0,-1.0,-1.0,-1.0,-1.0,-1.0,-1.0,-1.0,-1.0,-1.0,-1.0,-1.0,-1.0,-1.0,-1.0,-1.0,-1.0,-1.0,-1.0,-1.0,-1.0,-1.0,-1.0,-1.0,-1.0,-1.0,-1.0,-1.0,-1.0,-1.0,-1.0,-1.0,-1.0,-1.0,-1.0,-1.0,-1.0,-1.0,-1.0,-1.0,-1.0,-1.0,-1.0,-1.0,-1.0,-1.0,-1.0,-1.0
-1.0,-1.0,-1.0,-1.0,-1.0,-1.0,-1.0,-1.0,-1.0,-1.0,-1.0,-1.0,-1.0,-1.0,-1.0,-1.0,-1.0,-1.0,-1.0,-1.0,-1.0,-1.0,-1.0,-1.0,-1.0,-1.0,-1.0,-1.0,-1.0,-1.0,-1.0,-1.0,-1.0,-1.0,-1.0,-1.0,-1.0,-1.0,-1.0,-1.0,-1.0,-1.0,-1.0,-1.0,-1.0,-1.0,-1.0,-1.0,-1.0,-1.0,-1.0,-1.0,-1.0,-1.0,-1.0,-1.0,-1.0,-1.0,-1.0,-1.0,-1.0,-1.0,-1.0,-1.0,-1.0,-1.0,-1.0,-1.0,-1.0,-1.0,-1.0,-1.0,-1.0,-1.0,-1.0,-1.0,-1.0,-1.0,-1.0,-1.0,-1.0,-1.0,-1.0,-1.0,-1.0,-1.0,-1.0,-1.0,-1.0,-1.0,-1.0,-1.0,-1.0,-1.0,-1.0,-1.0,-1.0,-1.0,-1.0,-1.0,-1.0,-1.0,-1.0,-1.0,-1.0,-1.0,-1.0,-1.0,-1.0,-1.0,-1.0,-1.0,-1.0,-1.0,-1.0,-1.0,-1.0,-1.0,-1.0,-1.0,-1.0,-1.0,-1.0,-1.0,-1.0,-1.0,-1.0,-1.0,-1.0,-1.0,-1.0,-1.0,-1.0,-1.0,-1.0,-1.0,-1.0,-1.0,-1.0,-1.0,-1.0,-1.0,-1.0,-1.0,-1.0,-1.0,-1.0,-1.0,-1.0,-1.0,-1.0,-1.0,-1.0,-1.0,-1.0,-1.0,-1.0,-1.0,-1.0,-1.0,-1.0,-1.0,-1.0,-1.0,-1.0,-1.0,-1.0,-1.0,-1.0,-1.0,-1.0,-1.0,-1.0,-1.0,-1.0,-1.0,-1.0,-1.0,-1.0,-1.0,-1.0,-1.0,-1.0,-1.0,-1.0,-1.0,-1.0,-1.0,-1.0,-1.0,-1.0,-1.0,-1.0,-1.0,-1.0,-1.0,-1.0,-1.0,-1.0,-1.0,-1.0,-1.0,-1.0,-1.0,-1.0,-1.0,-1.0,-1.0,-1.0,-1.0,-1.0,-1.0,-1.0,-1.0,-1.0,-1.0,-1.0,-1.0,-1.0,-1.0,-1.0,-1.0,-1.0,-1.0,-1.0,-1.0,-1.0,-1.0,-1.0,-1.0,-1.0,-1.0,-1.0,-1.0,-1.0,-1.0,-1.0,-1.0,-1.0,-1.0,-1.0,-1.0,-1.0,-1.0,-1.0,-1.0,-1.0,-1.0,-1.0,-1.0,-1.0,-1.0,-1.0,-1.0,-1.0,-1.0,-1.0,-1.0,-1.0,-1.0,-1.0,-1.0,-1.0,-1.0,-1.0,-1.0,-1.0,-1.0,-1.0,-1.0,-1.0,-1.0,-1.0,-1.0,-1.0,-1.0,-1.0,-1.0,-1.0,-1.0,-1.0,-1.0,-1.0,-1.0,-1.0,-1.0,-1.0,-1.0,-1.0,-1.0,-1.0,-1.0,-1.0,-1.0,-1.0,-1.0,-1.0,-1.0,-1.0,-1.0,-1.0,-1.0,-1.0,-1.0,-1.0,-1.0,-1.0,-1.0,-1.0,-1.0,-1.0,-1.0,-1.0,-1.0,-1.0,-1.0,-1.0,-1.0,-1.0,-1.0,-1.0,-1.0,-1.0,-1.0,-1.0,-1.0,-1.0,-1.0,-1.0,-1.0,-1.0,-1.0,-1.0,-1.0,-1.0,-1.0,-1.0,-1.0,-1.0,-1.0,-1.0,-1.0,-1.0,-1.0,-1.0,-1.0,-1.0,-1.0,-1.0,-1.0,-1.0,-1.0,-1.0,-1.0,-1.0,-1.0,-1.0,-1.0,-1.0,-1.0,-1.0,-1.0,-1.0,-1.0,-1.0,-1.0,-1.0,-1.0,-1.0,-1.0,-1.0,-1.0,-1.0,-1.0,-1.0,-1.0,-1.0,-1.0,-1.0,-1.0,-1.0,-1.0,-1.0,-1.0,-1.0,-1.0,-1.0,-1.0,-1.0,-1.0,-1.0,-1.0,-1.0,-1.0,-1.0,-1.0,-1.0,-1.0,-1.0,-1.0,-1.0,-1.0,-1.0,-1.0,-1.0,-1.0,-1.0,-1.0,-1.0,-1.0,-1.0,-1.0,-1.0,-1.0,-1.0,-1.0,-1.0,-1.0,-1.0,-1.0,-1.0,-1.0,-1.0,-1.0,-1.0,-1.0,-1.0,-1.0,-1.0,-1.0,-1.0,-1.0,-1.0,-1.0
-1.0,-1.0,-1.0,-1.0,-1.0,-1.0,-1.0,-1.0,-1.0,-1.0,-1.0,-1.0,-1.0,-1.0,-1.0,-1.0,-1.0,-1.0,-1.0,-1.0,-1.0,-1.0,-1.0,-1.0,-1.0,-1.0,-1.0,-1.0,-1.0,-1.0,-1.0,-1.0,-1.0,-1.0,-1.0,-1.0,-1.0,-1.0,-1.0,-1.0,-1.0,-1.0,-1.0,-1.0,-1.0,-1.0,-1.0,-1.0,-1.0,-1.0,-1.0,-1.0,-1.0,-1.0,-1.0,-1.0,-1.0,-1.0,-1.0,-1.0,-1.0,-1.0,-1.0,-1.0,-1.0,-1.0,-1.0,-1.0,-1.0,-1.0,-1.0,-1.0,-1.0,-1.0,-1.0,-1.0,-1.0,-1.0,-1.0,-1.0,-1.0,-1.0,-1.0,-1.0,-1.0,-1.0,-1.0,-1.0,-1.0,-1.0,-1.0,-1.0,-1.0,-1.0,-1.0,-1.0,-1.0,-1.0,-1.0,-1.0,-1.0,-1.0,-1.0,-1.0,-1.0,-1.0,-1.0,-1.0,-1.0,-1.0,-1.0,-1.0,-1.0,-1.0,-1.0,-1.0,-1.0,-1.0,-1.0,-1.0,-1.0,-1.0,-1.0,-1.0,-1.0,-1.0,-1.0,-1.0,-1.0,-1.0,-1.0,-1.0,-1.0,-1.0,-1.0,-1.0,-1.0,-1.0,-1.0,-1.0,-1.0,-1.0,-1.0,-1.0,-1.0,-1.0,-1.0,-1.0,-1.0,-1.0,-1.0,-1.0,-1.0,-1.0,-1.0,-1.0,-1.0,-1.0,-1.0,-1.0,-1.0,-1.0,-1.0,-1.0,-1.0,-1.0,-1.0,-1.0,-1.0,-1.0,-1.0,-1.0,-1.0,-1.0,-1.0,-1.0,-1.0,-1.0,-1.0,-1.0,-1.0,-1.0,-1.0,-1.0,-1.0,-1.0,-1.0,-1.0,-1.0,-1.0,-1.0,-1.0,-1.0,-1.0,-1.0,-1.0,-1.0,-1.0,-1.0,-1.0,-1.0,-1.0,-1.0,-1.0,-1.0,-1.0,-1.0,-1.0,-1.0,-1.0,-1.0,-1.0,-1.0,-1.0,-1.0,-1.0,-1.0,-1.0,-1.0,-1.0,-1.0,-1.0,-1.0,-1.0,-1.0,-1.0,-1.0,-1.0,-1.0,-1.0,-1.0,-1.0,-1.0,-1.0,-1.0,-1.0,-1.0,-1.0,-1.0,-1.0,-1.0,-1.0,-1.0,-1.0,-1.0,-1.0,-1.0,-1.0,-1.0,-1.0,-1.0,-1.0,-1.0,-1.0,-1.0,-1.0,-1.0,-1.0,-1.0,-1.0,-1.0,-1.0,-1.0,-1.0,-1.0,-1.0,-1.0,-1.0,-1.0,-1.0,-1.0,-1.0,-1.0,-1.0,-1.0,-1.0,-1.0,-1.0,-1.0,-1.0,-1.0,-1.0,-1.0,-1.0,-1.0,-1.0,-1.0,-1.0,-1.0,-1.0,-1.0,-1.0,-1.0,-1.0,-1.0,-1.0,-1.0,-1.0,-1.0,-1.0,-1.0,-1.0,-1.0,-1.0,-1.0,-1.0,-1.0,-1.0,-1.0,-1.0,-1.0,-1.0,-1.0,-1.0,-1.0,-1.0,-1.0,-1.0,-1.0,-1.0,-1.0,-1.0,-1.0,-1.0,-1.0,-1.0,-1.0,-1.0,-1.0,-1.0,-1.0,-1.0,-1.0,-1.0,-1.0,-1.0,-1.0,-1.0,-1.0,-1.0,-1.0,-1.0,-1.0,-1.0,-1.0,-1.0,-1.0,-1.0,-1.0,-1.0,-1.0,-1.0,-1.0,-1.0,-1.0,-1.0,-1.0,-1.0,-1.0,-1.0,-1.0,-1.0,-1.0,-1.0,-1.0,-1.0,-1.0,-1.0,-1.0,-1.0,-1.0,-1.0,-1.0,-1.0,-1.0,-1.0,-1.0,-1.0,-1.0,-1.0,-1.0,-1.0,-1.0,-1.0,-1.0,-1.0,-1.0,-1.0,-1.0,-1.0,-1.0,-1.0,-1.0,-1.0,-1.0,-1.0,-1.0,-1.0,-1.0,-1.0,-1.0,-1.0,-1.0,-1.0,-1.0,-1.0,-1.0,-1.0,-1.0,-1.0,-1.0,-1.0,-1.0,-1.0,-1.0,-1.0,-1.0,-1.0,-1.0,-1.0,-1.0,-1.0,-1.0,-1.0,-1.0,-1.0,-1.0,-1.0,-1.0,-1.0,-1.0,-1.0,-1.0,-1.0
-1.0,1.0,1.0,1.0,1.0,1.0,-1.0,1.0,1.0,1.0,1.0,1.0,1.0,1.0,1.0,1.0,1.0,-1.0,1.0,1.0,1.0,1.0,1.0,1.0,1.0,1.0,1.0,1.0,1.0,1.0,1.0,1.0,1.0,1.0,1.0,1.0,1.0,-1.0,1.0,1.0,1.0,1.0,1.0,1.0,1.0,1.0,1.0,1.0,1.0,1.0,1.0,1.0,1.0,1.0,-1.0,1.0,1.0,1.0,1.0,1.0,1.0,1.0,1.0,-1.0,1.0,1.0,1.0,1.0,1.0,1.0,1.0,-1.0,1.0,1.0,1.0,1.0,1.0,1.0,1.0,1.0,-1.0,1.0,1.0,1.0,1.0,1.0,1.0,1.0,1.0,1.0,-1.0,1.0,1.0,1.0,-1.0,1.0,1.0,1.0,1.0,1.0,1.0,1.0,1.0,1.0,1.0,1.0,1.0,1.0,1.0,1.0,-1.0,1.0,1.0,1.0,1.0,1.0,1.0,1.0,1.0,1.0,1.0,1.0,1.0,-1.0,1.0,1.0,1.0,1.0,1.0,1.0,1.0,1.0,1.0,1.0,1.0,1.0,1.0,-1.0,-1.0,-1.0,-1.0,1.0,-1.0,1.0,1.0,1.0,1.0,1.0,1.0,1.0,-1.0,1.0,1.0,1.0,1.0,1.0,1.0,1.0,1.0,1.0,1.0,1.0,1.0,-1.0,-1.0,-1.0,-1.0,-1.0,-1.0,-1.0,-1.0,-1.0,-1.0,-1.0,-1.0,-1.0,-1.0,-1.0,-1.0,-1.0,-1.0,-1.0,-1.0,-1.0,-1.0,-1.0,-1.0,-1.0,-1.0,-1.0,-1.0,-1.0,-1.0,-1.0,-1.0,-1.0,-1.0,-1.0,-1.0,-1.0,-1.0,-1.0,-1.0,-1.0,-1.0,-1.0,-1.0,-1.0,-1.0,-1.0,-1.0,-1.0,-1.0,-1.0,-1.0,-1.0,-1.0,-1.0,-1.0,-1.0,-1.0,-1.0,-1.0,-1.0,-1.0,-1.0,-1.0,-1.0,-1.0,-1.0,-1.0,-1.0,-1.0,-1.0,-1.0,-1.0,-1.0,-1.0,-1.0,-1.0,-1.0,-1.0,-1.0,-1.0,-1.0,-1.0,-1.0,-1.0,-1.0,-1.0,-1.0,-1.0,-1.0,-1.0,-1.0,-1.0,-1.0,-1.0,-1.0,-1.0,-1.0,-1.0,-1.0,-1.0,-1.0,-1.0,-1.0,-1.0,-1.0,-1.0,-1.0,-1.0,-1.0,-1.0,-1.0,-1.0,-1.0,-1.0,-1.0,-1.0,-1.0,-1.0,-1.0,-1.0,-1.0,-1.0,-1.0,-1.0,-1.0,-1.0,-1.0,-1.0,-1.0,-1.0,-1.0,-1.0,-1.0,-1.0,-1.0,-1.0,-1.0,-1.0,-1.0,-1.0,-1.0,-1.0,-1.0,-1.0,-1.0,-1.0,-1.0,-1.0,-1.0,-1.0,-1.0,-1.0,-1.0,-1.0,-1.0,-1.0,-1.0,-1.0,-1.0,-1.0,-1.0,-1.0,-1.0,-1.0,-1.0,-1.0,-1.0,-1.0,-1.0,-1.0,-1.0,-1.0,-1.0,-1.0,-1.0,-1.0,-1.0,-1.0,-1.0,-1.0,-1.0,-1.0,-1.0,-1.0,-1.0,-1.0,-1.0,1.0,1.0,1.0,1.0,1.0,1.0,1.0,1.0,1.0,1.0,-1.0,-1.0,-1.0,-1.0,-1.0,-1.0,-1.0,-1.0,-1.0,-1.0,-1.0,-1.0,-1.0,-1.0,-1.0,-1.0,-1.0,-1.0,-1.0,-1.0,-1.0,-1.0,-1.0,-1.0,-1.0,-1.0,-1.0,-1.0,-1.0,-1.0,-1.0,-1.0,-1.0,-1.0,-1.0,-1.0,-1.0,-1.0,-1.0,-1.0,-1.0,-1.0,-1.0,1.0,1.0,1.0,1.0,1.0,1.0,1.0,1.0,1.0,1.0,-1.0,-1.0,-1.0,-1.0,-1.0,-1.0,-1.0,1.0,-1.0,-1.0,-1.0,-1.0,-1.0,-1.0,-1.0,-1.0,-1.0,-1.0,-1.0,-1.0
-1.0,-1.0,-1.0,-1.0,-1.0,-1.0,-1.0,-1.0,-1.0,-1.0,-1.0,-1.0,-1.0,-1.0,-1.0,-1.0,-1.0,-1.0,-1.0,-1.0,-1.0,-1.0,-1.0,-1.0,-1.0,-1.0,-1.0,-1.0,-1.0,-1.0,-1.0,-1.0,-1.0,-1.0,-1.0,-1.0,-1.0,-1.0,-1.0,-1.0,-1.0,-1.0,-1.0,-1.0,-1.0,-1.0,-1.0,-1.0,-1.0,-1.0,-1.0,-1.0,-1.0,-1.0,-1.0,-1.0,-1.0,-1.0,-1.0,-1.0,-1.0,-1.0,-1.0,-1.0,-1.0,-1.0,-1.0,-1.0,-1.0,-1.0,-1.0,-1.0,-1.0,-1.0,-1.0,-1.0,-1.0,-1.0,-1.0,-1.0,-1.0,-1.0,-1.0,-1.0,-1.0,-1.0,-1.0,-1.0,-1.0,-1.0,-1.0,-1.0,-1.0,-1.0,-1.0,-1.0,-1.0,-1.0,-1.0,-1.0,-1.0,-1.0,-1.0,-1.0,-1.0,-1.0,-1.0,-1.0,-1.0,-1.0,-1.0,-1.0,-1.0,-1.0,-1.0,-1.0,-1.0,-1.0,-1.0,-1.0,-1.0,-1.0,-1.0,-1.0,-1.0,-1.0,-1.0,-1.0,-1.0,-1.0,-1.0,-1.0,-1.0,-1.0,-1.0,-1.0,-1.0,-1.0,-1.0,-1.0,-1.0,-1.0,-1.0,-1.0,-1.0,-1.0,-1.0,-1.0,-1.0,-1.0,-1.0,-1.0,-1.0,-1.0,-1.0,-1.0,-1.0,-1.0,-1.0,-1.0,-1.0,-1.0,-1.0,1.0,1.0,1.0,1.0,1.0,1.0,1.0,1.0,-1.0,-1.0,-1.0,-1.0,-1.0,-1.0,-1.0,-1.0,-1.0,-1.0,-1.0,-1.0,-1.0,-1.0,-1.0,-1.0,-1.0,-1.0,-1.0,-1.0,-1.0,-1.0,-1.0,-1.0,-1.0,-1.0,-1.0,-1.0,-1.0,-1.0,-1.0,-1.0,1.0,1.0,-1.0,-1.0,-1.0,-1.0,-1.0,-1.0,-1.0,-1.0,-1.0,-1.0,-1.0,-1.0,-1.0,-1.0,-1.0,-1.0,-1.0,-1.0,-1.0,-1.0,-1.0,-1.0,-1.0,-1.0,-1.0,-1.0,-1.0,-1.0,-1.0,-1.0,-1.0,-1.0,-1.0,-1.0,-1.0,-1.0,-1.0,-1.0,-1.0,-1.0,-1.0,-1.0,-1.0,-1.0,-1.0,-1.0,-1.0,-1.0,-1.0,-1.0,-1.0,-1.0,-1.0,-1.0,-1.0,-1.0,-1.0,-1.0,-1.0,-1.0,-1.0,-1.0,-1.0,-1.0,-1.0,-1.0,-1.0,-1.0,-1.0,-1.0,-1.0,-1.0,-1.0,-1.0,-1.0,-1.0,-1.0,-1.0,-1.0,-1.0,-1.0,-1.0,-1.0,-1.0,-1.0,-1.0,-1.0,-1.0,-1.0,-1.0,-1.0,-1.0,-1.0,-1.0,-1.0,-1.0,-1.0,-1.0,-1.0,-1.0,-1.0,-1.0,-1.0,-1.0,-1.0,-1.0,-1.0,-1.0,-1.0,-1.0,-1.0,-1.0,-1.0,-1.0,-1.0,-1.0,-1.0,-1.0,-1.0,-1.0,-1.0,-1.0,-1.0,-1.0,-1.0,-1.0,-1.0,-1.0,-1.0,-1.0,-1.0,-1.0,-1.0,-1.0,-1.0,-1.0,-1.0,-1.0,-1.0,-1.0,-1.0,-1.0,-1.0,-1.0,-1.0,-1.0,-1.0,-1.0,-1.0,-1.0,-1.0,-1.0,-1.0,-1.0,-1.0,-1.0,-1.0,-1.0,-1.0,-1.0,-1.0,-1.0,-1.0,-1.0,-1.0,-1.0,-1.0,-1.0,-1.0,-1.0,-1.0,-1.0,-1.0,-1.0,-1.0,-1.0,-1.0,-1.0,-1.0,-1.0,-1.0,-1.0,-1.0,-1.0,-1.0,-1.0,-1.0,-1.0,-1.0,-1.0,-1.0,-1.0,-1.0,-1.0,-1.0,-1.0,-1.0,-1.0,-1.0,-1.0,-1.0,-1.0,-1.0,-1.0,-1.0,-1.0,-1.0,-1.0,-1.0,-1.0,-1.0,-1.0,-1.0,-1.0,-1.0,-1.0,-1.0,-1.0,-1.0,-1.0,-1.0,-1.0,-1.0,-1.0,-1.0,-1.0,-1.0,-1.0,-1.0
-1.0,-1.0,-1.0,-1.0,-1.0,-1.0,1.0,-1.0,-1.0,-1.0,-1.0,-1.0,-1.0,-1.0,-1.0,-1.0,-1.0,1.0,-1.0,-1.0,-1.0,-1.0,-1.0,-1.0,-1.0,-1.0,-1.0,-1.0,-1.0,-1.0,-1.0,-1.0,-1.0,-1.0,-1.0,-1.0,-1.0,1.0,-1.0,-1.0,-1.0,-1.0,-1.0,-1.0,-1.0,-1.0,-1.0,-1.0,-1.0,-1.0,-1.0,-1.0,-1.0,-1.0,1.0,-1.0,-1.0,-1.0,-1.0,-1.0,-1.0,-1.0,-1.0,1.0,-1.0,-1.0,-1.0,-1.0,-1.0,-1.0,-1.0,1.0,-1.0,-1.0,-1.0,-1.0,-1.0,-1.0,-1.0,-1.0,1.0,-1.0,-1.0,-1.0,-1.0,-1.0,-1.0,-1.0,-1.0,-1.0,1.0,-1.0,-1.0,-1.0,1.0,-1.0,-1.0,-1.0,-1.0,-1.0,-1.0,-1.0,-1.0,-1.0,-1.0,-1.0,-1.0,-1.0,-1.0,-1.0,1.0,-1.0,-1.0,-1.0,-1.0,-1.0,-1.0,-1.0,-1.0,-1.0,-1.0,-1.0,-1.0,1.0,-1.0,-1.0,-1.0,-1.0,-1.0,-1.0,-1.0,-1.0,-1.0,-1.0,-1.0,-1.0,-1.0,1.0,1.0,1.0,1.0,-1.0,1.0,-1.0,-1.0,-1.0,-1.0,-1.0,-1.0,-1.0,1.0,-1.0,-1.0,-1.0,-1.0,-1.0,-1.0,-1.0,-1.0,-1.0,-1.0,-1.0,-1.0,-1.0,-1.0,-1.0,-1.0,-1.0,-1.0,-1.0,-1.0,-1.0,-1.0,-1.0,-1.0,-1.0,-1.0,-1.0,-1.0,-1.0,-1.0,-1.0,-1.0,-1.0,-1.0,-1.0,-1.0,-1.0,-1.0,-1.0,-1.0,-1.0,-1.0,-1.0,-1.0,-1.0,-1.0,-1.0,-1.0,-1.0,-1.0,-1.0,-1.0,-1.0,-1.0,-1.0,-1.0,-1.0,-1.0,-1.0,-1.0,-1.0,-1.0,-1.0,-1.0,-1.0,-1.0,-1.0,-1.0,-1.0,-1.0,-1.0,-1.0,-1.0,-1.0,-1.0,-1.0,-1.0,-1.0,-1.0,-1.0,-1.0,-1.0,-1.0,-1.0,-1.0,-1.0,-1.0,-1.0,-1.0,-1.0,-1.0,-1.0,-1.0,-1.0,-1.0,-1.0,-1.0,-1.0,-1.0,-1.0,-1.0,-1.0,-1.0,-1.0,-1.0,-1.0,-1.0,-1.0,-1.0,-1.0,-1.0,-1.0,-1.0,-1.0,-1.0,-1.0,-1.0,-1.0,-1.0,-1.0,-1.0,-1.0,-1.0,-1.0,-1.0,-1.0,1.0,1.0,1.0,1.0,-1.0,-1.0,-1.0,-1.0,-1.0,-1.0,-1.0,-1.0,-1.0,-1.0,-1.0,-1.0,-1.0,-1.0,-1.0,-1.0,-1.0,-1.0,-1.0,-1.0,-1.0,-1.0,-1.0,-1.0,-1.0,-1.0,-1.0,-1.0,-1.0,-1.0,-1.0,-1.0,-1.0,-1.0,-1.0,-1.0,-1.0,-1.0,-1.0,-1.0,-1.0,-1.0,-1.0,-1.0,-1.0,-1.0,-1.0,-1.0,-1.0,-1.0,-1.0,-1.0,-1.0,-1.0,-1.0,-1.0,-1.0,-1.0,-1.0,-1.0,-1.0,-1.0,-1.0,-1.0,-1.0,-1.0,-1.0,-1.0,-1.0,-1.0,-1.0,-1.0,-1.0,-1.0,-1.0,-1.0,-1.0,-1.0,-1.0,-1.0,-1.0,-1.0,-1.0,-1.0,-1.0,-1.0,1.0,1.0,1.0,1.0,1.0,1.0,1.0,1.0,1.0,1.0,-1.0,-1.0,1.0,1.0,1.0,1.0,1.0,1.0,1.0,1.0,1.0,1.0,1.0,1.0,1.0,1.0,1.0,1.0,-1.0,-1.0,-1.0,-1.0,-1.0,-1.0,-1.0,-1.0,-1.0,-1.0,-1.0,-1.0,-1.0,-1.0,-1.0,-1.0,-1.0,-1.0,-1.0,-1.0,-1.0,-1.0,-1.0,1.0,1.0,1.0,-1.0,-1.0,-1.0,-1.0,-1.0,-1.0,-1.0,-1.0,-1.0,-1.0,-1.0,-1.0,-1.0
-1.0,-1.0,-1.0,-1.0,-1.0,-1.0,-1.0,-1.0,-1.0,-1.0,-1.0,-1.0,-1.0,-1.0,-1.0,-1.0,-1.0,-1.0,-1.0,-1.0,-1.0,-1.0,-1.0,-1.0,-1.0,-1.0,-1.0,-1.0,-1.0,-1.0,-1.0,-1.0,-1.0,-1.0,-1.0,-1.0,-1.0,-1.0,-1.0,-1.0,-1.0,-1.0,-1.0,-1.0,-1.0,-1.0,-1.0,-1.0,-1.0,-1.0,-1.0,-1.0,-1.0,-1.0,-1.0,-1.0,-1.0,-1.0,-1.0,-1.0,-1.0,-1.0,-1.0,-1.0,-1.0,-1.0,-1.0,-1.0,-1.0,-1.0,-1.0,-1.0,-1.0,-1.0,-1.0,-1.0,-1.0,-1.0,-1.0,-1.0,-1.0,-1.0,-1.0,-1.0,-1.0,-1.0,-1.0,-1.0,-1.0,-1.0,-1.0,-1.0,-1.0,-1.0,-1.0,-1.0,-1.0,-1.0,-1.0,-1.0,-1.0,-1.0,-1.0,-1.0,-1.0,-1.0,-1.0,-1.0,-1.0,-1.0,-1.0,-1.0,-1.0,-1.0,-1.0,-1.0,-1.0,-1.0,-1.0,-1.0,-1.0,-1.0,-1.0,-1.0,-1.0,-1.0,-1.0,-1.0,-1.0,-1.0,-1.0,-1.0,-1.0,-1.0,-1.0,-1.0,-1.0,-1.0,-1.0,-1.0,-1.0,-1.0,-1.0,-1.0,-1.0,-1.0,-1.0,-1.0,-1.0,-1.0,-1.0,-1.0,-1.0,-1.0,-1.0,-1.0,-1.0,-1.0,-1.0,-1.0,-1.0,-1.0,-1.0,-1.0,-1.0,-1.0,-1.0,-1.0,-1.0,-1.0,-1.0,-1.0,-1.0,-1.0,-1.0,-1.0,-1.0,-1.0,-1.0,-1.0,-1.0,-1.0,-1.0,-1.0,-1.0,-1.0,-1.0,-1.0,-1.0,-1.0,-1.0,-1.0,-1.0,-1.0,-1.0,-1.0,-1.0,-1.0,-1.0,-1.0,-1.0,-1.0,-1.0,-1.0,-1.0,-1.0,-1.0,-1.0,-1.0,-1.0,-1.0,-1.0,-1.0,-1.0,-1.0,-1.0,-1.0,-1.0,-1.0,-1.0,-1.0,-1.0,-1.0,-1.0,-1.0,-1.0,-1.0,-1.0,-1.0,-1.0,-1.0,-1.0,-1.0,-1.0,-1.0,-1.0,-1.0,-1.0,-1.0,-1.0,-1.0,-1.0,-1.0,-1.0,-1.0,-1.0,-1.0,-1.0,-1.0,-1.0,-1.0,-1.0,-1.0,-1.0,-1.0,-1.0,-1.0,-1.0,-1.0,-1.0,-1.0,-1.0,-1.0,-1.0,-1.0,-1.0,-1.0,-1.0,-1.0,-1.0,-1.0,-1.0,-1.0,-1.0,-1.0,-1.0,-1.0,-1.0,-1.0,-1.0,-1.0,-1.0,-1.0,-1.0,-1.0,-1.0,-1.0,-1.0,-1.0,-1.0,-1.0,-1.0,-1.0,-1.0,-1.0,-1.0,-1.0,-1.0,-1.0,-1.0,-1.0,-1.0,-1.0,-1.0,-1.0,-1.0,-1.0,-1.0,-1.0,-1.0,-1.0,-1.0,-1.0,-1.0,-1.0,-1.0,-1.0,-1.0,-1.0,-1.0,-1.0,-1.0,-1.0,-1.0,-1.0,-1.0,-1.0,-1.0,-1.0,-1.0,-1.0,-1.0,-1.0,-1.0,-1.0,-1.0,-1.0,-1.0,-1.0,-1.0,-1.0,-1.0,-1.0,-1.0,-1.0,-1.0,-1.0,-1.0,-1.0,-1.0,-1.0,-1.0,-1.0,-1.0,-1.0,-1.0,-1.0,-1.0,-1.0,-1.0,-1.0,-1.0,-1.0,-1.0,-1.0,-1.0,-1.0,-1.0,-1.0,-1.0,-1.0,-1.0,-1.0,-1.0,-1.0,-1.0,-1.0,-1.0,-1.0,-1.0,-1.0,-1.0,-1.0,-1.0,-1.0,-1.0,-1.0,-1.0,-1.0,-1.0,-1.0,-1.0,-1.0,-1.0,-1.0,-1.0,-1.0,-1.0,-1.0,-1.0,-1.0,-1.0,-1.0,-1.0,-1.0,-1.0,-1.0,-1.0,-1.0,-1.0,-1.0,-1.0,-1.0,-1.0,-1.0,-1.0,-1.0,-1.0,-1.0,-1.0,-1.0,-1.0,-1.0,-1.0,-1.0,-1.0,-1.0,-1.0,-1.0,-1.0,-1.0,-1.0,-1.0,-1.0
-1.0,-1.0,-1.0,-1.0,-1.0,-1.0,-1.0,-1.0,-1.0,-1.0,-1.0,-1.0,-1.0,-1.0,-1.0,-1.0,-1.0,-1.0,-1.0,-1.0,-1.0,-1.0,-1.0,-1.0,-1.0,-1.0,-1.0,-1.0,-1.0,-1.0,-1.0,-1.0,-1.0,-1.0,-1.0,-1.0,-1.0,-1.0,-1.0,-1.0,-1.0,-1.0,-1.0,-1.0,-1.0,-1.0,-1.0,-1.0,-1.0,-1.0,-1.0,-1.0,-1.0,-1.0,-1.0,-1.0,-1.0,-1.0,-1.0,-1.0,-1.0,-1.0,-1.0,-1.0,-1.0,-1.0,-1.0,-1.0,-1.0,-1.0,-1.0,-1.0,-1.0,-1.0,-1.0,-1.0,-1.0,-1.0,-1.0,-1.0,-1.0,-1.0,-1.0,-1.0,-1.0,-1.0,-1.0,-1.0,-1.0,-1.0,-1.0,-1.0,-1.0,-1.0,-1.0,-1.0,-1.0,-1.0,-1.0,-1.0,-1.0,-1.0,-1.0,-1.0,-1.0,-1.0,-1.0,-1.0,-1.0,-1.0,-1.0,-1.0,-1.0,-1.0,-1.0,-1.0,-1.0,-1.0,-1.0,-1.0,-1.0,-1.0,-1.0,-1.0,-1.0,-1.0,-1.0,-1.0,-1.0,-1.0,-1.0,-1.0,-1.0,-1.0,-1.0,-1.0,-1.0,-1.0,-1.0,-1.0,-1.0,-1.0,-1.0,-1.0,-1.0,-1.0,-1.0,-1.0,-1.0,-1.0,-1.0,-1.0,-1.0,-1.0,-1.0,-1.0,-1.0,-1.0,-1.0,-1.0,-1.0,-1.0,-1.0,-1.0,-1.0,-1.0,-1.0,-1.0,-1.0,-1.0,-1.0,-1.0,-1.0,-1.0,-1.0,-1.0,-1.0,-1.0,-1.0,-1.0,-1.0,-1.0,-1.0,-1.0,-1.0,-1.0,-1.0,-1.0,-1.0,-1.0,-1.0,-1.0,-1.0,-1.0,-1.0,-1.0,-1.0,-1.0,-1.0,-1.0,-1.0,-1.0,-1.0,-1.0,-1.0,-1.0,-1.0,-1.0,-1.0,-1.0,-1.0,-1.0,-1.0,-1.0,-1.0,-1.0,-1.0,-1.0,-1.0,-1.0,-1.0,-1.0,-1.0,-1.0,-1.0,-1.0,-1.0,-1.0,-1.0,-1.0,-1.0,-1.0,-1.0,-1.0,-1.0,-1.0,-1.0,-1.0,-1.0,-1.0,-1.0,-1.0,-1.0,-1.0,-1.0,-1.0,-1.0,-1.0,-1.0,-1.0,-1.0,-1.0,-1.0,-1.0,-1.0,-1.0,-1.0,-1.0,-1.0,-1.0,-1.0,-1.0,-1.0,-1.0,-1.0,-1.0,-1.0,-1.0,-1.0,-1.0,-1.0,-1.0,-1.0,-1.0,-1.0,-1.0,-1.0,-1.0,-1.0,-1.0,-1.0,-1.0,-1.0,-1.0,-1.0,-1.0,-1.0,-1.0,-1.0,-1.0,-1.0,-1.0,-1.0,-1.0,-1.0,-1.0,-1.0,-1.0,-1.0,-1.0,-1.0,-1.0,-1.0,-1.0,-1.0,-1.0,-1.0,-1.0,-1.0,-1.0,-1.0,-1.0,-1.0,-1.0,-1.0,-1.0,-1.0,-1.0,-1.0,-1.0,-1.0,-1.0,-1.0,-1.0,-1.0,-1.0,-1.0,-1.0,-1.0,-1.0,-1.0,-1.0,-1.0,-1.0,-1.0,-1.0,-1.0,-1.0,-1.0,-1.0,-1.0,-1.0,-1.0,-1.0,-1.0,-1.0,-1.0,-1.0,-1.0,-1.0,-1.0,-1.0,-1.0,-1.0,-1.0,-1.0,-1.0,-1.0,-1.0,-1.0,-1.0,-1.0,-1.0,-1.0,-1.0,-1.0,-1.0,-1.0,-1.0,-1.0,-1.0,-1.0,-1.0,-1.0,-1.0,-1.0,-1.0,-1.0,-1.0,-1.0,-1.0,-1.0,-1.0,-1.0,-1.0,-1.0,-1.0,-1.0,-1.0,-1.0,-1.0,-1.0,-1.0,-1.0,-1.0,-1.0,-1.0,-1.0,-1.0,-1.0,-1.0,-1.0,-1.0,-1.0,-1.0,-1.0,-1.0,-1.0,-1.0,-1.0,-1.0,-1.0,-1.0,-1.0,-1.0,-1.0,-1.0,-1.0,-1.0,-1.0,-1.0,-1.0,-1.0,-1.0,-1.0,-1.0,-1.0,-1.0,-1.0,-1.0,-1.0,-1.0,-1.0,-1.0
-1.0,-1.0,-1.0,-1.0,-1.0,-1.0,-1.0,-1.0,-1.0,-1.0,-1.0,-1.0,-1.0,-1.0,-1.0,-1.0,-1.0,-1.0,-1.0,-1.0,-1.0,-1.0,-1.0,-1.0,-1.0,-1.0,-1.0,-1.0,-1.0,-1.0,-1.0,-1.0,-1.0,-1.0,-1.0,-1.0,-1.0,-1.0,-1.0,-1.0,-1.0,-1.0,-1.0,-1.0,-1.0,-1.0,-1.0,-1.0,-1.0,-1.0,-1.0,-1.0,-1.0,-1.0,-1.0,-1.0,-1.0,-1.0,-1.0,-1.0,-1.0,-1.0,-1.0,-1.0,-1.0,-1.0,-1.0,-1.0,-1.0,-1.0,-1.0,-1.0,-1.0,-1.0,-1.0,-1.0,-1.0,-1.0,-1.0,-1.0,-1.0,-1.0,-1.0,-1.0,-1.0,-1.0,-1.0,-1.0,-1.0,-1.0,-1.0,-1.0,-1.0,-1.0,-1.0,-1.0,-1.0,-1.0,-1.0,-1.0,-1.0,-1.0,-1.0,-1.0,-1.0,-1.0,-1.0,-1.0,-1.0,-1.0,-1.0,-1.0,-1.0,-1.0,-1.0,-1.0,-1.0,-1.0,-1.0,-1.0,-1.0,-1.0,-1.0,-1.0,-1.0,-1.0,-1.0,-1.0,-1.0,-1.0,-1.0,-1.0,-1.0,-1.0,-1.0,-1.0,-1.0,-1.0,-1.0,-1.0,-1.0,-1.0,-1.0,-1.0,-1.0,-1.0,-1.0,-1.0,-1.0,-1.0,-1.0,-1.0,-1.0,-1.0,-1.0,-1.0,-1.0,-1.0,-1.0,-1.0,-1.0,-1.0,-1.0,-1.0,-1.0,-1.0,-1.0,-1.0,-1.0,-1.0,-1.0,-1.0,-1.0,-1.0,-1.0,-1.0,-1.0,-1.0,-1.0,-1.0,-1.0,-1.0,-1.0,-1.0,-1.0,-1.0,-1.0,-1.0,-1.0,-1.0,-1.0,-1.0,-1.0,-1.0,-1.0,-1.0,-1.0,-1.0,-1.0,-1.0,-1.0,-1.0,-1.0,-1.0,-1.0,-1.0,-1.0,-1.0,-1.0,-1.0,-1.0,-1.0,-1.0,-1.0,-1.0,-1.0,-1.0,-1.0,-1.0,-1.0,-1.0,-1.0,-1.0,-1.0,-1.0,-1.0,-1.0,-1.0,-1.0,-1.0,-1.0,-1.0,-1.0,-1.0,-1.0,-1.0,-1.0,-1.0,-1.0,-1.0,-1.0,-1.0,-1.0,-1.0,-1.0,-1.0,-1.0,-1.0,-1.0,-1.0,-1.0,-1.0,-1.0,-1.0,-1.0,-1.0,-1.0,-1.0,-1.0,-1.0,-1.0,-1.0,-1.0,-1.0,-1.0,-1.0,-1.0,-1.0,-1.0,-1.0,-1.0,-1.0,-1.0,-1.0,-1.0,-1.0,-1.0,-1.0,-1.0,-1.0,-1.0,-1.0,-1.0,-1.0,-1.0,-1.0,-1.0,-1.0,-1.0,-1.0,-1.0,-1.0,-1.0,-1.0,-1.0,-1.0,-1.0,-1.0,-1.0,-1.0,-1.0,-1.0,-1.0,-1.0,-1.0,-1.0,-1.0,-1.0,-1.0,-1.0,-1.0,-1.0,-1.0,-1.0,-1.0,-1.0,-1.0,-1.0,-1.0,-1.0,-1.0,-1.0,-1.0,-1.0,-1.0,-1.0,-1.0,-1.0,-1.0,-1.0,-1.0,-1.0,-1.0,-1.0,-1.0,-1.0,-1.0,-1.0,-1.0,-1.0,-1.0,-1.0,-1.0,-1.0,-1.0,-1.0,-1.0,-1.0,-1.0,-1.0,-1.0,-1.0,-1.0,-1.0,-1.0,-1.0,-1.0,-1.0,-1.0,-1.0,-1.0,-1.0,-1.0,-1.0,-1.0,-1.0,-1.0,-1.0,-1.0,-1.0,-1.0,-1.0,-1.0,-1.0,-1.0,-1.0,-1.0,-1.0,-1.0,-1.0,-1.0,-1.0,-1.0,-1.0,-1.0,-1.0,-1.0,-1.0,-1.0,-1.0,-1.0,-1.0,-1.0,-1.0,-1.0,-1.0,-1.0,-1.0,-1.0,-1.0,-1.0,-1.0,-1.0,-1.0,-1.0,-1.0,-1.0,-1.0,-1.0,-1.0,-1.0,-1.0,-1.0,-1.0,-1.0,-1.0,-1.0,-1.0,-1.0,-1.0,-1.0,-1.0,-1.0,-1.0,-1.0,-1.0,-1.0,-1.0,-1.0,-1.0,-1.0,-1.0,-1.0,-1.0
-1.0,-1.0,-1.0,-1.0,-1.0,-1.0,-1.0,-1.0,-1.0,-1.0,-1.0,-1.0,-1.0,-1.0,-1.0,-1.0,-1.0,-1.0,-1.0,-1.0,-1.0,-1.0,-1.0,-1.0,-1.0,-1.0,-1.0,-1.0,-1.0,-1.0,-1.0,-1.0,-1.0,-1.0,-1.0,-1.0,-1.0,-1.0,-1.0,-1.0,-1.0,-1.0,-1.0,-1.0,-1.0,-1.0,-1.0,-1.0,-1.0,-1.0,-1.0,-1.0,-1.0,-1.0,-1.0,-1.0,-1.0,-1.0,-1.0,-1.0,-1.0,-1.0,-1.0,-1.0,-1.0,-1.0,-1.0,-1.0,-1.0,-1.0,-1.0,-1.0,-1.0,-1.0,-1.0,-1.0,-1.0,-1.0,-1.0,-1.0,-1.0,-1.0,-1.0,-1.0,-1.0,-1.0,-1.0,-1.0,-1.0,-1.0,-1.0,-1.0,-1.0,-1.0,-1.0,-1.0,-1.0,-1.0,-1.0,-1.0,-1.0,-1.0,-1.0,-1.0,-1.0,-1.0,-1.0,-1.0,-1.0,-1.0,-1.0,-1.0,-1.0,-1.0,-1.0,-1.0,-1.0,-1.0,-1.0,-1.0,-1.0,-1.0,-1.0,-1.0,-1.0,-1.0,-1.0,-1.0,-1.0,-1.0,-1.0,-1.0,-1.0,-1.0,-1.0,-1.0,-1.0,-1.0,-1.0,-1.0,-1.0,-1.0,-1.0,-1.0,-1.0,-1.0,-1.0,-1.0,-1.0,-1.0,-1.0,-1.0,-1.0,-1.0,-1.0,-1.0,-1.0,-1.0,-1.0,-1.0,-1.0,-1.0,-1.0,-1.0,-1.0,-1.0,-1.0,-1.0,-1.0,-1.0,-1.0,-1.0,-1.0,-1.0,-1.0,-1.0,-1.0,-1.0,-1.0,-1.0,-1.0,-1.0,-1.0,-1.0,-1.0,-1.0,-1.0,-1.0,-1.0,-1.0,-1.0,-1.0,-1.0,1.0,1.0,-1.0,-1.0,-1.0,-1.0,-1.0,-1.0,-1.0,-1.0,-1.0,-1.0,-1.0,-1.0,-1.0,-1.0,-1.0,-1.0,-1.0,-1.0,-1.0,-1.0,-1.0,-1.0,-1.0,-1.0,-1.0,-1.0,-1.0,-1.0,-1.0,-1.0,-1.0,-1.0,-1.0,-1.0,-1.0,-1.0,-1.0,-1.0,-1.0,-1.0,-1.0,-1.0,-1.0,-1.0,-1.0,-1.0,-1.0,-1.0,-1.0,-1.0,-1.0,-1.0,-1.0,-1.0,-1.0,-1.0,-1.0,-1.0,-1.0,-1.0,-1.0,-1.0,-1.0,-1.0,-1.0,-1.0,-1.0,-1.0,-1.0,-1.0,-1.0,-1.0,-1.0,-1.0,-1.0,-1.0,-1.0,-1.0,-1.0,-1.0,-1.0,-1.0,1.0,1.0,1.0,1.0,-1.0,-1.0,-1.0,-1.0,-1.0,-1.0,-1.0,-1.0,-1.0,-1.0,-1.0,-1.0,-1.0,-1.0,-1.0,-1.0,-1.0,-1.0,-1.0,-1.0,-1.0,-1.0,-1.0,-1.0,-1.0,-1.0,-1.0,-1.0,-1.0,-1.0,-1.0,-1.0,-1.0,-1.0,-1.0,-1.0,-1.0,-1.0,-1.0,-1.0,-1.0,-1.0,-1.0,-1.0,-1.0,-1.0,-1.0,-1.0,-1.0,-1.0,-1.0,-1.0,-1.0,-1.0,-1.0,-1.0,-1.0,-1.0,-1.0,-1.0,-1.0,-1.0,-1.0,-1.0,-1.0,-1.0,-1.0,-1.0,-1.0,-1.0,-1.0,-1.0,-1.0,-1.0,-1.0,-1.0,-1.0,-1.0,-1.0,-1.0,-1.0,-1.0,-1.0,-1.0,-1.0,-1.0,1.0,1.0,1.0,1.0,1.0,1.0,1.0,1.0,1.0,1.0,-1.0,-1.0,1.0,1.0,1.0,1.0,1.0,1.0,1.0,1.0,1.0,1.0,1.0,1.0,1.0,1.0,1.0,1.0,-1.0,-1.0,-1.0,-1.0,-1.0,-1.0,-1.0,-1.0,-1.0,-1.0,-1.0,-1.0,-1.0,-1.0,-1.0,-1.0,-1.0,-1.0,-1.0,-1.0,-1.0,-1.0,-1.0,-1.0,-1.0,-1.0,-1.0,-1.0,-1.0,-1.0,-1.0,-1.0,-1.0,-1.0,-1.0,-1.0,-1.0,-1.0,-1.0
-1.0,-1.0,-1.0,-1.0,-1.0,-1.0,-1.0,-1.0,-1.0,-1.0,-1.0,-1.0,-1.0,-1.0,-1.0,-1.0,-1.0,-1.0,-1.0,-1.0,-1.0,-1.0,-1.0,-1.0,-1.0,-1.0,-1.0,-1.0,-1.0,-1.0,-1.0,-1.0,-1.0,-1.0,-1.0,-1.0,-1.0,-1.0,-1.0,-1.0,-1.0,-1.0,-1.0,-1.0,-1.0,-1.0,-1.0,-1.0,-1.0,-1.0,-1.0,-1.0,-1.0,-1.0,-1.0,-1.0,-1.0,-1.0,-1.0,-1.0,-1.0,-1.0,-1.0,-1.0,-1.0,-1.0,-1.0,-1.0,-1.0,-1.0,-1.0,-1.0,-1.0,-1.0,-1.0,-1.0,-1.0,-1.0,-1.0,-1.0,-1.0,-1.0,-1.0,-1.0,-1.0,-1.0,-1.0,-1.0,-1.0,-1.0,-1.0,-1.0,-1.0,-1.0,-1.0,-1.0,-1.0,-1.0,-1.0,-1.0,-1.0,-1.0,-1.0,-1.0,-1.0,-1.0,-1.0,-1.0,-1.0,-1.0,-1.0,-1.0,-1.0,-1.0,-1.0,-1.0,-1.0,-1.0,-1.0,-1.0,-1.0,-1.0,-1.0,-1.0,-1.0,-1.0,-1.0,-1.0,-1.0,-1.0,-1.0,-1.0,-1.0,-1.0,-1.0,-1.0,-1.0,-1.0,-1.0,-1.0,-1.0,-1.0,-1.0,-1.0,-1.0,-1.0,-1.0,-1.0,-1.0,-1.0,-1.0,-1.0,-1.0,-1.0,-1.0,-1.0,-1.0,-1.0,-1.0,-1.0,-1.0,-1.0,-1.0,-1.0,-1.0,-1.0,-1.0,-1.0,-1.0,-1.0,-1.0,-1.0,-1.0,-1.0,-1.0,-1.0,-1.0,-1.0,-1.0,-1.0,-1.0,-1.0,-1.0,-1.0,-1.0,-1.0,-1.0,-1.0,-1.0,-1.0,-1.0,-1.0,-1.0,-1.0,-1.0,-1.0,-1.0,-1.0,-1.0,-1.0,-1.0,-1.0,-1.0,-1.0,-1.0,-1.0,-1.0,-1.0,-1.0,-1.0,-1.0,-1.0,-1.0,-1.0,-1.0,-1.0,-1.0,-1.0,-1.0,-1.0,-1.0,-1.0,-1.0,-1.0,-1.0,-1.0,-1.0,-1.0,-1.0,-1.0,-1.0,-1.0,-1.0,-1.0,-1.0,-1.0,-1.0,-1.0,-1.0,-1.0,-1.0,-1.0,-1.0,-1.0,-1.0,-1.0,-1.0,-1.0,-1.0,-1.0,-1.0,-1.0,-1.0,-1.0,-1.0,-1.0,-1.0,-1.0,-1.0,-1.0,-1.0,-1.0,-1.0,-1.0,-1.0,-1.0,-1.0,-1.0,-1.0,-1.0,-1.0,-1.0,-1.0,-1.0,-1.0,-1.0,-1.0,-1.0,-1.0,-1.0,-1.0,-1.0,-1.0,-1.0,-1.0,-1.0,-1.0,-1.0,-1.0,-1.0,-1.0,-1.0,-1.0,-1.0,-1.0,-1.0,-1.0,-1.0,-1.0,-1.0,-1.0,-1.0,-1.0,-1.0,-1.0,-1.0,-1.0,-1.0,-1.0,-1.0,-1.0,-1.0,-1.0,-1.0,-1.0,-1.0,-1.0,-1.0,-1.0,-1.0,-1.0,-1.0,-1.0,-1.0,-1.0,-1.0,-1.0,-1.0,-1.0,-1.0,-1.0,-1.0,-1.0,-1.0,-1.0,-1.0,-1.0,-1.0,-1.0,-1.0,-1.0,-1.0,-1.0,-1.0,-1.0,-1.0,-1.0,-1.0,-1.0,-1.0,-1.0,-1.0,-1.0,-1.0,-1.0,-1.0,-1.0,-1.0,-1.0,-1.0,-1.0,-1.0,-1.0,-1.0,-1.0,-1.0,-1.0,-1.0,-1.0,-1.0,-1.0,-1.0,-1.0,-1.0,-1.0,-1.0,-1.0,-1.0,-1.0,-1.0,-1.0,-1.0,-1.0,-1.0,-1.0,-1.0,-1.0,-1.0,-1.0,-1.0,-1.0,-1.0,-1.0,-1.0,-1.0,-1.0,-1.0,-1.0,-1.0,-1.0,-1.0,-1.0,-1.0,-1.0,-1.0,-1.0,-1.0,-1.0,-1.0,-1.0,-1.0,-1.0,-1.0,-1.0,-1.0,-1.0,-1.0,-1.0,-1.0,-1.0,-1.0,-1.0,-1.0,-1.0,-1.0,-1.0,-1.0,-1.0,-1.0,-1.0,-1.0,-1.0,-1.0,-1.0
-1.0,1.0,1.0,1.0,1.0,1.0,-1.0,1.0,1.0,1.0,1.0,1.0,1.0,1.0,1.0,1.0,1.0,-1.0,1.0,1.0,1.0,1.0,1.0,1.0,1.0,1.0,1.0,1.0,1.0,1.0,1.0,1.0,1.0,1.0,1.0,1.0,1.0,-1.0,1.0,1.0,1.0,1.0,1.0,1.0,1.0,1.0,1.0,1.0,1.0,1.0,1.0,1.0,1.0,1.0,-1.0,1.0,1.0,1.0,1.0,1.0,1.0,1.0,1.0,-1.0,1.0,1.0,1.0,1.0,1.0,1.0,1.0,-1.0,1.0,1.0,1.0,1.0,1.0,1.0,1.0,1.0,-1.0,1.0,1.0,1.0,1.0,1.0,1.0,1.0,1.0,1.0,-1.0,1.0,1.0,1.0,-1.0,1.0,1.0,1.0,1.0,1.0,1.0,1.0,1.0,1.0,1.0,1.0,1.0,1.0,1.0,1.0,-1.0,1.0,1.0,1.0,1.0,1.0,1.0,1.0,1.0,1.0,1.0,1.0,1.0,-1.0,1.0,1.0,1.0,1.0,1.0,1.0,1.0,1.0,1.0,1.0,1.0,1.0,1.0,-1.0,-1.0,-1.0,-1.0,1.0,-1.0,1.0,1.0,1.0,1.0,1.0,1.0,1.0,-1.0,1.0,1.0,1.0,1.0,1.0,1.0,1.0,1.0,1.0,1.0,1.0,1.0,-1.0,-1.0,-1.0,-1.0,-1.0,-1.0,-1.0,-1.0,-1.0,-1.0,-1.0,-1.0,-1.0,-1.0,-1.0,-1.0,-1.0,-1.0,-1.0,-1.0,-1.0,-1.0,-1.0,-1.0,-1.0,-1.0,-1.0,-1.0,-1.0,-1.0,-1.0,-1.0,-1.0,-1.0,-1.0,-1.0,-1.0,-1.0,-1.0,-1.0,-1.0,-1.0,-1.0,-1.0,-1.0,-1.0,-1.0,-1.0,-1.0,-1.0,-1.0,-1.0,-1.0,-1.0,-1.0,-1.0,-1.0,-1.0,-1.0,-1.0,-1.0,-1.0,-1.0,-1.0,-1.0,-1.0,-1.0,-1.0,-1.0,-1.0,-1.0,-1.0,-1.0,-1.0,-1.0,-1.0,-1.0,-1.0,-1.0,-1.0,-1.0,-1.0,-1.0,-1.0,-1.0,-1.0,-1.0,-1.0,-1.0,-1.0,-1.0,-1.0,-1.0,-1.0,-1.0,-1.0,-1.0,-1.0,-1.0,-1.0,-1.0,-1.0,-1.0,-1.0,-1.0,-1.0,-1.0,-1.0,-1.0,-1.0,-1.0,-1.0,-1.0,-1.0,-1.0,-1.0,-1.0,-1.0,-1.0,-1.0,-1.0,-1.0,-1.0,-1.0,-1.0,-1.0,-1.0,-1.0,-1.0,-1.0,-1.0,-1.0,-1.0,-1.0,-1.0,-1.0,-1.0,-1.0,-1.0,-1.0,-1.0,-1.0,-1.0,-1.0,-1.0,-1.0,-1.0,-1.0,-1.0,-1.0,-1.0,-1.0,-1.0,-1.0,-1.0,-1.0,-1.0,-1.0,-1.0,-1.0,-1.0,-1.0,-1.0,-1.0,-1.0,-1.0,-1.0,-1.0,-1.0,-1.0,-1.0,-1.0,-1.0,-1.0,-1.0,-1.0,-1.0,-1.0,-1.0,-1.0,-1.0,-1.0,-1.0,-1.0,-1.0,-1.0,-1.0,-1.0,1.0,1.0,1.0,1.0,1.0,1.0,1.0,1.0,1.0,1.0,-1.0,-1.0,-1.0,-1.0,-1.0,-1.0,-1.0,-1.0,-1.0,-1.0,-1.0,-1.0,-1.0,-1.0,-1.0,-1.0,-1.0,-1.0,-1.0,-1.0,-1.0,-1.0,-1.0,-1.0,-1.0,-1.0,-1.0,-1.0,-1.0,-1.0,-1.0,-1.0,-1.0,-1.0,-1.0,-1.0,-1.0,-1.0,-1.0,-1.0,-1.0,-1.0,-1.0,1.0,1.0,1.0,1.0,1.0,1.0,1.0,1.0,1.0,1.0,-1.0,-1.0,-1.0,-1.0,-1.0,-1.0,-1.0,1.0,-1.0,-1.0,-1.0,-1.0,-1.0,-1.0,-1.0,-1.0,-1.0,-1.0,-1.0,-1.0
-1.0,-1.0,-1.0,-1.0,-1.0,-1.0,-1.0,-1.0,-1.0,-1.0,-1.0,-1.0,-1.0,-1.0,-1.0,-1.0,-1.0,-1.0,-1.0,-1.0,-1.0,-1.0,-1.0,-1.0,-1.0,-1.0,-1.0,-1.0,-1.0,-1.0,-1.0,-1.0,-1.0,-1.0,-1.0,-1.0,-1.0,-1.0,-1.0,-1.0,-1.0,-1.0,-1.0,-1.0,-1.0,-1.0,-1.0,-1.0,-1.0,-1.0,-1.0,-1.0,-1.0,-1.0,-1.0,-1.0,-1.0,-1.0,-1.0,-1.0,-1.0,-1.0,-1.0,-1.0,-1.0,-1.0,-1.0,-1.0,-1.0,-1.0,-1.0,-1.0,-1.0,-1.0,-1.0,-1.0,-1.0,-1.0,-1.0,-1.0,-1.0,-1.0,-1.0,-1.0,-1.0,-1.0,-1.0,-1.0,-1.0,-1.0,-1.0,-1.0,-1.0,-1.0,-1.0,-1.0,-1.0,-1.0,-1.0,-1.0,-1.0,-1.0,-1.0,-1.0,-1.0,-1.0,-1.0,-1.0,-1.0,-1.0,-1.0,-1.0,-1.0,-1.0,-1.0,-1.0,-1.0,-1.0,-1.0,-1.0,-1.0,-1.0,-1.0,-1.0,-1.0,-1.0,-1.0,-1.0,-1.0,-1.0,-1.0,-1.0,-1.0,-1.0,-1.0,-1.0,-1.0,-1.0,-1.0,-1.0,-1.0,-1.0,-1.0,-1.0,-1.0,-1.0,-1.0,-1.0,-1.0,-1.0,-1.0,-1.0,-1.0,-1.0,-1.0,-1.0,-1.0,-1.0,-1.0,-1.0,-1.0,-1.0,-1.0,-1.0,-1.0,-1.0,-1.0,-1.0,-1.0,-1.0,-1.0,-1.0,-1.0,-1.0,-1.0,-1.0,-1.0,-1.0,-1.0,-1.0,-1.0,-1.0,-1.0,-1.0,-1.0,-1.0,-1.0,-1.0,-1.0,-1.0,-1.0,-1.0,-1.0,-1.0,-1.0,-1.0,-1.0,-1.0,-1.0,-1.0,-1.0,-1.0,-1.0,-1.0,-1.0,-1.0,-1.0,-1.0,-1.0,-1.0,-1.0,-1.0,-1.0,-1.0,-1.0,-1.0,-1.0,-1.0,-1.0,-1.0,-1.0,-1.0,-1.0,-1.0,-1.0,-1.0,-1.0,-1.0,-1.0,-1.0,-1.0,-1.0,-1.0,-1.0,-1.0,-1.0,-1.0,-1.0,-1.0,-1.0,-1.0,-1.0,-1.0,-1.0,-1.0,-1.0,-1.0,-1.0,-1.0,-1.0,-1.0,-1.0,-1.0,-1.0,-1.0,-1.0,-1.0,-1.0,-1.0,-1.0,-1.0,-1.0,-1.0,-1.0,-1.0,-1.0,-1.0,-1.0,-1.0,-1.0,-1.0,-1.0,-1.0,-1.0,-1.0,-1.0,-1.0,-1.0,-1.0,-1.0,-1.0,-1.0,-1.0,-1.0,-1.0,-1.0,-1.0,-1.0,-1.0,-1.0,-1.0,-1.0,-1.0,-1.0,-1.0,-1.0,-1.0,-1.0,-1.0,-1.0,-1.0,-1.0,-1.0,-1.0,-1.0,-1.0,-1.0,-1.0,-1.0,-1.0,-1.0,-1.0,-1.0,-1.0,-1.0,-1.0,-1.0,-1.0,-1.0,-1.0,-1.0,-1.0,-1.0,-1.0,-1.0,-1.0,-1.0,-1.0,-1.0,-1.0,-1.0,-1.0,-1.0,-1.0,-1.0,-1.0,-1.0,-1.0,-1.0,-1.0,-1.0,-1.0,-1.0,-1.0,-1.0,-1.0,-1.0,-1.0,-1.0,-1.0,-1.0,-1.0,-1.0,-1.0,-1.0,-1.0,-1.0,-1.0,-1.0,-1.0,-1.0,-1.0,-1.0,-1.0,-1.0,-1.0,-1.0,-1.0,-1.0,-1.0,-1.0,-1.0,-1.0,-1.0,-1.0,-1.0,-1.0,-1.0,-1.0,-1.0,-1.0,-1.0,-1.0,-1.0,-1.0,-1.0,-1.0,-1.0,-1.0,-1.0,-1.0,-1.0,-1.0,-1.0,-1.0,-1.0,-1.0,-1.0,-1.0,-1.0,-1.0,-1.0,-1.0,-1.0,-1.0,-1.0,-1.0,-1.0,-1.0,-1.0,-1.0,-1.0,-1.0,-1.0,-1.0,-1.0,-1.0,-1.0,-1.0,-1.0,-1.0,-1.0,-1.0,-1.0,-1.0,-1.0,-1.0,-1.0,-1.0,-1.0,-1.0,-1.0,-1.0,-1.0
-1.0,-1.0,-1.0,-1.0,-1.0,-1.0,-1.0,-1.0,-1.0,-1.0,-1.0,-1.0,-1.0,-1.0,-1.0,-1.0,-1.0,-1.0,-1.0,-1.0,-1.0,-1.0,-1.0,-1.0,-1.0,-1.0,-1.0,-1.0,-1.0,-1.0,-1.0,-1.0,-1.0,-1.0,-1.0,-1.0,-1.0,-1.0,-1.0,-1.0,-1.0,-1.0,-1.0,-1.0,-1.0,-1.0,-1.0,-1.0,-1.0,-1.0,-1.0,-1.0,-1.0,-1.0,-1.0,-1.0,-1.0,-1.0,-1.0,-1.0,-1.0,-1.0,-1.0,-1.0,-1.0,-1.0,-1.0,-1.0,-1.0,-1.0,-1.0,-1.0,-1.0,-1.0,-1.0,-1.0,-1.0,-1.0,-1.0,-1.0,-1.0,-1.0,-1.0,-1.0,-1.0,-1.0,-1.0,-1.0,-1.0,-1.0,-1.0,-1.0,-1.0,-1.0,-1.0,-1.0,-1.0,-1.0,-1.0,-1.0,-1.0,-1.0,-1.0,-1.0,-1.0,-1.0,-1.0,-1.0,-1.0,-1.0,-1.0,-1.0,-1.0,-1.0,-1.0,-1.0,-1.0,-1.0,-1.0,-1.0,-1.0,-1.0,-1.0,-1.0,-1.0,-1.0,-1.0,-1.0,-1.0,-1.0,-1.0,-1.0,-1.0,-1.0,-1.0,-1.0,-1.0,-1.0,-1.0,-1.0,-1.0,-1.0,-1.0,-1.0,-1.0,-1.0,-1.0,-1.0,-1.0,-1.0,-1.0,-1.0,-1.0,-1.0,-1.0,-1.0,-1.0,-1.0,-1.0,-1.0,-1.0,-1.0,-1.0,-1.0,-1.0,-1.0,-1.0,-1.0,-1.0,-1.0,-1.0,-1.0,-1.0,-1.0,-1.0,-1.0,-1.0,-1.0,-1.0,-1.0,-1.0,-1.0,-1.0,-1.0,-1.0,-1.0,-1.0,-1.0,-1.0,-1.0,-1.0,-1.0,-1.0,-1.0,-1.0,-1.0,-1.0,-1.0,-1.0,-1.0,-1.0,-1.0,-1.0,-1.0,-1.0,-1.0,-1.0,-1.0,-1.0,-1.0,-1.0,-1.0,-1.0,-1.0,-1.0,-1.0,-1.0,-1.0,-1.0,-1.0,-1.0,-1.0,-1.0,-1.0,-1.0,-1.0,-1.0,-1.0,-1.0,-1.0,-1.0,-1.0,-1.0,-1.0,-1.0,-1.0,-1.0,-1.0,-1.0,-1.0,-1.0,-1.0,-1.0,-1.0,-1.0,-1.0,-1.0,-1.0,-1.0,-1.0,-1.0,-1.0,-1.0,-1.0,-1.0,-1.0,-1.0,-1.0,-1.0,-1.0,-1.0,-1.0,-1.0,-1.0,-1.0,-1.0,-1.0,-1.0,-1.0,-1.0,-1.0,-1.0,-1.0,-1.0,-1.0,-1.0,-1.0,-1.0,-1.0,-1.0,-1.0,-1.0,-1.0,-1.0,-1.0,-1.0,-1.0,-1.0,-1.0,-1.0,-1.0,-1.0,-1.0,-1.0,-1.0,-1.0,-1.0,-1.0,-1.0,-1.0,-1.0,-1.0,-1.0,-1.0,-1.0,-1.0,-1.0,-1.0,-1.0,-1.0,-1.0,-1.0,-1.0,-1.0,-1.0,-1.0,-1.0,-1.0,-1.0,-1.0,-1.0,-1.0,-1.0,-1.0,-1.0,-1.0,-1.0,-1.0,-1.0,-1.0,-1.0,-1.0,-1.0,-1.0,-1.0,-1.0,-1.0,-1.0,-1.0,-1.0,-1.0,-1.0,-1.0,-1.0,-1.0,-1.0,-1.0,-1.0,-1.0,-1.0,-1.0,-1.0,-1.0,-1.0,-1.0,-1.0,-1.0,-1.0,-1.0,-1.0,-1.0,-1.0,-1.0,-1.0,-1.0,-1.0,-1.0,-1.0,-1.0,-1.0,-1.0,-1.0,-1.0,-1.0,-1.0,-1.0,-1.0,-1.0,-1.0,-1.0,-1.0,-1.0,-1.0,-1.0,-1.0,-1.0,-1.0,-1.0,-1.0,-1.0,-1.0,-1.0,-1.0,-1.0,-1.0,-1.0,-1.0,-1.0,-1.0,-1.0,-1.0,-1.0,-1.0,-1.0,-1.0,-1.0,-1.0,-1.0,-1.0,-1.0,-1.0,-1.0,-1.0,-1.0,-1.0,-1.0,-1.0,-1.0,-1.0,-1.0,-1.0,-1.0,-1.0,-1.0,-1.0,-1.0,-1.0,-1.0,-1.0,-1.0,-1.0,-1.0,-1.0,-1.0
-1.0,-1.0,-1.0,-1.0,-1.0,-1.0,-1.0,-1.0,-1.0,-1.0,-1.0,-1.0,-1.0,-1.0,-1.0,-1.0,-1.0,-1.0,-1.0,-1.0,-1.0,-1.0,-1.0,-1.0,-1.0,-1.0,-1.0,-1.0,-1.0,-1.0,-1.0,-1.0,-1.0,-1.0,-1.0,-1.0,-1.0,-1.0,-1.0,-1.0,-1.0,-1.0,-1.0,-1.0,-1.0,-1.0,-1.0,-1.0,-1.0,-1.0,-1.0,-1.0,-1.0,-1.0,-1.0,-1.0,-1.0,-1.0,-1.0,-1.0,-1.0,-1.0,-1.0,-1.0,-1.0,-1.0,-1.0,-1.0,-1.0,-1.0,-1.0,-1.0,-1.0,-1.0,-1.0,-1.0,-1.0,-1.0,-1.0,-1.0,-1.0,-1.0,-1.0,-1.0,-1.0,-1.0,-1.0,-1.0,-1.0,-1.0,-1.0,-1.0,-1.0,-1.0,-1.0,-1.0,-1.0,-1.0,-1.0,-1.0,-1.0,-1.0,-1.0,-1.0,-1.0,-1.0,-1.0,-1.0,-1.0,-1.0,-1.0,-1.0,-1.0,-1.0,-1.0,-1.0,-1.0,-1.0,-1.0,-1.0,-1.0,-1.0,-1.0,-1.0,-1.0,-1.0,-1.0,-1.0,-1.0,-1.0,-1.0,-1.0,-1.0,-1.0,-1.0,-1.0,-1.0,-1.0,-1.0,-1.0,-1.0,-1.0,-1.0,-1.0,-1.0,-1.0,-1.0,-1.0,-1.0,-1.0,-1.0,-1.0,-1.0,-1.0,-1.0,-1.0,-1.0,-1.0,-1.0,-1.0,-1.0,-1.0,-1.0,-1.0,-1.0,-1.0,-1.0,-1.0,-1.0,-1.0,-1.0,-1.0,-1.0,-1.0,-1.0,-1.0,-1.0,-1.0,-1.0,-1.0,-1.0,-1.0,-1.0,-1.0,-1.0,-1.0,-1.0,-1.0,-1.0,-1.0,-1.0,-1.0,-1.0,-1.0,-1.0,-1.0,-1.0,-1.0,-1.0,-1.0,-1.0,-1.0,-1.0,-1.0,-1.0,-1.0,-1.0,-1.0,-1.0,-1.0,-1.0,-1.0,-1.0,-1.0,-1.0,-1.0,-1.0,-1.0,-1.0,-1.0,-1.0,-1.0,-1.0,-1.0,-1.0,-1.0,-1.0,-1.0,-1.0,-1.0,-1.0,-1.0,-1.0,-1.0,-1.0,-1.0,-1.0,-1.0,-1.0,-1.0,-1.0,-1.0,-1.0,-1.0,-1.0,-1.0,-1.0,-1.0,-1.0,-1.0,-1.0,-1.0,-1.0,-1.0,-1.0,-1.0,-1.0,-1.0,-1.0,-1.0,-1.0,-1.0,-1.0,-1.0,-1.0,-1.0,-1.0,-1.0,-1.0,-1.0,-1.0,-1.0,-1.0,-1.0,-1.0,-1.0,-1.0,-1.0,-1.0,-1.0,-1.0,-1.0,-1.0,-1.0,-1.0,-1.0,-1.0,-1.0,-1.0,-1.0,-1.0,-1.0,-1.0,-1.0,-1.0,-1.0,-1.0,-1.0,-1.0,-1.0,-1.0,-1.0,-1.0,-1.0,-1.0,-1.0,-1.0,-1.0,-1.0,-1.0,-1.0,-1.0,-1.0,-1.0,-1.0,-1.0,-1.0,-1.0,-1.0,-1.0,-1.0,-1.0,-1.0,-1.0,-1.0,-1.0,-1.0,-1.0,-1.0,-1.0,-1.0,-1.0,-1.0,-1.0,-1.0,-1.0,-1.0,-1.0,-1.0,-1.0,-1.0,-1.0,-1.0,-1.0,-1.0,-1.0,-1.0,-1.0,-1.0,-1.0,-1.0,-1.0,-1.0,-1.0,-1.0,-1.0,-1.0,-1.0,-1.0,-1.0,-1.0,-1.0,-1.0,-1.0,-1.0,-1.0,-1.0,-1.0,-1.0,-1.0,-1.0,-1.0,-1.0,-1.0,-1.0,-1.0,-1.0,-1.0,-1.0,-1.0,-1.0,-1.0,-1.0,-1.0,-1.0,-1.0,-1.0,-1.0,-1.0,-1.0,-1.0,-1.0,-1.0,-1.0,-1.0,-1.0,-1.0,-1.0,-1.0,-1.0,-1.0,-1.0,-1.0,-1.0,-1.0,-1.0,-1.0,-1.0,-1.0,-1.0,-1.0,-1.0,-1.0,-1.0,-1.0,-1.0,-1.0,-1.0,-1.0,-1.0,-1.0,-1.0,-1.0,-1.0,-1.0,-1.0,-1.0,-1.0,-1.0,-1.0,-1.0,-1.0,-1.0,-1.0
-1.0,-1.0,-1.0,-1.0,-1.0,-1.0,-1.0,-1.0,-1.0,-1.0,-1.0,-1.0,-1.0,-1.0,-1.0,-1.0,-1.0,-1.0,-1.0,-1.0,-1.0,-1.0,-1.0,-1.0,-1.0,-1.0,-1.0,-1.0,-1.0,-1.0,-1.0,-1.0,-1.0,-1.0,-1.0,-1.0,-1.0,-1.0,-1.0,-1.0,-1.0,-1.0,-1.0,-1.0,-1.0,-1.0,-1.0,-1.0,-1.0,-1.0,-1.0,-1.0,-1.0,-1.0,-1.0,-1.0,-1.0,-1.0,-1.0,-1.0,-1.0,-1.0,-1.0,-1.0,-1.0,-1.0,-1.0,-1.0,-1.0,-1.0,-1.0,-1.0,-1.0,-1.0,-1.0,-1.0,-1.0,-1.0,-1.0,-1.0,-1.0,-1.0,-1.0,-1.0,-1.0,-1.0,-1.0,-1.0,-1.0,-1.0,-1.0,-1.0,-1.0,-1.0,-1.0,-1.0,-1.0,-1.0,-1.0,-1.0,-1.0,-1.0,-1.0,-1.0,-1.0,-1.0,-1.0,-1.0,-1.0,-1.0,-1.0,-1.0,-1.0,-1.0,-1.0,-1.0,-1.0,-1.0,-1.0,-1.0,-1.0,-1.0,-1.0,-1.0,-1.0,-1.0,-1.0,-1.0,-1.0,-1.0,-1.0,-1.0,-1.0,-1.0,-1.0,-1.0,-1.0,-1.0,-1.0,-1.0,-1.0,-1.0,-1.0,-1.0,-1.0,-1.0,-1.0,-1.0,-1.0,-1.0,-1.0,-1.0,-1.0,-1.0,-1.0,-1.0,-1.0,-1.0,-1.0,-1.0,-1.0,-1.0,-1.0,-1.0,-1.0,-1.0,-1.0,-1.0,-1.0,-1.0,-1.0,-1.0,-1.0,-1.0,-1.0,-1.0,-1.0,-1.0,-1.0,-1.0,-1.0,-1.0,-1.0,-1.0,-1.0,-1.0,-1.0,-1.0,-1.0,-1.0,-1.0,-1.0,-1.0,-1.0,-1.0,-1.0,-1.0,-1.0,-1.0,-1.0,-1.0,-1.0,-1.0,-1.0,-1.0,-1.0,-1.0,-1.0,-1.0,-1.0,-1.0,-1.0,-1.0,-1.0,-1.0,-1.0,-1.0,-1.0,-1.0,-1.0,-1.0,-1.0,-1.0,-1.0,-1.0,-1.0,-1.0,-1.0,-1.0,-1.0,-1.0,-1.0,-1.0,-1.0,-1.0,-1.0,-1.0,-1.0,-1.0,-1.0,-1.0,-1.0,-1.0,-1.0,-1.0,-1.0,-1.0,-1.0,-1.0,-1.0,-1.0,-1.0,-1.0,-1.0,-1.0,-1.0,-1.0,-1.0,-1.0,-1.0,-1.0,-1.0,-1.0,-1.0,-1.0,-1.0,-1.0,-1.0,-1.0,-1.0,-1.0,-1.0,-1.0,-1.0,-1.0,-1.0,-1.0,-1.0,-1.0,-1.0,-1.0,-1.0,-1.0,-1.0,-1.0,-1.0,-1.0,-1.0,-1.0,-1.0,-1.0,-1.0,-1.0,-1.0,-1.0,-1.0,-1.0,-1.0,-1.0,-1.0,-1.0,-1.0,-1.0,-1.0,-1.0,-1.0,-1.0,-1.0,-1.0,-1.0,-1.0,-1.0,-1.0,-1.0,-1.0,-1.0,-1.0,-1.0,-1.0,-1.0,-1.0,-1.0,-1.0,-1.0,-1.0,-1.0,-1.0,-1.0,-1.0,-1.0,-1.0,-1.0,-1.0,-1.0,-1.0,-1.0,-1.0,-1.0,-1.0,-1.0,-1.0,-1.0,-1.0,-1.0,-1.0,-1.0,-1.0,-1.0,-1.0,-1.0,-1.0,-1.0,-1.0,-1.0,-1.0,-1.0,-1.0,-1.0,-1.0,-1.0,-1.0,-1.0,-1.0,-1.0,-1.0,-1.0,-1.0,-1.0,-1.0,-1.0,-1.0,-1.0,-1.0,-1.0,-1.0,-1.0,-1.0,-1.0,-1.0,-1.0,-1.0,-1.0,-1.0,-1.0,-1.0,-1.0,-1.0,-1.0,-1.0,-1.0,-1.0,-1.0,-1.0,-1.0,-1.0,-1.0,-1.0,-1.0,-1.0,-1.0,-1.0,-1.0,-1.0,-1.0,-1.0,-1.0,-1.0,-1.0,-1.0,-1.0,-1.0,-1.0,-1.0,-1.0,-1.0,-1.0,-1.0,-1.0,-1.0,-1.0,-1.0,-1.0,-1.0,-1.0,-1.0,-1.0,-1.0,-1.0,-1.0,-1.0,-1.0,-1.0,-1.0,-1.0
-1.0,-1.0,-1.0,-1.0,-1.0,-1.0,-1.0,-1.0,-1.0,-1.0,-1.0,-1.0,-1.0,-1.0,-1.0,-1.0,-1.0,-1.0,-1.0,-1.0,-1.0,-1.0,-1.0,-1.0,-1.0,-1.0,-1.0,-1.0,-1.0,-1.0,-1.0,-1.0,-1.0,-1.0,-1.0,-1.0,-1.0,-1.0,-1.0,-1.0,-1.0,-1.0,-1.0,-1.0,-1.0,-1.0,-1.0,-1.0,-1.0,-1.0,-1.0,-1.0,-1.0,-1.0,-1.0,-1.0,-1.0,-1.0,-1.0,-1.0,-1.0,-1.0,-1.0,-1.0,-1.0,-1.0,-1.0,-1.0,-1.0,-1.0,-1.0,-1.0,-1.0,-1.0,-1.0,-1.0,-1.0,-1.0,-1.0,-1.0,-1.0,-1.0,-1.0,-1.0,-1.0,-1.0,-1.0,-1.0,-1.0,-1.0,-1.0,-1.0,-1.0,-1.0,-1.0,-1.0,-1.0,-1.0,-1.0,-1.0,-1.0,-1.0,-1.0,-1.0,-1.0,-1.0,-1.0,-1.0,-1.0,-1.0,-1.0,-1.0,-1.0,-1.0,-1.0,-1.0,-1.0,-1.0,-1.0,-1.0,-1.0,-1.0,-1.0,-1.0,-1.0,-1.0,-1.0,-1.0,-1.0,-1.0,-1.0,-1.0,-1.0,-1.0,-1.0,-1.0,-1.0,-1.0,-1.0,-1.0,-1.0,-1.0,-1.0,-1.0,-1.0,-1.0,-1.0,-1.0,-1.0,-1.0,-1.0,-1.0,-1.0,-1.0,-1.0,-1.0,-1.0,-1.0,-1.0,-1.0,-1.0,-1.0,-1.0,-1.0,-1.0,-1.0,-1.0,-1.0,-1.0,-1.0,-1.0,-1.0,-1.0,-1.0,-1.0,-1.0,-1.0,-1.0,-1.0,-1.0,-1.0,-1.0,-1.0,-1.0,-1.0,-1.0,-1.0,-1.0,-1.0,-1.0,-1.0,-1.0,-1.0,-1.0,-1.0,-1.0,-1.0,-1.0,-1.0,-1.0,-1.0,-1.0,-1.0,-1.0,-1.0,-1.0,-1.0,-1.0,-1.0,-1.0,-1.0,-1.0,-1.0,-1.0,-1.0,-1.0,-1.0,-1.0,-1.0,-1.0,-1.0,-1.0,-1.0,-1.0,-1.0,-1.0,-1.0,-1.0,-1.0,-1.0,-1.0,-1.0,-1.0,-1.0,-1.0,-1.0,-1.0,-1.0,-1.0,-1.0,-1.0,-1.0,-1.0,-1.0,-1.0,-1.0,-1.0,-1.0,-1.0,-1.0,-1.0,-1.0,-1.0,-1.0,-1.0,-1.0,-1.0,-1.0,-1.0,-1.0,-1.0,-1.0,-1.0,-1.0,-1.0,-1.0,-1.0,-1.0,-1.0,-1.0,-1.0,-1.0,-1.0,-1.0,-1.0,-1.0,-1.0,-1.0,-1.0,-1.0,-1.0,-1.0,-1.0,-1.0,-1.0,-1.0,-1.0,-1.0,-1.0,-1.0,-1.0,-1.0,-1.0,-1.0,-1.0,-1.0,-1.0,-1.0,-1.0,-1.0,-1.0,-1.0,-1.0,-1.0,-1.0,-1.0,-1.0,-1.0,-1.0,-1.0,-1.0,-1.0,-1.0,-1.0,-1.0,-1.0,-1.0,-1.0,-1.0,-1.0,-1.0,-1.0,-1.0,-1.0,-1.0,-1.0,-1.0,-1.0,-1.0,-1.0,-1.0,-1.0,-1.0,-1.0,-1.0,-1.0,-1.0,-1.0,-1.0,-1.0,-1.0,-1.0,-1.0,-1.0,-1.0,-1.0,-1.0,-1.0,-1.0,-1.0,-1.0,-1.0,-1.0,-1.0,-1.0,-1.0,-1.0,-1.0,-1.0,-1.0,-1.0,-1.0,-1.0,-1.0,-1.0,-1.0,-1.0,-1.0,-1.0,-1.0,-1.0,-1.0,-1.0,-1.0,-1.0,-1.0,-1.0,-1.0,-1.0,-1.0,-1.0,-1.0,-1.0,-1.0,-1.0,-1.0,-1.0,-1.0,-1.0,-1.0,-1.0,-1.0,-1.0,-1.0,-1.0,-1.0,-1.0,-1.0,-1.0,-1.0,-1.0,-1.0,-1.0,-1.0,-1.0,-1.0,-1.0,-1.0,-1.0,-1.0,-1.0,-1.0,-1.0,-1.0,-1.0,-1.0,-1.0,-1.0,-1.0,-1.0,-1.0,-1.0,-1.0,-1.0,-1.0,-1.0,-1.0,-1.0,-1.0,-1.0,-1.0,-1.0,-1.0,-1.0
1.0,1.0,1.0,1.0,1.0,1.0,1.0,1.0,1.0,1.0,1.0,1.0,1.0,1.0,1.0,1.0,1.0,1.0,1.0,1.0,1.0,1.0,1.0,1.0,1.0,1.0,1.0,1.0,1.0,1.0,1.0,1.0,1.0,1.0,1.0,1.0,1.0,1.0,1.0,1.0,1.0,1.0,1.0,1.0,1.0,1.0,1.0,1.0,1.0,1.0,1.0,1.0,1.0,1.0,1.0,1.0,1.0,1.0,1.0,1.0,1.0,1.0,1.0,1.0,1.0,1.0,1.0,1.0,1.0,1.0,1.0,1.0,1.0,1.0,1.0,1.0,1.0,1.0,1.0,1.0,1.0,1.0,1.0,1.0,1.0,1.0,1.0,1.0,1.0,1.0,1.0,1.0,1.0,1.0,1.0,1.0,1.0,1.0,1.0,1.0,1.0,1.0,1.0,1.0,1.0,1.0,1.0,1.0,1.0,1.0,1.0,1.0,1.0,1.0,1.0,1.0,1.0,1.0,1.0,1.0,1.0,1.0,1.0,1.0,1.0,1.0,1.0,1.0,1.0,1.0,1.0,1.0,1.0,1.0,1.0,1.0,1.0,1.0,1.0,1.0,1.0,1.0,1.0,1.0,1.0,1.0,1.0,1.0,1.0,1.0,1.0,1.0,1.0,1.0,1.0,1.0,1.0,1.0,1.0,1.0,1.0,1.0,1.0,1.0,1.0,1.0,1.0,1.0,1.0,1.0,1.0,1.0,1.0,1.0,1.0,1.0,1.0,1.0,1.0,1.0,1.0,1.0,1.0,1.0,1.0,1.0,1.0,1.0,1.0,1.0,1.0,1.0,1.0,1.0,1.0,1.0,1.0,1.0,1.0,1.0,1.0,1.0,1.0,1.0,1.0,1.0,1.0,1.0,1.0,1.0,1.0,1.0,1.0,1.0,1.0,1.0,1.0,1.0,1.0,1.0,1.0,1.0,1.0,1.0,1.0,1.0,1.0,1.0,1.0,1.0,1.0,1.0,1.0,1.0,1.0,1.0,1.0,1.0,1.0,1.0,1.0,1.0,1.0,1.0,1.0,1.0,1.0,1.0,1.0,1.0,1.0,1.0,1.0,1.0,1.0,1.0,1.0,1.0,1.0,1.0,1.0,1.0,1.0,1.0,1.0,1.0,1.0,1.0,1.0,1.0,1.0,1.0,1.0,1.0,1.0,1.0,1.0,1.0,1.0,1.0,1.0,1.0,1.0,1.0,1.0,1.0,1.0,1.0,1.0,1.0,1.0,1.0,1.0,1.0,1.0,1.0,1.0,1.0,1.0,1.0,1.0,1.0,1.0,1.0,1.0,1.0,1.0,1.0,1.0,1.0,1.0,1.0,1.0,1.0,1.0,1.0,1.0,1.0,1.0,1.0,1.0,1.0,1.0,1.0,1.0,1.0,1.0,1.0,1.0,1.0,1.0,1.0,1.0,1.0,1.0,1.0,1.0,1.0,1.0,1.0,1.0,1.0,1.0,1.0,1.0,1.0,1.0,1.0,1.0,1.0,1.0,1.0,1.0,1.0,1.0,1.0,1.0,1.0,1.0,1.0,1.0,1.0,1.0,1.0,1.0,1.0,1.0,1.0,1.0,1.0,1.0,1.0,1.0,1.0,1.0,1.0,1.0,1.0,1.0,1.0,1.0,1.0,1.0,1.0,1.0,1.0,1.0,1.0,1.0,1.0,1.0,1.0,1.0,1.0,1.0,1.0,1.0,1.0,1.0,1.0,1.0,1.0,1.0,1.0,1.0,1.0,1.0,1.0,1.0,1.0,1.0,1.0,1.0,1.0,1.0,1.0,1.0,1.0,1.0,1.0,1.0,1.0,1.0,1.0,1.0,1.0,1.0,1.0,1.0,1.0,1.0,1.0,1.0,1.0
0.0,0.0,0.0,0.0,0.0,0.0,0.0,0.0,0.0,0.0,0.0,0.0,0.0,0.0,0.0,0.0,0.0,0.0,0.0,0.0,0.0,0.0,0.0,0.0,0.0,0.0,0.0,0.0,0.0,0.0,0.0,0.0,0.0,0.0,0.0,0.0,0.0,0.0,0.0,0.0,0.0,0.0,0.0,0.0,0.0,0.0,0.0,0.0,0.0,0.0,0.0,0.0,0.0,0.0,0.0,0.0,0.0,0.0,0.0,0.0,0.0,0.0,0.0,0.0,0.0,0.0,0.0,0.0,0.0,0.0,0.0,0.0,0.0,0.0,0.0,0.0,0.0,0.0,0.0,0.0,0.0,0.0,0.0,0.0,0.0,0.0,0.0,0.0,0.0,0.0,0.0,0.0,0.0,0.0,0.0,0.0,0.0,0.0,0.0,0.0,0.0,0.0,0.0,0.0,0.0,0.0,0.0,0.0,0.0,0.0,0.0,0.0,0.0,0.0,0.0,0.0,0.0,0.0,0.0,0.0,0.0,0.0,0.0,0.0,0.0,0.0,0.0,0.0,0.0,0.0,0.0,0.0,0.0,0.0,0.0,0.0,0.0,0.0,0.0,0.0,0.0,0.0,0.0,0.0,0.0,0.0,0.0,0.0,0.0,0.0,0.0,0.0,0.0,0.0,0.0,0.0,0.0,0.0,0.0,0.0,0.0,0.0,0.0,0.0,0.0,0.0,0.0,0.0,0.0,0.0,0.0,0.0,0.0,0.0,0.0,0.0,0.0,0.0,0.0,0.0,0.0,0.0,0.0,0.0,0.0,0.0,0.0,0.0,0.0,0.0,0.0,0.0,0.0,0.0,0.0,0.0,0.0,0.0,0.0,0.0,0.0,0.0,0.0,0.0,0.0,0.0,0.0,0.0,0.0,0.0,0.0,0.0,0.0,0.0,0.0,0.0,0.0,0.0,0.0,0.0,0.0,0.0,0.0,0.0,0.0,0.0,0.0,0.0,0.0,0.0,0.0,0.0,0.0,0.0,0.0,0.0,0.0,0.0,0.0,0.0,0.0,0.0,0.0,0.0,0.0,0.0,0.0,0.0,0.0,0.0,0.0,0.0,0.0,0.0,0.0,0.0,0.0,0.0,0.0,0.0,0.0,0.0,0.0,0.0,0.0,0.0,0.0,0.0,0.0,0.0,0.0,0.0,0.0,0.0,0.0,0.0,0.0,0.0,0.0,0.0,0.0,0.0,0.0,0.0,0.0,0.0,0.0,0.0,0.0,0.0,0.0,0.0,0.0,0.0,0.0,0.0,0.0,0.0,0.0,0.0,0.0,0.0,0.0,0.0,0.0,0.0,0.0,0.0,0.0,0.0,0.0,0.0,0.0,0.0,0.0,0.0,0.0,0.0,0.0,0.0,0.0,0.0,0.0,0.0,0.0,0.0,0.0,0.0,0.0,0.0,0.0,0.0,0.0,0.0,0.0,0.0,0.0,0.0,0.0,0.0,0.0,0.0,0.0,0.0,0.0,0.0,0.0,0.0,0.0,0.0,0.0,0.0,0.0,0.0,0.0,0.0,0.0,0.0,0.0,0.0,0.0,0.0,0.0,0.0,0.0,0.0,0.0,0.0,0.0,0.0,0.0,0.0,0.0,0.0,0.0,0.0,0.0,0.0,0.0,0.0,0.0,0.0,0.0,0.0,0.0,0.0,0.0,0.0,0.0,0.0,0.0,0.0,0.0,0.0,0.0,0.0,0.0,0.0,0.0,0.0,0.0,0.0,0.0,0.0,0.0,0.0,0.0,0.0,0.0,0.0,0.0,0.0,0.0,0.0,0.0,0.0,0.0,0.0,0.0,0.0,0.0,0.0,0.0,0.0,0.0,0.0,0.0,0.0,0.0,0.0,0.0,0.0,0.0,0.0
1.0,1.0,1.0,1.0,1.0,1.0,1.0,1.0,1.0,1.0,1.0,1.0,1.0,1.0,1.0,1.0,1.0,1.0,1.0,1.0,1.0,1.0,1.0,1.0,1.0,1.0,1.0,1.0,1.0,1.0,1.0,1.0,1.0,1.0,1.0,1.0,1.0,1.0,1.0,1.0,1.0,1.0,1.0,1.0,1.0,1.0,1.0,1.0,1.0,1.0,1.0,1.0,1.0,1.0,1.0,1.0,1.0,1.0,1.0,1.0,1.0,1.0,1.0,1.0,1.0,1.0,1.0,1.0,1.0,1.0,1.0,1.0,1.0,1.0,1.0,1.0,1.0,1.0,1.0,1.0,1.0,1.0,1.0,1.0,1.0,1.0,1.0,1.0,1.0,1.0,1.0,1.0,1.0,1.0,1.0,1.0,1.0,1.0,1.0,1.0,1.0,1.0,1.0,1.0,1.0,1.0,1.0,1.0,1.0,1.0,1.0,1.0,1.0,1.0,1.0,1.0,1.0,1.0,1.0,1.0,1.0,1.0,1.0,1.0,1.0,1.0,1.0,1.0,1.0,1.0,1.0,1.0,1.0,1.0,1.0,1.0,1.0,1.0,1.0,1.0,1.0,1.0,1.0,1.0,1.0,1.0,1.0,1.0,1.0,1.0,1.0,1.0,1.0,1.0,1.0,1.0,1.0,1.0,1.0,1.0,1.0,1.0,1.0,1.0,1.0,1.0,1.0,1.0,1.0,1.0,1.0,-0.30536130536130535,-1.0,-1.0,-0.8729096989966555,-0.8729096989966555,-0.07317073170731703,-0.07317073170731703,-0.8729096989966555,-0.8729096989966555,-0.8473282442748091,-0.8473282442748091,-0.8473282442748091,-1.0,-1.0,-0.8729096989966555,-0.8729096989966555,-0.07317073170731703,-0.07317073170731703,-0.8729096989966555,-0.8729096989966555,-0.5637393767705383,-0.5637393767705383,0.6716417910447761,0.6716417910447761,-0.5637393767705383,-0.5637393767705383,-0.551983584131327,-0.8415094339622642,-0.8415094339622642,-0.8415094339622642,-0.8415094339622642,-0.8415094339622642,0.1428571428571428,0.1428571428571428,-0.7877551020408163,-0.7877551020408163,-0.7877551020408163,-0.7877551020408163,-0.7877551020408163,-0.7976147452114203,-0.7976147452114203,-0.7976147452114203,-0.7877551020408163,-0.7976147452114203,-0.7976147452114203,-0.7976147452114203,-0.7976147452114203,-0.7976147452114203,-0.7976147452114203,-0.7976147452114203,-0.7976147452114203,-0.7877551020408163,-0.7877551020408163,-0.7877551020408163,-0.7877551020408163,-0.7877551020408163,-0.7877551020408163,-0.7877551020408163,-0.7976147452114203,-0.7976147452114203,-0.7976147452114203,-0.7976147452114203,-0.7976147452114203,-0.7877551020408163,-0.7877551020408163,-0.7170605373907413,-0.828125,-0.828125,-0.828125,-0.828125,-0.828125,-0.6448598130841121,-0.6,-0.6,-0.6448598130841121,-0.6448598130841121,-1.0,-1.0,-0.8428571428571429,-0.8428571428571429,-0.8428571428571429,-0.8428571428571429,-0.663716814159292,-0.6,-0.6,-0.663716814159292,-0.663716814159292,-0.8439716312056738,-0.8439716312056738,-0.8439716312056738,-0.8439716312056738,-0.8439716312056738,-0.6651982378854626,-0.6,-0.6,-0.6651982378854626,-0.6651982378854626,-0.7379310344827585,-0.7379310344827585,-1.0,-1.0,-1.0,-0.7379310344827585,-0.7379310344827585,-0.7379310344827585,-0.7170605373907413,1.0,1.0,1.0,1.0,-0.7170605373907413,-0.7170605373907413,-0.6745362563237773,-0.6745362563237773,-0.6723259762308998,-0.6723259762308998,-0.7127659574468085,-0.7127659574468085,-0.5733333333333333,-0.5733333333333333,-0.5733333333333333,-0.7127659574468085,-0.7127659574468085,-0.632183908045977,-0.632183908045977,-0.632183908045977,-0.7127659574468085,-0.25,-0.25,-0.25,-0.25,-0.25,-0.25,-0.7127659574468085,-0.7127659574468085,-0.6483516483516483,-0.6483516483516483,-0.6483516483516483,-0.7127659574468085,-0.7127659574468085,-0.7127659574468085,-0.7127659574468085,-0.6235294117647059,-0.6235294117647059,-0.6235294117647059,-0.7127659574468085,-0.7127659574468085,-0.576158940397351,-0.576158940397351,-0.576158940397351,-0.7127659574468085,-0.7127659574468085,-0.5616438356164384,-0.5616438356164384,-0.5616438356164384,-0.7127659574468085,-0.7127659574468085,-0.7333333333333334,-0.7333333333333334,-0.7333333333333334,-0.7127659574468085,-0.7127659574468085,-0.7127659574468085,-0.7127659574468085,-0.7127659574468085,-0.7127659574468085,-0.8691588785046729,-0.8691588785046729,-0.8691588785046729,-0.8691588785046729,-0.8691588785046729,-0.8691588785046729,-0.8691588785046729,-0.7127659574468085,-0.7127659574468085,-0.7127659574468085,-0.7127659574468085,-0.7127659574468085,-0.7127659574468085,-0.7127659574468085,-0.6723259762308998,-0.6723259762308998,-0.6723259762308998,-0.6723259762308998,1.0,1.0,1.0,1.0,1.0,1.0,-1.0,-1.0,-1.0,-1.0,-1.0,0.3371675053918044,1.0,1.0,1.0,1.0,1.0,1.0,1.0,1.0,1.0,1.0,0.8066037735849056,0.8066037735849056,1.0,1.0,1.0,1.0,1.0,1.0,1.0,1.0,1.0,1.0,1.0,1.0,1.0,1.0,1.0,1.0,-0.7379310344827585,-0.7379310344827585,-1.0,-1.0,-0.7379310344827585,-0.7379310344827585,-1.0,-1.0,0.3371675053918044,0.3371675053918044,0.3371675053918044,0.3371675053918044,0.3371675053918044,0.3371675053918044,0.3371675053918044,0.3371675053918044,0.3371675053918044,0.3371675053918044,0.3371675053918044,0.3371675053918044,0.3371675053918044,-0.7636761487964989,-1.0,-1.0,-1.0,-1.0,-1.0,-0.7628205128205128,-0.7628205128205128,-0.7628205128205128,-0.7628205128205128,-0.7628205128205128,-0.7628205128205128,-0.7628205128205128,-0.7628205128205128,-0.7628205128205128,-0.7636761487964989,-0.7655172413793103,-0.7655172413793103
0.04722599305560278,0.5719650796632643,0.5719650796632643,0.5719650796632643,0.5719650796632643,0.04722599305560278,0.04722599305560278,-0.4775130935520587,-0.4775130935520587,-0.4775130935520587,-0.4775130935520587,-0.4775130935520587,-0.4775130935520587,-0.4775130935520587,-0.4775130935520587,-0.4775130935520587,-0.4775130935520587,0.04722599305560278,0.04722599305560278,0.04722599305560278,0.04722599305560278,0.04722599305560278,0.04722599305560278,0.04722599305560278,0.04722599305560278,0.04722599305560278,0.04722599305560278,0.04722599305560278,0.04722599305560278,0.04722599305560278,0.04722599305560278,0.04722599305560278,0.04722599305560278,0.04722599305560278,0.04722599305560278,0.04722599305560278,0.04722599305560278,0.04722599305560278,0.04722599305560278,0.04722599305560278,0.04722599305560278,0.04722599305560278,0.04722599305560278,0.04722599305560278,0.04722599305560278,0.04722599305560278,0.04722599305560278,0.04722599305560278,0.04722599305560278,0.04722599305560278,0.04722599305560278,0.04722599305560278,0.04722599305560278,0.04722599305560278,0.04722599305560278,0.5719650796632643,0.5719650796632643,0.5719650796632643,0.5719650796632643,0.5719650796632643,0.5719650796632643,0.5719650796632643,0.5719650796632643,0.04722599305560278,0.5719650796632643,0.5719650796632643,0.5719650796632643,0.5719650796632643,0.5719650796632643,0.5719650796632643,0.5719650796632643,0.04722599305560278,0.5719650796632643,0.5719650796632643,0.5719650796632643,0.5719650796632643,0.5719650796632643,0.5719650796632643,0.5719650796632643,0.5719650796632643,0.04722599305560278,0.5719650796632643,0.5719650796632643,0.5719650796632643,0.5719650796632643,0.5719650796632643,0.5719650796632643,0.5719650796632643,0.5719650796632643,0.5719650796632643,0.04722599305560278,-0.4775130935520587,-0.4775130935520587,-0.4775130935520587,0.04722599305560278,0.04722599305560278,0.04722599305560278,0.04722599305560278,0.04722599305560278,0.04722599305560278,0.04722599305560278,0.04722599305560278,0.04722599305560278,0.04722599305560278,0.04722599305560278,0.04722599305560278,0.04722599305560278,0.04722599305560278,0.04722599305560278,0.04722599305560278,0.04722599305560278,0.04722599305560278,0.04722599305560278,0.04722599305560278,0.04722599305560278,0.04722599305560278,0.04722599305560278,0.04722599305560278,0.04722599305560278,0.04722599305560278,0.04722599305560278,0.04722599305560278,0.04722599305560278,0.04722599305560278,0.5719650796632643,0.5719650796632643,0.5719650796632643,0.5719650796632643,0.5719650796632643,0.5719650796632643,0.5719650796632643,0.5719650796632643,0.5719650796632643,0.5719650796632643,0.5719650796632643,0.5719650796632643,0.5719650796632643,0.04722599305560278,0.04722599305560278,0.04722599305560278,0.04722599305560278,0.04722599305560278,0.04722599305560278,0.04722599305560278,0.04722599305560278,0.04722599305560278,0.04722599305560278,0.04722599305560278,0.04722599305560278,0.04722599305560278,0.04722599305560278,0.04722599305560278,0.04722599305560278,0.04722599305560278,0.04722599305560278,0.04722599305560278,0.04722599305560278,0.04722599305560278,0.04722599305560278,0.04722599305560278,0.04722599305560278,0.04722599305560278,0.04722599305560278,-0.4775130935520587,-0.4775130935520587,-0.4775130935520587,-0.4775130935520587,-0.4775130935520587,-0.4775130935520587,-0.4775130935520587,-0.4775130935520587,-0.4775130935520587,-1.0022521801597202,-1.0022521801597202,-0.4775130935520587,-0.4775130935520587,-1.0022521801597202,-1.0022521801597202,-0.4775130935520587,-0.4775130935520587,-0.4775130935520587,-0.4775130935520587,-0.4775130935520587,-1.0022521801597202,-1.0022521801597202,-0.4775130935520587,-0.4775130935520587,-1.0022521801597202,-1.0022521801597202,-0.4775130935520587,-0.4775130935520587,-0.4775130935520587,-0.4775130935520587,0.04722599305560278,0.04722599305560278,-0.4775130935520587,-0.4775130935520587,-0.4775130935520587,-0.4775130935520587,-0.4775130935520587,-0.4775130935520587,-0.4775130935520587,-0.4775130935520587,-0.4775130935520587,-0.4775130935520587,-0.4775130935520587,-0.4775130935520587,-0.4775130935520587,-0.4775130935520587,-0.4775130935520587,-0.4775130935520587,-0.4775130935520587,-0.4775130935520587,-0.4775130935520587,-0.4775130935520587,-0.4775130935520587,-0.4775130935520587,-0.4775130935520587,-0.4775130935520587,-0.4775130935520587,-0.4775130935520587,-0.4775130935520587,-0.4775130935520587,-0.4775130935520587,-0.4775130935520587,-0.4775130935520587,-0.4775130935520587,-0.4775130935520587,-0.4775130935520587,-0.4775130935520587,-0.4775130935520587,-0.4775130935520587,-0.4775130935520587,-0.4775130935520587,-0.4775130935520587,-0.4775130935520587,-0.4775130935520587,-0.4775130935520587,-0.4775130935520587,-0.4775130935520587,-0.4775130935520587,-0.4775130935520587,-0.4775130935520587,0.04722599305560278,0.04722599305560278,-0.4775130935520587,-0.4775130935520587,-0.4775130935520587,-0.4775130935520587,-0.4775130935520587,-0.4775130935520587,-0.4775130935520587,-0.4775130935520587,-0.4775130935520587,0.04722599305560278,0.04722599305560278,-0.4775130935520587,-0.4775130935520587,-0.4775130935520587,-0.4775130935520587,-0.4775130935520587,-0.4775130935520587,-0.4775130935520587,-0.4775130935520587,0.04722599305560278,0.04722599305560278,-0.4775130935520587,-0.4775130935520587,-0.4775130935520587,-0.4775130935520587,-0.4775130935520587,-0.4775130935520587,-0.4775130935520587,-0.4775130935520587,-0.4775130935520587,-0.4775130935520587,-0.4775130935520587,-0.4775130935520587,-0.4775130935520587,-0.4775130935520587,-0.4775130935520587,-0.4775130935520587,-0.4775130935520587,0.04722599305560278,0.04722599305560278,0.04722599305560278,0.04722599305560278,0.04722599305560278,0.04722599305560278,0.04722599305560278,0.04722599305560278,0.04722599305560278,0.04722599305560278,0.04722599305560278,0.5719650796632643,0.5719650796632643,0.5719650796632643,0.04722599305560278,0.04722599305560278,0.04722599305560278,0.04722599305560278,0.04722599305560278,0.04722599305560278,0.04722599305560278,0.04722599305560278,0.04722599305560278,0.5719650796632643,0.5719650796632643,0.5719650796632643,0.04722599305560278,0.04722599305560278,0.04722599305560278,0.04722599305560278,0.5719650796632643,0.5719650796632643,0.5719650796632643,0.04722599305560278,0.04722599305560278,0.5719650796632643,0.5719650796632643,0.5719650796632643,0.04722599305560278,0.04722599305560278,0.5719650796632643,0.5719650796632643,0.5719650796632643,0.04722599305560278,0.04722599305560278,0.04722599305560278,0.04722599305560278,0.04722599305560278,0.04722599305560278,0.04722599305560278,0.04722599305560278,0.04722599305560278,0.04722599305560278,0.04722599305560278,-0.4775130935520587,-0.4775130935520587,-0.4775130935520587,-0.4775130935520587,-0.4775130935520587,-0.4775130935520587,-0.4775130935520587,0.04722599305560278,0.04722599305560278,0.04722599305560278,0.04722599305560278,0.04722599305560278,0.04722599305560278,0.04722599305560278,0.04722599305560278,0.04722599305560278,0.04722599305560278,0.04722599305560278,1.0967041662709258,1.0967041662709258,1.0967041662709258,1.0967041662709258,1.0967041662709258,1.0967041662709258,-0.4775130935520587,-0.4775130935520587,-0.4775130935520587,-0.4775130935520587,-0.4775130935520587,-0.4775130935520587,-0.4775130935520587,-0.4775130935520587,-0.4775130935520587,-0.4775130935520587,-0.4775130935520587,-0.4775130935520587,-0.4775130935520587,-0.4775130935520587,-0.4775130935520587,-0.4775130935520587,-0.4775130935520587,-0.4775130935520587,-0.4775130935520587,-0.4775130935520587,-0.4775130935520587,-0.4775130935520587,-0.4775130935520587,-0.4775130935520587,-0.4775130935520587,-0.4775130935520587,-0.4775130935520587,-0.4775130935520587,-0.4775130935520587,-0.4775130935520587,-0.4775130935520587,-0.4775130935520587,-0.4775130935520587,-0.4775130935520587,-0.4775130935520587,-0.4775130935520587,0.04722599305560278,0.04722599305560278,-0.4775130935520587,-0.4775130935520587,-1.0022521801597202,-1.0022521801597202,-0.4775130935520587,-0.4775130935520587,-0.4775130935520587,-0.4775130935520587,-0.4775130935520587,-0.4775130935520587,-0.4775130935520587,-0.4775130935520587,-0.4775130935520587,-0.4775130935520587,-0.4775130935520587,-0.4775130935520587,-0.4775130935520587,-0.4775130935520587,-0.4775130935520587,-0.4775130935520587,-0.4775130935520587,-0.4775130935520587,-0.4775130935520587,-0.4775130935520587,-0.4775130935520587,-0.4775130935520587,-0.4775130935520587,-0.4775130935520587,-0.4775130935520587,-0.4775130935520587,-0.4775130935520587,-0.4775130935520587,-0.4775130935520587,-0.4775130935520587,-0.4775130935520587
1.0,-1.0,-1.0,-1.0,-1.0,1.0,1.0,-1.0,-1.0,-1.0,-1.0,-1.0,-1.0,-1.0,-1.0,-1.0,-1.0,1.0,1.0,1.0,1.0,1.0,1.0,1.0,1.0,1.0,1.0,1.0,1.0,1.0,1.0,1.0,1.0,1.0,1.0,1.0,1.0,1.0,-1.0,-1.0,-1.0,-1.0,-1.0,-1.0,-1.0,-1.0,-1.0,-1.0,-1.0,-1.0,-1.0,-1.0,-1.0,-1.0,1.0,-1.0,-1.0,-1.0,-1.0,-1.0,-1.0,-1.0,-1.0,1.0,1.0,1.0,1.0,1.0,1.0,1.0,1.0,1.0,-1.0,-1.0,-1.0,-1.0,-1.0,-1.0,-1.0,-1.0,1.0,-1.0,-1.0,-1.0,-1.0,-1.0,-1.0,-1.0,-1.0,-1.0,1.0,-1.0,-1.0,-1.0,1.0,-1.0,-1.0,-1.0,-1.0,-1.0,-1.0,-1.0,-1.0,-1.0,-1.0,-1.0,-1.0,-1.0,-1.0,-1.0,1.0,-1.0,-1.0,-1.0,-1.0,-1.0,-1.0,-1.0,-1.0,-1.0,-1.0,-1.0,1.0,1.0,-1.0,-1.0,-1.0,-1.0,-1.0,-1.0,-1.0,-1.0,-1.0,-1.0,-1.0,-1.0,-1.0,1.0,1.0,1.0,1.0,1.0,1.0,-1.0,-1.0,-1.0,1.0,1.0,1.0,1.0,1.0,-1.0,-1.0,-1.0,-1.0,-1.0,1.0,1.0,1.0,1.0,1.0,1.0,1.0,1.0,1.0,1.0,1.0,1.0,1.0,1.0,1.0,1.0,1.0,1.0,1.0,1.0,1.0,1.0,1.0,1.0,1.0,1.0,1.0,1.0,1.0,1.0,1.0,1.0,1.0,1.0,1.0,1.0,1.0,-1.0,-1.0,1.0,1.0,1.0,1.0,1.0,1.0,1.0,1.0,1.0,1.0,1.0,1.0,1.0,1.0,1.0,1.0,1.0,1.0,1.0,1.0,1.0,1.0,1.0,1.0,1.0,1.0,1.0,1.0,1.0,1.0,1.0,1.0,1.0,1.0,1.0,1.0,1.0,1.0,1.0,1.0,1.0,1.0,1.0,1.0,1.0,1.0,1.0,1.0,1.0,1.0,1.0,1.0,1.0,1.0,1.0,1.0,1.0,1.0,1.0,1.0,1.0,1.0,1.0,1.0,1.0,1.0,1.0,1.0,1.0,1.0,1.0,1.0,1.0,1.0,1.0,1.0,1.0,1.0,1.0,1.0,1.0,1.0,1.0,1.0,1.0,1.0,1.0,1.0,1.0,1.0,1.0,1.0,1.0,1.0,1.0,1.0,1.0,1.0,1.0,1.0,1.0,1.0,1.0,1.0,1.0,1.0,1.0,1.0,1.0,1.0,1.0,1.0,1.0,1.0,1.0,1.0,1.0,1.0,1.0,1.0,1.0,1.0,1.0,1.0,1.0,1.0,1.0,1.0,1.0,1.0,1.0,1.0,1.0,1.0,1.0,1.0,1.0,1.0,1.0,1.0,1.0,1.0,1.0,1.0,1.0,1.0,1.0,1.0,1.0,1.0,1.0,1.0,1.0,1.0,1.0,1.0,1.0,1.0,1.0,1.0,-1.0,-1.0,-1.0,-1.0,-1.0,-1.0,1.0,1.0,1.0,1.0,1.0,1.0,1.0,1.0,1.0,1.0,1.0,1.0,1.0,1.0,1.0,1.0,1.0,1.0,1.0,1.0,1.0,1.0,1.0,1.0,1.0,1.0,1.0,1.0,1.0,1.0,1.0,1.0,1.0,1.0,1.0,1.0,1.0,1.0,1.0,1.0,-1.0,-1.0,1.0,1.0,1.0,1.0,1.0,1.0,1.0,1.0,1.0,1.0,1.0,1.0,1.0,1.0,1.0,1.0,1.0,1.0,1.0,1.0,1.0,1.0,1.0,1.0,1.0,1.0,1.0,1.0,1.0,1.0,1.0
-2.330491533531928,-2.446043165467626,-2.446043165467626,-2.446043165467626,-2.446043165467626,-2.3275608762002253,-2.3687964445909273,-2.446043165467626,-2.446043165467626,-2.446043165467626,-2.446043165467626,-2.446043165467626,-2.446043165467626,-2.446043165467626,-2.446043165467626,-2.446043165467626,-2.446043165467626,-2.3687964445909273,-2.1346040051076023,-2.1346040051076023,-2.1346040051076023,-2.1346040051076023,-2.1346040051076023,-2.1346040051076023,-2.1346040051076023,-2.1346040051076023,-2.1346040051076023,-2.1346040051076023,-2.1346040051076023,-2.1346040051076023,-2.1346040051076023,-2.1346040051076023,-2.1346040051076023,-2.1346040051076023,-2.1346040051076023,-2.1346040051076023,-2.1346040051076023,-2.3687964445909273,-2.446043165467626,-2.446043165467626,-2.446043165467626,-2.446043165467626,-2.446043165467626,-2.446043165467626,-2.446043165467626,-2.446043165467626,-2.446043165467626,-2.446043165467626,-2.446043165467626,-2.446043165467626,-2.446043165467626,-2.446043165467626,-2.446043165467626,-2.446043165467626,-2.3687964445909273,-2.446043165467626,-2.446043165467626,-2.446043165467626,-2.446043165467626,-2.446043165467626,-2.446043165467626,-2.446043165467626,-2.446043165467626,-2.3687964445909273,-2.0100283409635926,-2.0100283409635926,-2.0100283409635926,-2.0100283409635926,-2.0100283409635926,-2.0100283409635926,-2.0100283409635926,-2.3687964445909273,-2.446043165467626,-2.446043165467626,-2.446043165467626,-2.446043165467626,-2.446043165467626,-2.446043165467626,-2.446043165467626,-2.446043165467626,-2.3687964445909273,-2.446043165467626,-2.446043165467626,-2.446043165467626,-2.446043165467626,-2.446043165467626,-2.446043165467626,-2.446043165467626,-2.446043165467626,-2.446043165467626,-2.3687964445909273,-2.446043165467626,-2.446043165467626,-2.446043165467626,-2.3687964445909273,-2.446043165467626,-2.446043165467626,-2.446043165467626,-2.446043165467626,-2.446043165467626,-2.446043165467626,-2.446043165467626,-2.446043165467626,-2.446043165467626,-2.446043165467626,-2.446043165467626,-2.446043165467626,-2.446043165467626,-2.446043165467626,-2.446043165467626,-2.3687964445909273,-2.446043165467626,-2.446043165467626,-2.446043165467626,-2.446043165467626,-2.446043165467626,-2.446043165467626,-2.446043165467626,-2.446043165467626,-2.446043165467626,-2.446043165467626,-2.446043165467626,-2.3275608762002253,-2.3687964445909273,-2.446043165467626,-2.446043165467626,-2.446043165467626,-2.446043165467626,-2.446043165467626,-2.446043165467626,-2.446043165467626,-2.446043165467626,-2.446043165467626,-2.446043165467626,-2.446043165467626,-2.446043165467626,-2.446043165467626,-2.3687964445909273,-2.3687964445909273,-2.3687964445909273,-2.3687964445909273,-2.3275608762002253,-2.3687964445909273,-2.446043165467626,-2.446043165467626,-2.446043165467626,-2.3275608762002253,-2.3275608762002253,-2.3275608762002253,-2.3275608762002253,-2.3687964445909273,-2.446043165467626,-2.446043165467626,-2.446043165467626,-2.446043165467626,-2.446043165467626,-2.3275608762002253,-2.3275608762002253,-2.3275608762002253,-2.3275608762002253,-2.3275608762002253,-2.3275608762002253,-2.3275608762002253,-0.8109875735775016,-0.8109875735775016,-0.8109875735775016,-0.8109875735775016,-0.8109875735775016,-0.8109875735775016,-0.8109875735775016,-0.8109875735775016,-0.577408203307484,-0.41130731778213786,-0.41130731778213786,-0.4839764551994768,-0.4839764551994768,-0.2659690429474603,-0.2659690429474603,-0.4839764551994768,-0.4839764551994768,-0.6388764586416988,-0.6388764586416988,-0.6388764586416988,-0.41130731778213786,-0.41130731778213786,-0.4839764551994768,-0.4839764551994768,-0.2659690429474603,-0.2659690429474603,-0.4839764551994768,-0.4839764551994768,-0.07639738011961972,-0.07639738011961972,-2.446043165467626,-2.446043165467626,-0.07639738011961972,-0.07639738011961972,-0.53522122541011,0.5155669632390143,0.5155669632390143,0.5155669632390143,0.5155669632390143,0.5155669632390143,-1.8514774956893987,-1.8514774956893987,-0.09363116764942354,-0.09363116764942354,-0.09363116764942354,-0.09363116764942354,-0.09363116764942354,-0.022718667171525802,-0.022718667171525802,-0.022718667171525802,-0.09363116764942354,-0.022718667171525802,-0.022718667171525802,-0.022718667171525802,-0.022718667171525802,-0.022718667171525802,-0.022718667171525802,-0.022718667171525802,-0.022718667171525802,-0.09363116764942354,-0.09363116764942354,-0.09363116764942354,-0.09363116764942354,-0.09363116764942354,-0.09363116764942354,-0.09363116764942354,-0.022718667171525802,-0.022718667171525802,-0.022718667171525802,-0.022718667171525802,-0.022718667171525802,-0.09363116764942354,-0.09363116764942354,-0.4341521960830563,-0.09156311314584703,-0.09156311314584703,-0.09156311314584703,-0.09156311314584703,-0.09156311314584703,-0.3723141220947853,-0.9926604171208488,-0.9926604171208488,-0.3723141220947853,-0.3723141220947853,-0.3650633212438314,-0.3650633212438314,-0.3531720078482668,-0.3531720078482668,-0.3531720078482668,-0.3531720078482668,-0.5318317408157732,-0.9926604171208488,-0.9926604171208488,-0.5318317408157732,-0.5318317408157732,-0.343828833037466,-0.343828833037466,-0.343828833037466,-0.343828833037466,-0.343828833037466,-0.513704738688388,-0.9926604171208488,-0.9926604171208488,-0.513704738688388,-0.513704738688388,-1.439855108919857,-1.439855108919857,-1.2197514715500326,-1.2197514715500326,-1.2197514715500326,-1.439855108919857,-1.439855108919857,-1.439855108919857,-0.4341521960830563,-0.8109875735775016,-0.8109875735775016,-0.8109875735775016,-0.8109875735775016,-0.4341521960830563,-0.4341521960830563,-0.7976944386840861,-0.7976944386840861,-0.784183383546516,-0.784183383546516,-0.7180866876746536,-0.7180866876746536,-1.5541946608002855,-1.5541946608002855,-1.5541946608002855,-0.7180866876746536,-0.7180866876746536,-1.308613188500583,-1.308613188500583,-1.308613188500583,-0.7180866876746536,-1.4650098103335514,-1.4650098103335514,-1.4650098103335514,-1.4650098103335514,-1.4650098103335514,-1.4650098103335514,-0.7180866876746536,-0.7180866876746536,-1.0834968388925221,-1.0834968388925221,-1.0834968388925221,-0.7180866876746536,-0.7180866876746536,-0.7180866876746536,-0.7180866876746536,-1.6285153695225636,-1.6285153695225636,-1.6285153695225636,-0.7180866876746536,-0.7180866876746536,-1.5117256843875548,-1.5117256843875548,-1.5117256843875548,-0.7180866876746536,-0.7180866876746536,-1.4650098103335514,-1.4650098103335514,-1.4650098103335514,-0.7180866876746536,-0.7180866876746536,-0.6013650617967164,-0.6013650617967164,-0.6013650617967164,-0.7180866876746536,-0.7180866876746536,-0.7180866876746536,-0.7180866876746536,-0.7180866876746536,-0.7180866876746536,-0.09156311314584703,-0.09156311314584703,-0.09156311314584703,-0.09156311314584703,-0.09156311314584703,-0.09156311314584703,-0.09156311314584703,-0.7180866876746536,-0.7180866876746536,-0.7180866876746536,-0.7180866876746536,-0.7180866876746536,-0.7180866876746536,-0.7180866876746536,-0.784183383546516,-0.784183383546516,-0.784183383546516,-0.784183383546516,-2.446043165467626,-2.446043165467626,-2.446043165467626,-2.446043165467626,-2.446043165467626,-2.446043165467626,0.4048229947510523,0.4048229947510523,0.4048229947510523,0.4048229947510523,0.4048229947510523,-0.9657459217810936,-0.9450085237324297,-0.9450085237324297,-0.9450085237324297,-0.9450085237324297,-0.9450085237324297,-0.9450085237324297,-0.9450085237324297,-0.9450085237324297,-0.9450085237324297,-0.9450085237324297,-1.0319410319410318,-1.0319410319410318,-1.0587232693184294,-1.0587232693184294,-1.0587232693184294,-1.0587232693184294,-1.0587232693184294,-1.0587232693184294,-1.0587232693184294,-1.0587232693184294,-1.0587232693184294,-1.0587232693184294,-1.0587232693184294,-1.0587232693184294,-1.0587232693184294,-1.0587232693184294,-1.0587232693184294,-1.0587232693184294,-1.439855108919857,-1.439855108919857,-0.8109875735775016,-0.8109875735775016,-1.439855108919857,-1.439855108919857,-2.446043165467626,-2.446043165467626,-0.9657459217810936,-0.9657459217810936,-0.9657459217810936,-0.9657459217810936,-0.9657459217810936,-0.9657459217810936,-0.9657459217810936,-0.9657459217810936,-0.9657459217810936,-0.9657459217810936,-0.9657459217810936,-0.9657459217810936,-0.9657459217810936,-0.831173445082318,-1.439855108919857,-1.356006104207543,-1.356006104207543,-1.356006104207543,-1.4650098103335514,-1.1379986919555263,-1.1379986919555263,-1.1379986919555263,-1.1379986919555263,-1.1379986919555263,-1.1379986919555263,-1.1379986919555263,-1.1379986919555263,-1.1379986919555263,-0.831173445082318,-0.1821200382351462,-0.1821200382351462
1.0,-1.0,-1.0,-1.0,-1.0,1.0,1.0,1.0,1.0,1.0,1.0,1.0,1.0,1.0,1.0,1.0,1.0,1.0,1.0,1.0,1.0,1.0,1.0,1.0,1.0,1.0,1.0,1.0,1.0,1.0,1.0,1.0,1.0,1.0,1.0,1.0,1.0,1.0,1.0,1.0,1.0,1.0,1.0,1.0,1.0,1.0,1.0,1.0,1.0,1.0,1.0,1.0,1.0,1.0,1.0,-1.0,-1.0,-1.0,-1.0,-1.0,-1.0,-1.0,-1.0,1.0,1.0,1.0,1.0,1.0,1.0,1.0,1.0,1.0,1.0,1.0,1.0,1.0,1.0,1.0,1.0,1.0,1.0,-1.0,-1.0,-1.0,-1.0,-1.0,-1.0,-1.0,-1.0,-1.0,1.0,-1.0,-1.0,-1.0,1.0,1.0,1.0,1.0,1.0,1.0,1.0,1.0,1.0,1.0,1.0,1.0,1.0,1.0,1.0,1.0,1.0,-1.0,-1.0,-1.0,-1.0,-1.0,-1.0,-1.0,-1.0,-1.0,-1.0,-1.0,1.0,1.0,-1.0,-1.0,-1.0,-1.0,-1.0,-1.0,-1.0,-1.0,-1.0,-1.0,-1.0,-1.0,-1.0,1.0,1.0,1.0,1.0,1.0,1.0,-1.0,-1.0,-1.0,1.0,1.0,1.0,1.0,1.0,1.0,1.0,1.0,1.0,1.0,1.0,1.0,1.0,1.0,1.0,1.0,1.0,-1.0,-1.0,-1.0,-1.0,-1.0,-1.0,-1.0,-1.0,-1.0,-1.0,-1.0,-1.0,-1.0,-1.0,-1.0,-1.0,-1.0,-1.0,-1.0,-1.0,-1.0,-1.0,-1.0,-1.0,-1.0,-1.0,-1.0,-1.0,-1.0,-1.0,-1.0,-1.0,-1.0,-1.0,1.0,-1.0,-1.0,-1.0,-1.0,-1.0,1.0,1.0,1.0,1.0,1.0,1.0,1.0,1.0,1.0,1.0,1.0,1.0,1.0,1.0,1.0,1.0,1.0,1.0,1.0,1.0,1.0,1.0,1.0,1.0,1.0,1.0,1.0,1.0,1.0,1.0,1.0,1.0,1.0,1.0,1.0,1.0,1.0,1.0,1.0,1.0,-1.0,-1.0,1.0,1.0,-1.0,-1.0,-1.0,-1.0,-1.0,-1.0,-1.0,-1.0,-1.0,-1.0,-1.0,-1.0,-1.0,-1.0,-1.0,-1.0,-1.0,-1.0,-1.0,-1.0,-1.0,-1.0,-1.0,-1.0,-1.0,-1.0,-1.0,-1.0,-1.0,1.0,-1.0,-1.0,-1.0,-1.0,1.0,1.0,-1.0,-1.0,-1.0,-1.0,-1.0,-1.0,-1.0,-1.0,-1.0,-1.0,-1.0,-1.0,-1.0,-1.0,-1.0,-1.0,-1.0,-1.0,-1.0,-1.0,-1.0,-1.0,-1.0,-1.0,-1.0,-1.0,-1.0,-1.0,-1.0,-1.0,-1.0,-1.0,-1.0,-1.0,-1.0,-1.0,-1.0,-1.0,-1.0,-1.0,-1.0,-1.0,-1.0,-1.0,-1.0,-1.0,-1.0,-1.0,-1.0,-1.0,-1.0,-1.0,-1.0,-1.0,-1.0,-1.0,-1.0,-1.0,-1.0,-1.0,-1.0,-1.0,-1.0,-1.0,-1.0,-1.0,-1.0,-1.0,-1.0,-1.0,-1.0,-1.0,-1.0,-1.0,-1.0,-1.0,-1.0,-1.0,-1.0,-1.0,-1.0,-1.0,-1.0,1.0,-1.0,-1.0,-1.0,-1.0,-1.0,-1.0,-1.0,-1.0,-1.0,-1.0,-1.0,-1.0,-1.0,-1.0,-1.0,-1.0,-1.0,-1.0,-1.0,-1.0,-1.0,-1.0,-1.0,-1.0,-1.0,-1.0,-1.0,-1.0,-1.0,-1.0,-1.0,-1.0,-1.0,-1.0,-1.0,-1.0,1.0,1.0,1.0,1.0,1.0,1.0,1.0,1.0,1.0,1.0,1.0,1.0,1.0,-1.0,-1.0,-1.0,-1.0,-1.0,-1.0,-1.0,-1.0,-1.0,-1.0,-1.0,-1.0,-1.0,-1.0,-1.0,-1.0,-1.0,-1.0
1.0,-1.0,-1.0,-1.0,-1.0,1.0,1.0,1.0,1.0,1.0,1.0,1.0,1.0,1.0,1.0,1.0,1.0,1.0,-1.0,-1.0,-1.0,-1.0,-1.0,-1.0,-1.0,-1.0,-1.0,-1.0,-1.0,-1.0,-1.0,-1.0,-1.0,-1.0,-1.0,-1.0,-1.0,1.0,-1.0,-1.0,-1.0,-1.0,-1.0,-1.0,-1.0,-1.0,-1.0,-1.0,-1.0,-1.0,-1.0,-1.0,-1.0,-1.0,1.0,-1.0,-1.0,-1.0,-1.0,-1.0,-1.0,-1.0,-1.0,1.0,1.0,1.0,1.0,1.0,1.0,1.0,1.0,1.0,1.0,1.0,1.0,1.0,1.0,1.0,1.0,1.0,1.0,1.0,1.0,1.0,1.0,1.0,1.0,1.0,1.0,1.0,1.0,-1.0,-1.0,-1.0,1.0,1.0,1.0,1.0,1.0,1.0,1.0,1.0,1.0,1.0,1.0,1.0,1.0,1.0,1.0,1.0,1.0,1.0,1.0,1.0,1.0,1.0,1.0,1.0,1.0,1.0,1.0,1.0,1.0,1.0,-1.0,-1.0,-1.0,-1.0,-1.0,-1.0,-1.0,-1.0,-1.0,-1.0,-1.0,-1.0,-1.0,1.0,1.0,1.0,1.0,1.0,1.0,-1.0,-1.0,-1.0,1.0,1.0,1.0,1.0,1.0,-1.0,-1.0,-1.0,-1.0,-1.0,1.0,1.0,1.0,1.0,1.0,1.0,1.0,-1.0,-1.0,-1.0,-1.0,-1.0,-1.0,-1.0,-1.0,-1.0,-1.0,-1.0,-1.0,-1.0,-1.0,-1.0,-1.0,-1.0,-1.0,-1.0,-1.0,-1.0,-1.0,-1.0,-1.0,-1.0,-1.0,-1.0,-1.0,-1.0,-1.0,-1.0,-1.0,-1.0,-1.0,1.0,-1.0,-1.0,-1.0,-1.0,-1.0,-1.0,-1.0,-1.0,-1.0,-1.0,-1.0,-1.0,-1.0,-1.0,-1.0,-1.0,-1.0,-1.0,-1.0,-1.0,-1.0,-1.0,-1.0,-1.0,-1.0,-1.0,-1.0,-1.0,-1.0,-1.0,-1.0,-1.0,-1.0,-1.0,-1.0,-1.0,-1.0,-1.0,1.0,-1.0,-1.0,-1.0,-1.0,-1.0,-1.0,-1.0,-1.0,-1.0,-1.0,-1.0,-1.0,-1.0,-1.0,-1.0,-1.0,-1.0,-1.0,-1.0,-1.0,-1.0,1.0,1.0,1.0,1.0,1.0,1.0,-1.0,-1.0,1.0,1.0,-1.0,-1.0,-1.0,-1.0,-1.0,-1.0,-1.0,-1.0,1.0,-1.0,-1.0,-1.0,-1.0,1.0,1.0,-1.0,-1.0,-1.0,-1.0,-1.0,-1.0,-1.0,-1.0,-1.0,-1.0,-1.0,-1.0,-1.0,-1.0,-1.0,-1.0,-1.0,-1.0,-1.0,-1.0,-1.0,-1.0,-1.0,-1.0,-1.0,-1.0,-1.0,-1.0,-1.0,-1.0,-1.0,-1.0,-1.0,-1.0,-1.0,-1.0,-1.0,-1.0,-1.0,-1.0,-1.0,-1.0,-1.0,-1.0,-1.0,-1.0,-1.0,-1.0,-1.0,-1.0,-1.0,-1.0,-1.0,-1.0,-1.0,-1.0,-1.0,-1.0,-1.0,-1.0,-1.0,-1.0,-1.0,-1.0,-1.0,-1.0,-1.0,-1.0,-1.0,-1.0,-1.0,-1.0,-1.0,-1.0,-1.0,-1.0,-1.0,-1.0,-1.0,-1.0,-1.0,-1.0,-1.0,1.0,-1.0,-1.0,-1.0,-1.0,-1.0,-1.0,-1.0,-1.0,-1.0,-1.0,-1.0,-1.0,-1.0,-1.0,-1.0,-1.0,-1.0,-1.0,-1.0,-1.0,-1.0,-1.0,-1.0,-1.0,-1.0,-1.0,-1.0,-1.0,-1.0,-1.0,-1.0,-1.0,-1.0,-1.0,-1.0,-1.0,1.0,1.0,1.0,1.0,1.0,1.0,1.0,1.0,1.0,1.0,1.0,1.0,1.0,-1.0,-1.0,-1.0,-1.0,-1.0,-1.0,-1.0,-1.0,-1.0,-1.0,-1.0,-1.0,-1.0,-1.0,-1.0,-1.0,-1.0,-1.0
0.6862211549048304,-1.035425404711093,-1.035425404711093,-1.035425404711093,-1.035425404711093,0.6743356889479044,0.6343720565001649,-0.5665926435597917,-0.5665926435597917,-0.5665926435597917,-0.5665926435597917,-0.5665926435597917,-0.5665926435597917,-0.5665926435597917,-0.5665926435597917,-0.5665926435597917,-0.5665926435597917,0.6343720565001649,-0.22548930071742646,-0.22548930071742646,-0.22548930071742646,-0.22548930071742646,-0.22548930071742646,-0.22548930071742646,-0.22548930071742646,-0.22548930071742646,-0.22548930071742646,-0.22548930071742646,-0.22548930071742646,-0.22548930071742646,-0.22548930071742646,-0.22548930071742646,-0.22548930071742646,-0.22548930071742646,-0.22548930071742646,-0.22548930071742646,-0.22548930071742646,0.6343720565001649,-0.46859239543732956,-0.46859239543732956,-0.46859239543732956,-0.46859239543732956,-0.46859239543732956,-0.46859239543732956,-0.46859239543732956,-0.46859239543732956,-0.46859239543732956,-0.46859239543732956,-0.46859239543732956,-0.46859239543732956,-0.46859239543732956,-0.46859239543732956,-0.46859239543732956,-0.46859239543732956,0.6343720565001649,-0.7678930716403777,-0.7678930716403777,-0.7678930716403777,-0.7678930716403777,-0.7678930716403777,-0.7678930716403777,-0.7678930716403777,-0.7678930716403777,0.6343720565001649,-0.642536068558752,-0.642536068558752,-0.642536068558752,-0.642536068558752,-0.642536068558752,-0.642536068558752,-0.642536068558752,0.6343720565001649,-0.685701171423712,-0.685701171423712,-0.685701171423712,-0.685701171423712,-0.685701171423712,-0.685701171423712,-0.685701171423712,-0.685701171423712,0.6343720565001649,-0.5400994923090695,-0.5400994923090695,-0.5400994923090695,-0.5400994923090695,-0.5400994923090695,-0.5400994923090695,-0.5400994923090695,-0.5400994923090695,-0.5400994923090695,0.6343720565001649,-1.18423555943938,-1.18423555943938,-1.18423555943938,0.6343720565001649,-0.41778248883150454,-0.41778248883150454,-0.41778248883150454,-0.41778248883150454,-0.41778248883150454,-0.41778248883150454,-0.41778248883150454,-0.41778248883150454,-0.41778248883150454,-0.41778248883150454,-0.41778248883150454,-0.41778248883150454,-0.41778248883150454,-0.41778248883150454,-0.41778248883150454,0.6343720565001649,-0.5905614727128524,-0.5905614727128524,-0.5905614727128524,-0.5905614727128524,-0.5905614727128524,-0.5905614727128524,-0.5905614727128524,-0.5905614727128524,-0.5905614727128524,-0.5905614727128524,-0.5905614727128524,0.6743356889479044,0.6343720565001649,-0.6245611709756697,-0.6245611709756697,-0.6245611709756697,-0.6245611709756697,-0.6245611709756697,-0.6245611709756697,-0.6245611709756697,-0.6245611709756697,-0.6245611709756697,-0.6245611709756697,-0.6245611709756697,-0.6245611709756697,-0.6245611709756697,0.6343720565001649,0.6343720565001649,0.6343720565001649,0.6343720565001649,0.6743356889479044,0.6343720565001649,-0.9756901843793709,-0.9756901843793709,-0.9756901843793709,0.6743356889479044,0.6743356889479044,0.6743356889479044,0.6743356889479044,0.6343720565001649,-0.838928682527586,-0.838928682527586,-0.838928682527586,-0.838928682527586,-0.838928682527586,0.6743356889479044,0.6743356889479044,0.6743356889479044,0.6743356889479044,0.6743356889479044,0.6743356889479044,0.6743356889479044,-0.5291895091329055,-0.5291895091329055,-0.5291895091329055,-0.5291895091329055,-0.5291895091329055,-0.5291895091329055,-0.5291895091329055,-0.5291895091329055,0.028718186414961197,-0.28761912953780894,-0.28761912953780894,-0.13997963860248278,-0.13997963860248278,-1.0684242678951832,-1.0684242678951832,-0.13997963860248278,-0.13997963860248278,-0.012238499126513466,-0.012238499126513466,-0.012238499126513466,-0.28761912953780894,-0.28761912953780894,-0.13997963860248278,-0.13997963860248278,-1.0684242678951832,-1.0684242678951832,-0.13997963860248278,-0.13997963860248278,-0.062398104236777316,-0.062398104236777316,-0.838928682527586,-0.838928682527586,-0.062398104236777316,-0.062398104236777316,1.4389346306251303,-0.19638793178213923,-0.19638793178213923,-0.19638793178213923,-0.19638793178213923,-0.19638793178213923,-0.922732854796659,-0.922732854796659,0.9281144207162276,0.9281144207162276,0.9281144207162276,0.9281144207162276,0.9281144207162276,0.899775224199498,0.899775224199498,0.899775224199498,0.9281144207162276,0.899775224199498,0.899775224199498,0.899775224199498,0.899775224199498,0.899775224199498,0.899775224199498,0.899775224199498,0.899775224199498,0.9281144207162276,0.9281144207162276,0.9281144207162276,0.9281144207162276,0.9281144207162276,0.9281144207162276,0.9281144207162276,0.899775224199498,0.899775224199498,0.899775224199498,0.899775224199498,0.899775224199498,0.9281144207162276,0.9281144207162276,1.275116763307723,-0.5364344561123285,-0.5364344561123285,-0.5364344561123285,-0.5364344561123285,-0.5364344561123285,-0.29627289017670505,-0.9311527171810882,-0.9311527171810882,-0.29627289017670505,-0.29627289017670505,-0.558868670685394,-0.558868670685394,-0.494559615603129,-0.494559615603129,-0.494559615603129,-0.494559615603129,-0.2707780377232307,-0.9311527171810882,-0.9311527171810882,-0.2707780377232307,-0.2707780377232307,-0.491233696084968,-0.491233696084968,-0.491233696084968,-0.491233696084968,-0.491233696084968,-0.26871494510214816,-0.9311527171810882,-0.9311527171810882,-0.26871494510214816,-0.26871494510214816,-0.4781618026072083,-0.4781618026072083,-0.695860043683715,-0.695860043683715,-0.695860043683715,-0.4781618026072083,-0.4781618026072083,-0.4781618026072083,1.275116763307723,-1.046168170236653,-1.046168170236653,-1.046168170236653,-1.046168170236653,1.275116763307723,1.275116763307723,0.8277984860362689,0.8277984860362689,0.8246357685848025,0.8246357685848025,0.804368510569135,0.804368510569135,-0.4623199560297871,-0.4623199560297871,-0.4623199560297871,0.804368510569135,0.804368510569135,-0.3929648134511546,-0.3929648134511546,-0.3929648134511546,0.804368510569135,-0.5364344561123285,-0.5364344561123285,-0.5364344561123285,-0.5364344561123285,-0.5364344561123285,-0.5364344561123285,0.804368510569135,0.804368510569135,-0.3719594920201892,-0.3719594920201892,-0.3719594920201892,0.804368510569135,0.804368510569135,0.804368510569135,0.804368510569135,-0.4038325060512794,-0.4038325060512794,-0.4038325060512794,0.804368510569135,0.804368510569135,-0.4592150295257363,-0.4592150295257363,-0.4592150295257363,0.804368510569135,0.804368510569135,-0.4749501767718054,-0.4749501767718054,-0.4749501767718054,0.804368510569135,0.804368510569135,-0.24269209189626578,-0.24269209189626578,-0.24269209189626578,0.804368510569135,0.804368510569135,0.804368510569135,0.804368510569135,0.804368510569135,0.804368510569135,0.027627661486820828,0.027627661486820828,0.027627661486820828,0.027627661486820828,0.027627661486820828,0.027627661486820828,0.027627661486820828,0.804368510569135,0.804368510569135,0.804368510569135,0.804368510569135,0.804368510569135,0.804368510569135,0.804368510569135,0.8246357685848025,0.8246357685848025,0.8246357685848025,0.8246357685848025,-1.0249240702007851,-1.0249240702007851,-1.0249240702007851,-1.0249240702007851,-1.0249240702007851,-1.0249240702007851,-0.2728502793437289,-0.2728502793437289,-0.2728502793437289,-0.2728502793437289,-0.2728502793437289,0.5784010242632911,-0.07993195438775352,-0.07993195438775352,-0.07993195438775352,-0.07993195438775352,-0.07993195438775352,-0.07993195438775352,-0.07993195438775352,-0.07993195438775352,-0.07993195438775352,-0.07993195438775352,0.02323993235138211,0.02323993235138211,-0.024282715336146888,-0.024282715336146888,-0.024282715336146888,-0.024282715336146888,-0.024282715336146888,-0.024282715336146888,-0.024282715336146888,-0.024282715336146888,-0.024282715336146888,-0.024282715336146888,-0.024282715336146888,-0.024282715336146888,-0.024282715336146888,-0.024282715336146888,-0.024282715336146888,-0.024282715336146888,-0.4781618026072083,-0.4781618026072083,-0.8118318331582638,-0.8118318331582638,-0.4781618026072083,-0.4781618026072083,-1.1291967577307898,-1.1291967577307898,0.5784010242632911,0.5784010242632911,0.5784010242632911,0.5784010242632911,0.5784010242632911,0.5784010242632911,0.5784010242632911,0.5784010242632911,0.5784010242632911,0.5784010242632911,0.5784010242632911,0.5784010242632911,0.5784010242632911,0.05826326677299304,-0.4781618026072083,-0.8459557280250349,-0.8459557280250349,-0.8459557280250349,-0.6030232704147972,-0.12009196831332593,-0.12009196831332593,-0.12009196831332593,-0.12009196831332593,-0.12009196831332593,-0.12009196831332593,-0.12009196831332593,-0.12009196831332593,-0.12009196831332593,0.05826326677299304,-0.4781618026072083,-0.4781618026072083
-1.0917363902447395,0.0,0.0,0.0,0.0,-1.0917363902447395,-1.0917363902447395,0.0,0.0,0.0,0.0,0.0,0.0,0.0,0.0,0.0,0.0,-1.0917363902447395,0.0,0.0,0.0,0.0,0.0,0.0,0.0,0.0,0.0,0.0,0.0,0.0,0.0,0.0,0.0,0.0,0.0,0.0,0.0,-1.0917363902447395,-1.0917363902447395,-1.0917363902447395,-1.0917363902447395,-1.0917363902447395,-1.0917363902447395,-1.0917363902447395,-1.0917363902447395,-1.0917363902447395,-1.0917363902447395,-1.0917363902447395,-1.0917363902447395,-1.0917363902447395,-1.0917363902447395,-1.0917363902447395,-1.0917363902447395,-1.0917363902447395,-1.0917363902447395,-0.5364591779626391,-0.5364591779626391,-0.5364591779626391,-0.5364591779626391,-0.5364591779626391,-0.5364591779626391,-0.5364591779626391,-0.5364591779626391,-1.0917363902447395,0.0,0.0,0.0,0.0,0.0,0.0,0.0,-1.0917363902447395,0.0,0.0,0.0,0.0,0.0,0.0,0.0,0.0,-1.0917363902447395,0.0,0.0,0.0,0.0,0.0,0.0,0.0,0.0,0.0,-1.0917363902447395,0.934053787354754,0.934053787354754,0.934053787354754,-1.0917363902447395,0.0,0.0,0.0,0.0,0.0,0.0,0.0,0.0,0.0,0.0,0.0,0.0,0.0,0.0,0.0,-1.0917363902447395,0.0,0.0,0.0,0.0,0.0,0.0,0.0,0.0,0.0,0.0,0.0,-1.0917363902447395,-1.0917363902447395,0.0,0.0,0.0,0.0,0.0,0.0,0.0,0.0,0.0,0.0,0.0,0.0,0.0,-1.0917363902447395,-1.0917363902447395,-1.0917363902447395,-1.0917363902447395,-1.0917363902447395,-1.0917363902447395,0.0,0.0,0.0,-1.0917363902447395,-1.0917363902447395,-1.0917363902447395,-1.0917363902447395,-1.0917363902447395,0.0,0.0,0.0,0.0,0.0,-1.0917363902447395,-1.0917363902447395,-1.0917363902447395,-1.0917363902447395,-1.0917363902447395,-1.0917363902447395,-1.0917363902447395,0.0,0.0,0.0,0.0,0.0,0.0,0.0,0.0,-1.0917363902447395,-0.7204777717288321,-0.7204777717288321,-0.941023382960332,-0.941023382960332,0.0,0.0,-0.941023382960332,-0.941023382960332,-1.0917363902447395,-1.0917363902447395,-1.0917363902447395,-0.7204777717288321,-0.7204777717288321,-0.941023382960332,-0.941023382960332,0.0,0.0,-0.941023382960332,-0.941023382960332,-1.0917363902447395,-1.0917363902447395,0.0,0.0,-1.0917363902447395,-1.0917363902447395,-1.0917363902447395,-1.0427044554630998,-1.0427044554630998,-1.0427044554630998,-1.0427044554630998,-1.0427044554630998,-1.0917363902447395,-1.0917363902447395,-1.0870834431192138,-1.0870834431192138,-1.0870834431192138,-1.0870834431192138,-1.0870834431192138,-1.0917363902447395,-1.0917363902447395,-1.0917363902447395,-1.0870834431192138,-1.0917363902447395,-1.0917363902447395,-1.0917363902447395,-1.0917363902447395,-1.0917363902447395,-1.0917363902447395,-1.0917363902447395,-1.0917363902447395,-1.0870834431192138,-1.0870834431192138,-1.0870834431192138,-1.0870834431192138,-1.0870834431192138,-1.0870834431192138,-1.0870834431192138,-1.0917363902447395,-1.0917363902447395,-1.0917363902447395,-1.0917363902447395,-1.0917363902447395,-1.0870834431192138,-1.0870834431192138,-1.0917363902447395,-1.0917363902447395,-1.0917363902447395,-1.0917363902447395,-1.0917363902447395,-1.0917363902447395,-1.0582018230656072,-1.0917363902447395,-1.0917363902447395,-1.0582018230656072,-1.0582018230656072,-1.0917363902447395,-1.0917363902447395,-1.0917363902447395,-1.0917363902447395,-1.0917363902447395,-1.0917363902447395,-1.0917363902447395,-1.0917363902447395,-1.0917363902447395,-1.0917363902447395,-1.0917363902447395,-1.0917363902447395,-1.0917363902447395,-1.0917363902447395,-1.0917363902447395,-1.0917363902447395,-1.0917363902447395,-1.0917363902447395,-1.0917363902447395,-1.0917363902447395,-1.0917363902447395,-0.8905810266579662,-0.8905810266579662,-0.12167538908502926,-0.12167538908502926,-0.12167538908502926,-0.8905810266579662,-0.8905810266579662,-0.8905810266579662,-1.0917363902447395,0.0,0.0,0.0,0.0,-1.0917363902447395,-1.0917363902447395,-1.0917363902447395,-1.0917363902447395,-1.0917363902447395,-1.0917363902447395,-1.025963177177584,-1.025963177177584,-1.0917363902447395,-1.0917363902447395,-1.0917363902447395,-1.025963177177584,-1.025963177177584,-1.0917363902447395,-1.0917363902447395,-1.0917363902447395,-1.025963177177584,-1.0917363902447395,-1.0917363902447395,-1.0917363902447395,-1.0917363902447395,-1.0917363902447395,-1.0917363902447395,-1.025963177177584,-1.025963177177584,-0.7908783272099785,-0.7908783272099785,-0.7908783272099785,-1.025963177177584,-1.025963177177584,-1.025963177177584,-1.025963177177584,-1.0917363902447395,-1.0917363902447395,-1.0917363902447395,-1.025963177177584,-1.025963177177584,-1.0917363902447395,-1.0917363902447395,-1.0917363902447395,-1.025963177177584,-1.025963177177584,-1.0917363902447395,-1.0917363902447395,-1.0917363902447395,-1.025963177177584,-1.025963177177584,-0.8791591297003644,-0.8791591297003644,-0.8791591297003644,-1.025963177177584,-1.025963177177584,-1.025963177177584,-1.025963177177584,-1.025963177177584,-1.025963177177584,-0.6899128700164863,-0.6899128700164863,-0.6899128700164863,-0.6899128700164863,-0.6899128700164863,-0.6899128700164863,-0.6899128700164863,-1.025963177177584,-1.025963177177584,-1.025963177177584,-1.025963177177584,-1.025963177177584,-1.025963177177584,-1.025963177177584,-1.0917363902447395,-1.0917363902447395,-1.0917363902447395,-1.0917363902447395,0.0,0.0,0.0,0.0,0.0,0.0,-1.0917363902447395,-1.0917363902447395,-1.0917363902447395,-1.0917363902447395,-1.0917363902447395,-1.0917363902447395,-1.0917363902447395,-1.0917363902447395,-1.0917363902447395,-1.0917363902447395,-1.0917363902447395,-1.0917363902447395,-1.0917363902447395,-1.0917363902447395,-1.0917363902447395,-1.0917363902447395,-1.0427044554630998,-1.0427044554630998,-0.8748554570575869,-0.8748554570575869,-0.8748554570575869,-0.8748554570575869,-0.8748554570575869,-0.8748554570575869,-0.8748554570575869,-0.8748554570575869,-0.8748554570575869,-0.8748554570575869,-0.8748554570575869,-0.8748554570575869,-0.8748554570575869,-0.8748554570575869,-0.8748554570575869,-0.8748554570575869,-0.8905810266579662,-0.8905810266579662,-0.3812683906048199,-0.3812683906048199,-0.8905810266579662,-0.8905810266579662,-0.4043520888951437,-0.4043520888951437,-1.0917363902447395,-1.0917363902447395,-1.0917363902447395,-1.0917363902447395,-1.0917363902447395,-1.0917363902447395,-1.0917363902447395,-1.0917363902447395,-1.0917363902447395,-1.0917363902447395,-1.0917363902447395,-1.0917363902447395,-1.0917363902447395,-0.9720102433302287,-1.0917363902447395,0.0,0.0,0.0,-1.0917363902447395,-1.011266218767859,-1.011266218767859,-1.011266218767859,-1.011266218767859,-1.011266218767859,-1.011266218767859,-1.011266218767859,-1.011266218767859,-1.011266218767859,-0.9720102433302287,-0.8905810266579662,-0.8905810266579662
1.969566382794139,-0.5077224524862195,-0.5077224524862195,-0.5077224524862195,-0.5077224524862195,1.969566382794139,-0.5077224524862195,-0.5077224524862195,-0.5077224524862195,-0.5077224524862195,-0.5077224524862195,-0.5077224524862195,-0.5077224524862195,-0.5077224524862195,-0.5077224524862195,-0.5077224524862195,-0.5077224524862195,-0.5077224524862195,-0.5077224524862195,-0.5077224524862195,-0.5077224524862195,-0.5077224524862195,-0.5077224524862195,-0.5077224524862195,-0.5077224524862195,-0.5077224524862195,-0.5077224524862195,-0.5077224524862195,-0.5077224524862195,-0.5077224524862195,-0.5077224524862195,-0.5077224524862195,-0.5077224524862195,-0.5077224524862195,-0.5077224524862195,-0.5077224524862195,-0.5077224524862195,-0.5077224524862195,-0.5077224524862195,-0.5077224524862195,-0.5077224524862195,-0.5077224524862195,-0.5077224524862195,-0.5077224524862195,-0.5077224524862195,-0.5077224524862195,-0.5077224524862195,-0.5077224524862195,-0.5077224524862195,-0.5077224524862195,-0.5077224524862195,-0.5077224524862195,-0.5077224524862195,-0.5077224524862195,-0.5077224524862195,-0.5077224524862195,-0.5077224524862195,-0.5077224524862195,-0.5077224524862195,-0.5077224524862195,-0.5077224524862195,-0.5077224524862195,-0.5077224524862195,-0.5077224524862195,-0.5077224524862195,-0.5077224524862195,-0.5077224524862195,-0.5077224524862195,-0.5077224524862195,-0.5077224524862195,-0.5077224524862195,-0.5077224524862195,-0.5077224524862195,-0.5077224524862195,-0.5077224524862195,-0.5077224524862195,-0.5077224524862195,-0.5077224524862195,-0.5077224524862195,-0.5077224524862195,-0.5077224524862195,-0.5077224524862195,-0.5077224524862195,-0.5077224524862195,-0.5077224524862195,-0.5077224524862195,-0.5077224524862195,-0.5077224524862195,-0.5077224524862195,-0.5077224524862195,-0.5077224524862195,-0.5077224524862195,-0.5077224524862195,-0.5077224524862195,-0.5077224524862195,-0.5077224524862195,-0.5077224524862195,-0.5077224524862195,-0.5077224524862195,-0.5077224524862195,-0.5077224524862195,-0.5077224524862195,-0.5077224524862195,-0.5077224524862195,-0.5077224524862195,-0.5077224524862195,-0.5077224524862195,-0.5077224524862195,-0.5077224524862195,-0.5077224524862195,-0.5077224524862195,-0.5077224524862195,-0.5077224524862195,-0.5077224524862195,-0.5077224524862195,-0.5077224524862195,-0.5077224524862195,-0.5077224524862195,-0.5077224524862195,-0.5077224524862195,-0.5077224524862195,-0.5077224524862195,1.969566382794139,-0.5077224524862195,-0.5077224524862195,-0.5077224524862195,-0.5077224524862195,-0.5077224524862195,-0.5077224524862195,-0.5077224524862195,-0.5077224524862195,-0.5077224524862195,-0.5077224524862195,-0.5077224524862195,-0.5077224524862195,-0.5077224524862195,-0.5077224524862195,-0.5077224524862195,-0.5077224524862195,-0.5077224524862195,-0.5077224524862195,1.969566382794139,-0.5077224524862195,-0.5077224524862195,-0.5077224524862195,-0.5077224524862195,1.969566382794139,1.969566382794139,1.969566382794139,1.969566382794139,-0.5077224524862195,-0.5077224524862195,-0.5077224524862195,-0.5077224524862195,-0.5077224524862195,-0.5077224524862195,1.969566382794139,1.969566382794139,1.969566382794139,1.969566382794139,1.969566382794139,1.969566382794139,1.969566382794139,-0.5077224524862195,-0.5077224524862195,-0.5077224524862195,-0.5077224524862195,-0.5077224524862195,-0.5077224524862195,-0.5077224524862195,-0.5077224524862195,-0.5077224524862195,-0.5077224524862195,-0.5077224524862195,-0.5077224524862195,-0.5077224524862195,-0.5077224524862195,-0.5077224524862195,-0.5077224524862195,-0.5077224524862195,-0.5077224524862195,-0.5077224524862195,-0.5077224524862195,-0.5077224524862195,-0.5077224524862195,-0.5077224524862195,-0.5077224524862195,-0.5077224524862195,-0.5077224524862195,-0.5077224524862195,-0.5077224524862195,1.969566382794139,1.969566382794139,1.969566382794139,1.969566382794139,1.969566382794139,1.969566382794139,1.969566382794139,-0.5077224524862195,-0.5077224524862195,-0.5077224524862195,-0.5077224524862195,-0.5077224524862195,1.969566382794139,1.969566382794139,1.969566382794139,1.969566382794139,1.969566382794139,1.969566382794139,1.969566382794139,1.969566382794139,1.969566382794139,1.969566382794139,1.969566382794139,1.969566382794139,1.969566382794139,1.969566382794139,1.969566382794139,1.969566382794139,1.969566382794139,1.969566382794139,1.969566382794139,1.969566382794139,1.969566382794139,1.969566382794139,1.969566382794139,1.969566382794139,1.969566382794139,1.969566382794139,1.969566382794139,1.969566382794139,1.969566382794139,1.969566382794139,1.969566382794139,1.969566382794139,1.969566382794139,1.969566382794139,-0.5077224524862195,-0.5077224524862195,-0.5077224524862195,-0.5077224524862195,-0.5077224524862195,-0.5077224524862195,-0.5077224524862195,-0.5077224524862195,-0.5077224524862195,-0.5077224524862195,1.969566382794139,1.969566382794139,1.969566382794139,1.969566382794139,1.969566382794139,1.969566382794139,1.969566382794139,-0.5077224524862195,-0.5077224524862195,1.969566382794139,1.969566382794139,-0.5077224524862195,-0.5077224524862195,-0.5077224524862195,-0.5077224524862195,-0.5077224524862195,-0.5077224524862195,-0.5077224524862195,-0.5077224524862195,-0.5077224524862195,-0.5077224524862195,-0.5077224524862195,-0.5077224524862195,-0.5077224524862195,-0.5077224524862195,-0.5077224524862195,-0.5077224524862195,-0.5077224524862195,-0.5077224524862195,1.969566382794139,-0.5077224524862195,-0.5077224524862195,-0.5077224524862195,-0.5077224524862195,1.969566382794139,1.969566382794139,1.969566382794139,1.969566382794139,-0.5077224524862195,-0.5077224524862195,-0.5077224524862195,-0.5077224524862195,-0.5077224524862195,-0.5077224524862195,-0.5077224524862195,-0.5077224524862195,-0.5077224524862195,-0.5077224524862195,-0.5077224524862195,-0.5077224524862195,-0.5077224524862195,-0.5077224524862195,-0.5077224524862195,-0.5077224524862195,-0.5077224524862195,-0.5077224524862195,-0.5077224524862195,-0.5077224524862195,-0.5077224524862195,-0.5077224524862195,-0.5077224524862195,-0.5077224524862195,-0.5077224524862195,-0.5077224524862195,-0.5077224524862195,-0.5077224524862195,-0.5077224524862195,-0.5077224524862195,-0.5077224524862195,-0.5077224524862195,-0.5077224524862195,-0.5077224524862195,-0.5077224524862195,-0.5077224524862195,-0.5077224524862195,-0.5077224524862195,-0.5077224524862195,-0.5077224524862195,-0.5077224524862195,-0.5077224524862195,-0.5077224524862195,-0.5077224524862195,-0.5077224524862195,-0.5077224524862195,-0.5077224524862195,-0.5077224524862195,-0.5077224524862195,-0.5077224524862195,-0.5077224524862195,-0.5077224524862195,-0.5077224524862195,-0.5077224524862195,-0.5077224524862195,-0.5077224524862195,-0.5077224524862195,-0.5077224524862195,-0.5077224524862195,-0.5077224524862195,-0.5077224524862195,-0.5077224524862195,-0.5077224524862195,-0.5077224524862195,-0.5077224524862195,-0.5077224524862195,-0.5077224524862195,-0.5077224524862195,-0.5077224524862195,-0.5077224524862195,-0.5077224524862195,-0.5077224524862195,-0.5077224524862195,-0.5077224524862195,-0.5077224524862195,-0.5077224524862195,-0.5077224524862195,-0.5077224524862195,-0.5077224524862195,-0.5077224524862195,-0.5077224524862195,1.969566382794139,1.969566382794139,1.969566382794139,1.969566382794139,1.969566382794139,1.969566382794139,1.969566382794139,1.969566382794139,1.969566382794139,1.969566382794139,1.969566382794139,1.969566382794139,1.969566382794139,1.969566382794139,1.969566382794139,1.969566382794139,1.969566382794139,1.969566382794139,1.969566382794139,1.969566382794139,1.969566382794139,1.969566382794139,1.969566382794139,1.969566382794139,1.969566382794139,1.969566382794139,1.969566382794139,1.969566382794139,1.969566382794139,-0.5077224524862195,-0.5077224524862195,-0.5077224524862195,-0.5077224524862195,-0.5077224524862195,-0.5077224524862195,-0.5077224524862195,-0.5077224524862195,1.969566382794139,1.969566382794139,1.969566382794139,1.969566382794139,1.969566382794139,1.969566382794139,1.969566382794139,1.969566382794139,1.969566382794139,1.969566382794139,1.969566382794139,1.969566382794139,1.969566382794139,1.969566382794139,1.969566382794139,1.969566382794139,1.969566382794139,1.969566382794139,1.969566382794139,1.969566382794139,1.969566382794139,1.969566382794139,1.969566382794139,1.969566382794139,1.969566382794139,1.969566382794139,1.969566382794139,1.969566382794139,1.969566382794139,-0.5077224524862195,-0.5077224524862195
-0.8550480390561573,-0.8700053950135924,-0.8700053950135924,-0.8700053950135924,-0.8700053950135924,-0.8546627207528043,-0.8700053950135924,-0.8700053950135924,-0.8700053950135924,-0.8700053950135924,-0.8700053950135924,-0.8700053950135924,-0.8700053950135924,-0.8700053950135924,-0.8700053950135924,-0.8700053950135924,-0.8700053950135924,-0.8700053950135924,-0.8700053950135924,-0.8700053950135924,-0.8700053950135924,-0.8700053950135924,-0.8700053950135924,-0.8700053950135924,-0.8700053950135924,-0.8700053950135924,-0.8700053950135924,-0.8700053950135924,-0.8700053950135924,-0.8700053950135924,-0.8700053950135924,-0.8700053950135924,-0.8700053950135924,-0.8700053950135924,-0.8700053950135924,-0.8700053950135924,-0.8700053950135924,-0.8700053950135924,-0.8700053950135924,-0.8700053950135924,-0.8700053950135924,-0.8700053950135924,-0.8700053950135924,-0.8700053950135924,-0.8700053950135924,-0.8700053950135924,-0.8700053950135924,-0.8700053950135924,-0.8700053950135924,-0.8700053950135924,-0.8700053950135924,-0.8700053950135924,-0.8700053950135924,-0.8700053950135924,-0.8700053950135924,-0.8700053950135924,-0.8700053950135924,-0.8700053950135924,-0.8700053950135924,-0.8700053950135924,-0.8700053950135924,-0.8700053950135924,-0.8700053950135924,-0.8700053950135924,-0.8700053950135924,-0.8700053950135924,-0.8700053950135924,-0.8700053950135924,-0.8700053950135924,-0.8700053950135924,-0.8700053950135924,-0.8700053950135924,-0.8700053950135924,-0.8700053950135924,-0.8700053950135924,-0.8700053950135924,-0.8700053950135924,-0.8700053950135924,-0.8700053950135924,-0.8700053950135924,-0.8700053950135924,-0.8700053950135924,-0.8700053950135924,-0.8700053950135924,-0.8700053950135924,-0.8700053950135924,-0.8700053950135924,-0.8700053950135924,-0.8700053950135924,-0.8700053950135924,-0.8700053950135924,-0.8700053950135924,-0.8700053950135924,-0.8700053950135924,-0.8700053950135924,-0.8700053950135924,-0.8700053950135924,-0.8700053950135924,-0.8700053950135924,-0.8700053950135924,-0.8700053950135924,-0.8700053950135924,-0.8700053950135924,-0.8700053950135924,-0.8700053950135924,-0.8700053950135924,-0.8700053950135924,-0.8700053950135924,-0.8700053950135924,-0.8700053950135924,-0.8700053950135924,-0.8700053950135924,-0.8700053950135924,-0.8700053950135924,-0.8700053950135924,-0.8700053950135924,-0.8700053950135924,-0.8700053950135924,-0.8700053950135924,-0.8700053950135924,-0.8700053950135924,-0.8700053950135924,-0.8546627207528043,-0.8700053950135924,-0.8700053950135924,-0.8700053950135924,-0.8700053950135924,-0.8700053950135924,-0.8700053950135924,-0.8700053950135924,-0.8700053950135924,-0.8700053950135924,-0.8700053950135924,-0.8700053950135924,-0.8700053950135924,-0.8700053950135924,-0.8700053950135924,-0.8700053950135924,-0.8700053950135924,-0.8700053950135924,-0.8700053950135924,-0.8546627207528043,-0.8700053950135924,-0.8700053950135924,-0.8700053950135924,-0.8700053950135924,-0.8546627207528043,-0.8546627207528043,-0.8546627207528043,-0.8546627207528043,-0.8700053950135924,-0.8700053950135924,-0.8700053950135924,-0.8700053950135924,-0.8700053950135924,-0.8700053950135924,-0.8546627207528043,-0.8546627207528043,-0.8546627207528043,-0.8546627207528043,-0.8546627207528043,-0.8546627207528043,-0.8546627207528043,-0.8700053950135924,-0.8700053950135924,-0.8700053950135924,-0.8700053950135924,-0.8700053950135924,-0.8700053950135924,-0.8700053950135924,-0.8700053950135924,-0.8700053950135924,-0.8700053950135924,-0.8700053950135924,-0.8700053950135924,-0.8700053950135924,-0.8700053950135924,-0.8700053950135924,-0.8700053950135924,-0.8700053950135924,-0.8700053950135924,-0.8700053950135924,-0.8700053950135924,-0.8700053950135924,-0.8700053950135924,-0.8700053950135924,-0.8700053950135924,-0.8700053950135924,-0.8700053950135924,-0.8700053950135924,-0.8700053950135924,-0.8421669166452218,-0.8421669166452218,-0.7233340089832216,-0.7233340089832216,-0.8421669166452218,-0.8421669166452218,-0.8524545440252341,-0.8700053950135924,-0.8700053950135924,-0.8700053950135924,-0.8700053950135924,-0.8700053950135924,-0.5775356669173172,-0.5775356669173172,-0.8499503279441335,-0.8499503279441335,-0.8499503279441335,-0.8499503279441335,-0.8499503279441335,-0.8546155892995274,-0.8546155892995274,-0.8546155892995274,-0.8499503279441335,-0.8546155892995274,-0.8546155892995274,-0.8546155892995274,-0.8546155892995274,-0.8546155892995274,-0.8546155892995274,-0.8546155892995274,-0.8546155892995274,-0.8499503279441335,-0.8499503279441335,-0.8499503279441335,-0.8499503279441335,-0.8499503279441335,-0.8499503279441335,-0.8499503279441335,-0.8546155892995274,-0.8546155892995274,-0.8546155892995274,-0.8546155892995274,-0.8546155892995274,-0.8499503279441335,-0.8499503279441335,-0.8551594081681746,-0.8700053950135924,-0.8700053950135924,-0.8700053950135924,-0.8700053950135924,-0.8700053950135924,-0.8700053950135924,-0.8700053950135924,-0.8700053950135924,-0.8700053950135924,-0.8700053950135924,-0.762606675188075,-0.762606675188075,-0.7764150820227843,-0.7764150820227843,-0.7764150820227843,-0.7764150820227843,-0.812029094930791,-0.8700053950135924,-0.8700053950135924,-0.812029094930791,-0.812029094930791,-0.8700053950135924,-0.8700053950135924,-0.8700053950135924,-0.8700053950135924,-0.8700053950135924,-0.8700053950135924,-0.8700053950135924,-0.8700053950135924,-0.8700053950135924,-0.8700053950135924,-0.8700053950135924,-0.8700053950135924,-0.8700053950135924,-0.8700053950135924,-0.8700053950135924,-0.8700053950135924,-0.8700053950135924,-0.8700053950135924,-0.8551594081681746,-0.8700053950135924,-0.8700053950135924,-0.8700053950135924,-0.8700053950135924,-0.8551594081681746,-0.8551594081681746,-0.8658624848685526,-0.8658624848685526,-0.8700053950135924,-0.8700053950135924,-0.8700053950135924,-0.8700053950135924,-0.8700053950135924,-0.8700053950135924,-0.8700053950135924,-0.8700053950135924,-0.8700053950135924,-0.8700053950135924,-0.8700053950135924,-0.8700053950135924,-0.8700053950135924,-0.8700053950135924,-0.8700053950135924,-0.8700053950135924,-0.8700053950135924,-0.8700053950135924,-0.8700053950135924,-0.8700053950135924,-0.8700053950135924,-0.8700053950135924,-0.8700053950135924,-0.8700053950135924,-0.8700053950135924,-0.8700053950135924,-0.8700053950135924,-0.8700053950135924,-0.8700053950135924,-0.8700053950135924,-0.8700053950135924,-0.8700053950135924,-0.8700053950135924,-0.8700053950135924,-0.8700053950135924,-0.8700053950135924,-0.8700053950135924,-0.8700053950135924,-0.8700053950135924,-0.8700053950135924,-0.8700053950135924,-0.8700053950135924,-0.8700053950135924,-0.8700053950135924,-0.8700053950135924,-0.8700053950135924,-0.8700053950135924,-0.8700053950135924,-0.8700053950135924,-0.8700053950135924,-0.8700053950135924,-0.8700053950135924,-0.8700053950135924,-0.8700053950135924,-0.8700053950135924,-0.8700053950135924,-0.8700053950135924,-0.8700053950135924,-0.8700053950135924,-0.8700053950135924,-0.8700053950135924,-0.8700053950135924,-0.8700053950135924,-0.8700053950135924,-0.8700053950135924,-0.8700053950135924,-0.8700053950135924,-0.8700053950135924,-0.8700053950135924,-0.8700053950135924,-0.8700053950135924,-0.8700053950135924,-0.8700053950135924,-0.8700053950135924,-0.8700053950135924,-0.8700053950135924,-0.8700053950135924,-0.8700053950135924,-0.8700053950135924,-0.8700053950135924,-0.8700053950135924,-0.8346819483420078,-0.8218339103859706,-0.8218339103859706,-0.8218339103859706,-0.8218339103859706,-0.8218339103859706,-0.8218339103859706,-0.8218339103859706,-0.8218339103859706,-0.8218339103859706,-0.8218339103859706,-0.8545541640952987,-0.8545541640952987,-0.8529001158768912,-0.8529001158768912,-0.8529001158768912,-0.8529001158768912,-0.8529001158768912,-0.8529001158768912,-0.8529001158768912,-0.8529001158768912,-0.8529001158768912,-0.8529001158768912,-0.8529001158768912,-0.8529001158768912,-0.8529001158768912,-0.8529001158768912,-0.8529001158768912,-0.8529001158768912,-0.8700053950135924,-0.8700053950135924,-0.8700053950135924,-0.8700053950135924,-0.8700053950135924,-0.8700053950135924,-0.8700053950135924,-0.8700053950135924,-0.8346819483420078,-0.8346819483420078,-0.8346819483420078,-0.8346819483420078,-0.8346819483420078,-0.8346819483420078,-0.8346819483420078,-0.8346819483420078,-0.8346819483420078,-0.8346819483420078,-0.8346819483420078,-0.8346819483420078,-0.8346819483420078,-0.8628376467539025,-0.8474146298089146,-0.820374168427558,-0.820374168427558,-0.820374168427558,-0.8404949359624367,-0.8595064816973159,-0.8595064816973159,-0.8595064816973159,-0.8595064816973159,-0.8595064816973159,-0.8595064816973159,-0.8595064816973159,-0.8595064816973159,-0.8595064816973159,-0.8628376467539025,-0.8700053950135924,-0.8700053950135924
-0.797640857572655,-1.0183565364195493,-1.0183565364195493,-1.0183565364195493,-1.0183565364195493,-0.797640857572655,-0.797640857572655,-0.797640857572655,-0.797640857572655,-0.797640857572655,-0.797640857572655,-0.797640857572655,-0.797640857572655,-0.797640857572655,-0.797640857572655,-0.797640857572655,-0.797640857572655,-0.797640857572655,-0.6173030170247277,-0.6173030170247277,-0.6173030170247277,-0.6173030170247277,-0.6173030170247277,-0.6173030170247277,-0.6173030170247277,-0.6173030170247277,-0.6173030170247277,-0.6173030170247277,-0.6173030170247277,-0.6173030170247277,-0.6173030170247277,-0.6173030170247277,-0.6173030170247277,-0.6173030170247277,-0.6173030170247277,-0.6173030170247277,-0.6173030170247277,-0.797640857572655,-1.0183565364195493,-1.0183565364195493,-1.0183565364195493,-1.0183565364195493,-1.0183565364195493,-1.0183565364195493,-1.0183565364195493,-1.0183565364195493,-1.0183565364195493,-1.0183565364195493,-1.0183565364195493,-1.0183565364195493,-1.0183565364195493,-1.0183565364195493,-1.0183565364195493,-1.0183565364195493,-0.797640857572655,-1.0183565364195493,-1.0183565364195493,-1.0183565364195493,-1.0183565364195493,-1.0183565364195493,-1.0183565364195493,-1.0183565364195493,-1.0183565364195493,-0.797640857572655,-0.6173030170247277,-0.6173030170247277,-0.6173030170247277,-0.6173030170247277,-0.6173030170247277,-0.6173030170247277,-0.6173030170247277,-0.797640857572655,-0.797640857572655,-0.797640857572655,-0.797640857572655,-0.797640857572655,-0.797640857572655,-0.797640857572655,-0.797640857572655,-0.797640857572655,-0.797640857572655,-0.6173030170247277,-0.6173030170247277,-0.6173030170247277,-0.6173030170247277,-0.6173030170247277,-0.6173030170247277,-0.6173030170247277,-0.6173030170247277,-0.6173030170247277,-0.797640857572655,-1.0183565364195493,-1.0183565364195493,-1.0183565364195493,-0.797640857572655,-0.797640857572655,-0.797640857572655,-0.797640857572655,-0.797640857572655,-0.797640857572655,-0.797640857572655,-0.797640857572655,-0.797640857572655,-0.797640857572655,-0.797640857572655,-0.797640857572655,-0.797640857572655,-0.797640857572655,-0.797640857572655,-0.797640857572655,-0.797640857572655,-0.901855017471593,-0.901855017471593,-0.901855017471593,-0.901855017471593,-0.901855017471593,-0.901855017471593,-0.901855017471593,-0.901855017471593,-0.901855017471593,-0.901855017471593,-0.901855017471593,-0.797640857572655,-0.797640857572655,-1.096933728981207,-1.096933728981207,-1.096933728981207,-1.096933728981207,-1.096933728981207,-1.096933728981207,-1.096933728981207,-1.096933728981207,-1.096933728981207,-1.096933728981207,-1.096933728981207,-1.096933728981207,-1.096933728981207,-0.797640857572655,-0.797640857572655,-0.797640857572655,-0.797640857572655,-0.797640857572655,-0.797640857572655,-0.6173030170247277,-0.6173030170247277,-0.6173030170247277,-0.797640857572655,-0.797640857572655,-0.797640857572655,-0.797640857572655,-0.797640857572655,-0.7033676826920172,-0.7033676826920172,-0.7033676826920172,-0.7033676826920172,-0.7033676826920172,-0.797640857572655,-0.797640857572655,-0.797640857572655,-0.797640857572655,-0.797640857572655,-0.797640857572655,-0.797640857572655,-0.3327510165778624,-0.3327510165778624,-0.3327510165778624,-0.3327510165778624,-0.3327510165778624,-0.3327510165778624,-0.3327510165778624,-0.3327510165778624,0.026205950473936392,0.6451039720015455,0.6451039720015455,0.25548548960086465,0.25548548960086465,-0.797640857572655,-0.797640857572655,0.25548548960086465,0.25548548960086465,0.3528545032638245,0.3528545032638245,0.3528545032638245,0.6451039720015455,0.6451039720015455,0.25548548960086465,0.25548548960086465,-0.797640857572655,-0.797640857572655,0.25548548960086465,0.25548548960086465,0.1848040217649151,0.1848040217649151,-0.7033676826920172,-0.7033676826920172,0.1848040217649151,0.1848040217649151,0.3528545032638245,0.6678433569913562,0.6678433569913562,0.6678433569913562,0.6678433569913562,0.6678433569913562,-0.4648295453855011,-0.4648295453855011,1.1411274748183142,1.1411274748183142,1.1411274748183142,1.1411274748183142,1.1411274748183142,1.2467337808773706,1.2467337808773706,1.2467337808773706,1.1411274748183142,1.2467337808773706,1.2467337808773706,1.2467337808773706,1.2467337808773706,1.2467337808773706,1.2467337808773706,1.2467337808773706,1.2467337808773706,1.1411274748183142,1.1411274748183142,1.1411274748183142,1.1411274748183142,1.1411274748183142,1.1411274748183142,1.1411274748183142,1.2467337808773706,1.2467337808773706,1.2467337808773706,1.2467337808773706,1.2467337808773706,1.1411274748183142,1.1411274748183142,0.4693560222117804,0.10868034111592541,0.10868034111592541,0.10868034111592541,0.10868034111592541,0.10868034111592541,-0.0637760259906795,-0.21624949762990653,-0.21624949762990653,-0.0637760259906795,-0.0637760259906795,0.2890181816638531,0.2890181816638531,0.026205950473936392,0.026205950473936392,0.026205950473936392,0.026205950473936392,-0.11203533773096849,-0.21624949762990653,-0.21624949762990653,-0.11203533773096849,-0.11203533773096849,0.2207759744561858,0.2207759744561858,0.2207759744561858,0.2207759744561858,0.2207759744561858,-0.017762162850330287,-0.21624949762990653,-0.21624949762990653,-0.017762162850330287,-0.017762162850330287,-0.3327510165778624,-0.3327510165778624,-0.017762162850330287,-0.017762162850330287,-0.017762162850330287,-0.3327510165778624,-0.3327510165778624,-0.3327510165778624,0.4693560222117804,-0.797640857572655,-0.797640857572655,-0.797640857572655,-0.797640857572655,0.4693560222117804,0.4693560222117804,0.2207759744561858,0.2207759744561858,0.25548548960086465,0.25548548960086465,0.3528545032638245,0.3528545032638245,0.2890181816638531,0.2890181816638531,0.2890181816638531,0.3528545032638245,0.3528545032638245,0.41281951000609457,0.41281951000609457,0.41281951000609457,0.3528545032638245,-0.21624949762990653,-0.21624949762990653,-0.21624949762990653,-0.21624949762990653,-0.21624949762990653,-0.21624949762990653,0.3528545032638245,0.3528545032638245,0.4693560222117804,0.4693560222117804,0.4693560222117804,0.3528545032638245,0.3528545032638245,0.3528545032638245,0.3528545032638245,0.41281951000609457,0.41281951000609457,0.41281951000609457,0.3528545032638245,0.3528545032638245,0.2890181816638531,0.2890181816638531,0.2890181816638531,0.3528545032638245,0.3528545032638245,0.25548548960086465,0.25548548960086465,0.25548548960086465,0.3528545032638245,0.3528545032638245,0.41281951000609457,0.41281951000609457,0.41281951000609457,0.3528545032638245,0.3528545032638245,0.3528545032638245,0.3528545032638245,0.3528545032638245,0.3528545032638245,0.4414916533030797,0.4414916533030797,0.4414916533030797,0.4414916533030797,0.4414916533030797,0.4414916533030797,0.4414916533030797,0.3528545032638245,0.3528545032638245,0.3528545032638245,0.3528545032638245,0.3528545032638245,0.3528545032638245,0.3528545032638245,0.25548548960086465,0.25548548960086465,0.25548548960086465,0.25548548960086465,-1.096933728981207,-1.096933728981207,-1.096933728981207,-1.096933728981207,-1.096933728981207,-1.096933728981207,0.6900717010586743,0.6900717010586743,0.6900717010586743,0.6900717010586743,0.6900717010586743,0.06830250281695922,0.2890181816638531,0.2890181816638531,0.2890181816638531,0.2890181816638531,0.2890181816638531,0.2890181816638531,0.2890181816638531,0.2890181816638531,0.2890181816638531,0.2890181816638531,0.026205950473936392,0.026205950473936392,0.026205950473936392,0.026205950473936392,0.026205950473936392,0.026205950473936392,0.026205950473936392,0.026205950473936392,0.026205950473936392,0.026205950473936392,0.026205950473936392,0.026205950473936392,0.026205950473936392,0.026205950473936392,0.026205950473936392,0.026205950473936392,0.026205950473936392,0.026205950473936392,-0.3327510165778624,-0.3327510165778624,0.026205950473936392,0.026205950473936392,-0.3327510165778624,-0.3327510165778624,-0.6173030170247277,-0.6173030170247277,0.06830250281695922,0.06830250281695922,0.06830250281695922,0.06830250281695922,0.06830250281695922,0.06830250281695922,0.06830250281695922,0.06830250281695922,0.06830250281695922,0.06830250281695922,0.06830250281695922,0.06830250281695922,0.06830250281695922,0.06830250281695922,0.06830250281695922,-0.3327510165778624,-0.3327510165778624,-0.3327510165778624,-0.017762162850330287,-0.11203533773096849,-0.11203533773096849,-0.11203533773096849,-0.11203533773096849,-0.11203533773096849,-0.11203533773096849,-0.11203533773096849,-0.11203533773096849,-0.11203533773096849,0.06830250281695922,0.4693560222117804,0.4693560222117804
-1.0,-1.0,-1.0,-1.0,-1.0,-1.0,-1.0,-1.0,-1.0,-1.0,-1.0,-1.0,-1.0,-1.0,-1.0,-1.0,-1.0,-1.0,-1.0,-1.0,-1.0,-1.0,-1.0,-1.0,-1.0,-1.0,-1.0,-1.0,-1.0,-1.0,-1.0,-1.0,-1.0,-1.0,-1.0,-1.0,-1.0,-1.0,-1.0,-1.0,-1.0,-1.0,-1.0,-1.0,-1.0,-1.0,-1.0,-1.0,-1.0,-1.0,-1.0,-1.0,-1.0,-1.0,-1.0,-1.0,-1.0,-1.0,-1.0,-1.0,-1.0,-1.0,-1.0,-1.0,-1.0,-1.0,-1.0,-1.0,-1.0,-1.0,-1.0,-1.0,-1.0,-1.0,-1.0,-1.0,-1.0,-1.0,-1.0,-1.0,-1.0,-1.0,-1.0,-1.0,-1.0,-1.0,-1.0,-1.0,-1.0,-1.0,-1.0,-1.0,-1.0,-1.0,-1.0,-1.0,-1.0,-1.0,-1.0,-1.0,-1.0,-1.0,-1.0,-1.0,-1.0,-1.0,-1.0,-1.0,-1.0,-1.0,-1.0,-1.0,-1.0,-1.0,-1.0,-1.0,-1.0,-1.0,-1.0,-1.0,-1.0,-1.0,-1.0,-1.0,-1.0,-1.0,-1.0,-1.0,-1.0,-1.0,-1.0,-1.0,-1.0,-1.0,-1.0,-1.0,-1.0,-1.0,-1.0,-1.0,-1.0,-1.0,-1.0,-1.0,-1.0,-1.0,-1.0,-1.0,-1.0,-1.0,-1.0,-1.0,-1.0,-1.0,-1.0,-1.0,-1.0,-1.0,-1.0,-1.0,-1.0,-1.0,-1.0,-1.0,-1.0,-1.0,-1.0,-1.0,-1.0,-1.0,-1.0,-1.0,1.0,1.0,-1.0,-1.0,-1.0,-1.0,-1.0,-1.0,-1.0,-1.0,-1.0,1.0,1.0,-1.0,-1.0,-1.0,-1.0,-1.0,-1.0,-1.0,-1.0,-1.0,-1.0,-1.0,-1.0,-1.0,-1.0,-1.0,-1.0,-1.0,-1.0,-1.0,-1.0,1.0,1.0,1.0,1.0,1.0,-1.0,-1.0,-1.0,1.0,-1.0,-1.0,-1.0,-1.0,-1.0,-1.0,-1.0,-1.0,1.0,1.0,1.0,1.0,1.0,1.0,1.0,-1.0,-1.0,-1.0,-1.0,-1.0,1.0,1.0,-1.0,-1.0,-1.0,-1.0,-1.0,-1.0,-1.0,-1.0,-1.0,-1.0,-1.0,1.0,1.0,-1.0,-1.0,-1.0,-1.0,-1.0,-1.0,-1.0,-1.0,-1.0,-1.0,-1.0,-1.0,-1.0,-1.0,-1.0,-1.0,-1.0,-1.0,-1.0,-1.0,-1.0,-1.0,-1.0,-1.0,-1.0,-1.0,-1.0,-1.0,-1.0,-1.0,-1.0,-1.0,-1.0,-1.0,-1.0,-1.0,-1.0,-1.0,1.0,1.0,-1.0,-1.0,-1.0,1.0,1.0,-1.0,-1.0,-1.0,1.0,-1.0,-1.0,-1.0,-1.0,-1.0,-1.0,1.0,1.0,-1.0,-1.0,-1.0,1.0,1.0,1.0,1.0,-1.0,-1.0,-1.0,1.0,1.0,-1.0,-1.0,-1.0,1.0,1.0,-1.0,-1.0,-1.0,1.0,1.0,-1.0,-1.0,-1.0,1.0,1.0,1.0,1.0,1.0,1.0,1.0,1.0,1.0,1.0,1.0,1.0,1.0,1.0,1.0,1.0,1.0,1.0,1.0,1.0,-1.0,-1.0,-1.0,-1.0,-1.0,-1.0,-1.0,-1.0,-1.0,-1.0,1.0,1.0,1.0,1.0,1.0,-1.0,-1.0,-1.0,-1.0,-1.0,-1.0,-1.0,-1.0,-1.0,-1.0,-1.0,1.0,1.0,1.0,1.0,1.0,1.0,1.0,1.0,1.0,1.0,1.0,1.0,1.0,1.0,1.0,1.0,1.0,1.0,-1.0,-1.0,-1.0,-1.0,-1.0,-1.0,-1.0,-1.0,-1.0,-1.0,-1.0,-1.0,-1.0,-1.0,-1.0,-1.0,-1.0,-1.0,-1.0,-1.0,-1.0,-1.0,-1.0,-1.0,-1.0,-1.0,-1.0,-1.0,-1.0,-1.0,-1.0,-1.0,-1.0,-1.0,-1.0,-1.0,-1.0,-1.0,-1.0
-1.0,-1.0,-1.0,-1.0,-1.0,-1.0,-1.0,-1.0,-1.0,-1.0,-1.0,-1.0,-1.0,-1.0,-1.0,-1.0,-1.0,-1.0,-1.0,-1.0,-1.0,-1.0,-1.0,-1.0,-1.0,-1.0,-1.0,-1.0,-1.0,-1.0,-1.0,-1.0,-1.0,-1.0,-1.0,-1.0,-1.0,-1.0,-1.0,-1.0,-1.0,-1.0,-1.0,-1.0,-1.0,-1.0,-1.0,-1.0,-1.0,-1.0,-1.0,-1.0,-1.0,-1.0,-1.0,-1.0,-1.0,-1.0,-1.0,-1.0,-1.0,-1.0,-1.0,-1.0,-1.0,-1.0,-1.0,-1.0,-1.0,-1.0,-1.0,-1.0,-1.0,-1.0,-1.0,-1.0,-1.0,-1.0,-1.0,-1.0,-1.0,-1.0,-1.0,-1.0,-1.0,-1.0,-1.0,-1.0,-1.0,-1.0,-1.0,-1.0,-1.0,-1.0,-1.0,-1.0,-1.0,-1.0,-1.0,-1.0,-1.0,-1.0,-1.0,-1.0,-1.0,-1.0,-1.0,-1.0,-1.0,-1.0,-1.0,-1.0,-1.0,-1.0,-1.0,-1.0,-1.0,-1.0,-1.0,-1.0,-1.0,-1.0,-1.0,-1.0,-1.0,-1.0,-1.0,-1.0,-1.0,-1.0,-1.0,-1.0,-1.0,-1.0,-1.0,-1.0,-1.0,-1.0,-1.0,-1.0,-1.0,-1.0,-1.0,-1.0,-1.0,-1.0,-1.0,-1.0,-1.0,-1.0,-1.0,-1.0,-1.0,-1.0,-1.0,-1.0,-1.0,-1.0,-1.0,-1.0,-1.0,-1.0,-1.0,-1.0,-1.0,-1.0,-1.0,-1.0,-1.0,-1.0,-1.0,-1.0,-1.0,-1.0,-1.0,-1.0,-1.0,-1.0,-1.0,-1.0,-1.0,-1.0,-1.0,-1.0,-1.0,-1.0,-1.0,-1.0,-1.0,-1.0,-1.0,-1.0,-1.0,-1.0,-1.0,-1.0,-1.0,-1.0,-1.0,-1.0,-1.0,-1.0,-1.0,-1.0,-1.0,-1.0,-1.0,-1.0,-1.0,-1.0,-1.0,-1.0,-1.0,-1.0,-1.0,-1.0,-1.0,-1.0,-1.0,-1.0,-1.0,-1.0,-1.0,-1.0,-1.0,-1.0,-1.0,-1.0,-1.0,-1.0,-1.0,-1.0,-1.0,-1.0,-1.0,-1.0,-1.0,-1.0,-1.0,-1.0,-1.0,-1.0,-1.0,-1.0,-1.0,-1.0,-1.0,-1.0,-1.0,-1.0,-1.0,-1.0,-1.0,-1.0,-1.0,-1.0,-1.0,-1.0,-1.0,-1.0,-1.0,-1.0,-1.0,-1.0,-1.0,-1.0,-1.0,-1.0,-1.0,-1.0,-1.0,-1.0,-1.0,-1.0,-1.0,-1.0,-1.0,-1.0,-1.0,-1.0,-1.0,-1.0,-1.0,-1.0,-1.0,-1.0,-1.0,-1.0,-1.0,-1.0,-1.0,-1.0,-1.0,-1.0,-1.0,-1.0,-1.0,-1.0,-1.0,-1.0,-1.0,-1.0,-1.0,-1.0,-1.0,-1.0,-1.0,-1.0,-1.0,-1.0,-1.0,-1.0,-1.0,-1.0,-1.0,-1.0,-1.0,-1.0,-1.0,-1.0,-1.0,-1.0,-1.0,-1.0,-1.0,-1.0,-1.0,-1.0,-1.0,-1.0,-1.0,-1.0,-1.0,-1.0,-1.0,-1.0,-1.0,-1.0,-1.0,-1.0,-1.0,-1.0,-1.0,-1.0,-1.0,-1.0,-1.0,-1.0,-1.0,-1.0,-1.0,-1.0,-1.0,-1.0,-1.0,-1.0,-1.0,-1.0,-1.0,-1.0,-1.0,-1.0,-1.0,-1.0,-1.0,-1.0,-1.0,-1.0,-1.0,-1.0,-1.0,-1.0,-1.0,-1.0,-1.0,-1.0,-1.0,-1.0,-1.0,-1.0,-1.0,-1.0,-1.0,-1.0,-1.0,-1.0,-1.0,-1.0,-1.0,-1.0,-1.0,-1.0,-1.0,-1.0,-1.0,-1.0,-1.0,-1.0,-1.0,-1.0,-1.0,-1.0,-1.0,-1.0,-1.0,-1.0,-1.0,-1.0,-1.0,-1.0,-1.0,-1.0,-1.0,-1.0,-1.0,-1.0,-1.0,-1.0,-1.0,-1.0,-1.0,-1.0,-1.0,-1.0,-1.0,-1.0,-1.0,-1.0,-1.0,-1.0,-1.0,-1.0,-1.0,-1.0
-1.0,-1.0,-1.0,-1.0,-1.0,-1.0,-1.0,-1.0,-1.0,-1.0,-1.0,-1.0,-1.0,-1.0,-1.0,-1.0,-1.0,-1.0,-1.0,-1.0,-1.0,-1.0,-1.0,-1.0,-1.0,-1.0,-1.0,-1.0,-1.0,-1.0,-1.0,-1.0,-1.0,-1.0,-1.0,-1.0,-1.0,-1.0,-1.0,-1.0,-1.0,-1.0,-1.0,-1.0,-1.0,-1.0,-1.0,-1.0,-1.0,-1.0,-1.0,-1.0,-1.0,-1.0,-1.0,-1.0,-1.0,-1.0,-1.0,-1.0,-1.0,-1.0,-1.0,-1.0,-1.0,-1.0,-1.0,-1.0,-1.0,-1.0,-1.0,-1.0,-1.0,-1.0,-1.0,-1.0,-1.0,-1.0,-1.0,-1.0,-1.0,-1.0,-1.0,-1.0,-1.0,-1.0,-1.0,-1.0,-1.0,-1.0,-1.0,-1.0,-1.0,-1.0,-1.0,-1.0,-1.0,-1.0,-1.0,-1.0,-1.0,-1.0,-1.0,-1.0,-1.0,-1.0,-1.0,-1.0,-1.0,-1.0,-1.0,-1.0,-1.0,-1.0,-1.0,-1.0,-1.0,-1.0,-1.0,-1.0,-1.0,-1.0,-1.0,-1.0,-1.0,-1.0,-1.0,-1.0,-1.0,-1.0,-1.0,-1.0,-1.0,-1.0,-1.0,-1.0,-1.0,-1.0,-1.0,-1.0,-1.0,-1.0,-1.0,-1.0,-1.0,-1.0,-1.0,-1.0,-1.0,-1.0,-1.0,-1.0,-1.0,-1.0,-1.0,-1.0,-1.0,-1.0,-1.0,-1.0,-1.0,-1.0,-1.0,-1.0,-1.0,-1.0,-1.0,-1.0,-1.0,-1.0,-1.0,-1.0,-1.0,-1.0,-1.0,-1.0,-1.0,-1.0,-1.0,-1.0,-1.0,-1.0,-1.0,-1.0,-1.0,-1.0,-1.0,-1.0,-1.0,-1.0,-1.0,-1.0,-1.0,-1.0,-1.0,-1.0,-1.0,1.0,-1.0,-1.0,-1.0,-1.0,-1.0,-1.0,-1.0,-1.0,-1.0,-1.0,-1.0,-1.0,-1.0,-1.0,-1.0,-1.0,-1.0,-1.0,-1.0,-1.0,-1.0,-1.0,-1.0,-1.0,-1.0,-1.0,-1.0,-1.0,-1.0,-1.0,-1.0,-1.0,-1.0,-1.0,-1.0,-1.0,-1.0,-1.0,-1.0,-1.0,-1.0,-1.0,-1.0,-1.0,-1.0,-1.0,-1.0,-1.0,-1.0,-1.0,-1.0,-1.0,-1.0,-1.0,-1.0,-1.0,-1.0,-1.0,-1.0,-1.0,-1.0,-1.0,-1.0,-1.0,-1.0,-1.0,-1.0,-1.0,-1.0,-1.0,-1.0,-1.0,-1.0,-1.0,-1.0,-1.0,-1.0,-1.0,-1.0,-1.0,-1.0,-1.0,-1.0,-1.0,-1.0,-1.0,-1.0,-1.0,-1.0,-1.0,-1.0,-1.0,-1.0,-1.0,-1.0,-1.0,-1.0,-1.0,-1.0,-1.0,-1.0,-1.0,-1.0,-1.0,-1.0,-1.0,-1.0,-1.0,-1.0,-1.0,-1.0,-1.0,-1.0,-1.0,-1.0,-1.0,-1.0,-1.0,-1.0,-1.0,-1.0,-1.0,-1.0,-1.0,-1.0,-1.0,-1.0,-1.0,-1.0,-1.0,-1.0,-1.0,-1.0,-1.0,-1.0,-1.0,-1.0,-1.0,-1.0,-1.0,-1.0,-1.0,-1.0,-1.0,-1.0,-1.0,-1.0,-1.0,-1.0,-1.0,-1.0,-1.0,-1.0,-1.0,-1.0,-1.0,-1.0,-1.0,-1.0,-1.0,-1.0,-1.0,-1.0,-1.0,-1.0,-1.0,-1.0,-1.0,1.0,-1.0,-1.0,-1.0,-1.0,-1.0,-1.0,-1.0,-1.0,-1.0,-1.0,-1.0,-1.0,-1.0,-1.0,-1.0,-1.0,-1.0,-1.0,-1.0,-1.0,-1.0,-1.0,-1.0,-1.0,-1.0,-1.0,-1.0,-1.0,-1.0,-1.0,-1.0,-1.0,-1.0,-1.0,-1.0,-1.0,1.0,1.0,1.0,1.0,1.0,1.0,1.0,1.0,1.0,1.0,1.0,1.0,1.0,-1.0,-1.0,-1.0,-1.0,-1.0,-1.0,-1.0,-1.0,-1.0,-1.0,-1.0,-1.0,-1.0,-1.0,-1.0,-1.0,-1.0,-1.0
-1.0,-1.0,-1.0,-1.0,-1.0,-1.0,-1.0,-1.0,-1.0,-1.0,-1.0,-1.0,-1.0,-1.0,-1.0,-1.0,-1.0,-1.0,-1.0,-1.0,-1.0,-1.0,-1.0,-1.0,-1.0,-1.0,-1.0,-1.0,-1.0,-1.0,-1.0,-1.0,-1.0,-1.0,-1.0,-1.0,-1.0,-1.0,-1.0,-1.0,-1.0,-1.0,-1.0,-1.0,-1.0,-1.0,-1.0,-1.0,-1.0,-1.0,-1.0,-1.0,-1.0,-1.0,-1.0,-1.0,-1.0,-1.0,-1.0,-1.0,-1.0,-1.0,-1.0,-1.0,-1.0,-1.0,-1.0,-1.0,-1.0,-1.0,-1.0,-1.0,-1.0,-1.0,-1.0,-1.0,-1.0,-1.0,-1.0,-1.0,-1.0,-1.0,-1.0,-1.0,-1.0,-1.0,-1.0,-1.0,-1.0,-1.0,-1.0,-1.0,-1.0,-1.0,-1.0,-1.0,-1.0,-1.0,-1.0,-1.0,-1.0,-1.0,-1.0,-1.0,-1.0,-1.0,-1.0,-1.0,-1.0,-1.0,-1.0,-1.0,-1.0,-1.0,-1.0,-1.0,-1.0,-1.0,-1.0,-1.0,-1.0,-1.0,-1.0,-1.0,-1.0,-1.0,-1.0,-1.0,-1.0,-1.0,-1.0,-1.0,-1.0,-1.0,-1.0,-1.0,-1.0,-1.0,-1.0,-1.0,-1.0,-1.0,-1.0,-1.0,-1.0,-1.0,-1.0,-1.0,-1.0,-1.0,-1.0,-1.0,-1.0,-1.0,-1.0,-1.0,-1.0,-1.0,-1.0,-1.0,-1.0,-1.0,-1.0,-1.0,-1.0,-1.0,-1.0,-1.0,-1.0,-1.0,-1.0,-1.0,-1.0,-1.0,-1.0,-1.0,-1.0,-1.0,-1.0,-1.0,-1.0,-1.0,-1.0,-1.0,-1.0,-1.0,-1.0,-1.0,-1.0,-1.0,-1.0,-1.0,-1.0,-1.0,-1.0,-1.0,-1.0,1.0,-1.0,-1.0,-1.0,-1.0,-1.0,-1.0,-1.0,1.0,1.0,1.0,1.0,1.0,-1.0,-1.0,-1.0,1.0,-1.0,-1.0,-1.0,-1.0,-1.0,-1.0,-1.0,-1.0,1.0,1.0,1.0,1.0,1.0,1.0,1.0,-1.0,-1.0,-1.0,-1.0,-1.0,1.0,1.0,1.0,-1.0,-1.0,-1.0,-1.0,-1.0,-1.0,-1.0,-1.0,-1.0,-1.0,-1.0,-1.0,-1.0,-1.0,-1.0,-1.0,-1.0,-1.0,-1.0,-1.0,-1.0,-1.0,-1.0,-1.0,-1.0,-1.0,-1.0,-1.0,-1.0,-1.0,-1.0,-1.0,-1.0,-1.0,-1.0,-1.0,-1.0,-1.0,-1.0,1.0,-1.0,-1.0,-1.0,-1.0,1.0,1.0,-1.0,-1.0,-1.0,-1.0,-1.0,-1.0,-1.0,-1.0,-1.0,-1.0,-1.0,-1.0,-1.0,-1.0,-1.0,-1.0,-1.0,-1.0,-1.0,-1.0,-1.0,-1.0,-1.0,-1.0,-1.0,-1.0,-1.0,-1.0,-1.0,-1.0,-1.0,-1.0,-1.0,-1.0,-1.0,-1.0,-1.0,-1.0,-1.0,-1.0,-1.0,-1.0,-1.0,-1.0,-1.0,-1.0,-1.0,-1.0,-1.0,-1.0,-1.0,-1.0,-1.0,-1.0,-1.0,-1.0,-1.0,-1.0,-1.0,-1.0,-1.0,-1.0,-1.0,-1.0,-1.0,-1.0,-1.0,-1.0,-1.0,-1.0,-1.0,-1.0,-1.0,-1.0,-1.0,-1.0,-1.0,-1.0,-1.0,-1.0,-1.0,-1.0,-1.0,-1.0,-1.0,-1.0,-1.0,-1.0,-1.0,-1.0,-1.0,-1.0,-1.0,-1.0,-1.0,-1.0,-1.0,-1.0,-1.0,-1.0,-1.0,-1.0,-1.0,-1.0,-1.0,-1.0,-1.0,-1.0,-1.0,-1.0,-1.0,-1.0,-1.0,-1.0,-1.0,-1.0,-1.0,-1.0,-1.0,-1.0,-1.0,-1.0,-1.0,-1.0,-1.0,-1.0,-1.0,-1.0,-1.0,-1.0,-1.0,-1.0,-1.0,-1.0,-1.0,-1.0,-1.0,-1.0,-1.0,-1.0,-1.0,-1.0,-1.0,-1.0,-1.0,-1.0,-1.0,-1.0,-1.0,-1.0,-1.0
-1.0,-1.0,-1.0,-1.0,-1.0,-1.0,-1.0,-1.0,-1.0,-1.0,-1.0,-1.0,-1.0,-1.0,-1.0,-1.0,-1.0,-1.0,-1.0,-1.0,-1.0,-1.0,-1.0,-1.0,-1.0,-1.0,-1.0,-1.0,-1.0,-1.0,-1.0,-1.0,-1.0,-1.0,-1.0,-1.0,-1.0,-1.0,-1.0,-1.0,-1.0,-1.0,-1.0,-1.0,-1.0,-1.0,-1.0,-1.0,-1.0,-1.0,-1.0,-1.0,-1.0,-1.0,-1.0,-1.0,-1.0,-1.0,-1.0,-1.0,-1.0,-1.0,-1.0,-1.0,-1.0,-1.0,-1.0,-1.0,-1.0,-1.0,-1.0,-1.0,-1.0,-1.0,-1.0,-1.0,-1.0,-1.0,-1.0,-1.0,-1.0,-1.0,-1.0,-1.0,-1.0,-1.0,-1.0,-1.0,-1.0,-1.0,-1.0,-1.0,-1.0,-1.0,-1.0,-1.0,-1.0,-1.0,-1.0,-1.0,-1.0,-1.0,-1.0,-1.0,-1.0,-1.0,-1.0,-1.0,-1.0,-1.0,-1.0,-1.0,-1.0,-1.0,-1.0,-1.0,-1.0,-1.0,-1.0,-1.0,-1.0,-1.0,-1.0,-1.0,-1.0,-1.0,-1.0,-1.0,-1.0,-1.0,-1.0,-1.0,-1.0,-1.0,-1.0,-1.0,-1.0,-1.0,-1.0,-1.0,-1.0,-1.0,-1.0,-1.0,-1.0,-1.0,-1.0,-1.0,-1.0,-1.0,-1.0,-1.0,-1.0,-1.0,-1.0,-1.0,-1.0,-1.0,-1.0,-1.0,-1.0,-1.0,-1.0,-1.0,-1.0,-1.0,-1.0,-1.0,-1.0,-1.0,-1.0,-1.0,-1.0,-1.0,-1.0,-1.0,-1.0,-1.0,-1.0,-1.0,-1.0,-1.0,-1.0,-1.0,-1.0,-1.0,-1.0,-1.0,-1.0,-1.0,-1.0,-1.0,-1.0,-1.0,-1.0,-1.0,-1.0,-1.0,-1.0,-1.0,-1.0,-1.0,-1.0,-1.0,-1.0,-1.0,-1.0,-1.0,-1.0,-1.0,-1.0,-1.0,-1.0,-1.0,-1.0,-1.0,-1.0,-1.0,-1.0,-1.0,-1.0,-1.0,-1.0,-1.0,-1.0,-1.0,-1.0,-1.0,-1.0,-1.0,-1.0,-1.0,-1.0,-1.0,-1.0,-1.0,-1.0,-1.0,-1.0,-1.0,-1.0,-1.0,-1.0,-1.0,-1.0,-1.0,-1.0,-1.0,-1.0,-1.0,-1.0,-1.0,-1.0,-1.0,-1.0,-1.0,-1.0,-1.0,-1.0,-1.0,-1.0,-1.0,-1.0,-1.0,-1.0,-1.0,-1.0,-1.0,-1.0,-1.0,-1.0,-1.0,-1.0,-1.0,-1.0,-1.0,-1.0,-1.0,-1.0,-1.0,-1.0,-1.0,-1.0,-1.0,-1.0,-1.0,-1.0,-1.0,-1.0,-1.0,-1.0,-1.0,-1.0,-1.0,-1.0,-1.0,-1.0,-1.0,-1.0,-1.0,-1.0,-1.0,-1.0,-1.0,-1.0,-1.0,-1.0,-1.0,-1.0,-1.0,-1.0,-1.0,-1.0,-1.0,-1.0,-1.0,-1.0,-1.0,-1.0,-1.0,-1.0,-1.0,-1.0,-1.0,-1.0,-1.0,-1.0,-1.0,-1.0,-1.0,-1.0,-1.0,-1.0,-1.0,-1.0,-1.0,-1.0,-1.0,-1.0,-1.0,-1.0,-1.0,-1.0,-1.0,-1.0,-1.0,-1.0,-1.0,-1.0,-1.0,-1.0,-1.0,-1.0,-1.0,-1.0,-1.0,-1.0,-1.0,-1.0,-1.0,-1.0,-1.0,-1.0,-1.0,-1.0,-1.0,-1.0,-1.0,-1.0,-1.0,-1.0,-1.0,-1.0,-1.0,-1.0,-1.0,-1.0,-1.0,-1.0,-1.0,-1.0,-1.0,-1.0,-1.0,-1.0,-1.0,-1.0,-1.0,-1.0,-1.0,-1.0,-1.0,-1.0,-1.0,-1.0,-1.0,-1.0,-1.0,-1.0,-1.0,-1.0,-1.0,-1.0,-1.0,-1.0,-1.0,-1.0,-1.0,-1.0,-1.0,-1.0,-1.0,-1.0,-1.0,-1.0,-1.0,-1.0,-1.0,-1.0,-1.0,-1.0,-1.0,-1.0,-1.0,-1.0,-1.0,-1.0,-1.0,-1.0,-1.0,-1.0,-1.0,-1.0,-1.0
1.0,-1.0,-1.0,-1.0,-1.0,1.0,-1.0,-1.0,-1.0,-1.0,-1.0,-1.0,-1.0,-1.0,-1.0,-1.0,-1.0,-1.0,-1.0,-1.0,-1.0,-1.0,-1.0,-1.0,-1.0,-1.0,-1.0,-1.0,-1.0,-1.0,-1.0,-1.0,-1.0,-1.0,-1.0,-1.0,-1.0,-1.0,-1.0,-1.0,-1.0,-1.0,-1.0,-1.0,-1.0,-1.0,-1.0,-1.0,-1.0,-1.0,-1.0,-1.0,-1.0,-1.0,-1.0,-1.0,-1.0,-1.0,-1.0,-1.0,-1.0,-1.0,-1.0,-1.0,-1.0,-1.0,-1.0,-1.0,-1.0,-1.0,-1.0,-1.0,-1.0,-1.0,-1.0,-1.0,-1.0,-1.0,-1.0,-1.0,-1.0,-1.0,-1.0,-1.0,-1.0,-1.0,-1.0,-1.0,-1.0,-1.0,-1.0,-1.0,-1.0,-1.0,-1.0,-1.0,-1.0,-1.0,-1.0,-1.0,-1.0,-1.0,-1.0,-1.0,-1.0,-1.0,-1.0,-1.0,-1.0,-1.0,-1.0,-1.0,-1.0,-1.0,-1.0,-1.0,-1.0,-1.0,-1.0,-1.0,-1.0,-1.0,1.0,-1.0,-1.0,-1.0,-1.0,-1.0,-1.0,-1.0,-1.0,-1.0,-1.0,-1.0,-1.0,-1.0,-1.0,-1.0,-1.0,-1.0,-1.0,1.0,-1.0,-1.0,-1.0,-1.0,1.0,1.0,1.0,1.0,-1.0,-1.0,-1.0,-1.0,-1.0,-1.0,1.0,1.0,1.0,1.0,1.0,1.0,1.0,-1.0,-1.0,-1.0,-1.0,-1.0,-1.0,-1.0,-1.0,-1.0,-1.0,-1.0,-1.0,-1.0,-1.0,-1.0,-1.0,-1.0,-1.0,-1.0,-1.0,-1.0,-1.0,-1.0,-1.0,-1.0,-1.0,-1.0,-1.0,-1.0,-1.0,-1.0,-1.0,-1.0,-1.0,1.0,-1.0,-1.0,-1.0,-1.0,-1.0,-1.0,-1.0,-1.0,-1.0,-1.0,-1.0,-1.0,-1.0,-1.0,-1.0,-1.0,-1.0,-1.0,-1.0,-1.0,-1.0,-1.0,-1.0,-1.0,-1.0,-1.0,-1.0,-1.0,-1.0,-1.0,-1.0,-1.0,-1.0,-1.0,-1.0,-1.0,-1.0,-1.0,1.0,-1.0,-1.0,-1.0,-1.0,-1.0,-1.0,-1.0,-1.0,-1.0,-1.0,1.0,1.0,1.0,1.0,1.0,1.0,1.0,-1.0,-1.0,1.0,1.0,-1.0,-1.0,-1.0,-1.0,-1.0,-1.0,-1.0,-1.0,-1.0,-1.0,-1.0,-1.0,-1.0,-1.0,-1.0,-1.0,-1.0,-1.0,1.0,-1.0,-1.0,-1.0,-1.0,1.0,1.0,-1.0,-1.0,-1.0,-1.0,-1.0,-1.0,-1.0,-1.0,-1.0,-1.0,-1.0,-1.0,-1.0,-1.0,-1.0,-1.0,-1.0,-1.0,-1.0,-1.0,-1.0,-1.0,-1.0,-1.0,-1.0,-1.0,-1.0,-1.0,-1.0,-1.0,-1.0,-1.0,-1.0,-1.0,-1.0,-1.0,-1.0,-1.0,-1.0,-1.0,-1.0,-1.0,-1.0,-1.0,-1.0,-1.0,-1.0,-1.0,-1.0,-1.0,-1.0,-1.0,-1.0,-1.0,-1.0,-1.0,-1.0,-1.0,-1.0,-1.0,-1.0,-1.0,-1.0,-1.0,-1.0,-1.0,-1.0,-1.0,-1.0,-1.0,-1.0,-1.0,-1.0,-1.0,-1.0,-1.0,-1.0,-1.0,-1.0,-1.0,-1.0,-1.0,-1.0,1.0,-1.0,-1.0,-1.0,-1.0,-1.0,-1.0,-1.0,-1.0,-1.0,-1.0,-1.0,-1.0,-1.0,-1.0,-1.0,-1.0,-1.0,-1.0,-1.0,-1.0,-1.0,-1.0,-1.0,-1.0,-1.0,-1.0,-1.0,-1.0,-1.0,-1.0,-1.0,-1.0,-1.0,-1.0,-1.0,-1.0,1.0,1.0,1.0,1.0,1.0,1.0,1.0,1.0,1.0,1.0,1.0,1.0,1.0,-1.0,-1.0,-1.0,-1.0,-1.0,-1.0,-1.0,-1.0,-1.0,-1.0,-1.0,-1.0,-1.0,-1.0,-1.0,-1.0,-1.0,-1.0
1.1666649438021388,1.337810426714739,1.337810426714739,1.337810426714739,1.337810426714739,1.1623242974963843,1.2138647118258696,1.2277327638414073,1.2277327638414073,1.2277327638414073,1.2277327638414073,1.2277327638414073,1.2277327638414073,1.2277327638414073,1.2277327638414073,1.2277327638414073,1.2277327638414073,1.2138647118258696,1.1648312421995037,1.1648312421995037,1.1648312421995037,1.1648312421995037,1.1648312421995037,1.1648312421995037,1.1648312421995037,1.1648312421995037,1.1648312421995037,1.1648312421995037,1.1648312421995037,1.1648312421995037,1.1648312421995037,1.1648312421995037,1.1648312421995037,1.1648312421995037,1.1648312421995037,1.1648312421995037,1.1648312421995037,1.2138647118258696,1.337810426714739,1.337810426714739,1.337810426714739,1.337810426714739,1.337810426714739,1.337810426714739,1.337810426714739,1.337810426714739,1.337810426714739,1.337810426714739,1.337810426714739,1.337810426714739,1.337810426714739,1.337810426714739,1.337810426714739,1.337810426714739,1.2138647118258696,1.337810426714739,1.337810426714739,1.337810426714739,1.337810426714739,1.337810426714739,1.337810426714739,1.337810426714739,1.337810426714739,1.2138647118258696,1.0149159489529662,1.0149159489529662,1.0149159489529662,1.0149159489529662,1.0149159489529662,1.0149159489529662,1.0149159489529662,1.2138647118258696,1.1648312421995037,1.1648312421995037,1.1648312421995037,1.1648312421995037,1.1648312421995037,1.1648312421995037,1.1648312421995037,1.1648312421995037,1.2138647118258696,1.203271060980667,1.203271060980667,1.203271060980667,1.203271060980667,1.203271060980667,1.203271060980667,1.203271060980667,1.203271060980667,1.203271060980667,1.2138647118258696,1.337810426714739,1.337810426714739,1.337810426714739,1.2138647118258696,1.0583825132670508,1.0583825132670508,1.0583825132670508,1.0583825132670508,1.0583825132670508,1.0583825132670508,1.0583825132670508,1.0583825132670508,1.0583825132670508,1.0583825132670508,1.0583825132670508,1.0583825132670508,1.0583825132670508,1.0583825132670508,1.0583825132670508,1.2138647118258696,1.0828937337449183,1.0828937337449183,1.0828937337449183,1.0828937337449183,1.0828937337449183,1.0828937337449183,1.0828937337449183,1.0828937337449183,1.0828937337449183,1.0828937337449183,1.0828937337449183,1.1623242974963843,1.2138647118258696,1.337810426714739,1.337810426714739,1.337810426714739,1.337810426714739,1.337810426714739,1.337810426714739,1.337810426714739,1.337810426714739,1.337810426714739,1.337810426714739,1.337810426714739,1.337810426714739,1.337810426714739,1.2138647118258696,1.2138647118258696,1.2138647118258696,1.2138647118258696,1.1623242974963843,1.2138647118258696,1.337810426714739,1.337810426714739,1.337810426714739,1.1623242974963843,1.1623242974963843,1.1623242974963843,1.1623242974963843,1.2138647118258696,1.337810426714739,1.337810426714739,1.337810426714739,1.337810426714739,1.337810426714739,1.1623242974963843,1.1623242974963843,1.1623242974963843,1.1623242974963843,1.1623242974963843,1.1623242974963843,1.1623242974963843,0.6314787566108608,0.6314787566108608,0.6314787566108608,0.6314787566108608,0.6314787566108608,0.6314787566108608,0.6314787566108608,0.6314787566108608,-0.27666196209412575,-0.814819425030414,-0.814819425030414,-0.6399182495761204,-0.6399182495761204,-0.007583230625981649,-0.007583230625981649,-0.6399182495761204,-0.6399182495761204,-0.6059293571801442,-0.6059293571801442,-0.6059293571801442,-0.814819425030414,-0.814819425030414,-0.6399182495761204,-0.6399182495761204,-0.007583230625981649,-0.007583230625981649,-0.6399182495761204,-0.6399182495761204,-0.3819536396251386,-0.3819536396251386,0.32876518370919866,0.32876518370919866,-0.3819536396251386,-0.3819536396251386,-0.45515442739072337,-0.6269720087224643,-0.6269720087224643,-0.6269720087224643,-0.6269720087224643,-0.6269720087224643,0.23703379798142207,0.23703379798142207,-0.6675174317168252,-0.6675174317168252,-0.6675174317168252,-0.6675174317168252,-0.6675174317168252,-0.701523117043827,-0.701523117043827,-0.701523117043827,-0.6675174317168252,-0.701523117043827,-0.701523117043827,-0.701523117043827,-0.701523117043827,-0.701523117043827,-0.701523117043827,-0.701523117043827,-0.701523117043827,-0.6675174317168252,-0.6675174317168252,-0.6675174317168252,-0.6675174317168252,-0.6675174317168252,-0.6675174317168252,-0.6675174317168252,-0.701523117043827,-0.701523117043827,-0.701523117043827,-0.701523117043827,-0.701523117043827,-0.6675174317168252,-0.6675174317168252,-0.5117490698184638,-0.40581975319883484,-0.40581975319883484,-0.40581975319883484,-0.40581975319883484,-0.40581975319883484,-0.3751054004361297,-0.27666196209412575,-0.27666196209412575,-0.3751054004361297,-0.3751054004361297,-0.5335098421318997,-0.5335098421318997,-0.40581975319883484,-0.40581975319883484,-0.40581975319883484,-0.40581975319883484,-0.3751054004361297,-0.27666196209412575,-0.27666196209412575,-0.3751054004361297,-0.3751054004361297,-0.5649606029528517,-0.5649606029528517,-0.5649606029528517,-0.5649606029528517,-0.5649606029528517,-0.47847101069523384,-0.27666196209412575,-0.27666196209412575,-0.47847101069523384,-0.47847101069523384,-0.24561441615549373,-0.24561441615549373,-0.47847101069523384,-0.47847101069523384,-0.47847101069523384,-0.24561441615549373,-0.24561441615549373,-0.24561441615549373,-0.5117490698184638,0.7323832809114148,0.7323832809114148,0.7323832809114148,0.7323832809114148,-0.5117490698184638,-0.5117490698184638,-0.38166829632559657,-0.38166829632559657,-0.3891456941013008,-0.3891456941013008,-0.4578314489064841,-0.4578314489064841,-0.423432179258568,-0.423432179258568,-0.423432179258568,-0.4578314489064841,-0.4578314489064841,-0.34685641378146764,-0.34685641378146764,-0.34685641378146764,-0.4578314489064841,0.12695613510809048,0.12695613510809048,0.12695613510809048,0.12695613510809048,0.12695613510809048,0.12695613510809048,-0.4578314489064841,-0.4578314489064841,-0.47847101069523384,-0.47847101069523384,-0.47847101069523384,-0.4578314489064841,-0.4578314489064841,-0.4578314489064841,-0.4578314489064841,-0.3775664863946797,-0.3775664863946797,-0.3775664863946797,-0.4578314489064841,-0.4578314489064841,-0.27666196209412575,-0.27666196209412575,-0.27666196209412575,-0.4578314489064841,-0.4578314489064841,-0.23630015237390417,-0.23630015237390417,-0.23630015237390417,-0.4578314489064841,-0.4578314489064841,-0.4629472377259179,-0.4629472377259179,-0.4629472377259179,-0.4578314489064841,-0.4578314489064841,-0.4578314489064841,-0.4578314489064841,-0.4578314489064841,-0.4578314489064841,-0.6641353354082533,-0.6641353354082533,-0.6641353354082533,-0.6641353354082533,-0.6641353354082533,-0.6641353354082533,-0.6641353354082533,-0.4578314489064841,-0.4578314489064841,-0.4578314489064841,-0.4578314489064841,-0.4578314489064841,-0.4578314489064841,-0.4578314489064841,-0.3891456941013008,-0.3891456941013008,-0.3891456941013008,-0.3891456941013008,1.337810426714739,1.337810426714739,1.337810426714739,1.337810426714739,1.337810426714739,1.337810426714739,-0.5871374214804459,-0.5871374214804459,-0.5871374214804459,-0.5871374214804459,-0.5871374214804459,-0.1869690516047444,-0.567796327289167,-0.567796327289167,-0.567796327289167,-0.567796327289167,-0.567796327289167,-0.567796327289167,-0.567796327289167,-0.567796327289167,-0.567796327289167,-0.567796327289167,-0.134850198212266,-0.134850198212266,-0.16658429922079404,-0.16658429922079404,-0.16658429922079404,-0.16658429922079404,-0.16658429922079404,-0.16658429922079404,-0.16658429922079404,-0.16658429922079404,-0.16658429922079404,-0.16658429922079404,-0.16658429922079404,-0.16658429922079404,-0.16658429922079404,-0.16658429922079404,-0.16658429922079404,-0.16658429922079404,-0.24561441615549373,-0.24561441615549373,-0.47847101069523384,-0.47847101069523384,-0.24561441615549373,-0.24561441615549373,0.4296697080097526,0.4296697080097526,-0.1869690516047444,-0.1869690516047444,-0.1869690516047444,-0.1869690516047444,-0.1869690516047444,-0.1869690516047444,-0.1869690516047444,-0.1869690516047444,-0.1869690516047444,-0.1869690516047444,-0.1869690516047444,-0.1869690516047444,-0.1869690516047444,-0.4560477830728885,-0.4318996917872858,-0.6802800592963419,-0.6802800592963419,-0.6802800592963419,-0.357385581534569,-0.3794011141092353,-0.3794011141092353,-0.3794011141092353,-0.3794011141092353,-0.3794011141092353,-0.3794011141092353,-0.3794011141092353,-0.3794011141092353,-0.3794011141092353,-0.4560477830728885,-0.6181849674190778,-0.6181849674190778
1.1370837108627798,1.4516825767754173,1.4516825767754173,1.4516825767754173,1.4516825767754173,1.1294044362281104,1.22154448730964,1.2466936133526054,1.2466936133526054,1.2466936133526054,1.2466936133526054,1.2466936133526054,1.2466936133526054,1.2466936133526054,1.2466936133526054,1.2466936133526054,1.2466936133526054,1.22154448730964,1.1338378005521959,1.1338378005521959,1.1338378005521959,1.1338378005521959,1.1338378005521959,1.1338378005521959,1.1338378005521959,1.1338378005521959,1.1338378005521959,1.1338378005521959,1.1338378005521959,1.1338378005521959,1.1338378005521959,1.1338378005521959,1.1338378005521959,1.1338378005521959,1.1338378005521959,1.1338378005521959,1.1338378005521959,1.22154448730964,1.4516825767754173,1.4516825767754173,1.4516825767754173,1.4516825767754173,1.4516825767754173,1.4516825767754173,1.4516825767754173,1.4516825767754173,1.4516825767754173,1.4516825767754173,1.4516825767754173,1.4516825767754173,1.4516825767754173,1.4516825767754173,1.4516825767754173,1.4516825767754173,1.22154448730964,1.4516825767754173,1.4516825767754173,1.4516825767754173,1.4516825767754173,1.4516825767754173,1.4516825767754173,1.4516825767754173,1.4516825767754173,1.22154448730964,0.8774168543349103,0.8774168543349103,0.8774168543349103,0.8774168543349103,0.8774168543349103,0.8774168543349103,0.8774168543349103,1.22154448730964,1.1338378005521959,1.1338378005521959,1.1338378005521959,1.1338378005521959,1.1338378005521959,1.1338378005521959,1.1338378005521959,1.1338378005521959,1.22154448730964,1.2024353014106137,1.2024353014106137,1.2024353014106137,1.2024353014106137,1.2024353014106137,1.2024353014106137,1.2024353014106137,1.2024353014106137,1.2024353014106137,1.22154448730964,1.4516825767754173,1.4516825767754173,1.4516825767754173,1.22154448730964,0.9499433869582212,0.9499433869582212,0.9499433869582212,0.9499433869582212,0.9499433869582212,0.9499433869582212,0.9499433869582212,0.9499433869582212,0.9499433869582212,0.9499433869582212,0.9499433869582212,0.9499433869582212,0.9499433869582212,0.9499433869582212,0.9499433869582212,1.22154448730964,0.9914973421327474,0.9914973421327474,0.9914973421327474,0.9914973421327474,0.9914973421327474,0.9914973421327474,0.9914973421327474,0.9914973421327474,0.9914973421327474,0.9914973421327474,0.9914973421327474,1.1294044362281104,1.22154448730964,1.4516825767754173,1.4516825767754173,1.4516825767754173,1.4516825767754173,1.4516825767754173,1.4516825767754173,1.4516825767754173,1.4516825767754173,1.4516825767754173,1.4516825767754173,1.4516825767754173,1.4516825767754173,1.4516825767754173,1.22154448730964,1.22154448730964,1.22154448730964,1.22154448730964,1.1294044362281104,1.22154448730964,1.4516825767754173,1.4516825767754173,1.4516825767754173,1.1294044362281104,1.1294044362281104,1.1294044362281104,1.1294044362281104,1.22154448730964,1.4516825767754173,1.4516825767754173,1.4516825767754173,1.4516825767754173,1.4516825767754173,1.1294044362281104,1.1294044362281104,1.1294044362281104,1.1294044362281104,1.1294044362281104,1.1294044362281104,1.1294044362281104,0.30202951915526144,0.30202951915526144,0.30202951915526144,0.30202951915526144,0.30202951915526144,0.30202951915526144,0.30202951915526144,0.30202951915526144,-0.59926643194068,-0.8271496551313574,-0.8271496551313574,-0.7780835486381147,-0.7780835486381147,-0.3998686116488372,-0.3998686116488372,-0.7780835486381147,-0.7780835486381147,-0.7657551293890457,-0.7657551293890457,-0.7657551293890457,-0.8271496551313574,-0.8271496551313574,-0.7780835486381147,-0.7780835486381147,-0.3998686116488372,-0.3998686116488372,-0.7780835486381147,-0.7780835486381147,-0.6617835449190298,-0.6617835449190298,-0.07050614063106092,-0.07050614063106092,-0.6617835449190298,-0.6617835449190298,-0.700106209578617,-0.7734948787918293,-0.7734948787918293,-0.7734948787918293,-0.7734948787918293,-0.7734948787918293,-0.16916038982356457,-0.16916038982356457,-0.7874255594524778,-0.7874255594524778,-0.7874255594524778,-0.7874255594524778,-0.7874255594524778,-0.7981119036998584,-0.7981119036998584,-0.7981119036998584,-0.7874255594524778,-0.7981119036998584,-0.7981119036998584,-0.7981119036998584,-0.7981119036998584,-0.7981119036998584,-0.7981119036998584,-0.7981119036998584,-0.7981119036998584,-0.7874255594524778,-0.7874255594524778,-0.7874255594524778,-0.7874255594524778,-0.7874255594524778,-0.7874255594524778,-0.7874255594524778,-0.7981119036998584,-0.7981119036998584,-0.7981119036998584,-0.7981119036998584,-0.7981119036998584,-0.7874255594524778,-0.7874255594524778,-0.7268450882345158,-0.6747413554614323,-0.6747413554614323,-0.6747413554614323,-0.6747413554614323,-0.6747413554614323,-0.657982625304429,-0.59926643194068,-0.59926643194068,-0.657982625304429,-0.657982625304429,-0.7364554281332082,-0.7364554281332082,-0.6747413554614323,-0.6747413554614323,-0.6747413554614323,-0.6747413554614323,-0.657982625304429,-0.59926643194068,-0.59926643194068,-0.657982625304429,-0.657982625304429,-0.7496867992891182,-0.7496867992891182,-0.7496867992891182,-0.7496867992891182,-0.7496867992891182,-0.7114277058548415,-0.59926643194068,-0.59926643194068,-0.7114277058548415,-0.7114277058548415,-0.5791665248656146,-0.5791665248656146,-0.7114277058548415,-0.7114277058548415,-0.7114277058548415,-0.5791665248656146,-0.5791665248656146,-0.5791665248656146,-0.7268450882345158,0.4422311115479633,0.4422311115479633,0.4422311115479633,0.4422311115479633,-0.7268450882345158,-0.7268450882345158,-0.6616259100297409,-0.6616259100297409,-0.6657355617498325,-0.6657355617498325,-0.7014277900337977,-0.7014277900337977,-0.6840163909785353,-0.6840163909785353,-0.6840163909785353,-0.7014277900337977,-0.7014277900337977,-0.6419137648251356,-0.6419137648251356,-0.6419137648251356,-0.7014277900337977,-0.2788056493287897,-0.2788056493287897,-0.2788056493287897,-0.2788056493287897,-0.2788056493287897,-0.2788056493287897,-0.7014277900337977,-0.7014277900337977,-0.7114277058548415,-0.7114277058548415,-0.7114277058548415,-0.7014277900337977,-0.7014277900337977,-0.7014277900337977,-0.7014277900337977,-0.6593528286804093,-0.6593528286804093,-0.6593528286804093,-0.7014277900337977,-0.7014277900337977,-0.59926643194068,-0.59926643194068,-0.59926643194068,-0.7014277900337977,-0.7014277900337977,-0.5729886477665049,-0.5729886477665049,-0.5729886477665049,-0.7014277900337977,-0.7014277900337977,-0.7039376461429069,-0.7039376461429069,-0.7039376461429069,-0.7014277900337977,-0.7014277900337977,-0.7014277900337977,-0.7014277900337977,-0.7014277900337977,-0.7014277900337977,-0.786312981535588,-0.786312981535588,-0.786312981535588,-0.786312981535588,-0.786312981535588,-0.786312981535588,-0.786312981535588,-0.7014277900337977,-0.7014277900337977,-0.7014277900337977,-0.7014277900337977,-0.7014277900337977,-0.7014277900337977,-0.7014277900337977,-0.6657355617498325,-0.6657355617498325,-0.6657355617498325,-0.6657355617498325,1.4516825767754173,1.4516825767754173,1.4516825767754173,1.4516825767754173,1.4516825767754173,1.4516825767754173,-0.7585487144223296,-0.7585487144223296,-0.7585487144223296,-0.7585487144223296,-0.7585487144223296,-0.5391305813764734,-0.7508415400828263,-0.7508415400828263,-0.7508415400828263,-0.7508415400828263,-0.7508415400828263,-0.7508415400828263,-0.7508415400828263,-0.7508415400828263,-0.7508415400828263,-0.7508415400828263,-0.5012789347884978,-0.5012789347884978,-0.52458053053857,-0.52458053053857,-0.52458053053857,-0.52458053053857,-0.52458053053857,-0.52458053053857,-0.52458053053857,-0.52458053053857,-0.52458053053857,-0.52458053053857,-0.52458053053857,-0.52458053053857,-0.52458053053857,-0.52458053053857,-0.52458053053857,-0.52458053053857,-0.5791665248656146,-0.5791665248656146,-0.7114277058548415,-0.7114277058548415,-0.5791665248656146,-0.5791665248656146,0.045660893065749136,0.045660893065749136,-0.5391305813764734,-0.5391305813764734,-0.5391305813764734,-0.5391305813764734,-0.5391305813764734,-0.5391305813764734,-0.5391305813764734,-0.5391305813764734,-0.5391305813764734,-0.5391305813764734,-0.5391305813764734,-0.5391305813764734,-0.5391305813764734,-0.7005478644698699,-0.6883886614244601,-0.791542901507814,-0.791542901507814,-0.791542901507814,-0.6479764708976872,-0.6603711524069736,-0.6603711524069736,-0.6603711524069736,-0.6603711524069736,-0.6603711524069736,-0.6603711524069736,-0.6603711524069736,-0.6603711524069736,-0.6603711524069736,-0.7005478644698699,-0.7703052638435941,-0.7703052638435941
1.0484388017289754,1.4965912411460476,1.4965912411460476,1.4965912411460476,1.4965912411460476,1.0379150925177212,1.1655149884913458,1.200842605849958,1.200842605849958,1.200842605849958,1.200842605849958,1.200842605849958,1.200842605849958,1.200842605849958,1.200842605849958,1.200842605849958,1.200842605849958,1.1655149884913458,1.0439881143023126,1.0439881143023126,1.0439881143023126,1.0439881143023126,1.0439881143023126,1.0439881143023126,1.0439881143023126,1.0439881143023126,1.0439881143023126,1.0439881143023126,1.0439881143023126,1.0439881143023126,1.0439881143023126,1.0439881143023126,1.0439881143023126,1.0439881143023126,1.0439881143023126,1.0439881143023126,1.0439881143023126,1.1655149884913458,1.4965912411460476,1.4965912411460476,1.4965912411460476,1.4965912411460476,1.4965912411460476,1.4965912411460476,1.4965912411460476,1.4965912411460476,1.4965912411460476,1.4965912411460476,1.4965912411460476,1.4965912411460476,1.4965912411460476,1.4965912411460476,1.4965912411460476,1.4965912411460476,1.1655149884913458,1.4965912411460476,1.4965912411460476,1.4965912411460476,1.4965912411460476,1.4965912411460476,1.4965912411460476,1.4965912411460476,1.4965912411460476,1.1655149884913458,0.7041157421902631,0.7041157421902631,0.7041157421902631,0.7041157421902631,0.7041157421902631,0.7041157421902631,0.7041157421902631,1.1655149884913458,1.0439881143023126,1.0439881143023126,1.0439881143023126,1.0439881143023126,1.0439881143023126,1.0439881143023126,1.0439881143023126,1.0439881143023126,1.1655149884913458,1.1388143164205797,1.1388143164205797,1.1388143164205797,1.1388143164205797,1.1388143164205797,1.1388143164205797,1.1388143164205797,1.1388143164205797,1.1388143164205797,1.1655149884913458,1.4965912411460476,1.4965912411460476,1.4965912411460476,1.1655149884913458,0.7978582194732057,0.7978582194732057,0.7978582194732057,0.7978582194732057,0.7978582194732057,0.7978582194732057,0.7978582194732057,0.7978582194732057,0.7978582194732057,0.7978582194732057,0.7978582194732057,0.7978582194732057,0.7978582194732057,0.7978582194732057,0.7978582194732057,1.1655149884913458,0.8524273690759588,0.8524273690759588,0.8524273690759588,0.8524273690759588,0.8524273690759588,0.8524273690759588,0.8524273690759588,0.8524273690759588,0.8524273690759588,0.8524273690759588,0.8524273690759588,1.0379150925177212,1.1655149884913458,1.4965912411460476,1.4965912411460476,1.4965912411460476,1.4965912411460476,1.4965912411460476,1.4965912411460476,1.4965912411460476,1.4965912411460476,1.4965912411460476,1.4965912411460476,1.4965912411460476,1.4965912411460476,1.4965912411460476,1.1655149884913458,1.1655149884913458,1.1655149884913458,1.1655149884913458,1.0379150925177212,1.1655149884913458,1.4965912411460476,1.4965912411460476,1.4965912411460476,1.0379150925177212,1.0379150925177212,1.0379150925177212,1.0379150925177212,1.1655149884913458,1.4965912411460476,1.4965912411460476,1.4965912411460476,1.4965912411460476,1.4965912411460476,1.0379150925177212,1.0379150925177212,1.0379150925177212,1.0379150925177212,1.0379150925177212,1.0379150925177212,1.0379150925177212,0.03304297607917258,0.03304297607917258,0.03304297607917258,0.03304297607917258,0.03304297607917258,0.03304297607917258,0.03304297607917258,0.03304297607917258,-0.6897800420511516,-0.7707567562436405,-0.7707567562436405,-0.7598805713186618,-0.7598805713186618,-0.5745439487772251,-0.5745439487772251,-0.7598805713186618,-0.7598805713186618,-0.7564151408362464,-0.7564151408362464,-0.7564151408362464,-0.7707567562436405,-0.7707567562436405,-0.7598805713186618,-0.7598805713186618,-0.5745439487772251,-0.5745439487772251,-0.7598805713186618,-0.7598805713186618,-0.7185799141423779,-0.7185799141423779,-0.32319495310162105,-0.32319495310162105,-0.7185799141423779,-0.7185799141423779,-0.7341365682273766,-0.7586206525712003,-0.7586206525712003,-0.7586206525712003,-0.7586206525712003,-0.7586206525712003,-0.40541151793190666,-0.40541151793190666,-0.7623308538624692,-0.7623308538624692,-0.7623308538624692,-0.7623308538624692,-0.7623308538624692,-0.7649337197906675,-0.7649337197906675,-0.7649337197906675,-0.7623308538624692,-0.7649337197906675,-0.7649337197906675,-0.7649337197906675,-0.7649337197906675,-0.7649337197906675,-0.7649337197906675,-0.7649337197906675,-0.7649337197906675,-0.7623308538624692,-0.7623308538624692,-0.7623308538624692,-0.7623308538624692,-0.7623308538624692,-0.7623308538624692,-0.7623308538624692,-0.7649337197906675,-0.7649337197906675,-0.7649337197906675,-0.7649337197906675,-0.7649337197906675,-0.7623308538624692,-0.7623308538624692,-0.7439295549053413,-0.7240300527496548,-0.7240300527496548,-0.7240300527496548,-0.7240300527496548,-0.7240300527496548,-0.7169457918116833,-0.6897800420511516,-0.6897800420511516,-0.7169457918116833,-0.7169457918116833,-0.7472176191428886,-0.7472176191428886,-0.7240300527496548,-0.7240300527496548,-0.7240300527496548,-0.7240300527496548,-0.7169457918116833,-0.6897800420511516,-0.6897800420511516,-0.7169457918116833,-0.7169457918116833,-0.7515306887157955,-0.7515306887157955,-0.7515306887157955,-0.7515306887157955,-0.7515306887157955,-0.7383952689010893,-0.6897800420511516,-0.6897800420511516,-0.7383952689010893,-0.7383952689010893,-0.679699240666185,-0.679699240666185,-0.7383952689010893,-0.7383952689010893,-0.7383952689010893,-0.679699240666185,-0.679699240666185,-0.679699240666185,-0.7439295549053413,0.1839801161977291,0.1839801161977291,0.1839801161977291,0.1839801161977291,-0.7439295549053413,-0.7439295549053413,-0.7185124582761523,-0.7185124582761523,-0.720262089030768,-0.720262089030768,-0.7346419490011442,-0.7346419490011442,-0.7278137793361517,-0.7278137793361517,-0.7278137793361517,-0.7346419490011442,-0.7346419490011442,-0.7098646180763746,-0.7098646180763746,-0.7098646180763746,-0.7346419490011442,-0.49006343445140743,-0.49006343445140743,-0.49006343445140743,-0.49006343445140743,-0.49006343445140743,-0.49006343445140743,-0.7346419490011442,-0.7346419490011442,-0.7383952689010893,-0.7383952689010893,-0.7383952689010893,-0.7346419490011442,-0.7346419490011442,-0.7346419490011442,-0.7346419490011442,-0.7175367087323661,-0.7175367087323661,-0.7175367087323661,-0.7346419490011442,-0.7346419490011442,-0.6897800420511516,-0.6897800420511516,-0.6897800420511516,-0.7346419490011442,-0.7346419490011442,-0.6765251661467686,-0.6765251661467686,-0.6765251661467686,-0.7346419490011442,-0.7346419490011442,-0.7355957772492723,-0.7355957772492723,-0.7355957772492723,-0.7346419490011442,-0.7346419490011442,-0.7346419490011442,-0.7346419490011442,-0.7346419490011442,-0.7346419490011442,-0.7620473493515134,-0.7620473493515134,-0.7620473493515134,-0.7620473493515134,-0.7620473493515134,-0.7620473493515134,-0.7620473493515134,-0.7346419490011442,-0.7346419490011442,-0.7346419490011442,-0.7346419490011442,-0.7346419490011442,-0.7346419490011442,-0.7346419490011442,-0.720262089030768,-0.720262089030768,-0.720262089030768,-0.720262089030768,1.4965912411460476,1.4965912411460476,1.4965912411460476,1.4965912411460476,1.4965912411460476,1.4965912411460476,-0.7542742056341368,-0.7542742056341368,-0.7542742056341368,-0.7542742056341368,-0.7542742056341368,-0.6585198005323988,-0.7518949296888848,-0.7518949296888848,-0.7518949296888848,-0.7518949296888848,-0.7518949296888848,-0.7518949296888848,-0.7518949296888848,-0.7518949296888848,-0.7518949296888848,-0.7518949296888848,-0.6372201348016661,-0.6372201348016661,-0.6504748280836586,-0.6504748280836586,-0.6504748280836586,-0.6504748280836586,-0.6504748280836586,-0.6504748280836586,-0.6504748280836586,-0.6504748280836586,-0.6504748280836586,-0.6504748280836586,-0.6504748280836586,-0.6504748280836586,-0.6504748280836586,-0.6504748280836586,-0.6504748280836586,-0.6504748280836586,-0.679699240666185,-0.679699240666185,-0.7383952689010893,-0.7383952689010893,-0.679699240666185,-0.679699240666185,-0.21955911478300397,-0.21955911478300397,-0.6585198005323988,-0.6585198005323988,-0.6585198005323988,-0.6585198005323988,-0.6585198005323988,-0.6585198005323988,-0.6585198005323988,-0.6585198005323988,-0.6585198005323988,-0.6585198005323988,-0.6585198005323988,-0.6585198005323988,-0.6585198005323988,-0.7343056997125486,-0.729562606605493,-0.7633598448510573,-0.7633598448510573,-0.7633598448510573,-0.7125687581183223,-0.7179745399510741,-0.7179745399510741,-0.7179745399510741,-0.7179745399510741,-0.7179745399510741,-0.7179745399510741,-0.7179745399510741,-0.7179745399510741,-0.7179745399510741,-0.7343056997125486,-0.7577237821877965,-0.7577237821877965
1.0,1.0,1.0,1.0,1.0,1.0,-1.0,-1.0,-1.0,-1.0,-1.0,-1.0,-1.0,-1.0,-1.0,-1.0,-1.0,-1.0,-1.0,-1.0,-1.0,-1.0,-1.0,-1.0,-1.0,-1.0,-1.0,-1.0,-1.0,-1.0,-1.0,-1.0,-1.0,-1.0,-1.0,-1.0,-1.0,-1.0,-1.0,-1.0,-1.0,-1.0,-1.0,-1.0,-1.0,-1.0,-1.0,-1.0,-1.0,-1.0,-1.0,-1.0,-1.0,-1.0,-1.0,-1.0,-1.0,-1.0,-1.0,-1.0,-1.0,-1.0,-1.0,-1.0,-1.0,-1.0,-1.0,-1.0,-1.0,-1.0,-1.0,-1.0,-1.0,-1.0,-1.0,-1.0,-1.0,-1.0,-1.0,-1.0,-1.0,-1.0,-1.0,-1.0,-1.0,-1.0,-1.0,-1.0,-1.0,-1.0,-1.0,-1.0,-1.0,-1.0,-1.0,-1.0,-1.0,-1.0,-1.0,-1.0,-1.0,-1.0,-1.0,-1.0,-1.0,-1.0,-1.0,-1.0,-1.0,-1.0,-1.0,-1.0,-1.0,-1.0,-1.0,-1.0,-1.0,-1.0,-1.0,-1.0,-1.0,-1.0,1.0,-1.0,-1.0,-1.0,-1.0,-1.0,-1.0,-1.0,-1.0,-1.0,-1.0,-1.0,-1.0,-1.0,-1.0,-1.0,-1.0,-1.0,-1.0,1.0,-1.0,-1.0,-1.0,-1.0,1.0,1.0,1.0,1.0,-1.0,-1.0,-1.0,-1.0,-1.0,-1.0,1.0,1.0,1.0,1.0,1.0,1.0,1.0,-1.0,-1.0,-1.0,-1.0,-1.0,-1.0,-1.0,-1.0,1.0,-1.0,-1.0,1.0,1.0,1.0,1.0,1.0,1.0,1.0,1.0,1.0,-1.0,-1.0,1.0,1.0,1.0,1.0,1.0,1.0,-1.0,-1.0,-1.0,-1.0,-1.0,-1.0,1.0,-1.0,-1.0,-1.0,-1.0,-1.0,-1.0,-1.0,-1.0,-1.0,-1.0,-1.0,-1.0,-1.0,-1.0,-1.0,-1.0,-1.0,-1.0,-1.0,-1.0,-1.0,-1.0,-1.0,-1.0,-1.0,-1.0,-1.0,-1.0,-1.0,-1.0,-1.0,-1.0,-1.0,-1.0,-1.0,-1.0,-1.0,-1.0,1.0,-1.0,-1.0,-1.0,-1.0,-1.0,1.0,1.0,1.0,1.0,1.0,-1.0,-1.0,-1.0,-1.0,-1.0,-1.0,1.0,1.0,1.0,1.0,1.0,-1.0,-1.0,-1.0,-1.0,-1.0,1.0,1.0,1.0,1.0,1.0,1.0,1.0,1.0,1.0,1.0,1.0,1.0,1.0,1.0,-1.0,-1.0,-1.0,-1.0,1.0,1.0,-1.0,-1.0,-1.0,-1.0,-1.0,-1.0,-1.0,-1.0,-1.0,-1.0,-1.0,-1.0,-1.0,-1.0,-1.0,-1.0,-1.0,-1.0,-1.0,-1.0,-1.0,-1.0,-1.0,-1.0,-1.0,-1.0,-1.0,-1.0,-1.0,-1.0,-1.0,-1.0,-1.0,-1.0,-1.0,-1.0,-1.0,-1.0,-1.0,-1.0,-1.0,-1.0,-1.0,-1.0,-1.0,-1.0,-1.0,-1.0,-1.0,-1.0,-1.0,-1.0,-1.0,-1.0,-1.0,-1.0,-1.0,-1.0,-1.0,-1.0,-1.0,-1.0,-1.0,-1.0,-1.0,-1.0,-1.0,-1.0,-1.0,-1.0,-1.0,-1.0,-1.0,-1.0,-1.0,-1.0,-1.0,-1.0,1.0,1.0,1.0,1.0,1.0,1.0,-1.0,-1.0,-1.0,-1.0,-1.0,-1.0,-1.0,-1.0,-1.0,-1.0,-1.0,-1.0,-1.0,-1.0,-1.0,-1.0,-1.0,-1.0,-1.0,-1.0,-1.0,-1.0,-1.0,-1.0,-1.0,-1.0,-1.0,-1.0,1.0,1.0,1.0,1.0,1.0,1.0,1.0,1.0,1.0,1.0,1.0,1.0,1.0,1.0,1.0,1.0,1.0,1.0,1.0,1.0,1.0,1.0,1.0,-1.0,-1.0,-1.0,-1.0,1.0,1.0,1.0,1.0,1.0,1.0,1.0,1.0,1.0,1.0,-1.0,-1.0
1.0,1.0,1.0,1.0,1.0,1.0,1.0,1.0,1.0,1.0,1.0,1.0,1.0,1.0,1.0,1.0,1.0,1.0,1.0,1.0,1.0,1.0,1.0,1.0,1.0,1.0,1.0,1.0,1.0,1.0,1.0,1.0,1.0,1.0,1.0,1.0,1.0,1.0,1.0,1.0,1.0,1.0,1.0,1.0,1.0,1.0,1.0,1.0,1.0,1.0,1.0,1.0,1.0,1.0,1.0,1.0,1.0,1.0,1.0,1.0,1.0,1.0,1.0,1.0,1.0,1.0,1.0,1.0,1.0,1.0,1.0,1.0,1.0,1.0,1.0,1.0,1.0,1.0,1.0,1.0,1.0,1.0,1.0,1.0,1.0,1.0,1.0,1.0,1.0,1.0,1.0,1.0,1.0,1.0,1.0,1.0,1.0,1.0,1.0,1.0,1.0,1.0,1.0,1.0,1.0,1.0,1.0,1.0,1.0,1.0,1.0,1.0,1.0,1.0,1.0,1.0,1.0,1.0,1.0,1.0,1.0,1.0,1.0,1.0,1.0,1.0,1.0,1.0,1.0,1.0,1.0,1.0,1.0,1.0,1.0,1.0,1.0,1.0,1.0,1.0,1.0,1.0,1.0,1.0,1.0,1.0,1.0,1.0,1.0,1.0,1.0,1.0,1.0,1.0,1.0,1.0,1.0,1.0,1.0,1.0,1.0,1.0,1.0,1.0,1.0,1.0,1.0,1.0,1.0,1.0,1.0,1.0,1.0,1.0,1.0,1.0,1.0,1.0,1.0,1.0,1.0,1.0,1.0,1.0,1.0,1.0,1.0,1.0,1.0,1.0,1.0,1.0,1.0,1.0,1.0,1.0,1.0,1.0,1.0,1.0,1.0,1.0,1.0,1.0,1.0,1.0,1.0,1.0,1.0,1.0,1.0,1.0,1.0,1.0,1.0,1.0,1.0,1.0,1.0,1.0,1.0,1.0,1.0,1.0,1.0,1.0,1.0,1.0,1.0,1.0,1.0,1.0,1.0,1.0,1.0,1.0,1.0,1.0,1.0,1.0,1.0,1.0,1.0,1.0,1.0,1.0,1.0,1.0,1.0,1.0,1.0,1.0,1.0,1.0,1.0,1.0,1.0,1.0,1.0,1.0,1.0,1.0,1.0,1.0,1.0,1.0,1.0,1.0,1.0,1.0,1.0,1.0,1.0,1.0,1.0,1.0,1.0,1.0,1.0,1.0,1.0,1.0,1.0,1.0,1.0,1.0,1.0,1.0,1.0,1.0,1.0,1.0,1.0,1.0,1.0,1.0,1.0,1.0,1.0,1.0,1.0,1.0,1.0,1.0,1.0,1.0,1.0,1.0,1.0,1.0,1.0,1.0,1.0,1.0,1.0,1.0,1.0,1.0,1.0,1.0,1.0,1.0,1.0,1.0,1.0,1.0,1.0,1.0,1.0,1.0,1.0,1.0,1.0,1.0,1.0,1.0,1.0,1.0,1.0,1.0,1.0,1.0,1.0,1.0,1.0,1.0,1.0,1.0,1.0,1.0,1.0,1.0,1.0,1.0,1.0,1.0,1.0,1.0,1.0,1.0,1.0,1.0,1.0,1.0,1.0,1.0,1.0,1.0,1.0,1.0,1.0,1.0,1.0,1.0,1.0,1.0,1.0,1.0,1.0,1.0,1.0,1.0,1.0,1.0,1.0,1.0,1.0,1.0,1.0,1.0,1.0,1.0,1.0,1.0,1.0,1.0,1.0,1.0,1.0,1.0,1.0,1.0,1.0,1.0,1.0,1.0,1.0,1.0,1.0,1.0,1.0,1.0,1.0,1.0,1.0,1.0,1.0,1.0,1.0,1.0,1.0,1.0,1.0,1.0,1.0,1.0,1.0,1.0,1.0,1.0,1.0,1.0,1.0,1.0
-0.29407468273532367,-0.29407468273532367,-0.29407468273532367,-0.29407468273532367,-0.29407468273532367,-0.29407468273532367,-0.29407468273532367,-0.29407468273532367,-0.29407468273532367,-0.29407468273532367,-0.29407468273532367,-0.29407468273532367,-0.29407468273532367,-0.29407468273532367,-0.29407468273532367,-0.29407468273532367,-0.29407468273532367,-0.29407468273532367,-0.29407468273532367,-0.29407468273532367,-0.29407468273532367,-0.29407468273532367,-0.29407468273532367,-0.29407468273532367,-0.29407468273532367,-0.29407468273532367,-0.29407468273532367,-0.29407468273532367,-0.29407468273532367,-0.29407468273532367,-0.29407468273532367,-0.29407468273532367,-0.29407468273532367,-0.29407468273532367,-0.29407468273532367,-0.29407468273532367,-0.29407468273532367,-0.29407468273532367,-0.29407468273532367,-0.29407468273532367,-0.29407468273532367,-0.29407468273532367,-0.29407468273532367,-0.29407468273532367,-0.29407468273532367,-0.29407468273532367,-0.29407468273532367,-0.29407468273532367,-0.29407468273532367,-0.29407468273532367,-0.29407468273532367,-0.29407468273532367,-0.29407468273532367,-0.29407468273532367,-0.29407468273532367,-0.29407468273532367,-0.29407468273532367,-0.29407468273532367,-0.29407468273532367,-0.29407468273532367,-0.29407468273532367,-0.29407468273532367,-0.29407468273532367,-0.29407468273532367,-0.29407468273532367,-0.29407468273532367,-0.29407468273532367,-0.29407468273532367,-0.29407468273532367,-0.29407468273532367,-0.29407468273532367,-0.29407468273532367,-0.29407468273532367,-0.29407468273532367,-0.29407468273532367,-0.29407468273532367,-0.29407468273532367,-0.29407468273532367,-0.29407468273532367,-0.29407468273532367,-0.29407468273532367,-0.29407468273532367,-0.29407468273532367,-0.29407468273532367,-0.29407468273532367,-0.29407468273532367,-0.29407468273532367,-0.29407468273532367,-0.29407468273532367,-0.29407468273532367,-0.29407468273532367,-0.29407468273532367,-0.29407468273532367,-0.29407468273532367,-0.29407468273532367,-0.29407468273532367,-0.29407468273532367,-0.29407468273532367,-0.29407468273532367,-0.29407468273532367,-0.29407468273532367,-0.29407468273532367,-0.29407468273532367,-0.29407468273532367,-0.29407468273532367,-0.29407468273532367,-0.29407468273532367,-0.29407468273532367,-0.29407468273532367,-0.29407468273532367,-0.29407468273532367,-0.29407468273532367,-0.29407468273532367,-0.29407468273532367,-0.29407468273532367,-0.29407468273532367,-0.29407468273532367,-0.29407468273532367,-0.29407468273532367,-0.29407468273532367,-0.29407468273532367,-0.29407468273532367,-0.29407468273532367,-0.29407468273532367,-0.29407468273532367,-0.29407468273532367,-0.29407468273532367,-0.29407468273532367,-0.29407468273532367,-0.29407468273532367,-0.29407468273532367,-0.29407468273532367,-0.29407468273532367,-0.29407468273532367,-0.29407468273532367,-0.29407468273532367,-0.29407468273532367,-0.29407468273532367,-0.29407468273532367,-0.29407468273532367,-0.29407468273532367,-0.29407468273532367,-0.29407468273532367,-0.29407468273532367,-0.29407468273532367,-0.29407468273532367,-0.29407468273532367,-0.29407468273532367,-0.29407468273532367,-0.29407468273532367,-0.29407468273532367,-0.29407468273532367,-0.29407468273532367,-0.29407468273532367,-0.29407468273532367,-0.29407468273532367,-0.29407468273532367,-0.29407468273532367,-0.29407468273532367,-0.29407468273532367,-0.29407468273532367,-0.29407468273532367,-0.29407468273532367,-0.29407468273532367,-0.29407468273532367,-0.29407468273532367,-0.29407468273532367,-0.29407468273532367,-0.29407468273532367,-0.29407468273532367,-0.29407468273532367,-0.29407468273532367,-0.29407468273532367,-0.29407468273532367,-0.29407468273532367,-0.29407468273532367,-0.29407468273532367,-0.29407468273532367,-0.29407468273532367,-0.29407468273532367,-0.29407468273532367,-0.29407468273532367,-0.29407468273532367,-0.29407468273532367,-0.29407468273532367,-0.29407468273532367,-0.29407468273532367,-0.29407468273532367,-0.29407468273532367,-0.29407468273532367,-0.29407468273532367,-0.29407468273532367,-0.29407468273532367,-0.29407468273532367,-0.29407468273532367,-0.29407468273532367,-0.29407468273532367,-0.29407468273532367,-0.29407468273532367,-0.29407468273532367,-0.29407468273532367,-0.29407468273532367,-0.29407468273532367,-0.29407468273532367,-0.29407468273532367,-0.29407468273532367,-0.29407468273532367,-0.29407468273532367,-0.29407468273532367,-0.29407468273532367,-0.29407468273532367,-0.29407468273532367,-0.29407468273532367,-0.29407468273532367,-0.29407468273532367,-0.29407468273532367,-0.29407468273532367,-0.29407468273532367,-0.29407468273532367,-0.29407468273532367,-0.29407468273532367,-0.29407468273532367,-0.29407468273532367,-0.29407468273532367,-0.29407468273532367,-0.29407468273532367,-0.29407468273532367,-0.29407468273532367,-0.29407468273532367,-0.29407468273532367,-0.29407468273532367,-0.29407468273532367,-0.29407468273532367,-0.29407468273532367,-0.29407468273532367,-0.29407468273532367,-0.29407468273532367,-0.29407468273532367,-0.29407468273532367,-0.29407468273532367,-0.29407468273532367,-0.29407468273532367,-0.29407468273532367,-0.29407468273532367,-0.29407468273532367,-0.29407468273532367,-0.29407468273532367,-0.29407468273532367,-0.29407468273532367,-0.29407468273532367,-0.29407468273532367,-0.29407468273532367,-0.29407468273532367,-0.29407468273532367,-0.29407468273532367,-0.29407468273532367,-0.29407468273532367,-0.29407468273532367,-0.29407468273532367,-0.29407468273532367,-0.29407468273532367,-0.29407468273532367,-0.29407468273532367,-0.29407468273532367,-0.29407468273532367,-0.29407468273532367,-0.29407468273532367,-0.29407468273532367,-0.29407468273532367,-0.29407468273532367,-0.29407468273532367,-0.29407468273532367,-0.29407468273532367,-0.29407468273532367,-0.29407468273532367,-0.29407468273532367,-0.29407468273532367,-0.29407468273532367,-0.29407468273532367,-0.29407468273532367,-0.29407468273532367,-0.29407468273532367,-0.29407468273532367,-0.29407468273532367,-0.29407468273532367,-0.29407468273532367,-0.29407468273532367,-0.29407468273532367,-0.29407468273532367,-0.29407468273532367,-0.29407468273532367,-0.29407468273532367,-0.29407468273532367,-0.29407468273532367,-0.29407468273532367,-0.29407468273532367,-0.29407468273532367,-0.29407468273532367,-0.29407468273532367,-0.29407468273532367,-0.29407468273532367,-0.29407468273532367,-0.29407468273532367,-0.29407468273532367,-0.29407468273532367,-0.29407468273532367,-0.29407468273532367,-0.29407468273532367,-0.29407468273532367,-0.29407468273532367,-0.29407468273532367,-0.29407468273532367,-0.29407468273532367,-0.29407468273532367,-0.29407468273532367,-0.29407468273532367,-0.29407468273532367,-0.29407468273532367,-0.29407468273532367,-0.29407468273532367,-0.29407468273532367,-0.29407468273532367,-0.29407468273532367,-0.29407468273532367,-0.29407468273532367,-0.29407468273532367,-0.29407468273532367,-0.29407468273532367,-0.29407468273532367,-0.29407468273532367,-0.29407468273532367,-0.29407468273532367,-0.29407468273532367,-0.29407468273532367,-0.29407468273532367,-0.29407468273532367,-0.29407468273532367,-0.29407468273532367,-0.29407468273532367,-0.29407468273532367,-0.29407468273532367,-0.29407468273532367,-0.29407468273532367,-0.29407468273532367,-0.29407468273532367,-0.29407468273532367,-0.29407468273532367,-0.29407468273532367,-0.29407468273532367,-0.29407468273532367,-0.29407468273532367,-0.29407468273532367,-0.29407468273532367,-0.29407468273532367,-0.29407468273532367,-0.29407468273532367,-0.29407468273532367,-0.29407468273532367,-0.29407468273532367,-0.29407468273532367,-0.29407468273532367,-0.29407468273532367,-0.29407468273532367,-0.29407468273532367,-0.29407468273532367,-0.29407468273532367,-0.29407468273532367,-0.29407468273532367,-0.29407468273532367,-0.29407468273532367,-0.29407468273532367,-0.29407468273532367,-0.29407468273532367,-0.29407468273532367,-0.29407468273532367,-0.29407468273532367,-0.29407468273532367,-0.29407468273532367,-0.29407468273532367,-0.29407468273532367,-0.29407468273532367,-0.29407468273532367,-0.29407468273532367,-0.29407468273532367,-0.29407468273532367,-0.29407468273532367,-0.29407468273532367,-0.29407468273532367,-0.29407468273532367,-0.29407468273532367,-0.29407468273532367,-0.29407468273532367,-0.29407468273532367,-0.29407468273532367,-0.29407468273532367,-0.29407468273532367,-0.29407468273532367,-0.29407468273532367,-0.29407468273532367,-0.29407468273532367,-0.29407468273532367,-0.29407468273532367,-0.29407468273532367,-0.29407468273532367,-0.29407468273532367,-0.29407468273532367,-0.29407468273532367,-0.29407468273532367,-0.29407468273532367,-0.29407468273532367,-0.29407468273532367,-0.29407468273532367,-0.29407468273532367,-0.29407468273532367,-0.29407468273532367,-0.29407468273532367,-0.29407468273532367,-0.29407468273532367,-0.29407468273532367,-0.29407468273532367,-0.29407468273532367,-0.29407468273532367,-0.29407468273532367,-0.29407468273532367,-0.29407468273532367,-0.29407468273532367,-0.29407468273532367,-0.29407468273532367,-0.29407468273532367,-0.29407468273532367,-0.29407468273532367,-0.29407468273532367,-0.29407468273532367,-0.29407468273532367
-0.4775130935520587,-0.4775130935520587,-0.4775130935520587,-0.4775130935520587,-0.4775130935520587,-0.4775130935520587,-0.4775130935520587,-0.4775130935520587,-0.4775130935520587,-0.4775130935520587,-0.4775130935520587,-0.4775130935520587,-0.4775130935520587,-0.4775130935520587,-0.4775130935520587,-0.4775130935520587,-0.4775130935520587,-0.4775130935520587,-0.4775130935520587,-0.4775130935520587,-0.4775130935520587,-0.4775130935520587,-0.4775130935520587,-0.4775130935520587,-0.4775130935520587,-0.4775130935520587,-0.4775130935520587,-0.4775130935520587,-0.4775130935520587,-0.4775130935520587,-0.4775130935520587,-0.4775130935520587,-0.4775130935520587,-0.4775130935520587,-0.4775130935520587,-0.4775130935520587,-0.4775130935520587,-0.4775130935520587,-0.4775130935520587,-0.4775130935520587,-0.4775130935520587,-0.4775130935520587,-0.4775130935520587,-0.4775130935520587,-0.4775130935520587,-0.4775130935520587,-0.4775130935520587,-0.4775130935520587,-0.4775130935520587,-0.4775130935520587,-0.4775130935520587,-0.4775130935520587,-0.4775130935520587,-0.4775130935520587,-0.4775130935520587,-0.4775130935520587,-0.4775130935520587,-0.4775130935520587,-0.4775130935520587,-0.4775130935520587,-0.4775130935520587,-0.4775130935520587,-0.4775130935520587,-0.4775130935520587,-0.4775130935520587,-0.4775130935520587,-0.4775130935520587,-0.4775130935520587,-0.4775130935520587,-0.4775130935520587,-0.4775130935520587,-0.4775130935520587,-0.4775130935520587,-0.4775130935520587,-0.4775130935520587,-0.4775130935520587,-0.4775130935520587,-0.4775130935520587,-0.4775130935520587,-0.4775130935520587,-0.4775130935520587,-0.4775130935520587,-0.4775130935520587,-0.4775130935520587,-0.4775130935520587,-0.4775130935520587,-0.4775130935520587,-0.4775130935520587,-0.4775130935520587,-0.4775130935520587,-0.4775130935520587,-0.4775130935520587,-0.4775130935520587,-0.4775130935520587,-0.4775130935520587,-0.4775130935520587,-0.4775130935520587,-0.4775130935520587,-0.4775130935520587,-0.4775130935520587,-0.4775130935520587,-0.4775130935520587,-0.4775130935520587,-0.4775130935520587,-0.4775130935520587,-0.4775130935520587,-0.4775130935520587,-0.4775130935520587,-0.4775130935520587,-0.4775130935520587,-0.4775130935520587,-0.4775130935520587,-0.4775130935520587,-0.4775130935520587,-0.4775130935520587,-0.4775130935520587,-0.4775130935520587,-0.4775130935520587,-0.4775130935520587,-0.4775130935520587,-0.4775130935520587,-0.4775130935520587,-0.4775130935520587,-0.4775130935520587,-0.4775130935520587,-0.4775130935520587,-0.4775130935520587,-0.4775130935520587,-0.4775130935520587,-0.4775130935520587,-0.4775130935520587,-0.4775130935520587,-0.4775130935520587,-0.4775130935520587,-0.4775130935520587,-0.4775130935520587,-0.4775130935520587,-0.4775130935520587,-0.4775130935520587,-0.4775130935520587,-0.4775130935520587,-0.4775130935520587,-0.4775130935520587,-0.4775130935520587,-0.4775130935520587,-0.4775130935520587,-0.4775130935520587,-0.4775130935520587,-0.4775130935520587,-0.4775130935520587,-0.4775130935520587,-0.4775130935520587,-0.4775130935520587,-0.4775130935520587,-0.4775130935520587,-0.4775130935520587,-0.4775130935520587,-0.4775130935520587,-0.4775130935520587,-0.4775130935520587,-0.4775130935520587,-0.4775130935520587,-0.4775130935520587,-0.4775130935520587,-0.4775130935520587,-0.4775130935520587,-0.4775130935520587,-0.4775130935520587,-0.4775130935520587,-0.4775130935520587,-0.4775130935520587,-0.4775130935520587,-0.4775130935520587,-0.4775130935520587,-0.4775130935520587,-0.4775130935520587,-0.4775130935520587,-0.4775130935520587,-0.4775130935520587,-0.4775130935520587,-0.4775130935520587,-0.4775130935520587,-0.4775130935520587,-0.4775130935520587,-0.4775130935520587,-0.4775130935520587,-0.4775130935520587,-0.4775130935520587,-0.4775130935520587,-0.4775130935520587,-0.4775130935520587,-0.4775130935520587,-0.4775130935520587,-0.4775130935520587,-0.4775130935520587,-0.4775130935520587,-0.4775130935520587,-0.4775130935520587,-0.4775130935520587,-0.4775130935520587,-0.4775130935520587,-0.4775130935520587,-0.4775130935520587,-0.4775130935520587,-0.4775130935520587,-0.4775130935520587,-0.4775130935520587,-0.4775130935520587,-0.4775130935520587,-0.4775130935520587,-0.4775130935520587,-0.4775130935520587,-0.4775130935520587,-0.4775130935520587,-0.4775130935520587,-0.4775130935520587,-0.4775130935520587,-0.4775130935520587,-0.4775130935520587,-0.4775130935520587,-0.4775130935520587,-0.4775130935520587,-0.4775130935520587,-0.4775130935520587,-0.4775130935520587,-0.4775130935520587,-0.4775130935520587,-0.4775130935520587,-0.4775130935520587,-0.4775130935520587,-0.4775130935520587,-0.4775130935520587,-0.4775130935520587,-0.4775130935520587,-0.4775130935520587,-0.4775130935520587,-0.4775130935520587,-0.4775130935520587,-0.4775130935520587,-0.4775130935520587,-0.4775130935520587,-0.4775130935520587,-0.4775130935520587,-0.4775130935520587,-0.4775130935520587,-0.4775130935520587,-0.4775130935520587,-0.4775130935520587,-0.4775130935520587,-0.4775130935520587,-0.4775130935520587,-0.4775130935520587,-0.4775130935520587,-0.4775130935520587,-0.4775130935520587,-0.4775130935520587,-0.4775130935520587,-0.4775130935520587,-0.4775130935520587,-0.4775130935520587,-0.4775130935520587,-0.4775130935520587,-0.4775130935520587,-0.4775130935520587,-0.4775130935520587,-0.4775130935520587,-0.4775130935520587,-0.4775130935520587,-0.4775130935520587,-0.4775130935520587,-0.4775130935520587,-0.4775130935520587,-0.4775130935520587,-0.4775130935520587,-0.4775130935520587,-0.4775130935520587,-0.4775130935520587,-0.4775130935520587,-0.4775130935520587,-0.4775130935520587,-0.4775130935520587,-0.4775130935520587,-0.4775130935520587,-0.4775130935520587,-0.4775130935520587,-0.4775130935520587,-0.4775130935520587,-0.4775130935520587,-0.4775130935520587,-0.4775130935520587,-0.4775130935520587,-0.4775130935520587,-0.4775130935520587,-0.4775130935520587,-0.4775130935520587,-0.4775130935520587,-0.4775130935520587,-0.4775130935520587,-0.4775130935520587,-0.4775130935520587,-0.4775130935520587,-0.4775130935520587,-0.4775130935520587,-0.4775130935520587,-0.4775130935520587,-0.4775130935520587,-0.4775130935520587,-0.4775130935520587,-0.4775130935520587,-0.4775130935520587,-0.4775130935520587,-0.4775130935520587,-0.4775130935520587,-0.4775130935520587,-0.4775130935520587,-0.4775130935520587,-0.4775130935520587,-0.4775130935520587,-0.4775130935520587,-0.4775130935520587,-0.4775130935520587,-0.4775130935520587,-0.4775130935520587,-0.4775130935520587,-0.4775130935520587,-0.4775130935520587,-0.4775130935520587,-0.4775130935520587,-0.4775130935520587,-0.4775130935520587,-0.4775130935520587,-0.4775130935520587,-0.4775130935520587,-0.4775130935520587,-0.4775130935520587,-0.4775130935520587,-0.4775130935520587,-0.4775130935520587,-0.4775130935520587,-0.4775130935520587,-0.4775130935520587,-0.4775130935520587,-0.4775130935520587,-0.4775130935520587,-0.4775130935520587,-0.4775130935520587,-0.4775130935520587,-0.4775130935520587,-0.4775130935520587,-0.4775130935520587,-0.4775130935520587,-0.4775130935520587,-0.4775130935520587,-0.4775130935520587,-0.4775130935520587,-0.4775130935520587,-0.4775130935520587,-0.4775130935520587,-0.4775130935520587,-0.4775130935520587,-0.4775130935520587,-0.4775130935520587,-0.4775130935520587,-0.4775130935520587,-0.4775130935520587,-0.4775130935520587,-0.4775130935520587,-0.4775130935520587,-0.4775130935520587,-0.4775130935520587,-0.4775130935520587,-0.4775130935520587,-0.4775130935520587,-0.4775130935520587,-0.4775130935520587,-0.4775130935520587,-0.4775130935520587,-0.4775130935520587,-0.4775130935520587,-0.4775130935520587,-0.4775130935520587,-0.4775130935520587,-0.4775130935520587,-0.4775130935520587,-0.4775130935520587,-0.4775130935520587,-0.4775130935520587,-0.4775130935520587,-0.4775130935520587,-0.4775130935520587,-0.4775130935520587,-0.4775130935520587,-0.4775130935520587,-0.4775130935520587,-0.4775130935520587,-0.4775130935520587,-0.4775130935520587,-0.4775130935520587,-0.4775130935520587,-0.4775130935520587,-0.4775130935520587,-0.4775130935520587,-0.4775130935520587,-0.4775130935520587,-0.4775130935520587,-0.4775130935520587,-0.4775130935520587,-0.4775130935520587,-0.4775130935520587,-0.4775130935520587,-0.4775130935520587,-0.4775130935520587,-0.4775130935520587,-0.4775130935520587,-0.4775130935520587,-0.4775130935520587,-0.4775130935520587,-0.4775130935520587,-0.4775130935520587,-0.4775130935520587,-0.4775130935520587,-0.4775130935520587,-0.4775130935520587,-0.4775130935520587,-0.4775130935520587,-0.4775130935520587,-0.4775130935520587,-0.4775130935520587,-0.4775130935520587,-0.4775130935520587,-0.4775130935520587,-0.4775130935520587,-0.4775130935520587,-0.4775130935520587
1.0,1.0,1.0,1.0,1.0,1.0,1.0,1.0,1.0,1.0,1.0,1.0,1.0,1.0,1.0,1.0,1.0,1.0,1.0,1.0,1.0,1.0,1.0,1.0,1.0,1.0,1.0,1.0,1.0,1.0,1.0,1.0,1.0,1.0,1.0,1.0,1.0,1.0,1.0,1.0,1.0,1.0,1.0,1.0,1.0,1.0,1.0,1.0,1.0,1.0,1.0,1.0,1.0,1.0,1.0,1.0,1.0,1.0,1.0,1.0,1.0,1.0,1.0,1.0,1.0,1.0,1.0,1.0,1.0,1.0,1.0,1.0,1.0,1.0,1.0,1.0,1.0,1.0,1.0,1.0,1.0,1.0,1.0,1.0,1.0,1.0,1.0,1.0,1.0,1.0,1.0,1.0,1.0,1.0,1.0,1.0,1.0,1.0,1.0,1.0,1.0,1.0,1.0,1.0,1.0,1.0,1.0,1.0,1.0,1.0,1.0,1.0,1.0,1.0,1.0,1.0,1.0,1.0,1.0,1.0,1.0,1.0,1.0,1.0,1.0,1.0,1.0,1.0,1.0,1.0,1.0,1.0,1.0,1.0,1.0,1.0,1.0,1.0,1.0,1.0,1.0,1.0,1.0,1.0,1.0,1.0,1.0,1.0,1.0,1.0,1.0,1.0,1.0,1.0,1.0,1.0,1.0,1.0,1.0,1.0,1.0,1.0,1.0,1.0,1.0,1.0,1.0,1.0,1.0,1.0,1.0,1.0,1.0,1.0,1.0,1.0,1.0,1.0,1.0,1.0,1.0,1.0,1.0,1.0,1.0,1.0,1.0,1.0,1.0,1.0,1.0,1.0,1.0,1.0,1.0,1.0,1.0,1.0,1.0,1.0,1.0,1.0,1.0,1.0,1.0,1.0,1.0,1.0,1.0,1.0,1.0,1.0,1.0,1.0,1.0,1.0,1.0,1.0,1.0,1.0,1.0,1.0,1.0,1.0,1.0,1.0,1.0,1.0,1.0,1.0,1.0,1.0,1.0,1.0,1.0,1.0,1.0,1.0,1.0,1.0,1.0,1.0,1.0,1.0,1.0,1.0,1.0,1.0,1.0,1.0,1.0,1.0,1.0,1.0,1.0,1.0,1.0,1.0,1.0,1.0,1.0,1.0,1.0,1.0,1.0,1.0,1.0,1.0,1.0,1.0,1.0,1.0,1.0,1.0,1.0,1.0,1.0,1.0,1.0,1.0,1.0,1.0,1.0,1.0,1.0,1.0,1.0,1.0,1.0,1.0,1.0,1.0,1.0,1.0,1.0,1.0,1.0,1.0,1.0,1.0,1.0,1.0,1.0,1.0,1.0,1.0,1.0,1.0,1.0,1.0,1.0,1.0,1.0,1.0,1.0,1.0,1.0,1.0,1.0,1.0,1.0,1.0,1.0,1.0,1.0,1.0,1.0,1.0,1.0,1.0,1.0,1.0,1.0,1.0,1.0,1.0,1.0,1.0,1.0,1.0,1.0,1.0,1.0,1.0,1.0,1.0,1.0,1.0,1.0,1.0,1.0,1.0,1.0,1.0,1.0,1.0,1.0,1.0,1.0,1.0,1.0,1.0,1.0,1.0,1.0,1.0,1.0,1.0,1.0,1.0,1.0,1.0,1.0,1.0,1.0,1.0,1.0,1.0,1.0,1.0,1.0,1.0,1.0,1.0,1.0,1.0,1.0,1.0,1.0,1.0,1.0,1.0,1.0,1.0,1.0,1.0,1.0,1.0,1.0,1.0,1.0,1.0,1.0,1.0,1.0,1.0,1.0,1.0,1.0,1.0,1.0,1.0,1.0,1.0,1.0,1.0,1.0,1.0,1.0,1.0,1.0,1.0,1.0,1.0,1.0,1.0,1.0,1.0,1.0,1.0,1.0,1.0,1.0,1.0
-0.8083686911558944,-0.8083686911558944,-0.8083686911558944,-0.8083686911558944,-0.8083686911558944,-0.8083686911558944,-0.8083686911558944,-0.8083686911558944,-0.8083686911558944,-0.8083686911558944,-0.8083686911558944,-0.8083686911558944,-0.8083686911558944,-0.8083686911558944,-0.8083686911558944,-0.8083686911558944,-0.8083686911558944,-0.8083686911558944,-0.8083686911558944,-0.8083686911558944,-0.8083686911558944,-0.8083686911558944,-0.8083686911558944,-0.8083686911558944,-0.8083686911558944,-0.8083686911558944,-0.8083686911558944,-0.8083686911558944,-0.8083686911558944,-0.8083686911558944,-0.8083686911558944,-0.8083686911558944,-0.8083686911558944,-0.8083686911558944,-0.8083686911558944,-0.8083686911558944,-0.8083686911558944,-0.8083686911558944,-0.8083686911558944,-0.8083686911558944,-0.8083686911558944,-0.8083686911558944,-0.8083686911558944,-0.8083686911558944,-0.8083686911558944,-0.8083686911558944,-0.8083686911558944,-0.8083686911558944,-0.8083686911558944,-0.8083686911558944,-0.8083686911558944,-0.8083686911558944,-0.8083686911558944,-0.8083686911558944,-0.8083686911558944,-0.8083686911558944,-0.8083686911558944,-0.8083686911558944,-0.8083686911558944,-0.8083686911558944,-0.8083686911558944,-0.8083686911558944,-0.8083686911558944,-0.8083686911558944,-0.8083686911558944,-0.8083686911558944,-0.8083686911558944,-0.8083686911558944,-0.8083686911558944,-0.8083686911558944,-0.8083686911558944,-0.8083686911558944,-0.8083686911558944,-0.8083686911558944,-0.8083686911558944,-0.8083686911558944,-0.8083686911558944,-0.8083686911558944,-0.8083686911558944,-0.8083686911558944,-0.8083686911558944,-0.8083686911558944,-0.8083686911558944,-0.8083686911558944,-0.8083686911558944,-0.8083686911558944,-0.8083686911558944,-0.8083686911558944,-0.8083686911558944,-0.8083686911558944,-0.8083686911558944,-0.8083686911558944,-0.8083686911558944,-0.8083686911558944,-0.8083686911558944,-0.8083686911558944,-0.8083686911558944,-0.8083686911558944,-0.8083686911558944,-0.8083686911558944,-0.8083686911558944,-0.8083686911558944,-0.8083686911558944,-0.8083686911558944,-0.8083686911558944,-0.8083686911558944,-0.8083686911558944,-0.8083686911558944,-0.8083686911558944,-0.8083686911558944,-0.8083686911558944,-0.8083686911558944,-0.8083686911558944,-0.8083686911558944,-0.8083686911558944,-0.8083686911558944,-0.8083686911558944,-0.8083686911558944,-0.8083686911558944,-0.8083686911558944,-0.8083686911558944,-0.8083686911558944,-0.8083686911558944,-0.8083686911558944,-0.8083686911558944,-0.8083686911558944,-0.8083686911558944,-0.8083686911558944,-0.8083686911558944,-0.8083686911558944,-0.8083686911558944,-0.8083686911558944,-0.8083686911558944,-0.8083686911558944,-0.8083686911558944,-0.8083686911558944,-0.8083686911558944,-0.8083686911558944,-0.8083686911558944,-0.8083686911558944,-0.8083686911558944,-0.8083686911558944,-0.8083686911558944,-0.8083686911558944,-0.8083686911558944,-0.8083686911558944,-0.8083686911558944,-0.8083686911558944,-0.8083686911558944,-0.8083686911558944,-0.8083686911558944,-0.8083686911558944,-0.8083686911558944,-0.8083686911558944,-0.8083686911558944,-0.8083686911558944,-0.8083686911558944,-0.8083686911558944,-0.8083686911558944,-0.8083686911558944,-0.8083686911558944,-0.8083686911558944,-0.8083686911558944,-0.8083686911558944,-0.8083686911558944,-0.8083686911558944,-0.8083686911558944,-0.8083686911558944,-0.8083686911558944,-0.8083686911558944,-0.8083686911558944,-0.8083686911558944,-0.8083686911558944,-0.8083686911558944,-0.8083686911558944,-0.8083686911558944,-0.8083686911558944,-0.8083686911558944,-0.8083686911558944,-0.8083686911558944,-0.8083686911558944,-0.8083686911558944,-0.8083686911558944,-0.8083686911558944,-0.8083686911558944,-0.8083686911558944,-0.8083686911558944,-0.8083686911558944,-0.8083686911558944,-0.8083686911558944,-0.8083686911558944,-0.8083686911558944,-0.8083686911558944,-0.8083686911558944,-0.8083686911558944,-0.8083686911558944,-0.8083686911558944,-0.8083686911558944,-0.8083686911558944,-0.8083686911558944,-0.8083686911558944,-0.8083686911558944,-0.8083686911558944,-0.8083686911558944,-0.8083686911558944,-0.8083686911558944,-0.8083686911558944,-0.8083686911558944,-0.8083686911558944,-0.8083686911558944,-0.8083686911558944,-0.8083686911558944,-0.8083686911558944,-0.8083686911558944,-0.8083686911558944,-0.8083686911558944,-0.8083686911558944,-0.8083686911558944,-0.8083686911558944,-0.8083686911558944,-0.8083686911558944,-0.8083686911558944,-0.8083686911558944,-0.8083686911558944,-0.8083686911558944,-0.8083686911558944,-0.8083686911558944,-0.8083686911558944,-0.8083686911558944,-0.8083686911558944,-0.8083686911558944,-0.8083686911558944,-0.8083686911558944,-0.8083686911558944,-0.8083686911558944,-0.8083686911558944,-0.8083686911558944,-0.8083686911558944,-0.8083686911558944,-0.8083686911558944,-0.8083686911558944,-0.8083686911558944,-0.8083686911558944,-0.8083686911558944,-0.8083686911558944,-0.8083686911558944,-0.8083686911558944,-0.8083686911558944,-0.8083686911558944,-0.8083686911558944,-0.8083686911558944,-0.8083686911558944,-0.8083686911558944,-0.8083686911558944,-0.8083686911558944,-0.8083686911558944,-0.8083686911558944,-0.8083686911558944,-0.8083686911558944,-0.8083686911558944,-0.8083686911558944,-0.8083686911558944,-0.8083686911558944,-0.8083686911558944,-0.8083686911558944,-0.8083686911558944,-0.8083686911558944,-0.8083686911558944,-0.8083686911558944,-0.8083686911558944,-0.8083686911558944,-0.8083686911558944,-0.8083686911558944,-0.8083686911558944,-0.8083686911558944,-0.8083686911558944,-0.8083686911558944,-0.8083686911558944,-0.8083686911558944,-0.8083686911558944,-0.8083686911558944,-0.8083686911558944,-0.8083686911558944,-0.8083686911558944,-0.8083686911558944,-0.8083686911558944,-0.8083686911558944,-0.8083686911558944,-0.8083686911558944,-0.8083686911558944,-0.8083686911558944,-0.8083686911558944,-0.8083686911558944,-0.8083686911558944,-0.8083686911558944,-0.8083686911558944,-0.8083686911558944,-0.8083686911558944,-0.8083686911558944,-0.8083686911558944,-0.8083686911558944,-0.8083686911558944,-0.8083686911558944,-0.8083686911558944,-0.8083686911558944,-0.8083686911558944,-0.8083686911558944,-0.8083686911558944,-0.8083686911558944,-0.8083686911558944,-0.8083686911558944,-0.8083686911558944,-0.8083686911558944,-0.8083686911558944,-0.8083686911558944,-0.8083686911558944,-0.8083686911558944,-0.8083686911558944,-0.8083686911558944,-0.8083686911558944,-0.8083686911558944,-0.8083686911558944,-0.8083686911558944,-0.8083686911558944,-0.8083686911558944,-0.8083686911558944,-0.8083686911558944,-0.8083686911558944,-0.8083686911558944,-0.8083686911558944,-0.8083686911558944,-0.8083686911558944,-0.8083686911558944,-0.8083686911558944,-0.8083686911558944,-0.8083686911558944,-0.8083686911558944,-0.8083686911558944,-0.8083686911558944,-0.8083686911558944,-0.8083686911558944,-0.8083686911558944,-0.8083686911558944,-0.8083686911558944,-0.8083686911558944,-0.8083686911558944,-0.8083686911558944,-0.8083686911558944,-0.8083686911558944,-0.8083686911558944,-0.8083686911558944,-0.8083686911558944,-0.8083686911558944,-0.8083686911558944,-0.8083686911558944,-0.8083686911558944,-0.8083686911558944,-0.8083686911558944,-0.8083686911558944,-0.8083686911558944,-0.8083686911558944,-0.8083686911558944,-0.8083686911558944,-0.8083686911558944,-0.8083686911558944,-0.8083686911558944,-0.8083686911558944,-0.8083686911558944,-0.8083686911558944,-0.8083686911558944,-0.8083686911558944,-0.8083686911558944,-0.8083686911558944,-0.8083686911558944,-0.8083686911558944,-0.8083686911558944,-0.8083686911558944,-0.8083686911558944,-0.8083686911558944,-0.8083686911558944,-0.8083686911558944,-0.8083686911558944,-0.8083686911558944,-0.8083686911558944,-0.8083686911558944,-0.8083686911558944,-0.8083686911558944,-0.8083686911558944,-0.8083686911558944,-0.8083686911558944,-0.8083686911558944,-0.8083686911558944,-0.8083686911558944,-0.8083686911558944,-0.8083686911558944,-0.8083686911558944,-0.8083686911558944,-0.8083686911558944,-0.8083686911558944,-0.8083686911558944,-0.8083686911558944,-0.8083686911558944,-0.8083686911558944,-0.8083686911558944,-0.8083686911558944,-0.8083686911558944,-0.8083686911558944,-0.8083686911558944,-0.8083686911558944,-0.8083686911558944,-0.8083686911558944,-0.8083686911558944,-0.8083686911558944,-0.8083686911558944,-0.8083686911558944,-0.8083686911558944,-0.8083686911558944,-0.8083686911558944,-0.8083686911558944,-0.8083686911558944,-0.8083686911558944,-0.8083686911558944,-0.8083686911558944,-0.8083686911558944,-0.8083686911558944,-0.8083686911558944,-0.8083686911558944,-0.8083686911558944,-0.8083686911558944,-0.8083686911558944,-0.8083686911558944,-0.8083686911558944,-0.8083686911558944,-0.8083686911558944
1.0,1.0,1.0,1.0,1.0,1.0,1.0,1.0,1.0,1.0,1.0,1.0,1.0,1.0,1.0,1.0,1.0,1.0,1.0,1.0,1.0,1.0,1.0,1.0,1.0,1.0,1.0,1.0,1.0,1.0,1.0,1.0,1.0,1.0,1.0,1.0,1.0,1.0,1.0,1.0,1.0,1.0,1.0,1.0,1.0,1.0,1.0,1.0,1.0,1.0,1.0,1.0,1.0,1.0,1.0,1.0,1.0,1.0,1.0,1.0,1.0,1.0,1.0,1.0,1.0,1.0,1.0,1.0,1.0,1.0,1.0,1.0,1.0,1.0,1.0,1.0,1.0,1.0,1.0,1.0,1.0,1.0,1.0,1.0,1.0,1.0,1.0,1.0,1.0,1.0,1.0,1.0,1.0,1.0,1.0,1.0,1.0,1.0,1.0,1.0,1.0,1.0,1.0,1.0,1.0,1.0,1.0,1.0,1.0,1.0,1.0,1.0,1.0,1.0,1.0,1.0,1.0,1.0,1.0,1.0,1.0,1.0,1.0,1.0,1.0,1.0,1.0,1.0,1.0,1.0,1.0,1.0,1.0,1.0,1.0,1.0,1.0,1.0,1.0,1.0,1.0,1.0,1.0,1.0,1.0,1.0,1.0,1.0,1.0,1.0,1.0,1.0,1.0,1.0,1.0,1.0,1.0,1.0,1.0,1.0,1.0,1.0,1.0,1.0,1.0,1.0,1.0,1.0,1.0,1.0,1.0,1.0,1.0,1.0,1.0,1.0,1.0,1.0,1.0,1.0,1.0,1.0,1.0,1.0,1.0,1.0,1.0,1.0,1.0,1.0,1.0,1.0,1.0,1.0,1.0,1.0,1.0,1.0,1.0,1.0,1.0,1.0,1.0,1.0,1.0,1.0,1.0,1.0,1.0,1.0,1.0,1.0,1.0,1.0,1.0,1.0,1.0,1.0,1.0,1.0,1.0,1.0,1.0,1.0,1.0,1.0,1.0,1.0,1.0,1.0,1.0,1.0,1.0,1.0,1.0,1.0,1.0,1.0,1.0,1.0,1.0,1.0,1.0,1.0,1.0,1.0,1.0,1.0,1.0,1.0,1.0,1.0,1.0,1.0,1.0,1.0,1.0,1.0,1.0,1.0,1.0,1.0,1.0,1.0,1.0,1.0,1.0,1.0,1.0,1.0,1.0,1.0,1.0,1.0,1.0,1.0,1.0,1.0,1.0,1.0,1.0,1.0,1.0,1.0,1.0,1.0,1.0,1.0,1.0,1.0,1.0,1.0,1.0,1.0,1.0,1.0,1.0,1.0,1.0,1.0,1.0,1.0,1.0,1.0,1.0,1.0,1.0,1.0,1.0,1.0,1.0,1.0,1.0,1.0,1.0,1.0,1.0,1.0,1.0,1.0,1.0,1.0,1.0,1.0,1.0,1.0,1.0,1.0,1.0,1.0,1.0,1.0,1.0,1.0,1.0,1.0,1.0,1.0,1.0,1.0,1.0,1.0,1.0,1.0,1.0,1.0,1.0,1.0,1.0,1.0,1.0,1.0,1.0,1.0,1.0,1.0,1.0,1.0,1.0,1.0,1.0,1.0,1.0,1.0,1.0,1.0,1.0,1.0,1.0,1.0,1.0,1.0,1.0,1.0,1.0,1.0,1.0,1.0,1.0,1.0,1.0,1.0,1.0,1.0,1.0,1.0,1.0,1.0,1.0,1.0,1.0,1.0,1.0,1.0,1.0,1.0,1.0,1.0,1.0,1.0,1.0,1.0,1.0,1.0,1.0,1.0,1.0,1.0,1.0,1.0,1.0,1.0,1.0,1.0,1.0,1.0,1.0,1.0,1.0,1.0,1.0,1.0,1.0,1.0,1.0,1.0,1.0,1.0,1.0,1.0,1.0,1.0,1.0,1.0
1.0,1.0,1.0,1.0,1.0,1.0,1.0,1.0,1.0,1.0,1.0,1.0,1.0,1.0,1.0,1.0,1.0,1.0,1.0,1.0,1.0,1.0,1.0,1.0,1.0,1.0,1.0,1.0,1.0,1.0,1.0,1.0,1.0,1.0,1.0,1.0,1.0,1.0,1.0,1.0,1.0,1.0,1.0,1.0,1.0,1.0,1.0,1.0,1.0,1.0,1.0,1.0,1.0,1.0,1.0,1.0,1.0,1.0,1.0,1.0,1.0,1.0,1.0,1.0,1.0,1.0,1.0,1.0,1.0,1.0,1.0,1.0,1.0,1.0,1.0,1.0,1.0,1.0,1.0,1.0,1.0,1.0,1.0,1.0,1.0,1.0,1.0,1.0,1.0,1.0,1.0,1.0,1.0,1.0,1.0,1.0,1.0,1.0,1.0,1.0,1.0,1.0,1.0,1.0,1.0,1.0,1.0,1.0,1.0,1.0,1.0,1.0,1.0,1.0,1.0,1.0,1.0,1.0,1.0,1.0,1.0,1.0,1.0,1.0,1.0,1.0,1.0,1.0,1.0,1.0,1.0,1.0,1.0,1.0,1.0,1.0,1.0,1.0,1.0,1.0,1.0,1.0,1.0,1.0,1.0,1.0,1.0,1.0,1.0,1.0,1.0,1.0,1.0,1.0,1.0,1.0,1.0,1.0,1.0,1.0,1.0,1.0,1.0,1.0,1.0,1.0,1.0,1.0,1.0,1.0,1.0,1.0,1.0,1.0,1.0,1.0,1.0,1.0,1.0,1.0,1.0,1.0,1.0,1.0,1.0,1.0,1.0,1.0,1.0,1.0,1.0,1.0,1.0,1.0,1.0,1.0,1.0,1.0,1.0,1.0,1.0,1.0,1.0,1.0,1.0,1.0,1.0,1.0,1.0,1.0,1.0,1.0,1.0,1.0,1.0,1.0,1.0,1.0,1.0,1.0,1.0,1.0,1.0,1.0,1.0,1.0,1.0,1.0,1.0,1.0,1.0,1.0,1.0,1.0,1.0,1.0,1.0,1.0,1.0,1.0,1.0,1.0,1.0,1.0,1.0,1.0,1.0,1.0,1.0,1.0,1.0,1.0,1.0,1.0,1.0,1.0,1.0,1.0,1.0,1.0,1.0,1.0,1.0,1.0,1.0,1.0,1.0,1.0,1.0,1.0,1.0,1.0,1.0,1.0,1.0,1.0,1.0,1.0,1.0,1.0,1.0,1.0,1.0,1.0,1.0,1.0,1.0,1.0,1.0,1.0,1.0,1.0,1.0,1.0,1.0,1.0,1.0,1.0,1.0,1.0,1.0,1.0,1.0,1.0,1.0,1.0,1.0,1.0,1.0,1.0,1.0,1.0,1.0,1.0,1.0,1.0,1.0,1.0,1.0,1.0,1.0,1.0,1.0,1.0,1.0,1.0,1.0,1.0,1.0,1.0,1.0,1.0,1.0,1.0,1.0,1.0,1.0,1.0,1.0,1.0,1.0,1.0,1.0,1.0,1.0,1.0,1.0,1.0,1.0,1.0,1.0,1.0,1.0,1.0,1.0,1.0,1.0,1.0,1.0,1.0,1.0,1.0,1.0,1.0,1.0,1.0,1.0,1.0,1.0,1.0,1.0,1.0,1.0,1.0,1.0,1.0,1.0,1.0,1.0,1.0,1.0,1.0,1.0,1.0,1.0,1.0,1.0,1.0,1.0,1.0,1.0,1.0,1.0,1.0,1.0,1.0,1.0,1.0,1.0,1.0,1.0,1.0,1.0,1.0,1.0,1.0,1.0,1.0,1.0,1.0,1.0,1.0,1.0,1.0,1.0,1.0,1.0,1.0,1.0,1.0,1.0,1.0,1.0,1.0,1.0,1.0,1.0,1.0,1.0,1.0,1.0,1.0,1.0,1.0
1.5426956403381993,1.5426956403381993,1.5426956403381993,1.5426956403381993,1.5426956403381993,1.5426956403381993,1.5426956403381993,1.5426956403381993,1.5426956403381993,1.5426956403381993,1.5426956403381993,1.5426956403381993,1.5426956403381993,1.5426956403381993,1.5426956403381993,1.5426956403381993,1.5426956403381993,1.5426956403381993,1.5426956403381993,1.5426956403381993,1.5426956403381993,1.5426956403381993,1.5426956403381993,1.5426956403381993,1.5426956403381993,1.5426956403381993,1.5426956403381993,1.5426956403381993,1.5426956403381993,1.5426956403381993,1.5426956403381993,1.5426956403381993,1.5426956403381993,1.5426956403381993,1.5426956403381993,1.5426956403381993,1.5426956403381993,1.5426956403381993,1.5426956403381993,1.5426956403381993,1.5426956403381993,1.5426956403381993,1.5426956403381993,1.5426956403381993,1.5426956403381993,1.5426956403381993,1.5426956403381993,1.5426956403381993,1.5426956403381993,1.5426956403381993,1.5426956403381993,1.5426956403381993,1.5426956403381993,1.5426956403381993,1.5426956403381993,1.5426956403381993,1.5426956403381993,1.5426956403381993,1.5426956403381993,1.5426956403381993,1.5426956403381993,1.5426956403381993,1.5426956403381993,1.5426956403381993,1.5426956403381993,1.5426956403381993,1.5426956403381993,1.5426956403381993,1.5426956403381993,1.5426956403381993,1.5426956403381993,1.5426956403381993,1.5426956403381993,1.5426956403381993,1.5426956403381993,1.5426956403381993,1.5426956403381993,1.5426956403381993,1.5426956403381993,1.5426956403381993,1.5426956403381993,1.5426956403381993,1.5426956403381993,1.5426956403381993,1.5426956403381993,1.5426956403381993,1.5426956403381993,1.5426956403381993,1.5426956403381993,1.5426956403381993,1.5426956403381993,1.5426956403381993,1.5426956403381993,1.5426956403381993,1.5426956403381993,1.5426956403381993,1.5426956403381993,1.5426956403381993,1.5426956403381993,1.5426956403381993,1.5426956403381993,1.5426956403381993,1.5426956403381993,1.5426956403381993,1.5426956403381993,1.5426956403381993,1.5426956403381993,1.5426956403381993,1.5426956403381993,1.5426956403381993,1.5426956403381993,1.5426956403381993,1.5426956403381993,1.5426956403381993,1.5426956403381993,1.5426956403381993,1.5426956403381993,1.5426956403381993,1.5426956403381993,1.5426956403381993,1.5426956403381993,1.5426956403381993,1.5426956403381993,1.5426956403381993,1.5426956403381993,1.5426956403381993,1.5426956403381993,1.5426956403381993,1.5426956403381993,1.5426956403381993,1.5426956403381993,1.5426956403381993,1.5426956403381993,1.5426956403381993,1.5426956403381993,1.5426956403381993,1.5426956403381993,1.5426956403381993,1.5426956403381993,1.5426956403381993,1.5426956403381993,1.5426956403381993,1.5426956403381993,1.5426956403381993,1.5426956403381993,1.5426956403381993,1.5426956403381993,1.5426956403381993,1.5426956403381993,1.5426956403381993,1.5426956403381993,1.5426956403381993,1.5426956403381993,1.5426956403381993,1.5426956403381993,1.5426956403381993,1.5426956403381993,1.5426956403381993,1.5426956403381993,1.5426956403381993,1.5426956403381993,1.5426956403381993,1.5426956403381993,1.5426956403381993,1.5426956403381993,1.5426956403381993,1.5426956403381993,1.5426956403381993,1.5426956403381993,1.5426956403381993,1.5426956403381993,1.5426956403381993,1.5426956403381993,1.5426956403381993,1.5426956403381993,1.5426956403381993,1.5426956403381993,1.5426956403381993,1.5426956403381993,1.5426956403381993,1.5426956403381993,1.5426956403381993,1.5426956403381993,1.5426956403381993,1.5426956403381993,1.5426956403381993,1.5426956403381993,1.5426956403381993,1.5426956403381993,1.5426956403381993,1.5426956403381993,1.5426956403381993,1.5426956403381993,1.5426956403381993,1.5426956403381993,1.5426956403381993,1.5426956403381993,1.5426956403381993,1.5426956403381993,1.5426956403381993,1.5426956403381993,1.5426956403381993,1.5426956403381993,1.5426956403381993,1.5426956403381993,1.5426956403381993,1.5426956403381993,1.5426956403381993,1.5426956403381993,1.5426956403381993,1.5426956403381993,1.5426956403381993,1.5426956403381993,1.5426956403381993,1.5426956403381993,1.5426956403381993,1.5426956403381993,1.5426956403381993,1.5426956403381993,1.5426956403381993,1.5426956403381993,1.5426956403381993,1.5426956403381993,1.5426956403381993,1.5426956403381993,1.5426956403381993,1.5426956403381993,1.5426956403381993,1.5426956403381993,1.5426956403381993,1.5426956403381993,1.5426956403381993,1.5426956403381993,1.5426956403381993,1.5426956403381993,1.5426956403381993,1.5426956403381993,1.5426956403381993,1.5426956403381993,1.5426956403381993,1.5426956403381993,1.5426956403381993,1.5426956403381993,1.5426956403381993,1.5426956403381993,1.5426956403381993,1.5426956403381993,1.5426956403381993,1.5426956403381993,1.5426956403381993,1.5426956403381993,1.5426956403381993,1.5426956403381993,1.5426956403381993,1.5426956403381993,1.5426956403381993,1.5426956403381993,1.5426956403381993,1.5426956403381993,1.5426956403381993,1.5426956403381993,1.5426956403381993,1.5426956403381993,1.5426956403381993,1.5426956403381993,1.5426956403381993,1.5426956403381993,1.5426956403381993,1.5426956403381993,1.5426956403381993,1.5426956403381993,1.5426956403381993,1.5426956403381993,1.5426956403381993,1.5426956403381993,1.5426956403381993,1.5426956403381993,1.5426956403381993,1.5426956403381993,1.5426956403381993,1.5426956403381993,1.5426956403381993,1.5426956403381993,1.5426956403381993,1.5426956403381993,1.5426956403381993,1.5426956403381993,1.5426956403381993,1.5426956403381993,1.5426956403381993,1.5426956403381993,1.5426956403381993,1.5426956403381993,1.5426956403381993,1.5426956403381993,1.5426956403381993,1.5426956403381993,1.5426956403381993,1.5426956403381993,1.5426956403381993,1.5426956403381993,1.5426956403381993,1.5426956403381993,1.5426956403381993,1.5426956403381993,1.5426956403381993,1.5426956403381993,1.5426956403381993,1.5426956403381993,1.5426956403381993,1.5426956403381993,1.5426956403381993,1.5426956403381993,1.5426956403381993,1.5426956403381993,1.5426956403381993,1.5426956403381993,1.5426956403381993,1.5426956403381993,1.5426956403381993,1.5426956403381993,1.5426956403381993,1.5426956403381993,1.5426956403381993,1.5426956403381993,1.5426956403381993,1.5426956403381993,1.5426956403381993,1.5426956403381993,1.5426956403381993,1.5426956403381993,1.5426956403381993,1.5426956403381993,1.5426956403381993,1.5426956403381993,1.5426956403381993,1.5426956403381993,1.5426956403381993,1.5426956403381993,1.5426956403381993,1.5426956403381993,1.5426956403381993,1.5426956403381993,1.5426956403381993,1.5426956403381993,1.5426956403381993,1.5426956403381993,1.5426956403381993,1.5426956403381993,1.5426956403381993,1.5426956403381993,1.5426956403381993,1.5426956403381993,1.5426956403381993,1.5426956403381993,1.5426956403381993,1.5426956403381993,1.5426956403381993,1.5426956403381993,1.5426956403381993,1.5426956403381993,1.5426956403381993,1.5426956403381993,1.5426956403381993,1.5426956403381993,1.5426956403381993,1.5426956403381993,1.5426956403381993,1.5426956403381993,1.5426956403381993,1.5426956403381993,1.5426956403381993,1.5426956403381993,1.5426956403381993,1.5426956403381993,1.5426956403381993,1.5426956403381993,1.5426956403381993,1.5426956403381993,1.5426956403381993,1.5426956403381993,1.5426956403381993,1.5426956403381993,1.5426956403381993,1.5426956403381993,1.5426956403381993,1.5426956403381993,1.5426956403381993,1.5426956403381993,1.5426956403381993,1.5426956403381993,1.5426956403381993,1.5426956403381993,1.5426956403381993,1.5426956403381993,1.5426956403381993,1.5426956403381993,1.5426956403381993,1.5426956403381993,1.5426956403381993,1.5426956403381993,1.5426956403381993,1.5426956403381993,1.5426956403381993,1.5426956403381993,1.5426956403381993,1.5426956403381993,1.5426956403381993,1.5426956403381993,1.5426956403381993,1.5426956403381993,1.5426956403381993,1.5426956403381993,1.5426956403381993,1.5426956403381993,1.5426956403381993,1.5426956403381993,1.5426956403381993,1.5426956403381993,1.5426956403381993,1.5426956403381993,1.5426956403381993,1.5426956403381993,1.5426956403381993,1.5426956403381993,1.5426956403381993,1.5426956403381993,1.5426956403381993,1.5426956403381993,1.5426956403381993,1.5426956403381993,1.5426956403381993,1.5426956403381993,1.5426956403381993
-1.0917363902447395,-1.0917363902447395,-1.0917363902447395,-1.0917363902447395,-1.0917363902447395,-1.0917363902447395,-1.0917363902447395,-1.0917363902447395,-1.0917363902447395,-1.0917363902447395,-1.0917363902447395,-1.0917363902447395,-1.0917363902447395,-1.0917363902447395,-1.0917363902447395,-1.0917363902447395,-1.0917363902447395,-1.0917363902447395,-1.0917363902447395,-1.0917363902447395,-1.0917363902447395,-1.0917363902447395,-1.0917363902447395,-1.0917363902447395,-1.0917363902447395,-1.0917363902447395,-1.0917363902447395,-1.0917363902447395,-1.0917363902447395,-1.0917363902447395,-1.0917363902447395,-1.0917363902447395,-1.0917363902447395,-1.0917363902447395,-1.0917363902447395,-1.0917363902447395,-1.0917363902447395,-1.0917363902447395,-1.0917363902447395,-1.0917363902447395,-1.0917363902447395,-1.0917363902447395,-1.0917363902447395,-1.0917363902447395,-1.0917363902447395,-1.0917363902447395,-1.0917363902447395,-1.0917363902447395,-1.0917363902447395,-1.0917363902447395,-1.0917363902447395,-1.0917363902447395,-1.0917363902447395,-1.0917363902447395,-1.0917363902447395,-1.0917363902447395,-1.0917363902447395,-1.0917363902447395,-1.0917363902447395,-1.0917363902447395,-1.0917363902447395,-1.0917363902447395,-1.0917363902447395,-1.0917363902447395,-1.0917363902447395,-1.0917363902447395,-1.0917363902447395,-1.0917363902447395,-1.0917363902447395,-1.0917363902447395,-1.0917363902447395,-1.0917363902447395,-1.0917363902447395,-1.0917363902447395,-1.0917363902447395,-1.0917363902447395,-1.0917363902447395,-1.0917363902447395,-1.0917363902447395,-1.0917363902447395,-1.0917363902447395,-1.0917363902447395,-1.0917363902447395,-1.0917363902447395,-1.0917363902447395,-1.0917363902447395,-1.0917363902447395,-1.0917363902447395,-1.0917363902447395,-1.0917363902447395,-1.0917363902447395,-1.0917363902447395,-1.0917363902447395,-1.0917363902447395,-1.0917363902447395,-1.0917363902447395,-1.0917363902447395,-1.0917363902447395,-1.0917363902447395,-1.0917363902447395,-1.0917363902447395,-1.0917363902447395,-1.0917363902447395,-1.0917363902447395,-1.0917363902447395,-1.0917363902447395,-1.0917363902447395,-1.0917363902447395,-1.0917363902447395,-1.0917363902447395,-1.0917363902447395,-1.0917363902447395,-1.0917363902447395,-1.0917363902447395,-1.0917363902447395,-1.0917363902447395,-1.0917363902447395,-1.0917363902447395,-1.0917363902447395,-1.0917363902447395,-1.0917363902447395,-1.0917363902447395,-1.0917363902447395,-1.0917363902447395,-1.0917363902447395,-1.0917363902447395,-1.0917363902447395,-1.0917363902447395,-1.0917363902447395,-1.0917363902447395,-1.0917363902447395,-1.0917363902447395,-1.0917363902447395,-1.0917363902447395,-1.0917363902447395,-1.0917363902447395,-1.0917363902447395,-1.0917363902447395,-1.0917363902447395,-1.0917363902447395,-1.0917363902447395,-1.0917363902447395,-1.0917363902447395,-1.0917363902447395,-1.0917363902447395,-1.0917363902447395,-1.0917363902447395,-1.0917363902447395,-1.0917363902447395,-1.0917363902447395,-1.0917363902447395,-1.0917363902447395,-1.0917363902447395,-1.0917363902447395,-1.0917363902447395,-1.0917363902447395,-1.0917363902447395,-1.0917363902447395,-1.0917363902447395,-1.0917363902447395,-1.0917363902447395,-1.0917363902447395,-1.0917363902447395,-1.0917363902447395,-1.0917363902447395,-1.0917363902447395,-1.0917363902447395,-1.0917363902447395,-1.0917363902447395,-1.0917363902447395,-1.0917363902447395,-1.0917363902447395,-1.0917363902447395,-1.0917363902447395,-1.0917363902447395,-1.0917363902447395,-1.0917363902447395,-1.0917363902447395,-1.0917363902447395,-1.0917363902447395,-1.0917363902447395,-1.0917363902447395,-1.0917363902447395,-1.0917363902447395,-1.0917363902447395,-1.0917363902447395,-1.0917363902447395,-1.0917363902447395,-1.0917363902447395,-1.0917363902447395,-1.0917363902447395,-1.0917363902447395,-1.0917363902447395,-1.0917363902447395,-1.0917363902447395,-1.0917363902447395,-1.0917363902447395,-1.0917363902447395,-1.0917363902447395,-1.0917363902447395,-1.0917363902447395,-1.0917363902447395,-1.0917363902447395,-1.0917363902447395,-1.0917363902447395,-1.0917363902447395,-1.0917363902447395,-1.0917363902447395,-1.0917363902447395,-1.0917363902447395,-1.0917363902447395,-1.0917363902447395,-1.0917363902447395,-1.0917363902447395,-1.0917363902447395,-1.0917363902447395,-1.0917363902447395,-1.0917363902447395,-1.0917363902447395,-1.0917363902447395,-1.0917363902447395,-1.0917363902447395,-1.0917363902447395,-1.0917363902447395,-1.0917363902447395,-1.0917363902447395,-1.0917363902447395,-1.0917363902447395,-1.0917363902447395,-1.0917363902447395,-1.0917363902447395,-1.0917363902447395,-1.0917363902447395,-1.0917363902447395,-1.0917363902447395,-1.0917363902447395,-1.0917363902447395,-1.0917363902447395,-1.0917363902447395,-1.0917363902447395,-1.0917363902447395,-1.0917363902447395,-1.0917363902447395,-1.0917363902447395,-1.0917363902447395,-1.0917363902447395,-1.0917363902447395,-1.0917363902447395,-1.0917363902447395,-1.0917363902447395,-1.0917363902447395,-1.0917363902447395,-1.0917363902447395,-1.0917363902447395,-1.0917363902447395,-1.0917363902447395,-1.0917363902447395,-1.0917363902447395,-1.0917363902447395,-1.0917363902447395,-1.0917363902447395,-1.0917363902447395,-1.0917363902447395,-1.0917363902447395,-1.0917363902447395,-1.0917363902447395,-1.0917363902447395,-1.0917363902447395,-1.0917363902447395,-1.0917363902447395,-1.0917363902447395,-1.0917363902447395,-1.0917363902447395,-1.0917363902447395,-1.0917363902447395,-1.0917363902447395,-1.0917363902447395,-1.0917363902447395,-1.0917363902447395,-1.0917363902447395,-1.0917363902447395,-1.0917363902447395,-1.0917363902447395,-1.0917363902447395,-1.0917363902447395,-1.0917363902447395,-1.0917363902447395,-1.0917363902447395,-1.0917363902447395,-1.0917363902447395,-1.0917363902447395,-1.0917363902447395,-1.0917363902447395,-1.0917363902447395,-1.0917363902447395,-1.0917363902447395,-1.0917363902447395,-1.0917363902447395,-1.0917363902447395,-1.0917363902447395,-1.0917363902447395,-1.0917363902447395,-1.0917363902447395,-1.0917363902447395,-1.0917363902447395,-1.0917363902447395,-1.0917363902447395,-1.0917363902447395,-1.0917363902447395,-1.0917363902447395,-1.0917363902447395,-1.0917363902447395,-1.0917363902447395,-1.0917363902447395,-1.0917363902447395,-1.0917363902447395,-1.0917363902447395,-1.0917363902447395,-1.0917363902447395,-1.0917363902447395,-1.0917363902447395,-1.0917363902447395,-1.0917363902447395,-1.0917363902447395,-1.0917363902447395,-1.0917363902447395,-1.0917363902447395,-1.0917363902447395,-1.0917363902447395,-1.0917363902447395,-1.0917363902447395,-1.0917363902447395,-1.0917363902447395,-1.0917363902447395,-1.0917363902447395,-1.0917363902447395,-1.0917363902447395,-1.0917363902447395,-1.0917363902447395,-1.0917363902447395,-1.0917363902447395,-1.0917363902447395,-1.0917363902447395,-1.0917363902447395,-1.0917363902447395,-1.0917363902447395,-1.0917363902447395,-1.0917363902447395,-1.0917363902447395,-1.0917363902447395,-1.0917363902447395,-1.0917363902447395,-1.0917363902447395,-1.0917363902447395,-1.0917363902447395,-1.0917363902447395,-1.0917363902447395,-1.0917363902447395,-1.0917363902447395,-1.0917363902447395,-1.0917363902447395,-1.0917363902447395,-1.0917363902447395,-1.0917363902447395,-1.0917363902447395,-1.0917363902447395,-1.0917363902447395,-1.0917363902447395,-1.0917363902447395,-1.0917363902447395,-1.0917363902447395,-1.0917363902447395,-1.0917363902447395,-1.0917363902447395,-1.0917363902447395,-1.0917363902447395,-1.0917363902447395,-1.0917363902447395,-1.0917363902447395,-1.0917363902447395,-1.0917363902447395,-1.0917363902447395,-1.0917363902447395,-1.0917363902447395,-1.0917363902447395,-1.0917363902447395,-1.0917363902447395,-1.0917363902447395,-1.0917363902447395,-1.0917363902447395,-1.0917363902447395,-1.0917363902447395,-1.0917363902447395,-1.0917363902447395,-1.0917363902447395,-1.0917363902447395,-1.0917363902447395,-1.0917363902447395,-1.0917363902447395,-1.0917363902447395,-1.0917363902447395,-1.0917363902447395,-1.0917363902447395,-1.0917363902447395,-1.0917363902447395,-1.0917363902447395,-1.0917363902447395,-1.0917363902447395,-1.0917363902447395,-1.0917363902447395,-1.0917363902447395,-1.0917363902447395,-1.0917363902447395,-1.0917363902447395,-1.0917363902447395,-1.0917363902447395,-1.0917363902447395,-1.0917363902447395,-1.0917363902447395,-1.0917363902447395,-1.0917363902447395,-1.0917363902447395,-1.0917363902447395,-1.0917363902447395,-1.0917363902447395,-1.0917363902447395,-1.0917363902447395,-1.0917363902447395,-1.0917363902447395,-1.0917363902447395,-1.0917363902447395,-1.0917363902447395,-1.0917363902447395,-1.0917363902447395
1.969566382794139,1.969566382794139,1.969566382794139,1.969566382794139,1.969566382794139,1.969566382794139,1.969566382794139,1.969566382794139,1.969566382794139,1.969566382794139,1.969566382794139,1.969566382794139,1.969566382794139,1.969566382794139,1.969566382794139,1.969566382794139,1.969566382794139,1.969566382794139,1.969566382794139,1.969566382794139,1.969566382794139,1.969566382794139,1.969566382794139,1.969566382794139,1.969566382794139,1.969566382794139,1.969566382794139,1.969566382794139,1.969566382794139,1.969566382794139,1.969566382794139,1.969566382794139,1.969566382794139,1.969566382794139,1.969566382794139,1.969566382794139,1.969566382794139,1.969566382794139,1.969566382794139,1.969566382794139,1.969566382794139,1.969566382794139,1.969566382794139,1.969566382794139,1.969566382794139,1.969566382794139,1.969566382794139,1.969566382794139,1.969566382794139,1.969566382794139,1.969566382794139,1.969566382794139,1.969566382794139,1.969566382794139,1.969566382794139,1.969566382794139,1.969566382794139,1.969566382794139,1.969566382794139,1.969566382794139,1.969566382794139,1.969566382794139,1.969566382794139,1.969566382794139,1.969566382794139,1.969566382794139,1.969566382794139,1.969566382794139,1.969566382794139,1.969566382794139,1.969566382794139,1.969566382794139,1.969566382794139,1.969566382794139,1.969566382794139,1.969566382794139,1.969566382794139,1.969566382794139,1.969566382794139,1.969566382794139,1.969566382794139,1.969566382794139,1.969566382794139,1.969566382794139,1.969566382794139,1.969566382794139,1.969566382794139,1.969566382794139,1.969566382794139,1.969566382794139,1.969566382794139,1.969566382794139,1.969566382794139,1.969566382794139,1.969566382794139,1.969566382794139,1.969566382794139,1.969566382794139,1.969566382794139,1.969566382794139,1.969566382794139,1.969566382794139,1.969566382794139,1.969566382794139,1.969566382794139,1.969566382794139,1.969566382794139,1.969566382794139,1.969566382794139,1.969566382794139,1.969566382794139,1.969566382794139,1.969566382794139,1.969566382794139,1.969566382794139,1.969566382794139,1.969566382794139,1.969566382794139,1.969566382794139,1.969566382794139,1.969566382794139,1.969566382794139,1.969566382794139,1.969566382794139,1.969566382794139,1.969566382794139,1.969566382794139,1.969566382794139,1.969566382794139,1.969566382794139,1.969566382794139,1.969566382794139,1.969566382794139,1.969566382794139,1.969566382794139,1.969566382794139,1.969566382794139,1.969566382794139,1.969566382794139,1.969566382794139,1.969566382794139,1.969566382794139,1.969566382794139,1.969566382794139,1.969566382794139,1.969566382794139,1.969566382794139,1.969566382794139,1.969566382794139,1.969566382794139,1.969566382794139,1.969566382794139,1.969566382794139,1.969566382794139,1.969566382794139,1.969566382794139,1.969566382794139,1.969566382794139,1.969566382794139,1.969566382794139,1.969566382794139,1.969566382794139,1.969566382794139,1.969566382794139,1.969566382794139,1.969566382794139,1.969566382794139,1.969566382794139,1.969566382794139,1.969566382794139,1.969566382794139,1.969566382794139,1.969566382794139,1.969566382794139,1.969566382794139,1.969566382794139,1.969566382794139,1.969566382794139,1.969566382794139,1.969566382794139,1.969566382794139,1.969566382794139,1.969566382794139,1.969566382794139,1.969566382794139,1.969566382794139,1.969566382794139,1.969566382794139,1.969566382794139,1.969566382794139,1.969566382794139,1.969566382794139,1.969566382794139,1.969566382794139,1.969566382794139,1.969566382794139,1.969566382794139,1.969566382794139,1.969566382794139,1.969566382794139,1.969566382794139,1.969566382794139,1.969566382794139,1.969566382794139,1.969566382794139,1.969566382794139,1.969566382794139,1.969566382794139,1.969566382794139,1.969566382794139,1.969566382794139,1.969566382794139,1.969566382794139,1.969566382794139,1.969566382794139,1.969566382794139,1.969566382794139,1.969566382794139,1.969566382794139,1.969566382794139,1.969566382794139,1.969566382794139,1.969566382794139,1.969566382794139,1.969566382794139,1.969566382794139,1.969566382794139,1.969566382794139,1.969566382794139,1.969566382794139,1.969566382794139,1.969566382794139,1.969566382794139,1.969566382794139,1.969566382794139,1.969566382794139,1.969566382794139,1.969566382794139,1.969566382794139,1.969566382794139,1.969566382794139,1.969566382794139,1.969566382794139,1.969566382794139,1.969566382794139,1.969566382794139,1.969566382794139,1.969566382794139,1.969566382794139,1.969566382794139,1.969566382794139,1.969566382794139,1.969566382794139,1.969566382794139,1.969566382794139,1.969566382794139,1.969566382794139,1.969566382794139,1.969566382794139,1.969566382794139,1.969566382794139,1.969566382794139,1.969566382794139,1.969566382794139,1.969566382794139,1.969566382794139,1.969566382794139,1.969566382794139,1.969566382794139,1.969566382794139,1.969566382794139,1.969566382794139,1.969566382794139,1.969566382794139,1.969566382794139,1.969566382794139,1.969566382794139,1.969566382794139,1.969566382794139,1.969566382794139,1.969566382794139,1.969566382794139,1.969566382794139,1.969566382794139,1.969566382794139,1.969566382794139,1.969566382794139,1.969566382794139,1.969566382794139,1.969566382794139,1.969566382794139,1.969566382794139,1.969566382794139,1.969566382794139,1.969566382794139,1.969566382794139,1.969566382794139,1.969566382794139,1.969566382794139,1.969566382794139,1.969566382794139,1.969566382794139,1.969566382794139,1.969566382794139,1.969566382794139,1.969566382794139,1.969566382794139,1.969566382794139,1.969566382794139,1.969566382794139,1.969566382794139,1.969566382794139,1.969566382794139,1.969566382794139,1.969566382794139,1.969566382794139,1.969566382794139,1.969566382794139,1.969566382794139,1.969566382794139,1.969566382794139,1.969566382794139,1.969566382794139,1.969566382794139,1.969566382794139,1.969566382794139,1.969566382794139,1.969566382794139,1.969566382794139,1.969566382794139,1.969566382794139,1.969566382794139,1.969566382794139,1.969566382794139,1.969566382794139,1.969566382794139,1.969566382794139,1.969566382794139,1.969566382794139,1.969566382794139,1.969566382794139,1.969566382794139,1.969566382794139,1.969566382794139,1.969566382794139,1.969566382794139,1.969566382794139,1.969566382794139,1.969566382794139,1.969566382794139,1.969566382794139,1.969566382794139,1.969566382794139,1.969566382794139,1.969566382794139,1.969566382794139,1.969566382794139,1.969566382794139,1.969566382794139,1.969566382794139,1.969566382794139,1.969566382794139,1.969566382794139,1.969566382794139,1.969566382794139,1.969566382794139,1.969566382794139,1.969566382794139,1.969566382794139,1.969566382794139,1.969566382794139,1.969566382794139,1.969566382794139,1.969566382794139,1.969566382794139,1.969566382794139,1.969566382794139,1.969566382794139,1.969566382794139,1.969566382794139,1.969566382794139,1.969566382794139,1.969566382794139,1.969566382794139,1.969566382794139,1.969566382794139,1.969566382794139,1.969566382794139,1.969566382794139,1.969566382794139,1.969566382794139,1.969566382794139,1.969566382794139,1.969566382794139,1.969566382794139,1.969566382794139,1.969566382794139,1.969566382794139,1.969566382794139,1.969566382794139,1.969566382794139,1.969566382794139,1.969566382794139,1.969566382794139,1.969566382794139,1.969566382794139,1.969566382794139,1.969566382794139,1.969566382794139,1.969566382794139,1.969566382794139,1.969566382794139,1.969566382794139,1.969566382794139,1.969566382794139,1.969566382794139,1.969566382794139,1.969566382794139,1.969566382794139,1.969566382794139,1.969566382794139,1.969566382794139,1.969566382794139,1.969566382794139,1.969566382794139,1.969566382794139,1.969566382794139,1.969566382794139,1.969566382794139,1.969566382794139,1.969566382794139,1.969566382794139,1.969566382794139,1.969566382794139
-0.8535568099220828,-0.8535568099220828,-0.8535568099220828,-0.8535568099220828,-0.8535568099220828,-0.8535568099220828,-0.8535568099220828,-0.8535568099220828,-0.8535568099220828,-0.8535568099220828,-0.8535568099220828,-0.8535568099220828,-0.8535568099220828,-0.8535568099220828,-0.8535568099220828,-0.8535568099220828,-0.8535568099220828,-0.8535568099220828,-0.8535568099220828,-0.8535568099220828,-0.8535568099220828,-0.8535568099220828,-0.8535568099220828,-0.8535568099220828,-0.8535568099220828,-0.8535568099220828,-0.8535568099220828,-0.8535568099220828,-0.8535568099220828,-0.8535568099220828,-0.8535568099220828,-0.8535568099220828,-0.8535568099220828,-0.8535568099220828,-0.8535568099220828,-0.8535568099220828,-0.8535568099220828,-0.8535568099220828,-0.8535568099220828,-0.8535568099220828,-0.8535568099220828,-0.8535568099220828,-0.8535568099220828,-0.8535568099220828,-0.8535568099220828,-0.8535568099220828,-0.8535568099220828,-0.8535568099220828,-0.8535568099220828,-0.8535568099220828,-0.8535568099220828,-0.8535568099220828,-0.8535568099220828,-0.8535568099220828,-0.8535568099220828,-0.8535568099220828,-0.8535568099220828,-0.8535568099220828,-0.8535568099220828,-0.8535568099220828,-0.8535568099220828,-0.8535568099220828,-0.8535568099220828,-0.8535568099220828,-0.8535568099220828,-0.8535568099220828,-0.8535568099220828,-0.8535568099220828,-0.8535568099220828,-0.8535568099220828,-0.8535568099220828,-0.8535568099220828,-0.8535568099220828,-0.8535568099220828,-0.8535568099220828,-0.8535568099220828,-0.8535568099220828,-0.8535568099220828,-0.8535568099220828,-0.8535568099220828,-0.8535568099220828,-0.8535568099220828,-0.8535568099220828,-0.8535568099220828,-0.8535568099220828,-0.8535568099220828,-0.8535568099220828,-0.8535568099220828,-0.8535568099220828,-0.8535568099220828,-0.8535568099220828,-0.8535568099220828,-0.8535568099220828,-0.8535568099220828,-0.8535568099220828,-0.8535568099220828,-0.8535568099220828,-0.8535568099220828,-0.8535568099220828,-0.8535568099220828,-0.8535568099220828,-0.8535568099220828,-0.8535568099220828,-0.8535568099220828,-0.8535568099220828,-0.8535568099220828,-0.8535568099220828,-0.8535568099220828,-0.8535568099220828,-0.8535568099220828,-0.8535568099220828,-0.8535568099220828,-0.8535568099220828,-0.8535568099220828,-0.8535568099220828,-0.8535568099220828,-0.8535568099220828,-0.8535568099220828,-0.8535568099220828,-0.8535568099220828,-0.8535568099220828,-0.8535568099220828,-0.8535568099220828,-0.8535568099220828,-0.8535568099220828,-0.8535568099220828,-0.8535568099220828,-0.8535568099220828,-0.8535568099220828,-0.8535568099220828,-0.8535568099220828,-0.8535568099220828,-0.8535568099220828,-0.8535568099220828,-0.8535568099220828,-0.8535568099220828,-0.8535568099220828,-0.8535568099220828,-0.8535568099220828,-0.8535568099220828,-0.8535568099220828,-0.8535568099220828,-0.8535568099220828,-0.8535568099220828,-0.8535568099220828,-0.8535568099220828,-0.8535568099220828,-0.8535568099220828,-0.8535568099220828,-0.8535568099220828,-0.8535568099220828,-0.8535568099220828,-0.8535568099220828,-0.8535568099220828,-0.8535568099220828,-0.8535568099220828,-0.8535568099220828,-0.8535568099220828,-0.8535568099220828,-0.8535568099220828,-0.8535568099220828,-0.8535568099220828,-0.8535568099220828,-0.8535568099220828,-0.8535568099220828,-0.8535568099220828,-0.8535568099220828,-0.8535568099220828,-0.8535568099220828,-0.8535568099220828,-0.8535568099220828,-0.8535568099220828,-0.8535568099220828,-0.8535568099220828,-0.8535568099220828,-0.8535568099220828,-0.8535568099220828,-0.8535568099220828,-0.8535568099220828,-0.8535568099220828,-0.8535568099220828,-0.8535568099220828,-0.8535568099220828,-0.8535568099220828,-0.8535568099220828,-0.8535568099220828,-0.8535568099220828,-0.8535568099220828,-0.8535568099220828,-0.8535568099220828,-0.8535568099220828,-0.8535568099220828,-0.8535568099220828,-0.8535568099220828,-0.8535568099220828,-0.8535568099220828,-0.8535568099220828,-0.8535568099220828,-0.8535568099220828,-0.8535568099220828,-0.8535568099220828,-0.8535568099220828,-0.8535568099220828,-0.8535568099220828,-0.8535568099220828,-0.8535568099220828,-0.8535568099220828,-0.8535568099220828,-0.8535568099220828,-0.8535568099220828,-0.8535568099220828,-0.8535568099220828,-0.8535568099220828,-0.8535568099220828,-0.8535568099220828,-0.8535568099220828,-0.8535568099220828,-0.8535568099220828,-0.8535568099220828,-0.8535568099220828,-0.8535568099220828,-0.8535568099220828,-0.8535568099220828,-0.8535568099220828,-0.8535568099220828,-0.8535568099220828,-0.8535568099220828,-0.8535568099220828,-0.8535568099220828,-0.8535568099220828,-0.8535568099220828,-0.8535568099220828,-0.8535568099220828,-0.8535568099220828,-0.8535568099220828,-0.8535568099220828,-0.8535568099220828,-0.8535568099220828,-0.8535568099220828,-0.8535568099220828,-0.8535568099220828,-0.8535568099220828,-0.8535568099220828,-0.8535568099220828,-0.8535568099220828,-0.8535568099220828,-0.8535568099220828,-0.8535568099220828,-0.8535568099220828,-0.8535568099220828,-0.8535568099220828,-0.8535568099220828,-0.8535568099220828,-0.8535568099220828,-0.8535568099220828,-0.8535568099220828,-0.8535568099220828,-0.8535568099220828,-0.8535568099220828,-0.8535568099220828,-0.8535568099220828,-0.8535568099220828,-0.8535568099220828,-0.8535568099220828,-0.8535568099220828,-0.8535568099220828,-0.8535568099220828,-0.8535568099220828,-0.8535568099220828,-0.8535568099220828,-0.8535568099220828,-0.8535568099220828,-0.8535568099220828,-0.8535568099220828,-0.8535568099220828,-0.8535568099220828,-0.8535568099220828,-0.8535568099220828,-0.8535568099220828,-0.8535568099220828,-0.8535568099220828,-0.8535568099220828,-0.8535568099220828,-0.8535568099220828,-0.8535568099220828,-0.8535568099220828,-0.8535568099220828,-0.8535568099220828,-0.8535568099220828,-0.8535568099220828,-0.8535568099220828,-0.8535568099220828,-0.8535568099220828,-0.8535568099220828,-0.8535568099220828,-0.8535568099220828,-0.8535568099220828,-0.8535568099220828,-0.8535568099220828,-0.8535568099220828,-0.8535568099220828,-0.8535568099220828,-0.8535568099220828,-0.8535568099220828,-0.8535568099220828,-0.8535568099220828,-0.8535568099220828,-0.8535568099220828,-0.8535568099220828,-0.8535568099220828,-0.8535568099220828,-0.8535568099220828,-0.8535568099220828,-0.8535568099220828,-0.8535568099220828,-0.8535568099220828,-0.8535568099220828,-0.8535568099220828,-0.8535568099220828,-0.8535568099220828,-0.8535568099220828,-0.8535568099220828,-0.8535568099220828,-0.8535568099220828,-0.8535568099220828,-0.8535568099220828,-0.8535568099220828,-0.8535568099220828,-0.8535568099220828,-0.8535568099220828,-0.8535568099220828,-0.8535568099220828,-0.8535568099220828,-0.8535568099220828,-0.8535568099220828,-0.8535568099220828,-0.8535568099220828,-0.8535568099220828,-0.8535568099220828,-0.8535568099220828,-0.8535568099220828,-0.8535568099220828,-0.8535568099220828,-0.8535568099220828,-0.8535568099220828,-0.8535568099220828,-0.8535568099220828,-0.8535568099220828,-0.8535568099220828,-0.8535568099220828,-0.8535568099220828,-0.8535568099220828,-0.8535568099220828,-0.8535568099220828,-0.8535568099220828,-0.8535568099220828,-0.8535568099220828,-0.8535568099220828,-0.8535568099220828,-0.8535568099220828,-0.8535568099220828,-0.8535568099220828,-0.8535568099220828,-0.8535568099220828,-0.8535568099220828,-0.8535568099220828,-0.8535568099220828,-0.8535568099220828,-0.8535568099220828,-0.8535568099220828,-0.8535568099220828,-0.8535568099220828,-0.8535568099220828,-0.8535568099220828,-0.8535568099220828,-0.8535568099220828,-0.8535568099220828,-0.8535568099220828,-0.8535568099220828,-0.8535568099220828,-0.8535568099220828,-0.8535568099220828,-0.8535568099220828,-0.8535568099220828,-0.8535568099220828,-0.8535568099220828,-0.8535568099220828,-0.8535568099220828,-0.8535568099220828,-0.8535568099220828,-0.8535568099220828,-0.8535568099220828,-0.8535568099220828,-0.8535568099220828,-0.8535568099220828,-0.8535568099220828,-0.8535568099220828,-0.8535568099220828,-0.8535568099220828,-0.8535568099220828,-0.8535568099220828,-0.8535568099220828,-0.8535568099220828,-0.8535568099220828,-0.8535568099220828,-0.8535568099220828,-0.8535568099220828,-0.8535568099220828,-0.8535568099220828,-0.8535568099220828,-0.8535568099220828,-0.8535568099220828,-0.8535568099220828,-0.8535568099220828,-0.8535568099220828,-0.8535568099220828,-0.8535568099220828,-0.8535568099220828,-0.8535568099220828,-0.8535568099220828,-0.8535568099220828,-0.8535568099220828,-0.8535568099220828,-0.8535568099220828,-0.8535568099220828,-0.8535568099220828,-0.8535568099220828,-0.8535568099220828,-0.8535568099220828,-0.8535568099220828,-0.8535568099220828,-0.8535568099220828,-0.8535568099220828,-0.8535568099220828
0.06830250281695922,0.06830250281695922,0.06830250281695922,0.06830250281695922,0.06830250281695922,0.06830250281695922,0.06830250281695922,0.06830250281695922,0.06830250281695922,0.06830250281695922,0.06830250281695922,0.06830250281695922,0.06830250281695922,0.06830250281695922,0.06830250281695922,0.06830250281695922,0.06830250281695922,0.06830250281695922,0.06830250281695922,0.06830250281695922,0.06830250281695922,0.06830250281695922,0.06830250281695922,0.06830250281695922,0.06830250281695922,0.06830250281695922,0.06830250281695922,0.06830250281695922,0.06830250281695922,0.06830250281695922,0.06830250281695922,0.06830250281695922,0.06830250281695922,0.06830250281695922,0.06830250281695922,0.06830250281695922,0.06830250281695922,0.06830250281695922,0.06830250281695922,0.06830250281695922,0.06830250281695922,0.06830250281695922,0.06830250281695922,0.06830250281695922,0.06830250281695922,0.06830250281695922,0.06830250281695922,0.06830250281695922,0.06830250281695922,0.06830250281695922,0.06830250281695922,0.06830250281695922,0.06830250281695922,0.06830250281695922,0.06830250281695922,0.06830250281695922,0.06830250281695922,0.06830250281695922,0.06830250281695922,0.06830250281695922,0.06830250281695922,0.06830250281695922,0.06830250281695922,0.06830250281695922,0.06830250281695922,0.06830250281695922,0.06830250281695922,0.06830250281695922,0.06830250281695922,0.06830250281695922,0.06830250281695922,0.06830250281695922,0.06830250281695922,0.06830250281695922,0.06830250281695922,0.06830250281695922,0.06830250281695922,0.06830250281695922,0.06830250281695922,0.06830250281695922,0.06830250281695922,0.06830250281695922,0.06830250281695922,0.06830250281695922,0.06830250281695922,0.06830250281695922,0.06830250281695922,0.06830250281695922,0.06830250281695922,0.06830250281695922,0.06830250281695922,0.06830250281695922,0.06830250281695922,0.06830250281695922,0.06830250281695922,0.06830250281695922,0.06830250281695922,0.06830250281695922,0.06830250281695922,0.06830250281695922,0.06830250281695922,0.06830250281695922,0.06830250281695922,0.06830250281695922,0.06830250281695922,0.06830250281695922,0.06830250281695922,0.06830250281695922,0.06830250281695922,0.06830250281695922,0.06830250281695922,0.06830250281695922,0.06830250281695922,0.06830250281695922,0.06830250281695922,0.06830250281695922,0.06830250281695922,0.06830250281695922,0.06830250281695922,0.06830250281695922,0.06830250281695922,0.06830250281695922,0.06830250281695922,0.06830250281695922,0.06830250281695922,0.06830250281695922,0.06830250281695922,0.06830250281695922,0.06830250281695922,0.06830250281695922,0.06830250281695922,0.06830250281695922,0.06830250281695922,0.06830250281695922,0.06830250281695922,0.06830250281695922,0.06830250281695922,0.06830250281695922,0.06830250281695922,0.06830250281695922,0.06830250281695922,0.06830250281695922,0.06830250281695922,0.06830250281695922,0.06830250281695922,0.06830250281695922,0.06830250281695922,0.06830250281695922,0.06830250281695922,0.06830250281695922,0.06830250281695922,0.06830250281695922,0.06830250281695922,0.06830250281695922,0.06830250281695922,0.06830250281695922,0.06830250281695922,0.06830250281695922,0.06830250281695922,0.06830250281695922,0.06830250281695922,0.06830250281695922,0.06830250281695922,0.06830250281695922,0.06830250281695922,0.06830250281695922,0.06830250281695922,0.06830250281695922,0.06830250281695922,0.06830250281695922,0.06830250281695922,0.06830250281695922,0.06830250281695922,0.06830250281695922,0.06830250281695922,0.06830250281695922,0.06830250281695922,0.06830250281695922,0.06830250281695922,0.06830250281695922,0.06830250281695922,0.06830250281695922,0.06830250281695922,0.06830250281695922,0.06830250281695922,0.06830250281695922,0.06830250281695922,0.06830250281695922,0.06830250281695922,0.06830250281695922,0.06830250281695922,0.06830250281695922,0.06830250281695922,0.06830250281695922,0.06830250281695922,0.06830250281695922,0.06830250281695922,0.06830250281695922,0.06830250281695922,0.06830250281695922,0.06830250281695922,0.06830250281695922,0.06830250281695922,0.06830250281695922,0.06830250281695922,0.06830250281695922,0.06830250281695922,0.06830250281695922,0.06830250281695922,0.06830250281695922,0.06830250281695922,0.06830250281695922,0.06830250281695922,0.06830250281695922,0.06830250281695922,0.06830250281695922,0.06830250281695922,0.06830250281695922,0.06830250281695922,0.06830250281695922,0.06830250281695922,0.06830250281695922,0.06830250281695922,0.06830250281695922,0.06830250281695922,0.06830250281695922,0.06830250281695922,0.06830250281695922,0.06830250281695922,0.06830250281695922,0.06830250281695922,0.06830250281695922,0.06830250281695922,0.06830250281695922,0.06830250281695922,0.06830250281695922,0.06830250281695922,0.06830250281695922,0.06830250281695922,0.06830250281695922,0.06830250281695922,0.06830250281695922,0.06830250281695922,0.06830250281695922,0.06830250281695922,0.06830250281695922,0.06830250281695922,0.06830250281695922,0.06830250281695922,0.06830250281695922,0.06830250281695922,0.06830250281695922,0.06830250281695922,0.06830250281695922,0.06830250281695922,0.06830250281695922,0.06830250281695922,0.06830250281695922,0.06830250281695922,0.06830250281695922,0.06830250281695922,0.06830250281695922,0.06830250281695922,0.06830250281695922,0.06830250281695922,0.06830250281695922,0.06830250281695922,0.06830250281695922,0.06830250281695922,0.06830250281695922,0.06830250281695922,0.06830250281695922,0.06830250281695922,0.06830250281695922,0.06830250281695922,0.06830250281695922,0.06830250281695922,0.06830250281695922,0.06830250281695922,0.06830250281695922,0.06830250281695922,0.06830250281695922,0.06830250281695922,0.06830250281695922,0.06830250281695922,0.06830250281695922,0.06830250281695922,0.06830250281695922,0.06830250281695922,0.06830250281695922,0.06830250281695922,0.06830250281695922,0.06830250281695922,0.06830250281695922,0.06830250281695922,0.06830250281695922,0.06830250281695922,0.06830250281695922,0.06830250281695922,0.06830250281695922,0.06830250281695922,0.06830250281695922,0.06830250281695922,0.06830250281695922,0.06830250281695922,0.06830250281695922,0.06830250281695922,0.06830250281695922,0.06830250281695922,0.06830250281695922,0.06830250281695922,0.06830250281695922,0.06830250281695922,0.06830250281695922,0.06830250281695922,0.06830250281695922,0.06830250281695922,0.06830250281695922,0.06830250281695922,0.06830250281695922,0.06830250281695922,0.06830250281695922,0.06830250281695922,0.06830250281695922,0.06830250281695922,0.06830250281695922,0.06830250281695922,0.06830250281695922,0.06830250281695922,0.06830250281695922,0.06830250281695922,0.06830250281695922,0.06830250281695922,0.06830250281695922,0.06830250281695922,0.06830250281695922,0.06830250281695922,0.06830250281695922,0.06830250281695922,0.06830250281695922,0.06830250281695922,0.06830250281695922,0.06830250281695922,0.06830250281695922,0.06830250281695922,0.06830250281695922,0.06830250281695922,0.06830250281695922,0.06830250281695922,0.06830250281695922,0.06830250281695922,0.06830250281695922,0.06830250281695922,0.06830250281695922,0.06830250281695922,0.06830250281695922,0.06830250281695922,0.06830250281695922,0.06830250281695922,0.06830250281695922,0.06830250281695922,0.06830250281695922,0.06830250281695922,0.06830250281695922,0.06830250281695922,0.06830250281695922,0.06830250281695922,0.06830250281695922,0.06830250281695922,0.06830250281695922,0.06830250281695922,0.06830250281695922,0.06830250281695922,0.06830250281695922,0.06830250281695922,0.06830250281695922,0.06830250281695922,0.06830250281695922,0.06830250281695922,0.06830250281695922,0.06830250281695922,0.06830250281695922,0.06830250281695922,0.06830250281695922,0.06830250281695922,0.06830250281695922,0.06830250281695922,0.06830250281695922,0.06830250281695922,0.06830250281695922,0.06830250281695922,0.06830250281695922,0.06830250281695922,0.06830250281695922,0.06830250281695922,0.06830250281695922,0.06830250281695922,0.06830250281695922,0.06830250281695922,0.06830250281695922,0.06830250281695922,0.06830250281695922,0.06830250281695922,0.06830250281695922,0.06830250281695922,0.06830250281695922,0.06830250281695922,0.06830250281695922,0.06830250281695922,0.06830250281695922,0.06830250281695922,0.06830250281695922,0.06830250281695922,0.06830250281695922,0.06830250281695922,0.06830250281695922,0.06830250281695922,0.06830250281695922,0.06830250281695922,0.06830250281695922,0.06830250281695922,0.06830250281695922,0.06830250281695922,0.06830250281695922,0.06830250281695922,0.06830250281695922,0.06830250281695922,0.06830250281695922,0.06830250281695922,0.06830250281695922,0.06830250281695922,0.06830250281695922,0.06830250281695922,0.06830250281695922
-1.0,-1.0,-1.0,-1.0,-1.0,-1.0,-1.0,-1.0,-1.0,-1.0,-1.0,-1.0,-1.0,-1.0,-1.0,-1.0,-1.0,-1.0,-1.0,-1.0,-1.0,-1.0,-1.0,-1.0,-1.0,-1.0,-1.0,-1.0,-1.0,-1.0,-1.0,-1.0,-1.0,-1.0,-1.0,-1.0,-1.0,-1.0,-1.0,-1.0,-1.0,-1.0,-1.0,-1.0,-1.0,-1.0,-1.0,-1.0,-1.0,-1.0,-1.0,-1.0,-1.0,-1.0,-1.0,-1.0,-1.0,-1.0,-1.0,-1.0,-1.0,-1.0,-1.0,-1.0,-1.0,-1.0,-1.0,-1.0,-1.0,-1.0,-1.0,-1.0,-1.0,-1.0,-1.0,-1.0,-1.0,-1.0,-1.0,-1.0,-1.0,-1.0,-1.0,-1.0,-1.0,-1.0,-1.0,-1.0,-1.0,-1.0,-1.0,-1.0,-1.0,-1.0,-1.0,-1.0,-1.0,-1.0,-1.0,-1.0,-1.0,-1.0,-1.0,-1.0,-1.0,-1.0,-1.0,-1.0,-1.0,-1.0,-1.0,-1.0,-1.0,-1.0,-1.0,-1.0,-1.0,-1.0,-1.0,-1.0,-1.0,-1.0,-1.0,-1.0,-1.0,-1.0,-1.0,-1.0,-1.0,-1.0,-1.0,-1.0,-1.0,-1.0,-1.0,-1.0,-1.0,-1.0,-1.0,-1.0,-1.0,-1.0,-1.0,-1.0,-1.0,-1.0,-1.0,-1.0,-1.0,-1.0,-1.0,-1.0,-1.0,-1.0,-1.0,-1.0,-1.0,-1.0,-1.0,-1.0,-1.0,-1.0,-1.0,-1.0,-1.0,-1.0,-1.0,-1.0,-1.0,-1.0,-1.0,-1.0,-1.0,-1.0,-1.0,-1.0,-1.0,-1.0,-1.0,-1.0,-1.0,-1.0,-1.0,-1.0,-1.0,-1.0,-1.0,-1.0,-1.0,-1.0,-1.0,-1.0,-1.0,-1.0,-1.0,-1.0,-1.0,-1.0,-1.0,-1.0,-1.0,-1.0,-1.0,-1.0,-1.0,-1.0,-1.0,-1.0,-1.0,-1.0,-1.0,-1.0,-1.0,-1.0,-1.0,-1.0,-1.0,-1.0,-1.0,-1.0,-1.0,-1.0,-1.0,-1.0,-1.0,-1.0,-1.0,-1.0,-1.0,-1.0,-1.0,-1.0,-1.0,-1.0,-1.0,-1.0,-1.0,-1.0,-1.0,-1.0,-1.0,-1.0,-1.0,-1.0,-1.0,-1.0,-1.0,-1.0,-1.0,-1.0,-1.0,-1.0,-1.0,-1.0,-1.0,-1.0,-1.0,-1.0,-1.0,-1.0,-1.0,-1.0,-1.0,-1.0,-1.0,-1.0,-1.0,-1.0,-1.0,-1.0,-1.0,-1.0,-1.0,-1.0,-1.0,-1.0,-1.0,-1.0,-1.0,-1.0,-1.0,-1.0,-1.0,-1.0,-1.0,-1.0,-1.0,-1.0,-1.0,-1.0,-1.0,-1.0,-1.0,-1.0,-1.0,-1.0,-1.0,-1.0,-1.0,-1.0,-1.0,-1.0,-1.0,-1.0,-1.0,-1.0,-1.0,-1.0,-1.0,-1.0,-1.0,-1.0,-1.0,-1.0,-1.0,-1.0,-1.0,-1.0,-1.0,-1.0,-1.0,-1.0,-1.0,-1.0,-1.0,-1.0,-1.0,-1.0,-1.0,-1.0,-1.0,-1.0,-1.0,-1.0,-1.0,-1.0,-1.0,-1.0,-1.0,-1.0,-1.0,-1.0,-1.0,-1.0,-1.0,-1.0,-1.0,-1.0,-1.0,-1.0,-1.0,-1.0,-1.0,-1.0,-1.0,-1.0,-1.0,-1.0,-1.0,-1.0,-1.0,-1.0,-1.0,-1.0,-1.0,-1.0,-1.0,-1.0,-1.0,-1.0,-1.0,-1.0,-1.0,-1.0,-1.0,-1.0,-1.0,-1.0,-1.0,-1.0,-1.0,-1.0,-1.0,-1.0,-1.0,-1.0,-1.0,-1.0,-1.0,-1.0,-1.0,-1.0,-1.0,-1.0,-1.0,-1.0,-1.0,-1.0,-1.0,-1.0,-1.0,-1.0,-1.0,-1.0,-1.0,-1.0,-1.0,-1.0,-1.0,-1.0,-1.0,-1.0,-1.0,-1.0,-1.0,-1.0,-1.0,-1.0,-1.0,-1.0,-1.0,-1.0,-1.0,-1.0,-1.0,-1.0,-1.0,-1.0,-1.0,-1.0,-1.0,-1.0,-1.0,-1.0
-1.0,-1.0,-1.0,-1.0,-1.0,-1.0,-1.0,-1.0,-1.0,-1.0,-1.0,-1.0,-1.0,-1.0,-1.0,-1.0,-1.0,-1.0,-1.0,-1.0,-1.0,-1.0,-1.0,-1.0,-1.0,-1.0,-1.0,-1.0,-1.0,-1.0,-1.0,-1.0,-1.0,-1.0,-1.0,-1.0,-1.0,-1.0,-1.0,-1.0,-1.0,-1.0,-1.0,-1.0,-1.0,-1.0,-1.0,-1.0,-1.0,-1.0,-1.0,-1.0,-1.0,-1.0,-1.0,-1.0,-1.0,-1.0,-1.0,-1.0,-1.0,-1.0,-1.0,-1.0,-1.0,-1.0,-1.0,-1.0,-1.0,-1.0,-1.0,-1.0,-1.0,-1.0,-1.0,-1.0,-1.0,-1.0,-1.0,-1.0,-1.0,-1.0,-1.0,-1.0,-1.0,-1.0,-1.0,-1.0,-1.0,-1.0,-1.0,-1.0,-1.0,-1.0,-1.0,-1.0,-1.0,-1.0,-1.0,-1.0,-1.0,-1.0,-1.0,-1.0,-1.0,-1.0,-1.0,-1.0,-1.0,-1.0,-1.0,-1.0,-1.0,-1.0,-1.0,-1.0,-1.0,-1.0,-1.0,-1.0,-1.0,-1.0,-1.0,-1.0,-1.0,-1.0,-1.0,-1.0,-1.0,-1.0,-1.0,-1.0,-1.0,-1.0,-1.0,-1.0,-1.0,-1.0,-1.0,-1.0,-1.0,-1.0,-1.0,-1.0,-1.0,-1.0,-1.0,-1.0,-1.0,-1.0,-1.0,-1.0,-1.0,-1.0,-1.0,-1.0,-1.0,-1.0,-1.0,-1.0,-1.0,-1.0,-1.0,-1.0,-1.0,-1.0,-1.0,-1.0,-1.0,-1.0,-1.0,-1.0,-1.0,-1.0,-1.0,-1.0,-1.0,-1.0,-1.0,-1.0,-1.0,-1.0,-1.0,-1.0,-1.0,-1.0,-1.0,-1.0,-1.0,-1.0,-1.0,-1.0,-1.0,-1.0,-1.0,-1.0,-1.0,-1.0,-1.0,-1.0,-1.0,-1.0,-1.0,-1.0,-1.0,-1.0,-1.0,-1.0,-1.0,-1.0,-1.0,-1.0,-1.0,-1.0,-1.0,-1.0,-1.0,-1.0,-1.0,-1.0,-1.0,-1.0,-1.0,-1.0,-1.0,-1.0,-1.0,-1.0,-1.0,-1.0,-1.0,-1.0,-1.0,-1.0,-1.0,-1.0,-1.0,-1.0,-1.0,-1.0,-1.0,-1.0,-1.0,-1.0,-1.0,-1.0,-1.0,-1.0,-1.0,-1.0,-1.0,-1.0,-1.0,-1.0,-1.0,-1.0,-1.0,-1.0,-1.0,-1.0,-1.0,-1.0,-1.0,-1.0,-1.0,-1.0,-1.0,-1.0,-1.0,-1.0,-1.0,-1.0,-1.0,-1.0,-1.0,-1.0,-1.0,-1.0,-1.0,-1.0,-1.0,-1.0,-1.0,-1.0,-1.0,-1.0,-1.0,-1.0,-1.0,-1.0,-1.0,-1.0,-1.0,-1.0,-1.0,-1.0,-1.0,-1.0,-1.0,-1.0,-1.0,-1.0,-1.0,-1.0,-1.0,-1.0,-1.0,-1.0,-1.0,-1.0,-1.0,-1.0,-1.0,-1.0,-1.0,-1.0,-1.0,-1.0,-1.0,-1.0,-1.0,-1.0,-1.0,-1.0,-1.0,-1.0,-1.0,-1.0,-1.0,-1.0,-1.0,-1.0,-1.0,-1.0,-1.0,-1.0,-1.0,-1.0,-1.0,-1.0,-1.0,-1.0,-1.0,-1.0,-1.0,-1.0,-1.0,-1.0,-1.0,-1.0,-1.0,-1.0,-1.0,-1.0,-1.0,-1.0,-1.0,-1.0,-1.0,-1.0,-1.0,-1.0,-1.0,-1.0,-1.0,-1.0,-1.0,-1.0,-1.0,-1.0,-1.0,-1.0,-1.0,-1.0,-1.0,-1.0,-1.0,-1.0,-1.0,-1.0,-1.0,-1.0,-1.0,-1.0,-1.0,-1.0,-1.0,-1.0,-1.0,-1.0,-1.0,-1.0,-1.0,-1.0,-1.0,-1.0,-1.0,-1.0,-1.0,-1.0,-1.0,-1.0,-1.0,-1.0,-1.0,-1.0,-1.0,-1.0,-1.0,-1.0,-1.0,-1.0,-1.0,-1.0,-1.0,-1.0,-1.0,-1.0,-1.0,-1.0,-1.0,-1.0,-1.0,-1.0,-1.0,-1.0,-1.0,-1.0,-1.0,-1.0,-1.0,-1.0,-1.0,-1.0
1.0,1.0,1.0,1.0,1.0,1.0,1.0,1.0,1.0,1.0,1.0,1.0,1.0,1.0,1.0,1.0,1.0,1.0,1.0,1.0,1.0,1.0,1.0,1.0,1.0,1.0,1.0,1.0,1.0,1.0,1.0,1.0,1.0,1.0,1.0,1.0,1.0,1.0,1.0,1.0,1.0,1.0,1.0,1.0,1.0,1.0,1.0,1.0,1.0,1.0,1.0,1.0,1.0,1.0,1.0,1.0,1.0,1.0,1.0,1.0,1.0,1.0,1.0,1.0,1.0,1.0,1.0,1.0,1.0,1.0,1.0,1.0,1.0,1.0,1.0,1.0,1.0,1.0,1.0,1.0,1.0,1.0,1.0,1.0,1.0,1.0,1.0,1.0,1.0,1.0,1.0,1.0,1.0,1.0,1.0,1.0,1.0,1.0,1.0,1.0,1.0,1.0,1.0,1.0,1.0,1.0,1.0,1.0,1.0,1.0,1.0,1.0,1.0,1.0,1.0,1.0,1.0,1.0,1.0,1.0,1.0,1.0,1.0,1.0,1.0,1.0,1.0,1.0,1.0,1.0,1.0,1.0,1.0,1.0,1.0,1.0,1.0,1.0,1.0,1.0,1.0,1.0,1.0,1.0,1.0,1.0,1.0,1.0,1.0,1.0,1.0,1.0,1.0,1.0,1.0,1.0,1.0,1.0,1.0,1.0,1.0,1.0,1.0,1.0,1.0,1.0,1.0,1.0,1.0,1.0,1.0,1.0,1.0,1.0,1.0,1.0,1.0,1.0,1.0,1.0,1.0,1.0,1.0,1.0,1.0,1.0,1.0,1.0,1.0,1.0,1.0,1.0,1.0,1.0,1.0,1.0,1.0,1.0,1.0,1.0,1.0,1.0,1.0,1.0,1.0,1.0,1.0,1.0,1.0,1.0,1.0,1.0,1.0,1.0,1.0,1.0,1.0,1.0,1.0,1.0,1.0,1.0,1.0,1.0,1.0,1.0,1.0,1.0,1.0,1.0,1.0,1.0,1.0,1.0,1.0,1.0,1.0,1.0,1.0,1.0,1.0,1.0,1.0,1.0,1.0,1.0,1.0,1.0,1.0,1.0,1.0,1.0,1.0,1.0,1.0,1.0,1.0,1.0,1.0,1.0,1.0,1.0,1.0,1.0,1.0,1.0,1.0,1.0,1.0,1.0,1.0,1.0,1.0,1.0,1.0,1.0,1.0,1.0,1.0,1.0,1.0,1.0,1.0,1.0,1.0,1.0,1.0,1.0,1.0,1.0,1.0,1.0,1.0,1.0,1.0,1.0,1.0,1.0,1.0,1.0,1.0,1.0,1.0,1.0,1.0,1.0,1.0,1.0,1.0,1.0,1.0,1.0,1.0,1.0,1.0,1.0,1.0,1.0,1.0,1.0,1.0,1.0,1.0,1.0,1.0,1.0,1.0,1.0,1.0,1.0,1.0,1.0,1.0,1.0,1.0,1.0,1.0,1.0,1.0,1.0,1.0,1.0,1.0,1.0,1.0,1.0,1.0,1.0,1.0,1.0,1.0,1.0,1.0,1.0,1.0,1.0,1.0,1.0,1.0,1.0,1.0,1.0,1.0,1.0,1.0,1.0,1.0,1.0,1.0,1.0,1.0,1.0,1.0,1.0,1.0,1.0,1.0,1.0,1.0,1.0,1.0,1.0,1.0,1.0,1.0,1.0,1.0,1.0,1.0,1.0,1.0,1.0,1.0,1.0,1.0,1.0,1.0,1.0,1.0,1.0,1.0,1.0,1.0,1.0,1.0,1.0,1.0,1.0,1.0,1.0,1.0,1.0,1.0,1.0,1.0,1.0,1.0,1.0,1.0,1.0,1.0,1.0,1.0,1.0,1.0,1.0,1.0,1.0,1.0,1.0,1.0,1.0,1.0,1.0
1.0,1.0,1.0,1.0,1.0,1.0,1.0,1.0,1.0,1.0,1.0,1.0,1.0,1.0,1.0,1.0,1.0,1.0,1.0,1.0,1.0,1.0,1.0,1.0,1.0,1.0,1.0,1.0,1.0,1.0,1.0,1.0,1.0,1.0,1.0,1.0,1.0,1.0,1.0,1.0,1.0,1.0,1.0,1.0,1.0,1.0,1.0,1.0,1.0,1.0,1.0,1.0,1.0,1.0,1.0,1.0,1.0,1.0,1.0,1.0,1.0,1.0,1.0,1.0,1.0,1.0,1.0,1.0,1.0,1.0,1.0,1.0,1.0,1.0,1.0,1.0,1.0,1.0,1.0,1.0,1.0,1.0,1.0,1.0,1.0,1.0,1.0,1.0,1.0,1.0,1.0,1.0,1.0,1.0,1.0,1.0,1.0,1.0,1.0,1.0,1.0,1.0,1.0,1.0,1.0,1.0,1.0,1.0,1.0,1.0,1.0,1.0,1.0,1.0,1.0,1.0,1.0,1.0,1.0,1.0,1.0,1.0,1.0,1.0,1.0,1.0,1.0,1.0,1.0,1.0,1.0,1.0,1.0,1.0,1.0,1.0,1.0,1.0,1.0,1.0,1.0,1.0,1.0,1.0,1.0,1.0,1.0,1.0,1.0,1.0,1.0,1.0,1.0,1.0,1.0,1.0,1.0,1.0,1.0,1.0,1.0,1.0,1.0,1.0,1.0,1.0,1.0,1.0,1.0,1.0,1.0,1.0,1.0,1.0,1.0,1.0,1.0,1.0,1.0,1.0,1.0,1.0,1.0,1.0,1.0,1.0,1.0,1.0,1.0,1.0,1.0,1.0,1.0,1.0,1.0,1.0,1.0,1.0,1.0,1.0,1.0,1.0,1.0,1.0,1.0,1.0,1.0,1.0,1.0,1.0,1.0,1.0,1.0,1.0,1.0,1.0,1.0,1.0,1.0,1.0,1.0,1.0,1.0,1.0,1.0,1.0,1.0,1.0,1.0,1.0,1.0,1.0,1.0,1.0,1.0,1.0,1.0,1.0,1.0,1.0,1.0,1.0,1.0,1.0,1.0,1.0,1.0,1.0,1.0,1.0,1.0,1.0,1.0,1.0,1.0,1.0,1.0,1.0,1.0,1.0,1.0,1.0,1.0,1.0,1.0,1.0,1.0,1.0,1.0,1.0,1.0,1.0,1.0,1.0,1.0,1.0,1.0,1.0,1.0,1.0,1.0,1.0,1.0,1.0,1.0,1.0,1.0,1.0,1.0,1.0,1.0,1.0,1.0,1.0,1.0,1.0,1.0,1.0,1.0,1.0,1.0,1.0,1.0,1.0,1.0,1.0,1.0,1.0,1.0,1.0,1.0,1.0,1.0,1.0,1.0,1.0,1.0,1.0,1.0,1.0,1.0,1.0,1.0,1.0,1.0,1.0,1.0,1.0,1.0,1.0,1.0,1.0,1.0,1.0,1.0,1.0,1.0,1.0,1.0,1.0,1.0,1.0,1.0,1.0,1.0,1.0,1.0,1.0,1.0,1.0,1.0,1.0,1.0,1.0,1.0,1.0,1.0,1.0,1.0,1.0,1.0,1.0,1.0,1.0,1.0,1.0,1.0,1.0,1.0,1.0,1.0,1.0,1.0,1.0,1.0,1.0,1.0,1.0,1.0,1.0,1.0,1.0,1.0,1.0,1.0,1.0,1.0,1.0,1.0,1.0,1.0,1.0,1.0,1.0,1.0,1.0,1.0,1.0,1.0,1.0,1.0,1.0,1.0,1.0,1.0,1.0,1.0,1.0,1.0,1.0,1.0,1.0,1.0,1.0,1.0,1.0,1.0,1.0,1.0,1.0,1.0,1.0,1.0,1.0,1.0,1.0,1.0,1.0,1.0,1.0,1.0,1.0,1.0,1.0
-1.0,-1.0,-1.0,-1.0,-1.0,-1.0,-1.0,-1.0,-1.0,-1.0,-1.0,-1.0,-1.0,-1.0,-1.0,-1.0,-1.0,-1.0,-1.0,-1.0,-1.0,-1.0,-1.0,-1.0,-1.0,-1.0,-1.0,-1.0,-1.0,-1.0,-1.0,-1.0,-1.0,-1.0,-1.0,-1.0,-1.0,-1.0,-1.0,-1.0,-1.0,-1.0,-1.0,-1.0,-1.0,-1.0,-1.0,-1.0,-1.0,-1.0,-1.0,-1.0,-1.0,-1.0,-1.0,-1.0,-1.0,-1.0,-1.0,-1.0,-1.0,-1.0,-1.0,-1.0,-1.0,-1.0,-1.0,-1.0,-1.0,-1.0,-1.0,-1.0,-1.0,-1.0,-1.0,-1.0,-1.0,-1.0,-1.0,-1.0,-1.0,-1.0,-1.0,-1.0,-1.0,-1.0,-1.0,-1.0,-1.0,-1.0,-1.0,-1.0,-1.0,-1.0,-1.0,-1.0,-1.0,-1.0,-1.0,-1.0,-1.0,-1.0,-1.0,-1.0,-1.0,-1.0,-1.0,-1.0,-1.0,-1.0,-1.0,-1.0,-1.0,-1.0,-1.0,-1.0,-1.0,-1.0,-1.0,-1.0,-1.0,-1.0,-1.0,-1.0,-1.0,-1.0,-1.0,-1.0,-1.0,-1.0,-1.0,-1.0,-1.0,-1.0,-1.0,-1.0,-1.0,-1.0,-1.0,-1.0,-1.0,-1.0,-1.0,-1.0,-1.0,-1.0,-1.0,-1.0,-1.0,-1.0,-1.0,-1.0,-1.0,-1.0,-1.0,-1.0,-1.0,-1.0,-1.0,-1.0,-1.0,-1.0,-1.0,-1.0,-1.0,-1.0,-1.0,-1.0,-1.0,-1.0,-1.0,-1.0,-1.0,-1.0,-1.0,-1.0,-1.0,-1.0,-1.0,-1.0,-1.0,-1.0,-1.0,-1.0,-1.0,-1.0,-1.0,-1.0,-1.0,-1.0,-1.0,-1.0,-1.0,-1.0,-1.0,-1.0,-1.0,-1.0,-1.0,-1.0,-1.0,-1.0,-1.0,-1.0,-1.0,-1.0,-1.0,-1.0,-1.0,-1.0,-1.0,-1.0,-1.0,-1.0,-1.0,-1.0,-1.0,-1.0,-1.0,-1.0,-1.0,-1.0,-1.0,-1.0,-1.0,-1.0,-1.0,-1.0,-1.0,-1.0,-1.0,-1.0,-1.0,-1.0,-1.0,-1.0,-1.0,-1.0,-1.0,-1.0,-1.0,-1.0,-1.0,-1.0,-1.0,-1.0,-1.0,-1.0,-1.0,-1.0,-1.0,-1.0,-1.0,-1.0,-1.0,-1.0,-1.0,-1.0,-1.0,-1.0,-1.0,-1.0,-1.0,-1.0,-1.0,-1.0,-1.0,-1.0,-1.0,-1.0,-1.0,-1.0,-1.0,-1.0,-1.0,-1.0,-1.0,-1.0,-1.0,-1.0,-1.0,-1.0,-1.0,-1.0,-1.0,-1.0,-1.0,-1.0,-1.0,-1.0,-1.0,-1.0,-1.0,-1.0,-1.0,-1.0,-1.0,-1.0,-1.0,-1.0,-1.0,-1.0,-1.0,-1.0,-1.0,-1.0,-1.0,-1.0,-1.0,-1.0,-1.0,-1.0,-1.0,-1.0,-1.0,-1.0,-1.0,-1.0,-1.0,-1.0,-1.0,-1.0,-1.0,-1.0,-1.0,-1.0,-1.0,-1.0,-1.0,-1.0,-1.0,-1.0,-1.0,-1.0,-1.0,-1.0,-1.0,-1.0,-1.0,-1.0,-1.0,-1.0,-1.0,-1.0,-1.0,-1.0,-1.0,-1.0,-1.0,-1.0,-1.0,-1.0,-1.0,-1.0,-1.0,-1.0,-1.0,-1.0,-1.0,-1.0,-1.0,-1.0,-1.0,-1.0,-1.0,-1.0,-1.0,-1.0,-1.0,-1.0,-1.0,-1.0,-1.0,-1.0,-1.0,-1.0,-1.0,-1.0,-1.0,-1.0,-1.0,-1.0,-1.0,-1.0,-1.0,-1.0,-1.0,-1.0,-1.0,-1.0,-1.0,-1.0,-1.0,-1.0,-1.0,-1.0,-1.0,-1.0,-1.0,-1.0,-1.0,-1.0,-1.0,-1.0,-1.0,-1.0,-1.0,-1.0,-1.0,-1.0,-1.0,-1.0,-1.0,-1.0,-1.0,-1.0,-1.0,-1.0,-1.0,-1.0,-1.0,-1.0,-1.0,-1.0,-1.0,-1.0,-1.0,-1.0,-1.0,-1.0,-1.0,-1.0,-1.0,-1.0
1.0,1.0,1.0,1.0,1.0,1.0,1.0,1.0,1.0,1.0,1.0,1.0,1.0,1.0,1.0,1.0,1.0,1.0,1.0,1.0,1.0,1.0,1.0,1.0,1.0,1.0,1.0,1.0,1.0,1.0,1.0,1.0,1.0,1.0,1.0,1.0,1.0,1.0,1.0,1.0,1.0,1.0,1.0,1.0,1.0,1.0,1.0,1.0,1.0,1.0,1.0,1.0,1.0,1.0,1.0,1.0,1.0,1.0,1.0,1.0,1.0,1.0,1.0,1.0,1.0,1.0,1.0,1.0,1.0,1.0,1.0,1.0,1.0,1.0,1.0,1.0,1.0,1.0,1.0,1.0,1.0,1.0,1.0,1.0,1.0,1.0,1.0,1.0,1.0,1.0,1.0,1.0,1.0,1.0,1.0,1.0,1.0,1.0,1.0,1.0,1.0,1.0,1.0,1.0,1.0,1.0,1.0,1.0,1.0,1.0,1.0,1.0,1.0,1.0,1.0,1.0,1.0,1.0,1.0,1.0,1.0,1.0,1.0,1.0,1.0,1.0,1.0,1.0,1.0,1.0,1.0,1.0,1.0,1.0,1.0,1.0,1.0,1.0,1.0,1.0,1.0,1.0,1.0,1.0,1.0,1.0,1.0,1.0,1.0,1.0,1.0,1.0,1.0,1.0,1.0,1.0,1.0,1.0,1.0,1.0,1.0,1.0,1.0,1.0,1.0,1.0,1.0,1.0,1.0,1.0,1.0,1.0,1.0,1.0,1.0,1.0,1.0,1.0,1.0,1.0,1.0,1.0,1.0,1.0,1.0,1.0,1.0,1.0,1.0,1.0,1.0,1.0,1.0,1.0,1.0,1.0,1.0,1.0,1.0,1.0,1.0,1.0,1.0,1.0,1.0,1.0,1.0,1.0,1.0,1.0,1.0,1.0,1.0,1.0,1.0,1.0,1.0,1.0,1.0,1.0,1.0,1.0,1.0,1.0,1.0,1.0,1.0,1.0,1.0,1.0,1.0,1.0,1.0,1.0,1.0,1.0,1.0,1.0,1.0,1.0,1.0,1.0,1.0,1.0,1.0,1.0,1.0,1.0,1.0,1.0,1.0,1.0,1.0,1.0,1.0,1.0,1.0,1.0,1.0,1.0,1.0,1.0,1.0,1.0,1.0,1.0,1.0,1.0,1.0,1.0,1.0,1.0,1.0,1.0,1.0,1.0,1.0,1.0,1.0,1.0,1.0,1.0,1.0,1.0,1.0,1.0,1.0,1.0,1.0,1.0,1.0,1.0,1.0,1.0,1.0,1.0,1.0,1.0,1.0,1.0,1.0,1.0,1.0,1.0,1.0,1.0,1.0,1.0,1.0,1.0,1.0,1.0,1.0,1.0,1.0,1.0,1.0,1.0,1.0,1.0,1.0,1.0,1.0,1.0,1.0,1.0,1.0,1.0,1.0,1.0,1.0,1.0,1.0,1.0,1.0,1.0,1.0,1.0,1.0,1.0,1.0,1.0,1.0,1.0,1.0,1.0,1.0,1.0,1.0,1.0,1.0,1.0,1.0,1.0,1.0,1.0,1.0,1.0,1.0,1.0,1.0,1.0,1.0,1.0,1.0,1.0,1.0,1.0,1.0,1.0,1.0,1.0,1.0,1.0,1.0,1.0,1.0,1.0,1.0,1.0,1.0,1.0,1.0,1.0,1.0,1.0,1.0,1.0,1.0,1.0,1.0,1.0,1.0,1.0,1.0,1.0,1.0,1.0,1.0,1.0,1.0,1.0,1.0,1.0,1.0,1.0,1.0,1.0,1.0,1.0,1.0,1.0,1.0,1.0,1.0,1.0,1.0,1.0,1.0,1.0,1.0,1.0,1.0,1.0,1.0,1.0,1.0,1.0,1.0,1.0,1.0,1.0,1.0,1.0
-0.20210143799804098,-0.20210143799804098,-0.20210143799804098,-0.20210143799804098,-0.20210143799804098,-0.20210143799804098,-0.20210143799804098,-0.20210143799804098,-0.20210143799804098,-0.20210143799804098,-0.20210143799804098,-0.20210143799804098,-0.20210143799804098,-0.20210143799804098,-0.20210143799804098,-0.20210143799804098,-0.20210143799804098,-0.20210143799804098,-0.20210143799804098,-0.20210143799804098,-0.20210143799804098,-0.20210143799804098,-0.20210143799804098,-0.20210143799804098,-0.20210143799804098,-0.20210143799804098,-0.20210143799804098,-0.20210143799804098,-0.20210143799804098,-0.20210143799804098,-0.20210143799804098,-0.20210143799804098,-0.20210143799804098,-0.20210143799804098,-0.20210143799804098,-0.20210143799804098,-0.20210143799804098,-0.20210143799804098,-0.20210143799804098,-0.20210143799804098,-0.20210143799804098,-0.20210143799804098,-0.20210143799804098,-0.20210143799804098,-0.20210143799804098,-0.20210143799804098,-0.20210143799804098,-0.20210143799804098,-0.20210143799804098,-0.20210143799804098,-0.20210143799804098,-0.20210143799804098,-0.20210143799804098,-0.20210143799804098,-0.20210143799804098,-0.20210143799804098,-0.20210143799804098,-0.20210143799804098,-0.20210143799804098,-0.20210143799804098,-0.20210143799804098,-0.20210143799804098,-0.20210143799804098,-0.20210143799804098,-0.20210143799804098,-0.20210143799804098,-0.20210143799804098,-0.20210143799804098,-0.20210143799804098,-0.20210143799804098,-0.20210143799804098,-0.20210143799804098,-0.20210143799804098,-0.20210143799804098,-0.20210143799804098,-0.20210143799804098,-0.20210143799804098,-0.20210143799804098,-0.20210143799804098,-0.20210143799804098,-0.20210143799804098,-0.20210143799804098,-0.20210143799804098,-0.20210143799804098,-0.20210143799804098,-0.20210143799804098,-0.20210143799804098,-0.20210143799804098,-0.20210143799804098,-0.20210143799804098,-0.20210143799804098,-0.20210143799804098,-0.20210143799804098,-0.20210143799804098,-0.20210143799804098,-0.20210143799804098,-0.20210143799804098,-0.20210143799804098,-0.20210143799804098,-0.20210143799804098,-0.20210143799804098,-0.20210143799804098,-0.20210143799804098,-0.20210143799804098,-0.20210143799804098,-0.20210143799804098,-0.20210143799804098,-0.20210143799804098,-0.20210143799804098,-0.20210143799804098,-0.20210143799804098,-0.20210143799804098,-0.20210143799804098,-0.20210143799804098,-0.20210143799804098,-0.20210143799804098,-0.20210143799804098,-0.20210143799804098,-0.20210143799804098,-0.20210143799804098,-0.20210143799804098,-0.20210143799804098,-0.20210143799804098,-0.20210143799804098,-0.20210143799804098,-0.20210143799804098,-0.20210143799804098,-0.20210143799804098,-0.20210143799804098,-0.20210143799804098,-0.20210143799804098,-0.20210143799804098,-0.20210143799804098,-0.20210143799804098,-0.20210143799804098,-0.20210143799804098,-0.20210143799804098,-0.20210143799804098,-0.20210143799804098,-0.20210143799804098,-0.20210143799804098,-0.20210143799804098,-0.20210143799804098,-0.20210143799804098,-0.20210143799804098,-0.20210143799804098,-0.20210143799804098,-0.20210143799804098,-0.20210143799804098,-0.20210143799804098,-0.20210143799804098,-0.20210143799804098,-0.20210143799804098,-0.20210143799804098,-0.20210143799804098,-0.20210143799804098,-0.20210143799804098,-0.20210143799804098,-0.20210143799804098,-0.20210143799804098,-0.20210143799804098,-0.20210143799804098,-0.20210143799804098,-0.20210143799804098,-0.20210143799804098,-0.20210143799804098,-0.20210143799804098,-0.20210143799804098,-0.20210143799804098,-0.20210143799804098,-0.20210143799804098,-0.20210143799804098,-0.20210143799804098,-0.20210143799804098,-0.20210143799804098,-0.20210143799804098,-0.20210143799804098,-0.20210143799804098,-0.20210143799804098,-0.20210143799804098,-0.20210143799804098,-0.20210143799804098,-0.20210143799804098,-0.20210143799804098,-0.20210143799804098,-0.20210143799804098,-0.20210143799804098,-0.20210143799804098,-0.20210143799804098,-0.20210143799804098,-0.20210143799804098,-0.20210143799804098,-0.20210143799804098,-0.20210143799804098,-0.20210143799804098,-0.20210143799804098,-0.20210143799804098,-0.20210143799804098,-0.20210143799804098,-0.20210143799804098,-0.20210143799804098,-0.20210143799804098,-0.20210143799804098,-0.20210143799804098,-0.20210143799804098,-0.20210143799804098,-0.20210143799804098,-0.20210143799804098,-0.20210143799804098,-0.20210143799804098,-0.20210143799804098,-0.20210143799804098,-0.20210143799804098,-0.20210143799804098,-0.20210143799804098,-0.20210143799804098,-0.20210143799804098,-0.20210143799804098,-0.20210143799804098,-0.20210143799804098,-0.20210143799804098,-0.20210143799804098,-0.20210143799804098,-0.20210143799804098,-0.20210143799804098,-0.20210143799804098,-0.20210143799804098,-0.20210143799804098,-0.20210143799804098,-0.20210143799804098,-0.20210143799804098,-0.20210143799804098,-0.20210143799804098,-0.20210143799804098,-0.20210143799804098,-0.20210143799804098,-0.20210143799804098,-0.20210143799804098,-0.20210143799804098,-0.20210143799804098,-0.20210143799804098,-0.20210143799804098,-0.20210143799804098,-0.20210143799804098,-0.20210143799804098,-0.20210143799804098,-0.20210143799804098,-0.20210143799804098,-0.20210143799804098,-0.20210143799804098,-0.20210143799804098,-0.20210143799804098,-0.20210143799804098,-0.20210143799804098,-0.20210143799804098,-0.20210143799804098,-0.20210143799804098,-0.20210143799804098,-0.20210143799804098,-0.20210143799804098,-0.20210143799804098,-0.20210143799804098,-0.20210143799804098,-0.20210143799804098,-0.20210143799804098,-0.20210143799804098,-0.20210143799804098,-0.20210143799804098,-0.20210143799804098,-0.20210143799804098,-0.20210143799804098,-0.20210143799804098,-0.20210143799804098,-0.20210143799804098,-0.20210143799804098,-0.20210143799804098,-0.20210143799804098,-0.20210143799804098,-0.20210143799804098,-0.20210143799804098,-0.20210143799804098,-0.20210143799804098,-0.20210143799804098,-0.20210143799804098,-0.20210143799804098,-0.20210143799804098,-0.20210143799804098,-0.20210143799804098,-0.20210143799804098,-0.20210143799804098,-0.20210143799804098,-0.20210143799804098,-0.20210143799804098,-0.20210143799804098,-0.20210143799804098,-0.20210143799804098,-0.20210143799804098,-0.20210143799804098,-0.20210143799804098,-0.20210143799804098,-0.20210143799804098,-0.20210143799804098,-0.20210143799804098,-0.20210143799804098,-0.20210143799804098,-0.20210143799804098,-0.20210143799804098,-0.20210143799804098,-0.20210143799804098,-0.20210143799804098,-0.20210143799804098,-0.20210143799804098,-0.20210143799804098,-0.20210143799804098,-0.20210143799804098,-0.20210143799804098,-0.20210143799804098,-0.20210143799804098,-0.20210143799804098,-0.20210143799804098,-0.20210143799804098,-0.20210143799804098,-0.20210143799804098,-0.20210143799804098,-0.20210143799804098,-0.20210143799804098,-0.20210143799804098,-0.20210143799804098,-0.20210143799804098,-0.20210143799804098,-0.20210143799804098,-0.20210143799804098,-0.20210143799804098,-0.20210143799804098,-0.20210143799804098,-0.20210143799804098,-0.20210143799804098,-0.20210143799804098,-0.20210143799804098,-0.20210143799804098,-0.20210143799804098,-0.20210143799804098,-0.20210143799804098,-0.20210143799804098,-0.20210143799804098,-0.20210143799804098,-0.20210143799804098,-0.20210143799804098,-0.20210143799804098,-0.20210143799804098,-0.20210143799804098,-0.20210143799804098,-0.20210143799804098,-0.20210143799804098,-0.20210143799804098,-0.20210143799804098,-0.20210143799804098,-0.20210143799804098,-0.20210143799804098,-0.20210143799804098,-0.20210143799804098,-0.20210143799804098,-0.20210143799804098,-0.20210143799804098,-0.20210143799804098,-0.20210143799804098,-0.20210143799804098,-0.20210143799804098,-0.20210143799804098,-0.20210143799804098,-0.20210143799804098,-0.20210143799804098,-0.20210143799804098,-0.20210143799804098,-0.20210143799804098,-0.20210143799804098,-0.20210143799804098,-0.20210143799804098,-0.20210143799804098,-0.20210143799804098,-0.20210143799804098,-0.20210143799804098,-0.20210143799804098,-0.20210143799804098,-0.20210143799804098,-0.20210143799804098,-0.20210143799804098,-0.20210143799804098,-0.20210143799804098,-0.20210143799804098,-0.20210143799804098,-0.20210143799804098,-0.20210143799804098,-0.20210143799804098,-0.20210143799804098,-0.20210143799804098,-0.20210143799804098,-0.20210143799804098,-0.20210143799804098,-0.20210143799804098,-0.20210143799804098,-0.20210143799804098,-0.20210143799804098,-0.20210143799804098,-0.20210143799804098,-0.20210143799804098,-0.20210143799804098,-0.20210143799804098,-0.20210143799804098,-0.20210143799804098,-0.20210143799804098,-0.20210143799804098,-0.20210143799804098,-0.20210143799804098,-0.20210143799804098,-0.20210143799804098,-0.20210143799804098,-0.20210143799804098,-0.20210143799804098,-0.20210143799804098,-0.20210143799804098,-0.20210143799804098,-0.20210143799804098,-0.20210143799804098,-0.20210143799804098,-0.20210143799804098,-0.20210143799804098,-0.20210143799804098,-0.20210143799804098,-0.20210143799804098,-0.20210143799804098,-0.20210143799804098,-0.20210143799804098,-0.20210143799804098
-0.5497201935621738,-0.5497201935621738,-0.5497201935621738,-0.5497201935621738,-0.5497201935621738,-0.5497201935621738,-0.5497201935621738,-0.5497201935621738,-0.5497201935621738,-0.5497201935621738,-0.5497201935621738,-0.5497201935621738,-0.5497201935621738,-0.5497201935621738,-0.5497201935621738,-0.5497201935621738,-0.5497201935621738,-0.5497201935621738,-0.5497201935621738,-0.5497201935621738,-0.5497201935621738,-0.5497201935621738,-0.5497201935621738,-0.5497201935621738,-0.5497201935621738,-0.5497201935621738,-0.5497201935621738,-0.5497201935621738,-0.5497201935621738,-0.5497201935621738,-0.5497201935621738,-0.5497201935621738,-0.5497201935621738,-0.5497201935621738,-0.5497201935621738,-0.5497201935621738,-0.5497201935621738,-0.5497201935621738,-0.5497201935621738,-0.5497201935621738,-0.5497201935621738,-0.5497201935621738,-0.5497201935621738,-0.5497201935621738,-0.5497201935621738,-0.5497201935621738,-0.5497201935621738,-0.5497201935621738,-0.5497201935621738,-0.5497201935621738,-0.5497201935621738,-0.5497201935621738,-0.5497201935621738,-0.5497201935621738,-0.5497201935621738,-0.5497201935621738,-0.5497201935621738,-0.5497201935621738,-0.5497201935621738,-0.5497201935621738,-0.5497201935621738,-0.5497201935621738,-0.5497201935621738,-0.5497201935621738,-0.5497201935621738,-0.5497201935621738,-0.5497201935621738,-0.5497201935621738,-0.5497201935621738,-0.5497201935621738,-0.5497201935621738,-0.5497201935621738,-0.5497201935621738,-0.5497201935621738,-0.5497201935621738,-0.5497201935621738,-0.5497201935621738,-0.5497201935621738,-0.5497201935621738,-0.5497201935621738,-0.5497201935621738,-0.5497201935621738,-0.5497201935621738,-0.5497201935621738,-0.5497201935621738,-0.5497201935621738,-0.5497201935621738,-0.5497201935621738,-0.5497201935621738,-0.5497201935621738,-0.5497201935621738,-0.5497201935621738,-0.5497201935621738,-0.5497201935621738,-0.5497201935621738,-0.5497201935621738,-0.5497201935621738,-0.5497201935621738,-0.5497201935621738,-0.5497201935621738,-0.5497201935621738,-0.5497201935621738,-0.5497201935621738,-0.5497201935621738,-0.5497201935621738,-0.5497201935621738,-0.5497201935621738,-0.5497201935621738,-0.5497201935621738,-0.5497201935621738,-0.5497201935621738,-0.5497201935621738,-0.5497201935621738,-0.5497201935621738,-0.5497201935621738,-0.5497201935621738,-0.5497201935621738,-0.5497201935621738,-0.5497201935621738,-0.5497201935621738,-0.5497201935621738,-0.5497201935621738,-0.5497201935621738,-0.5497201935621738,-0.5497201935621738,-0.5497201935621738,-0.5497201935621738,-0.5497201935621738,-0.5497201935621738,-0.5497201935621738,-0.5497201935621738,-0.5497201935621738,-0.5497201935621738,-0.5497201935621738,-0.5497201935621738,-0.5497201935621738,-0.5497201935621738,-0.5497201935621738,-0.5497201935621738,-0.5497201935621738,-0.5497201935621738,-0.5497201935621738,-0.5497201935621738,-0.5497201935621738,-0.5497201935621738,-0.5497201935621738,-0.5497201935621738,-0.5497201935621738,-0.5497201935621738,-0.5497201935621738,-0.5497201935621738,-0.5497201935621738,-0.5497201935621738,-0.5497201935621738,-0.5497201935621738,-0.5497201935621738,-0.5497201935621738,-0.5497201935621738,-0.5497201935621738,-0.5497201935621738,-0.5497201935621738,-0.5497201935621738,-0.5497201935621738,-0.5497201935621738,-0.5497201935621738,-0.5497201935621738,-0.5497201935621738,-0.5497201935621738,-0.5497201935621738,-0.5497201935621738,-0.5497201935621738,-0.5497201935621738,-0.5497201935621738,-0.5497201935621738,-0.5497201935621738,-0.5497201935621738,-0.5497201935621738,-0.5497201935621738,-0.5497201935621738,-0.5497201935621738,-0.5497201935621738,-0.5497201935621738,-0.5497201935621738,-0.5497201935621738,-0.5497201935621738,-0.5497201935621738,-0.5497201935621738,-0.5497201935621738,-0.5497201935621738,-0.5497201935621738,-0.5497201935621738,-0.5497201935621738,-0.5497201935621738,-0.5497201935621738,-0.5497201935621738,-0.5497201935621738,-0.5497201935621738,-0.5497201935621738,-0.5497201935621738,-0.5497201935621738,-0.5497201935621738,-0.5497201935621738,-0.5497201935621738,-0.5497201935621738,-0.5497201935621738,-0.5497201935621738,-0.5497201935621738,-0.5497201935621738,-0.5497201935621738,-0.5497201935621738,-0.5497201935621738,-0.5497201935621738,-0.5497201935621738,-0.5497201935621738,-0.5497201935621738,-0.5497201935621738,-0.5497201935621738,-0.5497201935621738,-0.5497201935621738,-0.5497201935621738,-0.5497201935621738,-0.5497201935621738,-0.5497201935621738,-0.5497201935621738,-0.5497201935621738,-0.5497201935621738,-0.5497201935621738,-0.5497201935621738,-0.5497201935621738,-0.5497201935621738,-0.5497201935621738,-0.5497201935621738,-0.5497201935621738,-0.5497201935621738,-0.5497201935621738,-0.5497201935621738,-0.5497201935621738,-0.5497201935621738,-0.5497201935621738,-0.5497201935621738,-0.5497201935621738,-0.5497201935621738,-0.5497201935621738,-0.5497201935621738,-0.5497201935621738,-0.5497201935621738,-0.5497201935621738,-0.5497201935621738,-0.5497201935621738,-0.5497201935621738,-0.5497201935621738,-0.5497201935621738,-0.5497201935621738,-0.5497201935621738,-0.5497201935621738,-0.5497201935621738,-0.5497201935621738,-0.5497201935621738,-0.5497201935621738,-0.5497201935621738,-0.5497201935621738,-0.5497201935621738,-0.5497201935621738,-0.5497201935621738,-0.5497201935621738,-0.5497201935621738,-0.5497201935621738,-0.5497201935621738,-0.5497201935621738,-0.5497201935621738,-0.5497201935621738,-0.5497201935621738,-0.5497201935621738,-0.5497201935621738,-0.5497201935621738,-0.5497201935621738,-0.5497201935621738,-0.5497201935621738,-0.5497201935621738,-0.5497201935621738,-0.5497201935621738,-0.5497201935621738,-0.5497201935621738,-0.5497201935621738,-0.5497201935621738,-0.5497201935621738,-0.5497201935621738,-0.5497201935621738,-0.5497201935621738,-0.5497201935621738,-0.5497201935621738,-0.5497201935621738,-0.5497201935621738,-0.5497201935621738,-0.5497201935621738,-0.5497201935621738,-0.5497201935621738,-0.5497201935621738,-0.5497201935621738,-0.5497201935621738,-0.5497201935621738,-0.5497201935621738,-0.5497201935621738,-0.5497201935621738,-0.5497201935621738,-0.5497201935621738,-0.5497201935621738,-0.5497201935621738,-0.5497201935621738,-0.5497201935621738,-0.5497201935621738,-0.5497201935621738,-0.5497201935621738,-0.5497201935621738,-0.5497201935621738,-0.5497201935621738,-0.5497201935621738,-0.5497201935621738,-0.5497201935621738,-0.5497201935621738,-0.5497201935621738,-0.5497201935621738,-0.5497201935621738,-0.5497201935621738,-0.5497201935621738,-0.5497201935621738,-0.5497201935621738,-0.5497201935621738,-0.5497201935621738,-0.5497201935621738,-0.5497201935621738,-0.5497201935621738,-0.5497201935621738,-0.5497201935621738,-0.5497201935621738,-0.5497201935621738,-0.5497201935621738,-0.5497201935621738,-0.5497201935621738,-0.5497201935621738,-0.5497201935621738,-0.5497201935621738,-0.5497201935621738,-0.5497201935621738,-0.5497201935621738,-0.5497201935621738,-0.5497201935621738,-0.5497201935621738,-0.5497201935621738,-0.5497201935621738,-0.5497201935621738,-0.5497201935621738,-0.5497201935621738,-0.5497201935621738,-0.5497201935621738,-0.5497201935621738,-0.5497201935621738,-0.5497201935621738,-0.5497201935621738,-0.5497201935621738,-0.5497201935621738,-0.5497201935621738,-0.5497201935621738,-0.5497201935621738,-0.5497201935621738,-0.5497201935621738,-0.5497201935621738,-0.5497201935621738,-0.5497201935621738,-0.5497201935621738,-0.5497201935621738,-0.5497201935621738,-0.5497201935621738,-0.5497201935621738,-0.5497201935621738,-0.5497201935621738,-0.5497201935621738,-0.5497201935621738,-0.5497201935621738,-0.5497201935621738,-0.5497201935621738,-0.5497201935621738,-0.5497201935621738,-0.5497201935621738,-0.5497201935621738,-0.5497201935621738,-0.5497201935621738,-0.5497201935621738,-0.5497201935621738,-0.5497201935621738,-0.5497201935621738,-0.5497201935621738,-0.5497201935621738,-0.5497201935621738,-0.5497201935621738,-0.5497201935621738,-0.5497201935621738,-0.5497201935621738,-0.5497201935621738,-0.5497201935621738,-0.5497201935621738,-0.5497201935621738,-0.5497201935621738,-0.5497201935621738,-0.5497201935621738,-0.5497201935621738,-0.5497201935621738,-0.5497201935621738,-0.5497201935621738,-0.5497201935621738,-0.5497201935621738,-0.5497201935621738,-0.5497201935621738,-0.5497201935621738,-0.5497201935621738,-0.5497201935621738,-0.5497201935621738,-0.5497201935621738,-0.5497201935621738,-0.5497201935621738,-0.5497201935621738,-0.5497201935621738,-0.5497201935621738,-0.5497201935621738,-0.5497201935621738,-0.5497201935621738,-0.5497201935621738,-0.5497201935621738,-0.5497201935621738,-0.5497201935621738,-0.5497201935621738,-0.5497201935621738,-0.5497201935621738,-0.5497201935621738
-0.6642602496375195,-0.6642602496375195,-0.6642602496375195,-0.6642602496375195,-0.6642602496375195,-0.6642602496375195,-0.6642602496375195,-0.6642602496375195,-0.6642602496375195,-0.6642602496375195,-0.6642602496375195,-0.6642602496375195,-0.6642602496375195,-0.6642602496375195,-0.6642602496375195,-0.6642602496375195,-0.6642602496375195,-0.6642602496375195,-0.6642602496375195,-0.6642602496375195,-0.6642602496375195,-0.6642602496375195,-0.6642602496375195,-0.6642602496375195,-0.6642602496375195,-0.6642602496375195,-0.6642602496375195,-0.6642602496375195,-0.6642602496375195,-0.6642602496375195,-0.6642602496375195,-0.6642602496375195,-0.6642602496375195,-0.6642602496375195,-0.6642602496375195,-0.6642602496375195,-0.6642602496375195,-0.6642602496375195,-0.6642602496375195,-0.6642602496375195,-0.6642602496375195,-0.6642602496375195,-0.6642602496375195,-0.6642602496375195,-0.6642602496375195,-0.6642602496375195,-0.6642602496375195,-0.6642602496375195,-0.6642602496375195,-0.6642602496375195,-0.6642602496375195,-0.6642602496375195,-0.6642602496375195,-0.6642602496375195,-0.6642602496375195,-0.6642602496375195,-0.6642602496375195,-0.6642602496375195,-0.6642602496375195,-0.6642602496375195,-0.6642602496375195,-0.6642602496375195,-0.6642602496375195,-0.6642602496375195,-0.6642602496375195,-0.6642602496375195,-0.6642602496375195,-0.6642602496375195,-0.6642602496375195,-0.6642602496375195,-0.6642602496375195,-0.6642602496375195,-0.6642602496375195,-0.6642602496375195,-0.6642602496375195,-0.6642602496375195,-0.6642602496375195,-0.6642602496375195,-0.6642602496375195,-0.6642602496375195,-0.6642602496375195,-0.6642602496375195,-0.6642602496375195,-0.6642602496375195,-0.6642602496375195,-0.6642602496375195,-0.6642602496375195,-0.6642602496375195,-0.6642602496375195,-0.6642602496375195,-0.6642602496375195,-0.6642602496375195,-0.6642602496375195,-0.6642602496375195,-0.6642602496375195,-0.6642602496375195,-0.6642602496375195,-0.6642602496375195,-0.6642602496375195,-0.6642602496375195,-0.6642602496375195,-0.6642602496375195,-0.6642602496375195,-0.6642602496375195,-0.6642602496375195,-0.6642602496375195,-0.6642602496375195,-0.6642602496375195,-0.6642602496375195,-0.6642602496375195,-0.6642602496375195,-0.6642602496375195,-0.6642602496375195,-0.6642602496375195,-0.6642602496375195,-0.6642602496375195,-0.6642602496375195,-0.6642602496375195,-0.6642602496375195,-0.6642602496375195,-0.6642602496375195,-0.6642602496375195,-0.6642602496375195,-0.6642602496375195,-0.6642602496375195,-0.6642602496375195,-0.6642602496375195,-0.6642602496375195,-0.6642602496375195,-0.6642602496375195,-0.6642602496375195,-0.6642602496375195,-0.6642602496375195,-0.6642602496375195,-0.6642602496375195,-0.6642602496375195,-0.6642602496375195,-0.6642602496375195,-0.6642602496375195,-0.6642602496375195,-0.6642602496375195,-0.6642602496375195,-0.6642602496375195,-0.6642602496375195,-0.6642602496375195,-0.6642602496375195,-0.6642602496375195,-0.6642602496375195,-0.6642602496375195,-0.6642602496375195,-0.6642602496375195,-0.6642602496375195,-0.6642602496375195,-0.6642602496375195,-0.6642602496375195,-0.6642602496375195,-0.6642602496375195,-0.6642602496375195,-0.6642602496375195,-0.6642602496375195,-0.6642602496375195,-0.6642602496375195,-0.6642602496375195,-0.6642602496375195,-0.6642602496375195,-0.6642602496375195,-0.6642602496375195,-0.6642602496375195,-0.6642602496375195,-0.6642602496375195,-0.6642602496375195,-0.6642602496375195,-0.6642602496375195,-0.6642602496375195,-0.6642602496375195,-0.6642602496375195,-0.6642602496375195,-0.6642602496375195,-0.6642602496375195,-0.6642602496375195,-0.6642602496375195,-0.6642602496375195,-0.6642602496375195,-0.6642602496375195,-0.6642602496375195,-0.6642602496375195,-0.6642602496375195,-0.6642602496375195,-0.6642602496375195,-0.6642602496375195,-0.6642602496375195,-0.6642602496375195,-0.6642602496375195,-0.6642602496375195,-0.6642602496375195,-0.6642602496375195,-0.6642602496375195,-0.6642602496375195,-0.6642602496375195,-0.6642602496375195,-0.6642602496375195,-0.6642602496375195,-0.6642602496375195,-0.6642602496375195,-0.6642602496375195,-0.6642602496375195,-0.6642602496375195,-0.6642602496375195,-0.6642602496375195,-0.6642602496375195,-0.6642602496375195,-0.6642602496375195,-0.6642602496375195,-0.6642602496375195,-0.6642602496375195,-0.6642602496375195,-0.6642602496375195,-0.6642602496375195,-0.6642602496375195,-0.6642602496375195,-0.6642602496375195,-0.6642602496375195,-0.6642602496375195,-0.6642602496375195,-0.6642602496375195,-0.6642602496375195,-0.6642602496375195,-0.6642602496375195,-0.6642602496375195,-0.6642602496375195,-0.6642602496375195,-0.6642602496375195,-0.6642602496375195,-0.6642602496375195,-0.6642602496375195,-0.6642602496375195,-0.6642602496375195,-0.6642602496375195,-0.6642602496375195,-0.6642602496375195,-0.6642602496375195,-0.6642602496375195,-0.6642602496375195,-0.6642602496375195,-0.6642602496375195,-0.6642602496375195,-0.6642602496375195,-0.6642602496375195,-0.6642602496375195,-0.6642602496375195,-0.6642602496375195,-0.6642602496375195,-0.6642602496375195,-0.6642602496375195,-0.6642602496375195,-0.6642602496375195,-0.6642602496375195,-0.6642602496375195,-0.6642602496375195,-0.6642602496375195,-0.6642602496375195,-0.6642602496375195,-0.6642602496375195,-0.6642602496375195,-0.6642602496375195,-0.6642602496375195,-0.6642602496375195,-0.6642602496375195,-0.6642602496375195,-0.6642602496375195,-0.6642602496375195,-0.6642602496375195,-0.6642602496375195,-0.6642602496375195,-0.6642602496375195,-0.6642602496375195,-0.6642602496375195,-0.6642602496375195,-0.6642602496375195,-0.6642602496375195,-0.6642602496375195,-0.6642602496375195,-0.6642602496375195,-0.6642602496375195,-0.6642602496375195,-0.6642602496375195,-0.6642602496375195,-0.6642602496375195,-0.6642602496375195,-0.6642602496375195,-0.6642602496375195,-0.6642602496375195,-0.6642602496375195,-0.6642602496375195,-0.6642602496375195,-0.6642602496375195,-0.6642602496375195,-0.6642602496375195,-0.6642602496375195,-0.6642602496375195,-0.6642602496375195,-0.6642602496375195,-0.6642602496375195,-0.6642602496375195,-0.6642602496375195,-0.6642602496375195,-0.6642602496375195,-0.6642602496375195,-0.6642602496375195,-0.6642602496375195,-0.6642602496375195,-0.6642602496375195,-0.6642602496375195,-0.6642602496375195,-0.6642602496375195,-0.6642602496375195,-0.6642602496375195,-0.6642602496375195,-0.6642602496375195,-0.6642602496375195,-0.6642602496375195,-0.6642602496375195,-0.6642602496375195,-0.6642602496375195,-0.6642602496375195,-0.6642602496375195,-0.6642602496375195,-0.6642602496375195,-0.6642602496375195,-0.6642602496375195,-0.6642602496375195,-0.6642602496375195,-0.6642602496375195,-0.6642602496375195,-0.6642602496375195,-0.6642602496375195,-0.6642602496375195,-0.6642602496375195,-0.6642602496375195,-0.6642602496375195,-0.6642602496375195,-0.6642602496375195,-0.6642602496375195,-0.6642602496375195,-0.6642602496375195,-0.6642602496375195,-0.6642602496375195,-0.6642602496375195,-0.6642602496375195,-0.6642602496375195,-0.6642602496375195,-0.6642602496375195,-0.6642602496375195,-0.6642602496375195,-0.6642602496375195,-0.6642602496375195,-0.6642602496375195,-0.6642602496375195,-0.6642602496375195,-0.6642602496375195,-0.6642602496375195,-0.6642602496375195,-0.6642602496375195,-0.6642602496375195,-0.6642602496375195,-0.6642602496375195,-0.6642602496375195,-0.6642602496375195,-0.6642602496375195,-0.6642602496375195,-0.6642602496375195,-0.6642602496375195,-0.6642602496375195,-0.6642602496375195,-0.6642602496375195,-0.6642602496375195,-0.6642602496375195,-0.6642602496375195,-0.6642602496375195,-0.6642602496375195,-0.6642602496375195,-0.6642602496375195,-0.6642602496375195,-0.6642602496375195,-0.6642602496375195,-0.6642602496375195,-0.6642602496375195,-0.6642602496375195,-0.6642602496375195,-0.6642602496375195,-0.6642602496375195,-0.6642602496375195,-0.6642602496375195,-0.6642602496375195,-0.6642602496375195,-0.6642602496375195,-0.6642602496375195,-0.6642602496375195,-0.6642602496375195,-0.6642602496375195,-0.6642602496375195,-0.6642602496375195,-0.6642602496375195,-0.6642602496375195,-0.6642602496375195,-0.6642602496375195,-0.6642602496375195,-0.6642602496375195,-0.6642602496375195,-0.6642602496375195,-0.6642602496375195,-0.6642602496375195,-0.6642602496375195,-0.6642602496375195,-0.6642602496375195,-0.6642602496375195,-0.6642602496375195,-0.6642602496375195,-0.6642602496375195,-0.6642602496375195,-0.6642602496375195,-0.6642602496375195,-0.6642602496375195,-0.6642602496375195,-0.6642602496375195,-0.6642602496375195,-0.6642602496375195,-0.6642602496375195,-0.6642602496375195,-0.6642602496375195,-0.6642602496375195,-0.6642602496375195,-0.6642602496375195,-0.6642602496375195
1.0,1.0,1.0,1.0,1.0,1.0,1.0,1.0,1.0,1.0,1.0,1.0,1.0,1.0,1.0,1.0,1.0,1.0,1.0,1.0,1.0,1.0,1.0,1.0,1.0,1.0,1.0,1.0,1.0,1.0,1.0,1.0,1.0,1.0,1.0,1.0,1.0,1.0,1.0,1.0,1.0,1.0,1.0,1.0,1.0,1.0,1.0,1.0,1.0,1.0,1.0,1.0,1.0,1.0,1.0,1.0,1.0,1.0,1.0,1.0,1.0,1.0,1.0,1.0,1.0,1.0,1.0,1.0,1.0,1.0,1.0,1.0,1.0,1.0,1.0,1.0,1.0,1.0,1.0,1.0,1.0,1.0,1.0,1.0,1.0,1.0,1.0,1.0,1.0,1.0,1.0,1.0,1.0,1.0,1.0,1.0,1.0,1.0,1.0,1.0,1.0,1.0,1.0,1.0,1.0,1.0,1.0,1.0,1.0,1.0,1.0,1.0,1.0,1.0,1.0,1.0,1.0,1.0,1.0,1.0,1.0,1.0,1.0,1.0,1.0,1.0,1.0,1.0,1.0,1.0,1.0,1.0,1.0,1.0,1.0,1.0,1.0,1.0,1.0,1.0,1.0,1.0,1.0,1.0,1.0,1.0,1.0,1.0,1.0,1.0,1.0,1.0,1.0,1.0,1.0,1.0,1.0,1.0,1.0,1.0,1.0,1.0,1.0,1.0,1.0,1.0,1.0,1.0,1.0,1.0,1.0,1.0,1.0,1.0,1.0,1.0,1.0,1.0,1.0,1.0,1.0,1.0,1.0,1.0,1.0,1.0,1.0,1.0,1.0,1.0,1.0,1.0,1.0,1.0,1.0,1.0,1.0,1.0,1.0,1.0,1.0,1.0,1.0,1.0,1.0,1.0,1.0,1.0,1.0,1.0,1.0,1.0,1.0,1.0,1.0,1.0,1.0,1.0,1.0,1.0,1.0,1.0,1.0,1.0,1.0,1.0,1.0,1.0,1.0,1.0,1.0,1.0,1.0,1.0,1.0,1.0,1.0,1.0,1.0,1.0,1.0,1.0,1.0,1.0,1.0,1.0,1.0,1.0,1.0,1.0,1.0,1.0,1.0,1.0,1.0,1.0,1.0,1.0,1.0,1.0,1.0,1.0,1.0,1.0,1.0,1.0,1.0,1.0,1.0,1.0,1.0,1.0,1.0,1.0,1.0,1.0,1.0,1.0,1.0,1.0,1.0,1.0,1.0,1.0,1.0,1.0,1.0,1.0,1.0,1.0,1.0,1.0,1.0,1.0,1.0,1.0,1.0,1.0,1.0,1.0,1.0,1.0,1.0,1.0,1.0,1.0,1.0,1.0,1.0,1.0,1.0,1.0,1.0,1.0,1.0,1.0,1.0,1.0,1.0,1.0,1.0,1.0,1.0,1.0,1.0,1.0,1.0,1.0,1.0,1.0,1.0,1.0,1.0,1.0,1.0,1.0,1.0,1.0,1.0,1.0,1.0,1.0,1.0,1.0,1.0,1.0,1.0,1.0,1.0,1.0,1.0,1.0,1.0,1.0,1.0,1.0,1.0,1.0,1.0,1.0,1.0,1.0,1.0,1.0,1.0,1.0,1.0,1.0,1.0,1.0,1.0,1.0,1.0,1.0,1.0,1.0,1.0,1.0,1.0,1.0,1.0,1.0,1.0,1.0,1.0,1.0,1.0,1.0,1.0,1.0,1.0,1.0,1.0,1.0,1.0,1.0,1.0,1.0,1.0,1.0,1.0,1.0,1.0,1.0,1.0,1.0,1.0,1.0,1.0,1.0,1.0,1.0,1.0,1.0,1.0,1.0,1.0,1.0,1.0,1.0,1.0,1.0,1.0,1.0,1.0,1.0,1.0,1.0,1.0,1.0,1.0,1.0,1.0,1.0
1.0,1.0,1.0,1.0,1.0,1.0,1.0,1.0,1.0,1.0,1.0,1.0,1.0,1.0,1.0,1.0,1.0,1.0,1.0,1.0,1.0,1.0,1.0,1.0,1.0,1.0,1.0,1.0,1.0,1.0,1.0,1.0,1.0,1.0,1.0,1.0,1.0,1.0,1.0,1.0,1.0,1.0,1.0,1.0,1.0,1.0,1.0,1.0,1.0,1.0,1.0,1.0,1.0,1.0,1.0,1.0,1.0,1.0,1.0,1.0,1.0,1.0,1.0,1.0,1.0,1.0,1.0,1.0,1.0,1.0,1.0,1.0,1.0,1.0,1.0,1.0,1.0,1.0,1.0,1.0,1.0,1.0,1.0,1.0,1.0,1.0,1.0,1.0,1.0,1.0,1.0,1.0,1.0,1.0,1.0,1.0,1.0,1.0,1.0,1.0,1.0,1.0,1.0,1.0,1.0,1.0,1.0,1.0,1.0,1.0,1.0,1.0,1.0,1.0,1.0,1.0,1.0,1.0,1.0,1.0,1.0,1.0,1.0,1.0,1.0,1.0,1.0,1.0,1.0,1.0,1.0,1.0,1.0,1.0,1.0,1.0,1.0,1.0,1.0,1.0,1.0,1.0,1.0,1.0,1.0,1.0,1.0,1.0,1.0,1.0,1.0,1.0,1.0,1.0,1.0,1.0,1.0,1.0,1.0,1.0,1.0,1.0,1.0,1.0,1.0,1.0,1.0,1.0,1.0,1.0,1.0,-1.0,-1.0,-1.0,-1.0,-1.0,1.0,-1.0,1.0,1.0,1.0,-1.0,-1.0,-1.0,-1.0,-1.0,-1.0,1.0,-1.0,1.0,1.0,-1.0,1.0,-1.0,-1.0,1.0,1.0,-1.0,-1.0,-1.0,-1.0,1.0,1.0,-1.0,1.0,-1.0,1.0,-1.0,-1.0,-1.0,-1.0,1.0,-1.0,-1.0,-1.0,1.0,-1.0,1.0,-1.0,-1.0,-1.0,-1.0,-1.0,-1.0,-1.0,-1.0,-1.0,-1.0,-1.0,-1.0,1.0,-1.0,-1.0,1.0,1.0,1.0,-1.0,-1.0,-1.0,-1.0,-1.0,1.0,-1.0,-1.0,1.0,-1.0,1.0,-1.0,-1.0,-1.0,-1.0,-1.0,1.0,-1.0,-1.0,1.0,-1.0,1.0,-1.0,-1.0,-1.0,-1.0,1.0,-1.0,-1.0,1.0,-1.0,1.0,-1.0,-1.0,-1.0,-1.0,-1.0,-1.0,-1.0,-1.0,1.0,-1.0,-1.0,-1.0,-1.0,-1.0,-1.0,-1.0,-1.0,1.0,-1.0,-1.0,-1.0,1.0,-1.0,1.0,-1.0,-1.0,1.0,-1.0,1.0,-1.0,-1.0,1.0,-1.0,1.0,-1.0,1.0,-1.0,-1.0,1.0,-1.0,1.0,-1.0,-1.0,-1.0,-1.0,1.0,-1.0,1.0,-1.0,-1.0,1.0,-1.0,1.0,-1.0,-1.0,1.0,-1.0,1.0,-1.0,-1.0,1.0,-1.0,1.0,-1.0,-1.0,-1.0,1.0,-1.0,1.0,-1.0,-1.0,-1.0,-1.0,-1.0,-1.0,-1.0,1.0,1.0,-1.0,-1.0,-1.0,-1.0,-1.0,-1.0,-1.0,-1.0,-1.0,1.0,1.0,1.0,1.0,1.0,1.0,-1.0,-1.0,-1.0,-1.0,-1.0,-1.0,-1.0,-1.0,-1.0,-1.0,-1.0,-1.0,-1.0,-1.0,-1.0,-1.0,-1.0,-1.0,-1.0,-1.0,-1.0,-1.0,-1.0,-1.0,-1.0,-1.0,-1.0,-1.0,-1.0,-1.0,-1.0,-1.0,-1.0,-1.0,-1.0,-1.0,-1.0,-1.0,-1.0,-1.0,-1.0,-1.0,1.0,1.0,-1.0,1.0,1.0,1.0,1.0,1.0,1.0,1.0,1.0,-1.0,-1.0,-1.0,-1.0,-1.0,-1.0,-1.0,-1.0,-1.0,-1.0,1.0,-1.0,1.0,-1.0,-1.0,-1.0,1.0,-1.0,-1.0,1.0
-1.0,-1.0,-1.0,-1.0,-1.0,-1.0,-1.0,-1.0,-1.0,-1.0,-1.0,-1.0,-1.0,-1.0,-1.0,-1.0,-1.0,-1.0,-1.0,-1.0,-1.0,-1.0,-1.0,-1.0,-1.0,-1.0,-1.0,-1.0,-1.0,-1.0,-1.0,-1.0,-1.0,-1.0,-1.0,-1.0,-1.0,-1.0,-1.0,-1.0,-1.0,-1.0,-1.0,-1.0,-1.0,-1.0,-1.0,-1.0,-1.0,-1.0,-1.0,-1.0,-1.0,-1.0,-1.0,-1.0,-1.0,-1.0,-1.0,-1.0,-1.0,-1.0,-1.0,-1.0,-1.0,-1.0,-1.0,-1.0,-1.0,-1.0,-1.0,-1.0,-1.0,-1.0,-1.0,-1.0,-1.0,-1.0,-1.0,-1.0,-1.0,-1.0,-1.0,-1.0,-1.0,-1.0,-1.0,-1.0,-1.0,-1.0,-1.0,-1.0,-1.0,-1.0,-1.0,-1.0,-1.0,-1.0,-1.0,-1.0,-1.0,-1.0,-1.0,-1.0,-1.0,-1.0,-1.0,-1.0,-1.0,-1.0,-1.0,-1.0,-1.0,-1.0,-1.0,-1.0,-1.0,-1.0,-1.0,-1.0,-1.0,-1.0,-1.0,-1.0,-1.0,-1.0,-1.0,-1.0,-1.0,-1.0,-1.0,-1.0,-1.0,-1.0,-1.0,-1.0,-1.0,-1.0,-1.0,-1.0,-1.0,-1.0,-1.0,-1.0,-1.0,-1.0,-1.0,-1.0,-1.0,-1.0,-1.0,-1.0,-1.0,-1.0,-1.0,-1.0,-1.0,-1.0,-1.0,-1.0,-1.0,-1.0,-1.0,-1.0,-1.0,-1.0,-1.0,-1.0,-1.0,-1.0,-1.0,1.0,-1.0,-1.0,-1.0,-1.0,-1.0,1.0,-1.0,-1.0,-1.0,-1.0,1.0,-1.0,-1.0,-1.0,-1.0,-1.0,1.0,-1.0,-1.0,-1.0,-1.0,-1.0,-1.0,-1.0,-1.0,-1.0,-1.0,1.0,1.0,-1.0,-1.0,-1.0,-1.0,-1.0,-1.0,-1.0,1.0,1.0,-1.0,-1.0,-1.0,1.0,-1.0,-1.0,-1.0,-1.0,-1.0,-1.0,-1.0,-1.0,1.0,1.0,1.0,1.0,1.0,1.0,1.0,-1.0,-1.0,-1.0,-1.0,-1.0,1.0,1.0,-1.0,1.0,1.0,1.0,-1.0,-1.0,1.0,-1.0,-1.0,-1.0,-1.0,-1.0,-1.0,1.0,1.0,-1.0,-1.0,1.0,-1.0,-1.0,-1.0,-1.0,1.0,1.0,1.0,-1.0,-1.0,1.0,-1.0,-1.0,-1.0,-1.0,1.0,1.0,-1.0,-1.0,-1.0,1.0,-1.0,-1.0,1.0,-1.0,-1.0,-1.0,-1.0,-1.0,-1.0,-1.0,-1.0,-1.0,-1.0,1.0,1.0,-1.0,-1.0,-1.0,1.0,1.0,-1.0,-1.0,-1.0,1.0,-1.0,-1.0,-1.0,-1.0,-1.0,-1.0,1.0,1.0,-1.0,-1.0,-1.0,1.0,1.0,1.0,1.0,-1.0,-1.0,-1.0,1.0,1.0,-1.0,-1.0,-1.0,1.0,1.0,-1.0,-1.0,-1.0,1.0,1.0,-1.0,-1.0,-1.0,1.0,1.0,1.0,-1.0,1.0,-1.0,-1.0,-1.0,-1.0,-1.0,-1.0,-1.0,-1.0,-1.0,-1.0,1.0,-1.0,-1.0,-1.0,-1.0,-1.0,-1.0,-1.0,-1.0,-1.0,-1.0,-1.0,-1.0,-1.0,-1.0,1.0,1.0,-1.0,-1.0,-1.0,-1.0,-1.0,-1.0,-1.0,-1.0,-1.0,-1.0,-1.0,-1.0,-1.0,-1.0,-1.0,1.0,-1.0,-1.0,-1.0,1.0,-1.0,-1.0,-1.0,1.0,-1.0,-1.0,-1.0,1.0,-1.0,-1.0,-1.0,1.0,1.0,1.0,-1.0,-1.0,1.0,1.0,-1.0,-1.0,1.0,-1.0,-1.0,-1.0,-1.0,-1.0,-1.0,-1.0,-1.0,-1.0,-1.0,-1.0,-1.0,-1.0,-1.0,-1.0,-1.0,-1.0,-1.0,1.0,-1.0,-1.0,-1.0,-1.0,-1.0,1.0,-1.0,-1.0,-1.0,-1.0,-1.0
-1.0,-1.0,-1.0,-1.0,-1.0,-1.0,-1.0,-1.0,-1.0,-1.0,-1.0,-1.0,-1.0,-1.0,-1.0,-1.0,-1.0,-1.0,-1.0,-1.0,-1.0,-1.0,-1.0,-1.0,-1.0,-1.0,-1.0,-1.0,-1.0,-1.0,-1.0,-1.0,-1.0,-1.0,-1.0,-1.0,-1.0,-1.0,-1.0,-1.0,-1.0,-1.0,-1.0,-1.0,-1.0,-1.0,-1.0,-1.0,-1.0,-1.0,-1.0,-1.0,-1.0,-1.0,-1.0,-1.0,-1.0,-1.0,-1.0,-1.0,-1.0,-1.0,-1.0,-1.0,-1.0,-1.0,-1.0,-1.0,-1.0,-1.0,-1.0,-1.0,-1.0,-1.0,-1.0,-1.0,-1.0,-1.0,-1.0,-1.0,-1.0,-1.0,-1.0,-1.0,-1.0,-1.0,-1.0,-1.0,-1.0,-1.0,-1.0,-1.0,-1.0,-1.0,-1.0,-1.0,-1.0,-1.0,-1.0,-1.0,-1.0,-1.0,-1.0,-1.0,-1.0,-1.0,-1.0,-1.0,-1.0,-1.0,-1.0,-1.0,-1.0,-1.0,-1.0,-1.0,-1.0,-1.0,-1.0,-1.0,-1.0,-1.0,-1.0,-1.0,-1.0,-1.0,-1.0,-1.0,-1.0,-1.0,-1.0,-1.0,-1.0,-1.0,-1.0,-1.0,-1.0,-1.0,-1.0,-1.0,-1.0,-1.0,-1.0,-1.0,-1.0,-1.0,-1.0,-1.0,-1.0,-1.0,-1.0,-1.0,-1.0,-1.0,-1.0,-1.0,-1.0,-1.0,-1.0,-1.0,-1.0,-1.0,-1.0,-1.0,-1.0,-1.0,-1.0,-1.0,-1.0,-1.0,-1.0,-1.0,-1.0,-1.0,-1.0,-1.0,-1.0,-1.0,-1.0,-1.0,-1.0,-1.0,-1.0,-1.0,-1.0,-1.0,-1.0,-1.0,-1.0,-1.0,-1.0,-1.0,-1.0,-1.0,-1.0,-1.0,-1.0,-1.0,-1.0,-1.0,-1.0,-1.0,-1.0,-1.0,-1.0,-1.0,-1.0,-1.0,-1.0,-1.0,-1.0,-1.0,-1.0,-1.0,-1.0,-1.0,-1.0,-1.0,-1.0,-1.0,-1.0,-1.0,-1.0,-1.0,-1.0,-1.0,-1.0,-1.0,-1.0,-1.0,-1.0,-1.0,-1.0,-1.0,-1.0,-1.0,-1.0,-1.0,-1.0,-1.0,-1.0,-1.0,-1.0,-1.0,-1.0,-1.0,-1.0,-1.0,-1.0,-1.0,-1.0,-1.0,-1.0,-1.0,-1.0,-1.0,-1.0,-1.0,-1.0,-1.0,-1.0,-1.0,-1.0,-1.0,-1.0,-1.0,-1.0,-1.0,-1.0,-1.0,-1.0,-1.0,-1.0,-1.0,-1.0,-1.0,-1.0,-1.0,-1.0,-1.0,-1.0,-1.0,-1.0,-1.0,-1.0,-1.0,-1.0,-1.0,-1.0,-1.0,-1.0,-1.0,-1.0,-1.0,-1.0,-1.0,-1.0,-1.0,-1.0,-1.0,-1.0,-1.0,-1.0,-1.0,-1.0,-1.0,-1.0,-1.0,-1.0,-1.0,-1.0,-1.0,-1.0,-1.0,-1.0,-1.0,-1.0,-1.0,-1.0,-1.0,-1.0,-1.0,-1.0,-1.0,-1.0,-1.0,-1.0,-1.0,-1.0,-1.0,-1.0,-1.0,-1.0,-1.0,-1.0,-1.0,-1.0,-1.0,-1.0,-1.0,-1.0,-1.0,-1.0,-1.0,-1.0,-1.0,-1.0,-1.0,-1.0,-1.0,-1.0,-1.0,-1.0,-1.0,-1.0,-1.0,-1.0,-1.0,-1.0,-1.0,-1.0,-1.0,-1.0,-1.0,-1.0,-1.0,-1.0,-1.0,-1.0,-1.0,-1.0,-1.0,-1.0,-1.0,-1.0,-1.0,-1.0,-1.0,-1.0,-1.0,-1.0,-1.0,-1.0,-1.0,-1.0,-1.0,-1.0,-1.0,-1.0,-1.0,-1.0,-1.0,-1.0,-1.0,-1.0,-1.0,-1.0,-1.0,-1.0,-1.0,-1.0,-1.0,-1.0,-1.0,-1.0,-1.0,-1.0,-1.0,-1.0,-1.0,-1.0,-1.0,-1.0,-1.0,-1.0,-1.0,-1.0,-1.0,-1.0,-1.0,-1.0,-1.0,-1.0,-1.0,-1.0,-1.0,-1.0,-1.0,-1.0,-1.0,-1.0,-1.0,-1.0,-1.0
-1.0,-1.0,-1.0,-1.0,-1.0,-1.0,-1.0,-1.0,-1.0,-1.0,-1.0,-1.0,-1.0,-1.0,-1.0,-1.0,-1.0,-1.0,-1.0,-1.0,-1.0,-1.0,-1.0,-1.0,-1.0,-1.0,-1.0,-1.0,-1.0,-1.0,-1.0,-1.0,-1.0,-1.0,-1.0,-1.0,-1.0,-1.0,-1.0,-1.0,-1.0,-1.0,-1.0,-1.0,-1.0,-1.0,-1.0,-1.0,-1.0,-1.0,-1.0,-1.0,-1.0,-1.0,-1.0,-1.0,-1.0,-1.0,-1.0,-1.0,-1.0,-1.0,-1.0,-1.0,-1.0,-1.0,-1.0,-1.0,-1.0,-1.0,-1.0,-1.0,-1.0,-1.0,-1.0,-1.0,-1.0,-1.0,-1.0,-1.0,-1.0,-1.0,-1.0,-1.0,-1.0,-1.0,-1.0,-1.0,-1.0,-1.0,-1.0,-1.0,-1.0,-1.0,-1.0,-1.0,-1.0,-1.0,-1.0,-1.0,-1.0,-1.0,-1.0,-1.0,-1.0,-1.0,-1.0,-1.0,-1.0,-1.0,-1.0,-1.0,-1.0,-1.0,-1.0,-1.0,-1.0,-1.0,-1.0,-1.0,-1.0,-1.0,-1.0,-1.0,-1.0,-1.0,-1.0,-1.0,-1.0,-1.0,-1.0,-1.0,-1.0,-1.0,-1.0,-1.0,-1.0,-1.0,-1.0,-1.0,-1.0,-1.0,-1.0,-1.0,-1.0,-1.0,-1.0,-1.0,-1.0,-1.0,-1.0,-1.0,-1.0,-1.0,-1.0,-1.0,-1.0,-1.0,-1.0,-1.0,-1.0,-1.0,-1.0,-1.0,-1.0,-1.0,-1.0,-1.0,-1.0,-1.0,-1.0,-1.0,-1.0,-1.0,-1.0,-1.0,-1.0,-1.0,-1.0,-1.0,-1.0,-1.0,-1.0,-1.0,-1.0,-1.0,-1.0,-1.0,-1.0,-1.0,-1.0,-1.0,-1.0,-1.0,-1.0,-1.0,-1.0,-1.0,-1.0,-1.0,-1.0,-1.0,-1.0,-1.0,-1.0,-1.0,-1.0,-1.0,-1.0,-1.0,-1.0,-1.0,-1.0,-1.0,-1.0,-1.0,-1.0,-1.0,-1.0,-1.0,-1.0,-1.0,-1.0,-1.0,-1.0,-1.0,-1.0,-1.0,-1.0,-1.0,-1.0,-1.0,-1.0,-1.0,-1.0,-1.0,-1.0,-1.0,-1.0,-1.0,-1.0,-1.0,-1.0,-1.0,-1.0,-1.0,-1.0,-1.0,-1.0,-1.0,-1.0,-1.0,-1.0,-1.0,-1.0,-1.0,-1.0,-1.0,-1.0,-1.0,-1.0,-1.0,-1.0,-1.0,-1.0,-1.0,-1.0,-1.0,-1.0,-1.0,-1.0,-1.0,-1.0,-1.0,-1.0,-1.0,-1.0,-1.0,-1.0,-1.0,-1.0,-1.0,-1.0,-1.0,-1.0,-1.0,-1.0,-1.0,-1.0,-1.0,-1.0,-1.0,-1.0,-1.0,-1.0,-1.0,-1.0,-1.0,-1.0,-1.0,-1.0,-1.0,-1.0,-1.0,-1.0,-1.0,-1.0,-1.0,-1.0,-1.0,-1.0,-1.0,-1.0,-1.0,-1.0,-1.0,-1.0,-1.0,-1.0,-1.0,-1.0,-1.0,-1.0,-1.0,-1.0,-1.0,-1.0,-1.0,-1.0,-1.0,-1.0,-1.0,-1.0,-1.0,-1.0,-1.0,-1.0,-1.0,-1.0,-1.0,-1.0,-1.0,-1.0,-1.0,-1.0,-1.0,-1.0,-1.0,-1.0,-1.0,-1.0,-1.0,-1.0,-1.0,-1.0,-1.0,-1.0,-1.0,-1.0,-1.0,-1.0,-1.0,-1.0,-1.0,-1.0,-1.0,-1.0,-1.0,-1.0,-1.0,-1.0,-1.0,-1.0,-1.0,-1.0,-1.0,-1.0,-1.0,-1.0,-1.0,-1.0,-1.0,-1.0,-1.0,-1.0,-1.0,-1.0,-1.0,-1.0,-1.0,-1.0,-1.0,-1.0,-1.0,-1.0,-1.0,-1.0,-1.0,-1.0,-1.0,-1.0,-1.0,-1.0,-1.0,1.0,-1.0,-1.0,-1.0,-1.0,-1.0,-1.0,-1.0,-1.0,-1.0,-1.0,-1.0,-1.0,-1.0,-1.0,-1.0,-1.0,-1.0,-1.0,-1.0,-1.0,-1.0,-1.0,-1.0,-1.0,-1.0,-1.0,-1.0,-1.0,-1.0
1.0,1.0,1.0,1.0,1.0,1.0,-1.0,1.0,1.0,1.0,1.0,1.0,1.0,1.0,1.0,1.0,1.0,-1.0,1.0,1.0,1.0,1.0,1.0,1.0,1.0,1.0,1.0,1.0,1.0,1.0,1.0,1.0,1.0,1.0,1.0,1.0,1.0,-1.0,1.0,1.0,1.0,1.0,1.0,1.0,1.0,1.0,1.0,1.0,1.0,1.0,1.0,1.0,1.0,1.0,-1.0,1.0,1.0,1.0,1.0,1.0,1.0,1.0,1.0,-1.0,1.0,1.0,1.0,1.0,1.0,1.0,1.0,-1.0,1.0,1.0,1.0,1.0,1.0,1.0,1.0,1.0,-1.0,1.0,1.0,1.0,1.0,1.0,1.0,1.0,1.0,1.0,-1.0,1.0,1.0,1.0,-1.0,1.0,1.0,1.0,1.0,1.0,1.0,1.0,1.0,1.0,1.0,1.0,1.0,1.0,1.0,1.0,-1.0,1.0,1.0,1.0,1.0,1.0,1.0,1.0,1.0,1.0,1.0,1.0,1.0,-1.0,1.0,1.0,1.0,1.0,1.0,1.0,1.0,1.0,1.0,1.0,1.0,1.0,1.0,-1.0,1.0,-1.0,1.0,1.0,-1.0,1.0,1.0,1.0,1.0,1.0,1.0,1.0,-1.0,1.0,1.0,1.0,1.0,1.0,1.0,1.0,1.0,1.0,1.0,1.0,1.0,-1.0,-1.0,-1.0,-1.0,-1.0,-1.0,-1.0,-1.0,-1.0,-1.0,-1.0,-1.0,-1.0,-1.0,-1.0,-1.0,-1.0,-1.0,-1.0,-1.0,-1.0,-1.0,-1.0,-1.0,-1.0,-1.0,-1.0,-1.0,-1.0,-1.0,-1.0,-1.0,-1.0,-1.0,-1.0,-1.0,-1.0,-1.0,-1.0,-1.0,-1.0,-1.0,-1.0,-1.0,-1.0,-1.0,-1.0,-1.0,-1.0,-1.0,-1.0,-1.0,-1.0,-1.0,-1.0,-1.0,-1.0,-1.0,-1.0,-1.0,-1.0,-1.0,-1.0,-1.0,-1.0,-1.0,-1.0,-1.0,-1.0,-1.0,-1.0,-1.0,-1.0,-1.0,-1.0,-1.0,-1.0,-1.0,-1.0,-1.0,-1.0,-1.0,-1.0,-1.0,-1.0,-1.0,-1.0,-1.0,-1.0,-1.0,-1.0,-1.0,-1.0,-1.0,-1.0,-1.0,-1.0,-1.0,-1.0,-1.0,-1.0,-1.0,-1.0,-1.0,-1.0,-1.0,-1.0,-1.0,-1.0,-1.0,-1.0,-1.0,-1.0,-1.0,-1.0,-1.0,-1.0,-1.0,-1.0,-1.0,-1.0,-1.0,-1.0,-1.0,-1.0,-1.0,-1.0,-1.0,-1.0,-1.0,-1.0,-1.0,-1.0,-1.0,-1.0,-1.0,-1.0,-1.0,-1.0,-1.0,-1.0,-1.0,-1.0,-1.0,-1.0,-1.0,-1.0,-1.0,-1.0,-1.0,-1.0,-1.0,-1.0,-1.0,-1.0,-1.0,-1.0,-1.0,-1.0,-1.0,-1.0,-1.0,-1.0,-1.0,-1.0,-1.0,-1.0,-1.0,-1.0,-1.0,-1.0,-1.0,-1.0,-1.0,-1.0,-1.0,-1.0,-1.0,-1.0,-1.0,-1.0,-1.0,-1.0,-1.0,-1.0,-1.0,-1.0,-1.0,1.0,1.0,1.0,1.0,1.0,1.0,1.0,1.0,1.0,1.0,-1.0,-1.0,-1.0,-1.0,-1.0,-1.0,-1.0,-1.0,-1.0,-1.0,-1.0,-1.0,-1.0,-1.0,-1.0,-1.0,-1.0,-1.0,-1.0,-1.0,-1.0,-1.0,-1.0,-1.0,-1.0,-1.0,-1.0,-1.0,-1.0,-1.0,-1.0,-1.0,-1.0,-1.0,-1.0,-1.0,-1.0,-1.0,-1.0,-1.0,-1.0,-1.0,-1.0,1.0,1.0,1.0,1.0,1.0,1.0,1.0,1.0,1.0,1.0,-1.0,-1.0,-1.0,-1.0,-1.0,-1.0,-1.0,1.0,-1.0,-1.0,-1.0,-1.0,-1.0,-1.0,-1.0,-1.0,-1.0,-1.0,-1.0,-1.0
-1.0,1.0,1.0,1.0,-1.0,-1.0,-1.0,-1.0,-1.0,-1.0,-1.0,-1.0,-1.0,-1.0,-1.0,-1.0,-1.0,-1.0,-1.0,-1.0,-1.0,-1.0,-1.0,-1.0,-1.0,-1.0,-1.0,-1.0,-1.0,-1.0,-1.0,-1.0,-1.0,-1.0,-1.0,-1.0,-1.0,-1.0,-1.0,-1.0,-1.0,-1.0,-1.0,-1.0,-1.0,-1.0,-1.0,-1.0,-1.0,-1.0,-1.0,-1.0,-1.0,-1.0,-1.0,-1.0,-1.0,-1.0,-1.0,-1.0,-1.0,-1.0,-1.0,-1.0,-1.0,-1.0,-1.0,-1.0,-1.0,-1.0,-1.0,-1.0,-1.0,-1.0,-1.0,-1.0,-1.0,-1.0,-1.0,-1.0,-1.0,-1.0,-1.0,-1.0,-1.0,-1.0,-1.0,-1.0,-1.0,-1.0,-1.0,-1.0,-1.0,-1.0,-1.0,-1.0,-1.0,-1.0,-1.0,-1.0,-1.0,-1.0,-1.0,-1.0,-1.0,-1.0,-1.0,-1.0,-1.0,-1.0,-1.0,-1.0,-1.0,-1.0,-1.0,-1.0,-1.0,-1.0,-1.0,-1.0,-1.0,-1.0,-1.0,-1.0,-1.0,-1.0,-1.0,-1.0,-1.0,-1.0,-1.0,-1.0,-1.0,-1.0,-1.0,-1.0,-1.0,-1.0,-1.0,-1.0,-1.0,-1.0,-1.0,-1.0,-1.0,-1.0,-1.0,-1.0,-1.0,-1.0,-1.0,-1.0,-1.0,-1.0,-1.0,-1.0,-1.0,-1.0,-1.0,-1.0,-1.0,-1.0,-1.0,1.0,1.0,1.0,1.0,1.0,1.0,1.0,1.0,-1.0,-1.0,-1.0,-1.0,-1.0,-1.0,-1.0,-1.0,-1.0,-1.0,-1.0,-1.0,-1.0,-1.0,-1.0,-1.0,-1.0,-1.0,-1.0,-1.0,1.0,1.0,1.0,1.0,1.0,1.0,1.0,-1.0,-1.0,-1.0,-1.0,-1.0,-1.0,1.0,1.0,1.0,1.0,-1.0,-1.0,-1.0,-1.0,-1.0,-1.0,-1.0,-1.0,-1.0,-1.0,-1.0,1.0,1.0,-1.0,-1.0,-1.0,-1.0,-1.0,-1.0,-1.0,-1.0,-1.0,-1.0,-1.0,-1.0,-1.0,-1.0,-1.0,-1.0,-1.0,-1.0,-1.0,-1.0,-1.0,-1.0,-1.0,-1.0,-1.0,-1.0,1.0,-1.0,-1.0,-1.0,-1.0,-1.0,-1.0,-1.0,-1.0,-1.0,-1.0,-1.0,-1.0,-1.0,-1.0,-1.0,-1.0,-1.0,-1.0,-1.0,-1.0,-1.0,-1.0,1.0,-1.0,1.0,-1.0,-1.0,-1.0,-1.0,1.0,1.0,1.0,1.0,1.0,1.0,1.0,1.0,1.0,-1.0,-1.0,-1.0,-1.0,-1.0,-1.0,-1.0,-1.0,-1.0,-1.0,-1.0,-1.0,-1.0,-1.0,-1.0,-1.0,-1.0,-1.0,-1.0,-1.0,-1.0,-1.0,-1.0,-1.0,-1.0,-1.0,-1.0,-1.0,-1.0,-1.0,-1.0,-1.0,-1.0,-1.0,-1.0,-1.0,-1.0,-1.0,-1.0,-1.0,-1.0,-1.0,-1.0,-1.0,-1.0,-1.0,-1.0,-1.0,-1.0,-1.0,-1.0,-1.0,-1.0,-1.0,-1.0,-1.0,-1.0,-1.0,-1.0,-1.0,-1.0,-1.0,-1.0,-1.0,-1.0,-1.0,-1.0,-1.0,-1.0,-1.0,-1.0,-1.0,-1.0,-1.0,-1.0,-1.0,-1.0,-1.0,-1.0,-1.0,-1.0,-1.0,-1.0,-1.0,-1.0,-1.0,-1.0,-1.0,-1.0,-1.0,-1.0,-1.0,-1.0,-1.0,-1.0,1.0,-1.0,-1.0,-1.0,1.0,-1.0,-1.0,-1.0,1.0,-1.0,-1.0,-1.0,1.0,-1.0,-1.0,-1.0,1.0,-1.0,-1.0,-1.0,-1.0,-1.0,-1.0,-1.0,-1.0,-1.0,-1.0,-1.0,-1.0,-1.0,-1.0,-1.0,-1.0,1.0,-1.0,-1.0,-1.0,-1.0,-1.0,-1.0,-1.0,-1.0,-1.0,-1.0,-1.0,-1.0,-1.0,-1.0,-1.0,-1.0,-1.0,-1.0,-1.0
-1.0,-1.0,-1.0,-1.0,-1.0,-1.0,-1.0,-1.0,-1.0,-1.0,-1.0,-1.0,-1.0,-1.0,-1.0,-1.0,-1.0,-1.0,-1.0,-1.0,-1.0,-1.0,-1.0,-1.0,-1.0,-1.0,-1.0,-1.0,-1.0,-1.0,-1.0,-1.0,-1.0,-1.0,-1.0,-1.0,-1.0,-1.0,-1.0,-1.0,-1.0,-1.0,-1.0,-1.0,-1.0,-1.0,-1.0,-1.0,-1.0,-1.0,-1.0,-1.0,-1.0,-1.0,-1.0,-1.0,-1.0,-1.0,-1.0,-1.0,-1.0,-1.0,-1.0,-1.0,-1.0,-1.0,-1.0,-1.0,-1.0,-1.0,-1.0,-1.0,-1.0,-1.0,-1.0,-1.0,-1.0,-1.0,-1.0,-1.0,-1.0,-1.0,-1.0,-1.0,-1.0,-1.0,-1.0,-1.0,-1.0,-1.0,-1.0,-1.0,-1.0,-1.0,-1.0,-1.0,-1.0,-1.0,-1.0,-1.0,-1.0,-1.0,-1.0,-1.0,-1.0,-1.0,-1.0,-1.0,-1.0,-1.0,-1.0,-1.0,-1.0,-1.0,-1.0,-1.0,-1.0,-1.0,-1.0,-1.0,-1.0,-1.0,-1.0,-1.0,-1.0,-1.0,-1.0,-1.0,-1.0,-1.0,-1.0,-1.0,-1.0,-1.0,-1.0,-1.0,-1.0,-1.0,-1.0,-1.0,-1.0,-1.0,-1.0,-1.0,-1.0,-1.0,-1.0,-1.0,-1.0,-1.0,-1.0,-1.0,-1.0,-1.0,-1.0,-1.0,-1.0,-1.0,-1.0,-1.0,-1.0,-1.0,-1.0,-1.0,-1.0,-1.0,-1.0,-1.0,-1.0,-1.0,-1.0,-1.0,-1.0,-1.0,-1.0,-1.0,-1.0,-1.0,-1.0,-1.0,-1.0,-1.0,-1.0,-1.0,-1.0,-1.0,-1.0,-1.0,-1.0,-1.0,-1.0,-1.0,-1.0,-1.0,-1.0,-1.0,-1.0,-1.0,-1.0,-1.0,-1.0,-1.0,-1.0,-1.0,-1.0,-1.0,-1.0,-1.0,-1.0,-1.0,-1.0,-1.0,-1.0,-1.0,-1.0,-1.0,-1.0,-1.0,-1.0,-1.0,-1.0,-1.0,-1.0,-1.0,-1.0,-1.0,-1.0,-1.0,-1.0,-1.0,-1.0,-1.0,-1.0,-1.0,-1.0,-1.0,-1.0,-1.0,-1.0,-1.0,-1.0,-1.0,-1.0,-1.0,-1.0,-1.0,-1.0,-1.0,-1.0,-1.0,-1.0,-1.0,-1.0,-1.0,-1.0,-1.0,-1.0,-1.0,-1.0,-1.0,-1.0,-1.0,-1.0,-1.0,-1.0,-1.0,-1.0,-1.0,-1.0,-1.0,-1.0,-1.0,-1.0,-1.0,-1.0,-1.0,-1.0,-1.0,-1.0,-1.0,-1.0,-1.0,-1.0,-1.0,-1.0,-1.0,-1.0,-1.0,-1.0,-1.0,-1.0,-1.0,-1.0,-1.0,-1.0,-1.0,-1.0,-1.0,-1.0,-1.0,-1.0,-1.0,-1.0,-1.0,-1.0,-1.0,-1.0,-1.0,-1.0,-1.0,-1.0,-1.0,-1.0,-1.0,-1.0,-1.0,-1.0,-1.0,-1.0,-1.0,-1.0,-1.0,-1.0,-1.0,-1.0,-1.0,-1.0,-1.0,-1.0,-1.0,-1.0,-1.0,-1.0,-1.0,-1.0,-1.0,-1.0,-1.0,-1.0,-1.0,-1.0,-1.0,-1.0,-1.0,-1.0,-1.0,-1.0,-1.0,-1.0,-1.0,-1.0,-1.0,-1.0,-1.0,-1.0,-1.0,-1.0,-1.0,-1.0,-1.0,-1.0,-1.0,-1.0,-1.0,-1.0,-1.0,-1.0,-1.0,-1.0,-1.0,-1.0,-1.0,-1.0,-1.0,-1.0,-1.0,-1.0,-1.0,-1.0,-1.0,-1.0,-1.0,-1.0,-1.0,-1.0,-1.0,-1.0,-1.0,-1.0,-1.0,-1.0,-1.0,-1.0,-1.0,-1.0,-1.0,-1.0,-1.0,-1.0,-1.0,-1.0,-1.0,-1.0,-1.0,-1.0,-1.0,-1.0,-1.0,-1.0,-1.0,-1.0,-1.0,-1.0,-1.0,-1.0,-1.0,-1.0,-1.0,-1.0,-1.0,-1.0,-1.0,-1.0,-1.0,-1.0,-1.0,-1.0,-1.0,-1.0,-1.0,-1.0,-1.0,-1.0,-1.0
-1.0,-1.0,-1.0,-1.0,-1.0,-1.0,-1.0,-1.0,-1.0,-1.0,-1.0,-1.0,-1.0,-1.0,-1.0,-1.0,-1.0,-1.0,-1.0,-1.0,-1.0,-1.0,-1.0,-1.0,-1.0,-1.0,-1.0,-1.0,-1.0,-1.0,-1.0,-1.0,-1.0,-1.0,-1.0,-1.0,-1.0,-1.0,-1.0,-1.0,-1.0,-1.0,-1.0,-1.0,-1.0,-1.0,-1.0,-1.0,-1.0,-1.0,-1.0,-1.0,-1.0,-1.0,-1.0,-1.0,-1.0,-1.0,-1.0,-1.0,-1.0,-1.0,-1.0,-1.0,-1.0,-1.0,-1.0,-1.0,-1.0,-1.0,-1.0,-1.0,-1.0,-1.0,-1.0,-1.0,-1.0,-1.0,-1.0,-1.0,-1.0,-1.0,-1.0,-1.0,-1.0,-1.0,-1.0,-1.0,-1.0,-1.0,-1.0,-1.0,-1.0,-1.0,-1.0,-1.0,-1.0,-1.0,-1.0,-1.0,-1.0,-1.0,-1.0,-1.0,-1.0,-1.0,-1.0,-1.0,-1.0,-1.0,-1.0,-1.0,-1.0,-1.0,-1.0,-1.0,-1.0,-1.0,-1.0,-1.0,-1.0,-1.0,-1.0,-1.0,-1.0,-1.0,-1.0,-1.0,-1.0,-1.0,-1.0,-1.0,-1.0,-1.0,-1.0,-1.0,-1.0,-1.0,-1.0,-1.0,-1.0,-1.0,-1.0,-1.0,-1.0,-1.0,-1.0,-1.0,-1.0,-1.0,-1.0,-1.0,-1.0,-1.0,-1.0,-1.0,-1.0,-1.0,-1.0,-1.0,-1.0,-1.0,-1.0,-1.0,-1.0,-1.0,-1.0,-1.0,-1.0,-1.0,-1.0,-1.0,-1.0,-1.0,-1.0,-1.0,-1.0,-1.0,-1.0,-1.0,-1.0,-1.0,-1.0,-1.0,-1.0,-1.0,-1.0,-1.0,-1.0,-1.0,-1.0,-1.0,-1.0,-1.0,-1.0,-1.0,-1.0,-1.0,-1.0,-1.0,-1.0,-1.0,-1.0,-1.0,-1.0,-1.0,-1.0,-1.0,-1.0,-1.0,-1.0,-1.0,-1.0,-1.0,-1.0,-1.0,-1.0,-1.0,-1.0,-1.0,-1.0,-1.0,-1.0,-1.0,-1.0,-1.0,-1.0,-1.0,-1.0,-1.0,-1.0,-1.0,-1.0,-1.0,-1.0,-1.0,-1.0,-1.0,-1.0,-1.0,-1.0,-1.0,-1.0,-1.0,-1.0,-1.0,-1.0,-1.0,-1.0,-1.0,-1.0,-1.0,-1.0,-1.0,-1.0,-1.0,-1.0,-1.0,-1.0,-1.0,-1.0,-1.0,-1.0,-1.0,-1.0,-1.0,-1.0,-1.0,-1.0,-1.0,-1.0,-1.0,-1.0,-1.0,-1.0,-1.0,-1.0,-1.0,-1.0,-1.0,-1.0,-1.0,-1.0,-1.0,-1.0,-1.0,-1.0,-1.0,-1.0,-1.0,-1.0,-1.0,-1.0,-1.0,-1.0,-1.0,-1.0,-1.0,-1.0,-1.0,-1.0,-1.0,-1.0,-1.0,-1.0,-1.0,-1.0,-1.0,-1.0,-1.0,-1.0,-1.0,-1.0,-1.0,-1.0,-1.0,-1.0,-1.0,-1.0,-1.0,-1.0,-1.0,-1.0,-1.0,-1.0,-1.0,-1.0,-1.0,-1.0,-1.0,-1.0,-1.0,-1.0,-1.0,-1.0,-1.0,-1.0,-1.0,-1.0,-1.0,-1.0,-1.0,-1.0,-1.0,-1.0,-1.0,-1.0,-1.0,-1.0,-1.0,-1.0,-1.0,-1.0,-1.0,-1.0,-1.0,-1.0,-1.0,-1.0,-1.0,-1.0,-1.0,-1.0,-1.0,-1.0,-1.0,-1.0,-1.0,-1.0,-1.0,-1.0,-1.0,-1.0,-1.0,-1.0,-1.0,-1.0,-1.0,-1.0,-1.0,-1.0,-1.0,-1.0,-1.0,-1.0,-1.0,-1.0,-1.0,-1.0,-1.0,-1.0,-1.0,-1.0,-1.0,-1.0,-1.0,-1.0,-1.0,-1.0,-1.0,-1.0,-1.0,-1.0,-1.0,-1.0,-1.0,-1.0,-1.0,-1.0,-1.0,-1.0,-1.0,-1.0,-1.0,-1.0,-1.0,-1.0,-1.0,-1.0,-1.0,-1.0,-1.0,-1.0,-1.0,-1.0,-1.0,-1.0,-1.0,-1.0,-1.0,-1.0,-1.0,-1.0,-1.0
1.0,-1.0,-1.0,-1.0,-1.0,-1.0,-1.0,-1.0,-1.0,-1.0,-1.0,-1.0,-1.0,-1.0,-1.0,-1.0,-1.0,-1.0,-1.0,-1.0,-1.0,-1.0,-1.0,-1.0,-1.0,-1.0,-1.0,-1.0,-1.0,-1.0,-1.0,-1.0,-1.0,-1.0,-1.0,-1.0,-1.0,-1.0,-1.0,-1.0,-1.0,-1.0,-1.0,-1.0,-1.0,-1.0,-1.0,-1.0,-1.0,-1.0,-1.0,-1.0,-1.0,-1.0,-1.0,-1.0,-1.0,-1.0,-1.0,-1.0,-1.0,-1.0,-1.0,-1.0,-1.0,-1.0,-1.0,-1.0,-1.0,-1.0,-1.0,-1.0,-1.0,-1.0,-1.0,-1.0,-1.0,-1.0,-1.0,-1.0,-1.0,-1.0,-1.0,-1.0,-1.0,-1.0,-1.0,-1.0,-1.0,-1.0,-1.0,-1.0,-1.0,-1.0,-1.0,-1.0,-1.0,-1.0,-1.0,-1.0,-1.0,-1.0,-1.0,-1.0,-1.0,-1.0,-1.0,-1.0,-1.0,-1.0,-1.0,-1.0,-1.0,-1.0,-1.0,-1.0,-1.0,-1.0,-1.0,-1.0,-1.0,-1.0,-1.0,-1.0,-1.0,-1.0,-1.0,-1.0,-1.0,-1.0,-1.0,-1.0,-1.0,-1.0,-1.0,-1.0,-1.0,-1.0,-1.0,-1.0,-1.0,-1.0,-1.0,-1.0,-1.0,-1.0,-1.0,-1.0,-1.0,-1.0,-1.0,-1.0,-1.0,-1.0,-1.0,-1.0,-1.0,-1.0,-1.0,-1.0,-1.0,-1.0,-1.0,1.0,1.0,1.0,1.0,1.0,1.0,1.0,1.0,1.0,-1.0,-1.0,1.0,1.0,1.0,-1.0,1.0,1.0,1.0,-1.0,1.0,-1.0,-1.0,1.0,1.0,1.0,-1.0,1.0,1.0,1.0,1.0,-1.0,-1.0,1.0,1.0,1.0,1.0,-1.0,-1.0,1.0,1.0,-1.0,-1.0,-1.0,-1.0,1.0,-1.0,-1.0,-1.0,-1.0,-1.0,-1.0,-1.0,-1.0,-1.0,-1.0,-1.0,-1.0,-1.0,-1.0,-1.0,-1.0,-1.0,-1.0,-1.0,-1.0,-1.0,-1.0,-1.0,-1.0,-1.0,-1.0,-1.0,-1.0,1.0,-1.0,-1.0,-1.0,-1.0,-1.0,-1.0,-1.0,-1.0,1.0,1.0,-1.0,-1.0,-1.0,-1.0,-1.0,-1.0,-1.0,-1.0,-1.0,1.0,1.0,-1.0,-1.0,-1.0,-1.0,-1.0,-1.0,-1.0,-1.0,1.0,1.0,-1.0,-1.0,-1.0,-1.0,-1.0,-1.0,-1.0,-1.0,-1.0,-1.0,-1.0,-1.0,-1.0,1.0,1.0,1.0,1.0,1.0,1.0,-1.0,-1.0,-1.0,-1.0,-1.0,-1.0,-1.0,-1.0,-1.0,-1.0,-1.0,-1.0,-1.0,-1.0,-1.0,-1.0,-1.0,-1.0,-1.0,-1.0,-1.0,-1.0,-1.0,-1.0,-1.0,-1.0,-1.0,-1.0,-1.0,-1.0,-1.0,-1.0,-1.0,-1.0,-1.0,-1.0,-1.0,-1.0,-1.0,-1.0,-1.0,-1.0,-1.0,-1.0,-1.0,-1.0,-1.0,1.0,-1.0,1.0,-1.0,-1.0,-1.0,-1.0,-1.0,-1.0,-1.0,1.0,1.0,1.0,-1.0,-1.0,-1.0,-1.0,-1.0,-1.0,-1.0,-1.0,-1.0,-1.0,-1.0,-1.0,-1.0,-1.0,-1.0,-1.0,1.0,1.0,1.0,1.0,1.0,1.0,1.0,1.0,1.0,1.0,1.0,1.0,1.0,1.0,-1.0,-1.0,-1.0,-1.0,-1.0,-1.0,-1.0,-1.0,-1.0,-1.0,-1.0,-1.0,-1.0,-1.0,-1.0,-1.0,-1.0,-1.0,-1.0,-1.0,-1.0,-1.0,-1.0,-1.0,-1.0,-1.0,-1.0,-1.0,-1.0,-1.0,-1.0,-1.0,-1.0,-1.0,-1.0,-1.0,-1.0,1.0,1.0,-1.0,-1.0,-1.0,-1.0,-1.0,-1.0,1.0,-1.0,-1.0,-1.0,-1.0,-1.0,-1.0,-1.0,-1.0,-1.0,1.0,1.0
-1.0,-1.0,-1.0,-1.0,-1.0,-1.0,-1.0,-1.0,-1.0,-1.0,-1.0,-1.0,-1.0,-1.0,-1.0,-1.0,-1.0,-1.0,-1.0,-1.0,-1.0,-1.0,-1.0,-1.0,-1.0,-1.0,-1.0,-1.0,-1.0,-1.0,-1.0,-1.0,-1.0,-1.0,-1.0,-1.0,-1.0,-1.0,-1.0,-1.0,-1.0,-1.0,-1.0,-1.0,-1.0,-1.0,-1.0,-1.0,-1.0,-1.0,-1.0,-1.0,-1.0,-1.0,-1.0,-1.0,-1.0,-1.0,-1.0,-1.0,-1.0,-1.0,-1.0,-1.0,-1.0,-1.0,-1.0,-1.0,-1.0,-1.0,-1.0,-1.0,-1.0,-1.0,-1.0,-1.0,-1.0,-1.0,-1.0,-1.0,-1.0,-1.0,-1.0,-1.0,-1.0,-1.0,-1.0,-1.0,-1.0,-1.0,-1.0,-1.0,-1.0,-1.0,-1.0,-1.0,-1.0,-1.0,-1.0,-1.0,-1.0,-1.0,-1.0,-1.0,-1.0,-1.0,-1.0,-1.0,-1.0,-1.0,-1.0,-1.0,-1.0,-1.0,-1.0,-1.0,-1.0,-1.0,-1.0,-1.0,-1.0,-1.0,-1.0,-1.0,-1.0,-1.0,-1.0,-1.0,-1.0,-1.0,-1.0,-1.0,-1.0,-1.0,-1.0,-1.0,-1.0,-1.0,-1.0,-1.0,-1.0,-1.0,-1.0,-1.0,-1.0,-1.0,-1.0,-1.0,-1.0,-1.0,-1.0,-1.0,-1.0,-1.0,-1.0,-1.0,-1.0,-1.0,-1.0,-1.0,-1.0,-1.0,-1.0,-1.0,-1.0,-1.0,-1.0,-1.0,-1.0,-1.0,-1.0,-1.0,-1.0,-1.0,-1.0,-1.0,-1.0,-1.0,-1.0,-1.0,-1.0,-1.0,-1.0,-1.0,-1.0,-1.0,-1.0,-1.0,-1.0,-1.0,-1.0,-1.0,-1.0,-1.0,-1.0,-1.0,-1.0,-1.0,-1.0,-1.0,-1.0,-1.0,-1.0,-1.0,-1.0,-1.0,-1.0,-1.0,-1.0,-1.0,-1.0,-1.0,-1.0,-1.0,-1.0,-1.0,-1.0,-1.0,-1.0,-1.0,-1.0,-1.0,-1.0,-1.0,-1.0,-1.0,-1.0,-1.0,-1.0,-1.0,-1.0,-1.0,1.0,-1.0,-1.0,-1.0,-1.0,-1.0,-1.0,-1.0,-1.0,-1.0,-1.0,-1.0,-1.0,-1.0,-1.0,-1.0,-1.0,-1.0,-1.0,-1.0,-1.0,-1.0,-1.0,-1.0,-1.0,-1.0,-1.0,-1.0,-1.0,-1.0,-1.0,-1.0,-1.0,-1.0,-1.0,-1.0,-1.0,-1.0,-1.0,-1.0,-1.0,-1.0,-1.0,-1.0,-1.0,-1.0,-1.0,-1.0,-1.0,-1.0,-1.0,-1.0,-1.0,-1.0,-1.0,-1.0,-1.0,-1.0,-1.0,-1.0,-1.0,-1.0,-1.0,-1.0,-1.0,-1.0,-1.0,-1.0,-1.0,-1.0,-1.0,-1.0,-1.0,-1.0,-1.0,-1.0,-1.0,-1.0,-1.0,-1.0,-1.0,-1.0,-1.0,-1.0,-1.0,-1.0,-1.0,-1.0,-1.0,-1.0,-1.0,-1.0,-1.0,-1.0,-1.0,-1.0,-1.0,-1.0,-1.0,-1.0,-1.0,-1.0,1.0,-1.0,1.0,-1.0,1.0,-1.0,-1.0,-1.0,1.0,-1.0,1.0,1.0,-1.0,-1.0,1.0,-1.0,-1.0,-1.0,-1.0,-1.0,-1.0,-1.0,-1.0,-1.0,-1.0,-1.0,-1.0,-1.0,-1.0,-1.0,-1.0,-1.0,-1.0,-1.0,-1.0,-1.0,-1.0,-1.0,-1.0,-1.0,-1.0,-1.0,-1.0,-1.0,-1.0,-1.0,-1.0,-1.0,-1.0,-1.0,-1.0,-1.0,-1.0,-1.0,-1.0,-1.0,-1.0,-1.0,-1.0,-1.0,-1.0,-1.0,-1.0,-1.0,-1.0,-1.0,-1.0,-1.0,-1.0,-1.0,-1.0,-1.0,-1.0,-1.0,-1.0,-1.0,-1.0,-1.0,-1.0,-1.0,-1.0,-1.0,-1.0,-1.0,-1.0,1.0,-1.0,-1.0,-1.0,-1.0,-1.0,-1.0,-1.0,-1.0,-1.0,-1.0,-1.0,-1.0,-1.0,-1.0
-1.0,-1.0,-1.0,-1.0,-1.0,-1.0,-1.0,-1.0,-1.0,-1.0,-1.0,-1.0,-1.0,-1.0,-1.0,-1.0,-1.0,-1.0,-1.0,-1.0,-1.0,-1.0,-1.0,-1.0,-1.0,-1.0,-1.0,-1.0,-1.0,-1.0,-1.0,-1.0,-1.0,-1.0,-1.0,-1.0,-1.0,-1.0,-1.0,-1.0,-1.0,-1.0,-1.0,-1.0,-1.0,-1.0,-1.0,-1.0,-1.0,-1.0,-1.0,-1.0,-1.0,-1.0,-1.0,-1.0,-1.0,-1.0,-1.0,-1.0,-1.0,-1.0,-1.0,-1.0,-1.0,-1.0,-1.0,-1.0,-1.0,-1.0,-1.0,-1.0,-1.0,-1.0,-1.0,-1.0,-1.0,-1.0,-1.0,-1.0,-1.0,-1.0,-1.0,-1.0,-1.0,-1.0,-1.0,-1.0,-1.0,-1.0,-1.0,-1.0,-1.0,-1.0,-1.0,-1.0,-1.0,-1.0,-1.0,-1.0,-1.0,-1.0,-1.0,-1.0,-1.0,-1.0,-1.0,-1.0,-1.0,-1.0,-1.0,-1.0,-1.0,-1.0,-1.0,-1.0,-1.0,-1.0,-1.0,-1.0,-1.0,-1.0,-1.0,-1.0,-1.0,-1.0,-1.0,-1.0,-1.0,-1.0,-1.0,-1.0,-1.0,-1.0,-1.0,-1.0,-1.0,-1.0,-1.0,-1.0,-1.0,-1.0,-1.0,-1.0,-1.0,-1.0,-1.0,-1.0,-1.0,-1.0,-1.0,-1.0,-1.0,-1.0,-1.0,-1.0,-1.0,-1.0,-1.0,-1.0,-1.0,-1.0,-1.0,-1.0,-1.0,-1.0,-1.0,-1.0,-1.0,-1.0,-1.0,-1.0,-1.0,-1.0,-1.0,-1.0,-1.0,-1.0,-1.0,-1.0,-1.0,-1.0,-1.0,-1.0,-1.0,-1.0,-1.0,-1.0,-1.0,-1.0,-1.0,-1.0,-1.0,-1.0,-1.0,-1.0,-1.0,-1.0,-1.0,-1.0,-1.0,-1.0,-1.0,-1.0,-1.0,-1.0,-1.0,-1.0,-1.0,-1.0,-1.0,-1.0,-1.0,-1.0,-1.0,-1.0,-1.0,-1.0,-1.0,-1.0,-1.0,-1.0,-1.0,-1.0,-1.0,-1.0,-1.0,-1.0,-1.0,-1.0,-1.0,-1.0,-1.0,1.0,-1.0,1.0,-1.0,-1.0,-1.0,-1.0,-1.0,-1.0,-1.0,-1.0,-1.0,-1.0,-1.0,-1.0,-1.0,-1.0,-1.0,-1.0,-1.0,-1.0,-1.0,-1.0,-1.0,-1.0,-1.0,-1.0,-1.0,-1.0,-1.0,-1.0,-1.0,-1.0,-1.0,-1.0,-1.0,-1.0,-1.0,-1.0,-1.0,-1.0,-1.0,-1.0,-1.0,-1.0,-1.0,-1.0,-1.0,-1.0,-1.0,-1.0,-1.0,-1.0,-1.0,-1.0,-1.0,-1.0,-1.0,-1.0,-1.0,-1.0,-1.0,-1.0,-1.0,-1.0,-1.0,-1.0,-1.0,-1.0,-1.0,-1.0,-1.0,-1.0,-1.0,-1.0,-1.0,-1.0,-1.0,-1.0,-1.0,-1.0,-1.0,-1.0,-1.0,-1.0,-1.0,-1.0,-1.0,-1.0,-1.0,-1.0,-1.0,-1.0,-1.0,-1.0,-1.0,-1.0,-1.0,-1.0,-1.0,-1.0,-1.0,-1.0,-1.0,-1.0,-1.0,-1.0,-1.0,-1.0,-1.0,-1.0,-1.0,-1.0,-1.0,-1.0,-1.0,-1.0,-1.0,-1.0,-1.0,-1.0,-1.0,-1.0,-1.0,-1.0,-1.0,-1.0,-1.0,-1.0,-1.0,-1.0,-1.0,-1.0,-1.0,-1.0,-1.0,-1.0,-1.0,-1.0,-1.0,-1.0,-1.0,-1.0,-1.0,-1.0,-1.0,-1.0,-1.0,-1.0,-1.0,-1.0,-1.0,-1.0,-1.0,-1.0,-1.0,-1.0,-1.0,-1.0,-1.0,-1.0,-1.0,-1.0,-1.0,-1.0,-1.0,-1.0,-1.0,-1.0,-1.0,-1.0,-1.0,-1.0,-1.0,-1.0,-1.0,-1.0,-1.0,-1.0,-1.0,-1.0,-1.0,-1.0,-1.0,-1.0,-1.0,-1.0,-1.0,-1.0,-1.0,-1.0,-1.0,-1.0,-1.0,-1.0,-1.0,-1.0,-1.0,-1.0,-1.0,-1.0
-1.0,-1.0,-1.0,-1.0,-1.0,-1.0,-1.0,-1.0,-1.0,-1.0,-1.0,-1.0,-1.0,-1.0,-1.0,-1.0,-1.0,-1.0,-1.0,-1.0,-1.0,-1.0,-1.0,-1.0,-1.0,-1.0,-1.0,-1.0,-1.0,-1.0,-1.0,-1.0,-1.0,-1.0,-1.0,-1.0,-1.0,-1.0,-1.0,-1.0,-1.0,-1.0,-1.0,-1.0,-1.0,-1.0,-1.0,-1.0,-1.0,-1.0,-1.0,-1.0,-1.0,-1.0,-1.0,-1.0,-1.0,-1.0,-1.0,-1.0,-1.0,-1.0,-1.0,-1.0,-1.0,-1.0,-1.0,-1.0,-1.0,-1.0,-1.0,-1.0,-1.0,-1.0,-1.0,-1.0,-1.0,-1.0,-1.0,-1.0,-1.0,-1.0,-1.0,-1.0,-1.0,-1.0,-1.0,-1.0,-1.0,-1.0,-1.0,-1.0,-1.0,-1.0,-1.0,-1.0,-1.0,-1.0,-1.0,-1.0,-1.0,-1.0,-1.0,-1.0,-1.0,-1.0,-1.0,-1.0,-1.0,-1.0,-1.0,-1.0,-1.0,-1.0,-1.0,-1.0,-1.0,-1.0,-1.0,-1.0,-1.0,-1.0,-1.0,-1.0,-1.0,-1.0,-1.0,-1.0,-1.0,-1.0,-1.0,-1.0,-1.0,-1.0,-1.0,-1.0,-1.0,-1.0,-1.0,-1.0,-1.0,-1.0,-1.0,-1.0,-1.0,-1.0,-1.0,-1.0,-1.0,-1.0,-1.0,-1.0,-1.0,-1.0,-1.0,-1.0,-1.0,-1.0,-1.0,-1.0,-1.0,-1.0,-1.0,-1.0,-1.0,-1.0,-1.0,-1.0,-1.0,-1.0,-1.0,-1.0,-1.0,-1.0,-1.0,-1.0,-1.0,-1.0,-1.0,-1.0,-1.0,-1.0,-1.0,-1.0,-1.0,-1.0,-1.0,-1.0,-1.0,-1.0,-1.0,-1.0,-1.0,-1.0,-1.0,-1.0,-1.0,-1.0,-1.0,-1.0,-1.0,-1.0,-1.0,-1.0,-1.0,-1.0,-1.0,-1.0,-1.0,-1.0,-1.0,-1.0,-1.0,-1.0,-1.0,-1.0,-1.0,-1.0,-1.0,-1.0,-1.0,-1.0,-1.0,-1.0,-1.0,-1.0,-1.0,-1.0,-1.0,-1.0,-1.0,-1.0,-1.0,-1.0,-1.0,-1.0,-1.0,-1.0,-1.0,-1.0,-1.0,-1.0,-1.0,-1.0,-1.0,-1.0,-1.0,-1.0,-1.0,-1.0,-1.0,-1.0,-1.0,-1.0,-1.0,-1.0,-1.0,-1.0,-1.0,-1.0,-1.0,-1.0,-1.0,-1.0,-1.0,-1.0,-1.0,-1.0,-1.0,-1.0,-1.0,-1.0,-1.0,-1.0,-1.0,-1.0,-1.0,-1.0,-1.0,-1.0,-1.0,-1.0,-1.0,-1.0,-1.0,-1.0,-1.0,-1.0,-1.0,-1.0,-1.0,-1.0,-1.0,-1.0,-1.0,-1.0,-1.0,-1.0,-1.0,-1.0,-1.0,-1.0,-1.0,-1.0,-1.0,-1.0,-1.0,-1.0,-1.0,-1.0,-1.0,-1.0,-1.0,-1.0,-1.0,-1.0,-1.0,-1.0,-1.0,-1.0,-1.0,-1.0,-1.0,-1.0,-1.0,-1.0,-1.0,-1.0,-1.0,-1.0,-1.0,-1.0,-1.0,-1.0,-1.0,-1.0,-1.0,-1.0,-1.0,-1.0,-1.0,-1.0,-1.0,-1.0,-1.0,-1.0,-1.0,-1.0,-1.0,-1.0,-1.0,-1.0,-1.0,-1.0,-1.0,-1.0,-1.0,-1.0,-1.0,-1.0,-1.0,-1.0,-1.0,-1.0,-1.0,-1.0,-1.0,-1.0,-1.0,-1.0,-1.0,-1.0,-1.0,-1.0,-1.0,-1.0,-1.0,-1.0,-1.0,-1.0,-1.0,-1.0,-1.0,-1.0,-1.0,-1.0,-1.0,-1.0,-1.0,-1.0,-1.0,-1.0,-1.0,-1.0,-1.0,-1.0,-1.0,-1.0,-1.0,-1.0,-1.0,-1.0,-1.0,-1.0,-1.0,-1.0,-1.0,-1.0,-1.0,-1.0,-1.0,-1.0,-1.0,-1.0,-1.0,-1.0,1.0,-1.0,-1.0,-1.0,-1.0,-1.0,-1.0,-1.0,-1.0,-1.0,-1.0,-1.0,-1.0,-1.0,-1.0,1.0,-1.0,-1.0
-1.0,-1.0,-1.0,-1.0,-1.0,-1.0,-1.0,-1.0,-1.0,-1.0,-1.0,-1.0,-1.0,-1.0,-1.0,-1.0,-1.0,-1.0,-1.0,-1.0,-1.0,-1.0,-1.0,-1.0,-1.0,-1.0,-1.0,-1.0,-1.0,-1.0,-1.0,-1.0,-1.0,-1.0,-1.0,-1.0,-1.0,-1.0,-1.0,-1.0,-1.0,-1.0,-1.0,-1.0,-1.0,-1.0,-1.0,-1.0,-1.0,-1.0,-1.0,-1.0,-1.0,-1.0,-1.0,-1.0,-1.0,-1.0,-1.0,-1.0,-1.0,-1.0,-1.0,-1.0,-1.0,-1.0,-1.0,-1.0,-1.0,-1.0,-1.0,-1.0,-1.0,-1.0,-1.0,-1.0,-1.0,-1.0,-1.0,-1.0,-1.0,-1.0,-1.0,-1.0,-1.0,-1.0,-1.0,-1.0,-1.0,-1.0,-1.0,-1.0,-1.0,-1.0,-1.0,-1.0,-1.0,-1.0,-1.0,-1.0,-1.0,-1.0,-1.0,-1.0,-1.0,-1.0,-1.0,-1.0,-1.0,-1.0,-1.0,-1.0,-1.0,-1.0,-1.0,-1.0,-1.0,-1.0,-1.0,-1.0,-1.0,-1.0,-1.0,-1.0,-1.0,-1.0,-1.0,-1.0,-1.0,-1.0,-1.0,-1.0,-1.0,-1.0,-1.0,-1.0,-1.0,-1.0,-1.0,-1.0,-1.0,-1.0,-1.0,-1.0,-1.0,-1.0,-1.0,-1.0,-1.0,-1.0,-1.0,-1.0,-1.0,-1.0,-1.0,-1.0,-1.0,-1.0,-1.0,-1.0,-1.0,-1.0,-1.0,-1.0,-1.0,-1.0,-1.0,-1.0,-1.0,-1.0,-1.0,-1.0,-1.0,-1.0,-1.0,-1.0,-1.0,-1.0,-1.0,-1.0,-1.0,-1.0,-1.0,-1.0,-1.0,-1.0,-1.0,-1.0,-1.0,-1.0,-1.0,-1.0,-1.0,-1.0,-1.0,-1.0,-1.0,-1.0,-1.0,-1.0,-1.0,-1.0,-1.0,-1.0,-1.0,-1.0,-1.0,-1.0,-1.0,-1.0,-1.0,-1.0,-1.0,-1.0,-1.0,-1.0,-1.0,-1.0,-1.0,-1.0,-1.0,-1.0,-1.0,-1.0,-1.0,-1.0,-1.0,-1.0,-1.0,-1.0,-1.0,-1.0,-1.0,-1.0,-1.0,-1.0,-1.0,-1.0,-1.0,-1.0,-1.0,-1.0,-1.0,-1.0,-1.0,-1.0,-1.0,-1.0,-1.0,-1.0,-1.0,-1.0,-1.0,-1.0,-1.0,-1.0,-1.0,-1.0,-1.0,-1.0,-1.0,-1.0,-1.0,-1.0,-1.0,-1.0,-1.0,-1.0,-1.0,-1.0,-1.0,-1.0,-1.0,-1.0,-1.0,-1.0,-1.0,-1.0,-1.0,-1.0,-1.0,-1.0,-1.0,-1.0,-1.0,-1.0,-1.0,-1.0,-1.0,-1.0,-1.0,-1.0,-1.0,-1.0,-1.0,-1.0,-1.0,-1.0,-1.0,-1.0,-1.0,-1.0,-1.0,-1.0,-1.0,-1.0,-1.0,-1.0,-1.0,-1.0,-1.0,-1.0,-1.0,-1.0,-1.0,-1.0,-1.0,-1.0,-1.0,-1.0,-1.0,-1.0,-1.0,-1.0,-1.0,-1.0,-1.0,-1.0,-1.0,-1.0,-1.0,-1.0,-1.0,-1.0,-1.0,-1.0,-1.0,-1.0,-1.0,-1.0,-1.0,-1.0,-1.0,-1.0,-1.0,-1.0,-1.0,-1.0,-1.0,-1.0,-1.0,-1.0,-1.0,-1.0,-1.0,-1.0,-1.0,-1.0,-1.0,-1.0,-1.0,-1.0,-1.0,-1.0,-1.0,-1.0,-1.0,-1.0,-1.0,-1.0,-1.0,-1.0,-1.0,-1.0,-1.0,-1.0,-1.0,-1.0,-1.0,-1.0,-1.0,-1.0,-1.0,-1.0,-1.0,-1.0,-1.0,-1.0,-1.0,-1.0,-1.0,-1.0,-1.0,-1.0,-1.0,-1.0,-1.0,-1.0,-1.0,-1.0,-1.0,-1.0,-1.0,-1.0,-1.0,-1.0,-1.0,-1.0,-1.0,-1.0,-1.0,-1.0,-1.0,-1.0,-1.0,-1.0,-1.0,-1.0,-1.0,-1.0,-1.0,-1.0,-1.0,-1.0,-1.0,-1.0,-1.0,-1.0,-1.0,-1.0,-1.0,-1.0,-1.0,-1.0
-1.0,-1.0,-1.0,-1.0,-1.0,-1.0,-1.0,-1.0,-1.0,-1.0,-1.0,-1.0,-1.0,-1.0,-1.0,-1.0,-1.0,-1.0,-1.0,-1.0,-1.0,-1.0,-1.0,-1.0,-1.0,-1.0,-1.0,-1.0,-1.0,-1.0,-1.0,-1.0,-1.0,-1.0,-1.0,-1.0,-1.0,-1.0,-1.0,-1.0,-1.0,-1.0,-1.0,-1.0,-1.0,-1.0,-1.0,-1.0,-1.0,-1.0,-1.0,-1.0,-1.0,-1.0,-1.0,-1.0,-1.0,-1.0,-1.0,-1.0,-1.0,-1.0,-1.0,-1.0,-1.0,-1.0,-1.0,-1.0,-1.0,-1.0,-1.0,-1.0,-1.0,-1.0,-1.0,-1.0,-1.0,-1.0,-1.0,-1.0,-1.0,-1.0,-1.0,-1.0,-1.0,-1.0,-1.0,-1.0,-1.0,-1.0,-1.0,-1.0,-1.0,-1.0,-1.0,-1.0,-1.0,-1.0,-1.0,-1.0,-1.0,-1.0,-1.0,-1.0,-1.0,-1.0,-1.0,-1.0,-1.0,-1.0,-1.0,-1.0,-1.0,-1.0,-1.0,-1.0,-1.0,-1.0,-1.0,-1.0,-1.0,-1.0,-1.0,-1.0,-1.0,-1.0,-1.0,-1.0,-1.0,-1.0,-1.0,-1.0,-1.0,-1.0,-1.0,-1.0,-1.0,-1.0,-1.0,-1.0,-1.0,-1.0,-1.0,-1.0,-1.0,-1.0,-1.0,-1.0,-1.0,-1.0,-1.0,-1.0,-1.0,-1.0,-1.0,-1.0,-1.0,-1.0,-1.0,-1.0,-1.0,-1.0,-1.0,-1.0,-1.0,-1.0,-1.0,-1.0,-1.0,-1.0,-1.0,-1.0,-1.0,-1.0,-1.0,-1.0,-1.0,-1.0,-1.0,-1.0,-1.0,-1.0,-1.0,-1.0,-1.0,-1.0,-1.0,-1.0,-1.0,-1.0,-1.0,-1.0,-1.0,-1.0,-1.0,-1.0,-1.0,-1.0,-1.0,-1.0,-1.0,-1.0,-1.0,-1.0,-1.0,-1.0,-1.0,-1.0,-1.0,-1.0,-1.0,-1.0,-1.0,-1.0,-1.0,-1.0,-1.0,-1.0,-1.0,-1.0,-1.0,-1.0,-1.0,-1.0,-1.0,-1.0,-1.0,-1.0,-1.0,-1.0,-1.0,-1.0,-1.0,-1.0,-1.0,-1.0,-1.0,-1.0,-1.0,-1.0,-1.0,-1.0,-1.0,-1.0,-1.0,-1.0,-1.0,-1.0,-1.0,-1.0,-1.0,-1.0,-1.0,-1.0,-1.0,-1.0,-1.0,-1.0,-1.0,-1.0,-1.0,-1.0,-1.0,-1.0,-1.0,-1.0,-1.0,-1.0,-1.0,-1.0,-1.0,-1.0,-1.0,-1.0,-1.0,-1.0,-1.0,-1.0,-1.0,-1.0,-1.0,-1.0,-1.0,-1.0,-1.0,-1.0,-1.0,-1.0,-1.0,-1.0,-1.0,-1.0,-1.0,-1.0,-1.0,-1.0,-1.0,-1.0,-1.0,-1.0,-1.0,-1.0,-1.0,-1.0,-1.0,-1.0,-1.0,-1.0,-1.0,-1.0,-1.0,-1.0,-1.0,-1.0,-1.0,-1.0,-1.0,-1.0,-1.0,-1.0,-1.0,-1.0,-1.0,-1.0,-1.0,-1.0,-1.0,-1.0,-1.0,-1.0,-1.0,-1.0,-1.0,-1.0,-1.0,-1.0,-1.0,-1.0,-1.0,-1.0,-1.0,-1.0,-1.0,-1.0,-1.0,-1.0,-1.0,-1.0,-1.0,-1.0,-1.0,-1.0,-1.0,-1.0,-1.0,-1.0,-1.0,-1.0,-1.0,-1.0,-1.0,-1.0,-1.0,-1.0,-1.0,-1.0,-1.0,-1.0,-1.0,-1.0,-1.0,-1.0,-1.0,-1.0,-1.0,-1.0,-1.0,-1.0,-1.0,-1.0,-1.0,-1.0,-1.0,-1.0,-1.0,-1.0,-1.0,-1.0,-1.0,-1.0,-1.0,-1.0,-1.0,-1.0,-1.0,-1.0,-1.0,-1.0,-1.0,-1.0,-1.0,-1.0,-1.0,-1.0,-1.0,-1.0,-1.0,-1.0,-1.0,-1.0,-1.0,-1.0,-1.0,-1.0,-1.0,-1.0,-1.0,-1.0,-1.0,-1.0,-1.0,-1.0,-1.0,-1.0,-1.0,-1.0,-1.0,-1.0,-1.0,-1.0,-1.0,-1.0,-1.0,-1.0
-1.0,-1.0,-1.0,-1.0,-1.0,-1.0,-1.0,-1.0,-1.0,-1.0,-1.0,-1.0,-1.0,-1.0,-1.0,-1.0,-1.0,-1.0,-1.0,-1.0,-1.0,-1.0,-1.0,-1.0,-1.0,-1.0,-1.0,-1.0,-1.0,-1.0,-1.0,-1.0,-1.0,-1.0,-1.0,-1.0,-1.0,-1.0,-1.0,-1.0,-1.0,-1.0,-1.0,-1.0,-1.0,-1.0,-1.0,-1.0,-1.0,-1.0,-1.0,-1.0,-1.0,-1.0,-1.0,-1.0,-1.0,-1.0,-1.0,-1.0,-1.0,-1.0,-1.0,-1.0,-1.0,-1.0,-1.0,-1.0,-1.0,-1.0,-1.0,-1.0,-1.0,-1.0,-1.0,-1.0,-1.0,-1.0,-1.0,-1.0,-1.0,-1.0,-1.0,-1.0,-1.0,-1.0,-1.0,-1.0,-1.0,-1.0,-1.0,-1.0,-1.0,-1.0,-1.0,-1.0,-1.0,-1.0,-1.0,-1.0,-1.0,-1.0,-1.0,-1.0,-1.0,-1.0,-1.0,-1.0,-1.0,-1.0,-1.0,-1.0,-1.0,-1.0,-1.0,-1.0,-1.0,-1.0,-1.0,-1.0,-1.0,-1.0,-1.0,-1.0,-1.0,-1.0,-1.0,-1.0,-1.0,-1.0,-1.0,-1.0,-1.0,-1.0,-1.0,-1.0,-1.0,-1.0,-1.0,-1.0,-1.0,-1.0,-1.0,-1.0,-1.0,-1.0,-1.0,-1.0,-1.0,-1.0,-1.0,-1.0,-1.0,-1.0,-1.0,-1.0,-1.0,-1.0,-1.0,-1.0,-1.0,-1.0,-1.0,-1.0,-1.0,-1.0,-1.0,-1.0,-1.0,-1.0,-1.0,-1.0,-1.0,-1.0,-1.0,-1.0,-1.0,-1.0,-1.0,-1.0,-1.0,-1.0,-1.0,-1.0,-1.0,-1.0,-1.0,-1.0,-1.0,-1.0,-1.0,-1.0,-1.0,-1.0,-1.0,-1.0,-1.0,-1.0,-1.0,-1.0,-1.0,-1.0,-1.0,-1.0,-1.0,-1.0,-1.0,-1.0,-1.0,-1.0,-1.0,-1.0,-1.0,-1.0,-1.0,-1.0,-1.0,-1.0,-1.0,-1.0,-1.0,-1.0,-1.0,-1.0,-1.0,-1.0,-1.0,-1.0,-1.0,-1.0,-1.0,-1.0,-1.0,-1.0,-1.0,-1.0,-1.0,-1.0,-1.0,-1.0,-1.0,-1.0,-1.0,-1.0,-1.0,-1.0,-1.0,-1.0,-1.0,-1.0,-1.0,-1.0,-1.0,-1.0,-1.0,-1.0,-1.0,-1.0,-1.0,-1.0,-1.0,-1.0,-1.0,-1.0,-1.0,-1.0,-1.0,-1.0,-1.0,-1.0,-1.0,-1.0,-1.0,-1.0,-1.0,-1.0,-1.0,-1.0,-1.0,-1.0,-1.0,-1.0,-1.0,-1.0,-1.0,-1.0,-1.0,-1.0,-1.0,-1.0,-1.0,-1.0,-1.0,-1.0,-1.0,-1.0,-1.0,-1.0,-1.0,-1.0,-1.0,-1.0,-1.0,-1.0,-1.0,-1.0,-1.0,-1.0,-1.0,-1.0,-1.0,-1.0,-1.0,-1.0,-1.0,-1.0,-1.0,-1.0,-1.0,-1.0,-1.0,-1.0,-1.0,-1.0,-1.0,-1.0,-1.0,-1.0,-1.0,-1.0,-1.0,-1.0,-1.0,-1.0,-1.0,-1.0,-1.0,-1.0,-1.0,-1.0,-1.0,-1.0,-1.0,-1.0,-1.0,-1.0,-1.0,-1.0,-1.0,-1.0,-1.0,-1.0,-1.0,-1.0,-1.0,-1.0,-1.0,-1.0,-1.0,-1.0,-1.0,-1.0,-1.0,-1.0,-1.0,-1.0,-1.0,-1.0,-1.0,-1.0,-1.0,-1.0,-1.0,-1.0,-1.0,-1.0,-1.0,1.0,-1.0,1.0,-1.0,-1.0,-1.0,1.0,-1.0,-1.0,-1.0,1.0,-1.0,-1.0,-1.0,1.0,-1.0,-1.0,-1.0,-1.0,-1.0,-1.0,-1.0,-1.0,-1.0,-1.0,-1.0,-1.0,-1.0,-1.0,-1.0,-1.0,-1.0,-1.0,-1.0,-1.0,-1.0,-1.0,-1.0,-1.0,-1.0,-1.0,-1.0,-1.0,-1.0,-1.0,-1.0,-1.0,-1.0,-1.0,-1.0,-1.0,-1.0,-1.0,-1.0,-1.0,-1.0,-1.0
-1.0,-1.0,-1.0,-1.0,-1.0,-1.0,-1.0,-1.0,-1.0,-1.0,-1.0,-1.0,-1.0,-1.0,-1.0,-1.0,-1.0,-1.0,-1.0,-1.0,-1.0,-1.0,-1.0,-1.0,-1.0,-1.0,-1.0,-1.0,-1.0,-1.0,-1.0,-1.0,-1.0,-1.0,-1.0,-1.0,-1.0,-1.0,-1.0,-1.0,-1.0,-1.0,-1.0,-1.0,-1.0,-1.0,-1.0,-1.0,-1.0,-1.0,-1.0,-1.0,-1.0,-1.0,-1.0,-1.0,-1.0,-1.0,-1.0,-1.0,-1.0,-1.0,-1.0,-1.0,-1.0,-1.0,-1.0,-1.0,-1.0,-1.0,-1.0,-1.0,-1.0,-1.0,-1.0,-1.0,-1.0,-1.0,-1.0,-1.0,-1.0,-1.0,-1.0,-1.0,-1.0,-1.0,-1.0,-1.0,-1.0,-1.0,-1.0,-1.0,-1.0,-1.0,-1.0,-1.0,-1.0,-1.0,-1.0,-1.0,-1.0,-1.0,-1.0,-1.0,-1.0,-1.0,-1.0,-1.0,-1.0,-1.0,-1.0,-1.0,-1.0,-1.0,-1.0,-1.0,-1.0,-1.0,-1.0,-1.0,-1.0,-1.0,-1.0,-1.0,-1.0,-1.0,-1.0,-1.0,-1.0,-1.0,-1.0,-1.0,-1.0,-1.0,-1.0,-1.0,-1.0,-1.0,-1.0,-1.0,-1.0,-1.0,-1.0,-1.0,-1.0,-1.0,-1.0,-1.0,-1.0,-1.0,-1.0,-1.0,-1.0,-1.0,-1.0,-1.0,-1.0,-1.0,-1.0,-1.0,-1.0,-1.0,-1.0,-1.0,-1.0,-1.0,-1.0,-1.0,-1.0,-1.0,-1.0,-1.0,-1.0,-1.0,-1.0,-1.0,-1.0,-1.0,-1.0,-1.0,-1.0,-1.0,-1.0,-1.0,-1.0,-1.0,-1.0,-1.0,-1.0,-1.0,-1.0,-1.0,-1.0,-1.0,-1.0,-1.0,-1.0,-1.0,-1.0,-1.0,-1.0,-1.0,-1.0,-1.0,-1.0,-1.0,-1.0,-1.0,-1.0,-1.0,-1.0,-1.0,-1.0,-1.0,-1.0,-1.0,-1.0,-1.0,-1.0,-1.0,-1.0,-1.0,-1.0,-1.0,-1.0,-1.0,-1.0,-1.0,-1.0,-1.0,-1.0,-1.0,-1.0,-1.0,-1.0,-1.0,-1.0,-1.0,-1.0,-1.0,-1.0,-1.0,-1.0,-1.0,-1.0,-1.0,-1.0,-1.0,-1.0,-1.0,-1.0,-1.0,-1.0,-1.0,-1.0,-1.0,-1.0,-1.0,-1.0,-1.0,-1.0,-1.0,-1.0,-1.0,-1.0,-1.0,-1.0,-1.0,-1.0,-1.0,-1.0,-1.0,-1.0,-1.0,-1.0,-1.0,-1.0,-1.0,-1.0,-1.0,-1.0,-1.0,-1.0,-1.0,-1.0,-1.0,-1.0,-1.0,-1.0,-1.0,-1.0,-1.0,-1.0,-1.0,-1.0,-1.0,-1.0,-1.0,-1.0,-1.0,-1.0,-1.0,-1.0,-1.0,-1.0,-1.0,-1.0,-1.0,-1.0,-1.0,-1.0,-1.0,-1.0,-1.0,-1.0,-1.0,-1.0,-1.0,-1.0,-1.0,-1.0,-1.0,-1.0,-1.0,-1.0,-1.0,-1.0,-1.0,-1.0,-1.0,-1.0,-1.0,-1.0,-1.0,-1.0,-1.0,-1.0,-1.0,-1.0,-1.0,-1.0,-1.0,-1.0,-1.0,-1.0,-1.0,-1.0,-1.0,-1.0,-1.0,-1.0,-1.0,-1.0,-1.0,-1.0,-1.0,-1.0,-1.0,-1.0,-1.0,-1.0,-1.0,-1.0,-1.0,-1.0,-1.0,-1.0,-1.0,-1.0,-1.0,-1.0,-1.0,-1.0,-1.0,-1.0,-1.0,-1.0,-1.0,-1.0,-1.0,-1.0,-1.0,-1.0,-1.0,-1.0,-1.0,-1.0,-1.0,-1.0,-1.0,-1.0,-1.0,-1.0,-1.0,-1.0,-1.0,-1.0,-1.0,-1.0,-1.0,-1.0,-1.0,-1.0,-1.0,-1.0,-1.0,-1.0,-1.0,-1.0,-1.0,-1.0,-1.0,-1.0,-1.0,-1.0,-1.0,-1.0,-1.0,-1.0,-1.0,-1.0,-1.0,-1.0,-1.0,-1.0,-1.0,-1.0,-1.0,-1.0,-1.0,-1.0,-1.0,-1.0,-1.0
-1.0,-1.0,-1.0,-1.0,-1.0,-1.0,-1.0,-1.0,-1.0,-1.0,-1.0,-1.0,-1.0,-1.0,-1.0,-1.0,-1.0,-1.0,-1.0,-1.0,-1.0,-1.0,-1.0,-1.0,-1.0,-1.0,-1.0,-1.0,-1.0,-1.0,-1.0,-1.0,-1.0,-1.0,-1.0,-1.0,-1.0,-1.0,-1.0,-1.0,-1.0,-1.0,-1.0,-1.0,-1.0,-1.0,-1.0,-1.0,-1.0,-1.0,-1.0,-1.0,-1.0,-1.0,-1.0,-1.0,-1.0,-1.0,-1.0,-1.0,-1.0,-1.0,-1.0,-1.0,-1.0,-1.0,-1.0,-1.0,-1.0,-1.0,-1.0,-1.0,-1.0,-1.0,-1.0,-1.0,-1.0,-1.0,-1.0,-1.0,-1.0,-1.0,-1.0,-1.0,-1.0,-1.0,-1.0,-1.0,-1.0,-1.0,-1.0,-1.0,-1.0,-1.0,-1.0,-1.0,-1.0,-1.0,-1.0,-1.0,-1.0,-1.0,-1.0,-1.0,-1.0,-1.0,-1.0,-1.0,-1.0,-1.0,-1.0,-1.0,-1.0,-1.0,-1.0,-1.0,-1.0,-1.0,-1.0,-1.0,-1.0,-1.0,-1.0,-1.0,-1.0,-1.0,-1.0,-1.0,-1.0,-1.0,-1.0,-1.0,-1.0,-1.0,-1.0,-1.0,-1.0,-1.0,-1.0,-1.0,-1.0,-1.0,-1.0,-1.0,-1.0,-1.0,-1.0,-1.0,-1.0,-1.0,-1.0,-1.0,-1.0,-1.0,-1.0,-1.0,-1.0,-1.0,-1.0,-1.0,-1.0,-1.0,-1.0,-1.0,-1.0,-1.0,-1.0,-1.0,-1.0,-1.0,-1.0,-1.0,-1.0,-1.0,-1.0,-1.0,-1.0,-1.0,-1.0,-1.0,-1.0,-1.0,-1.0,-1.0,-1.0,-1.0,-1.0,-1.0,-1.0,-1.0,-1.0,-1.0,-1.0,-1.0,-1.0,-1.0,-1.0,-1.0,-1.0,-1.0,-1.0,-1.0,-1.0,-1.0,-1.0,-1.0,-1.0,-1.0,-1.0,-1.0,-1.0,-1.0,-1.0,-1.0,-1.0,-1.0,-1.0,-1.0,-1.0,-1.0,-1.0,-1.0,-1.0,-1.0,-1.0,-1.0,-1.0,-1.0,-1.0,-1.0,-1.0,-1.0,-1.0,-1.0,-1.0,-1.0,-1.0,-1.0,-1.0,-1.0,-1.0,-1.0,-1.0,-1.0,-1.0,-1.0,-1.0,-1.0,-1.0,-1.0,-1.0,-1.0,-1.0,-1.0,-1.0,-1.0,-1.0,-1.0,-1.0,-1.0,-1.0,-1.0,-1.0,-1.0,-1.0,-1.0,-1.0,-1.0,-1.0,-1.0,-1.0,-1.0,-1.0,-1.0,-1.0,-1.0,-1.0,-1.0,-1.0,-1.0,-1.0,-1.0,-1.0,-1.0,-1.0,-1.0,-1.0,-1.0,-1.0,-1.0,-1.0,-1.0,-1.0,-1.0,-1.0,-1.0,-1.0,-1.0,-1.0,-1.0,-1.0,-1.0,-1.0,-1.0,-1.0,-1.0,-1.0,-1.0,-1.0,-1.0,-1.0,-1.0,-1.0,-1.0,-1.0,-1.0,-1.0,-1.0,-1.0,-1.0,-1.0,-1.0,-1.0,-1.0,-1.0,-1.0,-1.0,-1.0,-1.0,-1.0,-1.0,-1.0,-1.0,-1.0,-1.0,-1.0,-1.0,-1.0,-1.0,-1.0,-1.0,-1.0,-1.0,-1.0,-1.0,-1.0,-1.0,-1.0,-1.0,-1.0,-1.0,-1.0,-1.0,-1.0,-1.0,-1.0,-1.0,-1.0,-1.0,-1.0,-1.0,-1.0,-1.0,-1.0,-1.0,-1.0,-1.0,-1.0,-1.0,-1.0,-1.0,-1.0,-1.0,-1.0,-1.0,-1.0,-1.0,-1.0,-1.0,-1.0,-1.0,-1.0,-1.0,-1.0,-1.0,-1.0,-1.0,-1.0,-1.0,-1.0,-1.0,-1.0,-1.0,-1.0,-1.0,-1.0,-1.0,-1.0,-1.0,-1.0,-1.0,-1.0,-1.0,-1.0,-1.0,-1.0,-1.0,-1.0,-1.0,-1.0,-1.0,-1.0,-1.0,-1.0,-1.0,-1.0,-1.0,-1.0,-1.0,-1.0,-1.0,-1.0,-1.0,-1.0,-1.0,-1.0,-1.0,-1.0,-1.0,-1.0,-1.0,-1.0,-1.0,-1.0
-1.0,-1.0,-1.0,-1.0,-1.0,-1.0,-1.0,-1.0,-1.0,-1.0,-1.0,-1.0,-1.0,-1.0,-1.0,-1.0,-1.0,-1.0,-1.0,-1.0,-1.0,-1.0,-1.0,-1.0,-1.0,-1.0,-1.0,-1.0,-1.0,-1.0,-1.0,-1.0,-1.0,-1.0,-1.0,-1.0,-1.0,-1.0,-1.0,-1.0,-1.0,-1.0,-1.0,-1.0,-1.0,-1.0,-1.0,-1.0,-1.0,-1.0,-1.0,-1.0,-1.0,-1.0,-1.0,-1.0,-1.0,-1.0,-1.0,-1.0,-1.0,-1.0,-1.0,-1.0,-1.0,-1.0,-1.0,-1.0,-1.0,-1.0,-1.0,-1.0,-1.0,-1.0,-1.0,-1.0,-1.0,-1.0,-1.0,-1.0,-1.0,-1.0,-1.0,-1.0,-1.0,-1.0,-1.0,-1.0,-1.0,-1.0,-1.0,-1.0,-1.0,-1.0,-1.0,-1.0,-1.0,-1.0,-1.0,-1.0,-1.0,-1.0,-1.0,-1.0,-1.0,-1.0,-1.0,-1.0,-1.0,-1.0,-1.0,-1.0,-1.0,-1.0,-1.0,-1.0,-1.0,-1.0,-1.0,-1.0,-1.0,-1.0,-1.0,-1.0,-1.0,-1.0,-1.0,-1.0,-1.0,-1.0,-1.0,-1.0,-1.0,-1.0,-1.0,-1.0,-1.0,-1.0,-1.0,-1.0,-1.0,-1.0,-1.0,-1.0,-1.0,-1.0,-1.0,-1.0,-1.0,-1.0,-1.0,-1.0,-1.0,-1.0,-1.0,-1.0,-1.0,-1.0,-1.0,-1.0,-1.0,-1.0,-1.0,-1.0,-1.0,-1.0,-1.0,-1.0,-1.0,-1.0,-1.0,-1.0,-1.0,-1.0,-1.0,-1.0,-1.0,-1.0,-1.0,-1.0,-1.0,1.0,-1.0,-1.0,-1.0,-1.0,-1.0,-1.0,-1.0,-1.0,-1.0,-1.0,-1.0,-1.0,-1.0,-1.0,-1.0,-1.0,-1.0,-1.0,-1.0,-1.0,-1.0,-1.0,-1.0,-1.0,-1.0,-1.0,-1.0,-1.0,-1.0,-1.0,-1.0,-1.0,-1.0,-1.0,-1.0,-1.0,-1.0,-1.0,-1.0,-1.0,-1.0,-1.0,-1.0,-1.0,-1.0,-1.0,-1.0,-1.0,-1.0,-1.0,-1.0,-1.0,-1.0,-1.0,-1.0,-1.0,-1.0,-1.0,-1.0,-1.0,-1.0,-1.0,-1.0,-1.0,-1.0,-1.0,-1.0,-1.0,-1.0,-1.0,-1.0,-1.0,-1.0,-1.0,-1.0,-1.0,-1.0,-1.0,-1.0,-1.0,-1.0,-1.0,-1.0,-1.0,-1.0,-1.0,-1.0,-1.0,-1.0,-1.0,-1.0,-1.0,-1.0,-1.0,-1.0,-1.0,-1.0,-1.0,-1.0,-1.0,-1.0,-1.0,-1.0,-1.0,-1.0,-1.0,-1.0,-1.0,-1.0,-1.0,-1.0,-1.0,-1.0,-1.0,-1.0,-1.0,-1.0,-1.0,-1.0,-1.0,-1.0,-1.0,-1.0,-1.0,-1.0,-1.0,-1.0,-1.0,-1.0,-1.0,-1.0,-1.0,-1.0,-1.0,-1.0,-1.0,-1.0,-1.0,-1.0,-1.0,-1.0,-1.0,-1.0,-1.0,-1.0,-1.0,-1.0,-1.0,-1.0,-1.0,-1.0,-1.0,-1.0,-1.0,-1.0,-1.0,-1.0,-1.0,-1.0,-1.0,-1.0,-1.0,-1.0,-1.0,-1.0,-1.0,-1.0,-1.0,-1.0,-1.0,-1.0,-1.0,-1.0,-1.0,-1.0,-1.0,-1.0,-1.0,-1.0,-1.0,-1.0,-1.0,-1.0,-1.0,-1.0,-1.0,-1.0,-1.0,-1.0,-1.0,-1.0,-1.0,-1.0,-1.0,-1.0,-1.0,-1.0,-1.0,-1.0,-1.0,-1.0,-1.0,-1.0,-1.0,-1.0,-1.0,-1.0,-1.0,-1.0,-1.0,-1.0,-1.0,-1.0,-1.0,-1.0,-1.0,-1.0,-1.0,-1.0,-1.0,-1.0,-1.0,-1.0,-1.0,-1.0,-1.0,-1.0,-1.0,-1.0,-1.0,-1.0,-1.0,-1.0,-1.0,-1.0,-1.0,-1.0,-1.0,-1.0,-1.0,-1.0,-1.0,-1.0,-1.0,-1.0,-1.0,-1.0,-1.0,-1.0,-1.0,-1.0,-1.0
-1.0,-1.0,-1.0,-1.0,-1.0,-1.0,-1.0,-1.0,-1.0,-1.0,-1.0,-1.0,-1.0,-1.0,-1.0,-1.0,-1.0,-1.0,-1.0,-1.0,-1.0,-1.0,-1.0,-1.0,-1.0,-1.0,-1.0,-1.0,-1.0,-1.0,-1.0,-1.0,-1.0,-1.0,-1.0,-1.0,-1.0,-1.0,-1.0,-1.0,-1.0,-1.0,-1.0,-1.0,-1.0,-1.0,-1.0,-1.0,-1.0,-1.0,-1.0,-1.0,-1.0,-1.0,-1.0,-1.0,-1.0,-1.0,-1.0,-1.0,-1.0,-1.0,-1.0,-1.0,-1.0,-1.0,-1.0,-1.0,-1.0,-1.0,-1.0,-1.0,-1.0,-1.0,-1.0,-1.0,-1.0,-1.0,-1.0,-1.0,-1.0,-1.0,-1.0,-1.0,-1.0,-1.0,-1.0,-1.0,-1.0,-1.0,-1.0,-1.0,-1.0,-1.0,-1.0,-1.0,-1.0,-1.0,-1.0,-1.0,-1.0,-1.0,-1.0,-1.0,-1.0,-1.0,-1.0,-1.0,-1.0,-1.0,-1.0,-1.0,-1.0,-1.0,-1.0,-1.0,-1.0,-1.0,-1.0,-1.0,-1.0,-1.0,-1.0,-1.0,-1.0,-1.0,-1.0,-1.0,-1.0,-1.0,-1.0,-1.0,-1.0,-1.0,-1.0,-1.0,-1.0,-1.0,-1.0,-1.0,-1.0,-1.0,-1.0,-1.0,-1.0,-1.0,-1.0,-1.0,-1.0,-1.0,-1.0,-1.0,-1.0,-1.0,-1.0,-1.0,-1.0,-1.0,-1.0,-1.0,-1.0,-1.0,-1.0,-1.0,-1.0,-1.0,-1.0,-1.0,-1.0,-1.0,-1.0,-1.0,-1.0,-1.0,-1.0,-1.0,-1.0,-1.0,-1.0,-1.0,-1.0,-1.0,-1.0,-1.0,-1.0,-1.0,-1.0,-1.0,-1.0,-1.0,-1.0,-1.0,-1.0,-1.0,-1.0,-1.0,-1.0,-1.0,-1.0,-1.0,-1.0,-1.0,-1.0,-1.0,-1.0,-1.0,-1.0,-1.0,-1.0,-1.0,-1.0,-1.0,-1.0,-1.0,-1.0,-1.0,-1.0,-1.0,-1.0,-1.0,-1.0,-1.0,-1.0,-1.0,-1.0,-1.0,-1.0,-1.0,-1.0,-1.0,-1.0,-1.0,-1.0,-1.0,-1.0,-1.0,-1.0,-1.0,-1.0,-1.0,-1.0,-1.0,-1.0,-1.0,-1.0,-1.0,-1.0,-1.0,-1.0,-1.0,-1.0,-1.0,-1.0,-1.0,-1.0,-1.0,-1.0,-1.0,-1.0,-1.0,-1.0,-1.0,-1.0,-1.0,-1.0,-1.0,-1.0,-1.0,-1.0,-1.0,-1.0,-1.0,-1.0,-1.0,-1.0,-1.0,-1.0,-1.0,-1.0,-1.0,-1.0,-1.0,-1.0,-1.0,-1.0,-1.0,-1.0,-1.0,-1.0,-1.0,-1.0,-1.0,-1.0,-1.0,-1.0,-1.0,-1.0,-1.0,-1.0,-1.0,-1.0,-1.0,-1.0,-1.0,-1.0,-1.0,-1.0,-1.0,-1.0,-1.0,-1.0,-1.0,-1.0,-1.0,-1.0,-1.0,-1.0,-1.0,-1.0,-1.0,-1.0,-1.0,-1.0,-1.0,-1.0,-1.0,-1.0,-1.0,-1.0,-1.0,-1.0,-1.0,-1.0,-1.0,-1.0,-1.0,-1.0,-1.0,-1.0,-1.0,-1.0,-1.0,-1.0,-1.0,-1.0,-1.0,-1.0,-1.0,-1.0,-1.0,-1.0,-1.0,-1.0,-1.0,-1.0,-1.0,-1.0,-1.0,-1.0,-1.0,-1.0,-1.0,-1.0,-1.0,-1.0,-1.0,-1.0,-1.0,-1.0,-1.0,-1.0,-1.0,-1.0,-1.0,-1.0,-1.0,-1.0,-1.0,-1.0,-1.0,-1.0,-1.0,-1.0,-1.0,-1.0,-1.0,-1.0,-1.0,-1.0,-1.0,-1.0,-1.0,-1.0,-1.0,-1.0,-1.0,-1.0,-1.0,-1.0,-1.0,-1.0,-1.0,-1.0,-1.0,-1.0,-1.0,-1.0,-1.0,-1.0,-1.0,-1.0,-1.0,-1.0,-1.0,-1.0,-1.0,-1.0,-1.0,-1.0,-1.0,-1.0,-1.0,-1.0,-1.0,-1.0,-1.0,-1.0,-1.0,-1.0,-1.0,-1.0,-1.0,-1.0,-1.0
