-1.0,1.0,1.0,1.0,1.0,1.0,1.0,1.0,1.0,-1.0,1.0,1.0,1.0,1.0,1.0,-1.0,-1.0,-1.0,-1.0,-1.0,-1.0,-1.0,-1.0,-1.0,-1.0,1.0,-1.0,1.0,1.0,-1.0,-1.0,-1.0,1.0,1.0,1.0,1.0,1.0,-1.0,1.0,1.0,1.0,1.0,1.0,1.0,1.0,1.0,1.0,1.0,1.0,1.0,1.0,1.0,1.0,1.0,-1.0,1.0,-1.0,-1.0,1.0,1.0,1.0,1.0,1.0,1.0,1.0,1.0,-1.0,-1.0,-1.0,1.0,-1.0,1.0,1.0,-1.0,-1.0,-1.0,1.0,1.0,-1.0,1.0,1.0,1.0,1.0,1.0,1.0,1.0,1.0,1.0,1.0,1.0,1.0,1.0,1.0,1.0,1.0,1.0,1.0,1.0,1.0,1.0,1.0,1.0,1.0,1.0,1.0,1.0,1.0,1.0,1.0,1.0,1.0,1.0,1.0,-1.0,-1.0,1.0,-1.0,1.0,-1.0,-1.0,-1.0,-1.0,-1.0,-1.0,-1.0,-1.0,-1.0,-1.0,1.0,-1.0,-1.0,1.0,-1.0,-1.0,1.0,1.0,-1.0,1.0,-1.0,-1.0,-1.0,1.0,1.0,-1.0,1.0,-1.0,-1.0,-1.0,1.0,-1.0,1.0,-1.0,1.0,1.0,1.0,1.0,1.0,1.0,1.0,1.0,1.0,-1.0,-1.0,-1.0,1.0,1.0,1.0,1.0,-1.0,1.0,1.0,1.0,-1.0,-1.0,1.0,1.0,-1.0,-1.0,-1.0,-1.0,1.0,1.0,1.0,1.0,1.0,1.0,1.0,1.0,1.0,1.0,1.0,1.0,1.0,1.0,1.0,1.0,1.0,1.0,1.0,1.0,1.0,1.0,1.0,1.0,1.0,1.0,1.0,1.0,1.0,1.0,1.0,1.0,1.0,1.0,1.0,1.0,1.0,1.0,1.0,1.0,1.0,1.0,1.0,1.0,1.0,1.0,1.0,1.0,1.0,1.0,1.0,1.0,1.0,1.0,1.0,1.0,1.0,1.0,1.0,1.0,1.0,1.0,1.0,1.0,1.0,1.0,1.0,1.0,1.0,1.0,1.0,1.0,1.0,1.0,1.0,1.0,1.0,1.0,1.0,1.0,1.0,1.0,1.0,1.0,1.0,1.0,1.0,1.0,1.0,1.0,1.0,1.0,1.0,1.0,1.0,1.0,1.0,1.0,1.0,1.0,1.0,1.0,1.0,1.0,1.0,1.0,1.0,1.0,1.0,1.0,1.0,1.0,1.0,1.0,1.0,1.0,1.0,1.0,1.0,1.0,1.0,1.0,1.0,1.0,1.0,1.0,1.0,1.0,1.0,1.0,1.0,1.0,1.0,1.0,-1.0,-1.0,-1.0,-1.0,-1.0,-1.0,-1.0,-1.0,-1.0,-1.0,1.0,1.0,1.0,1.0,1.0,1.0,1.0,1.0,1.0,1.0,1.0,1.0,-1.0,1.0,1.0,1.0,1.0,1.0,1.0,1.0,1.0,1.0,1.0,1.0,1.0,1.0,1.0,1.0,1.0,1.0,1.0,1.0,-1.0,1.0,1.0,1.0,1.0,1.0,-1.0,1.0,1.0,1.0,1.0,1.0,1.0,-1.0,1.0,1.0,1.0,-1.0,-1.0,-1.0,-1.0,-1.0,-1.0,1.0,-1.0
-1.0,-1.0,-1.0,-1.0,-1.0,-1.0,-1.0,-1.0,-1.0,-1.0,-1.0,-1.0,-1.0,-1.0,-1.0,-1.0,-1.0,-1.0,-1.0,-1.0,-1.0,-1.0,-1.0,-1.0,-1.0,-1.0,-1.0,-1.0,-1.0,-1.0,-1.0,-1.0,-1.0,-1.0,-1.0,-1.0,-1.0,-1.0,-1.0,-1.0,-1.0,-1.0,-1.0,-1.0,-1.0,-1.0,-1.0,-1.0,-1.0,-1.0,-1.0,-1.0,-1.0,-1.0,-1.0,-1.0,-1.0,-1.0,-1.0,-1.0,-1.0,-1.0,-1.0,-1.0,-1.0,-1.0,-1.0,-1.0,-1.0,-1.0,-1.0,-1.0,-1.0,-1.0,-1.0,-1.0,-1.0,-1.0,-1.0,-1.0,-1.0,-1.0,-1.0,-1.0,-1.0,-1.0,-1.0,-1.0,-1.0,-1.0,-1.0,-1.0,-1.0,-1.0,-1.0,-1.0,-1.0,-1.0,-1.0,-1.0,-1.0,-1.0,-1.0,-1.0,-1.0,-1.0,-1.0,-1.0,-1.0,-1.0,-1.0,-1.0,-1.0,-1.0,-1.0,-1.0,-1.0,1.0,-1.0,-1.0,-1.0,-1.0,-1.0,-1.0,-1.0,-1.0,-1.0,-1.0,-1.0,-1.0,-1.0,-1.0,-1.0,-1.0,-1.0,-1.0,-1.0,-1.0,-1.0,-1.0,-1.0,-1.0,-1.0,-1.0,-1.0,-1.0,-1.0,-1.0,-1.0,-1.0,-1.0,-1.0,-1.0,-1.0,-1.0,-1.0,-1.0,-1.0,-1.0,-1.0,-1.0,-1.0,-1.0,-1.0,-1.0,-1.0,-1.0,-1.0,-1.0,-1.0,-1.0,-1.0,-1.0,-1.0,-1.0,-1.0,-1.0,-1.0,-1.0,-1.0,-1.0,-1.0,-1.0,-1.0,1.0,-1.0,-1.0,1.0,-1.0,-1.0,-1.0,-1.0,1.0,-1.0,-1.0,1.0,-1.0,-1.0,1.0,-1.0,-1.0,1.0,-1.0,-1.0,1.0,-1.0,-1.0,1.0,-1.0,-1.0,-1.0,1.0,-1.0,-1.0,-1.0,1.0,-1.0,-1.0,1.0,-1.0,-1.0,1.0,-1.0,-1.0,1.0,-1.0,-1.0,1.0,-1.0,-1.0,1.0,-1.0,-1.0,1.0,-1.0,-1.0,1.0,-1.0,-1.0,1.0,-1.0,-1.0,1.0,-1.0,-1.0,1.0,-1.0,-1.0,1.0,-1.0,-1.0,1.0,-1.0,-1.0,-1.0,-1.0,1.0,-1.0,-1.0,1.0,-1.0,-1.0,-1.0,-1.0,1.0,-1.0,-1.0,1.0,-1.0,-1.0,-1.0,-1.0,1.0,-1.0,-1.0,1.0,-1.0,-1.0,-1.0,-1.0,1.0,-1.0,-1.0,1.0,-1.0,-1.0,-1.0,1.0,-1.0,-1.0,1.0,-1.0,-1.0,-1.0,1.0,-1.0,-1.0,1.0,-1.0,-1.0,-1.0,-1.0,1.0,-1.0,-1.0,1.0,-1.0,-1.0,-1.0,-1.0,1.0,-1.0,-1.0,1.0,-1.0,-1.0,-1.0,-1.0,-1.0,-1.0,-1.0,-1.0,-1.0,-1.0,-1.0,-1.0,-1.0,-1.0,-1.0,-1.0,-1.0,-1.0,-1.0,-1.0,-1.0,-1.0,-1.0,-1.0,-1.0,-1.0,-1.0,-1.0,-1.0,-1.0,-1.0,-1.0,-1.0,-1.0,-1.0,-1.0,-1.0,-1.0,-1.0,-1.0,-1.0,-1.0,-1.0,-1.0,-1.0,-1.0,-1.0,-1.0,-1.0,-1.0,-1.0,-1.0,-1.0,-1.0,-1.0,-1.0,-1.0,-1.0,-1.0,-1.0,-1.0,-1.0,-1.0,-1.0,-1.0,-1.0,-1.0
0.0,0.0,0.0,0.0,0.0,0.0,0.0,0.0,0.0,0.0,0.0,0.0,0.0,0.0,0.0,0.0,0.0,0.0,0.0,0.0,0.0,0.0,0.0,0.0,0.0,0.0,0.0,0.0,0.0,0.0,0.0,0.0,0.0,0.0,0.0,0.0,0.0,0.0,0.0,0.0,0.0,0.0,0.0,0.0,0.0,0.0,0.0,0.0,0.0,0.0,0.0,0.0,0.0,0.0,0.0,0.0,0.0,0.0,0.0,0.0,0.0,0.0,0.0,0.0,0.0,0.0,0.0,0.0,0.0,0.0,0.0,0.0,0.0,0.0,0.0,0.0,0.0,0.0,0.0,0.0,0.0,0.0,0.0,0.0,0.0,0.0,0.0,0.0,0.0,0.0,0.0,0.0,0.0,0.0,0.0,0.0,0.0,0.0,0.0,0.0,0.0,0.0,0.0,0.0,0.0,0.0,0.0,0.0,0.0,0.0,0.0,0.0,0.0,0.0,0.0,0.0,0.0,0.0,0.0,0.0,0.0,0.0,0.0,0.0,0.0,0.0,0.0,0.0,0.0,0.0,0.0,0.0,0.0,0.0,0.0,0.0,0.0,0.0,0.0,0.0,0.0,0.0,0.0,0.0,0.0,0.0,0.0,0.0,0.0,0.0,0.0,0.0,0.0,0.0,0.0,0.0,0.0,0.0,0.0,0.0,0.0,0.0,0.0,0.0,0.0,0.0,0.0,0.0,0.0,0.0,0.0,0.0,0.0,0.0,0.0,0.0,0.0,0.0,0.0,0.0,0.0,0.0,0.0,0.0,0.0,0.0,0.0,0.0,0.0,0.0,0.0,0.0,0.0,0.0,0.0,0.0,0.0,0.0,0.0,0.0,0.0,0.0,0.0,0.0,0.0,0.0,0.0,0.0,0.0,0.0,0.0,0.0,0.0,0.0,0.0,0.0,0.0,0.0,0.0,0.0,0.0,0.0,0.0,0.0,0.0,0.0,0.0,0.0,0.0,0.0,0.0,0.0,0.0,0.0,0.0,0.0,0.0,0.0,0.0,0.0,0.0,0.0,0.0,0.0,0.0,0.0,0.0,0.0,0.0,0.0,0.0,0.0,0.0,0.0,0.0,0.0,0.0,0.0,0.0,0.0,0.0,0.0,0.0,0.0,0.0,0.0,0.0,0.0,0.0,0.0,0.0,0.0,0.0,0.0,0.0,0.0,0.0,0.0,0.0,0.0,0.0,0.0,0.0,0.0,0.0,0.0,0.0,0.0,0.0,0.0,0.0,0.0,0.0,0.0,0.0,0.0,0.0,0.0,0.0,0.0,0.0,0.0,0.0,0.0,0.0,0.0,0.0,0.0,0.0,0.0,0.0,0.0,0.0,0.0,0.0,0.0,0.0,0.0,0.0,0.0,0.0,0.0,0.0,0.0,0.0,0.0,0.0,0.0,0.0,0.0,0.0,0.0,0.0,0.0,0.0,0.0,0.0,0.0,0.0,0.0,0.0,0.0,0.0,0.0,0.0,0.0,0.0,0.0,0.0,0.0,0.0,0.0,0.0,0.0,0.0,0.0,0.0,0.0,0.0,0.0,0.0,0.0,0.0,0.0,0.0,0.0,0.0,0.0,0.0,0.0,0.0,0.0,0.0,0.0,0.0,0.0,0.0,0.0,0.0,0.0,0.0
0.30918791307372295,0.30918791307372295,0.30918791307372295,0.30918791307372295,0.30918791307372295,0.30918791307372295,0.30918791307372295,0.30918791307372295,0.30918791307372295,0.30918791307372295,0.30918791307372295,0.30918791307372295,0.30918791307372295,0.30918791307372295,0.30918791307372295,0.30918791307372295,0.30918791307372295,0.30918791307372295,0.30918791307372295,0.30918791307372295,0.30918791307372295,0.30918791307372295,0.30918791307372295,0.30918791307372295,0.30918791307372295,0.30918791307372295,0.30918791307372295,0.30918791307372295,0.30918791307372295,0.30918791307372295,0.30918791307372295,0.30918791307372295,0.30918791307372295,0.30918791307372295,0.30918791307372295,0.30918791307372295,0.30918791307372295,0.30918791307372295,0.30918791307372295,0.30918791307372295,0.30918791307372295,0.30918791307372295,0.30918791307372295,0.30918791307372295,0.30918791307372295,0.30918791307372295,0.30918791307372295,0.30918791307372295,0.30918791307372295,0.30918791307372295,0.30918791307372295,0.30918791307372295,0.30918791307372295,0.30918791307372295,0.30918791307372295,0.30918791307372295,0.30918791307372295,0.30918791307372295,0.30918791307372295,0.30918791307372295,0.30918791307372295,0.30918791307372295,0.30918791307372295,0.30918791307372295,0.30918791307372295,0.30918791307372295,0.30918791307372295,0.30918791307372295,0.30918791307372295,0.30918791307372295,0.30918791307372295,-3.234513096367228,0.30918791307372295,0.30918791307372295,0.30918791307372295,0.30918791307372295,0.30918791307372295,-3.234513096367228,0.30918791307372295,0.30918791307372295,0.30918791307372295,0.30918791307372295,0.30918791307372295,0.30918791307372295,0.30918791307372295,0.30918791307372295,0.30918791307372295,0.30918791307372295,0.30918791307372295,0.30918791307372295,0.30918791307372295,0.30918791307372295,0.30918791307372295,0.30918791307372295,0.30918791307372295,0.30918791307372295,0.30918791307372295,0.30918791307372295,0.30918791307372295,0.30918791307372295,0.30918791307372295,0.30918791307372295,0.30918791307372295,0.30918791307372295,0.30918791307372295,0.30918791307372295,0.30918791307372295,0.30918791307372295,0.30918791307372295,0.30918791307372295,0.30918791307372295,0.30918791307372295,0.30918791307372295,0.30918791307372295,0.30918791307372295,0.30918791307372295,0.30918791307372295,0.30918791307372295,0.30918791307372295,0.30918791307372295,0.30918791307372295,0.30918791307372295,0.30918791307372295,0.30918791307372295,0.30918791307372295,0.30918791307372295,0.30918791307372295,0.30918791307372295,0.30918791307372295,0.30918791307372295,0.30918791307372295,0.30918791307372295,0.30918791307372295,0.30918791307372295,0.30918791307372295,0.30918791307372295,0.30918791307372295,0.30918791307372295,0.30918791307372295,0.30918791307372295,0.30918791307372295,0.30918791307372295,0.30918791307372295,0.30918791307372295,0.30918791307372295,0.30918791307372295,0.30918791307372295,0.30918791307372295,0.30918791307372295,0.30918791307372295,0.30918791307372295,0.30918791307372295,0.30918791307372295,0.30918791307372295,0.30918791307372295,0.30918791307372295,0.30918791307372295,0.30918791307372295,0.30918791307372295,0.30918791307372295,0.30918791307372295,0.30918791307372295,0.30918791307372295,0.30918791307372295,0.30918791307372295,0.30918791307372295,0.30918791307372295,0.30918791307372295,0.30918791307372295,0.30918791307372295,0.30918791307372295,0.30918791307372295,0.30918791307372295,0.30918791307372295,0.30918791307372295,0.30918791307372295,0.30918791307372295,0.30918791307372295,0.30918791307372295,0.30918791307372295,0.30918791307372295,0.30918791307372295,0.30918791307372295,0.30918791307372295,0.30918791307372295,0.30918791307372295,0.30918791307372295,0.30918791307372295,0.30918791307372295,0.30918791307372295,0.30918791307372295,0.30918791307372295,0.30918791307372295,0.30918791307372295,0.30918791307372295,0.30918791307372295,0.30918791307372295,0.30918791307372295,0.30918791307372295,0.30918791307372295,0.30918791307372295,0.30918791307372295,0.30918791307372295,0.30918791307372295,0.30918791307372295,0.30918791307372295,0.30918791307372295,0.30918791307372295,0.30918791307372295,0.30918791307372295,0.30918791307372295,0.30918791307372295,0.30918791307372295,0.30918791307372295,0.30918791307372295,0.30918791307372295,0.30918791307372295,0.30918791307372295,0.30918791307372295,0.30918791307372295,0.30918791307372295,0.30918791307372295,0.30918791307372295,0.30918791307372295,0.30918791307372295,0.30918791307372295,0.30918791307372295,0.30918791307372295,0.30918791307372295,0.30918791307372295,0.30918791307372295,0.30918791307372295,0.30918791307372295,0.30918791307372295,0.30918791307372295,0.30918791307372295,0.30918791307372295,0.30918791307372295,0.30918791307372295,0.30918791307372295,0.30918791307372295,0.30918791307372295,0.30918791307372295,0.30918791307372295,0.30918791307372295,0.30918791307372295,0.30918791307372295,0.30918791307372295,0.30918791307372295,0.30918791307372295,0.30918791307372295,0.30918791307372295,0.30918791307372295,0.30918791307372295,0.30918791307372295,0.30918791307372295,0.30918791307372295,0.30918791307372295,0.30918791307372295,0.30918791307372295,0.30918791307372295,0.30918791307372295,0.30918791307372295,0.30918791307372295,0.30918791307372295,0.30918791307372295,0.30918791307372295,0.30918791307372295,0.30918791307372295,0.30918791307372295,0.30918791307372295,0.30918791307372295,0.30918791307372295,0.30918791307372295,0.30918791307372295,0.30918791307372295,0.30918791307372295,0.30918791307372295,0.30918791307372295,0.30918791307372295,0.30918791307372295,0.30918791307372295,0.30918791307372295,0.30918791307372295,0.30918791307372295,0.30918791307372295,0.30918791307372295,0.30918791307372295,0.30918791307372295,0.30918791307372295,0.30918791307372295,0.30918791307372295,0.30918791307372295,0.30918791307372295,0.30918791307372295,0.30918791307372295,0.30918791307372295,0.30918791307372295,0.30918791307372295,0.30918791307372295,0.30918791307372295,0.30918791307372295,0.30918791307372295,0.30918791307372295,0.30918791307372295,0.30918791307372295,0.30918791307372295,0.30918791307372295,0.30918791307372295,0.30918791307372295,0.30918791307372295,0.30918791307372295,0.30918791307372295,0.30918791307372295,0.30918791307372295,0.30918791307372295,0.30918791307372295,0.30918791307372295,0.30918791307372295,0.30918791307372295,0.30918791307372295,0.30918791307372295,0.30918791307372295,0.30918791307372295,-3.234513096367228,0.30918791307372295,0.30918791307372295,0.30918791307372295,0.30918791307372295,0.30918791307372295,0.30918791307372295,0.30918791307372295,0.30918791307372295,0.30918791307372295,0.30918791307372295,0.30918791307372295,0.30918791307372295,0.30918791307372295,0.30918791307372295,0.30918791307372295,0.30918791307372295,0.30918791307372295,0.30918791307372295,0.30918791307372295,0.30918791307372295,0.30918791307372295,0.30918791307372295,0.30918791307372295,0.30918791307372295,0.30918791307372295,0.30918791307372295,0.30918791307372295,0.30918791307372295,0.30918791307372295,0.30918791307372295,0.30918791307372295,0.30918791307372295,0.30918791307372295,0.30918791307372295,0.30918791307372295,0.30918791307372295,0.30918791307372295,0.30918791307372295,0.30918791307372295,0.30918791307372295,0.30918791307372295,0.30918791307372295,0.30918791307372295,0.30918791307372295,0.30918791307372295,0.30918791307372295,0.30918791307372295,0.30918791307372295,0.30918791307372295,0.30918791307372295,0.30918791307372295,0.30918791307372295,0.30918791307372295,0.30918791307372295,0.30918791307372295,0.30918791307372295
-0.3402387645907802,-1.2519502074688795,-0.6767243314855225,-0.6767243314855225,-0.3402387645907802,-0.3402387645907802,-1.2519502074688795,-0.3402387645907802,-0.6767243314855225,-1.2519502074688795,-1.2519502074688795,-1.2519502074688795,-1.2519502074688795,-1.2519502074688795,-1.2519502074688795,-0.6767243314855225,-0.3402387645907802,-0.3402387645907802,-0.3402387645907802,-0.6767243314855225,-0.6767243314855225,-0.3402387645907802,-0.6767243314855225,-0.3402387645907802,-0.6767243314855225,-1.2519502074688795,-0.6767243314855225,-1.2519502074688795,-1.2519502074688795,-1.2519502074688795,-0.6767243314855225,-1.2519502074688795,-1.2519502074688795,-1.2519502074688795,-0.6767243314855225,-1.2519502074688795,-1.2519502074688795,0.08368291488307082,-0.6767243314855225,-1.2519502074688795,-0.6767243314855225,-0.6767243314855225,-1.2519502074688795,-0.6767243314855225,-1.2519502074688795,-1.2519502074688795,-0.6767243314855225,-0.6767243314855225,-0.6767243314855225,-0.6767243314855225,-1.2519502074688795,-1.2519502074688795,-0.6767243314855225,-1.2519502074688795,-1.2519502074688795,-0.6767243314855225,-0.6767243314855225,-0.6767243314855225,-1.2519502074688795,-1.2519502074688795,-1.2519502074688795,-0.6767243314855225,-0.6767243314855225,-0.3402387645907802,-0.6767243314855225,-1.2519502074688795,-0.6767243314855225,-0.6767243314855225,0.810212987375934,-1.2519502074688795,-0.6767243314855225,0.0,-1.2519502074688795,-0.3402387645907802,-0.6767243314855225,-0.3402387645907802,-1.2519502074688795,0.0,-0.6767243314855225,-0.3402387645907802,-0.3402387645907802,0.08368291488307082,0.08368291488307082,0.4737274204811915,0.4737274204811915,0.5714726782873192,0.5714726782873192,0.4737274204811915,0.4737274204811915,-0.6767243314855225,0.23498711139257678,-0.6767243314855225,0.23498711139257678,0.4737274204811915,0.4737274204811915,0.36291298676789485,0.36291298676789485,-0.3402387645907802,-0.3402387645907802,-0.10149845550216545,-0.10149845550216545,-0.10149845550216545,-0.10149845550216545,0.8766384709224371,0.8766384709224371,-0.10149845550216545,-0.10149845550216545,-0.10149845550216545,-0.10149845550216545,0.7380043757662827,0.7380043757662827,0.08368291488307082,0.08368291488307082,-0.6767243314855225,-0.6767243314855225,-0.6767243314855225,0.810212987375934,-1.2519502074688795,-0.6767243314855225,-0.3402387645907802,0.23498711139257678,-0.3402387645907802,0.8766384709224371,-1.2519502074688795,1.6526141078838175,1.0992641859387686,-1.2519502074688795,1.6526141078838175,-1.2519502074688795,1.6526141078838175,1.4831841211654184,-1.2519502074688795,1.6526141078838175,1.6526141078838175,-1.2519502074688795,-1.2519502074688795,1.6526141078838175,-1.2519502074688795,1.6241791724479058,-0.3402387645907802,1.6526141078838175,-1.2519502074688795,-1.2519502074688795,0.08368291488307082,-1.2519502074688795,0.36291298676789485,-0.6767243314855225,0.36291298676789485,-1.2519502074688795,0.5714726782873192,-1.2519502074688795,-0.6767243314855225,-0.6767243314855225,0.4737274204811915,0.4737274204811915,0.23498711139257678,0.23498711139257678,0.4737274204811915,0.4737274204811915,0.36291298676789485,0.36291298676789485,-0.6767243314855225,0.36291298676789485,0.6589087908664282,-1.2519502074688795,-1.2519502074688795,-0.3402387645907802,-1.2519502074688795,-0.6767243314855225,-1.2519502074688795,-0.3402387645907802,-1.2519502074688795,-0.10149845550216545,-1.2519502074688795,-0.3402387645907802,-1.2519502074688795,0.36291298676789485,-0.3402387645907802,-0.6767243314855225,-0.6767243314855225,-1.2519502074688795,-1.2519502074688795,-0.6767243314855225,-0.10149845550216545,-1.2519502074688795,-0.3402387645907802,1.6526141078838175,-0.6767243314855225,-1.2519502074688795,-1.2519502074688795,-0.6767243314855225,-0.10149845550216545,-1.2519502074688795,-0.3402387645907802,1.6526141078838175,-0.6767243314855225,-0.6767243314855225,1.0489532964645487,-1.2519502074688795,-0.6767243314855225,1.6526141078838175,-0.6767243314855225,-0.6767243314855225,1.0489532964645487,-1.2519502074688795,-0.6767243314855225,1.6526141078838175,-0.6767243314855225,-1.2519502074688795,0.36291298676789485,1.146698554270676,-0.6767243314855225,-1.2519502074688795,0.36291298676789485,1.146698554270676,-0.6767243314855225,-0.6767243314855225,0.5714726782873192,-1.2519502074688795,-0.3402387645907802,1.6526141078838175,-0.6767243314855225,-0.6767243314855225,0.5714726782873192,-1.2519502074688795,-0.3402387645907802,1.6526141078838175,-0.6767243314855225,-0.6767243314855225,0.8766384709224371,-1.2519502074688795,-0.6767243314855225,1.6526141078838175,-0.6767243314855225,-0.6767243314855225,0.8766384709224371,-1.2519502074688795,-0.6767243314855225,1.6526141078838175,-0.6767243314855225,-0.6767243314855225,1.234134666849785,-1.2519502074688795,-0.6767243314855225,1.6526141078838175,-0.6767243314855225,-0.6767243314855225,1.234134666849785,-1.2519502074688795,-0.6767243314855225,1.6526141078838175,-0.6767243314855225,-1.2519502074688795,-1.2519502074688795,-0.6767243314855225,0.36291298676789485,-1.2519502074688795,-0.6767243314855225,1.6526141078838175,-0.6767243314855225,-1.2519502074688795,-1.2519502074688795,-0.6767243314855225,0.36291298676789485,-1.2519502074688795,-0.6767243314855225,1.6526141078838175,-0.6767243314855225,-1.2519502074688795,-1.2519502074688795,-0.6767243314855225,0.23498711139257678,-1.2519502074688795,-0.6767243314855225,1.6526141078838175,-0.6767243314855225,-1.2519502074688795,-1.2519502074688795,-0.6767243314855225,0.23498711139257678,-1.2519502074688795,-0.6767243314855225,1.6526141078838175,-0.6767243314855225,-0.6767243314855225,-0.3402387645907802,-0.3402387645907802,-1.2519502074688795,-0.6767243314855225,1.6526141078838175,-0.6767243314855225,-0.6767243314855225,-0.3402387645907802,-0.3402387645907802,-1.2519502074688795,-0.6767243314855225,1.6526141078838175,-0.6767243314855225,-0.6767243314855225,-1.2519502074688795,0.23498711139257678,0.36291298676789485,-1.2519502074688795,-0.6767243314855225,1.6526141078838175,-0.6767243314855225,-0.6767243314855225,-1.2519502074688795,0.23498711139257678,0.36291298676789485,-1.2519502074688795,-0.6767243314855225,1.6526141078838175,-0.6767243314855225,-0.6767243314855225,-0.3402387645907802,0.23498711139257678,-0.3402387645907802,0.36291298676789485,-0.6767243314855225,0.5714726782873192,-0.3402387645907802,0.8766384709224371,-0.10149845550216545,0.0,-0.3402387645907802,-1.2519502074688795,-1.2519502074688795,-1.2519502074688795,-0.6767243314855225,-0.6767243314855225,-0.3402387645907802,-0.3402387645907802,-1.2519502074688795,-0.3402387645907802,-0.6767243314855225,-0.6767243314855225,-1.2519502074688795,-1.2519502074688795,-1.2519502074688795,-1.2519502074688795,-1.2519502074688795,-0.6767243314855225,-1.2519502074688795,-0.6767243314855225,-0.6767243314855225,-0.6767243314855225,-0.6767243314855225,-1.2519502074688795,-1.2519502074688795,-0.6767243314855225,-1.2519502074688795,-1.2519502074688795,-0.6767243314855225,-1.2519502074688795,-1.2519502074688795,0.08368291488307082,-0.6767243314855225,-1.2519502074688795,-0.6767243314855225,-0.6767243314855225,-1.2519502074688795,-0.3402387645907802,-0.6767243314855225,-0.6767243314855225,-1.2519502074688795,-0.6767243314855225,-0.3402387645907802,-0.6767243314855225,-1.2519502074688795,-1.2519502074688795,-1.2519502074688795,-1.2519502074688795,-0.3402387645907802,-1.2519502074688795,-0.10149845550216545,-0.10149845550216545,-0.10149845550216545,-1.2519502074688795,-0.3402387645907802,-1.2519502074688795
-0.4775130935520587,1.6214432528785871,-0.4775130935520587,0.04722599305560278,-0.4775130935520587,-1.0022521801597202,-0.4775130935520587,0.04722599305560278,0.04722599305560278,1.0967041662709258,1.6214432528785871,0.5719650796632643,0.04722599305560278,0.5719650796632643,1.6214432528785871,0.04722599305560278,0.04722599305560278,-0.4775130935520587,0.04722599305560278,1.0967041662709258,3.720399599309233,-0.4775130935520587,0.5719650796632643,0.5719650796632643,1.0967041662709258,0.5719650796632643,0.04722599305560278,1.6214432528785871,1.0967041662709258,1.6214432528785871,1.6214432528785871,0.5719650796632643,0.04722599305560278,1.6214432528785871,0.04722599305560278,1.0967041662709258,2.1461823394862485,-1.0022521801597202,0.5719650796632643,0.5719650796632643,-0.4775130935520587,0.04722599305560278,0.5719650796632643,1.0967041662709258,2.1461823394862485,1.0967041662709258,0.04722599305560278,-1.0022521801597202,-0.4775130935520587,-1.0022521801597202,0.04722599305560278,3.1956605127015716,1.0967041662709258,0.04722599305560278,-1.0022521801597202,0.04722599305560278,0.5719650796632643,-0.4775130935520587,1.0967041662709258,2.1461823394862485,0.5719650796632643,-0.4775130935520587,0.5719650796632643,-0.4775130935520587,0.04722599305560278,0.5719650796632643,0.04722599305560278,1.0967041662709258,-0.4775130935520587,0.5719650796632643,-0.4775130935520587,-1.0,2.1461823394862485,0.5719650796632643,0.04722599305560278,-1.0022521801597202,2.1461823394862485,-1.0,1.0967041662709258,0.04722599305560278,0.04722599305560278,0.04722599305560278,0.04722599305560278,0.04722599305560278,0.04722599305560278,-0.4775130935520587,-0.4775130935520587,0.5719650796632643,0.5719650796632643,1.6214432528785871,0.04722599305560278,1.6214432528785871,0.04722599305560278,-0.4775130935520587,-0.4775130935520587,-1.0022521801597202,-1.0022521801597202,0.04722599305560278,0.04722599305560278,-1.0022521801597202,-1.0022521801597202,1.0967041662709258,1.0967041662709258,0.5719650796632643,0.5719650796632643,0.04722599305560278,0.04722599305560278,-0.4775130935520587,-0.4775130935520587,0.5719650796632643,0.5719650796632643,1.0967041662709258,1.0967041662709258,0.5719650796632643,1.6214432528785871,1.0967041662709258,-0.4775130935520587,-1.0022521801597202,2.1461823394862485,1.0967041662709258,-1.0022521801597202,1.6214432528785871,-1.0022521801597202,-1.0022521801597202,0.04722599305560278,-0.4775130935520587,4.769877772524556,0.04722599305560278,4.245138685916894,0.04722599305560278,0.5719650796632643,4.245138685916894,0.04722599305560278,0.04722599305560278,4.245138685916894,4.245138685916894,-0.4775130935520587,4.245138685916894,0.04722599305560278,0.5719650796632643,0.5719650796632643,4.245138685916894,4.245138685916894,-1.0022521801597202,4.245138685916894,0.04722599305560278,-0.4775130935520587,0.04722599305560278,1.6214432528785871,-1.0022521801597202,1.6214432528785871,-1.0022521801597202,1.0967041662709258,-0.4775130935520587,-0.4775130935520587,0.5719650796632643,0.5719650796632643,0.04722599305560278,0.04722599305560278,0.04722599305560278,0.04722599305560278,0.04722599305560278,0.04722599305560278,0.04722599305560278,0.5719650796632643,-1.0022521801597202,-0.4775130935520587,0.04722599305560278,1.0967041662709258,-1.0022521801597202,-0.4775130935520587,1.0967041662709258,0.5719650796632643,-1.0022521801597202,-0.4775130935520587,1.6214432528785871,-0.4775130935520587,-0.4775130935520587,2.1461823394862485,0.04722599305560278,-1.0022521801597202,-0.4775130935520587,0.04722599305560278,1.0967041662709258,-1.0022521801597202,0.04722599305560278,-0.4775130935520587,-0.4775130935520587,-1.0022521801597202,-0.4775130935520587,0.04722599305560278,1.0967041662709258,-1.0022521801597202,0.04722599305560278,-0.4775130935520587,-0.4775130935520587,0.04722599305560278,-0.4775130935520587,-1.0022521801597202,0.5719650796632643,-0.4775130935520587,-0.4775130935520587,0.04722599305560278,-0.4775130935520587,-1.0022521801597202,0.5719650796632643,-0.4775130935520587,-0.4775130935520587,0.04722599305560278,-0.4775130935520587,0.04722599305560278,-0.4775130935520587,0.04722599305560278,-0.4775130935520587,0.04722599305560278,-0.4775130935520587,0.04722599305560278,0.04722599305560278,-1.0022521801597202,0.04722599305560278,-0.4775130935520587,-0.4775130935520587,0.04722599305560278,0.04722599305560278,-1.0022521801597202,0.04722599305560278,-0.4775130935520587,-0.4775130935520587,0.04722599305560278,0.5719650796632643,-1.0022521801597202,1.0967041662709258,0.04722599305560278,-0.4775130935520587,0.04722599305560278,0.5719650796632643,-1.0022521801597202,1.0967041662709258,0.04722599305560278,-0.4775130935520587,-0.4775130935520587,-1.0022521801597202,-1.0022521801597202,1.0967041662709258,-0.4775130935520587,-0.4775130935520587,-0.4775130935520587,-1.0022521801597202,-1.0022521801597202,1.0967041662709258,-0.4775130935520587,-0.4775130935520587,-1.0022521801597202,-0.4775130935520587,1.0967041662709258,-1.0022521801597202,-1.0022521801597202,1.0967041662709258,-0.4775130935520587,-0.4775130935520587,-1.0022521801597202,-0.4775130935520587,1.0967041662709258,-1.0022521801597202,-1.0022521801597202,1.0967041662709258,-0.4775130935520587,-0.4775130935520587,-1.0022521801597202,-0.4775130935520587,-1.0022521801597202,-1.0022521801597202,-1.0022521801597202,-0.4775130935520587,-0.4775130935520587,-0.4775130935520587,-1.0022521801597202,-0.4775130935520587,-1.0022521801597202,-1.0022521801597202,-1.0022521801597202,-0.4775130935520587,-0.4775130935520587,-0.4775130935520587,-1.0022521801597202,-1.0022521801597202,-1.0022521801597202,-1.0022521801597202,-0.4775130935520587,0.04722599305560278,-0.4775130935520587,-1.0022521801597202,-1.0022521801597202,-1.0022521801597202,-1.0022521801597202,-0.4775130935520587,0.04722599305560278,-0.4775130935520587,-1.0022521801597202,-1.0022521801597202,-0.4775130935520587,-0.4775130935520587,-1.0022521801597202,0.04722599305560278,-0.4775130935520587,-0.4775130935520587,-1.0022521801597202,-1.0022521801597202,-0.4775130935520587,-0.4775130935520587,-1.0022521801597202,0.04722599305560278,-0.4775130935520587,-0.4775130935520587,-0.4775130935520587,-0.4775130935520587,0.5719650796632643,1.0967041662709258,-0.4775130935520587,-1.0022521801597202,-0.4775130935520587,0.04722599305560278,-0.4775130935520587,1.0967041662709258,-1.0,0.5719650796632643,0.5719650796632643,2.1461823394862485,1.6214432528785871,-0.4775130935520587,0.04722599305560278,-0.4775130935520587,-1.0022521801597202,-0.4775130935520587,0.04722599305560278,0.04722599305560278,0.04722599305560278,1.6214432528785871,0.5719650796632643,0.04722599305560278,0.5719650796632643,0.5719650796632643,1.0967041662709258,1.0967041662709258,0.04722599305560278,-1.0022521801597202,-0.4775130935520587,-1.0022521801597202,0.04722599305560278,3.1956605127015716,1.0967041662709258,2.1461823394862485,1.6214432528785871,0.04722599305560278,1.0967041662709258,2.1461823394862485,-1.0022521801597202,0.5719650796632643,0.5719650796632643,0.04722599305560278,-0.4775130935520587,0.04722599305560278,1.6214432528785871,0.04722599305560278,-0.4775130935520587,1.0967041662709258,0.5719650796632643,-0.4775130935520587,0.04722599305560278,-0.4775130935520587,2.1461823394862485,0.5719650796632643,0.5719650796632643,-0.4775130935520587,3.1956605127015716,-1.0022521801597202,-1.0022521801597202,-1.0022521801597202,0.04722599305560278,0.5719650796632643,1.0967041662709258
1.0,-1.0,-1.0,-1.0,-1.0,-1.0,-1.0,-1.0,-1.0,-1.0,-1.0,-1.0,-1.0,-1.0,-1.0,-1.0,-1.0,-1.0,-1.0,-1.0,-1.0,-1.0,-1.0,-1.0,-1.0,-1.0,-1.0,-1.0,-1.0,-1.0,-1.0,-1.0,-1.0,-1.0,-1.0,-1.0,-1.0,1.0,-1.0,-1.0,-1.0,-1.0,-1.0,-1.0,-1.0,-1.0,-1.0,-1.0,-1.0,-1.0,-1.0,-1.0,-1.0,-1.0,-1.0,-1.0,-1.0,-1.0,-1.0,-1.0,-1.0,-1.0,-1.0,1.0,-1.0,-1.0,-1.0,-1.0,1.0,-1.0,-1.0,-1.0,-1.0,-1.0,-1.0,-1.0,-1.0,-1.0,-1.0,-1.0,-1.0,1.0,1.0,-1.0,-1.0,1.0,1.0,1.0,1.0,-1.0,1.0,-1.0,1.0,1.0,1.0,1.0,1.0,-1.0,-1.0,-1.0,-1.0,-1.0,-1.0,1.0,1.0,1.0,1.0,1.0,1.0,1.0,1.0,-1.0,-1.0,-1.0,-1.0,-1.0,1.0,-1.0,-1.0,-1.0,-1.0,-1.0,1.0,-1.0,1.0,1.0,-1.0,1.0,-1.0,1.0,1.0,-1.0,1.0,1.0,-1.0,-1.0,1.0,-1.0,1.0,-1.0,1.0,-1.0,-1.0,1.0,-1.0,1.0,-1.0,1.0,-1.0,1.0,-1.0,1.0,-1.0,1.0,1.0,-1.0,-1.0,1.0,1.0,1.0,1.0,-1.0,1.0,1.0,-1.0,-1.0,-1.0,-1.0,-1.0,-1.0,-1.0,-1.0,1.0,-1.0,-1.0,-1.0,1.0,-1.0,-1.0,-1.0,-1.0,-1.0,-1.0,-1.0,-1.0,-1.0,1.0,-1.0,-1.0,-1.0,-1.0,-1.0,-1.0,-1.0,1.0,-1.0,-1.0,1.0,-1.0,-1.0,1.0,-1.0,-1.0,1.0,-1.0,-1.0,1.0,-1.0,-1.0,-1.0,1.0,-1.0,-1.0,-1.0,1.0,-1.0,-1.0,1.0,-1.0,-1.0,1.0,-1.0,-1.0,1.0,-1.0,-1.0,1.0,-1.0,-1.0,1.0,-1.0,-1.0,1.0,-1.0,-1.0,1.0,-1.0,-1.0,1.0,-1.0,-1.0,1.0,-1.0,-1.0,1.0,-1.0,-1.0,1.0,-1.0,-1.0,1.0,-1.0,-1.0,-1.0,-1.0,1.0,-1.0,-1.0,1.0,-1.0,-1.0,-1.0,-1.0,1.0,-1.0,-1.0,1.0,-1.0,-1.0,-1.0,-1.0,1.0,-1.0,-1.0,1.0,-1.0,-1.0,-1.0,-1.0,1.0,-1.0,-1.0,1.0,-1.0,-1.0,1.0,-1.0,-1.0,-1.0,1.0,-1.0,-1.0,1.0,-1.0,-1.0,-1.0,1.0,-1.0,-1.0,-1.0,1.0,1.0,-1.0,-1.0,1.0,-1.0,-1.0,-1.0,1.0,1.0,-1.0,-1.0,1.0,-1.0,-1.0,1.0,-1.0,-1.0,1.0,-1.0,1.0,-1.0,1.0,1.0,-1.0,-1.0,-1.0,-1.0,-1.0,-1.0,-1.0,-1.0,-1.0,-1.0,-1.0,-1.0,-1.0,-1.0,-1.0,-1.0,-1.0,-1.0,-1.0,-1.0,-1.0,-1.0,-1.0,-1.0,-1.0,-1.0,-1.0,-1.0,-1.0,-1.0,-1.0,-1.0,1.0,-1.0,-1.0,-1.0,-1.0,-1.0,-1.0,-1.0,-1.0,-1.0,-1.0,1.0,-1.0,-1.0,-1.0,-1.0,-1.0,-1.0,-1.0,-1.0,-1.0,-1.0,-1.0,-1.0,-1.0
1.0,-1.0,-1.0,-1.0,-1.0,-1.0,-1.0,-1.0,-1.0,-1.0,-1.0,-1.0,-1.0,-1.0,-1.0,-1.0,-1.0,1.0,-1.0,-1.0,-1.0,-1.0,-1.0,-1.0,1.0,-1.0,-1.0,-1.0,-1.0,-1.0,-1.0,-1.0,-1.0,-1.0,-1.0,-1.0,-1.0,-1.0,-1.0,-1.0,-1.0,-1.0,-1.0,-1.0,-1.0,-1.0,-1.0,-1.0,-1.0,-1.0,-1.0,-1.0,-1.0,-1.0,-1.0,-1.0,-1.0,-1.0,-1.0,-1.0,-1.0,-1.0,-1.0,-1.0,-1.0,-1.0,-1.0,-1.0,-1.0,-1.0,-1.0,-1.0,-1.0,-1.0,-1.0,-1.0,-1.0,-1.0,-1.0,-1.0,-1.0,1.0,1.0,-1.0,-1.0,-1.0,-1.0,-1.0,-1.0,-1.0,-1.0,-1.0,-1.0,-1.0,-1.0,-1.0,-1.0,-1.0,-1.0,-1.0,-1.0,-1.0,-1.0,-1.0,-1.0,-1.0,-1.0,-1.0,-1.0,-1.0,-1.0,-1.0,-1.0,-1.0,-1.0,-1.0,-1.0,-1.0,1.0,1.0,-1.0,-1.0,-1.0,-1.0,-1.0,-1.0,-1.0,-1.0,-1.0,-1.0,-1.0,-1.0,-1.0,-1.0,-1.0,-1.0,-1.0,-1.0,-1.0,1.0,-1.0,-1.0,-1.0,-1.0,-1.0,-1.0,-1.0,-1.0,-1.0,-1.0,-1.0,-1.0,-1.0,-1.0,-1.0,-1.0,-1.0,-1.0,-1.0,-1.0,-1.0,-1.0,-1.0,-1.0,-1.0,-1.0,-1.0,-1.0,-1.0,-1.0,-1.0,-1.0,-1.0,-1.0,-1.0,-1.0,-1.0,-1.0,-1.0,-1.0,-1.0,-1.0,-1.0,-1.0,-1.0,1.0,-1.0,-1.0,-1.0,-1.0,-1.0,-1.0,-1.0,1.0,-1.0,-1.0,-1.0,-1.0,-1.0,1.0,-1.0,-1.0,-1.0,-1.0,-1.0,1.0,-1.0,-1.0,-1.0,-1.0,-1.0,-1.0,-1.0,-1.0,-1.0,-1.0,-1.0,-1.0,-1.0,1.0,-1.0,-1.0,-1.0,-1.0,-1.0,1.0,-1.0,-1.0,-1.0,-1.0,-1.0,1.0,-1.0,-1.0,-1.0,-1.0,-1.0,1.0,-1.0,-1.0,-1.0,-1.0,-1.0,1.0,-1.0,-1.0,-1.0,-1.0,-1.0,1.0,-1.0,-1.0,-1.0,-1.0,-1.0,-1.0,-1.0,1.0,-1.0,-1.0,-1.0,-1.0,-1.0,-1.0,-1.0,1.0,-1.0,-1.0,-1.0,-1.0,-1.0,-1.0,-1.0,1.0,-1.0,-1.0,-1.0,-1.0,-1.0,-1.0,-1.0,1.0,-1.0,-1.0,-1.0,-1.0,-1.0,-1.0,1.0,-1.0,-1.0,-1.0,-1.0,-1.0,-1.0,1.0,-1.0,-1.0,-1.0,-1.0,-1.0,-1.0,-1.0,1.0,-1.0,-1.0,-1.0,-1.0,-1.0,-1.0,-1.0,1.0,-1.0,-1.0,-1.0,-1.0,-1.0,-1.0,-1.0,-1.0,-1.0,1.0,-1.0,-1.0,-1.0,-1.0,-1.0,-1.0,-1.0,-1.0,-1.0,-1.0,-1.0,-1.0,-1.0,-1.0,-1.0,-1.0,-1.0,-1.0,-1.0,-1.0,-1.0,-1.0,-1.0,-1.0,-1.0,-1.0,-1.0,-1.0,-1.0,-1.0,-1.0,-1.0,-1.0,-1.0,-1.0,-1.0,-1.0,-1.0,-1.0,-1.0,-1.0,-1.0,-1.0,-1.0,-1.0,-1.0,-1.0,-1.0,-1.0,-1.0,-1.0,-1.0,-1.0,-1.0,-1.0,-1.0,-1.0,-1.0,-1.0
-1.0,-1.0,-1.0,-1.0,-1.0,-1.0,-1.0,-1.0,-1.0,-1.0,-1.0,-1.0,-1.0,-1.0,-1.0,-1.0,-1.0,-1.0,-1.0,-1.0,-1.0,-1.0,-1.0,-1.0,-1.0,-1.0,-1.0,-1.0,-1.0,-1.0,-1.0,-1.0,-1.0,-1.0,-1.0,-1.0,-1.0,-1.0,-1.0,-1.0,-1.0,-1.0,-1.0,-1.0,-1.0,-1.0,-1.0,-1.0,-1.0,-1.0,-1.0,-1.0,-1.0,-1.0,-1.0,-1.0,-1.0,-1.0,-1.0,-1.0,-1.0,-1.0,-1.0,-1.0,-1.0,-1.0,-1.0,-1.0,-1.0,-1.0,-1.0,-1.0,-1.0,-1.0,-1.0,-1.0,-1.0,-1.0,-1.0,-1.0,-1.0,-1.0,-1.0,-1.0,-1.0,-1.0,-1.0,-1.0,-1.0,-1.0,-1.0,-1.0,-1.0,-1.0,-1.0,-1.0,-1.0,-1.0,-1.0,-1.0,-1.0,1.0,1.0,-1.0,-1.0,-1.0,-1.0,-1.0,-1.0,-1.0,-1.0,-1.0,-1.0,-1.0,-1.0,-1.0,-1.0,-1.0,-1.0,-1.0,-1.0,-1.0,-1.0,-1.0,-1.0,-1.0,-1.0,-1.0,-1.0,-1.0,-1.0,-1.0,-1.0,-1.0,-1.0,-1.0,-1.0,-1.0,-1.0,-1.0,-1.0,-1.0,-1.0,-1.0,-1.0,-1.0,-1.0,-1.0,-1.0,-1.0,-1.0,-1.0,-1.0,-1.0,-1.0,-1.0,-1.0,-1.0,-1.0,-1.0,-1.0,-1.0,-1.0,-1.0,-1.0,-1.0,-1.0,-1.0,-1.0,-1.0,-1.0,-1.0,-1.0,-1.0,-1.0,-1.0,-1.0,-1.0,-1.0,-1.0,-1.0,-1.0,-1.0,1.0,-1.0,-1.0,-1.0,-1.0,-1.0,-1.0,-1.0,1.0,-1.0,-1.0,-1.0,-1.0,-1.0,-1.0,-1.0,-1.0,-1.0,-1.0,-1.0,-1.0,-1.0,-1.0,-1.0,-1.0,-1.0,-1.0,-1.0,-1.0,-1.0,-1.0,-1.0,-1.0,-1.0,-1.0,-1.0,-1.0,-1.0,-1.0,-1.0,-1.0,-1.0,-1.0,-1.0,-1.0,-1.0,-1.0,-1.0,-1.0,-1.0,-1.0,-1.0,-1.0,-1.0,-1.0,-1.0,-1.0,-1.0,-1.0,-1.0,-1.0,-1.0,-1.0,-1.0,-1.0,-1.0,-1.0,-1.0,-1.0,-1.0,-1.0,-1.0,-1.0,-1.0,-1.0,-1.0,-1.0,-1.0,-1.0,-1.0,-1.0,-1.0,-1.0,-1.0,-1.0,-1.0,-1.0,-1.0,-1.0,-1.0,-1.0,-1.0,-1.0,-1.0,-1.0,-1.0,-1.0,-1.0,-1.0,-1.0,-1.0,-1.0,-1.0,-1.0,-1.0,-1.0,-1.0,-1.0,-1.0,-1.0,-1.0,-1.0,-1.0,-1.0,-1.0,-1.0,-1.0,-1.0,-1.0,-1.0,-1.0,-1.0,-1.0,-1.0,-1.0,-1.0,-1.0,-1.0,-1.0,-1.0,-1.0,-1.0,-1.0,-1.0,-1.0,-1.0,-1.0,-1.0,-1.0,-1.0,-1.0,-1.0,-1.0,-1.0,-1.0,-1.0,-1.0,-1.0,-1.0,-1.0,-1.0,-1.0,-1.0,-1.0,-1.0,-1.0,-1.0,-1.0,-1.0,-1.0,-1.0,-1.0,-1.0,-1.0,-1.0,-1.0,-1.0,-1.0,-1.0,-1.0,-1.0,-1.0,-1.0,-1.0,-1.0,-1.0,-1.0,-1.0,-1.0,-1.0,-1.0,-1.0,-1.0,-1.0,-1.0,-1.0,-1.0,-1.0,-1.0,-1.0,-1.0,-1.0,-1.0,-1.0,-1.0,-1.0,-1.0,-1.0
-0.2659690429474603,-2.446043165467626,-2.446043165467626,-2.446043165467626,-2.446043165467626,-2.446043165467626,-2.446043165467626,-2.446043165467626,-2.446043165467626,-2.446043165467626,-2.446043165467626,-2.446043165467626,-2.446043165467626,-2.446043165467626,-2.446043165467626,-2.446043165467626,-2.446043165467626,-2.446043165467626,-2.446043165467626,-2.446043165467626,-2.446043165467626,-2.446043165467626,-2.446043165467626,-2.446043165467626,-2.446043165467626,-2.446043165467626,-2.446043165467626,-2.446043165467626,-2.446043165467626,-2.446043165467626,-2.446043165467626,-2.446043165467626,-2.446043165467626,-2.446043165467626,-2.446043165467626,-2.446043165467626,-2.446043165467626,0.17004578155657307,-2.446043165467626,-2.446043165467626,-2.446043165467626,-2.446043165467626,-2.446043165467626,-2.446043165467626,-2.446043165467626,-2.446043165467626,-2.446043165467626,-2.446043165467626,-2.446043165467626,-2.446043165467626,-2.446043165467626,-2.446043165467626,-2.446043165467626,-2.446043165467626,-2.446043165467626,-2.446043165467626,-2.446043165467626,-2.446043165467626,-2.446043165467626,-2.446043165467626,-2.446043165467626,-2.446043165467626,-2.446043165467626,-0.2659690429474603,-2.446043165467626,-2.446043165467626,-2.446043165467626,-2.446043165467626,-1.356006104207543,-2.446043165467626,-2.446043165467626,0.0,-2.446043165467626,-2.446043165467626,-2.446043165467626,-2.446043165467626,-2.446043165467626,0.0,-2.446043165467626,-2.446043165467626,-2.446043165467626,-1.1379986919555263,-1.1379986919555263,-2.446043165467626,-2.446043165467626,-1.7193517912942373,-1.7193517912942373,-1.6285153695225636,-1.6285153695225636,-2.446043165467626,-0.2659690429474603,-2.446043165467626,-0.2659690429474603,0.006540222367560503,0.006540222367560503,-0.577408203307484,-0.577408203307484,-2.446043165467626,-2.446043165467626,-2.446043165467626,-2.446043165467626,-2.446043165467626,-2.446043165467626,-1.439855108919857,-1.439855108919857,-0.8109875735775016,-0.8109875735775016,-0.8109875735775016,-0.8109875735775016,-1.2569118259111718,-1.2569118259111718,-2.446043165467626,-2.446043165467626,-2.446043165467626,-2.446043165467626,-2.446043165467626,-1.356006104207543,-2.446043165467626,-2.446043165467626,-2.446043165467626,-2.446043165467626,-2.446043165467626,1.0756150324495646,-2.446043165467626,-0.6293147300341544,-1.291886277074597,-2.446043165467626,-1.208703798631856,-2.446043165467626,-0.8214019404048272,-0.7504299590630527,-2.446043165467626,-0.7582438448068525,-0.0842961994041131,-2.446043165467626,-2.446043165467626,-0.1272370533325405,-2.446043165467626,-0.606605624591236,-2.446043165467626,-1.0289949858295182,-2.446043165467626,-2.446043165467626,-1.1379986919555263,-2.446043165467626,-1.5117256843875548,-2.446043165467626,-0.577408203307484,-2.446043165467626,-0.2659690429474603,-2.446043165467626,0.8240680183126226,-2.446043165467626,0.006540222367560503,0.006540222367560503,-2.446043165467626,-2.446043165467626,-0.8109875735775016,-0.8109875735775016,-1.5117256843875548,-1.5117256843875548,-2.446043165467626,-1.5117256843875548,-0.4839764551994768,-2.446043165467626,-2.446043165467626,-2.446043165467626,-2.446043165467626,-2.446043165467626,-2.446043165467626,-2.446043165467626,-2.446043165467626,-0.8109875735775016,-2.446043165467626,-2.446043165467626,-2.446043165467626,-0.577408203307484,-2.446043165467626,-2.446043165467626,-2.446043165467626,-2.446043165467626,-2.446043165467626,-2.446043165467626,-2.446043165467626,-2.446043165467626,-2.446043165467626,-0.0677804863547178,-2.446043165467626,-2.446043165467626,-2.446043165467626,-2.446043165467626,-2.446043165467626,-2.446043165467626,-2.446043165467626,-0.0677804863547178,-2.446043165467626,-2.446043165467626,-1.2197514715500326,-2.446043165467626,-2.446043165467626,-0.13772938868156795,-2.446043165467626,-2.446043165467626,-1.2197514715500326,-2.446043165467626,-2.446043165467626,-0.13772938868156795,-2.446043165467626,-2.446043165467626,-2.446043165467626,-0.2659690429474603,-2.446043165467626,-2.446043165467626,-2.446043165467626,-0.2659690429474603,-2.446043165467626,-2.446043165467626,-1.7193517912942373,-2.446043165467626,-2.446043165467626,-0.343828833037466,-2.446043165467626,-2.446043165467626,-1.7193517912942373,-2.446043165467626,-2.446043165467626,-0.343828833037466,-2.446043165467626,-2.446043165467626,-1.439855108919857,-2.446043165467626,-2.446043165467626,-0.6747329409199914,-2.446043165467626,-2.446043165467626,-1.439855108919857,-2.446043165467626,-2.446043165467626,-0.6747329409199914,-2.446043165467626,-2.446043165467626,-0.8109875735775016,-2.446043165467626,-2.446043165467626,0.24011959263757815,-2.446043165467626,-2.446043165467626,-0.8109875735775016,-2.446043165467626,-2.446043165467626,0.24011959263757815,-2.446043165467626,-2.446043165467626,-2.446043165467626,-2.446043165467626,-1.5117256843875548,-2.446043165467626,-2.446043165467626,-0.1821200382351462,-2.446043165467626,-2.446043165467626,-2.446043165467626,-2.446043165467626,-1.5117256843875548,-2.446043165467626,-2.446043165467626,-0.1821200382351462,-2.446043165467626,-2.446043165467626,-2.446043165467626,-2.446043165467626,-1.356006104207543,-2.446043165467626,-2.446043165467626,0.35690927777258696,-2.446043165467626,-2.446043165467626,-2.446043165467626,-2.446043165467626,-1.356006104207543,-2.446043165467626,-2.446043165467626,0.35690927777258696,-2.446043165467626,-2.446043165467626,-0.2659690429474603,-2.446043165467626,-2.446043165467626,-2.446043165467626,-0.7108821291760653,-2.446043165467626,-2.446043165467626,-0.2659690429474603,-2.446043165467626,-2.446043165467626,-2.446043165467626,-0.7108821291760653,-2.446043165467626,-2.446043165467626,-2.446043165467626,-1.356006104207543,1.2912267588526578,-2.446043165467626,-2.446043165467626,0.3209739900387382,-2.446043165467626,-2.446043165467626,-2.446043165467626,-1.356006104207543,1.2912267588526578,-2.446043165467626,-2.446043165467626,0.3209739900387382,-2.446043165467626,-2.446043165467626,-0.2659690429474603,-2.446043165467626,-2.446043165467626,-0.577408203307484,-2.446043165467626,-1.7193517912942373,-2.446043165467626,0.06942697590179618,-0.8109875735775016,0.0,-2.446043165467626,-2.446043165467626,-2.446043165467626,-2.446043165467626,-2.446043165467626,-2.446043165467626,-2.446043165467626,-2.446043165467626,-2.446043165467626,-2.446043165467626,-2.446043165467626,-2.446043165467626,-2.446043165467626,-2.446043165467626,-2.446043165467626,-2.446043165467626,-2.446043165467626,-2.446043165467626,-2.446043165467626,-2.446043165467626,-2.446043165467626,-2.446043165467626,-2.446043165467626,-2.446043165467626,-2.446043165467626,-2.446043165467626,-2.446043165467626,-2.446043165467626,-2.446043165467626,-2.446043165467626,-2.446043165467626,0.17004578155657307,-2.446043165467626,-2.446043165467626,-2.446043165467626,-2.446043165467626,-2.446043165467626,-2.446043165467626,-2.446043165467626,-2.446043165467626,-2.446043165467626,-2.446043165467626,-0.2659690429474603,-2.446043165467626,-2.446043165467626,-2.446043165467626,-2.446043165467626,-2.446043165467626,-2.446043165467626,-2.446043165467626,-2.446043165467626,-2.446043165467626,-2.446043165467626,-2.446043165467626,-2.446043165467626,-2.446043165467626
1.0,-1.0,-1.0,-1.0,-1.0,-1.0,-1.0,-1.0,-1.0,-1.0,-1.0,-1.0,-1.0,-1.0,-1.0,-1.0,-1.0,1.0,-1.0,-1.0,-1.0,-1.0,-1.0,-1.0,1.0,-1.0,-1.0,-1.0,-1.0,-1.0,-1.0,-1.0,-1.0,-1.0,-1.0,-1.0,-1.0,-1.0,-1.0,-1.0,-1.0,-1.0,-1.0,-1.0,-1.0,-1.0,-1.0,-1.0,-1.0,-1.0,-1.0,-1.0,-1.0,-1.0,-1.0,-1.0,-1.0,-1.0,-1.0,-1.0,-1.0,-1.0,-1.0,-1.0,-1.0,-1.0,-1.0,-1.0,-1.0,-1.0,-1.0,-1.0,-1.0,-1.0,-1.0,-1.0,-1.0,-1.0,-1.0,-1.0,-1.0,1.0,1.0,-1.0,-1.0,-1.0,-1.0,-1.0,-1.0,-1.0,-1.0,-1.0,-1.0,-1.0,-1.0,-1.0,-1.0,-1.0,-1.0,-1.0,-1.0,-1.0,-1.0,-1.0,-1.0,-1.0,-1.0,-1.0,-1.0,-1.0,-1.0,-1.0,-1.0,-1.0,-1.0,-1.0,-1.0,-1.0,1.0,1.0,-1.0,-1.0,-1.0,-1.0,-1.0,-1.0,-1.0,-1.0,-1.0,-1.0,-1.0,-1.0,-1.0,-1.0,-1.0,-1.0,-1.0,-1.0,-1.0,1.0,-1.0,-1.0,-1.0,-1.0,-1.0,-1.0,-1.0,-1.0,-1.0,-1.0,-1.0,-1.0,-1.0,-1.0,-1.0,-1.0,-1.0,-1.0,-1.0,-1.0,-1.0,-1.0,-1.0,-1.0,-1.0,-1.0,-1.0,-1.0,-1.0,-1.0,-1.0,-1.0,-1.0,-1.0,-1.0,-1.0,-1.0,-1.0,-1.0,-1.0,-1.0,-1.0,-1.0,-1.0,-1.0,1.0,-1.0,-1.0,-1.0,-1.0,-1.0,-1.0,-1.0,1.0,-1.0,-1.0,-1.0,-1.0,-1.0,1.0,-1.0,-1.0,-1.0,-1.0,-1.0,1.0,-1.0,-1.0,-1.0,-1.0,-1.0,-1.0,-1.0,-1.0,-1.0,-1.0,-1.0,-1.0,-1.0,1.0,-1.0,-1.0,-1.0,-1.0,-1.0,1.0,-1.0,-1.0,-1.0,-1.0,-1.0,1.0,-1.0,-1.0,-1.0,-1.0,-1.0,1.0,-1.0,-1.0,-1.0,-1.0,-1.0,1.0,-1.0,-1.0,-1.0,-1.0,-1.0,1.0,-1.0,-1.0,-1.0,-1.0,-1.0,-1.0,-1.0,1.0,-1.0,-1.0,-1.0,-1.0,-1.0,-1.0,-1.0,1.0,-1.0,-1.0,-1.0,-1.0,-1.0,-1.0,-1.0,1.0,-1.0,-1.0,-1.0,-1.0,-1.0,-1.0,-1.0,1.0,-1.0,-1.0,-1.0,-1.0,-1.0,-1.0,1.0,-1.0,-1.0,-1.0,-1.0,-1.0,-1.0,1.0,-1.0,-1.0,-1.0,-1.0,-1.0,-1.0,-1.0,1.0,-1.0,-1.0,-1.0,-1.0,-1.0,-1.0,-1.0,1.0,-1.0,-1.0,-1.0,-1.0,-1.0,-1.0,-1.0,-1.0,-1.0,1.0,-1.0,-1.0,-1.0,-1.0,-1.0,-1.0,-1.0,-1.0,-1.0,-1.0,-1.0,-1.0,-1.0,-1.0,-1.0,-1.0,-1.0,-1.0,-1.0,-1.0,-1.0,-1.0,-1.0,-1.0,-1.0,-1.0,-1.0,-1.0,-1.0,-1.0,-1.0,-1.0,-1.0,-1.0,-1.0,-1.0,-1.0,-1.0,-1.0,-1.0,-1.0,-1.0,-1.0,-1.0,-1.0,-1.0,-1.0,-1.0,-1.0,-1.0,-1.0,-1.0,-1.0,-1.0,-1.0,-1.0,-1.0,-1.0,-1.0
-0.6425382111868007,-0.8379914509840762,-0.8379914509840762,-0.8379914509840762,-0.5819073491100745,-0.8379914509840762,-0.8379914509840762,-0.3264385948391911,-0.8379914509840762,-0.8379914509840762,-0.8379914509840762,-0.8379914509840762,-0.8379914509840762,-0.8379914509840762,-0.8379914509840762,-0.8379914509840762,-0.3264385948391911,-0.6425382111868007,-0.42046223010339584,-0.6425382111868007,-0.1626419043936299,-0.6425382111868007,-0.7073537229411824,-0.3264385948391911,-0.6425382111868007,-0.8379914509840762,-0.7769746277781607,-0.8379914509840762,-0.8379914509840762,-0.8379914509840762,-0.3722746267518522,-0.8379914509840762,-0.8379914509840762,-0.8379914509840762,-0.8379914509840762,-0.8379914509840762,-0.8379914509840762,-0.5249534087498556,-0.7769746277781607,-0.8379914509840762,-0.8379914509840762,-0.8379914509840762,-0.8379914509840762,-0.5249534087498556,-0.8379914509840762,-0.8379914509840762,-0.8379914509840762,-0.8379914509840762,-0.8379914509840762,-0.8379914509840762,-0.8379914509840762,-0.8379914509840762,-0.471255805443032,-0.8379914509840762,-0.8379914509840762,-0.8379914509840762,-0.6425382111868007,-0.8379914509840762,-0.8379914509840762,-0.8379914509840762,-0.8379914509840762,-0.8379914509840762,-0.7073537229411824,-0.5819073491100745,-0.8379914509840762,-0.8379914509840762,-0.8379914509840762,-0.6425382111868007,0.7493585814518534,-0.8379914509840762,-0.8379914509840762,-0.8379914509840762,-0.8379914509840762,-0.28273525918707676,-0.8379914509840762,-0.7769746277781607,-0.8379914509840762,-0.8379914509840762,-0.6425382111868007,-0.5249534087498556,-0.5249534087498556,-0.023208389321739645,-0.023208389321739645,0.4304078178496487,0.4304078178496487,0.4885368081433098,0.4885368081433098,0.6440297279399877,0.6440297279399877,-0.471255805443032,0.30210161745907094,-0.471255805443032,0.30210161745907094,0.41020376390539265,0.41020376390539265,0.06927136342686518,0.06927136342686518,-0.2009922210080832,-0.2009922210080832,-0.42046223010339584,-0.42046223010339584,0.039444975795149016,0.039444975795149016,1.1013652040657957,1.1013652040657957,-0.2009922210080832,-0.2009922210080832,-0.3722746267518522,-0.3722746267518522,0.975918830234688,0.975918830234688,0.34684589759365164,0.34684589759365164,-0.7769746277781607,-0.5249534087498556,-0.471255805443032,0.7493585814518534,-0.8379914509840762,-0.42046223010339584,-0.1626419043936299,-0.3264385948391911,0.008640501350139093,0.7204500759638045,-0.8379914509840762,1.897361127206576,1.1013652040657957,-0.7073537229411824,1.95035947309421,-0.7769746277781607,1.9803654469444316,1.7525439166027355,-0.7769746277781607,1.9803654469444316,1.9803654469444316,-0.7769746277781607,-0.7769746277781607,1.9803654469444316,-0.7769746277781607,1.8456350929325123,-0.3264385948391911,1.9803654469444316,-0.7769746277781607,-0.7769746277781607,-0.1626419043936299,-0.7769746277781607,0.4501864915288565,-0.8379914509840762,0.34684589759365164,-0.8379914509840762,0.3684434533498625,-0.8379914509840762,-0.8379914509840762,-0.471255805443032,0.41020376390539265,0.41020376390539265,0.32474011769774863,0.32474011769774863,0.4304078178496487,0.4304078178496487,0.4304078178496487,0.4304078178496487,-0.8379914509840762,0.38955562945212996,0.7204500759638045,-0.8379914509840762,-0.8379914509840762,-0.6425382111868007,-0.8379914509840762,-0.5819073491100745,-0.8379914509840762,-0.6425382111868007,-0.8379914509840762,-0.056175010404242665,-0.8379914509840762,-0.6425382111868007,-0.8379914509840762,0.23071648243354387,-0.7073537229411824,-0.3722746267518522,-0.8379914509840762,-0.8379914509840762,-0.8379914509840762,-0.8379914509840762,0.039444975795149016,-0.8379914509840762,-0.471255805443032,1.9803654469444316,-0.8379914509840762,-0.8379914509840762,-0.8379914509840762,-0.8379914509840762,0.039444975795149016,-0.8379914509840762,-0.471255805443032,1.9803654469444316,-0.8379914509840762,-0.8379914509840762,1.07153881643408,-0.8379914509840762,-0.7769746277781607,1.9803654469444316,-0.8379914509840762,-0.8379914509840762,1.07153881643408,-0.8379914509840762,-0.7769746277781607,1.9803654469444316,-0.8379914509840762,-0.8379914509840762,0.15345771195397964,1.2710151988005547,-0.8379914509840762,-0.8379914509840762,0.15345771195397964,1.2710151988005547,-0.8379914509840762,-0.8379914509840762,0.5432776678586332,-0.8379914509840762,-0.471255805443032,1.9803654469444316,-0.8379914509840762,-0.8379914509840762,0.5432776678586332,-0.8379914509840762,-0.471255805443032,1.9803654469444316,-0.8379914509840762,-0.8379914509840762,1.1013652040657957,-0.8379914509840762,-0.6425382111868007,1.9803654469444316,-0.8379914509840762,-0.8379914509840762,1.1013652040657957,-0.8379914509840762,-0.6425382111868007,1.9803654469444316,-0.8379914509840762,-0.8379914509840762,0.9870367386822461,-0.8379914509840762,-0.6425382111868007,1.9803654469444316,-0.8379914509840762,-0.8379914509840762,0.9870367386822461,-0.8379914509840762,-0.6425382111868007,1.9803654469444316,-0.8379914509840762,-0.8379914509840762,-0.8379914509840762,-0.5249534087498556,0.008640501350139093,-0.8379914509840762,-0.5819073491100745,1.9803654469444316,-0.8379914509840762,-0.8379914509840762,-0.8379914509840762,-0.5249534087498556,0.008640501350139093,-0.8379914509840762,-0.5819073491100745,1.9803654469444316,-0.8379914509840762,-0.8379914509840762,-0.8379914509840762,-0.8379914509840762,-0.12579591524122108,-0.8379914509840762,-0.8379914509840762,1.9803654469444316,-0.8379914509840762,-0.8379914509840762,-0.8379914509840762,-0.8379914509840762,-0.12579591524122108,-0.8379914509840762,-0.8379914509840762,1.9803654469444316,-0.8379914509840762,-0.8379914509840762,-0.8379914509840762,-0.7769746277781607,-0.8379914509840762,-0.8379914509840762,1.9803654469444316,-0.8379914509840762,-0.8379914509840762,-0.8379914509840762,-0.7769746277781607,-0.8379914509840762,-0.8379914509840762,1.9803654469444316,-0.8379914509840762,-0.8379914509840762,-0.8379914509840762,0.06927136342686518,0.15345771195397964,-0.8379914509840762,-0.8379914509840762,1.9803654469444316,-0.8379914509840762,-0.8379914509840762,-0.8379914509840762,0.06927136342686518,0.15345771195397964,-0.8379914509840762,-0.8379914509840762,1.9803654469444316,-0.8379914509840762,-0.8379914509840762,-0.7073537229411824,0.32474011769774863,-0.1626419043936299,0.2056629363936535,-0.8379914509840762,0.507140431889075,-0.5249534087498556,0.8179622124489789,0.09817986891491412,-0.8379914509840762,-0.28273525918707676,-0.8379914509840762,-0.8379914509840762,-0.8379914509840762,-0.8379914509840762,-0.8379914509840762,-0.5819073491100745,-0.8379914509840762,-0.8379914509840762,-0.3264385948391911,-0.8379914509840762,-0.8379914509840762,-0.8379914509840762,-0.8379914509840762,-0.8379914509840762,-0.8379914509840762,-0.8379914509840762,-0.5249534087498556,-0.8379914509840762,-0.8379914509840762,-0.8379914509840762,-0.8379914509840762,-0.8379914509840762,-0.8379914509840762,-0.8379914509840762,-0.471255805443032,-0.8379914509840762,-0.8379914509840762,-0.8379914509840762,-0.8379914509840762,-0.8379914509840762,-0.5819073491100745,-0.7769746277781607,-0.8379914509840762,-0.8379914509840762,-0.8379914509840762,-0.8379914509840762,-0.12579591524122108,-0.8379914509840762,-0.8379914509840762,-0.8379914509840762,-0.7073537229411824,-0.5819073491100745,-0.8379914509840762,-0.8379914509840762,-0.8379914509840762,-0.8379914509840762,-0.8379914509840762,-0.5819073491100745,-0.8379914509840762,-0.471255805443032,-0.6425382111868007,-0.3722746267518522,-0.8379914509840762,-0.28273525918707676,-0.8379914509840762
-1.0,-1.0,-1.0,-1.0,-1.0,-1.0,-1.0,1.0,-1.0,-1.0,-1.0,-1.0,-1.0,-1.0,-1.0,-1.0,-1.0,-1.0,-1.0,-1.0,-1.0,-1.0,-1.0,-1.0,-1.0,-1.0,-1.0,-1.0,-1.0,-1.0,-1.0,-1.0,-1.0,-1.0,-1.0,-1.0,-1.0,-1.0,-1.0,-1.0,-1.0,-1.0,-1.0,-1.0,-1.0,-1.0,-1.0,-1.0,-1.0,1.0,-1.0,-1.0,-1.0,-1.0,-1.0,-1.0,-1.0,-1.0,-1.0,-1.0,-1.0,-1.0,-1.0,-1.0,-1.0,-1.0,-1.0,-1.0,1.0,-1.0,-1.0,1.0,-1.0,-1.0,-1.0,1.0,-1.0,1.0,-1.0,-1.0,-1.0,-1.0,-1.0,-1.0,-1.0,-1.0,-1.0,1.0,1.0,-1.0,1.0,-1.0,1.0,-1.0,-1.0,-1.0,-1.0,1.0,1.0,1.0,1.0,-1.0,-1.0,-1.0,-1.0,1.0,1.0,-1.0,-1.0,-1.0,-1.0,-1.0,-1.0,-1.0,-1.0,-1.0,1.0,-1.0,-1.0,-1.0,1.0,1.0,1.0,-1.0,1.0,1.0,-1.0,1.0,-1.0,1.0,1.0,-1.0,1.0,1.0,-1.0,-1.0,1.0,-1.0,1.0,-1.0,1.0,-1.0,-1.0,1.0,-1.0,1.0,1.0,-1.0,-1.0,1.0,-1.0,-1.0,-1.0,-1.0,-1.0,1.0,1.0,-1.0,-1.0,-1.0,-1.0,-1.0,1.0,1.0,-1.0,-1.0,-1.0,-1.0,-1.0,-1.0,-1.0,-1.0,-1.0,-1.0,-1.0,-1.0,1.0,-1.0,-1.0,-1.0,-1.0,-1.0,-1.0,-1.0,-1.0,1.0,1.0,-1.0,-1.0,-1.0,-1.0,-1.0,-1.0,1.0,1.0,-1.0,-1.0,-1.0,-1.0,-1.0,1.0,-1.0,-1.0,-1.0,-1.0,-1.0,1.0,-1.0,-1.0,-1.0,1.0,-1.0,-1.0,-1.0,1.0,-1.0,-1.0,-1.0,-1.0,1.0,1.0,-1.0,-1.0,-1.0,-1.0,1.0,1.0,-1.0,-1.0,-1.0,-1.0,-1.0,1.0,-1.0,-1.0,-1.0,-1.0,-1.0,1.0,-1.0,-1.0,1.0,-1.0,-1.0,1.0,-1.0,-1.0,1.0,-1.0,-1.0,1.0,-1.0,-1.0,-1.0,-1.0,1.0,-1.0,-1.0,1.0,-1.0,-1.0,-1.0,-1.0,1.0,-1.0,-1.0,1.0,-1.0,-1.0,-1.0,-1.0,-1.0,-1.0,-1.0,1.0,-1.0,-1.0,-1.0,-1.0,-1.0,-1.0,-1.0,1.0,-1.0,-1.0,-1.0,-1.0,-1.0,-1.0,1.0,-1.0,-1.0,-1.0,-1.0,-1.0,-1.0,1.0,-1.0,-1.0,-1.0,1.0,1.0,-1.0,-1.0,1.0,-1.0,-1.0,-1.0,1.0,1.0,-1.0,-1.0,1.0,-1.0,-1.0,-1.0,-1.0,-1.0,1.0,-1.0,-1.0,-1.0,-1.0,-1.0,1.0,-1.0,-1.0,-1.0,-1.0,-1.0,-1.0,-1.0,-1.0,-1.0,1.0,-1.0,-1.0,-1.0,-1.0,-1.0,-1.0,-1.0,-1.0,-1.0,-1.0,-1.0,-1.0,1.0,-1.0,-1.0,-1.0,-1.0,-1.0,-1.0,-1.0,-1.0,-1.0,-1.0,-1.0,-1.0,-1.0,-1.0,-1.0,-1.0,-1.0,-1.0,-1.0,-1.0,-1.0,-1.0,-1.0,-1.0,-1.0,-1.0,-1.0,-1.0,-1.0,-1.0,-1.0,-1.0,1.0
-0.16989594669116745,-0.16989594669116745,-0.16989594669116745,-0.16989594669116745,-0.16989594669116745,-0.16989594669116745,-0.16989594669116745,2.2788781480215374,-0.16989594669116745,-0.16989594669116745,-0.16989594669116745,-0.16989594669116745,-0.16989594669116745,-0.16989594669116745,-0.16989594669116745,-0.16989594669116745,-0.16989594669116745,-0.16989594669116745,-0.16989594669116745,-0.16989594669116745,-0.16989594669116745,-0.16989594669116745,-0.16989594669116745,-0.16989594669116745,-0.16989594669116745,-0.16989594669116745,-0.16989594669116745,-0.16989594669116745,-0.16989594669116745,-0.16989594669116745,-0.16989594669116745,-0.16989594669116745,-0.16989594669116745,-0.16989594669116745,-0.16989594669116745,-0.16989594669116745,-0.16989594669116745,-0.16989594669116745,-0.16989594669116745,-0.16989594669116745,-0.16989594669116745,-0.16989594669116745,-0.16989594669116745,-0.16989594669116745,-0.16989594669116745,-0.16989594669116745,-0.16989594669116745,-0.16989594669116745,-0.16989594669116745,4.7276522427342424,-0.16989594669116745,-0.16989594669116745,-0.16989594669116745,-0.16989594669116745,-0.16989594669116745,-0.16989594669116745,-0.16989594669116745,-0.16989594669116745,-0.16989594669116745,-0.16989594669116745,-0.16989594669116745,-0.16989594669116745,-0.16989594669116745,-0.16989594669116745,-0.16989594669116745,-0.16989594669116745,-0.16989594669116745,-0.16989594669116745,4.7276522427342424,-0.16989594669116745,-0.16989594669116745,7.176426337446948,-0.16989594669116745,-0.16989594669116745,-0.16989594669116745,4.7276522427342424,-0.16989594669116745,7.176426337446948,-0.16989594669116745,-0.16989594669116745,-0.16989594669116745,-0.16989594669116745,-0.16989594669116745,-0.16989594669116745,-0.16989594669116745,-0.16989594669116745,-0.16989594669116745,2.2788781480215374,2.2788781480215374,-0.16989594669116745,2.2788781480215374,-0.16989594669116745,2.2788781480215374,-0.16989594669116745,-0.16989594669116745,-0.16989594669116745,-0.16989594669116745,7.176426337446948,7.176426337446948,2.2788781480215374,2.2788781480215374,-0.16989594669116745,-0.16989594669116745,-0.16989594669116745,-0.16989594669116745,2.2788781480215374,2.2788781480215374,-0.16989594669116745,-0.16989594669116745,-0.16989594669116745,-0.16989594669116745,-0.16989594669116745,-0.16989594669116745,-0.16989594669116745,-0.16989594669116745,-0.16989594669116745,4.7276522427342424,-0.16989594669116745,-0.16989594669116745,-0.16989594669116745,4.7276522427342424,2.2788781480215374,2.2788781480215374,-0.16989594669116745,16.971522716297766,2.2788781480215374,-0.16989594669116745,9.625200432159653,-0.16989594669116745,24.31784500043588,4.7276522427342424,-0.16989594669116745,24.31784500043588,24.31784500043588,-0.16989594669116745,-0.16989594669116745,24.31784500043588,-0.16989594669116745,4.7276522427342424,-0.16989594669116745,16.971522716297766,-0.16989594669116745,-0.16989594669116745,4.7276522427342424,-0.16989594669116745,7.176426337446948,2.2788781480215374,-0.16989594669116745,-0.16989594669116745,2.2788781480215374,-0.16989594669116745,-0.16989594669116745,-0.16989594669116745,-0.16989594669116745,-0.16989594669116745,2.2788781480215374,2.2788781480215374,-0.16989594669116745,-0.16989594669116745,-0.16989594669116745,-0.16989594669116745,-0.16989594669116745,4.7276522427342424,4.7276522427342424,-0.16989594669116745,-0.16989594669116745,-0.16989594669116745,-0.16989594669116745,-0.16989594669116745,-0.16989594669116745,-0.16989594669116745,-0.16989594669116745,-0.16989594669116745,-0.16989594669116745,-0.16989594669116745,-0.16989594669116745,4.7276522427342424,-0.16989594669116745,-0.16989594669116745,-0.16989594669116745,-0.16989594669116745,-0.16989594669116745,-0.16989594669116745,-0.16989594669116745,-0.16989594669116745,2.2788781480215374,24.31784500043588,-0.16989594669116745,-0.16989594669116745,-0.16989594669116745,-0.16989594669116745,-0.16989594669116745,-0.16989594669116745,2.2788781480215374,24.31784500043588,-0.16989594669116745,-0.16989594669116745,-0.16989594669116745,-0.16989594669116745,-0.16989594669116745,12.073974526872357,-0.16989594669116745,-0.16989594669116745,-0.16989594669116745,-0.16989594669116745,-0.16989594669116745,12.073974526872357,-0.16989594669116745,-0.16989594669116745,-0.16989594669116745,7.176426337446948,-0.16989594669116745,-0.16989594669116745,-0.16989594669116745,7.176426337446948,-0.16989594669116745,-0.16989594669116745,-0.16989594669116745,-0.16989594669116745,2.2788781480215374,24.31784500043588,-0.16989594669116745,-0.16989594669116745,-0.16989594669116745,-0.16989594669116745,2.2788781480215374,24.31784500043588,-0.16989594669116745,-0.16989594669116745,-0.16989594669116745,-0.16989594669116745,-0.16989594669116745,21.869070905723177,-0.16989594669116745,-0.16989594669116745,-0.16989594669116745,-0.16989594669116745,-0.16989594669116745,21.869070905723177,-0.16989594669116745,-0.16989594669116745,4.7276522427342424,-0.16989594669116745,-0.16989594669116745,24.31784500043588,-0.16989594669116745,-0.16989594669116745,4.7276522427342424,-0.16989594669116745,-0.16989594669116745,24.31784500043588,-0.16989594669116745,-0.16989594669116745,-0.16989594669116745,-0.16989594669116745,4.7276522427342424,-0.16989594669116745,-0.16989594669116745,24.31784500043588,-0.16989594669116745,-0.16989594669116745,-0.16989594669116745,-0.16989594669116745,4.7276522427342424,-0.16989594669116745,-0.16989594669116745,24.31784500043588,-0.16989594669116745,-0.16989594669116745,-0.16989594669116745,-0.16989594669116745,-0.16989594669116745,-0.16989594669116745,-0.16989594669116745,16.971522716297766,-0.16989594669116745,-0.16989594669116745,-0.16989594669116745,-0.16989594669116745,-0.16989594669116745,-0.16989594669116745,-0.16989594669116745,16.971522716297766,-0.16989594669116745,-0.16989594669116745,-0.16989594669116745,-0.16989594669116745,-0.16989594669116745,-0.16989594669116745,16.971522716297766,-0.16989594669116745,-0.16989594669116745,-0.16989594669116745,-0.16989594669116745,-0.16989594669116745,-0.16989594669116745,16.971522716297766,-0.16989594669116745,-0.16989594669116745,-0.16989594669116745,2.2788781480215374,2.2788781480215374,-0.16989594669116745,-0.16989594669116745,16.971522716297766,-0.16989594669116745,-0.16989594669116745,-0.16989594669116745,2.2788781480215374,2.2788781480215374,-0.16989594669116745,-0.16989594669116745,16.971522716297766,-0.16989594669116745,-0.16989594669116745,-0.16989594669116745,-0.16989594669116745,-0.16989594669116745,2.2788781480215374,-0.16989594669116745,-0.16989594669116745,-0.16989594669116745,-0.16989594669116745,-0.16989594669116745,7.176426337446948,-0.16989594669116745,-0.16989594669116745,-0.16989594669116745,-0.16989594669116745,-0.16989594669116745,-0.16989594669116745,-0.16989594669116745,-0.16989594669116745,-0.16989594669116745,2.2788781480215374,-0.16989594669116745,-0.16989594669116745,-0.16989594669116745,-0.16989594669116745,-0.16989594669116745,-0.16989594669116745,-0.16989594669116745,-0.16989594669116745,-0.16989594669116745,-0.16989594669116745,-0.16989594669116745,-0.16989594669116745,4.7276522427342424,-0.16989594669116745,-0.16989594669116745,-0.16989594669116745,-0.16989594669116745,-0.16989594669116745,-0.16989594669116745,-0.16989594669116745,-0.16989594669116745,-0.16989594669116745,-0.16989594669116745,-0.16989594669116745,-0.16989594669116745,-0.16989594669116745,-0.16989594669116745,-0.16989594669116745,-0.16989594669116745,-0.16989594669116745,-0.16989594669116745,-0.16989594669116745,-0.16989594669116745,-0.16989594669116745,-0.16989594669116745,-0.16989594669116745,-0.16989594669116745,-0.16989594669116745,-0.16989594669116745,-0.16989594669116745,-0.16989594669116745,-0.16989594669116745,-0.16989594669116745,-0.16989594669116745,-0.16989594669116745,7.176426337446948
0.0,0.0,0.0,0.0,0.0,0.0,0.0,0.4852387407876861,0.0,0.0,0.0,0.0,0.0,0.0,0.0,0.0,0.0,0.0,0.0,0.0,0.0,0.0,0.0,0.0,0.0,0.0,0.0,0.0,0.0,0.0,0.0,0.0,0.0,0.0,0.0,0.0,0.0,0.0,0.0,0.0,0.0,0.0,0.0,0.0,0.0,0.0,0.0,0.0,0.0,1.383949894750324,0.0,0.0,0.0,0.0,0.0,0.0,0.0,0.0,0.0,0.0,0.0,0.0,0.0,0.0,0.0,0.0,0.0,0.0,-0.2607435071273028,0.0,0.0,1.383949894750324,0.0,0.0,0.0,1.383949894750324,0.0,1.383949894750324,0.0,0.0,0.0,0.0,0.0,0.0,0.0,0.0,0.0,-1.0917363902447395,-1.0917363902447395,0.0,-0.6189992528449889,0.0,-0.6189992528449889,0.0,0.0,0.0,0.0,1.383949894750324,1.383949894750324,0.650422237923948,0.650422237923948,0.0,0.0,0.0,0.0,0.2648508492298048,0.2648508492298048,0.0,0.0,0.0,0.0,0.0,0.0,0.0,0.0,0.0,-0.2607435071273028,0.0,0.0,0.0,1.383949894750324,-0.10343810381931595,-1.0917363902447395,0.0,-0.20995619157541512,-1.0917363902447395,0.0,-1.0917363902447395,0.0,-0.5445775294189806,-1.0917363902447395,0.0,-0.9003087023034158,-1.0917363902447395,0.0,0.0,-0.6587712381424831,0.0,-1.0917363902447395,0.0,-1.0917363902447395,0.0,0.0,1.3414858601866808,0.0,0.934053787354754,1.383949894750324,0.0,0.0,-0.7355505479325227,0.0,0.0,0.0,0.0,0.0,-0.6587712381424831,-0.6587712381424831,0.0,0.0,0.0,0.0,0.0,0.3713689369859047,-0.20995619157541512,0.0,0.0,0.0,0.0,0.0,0.0,0.0,0.0,0.0,0.0,0.0,0.0,0.650422237923948,0.0,0.0,0.0,0.0,0.0,0.0,0.0,0.0,0.7396578900350247,0.3023020595632379,0.0,0.0,0.0,0.0,0.0,0.0,0.7396578900350247,0.3023020595632379,0.0,0.0,0.0,0.0,0.0,-1.0917363902447395,0.0,0.0,0.0,0.0,0.0,-1.0917363902447395,0.0,0.0,0.0,-0.5080023088170089,0.0,0.0,0.0,-0.5080023088170089,0.0,0.0,0.0,0.0,0.7396578900350247,-0.1361214990219967,0.0,0.0,0.0,0.0,0.7396578900350247,-0.1361214990219967,0.0,0.0,0.0,0.0,0.0,-0.3420632806429105,0.0,0.0,0.0,0.0,0.0,-0.3420632806429105,0.0,0.0,-0.6783035078005096,0.0,0.0,0.042900763969556936,0.0,0.0,-0.6783035078005096,0.0,0.0,0.042900763969556936,0.0,0.0,0.0,0.0,1.0405718751108533,0.0,0.0,0.015799046252047932,0.0,0.0,0.0,0.0,1.0405718751108533,0.0,0.0,0.015799046252047932,0.0,0.0,0.0,0.0,0.0,0.0,0.0,-0.7355505479325227,0.0,0.0,0.0,0.0,0.0,0.0,0.0,-0.7355505479325227,0.0,0.0,0.0,0.0,0.0,0.0,-0.7515486459546142,0.0,0.0,0.0,0.0,0.0,0.0,-0.7515486459546142,0.0,0.0,0.0,-0.20995619157541512,-0.3578572530666546,0.0,0.0,-0.7778722904547747,0.0,0.0,0.0,-0.20995619157541512,-0.3578572530666546,0.0,0.0,-0.7778722904547747,0.0,0.0,0.0,0.0,0.0,-0.4495729319754428,0.0,0.0,0.0,0.0,0.0,1.383949894750324,0.0,0.0,0.0,0.0,0.0,0.0,0.0,0.0,0.0,0.4852387407876861,0.0,0.0,0.0,0.0,0.0,0.0,0.0,0.0,0.0,0.0,0.0,0.0,1.383949894750324,0.0,0.0,0.0,0.0,0.0,0.0,0.0,0.0,0.0,0.0,0.0,0.0,0.0,0.0,0.0,0.0,0.0,0.0,0.0,0.0,0.0,0.0,0.0,0.0,0.0,0.0,0.0,0.0,0.0,0.0,0.0,0.0,1.383949894750324
-0.5077224524862195,-0.5077224524862195,-0.5077224524862195,-0.5077224524862195,-0.5077224524862195,-0.5077224524862195,-0.5077224524862195,-0.5077224524862195,-0.5077224524862195,-0.5077224524862195,-0.5077224524862195,-0.5077224524862195,-0.5077224524862195,-0.5077224524862195,-0.5077224524862195,-0.5077224524862195,-0.5077224524862195,-0.5077224524862195,-0.5077224524862195,-0.5077224524862195,-0.5077224524862195,-0.5077224524862195,-0.5077224524862195,-0.5077224524862195,-0.5077224524862195,-0.5077224524862195,-0.5077224524862195,-0.5077224524862195,-0.5077224524862195,-0.5077224524862195,-0.5077224524862195,-0.5077224524862195,-0.5077224524862195,-0.5077224524862195,-0.5077224524862195,-0.5077224524862195,-0.5077224524862195,-0.5077224524862195,-0.5077224524862195,-0.5077224524862195,-0.5077224524862195,-0.5077224524862195,-0.5077224524862195,-0.5077224524862195,-0.5077224524862195,-0.5077224524862195,-0.5077224524862195,-0.5077224524862195,-0.5077224524862195,-0.5077224524862195,-0.5077224524862195,-0.5077224524862195,-0.5077224524862195,-0.5077224524862195,-0.5077224524862195,-0.5077224524862195,-0.5077224524862195,-0.5077224524862195,-0.5077224524862195,-0.5077224524862195,-0.5077224524862195,-0.5077224524862195,-0.5077224524862195,-0.5077224524862195,-0.5077224524862195,-0.5077224524862195,-0.5077224524862195,-0.5077224524862195,-0.5077224524862195,-0.5077224524862195,-0.5077224524862195,-0.5077224524862195,-0.5077224524862195,-0.5077224524862195,-0.5077224524862195,1.969566382794139,-0.5077224524862195,-0.5077224524862195,-0.5077224524862195,-0.5077224524862195,-0.5077224524862195,-0.5077224524862195,-0.5077224524862195,1.969566382794139,1.969566382794139,-0.5077224524862195,-0.5077224524862195,-0.5077224524862195,-0.5077224524862195,-0.5077224524862195,-0.5077224524862195,-0.5077224524862195,-0.5077224524862195,-0.5077224524862195,-0.5077224524862195,-0.5077224524862195,-0.5077224524862195,-0.5077224524862195,-0.5077224524862195,1.969566382794139,1.969566382794139,-0.5077224524862195,-0.5077224524862195,-0.5077224524862195,-0.5077224524862195,-0.5077224524862195,-0.5077224524862195,-0.5077224524862195,-0.5077224524862195,-0.5077224524862195,-0.5077224524862195,-0.5077224524862195,-0.5077224524862195,-0.5077224524862195,-0.5077224524862195,-0.5077224524862195,-0.5077224524862195,-0.5077224524862195,-0.5077224524862195,-0.5077224524862195,1.969566382794139,-0.5077224524862195,-0.5077224524862195,-0.5077224524862195,1.969566382794139,-0.5077224524862195,-0.5077224524862195,-0.5077224524862195,-0.5077224524862195,1.969566382794139,-0.5077224524862195,-0.5077224524862195,1.969566382794139,-0.5077224524862195,-0.5077224524862195,-0.5077224524862195,1.969566382794139,-0.5077224524862195,-0.5077224524862195,-0.5077224524862195,-0.5077224524862195,-0.5077224524862195,-0.5077224524862195,-0.5077224524862195,-0.5077224524862195,-0.5077224524862195,-0.5077224524862195,-0.5077224524862195,-0.5077224524862195,-0.5077224524862195,-0.5077224524862195,-0.5077224524862195,-0.5077224524862195,-0.5077224524862195,-0.5077224524862195,-0.5077224524862195,-0.5077224524862195,-0.5077224524862195,-0.5077224524862195,-0.5077224524862195,-0.5077224524862195,-0.5077224524862195,-0.5077224524862195,-0.5077224524862195,-0.5077224524862195,1.969566382794139,-0.5077224524862195,-0.5077224524862195,-0.5077224524862195,1.969566382794139,-0.5077224524862195,-0.5077224524862195,-0.5077224524862195,1.969566382794139,-0.5077224524862195,-0.5077224524862195,1.969566382794139,-0.5077224524862195,-0.5077224524862195,-0.5077224524862195,-0.5077224524862195,-0.5077224524862195,-0.5077224524862195,-0.5077224524862195,-0.5077224524862195,-0.5077224524862195,1.969566382794139,-0.5077224524862195,-0.5077224524862195,-0.5077224524862195,-0.5077224524862195,-0.5077224524862195,-0.5077224524862195,-0.5077224524862195,1.969566382794139,-0.5077224524862195,-0.5077224524862195,-0.5077224524862195,-0.5077224524862195,-0.5077224524862195,-0.5077224524862195,-0.5077224524862195,-0.5077224524862195,-0.5077224524862195,-0.5077224524862195,-0.5077224524862195,-0.5077224524862195,-0.5077224524862195,-0.5077224524862195,-0.5077224524862195,1.969566382794139,-0.5077224524862195,-0.5077224524862195,-0.5077224524862195,1.969566382794139,-0.5077224524862195,-0.5077224524862195,-0.5077224524862195,-0.5077224524862195,-0.5077224524862195,-0.5077224524862195,-0.5077224524862195,-0.5077224524862195,-0.5077224524862195,-0.5077224524862195,-0.5077224524862195,-0.5077224524862195,-0.5077224524862195,-0.5077224524862195,-0.5077224524862195,-0.5077224524862195,-0.5077224524862195,1.969566382794139,-0.5077224524862195,-0.5077224524862195,-0.5077224524862195,-0.5077224524862195,-0.5077224524862195,1.969566382794139,-0.5077224524862195,-0.5077224524862195,-0.5077224524862195,-0.5077224524862195,-0.5077224524862195,1.969566382794139,-0.5077224524862195,-0.5077224524862195,-0.5077224524862195,-0.5077224524862195,-0.5077224524862195,1.969566382794139,-0.5077224524862195,-0.5077224524862195,-0.5077224524862195,-0.5077224524862195,-0.5077224524862195,-0.5077224524862195,-0.5077224524862195,-0.5077224524862195,-0.5077224524862195,-0.5077224524862195,-0.5077224524862195,-0.5077224524862195,-0.5077224524862195,-0.5077224524862195,-0.5077224524862195,-0.5077224524862195,-0.5077224524862195,-0.5077224524862195,-0.5077224524862195,-0.5077224524862195,1.969566382794139,-0.5077224524862195,-0.5077224524862195,1.969566382794139,-0.5077224524862195,-0.5077224524862195,-0.5077224524862195,-0.5077224524862195,1.969566382794139,-0.5077224524862195,-0.5077224524862195,1.969566382794139,-0.5077224524862195,-0.5077224524862195,-0.5077224524862195,-0.5077224524862195,-0.5077224524862195,-0.5077224524862195,-0.5077224524862195,-0.5077224524862195,-0.5077224524862195,-0.5077224524862195,-0.5077224524862195,-0.5077224524862195,-0.5077224524862195,-0.5077224524862195,-0.5077224524862195,-0.5077224524862195,-0.5077224524862195,-0.5077224524862195,-0.5077224524862195,-0.5077224524862195,-0.5077224524862195,1.969566382794139,-0.5077224524862195,-0.5077224524862195,-0.5077224524862195,-0.5077224524862195,-0.5077224524862195,-0.5077224524862195,-0.5077224524862195,1.969566382794139,-0.5077224524862195,-0.5077224524862195,-0.5077224524862195,-0.5077224524862195,-0.5077224524862195,-0.5077224524862195,-0.5077224524862195,-0.5077224524862195,-0.5077224524862195,-0.5077224524862195,-0.5077224524862195,-0.5077224524862195,1.969566382794139,-0.5077224524862195,-0.5077224524862195,-0.5077224524862195,-0.5077224524862195,-0.5077224524862195,-0.5077224524862195,-0.5077224524862195,-0.5077224524862195,-0.5077224524862195,-0.5077224524862195,-0.5077224524862195,-0.5077224524862195,-0.5077224524862195,-0.5077224524862195,-0.5077224524862195,-0.5077224524862195,-0.5077224524862195,-0.5077224524862195,-0.5077224524862195,-0.5077224524862195,-0.5077224524862195,-0.5077224524862195,-0.5077224524862195,-0.5077224524862195,-0.5077224524862195,-0.5077224524862195,-0.5077224524862195,-0.5077224524862195,-0.5077224524862195,-0.5077224524862195,-0.5077224524862195,-0.5077224524862195,-0.5077224524862195,-0.5077224524862195,-0.5077224524862195,-0.5077224524862195,-0.5077224524862195,-0.5077224524862195,-0.5077224524862195,-0.5077224524862195,-0.5077224524862195,-0.5077224524862195,-0.5077224524862195,-0.5077224524862195,-0.5077224524862195,-0.5077224524862195,-0.5077224524862195,-0.5077224524862195,-0.5077224524862195,-0.5077224524862195,-0.5077224524862195,-0.5077224524862195,-0.5077224524862195,1.969566382794139,-0.5077224524862195
-0.8700053950135924,-0.8700053950135924,-0.8700053950135924,-0.8700053950135924,-0.8700053950135924,-0.8700053950135924,-0.8700053950135924,-0.8700053950135924,-0.8700053950135924,-0.8700053950135924,-0.8700053950135924,-0.8700053950135924,-0.8700053950135924,-0.8700053950135924,-0.8700053950135924,-0.8700053950135924,-0.8700053950135924,-0.8700053950135924,-0.8700053950135924,-0.8700053950135924,-0.8700053950135924,-0.8700053950135924,-0.8700053950135924,-0.8700053950135924,-0.8700053950135924,-0.8700053950135924,-0.8700053950135924,-0.8700053950135924,-0.8700053950135924,-0.8700053950135924,-0.8700053950135924,-0.8700053950135924,-0.8700053950135924,-0.8700053950135924,-0.8700053950135924,-0.8700053950135924,-0.8700053950135924,-0.8700053950135924,-0.8700053950135924,-0.8700053950135924,-0.8700053950135924,-0.8700053950135924,-0.8700053950135924,-0.8700053950135924,-0.8700053950135924,-0.8700053950135924,-0.8700053950135924,-0.8700053950135924,-0.8700053950135924,-0.8700053950135924,-0.8700053950135924,-0.8700053950135924,-0.8700053950135924,-0.8700053950135924,-0.8700053950135924,-0.8700053950135924,-0.8700053950135924,-0.8700053950135924,-0.8700053950135924,-0.8700053950135924,-0.8700053950135924,-0.8700053950135924,-0.8700053950135924,-0.8700053950135924,-0.8700053950135924,-0.8700053950135924,-0.8700053950135924,-0.8700053950135924,-0.8700053950135924,-0.8700053950135924,-0.8700053950135924,-0.8700053950135924,-0.8700053950135924,-0.8700053950135924,-0.8700053950135924,0.6418381225302304,-0.8700053950135924,-0.8700053950135924,-0.8700053950135924,-0.8700053950135924,-0.8700053950135924,-0.8700053950135924,-0.8700053950135924,-0.660920653225617,-0.660920653225617,-0.8700053950135924,-0.8700053950135924,-0.8700053950135924,-0.8700053950135924,-0.8700053950135924,-0.8700053950135924,-0.8700053950135924,-0.8700053950135924,-0.8700053950135924,-0.8700053950135924,-0.8700053950135924,-0.8700053950135924,-0.8700053950135924,-0.8700053950135924,-0.1803925624497435,-0.1803925624497435,-0.8700053950135924,-0.8700053950135924,-0.8700053950135924,-0.8700053950135924,-0.8700053950135924,-0.8700053950135924,-0.8700053950135924,-0.8700053950135924,-0.8700053950135924,-0.8700053950135924,-0.8700053950135924,-0.8700053950135924,-0.8700053950135924,-0.8700053950135924,-0.8700053950135924,-0.8700053950135924,-0.8700053950135924,-0.8700053950135924,-0.8700053950135924,0.3778654448638485,-0.8700053950135924,-0.8700053950135924,-0.8700053950135924,-0.7530175037750824,-0.8700053950135924,-0.8700053950135924,-0.8700053950135924,-0.8700053950135924,-0.8282158048165191,-0.8700053950135924,-0.8700053950135924,-0.8507556734385976,-0.8700053950135924,-0.8700053950135924,-0.8700053950135924,-0.8553819086087787,-0.8700053950135924,-0.8700053950135924,-0.8700053950135924,-0.8700053950135924,-0.8700053950135924,-0.8700053950135924,-0.8700053950135924,-0.8700053950135924,-0.8700053950135924,-0.8700053950135924,-0.8700053950135924,-0.8700053950135924,-0.8700053950135924,-0.8700053950135924,-0.8700053950135924,-0.8700053950135924,-0.8700053950135924,-0.8700053950135924,-0.8700053950135924,-0.8700053950135924,-0.8700053950135924,-0.8700053950135924,-0.8700053950135924,-0.8700053950135924,-0.8700053950135924,-0.8700053950135924,-0.8700053950135924,-0.8700053950135924,2.40565555966469,-0.8700053950135924,-0.8700053950135924,-0.8700053950135924,2.40565555966469,-0.8700053950135924,-0.8700053950135924,-0.8700053950135924,2.40565555966469,-0.8700053950135924,-0.8700053950135924,-0.35279577059070577,-0.8700053950135924,-0.8700053950135924,-0.8700053950135924,-0.8700053950135924,-0.8700053950135924,-0.8700053950135924,-0.8700053950135924,-0.8700053950135924,-0.8700053950135924,-0.8270459070833854,-0.8700053950135924,-0.8700053950135924,-0.8700053950135924,-0.8700053950135924,-0.8700053950135924,-0.8700053950135924,-0.8700053950135924,-0.8270459070833854,-0.8700053950135924,-0.8700053950135924,-0.8700053950135924,-0.8700053950135924,-0.8700053950135924,-0.8700053950135924,-0.8700053950135924,-0.8700053950135924,-0.8700053950135924,-0.8700053950135924,-0.8700053950135924,-0.8700053950135924,-0.8700053950135924,-0.8700053950135924,-0.8700053950135924,-0.8130373784104918,-0.8700053950135924,-0.8700053950135924,-0.8700053950135924,-0.8130373784104918,-0.8700053950135924,-0.8700053950135924,-0.8700053950135924,-0.8700053950135924,-0.8700053950135924,-0.8700053950135924,-0.8700053950135924,-0.8700053950135924,-0.8700053950135924,-0.8700053950135924,-0.8700053950135924,-0.8700053950135924,-0.8700053950135924,-0.8700053950135924,-0.8700053950135924,-0.8700053950135924,-0.8700053950135924,-0.8280097417484862,-0.8700053950135924,-0.8700053950135924,-0.8700053950135924,-0.8700053950135924,-0.8700053950135924,-0.8280097417484862,-0.8700053950135924,-0.8700053950135924,-0.8700053950135924,-0.8700053950135924,-0.8700053950135924,-0.826619157203284,-0.8700053950135924,-0.8700053950135924,-0.8700053950135924,-0.8700053950135924,-0.8700053950135924,-0.826619157203284,-0.8700053950135924,-0.8700053950135924,-0.8700053950135924,-0.8700053950135924,-0.8700053950135924,-0.8700053950135924,-0.8700053950135924,-0.8700053950135924,-0.8700053950135924,-0.8700053950135924,-0.8700053950135924,-0.8700053950135924,-0.8700053950135924,-0.8700053950135924,-0.8700053950135924,-0.8700053950135924,-0.8700053950135924,-0.8700053950135924,-0.8700053950135924,-0.8700053950135924,-0.3660575558323182,-0.8700053950135924,-0.8700053950135924,-0.8487348693338633,-0.8700053950135924,-0.8700053950135924,-0.8700053950135924,-0.8700053950135924,-0.3660575558323182,-0.8700053950135924,-0.8700053950135924,-0.8487348693338633,-0.8700053950135924,-0.8700053950135924,-0.8700053950135924,-0.8700053950135924,-0.8700053950135924,-0.8700053950135924,-0.8700053950135924,-0.8700053950135924,-0.8700053950135924,-0.8700053950135924,-0.8700053950135924,-0.8700053950135924,-0.8700053950135924,-0.8700053950135924,-0.8700053950135924,-0.8700053950135924,-0.8700053950135924,-0.8700053950135924,-0.8700053950135924,-0.8700053950135924,-0.8700053950135924,-0.8285413322961458,-0.8700053950135924,-0.8700053950135924,-0.8700053950135924,-0.8700053950135924,-0.8700053950135924,-0.8700053950135924,-0.8700053950135924,-0.8285413322961458,-0.8700053950135924,-0.8700053950135924,-0.8700053950135924,-0.8700053950135924,-0.8700053950135924,-0.8700053950135924,-0.8700053950135924,-0.8700053950135924,-0.8700053950135924,-0.8700053950135924,-0.8700053950135924,-0.8700053950135924,-0.27443067598117743,-0.8700053950135924,-0.8700053950135924,-0.8700053950135924,-0.8700053950135924,-0.8700053950135924,-0.8700053950135924,-0.8700053950135924,-0.8700053950135924,-0.8700053950135924,-0.8700053950135924,-0.8700053950135924,-0.8700053950135924,-0.8700053950135924,-0.8700053950135924,-0.8700053950135924,-0.8700053950135924,-0.8700053950135924,-0.8700053950135924,-0.8700053950135924,-0.8700053950135924,-0.8700053950135924,-0.8700053950135924,-0.8700053950135924,-0.8700053950135924,-0.8700053950135924,-0.8700053950135924,-0.8700053950135924,-0.8700053950135924,-0.8700053950135924,-0.8700053950135924,-0.8700053950135924,-0.8700053950135924,-0.8700053950135924,-0.8700053950135924,-0.8700053950135924,-0.8700053950135924,-0.8700053950135924,-0.8700053950135924,-0.8700053950135924,-0.8700053950135924,-0.8700053950135924,-0.8700053950135924,-0.8700053950135924,-0.8700053950135924,-0.8700053950135924,-0.8700053950135924,-0.8700053950135924,-0.8700053950135924,-0.8700053950135924,-0.8700053950135924,-0.8700053950135924,-0.8700053950135924,-0.8700053950135924,-0.27443067598117743,-0.8700053950135924
-0.3965873381778338,-1.0183565364195493,-0.797640857572655,-0.7033676826920172,-0.3327510165778624,-0.797640857572655,-1.096933728981207,-0.0637760259906795,-0.6173030170247277,-1.096933728981207,-1.0183565364195493,-1.096933728981207,-1.096933728981207,-1.096933728981207,-1.0183565364195493,-0.7033676826920172,-0.0637760259906795,-0.3965873381778338,-0.16277054484031625,-0.3965873381778338,0.10868034111592541,-0.3965873381778338,-0.4648295453855011,-0.0637760259906795,-0.3965873381778338,-1.096933728981207,-0.538131199345661,-1.0183565364195493,-1.096933728981207,-1.0183565364195493,-0.11203533773096849,-1.096933728981207,-1.096933728981207,-1.0183565364195493,-0.6173030170247277,-1.096933728981207,-0.901855017471593,-0.2727860098355923,-0.538131199345661,-1.096933728981207,-0.797640857572655,-0.6173030170247277,-1.096933728981207,-0.2727860098355923,-0.901855017471593,-1.096933728981207,-0.7033676826920172,-0.901855017471593,-0.797640857572655,-1.096933728981207,-1.096933728981207,-0.7033676826920172,-0.21624949762990653,-1.096933728981207,-1.096933728981207,-0.6173030170247277,-0.3965873381778338,-0.901855017471593,-1.096933728981207,-0.901855017471593,-1.096933728981207,-0.797640857572655,-0.4648295453855011,-0.3327510165778624,-0.6173030170247277,-1.096933728981207,-0.6173030170247277,-0.3965873381778338,0.38329135654449087,-1.096933728981207,-0.797640857572655,-1.096933728981207,-0.901855017471593,-0.017762162850330287,-0.7033676826920172,-0.538131199345661,-0.901855017471593,-1.096933728981207,-0.3965873381778338,-0.2727860098355923,-0.2727860098355923,0.25548548960086465,0.25548548960086465,0.7330836812166751,0.7330836812166751,0.7942858609576123,0.7942858609576123,0.9579994499562016,0.9579994499562016,-0.21624949762990653,0.5979941312604431,-0.21624949762990653,0.5979941312604431,0.7118114703156233,0.7118114703156233,0.3528545032638245,0.3528545032638245,-0.6173030170247277,-0.6173030170247277,-0.16277054484031625,-0.16277054484031625,0.32145124083595084,0.32145124083595084,1.4395135425003327,1.4395135425003327,0.06830250281695922,0.06830250281695922,-0.11203533773096849,-0.11203533773096849,1.3074350136926938,1.3074350136926938,0.6451039720015455,0.6451039720015455,-0.538131199345661,-0.2727860098355923,-0.21624949762990653,0.38329135654449087,-1.096933728981207,-0.16277054484031625,0.10868034111592541,-0.0637760259906795,0.2890181816638531,1.038460023105511,-1.096933728981207,0.9063814942978732,1.4395135425003327,-0.4648295453855011,1.8704253214638973,-0.538131199345661,1.8704253214638973,1.8704253214638973,-0.538131199345661,1.847412208131132,1.8704253214638973,-0.538131199345661,-0.538131199345661,1.8704253214638973,-0.538131199345661,1.5375263047597103,-0.0637760259906795,1.3191407086946754,-0.538131199345661,-0.538131199345661,0.10868034111592541,-0.538131199345661,0.7539080226586461,-0.797640857572655,0.6451039720015455,-1.0183565364195493,0.6678433569913562,-1.0183565364195493,-1.096933728981207,-0.21624949762990653,0.7118114703156233,0.7118114703156233,0.6218294938510074,0.6218294938510074,0.7330836812166751,0.7330836812166751,0.7330836812166751,0.7330836812166751,-0.7033676826920172,-0.017762162850330287,0.3528545032638245,-1.096933728981207,-1.096933728981207,-0.3965873381778338,-1.096933728981207,-0.3327510165778624,-1.096933728981207,-0.3965873381778338,-1.096933728981207,0.2207759744561858,-1.096933728981207,-0.3965873381778338,-1.0183565364195493,0.5228349750013707,-0.4648295453855011,-0.11203533773096849,-0.6173030170247277,-1.096933728981207,-1.096933728981207,-0.7033676826920172,0.32145124083595084,-1.096933728981207,-0.901855017471593,1.4897334489033234,-0.901855017471593,-1.096933728981207,-1.096933728981207,-0.7033676826920172,0.32145124083595084,-1.096933728981207,-0.901855017471593,1.4897334489033234,-0.901855017471593,-0.7033676826920172,1.4081102800724594,-1.096933728981207,-0.538131199345661,1.8704253214638973,-0.901855017471593,-0.7033676826920172,1.4081102800724594,-1.096933728981207,-0.538131199345661,1.8704253214638973,-0.901855017471593,-1.096933728981207,0.4414916533030797,0.9238884943961923,-0.901855017471593,-1.096933728981207,0.4414916533030797,0.9238884943961923,-0.901855017471593,-0.7033676826920172,0.8519207849180238,-1.096933728981207,-0.901855017471593,0.9909731594196948,-0.901855017471593,-0.7033676826920172,0.8519207849180238,-1.096933728981207,-0.901855017471593,0.9909731594196948,-0.901855017471593,-0.7033676826920172,1.4395135425003327,-1.096933728981207,-0.3965873381778338,1.5186853601793993,-0.901855017471593,-0.7033676826920172,1.4395135425003327,-1.096933728981207,-0.3965873381778338,1.5186853601793993,-0.901855017471593,-0.797640857572655,0.6218294938510074,-1.096933728981207,-0.3965873381778338,1.1953393803524335,-0.901855017471593,-0.797640857572655,0.6218294938510074,-1.096933728981207,-0.3965873381778338,1.1953393803524335,-0.901855017471593,-1.096933728981207,-1.096933728981207,-0.2727860098355923,-0.797640857572655,-1.096933728981207,-0.3327510165778624,1.4994785492426022,-0.901855017471593,-1.096933728981207,-1.096933728981207,-0.2727860098355923,-0.797640857572655,-1.096933728981207,-0.3327510165778624,1.4994785492426022,-0.901855017471593,-1.096933728981207,-1.096933728981207,-0.901855017471593,0.14747432049602588,-1.096933728981207,-0.797640857572655,1.8704253214638973,-0.901855017471593,-1.096933728981207,-1.096933728981207,-0.901855017471593,0.14747432049602588,-1.096933728981207,-0.797640857572655,1.8704253214638973,-0.901855017471593,-0.901855017471593,-0.7033676826920172,-0.538131199345661,-1.096933728981207,-0.797640857572655,1.8704253214638973,-0.901855017471593,-0.901855017471593,-0.7033676826920172,-0.538131199345661,-1.096933728981207,-0.797640857572655,1.8704253214638973,-0.901855017471593,-0.901855017471593,-1.096933728981207,0.3528545032638245,0.4414916533030797,-1.096933728981207,-0.6173030170247277,1.5281506925395878,-0.901855017471593,-0.901855017471593,-1.096933728981207,0.3528545032638245,0.4414916533030797,-1.096933728981207,-0.6173030170247277,1.5281506925395878,-0.901855017471593,-0.901855017471593,-0.4648295453855011,0.6218294938510074,0.10868034111592541,0.49645688688845147,-1.0183565364195493,0.8138730294009158,-0.2727860098355923,1.1411274748183142,0.38329135654449087,-1.096933728981207,-0.017762162850330287,-1.096933728981207,-0.901855017471593,-1.0183565364195493,-0.797640857572655,-0.7033676826920172,-0.3327510165778624,-0.797640857572655,-1.096933728981207,-0.0637760259906795,-0.6173030170247277,-0.7033676826920172,-1.0183565364195493,-1.096933728981207,-1.096933728981207,-1.096933728981207,-1.096933728981207,-0.2727860098355923,-1.096933728981207,-0.7033676826920172,-0.901855017471593,-0.797640857572655,-1.096933728981207,-1.096933728981207,-0.7033676826920172,-0.21624949762990653,-0.901855017471593,-1.0183565364195493,-0.6173030170247277,-1.096933728981207,-0.901855017471593,-0.3327510165778624,-0.538131199345661,-1.096933728981207,-0.6173030170247277,-0.797640857572655,-1.096933728981207,0.14747432049602588,-0.6173030170247277,-0.797640857572655,-1.096933728981207,-0.4648295453855011,-0.3327510165778624,-0.6173030170247277,-1.096933728981207,-0.901855017471593,-1.096933728981207,-1.096933728981207,-0.3327510165778624,-0.7033676826920172,-0.21624949762990653,-0.3965873381778338,-0.11203533773096849,-1.096933728981207,-0.017762162850330287,-0.797640857572655
-1.0,-1.0,-1.0,-1.0,-1.0,-1.0,-1.0,-1.0,-1.0,-1.0,-1.0,-1.0,-1.0,-1.0,-1.0,-1.0,-1.0,-1.0,-1.0,-1.0,-1.0,-1.0,-1.0,-1.0,-1.0,-1.0,-1.0,-1.0,-1.0,-1.0,-1.0,-1.0,-1.0,-1.0,-1.0,-1.0,-1.0,-1.0,-1.0,-1.0,-1.0,-1.0,-1.0,-1.0,-1.0,-1.0,-1.0,-1.0,-1.0,-1.0,-1.0,-1.0,-1.0,-1.0,-1.0,-1.0,-1.0,-1.0,-1.0,-1.0,-1.0,-1.0,-1.0,-1.0,-1.0,-1.0,-1.0,-1.0,1.0,-1.0,-1.0,-1.0,-1.0,-1.0,-1.0,-1.0,-1.0,-1.0,-1.0,-1.0,-1.0,-1.0,-1.0,-1.0,-1.0,-1.0,-1.0,-1.0,-1.0,-1.0,-1.0,-1.0,-1.0,-1.0,-1.0,-1.0,-1.0,1.0,1.0,-1.0,-1.0,-1.0,-1.0,-1.0,-1.0,-1.0,-1.0,-1.0,-1.0,-1.0,-1.0,-1.0,-1.0,-1.0,-1.0,-1.0,1.0,-1.0,-1.0,-1.0,-1.0,-1.0,-1.0,-1.0,1.0,-1.0,-1.0,-1.0,-1.0,1.0,-1.0,-1.0,1.0,1.0,-1.0,-1.0,1.0,-1.0,1.0,-1.0,1.0,-1.0,-1.0,-1.0,-1.0,-1.0,-1.0,-1.0,-1.0,-1.0,-1.0,-1.0,-1.0,-1.0,-1.0,-1.0,-1.0,-1.0,-1.0,-1.0,-1.0,-1.0,1.0,1.0,-1.0,-1.0,-1.0,-1.0,-1.0,-1.0,-1.0,-1.0,-1.0,-1.0,-1.0,-1.0,-1.0,-1.0,-1.0,-1.0,-1.0,-1.0,-1.0,-1.0,-1.0,1.0,1.0,-1.0,-1.0,-1.0,-1.0,-1.0,-1.0,1.0,1.0,-1.0,-1.0,-1.0,-1.0,-1.0,-1.0,-1.0,-1.0,-1.0,-1.0,-1.0,-1.0,-1.0,-1.0,-1.0,1.0,-1.0,-1.0,-1.0,1.0,-1.0,-1.0,-1.0,-1.0,1.0,1.0,-1.0,-1.0,-1.0,-1.0,1.0,1.0,-1.0,-1.0,-1.0,-1.0,-1.0,1.0,-1.0,-1.0,-1.0,-1.0,-1.0,1.0,-1.0,-1.0,1.0,-1.0,-1.0,1.0,-1.0,-1.0,1.0,-1.0,-1.0,1.0,-1.0,-1.0,-1.0,-1.0,1.0,-1.0,-1.0,1.0,-1.0,-1.0,-1.0,-1.0,1.0,-1.0,-1.0,1.0,-1.0,-1.0,-1.0,-1.0,-1.0,-1.0,-1.0,1.0,-1.0,-1.0,-1.0,-1.0,-1.0,-1.0,-1.0,1.0,-1.0,-1.0,-1.0,-1.0,-1.0,-1.0,1.0,-1.0,-1.0,-1.0,-1.0,-1.0,-1.0,1.0,-1.0,-1.0,-1.0,-1.0,-1.0,-1.0,-1.0,1.0,-1.0,-1.0,-1.0,-1.0,-1.0,-1.0,-1.0,1.0,-1.0,-1.0,-1.0,-1.0,-1.0,-1.0,-1.0,-1.0,-1.0,-1.0,-1.0,-1.0,-1.0,-1.0,-1.0,-1.0,-1.0,-1.0,-1.0,-1.0,-1.0,-1.0,-1.0,-1.0,-1.0,-1.0,-1.0,-1.0,-1.0,-1.0,-1.0,-1.0,-1.0,-1.0,-1.0,-1.0,-1.0,-1.0,-1.0,-1.0,-1.0,-1.0,-1.0,-1.0,-1.0,-1.0,-1.0,-1.0,-1.0,-1.0,-1.0,-1.0,-1.0,-1.0,-1.0,-1.0,-1.0,-1.0,-1.0,-1.0,-1.0,-1.0,-1.0,-1.0,-1.0,-1.0,-1.0,-1.0
-1.7347757227611174,-1.7280285272564297,-1.7253102326646128,-1.7228762494969403,-1.7203313155296018,-1.7179320044868247,-1.715643644243714,-1.7130363004515632,-1.71060925170887,-1.7083000881908217,-1.7060047935227316,-1.7037441709795371,-1.7011437616123655,-1.6989039423441086,-1.695686369153795,-1.6923647795887944,-1.6891818785233765,-1.6854996988594615,-1.6823376010689812,-1.6792309786783337,-1.6759440612382288,-1.6727958322977063,-1.6697377508819127,-1.6661942597175803,-1.6630737684769745,-1.6598353920117235,-1.6568397204207421,-1.6542323766285913,-1.6517151803611692,-1.649184115243789,-1.6463895419772019,-1.6437752637600722,-1.6413135428924832,-1.6381029041271489,-1.6353984783852904,-1.6329644952176179,-1.6293169876785987,-1.624698660642502,-1.6216475136516875,-1.619213530484015,-1.61648136704224,-1.613693728200632,-1.6105593681100678,-1.6076330407688775,-1.605143582201372,-1.60278587770847,-1.6003588289657764,-1.5979387146480624,-1.5954839282054523,-1.5932094368122995,-1.5909280109941677,-1.5885148311014325,-1.585907487309282,-1.5827037829689266,-1.5793891278289054,-1.5765945545623183,-1.574056555019959,-1.571261981753372,-1.568529818311597,-1.5657699171699055,-1.5635023602017322,-1.5607285902100825,-1.5578438694187668,-1.55488980437766,-1.5522963294354677,-1.5499386249425655,-1.4697073279341,-1.4682996396633379,-1.3038220135834944,-1.2439640571636952,-1.2418837296699583,-1.2389643367537468,-1.235441648864352,-1.225712650618641,-1.2214757169563961,-1.2176201766680033,-1.212641259532992,-1.209617850242094,-1.2066360475010707,-1.1536154341106881,-1.147416058179351,-1.098667050576109,-1.0924538057948139,-1.0431223064933253,-1.036451389663408,-0.9842698416954994,-0.9770025643173773,-0.9238224591524749,-0.9169989849730169,-0.8695189771409544,-0.8689988952675202,-0.8625152079120392,-0.8619951260386048,-0.8041134807378564,-0.7971097115089409,-0.7427299508226501,-0.7362531978921482,-0.6819427814556487,-0.6754660285251467,-0.6197895303677595,-0.6136456298362557,-0.5600425247476268,-0.5530248866687532,-0.49901265050635596,-0.49088550443082246,-0.4386692843380182,-0.4319567609582262,-0.3821814584580738,-0.3761623775761939,-0.3246812065311769,-0.3169285194045162,-0.26716015132934295,-0.2605169721993421,-0.25600959596291134,-0.24944962993265998,-0.16742231685460157,-0.1658551368093196,-0.16179156377155277,-0.1586502692560096,-0.1421463378056944,-0.13831853521721793,-0.07435539920977749,-0.07255938314018436,-0.07009766227259533,-0.0684334002776056,-0.06471654848879511,-0.06246286037057964,-0.06059750005119556,-0.05711641871167508,-0.04511986349779064,-0.03661132404840532,-0.033442291832945545,-0.02143186776910269,-0.006009706615530667,0.004059078454157412,0.010494224834784356,0.02463351736721848,0.03579100715862895,0.042198415839339816,0.04387654668428776,0.04705944774970558,0.051865004260238455,0.058133724441366705,0.06323746122600224,0.06502654287061599,0.0703591156795625,0.0711496401271826,0.07373618064439583,0.07831983555559674,0.08119068749695423,0.1269440235092147,0.14006395556971737,0.14071579151775523,0.14806628199562685,0.15271234673163966,0.16002123065963642,0.1642373610469441,0.1718166875491267,0.17636567033543216,0.18382711161296955,0.18822353704973396,0.20256392790656264,0.23020454587335107,0.2317093160938213,0.26008498310839695,0.28309340518913056,0.2840572902612288,0.2870668307021685,0.29142858401403743,0.30323097532850674,0.3041948604006049,0.3072460073914195,0.3123012032012008,0.334054494360713,0.33501144500783214,0.33808339527358416,0.34320100090817773,0.34571126275062064,0.3536997203265717,0.39412741795486467,0.41989574117729,0.4205614459752859,0.4215253310473841,0.42765536272892973,0.4304360671455585,0.4329463289880014,0.43689201680112283,0.4420234912856748,0.46831189638153403,0.46897760117952997,0.4699414862516281,0.47605764908321574,0.4788383534998445,0.4813486153422874,0.48529430315540883,0.4904257776399608,0.519175903603409,0.5263460990318232,0.5296399508969072,0.5319907209648305,0.5359433432029309,0.5410748176874829,0.5697972059510147,0.5769535325294708,0.5802473843945548,0.5825981544624776,0.5865507767005785,0.5916822511851302,0.618102410355593,0.6226791308418148,0.6247039829357189,0.6278383430262829,0.6542307644968293,0.6587936161330927,0.6608184682269972,0.6639528283175612,0.6950329210739953,0.7007330184068353,0.7036662801730047,0.7061765420154477,0.7101360986785276,0.7148515076643317,0.7459038627208493,0.751590091203731,0.7545233529699004,0.7570336148123433,0.7609931714754231,0.7657085804612277,0.7907418546358654,0.7979744598890919,0.8012059019293636,0.8036260162470781,0.807606376185095,0.8130152276688118,0.8380207641435332,0.8452395005468016,0.8484709425870733,0.8508910569047875,0.8548714168428048,0.8602802683265216,0.8919913937560557,0.8987663269606602,0.9019214903261615,0.9043416046438757,0.9082595547570811,0.9133840948166537,0.9450674825462714,0.9518285469009174,0.9549837102664188,0.9574038245841333,0.9613217746973384,0.9664463147569109,0.9930259657018934,0.9936916704998893,0.9947803752216117,1.0005290135293057,1.0033027835209554,1.005757569963565,1.009703257776687,1.0143909290625746,1.0409428423076406,1.0416085471056364,1.042697251827359,1.0484320212850948,1.0512057912767443,1.0536605777193542,1.0576062655324756,1.0622939368183637,1.08773634206677,1.088402046864766,1.089324325386989,1.0946846358958522,1.0974306681875854,1.0996774218808216,1.1035953719940266,1.1080611416805826,1.133475809229072,1.1341415140270679,1.1350637925492917,1.140410234208196,1.1431562664999295,1.1454030201931655,1.1493209703063705,1.1537867399929267,1.1770309325229502,1.1819474398331493,1.1821624070075023,1.1848737671743397,1.187120520867576,1.1910523398307393,1.1954210275675876,1.2186374823976949,1.2235401208579355,1.2237550880322883,1.2264664481991259,1.2287132018923619,1.2326450208555253,1.2370137085923736,1.2623104909162182,1.268357309498014,1.2686416209221585,1.2691686372205717,1.2719840137620964,1.2743001117051236,1.278280471643141,1.2832385855032145,1.3085076301271426,1.3145405798589804,1.3148248912831249,1.315351907581538,1.3181672841230623,1.3204833820660897,1.324463742004107,1.3294218558641808,1.3333190027024484,1.3369595758164885,1.343575017246573,1.3458980496145794,1.3513762453480875,1.3535467203665534,1.3593785717739966,1.3617085385669825,1.3689342093952295,1.3715138154874638,1.419416823243253,1.4212197737378252,1.4252209369507798,1.428611870765571,1.4318502472308223,1.434859787671762,1.4372799019894764,1.4398109671068564,1.4421964092996753,1.444470900692828,1.4470643756350203,1.4494775555277555,1.4518005878957623,1.4541097514138104,1.4563565051070468,1.45894304562426,1.4611689960425587,1.4632215858363795,1.466716536025858,1.4691505191935306,1.4715636990862657,1.473969944554022,1.4764108621466736,1.478671484689868,1.4809390416580415,1.4833383527008184,1.4867916963404224,1.4892742204829483,1.4927761050974064,1.4957717766883876,1.4981918910061023,1.501825529695163,1.5064230534563223,1.5094533971721995,1.511873511489914,1.514619543781647,1.5173794449233382,1.5194667068420546,1.5231904930558444,1.526130689246993,1.5289321969385592,1.531657425955355,1.5345074746217746,1.5374476708129234,1.5400272769051577,1.542121473248853,1.545026997315106,1.5472806854333214,1.5495829145263904,1.552072373093896,1.5542497825373411,1.562702846586893,1.5661769935014342,1.5700255993648484,1.5739712871779699,1.58212617095342,1.6026173967667312
-1.1401173510276303,-1.1401040077827136,-1.1400913162097925,-1.1400763863815357,-1.1400571732075768,-1.1400356864485623,-1.1400121432373407,-1.1399816888000713,-1.1399498660744722,-1.1399164793661627,-1.1398802881835977,-1.1398417152939087,-1.139793750482204,-1.139749354272999,-1.1396805849186233,-1.1396034165933058,-1.1395235837453628,-1.139424040605317,-1.1393324036249046,-1.1392368370608534,-1.1391297489610739,-1.1390214189614827,-1.1389107944579224,-1.1387759592247266,-1.138651307113325,-1.1385160908277714,-1.1383856985666239,-1.1382680551934847,-1.1381508115356551,-1.138029288852631,-1.1378908828019918,-1.1377573856409178,-1.1376281258312817,-1.1374543636728838,-1.1373034497119114,-1.137164071054867,-1.1369488944663984,-1.1366655923338667,-1.136471772178217,-1.1363133605096434,-1.1361315289967453,-1.135941630385309,-1.1357228348522244,-1.1355135183486031,-1.1353316170376326,-1.135156093411047,-1.134972105417989,-1.1347853076867662,-1.134592431206528,-1.1344106623136445,-1.1342253838971001,-1.1340261843267385,-1.1338072352242217,-1.1335329139502275,-1.1332429490481761,-1.132993626408526,-1.132763346255442,-1.1325055492137104,-1.1322492160173565,-1.131985970665225,-1.1317664447612796,-1.131493935584712,-1.131205884831569,-1.1309060055679023,-1.1306386404751108,-1.1303922621656388,-1.1201241015715888,-1.1199112666845321,-1.0872852822369343,-1.0715936884519044,-1.071011699679856,-1.0701908252744596,-1.0691938640041612,-1.066403787607693,-1.0651718975232896,-1.0640420262844397,-1.0625704412918748,-1.0616699533453104,-1.060776766072062,-1.0440503860123678,-1.0419902865312967,-1.0250289868043947,-1.0227701073344027,-1.0040561078623969,-1.0014192595645688,-0.9799199960305195,-0.9768029723223115,-0.9530793627248283,-0.9499190002789795,-0.9271950415224258,-0.9269390319676346,-0.9237345345665617,-0.9234764536292022,-0.8937926110500108,-0.8900716070223278,-0.8602312968115392,-0.8565651776677112,-0.824884470104549,-0.8209944654322396,-0.786570659636259,-0.7826639985323601,-0.7476693127138475,-0.7429669017352043,-0.7058368729511001,-0.7001063766409109,-0.6623925222537935,-0.6574318428195602,-0.6198475121075059,-0.6152071373824187,-0.5746763577481545,-0.5684421476290811,-0.527607673928084,-0.5220504542524222,-0.5182656076162032,-0.5127365571027744,-0.44153392188233687,-0.440136303924093,-0.4365058860637618,-0.4336930015712878,-0.4188223041086592,-0.4153511735716647,-0.3561151783306643,-0.3544183143228853,-0.3520895166673604,-0.3505131658204712,-0.346986962047369,-0.34484504616787626,-0.34307001419785754,-0.3397522091760098,-0.32826554486551396,-0.3200690377330876,-0.31700570074722545,-0.30534401748917583,-0.2902493695263827,-0.2803214328766077,-0.2739461077076529,-0.25985553958455043,-0.24865624632659286,-0.24219283082170207,-0.24049617352833272,-0.23727373420795358,-0.23239756744229384,-0.22601699925540925,-0.2208056971326044,-0.21897540282223843,-0.21350919268264956,-0.2126974809389195,-0.2100391334537815,-0.20531888333195591,-0.20235639362313515,-0.1545100481022757,-0.14057031577450804,-0.13987519735651585,-0.13201990322277768,-0.12703891669215736,-0.11917831156085847,-0.11463010474640088,-0.10642838552322234,-0.1014901661653783,-0.0933648014807817,-0.08856235664267564,-0.07282120138597394,-0.042150723207682435,-0.04046853574524197,-0.008506207219189078,0.017746618014650536,0.018852989862616416,0.022310817174078543,0.027331418369931592,0.04097081827295146,0.04208822808794158,0.045628835886267996,0.05150663097274906,0.07696550941909856,0.07809165211463504,0.08171025244345427,0.08775044683554947,0.09071869660126451,0.10018846508410732,0.14866926707362843,0.18005558444122388,0.18087142926996655,0.18205315120687446,0.18958092713396069,0.19300272139890287,0.1960954991297904,0.20096404178565871,0.20730895812877842,0.24004864575602242,0.2408828191621509,0.24209107935173213,0.24977019379801896,0.25326852612740586,0.2564303980710836,0.2614075446139069,0.2678937032704656,0.30451069044765827,0.3137160890432306,0.3179546747655856,0.32098345934012595,0.3260831900982676,0.33271714730172575,0.37012585282792215,0.37951942396482596,0.38385280244286357,0.3869492391104062,0.3921627211753675,0.3989443555139938,0.4340976274757531,0.44022750723672405,0.44294331538019543,0.44715183546994125,0.48281064006487767,0.48901566996826445,0.49177306261393744,0.4960459532344882,0.538717990185313,0.5466036637216836,0.5506688202244983,0.5541516337966991,0.5596525269746009,0.5662151340040545,0.609747632188314,0.6177785910487574,0.6219285794044759,0.6254839913945284,0.6310993975464448,0.6377983772945156,0.6735738231236021,0.6839764067252081,0.6886337718188343,0.6921256874015262,0.697876081672446,0.7057046460839299,0.7421129445436535,0.7526896343172339,0.7574338540816402,0.7609908174757104,0.7668481958260894,0.7748221393002528,0.8219066312831514,0.8320401491800411,0.8367683520436808,0.8403988759615337,0.8462834323141689,0.8539933992996803,0.9019932412828565,0.9123100544149687,0.9171334632170053,0.9208370132282664,0.9268397923395696,0.9347043905085434,0.9757356105246262,0.976768421397617,0.978458040597883,0.9873908362646092,0.991707712386372,0.9955317971610598,1.0016855999140686,1.009008127450863,1.0507202422272308,1.0517711926690752,1.0534904776225706,1.0625579647288925,1.0669504005115573,1.0708413555861447,1.0771026419567868,1.0845528653205074,1.1252070270420451,1.1262756917835455,1.1277566541505941,1.1363736273339473,1.1407943439557622,1.1444144834380456,1.150734248479773,1.157948307432596,1.199219394753294,1.2003053747764385,1.2018103260232649,1.2105440465939978,1.215036167095366,1.2187147279336474,1.225136369722717,1.232466550136227,1.2708030489978532,1.2789511797355422,1.2793077586192816,1.2838075095608044,1.2875393708051643,1.2940770352848376,1.3013514174920136,1.3401916578903383,1.3484327818649764,1.3487944452204252,1.3533583261115798,1.3571433282860699,1.3637739893934704,1.3711517011870098,1.414085540549829,1.4244021239157092,1.4248877044314139,1.42578792647535,1.4305996829916154,1.4345615023745235,1.441377264074035,1.4498798818725178,1.4934306797578598,1.5038820673340514,1.5043751146711974,1.5052891776524386,1.5101748739127303,1.5141975205727438,1.5211178177724307,1.529750649652144,1.5365459886406736,1.5429017502096944,1.5544703683681764,1.558538627788406,1.56814458501281,1.5719552098615328,1.5822072507650196,1.5863085980949148,1.5990472893773455,1.603602267356841,1.6888753115677042,1.6921102587710717,1.6992959562580585,1.7053928685913657,1.7112215863217792,1.7166437710501519,1.7210077433975344,1.7255753464332755,1.7298834905358587,1.7339942694790142,1.7386851497887044,1.7430533614153467,1.7472615210571807,1.7514475987217244,1.7555234495881624,1.7602192645874104,1.764263481012138,1.767995224344926,1.7743547865523124,1.7787878705585853,1.7831863908190402,1.787575568980041,1.7920313558724918,1.796161044145812,1.8003063196755034,1.8046956359423476,1.8110189534667072,1.815568821434277,1.8219928899539874,1.8274938651531694,1.8319416667222588,1.838625995793345,1.847094217949302,1.8526824088414209,1.8571490395378356,1.862221227224507,1.8673233526923132,1.8711848719986621,1.8780801804082001,1.8835300918022675,1.8887275055168735,1.8937876880034055,1.899084152566303,1.9045529858145385,1.9093551616873783,1.913256485323771,1.9186733793582338,1.9228783334842716,1.9271768381517127,1.9318283117274313,1.9358996208107198,1.951730667056907,1.9582488920418577,1.9654776933730695,1.9728975871703909,1.9882609612952302,2.0270322595598946
-1.0,-1.0,-1.0,-1.0,-1.0,-1.0,-1.0,-1.0,-1.0,-1.0,-1.0,-1.0,-1.0,-1.0,-1.0,-1.0,-1.0,-1.0,-1.0,-1.0,-1.0,-1.0,-1.0,-1.0,-1.0,-1.0,-1.0,-1.0,-1.0,-1.0,-1.0,-1.0,-1.0,-1.0,-1.0,-1.0,-1.0,-1.0,-1.0,-1.0,-1.0,-1.0,-1.0,-1.0,-1.0,-1.0,-1.0,-1.0,-1.0,1.0,-1.0,-1.0,-1.0,-1.0,-1.0,-1.0,-1.0,-1.0,-1.0,-1.0,-1.0,-1.0,-1.0,-1.0,-1.0,-1.0,-1.0,-1.0,-1.0,-1.0,-1.0,1.0,-1.0,-1.0,-1.0,-1.0,-1.0,1.0,-1.0,-1.0,-1.0,-1.0,-1.0,-1.0,-1.0,-1.0,-1.0,-1.0,-1.0,-1.0,-1.0,-1.0,-1.0,-1.0,-1.0,-1.0,-1.0,-1.0,-1.0,1.0,1.0,-1.0,-1.0,-1.0,-1.0,1.0,1.0,-1.0,-1.0,-1.0,-1.0,-1.0,-1.0,-1.0,-1.0,-1.0,-1.0,-1.0,-1.0,-1.0,-1.0,-1.0,1.0,-1.0,1.0,-1.0,-1.0,1.0,-1.0,1.0,1.0,-1.0,-1.0,1.0,-1.0,-1.0,-1.0,-1.0,-1.0,-1.0,1.0,-1.0,-1.0,1.0,-1.0,1.0,1.0,-1.0,-1.0,-1.0,-1.0,-1.0,-1.0,-1.0,-1.0,-1.0,-1.0,-1.0,-1.0,-1.0,-1.0,-1.0,1.0,1.0,-1.0,-1.0,-1.0,-1.0,-1.0,-1.0,-1.0,-1.0,-1.0,-1.0,-1.0,-1.0,-1.0,-1.0,-1.0,-1.0,-1.0,-1.0,-1.0,-1.0,-1.0,-1.0,1.0,-1.0,-1.0,-1.0,-1.0,-1.0,-1.0,-1.0,1.0,-1.0,-1.0,-1.0,-1.0,-1.0,1.0,-1.0,-1.0,-1.0,-1.0,-1.0,1.0,-1.0,-1.0,-1.0,1.0,-1.0,-1.0,-1.0,1.0,-1.0,-1.0,-1.0,-1.0,-1.0,1.0,-1.0,-1.0,-1.0,-1.0,-1.0,1.0,-1.0,-1.0,-1.0,-1.0,-1.0,1.0,-1.0,-1.0,-1.0,-1.0,-1.0,1.0,-1.0,-1.0,-1.0,-1.0,-1.0,1.0,-1.0,-1.0,-1.0,-1.0,-1.0,1.0,-1.0,-1.0,-1.0,-1.0,-1.0,-1.0,-1.0,1.0,-1.0,-1.0,-1.0,-1.0,-1.0,-1.0,-1.0,1.0,-1.0,-1.0,-1.0,-1.0,-1.0,-1.0,-1.0,1.0,-1.0,-1.0,-1.0,-1.0,-1.0,-1.0,-1.0,1.0,-1.0,-1.0,-1.0,-1.0,-1.0,-1.0,1.0,-1.0,-1.0,-1.0,-1.0,-1.0,-1.0,1.0,-1.0,-1.0,-1.0,-1.0,1.0,-1.0,-1.0,1.0,-1.0,-1.0,-1.0,-1.0,1.0,-1.0,-1.0,1.0,-1.0,-1.0,-1.0,-1.0,-1.0,1.0,-1.0,-1.0,-1.0,-1.0,-1.0,1.0,-1.0,-1.0,-1.0,-1.0,-1.0,-1.0,-1.0,-1.0,-1.0,-1.0,-1.0,-1.0,-1.0,-1.0,-1.0,-1.0,-1.0,-1.0,-1.0,-1.0,-1.0,-1.0,1.0,-1.0,-1.0,-1.0,-1.0,-1.0,-1.0,-1.0,-1.0,-1.0,-1.0,-1.0,-1.0,-1.0,-1.0,-1.0,-1.0,-1.0,-1.0,-1.0,-1.0,-1.0,-1.0,-1.0,-1.0,-1.0,-1.0,-1.0,-1.0,-1.0,-1.0,-1.0,-1.0,1.0
-1.0,-1.0,-1.0,-1.0,-1.0,-1.0,-1.0,-1.0,-1.0,-1.0,-1.0,-1.0,-1.0,-1.0,-1.0,-1.0,-1.0,-1.0,-1.0,-1.0,-1.0,-1.0,-1.0,-1.0,-1.0,-1.0,-1.0,-1.0,-1.0,-1.0,-1.0,-1.0,-1.0,-1.0,-1.0,-1.0,-1.0,-1.0,-1.0,-1.0,-1.0,-1.0,-1.0,-1.0,-1.0,-1.0,-1.0,-1.0,-1.0,-1.0,-1.0,-1.0,-1.0,-1.0,-1.0,-1.0,-1.0,-1.0,-1.0,-1.0,-1.0,-1.0,-1.0,-1.0,-1.0,-1.0,-1.0,-1.0,-1.0,-1.0,-1.0,-1.0,-1.0,-1.0,-1.0,-1.0,-1.0,-1.0,-1.0,-1.0,-1.0,-1.0,-1.0,-1.0,-1.0,-1.0,-1.0,-1.0,-1.0,-1.0,-1.0,-1.0,-1.0,-1.0,-1.0,-1.0,-1.0,-1.0,-1.0,1.0,1.0,-1.0,-1.0,-1.0,-1.0,1.0,1.0,-1.0,-1.0,-1.0,-1.0,-1.0,-1.0,-1.0,-1.0,-1.0,-1.0,-1.0,-1.0,-1.0,-1.0,-1.0,-1.0,-1.0,-1.0,-1.0,-1.0,-1.0,-1.0,-1.0,-1.0,-1.0,-1.0,-1.0,-1.0,-1.0,-1.0,-1.0,-1.0,-1.0,-1.0,-1.0,-1.0,1.0,-1.0,-1.0,-1.0,-1.0,-1.0,-1.0,-1.0,-1.0,-1.0,-1.0,-1.0,-1.0,-1.0,-1.0,-1.0,-1.0,-1.0,-1.0,-1.0,-1.0,-1.0,-1.0,-1.0,-1.0,-1.0,-1.0,-1.0,-1.0,-1.0,-1.0,-1.0,-1.0,-1.0,-1.0,-1.0,-1.0,-1.0,-1.0,-1.0,-1.0,-1.0,-1.0,-1.0,-1.0,-1.0,-1.0,-1.0,-1.0,-1.0,-1.0,-1.0,-1.0,-1.0,-1.0,-1.0,-1.0,-1.0,-1.0,-1.0,-1.0,-1.0,-1.0,-1.0,-1.0,-1.0,-1.0,-1.0,-1.0,-1.0,-1.0,-1.0,-1.0,-1.0,-1.0,-1.0,-1.0,-1.0,-1.0,-1.0,-1.0,-1.0,-1.0,-1.0,-1.0,-1.0,-1.0,-1.0,-1.0,-1.0,-1.0,-1.0,-1.0,-1.0,-1.0,-1.0,-1.0,-1.0,-1.0,-1.0,-1.0,-1.0,-1.0,-1.0,-1.0,-1.0,-1.0,-1.0,-1.0,-1.0,-1.0,-1.0,-1.0,-1.0,-1.0,-1.0,-1.0,-1.0,-1.0,-1.0,-1.0,-1.0,-1.0,-1.0,-1.0,-1.0,-1.0,-1.0,-1.0,-1.0,-1.0,-1.0,-1.0,-1.0,-1.0,-1.0,-1.0,-1.0,-1.0,-1.0,-1.0,-1.0,-1.0,-1.0,-1.0,-1.0,-1.0,-1.0,-1.0,-1.0,-1.0,-1.0,-1.0,-1.0,-1.0,-1.0,-1.0,-1.0,1.0,-1.0,-1.0,-1.0,-1.0,-1.0,-1.0,-1.0,1.0,-1.0,-1.0,-1.0,-1.0,-1.0,-1.0,-1.0,-1.0,1.0,-1.0,-1.0,-1.0,-1.0,-1.0,-1.0,-1.0,-1.0,-1.0,-1.0,-1.0,-1.0,-1.0,-1.0,-1.0,-1.0,-1.0,-1.0,-1.0,-1.0,-1.0,-1.0,-1.0,-1.0,-1.0,-1.0,-1.0,-1.0,-1.0,-1.0,-1.0,-1.0,-1.0,-1.0,-1.0,-1.0,-1.0,-1.0,-1.0,-1.0,-1.0,-1.0,-1.0,-1.0,-1.0,-1.0,-1.0,-1.0,-1.0,-1.0,-1.0,-1.0,-1.0,-1.0,-1.0,-1.0,-1.0,-1.0,-1.0,-1.0,-1.0,-1.0
-1.0,-1.0,-1.0,-1.0,-1.0,-1.0,-1.0,-1.0,-1.0,-1.0,-1.0,-1.0,-1.0,-1.0,-1.0,-1.0,-1.0,-1.0,-1.0,-1.0,-1.0,-1.0,-1.0,-1.0,-1.0,-1.0,-1.0,-1.0,-1.0,-1.0,-1.0,-1.0,-1.0,-1.0,-1.0,-1.0,-1.0,-1.0,-1.0,-1.0,-1.0,-1.0,-1.0,-1.0,-1.0,-1.0,-1.0,-1.0,-1.0,-1.0,-1.0,-1.0,-1.0,-1.0,-1.0,-1.0,-1.0,-1.0,-1.0,-1.0,-1.0,-1.0,-1.0,-1.0,-1.0,-1.0,-1.0,-1.0,-1.0,-1.0,-1.0,-1.0,-1.0,-1.0,-1.0,-1.0,-1.0,-1.0,-1.0,-1.0,-1.0,-1.0,-1.0,-1.0,-1.0,-1.0,-1.0,-1.0,-1.0,-1.0,-1.0,-1.0,-1.0,-1.0,-1.0,-1.0,-1.0,-1.0,-1.0,-1.0,-1.0,-1.0,-1.0,-1.0,-1.0,-1.0,-1.0,-1.0,-1.0,-1.0,-1.0,-1.0,-1.0,-1.0,-1.0,-1.0,-1.0,-1.0,-1.0,-1.0,-1.0,-1.0,-1.0,-1.0,-1.0,-1.0,-1.0,-1.0,-1.0,-1.0,-1.0,-1.0,-1.0,-1.0,-1.0,-1.0,-1.0,-1.0,-1.0,-1.0,-1.0,-1.0,-1.0,-1.0,-1.0,-1.0,-1.0,-1.0,-1.0,-1.0,-1.0,-1.0,-1.0,-1.0,-1.0,-1.0,-1.0,-1.0,-1.0,-1.0,-1.0,-1.0,-1.0,-1.0,-1.0,-1.0,-1.0,-1.0,-1.0,-1.0,-1.0,-1.0,-1.0,-1.0,-1.0,-1.0,-1.0,-1.0,-1.0,-1.0,-1.0,-1.0,-1.0,-1.0,-1.0,-1.0,-1.0,-1.0,-1.0,-1.0,-1.0,-1.0,-1.0,-1.0,-1.0,-1.0,-1.0,-1.0,-1.0,-1.0,-1.0,-1.0,-1.0,-1.0,-1.0,-1.0,-1.0,-1.0,-1.0,-1.0,-1.0,-1.0,-1.0,-1.0,-1.0,-1.0,-1.0,-1.0,-1.0,-1.0,-1.0,-1.0,-1.0,-1.0,-1.0,-1.0,-1.0,-1.0,-1.0,-1.0,-1.0,-1.0,-1.0,-1.0,-1.0,-1.0,-1.0,-1.0,-1.0,-1.0,-1.0,-1.0,-1.0,-1.0,-1.0,-1.0,-1.0,-1.0,-1.0,-1.0,-1.0,-1.0,-1.0,-1.0,-1.0,-1.0,-1.0,-1.0,-1.0,-1.0,-1.0,-1.0,-1.0,-1.0,-1.0,-1.0,-1.0,-1.0,-1.0,-1.0,-1.0,-1.0,-1.0,-1.0,-1.0,-1.0,-1.0,-1.0,-1.0,-1.0,-1.0,-1.0,-1.0,-1.0,-1.0,-1.0,-1.0,-1.0,-1.0,-1.0,-1.0,-1.0,-1.0,-1.0,-1.0,-1.0,-1.0,-1.0,-1.0,-1.0,-1.0,-1.0,-1.0,-1.0,-1.0,-1.0,-1.0,-1.0,-1.0,-1.0,-1.0,-1.0,-1.0,-1.0,-1.0,-1.0,-1.0,-1.0,-1.0,-1.0,-1.0,-1.0,-1.0,-1.0,-1.0,1.0,-1.0,-1.0,-1.0,-1.0,-1.0,-1.0,-1.0,-1.0,-1.0,-1.0,-1.0,-1.0,-1.0,-1.0,-1.0,-1.0,-1.0,-1.0,-1.0,-1.0,-1.0,-1.0,-1.0,-1.0,-1.0,-1.0,-1.0,-1.0,-1.0,-1.0,-1.0,-1.0,-1.0,-1.0,-1.0,-1.0,-1.0,-1.0,-1.0,-1.0,-1.0,-1.0,-1.0,-1.0,-1.0,-1.0,-1.0,-1.0,-1.0,-1.0,-1.0,-1.0,-1.0,1.0,-1.0
-1.0,-1.0,-1.0,-1.0,-1.0,-1.0,-1.0,-1.0,-1.0,-1.0,-1.0,-1.0,-1.0,-1.0,-1.0,-1.0,-1.0,-1.0,-1.0,-1.0,-1.0,-1.0,-1.0,-1.0,-1.0,-1.0,-1.0,-1.0,-1.0,-1.0,-1.0,-1.0,-1.0,-1.0,-1.0,-1.0,-1.0,-1.0,-1.0,-1.0,-1.0,-1.0,-1.0,-1.0,-1.0,-1.0,-1.0,-1.0,-1.0,-1.0,-1.0,-1.0,-1.0,-1.0,-1.0,-1.0,-1.0,-1.0,-1.0,-1.0,-1.0,-1.0,-1.0,-1.0,-1.0,-1.0,-1.0,-1.0,-1.0,-1.0,-1.0,-1.0,-1.0,-1.0,-1.0,-1.0,-1.0,-1.0,-1.0,-1.0,-1.0,-1.0,-1.0,-1.0,-1.0,-1.0,-1.0,-1.0,-1.0,-1.0,-1.0,-1.0,-1.0,-1.0,-1.0,-1.0,-1.0,-1.0,-1.0,-1.0,-1.0,-1.0,-1.0,-1.0,-1.0,-1.0,-1.0,-1.0,-1.0,-1.0,-1.0,-1.0,-1.0,-1.0,-1.0,-1.0,-1.0,-1.0,-1.0,-1.0,-1.0,-1.0,-1.0,-1.0,-1.0,-1.0,-1.0,-1.0,-1.0,-1.0,-1.0,-1.0,-1.0,-1.0,-1.0,-1.0,-1.0,-1.0,-1.0,-1.0,-1.0,-1.0,-1.0,-1.0,-1.0,-1.0,-1.0,-1.0,-1.0,-1.0,-1.0,-1.0,-1.0,-1.0,-1.0,-1.0,-1.0,-1.0,-1.0,-1.0,-1.0,-1.0,-1.0,-1.0,-1.0,-1.0,-1.0,-1.0,-1.0,-1.0,-1.0,-1.0,-1.0,-1.0,-1.0,-1.0,-1.0,-1.0,-1.0,-1.0,-1.0,-1.0,-1.0,-1.0,-1.0,-1.0,-1.0,-1.0,-1.0,-1.0,-1.0,-1.0,-1.0,-1.0,-1.0,-1.0,-1.0,-1.0,-1.0,-1.0,-1.0,-1.0,-1.0,-1.0,-1.0,-1.0,-1.0,-1.0,-1.0,-1.0,-1.0,-1.0,-1.0,-1.0,-1.0,-1.0,-1.0,-1.0,-1.0,-1.0,-1.0,-1.0,-1.0,-1.0,-1.0,-1.0,-1.0,-1.0,-1.0,-1.0,-1.0,-1.0,-1.0,-1.0,-1.0,-1.0,-1.0,-1.0,-1.0,-1.0,-1.0,-1.0,-1.0,-1.0,-1.0,-1.0,-1.0,-1.0,-1.0,-1.0,-1.0,-1.0,-1.0,-1.0,-1.0,-1.0,-1.0,-1.0,-1.0,-1.0,-1.0,-1.0,-1.0,-1.0,-1.0,-1.0,-1.0,-1.0,-1.0,-1.0,-1.0,-1.0,-1.0,-1.0,-1.0,-1.0,-1.0,-1.0,-1.0,-1.0,-1.0,-1.0,-1.0,-1.0,-1.0,-1.0,-1.0,-1.0,-1.0,-1.0,-1.0,-1.0,-1.0,-1.0,-1.0,-1.0,-1.0,-1.0,-1.0,-1.0,-1.0,-1.0,-1.0,-1.0,-1.0,-1.0,-1.0,-1.0,-1.0,-1.0,-1.0,-1.0,-1.0,-1.0,-1.0,-1.0,-1.0,-1.0,-1.0,-1.0,-1.0,-1.0,-1.0,-1.0,-1.0,-1.0,-1.0,-1.0,-1.0,-1.0,-1.0,-1.0,-1.0,-1.0,-1.0,-1.0,-1.0,-1.0,-1.0,-1.0,-1.0,-1.0,-1.0,-1.0,-1.0,-1.0,-1.0,-1.0,-1.0,-1.0,-1.0,-1.0,-1.0,-1.0,-1.0,-1.0,-1.0,-1.0,-1.0,-1.0,-1.0,-1.0,-1.0,-1.0,-1.0,-1.0,-1.0,-1.0,-1.0,-1.0,-1.0,-1.0,-1.0,-1.0,-1.0,-1.0,-1.0,-1.0,-1.0,-1.0,-1.0
-1.0,-1.0,-1.0,-1.0,-1.0,-1.0,-1.0,-1.0,-1.0,-1.0,-1.0,-1.0,-1.0,-1.0,-1.0,-1.0,-1.0,-1.0,-1.0,-1.0,-1.0,-1.0,-1.0,-1.0,-1.0,-1.0,-1.0,-1.0,-1.0,-1.0,-1.0,-1.0,-1.0,-1.0,-1.0,-1.0,-1.0,-1.0,-1.0,-1.0,-1.0,-1.0,-1.0,-1.0,-1.0,-1.0,-1.0,-1.0,-1.0,-1.0,-1.0,-1.0,-1.0,-1.0,-1.0,-1.0,-1.0,-1.0,-1.0,-1.0,-1.0,-1.0,-1.0,-1.0,-1.0,-1.0,-1.0,-1.0,-1.0,-1.0,-1.0,-1.0,-1.0,-1.0,-1.0,-1.0,-1.0,-1.0,-1.0,-1.0,-1.0,-1.0,-1.0,-1.0,-1.0,-1.0,-1.0,-1.0,-1.0,-1.0,-1.0,-1.0,-1.0,-1.0,-1.0,-1.0,-1.0,-1.0,-1.0,-1.0,-1.0,-1.0,-1.0,-1.0,-1.0,-1.0,-1.0,-1.0,-1.0,-1.0,-1.0,-1.0,-1.0,-1.0,-1.0,-1.0,-1.0,-1.0,-1.0,-1.0,-1.0,-1.0,-1.0,-1.0,-1.0,-1.0,-1.0,-1.0,-1.0,-1.0,-1.0,-1.0,-1.0,-1.0,-1.0,-1.0,-1.0,-1.0,-1.0,-1.0,-1.0,-1.0,-1.0,-1.0,-1.0,-1.0,-1.0,-1.0,-1.0,-1.0,-1.0,-1.0,-1.0,-1.0,-1.0,-1.0,-1.0,-1.0,-1.0,-1.0,-1.0,-1.0,-1.0,-1.0,-1.0,-1.0,-1.0,-1.0,-1.0,-1.0,-1.0,-1.0,-1.0,-1.0,-1.0,-1.0,-1.0,-1.0,-1.0,-1.0,-1.0,-1.0,-1.0,-1.0,-1.0,-1.0,-1.0,-1.0,-1.0,-1.0,-1.0,-1.0,-1.0,-1.0,-1.0,-1.0,-1.0,-1.0,-1.0,-1.0,-1.0,-1.0,-1.0,-1.0,-1.0,-1.0,-1.0,-1.0,-1.0,-1.0,-1.0,-1.0,-1.0,-1.0,-1.0,-1.0,-1.0,-1.0,-1.0,-1.0,-1.0,-1.0,-1.0,-1.0,-1.0,-1.0,-1.0,-1.0,-1.0,-1.0,-1.0,-1.0,-1.0,-1.0,-1.0,-1.0,-1.0,-1.0,-1.0,-1.0,-1.0,-1.0,-1.0,-1.0,-1.0,-1.0,-1.0,-1.0,-1.0,-1.0,-1.0,-1.0,-1.0,-1.0,-1.0,-1.0,-1.0,-1.0,-1.0,-1.0,-1.0,-1.0,-1.0,-1.0,-1.0,-1.0,-1.0,-1.0,-1.0,-1.0,-1.0,-1.0,-1.0,-1.0,-1.0,-1.0,-1.0,-1.0,-1.0,-1.0,-1.0,-1.0,-1.0,-1.0,-1.0,-1.0,-1.0,-1.0,-1.0,-1.0,-1.0,-1.0,-1.0,-1.0,-1.0,-1.0,-1.0,-1.0,-1.0,-1.0,-1.0,-1.0,-1.0,-1.0,-1.0,-1.0,-1.0,-1.0,-1.0,-1.0,-1.0,-1.0,-1.0,-1.0,-1.0,-1.0,-1.0,-1.0,-1.0,-1.0,-1.0,-1.0,-1.0,-1.0,-1.0,-1.0,-1.0,-1.0,-1.0,-1.0,-1.0,-1.0,-1.0,-1.0,-1.0,-1.0,-1.0,-1.0,-1.0,-1.0,-1.0,-1.0,-1.0,-1.0,-1.0,-1.0,-1.0,-1.0,-1.0,-1.0,-1.0,-1.0,-1.0,-1.0,-1.0,-1.0,-1.0,-1.0,-1.0,-1.0,-1.0,-1.0,-1.0,-1.0,-1.0,-1.0,-1.0,-1.0,-1.0,-1.0,-1.0,-1.0,-1.0,-1.0,-1.0,-1.0,-1.0,-1.0,-1.0,-1.0,-1.0
-1.0,-1.0,-1.0,-1.0,-1.0,-1.0,-1.0,-1.0,-1.0,-1.0,-1.0,-1.0,-1.0,-1.0,-1.0,-1.0,-1.0,-1.0,-1.0,-1.0,-1.0,-1.0,-1.0,-1.0,-1.0,-1.0,-1.0,-1.0,-1.0,-1.0,-1.0,-1.0,-1.0,-1.0,-1.0,-1.0,-1.0,-1.0,-1.0,-1.0,-1.0,-1.0,-1.0,-1.0,-1.0,-1.0,-1.0,-1.0,-1.0,-1.0,-1.0,-1.0,-1.0,-1.0,-1.0,-1.0,-1.0,-1.0,-1.0,-1.0,-1.0,-1.0,-1.0,-1.0,-1.0,-1.0,-1.0,-1.0,-1.0,-1.0,-1.0,-1.0,-1.0,-1.0,-1.0,1.0,-1.0,-1.0,-1.0,-1.0,-1.0,-1.0,-1.0,-1.0,-1.0,-1.0,-1.0,-1.0,-1.0,-1.0,-1.0,-1.0,-1.0,-1.0,-1.0,-1.0,-1.0,-1.0,-1.0,1.0,1.0,-1.0,-1.0,-1.0,-1.0,-1.0,-1.0,-1.0,-1.0,-1.0,-1.0,-1.0,-1.0,-1.0,-1.0,-1.0,-1.0,-1.0,-1.0,-1.0,1.0,-1.0,-1.0,-1.0,1.0,-1.0,-1.0,-1.0,-1.0,1.0,-1.0,-1.0,1.0,-1.0,-1.0,-1.0,-1.0,-1.0,-1.0,-1.0,-1.0,-1.0,-1.0,-1.0,-1.0,-1.0,-1.0,-1.0,-1.0,-1.0,-1.0,-1.0,-1.0,-1.0,-1.0,-1.0,-1.0,-1.0,-1.0,-1.0,-1.0,-1.0,-1.0,-1.0,-1.0,-1.0,-1.0,-1.0,-1.0,-1.0,-1.0,-1.0,-1.0,-1.0,-1.0,-1.0,1.0,-1.0,-1.0,-1.0,-1.0,-1.0,-1.0,-1.0,-1.0,-1.0,1.0,-1.0,-1.0,-1.0,-1.0,-1.0,-1.0,-1.0,1.0,-1.0,-1.0,-1.0,-1.0,-1.0,-1.0,-1.0,-1.0,-1.0,-1.0,-1.0,-1.0,-1.0,-1.0,-1.0,-1.0,-1.0,-1.0,-1.0,-1.0,-1.0,-1.0,-1.0,-1.0,-1.0,-1.0,-1.0,-1.0,-1.0,-1.0,-1.0,-1.0,-1.0,-1.0,-1.0,-1.0,-1.0,1.0,-1.0,-1.0,-1.0,-1.0,-1.0,1.0,-1.0,-1.0,-1.0,-1.0,-1.0,1.0,-1.0,-1.0,-1.0,-1.0,-1.0,1.0,-1.0,-1.0,-1.0,-1.0,-1.0,-1.0,-1.0,-1.0,-1.0,-1.0,-1.0,-1.0,-1.0,-1.0,-1.0,-1.0,-1.0,-1.0,-1.0,-1.0,1.0,-1.0,-1.0,-1.0,-1.0,-1.0,-1.0,-1.0,1.0,-1.0,-1.0,-1.0,-1.0,-1.0,-1.0,-1.0,-1.0,-1.0,-1.0,-1.0,-1.0,-1.0,-1.0,-1.0,-1.0,-1.0,-1.0,-1.0,-1.0,-1.0,-1.0,-1.0,-1.0,1.0,-1.0,-1.0,-1.0,-1.0,-1.0,-1.0,-1.0,1.0,-1.0,-1.0,-1.0,-1.0,-1.0,-1.0,-1.0,-1.0,-1.0,-1.0,-1.0,-1.0,1.0,-1.0,-1.0,-1.0,-1.0,-1.0,-1.0,-1.0,-1.0,-1.0,-1.0,-1.0,-1.0,-1.0,-1.0,-1.0,-1.0,-1.0,-1.0,-1.0,-1.0,-1.0,-1.0,-1.0,-1.0,-1.0,-1.0,-1.0,-1.0,-1.0,-1.0,-1.0,-1.0,-1.0,-1.0,-1.0,-1.0,-1.0,-1.0,-1.0,-1.0,-1.0,-1.0,-1.0,-1.0,-1.0,-1.0,-1.0,-1.0,-1.0,-1.0,-1.0,-1.0,-1.0,1.0,-1.0
-0.27666196209412575,1.337810426714739,1.337810426714739,1.337810426714739,1.337810426714739,1.337810426714739,1.337810426714739,1.337810426714739,1.337810426714739,1.337810426714739,1.337810426714739,1.337810426714739,1.337810426714739,1.337810426714739,1.337810426714739,1.337810426714739,1.337810426714739,1.337810426714739,1.337810426714739,1.337810426714739,1.337810426714739,1.337810426714739,1.337810426714739,1.337810426714739,1.337810426714739,1.337810426714739,1.337810426714739,1.337810426714739,1.337810426714739,1.337810426714739,1.337810426714739,1.337810426714739,1.337810426714739,1.337810426714739,1.337810426714739,1.337810426714739,1.337810426714739,0.3691269934294201,1.337810426714739,1.337810426714739,1.337810426714739,1.337810426714739,1.337810426714739,1.337810426714739,1.337810426714739,1.337810426714739,1.337810426714739,1.337810426714739,1.337810426714739,1.337810426714739,1.337810426714739,1.337810426714739,1.337810426714739,1.337810426714739,1.337810426714739,1.337810426714739,1.337810426714739,1.337810426714739,1.337810426714739,1.337810426714739,1.337810426714739,1.337810426714739,1.337810426714739,0.5305742323103066,1.337810426714739,1.337810426714739,1.337810426714739,1.337810426714739,0.7323832809114148,1.337810426714739,1.337810426714739,0.0,1.337810426714739,1.337810426714739,1.337810426714739,-0.27666196209412575,1.337810426714739,0.0,1.337810426714739,1.337810426714739,1.337810426714739,0.8534687100720798,0.8534687100720798,0.7323832809114148,0.7323832809114148,0.7996529637784509,0.7996529637784509,1.035096853813077,1.035096853813077,1.337810426714739,0.12695613510809048,1.337810426714739,0.12695613510809048,0.4296697080097526,0.4296697080097526,0.645893688653797,0.645893688653797,1.337810426714739,1.337810426714739,0.7323832809114148,0.7323832809114148,0.7323832809114148,0.7323832809114148,0.9652398754511549,0.9652398754511549,0.7323832809114148,0.7323832809114148,0.7323832809114148,0.7323832809114148,0.8974997752214124,0.8974997752214124,1.337810426714739,1.337810426714739,0.12695613510809048,0.12695613510809048,1.337810426714739,0.7323832809114148,1.337810426714739,1.337810426714739,1.337810426714739,-0.27666196209412575,1.337810426714739,-0.897612880866766,1.337810426714739,-0.3439316449611617,0.3406363042151462,1.337810426714739,-0.8875434065082908,1.337810426714739,-0.898799411284803,-0.9045123355197954,1.337810426714739,-0.6620521452291451,-0.814819425030414,1.337810426714739,1.337810426714739,-0.7756807004532295,1.337810426714739,-0.8568629768223115,1.337810426714739,-0.7610036787367851,1.337810426714739,1.337810426714739,-0.5995564398558987,1.337810426714739,0.645893688653797,1.337810426714739,0.645893688653797,1.337810426714739,0.2614955008421626,1.337810426714739,0.12695613510809048,1.337810426714739,0.4296697080097526,0.4296697080097526,1.337810426714739,1.337810426714739,0.7323832809114148,0.7323832809114148,0.991852057684268,0.991852057684268,1.337810426714739,0.2999353196233259,-0.5995564398558987,1.337810426714739,-1.0838981564985581,1.337810426714739,1.337810426714739,1.337810426714739,-1.0838981564985581,1.337810426714739,1.337810426714739,0.7323832809114148,-1.0838981564985581,1.337810426714739,1.337810426714739,-0.04602304940714509,1.337810426714739,1.337810426714739,1.337810426714739,1.337810426714739,1.337810426714739,1.337810426714739,0.7323832809114148,1.337810426714739,1.337810426714739,-0.555525374706566,1.337810426714739,1.337810426714739,1.337810426714739,1.337810426714739,0.7323832809114148,1.337810426714739,1.337810426714739,-0.555525374706566,1.337810426714739,1.337810426714739,0.8837400673622459,1.337810426714739,1.337810426714739,-0.5140843722130765,1.337810426714739,1.337810426714739,0.8837400673622459,1.337810426714739,1.337810426714739,-0.5140843722130765,1.337810426714739,1.337810426714739,0.991852057684268,-0.27666196209412575,1.337810426714739,1.337810426714739,0.991852057684268,-0.27666196209412575,1.337810426714739,1.337810426714739,0.7996529637784509,1.337810426714739,1.337810426714739,-0.5649606029528517,1.337810426714739,1.337810426714739,0.7996529637784509,1.337810426714739,1.337810426714739,-0.5649606029528517,1.337810426714739,1.337810426714739,0.9652398754511549,1.337810426714739,1.337810426714739,-0.22620969994384865,1.337810426714739,1.337810426714739,0.9652398754511549,1.337810426714739,1.337810426714739,-0.22620969994384865,1.337810426714739,1.337810426714739,0.7323832809114148,1.337810426714739,1.337810426714739,-0.6082053990816604,1.337810426714739,1.337810426714739,0.7323832809114148,1.337810426714739,1.337810426714739,-0.6082053990816604,1.337810426714739,1.337810426714739,1.337810426714739,1.337810426714739,0.991852057684268,1.337810426714739,1.337810426714739,-0.664756286327026,1.337810426714739,1.337810426714739,1.337810426714739,1.337810426714739,0.991852057684268,1.337810426714739,1.337810426714739,-0.664756286327026,1.337810426714739,1.337810426714739,1.337810426714739,1.337810426714739,0.5305742323103066,1.337810426714739,1.337810426714739,-0.6514501952104694,1.337810426714739,1.337810426714739,1.337810426714739,1.337810426714739,0.5305742323103066,1.337810426714739,1.337810426714739,-0.6514501952104694,1.337810426714739,1.337810426714739,0.5305742323103066,1.337810426714739,1.337810426714739,1.337810426714739,-0.14486829770156537,1.337810426714739,1.337810426714739,0.5305742323103066,1.337810426714739,1.337810426714739,1.337810426714739,-0.14486829770156537,1.337810426714739,1.337810426714739,1.337810426714739,0.934192329512523,-0.04602304940714509,1.337810426714739,1.337810426714739,-0.4318996917872858,1.337810426714739,1.337810426714739,1.337810426714739,0.934192329512523,-0.04602304940714509,1.337810426714739,1.337810426714739,-0.4318996917872858,1.337810426714739,1.337810426714739,0.5305742323103066,1.337810426714739,1.337810426714739,0.645893688653797,1.337810426714739,1.0687316952465948,1.337810426714739,0.4063840485557787,0.7323832809114148,0.0,0.5305742323103066,1.337810426714739,1.337810426714739,1.337810426714739,1.337810426714739,1.337810426714739,1.337810426714739,1.337810426714739,1.337810426714739,1.337810426714739,1.337810426714739,1.337810426714739,1.337810426714739,1.337810426714739,1.337810426714739,1.337810426714739,1.337810426714739,1.337810426714739,1.337810426714739,1.337810426714739,1.337810426714739,1.337810426714739,1.337810426714739,1.337810426714739,1.337810426714739,1.337810426714739,1.337810426714739,1.337810426714739,1.337810426714739,1.337810426714739,1.337810426714739,0.3691269934294201,1.337810426714739,1.337810426714739,1.337810426714739,1.337810426714739,1.337810426714739,1.337810426714739,1.337810426714739,1.337810426714739,1.337810426714739,1.337810426714739,0.5305742323103066,1.337810426714739,1.337810426714739,1.337810426714739,1.337810426714739,1.337810426714739,0.5305742323103066,1.337810426714739,1.337810426714739,1.337810426714739,1.337810426714739,1.337810426714739,0.5305742323103066,1.337810426714739
-0.59926643194068,1.4516825767754173,1.4516825767754173,1.4516825767754173,1.4516825767754173,1.4516825767754173,1.4516825767754173,1.4516825767754173,1.4516825767754173,1.4516825767754173,1.4516825767754173,1.4516825767754173,1.4516825767754173,1.4516825767754173,1.4516825767754173,1.4516825767754173,1.4516825767754173,1.4516825767754173,1.4516825767754173,1.4516825767754173,1.4516825767754173,1.4516825767754173,1.4516825767754173,1.4516825767754173,1.4516825767754173,1.4516825767754173,1.4516825767754173,1.4516825767754173,1.4516825767754173,1.4516825767754173,1.4516825767754173,1.4516825767754173,1.4516825767754173,1.4516825767754173,1.4516825767754173,1.4516825767754173,1.4516825767754173,-0.02500070950017269,1.4516825767754173,1.4516825767754173,1.4516825767754173,1.4516825767754173,1.4516825767754173,1.4516825767754173,1.4516825767754173,1.4516825767754173,1.4516825767754173,1.4516825767754173,1.4516825767754173,1.4516825767754173,1.4516825767754173,1.4516825767754173,1.4516825767754173,1.4516825767754173,1.4516825767754173,1.4516825767754173,1.4516825767754173,1.4516825767754173,1.4516825767754173,1.4516825767754173,1.4516825767754173,1.4516825767754173,1.4516825767754173,0.16983944632785655,1.4516825767754173,1.4516825767754173,1.4516825767754173,1.4516825767754173,0.4422311115479633,1.4516825767754173,1.4516825767754173,0.0,1.4516825767754173,1.4516825767754173,1.4516825767754173,-0.59926643194068,1.4516825767754173,0.0,1.4516825767754173,1.4516825767754173,1.4516825767754173,0.6210482282453983,0.6210482282453983,0.4422311115479633,0.4422311115479633,0.5401496840127076,0.5401496840127076,0.9109050061178527,0.9109050061178527,1.4516825767754173,-0.2788056493287897,1.4516825767754173,-0.2788056493287897,0.045660893065749136,0.045660893065749136,0.32156781687062913,0.32156781687062913,1.4516825767754173,1.4516825767754173,0.4422311115479633,0.4422311115479633,0.4422311115479633,0.4422311115479633,0.7963497574223449,0.7963497574223449,0.4422311115479633,0.4422311115479633,0.4422311115479633,0.4422311115479633,0.6889329454347204,0.6889329454347204,1.4516825767754173,1.4516825767754173,-0.2788056493287897,-0.2788056493287897,1.4516825767754173,0.4422311115479633,1.4516825767754173,1.4516825767754173,1.4516825767754173,-0.59926643194068,1.4516825767754173,-0.8419822909603365,1.4516825767754173,-0.6402141986077547,-0.05725525359918527,1.4516825767754173,-0.8404664249306666,1.4516825767754173,-0.8421556576726925,-0.8429748789640434,1.4516825767754173,-0.7856232138772977,-0.8271496551313574,1.4516825767754173,1.4516825767754173,-0.818260326094498,1.4516825767754173,-0.8353558991305334,1.4516825767754173,-0.8146160778558702,1.4516825767754173,1.4516825767754173,-0.7633423526379678,1.4516825767754173,0.32156781687062913,1.4516825767754173,0.32156781687062913,1.4516825767754173,-0.14349998555932486,1.4516825767754173,-0.2788056493287897,1.4516825767754173,0.045660893065749136,0.045660893065749136,1.4516825767754173,1.4516825767754173,0.4422311115479633,0.4422311115479633,0.8395370818269903,0.8395370818269903,1.4516825767754173,-0.1022252180936666,-0.7633423526379678,1.4516825767754173,-0.8556350580301921,1.4516825767754173,1.4516825767754173,1.4516825767754173,-0.8556350580301921,1.4516825767754173,1.4516825767754173,0.4422311115479633,-0.8556350580301921,1.4516825767754173,1.4516825767754173,-0.43184202306589653,1.4516825767754173,1.4516825767754173,1.4516825767754173,1.4516825767754173,1.4516825767754173,1.4516825767754173,0.4422311115479633,1.4516825767754173,1.4516825767754173,-0.7457991111171317,1.4516825767754173,1.4516825767754173,1.4516825767754173,1.4516825767754173,0.4422311115479633,1.4516825767754173,1.4516825767754173,-0.7457991111171317,1.4516825767754173,1.4516825767754173,0.6675550993219486,1.4516825767754173,1.4516825767754173,-0.727894289321231,1.4516825767754173,1.4516825767754173,0.6675550993219486,1.4516825767754173,1.4516825767754173,-0.727894289321231,1.4516825767754173,1.4516825767754173,0.8395370818269903,-0.59926643194068,1.4516825767754173,1.4516825767754173,0.8395370818269903,-0.59926643194068,1.4516825767754173,1.4516825767754173,0.5401496840127076,1.4516825767754173,1.4516825767754173,-0.7496867992891182,1.4516825767754173,1.4516825767754173,0.5401496840127076,1.4516825767754173,1.4516825767754173,-0.7496867992891182,1.4516825767754173,1.4516825767754173,0.7963497574223449,1.4516825767754173,1.4516825767754173,-0.5662189137338287,1.4516825767754173,1.4516825767754173,0.7963497574223449,1.4516825767754173,1.4516825767754173,-0.5662189137338287,1.4516825767754173,1.4516825767754173,0.4422311115479633,1.4516825767754173,1.4516825767754173,-0.7666090906158175,1.4516825767754173,1.4516825767754173,0.4422311115479633,1.4516825767754173,1.4516825767754173,-0.7666090906158175,1.4516825767754173,1.4516825767754173,1.4516825767754173,1.4516825767754173,0.8395370818269903,1.4516825767754173,1.4516825767754173,-0.7865179247390478,1.4516825767754173,1.4516825767754173,1.4516825767754173,1.4516825767754173,0.8395370818269903,1.4516825767754173,1.4516825767754173,-0.7865179247390478,1.4516825767754173,1.4516825767754173,1.4516825767754173,1.4516825767754173,0.16983944632785655,1.4516825767754173,1.4516825767754173,-0.7820598783488908,1.4516825767754173,1.4516825767754173,1.4516825767754173,1.4516825767754173,0.16983944632785655,1.4516825767754173,1.4516825767754173,-0.7820598783488908,1.4516825767754173,1.4516825767754173,0.16983944632785655,1.4516825767754173,1.4516825767754173,1.4516825767754173,-0.5087205781614603,1.4516825767754173,1.4516825767754173,0.16983944632785655,1.4516825767754173,1.4516825767754173,1.4516825767754173,-0.5087205781614603,1.4516825767754173,1.4516825767754173,1.4516825767754173,0.7466688550292592,-0.43184202306589653,1.4516825767754173,1.4516825767754173,-0.6883886614244601,1.4516825767754173,1.4516825767754173,1.4516825767754173,0.7466688550292592,-0.43184202306589653,1.4516825767754173,1.4516825767754173,-0.6883886614244601,1.4516825767754173,1.4516825767754173,0.16983944632785655,1.4516825767754173,1.4516825767754173,0.32156781687062913,1.4516825767754173,0.9674307274952277,1.4516825767754173,0.01814203444057139,0.4422311115479633,0.0,0.16983944632785655,1.4516825767754173,1.4516825767754173,1.4516825767754173,1.4516825767754173,1.4516825767754173,1.4516825767754173,1.4516825767754173,1.4516825767754173,1.4516825767754173,1.4516825767754173,1.4516825767754173,1.4516825767754173,1.4516825767754173,1.4516825767754173,1.4516825767754173,1.4516825767754173,1.4516825767754173,1.4516825767754173,1.4516825767754173,1.4516825767754173,1.4516825767754173,1.4516825767754173,1.4516825767754173,1.4516825767754173,1.4516825767754173,1.4516825767754173,1.4516825767754173,1.4516825767754173,1.4516825767754173,1.4516825767754173,-0.02500070950017269,1.4516825767754173,1.4516825767754173,1.4516825767754173,1.4516825767754173,1.4516825767754173,1.4516825767754173,1.4516825767754173,1.4516825767754173,1.4516825767754173,1.4516825767754173,0.16983944632785655,1.4516825767754173,1.4516825767754173,1.4516825767754173,1.4516825767754173,1.4516825767754173,0.16983944632785655,1.4516825767754173,1.4516825767754173,1.4516825767754173,1.4516825767754173,1.4516825767754173,0.16983944632785655,1.4516825767754173
-0.6897800420511516,1.4965912411460476,1.4965912411460476,1.4965912411460476,1.4965912411460476,1.4965912411460476,1.4965912411460476,1.4965912411460476,1.4965912411460476,1.4965912411460476,1.4965912411460476,1.4965912411460476,1.4965912411460476,1.4965912411460476,1.4965912411460476,1.4965912411460476,1.4965912411460476,1.4965912411460476,1.4965912411460476,1.4965912411460476,1.4965912411460476,1.4965912411460476,1.4965912411460476,1.4965912411460476,1.4965912411460476,1.4965912411460476,1.4965912411460476,1.4965912411460476,1.4965912411460476,1.4965912411460476,1.4965912411460476,1.4965912411460476,1.4965912411460476,1.4965912411460476,1.4965912411460476,1.4965912411460476,1.4965912411460476,-0.2834513481892721,1.4965912411460476,1.4965912411460476,1.4965912411460476,1.4965912411460476,1.4965912411460476,1.4965912411460476,1.4965912411460476,1.4965912411460476,1.4965912411460476,1.4965912411460476,1.4965912411460476,1.4965912411460476,1.4965912411460476,1.4965912411460476,1.4965912411460476,1.4965912411460476,1.4965912411460476,1.4965912411460476,1.4965912411460476,1.4965912411460476,1.4965912411460476,1.4965912411460476,1.4965912411460476,1.4965912411460476,1.4965912411460476,-0.10114161965190568,1.4965912411460476,1.4965912411460476,1.4965912411460476,1.4965912411460476,0.1839801161977291,1.4965912411460476,1.4965912411460476,0.0,1.4965912411460476,1.4965912411460476,1.4965912411460476,-0.6897800420511516,1.4965912411460476,0.0,1.4965912411460476,1.4965912411460476,1.4965912411460476,0.38860554778426726,0.38860554778426726,0.1839801161977291,0.1839801161977291,0.2943984842883285,0.2943984842883285,0.7471612407532576,0.7471612407532576,1.4965912411460476,-0.49006343445140743,1.4965912411460476,-0.49006343445140743,-0.21955911478300397,-0.21955911478300397,0.05355677457296914,0.05355677457296914,1.4965912411460476,1.4965912411460476,0.1839801161977291,0.1839801161977291,0.1839801161977291,0.1839801161977291,0.6016342483286233,0.6016342483286233,0.1839801161977291,0.1839801161977291,0.1839801161977291,0.1839801161977291,0.4696803344510448,0.4696803344510448,1.4965912411460476,1.4965912411460476,-0.49006343445140743,-0.49006343445140743,1.4965912411460476,0.1839801161977291,1.4965912411460476,1.4965912411460476,1.4965912411460476,-0.6897800420511516,1.4965912411460476,-0.7728378076149961,1.4965912411460476,-0.7090996066752009,-0.3117376229434738,1.4965912411460476,-0.7726610012944624,1.4965912411460476,-0.7728574293195714,-0.7729484336932947,1.4965912411460476,-0.761870436115465,-0.7707567562436405,1.4965912411460476,1.4965912411460476,-0.7691904420484341,1.4965912411460476,-0.7720004418107143,1.4965912411460476,-0.7684894082462508,1.4965912411460476,1.4965912411460476,-0.7557075453598672,1.4965912411460476,0.05355677457296914,1.4965912411460476,0.05355677457296914,1.4965912411460476,-0.38456011932561657,1.4965912411460476,-0.49006343445140743,1.4965912411460476,-0.21955911478300397,-0.21955911478300397,1.4965912411460476,1.4965912411460476,0.1839801161977291,0.1839801161977291,0.6559243730048503,0.6559243730048503,1.4965912411460476,-0.3502280991011493,-0.7557075453598672,1.4965912411460476,-0.7738712452510439,1.4965912411460476,1.4965912411460476,1.4965912411460476,-0.7738712452510439,1.4965912411460476,1.4965912411460476,0.1839801161977291,-0.7738712452510439,1.4965912411460476,1.4965912411460476,-0.5951467929690571,1.4965912411460476,1.4965912411460476,1.4965912411460476,1.4965912411460476,1.4965912411460476,1.4965912411460476,0.1839801161977291,1.4965912411460476,1.4965912411460476,-0.750289822702619,1.4965912411460476,1.4965912411460476,1.4965912411460476,1.4965912411460476,0.1839801161977291,1.4965912411460476,1.4965912411460476,-0.750289822702619,1.4965912411460476,1.4965912411460476,0.44395250538723985,1.4965912411460476,1.4965912411460476,-0.7442946934233594,1.4965912411460476,1.4965912411460476,0.44395250538723985,1.4965912411460476,1.4965912411460476,-0.7442946934233594,1.4965912411460476,1.4965912411460476,0.6559243730048503,-0.6897800420511516,1.4965912411460476,1.4965912411460476,0.6559243730048503,-0.6897800420511516,1.4965912411460476,1.4965912411460476,0.2943984842883285,1.4965912411460476,1.4965912411460476,-0.7515306887157955,1.4965912411460476,1.4965912411460476,0.2943984842883285,1.4965912411460476,1.4965912411460476,-0.7515306887157955,1.4965912411460476,1.4965912411460476,0.6016342483286233,1.4965912411460476,1.4965912411460476,-0.6730069675847667,1.4965912411460476,1.4965912411460476,0.6016342483286233,1.4965912411460476,1.4965912411460476,-0.6730069675847667,1.4965912411460476,1.4965912411460476,0.1839801161977291,1.4965912411460476,1.4965912411460476,-0.7566633281512664,1.4965912411460476,1.4965912411460476,0.1839801161977291,1.4965912411460476,1.4965912411460476,-0.7566633281512664,1.4965912411460476,1.4965912411460476,1.4965912411460476,1.4965912411460476,0.6559243730048503,1.4965912411460476,1.4965912411460476,-0.7620997446779365,1.4965912411460476,1.4965912411460476,1.4965912411460476,1.4965912411460476,0.6559243730048503,1.4965912411460476,1.4965912411460476,-0.7620997446779365,1.4965912411460476,1.4965912411460476,1.4965912411460476,1.4965912411460476,-0.10114161965190568,1.4965912411460476,1.4965912411460476,-0.7609426824412937,1.4965912411460476,1.4965912411460476,1.4965912411460476,1.4965912411460476,-0.10114161965190568,1.4965912411460476,1.4965912411460476,-0.7609426824412937,1.4965912411460476,1.4965912411460476,-0.10114161965190568,1.4965912411460476,1.4965912411460476,1.4965912411460476,-0.6415020606919091,1.4965912411460476,1.4965912411460476,-0.10114161965190568,1.4965912411460476,1.4965912411460476,1.4965912411460476,-0.6415020606919091,1.4965912411460476,1.4965912411460476,1.4965912411460476,0.5400538047472733,-0.5951467929690571,1.4965912411460476,1.4965912411460476,-0.729562606605493,1.4965912411460476,1.4965912411460476,1.4965912411460476,0.5400538047472733,-0.5951467929690571,1.4965912411460476,1.4965912411460476,-0.729562606605493,1.4965912411460476,1.4965912411460476,-0.10114161965190568,1.4965912411460476,1.4965912411460476,0.05355677457296914,1.4965912411460476,0.8207471265395059,1.4965912411460476,-0.24475117559455276,0.1839801161977291,0.0,-0.10114161965190568,1.4965912411460476,1.4965912411460476,1.4965912411460476,1.4965912411460476,1.4965912411460476,1.4965912411460476,1.4965912411460476,1.4965912411460476,1.4965912411460476,1.4965912411460476,1.4965912411460476,1.4965912411460476,1.4965912411460476,1.4965912411460476,1.4965912411460476,1.4965912411460476,1.4965912411460476,1.4965912411460476,1.4965912411460476,1.4965912411460476,1.4965912411460476,1.4965912411460476,1.4965912411460476,1.4965912411460476,1.4965912411460476,1.4965912411460476,1.4965912411460476,1.4965912411460476,1.4965912411460476,1.4965912411460476,-0.2834513481892721,1.4965912411460476,1.4965912411460476,1.4965912411460476,1.4965912411460476,1.4965912411460476,1.4965912411460476,1.4965912411460476,1.4965912411460476,1.4965912411460476,1.4965912411460476,-0.10114161965190568,1.4965912411460476,1.4965912411460476,1.4965912411460476,1.4965912411460476,1.4965912411460476,-0.10114161965190568,1.4965912411460476,1.4965912411460476,1.4965912411460476,1.4965912411460476,1.4965912411460476,-0.10114161965190568,1.4965912411460476
-1.0,-1.0,-1.0,-1.0,-1.0,-1.0,-1.0,-1.0,-1.0,-1.0,-1.0,-1.0,-1.0,-1.0,-1.0,-1.0,-1.0,-1.0,-1.0,-1.0,-1.0,-1.0,-1.0,-1.0,-1.0,-1.0,-1.0,-1.0,-1.0,-1.0,-1.0,-1.0,-1.0,-1.0,-1.0,-1.0,-1.0,-1.0,-1.0,-1.0,-1.0,-1.0,-1.0,-1.0,-1.0,-1.0,-1.0,-1.0,-1.0,-1.0,-1.0,-1.0,-1.0,-1.0,-1.0,-1.0,-1.0,-1.0,-1.0,-1.0,-1.0,-1.0,-1.0,-1.0,-1.0,-1.0,-1.0,-1.0,-1.0,-1.0,-1.0,-1.0,-1.0,-1.0,-1.0,-1.0,-1.0,-1.0,-1.0,-1.0,-1.0,-1.0,-1.0,-1.0,-1.0,-1.0,-1.0,-1.0,-1.0,-1.0,-1.0,-1.0,-1.0,-1.0,-1.0,-1.0,-1.0,-1.0,-1.0,-1.0,-1.0,-1.0,-1.0,-1.0,-1.0,-1.0,-1.0,-1.0,-1.0,-1.0,-1.0,-1.0,-1.0,-1.0,-1.0,-1.0,-1.0,-1.0,1.0,1.0,-1.0,-1.0,-1.0,-1.0,-1.0,-1.0,-1.0,-1.0,-1.0,-1.0,-1.0,-1.0,-1.0,-1.0,-1.0,-1.0,-1.0,-1.0,-1.0,-1.0,-1.0,-1.0,-1.0,-1.0,-1.0,-1.0,-1.0,-1.0,-1.0,-1.0,-1.0,-1.0,-1.0,-1.0,-1.0,-1.0,-1.0,-1.0,-1.0,-1.0,-1.0,-1.0,-1.0,-1.0,-1.0,-1.0,-1.0,-1.0,-1.0,-1.0,-1.0,-1.0,-1.0,-1.0,-1.0,-1.0,-1.0,-1.0,-1.0,-1.0,-1.0,-1.0,-1.0,-1.0,-1.0,-1.0,-1.0,-1.0,-1.0,-1.0,-1.0,-1.0,-1.0,-1.0,-1.0,-1.0,-1.0,-1.0,-1.0,-1.0,-1.0,-1.0,-1.0,-1.0,-1.0,-1.0,-1.0,-1.0,-1.0,-1.0,-1.0,-1.0,-1.0,-1.0,-1.0,-1.0,-1.0,-1.0,-1.0,-1.0,-1.0,-1.0,-1.0,-1.0,-1.0,-1.0,-1.0,-1.0,-1.0,-1.0,-1.0,-1.0,-1.0,-1.0,-1.0,-1.0,-1.0,-1.0,-1.0,-1.0,-1.0,-1.0,-1.0,-1.0,-1.0,-1.0,-1.0,-1.0,-1.0,-1.0,-1.0,-1.0,-1.0,-1.0,-1.0,-1.0,-1.0,-1.0,-1.0,-1.0,-1.0,-1.0,-1.0,-1.0,-1.0,-1.0,-1.0,-1.0,-1.0,-1.0,-1.0,-1.0,-1.0,-1.0,-1.0,-1.0,-1.0,-1.0,-1.0,-1.0,-1.0,-1.0,-1.0,-1.0,-1.0,-1.0,-1.0,-1.0,-1.0,-1.0,-1.0,-1.0,-1.0,-1.0,-1.0,-1.0,-1.0,-1.0,-1.0,-1.0,-1.0,-1.0,-1.0,-1.0,-1.0,-1.0,-1.0,-1.0,-1.0,-1.0,-1.0,-1.0,-1.0,-1.0,-1.0,-1.0,-1.0,-1.0,-1.0,-1.0,-1.0,-1.0,-1.0,-1.0,-1.0,-1.0,-1.0,-1.0,-1.0,-1.0,-1.0,-1.0,-1.0,-1.0,-1.0,-1.0,-1.0,-1.0,-1.0,-1.0,-1.0,-1.0,-1.0,-1.0,-1.0,-1.0,-1.0,-1.0,-1.0,-1.0,-1.0,-1.0,-1.0,-1.0,-1.0,-1.0,-1.0,-1.0,-1.0,-1.0,-1.0,-1.0,-1.0,-1.0,-1.0,-1.0,-1.0,-1.0,-1.0,-1.0,-1.0,-1.0,-1.0,-1.0,-1.0,-1.0,-1.0,-1.0,-1.0,-1.0,-1.0
1.0,1.0,1.0,1.0,1.0,1.0,1.0,1.0,1.0,1.0,1.0,1.0,1.0,1.0,1.0,1.0,1.0,1.0,1.0,1.0,1.0,1.0,1.0,1.0,1.0,1.0,1.0,1.0,1.0,1.0,1.0,1.0,1.0,1.0,1.0,1.0,1.0,1.0,1.0,1.0,1.0,1.0,1.0,1.0,1.0,1.0,1.0,1.0,1.0,1.0,1.0,1.0,1.0,1.0,1.0,1.0,1.0,1.0,1.0,1.0,1.0,1.0,1.0,1.0,1.0,1.0,1.0,1.0,1.0,1.0,1.0,1.0,1.0,1.0,1.0,1.0,1.0,1.0,1.0,1.0,1.0,1.0,1.0,1.0,1.0,1.0,1.0,1.0,1.0,1.0,1.0,1.0,1.0,1.0,1.0,1.0,1.0,1.0,1.0,1.0,1.0,1.0,1.0,1.0,1.0,1.0,1.0,1.0,1.0,1.0,1.0,1.0,1.0,1.0,1.0,1.0,1.0,1.0,1.0,1.0,1.0,1.0,1.0,1.0,1.0,1.0,1.0,1.0,1.0,1.0,1.0,1.0,1.0,1.0,1.0,1.0,1.0,1.0,1.0,1.0,1.0,1.0,1.0,1.0,1.0,1.0,1.0,1.0,1.0,1.0,1.0,1.0,1.0,1.0,1.0,1.0,1.0,1.0,1.0,1.0,1.0,1.0,1.0,1.0,1.0,1.0,1.0,1.0,1.0,1.0,1.0,1.0,1.0,1.0,1.0,1.0,1.0,1.0,1.0,1.0,1.0,1.0,1.0,1.0,1.0,1.0,1.0,1.0,1.0,1.0,1.0,1.0,1.0,1.0,1.0,1.0,1.0,1.0,1.0,1.0,1.0,1.0,1.0,1.0,1.0,1.0,1.0,1.0,1.0,1.0,1.0,1.0,1.0,1.0,1.0,1.0,1.0,1.0,1.0,1.0,1.0,1.0,1.0,1.0,1.0,1.0,1.0,1.0,1.0,1.0,1.0,1.0,1.0,1.0,1.0,1.0,1.0,1.0,1.0,1.0,1.0,1.0,1.0,1.0,1.0,1.0,1.0,1.0,1.0,1.0,1.0,1.0,1.0,1.0,1.0,1.0,1.0,1.0,1.0,1.0,1.0,1.0,1.0,1.0,1.0,1.0,1.0,1.0,1.0,1.0,1.0,1.0,1.0,1.0,1.0,1.0,1.0,1.0,1.0,1.0,1.0,1.0,1.0,1.0,1.0,1.0,1.0,1.0,1.0,1.0,1.0,1.0,1.0,1.0,1.0,1.0,1.0,1.0,1.0,1.0,1.0,1.0,1.0,1.0,1.0,1.0,1.0,1.0,1.0,1.0,1.0,1.0,1.0,1.0,1.0,1.0,1.0,1.0,1.0,1.0,1.0,1.0,1.0,1.0,1.0,1.0,1.0,1.0,1.0,1.0,1.0,1.0,1.0,1.0,1.0,1.0,1.0,1.0,1.0,1.0,1.0,1.0,1.0,1.0,1.0,1.0,1.0,1.0,1.0,1.0,1.0,1.0,1.0,1.0,1.0,1.0,1.0,1.0,1.0,1.0,1.0,1.0,1.0,1.0,1.0,1.0,1.0,1.0,1.0,1.0,1.0,1.0,1.0,1.0,1.0,1.0,1.0,1.0,1.0,1.0,1.0
0.0,0.0,0.0,0.0,0.0,0.0,0.0,0.0,0.0,0.0,0.0,0.0,0.0,0.0,0.0,0.0,0.0,0.0,0.0,0.0,0.0,0.0,0.0,0.0,0.0,0.0,0.0,0.0,0.0,0.0,0.0,0.0,0.0,0.0,0.0,0.0,0.0,0.0,0.0,0.0,0.0,0.0,0.0,0.0,0.0,0.0,0.0,0.0,0.0,0.0,0.0,0.0,0.0,0.0,0.0,0.0,0.0,0.0,0.0,0.0,0.0,0.0,0.0,0.0,0.0,0.0,0.0,0.0,0.0,0.0,0.0,0.0,0.0,0.0,0.0,0.0,0.0,0.0,0.0,0.0,0.0,0.0,0.0,0.0,0.0,0.0,0.0,0.0,0.0,0.0,0.0,0.0,0.0,0.0,0.0,0.0,0.0,0.0,0.0,0.0,0.0,0.0,0.0,0.0,0.0,0.0,0.0,0.0,0.0,0.0,0.0,0.0,0.0,0.0,0.0,0.0,0.0,0.0,0.0,0.0,0.0,0.0,0.0,0.0,0.0,0.0,0.0,0.0,0.0,0.0,0.0,0.0,0.0,0.0,0.0,0.0,0.0,0.0,0.0,0.0,0.0,0.0,0.0,0.0,0.0,0.0,0.0,0.0,0.0,0.0,0.0,0.0,0.0,0.0,0.0,0.0,0.0,0.0,0.0,0.0,0.0,0.0,0.0,0.0,0.0,0.0,0.0,0.0,0.0,0.0,0.0,0.0,0.0,0.0,0.0,0.0,0.0,0.0,0.0,0.0,0.0,0.0,0.0,0.0,0.0,0.0,0.0,0.0,0.0,0.0,0.0,0.0,0.0,0.0,0.0,0.0,0.0,0.0,0.0,0.0,0.0,0.0,0.0,0.0,0.0,0.0,0.0,0.0,0.0,0.0,0.0,0.0,0.0,0.0,0.0,0.0,0.0,0.0,0.0,0.0,0.0,0.0,0.0,0.0,0.0,0.0,0.0,0.0,0.0,0.0,0.0,0.0,0.0,0.0,0.0,0.0,0.0,0.0,0.0,0.0,0.0,0.0,0.0,0.0,0.0,0.0,0.0,0.0,0.0,0.0,0.0,0.0,0.0,0.0,0.0,0.0,0.0,0.0,0.0,0.0,0.0,0.0,0.0,0.0,0.0,0.0,0.0,0.0,0.0,0.0,0.0,0.0,0.0,0.0,0.0,0.0,0.0,0.0,0.0,0.0,0.0,0.0,0.0,0.0,0.0,0.0,0.0,0.0,0.0,0.0,0.0,0.0,0.0,0.0,0.0,0.0,0.0,0.0,0.0,0.0,0.0,0.0,0.0,0.0,0.0,0.0,0.0,0.0,0.0,0.0,0.0,0.0,0.0,0.0,0.0,0.0,0.0,0.0,0.0,0.0,0.0,0.0,0.0,0.0,0.0,0.0,0.0,0.0,0.0,0.0,0.0,0.0,0.0,0.0,0.0,0.0,0.0,0.0,0.0,0.0,0.0,0.0,0.0,0.0,0.0,0.0,0.0,0.0,0.0,0.0,0.0,0.0,0.0,0.0,0.0,0.0,0.0,0.0,0.0,0.0,0.0,0.0,0.0,0.0,0.0,0.0,0.0,0.0,0.0,0.0,0.0,0.0,0.0,0.0,0.0,0.0,0.0,0.0,0.0,0.0,1.0
-0.4071650399290151,1.0,1.0,1.0,1.0,1.0,1.0,1.0,1.0,1.0,1.0,1.0,1.0,1.0,1.0,1.0,1.0,1.0,1.0,1.0,1.0,1.0,1.0,1.0,1.0,1.0,1.0,1.0,1.0,1.0,1.0,1.0,1.0,1.0,1.0,1.0,1.0,1.0,1.0,1.0,1.0,1.0,1.0,1.0,1.0,1.0,1.0,1.0,1.0,1.0,1.0,1.0,1.0,1.0,1.0,1.0,1.0,1.0,1.0,1.0,1.0,1.0,1.0,1.0,1.0,1.0,-0.6753246753246753,-0.6753246753246753,-0.6753246753246753,0.7857142857142858,0.7857142857142858,0.7857142857142858,0.7857142857142858,-0.180327868852459,-0.180327868852459,-0.28,0.5,0.5,0.9359430604982206,1.0,1.0,1.0,1.0,1.0,1.0,1.0,1.0,1.0,1.0,1.0,1.0,1.0,1.0,1.0,1.0,1.0,1.0,1.0,1.0,1.0,1.0,1.0,1.0,1.0,1.0,1.0,1.0,1.0,1.0,1.0,1.0,1.0,1.0,-1.0,-1.0,-0.17880794701986757,-0.17880794701986757,0.9130434782608696,0.9130434782608696,0.9130434782608696,0.31343283582089554,-0.8241725768321513,-0.8241725768321513,-0.6153846153846154,-0.6153846153846154,1.0,1.0,-0.6153846153846154,-0.8241725768321513,-0.8241725768321513,-0.8241725768321513,-0.8241725768321513,-0.8241725768321513,-0.8241725768321513,-0.8241725768321513,-0.8241725768321513,-0.8241725768321513,-0.8241725768321513,-1.0,-1.0,-1.0,-0.8241725768321513,-0.8241725768321513,-0.8241725768321513,-0.8241725768321513,-0.8241725768321513,-0.8241725768321513,1.0,1.0,1.0,-0.8241725768321513,0.43999999999999995,0.43999999999999995,1.0,1.0,1.0,1.0,1.0,1.0,1.0,1.0,0.10256410256410264,-1.0,-1.0,1.0,1.0,1.0,1.0,1.0,1.0,1.0,1.0,1.0,1.0,1.0,1.0,1.0,1.0,0.10256410256410264,-0.5395342718063413,1.0,1.0,1.0,-0.6073298429319371,0.8,0.8,-0.9426751592356688,-0.9426751592356688,1.0,1.0,1.0,-0.6073298429319371,0.8,0.8,-0.9426751592356688,-0.9426751592356688,-0.4246575342465754,-0.4246575342465754,0.7333333333333334,0.7333333333333334,-0.9435736677115988,-0.9435736677115988,-0.4246575342465754,-0.4246575342465754,0.7333333333333334,0.7333333333333334,-0.9435736677115988,-0.9435736677115988,-0.46341463414634143,-0.46341463414634143,-0.8548387096774194,-0.8548387096774194,-0.46341463414634143,-0.46341463414634143,-0.8548387096774194,-0.8548387096774194,-0.543859649122807,-0.543859649122807,0.8,0.8,-0.9428571428571428,-0.9428571428571428,-0.543859649122807,-0.543859649122807,0.8,0.8,-0.9428571428571428,-0.9428571428571428,-0.4112359550561798,-0.4112359550561798,0.7647058823529411,0.7647058823529411,-0.9439252336448598,-0.9439252336448598,-0.4112359550561798,-0.4112359550561798,0.7647058823529411,0.7647058823529411,-0.9439252336448598,-0.9439252336448598,-0.4373522458628841,-0.4373522458628841,0.7647058823529411,0.7647058823529411,-0.9421221864951769,-0.9421221864951769,-0.4373522458628841,-0.4373522458628841,0.7647058823529411,0.7647058823529411,-0.9421221864951769,-0.9421221864951769,1.0,1.0,1.0,-0.5968992248062015,0.7777777777777777,0.7777777777777777,-0.9430379746835443,-0.9430379746835443,1.0,1.0,1.0,-0.5968992248062015,0.7777777777777777,0.7777777777777777,-0.9430379746835443,-0.9430379746835443,1.0,1.0,1.0,-0.6756756756756757,0.6666666666666667,0.6666666666666667,-0.943217665615142,-0.943217665615142,1.0,1.0,1.0,-0.6756756756756757,0.6666666666666667,0.6666666666666667,-0.943217665615142,-0.943217665615142,-0.715068493150685,1.0,1.0,0.6666666666666667,0.6666666666666667,-0.94375,-0.94375,-0.715068493150685,1.0,1.0,0.6666666666666667,0.6666666666666667,-0.94375,-0.94375,-0.525179856115108,1.0,1.0,1.0,0.7142857142857142,0.7142857142857142,-0.9446153846153846,-0.9446153846153846,-0.525179856115108,1.0,1.0,1.0,0.7142857142857142,0.7142857142857142,-0.9446153846153846,-0.9446153846153846,-0.5395342718063413,0.34899328859060397,0.25373134328358216,0.25373134328358216,0.6444444444444444,0.6444444444444444,0.5,0.5,0.3653846153846154,0.3653846153846154,-0.25,-0.25,1.0,1.0,0.875,1.0,1.0,1.0,1.0,1.0,1.0,1.0,1.0,1.0,1.0,1.0,1.0,0.8878504672897196,1.0,1.0,1.0,1.0,1.0,1.0,1.0,1.0,1.0,1.0,0.8279569892473118,1.0,1.0,1.0,1.0,1.0,1.0,1.0,1.0,0.9019607843137254,1.0,1.0,1.0,1.0,1.0,1.0,1.0,0.8048780487804879,1.0,1.0,1.0,1.0,-1.0,-1.0,-1.0,-1.0,-1.0,0.33944954128440363,-0.40749362598381556
0.04722599305560278,0.04722599305560278,-0.4775130935520587,-0.4775130935520587,-0.4775130935520587,-0.4775130935520587,-0.4775130935520587,-0.4775130935520587,-0.4775130935520587,-0.4775130935520587,-0.4775130935520587,-0.4775130935520587,-0.4775130935520587,-0.4775130935520587,0.5719650796632643,0.5719650796632643,0.5719650796632643,0.5719650796632643,0.5719650796632643,0.5719650796632643,0.5719650796632643,0.5719650796632643,0.5719650796632643,0.5719650796632643,0.5719650796632643,0.5719650796632643,0.5719650796632643,0.5719650796632643,0.5719650796632643,0.5719650796632643,0.5719650796632643,0.5719650796632643,0.5719650796632643,0.04722599305560278,-0.4775130935520587,-0.4775130935520587,-0.4775130935520587,-0.4775130935520587,-0.4775130935520587,-0.4775130935520587,-0.4775130935520587,-0.4775130935520587,0.04722599305560278,0.04722599305560278,0.04722599305560278,0.04722599305560278,0.04722599305560278,0.04722599305560278,0.04722599305560278,0.04722599305560278,0.04722599305560278,0.04722599305560278,0.04722599305560278,0.04722599305560278,0.04722599305560278,0.04722599305560278,0.04722599305560278,0.04722599305560278,0.04722599305560278,0.04722599305560278,0.04722599305560278,0.04722599305560278,0.04722599305560278,0.04722599305560278,0.04722599305560278,0.04722599305560278,0.04722599305560278,0.04722599305560278,0.04722599305560278,0.5719650796632643,0.5719650796632643,0.5719650796632643,0.5719650796632643,0.5719650796632643,0.5719650796632643,-0.4775130935520587,2.1461823394862485,2.1461823394862485,0.04722599305560278,0.04722599305560278,0.04722599305560278,0.04722599305560278,0.04722599305560278,0.04722599305560278,0.04722599305560278,-0.4775130935520587,-0.4775130935520587,0.5719650796632643,0.5719650796632643,0.5719650796632643,0.5719650796632643,0.5719650796632643,0.5719650796632643,-0.4775130935520587,-0.4775130935520587,-1.0022521801597202,-1.0022521801597202,0.04722599305560278,0.04722599305560278,-1.0022521801597202,-1.0022521801597202,1.0967041662709258,1.0967041662709258,0.5719650796632643,0.5719650796632643,0.04722599305560278,0.04722599305560278,-0.4775130935520587,-0.4775130935520587,0.5719650796632643,0.5719650796632643,1.0967041662709258,1.0967041662709258,1.0967041662709258,1.0967041662709258,-0.4775130935520587,-0.4775130935520587,1.0967041662709258,1.0967041662709258,1.0967041662709258,-0.4775130935520587,0.04722599305560278,0.04722599305560278,0.04722599305560278,0.04722599305560278,0.04722599305560278,0.04722599305560278,0.04722599305560278,0.04722599305560278,0.04722599305560278,0.04722599305560278,0.04722599305560278,0.04722599305560278,0.04722599305560278,0.04722599305560278,0.04722599305560278,0.04722599305560278,0.04722599305560278,0.04722599305560278,0.04722599305560278,0.04722599305560278,0.04722599305560278,0.04722599305560278,0.04722599305560278,0.04722599305560278,0.04722599305560278,0.04722599305560278,-0.4775130935520587,-0.4775130935520587,-0.4775130935520587,0.04722599305560278,0.04722599305560278,0.04722599305560278,-0.4775130935520587,-0.4775130935520587,0.5719650796632643,0.5719650796632643,0.04722599305560278,0.04722599305560278,0.04722599305560278,0.04722599305560278,0.04722599305560278,0.04722599305560278,0.04722599305560278,-0.4775130935520587,-1.0022521801597202,-1.0022521801597202,0.5719650796632643,0.5719650796632643,-1.0022521801597202,-1.0022521801597202,0.5719650796632643,0.5719650796632643,-1.0022521801597202,-1.0022521801597202,-0.4775130935520587,-0.4775130935520587,-0.4775130935520587,0.04722599305560278,-0.4775130935520587,-1.0022521801597202,-1.0022521801597202,-0.4775130935520587,-0.4775130935520587,-0.4775130935520587,-0.4775130935520587,-0.4775130935520587,-0.4775130935520587,-1.0022521801597202,-1.0022521801597202,-0.4775130935520587,-0.4775130935520587,-0.4775130935520587,-0.4775130935520587,-0.4775130935520587,-0.4775130935520587,-0.4775130935520587,-0.4775130935520587,-0.4775130935520587,-0.4775130935520587,-0.4775130935520587,-0.4775130935520587,-0.4775130935520587,-0.4775130935520587,-0.4775130935520587,-0.4775130935520587,-0.4775130935520587,-0.4775130935520587,-0.4775130935520587,-0.4775130935520587,0.04722599305560278,0.04722599305560278,-0.4775130935520587,-0.4775130935520587,0.04722599305560278,0.04722599305560278,-0.4775130935520587,-0.4775130935520587,-0.4775130935520587,-0.4775130935520587,-0.4775130935520587,-0.4775130935520587,-0.4775130935520587,-0.4775130935520587,-0.4775130935520587,-0.4775130935520587,-0.4775130935520587,-0.4775130935520587,0.04722599305560278,0.04722599305560278,0.04722599305560278,0.04722599305560278,0.04722599305560278,0.04722599305560278,0.04722599305560278,0.04722599305560278,0.04722599305560278,0.04722599305560278,0.04722599305560278,0.04722599305560278,-1.0022521801597202,-1.0022521801597202,0.04722599305560278,0.04722599305560278,-0.4775130935520587,-0.4775130935520587,-1.0022521801597202,-1.0022521801597202,0.04722599305560278,0.04722599305560278,-0.4775130935520587,-0.4775130935520587,-1.0022521801597202,-1.0022521801597202,0.04722599305560278,-0.4775130935520587,0.04722599305560278,0.04722599305560278,-0.4775130935520587,-0.4775130935520587,-1.0022521801597202,-1.0022521801597202,0.04722599305560278,-0.4775130935520587,0.04722599305560278,0.04722599305560278,-0.4775130935520587,-0.4775130935520587,-1.0022521801597202,-1.0022521801597202,-1.0022521801597202,-0.4775130935520587,-1.0022521801597202,-1.0022521801597202,-0.4775130935520587,-0.4775130935520587,-1.0022521801597202,-1.0022521801597202,-1.0022521801597202,-0.4775130935520587,-1.0022521801597202,-1.0022521801597202,-0.4775130935520587,-0.4775130935520587,-0.4775130935520587,-1.0022521801597202,-1.0022521801597202,-1.0022521801597202,-1.0022521801597202,0.04722599305560278,0.04722599305560278,-0.4775130935520587,-1.0022521801597202,-1.0022521801597202,-1.0022521801597202,-1.0022521801597202,0.04722599305560278,0.04722599305560278,-0.4775130935520587,-0.4775130935520587,-0.4775130935520587,-0.4775130935520587,-0.4775130935520587,-0.4775130935520587,-0.4775130935520587,-0.4775130935520587,-0.4775130935520587,-0.4775130935520587,-0.4775130935520587,-0.4775130935520587,-0.4775130935520587,-0.4775130935520587,-0.4775130935520587,-0.4775130935520587,-0.4775130935520587,0.04722599305560278,0.5719650796632643,0.5719650796632643,-0.4775130935520587,-0.4775130935520587,-0.4775130935520587,-0.4775130935520587,0.04722599305560278,0.04722599305560278,0.5719650796632643,0.5719650796632643,1.0967041662709258,1.0967041662709258,0.04722599305560278,-0.4775130935520587,-0.4775130935520587,-0.4775130935520587,-0.4775130935520587,-0.4775130935520587,-0.4775130935520587,-0.4775130935520587,-0.4775130935520587,-0.4775130935520587,-0.4775130935520587,-0.4775130935520587,-0.4775130935520587,0.04722599305560278,0.04722599305560278,0.04722599305560278,0.04722599305560278,0.04722599305560278,0.04722599305560278,0.04722599305560278,0.04722599305560278,0.04722599305560278,0.04722599305560278,0.04722599305560278,0.04722599305560278,-0.4775130935520587,-0.4775130935520587,-0.4775130935520587,-0.4775130935520587,-0.4775130935520587,-0.4775130935520587,-0.4775130935520587,-0.4775130935520587,0.04722599305560278,0.04722599305560278,0.04722599305560278,0.04722599305560278,0.04722599305560278,0.04722599305560278,0.04722599305560278,0.04722599305560278,0.04722599305560278,0.04722599305560278,0.04722599305560278,0.04722599305560278,0.04722599305560278,-1.0022521801597202,-1.0022521801597202,-1.0022521801597202,-1.0022521801597202,-1.0022521801597202,0.04722599305560278,0.04722599305560278
1.0,-1.0,-1.0,-1.0,-1.0,-1.0,-1.0,-1.0,-1.0,-1.0,-1.0,-1.0,-1.0,-1.0,-1.0,-1.0,-1.0,-1.0,-1.0,-1.0,-1.0,-1.0,-1.0,-1.0,-1.0,-1.0,-1.0,-1.0,-1.0,-1.0,-1.0,-1.0,-1.0,1.0,1.0,1.0,1.0,1.0,1.0,1.0,1.0,1.0,-1.0,-1.0,-1.0,-1.0,-1.0,-1.0,-1.0,-1.0,-1.0,-1.0,-1.0,1.0,1.0,1.0,1.0,1.0,1.0,1.0,1.0,1.0,1.0,1.0,1.0,1.0,1.0,1.0,1.0,-1.0,-1.0,-1.0,-1.0,-1.0,-1.0,-1.0,-1.0,-1.0,1.0,-1.0,-1.0,1.0,1.0,-1.0,-1.0,1.0,1.0,1.0,1.0,1.0,1.0,1.0,1.0,1.0,1.0,1.0,1.0,-1.0,-1.0,-1.0,-1.0,-1.0,-1.0,1.0,1.0,1.0,1.0,1.0,1.0,1.0,1.0,-1.0,-1.0,-1.0,-1.0,1.0,1.0,-1.0,-1.0,-1.0,-1.0,1.0,1.0,1.0,1.0,1.0,1.0,1.0,1.0,1.0,1.0,1.0,1.0,1.0,1.0,1.0,1.0,1.0,1.0,1.0,1.0,1.0,1.0,1.0,1.0,1.0,1.0,1.0,1.0,1.0,1.0,1.0,1.0,1.0,1.0,-1.0,-1.0,1.0,1.0,1.0,1.0,1.0,1.0,1.0,1.0,-1.0,-1.0,-1.0,-1.0,-1.0,-1.0,1.0,1.0,-1.0,-1.0,1.0,1.0,1.0,1.0,1.0,-1.0,-1.0,-1.0,1.0,-1.0,-1.0,1.0,1.0,-1.0,-1.0,-1.0,1.0,-1.0,-1.0,1.0,1.0,1.0,1.0,-1.0,-1.0,1.0,1.0,1.0,1.0,-1.0,-1.0,1.0,1.0,1.0,1.0,1.0,1.0,1.0,1.0,1.0,1.0,1.0,1.0,-1.0,-1.0,1.0,1.0,1.0,1.0,-1.0,-1.0,1.0,1.0,1.0,1.0,-1.0,-1.0,1.0,1.0,1.0,1.0,-1.0,-1.0,1.0,1.0,1.0,1.0,-1.0,-1.0,1.0,1.0,1.0,1.0,-1.0,-1.0,1.0,1.0,-1.0,-1.0,-1.0,1.0,-1.0,-1.0,1.0,1.0,-1.0,-1.0,-1.0,1.0,-1.0,-1.0,1.0,1.0,-1.0,-1.0,-1.0,1.0,-1.0,-1.0,1.0,1.0,-1.0,-1.0,-1.0,1.0,-1.0,-1.0,1.0,1.0,1.0,1.0,1.0,-1.0,-1.0,1.0,1.0,1.0,1.0,1.0,-1.0,-1.0,1.0,1.0,1.0,1.0,1.0,1.0,-1.0,-1.0,1.0,1.0,1.0,1.0,1.0,1.0,-1.0,-1.0,1.0,1.0,1.0,1.0,-1.0,-1.0,1.0,1.0,1.0,1.0,1.0,1.0,-1.0,-1.0,-1.0,-1.0,-1.0,-1.0,-1.0,-1.0,-1.0,-1.0,-1.0,-1.0,-1.0,-1.0,-1.0,-1.0,-1.0,-1.0,-1.0,-1.0,-1.0,-1.0,-1.0,-1.0,-1.0,-1.0,-1.0,-1.0,1.0,1.0,1.0,1.0,1.0,1.0,1.0,1.0,1.0,1.0,1.0,1.0,1.0,1.0,1.0,1.0,1.0,-1.0,-1.0,-1.0,-1.0,-1.0,-1.0,-1.0,-1.0,-1.0,-1.0,1.0,1.0
-0.8065922628466141,-2.446043165467626,-2.446043165467626,-2.446043165467626,-2.446043165467626,-2.446043165467626,-2.446043165467626,-2.446043165467626,-2.446043165467626,-2.446043165467626,-2.446043165467626,-2.446043165467626,-2.446043165467626,-2.446043165467626,-2.446043165467626,-2.446043165467626,-2.446043165467626,-2.446043165467626,-2.446043165467626,-2.446043165467626,-2.446043165467626,-2.446043165467626,-2.446043165467626,-2.446043165467626,-2.446043165467626,-2.446043165467626,-2.446043165467626,-2.446043165467626,-2.446043165467626,-2.446043165467626,-2.446043165467626,-2.446043165467626,-2.446043165467626,-1.676605239872273,-1.6285153695225636,-1.6285153695225636,-1.6285153695225636,-1.6285153695225636,-1.6285153695225636,-1.6285153695225636,-1.6285153695225636,-1.6285153695225636,-2.446043165467626,-2.446043165467626,-2.446043165467626,-2.446043165467626,-2.446043165467626,-2.446043165467626,-2.446043165467626,-2.446043165467626,-2.446043165467626,-2.446043165467626,-2.446043165467626,-2.1346040051076023,-2.119032047089601,-2.119032047089601,-2.119032047089601,-2.119032047089601,-2.119032047089601,-2.119032047089601,-2.119032047089601,-2.119032047089601,-2.119032047089601,-2.119032047089601,-2.119032047089601,-2.119032047089601,-1.922825376062786,-1.922825376062786,-1.922825376062786,-2.446043165467626,-2.446043165467626,-2.446043165467626,-2.446043165467626,-2.446043165467626,-2.446043165467626,-2.446043165467626,-2.446043165467626,-2.446043165467626,-1.4680659890099814,-2.446043165467626,-2.446043165467626,-1.1379986919555263,-1.1379986919555263,-2.446043165467626,-2.446043165467626,-1.7193517912942373,-1.7193517912942373,-1.6285153695225636,-1.6285153695225636,-0.8109875735775016,-0.8109875735775016,-0.8109875735775016,-0.8109875735775016,0.006540222367560503,0.006540222367560503,-0.577408203307484,-0.577408203307484,-2.446043165467626,-2.446043165467626,-2.446043165467626,-2.446043165467626,-2.446043165467626,-2.446043165467626,-1.439855108919857,-1.439855108919857,-0.8109875735775016,-0.8109875735775016,-0.8109875735775016,-0.8109875735775016,-1.2569118259111718,-1.2569118259111718,-2.446043165467626,-2.446043165467626,-2.446043165467626,-2.446043165467626,-1.9429491371937413,-1.9429491371937413,-2.446043165467626,-2.446043165467626,-2.446043165467626,-2.446043165467626,-0.5791980835394379,-0.5791980835394379,-1.0242556942588221,-1.0242556942588221,-1.356006104207543,-1.356006104207543,-1.0242556942588221,-0.5791980835394379,-0.5791980835394379,-0.5791980835394379,-0.5791980835394379,-0.5791980835394379,-0.5791980835394379,-0.5791980835394379,-0.5791980835394379,-0.5791980835394379,-0.5791980835394379,-0.9314653540325634,-0.9314653540325634,-0.9314653540325634,-0.5791980835394379,-0.5791980835394379,-0.5791980835394379,-0.5791980835394379,-0.5791980835394379,-0.5791980835394379,-0.5224483514792443,-0.5224483514792443,-0.5224483514792443,-0.5791980835394379,-0.8109875735775016,-0.8109875735775016,0.006540222367560503,0.006540222367560503,-2.446043165467626,-2.446043165467626,-0.8109875735775016,-0.8109875735775016,-1.5117256843875548,-1.5117256843875548,-1.5822402112615224,-0.9071673142769207,-0.9071673142769207,-1.832897318508829,-2.446043165467626,-2.446043165467626,-2.446043165467626,-2.446043165467626,-2.446043165467626,-2.446043165467626,-1.1379986919555263,-1.1379986919555263,-2.446043165467626,-2.446043165467626,-0.8109875735775016,-0.8109875735775016,-1.8131184202198356,-1.5822402112615224,-0.5551293960090022,-2.446043165467626,-2.446043165467626,-2.446043165467626,-0.5503265371892209,-2.446043165467626,-2.446043165467626,-0.1512282996569253,-0.1512282996569253,-2.446043165467626,-2.446043165467626,-2.446043165467626,-0.5503265371892209,-2.446043165467626,-2.446043165467626,-0.1512282996569253,-0.1512282996569253,-0.5900341152139714,-0.5900341152139714,-2.446043165467626,-2.446043165467626,-0.2248355689376459,-0.2248355689376459,-0.5900341152139714,-0.5900341152139714,-2.446043165467626,-2.446043165467626,-0.2248355689376459,-0.2248355689376459,-1.0445669438475194,-1.0445669438475194,-0.4839764551994768,-0.4839764551994768,-1.0445669438475194,-1.0445669438475194,-0.4839764551994768,-0.4839764551994768,-0.7437935081573596,-0.7437935081573596,-2.446043165467626,-2.446043165467626,-0.4163189824316095,-0.4163189824316095,-0.7437935081573596,-0.7437935081573596,-2.446043165467626,-2.446043165467626,-0.4163189824316095,-0.4163189824316095,-1.0033470549763397,-1.0033470549763397,-2.446043165467626,-2.446043165467626,-0.7455853499018965,-0.7455853499018965,-1.0033470549763397,-1.0033470549763397,-2.446043165467626,-2.446043165467626,-0.7455853499018965,-0.7455853499018965,-0.23970308966408485,-0.23970308966408485,-2.446043165467626,-2.446043165467626,0.1474932906339506,0.1474932906339506,-0.23970308966408485,-0.23970308966408485,-2.446043165467626,-2.446043165467626,0.1474932906339506,0.1474932906339506,-2.446043165467626,-2.446043165467626,-2.446043165467626,-0.6186280921786634,-2.446043165467626,-2.446043165467626,-0.2659690429474603,-0.2659690429474603,-2.446043165467626,-2.446043165467626,-2.446043165467626,-0.6186280921786634,-2.446043165467626,-2.446043165467626,-0.2659690429474603,-0.2659690429474603,-2.446043165467626,-2.446043165467626,-2.446043165467626,-0.1431479656223806,-2.446043165467626,-2.446043165467626,0.2602557452470625,0.2602557452470625,-2.446043165467626,-2.446043165467626,-2.446043165467626,-0.1431479656223806,-2.446043165467626,-2.446043165467626,0.2602557452470625,0.2602557452470625,-0.9692187598894492,-1.356006104207543,-1.356006104207543,-2.446043165467626,-2.446043165467626,-0.7789276600110286,-0.7789276600110286,-0.9692187598894492,-1.356006104207543,-1.356006104207543,-2.446043165467626,-2.446043165467626,-0.7789276600110286,-0.7789276600110286,-0.027056810342510677,-0.11024946276744832,-0.11024946276744832,-0.11024946276744832,-2.446043165467626,-2.446043165467626,0.218491873168132,0.218491873168132,-0.027056810342510677,-0.11024946276744832,-0.11024946276744832,-0.11024946276744832,-2.446043165467626,-2.446043165467626,0.218491873168132,0.218491873168132,-0.5551293960090022,-1.1379986919555263,-2.446043165467626,-2.446043165467626,-0.9926604171208488,-0.9926604171208488,-1.9010246348375845,-1.9010246348375845,-0.13772938868156795,-0.13772938868156795,-2.446043165467626,-2.446043165467626,-2.446043165467626,-2.446043165467626,-2.446043165467626,-2.446043165467626,-2.446043165467626,-2.446043165467626,-2.446043165467626,-2.446043165467626,-2.446043165467626,-2.446043165467626,-2.446043165467626,-2.446043165467626,-2.446043165467626,-2.446043165467626,-2.446043165467626,-2.446043165467626,-2.446043165467626,-2.446043165467626,-2.446043165467626,-2.446043165467626,-2.446043165467626,-2.446043165467626,-2.446043165467626,-2.446043165467626,-2.446043165467626,-2.446043165467626,-1.676605239872273,-1.6285153695225636,-1.6285153695225636,-1.6285153695225636,-1.6285153695225636,-1.6285153695225636,-1.6285153695225636,-1.6285153695225636,-1.6285153695225636,-2.037279267495095,-2.0100283409635926,-2.0100283409635926,-2.0100283409635926,-2.0100283409635926,-2.0100283409635926,-2.0100283409635926,-2.0100283409635926,-2.446043165467626,-2.446043165467626,-2.446043165467626,-2.446043165467626,-2.446043165467626,-2.446043165467626,-2.446043165467626,-2.446043165467626,-2.446043165467626,-2.446043165467626,-2.1018209355960207,-0.8071429685579414
1.0,-1.0,-1.0,-1.0,-1.0,-1.0,-1.0,-1.0,-1.0,-1.0,-1.0,-1.0,-1.0,-1.0,1.0,1.0,1.0,1.0,1.0,1.0,1.0,1.0,1.0,1.0,1.0,-1.0,-1.0,-1.0,-1.0,-1.0,-1.0,-1.0,-1.0,-1.0,-1.0,-1.0,-1.0,-1.0,-1.0,-1.0,-1.0,-1.0,-1.0,-1.0,-1.0,-1.0,-1.0,-1.0,-1.0,-1.0,-1.0,-1.0,-1.0,-1.0,-1.0,-1.0,-1.0,-1.0,-1.0,-1.0,-1.0,-1.0,-1.0,-1.0,-1.0,-1.0,-1.0,-1.0,-1.0,-1.0,-1.0,-1.0,-1.0,-1.0,-1.0,-1.0,-1.0,-1.0,1.0,-1.0,-1.0,1.0,1.0,-1.0,-1.0,-1.0,-1.0,-1.0,-1.0,-1.0,-1.0,-1.0,-1.0,-1.0,-1.0,-1.0,-1.0,-1.0,-1.0,-1.0,-1.0,-1.0,-1.0,-1.0,-1.0,-1.0,-1.0,-1.0,-1.0,-1.0,-1.0,-1.0,-1.0,-1.0,-1.0,1.0,1.0,1.0,1.0,1.0,1.0,1.0,1.0,-1.0,-1.0,-1.0,-1.0,-1.0,1.0,1.0,1.0,1.0,1.0,1.0,1.0,1.0,1.0,1.0,1.0,1.0,1.0,1.0,1.0,1.0,1.0,1.0,1.0,-1.0,-1.0,-1.0,1.0,-1.0,-1.0,-1.0,-1.0,-1.0,-1.0,-1.0,-1.0,-1.0,-1.0,-1.0,-1.0,-1.0,-1.0,-1.0,-1.0,-1.0,-1.0,-1.0,-1.0,-1.0,-1.0,-1.0,-1.0,-1.0,-1.0,-1.0,-1.0,1.0,-1.0,-1.0,-1.0,1.0,1.0,1.0,-1.0,-1.0,-1.0,-1.0,-1.0,1.0,1.0,1.0,-1.0,-1.0,1.0,1.0,1.0,1.0,-1.0,-1.0,1.0,1.0,1.0,1.0,-1.0,-1.0,-1.0,-1.0,-1.0,-1.0,-1.0,-1.0,-1.0,-1.0,1.0,1.0,1.0,1.0,-1.0,-1.0,1.0,1.0,1.0,1.0,-1.0,-1.0,1.0,1.0,1.0,1.0,-1.0,-1.0,1.0,1.0,1.0,1.0,-1.0,-1.0,1.0,1.0,1.0,1.0,-1.0,-1.0,1.0,1.0,1.0,1.0,-1.0,-1.0,-1.0,-1.0,-1.0,1.0,1.0,1.0,-1.0,-1.0,-1.0,-1.0,-1.0,1.0,1.0,1.0,-1.0,-1.0,-1.0,-1.0,-1.0,1.0,1.0,1.0,-1.0,-1.0,-1.0,-1.0,-1.0,1.0,1.0,1.0,-1.0,-1.0,1.0,-1.0,-1.0,1.0,1.0,-1.0,-1.0,1.0,-1.0,-1.0,1.0,1.0,-1.0,-1.0,1.0,-1.0,-1.0,-1.0,1.0,1.0,-1.0,-1.0,1.0,-1.0,-1.0,-1.0,1.0,1.0,-1.0,-1.0,1.0,1.0,-1.0,-1.0,-1.0,-1.0,1.0,1.0,-1.0,-1.0,-1.0,-1.0,-1.0,-1.0,-1.0,-1.0,-1.0,-1.0,-1.0,-1.0,-1.0,-1.0,-1.0,-1.0,-1.0,-1.0,-1.0,-1.0,-1.0,-1.0,-1.0,-1.0,-1.0,-1.0,-1.0,-1.0,-1.0,-1.0,-1.0,-1.0,-1.0,-1.0,-1.0,-1.0,-1.0,-1.0,-1.0,-1.0,-1.0,-1.0,-1.0,-1.0,-1.0,-1.0,-1.0,-1.0,-1.0,-1.0,-1.0,-1.0,-1.0,-1.0,-1.0,-1.0,-1.0,-1.0,1.0
1.0,-1.0,-1.0,-1.0,-1.0,-1.0,-1.0,-1.0,-1.0,-1.0,-1.0,-1.0,-1.0,-1.0,-1.0,-1.0,-1.0,-1.0,-1.0,-1.0,-1.0,-1.0,-1.0,-1.0,-1.0,-1.0,-1.0,-1.0,-1.0,-1.0,-1.0,-1.0,-1.0,-1.0,-1.0,-1.0,-1.0,-1.0,-1.0,-1.0,-1.0,-1.0,-1.0,-1.0,-1.0,-1.0,-1.0,-1.0,-1.0,-1.0,-1.0,-1.0,-1.0,-1.0,-1.0,-1.0,-1.0,-1.0,-1.0,-1.0,-1.0,-1.0,-1.0,-1.0,-1.0,-1.0,-1.0,-1.0,-1.0,-1.0,-1.0,-1.0,-1.0,-1.0,-1.0,-1.0,-1.0,-1.0,1.0,-1.0,-1.0,-1.0,-1.0,-1.0,-1.0,-1.0,-1.0,-1.0,-1.0,-1.0,-1.0,-1.0,-1.0,-1.0,-1.0,-1.0,-1.0,-1.0,-1.0,-1.0,-1.0,1.0,1.0,-1.0,-1.0,-1.0,-1.0,-1.0,-1.0,-1.0,-1.0,-1.0,-1.0,-1.0,-1.0,-1.0,-1.0,-1.0,-1.0,-1.0,-1.0,-1.0,-1.0,-1.0,-1.0,-1.0,-1.0,-1.0,-1.0,-1.0,-1.0,-1.0,-1.0,-1.0,-1.0,-1.0,-1.0,-1.0,-1.0,-1.0,-1.0,-1.0,-1.0,-1.0,-1.0,-1.0,-1.0,-1.0,-1.0,-1.0,-1.0,-1.0,-1.0,-1.0,-1.0,-1.0,-1.0,-1.0,-1.0,-1.0,-1.0,-1.0,-1.0,-1.0,-1.0,-1.0,-1.0,-1.0,-1.0,-1.0,-1.0,-1.0,-1.0,-1.0,-1.0,-1.0,-1.0,-1.0,-1.0,1.0,-1.0,-1.0,-1.0,1.0,-1.0,-1.0,-1.0,-1.0,-1.0,-1.0,-1.0,1.0,-1.0,-1.0,-1.0,-1.0,-1.0,-1.0,-1.0,-1.0,-1.0,-1.0,-1.0,-1.0,-1.0,-1.0,-1.0,-1.0,-1.0,-1.0,-1.0,-1.0,-1.0,-1.0,-1.0,-1.0,-1.0,-1.0,-1.0,-1.0,-1.0,-1.0,-1.0,-1.0,-1.0,-1.0,-1.0,-1.0,-1.0,-1.0,-1.0,-1.0,-1.0,-1.0,-1.0,-1.0,-1.0,-1.0,-1.0,-1.0,-1.0,-1.0,-1.0,-1.0,-1.0,-1.0,-1.0,-1.0,-1.0,-1.0,-1.0,-1.0,-1.0,-1.0,-1.0,-1.0,-1.0,-1.0,-1.0,-1.0,-1.0,-1.0,-1.0,-1.0,-1.0,-1.0,-1.0,-1.0,-1.0,-1.0,-1.0,-1.0,-1.0,-1.0,-1.0,-1.0,-1.0,-1.0,-1.0,-1.0,-1.0,-1.0,-1.0,-1.0,-1.0,-1.0,-1.0,-1.0,-1.0,-1.0,-1.0,-1.0,-1.0,-1.0,-1.0,-1.0,-1.0,-1.0,-1.0,-1.0,-1.0,-1.0,-1.0,-1.0,-1.0,-1.0,-1.0,-1.0,-1.0,-1.0,-1.0,-1.0,-1.0,-1.0,1.0,-1.0,-1.0,-1.0,-1.0,-1.0,-1.0,-1.0,-1.0,-1.0,-1.0,-1.0,-1.0,-1.0,-1.0,-1.0,-1.0,-1.0,-1.0,-1.0,-1.0,-1.0,-1.0,-1.0,-1.0,-1.0,-1.0,-1.0,-1.0,-1.0,-1.0,-1.0,-1.0,-1.0,-1.0,-1.0,-1.0,-1.0,-1.0,-1.0,-1.0,-1.0,-1.0,-1.0,-1.0,-1.0,-1.0,-1.0,-1.0,-1.0,-1.0,-1.0,-1.0,-1.0,-1.0,-1.0,-1.0,-1.0,-1.0,-1.0,-1.0,-1.0,-1.0,-1.0,-1.0,-1.0,1.0
1.775655717887644,-0.5512702964462444,-0.5824344901372128,-0.5824344901372128,-0.5824344901372128,-0.5824344901372128,-0.5824344901372128,-0.5824344901372128,-0.5824344901372128,-0.5824344901372128,-0.5824344901372128,-0.5824344901372128,-0.5824344901372128,-0.5824344901372128,-0.3797262589529182,-0.40109179602679423,-0.40109179602679423,-0.40109179602679423,-0.40109179602679423,-0.40109179602679423,-0.40109179602679423,-0.40109179602679423,-0.40109179602679423,-0.40109179602679423,-0.40109179602679423,-0.7988507284353313,-0.838928682527586,-0.838928682527586,-0.838928682527586,-0.838928682527586,-0.838928682527586,-0.838928682527586,-0.838928682527586,-0.6807033727710262,-0.7222676185731274,-0.7222676185731274,-0.7222676185731274,-0.7222676185731274,-0.7222676185731274,-0.7222676185731274,-0.7222676185731274,-0.7222676185731274,-0.6201734418402309,-0.6471399454012805,-0.6471399454012805,-0.6471399454012805,-0.6471399454012805,-0.6471399454012805,-0.6471399454012805,-0.6471399454012805,-0.6471399454012805,-0.6471399454012805,-0.6471399454012805,-0.5512702964462444,-0.5705030406020889,-0.5705030406020889,-0.5705030406020889,-0.5705030406020889,-0.5705030406020889,-0.5705030406020889,-0.5705030406020889,-0.5705030406020889,-0.5705030406020889,-0.5705030406020889,-0.5705030406020889,-0.5705030406020889,-0.450022148404846,-0.450022148404846,-0.450022148404846,-1.2466334064601852,-1.2466334064601852,-1.2466334064601852,-1.2466334064601852,-0.8827692223489199,-0.8827692223489199,-1.2995907360428969,-1.6355140186915886,-1.6355140186915886,0.5830806456859092,-1.1559062969083356,-1.1559062969083356,-0.9063350418007386,-0.9063350418007386,-0.6807033727710262,-0.6807033727710262,-0.6517896327158449,-0.6517896327158449,-0.574446437165577,-0.574446437165577,-0.8983469888291029,-0.8983469888291029,-0.8983469888291029,-0.8983469888291029,-0.690753001378953,-0.690753001378953,-0.8603350077758544,-0.8603350077758544,-0.9947658827533218,-0.9947658827533218,-1.1039317010624365,-1.1039317010624365,-0.8751708481097702,-0.8751708481097702,-0.3469647794262703,-0.3469647794262703,-0.9947658827533218,-0.9947658827533218,-1.0799628719093755,-1.0799628719093755,-0.40936262644707533,-0.40936262644707533,-0.7222676185731274,-0.7222676185731274,-1.214393746886843,-1.214393746886843,-0.4592150295257363,-0.4592150295257363,-1.014653553042479,-1.014653553042479,-1.014653553042479,-0.838928682527586,1.3177387389187192,1.3177387389187192,0.16314906139242885,0.16314906139242885,-0.6072521655175623,-0.6072521655175623,0.16314906139242885,1.3177387389187192,1.3177387389187192,1.3177387389187192,1.3177387389187192,1.3177387389187192,1.3177387389187192,1.3177387389187192,1.3177387389187192,1.3177387389187192,1.3177387389187192,0.23001861449554722,0.23001861449554722,0.23001861449554722,1.3177387389187192,1.3177387389187192,1.3177387389187192,1.3177387389187192,1.3177387389187192,1.3177387389187192,-0.6757584618689061,-0.6757584618689061,-0.6757584618689061,1.3177387389187192,-1.2995907360428969,-1.2995907360428969,-0.690753001378953,-0.690753001378953,-0.7332631781106012,-0.7332631781106012,-0.6807033727710262,-0.6807033727710262,-0.6807033727710262,-0.6807033727710262,-0.12009196831332593,-0.6115196812013348,-0.6115196812013348,-0.3983670669096015,-1.4798068485718616,-1.4798068485718616,-1.3810642814376528,-1.3810642814376528,-1.4798068485718616,-1.4798068485718616,-1.1423607189301805,-1.1423607189301805,-1.508136111102906,-1.508136111102906,-1.014653553042479,-1.014653553042479,-0.41495897740348425,-0.12009196831332593,1.3719790170869348,-1.6355140186915886,-1.6355140186915886,-1.4798068485718616,-0.025504388501600334,-1.4038634235729013,-1.4038634235729013,-0.1171060813512836,-0.1171060813512836,-1.6355140186915886,-1.6355140186915886,-1.4798068485718616,-0.025504388501600334,-1.4038634235729013,-1.4038634235729013,-0.1171060813512836,-0.1171060813512836,0.03842005157777867,0.03842005157777867,-1.5382942985503691,-1.5382942985503691,-0.10972378374539982,-0.10972378374539982,0.03842005157777867,0.03842005157777867,-1.5382942985503691,-1.5382942985503691,-0.10972378374539982,-0.10972378374539982,-0.4206231645681314,-0.4206231645681314,-0.5512702964462444,-0.5512702964462444,-0.4206231645681314,-0.4206231645681314,-0.5512702964462444,-0.5512702964462444,-0.005158216406605738,-0.005158216406605738,-1.4038634235729013,-1.4038634235729013,-0.11562026223101257,-0.11562026223101257,-0.005158216406605738,-0.005158216406605738,-1.4038634235729013,-1.4038634235729013,-0.11562026223101257,-0.11562026223101257,0.04582910381600006,0.04582910381600006,-1.4798068485718616,-1.4798068485718616,-0.10680321349064682,-0.10680321349064682,0.04582910381600006,0.04582910381600006,-1.4798068485718616,-1.4798068485718616,-0.10680321349064682,-0.10680321349064682,0.022136532264615677,0.022136532264615677,-1.4798068485718616,-1.4798068485718616,-0.1215920971125075,-0.1215920971125075,0.022136532264615677,0.022136532264615677,-1.4798068485718616,-1.4798068485718616,-0.1215920971125075,-0.1215920971125075,-1.6355140186915886,-1.6355140186915886,-1.3385541047060048,-0.01942771353748507,-1.4530973093943156,-1.4530973093943156,-0.11413915252948023,-0.11413915252948023,-1.6355140186915886,-1.6355140186915886,-1.3385541047060048,-0.01942771353748507,-1.4530973093943156,-1.4530973093943156,-0.11413915252948023,-0.11413915252948023,-1.6355140186915886,-1.6355140186915886,-1.5382942985503691,-0.04041915624379915,-1.6355140186915886,-1.6355140186915886,-0.11266272248725219,-0.11266272248725219,-1.6355140186915886,-1.6355140186915886,-1.5382942985503691,-0.04041915624379915,-1.6355140186915886,-1.6355140186915886,-0.11266272248725219,-0.11266272248725219,-0.046776937578275016,-1.3186664344168477,-1.3186664344168477,-1.6355140186915886,-1.6355140186915886,-0.10826121691879813,-0.10826121691879813,-0.046776937578275016,-1.3186664344168477,-1.3186664344168477,-1.6355140186915886,-1.6355140186915886,-0.10826121691879813,-0.10826121691879813,0.015460851307851166,-0.8251838763564207,-0.8251838763564207,-0.8251838763564207,-1.570533958123711,-1.570533958123711,-0.10101626993937508,-0.10101626993937508,0.015460851307851166,-0.8251838763564207,-0.8251838763564207,-0.8251838763564207,-1.570533958123711,-1.570533958123711,-0.10101626993937508,-0.10101626993937508,1.3719790170869348,-0.14154509976382962,-0.838928682527586,-0.838928682527586,-1.0249240702007851,-1.0249240702007851,-0.8320057452448097,-0.8320057452448097,-0.63346219666291,-0.63346219666291,-1.0799628719093755,-1.0799628719093755,-1.5382942985503691,-1.5382942985503691,-0.5364344561123285,-0.5665926435597917,-0.5665926435597917,-0.5665926435597917,-0.5665926435597917,-0.5665926435597917,-0.5665926435597917,-0.5665926435597917,-0.5665926435597917,-0.5665926435597917,-0.5665926435597917,-0.5665926435597917,-0.5665926435597917,-0.6201734418402309,-0.6471399454012805,-0.6471399454012805,-0.6471399454012805,-0.6471399454012805,-0.6471399454012805,-0.6471399454012805,-0.6471399454012805,-0.6471399454012805,-0.6471399454012805,-0.6471399454012805,-0.685701171423712,-0.7277330577148052,-0.7277330577148052,-0.7277330577148052,-0.7277330577148052,-0.7277330577148052,-0.7277330577148052,-0.7277330577148052,-0.7277330577148052,-0.642536068558752,-0.6660229072414099,-0.6660229072414099,-0.6660229072414099,-0.6660229072414099,-0.6660229072414099,-0.6660229072414099,-0.6660229072414099,-1.0684242678951832,-1.116393498764381,-1.116393498764381,-1.116393498764381,-1.116393498764381,-0.8251838763564207,-0.9484617226391953,-0.9484617226391953,-0.9484617226391953,-0.9063350418007386,-0.09814945285175071,1.7759147907554131
-0.9725493376287176,-1.0917363902447395,-1.0917363902447395,-1.0917363902447395,-1.0917363902447395,-1.0917363902447395,-1.0917363902447395,-1.0917363902447395,-1.0917363902447395,-1.0917363902447395,-1.0917363902447395,-1.0917363902447395,-1.0917363902447395,-1.0917363902447395,0.0,0.0,0.0,0.0,0.0,0.0,0.0,0.0,0.0,0.0,0.0,0.0,0.0,0.0,0.0,0.0,0.0,0.0,0.0,0.0,0.0,0.0,0.0,0.0,0.0,0.0,0.0,0.0,-1.0582018230656072,-0.9629566960898913,-0.9629566960898913,-0.9629566960898913,-0.9629566960898913,-0.9629566960898913,-0.9629566960898913,-0.9629566960898913,-0.9629566960898913,-0.9629566960898913,-0.9629566960898913,0.0,0.0,0.0,0.0,0.0,0.0,0.0,0.0,0.0,0.0,0.0,0.0,0.0,-0.14687370332552144,-0.14687370332552144,-0.14687370332552144,1.383949894750324,1.383949894750324,1.383949894750324,1.383949894750324,0.5384839235448632,0.5384839235448632,1.383949894750324,1.383949894750324,1.383949894750324,-1.0917363902447395,0.0,0.0,0.0,0.0,0.0,0.0,0.0,0.0,-1.0917363902447395,-1.0917363902447395,-1.0917363902447395,-1.0917363902447395,-1.0917363902447395,-1.0917363902447395,0.0,0.0,0.0,0.0,1.383949894750324,1.383949894750324,0.650422237923948,0.650422237923948,0.0,0.0,0.0,0.0,0.2648508492298048,0.2648508492298048,0.0,0.0,0.0,0.0,0.0,0.0,0.0,0.0,-0.4826935923875507,-0.4826935923875507,0.0,0.0,0.0,-0.28556288495852333,-1.025963177177584,-1.025963177177584,-0.8676576370000182,-0.8676576370000182,-1.0917363902447395,-1.0917363902447395,-0.8676576370000182,-1.025963177177584,-1.025963177177584,-1.025963177177584,-1.025963177177584,-1.025963177177584,-1.025963177177584,-1.025963177177584,-1.025963177177584,-1.025963177177584,-1.025963177177584,-1.0917363902447395,-1.0917363902447395,-1.0917363902447395,-1.025963177177584,-1.025963177177584,-1.025963177177584,-1.025963177177584,-1.025963177177584,-1.025963177177584,-1.0917363902447395,-1.0917363902447395,-1.0917363902447395,-1.025963177177584,0.0,0.0,0.0,0.0,-0.6587712381424831,-0.6587712381424831,0.0,0.0,0.0,0.0,-1.011266218767859,0.055243254152216224,0.055243254152216224,-1.0917363902447395,0.0,0.0,0.0,0.0,0.0,0.0,0.0,0.0,0.0,0.0,0.33509368503733256,0.33509368503733256,-1.0917363902447395,-1.011266218767859,-0.649460662647547,0.0,0.0,0.0,0.05308155440202398,0.5657648343056333,0.5657648343056333,0.25430475888512816,0.25430475888512816,0.0,0.0,0.0,0.05308155440202398,0.5657648343056333,0.5657648343056333,0.25430475888512816,0.25430475888512816,-1.0917363902447395,-1.0917363902447395,0.0,0.0,-1.0917363902447395,-1.0917363902447395,-1.0917363902447395,-1.0917363902447395,0.0,0.0,-1.0917363902447395,-1.0917363902447395,-1.0917363902447395,-1.0917363902447395,-0.6323633543914002,-0.6323633543914002,-1.0917363902447395,-1.0917363902447395,-0.6323633543914002,-0.6323633543914002,-0.41680843121618066,-0.41680843121618066,0.5657648343056333,0.5657648343056333,-0.18396419733726313,-0.18396419733726313,-0.41680843121618066,-0.41680843121618066,0.5657648343056333,0.5657648343056333,-0.18396419733726313,-0.18396419733726313,-0.9280930396410533,-0.9280930396410533,0.0,0.0,-0.3889988849406586,-0.3889988849406586,-0.9280930396410533,-0.9280930396410533,0.0,0.0,-0.3889988849406586,-0.3889988849406586,-0.23749724222534005,-0.23749724222534005,0.0,0.0,-0.005566398039625369,-0.005566398039625369,-0.23749724222534005,-0.23749724222534005,0.0,0.0,-0.005566398039625369,-0.005566398039625369,0.0,0.0,0.0,-0.09069319474812042,0.0,0.0,-0.03189004253978582,-0.03189004253978582,0.0,0.0,0.0,-0.09069319474812042,0.0,0.0,-0.03189004253978582,-0.03189004253978582,0.0,0.0,0.0,-1.0382497765824448,0.0,0.0,-0.7830870105064283,-0.7830870105064283,0.0,0.0,0.0,-1.0382497765824448,0.0,0.0,-0.7830870105064283,-0.7830870105064283,-1.015794225787174,0.0,0.0,0.0,0.0,-0.7986330361824171,-0.7986330361824171,-1.015794225787174,0.0,0.0,0.0,0.0,-0.7986330361824171,-0.7986330361824171,-0.8208330064809864,-0.3341092530876167,-0.3341092530876167,-0.3341092530876167,0.0,0.0,-0.8242220374938134,-0.8242220374938134,-0.8208330064809864,-0.3341092530876167,-0.3341092530876167,-0.3341092530876167,0.0,0.0,-0.8242220374938134,-0.8242220374938134,-0.649460662647547,-1.0917363902447395,0.0,0.0,-0.7726410419442644,-0.7726410419442644,0.0,0.0,0.0,0.0,1.2349677724305816,1.2349677724305816,0.0,0.0,-1.0917363902447395,-1.0917363902447395,-1.0917363902447395,-1.0917363902447395,-1.0917363902447395,-1.0917363902447395,-1.0917363902447395,-1.0917363902447395,-1.0917363902447395,-1.0917363902447395,-1.0917363902447395,-1.0917363902447395,-1.0917363902447395,-1.0582018230656072,-0.9629566960898913,-0.9629566960898913,-0.9629566960898913,-0.9629566960898913,-0.9629566960898913,-0.9629566960898913,-0.9629566960898913,-0.9629566960898913,-0.9629566960898913,-0.9629566960898913,0.0,0.0,0.0,0.0,0.0,0.0,0.0,0.0,0.0,0.0,0.0,0.0,0.0,0.0,0.0,0.0,0.0,0.0,0.0,0.0,0.0,0.0,0.0,0.0,0.0,0.0,0.0,0.0,-0.9595754525073974
1.969566382794139,-0.5077224524862195,-0.5077224524862195,-0.5077224524862195,-0.5077224524862195,-0.5077224524862195,-0.5077224524862195,-0.5077224524862195,-0.5077224524862195,-0.5077224524862195,-0.5077224524862195,-0.5077224524862195,-0.5077224524862195,-0.5077224524862195,-0.5077224524862195,-0.5077224524862195,-0.5077224524862195,-0.5077224524862195,-0.5077224524862195,-0.5077224524862195,-0.5077224524862195,-0.5077224524862195,-0.5077224524862195,-0.5077224524862195,-0.5077224524862195,-0.5077224524862195,-0.5077224524862195,-0.5077224524862195,-0.5077224524862195,-0.5077224524862195,-0.5077224524862195,-0.5077224524862195,-0.5077224524862195,-0.5077224524862195,-0.5077224524862195,-0.5077224524862195,-0.5077224524862195,-0.5077224524862195,-0.5077224524862195,-0.5077224524862195,-0.5077224524862195,-0.5077224524862195,-0.5077224524862195,-0.5077224524862195,-0.5077224524862195,-0.5077224524862195,-0.5077224524862195,-0.5077224524862195,-0.5077224524862195,-0.5077224524862195,-0.5077224524862195,-0.5077224524862195,-0.5077224524862195,-0.5077224524862195,-0.5077224524862195,-0.5077224524862195,-0.5077224524862195,-0.5077224524862195,-0.5077224524862195,-0.5077224524862195,-0.5077224524862195,-0.5077224524862195,-0.5077224524862195,-0.5077224524862195,-0.5077224524862195,-0.5077224524862195,-0.5077224524862195,-0.5077224524862195,-0.5077224524862195,-0.5077224524862195,-0.5077224524862195,-0.5077224524862195,-0.5077224524862195,-0.5077224524862195,-0.5077224524862195,1.969566382794139,-0.5077224524862195,-0.5077224524862195,1.969566382794139,-0.5077224524862195,-0.5077224524862195,-0.5077224524862195,-0.5077224524862195,1.969566382794139,1.969566382794139,-0.5077224524862195,-0.5077224524862195,-0.5077224524862195,-0.5077224524862195,-0.5077224524862195,-0.5077224524862195,-0.5077224524862195,-0.5077224524862195,-0.5077224524862195,-0.5077224524862195,-0.5077224524862195,-0.5077224524862195,-0.5077224524862195,-0.5077224524862195,1.969566382794139,1.969566382794139,-0.5077224524862195,-0.5077224524862195,-0.5077224524862195,-0.5077224524862195,-0.5077224524862195,-0.5077224524862195,-0.5077224524862195,-0.5077224524862195,-0.5077224524862195,-0.5077224524862195,-0.5077224524862195,-0.5077224524862195,-0.5077224524862195,-0.5077224524862195,1.969566382794139,1.969566382794139,-0.5077224524862195,-0.5077224524862195,-0.5077224524862195,1.969566382794139,1.969566382794139,1.969566382794139,1.969566382794139,1.969566382794139,-0.5077224524862195,-0.5077224524862195,1.969566382794139,1.969566382794139,1.969566382794139,1.969566382794139,1.969566382794139,1.969566382794139,1.969566382794139,1.969566382794139,1.969566382794139,1.969566382794139,1.969566382794139,-0.5077224524862195,-0.5077224524862195,-0.5077224524862195,1.969566382794139,1.969566382794139,1.969566382794139,1.969566382794139,1.969566382794139,1.969566382794139,-0.5077224524862195,-0.5077224524862195,-0.5077224524862195,1.969566382794139,-0.5077224524862195,-0.5077224524862195,-0.5077224524862195,-0.5077224524862195,-0.5077224524862195,-0.5077224524862195,-0.5077224524862195,-0.5077224524862195,-0.5077224524862195,-0.5077224524862195,1.969566382794139,-0.5077224524862195,-0.5077224524862195,1.969566382794139,1.969566382794139,1.969566382794139,-0.5077224524862195,-0.5077224524862195,1.969566382794139,1.969566382794139,-0.5077224524862195,-0.5077224524862195,1.969566382794139,1.969566382794139,1.969566382794139,1.969566382794139,1.969566382794139,1.969566382794139,1.969566382794139,-0.5077224524862195,-0.5077224524862195,-0.5077224524862195,1.969566382794139,-0.5077224524862195,-0.5077224524862195,1.969566382794139,1.969566382794139,-0.5077224524862195,-0.5077224524862195,-0.5077224524862195,1.969566382794139,-0.5077224524862195,-0.5077224524862195,1.969566382794139,1.969566382794139,-0.5077224524862195,-0.5077224524862195,-0.5077224524862195,-0.5077224524862195,-0.5077224524862195,-0.5077224524862195,-0.5077224524862195,-0.5077224524862195,-0.5077224524862195,-0.5077224524862195,-0.5077224524862195,-0.5077224524862195,1.969566382794139,1.969566382794139,1.969566382794139,1.969566382794139,1.969566382794139,1.969566382794139,1.969566382794139,1.969566382794139,-0.5077224524862195,-0.5077224524862195,-0.5077224524862195,-0.5077224524862195,-0.5077224524862195,-0.5077224524862195,-0.5077224524862195,-0.5077224524862195,-0.5077224524862195,-0.5077224524862195,-0.5077224524862195,-0.5077224524862195,1.969566382794139,1.969566382794139,-0.5077224524862195,-0.5077224524862195,1.969566382794139,1.969566382794139,1.969566382794139,1.969566382794139,-0.5077224524862195,-0.5077224524862195,1.969566382794139,1.969566382794139,1.969566382794139,1.969566382794139,-0.5077224524862195,-0.5077224524862195,1.969566382794139,1.969566382794139,1.969566382794139,1.969566382794139,-0.5077224524862195,-0.5077224524862195,1.969566382794139,1.969566382794139,-0.5077224524862195,-0.5077224524862195,-0.5077224524862195,-0.5077224524862195,-0.5077224524862195,-0.5077224524862195,-0.5077224524862195,-0.5077224524862195,-0.5077224524862195,-0.5077224524862195,-0.5077224524862195,-0.5077224524862195,-0.5077224524862195,-0.5077224524862195,-0.5077224524862195,-0.5077224524862195,-0.5077224524862195,-0.5077224524862195,-0.5077224524862195,1.969566382794139,-0.5077224524862195,-0.5077224524862195,1.969566382794139,1.969566382794139,-0.5077224524862195,-0.5077224524862195,-0.5077224524862195,1.969566382794139,-0.5077224524862195,-0.5077224524862195,1.969566382794139,1.969566382794139,-0.5077224524862195,-0.5077224524862195,-0.5077224524862195,-0.5077224524862195,-0.5077224524862195,-0.5077224524862195,-0.5077224524862195,-0.5077224524862195,-0.5077224524862195,-0.5077224524862195,-0.5077224524862195,-0.5077224524862195,-0.5077224524862195,-0.5077224524862195,1.969566382794139,-0.5077224524862195,-0.5077224524862195,-0.5077224524862195,-0.5077224524862195,-0.5077224524862195,1.969566382794139,1.969566382794139,1.969566382794139,-0.5077224524862195,-0.5077224524862195,-0.5077224524862195,-0.5077224524862195,-0.5077224524862195,1.969566382794139,1.969566382794139,1.969566382794139,-0.5077224524862195,-0.5077224524862195,-0.5077224524862195,-0.5077224524862195,-0.5077224524862195,-0.5077224524862195,-0.5077224524862195,-0.5077224524862195,-0.5077224524862195,1.969566382794139,1.969566382794139,-0.5077224524862195,-0.5077224524862195,-0.5077224524862195,-0.5077224524862195,-0.5077224524862195,-0.5077224524862195,-0.5077224524862195,-0.5077224524862195,-0.5077224524862195,-0.5077224524862195,-0.5077224524862195,-0.5077224524862195,-0.5077224524862195,-0.5077224524862195,-0.5077224524862195,-0.5077224524862195,-0.5077224524862195,-0.5077224524862195,-0.5077224524862195,-0.5077224524862195,-0.5077224524862195,-0.5077224524862195,-0.5077224524862195,-0.5077224524862195,-0.5077224524862195,-0.5077224524862195,-0.5077224524862195,-0.5077224524862195,-0.5077224524862195,-0.5077224524862195,-0.5077224524862195,-0.5077224524862195,-0.5077224524862195,-0.5077224524862195,-0.5077224524862195,-0.5077224524862195,-0.5077224524862195,-0.5077224524862195,-0.5077224524862195,-0.5077224524862195,-0.5077224524862195,-0.5077224524862195,-0.5077224524862195,-0.5077224524862195,-0.5077224524862195,-0.5077224524862195,-0.5077224524862195,-0.5077224524862195,-0.5077224524862195,-0.5077224524862195,-0.5077224524862195,-0.5077224524862195,-0.5077224524862195,1.969566382794139,1.969566382794139
-0.8467531433388575,-0.8700053950135924,-0.8700053950135924,-0.8700053950135924,-0.8700053950135924,-0.8700053950135924,-0.8700053950135924,-0.8700053950135924,-0.8700053950135924,-0.8700053950135924,-0.8700053950135924,-0.8700053950135924,-0.8700053950135924,-0.8700053950135924,-0.8700053950135924,-0.8700053950135924,-0.8700053950135924,-0.8700053950135924,-0.8700053950135924,-0.8700053950135924,-0.8700053950135924,-0.8700053950135924,-0.8700053950135924,-0.8700053950135924,-0.8700053950135924,-0.8700053950135924,-0.8700053950135924,-0.8700053950135924,-0.8700053950135924,-0.8700053950135924,-0.8700053950135924,-0.8700053950135924,-0.8700053950135924,-0.8700053950135924,-0.8700053950135924,-0.8700053950135924,-0.8700053950135924,-0.8700053950135924,-0.8700053950135924,-0.8700053950135924,-0.8700053950135924,-0.8700053950135924,-0.8700053950135924,-0.8700053950135924,-0.8700053950135924,-0.8700053950135924,-0.8700053950135924,-0.8700053950135924,-0.8700053950135924,-0.8700053950135924,-0.8700053950135924,-0.8700053950135924,-0.8700053950135924,-0.8700053950135924,-0.8700053950135924,-0.8700053950135924,-0.8700053950135924,-0.8700053950135924,-0.8700053950135924,-0.8700053950135924,-0.8700053950135924,-0.8700053950135924,-0.8700053950135924,-0.8700053950135924,-0.8700053950135924,-0.8700053950135924,-0.8700053950135924,-0.8700053950135924,-0.8700053950135924,-0.8700053950135924,-0.8700053950135924,-0.8700053950135924,-0.8700053950135924,-0.8700053950135924,-0.8700053950135924,-0.08384676589080464,-0.8700053950135924,-0.8700053950135924,-0.8373653570310331,-0.8700053950135924,-0.8700053950135924,-0.8700053950135924,-0.8700053950135924,-0.660920653225617,-0.660920653225617,-0.8700053950135924,-0.8700053950135924,-0.8700053950135924,-0.8700053950135924,-0.8700053950135924,-0.8700053950135924,-0.8700053950135924,-0.8700053950135924,-0.8700053950135924,-0.8700053950135924,-0.8700053950135924,-0.8700053950135924,-0.8700053950135924,-0.8700053950135924,-0.1803925624497435,-0.1803925624497435,-0.8700053950135924,-0.8700053950135924,-0.8700053950135924,-0.8700053950135924,-0.8700053950135924,-0.8700053950135924,-0.8700053950135924,-0.8700053950135924,-0.8700053950135924,-0.8700053950135924,-0.8700053950135924,-0.8700053950135924,-0.8700053950135924,-0.8700053950135924,-0.6964604437723589,-0.6964604437723589,-0.8700053950135924,-0.8700053950135924,-0.8700053950135924,-0.47888169893260346,-0.8540336439047889,-0.8540336439047889,-0.824191955088022,-0.824191955088022,-0.8700053950135924,-0.8700053950135924,-0.824191955088022,-0.8540336439047889,-0.8540336439047889,-0.8540336439047889,-0.8540336439047889,-0.8540336439047889,-0.8540336439047889,-0.8540336439047889,-0.8540336439047889,-0.8540336439047889,-0.8540336439047889,-0.8700053950135924,-0.8700053950135924,-0.8700053950135924,-0.8540336439047889,-0.8540336439047889,-0.8540336439047889,-0.8540336439047889,-0.8540336439047889,-0.8540336439047889,-0.8700053950135924,-0.8700053950135924,-0.8700053950135924,-0.8540336439047889,-0.8700053950135924,-0.8700053950135924,-0.8700053950135924,-0.8700053950135924,-0.8700053950135924,-0.8700053950135924,-0.8700053950135924,-0.8700053950135924,-0.8700053950135924,-0.8700053950135924,-0.7545173485345504,-0.8700053950135924,-0.8700053950135924,-0.6605154502376558,-0.484633517992618,-0.484633517992618,-0.8700053950135924,-0.8700053950135924,-0.484633517992618,-0.484633517992618,-0.8700053950135924,-0.8700053950135924,-0.6652765853461998,-0.6652765853461998,-0.4427452704903382,-0.4427452704903382,-0.6529435245228629,-0.7545173485345504,-0.8493197318344637,-0.8700053950135924,-0.8700053950135924,-0.8700053950135924,-0.8357052803049193,-0.8700053950135924,-0.8700053950135924,-0.8282772299858436,-0.8282772299858436,-0.8700053950135924,-0.8700053950135924,-0.8700053950135924,-0.8357052803049193,-0.8700053950135924,-0.8700053950135924,-0.8282772299858436,-0.8282772299858436,-0.8700053950135924,-0.8700053950135924,-0.8700053950135924,-0.8700053950135924,-0.8700053950135924,-0.8700053950135924,-0.8700053950135924,-0.8700053950135924,-0.8700053950135924,-0.8700053950135924,-0.8700053950135924,-0.8700053950135924,-0.8300583102004426,-0.8300583102004426,-0.817172153809104,-0.817172153809104,-0.8300583102004426,-0.8300583102004426,-0.817172153809104,-0.817172153809104,-0.8700053950135924,-0.8700053950135924,-0.8700053950135924,-0.8700053950135924,-0.8700053950135924,-0.8700053950135924,-0.8700053950135924,-0.8700053950135924,-0.8700053950135924,-0.8700053950135924,-0.8700053950135924,-0.8700053950135924,-0.840561251600754,-0.840561251600754,-0.8700053950135924,-0.8700053950135924,-0.8291871899708724,-0.8291871899708724,-0.840561251600754,-0.840561251600754,-0.8700053950135924,-0.8700053950135924,-0.8291871899708724,-0.8291871899708724,-0.8390298777116701,-0.8390298777116701,-0.8700053950135924,-0.8700053950135924,-0.8278747074936146,-0.8278747074936146,-0.8390298777116701,-0.8390298777116701,-0.8700053950135924,-0.8700053950135924,-0.8278747074936146,-0.8278747074936146,-0.8700053950135924,-0.8700053950135924,-0.8700053950135924,-0.8700053950135924,-0.8700053950135924,-0.8700053950135924,-0.8700053950135924,-0.8700053950135924,-0.8700053950135924,-0.8700053950135924,-0.8700053950135924,-0.8700053950135924,-0.8700053950135924,-0.8700053950135924,-0.8700053950135924,-0.8700053950135924,-0.8700053950135924,-0.8700053950135924,-0.8700053950135924,-0.8168865687215122,-0.8700053950135924,-0.8700053950135924,-0.8493387643847073,-0.8493387643847073,-0.8700053950135924,-0.8700053950135924,-0.8700053950135924,-0.8168865687215122,-0.8700053950135924,-0.8700053950135924,-0.8493387643847073,-0.8493387643847073,-0.8700053950135924,-0.8700053950135924,-0.8700053950135924,-0.8700053950135924,-0.8700053950135924,-0.8700053950135924,-0.8700053950135924,-0.8700053950135924,-0.8700053950135924,-0.8700053950135924,-0.8700053950135924,-0.8700053950135924,-0.8700053950135924,-0.8700053950135924,-0.8385841868152396,-0.8700053950135924,-0.8700053950135924,-0.8700053950135924,-0.8700053950135924,-0.8700053950135924,-0.8296895678790905,-0.8296895678790905,-0.8385841868152396,-0.8700053950135924,-0.8700053950135924,-0.8700053950135924,-0.8700053950135924,-0.8700053950135924,-0.8296895678790905,-0.8296895678790905,-0.8493197318344637,-0.8700053950135924,-0.8700053950135924,-0.8700053950135924,-0.8700053950135924,-0.8700053950135924,-0.8700053950135924,-0.8700053950135924,-0.8700053950135924,-0.8700053950135924,-0.5424392995457642,-0.5424392995457642,-0.8700053950135924,-0.8700053950135924,-0.8700053950135924,-0.8700053950135924,-0.8700053950135924,-0.8700053950135924,-0.8700053950135924,-0.8700053950135924,-0.8700053950135924,-0.8700053950135924,-0.8700053950135924,-0.8700053950135924,-0.8700053950135924,-0.8700053950135924,-0.8700053950135924,-0.8700053950135924,-0.8700053950135924,-0.8700053950135924,-0.8700053950135924,-0.8700053950135924,-0.8700053950135924,-0.8700053950135924,-0.8700053950135924,-0.8700053950135924,-0.8700053950135924,-0.8700053950135924,-0.8700053950135924,-0.8700053950135924,-0.8700053950135924,-0.8700053950135924,-0.8700053950135924,-0.8700053950135924,-0.8700053950135924,-0.8700053950135924,-0.8700053950135924,-0.8700053950135924,-0.8700053950135924,-0.8700053950135924,-0.8700053950135924,-0.8700053950135924,-0.8700053950135924,-0.8700053950135924,-0.8700053950135924,-0.8700053950135924,-0.8700053950135924,-0.8700053950135924,-0.8700053950135924,-0.8700053950135924,-0.8700053950135924,-0.8700053950135924,-0.8700053950135924,-0.8700053950135924,-0.8700053950135924,-0.8299361478615644,-0.8467660311848141
0.5485278398908471,-0.901855017471593,-0.901855017471593,-0.901855017471593,-0.901855017471593,-0.901855017471593,-0.901855017471593,-0.901855017471593,-0.901855017471593,-0.901855017471593,-0.901855017471593,-0.901855017471593,-0.901855017471593,-0.901855017471593,-0.3327510165778624,-0.2727860098355923,-0.2727860098355923,-0.2727860098355923,-0.2727860098355923,-0.2727860098355923,-0.2727860098355923,-0.2727860098355923,-0.2727860098355923,-0.2727860098355923,-0.2727860098355923,-0.901855017471593,-0.901855017471593,-0.901855017471593,-0.901855017471593,-0.901855017471593,-0.901855017471593,-0.901855017471593,-0.901855017471593,-0.797640857572655,-0.797640857572655,-0.797640857572655,-0.797640857572655,-0.797640857572655,-0.797640857572655,-0.797640857572655,-0.797640857572655,-0.797640857572655,-0.901855017471593,-0.797640857572655,-0.797640857572655,-0.797640857572655,-0.797640857572655,-0.797640857572655,-0.797640857572655,-0.797640857572655,-0.797640857572655,-0.797640857572655,-0.797640857572655,-0.901855017471593,-0.901855017471593,-0.901855017471593,-0.901855017471593,-0.901855017471593,-0.901855017471593,-0.901855017471593,-0.901855017471593,-0.901855017471593,-0.901855017471593,-0.901855017471593,-0.901855017471593,-0.901855017471593,-0.3965873381778338,-0.3965873381778338,-0.3965873381778338,-1.096933728981207,-1.096933728981207,-1.096933728981207,-1.096933728981207,-0.797640857572655,-0.797640857572655,-1.0183565364195493,-1.096933728981207,-1.096933728981207,0.4693560222117804,-0.2727860098355923,-0.2727860098355923,0.25548548960086465,0.25548548960086465,0.7330836812166751,0.7330836812166751,0.7942858609576123,0.7942858609576123,0.9579994499562016,0.9579994499562016,0.25548548960086465,0.25548548960086465,0.25548548960086465,0.25548548960086465,0.7118114703156233,0.7118114703156233,0.3528545032638245,0.3528545032638245,-0.6173030170247277,-0.6173030170247277,-0.16277054484031625,-0.16277054484031625,0.32145124083595084,0.32145124083595084,1.4395135425003327,1.4395135425003327,0.06830250281695922,0.06830250281695922,-0.11203533773096849,-0.11203533773096849,1.3074350136926938,1.3074350136926938,0.6451039720015455,0.6451039720015455,-0.3965873381778338,-0.3965873381778338,-0.0637760259906795,-0.0637760259906795,-0.3965873381778338,-0.3965873381778338,-0.3965873381778338,-0.3327510165778624,1.4897334489033234,1.4897334489033234,1.1411274748183142,1.1411274748183142,0.8885590358382506,0.8885590358382506,1.1411274748183142,1.4897334489033234,1.4897334489033234,1.4897334489033234,1.4897334489033234,1.4897334489033234,1.4897334489033234,1.4897334489033234,1.4897334489033234,1.4897334489033234,1.4897334489033234,1.2835996511021301,1.2835996511021301,1.2835996511021301,1.4897334489033234,1.4897334489033234,1.4897334489033234,1.4897334489033234,1.4897334489033234,1.4897334489033234,0.32145124083595084,0.32145124083595084,0.32145124083595084,1.4897334489033234,-0.6173030170247277,-0.6173030170247277,0.7118114703156233,0.7118114703156233,0.6218294938510074,0.6218294938510074,0.7330836812166751,0.7330836812166751,0.7330836812166751,0.7330836812166751,-0.3965873381778338,0.1848040217649151,0.1848040217649151,-0.6173030170247277,-1.0183565364195493,-1.0183565364195493,-0.797640857572655,-0.797640857572655,-1.0183565364195493,-1.0183565364195493,-0.2727860098355923,-0.2727860098355923,-1.0183565364195493,-1.0183565364195493,0.026205950473936392,0.026205950473936392,-0.6173030170247277,-0.3965873381778338,0.5979941312604431,-1.096933728981207,-1.096933728981207,-1.096933728981207,0.41281951000609457,-1.096933728981207,-1.096933728981207,1.234133359732534,1.234133359732534,-1.096933728981207,-1.096933728981207,-1.096933728981207,0.41281951000609457,-1.096933728981207,-1.096933728981207,1.234133359732534,1.234133359732534,1.1686047884751642,1.1686047884751642,-1.096933728981207,-1.096933728981207,1.8704253214638973,1.8704253214638973,1.1686047884751642,1.1686047884751642,-1.096933728981207,-1.096933728981207,1.8704253214638973,1.8704253214638973,0.3528545032638245,0.3528545032638245,0.5979941312604431,0.5979941312604431,0.3528545032638245,0.3528545032638245,0.5979941312604431,0.5979941312604431,0.4693560222117804,0.4693560222117804,-1.096933728981207,-1.096933728981207,0.8330798403377128,0.8330798403377128,0.4693560222117804,0.4693560222117804,-1.096933728981207,-1.096933728981207,0.8330798403377128,0.8330798403377128,0.8885590358382506,0.8885590358382506,-1.0183565364195493,-1.0183565364195493,1.2591757019524048,1.2591757019524048,0.8885590358382506,0.8885590358382506,-1.0183565364195493,-1.0183565364195493,1.2591757019524048,1.2591757019524048,0.6218294938510074,0.6218294938510074,-1.0183565364195493,-1.0183565364195493,1.0070567606776377,1.0070567606776377,0.6218294938510074,0.6218294938510074,-1.0183565364195493,-1.0183565364195493,1.0070567606776377,1.0070567606776377,-1.096933728981207,-1.096933728981207,-1.096933728981207,0.3528545032638245,-0.901855017471593,-0.901855017471593,1.2467337808773706,1.2467337808773706,-1.096933728981207,-1.096933728981207,-1.096933728981207,0.3528545032638245,-0.901855017471593,-0.901855017471593,1.2467337808773706,1.2467337808773706,-1.096933728981207,-1.096933728981207,-1.096933728981207,0.5979941312604431,-1.096933728981207,-1.096933728981207,1.5281506925395878,1.5281506925395878,-1.096933728981207,-1.096933728981207,-1.096933728981207,0.5979941312604431,-1.096933728981207,-1.096933728981207,1.5281506925395878,1.5281506925395878,0.6900717010586743,-0.6173030170247277,-0.6173030170247277,-1.096933728981207,-1.096933728981207,1.5375263047597103,1.5375263047597103,0.6900717010586743,-0.6173030170247277,-0.6173030170247277,-1.096933728981207,-1.096933728981207,1.5375263047597103,1.5375263047597103,0.5979941312604431,0.026205950473936392,0.026205950473936392,0.026205950473936392,-1.096933728981207,-1.096933728981207,1.2714630610014237,1.2714630610014237,0.5979941312604431,0.026205950473936392,0.026205950473936392,0.026205950473936392,-1.096933728981207,-1.096933728981207,1.2714630610014237,1.2714630610014237,0.5979941312604431,0.38329135654449087,0.38329135654449087,0.38329135654449087,-0.017762162850330287,-0.017762162850330287,0.41281951000609457,0.41281951000609457,0.8330798403377128,0.8330798403377128,-0.797640857572655,-0.797640857572655,-1.096933728981207,-1.096933728981207,-0.901855017471593,-0.797640857572655,-0.797640857572655,-0.797640857572655,-0.797640857572655,-0.797640857572655,-0.797640857572655,-0.797640857572655,-0.797640857572655,-0.797640857572655,-0.797640857572655,-0.797640857572655,-0.797640857572655,-0.901855017471593,-0.797640857572655,-0.797640857572655,-0.797640857572655,-0.797640857572655,-0.797640857572655,-0.797640857572655,-0.797640857572655,-0.797640857572655,-0.797640857572655,-0.797640857572655,-0.797640857572655,-0.797640857572655,-0.797640857572655,-0.797640857572655,-0.797640857572655,-0.797640857572655,-0.797640857572655,-0.797640857572655,-0.797640857572655,-0.6173030170247277,-0.538131199345661,-0.538131199345661,-0.538131199345661,-0.538131199345661,-0.538131199345661,-0.538131199345661,-0.538131199345661,-1.0183565364195493,-0.901855017471593,-0.901855017471593,-0.901855017471593,-0.901855017471593,-0.538131199345661,-0.2727860098355923,-0.2727860098355923,-0.2727860098355923,-0.4648295453855011,-0.7033676826920172,0.5485278398908471
-1.0,-1.0,-1.0,-1.0,-1.0,-1.0,-1.0,-1.0,-1.0,-1.0,-1.0,-1.0,-1.0,-1.0,-1.0,-1.0,-1.0,-1.0,-1.0,-1.0,-1.0,-1.0,-1.0,-1.0,-1.0,-1.0,-1.0,-1.0,-1.0,-1.0,-1.0,-1.0,-1.0,-1.0,-1.0,-1.0,-1.0,-1.0,-1.0,-1.0,-1.0,-1.0,-1.0,-1.0,-1.0,-1.0,-1.0,-1.0,-1.0,-1.0,-1.0,-1.0,-1.0,-1.0,-1.0,-1.0,-1.0,-1.0,-1.0,-1.0,-1.0,-1.0,-1.0,-1.0,-1.0,-1.0,-1.0,-1.0,-1.0,-1.0,-1.0,-1.0,-1.0,-1.0,-1.0,1.0,1.0,1.0,-1.0,-1.0,-1.0,-1.0,-1.0,-1.0,-1.0,-1.0,-1.0,-1.0,-1.0,-1.0,-1.0,-1.0,-1.0,-1.0,-1.0,-1.0,-1.0,-1.0,-1.0,1.0,1.0,-1.0,-1.0,-1.0,-1.0,1.0,1.0,-1.0,-1.0,-1.0,-1.0,-1.0,-1.0,-1.0,-1.0,-1.0,-1.0,-1.0,-1.0,-1.0,-1.0,-1.0,-1.0,1.0,1.0,-1.0,-1.0,1.0,-1.0,-1.0,-1.0,-1.0,-1.0,-1.0,-1.0,-1.0,-1.0,-1.0,1.0,1.0,1.0,-1.0,-1.0,-1.0,-1.0,-1.0,-1.0,-1.0,-1.0,-1.0,-1.0,-1.0,-1.0,-1.0,-1.0,-1.0,-1.0,-1.0,-1.0,-1.0,-1.0,-1.0,1.0,1.0,-1.0,-1.0,-1.0,-1.0,-1.0,-1.0,-1.0,-1.0,-1.0,-1.0,-1.0,-1.0,-1.0,-1.0,-1.0,-1.0,-1.0,-1.0,-1.0,-1.0,-1.0,-1.0,-1.0,-1.0,-1.0,-1.0,-1.0,-1.0,-1.0,-1.0,-1.0,-1.0,-1.0,-1.0,-1.0,-1.0,-1.0,-1.0,-1.0,-1.0,-1.0,-1.0,-1.0,-1.0,-1.0,-1.0,-1.0,-1.0,-1.0,-1.0,-1.0,-1.0,-1.0,-1.0,-1.0,-1.0,-1.0,-1.0,-1.0,-1.0,-1.0,-1.0,-1.0,-1.0,-1.0,-1.0,-1.0,-1.0,-1.0,-1.0,-1.0,-1.0,-1.0,-1.0,-1.0,-1.0,-1.0,-1.0,-1.0,-1.0,-1.0,-1.0,-1.0,-1.0,-1.0,-1.0,-1.0,-1.0,-1.0,-1.0,-1.0,-1.0,-1.0,-1.0,-1.0,-1.0,-1.0,-1.0,-1.0,-1.0,-1.0,-1.0,-1.0,-1.0,-1.0,-1.0,-1.0,-1.0,-1.0,-1.0,-1.0,-1.0,-1.0,-1.0,-1.0,-1.0,-1.0,-1.0,-1.0,-1.0,-1.0,-1.0,-1.0,-1.0,-1.0,-1.0,-1.0,-1.0,-1.0,-1.0,-1.0,-1.0,-1.0,-1.0,-1.0,1.0,1.0,1.0,-1.0,-1.0,-1.0,-1.0,-1.0,1.0,1.0,1.0,-1.0,-1.0,-1.0,-1.0,-1.0,-1.0,-1.0,-1.0,-1.0,-1.0,-1.0,-1.0,-1.0,-1.0,-1.0,-1.0,-1.0,-1.0,-1.0,-1.0,-1.0,-1.0,-1.0,-1.0,-1.0,-1.0,-1.0,-1.0,-1.0,-1.0,-1.0,-1.0,-1.0,-1.0,-1.0,-1.0,-1.0,-1.0,-1.0,-1.0,-1.0,-1.0,-1.0,-1.0,-1.0,-1.0,-1.0,-1.0,-1.0,-1.0,-1.0,-1.0,-1.0,-1.0,-1.0,-1.0,-1.0,-1.0,-1.0,-1.0,-1.0,-1.0,-1.0,-1.0,-1.0,-1.0,-1.0,-1.0,-1.0,-1.0,1.0
-1.0,-1.0,-1.0,-1.0,-1.0,-1.0,-1.0,-1.0,-1.0,-1.0,-1.0,-1.0,-1.0,-1.0,-1.0,-1.0,-1.0,-1.0,-1.0,-1.0,-1.0,-1.0,-1.0,-1.0,-1.0,-1.0,-1.0,-1.0,-1.0,-1.0,-1.0,-1.0,-1.0,-1.0,-1.0,-1.0,-1.0,-1.0,-1.0,-1.0,-1.0,-1.0,-1.0,-1.0,-1.0,-1.0,-1.0,-1.0,-1.0,-1.0,-1.0,-1.0,-1.0,-1.0,-1.0,-1.0,-1.0,-1.0,-1.0,-1.0,-1.0,-1.0,-1.0,-1.0,-1.0,-1.0,-1.0,-1.0,-1.0,-1.0,-1.0,-1.0,-1.0,-1.0,-1.0,-1.0,-1.0,-1.0,-1.0,-1.0,-1.0,-1.0,-1.0,-1.0,-1.0,-1.0,-1.0,-1.0,-1.0,-1.0,-1.0,-1.0,-1.0,-1.0,-1.0,-1.0,-1.0,-1.0,-1.0,1.0,1.0,-1.0,-1.0,-1.0,-1.0,1.0,1.0,-1.0,-1.0,-1.0,-1.0,-1.0,-1.0,-1.0,-1.0,-1.0,-1.0,-1.0,-1.0,-1.0,-1.0,-1.0,-1.0,-1.0,-1.0,-1.0,-1.0,-1.0,-1.0,-1.0,-1.0,-1.0,-1.0,-1.0,-1.0,-1.0,-1.0,-1.0,-1.0,-1.0,-1.0,-1.0,-1.0,-1.0,-1.0,-1.0,-1.0,-1.0,-1.0,-1.0,-1.0,-1.0,-1.0,-1.0,-1.0,-1.0,-1.0,-1.0,-1.0,-1.0,-1.0,-1.0,-1.0,-1.0,-1.0,-1.0,-1.0,-1.0,-1.0,-1.0,-1.0,-1.0,-1.0,-1.0,-1.0,-1.0,-1.0,-1.0,-1.0,-1.0,-1.0,-1.0,-1.0,-1.0,-1.0,-1.0,-1.0,-1.0,-1.0,-1.0,-1.0,-1.0,-1.0,-1.0,-1.0,-1.0,-1.0,-1.0,-1.0,-1.0,-1.0,-1.0,-1.0,-1.0,-1.0,-1.0,-1.0,-1.0,-1.0,-1.0,-1.0,-1.0,-1.0,-1.0,-1.0,-1.0,-1.0,-1.0,-1.0,-1.0,-1.0,-1.0,-1.0,-1.0,-1.0,-1.0,-1.0,-1.0,-1.0,-1.0,-1.0,-1.0,-1.0,-1.0,-1.0,-1.0,-1.0,-1.0,-1.0,-1.0,-1.0,-1.0,-1.0,-1.0,-1.0,-1.0,-1.0,-1.0,-1.0,-1.0,-1.0,-1.0,-1.0,-1.0,-1.0,-1.0,-1.0,-1.0,-1.0,-1.0,-1.0,-1.0,-1.0,-1.0,-1.0,-1.0,-1.0,-1.0,-1.0,-1.0,-1.0,-1.0,-1.0,-1.0,-1.0,-1.0,-1.0,-1.0,-1.0,-1.0,-1.0,-1.0,-1.0,-1.0,-1.0,-1.0,-1.0,-1.0,-1.0,-1.0,-1.0,-1.0,-1.0,-1.0,-1.0,-1.0,-1.0,-1.0,-1.0,1.0,1.0,1.0,-1.0,-1.0,-1.0,-1.0,-1.0,1.0,1.0,1.0,-1.0,-1.0,-1.0,-1.0,-1.0,-1.0,-1.0,-1.0,-1.0,-1.0,-1.0,-1.0,-1.0,-1.0,-1.0,-1.0,-1.0,-1.0,-1.0,-1.0,-1.0,-1.0,-1.0,-1.0,-1.0,-1.0,-1.0,-1.0,-1.0,-1.0,-1.0,-1.0,-1.0,-1.0,-1.0,-1.0,-1.0,-1.0,-1.0,-1.0,-1.0,-1.0,-1.0,-1.0,-1.0,-1.0,-1.0,-1.0,-1.0,-1.0,-1.0,-1.0,-1.0,-1.0,-1.0,-1.0,-1.0,-1.0,-1.0,-1.0,-1.0,-1.0,-1.0,-1.0,-1.0,-1.0,-1.0,-1.0,-1.0,-1.0,-1.0
1.0,-1.0,-1.0,-1.0,-1.0,-1.0,-1.0,-1.0,-1.0,-1.0,-1.0,-1.0,-1.0,-1.0,-1.0,-1.0,-1.0,-1.0,-1.0,-1.0,-1.0,-1.0,-1.0,-1.0,-1.0,-1.0,-1.0,-1.0,-1.0,-1.0,-1.0,-1.0,-1.0,-1.0,-1.0,-1.0,-1.0,-1.0,-1.0,-1.0,-1.0,-1.0,-1.0,-1.0,-1.0,-1.0,-1.0,-1.0,-1.0,-1.0,-1.0,-1.0,-1.0,-1.0,-1.0,-1.0,-1.0,-1.0,-1.0,-1.0,-1.0,-1.0,-1.0,-1.0,-1.0,-1.0,-1.0,-1.0,-1.0,-1.0,-1.0,-1.0,-1.0,-1.0,-1.0,-1.0,-1.0,-1.0,-1.0,-1.0,-1.0,-1.0,-1.0,-1.0,-1.0,-1.0,-1.0,-1.0,-1.0,-1.0,-1.0,-1.0,-1.0,-1.0,-1.0,-1.0,-1.0,-1.0,-1.0,-1.0,-1.0,-1.0,-1.0,-1.0,-1.0,-1.0,-1.0,-1.0,-1.0,-1.0,-1.0,-1.0,-1.0,-1.0,-1.0,-1.0,-1.0,-1.0,-1.0,-1.0,-1.0,-1.0,-1.0,-1.0,-1.0,-1.0,-1.0,-1.0,-1.0,-1.0,-1.0,-1.0,-1.0,-1.0,-1.0,-1.0,-1.0,-1.0,-1.0,-1.0,-1.0,-1.0,-1.0,-1.0,-1.0,-1.0,-1.0,-1.0,-1.0,-1.0,-1.0,-1.0,-1.0,-1.0,-1.0,-1.0,-1.0,-1.0,-1.0,-1.0,-1.0,-1.0,-1.0,-1.0,-1.0,-1.0,-1.0,-1.0,-1.0,-1.0,-1.0,-1.0,-1.0,-1.0,-1.0,-1.0,-1.0,-1.0,-1.0,-1.0,-1.0,-1.0,-1.0,-1.0,-1.0,-1.0,-1.0,-1.0,-1.0,-1.0,-1.0,-1.0,-1.0,-1.0,-1.0,-1.0,-1.0,-1.0,-1.0,-1.0,-1.0,-1.0,-1.0,-1.0,-1.0,-1.0,-1.0,-1.0,-1.0,-1.0,-1.0,-1.0,-1.0,-1.0,-1.0,-1.0,-1.0,-1.0,-1.0,-1.0,-1.0,-1.0,-1.0,-1.0,-1.0,-1.0,-1.0,-1.0,-1.0,-1.0,-1.0,-1.0,-1.0,-1.0,-1.0,-1.0,-1.0,-1.0,-1.0,-1.0,-1.0,-1.0,-1.0,-1.0,-1.0,-1.0,-1.0,-1.0,-1.0,-1.0,-1.0,-1.0,-1.0,-1.0,-1.0,-1.0,-1.0,-1.0,-1.0,-1.0,-1.0,-1.0,-1.0,-1.0,-1.0,-1.0,-1.0,-1.0,-1.0,-1.0,-1.0,-1.0,-1.0,-1.0,-1.0,-1.0,-1.0,-1.0,-1.0,-1.0,-1.0,-1.0,-1.0,-1.0,-1.0,-1.0,-1.0,-1.0,-1.0,-1.0,-1.0,-1.0,-1.0,-1.0,-1.0,-1.0,-1.0,-1.0,-1.0,-1.0,-1.0,-1.0,-1.0,-1.0,-1.0,-1.0,-1.0,-1.0,-1.0,-1.0,-1.0,-1.0,-1.0,-1.0,-1.0,-1.0,-1.0,-1.0,-1.0,-1.0,-1.0,-1.0,-1.0,-1.0,1.0,1.0,-1.0,-1.0,-1.0,-1.0,-1.0,-1.0,-1.0,-1.0,-1.0,-1.0,-1.0,-1.0,-1.0,-1.0,-1.0,-1.0,-1.0,-1.0,-1.0,-1.0,-1.0,-1.0,-1.0,-1.0,-1.0,-1.0,-1.0,-1.0,-1.0,-1.0,-1.0,-1.0,-1.0,-1.0,-1.0,-1.0,-1.0,-1.0,-1.0,-1.0,-1.0,-1.0,-1.0,-1.0,-1.0,-1.0,-1.0,-1.0,-1.0,-1.0,-1.0,-1.0,-1.0,1.0,1.0
-1.0,-1.0,-1.0,-1.0,-1.0,-1.0,-1.0,-1.0,-1.0,-1.0,-1.0,-1.0,-1.0,-1.0,-1.0,-1.0,-1.0,-1.0,-1.0,-1.0,-1.0,-1.0,-1.0,-1.0,-1.0,-1.0,-1.0,-1.0,-1.0,-1.0,-1.0,-1.0,-1.0,-1.0,-1.0,-1.0,-1.0,-1.0,-1.0,-1.0,-1.0,-1.0,-1.0,-1.0,-1.0,-1.0,-1.0,-1.0,-1.0,-1.0,-1.0,-1.0,-1.0,-1.0,-1.0,-1.0,-1.0,-1.0,-1.0,-1.0,-1.0,-1.0,-1.0,-1.0,-1.0,-1.0,-1.0,-1.0,-1.0,-1.0,-1.0,-1.0,-1.0,-1.0,-1.0,-1.0,-1.0,-1.0,-1.0,-1.0,-1.0,-1.0,-1.0,-1.0,-1.0,-1.0,-1.0,-1.0,-1.0,-1.0,-1.0,-1.0,-1.0,-1.0,-1.0,-1.0,-1.0,-1.0,-1.0,-1.0,-1.0,-1.0,-1.0,-1.0,-1.0,-1.0,-1.0,-1.0,-1.0,-1.0,-1.0,-1.0,-1.0,-1.0,-1.0,-1.0,-1.0,-1.0,-1.0,-1.0,-1.0,-1.0,-1.0,-1.0,-1.0,-1.0,-1.0,-1.0,-1.0,-1.0,-1.0,-1.0,-1.0,-1.0,-1.0,-1.0,-1.0,-1.0,-1.0,-1.0,-1.0,-1.0,-1.0,-1.0,-1.0,-1.0,-1.0,-1.0,-1.0,-1.0,-1.0,-1.0,-1.0,-1.0,-1.0,-1.0,-1.0,-1.0,-1.0,-1.0,-1.0,-1.0,-1.0,-1.0,-1.0,-1.0,-1.0,-1.0,-1.0,-1.0,-1.0,-1.0,-1.0,-1.0,-1.0,-1.0,-1.0,-1.0,-1.0,-1.0,-1.0,-1.0,-1.0,-1.0,-1.0,-1.0,-1.0,-1.0,-1.0,-1.0,-1.0,-1.0,-1.0,-1.0,-1.0,-1.0,-1.0,-1.0,-1.0,-1.0,-1.0,-1.0,-1.0,-1.0,-1.0,-1.0,-1.0,-1.0,-1.0,-1.0,-1.0,-1.0,-1.0,-1.0,-1.0,-1.0,-1.0,-1.0,-1.0,-1.0,-1.0,-1.0,-1.0,-1.0,-1.0,-1.0,-1.0,-1.0,-1.0,-1.0,-1.0,-1.0,-1.0,-1.0,-1.0,-1.0,-1.0,-1.0,-1.0,-1.0,-1.0,-1.0,-1.0,-1.0,-1.0,-1.0,-1.0,-1.0,-1.0,-1.0,-1.0,-1.0,-1.0,-1.0,-1.0,-1.0,-1.0,-1.0,-1.0,-1.0,-1.0,-1.0,-1.0,-1.0,-1.0,-1.0,-1.0,-1.0,-1.0,-1.0,-1.0,-1.0,-1.0,-1.0,-1.0,-1.0,-1.0,-1.0,-1.0,-1.0,-1.0,-1.0,-1.0,-1.0,-1.0,-1.0,-1.0,-1.0,-1.0,-1.0,-1.0,-1.0,-1.0,-1.0,-1.0,-1.0,-1.0,-1.0,-1.0,-1.0,-1.0,-1.0,-1.0,-1.0,-1.0,-1.0,-1.0,-1.0,-1.0,-1.0,-1.0,-1.0,-1.0,-1.0,-1.0,-1.0,-1.0,-1.0,-1.0,-1.0,-1.0,-1.0,-1.0,-1.0,-1.0,-1.0,-1.0,-1.0,-1.0,-1.0,-1.0,-1.0,-1.0,-1.0,-1.0,-1.0,-1.0,-1.0,-1.0,-1.0,-1.0,-1.0,-1.0,-1.0,-1.0,-1.0,-1.0,-1.0,-1.0,-1.0,-1.0,-1.0,-1.0,-1.0,-1.0,-1.0,-1.0,-1.0,-1.0,-1.0,-1.0,-1.0,-1.0,-1.0,-1.0,-1.0,-1.0,-1.0,-1.0,-1.0,-1.0,-1.0,-1.0,-1.0,-1.0,-1.0,-1.0,-1.0,-1.0,-1.0,-1.0
-1.0,-1.0,-1.0,-1.0,-1.0,-1.0,-1.0,-1.0,-1.0,-1.0,-1.0,-1.0,-1.0,-1.0,-1.0,-1.0,-1.0,-1.0,-1.0,-1.0,-1.0,-1.0,-1.0,-1.0,-1.0,-1.0,-1.0,-1.0,-1.0,-1.0,-1.0,-1.0,-1.0,-1.0,-1.0,-1.0,-1.0,-1.0,-1.0,-1.0,-1.0,-1.0,-1.0,-1.0,-1.0,-1.0,-1.0,-1.0,-1.0,-1.0,-1.0,-1.0,-1.0,-1.0,-1.0,-1.0,-1.0,-1.0,-1.0,-1.0,-1.0,-1.0,-1.0,-1.0,-1.0,-1.0,-1.0,-1.0,-1.0,-1.0,-1.0,-1.0,-1.0,-1.0,-1.0,-1.0,-1.0,-1.0,-1.0,-1.0,-1.0,-1.0,-1.0,-1.0,-1.0,-1.0,-1.0,-1.0,-1.0,-1.0,-1.0,-1.0,-1.0,-1.0,-1.0,-1.0,-1.0,-1.0,-1.0,-1.0,-1.0,-1.0,-1.0,-1.0,-1.0,-1.0,-1.0,-1.0,-1.0,-1.0,-1.0,-1.0,-1.0,-1.0,-1.0,-1.0,-1.0,-1.0,-1.0,-1.0,-1.0,-1.0,-1.0,-1.0,-1.0,-1.0,-1.0,-1.0,-1.0,-1.0,-1.0,-1.0,-1.0,-1.0,-1.0,-1.0,-1.0,-1.0,-1.0,-1.0,-1.0,-1.0,-1.0,-1.0,-1.0,-1.0,-1.0,-1.0,-1.0,-1.0,-1.0,-1.0,-1.0,-1.0,-1.0,-1.0,-1.0,-1.0,-1.0,-1.0,-1.0,-1.0,-1.0,-1.0,-1.0,-1.0,-1.0,-1.0,-1.0,-1.0,-1.0,-1.0,-1.0,-1.0,-1.0,-1.0,-1.0,-1.0,-1.0,-1.0,-1.0,-1.0,-1.0,-1.0,-1.0,-1.0,-1.0,-1.0,-1.0,-1.0,-1.0,-1.0,-1.0,-1.0,-1.0,-1.0,-1.0,-1.0,-1.0,-1.0,-1.0,-1.0,-1.0,-1.0,-1.0,-1.0,-1.0,-1.0,-1.0,-1.0,-1.0,-1.0,-1.0,-1.0,-1.0,-1.0,-1.0,-1.0,-1.0,-1.0,-1.0,-1.0,-1.0,-1.0,-1.0,-1.0,-1.0,-1.0,-1.0,-1.0,-1.0,-1.0,-1.0,-1.0,-1.0,-1.0,-1.0,-1.0,-1.0,-1.0,-1.0,-1.0,-1.0,-1.0,-1.0,-1.0,-1.0,-1.0,-1.0,-1.0,-1.0,-1.0,-1.0,-1.0,-1.0,-1.0,-1.0,-1.0,-1.0,-1.0,-1.0,-1.0,-1.0,-1.0,-1.0,-1.0,-1.0,-1.0,-1.0,-1.0,-1.0,-1.0,-1.0,-1.0,-1.0,-1.0,-1.0,-1.0,-1.0,-1.0,-1.0,-1.0,-1.0,-1.0,-1.0,-1.0,-1.0,-1.0,-1.0,-1.0,-1.0,-1.0,-1.0,-1.0,-1.0,-1.0,-1.0,-1.0,-1.0,-1.0,-1.0,-1.0,-1.0,-1.0,-1.0,-1.0,-1.0,-1.0,-1.0,-1.0,-1.0,-1.0,-1.0,-1.0,-1.0,-1.0,-1.0,-1.0,-1.0,-1.0,-1.0,-1.0,-1.0,-1.0,-1.0,-1.0,-1.0,-1.0,-1.0,-1.0,-1.0,-1.0,-1.0,-1.0,-1.0,-1.0,-1.0,-1.0,-1.0,-1.0,-1.0,-1.0,-1.0,-1.0,-1.0,-1.0,-1.0,-1.0,-1.0,-1.0,-1.0,-1.0,-1.0,-1.0,-1.0,-1.0,-1.0,-1.0,-1.0,-1.0,-1.0,-1.0,-1.0,-1.0,-1.0,-1.0,-1.0,-1.0,-1.0,-1.0,-1.0,-1.0,-1.0,-1.0,-1.0,-1.0,-1.0,-1.0,-1.0,-1.0,-1.0
1.0,-1.0,-1.0,-1.0,-1.0,-1.0,-1.0,-1.0,-1.0,-1.0,-1.0,-1.0,-1.0,-1.0,-1.0,-1.0,-1.0,-1.0,-1.0,-1.0,-1.0,-1.0,-1.0,-1.0,-1.0,-1.0,-1.0,-1.0,-1.0,-1.0,-1.0,-1.0,-1.0,-1.0,-1.0,-1.0,-1.0,-1.0,-1.0,-1.0,-1.0,-1.0,-1.0,-1.0,-1.0,-1.0,-1.0,-1.0,-1.0,-1.0,-1.0,-1.0,-1.0,-1.0,-1.0,-1.0,-1.0,-1.0,-1.0,-1.0,-1.0,-1.0,-1.0,-1.0,-1.0,-1.0,-1.0,-1.0,-1.0,-1.0,-1.0,-1.0,-1.0,-1.0,-1.0,1.0,-1.0,-1.0,1.0,-1.0,-1.0,-1.0,-1.0,-1.0,-1.0,-1.0,-1.0,-1.0,-1.0,-1.0,-1.0,-1.0,-1.0,-1.0,-1.0,-1.0,-1.0,-1.0,-1.0,1.0,1.0,-1.0,-1.0,-1.0,-1.0,-1.0,-1.0,-1.0,-1.0,-1.0,-1.0,-1.0,-1.0,-1.0,-1.0,1.0,1.0,-1.0,-1.0,-1.0,1.0,1.0,1.0,1.0,1.0,-1.0,-1.0,1.0,1.0,1.0,1.0,1.0,1.0,1.0,1.0,1.0,1.0,1.0,-1.0,-1.0,-1.0,1.0,1.0,1.0,1.0,1.0,1.0,-1.0,-1.0,-1.0,1.0,-1.0,-1.0,-1.0,-1.0,-1.0,-1.0,-1.0,-1.0,-1.0,-1.0,1.0,-1.0,-1.0,1.0,-1.0,-1.0,-1.0,-1.0,-1.0,-1.0,-1.0,-1.0,-1.0,-1.0,1.0,1.0,1.0,1.0,1.0,-1.0,-1.0,-1.0,1.0,-1.0,-1.0,1.0,1.0,-1.0,-1.0,-1.0,1.0,-1.0,-1.0,1.0,1.0,-1.0,-1.0,-1.0,-1.0,-1.0,-1.0,-1.0,-1.0,-1.0,-1.0,-1.0,-1.0,-1.0,-1.0,-1.0,-1.0,-1.0,-1.0,-1.0,-1.0,-1.0,-1.0,-1.0,-1.0,-1.0,-1.0,-1.0,-1.0,-1.0,-1.0,-1.0,-1.0,1.0,1.0,-1.0,-1.0,1.0,1.0,1.0,1.0,-1.0,-1.0,1.0,1.0,1.0,1.0,-1.0,-1.0,1.0,1.0,1.0,1.0,-1.0,-1.0,1.0,1.0,-1.0,-1.0,-1.0,-1.0,-1.0,-1.0,-1.0,-1.0,-1.0,-1.0,-1.0,-1.0,-1.0,-1.0,-1.0,-1.0,-1.0,-1.0,-1.0,1.0,-1.0,-1.0,-1.0,-1.0,-1.0,-1.0,-1.0,1.0,-1.0,-1.0,-1.0,-1.0,-1.0,-1.0,-1.0,-1.0,-1.0,-1.0,-1.0,-1.0,-1.0,-1.0,-1.0,-1.0,-1.0,-1.0,1.0,-1.0,-1.0,-1.0,-1.0,-1.0,1.0,1.0,1.0,-1.0,-1.0,-1.0,-1.0,-1.0,1.0,1.0,1.0,-1.0,-1.0,-1.0,-1.0,-1.0,-1.0,-1.0,-1.0,-1.0,1.0,1.0,-1.0,-1.0,-1.0,-1.0,-1.0,-1.0,-1.0,-1.0,-1.0,-1.0,-1.0,-1.0,-1.0,-1.0,-1.0,-1.0,-1.0,-1.0,-1.0,-1.0,-1.0,-1.0,-1.0,-1.0,-1.0,-1.0,-1.0,-1.0,-1.0,-1.0,-1.0,-1.0,-1.0,-1.0,-1.0,-1.0,-1.0,-1.0,-1.0,-1.0,-1.0,-1.0,-1.0,-1.0,-1.0,-1.0,-1.0,-1.0,-1.0,-1.0,-1.0,-1.0,-1.0,1.0,1.0
-0.06183297487359126,1.337810426714739,1.337810426714739,1.337810426714739,1.337810426714739,1.337810426714739,1.337810426714739,1.337810426714739,1.337810426714739,1.337810426714739,1.337810426714739,1.337810426714739,1.337810426714739,1.337810426714739,1.337810426714739,1.337810426714739,1.337810426714739,1.337810426714739,1.337810426714739,1.337810426714739,1.337810426714739,1.337810426714739,1.337810426714739,1.337810426714739,1.337810426714739,1.337810426714739,1.337810426714739,1.337810426714739,1.337810426714739,1.337810426714739,1.337810426714739,1.337810426714739,1.337810426714739,1.0529035345719981,1.035096853813077,1.035096853813077,1.035096853813077,1.035096853813077,1.035096853813077,1.035096853813077,1.035096853813077,1.035096853813077,1.337810426714739,1.337810426714739,1.337810426714739,1.337810426714739,1.337810426714739,1.337810426714739,1.337810426714739,1.337810426714739,1.337810426714739,1.337810426714739,1.337810426714739,1.2224909703712485,1.216724997554074,1.216724997554074,1.216724997554074,1.216724997554074,1.216724997554074,1.216724997554074,1.216724997554074,1.216724997554074,1.216724997554074,1.216724997554074,1.216724997554074,1.216724997554074,1.0472053967291435,1.0472053967291435,1.0472053967291435,1.337810426714739,1.337810426714739,1.337810426714739,1.337810426714739,1.337810426714739,1.337810426714739,0.12695613510809048,1.337810426714739,1.337810426714739,0.8172562452763668,1.337810426714739,1.337810426714739,0.8534687100720798,0.8534687100720798,0.7323832809114148,0.7323832809114148,0.7996529637784509,0.7996529637784509,1.035096853813077,1.035096853813077,0.4296697080097526,0.4296697080097526,0.4296697080097526,0.4296697080097526,0.4296697080097526,0.4296697080097526,0.645893688653797,0.645893688653797,1.337810426714739,1.337810426714739,0.7323832809114148,0.7323832809114148,0.7323832809114148,0.7323832809114148,0.9652398754511549,0.9652398754511549,0.7323832809114148,0.7323832809114148,0.7323832809114148,0.7323832809114148,0.8974997752214124,0.8974997752214124,1.337810426714739,1.337810426714739,0.12695613510809048,0.12695613510809048,0.6858119620034666,0.6858119620034666,1.337810426714739,1.337810426714739,1.337810426714739,0.5305742323103066,-0.5967728667717455,-0.5967728667717455,-0.3995022525469742,-0.3995022525469742,0.3960348665762347,0.3960348665762347,-0.3995022525469742,-0.5967728667717455,-0.5967728667717455,-0.5967728667717455,-0.5967728667717455,-0.5967728667717455,-0.5967728667717455,-0.5967728667717455,-0.5967728667717455,-0.5967728667717455,-0.5967728667717455,-0.7270147863408092,-0.7270147863408092,-0.7270147863408092,-0.5967728667717455,-0.5967728667717455,-0.5967728667717455,-0.5967728667717455,-0.5967728667717455,-0.5967728667717455,0.48308975028651663,0.48308975028651663,0.48308975028651663,-0.5967728667717455,0.7323832809114148,0.7323832809114148,0.4296697080097526,0.4296697080097526,1.337810426714739,1.337810426714739,0.7323832809114148,0.7323832809114148,0.991852057684268,0.991852057684268,0.46965074594016076,-0.22917748007033553,-0.22917748007033553,0.7323832809114148,0.7323832809114148,0.7323832809114148,1.337810426714739,1.337810426714739,0.7323832809114148,0.7323832809114148,0.8534687100720798,0.8534687100720798,0.7323832809114148,0.7323832809114148,0.12695613510809048,0.12695613510809048,0.7128533729822754,0.46965074594016076,-0.08417643138666045,1.337810426714739,1.337810426714739,1.337810426714739,-0.2064675104067838,1.337810426714739,1.337810426714739,-0.4890925395689764,-0.4890925395689764,1.337810426714739,1.337810426714739,1.337810426714739,-0.2064675104067838,1.337810426714739,1.337810426714739,-0.4890925395689764,-0.4890925395689764,-0.03667282321713225,-0.03667282321713225,1.337810426714739,1.337810426714739,-0.4442015496120268,-0.4442015496120268,-0.03667282321713225,-0.03667282321713225,1.337810426714739,1.337810426714739,-0.4442015496120268,-0.4442015496120268,0.2134457273657082,0.2134457273657082,-0.1152147232132392,-0.1152147232132392,0.2134457273657082,0.2134457273657082,-0.1152147232132392,-0.1152147232132392,-0.18819772161144827,-0.18819772161144827,1.337810426714739,1.337810426714739,-0.4993478088263829,-0.4993478088263829,-0.18819772161144827,-0.18819772161144827,1.337810426714739,1.337810426714739,-0.4993478088263829,-0.4993478088263829,0.16256949662593295,0.16256949662593295,1.337810426714739,1.337810426714739,-0.16364889487750517,-0.16364889487750517,0.16256949662593295,0.16256949662593295,1.337810426714739,1.337810426714739,-0.16364889487750517,-0.16364889487750517,-0.1210501655824279,-0.1210501655824279,1.337810426714739,1.337810426714739,-0.5411014050886812,-0.5411014050886812,-0.1210501655824279,-0.1210501655824279,1.337810426714739,1.337810426714739,-0.5411014050886812,-0.5411014050886812,1.337810426714739,1.337810426714739,1.337810426714739,-0.22917748007033553,1.337810426714739,1.337810426714739,-0.5905871488069606,-0.5905871488069606,1.337810426714739,1.337810426714739,1.337810426714739,-0.22917748007033553,1.337810426714739,1.337810426714739,-0.5905871488069606,-0.5905871488069606,1.337810426714739,1.337810426714739,1.337810426714739,-0.299401009823828,1.337810426714739,1.337810426714739,-0.5828550013509795,-0.5828550013509795,1.337810426714739,1.337810426714739,1.337810426714739,-0.299401009823828,1.337810426714739,1.337810426714739,-0.5828550013509795,-0.5828550013509795,0.12695613510809048,0.934192329512523,0.934192329512523,1.337810426714739,1.337810426714739,-0.08672403399896521,-0.08672403399896521,0.12695613510809048,0.934192329512523,0.934192329512523,1.337810426714739,1.337810426714739,-0.08672403399896521,-0.08672403399896521,-0.08867545106843604,0.4729145041385616,0.4729145041385616,0.4729145041385616,1.337810426714739,1.337810426714739,-0.36635487258350713,-0.36635487258350713,-0.08867545106843604,0.4729145041385616,0.4729145041385616,0.4729145041385616,1.337810426714739,1.337810426714739,-0.36635487258350713,-0.36635487258350713,-0.08417643138666045,0.8534687100720798,1.337810426714739,1.337810426714739,0.7996529637784509,0.7996529637784509,1.1360013781136309,1.1360013781136309,0.48308975028651663,0.48308975028651663,0.8534687100720798,0.8534687100720798,1.337810426714739,1.337810426714739,1.337810426714739,1.337810426714739,1.337810426714739,1.337810426714739,1.337810426714739,1.337810426714739,1.337810426714739,1.337810426714739,1.337810426714739,1.337810426714739,1.337810426714739,1.337810426714739,1.337810426714739,1.337810426714739,1.337810426714739,1.337810426714739,1.337810426714739,1.337810426714739,1.337810426714739,1.337810426714739,1.337810426714739,1.337810426714739,1.337810426714739,1.337810426714739,1.0529035345719981,1.035096853813077,1.035096853813077,1.035096853813077,1.035096853813077,1.035096853813077,1.035096853813077,1.035096853813077,1.035096853813077,1.186453640263908,1.1763631878338527,1.1763631878338527,1.1763631878338527,1.1763631878338527,1.1763631878338527,1.1763631878338527,1.1763631878338527,0.991852057684268,0.934192329512523,0.934192329512523,0.934192329512523,0.934192329512523,1.337810426714739,1.337810426714739,1.337810426714739,1.337810426714739,1.337810426714739,1.1253798492398883,-0.06136282257208365
-0.44465494197397554,1.4516825767754173,1.4516825767754173,1.4516825767754173,1.4516825767754173,1.4516825767754173,1.4516825767754173,1.4516825767754173,1.4516825767754173,1.4516825767754173,1.4516825767754173,1.4516825767754173,1.4516825767754173,1.4516825767754173,1.4516825767754173,1.4516825767754173,1.4516825767754173,1.4516825767754173,1.4516825767754173,1.4516825767754173,1.4516825767754173,1.4516825767754173,1.4516825767754173,1.4516825767754173,1.4516825767754173,1.4516825767754173,1.4516825767754173,1.4516825767754173,1.4516825767754173,1.4516825767754173,1.4516825767754173,1.4516825767754173,1.4516825767754173,0.940719501939573,0.9109050061178527,0.9109050061178527,0.9109050061178527,0.9109050061178527,0.9109050061178527,0.9109050061178527,0.9109050061178527,0.9109050061178527,1.4516825767754173,1.4516825767754173,1.4516825767754173,1.4516825767754173,1.4516825767754173,1.4516825767754173,1.4516825767754173,1.4516825767754173,1.4516825767754173,1.4516825767754173,1.4516825767754173,1.2371700529046012,1.2267191073818706,1.2267191073818706,1.2267191073818706,1.2267191073818706,1.2267191073818706,1.2267191073818706,1.2267191073818706,1.2267191073818706,1.2267191073818706,1.2267191073818706,1.2267191073818706,1.2267191073818706,0.9311517183632719,0.9311517183632719,0.9311517183632719,1.4516825767754173,1.4516825767754173,1.4516825767754173,1.4516825767754173,1.4516825767754173,1.4516825767754173,-0.2788056493287897,1.4516825767754173,1.4516825767754173,0.566361031688419,1.4516825767754173,1.4516825767754173,0.6210482282453983,0.6210482282453983,0.4422311115479633,0.4422311115479633,0.5401496840127076,0.5401496840127076,0.9109050061178527,0.9109050061178527,0.045660893065749136,0.045660893065749136,0.045660893065749136,0.045660893065749136,0.045660893065749136,0.045660893065749136,0.32156781687062913,0.32156781687062913,1.4516825767754173,1.4516825767754173,0.4422311115479633,0.4422311115479633,0.4422311115479633,0.4422311115479633,0.7963497574223449,0.7963497574223449,0.4422311115479633,0.4422311115479633,0.4422311115479633,0.4422311115479633,0.6889329454347204,0.6889329454347204,1.4516825767754173,1.4516825767754173,-0.2788056493287897,-0.2788056493287897,0.3765271700242826,0.3765271700242826,1.4516825767754173,1.4516825767754173,1.4516825767754173,0.16983944632785655,-0.7622784685653727,-0.7622784685653727,-0.6713549633788934,-0.6713549633788934,0.006048379659557261,0.006048379659557261,-0.6713549633788934,-0.7622784685653727,-0.7622784685653727,-0.7622784685653727,-0.7622784685653727,-0.7622784685653727,-0.7622784685653727,-0.7622784685653727,-0.7622784685653727,-0.7622784685653727,-0.7622784685653727,-0.8055259991468792,-0.8055259991468792,-0.8055259991468792,-0.7622784685653727,-0.7622784685653727,-0.7622784685653727,-0.7622784685653727,-0.7622784685653727,-0.7622784685653727,0.11040450533132616,0.11040450533132616,0.11040450533132616,-0.7622784685653727,0.4422311115479633,0.4422311115479633,0.045660893065749136,0.045660893065749136,1.4516825767754173,1.4516825767754173,0.4422311115479633,0.4422311115479633,0.8395370818269903,0.8395370818269903,0.0939054139652812,-0.5682183284350296,-0.5682183284350296,0.4422311115479633,0.4422311115479633,0.4422311115479633,1.4516825767754173,1.4516825767754173,0.4422311115479633,0.4422311115479633,0.6210482282453983,0.6210482282453983,0.4422311115479633,0.4422311115479633,-0.2788056493287897,-0.2788056493287897,0.4144700708066108,0.0939054139652812,-0.46242747631062503,1.4516825767754173,1.4516825767754173,1.4516825767754173,-0.552742068794001,1.4516825767754173,1.4516825767754173,-0.7164432277987672,-0.7164432277987672,1.4516825767754173,1.4516825767754173,1.4516825767754173,-0.552742068794001,1.4516825767754173,1.4516825767754173,-0.7164432277987672,-0.7164432277987672,-0.42417171653257624,-0.42417171653257624,1.4516825767754173,1.4516825767754173,-0.6946403067230011,-0.6946403067230011,-0.42417171653257624,-0.42417171653257624,1.4516825767754173,1.4516825767754173,-0.6946403067230011,-0.6946403067230011,-0.19345844089848024,-0.19345844089848024,-0.4864642364612945,-0.4864642364612945,-0.19345844089848024,-0.19345844089848024,-0.4864642364612945,-0.4864642364612945,-0.5399971230004887,-0.5399971230004887,1.4516825767754173,1.4516825767754173,-0.7212015692008522,-0.7212015692008522,-0.5399971230004887,-0.5399971230004887,1.4516825767754173,1.4516825767754173,-0.7212015692008522,-0.7212015692008522,-0.2443755202627027,-0.2443755202627027,1.4516825767754173,1.4516825767754173,-0.5224583915642621,-0.5224583915642621,-0.2443755202627027,-0.2443755202627027,1.4516825767754173,1.4516825767754173,-0.5224583915642621,-0.5224583915642621,-0.4908986805728966,-0.4908986805728966,1.4516825767754173,1.4516825767754173,-0.7397204681722409,-0.7397204681722409,-0.4908986805728966,-0.4908986805728966,1.4516825767754173,1.4516825767754173,-0.7397204681722409,-0.7397204681722409,1.4516825767754173,1.4516825767754173,1.4516825767754173,-0.5682183284350296,1.4516825767754173,1.4516825767754173,-0.7598924538424423,-0.7598924538424423,1.4516825767754173,1.4516825767754173,1.4516825767754173,-0.5682183284350296,1.4516825767754173,1.4516825767754173,-0.7598924538424423,-0.7598924538424423,1.4516825767754173,1.4516825767754173,1.4516825767754173,-0.6135063080178598,1.4516825767754173,1.4516825767754173,-0.7568675968494526,-0.7568675968494526,1.4516825767754173,1.4516825767754173,1.4516825767754173,-0.6135063080178598,1.4516825767754173,1.4516825767754173,-0.7568675968494526,-0.7568675968494526,-0.2788056493287897,0.7466688550292592,0.7466688550292592,1.4516825767754173,1.4516825767754173,-0.46442895385899885,-0.46442895385899885,-0.2788056493287897,0.7466688550292592,0.7466688550292592,1.4516825767754173,1.4516825767754173,-0.46442895385899885,-0.46442895385899885,-0.46595859503055836,0.09789927063947323,0.09789927063947323,0.09789927063947323,1.4516825767754173,1.4516825767754173,-0.6530721929718121,-0.6530721929718121,-0.46595859503055836,0.09789927063947323,0.09789927063947323,0.09789927063947323,1.4516825767754173,1.4516825767754173,-0.6530721929718121,-0.6530721929718121,-0.46242747631062503,0.6210482282453983,1.4516825767754173,1.4516825767754173,0.5401496840127076,0.5401496840127076,1.0831526767717434,1.0831526767717434,0.11040450533132616,0.11040450533132616,0.6210482282453983,0.6210482282453983,1.4516825767754173,1.4516825767754173,1.4516825767754173,1.4516825767754173,1.4516825767754173,1.4516825767754173,1.4516825767754173,1.4516825767754173,1.4516825767754173,1.4516825767754173,1.4516825767754173,1.4516825767754173,1.4516825767754173,1.4516825767754173,1.4516825767754173,1.4516825767754173,1.4516825767754173,1.4516825767754173,1.4516825767754173,1.4516825767754173,1.4516825767754173,1.4516825767754173,1.4516825767754173,1.4516825767754173,1.4516825767754173,1.4516825767754173,0.940719501939573,0.9109050061178527,0.9109050061178527,0.9109050061178527,0.9109050061178527,0.9109050061178527,0.9109050061178527,0.9109050061178527,0.9109050061178527,1.1722808319356757,1.1542949705115835,1.1542949705115835,1.1542949705115835,1.1542949705115835,1.1542949705115835,1.1542949705115835,1.1542949705115835,0.8395370818269903,0.7466688550292592,0.7466688550292592,0.7466688550292592,0.7466688550292592,1.4516825767754173,1.4516825767754173,1.4516825767754173,1.4516825767754173,1.4516825767754173,1.0646440692441594,-0.4442767514388153
-0.6031905244456619,1.4965912411460476,1.4965912411460476,1.4965912411460476,1.4965912411460476,1.4965912411460476,1.4965912411460476,1.4965912411460476,1.4965912411460476,1.4965912411460476,1.4965912411460476,1.4965912411460476,1.4965912411460476,1.4965912411460476,1.4965912411460476,1.4965912411460476,1.4965912411460476,1.4965912411460476,1.4965912411460476,1.4965912411460476,1.4965912411460476,1.4965912411460476,1.4965912411460476,1.4965912411460476,1.4965912411460476,1.4965912411460476,1.4965912411460476,1.4965912411460476,1.4965912411460476,1.4965912411460476,1.4965912411460476,1.4965912411460476,1.4965912411460476,0.7858297300370047,0.7471612407532576,0.7471612407532576,0.7471612407532576,0.7471612407532576,0.7471612407532576,0.7471612407532576,0.7471612407532576,0.7471612407532576,1.4965912411460476,1.4965912411460476,1.4965912411460476,1.4965912411460476,1.4965912411460476,1.4965912411460476,1.4965912411460476,1.4965912411460476,1.4965912411460476,1.4965912411460476,1.4965912411460476,1.1874396165540237,1.1727665290236622,1.1727665290236622,1.1727665290236622,1.1727665290236622,1.1727665290236622,1.1727665290236622,1.1727665290236622,1.1727665290236622,1.1727665290236622,1.1727665290236622,1.1727665290236622,1.1727665290236622,0.7733853662789548,0.7733853662789548,0.7733853662789548,1.4965912411460476,1.4965912411460476,1.4965912411460476,1.4965912411460476,1.4965912411460476,1.4965912411460476,-0.49006343445140743,1.4965912411460476,1.4965912411460476,0.32463076450494144,1.4965912411460476,1.4965912411460476,0.38860554778426726,0.38860554778426726,0.1839801161977291,0.1839801161977291,0.2943984842883285,0.2943984842883285,0.7471612407532576,0.7471612407532576,-0.21955911478300397,-0.21955911478300397,-0.21955911478300397,-0.21955911478300397,-0.21955911478300397,-0.21955911478300397,0.05355677457296914,0.05355677457296914,1.4965912411460476,1.4965912411460476,0.1839801161977291,0.1839801161977291,0.1839801161977291,0.1839801161977291,0.6016342483286233,0.6016342483286233,0.1839801161977291,0.1839801161977291,0.1839801161977291,0.1839801161977291,0.4696803344510448,0.4696803344510448,1.4965912411460476,1.4965912411460476,-0.49006343445140743,-0.49006343445140743,0.11217234795546767,0.11217234795546767,1.4965912411460476,1.4965912411460476,1.4965912411460476,-0.10114161965190568,-0.7553925748607276,-0.7553925748607276,-0.7226239566567477,-0.7226239566567477,-0.25569813664430013,-0.25569813664430013,-0.7226239566567477,-0.7553925748607276,-0.7553925748607276,-0.7553925748607276,-0.7553925748607276,-0.7553925748607276,-0.7553925748607276,-0.7553925748607276,-0.7553925748607276,-0.7553925748607276,-0.7553925748607276,-0.7666047060322965,-0.7666047060322965,-0.7666047060322965,-0.7553925748607276,-0.7553925748607276,-0.7553925748607276,-0.7553925748607276,-0.7553925748607276,-0.7553925748607276,-0.15877139395966813,-0.15877139395966813,-0.15877139395966813,-0.7553925748607276,0.1839801161977291,0.1839801161977291,-0.21955911478300397,-0.21955911478300397,1.4965912411460476,1.4965912411460476,0.1839801161977291,0.1839801161977291,0.6559243730048503,0.6559243730048503,-0.17446195056246686,-0.6740503828326087,-0.6740503828326087,0.1839801161977291,0.1839801161977291,0.1839801161977291,1.4965912411460476,1.4965912411460476,0.1839801161977291,0.1839801161977291,0.38860554778426726,0.38860554778426726,0.1839801161977291,0.1839801161977291,-0.49006343445140743,-0.49006343445140743,0.15341273554830537,-0.17446195056246686,-0.6141413976222732,1.4965912411460476,1.4965912411460476,1.4965912411460476,-0.6658803641794309,1.4965912411460476,1.4965912411460476,-0.7402298599790648,-0.7402298599790648,1.4965912411460476,1.4965912411460476,1.4965912411460476,-0.6658803641794309,1.4965912411460476,1.4965912411460476,-0.7402298599790648,-0.7402298599790648,-0.5902727546526095,-0.5902727546526095,1.4965912411460476,1.4965912411460476,-0.7320236189375527,-0.7320236189375527,-0.5902727546526095,-0.5902727546526095,1.4965912411460476,1.4965912411460476,-0.7320236189375527,-0.7320236189375527,-0.4248000493877885,-0.4248000493877885,-0.62856164612163,-0.62856164612163,-0.4248000493877885,-0.4248000493877885,-0.62856164612163,-0.62856164612163,-0.658993198482512,-0.658993198482512,1.4965912411460476,1.4965912411460476,-0.7419401028165774,-0.7419401028165774,-0.658993198482512,-0.658993198482512,1.4965912411460476,1.4965912411460476,-0.7419401028165774,-0.7419401028165774,-0.46427782249421484,-0.46427782249421484,1.4965912411460476,1.4965912411460476,-0.6492864276974626,-0.6492864276974626,-0.46427782249421484,-0.46427782249421484,1.4965912411460476,1.4965912411460476,-0.6492864276974626,-0.6492864276974626,-0.6311719352393572,-0.6311719352393572,1.4965912411460476,1.4965912411460476,-0.7483053852187834,-0.7483053852187834,-0.6311719352393572,-0.6311719352393572,1.4965912411460476,1.4965912411460476,-0.7483053852187834,-0.7483053852187834,1.4965912411460476,1.4965912411460476,1.4965912411460476,-0.6740503828326087,1.4965912411460476,1.4965912411460476,-0.7546796486359794,-0.7546796486359794,1.4965912411460476,1.4965912411460476,1.4965912411460476,-0.6740503828326087,1.4965912411460476,1.4965912411460476,-0.7546796486359794,-0.7546796486359794,1.4965912411460476,1.4965912411460476,1.4965912411460476,-0.6966880430806903,1.4965912411460476,1.4965912411460476,-0.7537630039512049,-0.7537630039512049,1.4965912411460476,1.4965912411460476,1.4965912411460476,-0.6966880430806903,1.4965912411460476,1.4965912411460476,-0.7537630039512049,-0.7537630039512049,-0.49006343445140743,0.5400538047472733,0.5400538047472733,1.4965912411460476,1.4965912411460476,-0.6153594127995474,-0.6153594127995474,-0.49006343445140743,0.5400538047472733,0.5400538047472733,1.4965912411460476,1.4965912411460476,-0.6153594127995474,-0.6153594127995474,-0.616288190698874,-0.17067621879933825,-0.17067621879933825,-0.17067621879933825,1.4965912411460476,1.4965912411460476,-0.7148113055550976,-0.7148113055550976,-0.616288190698874,-0.17067621879933825,-0.17067621879933825,-0.17067621879933825,1.4965912411460476,1.4965912411460476,-0.7148113055550976,-0.7148113055550976,-0.6141413976222732,0.38860554778426726,1.4965912411460476,1.4965912411460476,0.2943984842883285,0.2943984842883285,0.9749629962967157,0.9749629962967157,-0.15877139395966813,-0.15877139395966813,0.38860554778426726,0.38860554778426726,1.4965912411460476,1.4965912411460476,1.4965912411460476,1.4965912411460476,1.4965912411460476,1.4965912411460476,1.4965912411460476,1.4965912411460476,1.4965912411460476,1.4965912411460476,1.4965912411460476,1.4965912411460476,1.4965912411460476,1.4965912411460476,1.4965912411460476,1.4965912411460476,1.4965912411460476,1.4965912411460476,1.4965912411460476,1.4965912411460476,1.4965912411460476,1.4965912411460476,1.4965912411460476,1.4965912411460476,1.4965912411460476,1.4965912411460476,0.7858297300370047,0.7471612407532576,0.7471612407532576,0.7471612407532576,0.7471612407532576,0.7471612407532576,0.7471612407532576,0.7471612407532576,0.7471612407532576,1.0969321950785909,1.0720988473929915,1.0720988473929915,1.0720988473929915,1.0720988473929915,1.0720988473929915,1.0720988473929915,1.0720988473929915,0.6559243730048503,0.5400538047472733,0.5400538047472733,0.5400538047472733,0.5400538047472733,1.4965912411460476,1.4965912411460476,1.4965912411460476,1.4965912411460476,1.4965912411460476,0.9499800303766645,-0.6029548755238772
1.0,-1.0,-1.0,-1.0,-1.0,-1.0,-1.0,-1.0,-1.0,-1.0,-1.0,-1.0,-1.0,-1.0,-1.0,-1.0,-1.0,-1.0,-1.0,-1.0,-1.0,-1.0,-1.0,-1.0,-1.0,-1.0,-1.0,-1.0,-1.0,-1.0,-1.0,-1.0,-1.0,-1.0,-1.0,-1.0,-1.0,-1.0,-1.0,-1.0,-1.0,-1.0,-1.0,-1.0,-1.0,-1.0,-1.0,-1.0,-1.0,-1.0,-1.0,-1.0,-1.0,-1.0,-1.0,-1.0,-1.0,-1.0,-1.0,-1.0,-1.0,-1.0,-1.0,-1.0,-1.0,-1.0,1.0,1.0,1.0,-1.0,-1.0,-1.0,-1.0,1.0,1.0,-1.0,-1.0,-1.0,-1.0,-1.0,-1.0,-1.0,-1.0,-1.0,-1.0,-1.0,-1.0,-1.0,-1.0,-1.0,-1.0,-1.0,-1.0,-1.0,-1.0,-1.0,-1.0,-1.0,-1.0,-1.0,-1.0,-1.0,-1.0,-1.0,-1.0,-1.0,-1.0,-1.0,-1.0,-1.0,-1.0,-1.0,-1.0,-1.0,-1.0,-1.0,-1.0,-1.0,-1.0,-1.0,-1.0,-1.0,-1.0,-1.0,-1.0,-1.0,-1.0,-1.0,-1.0,-1.0,-1.0,-1.0,-1.0,-1.0,-1.0,-1.0,-1.0,-1.0,-1.0,-1.0,-1.0,-1.0,-1.0,-1.0,-1.0,-1.0,-1.0,-1.0,-1.0,-1.0,-1.0,-1.0,-1.0,-1.0,-1.0,-1.0,-1.0,-1.0,-1.0,-1.0,-1.0,1.0,1.0,1.0,-1.0,-1.0,-1.0,-1.0,-1.0,-1.0,-1.0,-1.0,-1.0,-1.0,-1.0,-1.0,-1.0,-1.0,1.0,-1.0,-1.0,-1.0,-1.0,-1.0,-1.0,-1.0,-1.0,-1.0,-1.0,-1.0,-1.0,-1.0,-1.0,-1.0,-1.0,-1.0,-1.0,-1.0,-1.0,-1.0,-1.0,-1.0,-1.0,-1.0,-1.0,-1.0,-1.0,-1.0,-1.0,-1.0,-1.0,-1.0,-1.0,-1.0,-1.0,-1.0,-1.0,-1.0,-1.0,-1.0,-1.0,-1.0,-1.0,-1.0,-1.0,-1.0,-1.0,-1.0,-1.0,-1.0,-1.0,-1.0,-1.0,-1.0,-1.0,-1.0,-1.0,-1.0,-1.0,-1.0,-1.0,-1.0,-1.0,-1.0,-1.0,-1.0,-1.0,-1.0,-1.0,-1.0,-1.0,-1.0,-1.0,-1.0,-1.0,-1.0,-1.0,-1.0,-1.0,-1.0,-1.0,-1.0,-1.0,-1.0,-1.0,-1.0,-1.0,-1.0,-1.0,-1.0,-1.0,-1.0,-1.0,-1.0,-1.0,-1.0,-1.0,-1.0,-1.0,-1.0,-1.0,-1.0,-1.0,-1.0,-1.0,-1.0,-1.0,-1.0,-1.0,-1.0,-1.0,-1.0,-1.0,-1.0,-1.0,-1.0,-1.0,-1.0,-1.0,-1.0,-1.0,-1.0,-1.0,-1.0,-1.0,-1.0,-1.0,-1.0,-1.0,-1.0,-1.0,-1.0,-1.0,-1.0,-1.0,-1.0,-1.0,-1.0,-1.0,-1.0,-1.0,-1.0,-1.0,-1.0,-1.0,-1.0,-1.0,-1.0,-1.0,-1.0,-1.0,-1.0,-1.0,-1.0,-1.0,-1.0,-1.0,-1.0,-1.0,-1.0,-1.0,-1.0,-1.0,-1.0,-1.0,-1.0,-1.0,-1.0,-1.0,-1.0,-1.0,-1.0,-1.0,-1.0,-1.0,-1.0,-1.0,-1.0,-1.0,-1.0,-1.0,-1.0,-1.0,-1.0,-1.0,-1.0,-1.0,-1.0,-1.0,-1.0,-1.0,-1.0,-1.0,-1.0,1.0,1.0,1.0,1.0,1.0,1.0,1.0
-1.0,-1.0,-1.0,-1.0,-1.0,-1.0,-1.0,-1.0,-1.0,-1.0,-1.0,-1.0,-1.0,-1.0,-1.0,-1.0,-1.0,-1.0,-1.0,-1.0,-1.0,-1.0,-1.0,-1.0,-1.0,-1.0,-1.0,-1.0,-1.0,-1.0,-1.0,-1.0,-1.0,-1.0,-1.0,-1.0,-1.0,-1.0,-1.0,-1.0,-1.0,-1.0,-1.0,-1.0,-1.0,-1.0,-1.0,-1.0,-1.0,-1.0,-1.0,-1.0,-1.0,-1.0,-1.0,-1.0,-1.0,-1.0,-1.0,-1.0,-1.0,-1.0,-1.0,-1.0,-1.0,-1.0,-1.0,-1.0,-1.0,-1.0,-1.0,-1.0,-1.0,-1.0,-1.0,-1.0,-1.0,-1.0,-1.0,-1.0,-1.0,-1.0,-1.0,-1.0,-1.0,-1.0,-1.0,-1.0,-1.0,-1.0,-1.0,-1.0,-1.0,-1.0,-1.0,-1.0,-1.0,-1.0,-1.0,-1.0,-1.0,-1.0,-1.0,-1.0,-1.0,-1.0,-1.0,-1.0,-1.0,-1.0,-1.0,-1.0,-1.0,-1.0,-1.0,-1.0,-1.0,-1.0,-1.0,-1.0,-1.0,-1.0,-1.0,-1.0,-1.0,-1.0,-1.0,-1.0,-1.0,-1.0,-1.0,-1.0,-1.0,-1.0,-1.0,-1.0,-1.0,-1.0,-1.0,-1.0,-1.0,-1.0,-1.0,-1.0,-1.0,-1.0,-1.0,-1.0,-1.0,-1.0,-1.0,-1.0,-1.0,-1.0,-1.0,-1.0,-1.0,-1.0,-1.0,-1.0,-1.0,-1.0,-1.0,-1.0,-1.0,-1.0,-1.0,-1.0,-1.0,-1.0,-1.0,-1.0,-1.0,-1.0,-1.0,-1.0,-1.0,-1.0,-1.0,-1.0,-1.0,-1.0,-1.0,-1.0,-1.0,-1.0,-1.0,-1.0,-1.0,-1.0,-1.0,-1.0,-1.0,-1.0,-1.0,-1.0,-1.0,-1.0,-1.0,-1.0,-1.0,-1.0,-1.0,-1.0,-1.0,-1.0,-1.0,-1.0,-1.0,-1.0,-1.0,-1.0,-1.0,-1.0,-1.0,-1.0,-1.0,-1.0,-1.0,-1.0,-1.0,-1.0,-1.0,-1.0,-1.0,-1.0,-1.0,-1.0,-1.0,-1.0,-1.0,-1.0,-1.0,-1.0,-1.0,-1.0,-1.0,-1.0,-1.0,-1.0,-1.0,-1.0,-1.0,-1.0,-1.0,-1.0,-1.0,-1.0,-1.0,-1.0,-1.0,-1.0,-1.0,-1.0,-1.0,-1.0,-1.0,-1.0,-1.0,-1.0,-1.0,-1.0,-1.0,-1.0,-1.0,-1.0,-1.0,-1.0,-1.0,-1.0,-1.0,-1.0,-1.0,-1.0,-1.0,-1.0,-1.0,-1.0,-1.0,-1.0,-1.0,-1.0,-1.0,-1.0,-1.0,-1.0,-1.0,-1.0,-1.0,-1.0,-1.0,-1.0,-1.0,-1.0,-1.0,-1.0,-1.0,-1.0,-1.0,-1.0,-1.0,-1.0,-1.0,-1.0,-1.0,-1.0,-1.0,-1.0,-1.0,-1.0,-1.0,-1.0,-1.0,-1.0,-1.0,-1.0,-1.0,-1.0,-1.0,-1.0,-1.0,-1.0,-1.0,-1.0,-1.0,-1.0,-1.0,-1.0,-1.0,-1.0,-1.0,-1.0,-1.0,-1.0,-1.0,-1.0,-1.0,-1.0,-1.0,-1.0,-1.0,-1.0,-1.0,-1.0,-1.0,-1.0,-1.0,-1.0,-1.0,-1.0,-1.0,-1.0,-1.0,-1.0,-1.0,-1.0,-1.0,-1.0,-1.0,-1.0,-1.0,-1.0,-1.0,-1.0,-1.0,-1.0,-1.0,-1.0,-1.0,-1.0,-1.0,-1.0,-1.0,-1.0,-1.0,-1.0,-1.0,-1.0,-1.0,-1.0,-1.0
1.0,-1.0,-1.0,-1.0,-1.0,-1.0,-1.0,-1.0,-1.0,-1.0,-1.0,-1.0,-1.0,-1.0,-1.0,-1.0,-1.0,-1.0,-1.0,-1.0,-1.0,-1.0,-1.0,-1.0,-1.0,-1.0,-1.0,-1.0,-1.0,-1.0,-1.0,-1.0,-1.0,-1.0,-1.0,-1.0,-1.0,-1.0,-1.0,-1.0,-1.0,-1.0,-1.0,-1.0,-1.0,-1.0,-1.0,-1.0,-1.0,-1.0,-1.0,-1.0,-1.0,-1.0,-1.0,-1.0,-1.0,-1.0,-1.0,-1.0,-1.0,-1.0,-1.0,-1.0,-1.0,-1.0,1.0,1.0,1.0,-1.0,-1.0,-1.0,-1.0,-1.0,-1.0,1.0,-1.0,-1.0,1.0,1.0,1.0,1.0,1.0,1.0,1.0,1.0,1.0,1.0,1.0,1.0,1.0,1.0,1.0,1.0,1.0,1.0,1.0,1.0,1.0,1.0,1.0,1.0,1.0,1.0,1.0,1.0,1.0,1.0,1.0,1.0,1.0,1.0,1.0,-1.0,-1.0,1.0,1.0,1.0,1.0,1.0,1.0,1.0,1.0,-1.0,-1.0,-1.0,-1.0,-1.0,1.0,1.0,1.0,1.0,1.0,1.0,1.0,1.0,1.0,1.0,-1.0,-1.0,-1.0,1.0,1.0,1.0,1.0,1.0,1.0,-1.0,-1.0,-1.0,1.0,-1.0,-1.0,1.0,1.0,1.0,1.0,1.0,1.0,1.0,1.0,1.0,1.0,1.0,1.0,1.0,1.0,1.0,1.0,1.0,1.0,1.0,1.0,1.0,1.0,1.0,1.0,1.0,1.0,1.0,-1.0,-1.0,1.0,1.0,1.0,1.0,1.0,1.0,-1.0,-1.0,1.0,1.0,1.0,1.0,1.0,1.0,1.0,1.0,1.0,1.0,1.0,1.0,1.0,1.0,1.0,1.0,1.0,1.0,1.0,1.0,1.0,1.0,1.0,1.0,1.0,1.0,1.0,1.0,1.0,1.0,1.0,1.0,1.0,1.0,1.0,1.0,1.0,1.0,1.0,1.0,1.0,1.0,1.0,1.0,1.0,1.0,1.0,1.0,1.0,1.0,1.0,1.0,1.0,1.0,1.0,1.0,1.0,1.0,1.0,1.0,1.0,1.0,-1.0,-1.0,1.0,1.0,1.0,1.0,1.0,1.0,-1.0,-1.0,1.0,1.0,1.0,1.0,1.0,1.0,-1.0,-1.0,1.0,1.0,1.0,1.0,1.0,1.0,-1.0,-1.0,1.0,1.0,1.0,1.0,1.0,1.0,1.0,-1.0,-1.0,1.0,1.0,1.0,1.0,1.0,-1.0,-1.0,1.0,1.0,1.0,1.0,1.0,-1.0,-1.0,-1.0,1.0,1.0,1.0,1.0,1.0,-1.0,-1.0,-1.0,1.0,1.0,1.0,1.0,1.0,1.0,1.0,1.0,1.0,1.0,1.0,1.0,1.0,1.0,1.0,1.0,1.0,1.0,-1.0,-1.0,-1.0,-1.0,-1.0,-1.0,-1.0,-1.0,-1.0,-1.0,-1.0,-1.0,-1.0,-1.0,-1.0,-1.0,-1.0,-1.0,-1.0,-1.0,-1.0,-1.0,-1.0,-1.0,-1.0,-1.0,-1.0,-1.0,-1.0,-1.0,-1.0,-1.0,-1.0,-1.0,-1.0,-1.0,-1.0,-1.0,-1.0,-1.0,-1.0,-1.0,-1.0,-1.0,-1.0,-1.0,1.0,1.0,1.0,1.0,1.0,1.0,-1.0
-1.0,-1.0,-1.0,-1.0,-1.0,-1.0,-1.0,-1.0,-1.0,-1.0,-1.0,-1.0,-1.0,-1.0,-1.0,-1.0,-1.0,-1.0,-1.0,-1.0,-1.0,-1.0,-1.0,-1.0,-1.0,-1.0,-1.0,-1.0,-1.0,-1.0,-1.0,-1.0,-1.0,-1.0,-1.0,-1.0,-1.0,-1.0,-1.0,-1.0,-1.0,-1.0,-1.0,-1.0,-1.0,-1.0,-1.0,-1.0,-1.0,-1.0,-1.0,-1.0,-1.0,-1.0,-1.0,-1.0,-1.0,-1.0,-1.0,-1.0,-1.0,-1.0,-1.0,-1.0,-1.0,-1.0,-1.0,-1.0,-1.0,-1.0,-1.0,-1.0,-1.0,-1.0,-1.0,-1.0,-1.0,-1.0,-1.0,-1.0,-1.0,-1.0,-1.0,-1.0,-1.0,-1.0,-1.0,-1.0,-1.0,1.0,1.0,1.0,1.0,-1.0,-1.0,-1.0,-1.0,-1.0,-1.0,-1.0,-1.0,-1.0,-1.0,-1.0,-1.0,-1.0,-1.0,-1.0,-1.0,-1.0,-1.0,-1.0,-1.0,-1.0,-1.0,-1.0,-1.0,-1.0,-1.0,-1.0,-1.0,-1.0,-1.0,1.0,1.0,-1.0,-1.0,1.0,-1.0,-1.0,-1.0,-1.0,-1.0,-1.0,-1.0,-1.0,-1.0,-1.0,1.0,1.0,1.0,-1.0,-1.0,-1.0,-1.0,-1.0,-1.0,-1.0,-1.0,-1.0,-1.0,-1.0,-1.0,-1.0,-1.0,-1.0,-1.0,-1.0,-1.0,-1.0,-1.0,-1.0,-1.0,-1.0,-1.0,-1.0,-1.0,-1.0,-1.0,-1.0,-1.0,-1.0,-1.0,-1.0,-1.0,-1.0,-1.0,-1.0,-1.0,-1.0,-1.0,-1.0,-1.0,-1.0,-1.0,-1.0,-1.0,-1.0,-1.0,-1.0,-1.0,-1.0,-1.0,-1.0,-1.0,-1.0,-1.0,-1.0,-1.0,-1.0,-1.0,-1.0,-1.0,-1.0,-1.0,-1.0,-1.0,-1.0,-1.0,-1.0,-1.0,-1.0,-1.0,-1.0,-1.0,-1.0,-1.0,-1.0,-1.0,-1.0,-1.0,-1.0,-1.0,-1.0,-1.0,-1.0,-1.0,-1.0,-1.0,-1.0,-1.0,-1.0,-1.0,-1.0,-1.0,-1.0,-1.0,-1.0,-1.0,-1.0,-1.0,-1.0,-1.0,-1.0,-1.0,-1.0,-1.0,-1.0,-1.0,-1.0,-1.0,-1.0,-1.0,-1.0,-1.0,-1.0,-1.0,-1.0,-1.0,-1.0,-1.0,-1.0,-1.0,-1.0,-1.0,-1.0,-1.0,-1.0,-1.0,-1.0,-1.0,-1.0,-1.0,-1.0,-1.0,-1.0,-1.0,-1.0,-1.0,-1.0,-1.0,-1.0,-1.0,-1.0,-1.0,-1.0,-1.0,-1.0,-1.0,-1.0,-1.0,-1.0,-1.0,-1.0,-1.0,-1.0,-1.0,-1.0,-1.0,-1.0,-1.0,-1.0,-1.0,-1.0,-1.0,-1.0,-1.0,-1.0,-1.0,-1.0,-1.0,-1.0,-1.0,-1.0,-1.0,-1.0,-1.0,-1.0,-1.0,-1.0,-1.0,-1.0,-1.0,-1.0,-1.0,-1.0,-1.0,-1.0,-1.0,-1.0,-1.0,-1.0,-1.0,-1.0,-1.0,-1.0,-1.0,-1.0,-1.0,-1.0,-1.0,-1.0,-1.0,-1.0,-1.0,-1.0,-1.0,-1.0,-1.0,-1.0,-1.0,-1.0,-1.0,-1.0,-1.0,-1.0,-1.0,-1.0,-1.0,-1.0,-1.0,-1.0,-1.0,-1.0,-1.0,-1.0,-1.0,-1.0,-1.0,-1.0,-1.0,-1.0,-1.0,-1.0,-1.0,-1.0,-1.0,-1.0,-1.0,-1.0,-1.0
-1.0,-1.0,-1.0,-1.0,-1.0,-1.0,-1.0,-1.0,-1.0,-1.0,-1.0,-1.0,-1.0,-1.0,-1.0,-1.0,-1.0,-1.0,-1.0,-1.0,-1.0,-1.0,-1.0,-1.0,-1.0,-1.0,-1.0,-1.0,-1.0,-1.0,-1.0,-1.0,-1.0,-1.0,-1.0,-1.0,-1.0,-1.0,-1.0,-1.0,-1.0,-1.0,-1.0,-1.0,-1.0,-1.0,-1.0,-1.0,-1.0,-1.0,-1.0,-1.0,-1.0,-1.0,-1.0,-1.0,-1.0,-1.0,-1.0,-1.0,-1.0,-1.0,-1.0,-1.0,-1.0,-1.0,-1.0,-1.0,-1.0,-1.0,-1.0,-1.0,-1.0,-1.0,-1.0,-1.0,-1.0,-1.0,-1.0,-1.0,-1.0,-1.0,-1.0,-1.0,-1.0,-1.0,-1.0,-1.0,-1.0,-1.0,-1.0,-1.0,-1.0,-1.0,-1.0,-1.0,-1.0,-1.0,-1.0,-1.0,-1.0,-1.0,-1.0,-1.0,-1.0,-1.0,-1.0,-1.0,-1.0,-1.0,-1.0,-1.0,-1.0,-1.0,-1.0,-1.0,-1.0,-1.0,-1.0,-1.0,-1.0,-1.0,-1.0,-1.0,-1.0,-1.0,-1.0,-1.0,-1.0,-1.0,-1.0,-1.0,-1.0,-1.0,-1.0,-1.0,-1.0,-1.0,-1.0,-1.0,-1.0,-1.0,-1.0,-1.0,-1.0,-1.0,-1.0,-1.0,-1.0,-1.0,-1.0,-1.0,-1.0,-1.0,-1.0,-1.0,-1.0,-1.0,-1.0,-1.0,-1.0,-1.0,-1.0,-1.0,-1.0,-1.0,-1.0,-1.0,-1.0,-1.0,-1.0,-1.0,-1.0,-1.0,-1.0,-1.0,-1.0,-1.0,-1.0,-1.0,-1.0,-1.0,-1.0,-1.0,-1.0,-1.0,-1.0,-1.0,-1.0,-1.0,-1.0,-1.0,-1.0,-1.0,-1.0,-1.0,-1.0,-1.0,-1.0,-1.0,-1.0,-1.0,-1.0,-1.0,-1.0,-1.0,-1.0,-1.0,-1.0,-1.0,-1.0,-1.0,-1.0,-1.0,-1.0,-1.0,-1.0,-1.0,-1.0,-1.0,-1.0,-1.0,-1.0,-1.0,-1.0,-1.0,-1.0,-1.0,-1.0,-1.0,-1.0,-1.0,-1.0,-1.0,-1.0,-1.0,-1.0,-1.0,-1.0,-1.0,-1.0,-1.0,-1.0,-1.0,-1.0,-1.0,-1.0,-1.0,-1.0,-1.0,-1.0,-1.0,-1.0,-1.0,-1.0,-1.0,-1.0,-1.0,-1.0,-1.0,-1.0,-1.0,-1.0,-1.0,-1.0,-1.0,-1.0,-1.0,-1.0,-1.0,-1.0,-1.0,-1.0,-1.0,-1.0,-1.0,-1.0,-1.0,-1.0,-1.0,-1.0,-1.0,-1.0,-1.0,-1.0,-1.0,-1.0,-1.0,-1.0,-1.0,-1.0,-1.0,-1.0,-1.0,-1.0,-1.0,-1.0,-1.0,-1.0,-1.0,-1.0,-1.0,-1.0,-1.0,-1.0,-1.0,-1.0,-1.0,-1.0,-1.0,-1.0,-1.0,-1.0,-1.0,-1.0,-1.0,-1.0,-1.0,-1.0,-1.0,-1.0,-1.0,-1.0,-1.0,-1.0,-1.0,-1.0,-1.0,-1.0,-1.0,-1.0,-1.0,-1.0,-1.0,-1.0,-1.0,-1.0,-1.0,-1.0,-1.0,-1.0,-1.0,-1.0,-1.0,-1.0,-1.0,-1.0,-1.0,-1.0,-1.0,-1.0,-1.0,-1.0,-1.0,-1.0,-1.0,-1.0,-1.0,-1.0,-1.0,-1.0,-1.0,-1.0,-1.0,-1.0,-1.0,-1.0,-1.0,-1.0,-1.0,-1.0,-1.0,-1.0,-1.0,-1.0,-1.0,-1.0,-1.0,-1.0,-1.0,-1.0
-1.0,-1.0,-1.0,-1.0,-1.0,-1.0,-1.0,-1.0,-1.0,-1.0,-1.0,-1.0,-1.0,-1.0,-1.0,-1.0,-1.0,-1.0,-1.0,-1.0,-1.0,-1.0,-1.0,-1.0,-1.0,-1.0,-1.0,-1.0,-1.0,-1.0,-1.0,-1.0,-1.0,-1.0,-1.0,-1.0,-1.0,-1.0,-1.0,-1.0,-1.0,-1.0,-1.0,-1.0,-1.0,-1.0,-1.0,-1.0,-1.0,-1.0,-1.0,-1.0,-1.0,-1.0,-1.0,-1.0,-1.0,-1.0,-1.0,-1.0,-1.0,-1.0,-1.0,-1.0,-1.0,-1.0,-1.0,-1.0,-1.0,-1.0,-1.0,-1.0,-1.0,-1.0,-1.0,-1.0,-1.0,-1.0,-1.0,-1.0,-1.0,-1.0,-1.0,-1.0,-1.0,-1.0,-1.0,-1.0,-1.0,-1.0,-1.0,-1.0,-1.0,-1.0,-1.0,-1.0,-1.0,-1.0,-1.0,-1.0,-1.0,-1.0,-1.0,-1.0,-1.0,-1.0,-1.0,-1.0,-1.0,-1.0,-1.0,-1.0,-1.0,-1.0,-1.0,-1.0,-1.0,-1.0,-1.0,-1.0,-1.0,-1.0,-1.0,-1.0,-1.0,-1.0,-1.0,-1.0,-1.0,-1.0,-1.0,-1.0,-1.0,-1.0,-1.0,-1.0,-1.0,-1.0,-1.0,-1.0,-1.0,-1.0,-1.0,-1.0,-1.0,-1.0,-1.0,-1.0,-1.0,-1.0,-1.0,-1.0,-1.0,-1.0,-1.0,-1.0,-1.0,-1.0,-1.0,-1.0,-1.0,-1.0,-1.0,-1.0,-1.0,-1.0,-1.0,-1.0,-1.0,-1.0,-1.0,-1.0,-1.0,-1.0,-1.0,-1.0,-1.0,-1.0,-1.0,-1.0,-1.0,-1.0,-1.0,-1.0,-1.0,-1.0,-1.0,-1.0,-1.0,-1.0,-1.0,-1.0,-1.0,-1.0,-1.0,-1.0,-1.0,-1.0,-1.0,-1.0,-1.0,-1.0,-1.0,-1.0,-1.0,-1.0,-1.0,-1.0,-1.0,-1.0,-1.0,-1.0,-1.0,-1.0,-1.0,-1.0,-1.0,-1.0,-1.0,-1.0,-1.0,-1.0,-1.0,-1.0,-1.0,-1.0,-1.0,-1.0,-1.0,-1.0,-1.0,-1.0,-1.0,-1.0,-1.0,-1.0,-1.0,-1.0,-1.0,-1.0,-1.0,-1.0,-1.0,-1.0,-1.0,-1.0,-1.0,-1.0,-1.0,-1.0,-1.0,-1.0,-1.0,-1.0,-1.0,-1.0,-1.0,-1.0,-1.0,-1.0,-1.0,-1.0,-1.0,-1.0,-1.0,-1.0,-1.0,-1.0,-1.0,-1.0,-1.0,-1.0,-1.0,-1.0,-1.0,-1.0,-1.0,-1.0,-1.0,-1.0,-1.0,-1.0,-1.0,-1.0,-1.0,-1.0,-1.0,-1.0,-1.0,-1.0,-1.0,-1.0,-1.0,-1.0,-1.0,-1.0,-1.0,-1.0,-1.0,-1.0,-1.0,-1.0,-1.0,-1.0,-1.0,-1.0,-1.0,-1.0,-1.0,-1.0,-1.0,-1.0,-1.0,-1.0,-1.0,-1.0,-1.0,-1.0,-1.0,-1.0,-1.0,-1.0,-1.0,-1.0,-1.0,-1.0,-1.0,-1.0,-1.0,-1.0,-1.0,-1.0,-1.0,-1.0,-1.0,-1.0,-1.0,-1.0,-1.0,-1.0,-1.0,-1.0,-1.0,-1.0,-1.0,-1.0,-1.0,-1.0,-1.0,-1.0,-1.0,-1.0,-1.0,-1.0,-1.0,-1.0,-1.0,-1.0,-1.0,-1.0,-1.0,-1.0,-1.0,-1.0,-1.0,-1.0,-1.0,-1.0,-1.0,-1.0,-1.0,-1.0,-1.0,-1.0,-1.0,-1.0,-1.0,-1.0,-1.0,-1.0,-1.0
-1.0,-1.0,-1.0,-1.0,-1.0,-1.0,-1.0,-1.0,-1.0,-1.0,-1.0,-1.0,-1.0,-1.0,-1.0,-1.0,-1.0,-1.0,-1.0,-1.0,-1.0,-1.0,-1.0,-1.0,-1.0,-1.0,-1.0,-1.0,-1.0,-1.0,-1.0,-1.0,-1.0,-1.0,-1.0,-1.0,-1.0,-1.0,-1.0,-1.0,-1.0,-1.0,-1.0,-1.0,-1.0,-1.0,-1.0,-1.0,-1.0,-1.0,-1.0,-1.0,-1.0,-1.0,-1.0,-1.0,-1.0,-1.0,-1.0,-1.0,-1.0,-1.0,-1.0,-1.0,-1.0,-1.0,-1.0,-1.0,-1.0,-1.0,-1.0,-1.0,-1.0,-1.0,-1.0,-1.0,-1.0,-1.0,-1.0,-1.0,-1.0,-1.0,-1.0,-1.0,-1.0,-1.0,-1.0,-1.0,-1.0,-1.0,-1.0,-1.0,-1.0,-1.0,-1.0,-1.0,-1.0,-1.0,-1.0,-1.0,-1.0,-1.0,-1.0,-1.0,-1.0,-1.0,-1.0,-1.0,-1.0,-1.0,-1.0,-1.0,-1.0,-1.0,-1.0,-1.0,-1.0,-1.0,-1.0,-1.0,-1.0,-1.0,-1.0,-1.0,-1.0,-1.0,-1.0,-1.0,-1.0,-1.0,-1.0,-1.0,-1.0,-1.0,-1.0,-1.0,-1.0,-1.0,-1.0,-1.0,-1.0,-1.0,-1.0,-1.0,-1.0,-1.0,-1.0,-1.0,-1.0,-1.0,-1.0,-1.0,-1.0,-1.0,-1.0,-1.0,-1.0,-1.0,-1.0,-1.0,-1.0,-1.0,-1.0,-1.0,-1.0,-1.0,-1.0,-1.0,-1.0,-1.0,-1.0,-1.0,-1.0,-1.0,-1.0,-1.0,-1.0,-1.0,-1.0,-1.0,-1.0,-1.0,-1.0,-1.0,-1.0,-1.0,-1.0,-1.0,-1.0,-1.0,-1.0,-1.0,-1.0,-1.0,-1.0,-1.0,-1.0,-1.0,-1.0,-1.0,-1.0,-1.0,-1.0,-1.0,-1.0,-1.0,-1.0,-1.0,-1.0,-1.0,-1.0,-1.0,-1.0,-1.0,-1.0,-1.0,-1.0,-1.0,-1.0,-1.0,-1.0,-1.0,-1.0,-1.0,-1.0,-1.0,-1.0,-1.0,-1.0,-1.0,-1.0,-1.0,-1.0,-1.0,-1.0,-1.0,-1.0,-1.0,-1.0,-1.0,-1.0,-1.0,-1.0,-1.0,-1.0,-1.0,-1.0,-1.0,-1.0,-1.0,-1.0,-1.0,-1.0,-1.0,-1.0,-1.0,-1.0,-1.0,-1.0,-1.0,-1.0,-1.0,-1.0,-1.0,-1.0,-1.0,-1.0,-1.0,-1.0,-1.0,-1.0,-1.0,-1.0,-1.0,-1.0,-1.0,-1.0,-1.0,-1.0,-1.0,-1.0,-1.0,-1.0,-1.0,-1.0,-1.0,-1.0,-1.0,-1.0,-1.0,-1.0,-1.0,-1.0,-1.0,-1.0,-1.0,-1.0,-1.0,-1.0,-1.0,-1.0,-1.0,-1.0,-1.0,-1.0,-1.0,-1.0,-1.0,-1.0,-1.0,-1.0,-1.0,-1.0,-1.0,-1.0,-1.0,-1.0,-1.0,-1.0,-1.0,-1.0,-1.0,-1.0,-1.0,-1.0,-1.0,-1.0,-1.0,-1.0,-1.0,-1.0,-1.0,-1.0,-1.0,-1.0,-1.0,-1.0,-1.0,-1.0,-1.0,-1.0,-1.0,-1.0,-1.0,-1.0,-1.0,-1.0,-1.0,-1.0,-1.0,-1.0,-1.0,-1.0,-1.0,-1.0,-1.0,-1.0,-1.0,-1.0,-1.0,-1.0,-1.0,-1.0,-1.0,-1.0,-1.0,-1.0,-1.0,-1.0,-1.0,-1.0,-1.0,-1.0,-1.0,-1.0,-1.0,-1.0,-1.0,-1.0,-1.0,1.0
-1.0,-1.0,1.0,1.0,1.0,1.0,1.0,1.0,1.0,1.0,1.0,1.0,1.0,1.0,-1.0,1.0,1.0,1.0,1.0,1.0,1.0,1.0,1.0,1.0,1.0,-1.0,1.0,1.0,1.0,1.0,1.0,1.0,1.0,-1.0,1.0,1.0,1.0,1.0,1.0,1.0,1.0,1.0,-1.0,1.0,1.0,1.0,1.0,1.0,1.0,1.0,1.0,1.0,1.0,-1.0,1.0,1.0,1.0,1.0,1.0,1.0,1.0,1.0,1.0,1.0,1.0,1.0,-1.0,-1.0,-1.0,1.0,1.0,1.0,1.0,-1.0,-1.0,-1.0,1.0,1.0,-1.0,-1.0,-1.0,-1.0,-1.0,-1.0,-1.0,-1.0,-1.0,-1.0,-1.0,-1.0,-1.0,-1.0,-1.0,-1.0,-1.0,-1.0,-1.0,-1.0,-1.0,-1.0,-1.0,-1.0,-1.0,-1.0,-1.0,-1.0,-1.0,-1.0,-1.0,-1.0,-1.0,-1.0,-1.0,-1.0,-1.0,-1.0,-1.0,-1.0,-1.0,-1.0,-1.0,-1.0,-1.0,-1.0,-1.0,-1.0,-1.0,-1.0,-1.0,-1.0,-1.0,-1.0,-1.0,-1.0,-1.0,-1.0,-1.0,-1.0,-1.0,-1.0,-1.0,-1.0,-1.0,-1.0,-1.0,-1.0,-1.0,1.0,1.0,1.0,-1.0,-1.0,-1.0,-1.0,-1.0,-1.0,-1.0,-1.0,-1.0,-1.0,-1.0,-1.0,-1.0,-1.0,-1.0,-1.0,-1.0,-1.0,-1.0,-1.0,-1.0,-1.0,-1.0,-1.0,-1.0,-1.0,-1.0,-1.0,-1.0,-1.0,-1.0,-1.0,-1.0,-1.0,-1.0,-1.0,-1.0,-1.0,-1.0,-1.0,-1.0,-1.0,-1.0,-1.0,-1.0,-1.0,-1.0,-1.0,-1.0,-1.0,-1.0,-1.0,-1.0,-1.0,-1.0,-1.0,-1.0,-1.0,-1.0,-1.0,-1.0,-1.0,-1.0,-1.0,-1.0,-1.0,-1.0,-1.0,-1.0,-1.0,-1.0,-1.0,-1.0,-1.0,-1.0,-1.0,-1.0,-1.0,-1.0,-1.0,-1.0,-1.0,-1.0,-1.0,-1.0,-1.0,-1.0,-1.0,-1.0,-1.0,-1.0,-1.0,-1.0,-1.0,-1.0,-1.0,-1.0,-1.0,-1.0,-1.0,-1.0,-1.0,-1.0,-1.0,-1.0,-1.0,-1.0,-1.0,-1.0,-1.0,-1.0,-1.0,-1.0,-1.0,-1.0,-1.0,-1.0,-1.0,-1.0,-1.0,-1.0,-1.0,-1.0,-1.0,-1.0,-1.0,-1.0,-1.0,-1.0,-1.0,-1.0,-1.0,-1.0,-1.0,-1.0,-1.0,-1.0,-1.0,-1.0,-1.0,-1.0,-1.0,-1.0,-1.0,-1.0,-1.0,-1.0,-1.0,-1.0,-1.0,-1.0,-1.0,-1.0,-1.0,-1.0,-1.0,-1.0,-1.0,-1.0,-1.0,-1.0,-1.0,-1.0,-1.0,-1.0,-1.0,-1.0,-1.0,-1.0,-1.0,-1.0,-1.0,-1.0,-1.0,-1.0,-1.0,1.0,1.0,1.0,1.0,1.0,1.0,1.0,1.0,1.0,1.0,1.0,1.0,1.0,1.0,1.0,1.0,1.0,1.0,1.0,1.0,1.0,1.0,1.0,1.0,1.0,1.0,1.0,1.0,1.0,1.0,1.0,1.0,1.0,1.0,1.0,1.0,1.0,1.0,1.0,1.0,1.0,1.0,1.0,1.0,1.0,1.0,1.0,1.0,-1.0,-1.0,-1.0,-1.0,-1.0,-1.0,-1.0
-1.0,-1.0,-1.0,-1.0,-1.0,-1.0,-1.0,-1.0,-1.0,-1.0,-1.0,-1.0,-1.0,-1.0,-1.0,-1.0,-1.0,-1.0,-1.0,-1.0,-1.0,-1.0,-1.0,-1.0,-1.0,-1.0,-1.0,-1.0,-1.0,-1.0,-1.0,-1.0,-1.0,-1.0,-1.0,-1.0,-1.0,-1.0,-1.0,-1.0,-1.0,-1.0,-1.0,-1.0,-1.0,-1.0,-1.0,-1.0,-1.0,-1.0,-1.0,-1.0,-1.0,-1.0,-1.0,-1.0,-1.0,-1.0,-1.0,-1.0,-1.0,-1.0,-1.0,-1.0,-1.0,-1.0,-1.0,-1.0,-1.0,-1.0,-1.0,-1.0,-1.0,-1.0,-1.0,-1.0,-1.0,-1.0,-1.0,-1.0,-1.0,-1.0,-1.0,-1.0,-1.0,-1.0,-1.0,-1.0,-1.0,-1.0,-1.0,-1.0,-1.0,-1.0,-1.0,-1.0,-1.0,-1.0,-1.0,-1.0,-1.0,-1.0,-1.0,-1.0,-1.0,-1.0,-1.0,-1.0,-1.0,-1.0,-1.0,-1.0,-1.0,-1.0,-1.0,-1.0,-1.0,-1.0,-1.0,-1.0,-1.0,-1.0,-1.0,-1.0,-1.0,-1.0,-1.0,-1.0,-1.0,-1.0,-1.0,-1.0,-1.0,-1.0,-1.0,-1.0,-1.0,-1.0,-1.0,-1.0,-1.0,-1.0,-1.0,-1.0,-1.0,-1.0,-1.0,-1.0,-1.0,-1.0,-1.0,1.0,1.0,-1.0,-1.0,-1.0,-1.0,-1.0,-1.0,-1.0,-1.0,-1.0,-1.0,-1.0,-1.0,-1.0,-1.0,-1.0,-1.0,-1.0,-1.0,-1.0,-1.0,-1.0,-1.0,-1.0,-1.0,-1.0,-1.0,-1.0,-1.0,-1.0,-1.0,-1.0,1.0,1.0,-1.0,-1.0,-1.0,-1.0,-1.0,-1.0,1.0,1.0,-1.0,-1.0,-1.0,-1.0,1.0,1.0,-1.0,-1.0,-1.0,-1.0,1.0,1.0,-1.0,-1.0,-1.0,-1.0,-1.0,-1.0,-1.0,-1.0,-1.0,-1.0,-1.0,-1.0,1.0,1.0,-1.0,-1.0,-1.0,-1.0,1.0,1.0,-1.0,-1.0,-1.0,-1.0,1.0,1.0,-1.0,-1.0,-1.0,-1.0,1.0,1.0,-1.0,-1.0,-1.0,-1.0,1.0,1.0,-1.0,-1.0,-1.0,-1.0,1.0,1.0,-1.0,-1.0,-1.0,-1.0,-1.0,-1.0,1.0,1.0,-1.0,-1.0,-1.0,-1.0,-1.0,-1.0,1.0,1.0,-1.0,-1.0,-1.0,-1.0,-1.0,-1.0,1.0,1.0,-1.0,-1.0,-1.0,-1.0,-1.0,-1.0,1.0,1.0,-1.0,-1.0,-1.0,-1.0,-1.0,1.0,1.0,-1.0,-1.0,-1.0,-1.0,-1.0,1.0,1.0,-1.0,-1.0,-1.0,-1.0,-1.0,-1.0,1.0,1.0,-1.0,-1.0,-1.0,-1.0,-1.0,-1.0,1.0,1.0,-1.0,-1.0,-1.0,-1.0,-1.0,-1.0,-1.0,-1.0,-1.0,-1.0,-1.0,-1.0,-1.0,-1.0,-1.0,-1.0,-1.0,-1.0,-1.0,-1.0,-1.0,-1.0,-1.0,-1.0,-1.0,-1.0,-1.0,-1.0,-1.0,-1.0,-1.0,-1.0,-1.0,-1.0,-1.0,-1.0,-1.0,-1.0,-1.0,-1.0,-1.0,-1.0,-1.0,-1.0,-1.0,-1.0,-1.0,-1.0,-1.0,-1.0,-1.0,-1.0,-1.0,-1.0,-1.0,-1.0,-1.0,-1.0,-1.0,-1.0,-1.0,-1.0,-1.0,-1.0,-1.0,-1.0,-1.0,-1.0,-1.0
-1.0,1.0,-1.0,-1.0,-1.0,-1.0,-1.0,-1.0,-1.0,-1.0,-1.0,-1.0,-1.0,-1.0,1.0,-1.0,-1.0,-1.0,-1.0,-1.0,-1.0,-1.0,-1.0,-1.0,-1.0,1.0,-1.0,-1.0,-1.0,-1.0,-1.0,-1.0,-1.0,1.0,-1.0,-1.0,-1.0,-1.0,-1.0,-1.0,-1.0,-1.0,1.0,-1.0,-1.0,-1.0,-1.0,-1.0,-1.0,-1.0,-1.0,-1.0,-1.0,1.0,-1.0,-1.0,-1.0,-1.0,-1.0,-1.0,-1.0,-1.0,-1.0,-1.0,-1.0,-1.0,-1.0,-1.0,-1.0,-1.0,-1.0,-1.0,-1.0,-1.0,-1.0,-1.0,-1.0,-1.0,-1.0,-1.0,-1.0,-1.0,-1.0,-1.0,-1.0,-1.0,-1.0,-1.0,-1.0,-1.0,-1.0,-1.0,-1.0,-1.0,-1.0,-1.0,-1.0,-1.0,-1.0,-1.0,-1.0,-1.0,-1.0,-1.0,-1.0,-1.0,-1.0,-1.0,-1.0,-1.0,-1.0,-1.0,-1.0,-1.0,-1.0,-1.0,-1.0,-1.0,-1.0,-1.0,-1.0,-1.0,-1.0,-1.0,-1.0,-1.0,-1.0,-1.0,-1.0,-1.0,-1.0,-1.0,-1.0,-1.0,-1.0,-1.0,-1.0,-1.0,-1.0,-1.0,-1.0,-1.0,-1.0,-1.0,-1.0,-1.0,-1.0,-1.0,-1.0,-1.0,-1.0,-1.0,-1.0,-1.0,-1.0,-1.0,-1.0,-1.0,-1.0,-1.0,-1.0,-1.0,-1.0,-1.0,-1.0,-1.0,-1.0,-1.0,-1.0,-1.0,-1.0,-1.0,-1.0,-1.0,-1.0,-1.0,-1.0,-1.0,-1.0,-1.0,-1.0,-1.0,-1.0,-1.0,-1.0,-1.0,-1.0,-1.0,-1.0,-1.0,-1.0,-1.0,-1.0,-1.0,-1.0,-1.0,-1.0,-1.0,-1.0,-1.0,-1.0,-1.0,-1.0,-1.0,-1.0,-1.0,-1.0,-1.0,-1.0,-1.0,-1.0,-1.0,-1.0,-1.0,-1.0,-1.0,-1.0,-1.0,-1.0,-1.0,-1.0,-1.0,-1.0,-1.0,-1.0,-1.0,-1.0,-1.0,-1.0,-1.0,-1.0,-1.0,-1.0,-1.0,-1.0,-1.0,-1.0,-1.0,-1.0,-1.0,-1.0,-1.0,-1.0,-1.0,-1.0,-1.0,-1.0,-1.0,-1.0,-1.0,-1.0,-1.0,-1.0,-1.0,-1.0,-1.0,-1.0,-1.0,-1.0,-1.0,-1.0,-1.0,-1.0,-1.0,-1.0,-1.0,-1.0,-1.0,-1.0,-1.0,-1.0,-1.0,-1.0,-1.0,-1.0,-1.0,-1.0,-1.0,-1.0,-1.0,-1.0,-1.0,-1.0,-1.0,-1.0,-1.0,-1.0,-1.0,-1.0,-1.0,-1.0,-1.0,-1.0,-1.0,-1.0,-1.0,-1.0,-1.0,-1.0,-1.0,-1.0,-1.0,-1.0,-1.0,-1.0,-1.0,-1.0,-1.0,-1.0,-1.0,-1.0,-1.0,-1.0,-1.0,-1.0,-1.0,-1.0,-1.0,-1.0,-1.0,-1.0,-1.0,-1.0,-1.0,-1.0,-1.0,-1.0,-1.0,1.0,-1.0,-1.0,-1.0,-1.0,-1.0,-1.0,-1.0,-1.0,-1.0,-1.0,-1.0,-1.0,1.0,-1.0,-1.0,-1.0,-1.0,-1.0,-1.0,-1.0,-1.0,-1.0,-1.0,1.0,-1.0,-1.0,-1.0,-1.0,-1.0,-1.0,-1.0,-1.0,1.0,-1.0,-1.0,-1.0,-1.0,-1.0,-1.0,-1.0,1.0,-1.0,-1.0,-1.0,-1.0,-1.0,-1.0,-1.0,-1.0,-1.0,-1.0,-1.0
-1.0,-1.0,-1.0,-1.0,-1.0,-1.0,-1.0,-1.0,-1.0,-1.0,-1.0,-1.0,-1.0,-1.0,-1.0,-1.0,-1.0,-1.0,-1.0,-1.0,-1.0,-1.0,-1.0,-1.0,-1.0,-1.0,-1.0,-1.0,-1.0,-1.0,-1.0,-1.0,-1.0,-1.0,-1.0,-1.0,-1.0,-1.0,-1.0,-1.0,-1.0,-1.0,-1.0,-1.0,-1.0,-1.0,-1.0,-1.0,-1.0,-1.0,-1.0,-1.0,-1.0,-1.0,-1.0,-1.0,-1.0,-1.0,-1.0,-1.0,-1.0,-1.0,-1.0,-1.0,-1.0,-1.0,-1.0,-1.0,-1.0,-1.0,-1.0,-1.0,-1.0,-1.0,-1.0,-1.0,-1.0,-1.0,-1.0,-1.0,-1.0,-1.0,-1.0,-1.0,-1.0,-1.0,-1.0,-1.0,-1.0,-1.0,-1.0,-1.0,-1.0,-1.0,-1.0,-1.0,-1.0,-1.0,-1.0,-1.0,-1.0,-1.0,-1.0,-1.0,-1.0,-1.0,-1.0,-1.0,-1.0,-1.0,-1.0,-1.0,-1.0,-1.0,-1.0,-1.0,-1.0,-1.0,-1.0,-1.0,-1.0,-1.0,-1.0,-1.0,-1.0,-1.0,-1.0,-1.0,-1.0,-1.0,-1.0,-1.0,-1.0,-1.0,-1.0,-1.0,-1.0,-1.0,-1.0,-1.0,-1.0,-1.0,-1.0,-1.0,-1.0,-1.0,-1.0,-1.0,-1.0,-1.0,-1.0,-1.0,-1.0,-1.0,-1.0,-1.0,-1.0,-1.0,-1.0,-1.0,-1.0,-1.0,-1.0,-1.0,-1.0,-1.0,-1.0,-1.0,-1.0,-1.0,-1.0,-1.0,-1.0,-1.0,-1.0,-1.0,-1.0,-1.0,-1.0,-1.0,-1.0,-1.0,-1.0,-1.0,-1.0,-1.0,-1.0,-1.0,-1.0,-1.0,-1.0,-1.0,-1.0,-1.0,-1.0,-1.0,-1.0,-1.0,-1.0,-1.0,-1.0,-1.0,-1.0,-1.0,-1.0,-1.0,-1.0,-1.0,-1.0,-1.0,-1.0,-1.0,-1.0,-1.0,-1.0,-1.0,-1.0,-1.0,-1.0,-1.0,-1.0,-1.0,-1.0,-1.0,-1.0,-1.0,-1.0,-1.0,-1.0,-1.0,-1.0,-1.0,-1.0,-1.0,-1.0,-1.0,-1.0,-1.0,-1.0,-1.0,-1.0,-1.0,-1.0,-1.0,-1.0,-1.0,-1.0,-1.0,-1.0,-1.0,-1.0,-1.0,-1.0,-1.0,-1.0,-1.0,-1.0,-1.0,-1.0,-1.0,-1.0,-1.0,-1.0,-1.0,-1.0,-1.0,-1.0,-1.0,-1.0,-1.0,-1.0,-1.0,-1.0,-1.0,-1.0,-1.0,-1.0,-1.0,-1.0,-1.0,-1.0,-1.0,-1.0,-1.0,-1.0,-1.0,-1.0,-1.0,-1.0,-1.0,-1.0,-1.0,-1.0,-1.0,-1.0,-1.0,-1.0,-1.0,-1.0,-1.0,-1.0,-1.0,-1.0,-1.0,-1.0,-1.0,-1.0,-1.0,-1.0,-1.0,-1.0,-1.0,-1.0,-1.0,-1.0,-1.0,-1.0,-1.0,-1.0,-1.0,-1.0,-1.0,-1.0,-1.0,-1.0,-1.0,-1.0,-1.0,-1.0,-1.0,-1.0,-1.0,-1.0,-1.0,-1.0,-1.0,-1.0,-1.0,-1.0,-1.0,-1.0,-1.0,-1.0,-1.0,-1.0,-1.0,-1.0,-1.0,-1.0,-1.0,-1.0,-1.0,-1.0,-1.0,-1.0,-1.0,-1.0,-1.0,-1.0,-1.0,-1.0,-1.0,-1.0,-1.0,-1.0,-1.0,-1.0,-1.0,-1.0,-1.0,-1.0,-1.0,-1.0,-1.0,-1.0,-1.0,-1.0,-1.0,-1.0,-1.0,-1.0
-1.0,-1.0,-1.0,-1.0,-1.0,-1.0,-1.0,-1.0,-1.0,-1.0,-1.0,-1.0,-1.0,-1.0,-1.0,-1.0,-1.0,-1.0,-1.0,-1.0,-1.0,-1.0,-1.0,-1.0,-1.0,-1.0,-1.0,-1.0,-1.0,-1.0,-1.0,-1.0,-1.0,-1.0,-1.0,-1.0,-1.0,-1.0,-1.0,-1.0,-1.0,-1.0,-1.0,-1.0,-1.0,-1.0,-1.0,-1.0,-1.0,-1.0,-1.0,-1.0,-1.0,-1.0,-1.0,-1.0,-1.0,-1.0,-1.0,-1.0,-1.0,-1.0,-1.0,-1.0,-1.0,-1.0,-1.0,-1.0,-1.0,-1.0,-1.0,-1.0,-1.0,-1.0,-1.0,-1.0,-1.0,-1.0,-1.0,-1.0,-1.0,-1.0,-1.0,-1.0,-1.0,-1.0,-1.0,-1.0,-1.0,-1.0,-1.0,-1.0,-1.0,-1.0,-1.0,-1.0,-1.0,-1.0,-1.0,-1.0,-1.0,-1.0,-1.0,-1.0,-1.0,-1.0,-1.0,-1.0,-1.0,-1.0,-1.0,-1.0,-1.0,-1.0,-1.0,-1.0,-1.0,-1.0,-1.0,-1.0,-1.0,-1.0,-1.0,-1.0,-1.0,-1.0,-1.0,-1.0,-1.0,-1.0,-1.0,-1.0,-1.0,-1.0,-1.0,-1.0,-1.0,-1.0,-1.0,-1.0,-1.0,-1.0,-1.0,-1.0,-1.0,-1.0,-1.0,-1.0,-1.0,-1.0,-1.0,-1.0,-1.0,-1.0,-1.0,-1.0,-1.0,-1.0,-1.0,-1.0,-1.0,-1.0,-1.0,-1.0,-1.0,-1.0,-1.0,-1.0,-1.0,-1.0,-1.0,-1.0,-1.0,-1.0,-1.0,-1.0,-1.0,-1.0,-1.0,-1.0,-1.0,-1.0,-1.0,-1.0,-1.0,-1.0,-1.0,-1.0,-1.0,-1.0,-1.0,-1.0,-1.0,-1.0,-1.0,-1.0,-1.0,-1.0,-1.0,-1.0,-1.0,-1.0,-1.0,-1.0,-1.0,-1.0,-1.0,-1.0,-1.0,-1.0,-1.0,-1.0,-1.0,-1.0,-1.0,-1.0,-1.0,-1.0,-1.0,-1.0,-1.0,-1.0,-1.0,-1.0,-1.0,-1.0,-1.0,-1.0,-1.0,-1.0,-1.0,-1.0,-1.0,-1.0,-1.0,-1.0,-1.0,-1.0,-1.0,-1.0,-1.0,-1.0,-1.0,-1.0,-1.0,-1.0,-1.0,-1.0,-1.0,-1.0,-1.0,-1.0,-1.0,-1.0,-1.0,-1.0,-1.0,-1.0,-1.0,-1.0,-1.0,-1.0,-1.0,-1.0,-1.0,-1.0,-1.0,-1.0,-1.0,-1.0,-1.0,-1.0,-1.0,-1.0,-1.0,-1.0,-1.0,-1.0,-1.0,-1.0,-1.0,-1.0,-1.0,-1.0,-1.0,-1.0,-1.0,-1.0,-1.0,-1.0,-1.0,-1.0,-1.0,-1.0,-1.0,-1.0,-1.0,-1.0,-1.0,-1.0,-1.0,-1.0,-1.0,-1.0,-1.0,-1.0,-1.0,-1.0,-1.0,-1.0,-1.0,-1.0,-1.0,-1.0,-1.0,-1.0,-1.0,-1.0,-1.0,-1.0,-1.0,-1.0,-1.0,-1.0,-1.0,-1.0,-1.0,-1.0,-1.0,-1.0,-1.0,-1.0,-1.0,-1.0,-1.0,-1.0,-1.0,-1.0,-1.0,-1.0,-1.0,-1.0,-1.0,-1.0,-1.0,-1.0,-1.0,-1.0,-1.0,-1.0,-1.0,-1.0,-1.0,-1.0,-1.0,-1.0,-1.0,-1.0,-1.0,-1.0,-1.0,-1.0,-1.0,-1.0,-1.0,-1.0,-1.0,-1.0,-1.0,-1.0,-1.0,-1.0,-1.0,-1.0,-1.0,-1.0,-1.0,-1.0,-1.0,-1.0,-1.0
-1.0,-1.0,-1.0,-1.0,-1.0,-1.0,-1.0,-1.0,-1.0,-1.0,-1.0,-1.0,-1.0,-1.0,-1.0,-1.0,-1.0,-1.0,-1.0,-1.0,-1.0,-1.0,-1.0,-1.0,-1.0,-1.0,-1.0,-1.0,-1.0,-1.0,-1.0,-1.0,-1.0,-1.0,-1.0,-1.0,-1.0,-1.0,-1.0,-1.0,-1.0,-1.0,-1.0,-1.0,-1.0,-1.0,-1.0,-1.0,-1.0,-1.0,-1.0,-1.0,-1.0,-1.0,-1.0,-1.0,-1.0,-1.0,-1.0,-1.0,-1.0,-1.0,-1.0,-1.0,-1.0,-1.0,-1.0,-1.0,-1.0,-1.0,-1.0,-1.0,-1.0,-1.0,-1.0,-1.0,-1.0,-1.0,-1.0,-1.0,-1.0,-1.0,-1.0,-1.0,-1.0,-1.0,-1.0,-1.0,-1.0,-1.0,-1.0,-1.0,-1.0,-1.0,-1.0,-1.0,-1.0,-1.0,-1.0,-1.0,-1.0,-1.0,-1.0,-1.0,-1.0,-1.0,-1.0,-1.0,-1.0,-1.0,-1.0,-1.0,-1.0,-1.0,-1.0,-1.0,-1.0,-1.0,-1.0,-1.0,-1.0,-1.0,-1.0,-1.0,-1.0,-1.0,-1.0,-1.0,-1.0,-1.0,-1.0,-1.0,-1.0,-1.0,-1.0,-1.0,-1.0,-1.0,-1.0,-1.0,-1.0,-1.0,-1.0,-1.0,-1.0,-1.0,-1.0,-1.0,-1.0,-1.0,-1.0,-1.0,-1.0,-1.0,-1.0,-1.0,-1.0,-1.0,-1.0,-1.0,-1.0,-1.0,-1.0,-1.0,-1.0,-1.0,-1.0,-1.0,-1.0,-1.0,-1.0,-1.0,-1.0,-1.0,-1.0,-1.0,-1.0,-1.0,-1.0,-1.0,-1.0,-1.0,-1.0,-1.0,-1.0,-1.0,-1.0,-1.0,-1.0,-1.0,-1.0,-1.0,-1.0,-1.0,-1.0,-1.0,-1.0,-1.0,-1.0,-1.0,-1.0,-1.0,-1.0,-1.0,-1.0,-1.0,-1.0,-1.0,-1.0,-1.0,-1.0,-1.0,-1.0,-1.0,-1.0,-1.0,-1.0,-1.0,-1.0,-1.0,-1.0,-1.0,-1.0,-1.0,-1.0,-1.0,-1.0,-1.0,-1.0,-1.0,-1.0,-1.0,-1.0,-1.0,-1.0,-1.0,-1.0,-1.0,-1.0,-1.0,-1.0,-1.0,-1.0,-1.0,-1.0,-1.0,-1.0,-1.0,-1.0,-1.0,-1.0,-1.0,-1.0,-1.0,-1.0,-1.0,-1.0,-1.0,-1.0,-1.0,-1.0,-1.0,-1.0,-1.0,-1.0,-1.0,-1.0,-1.0,-1.0,-1.0,-1.0,-1.0,-1.0,-1.0,-1.0,-1.0,-1.0,-1.0,-1.0,-1.0,-1.0,-1.0,-1.0,-1.0,-1.0,-1.0,-1.0,-1.0,-1.0,-1.0,-1.0,-1.0,-1.0,-1.0,-1.0,-1.0,-1.0,-1.0,-1.0,-1.0,-1.0,-1.0,-1.0,-1.0,-1.0,-1.0,-1.0,-1.0,-1.0,-1.0,-1.0,-1.0,-1.0,-1.0,-1.0,-1.0,-1.0,-1.0,-1.0,-1.0,-1.0,-1.0,-1.0,-1.0,-1.0,-1.0,-1.0,-1.0,-1.0,-1.0,-1.0,-1.0,-1.0,-1.0,-1.0,-1.0,-1.0,-1.0,-1.0,-1.0,-1.0,-1.0,-1.0,-1.0,-1.0,-1.0,-1.0,-1.0,-1.0,-1.0,-1.0,-1.0,-1.0,-1.0,-1.0,-1.0,-1.0,-1.0,-1.0,-1.0,-1.0,-1.0,-1.0,-1.0,-1.0,-1.0,-1.0,-1.0,-1.0,-1.0,-1.0,-1.0,-1.0,-1.0,-1.0,-1.0,-1.0,-1.0,-1.0,-1.0,-1.0
-1.0,-1.0,-1.0,-1.0,-1.0,-1.0,-1.0,-1.0,-1.0,-1.0,-1.0,-1.0,-1.0,-1.0,-1.0,-1.0,-1.0,-1.0,-1.0,-1.0,-1.0,-1.0,-1.0,-1.0,-1.0,-1.0,-1.0,-1.0,-1.0,-1.0,-1.0,-1.0,-1.0,-1.0,-1.0,-1.0,-1.0,-1.0,-1.0,-1.0,-1.0,-1.0,-1.0,-1.0,-1.0,-1.0,-1.0,-1.0,-1.0,-1.0,-1.0,-1.0,-1.0,-1.0,-1.0,-1.0,-1.0,-1.0,-1.0,-1.0,-1.0,-1.0,-1.0,-1.0,-1.0,-1.0,-1.0,-1.0,-1.0,-1.0,-1.0,-1.0,-1.0,-1.0,-1.0,-1.0,-1.0,-1.0,-1.0,-1.0,-1.0,-1.0,-1.0,-1.0,-1.0,-1.0,-1.0,-1.0,-1.0,1.0,1.0,1.0,1.0,-1.0,-1.0,-1.0,-1.0,-1.0,-1.0,-1.0,-1.0,-1.0,-1.0,-1.0,-1.0,-1.0,-1.0,-1.0,-1.0,-1.0,-1.0,-1.0,-1.0,-1.0,-1.0,-1.0,-1.0,-1.0,-1.0,-1.0,-1.0,-1.0,-1.0,-1.0,-1.0,-1.0,-1.0,-1.0,-1.0,-1.0,-1.0,-1.0,-1.0,-1.0,-1.0,-1.0,-1.0,-1.0,-1.0,-1.0,-1.0,-1.0,-1.0,-1.0,-1.0,-1.0,-1.0,-1.0,-1.0,-1.0,-1.0,-1.0,-1.0,-1.0,-1.0,-1.0,-1.0,-1.0,-1.0,-1.0,-1.0,-1.0,-1.0,-1.0,-1.0,1.0,1.0,-1.0,-1.0,1.0,1.0,-1.0,-1.0,1.0,1.0,-1.0,-1.0,-1.0,-1.0,-1.0,1.0,1.0,-1.0,-1.0,-1.0,-1.0,-1.0,-1.0,1.0,1.0,-1.0,-1.0,-1.0,-1.0,-1.0,-1.0,-1.0,-1.0,-1.0,-1.0,-1.0,-1.0,-1.0,-1.0,-1.0,-1.0,-1.0,-1.0,-1.0,-1.0,-1.0,-1.0,-1.0,-1.0,-1.0,-1.0,-1.0,-1.0,-1.0,-1.0,-1.0,-1.0,-1.0,-1.0,-1.0,-1.0,-1.0,-1.0,-1.0,-1.0,-1.0,-1.0,-1.0,-1.0,-1.0,-1.0,-1.0,-1.0,-1.0,-1.0,-1.0,-1.0,-1.0,-1.0,-1.0,-1.0,-1.0,-1.0,-1.0,-1.0,-1.0,-1.0,1.0,1.0,-1.0,-1.0,-1.0,-1.0,-1.0,-1.0,1.0,1.0,-1.0,-1.0,-1.0,-1.0,-1.0,-1.0,1.0,1.0,-1.0,-1.0,-1.0,-1.0,-1.0,-1.0,1.0,1.0,-1.0,-1.0,-1.0,-1.0,-1.0,-1.0,-1.0,1.0,1.0,-1.0,-1.0,-1.0,-1.0,-1.0,1.0,1.0,-1.0,-1.0,-1.0,-1.0,-1.0,1.0,1.0,1.0,-1.0,-1.0,-1.0,-1.0,-1.0,1.0,1.0,1.0,-1.0,-1.0,-1.0,-1.0,-1.0,-1.0,-1.0,-1.0,-1.0,-1.0,-1.0,-1.0,-1.0,-1.0,-1.0,-1.0,-1.0,-1.0,-1.0,-1.0,-1.0,-1.0,-1.0,-1.0,-1.0,-1.0,-1.0,-1.0,-1.0,-1.0,-1.0,-1.0,-1.0,-1.0,-1.0,-1.0,-1.0,-1.0,-1.0,-1.0,-1.0,-1.0,-1.0,-1.0,-1.0,-1.0,-1.0,-1.0,-1.0,-1.0,-1.0,-1.0,-1.0,-1.0,-1.0,-1.0,-1.0,-1.0,-1.0,-1.0,-1.0,-1.0,-1.0,-1.0,-1.0,-1.0,-1.0,-1.0,-1.0,-1.0,-1.0
-1.0,-1.0,-1.0,-1.0,-1.0,-1.0,-1.0,-1.0,-1.0,-1.0,-1.0,-1.0,-1.0,-1.0,-1.0,-1.0,-1.0,-1.0,-1.0,-1.0,-1.0,-1.0,-1.0,-1.0,-1.0,-1.0,-1.0,-1.0,-1.0,-1.0,-1.0,-1.0,-1.0,-1.0,-1.0,-1.0,-1.0,-1.0,-1.0,-1.0,-1.0,-1.0,-1.0,-1.0,-1.0,-1.0,-1.0,-1.0,-1.0,-1.0,-1.0,-1.0,-1.0,-1.0,-1.0,-1.0,-1.0,-1.0,-1.0,-1.0,-1.0,-1.0,-1.0,-1.0,-1.0,-1.0,-1.0,-1.0,-1.0,-1.0,-1.0,-1.0,-1.0,-1.0,-1.0,-1.0,-1.0,-1.0,-1.0,-1.0,-1.0,-1.0,-1.0,-1.0,-1.0,-1.0,-1.0,-1.0,-1.0,-1.0,-1.0,-1.0,-1.0,-1.0,-1.0,-1.0,-1.0,-1.0,-1.0,-1.0,-1.0,-1.0,-1.0,-1.0,-1.0,-1.0,-1.0,-1.0,-1.0,-1.0,-1.0,-1.0,-1.0,-1.0,-1.0,-1.0,-1.0,-1.0,-1.0,-1.0,-1.0,-1.0,-1.0,-1.0,-1.0,-1.0,-1.0,-1.0,-1.0,-1.0,-1.0,-1.0,-1.0,-1.0,-1.0,-1.0,-1.0,-1.0,-1.0,-1.0,-1.0,-1.0,-1.0,-1.0,-1.0,-1.0,-1.0,-1.0,-1.0,-1.0,-1.0,-1.0,-1.0,-1.0,-1.0,-1.0,-1.0,-1.0,-1.0,-1.0,-1.0,-1.0,-1.0,-1.0,-1.0,-1.0,-1.0,-1.0,-1.0,-1.0,-1.0,-1.0,-1.0,-1.0,-1.0,-1.0,-1.0,-1.0,-1.0,-1.0,-1.0,-1.0,-1.0,-1.0,-1.0,-1.0,-1.0,-1.0,-1.0,-1.0,-1.0,-1.0,-1.0,-1.0,-1.0,-1.0,-1.0,-1.0,-1.0,-1.0,-1.0,-1.0,-1.0,-1.0,-1.0,-1.0,-1.0,-1.0,-1.0,-1.0,-1.0,-1.0,-1.0,-1.0,-1.0,-1.0,-1.0,-1.0,-1.0,-1.0,-1.0,-1.0,-1.0,-1.0,-1.0,-1.0,-1.0,-1.0,-1.0,-1.0,-1.0,-1.0,-1.0,-1.0,-1.0,-1.0,-1.0,-1.0,-1.0,-1.0,-1.0,-1.0,-1.0,-1.0,-1.0,-1.0,-1.0,-1.0,-1.0,-1.0,-1.0,-1.0,-1.0,-1.0,-1.0,-1.0,-1.0,-1.0,-1.0,-1.0,-1.0,-1.0,-1.0,-1.0,-1.0,-1.0,-1.0,-1.0,-1.0,-1.0,-1.0,-1.0,-1.0,-1.0,-1.0,-1.0,-1.0,-1.0,-1.0,-1.0,-1.0,-1.0,-1.0,-1.0,-1.0,-1.0,-1.0,-1.0,-1.0,-1.0,-1.0,-1.0,-1.0,-1.0,-1.0,-1.0,-1.0,-1.0,-1.0,-1.0,-1.0,-1.0,-1.0,-1.0,-1.0,-1.0,-1.0,-1.0,-1.0,-1.0,-1.0,-1.0,-1.0,-1.0,-1.0,-1.0,-1.0,-1.0,-1.0,-1.0,-1.0,-1.0,-1.0,-1.0,-1.0,-1.0,-1.0,-1.0,-1.0,-1.0,-1.0,-1.0,-1.0,-1.0,-1.0,-1.0,-1.0,-1.0,-1.0,-1.0,-1.0,-1.0,-1.0,-1.0,-1.0,-1.0,-1.0,-1.0,-1.0,-1.0,-1.0,-1.0,-1.0,-1.0,-1.0,-1.0,-1.0,-1.0,-1.0,-1.0,-1.0,-1.0,-1.0,-1.0,-1.0,-1.0,-1.0,-1.0,-1.0,-1.0,-1.0,-1.0,-1.0,-1.0,-1.0,-1.0,-1.0,-1.0,-1.0,-1.0,-1.0
-1.0,-1.0,1.0,1.0,1.0,1.0,1.0,1.0,1.0,1.0,1.0,1.0,1.0,1.0,-1.0,1.0,1.0,1.0,1.0,1.0,1.0,1.0,1.0,1.0,1.0,-1.0,1.0,1.0,1.0,1.0,1.0,1.0,1.0,-1.0,1.0,1.0,1.0,1.0,1.0,1.0,1.0,1.0,-1.0,1.0,1.0,1.0,1.0,1.0,1.0,1.0,1.0,1.0,1.0,-1.0,1.0,1.0,1.0,1.0,1.0,1.0,1.0,1.0,1.0,1.0,1.0,1.0,-1.0,-1.0,-1.0,1.0,1.0,1.0,1.0,-1.0,-1.0,-1.0,1.0,1.0,-1.0,-1.0,-1.0,-1.0,-1.0,-1.0,-1.0,-1.0,-1.0,-1.0,-1.0,-1.0,-1.0,-1.0,-1.0,-1.0,-1.0,-1.0,-1.0,-1.0,-1.0,-1.0,-1.0,-1.0,-1.0,-1.0,-1.0,-1.0,-1.0,-1.0,-1.0,-1.0,-1.0,-1.0,-1.0,-1.0,-1.0,-1.0,-1.0,-1.0,-1.0,-1.0,-1.0,-1.0,-1.0,-1.0,-1.0,-1.0,-1.0,-1.0,-1.0,-1.0,-1.0,-1.0,-1.0,-1.0,-1.0,-1.0,-1.0,-1.0,-1.0,-1.0,-1.0,-1.0,-1.0,-1.0,-1.0,-1.0,-1.0,1.0,1.0,1.0,-1.0,-1.0,-1.0,-1.0,-1.0,-1.0,-1.0,-1.0,-1.0,-1.0,-1.0,-1.0,-1.0,-1.0,-1.0,-1.0,-1.0,-1.0,-1.0,-1.0,-1.0,-1.0,-1.0,-1.0,-1.0,-1.0,-1.0,-1.0,-1.0,-1.0,-1.0,-1.0,-1.0,-1.0,-1.0,-1.0,-1.0,-1.0,-1.0,-1.0,-1.0,-1.0,-1.0,-1.0,-1.0,-1.0,-1.0,-1.0,-1.0,-1.0,-1.0,-1.0,-1.0,-1.0,-1.0,-1.0,-1.0,-1.0,-1.0,-1.0,-1.0,-1.0,-1.0,-1.0,-1.0,-1.0,-1.0,-1.0,-1.0,-1.0,-1.0,-1.0,-1.0,-1.0,-1.0,-1.0,-1.0,-1.0,-1.0,-1.0,-1.0,-1.0,-1.0,-1.0,-1.0,-1.0,-1.0,-1.0,-1.0,-1.0,-1.0,-1.0,-1.0,-1.0,-1.0,-1.0,-1.0,-1.0,-1.0,-1.0,-1.0,-1.0,-1.0,-1.0,-1.0,-1.0,-1.0,-1.0,-1.0,-1.0,-1.0,-1.0,-1.0,-1.0,-1.0,-1.0,-1.0,-1.0,-1.0,-1.0,-1.0,-1.0,-1.0,-1.0,-1.0,-1.0,-1.0,-1.0,-1.0,-1.0,-1.0,-1.0,-1.0,-1.0,-1.0,-1.0,-1.0,-1.0,-1.0,-1.0,-1.0,-1.0,-1.0,-1.0,-1.0,-1.0,-1.0,-1.0,-1.0,-1.0,-1.0,-1.0,-1.0,-1.0,-1.0,-1.0,-1.0,-1.0,-1.0,-1.0,-1.0,-1.0,-1.0,-1.0,-1.0,-1.0,-1.0,-1.0,-1.0,-1.0,-1.0,-1.0,-1.0,-1.0,-1.0,-1.0,1.0,1.0,1.0,1.0,1.0,1.0,1.0,1.0,1.0,1.0,1.0,1.0,1.0,1.0,1.0,1.0,1.0,1.0,1.0,1.0,1.0,1.0,1.0,1.0,1.0,1.0,1.0,1.0,1.0,1.0,1.0,1.0,1.0,1.0,1.0,1.0,1.0,1.0,1.0,1.0,1.0,1.0,1.0,1.0,1.0,1.0,1.0,1.0,-1.0,-1.0,-1.0,-1.0,-1.0,-1.0,-1.0
-1.0,-1.0,-1.0,-1.0,-1.0,-1.0,-1.0,-1.0,-1.0,-1.0,-1.0,-1.0,-1.0,-1.0,-1.0,-1.0,-1.0,-1.0,-1.0,-1.0,-1.0,-1.0,-1.0,-1.0,-1.0,-1.0,-1.0,-1.0,-1.0,-1.0,-1.0,-1.0,-1.0,-1.0,-1.0,-1.0,-1.0,-1.0,-1.0,-1.0,-1.0,-1.0,-1.0,-1.0,-1.0,-1.0,-1.0,-1.0,-1.0,-1.0,-1.0,-1.0,-1.0,-1.0,-1.0,-1.0,-1.0,-1.0,-1.0,-1.0,-1.0,-1.0,-1.0,-1.0,-1.0,-1.0,-1.0,-1.0,-1.0,-1.0,-1.0,-1.0,-1.0,-1.0,-1.0,-1.0,-1.0,-1.0,-1.0,-1.0,-1.0,-1.0,-1.0,-1.0,-1.0,-1.0,-1.0,-1.0,-1.0,-1.0,-1.0,-1.0,-1.0,-1.0,-1.0,-1.0,-1.0,-1.0,-1.0,-1.0,-1.0,-1.0,-1.0,-1.0,-1.0,-1.0,-1.0,-1.0,-1.0,-1.0,-1.0,-1.0,-1.0,-1.0,-1.0,-1.0,-1.0,-1.0,-1.0,-1.0,-1.0,-1.0,-1.0,-1.0,-1.0,-1.0,-1.0,-1.0,-1.0,-1.0,-1.0,-1.0,-1.0,-1.0,-1.0,-1.0,-1.0,-1.0,-1.0,-1.0,-1.0,-1.0,-1.0,-1.0,-1.0,-1.0,-1.0,-1.0,-1.0,-1.0,-1.0,-1.0,-1.0,-1.0,-1.0,-1.0,-1.0,-1.0,-1.0,-1.0,-1.0,-1.0,-1.0,-1.0,-1.0,-1.0,-1.0,-1.0,-1.0,-1.0,-1.0,-1.0,-1.0,-1.0,-1.0,-1.0,-1.0,-1.0,-1.0,-1.0,-1.0,-1.0,-1.0,-1.0,-1.0,-1.0,-1.0,-1.0,-1.0,-1.0,-1.0,-1.0,-1.0,-1.0,-1.0,-1.0,-1.0,-1.0,-1.0,-1.0,-1.0,-1.0,-1.0,-1.0,-1.0,-1.0,-1.0,-1.0,-1.0,-1.0,-1.0,-1.0,-1.0,-1.0,-1.0,-1.0,-1.0,-1.0,-1.0,-1.0,-1.0,-1.0,-1.0,-1.0,-1.0,-1.0,-1.0,-1.0,-1.0,-1.0,-1.0,-1.0,-1.0,-1.0,-1.0,-1.0,-1.0,-1.0,-1.0,-1.0,-1.0,-1.0,-1.0,-1.0,-1.0,-1.0,-1.0,-1.0,-1.0,-1.0,-1.0,-1.0,-1.0,-1.0,-1.0,-1.0,-1.0,-1.0,-1.0,-1.0,-1.0,-1.0,-1.0,-1.0,-1.0,-1.0,-1.0,-1.0,-1.0,-1.0,-1.0,-1.0,-1.0,-1.0,-1.0,-1.0,-1.0,-1.0,-1.0,-1.0,-1.0,-1.0,-1.0,-1.0,-1.0,-1.0,-1.0,-1.0,-1.0,-1.0,-1.0,-1.0,-1.0,-1.0,-1.0,-1.0,-1.0,-1.0,-1.0,-1.0,-1.0,-1.0,-1.0,-1.0,-1.0,-1.0,-1.0,-1.0,-1.0,-1.0,-1.0,-1.0,-1.0,-1.0,-1.0,-1.0,-1.0,-1.0,-1.0,-1.0,-1.0,-1.0,-1.0,-1.0,-1.0,-1.0,-1.0,-1.0,-1.0,-1.0,-1.0,-1.0,-1.0,-1.0,-1.0,-1.0,-1.0,-1.0,-1.0,-1.0,-1.0,-1.0,-1.0,-1.0,-1.0,-1.0,-1.0,-1.0,-1.0,-1.0,-1.0,-1.0,-1.0,-1.0,-1.0,-1.0,-1.0,-1.0,-1.0,-1.0,-1.0,-1.0,-1.0,-1.0,-1.0,-1.0,-1.0,-1.0,-1.0,-1.0,-1.0,-1.0,-1.0,-1.0,-1.0,-1.0,-1.0,-1.0,-1.0,-1.0,-1.0
-1.0,-1.0,-1.0,-1.0,-1.0,-1.0,-1.0,-1.0,-1.0,-1.0,-1.0,-1.0,-1.0,-1.0,-1.0,-1.0,-1.0,-1.0,-1.0,-1.0,-1.0,-1.0,-1.0,-1.0,-1.0,-1.0,-1.0,-1.0,-1.0,-1.0,-1.0,-1.0,-1.0,-1.0,-1.0,-1.0,-1.0,-1.0,-1.0,-1.0,-1.0,-1.0,-1.0,-1.0,-1.0,-1.0,-1.0,-1.0,-1.0,-1.0,-1.0,-1.0,-1.0,-1.0,-1.0,-1.0,-1.0,-1.0,-1.0,-1.0,-1.0,-1.0,-1.0,-1.0,-1.0,-1.0,-1.0,-1.0,-1.0,-1.0,-1.0,-1.0,-1.0,-1.0,-1.0,-1.0,-1.0,-1.0,-1.0,-1.0,-1.0,-1.0,-1.0,-1.0,-1.0,-1.0,-1.0,-1.0,-1.0,-1.0,-1.0,-1.0,-1.0,-1.0,-1.0,-1.0,-1.0,-1.0,-1.0,-1.0,-1.0,-1.0,-1.0,-1.0,-1.0,-1.0,-1.0,-1.0,-1.0,-1.0,-1.0,-1.0,-1.0,-1.0,-1.0,-1.0,-1.0,-1.0,-1.0,-1.0,-1.0,-1.0,-1.0,-1.0,-1.0,-1.0,-1.0,-1.0,-1.0,-1.0,-1.0,-1.0,-1.0,-1.0,-1.0,-1.0,-1.0,-1.0,-1.0,-1.0,-1.0,-1.0,-1.0,-1.0,-1.0,-1.0,-1.0,-1.0,-1.0,-1.0,-1.0,-1.0,-1.0,-1.0,-1.0,-1.0,-1.0,-1.0,-1.0,-1.0,-1.0,-1.0,1.0,1.0,-1.0,-1.0,-1.0,-1.0,-1.0,-1.0,-1.0,-1.0,-1.0,-1.0,-1.0,-1.0,-1.0,-1.0,-1.0,-1.0,-1.0,-1.0,-1.0,-1.0,-1.0,-1.0,-1.0,-1.0,-1.0,-1.0,-1.0,-1.0,-1.0,-1.0,-1.0,-1.0,-1.0,-1.0,-1.0,-1.0,-1.0,-1.0,-1.0,-1.0,-1.0,-1.0,-1.0,-1.0,-1.0,-1.0,-1.0,-1.0,-1.0,-1.0,-1.0,-1.0,-1.0,-1.0,-1.0,-1.0,-1.0,-1.0,-1.0,-1.0,-1.0,-1.0,-1.0,-1.0,-1.0,-1.0,-1.0,-1.0,-1.0,-1.0,-1.0,-1.0,-1.0,-1.0,-1.0,-1.0,-1.0,-1.0,-1.0,-1.0,-1.0,-1.0,-1.0,-1.0,-1.0,-1.0,-1.0,-1.0,-1.0,-1.0,-1.0,-1.0,-1.0,-1.0,-1.0,-1.0,-1.0,-1.0,-1.0,-1.0,-1.0,-1.0,-1.0,-1.0,-1.0,-1.0,-1.0,-1.0,-1.0,-1.0,-1.0,-1.0,-1.0,-1.0,-1.0,-1.0,-1.0,-1.0,-1.0,-1.0,-1.0,-1.0,-1.0,-1.0,-1.0,-1.0,-1.0,-1.0,-1.0,-1.0,-1.0,-1.0,-1.0,-1.0,-1.0,-1.0,-1.0,-1.0,-1.0,-1.0,-1.0,-1.0,-1.0,-1.0,-1.0,-1.0,-1.0,-1.0,-1.0,-1.0,-1.0,-1.0,-1.0,-1.0,-1.0,-1.0,-1.0,-1.0,-1.0,-1.0,-1.0,-1.0,-1.0,-1.0,-1.0,-1.0,-1.0,-1.0,-1.0,-1.0,-1.0,-1.0,-1.0,-1.0,-1.0,-1.0,-1.0,-1.0,-1.0,-1.0,-1.0,-1.0,-1.0,-1.0,-1.0,-1.0,-1.0,-1.0,-1.0,-1.0,-1.0,-1.0,-1.0,-1.0,-1.0,-1.0,-1.0,-1.0,-1.0,-1.0,-1.0,-1.0,-1.0,-1.0,-1.0,-1.0,-1.0,-1.0,-1.0,-1.0,-1.0,-1.0,-1.0,-1.0,1.0,-1.0,-1.0
-1.0,-1.0,-1.0,-1.0,-1.0,-1.0,-1.0,-1.0,-1.0,-1.0,-1.0,-1.0,-1.0,-1.0,-1.0,-1.0,-1.0,-1.0,-1.0,-1.0,-1.0,-1.0,-1.0,-1.0,-1.0,-1.0,-1.0,-1.0,-1.0,-1.0,-1.0,-1.0,-1.0,-1.0,-1.0,-1.0,-1.0,-1.0,-1.0,-1.0,-1.0,-1.0,-1.0,-1.0,-1.0,-1.0,-1.0,-1.0,-1.0,-1.0,-1.0,-1.0,-1.0,-1.0,-1.0,-1.0,-1.0,-1.0,-1.0,-1.0,-1.0,-1.0,-1.0,-1.0,-1.0,-1.0,-1.0,-1.0,-1.0,-1.0,-1.0,-1.0,-1.0,-1.0,-1.0,-1.0,-1.0,-1.0,-1.0,-1.0,-1.0,-1.0,-1.0,-1.0,-1.0,-1.0,-1.0,-1.0,-1.0,-1.0,-1.0,-1.0,-1.0,-1.0,-1.0,-1.0,-1.0,-1.0,-1.0,-1.0,-1.0,-1.0,-1.0,-1.0,-1.0,-1.0,-1.0,-1.0,-1.0,-1.0,-1.0,-1.0,-1.0,-1.0,-1.0,-1.0,-1.0,-1.0,-1.0,-1.0,-1.0,-1.0,-1.0,-1.0,-1.0,-1.0,-1.0,-1.0,-1.0,-1.0,-1.0,-1.0,-1.0,-1.0,-1.0,-1.0,-1.0,-1.0,-1.0,-1.0,-1.0,-1.0,-1.0,-1.0,-1.0,-1.0,-1.0,-1.0,-1.0,-1.0,-1.0,-1.0,-1.0,-1.0,-1.0,-1.0,-1.0,-1.0,-1.0,-1.0,-1.0,-1.0,-1.0,-1.0,-1.0,-1.0,-1.0,-1.0,-1.0,-1.0,-1.0,-1.0,-1.0,-1.0,-1.0,-1.0,-1.0,-1.0,-1.0,-1.0,-1.0,-1.0,-1.0,-1.0,-1.0,-1.0,-1.0,-1.0,-1.0,-1.0,-1.0,-1.0,-1.0,-1.0,-1.0,-1.0,-1.0,-1.0,-1.0,-1.0,-1.0,-1.0,-1.0,-1.0,-1.0,-1.0,-1.0,-1.0,-1.0,-1.0,-1.0,-1.0,-1.0,-1.0,-1.0,-1.0,-1.0,-1.0,-1.0,-1.0,-1.0,-1.0,-1.0,-1.0,-1.0,-1.0,-1.0,-1.0,-1.0,-1.0,-1.0,-1.0,-1.0,-1.0,-1.0,-1.0,-1.0,-1.0,-1.0,-1.0,-1.0,-1.0,-1.0,-1.0,-1.0,-1.0,-1.0,-1.0,-1.0,-1.0,-1.0,-1.0,-1.0,-1.0,-1.0,-1.0,-1.0,-1.0,-1.0,-1.0,-1.0,-1.0,-1.0,-1.0,-1.0,-1.0,-1.0,-1.0,-1.0,-1.0,-1.0,-1.0,-1.0,-1.0,-1.0,-1.0,-1.0,-1.0,-1.0,-1.0,-1.0,-1.0,-1.0,-1.0,-1.0,-1.0,-1.0,-1.0,-1.0,-1.0,-1.0,-1.0,-1.0,-1.0,-1.0,-1.0,-1.0,-1.0,-1.0,-1.0,-1.0,-1.0,-1.0,-1.0,-1.0,-1.0,-1.0,-1.0,-1.0,-1.0,-1.0,-1.0,-1.0,-1.0,-1.0,-1.0,-1.0,-1.0,-1.0,-1.0,-1.0,-1.0,-1.0,-1.0,-1.0,-1.0,-1.0,-1.0,-1.0,-1.0,-1.0,-1.0,-1.0,-1.0,-1.0,-1.0,-1.0,-1.0,-1.0,-1.0,-1.0,-1.0,-1.0,-1.0,-1.0,-1.0,-1.0,-1.0,-1.0,-1.0,-1.0,-1.0,-1.0,-1.0,-1.0,-1.0,-1.0,-1.0,-1.0,-1.0,-1.0,-1.0,-1.0,-1.0,-1.0,-1.0,-1.0,-1.0,-1.0,-1.0,-1.0,-1.0,-1.0,-1.0,-1.0,-1.0,-1.0,-1.0,-1.0,-1.0,-1.0
-1.0,-1.0,-1.0,-1.0,-1.0,-1.0,-1.0,-1.0,-1.0,-1.0,-1.0,-1.0,-1.0,-1.0,-1.0,-1.0,-1.0,-1.0,-1.0,-1.0,-1.0,-1.0,-1.0,-1.0,-1.0,-1.0,-1.0,-1.0,-1.0,-1.0,-1.0,-1.0,-1.0,-1.0,-1.0,-1.0,-1.0,-1.0,-1.0,-1.0,-1.0,-1.0,-1.0,-1.0,-1.0,-1.0,-1.0,-1.0,-1.0,-1.0,-1.0,-1.0,-1.0,-1.0,-1.0,-1.0,-1.0,-1.0,-1.0,-1.0,-1.0,-1.0,-1.0,-1.0,-1.0,-1.0,-1.0,-1.0,-1.0,-1.0,-1.0,-1.0,-1.0,-1.0,-1.0,-1.0,-1.0,-1.0,-1.0,-1.0,-1.0,-1.0,-1.0,-1.0,-1.0,-1.0,-1.0,-1.0,-1.0,-1.0,-1.0,-1.0,-1.0,-1.0,-1.0,-1.0,-1.0,-1.0,-1.0,-1.0,-1.0,-1.0,-1.0,-1.0,-1.0,-1.0,-1.0,-1.0,-1.0,-1.0,-1.0,-1.0,-1.0,-1.0,-1.0,-1.0,-1.0,-1.0,-1.0,-1.0,-1.0,-1.0,-1.0,-1.0,-1.0,-1.0,-1.0,-1.0,-1.0,-1.0,-1.0,-1.0,-1.0,-1.0,-1.0,-1.0,-1.0,-1.0,-1.0,-1.0,-1.0,-1.0,-1.0,-1.0,-1.0,-1.0,-1.0,-1.0,-1.0,-1.0,-1.0,-1.0,-1.0,-1.0,-1.0,-1.0,-1.0,-1.0,-1.0,-1.0,-1.0,-1.0,-1.0,-1.0,-1.0,-1.0,-1.0,-1.0,-1.0,-1.0,-1.0,-1.0,-1.0,-1.0,-1.0,-1.0,-1.0,-1.0,-1.0,-1.0,-1.0,-1.0,-1.0,-1.0,-1.0,-1.0,-1.0,-1.0,-1.0,-1.0,-1.0,-1.0,-1.0,-1.0,-1.0,-1.0,-1.0,-1.0,-1.0,-1.0,-1.0,-1.0,-1.0,-1.0,-1.0,-1.0,-1.0,-1.0,-1.0,-1.0,-1.0,-1.0,-1.0,-1.0,-1.0,-1.0,-1.0,-1.0,-1.0,-1.0,-1.0,-1.0,-1.0,-1.0,-1.0,-1.0,-1.0,-1.0,-1.0,-1.0,-1.0,-1.0,-1.0,-1.0,-1.0,-1.0,-1.0,-1.0,-1.0,-1.0,-1.0,-1.0,-1.0,-1.0,-1.0,-1.0,-1.0,-1.0,-1.0,-1.0,-1.0,-1.0,-1.0,-1.0,-1.0,-1.0,-1.0,-1.0,-1.0,-1.0,-1.0,-1.0,-1.0,-1.0,-1.0,-1.0,-1.0,-1.0,-1.0,-1.0,-1.0,-1.0,-1.0,-1.0,-1.0,-1.0,-1.0,-1.0,-1.0,-1.0,-1.0,-1.0,-1.0,-1.0,-1.0,-1.0,-1.0,-1.0,-1.0,-1.0,-1.0,-1.0,-1.0,-1.0,-1.0,-1.0,-1.0,-1.0,-1.0,-1.0,-1.0,-1.0,-1.0,-1.0,-1.0,-1.0,-1.0,-1.0,-1.0,-1.0,-1.0,-1.0,-1.0,-1.0,-1.0,-1.0,-1.0,-1.0,-1.0,-1.0,-1.0,-1.0,-1.0,-1.0,-1.0,-1.0,-1.0,-1.0,-1.0,-1.0,-1.0,-1.0,-1.0,-1.0,-1.0,-1.0,-1.0,-1.0,-1.0,-1.0,-1.0,-1.0,-1.0,-1.0,-1.0,-1.0,-1.0,-1.0,-1.0,-1.0,-1.0,-1.0,-1.0,-1.0,-1.0,-1.0,-1.0,-1.0,-1.0,-1.0,-1.0,-1.0,-1.0,-1.0,-1.0,-1.0,-1.0,-1.0,-1.0,-1.0,-1.0,-1.0,-1.0,-1.0,-1.0,-1.0,-1.0,-1.0,-1.0,-1.0,-1.0
-1.0,-1.0,-1.0,-1.0,-1.0,-1.0,-1.0,-1.0,-1.0,-1.0,-1.0,-1.0,-1.0,-1.0,-1.0,-1.0,-1.0,-1.0,-1.0,-1.0,-1.0,-1.0,-1.0,-1.0,-1.0,-1.0,-1.0,-1.0,-1.0,-1.0,-1.0,-1.0,-1.0,-1.0,-1.0,-1.0,-1.0,-1.0,-1.0,-1.0,-1.0,-1.0,-1.0,-1.0,-1.0,-1.0,-1.0,-1.0,-1.0,-1.0,-1.0,-1.0,-1.0,-1.0,-1.0,-1.0,-1.0,-1.0,-1.0,-1.0,-1.0,-1.0,-1.0,-1.0,-1.0,-1.0,-1.0,-1.0,-1.0,-1.0,-1.0,-1.0,-1.0,-1.0,-1.0,-1.0,-1.0,-1.0,-1.0,-1.0,-1.0,-1.0,-1.0,-1.0,-1.0,-1.0,-1.0,-1.0,-1.0,-1.0,-1.0,-1.0,-1.0,-1.0,-1.0,-1.0,-1.0,-1.0,-1.0,-1.0,-1.0,-1.0,-1.0,-1.0,-1.0,-1.0,-1.0,-1.0,-1.0,-1.0,-1.0,-1.0,-1.0,-1.0,-1.0,-1.0,-1.0,-1.0,-1.0,-1.0,-1.0,-1.0,-1.0,-1.0,-1.0,-1.0,-1.0,-1.0,-1.0,-1.0,-1.0,-1.0,-1.0,-1.0,-1.0,-1.0,-1.0,-1.0,-1.0,-1.0,-1.0,-1.0,-1.0,-1.0,-1.0,-1.0,-1.0,-1.0,-1.0,-1.0,-1.0,-1.0,-1.0,-1.0,-1.0,-1.0,-1.0,-1.0,-1.0,-1.0,-1.0,-1.0,-1.0,-1.0,-1.0,-1.0,-1.0,-1.0,-1.0,-1.0,-1.0,-1.0,-1.0,-1.0,-1.0,-1.0,-1.0,-1.0,-1.0,-1.0,-1.0,-1.0,-1.0,-1.0,-1.0,-1.0,-1.0,-1.0,-1.0,-1.0,-1.0,-1.0,-1.0,-1.0,-1.0,-1.0,-1.0,-1.0,-1.0,-1.0,-1.0,-1.0,-1.0,-1.0,-1.0,-1.0,-1.0,-1.0,-1.0,-1.0,-1.0,-1.0,-1.0,-1.0,-1.0,-1.0,-1.0,-1.0,-1.0,-1.0,-1.0,-1.0,-1.0,-1.0,-1.0,-1.0,-1.0,-1.0,-1.0,-1.0,-1.0,-1.0,-1.0,-1.0,-1.0,-1.0,-1.0,-1.0,-1.0,-1.0,-1.0,-1.0,-1.0,-1.0,-1.0,-1.0,-1.0,-1.0,-1.0,-1.0,-1.0,-1.0,-1.0,-1.0,-1.0,-1.0,-1.0,-1.0,-1.0,-1.0,-1.0,-1.0,-1.0,-1.0,-1.0,-1.0,-1.0,-1.0,-1.0,-1.0,-1.0,-1.0,-1.0,-1.0,-1.0,-1.0,-1.0,-1.0,-1.0,-1.0,-1.0,-1.0,-1.0,-1.0,-1.0,-1.0,-1.0,-1.0,-1.0,-1.0,-1.0,-1.0,-1.0,-1.0,-1.0,-1.0,-1.0,-1.0,-1.0,-1.0,-1.0,-1.0,-1.0,-1.0,-1.0,-1.0,-1.0,-1.0,-1.0,-1.0,-1.0,-1.0,-1.0,-1.0,-1.0,-1.0,-1.0,-1.0,-1.0,-1.0,-1.0,-1.0,-1.0,-1.0,-1.0,-1.0,-1.0,-1.0,-1.0,-1.0,-1.0,-1.0,-1.0,-1.0,-1.0,-1.0,-1.0,-1.0,-1.0,-1.0,-1.0,-1.0,-1.0,-1.0,-1.0,-1.0,-1.0,-1.0,-1.0,-1.0,-1.0,-1.0,-1.0,-1.0,-1.0,-1.0,-1.0,-1.0,-1.0,-1.0,-1.0,-1.0,-1.0,-1.0,-1.0,-1.0,-1.0,-1.0,-1.0,-1.0,-1.0,-1.0,-1.0,-1.0,-1.0,-1.0,-1.0,-1.0,-1.0,-1.0,-1.0
1.0,1.0,1.0,1.0,1.0,1.0,1.0,1.0,1.0,1.0,1.0,1.0,1.0,1.0,1.0,1.0,1.0,1.0,1.0,1.0,1.0,1.0,1.0,1.0,1.0,1.0,1.0,1.0,1.0,1.0,1.0,1.0,1.0,1.0,1.0,1.0,1.0,1.0,1.0,1.0,1.0,1.0,1.0,1.0,1.0,1.0,1.0,1.0,1.0,1.0,1.0,1.0,1.0,1.0,1.0,1.0,1.0,1.0,1.0,1.0,1.0,1.0,1.0,1.0,1.0,1.0,1.0,1.0,1.0,1.0,1.0,1.0,1.0,1.0,1.0,1.0,1.0,1.0,1.0,1.0,1.0,1.0,1.0,1.0,1.0,1.0,1.0,1.0,1.0,1.0,1.0,1.0,1.0,1.0,1.0,1.0,1.0,1.0,1.0,1.0,1.0,1.0,1.0,1.0,1.0,1.0,1.0,1.0,1.0,1.0,1.0,1.0,1.0,1.0,1.0,1.0,1.0,1.0,1.0,1.0,1.0,1.0,1.0,1.0,1.0,1.0,1.0,1.0,1.0,1.0,1.0,1.0,1.0,1.0,1.0,1.0,1.0,1.0,1.0,1.0,1.0,1.0,1.0,1.0,1.0,1.0,1.0,1.0,1.0,1.0,1.0,1.0,1.0,1.0,1.0,1.0,1.0,1.0,1.0,1.0,1.0,1.0,1.0,1.0,1.0,1.0,1.0,1.0,1.0,1.0,1.0,1.0,1.0,1.0,1.0,1.0,1.0,1.0,1.0,1.0,1.0,1.0,1.0,1.0,1.0,1.0,1.0,1.0,1.0,1.0,1.0,1.0,1.0,1.0,1.0,1.0,1.0,1.0,1.0,1.0,1.0,1.0,1.0,1.0,1.0,1.0,1.0,1.0,1.0,1.0,1.0,1.0,1.0,1.0,1.0,1.0,1.0,1.0,1.0,1.0,1.0,1.0,1.0,1.0,1.0,1.0,1.0,1.0,1.0,1.0,1.0,1.0,1.0,1.0,1.0,1.0,1.0,1.0,1.0,1.0,1.0,1.0,1.0,1.0,1.0,1.0,1.0,1.0,1.0,1.0,1.0,1.0,1.0,1.0,1.0,1.0,1.0,1.0,1.0,1.0,1.0,1.0,1.0,1.0,1.0,1.0,1.0,1.0,1.0,1.0,1.0,1.0,1.0,1.0,1.0,1.0,1.0,1.0,1.0,1.0,1.0,1.0,1.0,1.0,1.0,1.0,1.0,1.0,1.0,1.0,1.0,1.0,1.0,1.0,1.0,1.0,1.0,1.0,1.0,1.0,1.0,1.0,1.0,1.0,1.0,1.0,1.0,1.0,1.0,1.0,1.0,1.0,1.0,1.0,1.0,1.0,1.0,1.0,1.0,1.0,1.0,1.0,1.0,1.0,1.0,1.0,1.0,1.0,1.0,1.0,1.0,1.0,1.0,1.0,1.0,1.0,1.0,1.0,1.0,1.0,1.0,1.0,1.0,1.0,1.0,1.0,1.0,1.0,1.0,1.0,1.0,1.0,1.0,1.0,1.0,1.0,1.0,1.0,1.0,1.0,1.0,1.0,1.0,1.0,1.0,1.0,1.0,1.0,1.0,1.0,1.0,1.0,1.0,1.0,1.0,1.0,1.0,1.0,1.0,1.0,0.0
1.0,0.0,0.0,0.0,0.0,0.0,0.0,0.0,0.0,0.0,0.0,0.0,0.0,0.0,0.0,0.0,0.0,0.0,0.0,0.0,0.0,0.0,0.0,0.0,0.0,0.0,0.0,0.0,0.0,0.0,0.0,0.0,0.0,0.0,0.0,0.0,0.0,0.0,0.0,0.0,0.0,0.0,0.0,0.0,0.0,0.0,0.0,0.0,0.0,0.0,0.0,0.0,0.0,0.0,0.0,0.0,0.0,0.0,0.0,0.0,0.0,0.0,0.0,0.0,0.0,0.0,0.0,0.0,0.0,0.0,0.0,0.0,0.0,0.0,0.0,0.0,0.0,0.0,0.0,0.0,0.0,0.0,0.0,0.0,0.0,0.0,0.0,0.0,0.0,0.0,0.0,0.0,0.0,0.0,0.0,0.0,0.0,0.0,0.0,0.0,0.0,0.0,0.0,0.0,0.0,0.0,0.0,0.0,0.0,0.0,0.0,0.0,0.0,0.0,0.0,0.0,0.0,0.0,0.0,0.0,0.0,0.0,0.0,0.0,0.0,0.0,0.0,0.0,0.0,0.0,0.0,0.0,0.0,0.0,0.0,0.0,0.0,0.0,0.0,0.0,0.0,0.0,0.0,0.0,0.0,0.0,0.0,0.0,0.0,0.0,0.0,0.0,0.0,0.0,0.0,0.0,0.0,0.0,0.0,0.0,0.0,0.0,0.0,0.0,0.0,0.0,0.0,0.0,0.0,0.0,0.0,0.0,0.0,0.0,0.0,0.0,0.0,0.0,0.0,0.0,0.0,0.0,0.0,0.0,0.0,0.0,0.0,0.0,0.0,0.0,0.0,0.0,0.0,0.0,0.0,0.0,0.0,0.0,0.0,0.0,0.0,0.0,0.0,0.0,0.0,0.0,0.0,0.0,0.0,0.0,0.0,0.0,0.0,0.0,0.0,0.0,0.0,0.0,0.0,0.0,0.0,0.0,0.0,0.0,0.0,0.0,0.0,0.0,0.0,0.0,0.0,0.0,0.0,0.0,0.0,0.0,0.0,0.0,0.0,0.0,0.0,0.0,0.0,0.0,0.0,0.0,0.0,0.0,0.0,0.0,0.0,0.0,0.0,0.0,0.0,0.0,0.0,0.0,0.0,0.0,0.0,0.0,0.0,0.0,0.0,0.0,0.0,0.0,0.0,0.0,0.0,0.0,0.0,0.0,0.0,0.0,0.0,0.0,0.0,0.0,0.0,0.0,0.0,0.0,0.0,0.0,0.0,0.0,0.0,0.0,0.0,0.0,0.0,0.0,0.0,0.0,0.0,0.0,0.0,0.0,0.0,0.0,0.0,0.0,0.0,0.0,0.0,0.0,0.0,0.0,0.0,0.0,0.0,0.0,0.0,0.0,0.0,0.0,0.0,0.0,0.0,0.0,0.0,0.0,0.0,0.0,0.0,0.0,0.0,0.0,0.0,0.0,0.0,0.0,0.0,0.0,0.0,0.0,0.0,0.0,0.0,0.0,0.0,0.0,0.0,0.0,0.0,0.0,0.0,0.0,0.0,0.0,0.0,0.0,0.0,0.0,0.0,0.0,0.0,0.0,0.0,0.0,0.0,0.0,0.0,0.0,0.0,0.0,0.0,0.0,0.0,0.0,0.0,0.0,0.0,0.0,0.0,0.0,0.0,0.0,0.0
-0.40749362598381556,1.0,1.0,1.0,1.0,1.0,1.0,1.0,1.0,1.0,1.0,1.0,1.0,1.0,1.0,1.0,1.0,1.0,1.0,1.0,1.0,1.0,1.0,1.0,1.0,1.0,1.0,1.0,1.0,1.0,1.0,1.0,1.0,1.0,1.0,1.0,1.0,1.0,1.0,1.0,1.0,1.0,1.0,1.0,1.0,1.0,1.0,1.0,1.0,1.0,1.0,1.0,1.0,1.0,1.0,1.0,1.0,1.0,1.0,1.0,1.0,1.0,1.0,1.0,1.0,1.0,0.8336980306345734,0.8336980306345734,0.8336980306345734,-0.180327868852459,-0.180327868852459,-0.180327868852459,-0.180327868852459,-0.6753246753246753,-0.6753246753246753,0.8336980306345734,-0.28,-0.28,0.8336980306345734,1.0,1.0,1.0,1.0,1.0,1.0,1.0,1.0,1.0,1.0,1.0,1.0,1.0,1.0,1.0,1.0,1.0,1.0,1.0,1.0,1.0,1.0,1.0,1.0,1.0,1.0,1.0,1.0,1.0,1.0,1.0,1.0,1.0,1.0,0.9359430604982206,0.9359430604982206,-0.7707094454432305,-0.7707094454432305,0.31343283582089554,0.31343283582089554,0.31343283582089554,-0.17880794701986757,-0.7707094454432305,-0.7707094454432305,-0.8241725768321513,-0.8241725768321513,-0.6153846153846154,-0.6153846153846154,-0.8241725768321513,-0.7707094454432305,-0.7707094454432305,-0.7707094454432305,-0.7707094454432305,-0.7707094454432305,-0.7707094454432305,-0.7707094454432305,-0.7707094454432305,-0.7707094454432305,-0.7707094454432305,-0.8241725768321513,-0.8241725768321513,-0.8241725768321513,-0.7707094454432305,-0.7707094454432305,-0.7707094454432305,-0.7707094454432305,-0.7707094454432305,-0.7707094454432305,-0.8241725768321513,-0.8241725768321513,-0.8241725768321513,-0.7707094454432305,0.9640102827763497,0.9640102827763497,1.0,1.0,1.0,1.0,1.0,1.0,1.0,1.0,-0.7707094454432305,0.10256410256410264,0.10256410256410264,0.10256410256410264,1.0,1.0,1.0,1.0,1.0,1.0,1.0,1.0,1.0,1.0,1.0,1.0,1.0,-0.7707094454432305,-0.5060134194201797,1.0,1.0,-0.6073298429319371,-0.5382585751978892,-0.6073298429319371,-0.6073298429319371,-0.6073298429319371,-0.6073298429319371,1.0,1.0,-0.6073298429319371,-0.5382585751978892,-0.6073298429319371,-0.6073298429319371,-0.6073298429319371,-0.6073298429319371,-0.5382585751978892,-0.5382585751978892,-0.4246575342465754,-0.4246575342465754,-0.4246575342465754,-0.4246575342465754,-0.5382585751978892,-0.5382585751978892,-0.4246575342465754,-0.4246575342465754,-0.4246575342465754,-0.4246575342465754,-0.5382585751978892,-0.5382585751978892,-0.46341463414634143,-0.46341463414634143,-0.5382585751978892,-0.5382585751978892,-0.46341463414634143,-0.46341463414634143,-0.5382585751978892,-0.5382585751978892,-0.543859649122807,-0.543859649122807,-0.543859649122807,-0.543859649122807,-0.5382585751978892,-0.5382585751978892,-0.543859649122807,-0.543859649122807,-0.543859649122807,-0.543859649122807,-0.5382585751978892,-0.5382585751978892,-0.4112359550561798,-0.4112359550561798,-0.4112359550561798,-0.4112359550561798,-0.5382585751978892,-0.5382585751978892,-0.4112359550561798,-0.4112359550561798,-0.4112359550561798,-0.4112359550561798,-0.5382585751978892,-0.5382585751978892,-0.4373522458628841,-0.4373522458628841,-0.4373522458628841,-0.4373522458628841,-0.5382585751978892,-0.5382585751978892,-0.4373522458628841,-0.4373522458628841,-0.4373522458628841,-0.4373522458628841,1.0,1.0,-0.5968992248062015,-0.5382585751978892,-0.5968992248062015,-0.5968992248062015,-0.5968992248062015,-0.5968992248062015,1.0,1.0,-0.5968992248062015,-0.5382585751978892,-0.5968992248062015,-0.5968992248062015,-0.5968992248062015,-0.5968992248062015,1.0,1.0,-0.6756756756756757,-0.5382585751978892,-0.6756756756756757,-0.6756756756756757,-0.6756756756756757,-0.6756756756756757,1.0,1.0,-0.6756756756756757,-0.5382585751978892,-0.6756756756756757,-0.6756756756756757,-0.6756756756756757,-0.6756756756756757,-0.5382585751978892,-0.715068493150685,-0.715068493150685,-0.715068493150685,-0.715068493150685,-0.715068493150685,-0.715068493150685,-0.5382585751978892,-0.715068493150685,-0.715068493150685,-0.715068493150685,-0.715068493150685,-0.715068493150685,-0.715068493150685,-0.5382585751978892,-0.525179856115108,-0.525179856115108,-0.525179856115108,-0.525179856115108,-0.525179856115108,-0.525179856115108,-0.525179856115108,-0.5382585751978892,-0.525179856115108,-0.525179856115108,-0.525179856115108,-0.525179856115108,-0.525179856115108,-0.525179856115108,-0.525179856115108,-0.5060134194201797,-0.5060134194201797,0.41549295774647876,0.41549295774647876,0.41549295774647876,0.41549295774647876,0.41549295774647876,0.41549295774647876,0.41549295774647876,0.41549295774647876,0.5116279069767442,0.5116279069767442,-0.25,-0.25,0.8808510638297873,0.875,0.875,0.875,0.875,0.875,0.875,0.875,0.875,0.875,0.875,0.875,0.875,0.8808510638297873,0.8878504672897196,0.8878504672897196,0.8878504672897196,0.8878504672897196,0.8878504672897196,0.8878504672897196,0.8878504672897196,0.8878504672897196,0.8878504672897196,0.8878504672897196,0.8559322033898304,0.8279569892473118,0.8279569892473118,0.8279569892473118,0.8279569892473118,0.8279569892473118,0.8279569892473118,0.8279569892473118,0.8279569892473118,0.8559322033898304,0.9019607843137254,0.9019607843137254,0.9019607843137254,0.9019607843137254,0.9019607843137254,0.9019607843137254,0.9019607843137254,0.8559322033898304,0.8048780487804879,0.8048780487804879,0.8048780487804879,0.8048780487804879,0.33944954128440363,-1.0,-1.0,-1.0,-1.0,0.5658362989323844,0.0
0.04722599305560278,0.04722599305560278,0.04722599305560278,0.04722599305560278,0.04722599305560278,0.04722599305560278,0.04722599305560278,0.04722599305560278,0.04722599305560278,0.04722599305560278,0.04722599305560278,0.04722599305560278,0.04722599305560278,0.04722599305560278,0.04722599305560278,0.5719650796632643,0.5719650796632643,0.5719650796632643,0.5719650796632643,0.5719650796632643,0.5719650796632643,0.5719650796632643,0.5719650796632643,0.5719650796632643,0.5719650796632643,0.04722599305560278,0.5719650796632643,0.5719650796632643,0.5719650796632643,0.5719650796632643,0.5719650796632643,0.5719650796632643,0.5719650796632643,0.04722599305560278,0.04722599305560278,0.04722599305560278,0.04722599305560278,0.04722599305560278,0.04722599305560278,0.04722599305560278,0.04722599305560278,0.04722599305560278,0.04722599305560278,0.04722599305560278,0.04722599305560278,0.04722599305560278,0.04722599305560278,0.04722599305560278,0.04722599305560278,0.04722599305560278,0.04722599305560278,0.04722599305560278,0.04722599305560278,0.04722599305560278,0.04722599305560278,0.04722599305560278,0.04722599305560278,0.04722599305560278,0.04722599305560278,0.04722599305560278,0.04722599305560278,0.04722599305560278,0.04722599305560278,0.04722599305560278,0.04722599305560278,0.04722599305560278,0.04722599305560278,0.04722599305560278,0.04722599305560278,0.5719650796632643,0.5719650796632643,0.5719650796632643,0.5719650796632643,0.04722599305560278,0.04722599305560278,0.04722599305560278,-0.4775130935520587,-0.4775130935520587,0.04722599305560278,0.04722599305560278,0.04722599305560278,0.04722599305560278,0.04722599305560278,0.04722599305560278,0.04722599305560278,0.04722599305560278,0.04722599305560278,0.04722599305560278,0.04722599305560278,0.5719650796632643,0.5719650796632643,0.5719650796632643,0.5719650796632643,0.04722599305560278,0.04722599305560278,0.04722599305560278,0.04722599305560278,0.04722599305560278,0.04722599305560278,0.04722599305560278,0.04722599305560278,0.04722599305560278,0.04722599305560278,0.04722599305560278,0.04722599305560278,0.04722599305560278,0.04722599305560278,0.04722599305560278,0.04722599305560278,0.04722599305560278,0.04722599305560278,0.04722599305560278,0.04722599305560278,0.04722599305560278,0.04722599305560278,0.04722599305560278,0.04722599305560278,-0.4775130935520587,-0.4775130935520587,-0.4775130935520587,-0.4775130935520587,0.04722599305560278,0.04722599305560278,0.04722599305560278,0.04722599305560278,0.04722599305560278,0.04722599305560278,0.04722599305560278,0.04722599305560278,0.04722599305560278,0.04722599305560278,0.04722599305560278,0.04722599305560278,0.04722599305560278,0.04722599305560278,0.04722599305560278,0.04722599305560278,0.04722599305560278,0.04722599305560278,0.04722599305560278,0.04722599305560278,0.04722599305560278,0.04722599305560278,0.04722599305560278,0.04722599305560278,0.04722599305560278,0.04722599305560278,0.04722599305560278,0.04722599305560278,0.04722599305560278,0.04722599305560278,0.04722599305560278,0.04722599305560278,0.04722599305560278,0.04722599305560278,0.04722599305560278,0.04722599305560278,0.04722599305560278,0.04722599305560278,0.04722599305560278,0.04722599305560278,0.04722599305560278,0.04722599305560278,0.04722599305560278,0.04722599305560278,0.04722599305560278,0.04722599305560278,0.04722599305560278,0.04722599305560278,0.04722599305560278,0.04722599305560278,0.04722599305560278,0.04722599305560278,-0.4775130935520587,-0.4775130935520587,-0.4775130935520587,-0.4775130935520587,-0.4775130935520587,0.04722599305560278,-0.4775130935520587,-0.4775130935520587,-0.4775130935520587,-0.4775130935520587,-0.4775130935520587,-0.4775130935520587,-0.4775130935520587,-0.4775130935520587,-0.4775130935520587,-0.4775130935520587,-0.4775130935520587,-0.4775130935520587,-0.4775130935520587,-0.4775130935520587,-0.4775130935520587,-0.4775130935520587,-0.4775130935520587,-0.4775130935520587,-0.4775130935520587,-0.4775130935520587,-0.4775130935520587,-0.4775130935520587,-0.4775130935520587,-0.4775130935520587,-0.4775130935520587,-0.4775130935520587,-0.4775130935520587,-0.4775130935520587,-0.4775130935520587,-0.4775130935520587,-0.4775130935520587,-0.4775130935520587,-0.4775130935520587,-0.4775130935520587,-0.4775130935520587,-0.4775130935520587,-0.4775130935520587,-0.4775130935520587,-0.4775130935520587,-0.4775130935520587,-0.4775130935520587,-0.4775130935520587,-0.4775130935520587,-0.4775130935520587,-0.4775130935520587,-0.4775130935520587,-0.4775130935520587,-0.4775130935520587,-0.4775130935520587,-0.4775130935520587,-0.4775130935520587,0.04722599305560278,0.04722599305560278,0.04722599305560278,0.04722599305560278,-0.4775130935520587,-0.4775130935520587,0.04722599305560278,0.04722599305560278,0.04722599305560278,0.04722599305560278,-0.4775130935520587,-0.4775130935520587,-1.0022521801597202,-1.0022521801597202,-1.0022521801597202,-1.0022521801597202,-0.4775130935520587,-0.4775130935520587,-1.0022521801597202,-1.0022521801597202,-1.0022521801597202,-1.0022521801597202,0.04722599305560278,0.04722599305560278,-0.4775130935520587,-0.4775130935520587,-0.4775130935520587,-0.4775130935520587,-0.4775130935520587,-0.4775130935520587,0.04722599305560278,0.04722599305560278,-0.4775130935520587,-0.4775130935520587,-0.4775130935520587,-0.4775130935520587,-0.4775130935520587,-0.4775130935520587,-1.0022521801597202,-1.0022521801597202,-0.4775130935520587,-0.4775130935520587,-0.4775130935520587,-0.4775130935520587,-0.4775130935520587,-0.4775130935520587,-1.0022521801597202,-1.0022521801597202,-0.4775130935520587,-0.4775130935520587,-0.4775130935520587,-0.4775130935520587,-0.4775130935520587,-0.4775130935520587,-0.4775130935520587,-0.4775130935520587,-0.4775130935520587,-0.4775130935520587,-0.4775130935520587,-0.4775130935520587,-0.4775130935520587,-0.4775130935520587,-0.4775130935520587,-0.4775130935520587,-0.4775130935520587,-0.4775130935520587,-0.4775130935520587,-0.4775130935520587,-0.4775130935520587,-0.4775130935520587,-0.4775130935520587,-0.4775130935520587,-0.4775130935520587,-0.4775130935520587,-0.4775130935520587,-0.4775130935520587,-0.4775130935520587,-0.4775130935520587,-0.4775130935520587,-0.4775130935520587,-0.4775130935520587,-0.4775130935520587,-0.4775130935520587,-0.4775130935520587,-0.4775130935520587,-0.4775130935520587,0.04722599305560278,0.04722599305560278,0.04722599305560278,0.04722599305560278,0.04722599305560278,0.04722599305560278,0.04722599305560278,0.04722599305560278,0.04722599305560278,0.04722599305560278,0.5719650796632643,0.5719650796632643,0.04722599305560278,0.04722599305560278,0.04722599305560278,0.04722599305560278,0.04722599305560278,0.04722599305560278,0.04722599305560278,0.04722599305560278,0.04722599305560278,0.04722599305560278,0.04722599305560278,0.04722599305560278,0.04722599305560278,0.04722599305560278,0.04722599305560278,0.04722599305560278,0.04722599305560278,0.04722599305560278,0.04722599305560278,0.04722599305560278,0.04722599305560278,0.04722599305560278,0.04722599305560278,0.04722599305560278,0.04722599305560278,0.04722599305560278,0.04722599305560278,0.04722599305560278,0.04722599305560278,0.04722599305560278,0.04722599305560278,0.04722599305560278,0.04722599305560278,0.04722599305560278,0.04722599305560278,0.04722599305560278,0.04722599305560278,0.04722599305560278,0.04722599305560278,0.04722599305560278,0.04722599305560278,0.04722599305560278,0.04722599305560278,0.04722599305560278,0.04722599305560278,0.04722599305560278,0.04722599305560278,-1.0022521801597202,-1.0022521801597202,-1.0022521801597202,-1.0022521801597202,0.04722599305560278,0.0
1.0,1.0,-1.0,-1.0,-1.0,-1.0,-1.0,-1.0,-1.0,-1.0,-1.0,-1.0,-1.0,-1.0,1.0,-1.0,-1.0,-1.0,-1.0,-1.0,-1.0,-1.0,-1.0,-1.0,-1.0,1.0,-1.0,-1.0,-1.0,-1.0,-1.0,-1.0,-1.0,1.0,1.0,1.0,1.0,1.0,1.0,1.0,1.0,1.0,1.0,-1.0,-1.0,-1.0,-1.0,-1.0,-1.0,-1.0,-1.0,-1.0,-1.0,1.0,1.0,1.0,1.0,1.0,1.0,1.0,1.0,1.0,1.0,1.0,1.0,1.0,1.0,1.0,1.0,-1.0,-1.0,-1.0,-1.0,1.0,1.0,1.0,-1.0,-1.0,1.0,1.0,1.0,1.0,1.0,1.0,1.0,1.0,1.0,1.0,1.0,1.0,1.0,1.0,1.0,1.0,1.0,1.0,1.0,1.0,1.0,1.0,1.0,1.0,1.0,1.0,1.0,1.0,1.0,1.0,1.0,1.0,1.0,1.0,1.0,1.0,1.0,1.0,1.0,-1.0,-1.0,-1.0,1.0,1.0,1.0,1.0,1.0,1.0,1.0,1.0,1.0,1.0,1.0,1.0,1.0,1.0,1.0,1.0,1.0,1.0,1.0,1.0,1.0,1.0,1.0,1.0,1.0,1.0,1.0,1.0,1.0,1.0,1.0,1.0,1.0,1.0,1.0,1.0,1.0,1.0,1.0,1.0,1.0,1.0,1.0,1.0,1.0,-1.0,-1.0,-1.0,-1.0,1.0,1.0,1.0,1.0,1.0,1.0,1.0,1.0,1.0,1.0,1.0,-1.0,-1.0,1.0,1.0,1.0,1.0,1.0,1.0,-1.0,-1.0,1.0,1.0,1.0,1.0,1.0,1.0,1.0,1.0,1.0,1.0,1.0,1.0,1.0,1.0,1.0,1.0,1.0,1.0,1.0,1.0,1.0,1.0,1.0,1.0,1.0,1.0,1.0,1.0,1.0,1.0,1.0,1.0,1.0,1.0,1.0,1.0,1.0,1.0,1.0,1.0,1.0,1.0,1.0,1.0,1.0,1.0,1.0,1.0,1.0,1.0,1.0,1.0,1.0,1.0,1.0,1.0,1.0,1.0,1.0,1.0,1.0,1.0,-1.0,-1.0,1.0,1.0,1.0,1.0,1.0,1.0,-1.0,-1.0,1.0,1.0,1.0,1.0,1.0,1.0,-1.0,-1.0,1.0,1.0,1.0,1.0,1.0,1.0,-1.0,-1.0,1.0,1.0,1.0,1.0,1.0,1.0,1.0,1.0,1.0,1.0,1.0,1.0,1.0,1.0,1.0,1.0,1.0,1.0,1.0,1.0,1.0,1.0,1.0,1.0,1.0,1.0,1.0,1.0,1.0,1.0,1.0,1.0,1.0,1.0,1.0,1.0,1.0,1.0,1.0,1.0,1.0,1.0,1.0,1.0,1.0,1.0,1.0,1.0,-1.0,-1.0,-1.0,-1.0,-1.0,-1.0,-1.0,-1.0,-1.0,-1.0,-1.0,-1.0,-1.0,-1.0,-1.0,-1.0,-1.0,-1.0,-1.0,-1.0,-1.0,-1.0,-1.0,-1.0,-1.0,-1.0,1.0,1.0,1.0,1.0,1.0,1.0,1.0,1.0,1.0,1.0,1.0,1.0,1.0,1.0,1.0,1.0,1.0,1.0,-1.0,-1.0,-1.0,-1.0,1.0,-1.0,-1.0,-1.0,-1.0,1.0,0.0
-0.8071429685579414,-2.272408943320002,-2.446043165467626,-2.446043165467626,-2.446043165467626,-2.446043165467626,-2.446043165467626,-2.446043165467626,-2.446043165467626,-2.446043165467626,-2.446043165467626,-2.446043165467626,-2.446043165467626,-2.446043165467626,-2.272408943320002,-2.446043165467626,-2.446043165467626,-2.446043165467626,-2.446043165467626,-2.446043165467626,-2.446043165467626,-2.446043165467626,-2.446043165467626,-2.446043165467626,-2.446043165467626,-2.272408943320002,-2.446043165467626,-2.446043165467626,-2.446043165467626,-2.446043165467626,-2.446043165467626,-2.446043165467626,-2.446043165467626,-2.272408943320002,-1.676605239872273,-1.676605239872273,-1.676605239872273,-1.676605239872273,-1.676605239872273,-1.676605239872273,-1.676605239872273,-1.676605239872273,-2.272408943320002,-2.446043165467626,-2.446043165467626,-2.446043165467626,-2.446043165467626,-2.446043165467626,-2.446043165467626,-2.446043165467626,-2.446043165467626,-2.446043165467626,-2.446043165467626,-2.272408943320002,-2.1346040051076023,-2.1346040051076023,-2.1346040051076023,-2.1346040051076023,-2.1346040051076023,-2.1346040051076023,-2.1346040051076023,-2.1346040051076023,-2.1346040051076023,-2.1346040051076023,-2.1346040051076023,-2.1346040051076023,-1.7663009531088103,-1.7663009531088103,-1.7663009531088103,-2.446043165467626,-2.446043165467626,-2.446043165467626,-2.446043165467626,-1.922825376062786,-1.922825376062786,-1.7663009531088103,-2.446043165467626,-2.446043165467626,-1.7663009531088103,-1.439855108919857,-1.439855108919857,-1.439855108919857,-1.439855108919857,-1.439855108919857,-1.439855108919857,-1.439855108919857,-1.439855108919857,-1.439855108919857,-1.439855108919857,-0.8109875735775016,-0.8109875735775016,-0.8109875735775016,-0.8109875735775016,-1.439855108919857,-1.439855108919857,-1.439855108919857,-1.439855108919857,-1.439855108919857,-1.439855108919857,-1.439855108919857,-1.439855108919857,-1.439855108919857,-1.439855108919857,-1.439855108919857,-1.439855108919857,-1.439855108919857,-1.439855108919857,-1.439855108919857,-1.439855108919857,-1.439855108919857,-1.439855108919857,-1.439855108919857,-1.439855108919857,-1.4680659890099814,-1.4680659890099814,-0.6581106037213457,-0.6581106037213457,-2.446043165467626,-2.446043165467626,-2.446043165467626,-1.9429491371937413,-0.6581106037213457,-0.6581106037213457,-0.5791980835394379,-0.5791980835394379,-1.0242556942588221,-1.0242556942588221,-0.5791980835394379,-0.6581106037213457,-0.6581106037213457,-0.6581106037213457,-0.6581106037213457,-0.6581106037213457,-0.6581106037213457,-0.6581106037213457,-0.6581106037213457,-0.6581106037213457,-0.6581106037213457,-0.5791980835394379,-0.5791980835394379,-0.5791980835394379,-0.6581106037213457,-0.6581106037213457,-0.6581106037213457,-0.6581106037213457,-0.6581106037213457,-0.6581106037213457,-0.5791980835394379,-0.5791980835394379,-0.5791980835394379,-0.6581106037213457,-1.0747062174307473,-1.0747062174307473,-1.0928937101102816,-1.0928937101102816,-1.0928937101102816,-1.0928937101102816,-1.0928937101102816,-1.0928937101102816,-1.0928937101102816,-1.0928937101102816,-0.6581106037213457,-1.5822402112615224,-1.5822402112615224,-1.5822402112615224,-2.446043165467626,-2.446043165467626,-2.446043165467626,-2.446043165467626,-1.7193517912942373,-1.7193517912942373,-1.7193517912942373,-1.7193517912942373,-1.356006104207543,-1.356006104207543,-1.356006104207543,-1.356006104207543,-1.832897318508829,-0.6581106037213457,-0.576065793133518,-2.446043165467626,-2.446043165467626,-0.5503265371892209,-0.5494764400464953,-0.5503265371892209,-0.5503265371892209,-0.5503265371892209,-0.5503265371892209,-2.446043165467626,-2.446043165467626,-0.5503265371892209,-0.5494764400464953,-0.5503265371892209,-0.5503265371892209,-0.5503265371892209,-0.5503265371892209,-0.5494764400464953,-0.5494764400464953,-0.5900341152139714,-0.5900341152139714,-0.5900341152139714,-0.5900341152139714,-0.5494764400464953,-0.5494764400464953,-0.5900341152139714,-0.5900341152139714,-0.5900341152139714,-0.5900341152139714,-0.5494764400464953,-0.5494764400464953,-1.0445669438475194,-1.0445669438475194,-0.5494764400464953,-0.5494764400464953,-1.0445669438475194,-1.0445669438475194,-0.5494764400464953,-0.5494764400464953,-0.7437935081573596,-0.7437935081573596,-0.7437935081573596,-0.7437935081573596,-0.5494764400464953,-0.5494764400464953,-0.7437935081573596,-0.7437935081573596,-0.7437935081573596,-0.7437935081573596,-0.5494764400464953,-0.5494764400464953,-1.0033470549763397,-1.0033470549763397,-1.0033470549763397,-1.0033470549763397,-0.5494764400464953,-0.5494764400464953,-1.0033470549763397,-1.0033470549763397,-1.0033470549763397,-1.0033470549763397,-0.5494764400464953,-0.5494764400464953,-0.23970308966408485,-0.23970308966408485,-0.23970308966408485,-0.23970308966408485,-0.5494764400464953,-0.5494764400464953,-0.23970308966408485,-0.23970308966408485,-0.23970308966408485,-0.23970308966408485,-2.446043165467626,-2.446043165467626,-0.6186280921786634,-0.5494764400464953,-0.6186280921786634,-0.6186280921786634,-0.6186280921786634,-0.6186280921786634,-2.446043165467626,-2.446043165467626,-0.6186280921786634,-0.5494764400464953,-0.6186280921786634,-0.6186280921786634,-0.6186280921786634,-0.6186280921786634,-2.446043165467626,-2.446043165467626,-0.1431479656223806,-0.5494764400464953,-0.1431479656223806,-0.1431479656223806,-0.1431479656223806,-0.1431479656223806,-2.446043165467626,-2.446043165467626,-0.1431479656223806,-0.5494764400464953,-0.1431479656223806,-0.1431479656223806,-0.1431479656223806,-0.1431479656223806,-0.5494764400464953,-0.9692187598894492,-0.9692187598894492,-0.9692187598894492,-0.9692187598894492,-0.9692187598894492,-0.9692187598894492,-0.5494764400464953,-0.9692187598894492,-0.9692187598894492,-0.9692187598894492,-0.9692187598894492,-0.9692187598894492,-0.9692187598894492,-0.5494764400464953,-0.027056810342510677,-0.027056810342510677,-0.027056810342510677,-0.027056810342510677,-0.027056810342510677,-0.027056810342510677,-0.027056810342510677,-0.5494764400464953,-0.027056810342510677,-0.027056810342510677,-0.027056810342510677,-0.027056810342510677,-0.027056810342510677,-0.027056810342510677,-0.027056810342510677,-0.576065793133518,-0.576065793133518,-1.193660158913488,-1.193660158913488,-1.193660158913488,-1.193660158913488,-1.193660158913488,-1.193660158913488,-1.193660158913488,-1.193660158913488,-2.2536836840687875,-2.2536836840687875,-2.446043165467626,-2.446043165467626,-2.446043165467626,-2.446043165467626,-2.446043165467626,-2.446043165467626,-2.446043165467626,-2.446043165467626,-2.446043165467626,-2.446043165467626,-2.446043165467626,-2.446043165467626,-2.446043165467626,-2.446043165467626,-2.446043165467626,-2.446043165467626,-2.446043165467626,-2.446043165467626,-2.446043165467626,-2.446043165467626,-2.446043165467626,-2.446043165467626,-2.446043165467626,-2.446043165467626,-2.446043165467626,-2.446043165467626,-1.9555264879005885,-1.676605239872273,-1.676605239872273,-1.676605239872273,-1.676605239872273,-1.676605239872273,-1.676605239872273,-1.676605239872273,-1.676605239872273,-1.9555264879005885,-2.037279267495095,-2.037279267495095,-2.037279267495095,-2.037279267495095,-2.037279267495095,-2.037279267495095,-2.037279267495095,-1.9555264879005885,-2.446043165467626,-2.446043165467626,-2.446043165467626,-2.446043165467626,-2.1018209355960207,-2.446043165467626,-2.446043165467626,-2.446043165467626,-2.446043165467626,-2.2437682468832807,0.0
1.0,1.0,-1.0,-1.0,-1.0,-1.0,-1.0,-1.0,-1.0,-1.0,-1.0,-1.0,-1.0,-1.0,1.0,1.0,1.0,1.0,1.0,1.0,1.0,1.0,1.0,1.0,1.0,1.0,-1.0,-1.0,-1.0,-1.0,-1.0,-1.0,-1.0,1.0,-1.0,-1.0,-1.0,-1.0,-1.0,-1.0,-1.0,-1.0,1.0,-1.0,-1.0,-1.0,-1.0,-1.0,-1.0,-1.0,-1.0,-1.0,-1.0,1.0,-1.0,-1.0,-1.0,-1.0,-1.0,-1.0,-1.0,-1.0,-1.0,-1.0,-1.0,-1.0,1.0,1.0,1.0,-1.0,-1.0,-1.0,-1.0,-1.0,-1.0,1.0,-1.0,-1.0,1.0,1.0,1.0,1.0,1.0,1.0,1.0,1.0,1.0,1.0,1.0,-1.0,-1.0,-1.0,-1.0,1.0,1.0,1.0,1.0,1.0,1.0,1.0,1.0,1.0,1.0,1.0,1.0,1.0,1.0,1.0,1.0,1.0,1.0,1.0,1.0,1.0,1.0,1.0,1.0,1.0,1.0,1.0,1.0,1.0,1.0,1.0,1.0,-1.0,-1.0,1.0,1.0,1.0,1.0,1.0,1.0,1.0,1.0,1.0,1.0,1.0,1.0,1.0,1.0,1.0,1.0,1.0,1.0,1.0,1.0,1.0,1.0,1.0,1.0,-1.0,-1.0,-1.0,-1.0,-1.0,-1.0,-1.0,-1.0,-1.0,-1.0,1.0,-1.0,-1.0,-1.0,-1.0,-1.0,-1.0,-1.0,-1.0,-1.0,-1.0,-1.0,-1.0,-1.0,-1.0,-1.0,-1.0,1.0,1.0,-1.0,-1.0,1.0,1.0,1.0,1.0,1.0,1.0,-1.0,-1.0,1.0,1.0,1.0,1.0,1.0,1.0,1.0,1.0,1.0,1.0,1.0,1.0,1.0,1.0,1.0,1.0,1.0,1.0,1.0,1.0,-1.0,-1.0,1.0,1.0,-1.0,-1.0,1.0,1.0,1.0,1.0,1.0,1.0,1.0,1.0,1.0,1.0,1.0,1.0,1.0,1.0,1.0,1.0,1.0,1.0,1.0,1.0,1.0,1.0,1.0,1.0,1.0,1.0,1.0,1.0,1.0,1.0,1.0,1.0,1.0,1.0,1.0,1.0,-1.0,-1.0,1.0,1.0,1.0,1.0,1.0,1.0,-1.0,-1.0,1.0,1.0,1.0,1.0,1.0,1.0,-1.0,-1.0,1.0,1.0,1.0,1.0,1.0,1.0,-1.0,-1.0,1.0,1.0,1.0,1.0,1.0,1.0,1.0,1.0,1.0,1.0,1.0,1.0,1.0,1.0,1.0,1.0,1.0,1.0,1.0,1.0,1.0,1.0,1.0,1.0,1.0,1.0,1.0,1.0,1.0,1.0,1.0,1.0,1.0,1.0,1.0,1.0,1.0,1.0,1.0,1.0,1.0,1.0,1.0,1.0,1.0,1.0,-1.0,-1.0,-1.0,-1.0,-1.0,-1.0,-1.0,-1.0,-1.0,-1.0,-1.0,-1.0,-1.0,-1.0,-1.0,-1.0,-1.0,-1.0,-1.0,-1.0,-1.0,-1.0,-1.0,-1.0,-1.0,-1.0,-1.0,-1.0,-1.0,-1.0,-1.0,-1.0,-1.0,-1.0,-1.0,-1.0,-1.0,-1.0,-1.0,-1.0,-1.0,-1.0,-1.0,-1.0,-1.0,-1.0,-1.0,-1.0,-1.0,-1.0,-1.0,-1.0,-1.0,-1.0,-1.0,-1.0,0.0
1.0,-1.0,-1.0,-1.0,-1.0,-1.0,-1.0,-1.0,-1.0,-1.0,-1.0,-1.0,-1.0,-1.0,-1.0,-1.0,-1.0,-1.0,-1.0,-1.0,-1.0,-1.0,-1.0,-1.0,-1.0,-1.0,-1.0,-1.0,-1.0,-1.0,-1.0,-1.0,-1.0,-1.0,-1.0,-1.0,-1.0,-1.0,-1.0,-1.0,-1.0,-1.0,-1.0,-1.0,-1.0,-1.0,-1.0,-1.0,-1.0,-1.0,-1.0,-1.0,-1.0,-1.0,-1.0,-1.0,-1.0,-1.0,-1.0,-1.0,-1.0,-1.0,-1.0,-1.0,-1.0,-1.0,1.0,1.0,1.0,-1.0,-1.0,-1.0,-1.0,-1.0,-1.0,1.0,-1.0,-1.0,1.0,1.0,1.0,1.0,1.0,1.0,1.0,1.0,1.0,1.0,1.0,-1.0,-1.0,-1.0,-1.0,1.0,1.0,1.0,1.0,1.0,1.0,1.0,1.0,1.0,1.0,1.0,1.0,1.0,1.0,1.0,1.0,1.0,1.0,1.0,1.0,1.0,1.0,-1.0,-1.0,-1.0,-1.0,-1.0,-1.0,-1.0,-1.0,-1.0,-1.0,-1.0,-1.0,-1.0,-1.0,-1.0,-1.0,-1.0,-1.0,-1.0,-1.0,-1.0,-1.0,-1.0,-1.0,-1.0,-1.0,-1.0,-1.0,-1.0,-1.0,-1.0,-1.0,-1.0,-1.0,-1.0,-1.0,-1.0,-1.0,-1.0,-1.0,-1.0,-1.0,-1.0,-1.0,-1.0,-1.0,-1.0,-1.0,-1.0,-1.0,-1.0,-1.0,-1.0,-1.0,-1.0,-1.0,-1.0,-1.0,-1.0,-1.0,-1.0,-1.0,-1.0,-1.0,1.0,-1.0,-1.0,1.0,1.0,1.0,1.0,1.0,1.0,-1.0,-1.0,1.0,1.0,1.0,1.0,1.0,1.0,1.0,1.0,-1.0,-1.0,-1.0,-1.0,1.0,1.0,-1.0,-1.0,-1.0,-1.0,1.0,1.0,-1.0,-1.0,1.0,1.0,-1.0,-1.0,1.0,1.0,-1.0,-1.0,-1.0,-1.0,1.0,1.0,-1.0,-1.0,-1.0,-1.0,1.0,1.0,-1.0,-1.0,-1.0,-1.0,1.0,1.0,-1.0,-1.0,-1.0,-1.0,1.0,1.0,-1.0,-1.0,-1.0,-1.0,1.0,1.0,-1.0,-1.0,-1.0,-1.0,-1.0,-1.0,-1.0,1.0,-1.0,-1.0,-1.0,-1.0,-1.0,-1.0,-1.0,1.0,-1.0,-1.0,-1.0,-1.0,-1.0,-1.0,-1.0,1.0,-1.0,-1.0,-1.0,-1.0,-1.0,-1.0,-1.0,1.0,-1.0,-1.0,-1.0,-1.0,1.0,-1.0,-1.0,-1.0,-1.0,-1.0,-1.0,1.0,-1.0,-1.0,-1.0,-1.0,-1.0,-1.0,1.0,-1.0,-1.0,-1.0,-1.0,-1.0,-1.0,-1.0,1.0,-1.0,-1.0,-1.0,-1.0,-1.0,-1.0,-1.0,1.0,1.0,-1.0,-1.0,-1.0,-1.0,-1.0,-1.0,-1.0,-1.0,-1.0,-1.0,-1.0,-1.0,-1.0,-1.0,-1.0,-1.0,-1.0,-1.0,-1.0,-1.0,-1.0,-1.0,-1.0,-1.0,-1.0,-1.0,-1.0,-1.0,-1.0,-1.0,-1.0,-1.0,-1.0,-1.0,-1.0,-1.0,-1.0,-1.0,-1.0,-1.0,-1.0,-1.0,-1.0,-1.0,-1.0,-1.0,-1.0,-1.0,-1.0,-1.0,-1.0,-1.0,-1.0,-1.0,-1.0,-1.0,-1.0,-1.0,-1.0,-1.0,-1.0,-1.0,-1.0,-1.0,0.0
1.7759147907554131,0.2581812556236402,-0.5512702964462444,-0.5512702964462444,-0.5512702964462444,-0.5512702964462444,-0.5512702964462444,-0.5512702964462444,-0.5512702964462444,-0.5512702964462444,-0.5512702964462444,-0.5512702964462444,-0.5512702964462444,-0.5512702964462444,0.2581812556236402,-0.3797262589529182,-0.3797262589529182,-0.3797262589529182,-0.3797262589529182,-0.3797262589529182,-0.3797262589529182,-0.3797262589529182,-0.3797262589529182,-0.3797262589529182,-0.3797262589529182,0.2581812556236402,-0.7988507284353313,-0.7988507284353313,-0.7988507284353313,-0.7988507284353313,-0.7988507284353313,-0.7988507284353313,-0.7988507284353313,0.2581812556236402,-0.6807033727710262,-0.6807033727710262,-0.6807033727710262,-0.6807033727710262,-0.6807033727710262,-0.6807033727710262,-0.6807033727710262,-0.6807033727710262,0.2581812556236402,-0.6201734418402309,-0.6201734418402309,-0.6201734418402309,-0.6201734418402309,-0.6201734418402309,-0.6201734418402309,-0.6201734418402309,-0.6201734418402309,-0.6201734418402309,-0.6201734418402309,0.2581812556236402,-0.5512702964462444,-0.5512702964462444,-0.5512702964462444,-0.5512702964462444,-0.5512702964462444,-0.5512702964462444,-0.5512702964462444,-0.5512702964462444,-0.5512702964462444,-0.5512702964462444,-0.5512702964462444,-0.5512702964462444,0.8103370576300489,0.8103370576300489,0.8103370576300489,-0.8827692223489199,-0.8827692223489199,-0.8827692223489199,-0.8827692223489199,-0.450022148404846,-0.450022148404846,0.8103370576300489,-1.2995907360428969,-1.2995907360428969,0.8103370576300489,0.5678691489392979,0.5678691489392979,0.5678691489392979,0.5678691489392979,0.5678691489392979,0.5678691489392979,0.5678691489392979,0.5678691489392979,0.5678691489392979,0.5678691489392979,-0.574446437165577,-0.574446437165577,-0.574446437165577,-0.574446437165577,0.5678691489392979,0.5678691489392979,0.5678691489392979,0.5678691489392979,0.5678691489392979,0.5678691489392979,0.5678691489392979,0.5678691489392979,0.5678691489392979,0.5678691489392979,0.5678691489392979,0.5678691489392979,0.5678691489392979,0.5678691489392979,0.5678691489392979,0.5678691489392979,0.5678691489392979,0.5678691489392979,0.5678691489392979,0.5678691489392979,0.5830806456859092,0.5830806456859092,1.3486601019509117,1.3486601019509117,-0.838928682527586,-0.838928682527586,-0.838928682527586,-0.4592150295257363,1.3486601019509117,1.3486601019509117,1.3177387389187192,1.3177387389187192,0.16314906139242885,0.16314906139242885,1.3177387389187192,1.3486601019509117,1.3486601019509117,1.3486601019509117,1.3486601019509117,1.3486601019509117,1.3486601019509117,1.3486601019509117,1.3486601019509117,1.3486601019509117,1.3486601019509117,1.3177387389187192,1.3177387389187192,1.3177387389187192,1.3486601019509117,1.3486601019509117,1.3486601019509117,1.3486601019509117,1.3486601019509117,1.3486601019509117,1.3177387389187192,1.3177387389187192,1.3177387389187192,1.3486601019509117,-0.01701899830913744,-0.01701899830913744,-0.0480589403566633,-0.0480589403566633,-0.0480589403566633,-0.0480589403566633,-0.0480589403566633,-0.0480589403566633,-0.0480589403566633,-0.0480589403566633,1.3486601019509117,-0.12009196831332593,-0.12009196831332593,-0.12009196831332593,-1.1039317010624365,-1.1039317010624365,-1.1039317010624365,-1.1039317010624365,-0.9573627483264356,-0.9573627483264356,-0.9573627483264356,-0.9573627483264356,-0.8751708481097702,-0.8751708481097702,-0.8751708481097702,-0.8751708481097702,-0.3983670669096015,1.3486601019509117,1.3899492748431868,-1.4798068485718616,-1.4798068485718616,-0.025504388501600334,1.3706862049702886,-0.025504388501600334,-0.025504388501600334,-0.025504388501600334,-0.025504388501600334,-1.4798068485718616,-1.4798068485718616,-0.025504388501600334,1.3706862049702886,-0.025504388501600334,-0.025504388501600334,-0.025504388501600334,-0.025504388501600334,1.3706862049702886,1.3706862049702886,0.03842005157777867,0.03842005157777867,0.03842005157777867,0.03842005157777867,1.3706862049702886,1.3706862049702886,0.03842005157777867,0.03842005157777867,0.03842005157777867,0.03842005157777867,1.3706862049702886,1.3706862049702886,-0.4206231645681314,-0.4206231645681314,1.3706862049702886,1.3706862049702886,-0.4206231645681314,-0.4206231645681314,1.3706862049702886,1.3706862049702886,-0.005158216406605738,-0.005158216406605738,-0.005158216406605738,-0.005158216406605738,1.3706862049702886,1.3706862049702886,-0.005158216406605738,-0.005158216406605738,-0.005158216406605738,-0.005158216406605738,1.3706862049702886,1.3706862049702886,0.04582910381600006,0.04582910381600006,0.04582910381600006,0.04582910381600006,1.3706862049702886,1.3706862049702886,0.04582910381600006,0.04582910381600006,0.04582910381600006,0.04582910381600006,1.3706862049702886,1.3706862049702886,0.022136532264615677,0.022136532264615677,0.022136532264615677,0.022136532264615677,1.3706862049702886,1.3706862049702886,0.022136532264615677,0.022136532264615677,0.022136532264615677,0.022136532264615677,-1.3385541047060048,-1.3385541047060048,-0.01942771353748507,1.3706862049702886,-0.01942771353748507,-0.01942771353748507,-0.01942771353748507,-0.01942771353748507,-1.3385541047060048,-1.3385541047060048,-0.01942771353748507,1.3706862049702886,-0.01942771353748507,-0.01942771353748507,-0.01942771353748507,-0.01942771353748507,-1.5382942985503691,-1.5382942985503691,-0.04041915624379915,1.3706862049702886,-0.04041915624379915,-0.04041915624379915,-0.04041915624379915,-0.04041915624379915,-1.5382942985503691,-1.5382942985503691,-0.04041915624379915,1.3706862049702886,-0.04041915624379915,-0.04041915624379915,-0.04041915624379915,-0.04041915624379915,1.3706862049702886,-0.046776937578275016,-0.046776937578275016,-0.046776937578275016,-0.046776937578275016,-0.046776937578275016,-0.046776937578275016,1.3706862049702886,-0.046776937578275016,-0.046776937578275016,-0.046776937578275016,-0.046776937578275016,-0.046776937578275016,-0.046776937578275016,1.3706862049702886,0.015460851307851166,0.015460851307851166,0.015460851307851166,0.015460851307851166,0.015460851307851166,0.015460851307851166,0.015460851307851166,1.3706862049702886,0.015460851307851166,0.015460851307851166,0.015460851307851166,0.015460851307851166,0.015460851307851166,0.015460851307851166,0.015460851307851166,1.3899492748431868,1.3899492748431868,-0.16403072983121203,-0.16403072983121203,-0.16403072983121203,-0.16403072983121203,-0.16403072983121203,-0.16403072983121203,-0.16403072983121203,-0.16403072983121203,0.1870361893966452,0.1870361893966452,-1.0799628719093755,-1.0799628719093755,-0.2525301335774958,-0.5364344561123285,-0.5364344561123285,-0.5364344561123285,-0.5364344561123285,-0.5364344561123285,-0.5364344561123285,-0.5364344561123285,-0.5364344561123285,-0.5364344561123285,-0.5364344561123285,-0.5364344561123285,-0.5364344561123285,-0.2525301335774958,-0.6201734418402309,-0.6201734418402309,-0.6201734418402309,-0.6201734418402309,-0.6201734418402309,-0.6201734418402309,-0.6201734418402309,-0.6201734418402309,-0.6201734418402309,-0.6201734418402309,-0.25054588550205115,-0.685701171423712,-0.685701171423712,-0.685701171423712,-0.685701171423712,-0.685701171423712,-0.685701171423712,-0.685701171423712,-0.685701171423712,-0.25054588550205115,-0.642536068558752,-0.642536068558752,-0.642536068558752,-0.642536068558752,-0.642536068558752,-0.642536068558752,-0.642536068558752,-0.25054588550205115,-1.0684242678951832,-1.0684242678951832,-1.0684242678951832,-1.0684242678951832,-0.09814945285175071,-0.9063350418007386,-0.9063350418007386,-0.9063350418007386,-0.8251838763564207,0.15490740649237886,0.0
-0.9595754525073974,-1.0917363902447395,-1.0917363902447395,-1.0917363902447395,-1.0917363902447395,-1.0917363902447395,-1.0917363902447395,-1.0917363902447395,-1.0917363902447395,-1.0917363902447395,-1.0917363902447395,-1.0917363902447395,-1.0917363902447395,-1.0917363902447395,-1.0917363902447395,0.0,0.0,0.0,0.0,0.0,0.0,0.0,0.0,0.0,0.0,-1.0917363902447395,0.0,0.0,0.0,0.0,0.0,0.0,0.0,-1.0917363902447395,0.0,0.0,0.0,0.0,0.0,0.0,0.0,0.0,-1.0917363902447395,-1.0582018230656072,-1.0582018230656072,-1.0582018230656072,-1.0582018230656072,-1.0582018230656072,-1.0582018230656072,-1.0582018230656072,-1.0582018230656072,-1.0582018230656072,-1.0582018230656072,-1.0917363902447395,0.0,0.0,0.0,0.0,0.0,0.0,0.0,0.0,0.0,0.0,0.0,0.0,-1.0917363902447395,-1.0917363902447395,-1.0917363902447395,0.5384839235448632,0.5384839235448632,0.5384839235448632,0.5384839235448632,-0.14687370332552144,-0.14687370332552144,-1.0917363902447395,1.383949894750324,1.383949894750324,-1.0917363902447395,-1.0917363902447395,-1.0917363902447395,-1.0917363902447395,-1.0917363902447395,-1.0917363902447395,-1.0917363902447395,-1.0917363902447395,-1.0917363902447395,-1.0917363902447395,-1.0917363902447395,-1.0917363902447395,-1.0917363902447395,-1.0917363902447395,-1.0917363902447395,-1.0917363902447395,-1.0917363902447395,-1.0917363902447395,-1.0917363902447395,-1.0917363902447395,-1.0917363902447395,-1.0917363902447395,-1.0917363902447395,-1.0917363902447395,-1.0917363902447395,-1.0917363902447395,-1.0917363902447395,-1.0917363902447395,-1.0917363902447395,-1.0917363902447395,-1.0917363902447395,-1.0917363902447395,-1.0917363902447395,-1.0917363902447395,-1.0917363902447395,-1.0917363902447395,-1.0917363902447395,-1.0119511032883715,-1.0119511032883715,-0.28556288495852333,-0.28556288495852333,-0.28556288495852333,-0.4826935923875507,-1.0119511032883715,-1.0119511032883715,-1.025963177177584,-1.025963177177584,-0.8676576370000182,-0.8676576370000182,-1.025963177177584,-1.0119511032883715,-1.0119511032883715,-1.0119511032883715,-1.0119511032883715,-1.0119511032883715,-1.0119511032883715,-1.0119511032883715,-1.0119511032883715,-1.0119511032883715,-1.0119511032883715,-1.025963177177584,-1.025963177177584,-1.025963177177584,-1.0119511032883715,-1.0119511032883715,-1.0119511032883715,-1.0119511032883715,-1.0119511032883715,-1.0119511032883715,-1.025963177177584,-1.025963177177584,-1.025963177177584,-1.0119511032883715,-1.0917363902447395,-1.0917363902447395,-1.0917363902447395,-1.0917363902447395,-1.0917363902447395,-1.0917363902447395,-1.0917363902447395,-1.0917363902447395,-1.0917363902447395,-1.0917363902447395,-1.0119511032883715,-1.011266218767859,-1.011266218767859,-1.011266218767859,0.0,0.0,0.0,0.0,0.0,0.0,0.0,0.0,-0.15755631358618027,-0.15755631358618027,-0.15755631358618027,-0.15755631358618027,-1.0917363902447395,-1.0119511032883715,-0.70388761196786,0.0,0.0,0.05308155440202398,-0.6448944772714205,0.05308155440202398,0.05308155440202398,0.05308155440202398,0.05308155440202398,0.0,0.0,0.05308155440202398,-0.6448944772714205,0.05308155440202398,0.05308155440202398,0.05308155440202398,0.05308155440202398,-0.6448944772714205,-0.6448944772714205,-1.0917363902447395,-1.0917363902447395,-1.0917363902447395,-1.0917363902447395,-0.6448944772714205,-0.6448944772714205,-1.0917363902447395,-1.0917363902447395,-1.0917363902447395,-1.0917363902447395,-0.6448944772714205,-0.6448944772714205,-1.0917363902447395,-1.0917363902447395,-0.6448944772714205,-0.6448944772714205,-1.0917363902447395,-1.0917363902447395,-0.6448944772714205,-0.6448944772714205,-0.41680843121618066,-0.41680843121618066,-0.41680843121618066,-0.41680843121618066,-0.6448944772714205,-0.6448944772714205,-0.41680843121618066,-0.41680843121618066,-0.41680843121618066,-0.41680843121618066,-0.6448944772714205,-0.6448944772714205,-0.9280930396410533,-0.9280930396410533,-0.9280930396410533,-0.9280930396410533,-0.6448944772714205,-0.6448944772714205,-0.9280930396410533,-0.9280930396410533,-0.9280930396410533,-0.9280930396410533,-0.6448944772714205,-0.6448944772714205,-0.23749724222534005,-0.23749724222534005,-0.23749724222534005,-0.23749724222534005,-0.6448944772714205,-0.6448944772714205,-0.23749724222534005,-0.23749724222534005,-0.23749724222534005,-0.23749724222534005,0.0,0.0,-0.09069319474812042,-0.6448944772714205,-0.09069319474812042,-0.09069319474812042,-0.09069319474812042,-0.09069319474812042,0.0,0.0,-0.09069319474812042,-0.6448944772714205,-0.09069319474812042,-0.09069319474812042,-0.09069319474812042,-0.09069319474812042,0.0,0.0,-1.0382497765824448,-0.6448944772714205,-1.0382497765824448,-1.0382497765824448,-1.0382497765824448,-1.0382497765824448,0.0,0.0,-1.0382497765824448,-0.6448944772714205,-1.0382497765824448,-1.0382497765824448,-1.0382497765824448,-1.0382497765824448,-0.6448944772714205,-1.015794225787174,-1.015794225787174,-1.015794225787174,-1.015794225787174,-1.015794225787174,-1.015794225787174,-0.6448944772714205,-1.015794225787174,-1.015794225787174,-1.015794225787174,-1.015794225787174,-1.015794225787174,-1.015794225787174,-0.6448944772714205,-0.8208330064809864,-0.8208330064809864,-0.8208330064809864,-0.8208330064809864,-0.8208330064809864,-0.8208330064809864,-0.8208330064809864,-0.6448944772714205,-0.8208330064809864,-0.8208330064809864,-0.8208330064809864,-0.8208330064809864,-0.8208330064809864,-0.8208330064809864,-0.8208330064809864,-0.70388761196786,-0.70388761196786,-1.0917363902447395,-1.0917363902447395,-1.0917363902447395,-1.0917363902447395,-1.0917363902447395,-1.0917363902447395,-1.0917363902447395,-1.0917363902447395,-1.0917363902447395,-1.0917363902447395,1.2349677724305816,1.2349677724305816,-1.0917363902447395,-1.0917363902447395,-1.0917363902447395,-1.0917363902447395,-1.0917363902447395,-1.0917363902447395,-1.0917363902447395,-1.0917363902447395,-1.0917363902447395,-1.0917363902447395,-1.0917363902447395,-1.0917363902447395,-1.0917363902447395,-1.0917363902447395,-1.0582018230656072,-1.0582018230656072,-1.0582018230656072,-1.0582018230656072,-1.0582018230656072,-1.0582018230656072,-1.0582018230656072,-1.0582018230656072,-1.0582018230656072,-1.0582018230656072,0.0,0.0,0.0,0.0,0.0,0.0,0.0,0.0,0.0,0.0,0.0,0.0,0.0,0.0,0.0,0.0,0.0,0.0,0.0,0.0,0.0,0.0,0.0,0.0,0.0,0.0,0.0,-1.0917363902447395,0.0
1.969566382794139,-0.5077224524862195,-0.5077224524862195,-0.5077224524862195,-0.5077224524862195,-0.5077224524862195,-0.5077224524862195,-0.5077224524862195,-0.5077224524862195,-0.5077224524862195,-0.5077224524862195,-0.5077224524862195,-0.5077224524862195,-0.5077224524862195,-0.5077224524862195,-0.5077224524862195,-0.5077224524862195,-0.5077224524862195,-0.5077224524862195,-0.5077224524862195,-0.5077224524862195,-0.5077224524862195,-0.5077224524862195,-0.5077224524862195,-0.5077224524862195,-0.5077224524862195,-0.5077224524862195,-0.5077224524862195,-0.5077224524862195,-0.5077224524862195,-0.5077224524862195,-0.5077224524862195,-0.5077224524862195,-0.5077224524862195,-0.5077224524862195,-0.5077224524862195,-0.5077224524862195,-0.5077224524862195,-0.5077224524862195,-0.5077224524862195,-0.5077224524862195,-0.5077224524862195,-0.5077224524862195,-0.5077224524862195,-0.5077224524862195,-0.5077224524862195,-0.5077224524862195,-0.5077224524862195,-0.5077224524862195,-0.5077224524862195,-0.5077224524862195,-0.5077224524862195,-0.5077224524862195,-0.5077224524862195,-0.5077224524862195,-0.5077224524862195,-0.5077224524862195,-0.5077224524862195,-0.5077224524862195,-0.5077224524862195,-0.5077224524862195,-0.5077224524862195,-0.5077224524862195,-0.5077224524862195,-0.5077224524862195,-0.5077224524862195,1.969566382794139,1.969566382794139,1.969566382794139,-0.5077224524862195,-0.5077224524862195,-0.5077224524862195,-0.5077224524862195,-0.5077224524862195,-0.5077224524862195,1.969566382794139,1.969566382794139,1.969566382794139,1.969566382794139,1.969566382794139,1.969566382794139,1.969566382794139,1.969566382794139,1.969566382794139,1.969566382794139,1.969566382794139,1.969566382794139,1.969566382794139,1.969566382794139,-0.5077224524862195,-0.5077224524862195,-0.5077224524862195,-0.5077224524862195,1.969566382794139,1.969566382794139,1.969566382794139,1.969566382794139,1.969566382794139,1.969566382794139,1.969566382794139,1.969566382794139,1.969566382794139,1.969566382794139,1.969566382794139,1.969566382794139,1.969566382794139,1.969566382794139,1.969566382794139,1.969566382794139,1.969566382794139,1.969566382794139,1.969566382794139,1.969566382794139,1.969566382794139,1.969566382794139,1.969566382794139,1.969566382794139,1.969566382794139,1.969566382794139,1.969566382794139,1.969566382794139,1.969566382794139,1.969566382794139,1.969566382794139,1.969566382794139,1.969566382794139,1.969566382794139,1.969566382794139,1.969566382794139,1.969566382794139,1.969566382794139,1.969566382794139,1.969566382794139,1.969566382794139,1.969566382794139,1.969566382794139,1.969566382794139,1.969566382794139,1.969566382794139,1.969566382794139,1.969566382794139,1.969566382794139,1.969566382794139,1.969566382794139,1.969566382794139,1.969566382794139,1.969566382794139,1.969566382794139,1.969566382794139,1.969566382794139,1.969566382794139,-0.5077224524862195,-0.5077224524862195,-0.5077224524862195,-0.5077224524862195,-0.5077224524862195,-0.5077224524862195,-0.5077224524862195,-0.5077224524862195,-0.5077224524862195,-0.5077224524862195,1.969566382794139,1.969566382794139,1.969566382794139,1.969566382794139,1.969566382794139,1.969566382794139,1.969566382794139,1.969566382794139,1.969566382794139,1.969566382794139,1.969566382794139,1.969566382794139,1.969566382794139,1.969566382794139,1.969566382794139,1.969566382794139,1.969566382794139,1.969566382794139,1.969566382794139,-0.5077224524862195,-0.5077224524862195,1.969566382794139,1.969566382794139,1.969566382794139,1.969566382794139,1.969566382794139,1.969566382794139,-0.5077224524862195,-0.5077224524862195,1.969566382794139,1.969566382794139,1.969566382794139,1.969566382794139,1.969566382794139,1.969566382794139,1.969566382794139,1.969566382794139,-0.5077224524862195,-0.5077224524862195,-0.5077224524862195,-0.5077224524862195,1.969566382794139,1.969566382794139,-0.5077224524862195,-0.5077224524862195,-0.5077224524862195,-0.5077224524862195,1.969566382794139,1.969566382794139,1.969566382794139,1.969566382794139,1.969566382794139,1.969566382794139,1.969566382794139,1.969566382794139,1.969566382794139,1.969566382794139,-0.5077224524862195,-0.5077224524862195,-0.5077224524862195,-0.5077224524862195,1.969566382794139,1.969566382794139,-0.5077224524862195,-0.5077224524862195,-0.5077224524862195,-0.5077224524862195,1.969566382794139,1.969566382794139,1.969566382794139,1.969566382794139,1.969566382794139,1.969566382794139,1.969566382794139,1.969566382794139,1.969566382794139,1.969566382794139,1.969566382794139,1.969566382794139,1.969566382794139,1.969566382794139,1.969566382794139,1.969566382794139,1.969566382794139,1.969566382794139,1.969566382794139,1.969566382794139,1.969566382794139,1.969566382794139,1.969566382794139,1.969566382794139,-0.5077224524862195,-0.5077224524862195,-0.5077224524862195,1.969566382794139,-0.5077224524862195,-0.5077224524862195,-0.5077224524862195,-0.5077224524862195,-0.5077224524862195,-0.5077224524862195,-0.5077224524862195,1.969566382794139,-0.5077224524862195,-0.5077224524862195,-0.5077224524862195,-0.5077224524862195,-0.5077224524862195,-0.5077224524862195,1.969566382794139,1.969566382794139,1.969566382794139,1.969566382794139,1.969566382794139,1.969566382794139,-0.5077224524862195,-0.5077224524862195,1.969566382794139,1.969566382794139,1.969566382794139,1.969566382794139,1.969566382794139,1.969566382794139,1.969566382794139,-0.5077224524862195,-0.5077224524862195,-0.5077224524862195,-0.5077224524862195,-0.5077224524862195,-0.5077224524862195,1.969566382794139,-0.5077224524862195,-0.5077224524862195,-0.5077224524862195,-0.5077224524862195,-0.5077224524862195,-0.5077224524862195,1.969566382794139,1.969566382794139,1.969566382794139,1.969566382794139,1.969566382794139,1.969566382794139,1.969566382794139,1.969566382794139,1.969566382794139,1.969566382794139,1.969566382794139,1.969566382794139,1.969566382794139,1.969566382794139,1.969566382794139,1.969566382794139,1.969566382794139,1.969566382794139,-0.5077224524862195,-0.5077224524862195,-0.5077224524862195,-0.5077224524862195,-0.5077224524862195,-0.5077224524862195,-0.5077224524862195,-0.5077224524862195,1.969566382794139,1.969566382794139,1.969566382794139,1.969566382794139,-0.5077224524862195,-0.5077224524862195,-0.5077224524862195,-0.5077224524862195,-0.5077224524862195,-0.5077224524862195,-0.5077224524862195,-0.5077224524862195,-0.5077224524862195,-0.5077224524862195,-0.5077224524862195,-0.5077224524862195,-0.5077224524862195,-0.5077224524862195,-0.5077224524862195,-0.5077224524862195,-0.5077224524862195,-0.5077224524862195,-0.5077224524862195,-0.5077224524862195,-0.5077224524862195,-0.5077224524862195,-0.5077224524862195,-0.5077224524862195,-0.5077224524862195,-0.5077224524862195,-0.5077224524862195,-0.5077224524862195,-0.5077224524862195,-0.5077224524862195,-0.5077224524862195,-0.5077224524862195,-0.5077224524862195,-0.5077224524862195,-0.5077224524862195,-0.5077224524862195,-0.5077224524862195,-0.5077224524862195,-0.5077224524862195,-0.5077224524862195,-0.5077224524862195,-0.5077224524862195,-0.5077224524862195,-0.5077224524862195,-0.5077224524862195,-0.5077224524862195,1.969566382794139,-0.5077224524862195,-0.5077224524862195,-0.5077224524862195,-0.5077224524862195,1.969566382794139,0.0
-0.8467660311848141,-0.8700053950135924,-0.8700053950135924,-0.8700053950135924,-0.8700053950135924,-0.8700053950135924,-0.8700053950135924,-0.8700053950135924,-0.8700053950135924,-0.8700053950135924,-0.8700053950135924,-0.8700053950135924,-0.8700053950135924,-0.8700053950135924,-0.8700053950135924,-0.8700053950135924,-0.8700053950135924,-0.8700053950135924,-0.8700053950135924,-0.8700053950135924,-0.8700053950135924,-0.8700053950135924,-0.8700053950135924,-0.8700053950135924,-0.8700053950135924,-0.8700053950135924,-0.8700053950135924,-0.8700053950135924,-0.8700053950135924,-0.8700053950135924,-0.8700053950135924,-0.8700053950135924,-0.8700053950135924,-0.8700053950135924,-0.8700053950135924,-0.8700053950135924,-0.8700053950135924,-0.8700053950135924,-0.8700053950135924,-0.8700053950135924,-0.8700053950135924,-0.8700053950135924,-0.8700053950135924,-0.8700053950135924,-0.8700053950135924,-0.8700053950135924,-0.8700053950135924,-0.8700053950135924,-0.8700053950135924,-0.8700053950135924,-0.8700053950135924,-0.8700053950135924,-0.8700053950135924,-0.8700053950135924,-0.8700053950135924,-0.8700053950135924,-0.8700053950135924,-0.8700053950135924,-0.8700053950135924,-0.8700053950135924,-0.8700053950135924,-0.8700053950135924,-0.8700053950135924,-0.8700053950135924,-0.8700053950135924,-0.8700053950135924,-0.8413344019748329,-0.8413344019748329,-0.8413344019748329,-0.8700053950135924,-0.8700053950135924,-0.8700053950135924,-0.8700053950135924,-0.8700053950135924,-0.8700053950135924,-0.8413344019748329,-0.08384676589080464,-0.08384676589080464,-0.8413344019748329,-0.8362853557742571,-0.8362853557742571,-0.8362853557742571,-0.8362853557742571,-0.8362853557742571,-0.8362853557742571,-0.8362853557742571,-0.8362853557742571,-0.8362853557742571,-0.8362853557742571,-0.8700053950135924,-0.8700053950135924,-0.8700053950135924,-0.8700053950135924,-0.8362853557742571,-0.8362853557742571,-0.8362853557742571,-0.8362853557742571,-0.8362853557742571,-0.8362853557742571,-0.8362853557742571,-0.8362853557742571,-0.8362853557742571,-0.8362853557742571,-0.8362853557742571,-0.8362853557742571,-0.8362853557742571,-0.8362853557742571,-0.8362853557742571,-0.8362853557742571,-0.8362853557742571,-0.8362853557742571,-0.8362853557742571,-0.8362853557742571,-0.8373653570310331,-0.8373653570310331,-0.8464492658968352,-0.8464492658968352,-0.47888169893260346,-0.47888169893260346,-0.47888169893260346,-0.6964604437723589,-0.8464492658968352,-0.8464492658968352,-0.8540336439047889,-0.8540336439047889,-0.824191955088022,-0.824191955088022,-0.8540336439047889,-0.8464492658968352,-0.8464492658968352,-0.8464492658968352,-0.8464492658968352,-0.8464492658968352,-0.8464492658968352,-0.8464492658968352,-0.8464492658968352,-0.8464492658968352,-0.8464492658968352,-0.8540336439047889,-0.8540336439047889,-0.8540336439047889,-0.8464492658968352,-0.8464492658968352,-0.8464492658968352,-0.8464492658968352,-0.8464492658968352,-0.8464492658968352,-0.8540336439047889,-0.8540336439047889,-0.8540336439047889,-0.8464492658968352,-0.8700053950135924,-0.8700053950135924,-0.8700053950135924,-0.8700053950135924,-0.8700053950135924,-0.8700053950135924,-0.8700053950135924,-0.8700053950135924,-0.8700053950135924,-0.8700053950135924,-0.8464492658968352,-0.7545173485345504,-0.7545173485345504,-0.7545173485345504,-0.6976021868726302,-0.6976021868726302,-0.6976021868726302,-0.6976021868726302,-0.7440184352182739,-0.7440184352182739,-0.7440184352182739,-0.7440184352182739,-0.5001727065821734,-0.5001727065821734,-0.5001727065821734,-0.5001727065821734,-0.6605154502376558,-0.8464492658968352,-0.8501001252548183,-0.8700053950135924,-0.8700053950135924,-0.8357052803049193,-0.8492624232689279,-0.8357052803049193,-0.8357052803049193,-0.8357052803049193,-0.8357052803049193,-0.8700053950135924,-0.8700053950135924,-0.8357052803049193,-0.8492624232689279,-0.8357052803049193,-0.8357052803049193,-0.8357052803049193,-0.8357052803049193,-0.8492624232689279,-0.8492624232689279,-0.8700053950135924,-0.8700053950135924,-0.8700053950135924,-0.8700053950135924,-0.8492624232689279,-0.8492624232689279,-0.8700053950135924,-0.8700053950135924,-0.8700053950135924,-0.8700053950135924,-0.8492624232689279,-0.8492624232689279,-0.8300583102004426,-0.8300583102004426,-0.8492624232689279,-0.8492624232689279,-0.8300583102004426,-0.8300583102004426,-0.8492624232689279,-0.8492624232689279,-0.8700053950135924,-0.8700053950135924,-0.8700053950135924,-0.8700053950135924,-0.8492624232689279,-0.8492624232689279,-0.8700053950135924,-0.8700053950135924,-0.8700053950135924,-0.8700053950135924,-0.8492624232689279,-0.8492624232689279,-0.840561251600754,-0.840561251600754,-0.840561251600754,-0.840561251600754,-0.8492624232689279,-0.8492624232689279,-0.840561251600754,-0.840561251600754,-0.840561251600754,-0.840561251600754,-0.8492624232689279,-0.8492624232689279,-0.8390298777116701,-0.8390298777116701,-0.8390298777116701,-0.8390298777116701,-0.8492624232689279,-0.8492624232689279,-0.8390298777116701,-0.8390298777116701,-0.8390298777116701,-0.8390298777116701,-0.8700053950135924,-0.8700053950135924,-0.8700053950135924,-0.8492624232689279,-0.8700053950135924,-0.8700053950135924,-0.8700053950135924,-0.8700053950135924,-0.8700053950135924,-0.8700053950135924,-0.8700053950135924,-0.8492624232689279,-0.8700053950135924,-0.8700053950135924,-0.8700053950135924,-0.8700053950135924,-0.8700053950135924,-0.8700053950135924,-0.8168865687215122,-0.8492624232689279,-0.8168865687215122,-0.8168865687215122,-0.8168865687215122,-0.8168865687215122,-0.8700053950135924,-0.8700053950135924,-0.8168865687215122,-0.8492624232689279,-0.8168865687215122,-0.8168865687215122,-0.8168865687215122,-0.8168865687215122,-0.8492624232689279,-0.8700053950135924,-0.8700053950135924,-0.8700053950135924,-0.8700053950135924,-0.8700053950135924,-0.8700053950135924,-0.8492624232689279,-0.8700053950135924,-0.8700053950135924,-0.8700053950135924,-0.8700053950135924,-0.8700053950135924,-0.8700053950135924,-0.8492624232689279,-0.8385841868152396,-0.8385841868152396,-0.8385841868152396,-0.8385841868152396,-0.8385841868152396,-0.8385841868152396,-0.8385841868152396,-0.8492624232689279,-0.8385841868152396,-0.8385841868152396,-0.8385841868152396,-0.8385841868152396,-0.8385841868152396,-0.8385841868152396,-0.8385841868152396,-0.8501001252548183,-0.8501001252548183,-0.8700053950135924,-0.8700053950135924,-0.8700053950135924,-0.8700053950135924,-0.8700053950135924,-0.8700053950135924,-0.8700053950135924,-0.8700053950135924,-0.8264750168783329,-0.8264750168783329,-0.5424392995457642,-0.5424392995457642,-0.8700053950135924,-0.8700053950135924,-0.8700053950135924,-0.8700053950135924,-0.8700053950135924,-0.8700053950135924,-0.8700053950135924,-0.8700053950135924,-0.8700053950135924,-0.8700053950135924,-0.8700053950135924,-0.8700053950135924,-0.8700053950135924,-0.8700053950135924,-0.8700053950135924,-0.8700053950135924,-0.8700053950135924,-0.8700053950135924,-0.8700053950135924,-0.8700053950135924,-0.8700053950135924,-0.8700053950135924,-0.8700053950135924,-0.8700053950135924,-0.8700053950135924,-0.8700053950135924,-0.8700053950135924,-0.8700053950135924,-0.8700053950135924,-0.8700053950135924,-0.8700053950135924,-0.8700053950135924,-0.8700053950135924,-0.8700053950135924,-0.8700053950135924,-0.8700053950135924,-0.8700053950135924,-0.8700053950135924,-0.8700053950135924,-0.8700053950135924,-0.8700053950135924,-0.8700053950135924,-0.8700053950135924,-0.8700053950135924,-0.8700053950135924,-0.8700053950135924,-0.8299361478615644,-0.8700053950135924,-0.8700053950135924,-0.8700053950135924,-0.8700053950135924,-0.8466910821689072,0.0
0.5485278398908471,-0.797640857572655,-0.901855017471593,-0.901855017471593,-0.901855017471593,-0.901855017471593,-0.901855017471593,-0.901855017471593,-0.901855017471593,-0.901855017471593,-0.901855017471593,-0.901855017471593,-0.901855017471593,-0.901855017471593,-0.797640857572655,-0.3327510165778624,-0.3327510165778624,-0.3327510165778624,-0.3327510165778624,-0.3327510165778624,-0.3327510165778624,-0.3327510165778624,-0.3327510165778624,-0.3327510165778624,-0.3327510165778624,-0.797640857572655,-0.901855017471593,-0.901855017471593,-0.901855017471593,-0.901855017471593,-0.901855017471593,-0.901855017471593,-0.901855017471593,-0.797640857572655,-0.797640857572655,-0.797640857572655,-0.797640857572655,-0.797640857572655,-0.797640857572655,-0.797640857572655,-0.797640857572655,-0.797640857572655,-0.797640857572655,-0.901855017471593,-0.901855017471593,-0.901855017471593,-0.901855017471593,-0.901855017471593,-0.901855017471593,-0.901855017471593,-0.901855017471593,-0.901855017471593,-0.901855017471593,-0.797640857572655,-0.901855017471593,-0.901855017471593,-0.901855017471593,-0.901855017471593,-0.901855017471593,-0.901855017471593,-0.901855017471593,-0.901855017471593,-0.901855017471593,-0.901855017471593,-0.901855017471593,-0.901855017471593,-0.16277054484031625,-0.16277054484031625,-0.16277054484031625,-0.797640857572655,-0.797640857572655,-0.797640857572655,-0.797640857572655,-0.3965873381778338,-0.3965873381778338,-0.16277054484031625,-1.0183565364195493,-1.0183565364195493,-0.16277054484031625,0.49645688688845147,0.49645688688845147,0.49645688688845147,0.49645688688845147,0.49645688688845147,0.49645688688845147,0.49645688688845147,0.49645688688845147,0.49645688688845147,0.49645688688845147,0.25548548960086465,0.25548548960086465,0.25548548960086465,0.25548548960086465,0.49645688688845147,0.49645688688845147,0.49645688688845147,0.49645688688845147,0.49645688688845147,0.49645688688845147,0.49645688688845147,0.49645688688845147,0.49645688688845147,0.49645688688845147,0.49645688688845147,0.49645688688845147,0.49645688688845147,0.49645688688845147,0.49645688688845147,0.49645688688845147,0.49645688688845147,0.49645688688845147,0.49645688688845147,0.49645688688845147,0.4693560222117804,0.4693560222117804,1.2084404948430576,1.2084404948430576,-0.3327510165778624,-0.3327510165778624,-0.3327510165778624,-0.0637760259906795,1.2084404948430576,1.2084404948430576,1.4897334489033234,1.4897334489033234,1.1411274748183142,1.1411274748183142,1.4897334489033234,1.2084404948430576,1.2084404948430576,1.2084404948430576,1.2084404948430576,1.2084404948430576,1.2084404948430576,1.2084404948430576,1.2084404948430576,1.2084404948430576,1.2084404948430576,1.4897334489033234,1.4897334489033234,1.4897334489033234,1.2084404948430576,1.2084404948430576,1.2084404948430576,1.2084404948430576,1.2084404948430576,1.2084404948430576,1.4897334489033234,1.4897334489033234,1.4897334489033234,1.2084404948430576,0.5228349750013707,0.5228349750013707,0.6900717010586743,0.6900717010586743,0.6900717010586743,0.6900717010586743,0.6900717010586743,0.6900717010586743,0.6900717010586743,0.6900717010586743,1.2084404948430576,-0.3965873381778338,-0.3965873381778338,-0.3965873381778338,-0.901855017471593,-0.901855017471593,-0.901855017471593,-0.901855017471593,-0.538131199345661,-0.538131199345661,-0.538131199345661,-0.538131199345661,-0.3965873381778338,-0.3965873381778338,-0.3965873381778338,-0.3965873381778338,-0.6173030170247277,1.2084404948430576,0.5979941312604431,-1.096933728981207,-1.096933728981207,0.41281951000609457,0.6218294938510074,0.41281951000609457,0.41281951000609457,0.41281951000609457,0.41281951000609457,-1.096933728981207,-1.096933728981207,0.41281951000609457,0.6218294938510074,0.41281951000609457,0.41281951000609457,0.41281951000609457,0.41281951000609457,0.6218294938510074,0.6218294938510074,1.1686047884751642,1.1686047884751642,1.1686047884751642,1.1686047884751642,0.6218294938510074,0.6218294938510074,1.1686047884751642,1.1686047884751642,1.1686047884751642,1.1686047884751642,0.6218294938510074,0.6218294938510074,0.3528545032638245,0.3528545032638245,0.6218294938510074,0.6218294938510074,0.3528545032638245,0.3528545032638245,0.6218294938510074,0.6218294938510074,0.4693560222117804,0.4693560222117804,0.4693560222117804,0.4693560222117804,0.6218294938510074,0.6218294938510074,0.4693560222117804,0.4693560222117804,0.4693560222117804,0.4693560222117804,0.6218294938510074,0.6218294938510074,0.8885590358382506,0.8885590358382506,0.8885590358382506,0.8885590358382506,0.6218294938510074,0.6218294938510074,0.8885590358382506,0.8885590358382506,0.8885590358382506,0.8885590358382506,0.6218294938510074,0.6218294938510074,0.6218294938510074,0.6218294938510074,0.6218294938510074,0.6218294938510074,0.6218294938510074,0.6218294938510074,0.6218294938510074,0.6218294938510074,0.6218294938510074,0.6218294938510074,-1.096933728981207,-1.096933728981207,0.3528545032638245,0.6218294938510074,0.3528545032638245,0.3528545032638245,0.3528545032638245,0.3528545032638245,-1.096933728981207,-1.096933728981207,0.3528545032638245,0.6218294938510074,0.3528545032638245,0.3528545032638245,0.3528545032638245,0.3528545032638245,-1.096933728981207,-1.096933728981207,0.5979941312604431,0.6218294938510074,0.5979941312604431,0.5979941312604431,0.5979941312604431,0.5979941312604431,-1.096933728981207,-1.096933728981207,0.5979941312604431,0.6218294938510074,0.5979941312604431,0.5979941312604431,0.5979941312604431,0.5979941312604431,0.6218294938510074,0.6900717010586743,0.6900717010586743,0.6900717010586743,0.6900717010586743,0.6900717010586743,0.6900717010586743,0.6218294938510074,0.6900717010586743,0.6900717010586743,0.6900717010586743,0.6900717010586743,0.6900717010586743,0.6900717010586743,0.6218294938510074,0.5979941312604431,0.5979941312604431,0.5979941312604431,0.5979941312604431,0.5979941312604431,0.5979941312604431,0.5979941312604431,0.6218294938510074,0.5979941312604431,0.5979941312604431,0.5979941312604431,0.5979941312604431,0.5979941312604431,0.5979941312604431,0.5979941312604431,0.5979941312604431,0.5979941312604431,0.4414916533030797,0.4414916533030797,0.4414916533030797,0.4414916533030797,0.4414916533030797,0.4414916533030797,0.4414916533030797,0.4414916533030797,-0.797640857572655,-0.797640857572655,-0.797640857572655,-0.797640857572655,-0.901855017471593,-0.901855017471593,-0.901855017471593,-0.901855017471593,-0.901855017471593,-0.901855017471593,-0.901855017471593,-0.901855017471593,-0.901855017471593,-0.901855017471593,-0.901855017471593,-0.901855017471593,-0.901855017471593,-0.901855017471593,-0.901855017471593,-0.901855017471593,-0.901855017471593,-0.901855017471593,-0.901855017471593,-0.901855017471593,-0.901855017471593,-0.901855017471593,-0.901855017471593,-0.901855017471593,-0.797640857572655,-0.797640857572655,-0.797640857572655,-0.797640857572655,-0.797640857572655,-0.797640857572655,-0.797640857572655,-0.797640857572655,-0.797640857572655,-0.797640857572655,-0.6173030170247277,-0.6173030170247277,-0.6173030170247277,-0.6173030170247277,-0.6173030170247277,-0.6173030170247277,-0.6173030170247277,-0.797640857572655,-1.0183565364195493,-1.0183565364195493,-1.0183565364195493,-1.0183565364195493,-0.7033676826920172,-0.4648295453855011,-0.4648295453855011,-0.4648295453855011,-0.538131199345661,-0.797640857572655,0.0
1.0,-1.0,-1.0,-1.0,-1.0,-1.0,-1.0,-1.0,-1.0,-1.0,-1.0,-1.0,-1.0,-1.0,-1.0,-1.0,-1.0,-1.0,-1.0,-1.0,-1.0,-1.0,-1.0,-1.0,-1.0,-1.0,-1.0,-1.0,-1.0,-1.0,-1.0,-1.0,-1.0,-1.0,-1.0,-1.0,-1.0,-1.0,-1.0,-1.0,-1.0,-1.0,-1.0,-1.0,-1.0,-1.0,-1.0,-1.0,-1.0,-1.0,-1.0,-1.0,-1.0,-1.0,-1.0,-1.0,-1.0,-1.0,-1.0,-1.0,-1.0,-1.0,-1.0,-1.0,-1.0,-1.0,-1.0,-1.0,-1.0,-1.0,-1.0,-1.0,-1.0,-1.0,-1.0,-1.0,1.0,1.0,-1.0,-1.0,-1.0,-1.0,-1.0,-1.0,-1.0,-1.0,-1.0,-1.0,-1.0,-1.0,-1.0,-1.0,-1.0,-1.0,-1.0,-1.0,-1.0,-1.0,-1.0,-1.0,-1.0,-1.0,-1.0,-1.0,-1.0,-1.0,-1.0,-1.0,-1.0,-1.0,-1.0,-1.0,-1.0,-1.0,-1.0,-1.0,-1.0,-1.0,-1.0,-1.0,-1.0,-1.0,-1.0,-1.0,-1.0,1.0,1.0,-1.0,-1.0,-1.0,-1.0,-1.0,-1.0,-1.0,-1.0,-1.0,-1.0,-1.0,-1.0,-1.0,-1.0,-1.0,-1.0,-1.0,-1.0,-1.0,-1.0,-1.0,-1.0,-1.0,-1.0,-1.0,-1.0,-1.0,-1.0,-1.0,-1.0,-1.0,-1.0,-1.0,-1.0,-1.0,-1.0,-1.0,-1.0,-1.0,-1.0,-1.0,-1.0,-1.0,-1.0,-1.0,-1.0,-1.0,-1.0,-1.0,-1.0,-1.0,-1.0,-1.0,-1.0,-1.0,-1.0,-1.0,-1.0,-1.0,-1.0,-1.0,-1.0,-1.0,-1.0,-1.0,-1.0,-1.0,-1.0,-1.0,-1.0,-1.0,-1.0,-1.0,-1.0,-1.0,-1.0,-1.0,-1.0,-1.0,-1.0,-1.0,-1.0,-1.0,-1.0,-1.0,-1.0,-1.0,-1.0,-1.0,-1.0,-1.0,-1.0,-1.0,-1.0,-1.0,-1.0,-1.0,-1.0,-1.0,-1.0,-1.0,-1.0,-1.0,-1.0,-1.0,-1.0,-1.0,-1.0,-1.0,-1.0,-1.0,-1.0,-1.0,-1.0,-1.0,-1.0,-1.0,-1.0,-1.0,-1.0,-1.0,-1.0,-1.0,-1.0,-1.0,-1.0,-1.0,-1.0,-1.0,-1.0,-1.0,-1.0,-1.0,-1.0,-1.0,-1.0,-1.0,-1.0,-1.0,-1.0,-1.0,-1.0,-1.0,-1.0,-1.0,-1.0,-1.0,-1.0,-1.0,-1.0,-1.0,-1.0,-1.0,-1.0,-1.0,-1.0,-1.0,-1.0,-1.0,-1.0,-1.0,-1.0,-1.0,-1.0,-1.0,-1.0,-1.0,-1.0,-1.0,-1.0,-1.0,-1.0,-1.0,-1.0,-1.0,-1.0,-1.0,-1.0,-1.0,-1.0,-1.0,-1.0,-1.0,-1.0,-1.0,-1.0,-1.0,-1.0,-1.0,-1.0,-1.0,-1.0,-1.0,-1.0,-1.0,-1.0,-1.0,-1.0,-1.0,-1.0,-1.0,-1.0,-1.0,-1.0,-1.0,-1.0,-1.0,-1.0,-1.0,-1.0,-1.0,-1.0,-1.0,-1.0,-1.0,-1.0,-1.0,-1.0,-1.0,-1.0,-1.0,-1.0,-1.0,-1.0,-1.0,-1.0,-1.0,-1.0,-1.0,-1.0,-1.0,-1.0,-1.0,-1.0,-1.0,-1.0,-1.0,-1.0,-1.0,-1.0,-1.0,-1.0,-1.0,-1.0,-1.0,-1.0,-1.0,-1.0,-1.0,-1.0,-1.0,-1.0,-1.0,0.0
-1.0,-1.0,-1.0,-1.0,-1.0,-1.0,-1.0,-1.0,-1.0,-1.0,-1.0,-1.0,-1.0,-1.0,-1.0,-1.0,-1.0,-1.0,-1.0,-1.0,-1.0,-1.0,-1.0,-1.0,-1.0,-1.0,-1.0,-1.0,-1.0,-1.0,-1.0,-1.0,-1.0,-1.0,-1.0,-1.0,-1.0,-1.0,-1.0,-1.0,-1.0,-1.0,-1.0,-1.0,-1.0,-1.0,-1.0,-1.0,-1.0,-1.0,-1.0,-1.0,-1.0,-1.0,-1.0,-1.0,-1.0,-1.0,-1.0,-1.0,-1.0,-1.0,-1.0,-1.0,-1.0,-1.0,-1.0,-1.0,-1.0,-1.0,-1.0,-1.0,-1.0,-1.0,-1.0,-1.0,-1.0,-1.0,-1.0,-1.0,-1.0,-1.0,-1.0,-1.0,-1.0,-1.0,-1.0,-1.0,-1.0,-1.0,-1.0,-1.0,-1.0,-1.0,-1.0,-1.0,-1.0,-1.0,-1.0,-1.0,-1.0,-1.0,-1.0,-1.0,-1.0,-1.0,-1.0,-1.0,-1.0,-1.0,-1.0,-1.0,-1.0,-1.0,-1.0,-1.0,-1.0,-1.0,-1.0,-1.0,-1.0,-1.0,-1.0,-1.0,-1.0,-1.0,-1.0,-1.0,-1.0,-1.0,-1.0,-1.0,-1.0,-1.0,-1.0,-1.0,-1.0,-1.0,-1.0,-1.0,-1.0,-1.0,-1.0,-1.0,-1.0,-1.0,-1.0,-1.0,-1.0,-1.0,-1.0,-1.0,-1.0,-1.0,-1.0,-1.0,-1.0,-1.0,-1.0,-1.0,-1.0,-1.0,-1.0,-1.0,-1.0,-1.0,-1.0,-1.0,-1.0,-1.0,-1.0,-1.0,-1.0,-1.0,-1.0,-1.0,-1.0,-1.0,-1.0,-1.0,-1.0,-1.0,-1.0,-1.0,-1.0,-1.0,-1.0,-1.0,-1.0,-1.0,-1.0,-1.0,-1.0,-1.0,-1.0,-1.0,-1.0,-1.0,-1.0,-1.0,-1.0,-1.0,-1.0,-1.0,-1.0,-1.0,-1.0,-1.0,-1.0,-1.0,-1.0,-1.0,-1.0,-1.0,-1.0,-1.0,-1.0,-1.0,-1.0,-1.0,-1.0,-1.0,-1.0,-1.0,-1.0,-1.0,-1.0,-1.0,-1.0,-1.0,-1.0,-1.0,-1.0,-1.0,-1.0,-1.0,-1.0,-1.0,-1.0,-1.0,-1.0,-1.0,-1.0,-1.0,-1.0,-1.0,-1.0,-1.0,-1.0,-1.0,-1.0,-1.0,-1.0,-1.0,-1.0,-1.0,-1.0,-1.0,-1.0,-1.0,-1.0,-1.0,-1.0,-1.0,-1.0,-1.0,-1.0,-1.0,-1.0,-1.0,-1.0,-1.0,-1.0,-1.0,-1.0,-1.0,-1.0,-1.0,-1.0,-1.0,-1.0,-1.0,-1.0,-1.0,-1.0,-1.0,-1.0,-1.0,-1.0,-1.0,-1.0,-1.0,-1.0,-1.0,-1.0,-1.0,-1.0,-1.0,-1.0,-1.0,-1.0,-1.0,-1.0,-1.0,-1.0,-1.0,-1.0,-1.0,-1.0,-1.0,-1.0,-1.0,-1.0,-1.0,-1.0,-1.0,-1.0,-1.0,-1.0,-1.0,-1.0,-1.0,-1.0,-1.0,-1.0,-1.0,-1.0,-1.0,-1.0,-1.0,-1.0,-1.0,-1.0,-1.0,-1.0,-1.0,-1.0,-1.0,-1.0,-1.0,-1.0,-1.0,-1.0,-1.0,-1.0,-1.0,-1.0,-1.0,-1.0,-1.0,-1.0,-1.0,-1.0,-1.0,-1.0,-1.0,-1.0,-1.0,-1.0,-1.0,-1.0,-1.0,-1.0,-1.0,-1.0,-1.0,-1.0,-1.0,-1.0,-1.0,-1.0,-1.0,-1.0,-1.0,-1.0,-1.0,-1.0,-1.0,-1.0,-1.0,0.0
1.0,-1.0,-1.0,-1.0,-1.0,-1.0,-1.0,-1.0,-1.0,-1.0,-1.0,-1.0,-1.0,-1.0,-1.0,-1.0,-1.0,-1.0,-1.0,-1.0,-1.0,-1.0,-1.0,-1.0,-1.0,-1.0,-1.0,-1.0,-1.0,-1.0,-1.0,-1.0,-1.0,-1.0,-1.0,-1.0,-1.0,-1.0,-1.0,-1.0,-1.0,-1.0,-1.0,-1.0,-1.0,-1.0,-1.0,-1.0,-1.0,-1.0,-1.0,-1.0,-1.0,-1.0,-1.0,-1.0,-1.0,-1.0,-1.0,-1.0,-1.0,-1.0,-1.0,-1.0,-1.0,-1.0,-1.0,-1.0,-1.0,-1.0,-1.0,-1.0,-1.0,-1.0,-1.0,-1.0,-1.0,-1.0,-1.0,-1.0,-1.0,-1.0,-1.0,-1.0,-1.0,-1.0,-1.0,-1.0,-1.0,-1.0,-1.0,-1.0,-1.0,-1.0,-1.0,-1.0,-1.0,-1.0,-1.0,-1.0,-1.0,-1.0,-1.0,-1.0,-1.0,-1.0,-1.0,-1.0,-1.0,-1.0,-1.0,-1.0,-1.0,-1.0,-1.0,-1.0,-1.0,-1.0,-1.0,-1.0,-1.0,-1.0,-1.0,-1.0,-1.0,-1.0,-1.0,-1.0,-1.0,-1.0,-1.0,-1.0,-1.0,-1.0,-1.0,-1.0,-1.0,-1.0,-1.0,-1.0,-1.0,-1.0,-1.0,-1.0,-1.0,-1.0,-1.0,-1.0,-1.0,-1.0,-1.0,-1.0,-1.0,-1.0,-1.0,-1.0,-1.0,-1.0,-1.0,-1.0,-1.0,-1.0,-1.0,-1.0,-1.0,-1.0,-1.0,-1.0,-1.0,-1.0,-1.0,-1.0,-1.0,-1.0,-1.0,-1.0,-1.0,-1.0,-1.0,-1.0,-1.0,-1.0,-1.0,-1.0,-1.0,-1.0,-1.0,-1.0,-1.0,-1.0,-1.0,-1.0,-1.0,-1.0,-1.0,-1.0,-1.0,-1.0,-1.0,-1.0,-1.0,-1.0,-1.0,-1.0,-1.0,-1.0,-1.0,-1.0,-1.0,-1.0,-1.0,-1.0,-1.0,-1.0,-1.0,-1.0,-1.0,-1.0,-1.0,-1.0,-1.0,-1.0,-1.0,-1.0,-1.0,-1.0,-1.0,-1.0,-1.0,-1.0,-1.0,-1.0,-1.0,-1.0,-1.0,-1.0,-1.0,-1.0,-1.0,-1.0,-1.0,-1.0,-1.0,-1.0,-1.0,-1.0,-1.0,-1.0,-1.0,-1.0,-1.0,-1.0,-1.0,-1.0,-1.0,-1.0,-1.0,-1.0,-1.0,-1.0,-1.0,-1.0,-1.0,-1.0,-1.0,-1.0,-1.0,-1.0,-1.0,-1.0,-1.0,-1.0,-1.0,-1.0,-1.0,-1.0,-1.0,-1.0,-1.0,-1.0,-1.0,-1.0,-1.0,-1.0,-1.0,-1.0,-1.0,-1.0,-1.0,-1.0,-1.0,-1.0,-1.0,-1.0,-1.0,-1.0,-1.0,-1.0,-1.0,-1.0,-1.0,-1.0,-1.0,-1.0,-1.0,-1.0,-1.0,-1.0,-1.0,-1.0,-1.0,-1.0,-1.0,-1.0,-1.0,-1.0,-1.0,-1.0,-1.0,-1.0,-1.0,-1.0,-1.0,-1.0,1.0,1.0,1.0,1.0,-1.0,-1.0,-1.0,-1.0,-1.0,-1.0,-1.0,-1.0,-1.0,-1.0,-1.0,-1.0,-1.0,-1.0,-1.0,-1.0,-1.0,-1.0,-1.0,-1.0,-1.0,-1.0,-1.0,-1.0,-1.0,-1.0,-1.0,-1.0,-1.0,-1.0,-1.0,-1.0,-1.0,-1.0,-1.0,-1.0,-1.0,-1.0,-1.0,-1.0,-1.0,-1.0,-1.0,-1.0,-1.0,-1.0,1.0,-1.0,-1.0,-1.0,-1.0,1.0,0.0
-1.0,-1.0,-1.0,-1.0,-1.0,-1.0,-1.0,-1.0,-1.0,-1.0,-1.0,-1.0,-1.0,-1.0,-1.0,-1.0,-1.0,-1.0,-1.0,-1.0,-1.0,-1.0,-1.0,-1.0,-1.0,-1.0,-1.0,-1.0,-1.0,-1.0,-1.0,-1.0,-1.0,-1.0,-1.0,-1.0,-1.0,-1.0,-1.0,-1.0,-1.0,-1.0,-1.0,-1.0,-1.0,-1.0,-1.0,-1.0,-1.0,-1.0,-1.0,-1.0,-1.0,-1.0,-1.0,-1.0,-1.0,-1.0,-1.0,-1.0,-1.0,-1.0,-1.0,-1.0,-1.0,-1.0,-1.0,-1.0,-1.0,-1.0,-1.0,-1.0,-1.0,-1.0,-1.0,-1.0,-1.0,-1.0,-1.0,-1.0,-1.0,-1.0,-1.0,-1.0,-1.0,-1.0,-1.0,-1.0,-1.0,-1.0,-1.0,-1.0,-1.0,-1.0,-1.0,-1.0,-1.0,-1.0,-1.0,-1.0,-1.0,-1.0,-1.0,-1.0,-1.0,-1.0,-1.0,-1.0,-1.0,-1.0,-1.0,-1.0,-1.0,-1.0,-1.0,-1.0,-1.0,-1.0,-1.0,-1.0,-1.0,-1.0,-1.0,-1.0,-1.0,-1.0,-1.0,-1.0,-1.0,-1.0,-1.0,-1.0,-1.0,-1.0,-1.0,-1.0,-1.0,-1.0,-1.0,-1.0,-1.0,-1.0,-1.0,-1.0,-1.0,-1.0,-1.0,-1.0,-1.0,-1.0,-1.0,-1.0,-1.0,-1.0,-1.0,-1.0,-1.0,-1.0,-1.0,-1.0,-1.0,-1.0,-1.0,-1.0,-1.0,-1.0,-1.0,-1.0,-1.0,-1.0,-1.0,-1.0,-1.0,-1.0,-1.0,-1.0,-1.0,-1.0,-1.0,-1.0,-1.0,-1.0,-1.0,-1.0,-1.0,-1.0,-1.0,-1.0,-1.0,-1.0,-1.0,-1.0,-1.0,-1.0,-1.0,-1.0,-1.0,-1.0,-1.0,-1.0,-1.0,-1.0,-1.0,-1.0,-1.0,-1.0,-1.0,-1.0,-1.0,-1.0,-1.0,-1.0,-1.0,-1.0,-1.0,-1.0,-1.0,-1.0,-1.0,-1.0,-1.0,-1.0,-1.0,-1.0,-1.0,-1.0,-1.0,-1.0,-1.0,-1.0,-1.0,-1.0,-1.0,-1.0,-1.0,-1.0,-1.0,-1.0,-1.0,-1.0,-1.0,-1.0,-1.0,-1.0,-1.0,-1.0,-1.0,-1.0,-1.0,-1.0,-1.0,-1.0,-1.0,-1.0,-1.0,-1.0,-1.0,-1.0,-1.0,-1.0,-1.0,-1.0,-1.0,-1.0,-1.0,-1.0,-1.0,-1.0,-1.0,-1.0,-1.0,-1.0,-1.0,-1.0,-1.0,-1.0,-1.0,-1.0,-1.0,-1.0,-1.0,-1.0,-1.0,-1.0,-1.0,-1.0,-1.0,-1.0,-1.0,-1.0,-1.0,-1.0,-1.0,-1.0,-1.0,-1.0,-1.0,-1.0,-1.0,-1.0,-1.0,-1.0,-1.0,-1.0,-1.0,-1.0,-1.0,-1.0,-1.0,-1.0,-1.0,-1.0,-1.0,-1.0,-1.0,-1.0,-1.0,-1.0,-1.0,-1.0,-1.0,-1.0,-1.0,-1.0,-1.0,-1.0,-1.0,-1.0,-1.0,-1.0,-1.0,-1.0,-1.0,-1.0,-1.0,-1.0,-1.0,-1.0,-1.0,-1.0,-1.0,-1.0,-1.0,-1.0,-1.0,-1.0,-1.0,-1.0,-1.0,-1.0,-1.0,-1.0,-1.0,-1.0,-1.0,-1.0,-1.0,-1.0,-1.0,-1.0,-1.0,-1.0,-1.0,-1.0,-1.0,-1.0,-1.0,-1.0,-1.0,-1.0,-1.0,-1.0,-1.0,-1.0,-1.0,-1.0,-1.0,-1.0,-1.0,-1.0,0.0
-1.0,-1.0,-1.0,-1.0,-1.0,-1.0,-1.0,-1.0,-1.0,-1.0,-1.0,-1.0,-1.0,-1.0,-1.0,-1.0,-1.0,-1.0,-1.0,-1.0,-1.0,-1.0,-1.0,-1.0,-1.0,-1.0,-1.0,-1.0,-1.0,-1.0,-1.0,-1.0,-1.0,-1.0,-1.0,-1.0,-1.0,-1.0,-1.0,-1.0,-1.0,-1.0,-1.0,-1.0,-1.0,-1.0,-1.0,-1.0,-1.0,-1.0,-1.0,-1.0,-1.0,-1.0,-1.0,-1.0,-1.0,-1.0,-1.0,-1.0,-1.0,-1.0,-1.0,-1.0,-1.0,-1.0,-1.0,-1.0,-1.0,-1.0,-1.0,-1.0,-1.0,-1.0,-1.0,-1.0,-1.0,-1.0,-1.0,-1.0,-1.0,-1.0,-1.0,-1.0,-1.0,-1.0,-1.0,-1.0,-1.0,-1.0,-1.0,-1.0,-1.0,-1.0,-1.0,-1.0,-1.0,-1.0,-1.0,-1.0,-1.0,-1.0,-1.0,-1.0,-1.0,-1.0,-1.0,-1.0,-1.0,-1.0,-1.0,-1.0,-1.0,-1.0,-1.0,-1.0,-1.0,-1.0,-1.0,-1.0,-1.0,-1.0,-1.0,-1.0,-1.0,-1.0,-1.0,-1.0,-1.0,-1.0,-1.0,-1.0,-1.0,-1.0,-1.0,-1.0,-1.0,-1.0,-1.0,-1.0,-1.0,-1.0,-1.0,-1.0,-1.0,-1.0,-1.0,-1.0,-1.0,-1.0,-1.0,-1.0,-1.0,-1.0,-1.0,-1.0,-1.0,-1.0,-1.0,-1.0,-1.0,-1.0,-1.0,-1.0,-1.0,-1.0,-1.0,-1.0,-1.0,-1.0,-1.0,-1.0,-1.0,-1.0,-1.0,-1.0,-1.0,-1.0,-1.0,-1.0,-1.0,-1.0,-1.0,-1.0,-1.0,-1.0,-1.0,-1.0,-1.0,-1.0,-1.0,-1.0,-1.0,-1.0,-1.0,-1.0,-1.0,-1.0,-1.0,-1.0,-1.0,-1.0,-1.0,-1.0,-1.0,-1.0,-1.0,-1.0,-1.0,-1.0,-1.0,-1.0,-1.0,-1.0,-1.0,-1.0,-1.0,-1.0,-1.0,-1.0,-1.0,-1.0,-1.0,-1.0,-1.0,-1.0,-1.0,-1.0,-1.0,-1.0,-1.0,-1.0,-1.0,-1.0,-1.0,-1.0,-1.0,-1.0,-1.0,-1.0,-1.0,-1.0,-1.0,-1.0,-1.0,-1.0,-1.0,-1.0,-1.0,-1.0,-1.0,-1.0,-1.0,-1.0,-1.0,-1.0,-1.0,-1.0,-1.0,-1.0,-1.0,-1.0,-1.0,-1.0,-1.0,-1.0,-1.0,-1.0,-1.0,-1.0,-1.0,-1.0,-1.0,-1.0,-1.0,-1.0,-1.0,-1.0,-1.0,-1.0,-1.0,-1.0,-1.0,-1.0,-1.0,-1.0,-1.0,-1.0,-1.0,-1.0,-1.0,-1.0,-1.0,-1.0,-1.0,-1.0,-1.0,-1.0,-1.0,-1.0,-1.0,-1.0,-1.0,-1.0,-1.0,-1.0,-1.0,-1.0,-1.0,-1.0,-1.0,-1.0,-1.0,-1.0,-1.0,-1.0,-1.0,-1.0,-1.0,-1.0,-1.0,-1.0,-1.0,-1.0,-1.0,-1.0,-1.0,-1.0,-1.0,-1.0,-1.0,-1.0,-1.0,-1.0,-1.0,-1.0,-1.0,-1.0,-1.0,-1.0,-1.0,-1.0,-1.0,-1.0,-1.0,-1.0,-1.0,-1.0,-1.0,-1.0,-1.0,-1.0,-1.0,-1.0,-1.0,-1.0,-1.0,-1.0,-1.0,-1.0,-1.0,-1.0,-1.0,-1.0,-1.0,-1.0,-1.0,-1.0,-1.0,-1.0,-1.0,-1.0,-1.0,-1.0,-1.0,-1.0,-1.0,-1.0,-1.0,-1.0,0.0
1.0,-1.0,-1.0,-1.0,-1.0,-1.0,-1.0,-1.0,-1.0,-1.0,-1.0,-1.0,-1.0,-1.0,-1.0,-1.0,-1.0,-1.0,-1.0,-1.0,-1.0,-1.0,-1.0,-1.0,-1.0,-1.0,-1.0,-1.0,-1.0,-1.0,-1.0,-1.0,-1.0,-1.0,-1.0,-1.0,-1.0,-1.0,-1.0,-1.0,-1.0,-1.0,-1.0,-1.0,-1.0,-1.0,-1.0,-1.0,-1.0,-1.0,-1.0,-1.0,-1.0,-1.0,-1.0,-1.0,-1.0,-1.0,-1.0,-1.0,-1.0,-1.0,-1.0,-1.0,-1.0,-1.0,1.0,1.0,1.0,-1.0,-1.0,-1.0,-1.0,-1.0,-1.0,1.0,1.0,1.0,1.0,1.0,1.0,1.0,1.0,1.0,1.0,1.0,1.0,1.0,1.0,-1.0,-1.0,-1.0,-1.0,1.0,1.0,1.0,1.0,1.0,1.0,1.0,1.0,1.0,1.0,1.0,1.0,1.0,1.0,1.0,1.0,1.0,1.0,1.0,1.0,1.0,1.0,1.0,1.0,1.0,1.0,1.0,1.0,1.0,1.0,1.0,1.0,1.0,1.0,1.0,1.0,1.0,1.0,1.0,1.0,1.0,1.0,1.0,1.0,1.0,1.0,1.0,1.0,1.0,1.0,1.0,1.0,1.0,1.0,1.0,1.0,1.0,1.0,-1.0,-1.0,-1.0,-1.0,-1.0,-1.0,-1.0,-1.0,-1.0,-1.0,1.0,1.0,1.0,1.0,-1.0,-1.0,-1.0,-1.0,-1.0,-1.0,-1.0,-1.0,1.0,1.0,1.0,1.0,1.0,1.0,1.0,-1.0,-1.0,1.0,1.0,1.0,1.0,1.0,1.0,-1.0,-1.0,1.0,1.0,1.0,1.0,1.0,1.0,1.0,1.0,-1.0,-1.0,-1.0,-1.0,1.0,1.0,-1.0,-1.0,-1.0,-1.0,1.0,1.0,-1.0,-1.0,1.0,1.0,-1.0,-1.0,1.0,1.0,-1.0,-1.0,-1.0,-1.0,1.0,1.0,-1.0,-1.0,-1.0,-1.0,1.0,1.0,1.0,1.0,1.0,1.0,1.0,1.0,1.0,1.0,1.0,1.0,1.0,1.0,1.0,1.0,1.0,1.0,1.0,1.0,1.0,1.0,1.0,1.0,-1.0,-1.0,-1.0,1.0,-1.0,-1.0,-1.0,-1.0,-1.0,-1.0,-1.0,1.0,-1.0,-1.0,-1.0,-1.0,-1.0,-1.0,1.0,1.0,1.0,1.0,1.0,1.0,-1.0,-1.0,1.0,1.0,1.0,1.0,1.0,1.0,1.0,-1.0,-1.0,-1.0,-1.0,-1.0,-1.0,1.0,-1.0,-1.0,-1.0,-1.0,-1.0,-1.0,1.0,1.0,1.0,1.0,1.0,1.0,1.0,1.0,1.0,1.0,1.0,1.0,1.0,1.0,1.0,1.0,1.0,1.0,-1.0,-1.0,-1.0,-1.0,-1.0,-1.0,-1.0,-1.0,1.0,1.0,1.0,1.0,-1.0,-1.0,-1.0,-1.0,-1.0,-1.0,-1.0,-1.0,-1.0,-1.0,-1.0,-1.0,-1.0,-1.0,-1.0,-1.0,-1.0,-1.0,-1.0,-1.0,-1.0,-1.0,-1.0,-1.0,-1.0,-1.0,-1.0,-1.0,-1.0,-1.0,-1.0,-1.0,-1.0,-1.0,-1.0,-1.0,-1.0,-1.0,-1.0,-1.0,-1.0,-1.0,-1.0,-1.0,-1.0,-1.0,1.0,-1.0,-1.0,-1.0,-1.0,1.0,0.0
-0.06136282257208365,1.2735172784878372,1.337810426714739,1.337810426714739,1.337810426714739,1.337810426714739,1.337810426714739,1.337810426714739,1.337810426714739,1.337810426714739,1.337810426714739,1.337810426714739,1.337810426714739,1.337810426714739,1.2735172784878372,1.337810426714739,1.337810426714739,1.337810426714739,1.337810426714739,1.337810426714739,1.337810426714739,1.337810426714739,1.337810426714739,1.337810426714739,1.337810426714739,1.2735172784878372,1.337810426714739,1.337810426714739,1.337810426714739,1.337810426714739,1.337810426714739,1.337810426714739,1.337810426714739,1.2735172784878372,1.0529035345719981,1.0529035345719981,1.0529035345719981,1.0529035345719981,1.0529035345719981,1.0529035345719981,1.0529035345719981,1.0529035345719981,1.2735172784878372,1.337810426714739,1.337810426714739,1.337810426714739,1.337810426714739,1.337810426714739,1.337810426714739,1.337810426714739,1.337810426714739,1.337810426714739,1.337810426714739,1.2735172784878372,1.2224909703712485,1.2224909703712485,1.2224909703712485,1.2224909703712485,1.2224909703712485,1.2224909703712485,1.2224909703712485,1.2224909703712485,1.2224909703712485,1.2224909703712485,1.2224909703712485,1.2224909703712485,0.970472607912722,0.970472607912722,0.970472607912722,1.337810426714739,1.337810426714739,1.337810426714739,1.337810426714739,1.0472053967291435,1.0472053967291435,0.970472607912722,0.12695613510809048,0.12695613510809048,0.970472607912722,0.8255259187273107,0.8255259187273107,0.8255259187273107,0.8255259187273107,0.8255259187273107,0.8255259187273107,0.8255259187273107,0.8255259187273107,0.8255259187273107,0.8255259187273107,0.4296697080097526,0.4296697080097526,0.4296697080097526,0.4296697080097526,0.8255259187273107,0.8255259187273107,0.8255259187273107,0.8255259187273107,0.8255259187273107,0.8255259187273107,0.8255259187273107,0.8255259187273107,0.8255259187273107,0.8255259187273107,0.8255259187273107,0.8255259187273107,0.8255259187273107,0.8255259187273107,0.8255259187273107,0.8255259187273107,0.8255259187273107,0.8255259187273107,0.8255259187273107,0.8255259187273107,0.8172562452763668,0.8172562452763668,-0.5167482389695313,-0.5167482389695313,0.5305742323103066,0.5305742323103066,0.5305742323103066,0.6858119620034666,-0.5167482389695313,-0.5167482389695313,-0.5967728667717455,-0.5967728667717455,-0.3995022525469742,-0.3995022525469742,-0.5967728667717455,-0.5167482389695313,-0.5167482389695313,-0.5167482389695313,-0.5167482389695313,-0.5167482389695313,-0.5167482389695313,-0.5167482389695313,-0.5167482389695313,-0.5167482389695313,-0.5167482389695313,-0.5967728667717455,-0.5967728667717455,-0.5967728667717455,-0.5167482389695313,-0.5167482389695313,-0.5167482389695313,-0.5167482389695313,-0.5167482389695313,-0.5167482389695313,-0.5967728667717455,-0.5967728667717455,-0.5967728667717455,-0.5167482389695313,0.8300328205571121,0.8300328205571121,0.8367672715671605,0.8367672715671605,0.8367672715671605,0.8367672715671605,0.8367672715671605,0.8367672715671605,0.8367672715671605,0.8367672715671605,-0.5167482389695313,0.46965074594016076,0.46965074594016076,0.46965074594016076,0.991852057684268,0.991852057684268,0.991852057684268,0.991852057684268,0.7996529637784509,0.7996529637784509,0.7996529637784509,0.7996529637784509,0.32876518370919866,0.32876518370919866,0.32876518370919866,0.32876518370919866,0.7323832809114148,-0.5167482389695313,-0.05049664900667701,1.337810426714739,1.337810426714739,-0.2064675104067838,-0.0884275131747065,-0.2064675104067838,-0.2064675104067838,-0.2064675104067838,-0.2064675104067838,1.337810426714739,1.337810426714739,-0.2064675104067838,-0.0884275131747065,-0.2064675104067838,-0.2064675104067838,-0.2064675104067838,-0.2064675104067838,-0.0884275131747065,-0.0884275131747065,-0.03667282321713225,-0.03667282321713225,-0.03667282321713225,-0.03667282321713225,-0.0884275131747065,-0.0884275131747065,-0.03667282321713225,-0.03667282321713225,-0.03667282321713225,-0.03667282321713225,-0.0884275131747065,-0.0884275131747065,0.2134457273657082,0.2134457273657082,-0.0884275131747065,-0.0884275131747065,0.2134457273657082,0.2134457273657082,-0.0884275131747065,-0.0884275131747065,-0.18819772161144827,-0.18819772161144827,-0.18819772161144827,-0.18819772161144827,-0.0884275131747065,-0.0884275131747065,-0.18819772161144827,-0.18819772161144827,-0.18819772161144827,-0.18819772161144827,-0.0884275131747065,-0.0884275131747065,0.16256949662593295,0.16256949662593295,0.16256949662593295,0.16256949662593295,-0.0884275131747065,-0.0884275131747065,0.16256949662593295,0.16256949662593295,0.16256949662593295,0.16256949662593295,-0.0884275131747065,-0.0884275131747065,-0.1210501655824279,-0.1210501655824279,-0.1210501655824279,-0.1210501655824279,-0.0884275131747065,-0.0884275131747065,-0.1210501655824279,-0.1210501655824279,-0.1210501655824279,-0.1210501655824279,1.337810426714739,1.337810426714739,-0.22917748007033553,-0.0884275131747065,-0.22917748007033553,-0.22917748007033553,-0.22917748007033553,-0.22917748007033553,1.337810426714739,1.337810426714739,-0.22917748007033553,-0.0884275131747065,-0.22917748007033553,-0.22917748007033553,-0.22917748007033553,-0.22917748007033553,1.337810426714739,1.337810426714739,-0.299401009823828,-0.0884275131747065,-0.299401009823828,-0.299401009823828,-0.299401009823828,-0.299401009823828,1.337810426714739,1.337810426714739,-0.299401009823828,-0.0884275131747065,-0.299401009823828,-0.299401009823828,-0.299401009823828,-0.299401009823828,-0.0884275131747065,0.12695613510809048,0.12695613510809048,0.12695613510809048,0.12695613510809048,0.12695613510809048,0.12695613510809048,-0.0884275131747065,0.12695613510809048,0.12695613510809048,0.12695613510809048,0.12695613510809048,0.12695613510809048,0.12695613510809048,-0.0884275131747065,-0.08867545106843604,-0.08867545106843604,-0.08867545106843604,-0.08867545106843604,-0.08867545106843604,-0.08867545106843604,-0.08867545106843604,-0.0884275131747065,-0.08867545106843604,-0.08867545106843604,-0.08867545106843604,-0.08867545106843604,-0.08867545106843604,-0.08867545106843604,-0.08867545106843604,-0.05049664900667701,-0.05049664900667701,0.8740789958866608,0.8740789958866608,0.8740789958866608,0.8740789958866608,0.8740789958866608,0.8740789958866608,0.8740789958866608,0.8740789958866608,1.1953569806433686,1.1953569806433686,0.8534687100720798,0.8534687100720798,1.337810426714739,1.337810426714739,1.337810426714739,1.337810426714739,1.337810426714739,1.337810426714739,1.337810426714739,1.337810426714739,1.337810426714739,1.337810426714739,1.337810426714739,1.337810426714739,1.337810426714739,1.337810426714739,1.337810426714739,1.337810426714739,1.337810426714739,1.337810426714739,1.337810426714739,1.337810426714739,1.337810426714739,1.337810426714739,1.337810426714739,1.337810426714739,1.0956395683934095,1.0529035345719981,1.0529035345719981,1.0529035345719981,1.0529035345719981,1.0529035345719981,1.0529035345719981,1.0529035345719981,1.0529035345719981,1.0956395683934095,1.186453640263908,1.186453640263908,1.186453640263908,1.186453640263908,1.186453640263908,1.186453640263908,1.186453640263908,1.0956395683934095,0.991852057684268,0.991852057684268,0.991852057684268,0.991852057684268,1.1253798492398883,1.337810426714739,1.337810426714739,1.337810426714739,1.337810426714739,1.2129800873738472,0.0
-0.4442767514388153,1.3307964073271479,1.4516825767754173,1.4516825767754173,1.4516825767754173,1.4516825767754173,1.4516825767754173,1.4516825767754173,1.4516825767754173,1.4516825767754173,1.4516825767754173,1.4516825767754173,1.4516825767754173,1.4516825767754173,1.3307964073271479,1.4516825767754173,1.4516825767754173,1.4516825767754173,1.4516825767754173,1.4516825767754173,1.4516825767754173,1.4516825767754173,1.4516825767754173,1.4516825767754173,1.4516825767754173,1.3307964073271479,1.4516825767754173,1.4516825767754173,1.4516825767754173,1.4516825767754173,1.4516825767754173,1.4516825767754173,1.4516825767754173,1.3307964073271479,0.940719501939573,0.940719501939573,0.940719501939573,0.940719501939573,0.940719501939573,0.940719501939573,0.940719501939573,0.940719501939573,1.3307964073271479,1.4516825767754173,1.4516825767754173,1.4516825767754173,1.4516825767754173,1.4516825767754173,1.4516825767754173,1.4516825767754173,1.4516825767754173,1.4516825767754173,1.4516825767754173,1.3307964073271479,1.2371700529046012,1.2371700529046012,1.2371700529046012,1.2371700529046012,1.2371700529046012,1.2371700529046012,1.2371700529046012,1.2371700529046012,1.2371700529046012,1.2371700529046012,1.2371700529046012,1.2371700529046012,0.8047976332714963,0.8047976332714963,0.8047976332714963,1.4516825767754173,1.4516825767754173,1.4516825767754173,1.4516825767754173,0.9311517183632719,0.9311517183632719,0.8047976332714963,-0.2788056493287897,-0.2788056493287897,0.8047976332714963,0.57875878224652,0.57875878224652,0.57875878224652,0.57875878224652,0.57875878224652,0.57875878224652,0.57875878224652,0.57875878224652,0.57875878224652,0.57875878224652,0.045660893065749136,0.045660893065749136,0.045660893065749136,0.045660893065749136,0.57875878224652,0.57875878224652,0.57875878224652,0.57875878224652,0.57875878224652,0.57875878224652,0.57875878224652,0.57875878224652,0.57875878224652,0.57875878224652,0.57875878224652,0.57875878224652,0.57875878224652,0.57875878224652,0.57875878224652,0.57875878224652,0.57875878224652,0.57875878224652,0.57875878224652,0.57875878224652,0.566361031688419,0.566361031688419,-0.7290858679934321,-0.7290858679934321,0.16983944632785655,0.16983944632785655,0.16983944632785655,0.3765271700242826,-0.7290858679934321,-0.7290858679934321,-0.7622784685653727,-0.7622784685653727,-0.6713549633788934,-0.6713549633788934,-0.7622784685653727,-0.7290858679934321,-0.7290858679934321,-0.7290858679934321,-0.7290858679934321,-0.7290858679934321,-0.7290858679934321,-0.7290858679934321,-0.7290858679934321,-0.7290858679934321,-0.7290858679934321,-0.7622784685653727,-0.7622784685653727,-0.7622784685653727,-0.7290858679934321,-0.7290858679934321,-0.7290858679934321,-0.7290858679934321,-0.7290858679934321,-0.7290858679934321,-0.7622784685653727,-0.7622784685653727,-0.7622784685653727,-0.7290858679934321,0.5855381056452159,0.5855381056452159,0.5956979132090084,0.5956979132090084,0.5956979132090084,0.5956979132090084,0.5956979132090084,0.5956979132090084,0.5956979132090084,0.5956979132090084,-0.7290858679934321,0.0939054139652812,0.0939054139652812,0.0939054139652812,0.8395370818269903,0.8395370818269903,0.8395370818269903,0.8395370818269903,0.5401496840127076,0.5401496840127076,0.5401496840127076,0.5401496840127076,-0.07050614063106092,-0.07050614063106092,-0.07050614063106092,-0.07050614063106092,0.4422311115479633,-0.7290858679934321,-0.43548753761681186,1.4516825767754173,1.4516825767754173,-0.552742068794001,-0.4657644121692386,-0.552742068794001,-0.552742068794001,-0.552742068794001,-0.552742068794001,1.4516825767754173,1.4516825767754173,-0.552742068794001,-0.4657644121692386,-0.552742068794001,-0.552742068794001,-0.552742068794001,-0.552742068794001,-0.4657644121692386,-0.4657644121692386,-0.42417171653257624,-0.42417171653257624,-0.42417171653257624,-0.42417171653257624,-0.4657644121692386,-0.4657644121692386,-0.42417171653257624,-0.42417171653257624,-0.42417171653257624,-0.42417171653257624,-0.4657644121692386,-0.4657644121692386,-0.19345844089848024,-0.19345844089848024,-0.4657644121692386,-0.4657644121692386,-0.19345844089848024,-0.19345844089848024,-0.4657644121692386,-0.4657644121692386,-0.5399971230004887,-0.5399971230004887,-0.5399971230004887,-0.5399971230004887,-0.4657644121692386,-0.4657644121692386,-0.5399971230004887,-0.5399971230004887,-0.5399971230004887,-0.5399971230004887,-0.4657644121692386,-0.4657644121692386,-0.2443755202627027,-0.2443755202627027,-0.2443755202627027,-0.2443755202627027,-0.4657644121692386,-0.4657644121692386,-0.2443755202627027,-0.2443755202627027,-0.2443755202627027,-0.2443755202627027,-0.4657644121692386,-0.4657644121692386,-0.4908986805728966,-0.4908986805728966,-0.4908986805728966,-0.4908986805728966,-0.4657644121692386,-0.4657644121692386,-0.4908986805728966,-0.4908986805728966,-0.4908986805728966,-0.4908986805728966,1.4516825767754173,1.4516825767754173,-0.5682183284350296,-0.4657644121692386,-0.5682183284350296,-0.5682183284350296,-0.5682183284350296,-0.5682183284350296,1.4516825767754173,1.4516825767754173,-0.5682183284350296,-0.4657644121692386,-0.5682183284350296,-0.5682183284350296,-0.5682183284350296,-0.5682183284350296,1.4516825767754173,1.4516825767754173,-0.6135063080178598,-0.4657644121692386,-0.6135063080178598,-0.6135063080178598,-0.6135063080178598,-0.6135063080178598,1.4516825767754173,1.4516825767754173,-0.6135063080178598,-0.4657644121692386,-0.6135063080178598,-0.6135063080178598,-0.6135063080178598,-0.6135063080178598,-0.4657644121692386,-0.2788056493287897,-0.2788056493287897,-0.2788056493287897,-0.2788056493287897,-0.2788056493287897,-0.2788056493287897,-0.4657644121692386,-0.2788056493287897,-0.2788056493287897,-0.2788056493287897,-0.2788056493287897,-0.2788056493287897,-0.2788056493287897,-0.4657644121692386,-0.46595859503055836,-0.46595859503055836,-0.46595859503055836,-0.46595859503055836,-0.46595859503055836,-0.46595859503055836,-0.46595859503055836,-0.4657644121692386,-0.46595859503055836,-0.46595859503055836,-0.46595859503055836,-0.46595859503055836,-0.46595859503055836,-0.46595859503055836,-0.46595859503055836,-0.43548753761681186,-0.43548753761681186,0.6526341428115009,0.6526341428115009,0.6526341428115009,0.6526341428115009,0.6526341428115009,0.6526341428115009,0.6526341428115009,0.6526341428115009,1.1882172413131853,1.1882172413131853,0.6210482282453983,0.6210482282453983,1.4516825767754173,1.4516825767754173,1.4516825767754173,1.4516825767754173,1.4516825767754173,1.4516825767754173,1.4516825767754173,1.4516825767754173,1.4516825767754173,1.4516825767754173,1.4516825767754173,1.4516825767754173,1.4516825767754173,1.4516825767754173,1.4516825767754173,1.4516825767754173,1.4516825767754173,1.4516825767754173,1.4516825767754173,1.4516825767754173,1.4516825767754173,1.4516825767754173,1.4516825767754173,1.4516825767754173,1.0132922261623518,0.940719501939573,0.940719501939573,0.940719501939573,0.940719501939573,0.940719501939573,0.940719501939573,0.940719501939573,0.940719501939573,1.0132922261623518,1.1722808319356757,1.1722808319356757,1.1722808319356757,1.1722808319356757,1.1722808319356757,1.1722808319356757,1.1722808319356757,1.0132922261623518,0.8395370818269903,0.8395370818269903,0.8395370818269903,0.8395370818269903,1.0646440692441594,1.4516825767754173,1.4516825767754173,1.4516825767754173,1.4516825767754173,1.219945392707897,0.0
-0.6029548755238772,1.3205163440186882,1.4965912411460476,1.4965912411460476,1.4965912411460476,1.4965912411460476,1.4965912411460476,1.4965912411460476,1.4965912411460476,1.4965912411460476,1.4965912411460476,1.4965912411460476,1.4965912411460476,1.4965912411460476,1.3205163440186882,1.4965912411460476,1.4965912411460476,1.4965912411460476,1.4965912411460476,1.4965912411460476,1.4965912411460476,1.4965912411460476,1.4965912411460476,1.4965912411460476,1.4965912411460476,1.3205163440186882,1.4965912411460476,1.4965912411460476,1.4965912411460476,1.4965912411460476,1.4965912411460476,1.4965912411460476,1.4965912411460476,1.3205163440186882,0.7858297300370047,0.7858297300370047,0.7858297300370047,0.7858297300370047,0.7858297300370047,0.7858297300370047,0.7858297300370047,0.7858297300370047,1.3205163440186882,1.4965912411460476,1.4965912411460476,1.4965912411460476,1.4965912411460476,1.4965912411460476,1.4965912411460476,1.4965912411460476,1.4965912411460476,1.4965912411460476,1.4965912411460476,1.3205163440186882,1.1874396165540237,1.1874396165540237,1.1874396165540237,1.1874396165540237,1.1874396165540237,1.1874396165540237,1.1874396165540237,1.1874396165540237,1.1874396165540237,1.1874396165540237,1.1874396165540237,1.1874396165540237,0.6121987606647041,0.6121987606647041,0.6121987606647041,1.4965912411460476,1.4965912411460476,1.4965912411460476,1.4965912411460476,0.7733853662789548,0.7733853662789548,0.6121987606647041,-0.49006343445140743,-0.49006343445140743,0.6121987606647041,0.33902805653103063,0.33902805653103063,0.33902805653103063,0.33902805653103063,0.33902805653103063,0.33902805653103063,0.33902805653103063,0.33902805653103063,0.33902805653103063,0.33902805653103063,-0.21955911478300397,-0.21955911478300397,-0.21955911478300397,-0.21955911478300397,0.33902805653103063,0.33902805653103063,0.33902805653103063,0.33902805653103063,0.33902805653103063,0.33902805653103063,0.33902805653103063,0.33902805653103063,0.33902805653103063,0.33902805653103063,0.33902805653103063,0.33902805653103063,0.33902805653103063,0.33902805653103063,0.33902805653103063,0.33902805653103063,0.33902805653103063,0.33902805653103063,0.33902805653103063,0.33902805653103063,0.32463076450494144,0.32463076450494144,-0.7447075663857956,-0.7447075663857956,-0.10114161965190568,-0.10114161965190568,-0.10114161965190568,0.11217234795546767,-0.7447075663857956,-0.7447075663857956,-0.7553925748607276,-0.7553925748607276,-0.7226239566567477,-0.7226239566567477,-0.7553925748607276,-0.7447075663857956,-0.7447075663857956,-0.7447075663857956,-0.7447075663857956,-0.7447075663857956,-0.7447075663857956,-0.7447075663857956,-0.7447075663857956,-0.7447075663857956,-0.7447075663857956,-0.7553925748607276,-0.7553925748607276,-0.7553925748607276,-0.7447075663857956,-0.7447075663857956,-0.7447075663857956,-0.7447075663857956,-0.7447075663857956,-0.7447075663857956,-0.7553925748607276,-0.7553925748607276,-0.7553925748607276,-0.7447075663857956,0.34692715469412166,0.34692715469412166,0.35879992093016144,0.35879992093016144,0.35879992093016144,0.35879992093016144,0.35879992093016144,0.35879992093016144,0.35879992093016144,0.35879992093016144,-0.7447075663857956,-0.17446195056246686,-0.17446195056246686,-0.17446195056246686,0.6559243730048503,0.6559243730048503,0.6559243730048503,0.6559243730048503,0.2943984842883285,0.2943984842883285,0.2943984842883285,0.2943984842883285,-0.32319495310162105,-0.32319495310162105,-0.32319495310162105,-0.32319495310162105,0.1839801161977291,-0.7447075663857956,-0.5974479377333896,1.4965912411460476,1.4965912411460476,-0.6658803641794309,-0.616170386277221,-0.6658803641794309,-0.6658803641794309,-0.6658803641794309,-0.6658803641794309,1.4965912411460476,1.4965912411460476,-0.6658803641794309,-0.616170386277221,-0.6658803641794309,-0.6658803641794309,-0.6658803641794309,-0.6658803641794309,-0.616170386277221,-0.616170386277221,-0.5902727546526095,-0.5902727546526095,-0.5902727546526095,-0.5902727546526095,-0.616170386277221,-0.616170386277221,-0.5902727546526095,-0.5902727546526095,-0.5902727546526095,-0.5902727546526095,-0.616170386277221,-0.616170386277221,-0.4248000493877885,-0.4248000493877885,-0.616170386277221,-0.616170386277221,-0.4248000493877885,-0.4248000493877885,-0.616170386277221,-0.616170386277221,-0.658993198482512,-0.658993198482512,-0.658993198482512,-0.658993198482512,-0.616170386277221,-0.616170386277221,-0.658993198482512,-0.658993198482512,-0.658993198482512,-0.658993198482512,-0.616170386277221,-0.616170386277221,-0.46427782249421484,-0.46427782249421484,-0.46427782249421484,-0.46427782249421484,-0.616170386277221,-0.616170386277221,-0.46427782249421484,-0.46427782249421484,-0.46427782249421484,-0.46427782249421484,-0.616170386277221,-0.616170386277221,-0.6311719352393572,-0.6311719352393572,-0.6311719352393572,-0.6311719352393572,-0.616170386277221,-0.616170386277221,-0.6311719352393572,-0.6311719352393572,-0.6311719352393572,-0.6311719352393572,1.4965912411460476,1.4965912411460476,-0.6740503828326087,-0.616170386277221,-0.6740503828326087,-0.6740503828326087,-0.6740503828326087,-0.6740503828326087,1.4965912411460476,1.4965912411460476,-0.6740503828326087,-0.616170386277221,-0.6740503828326087,-0.6740503828326087,-0.6740503828326087,-0.6740503828326087,1.4965912411460476,1.4965912411460476,-0.6966880430806903,-0.616170386277221,-0.6966880430806903,-0.6966880430806903,-0.6966880430806903,-0.6966880430806903,1.4965912411460476,1.4965912411460476,-0.6966880430806903,-0.616170386277221,-0.6966880430806903,-0.6966880430806903,-0.6966880430806903,-0.6966880430806903,-0.616170386277221,-0.49006343445140743,-0.49006343445140743,-0.49006343445140743,-0.49006343445140743,-0.49006343445140743,-0.49006343445140743,-0.616170386277221,-0.49006343445140743,-0.49006343445140743,-0.49006343445140743,-0.49006343445140743,-0.49006343445140743,-0.49006343445140743,-0.616170386277221,-0.616288190698874,-0.616288190698874,-0.616288190698874,-0.616288190698874,-0.616288190698874,-0.616288190698874,-0.616288190698874,-0.616170386277221,-0.616288190698874,-0.616288190698874,-0.616288190698874,-0.616288190698874,-0.616288190698874,-0.616288190698874,-0.616288190698874,-0.5974479377333896,-0.5974479377333896,0.42610195484509267,0.42610195484509267,0.42610195484509267,0.42610195484509267,0.42610195484509267,0.42610195484509267,0.42610195484509267,0.42610195484509267,1.119028071720763,1.119028071720763,0.38860554778426726,0.38860554778426726,1.4965912411460476,1.4965912411460476,1.4965912411460476,1.4965912411460476,1.4965912411460476,1.4965912411460476,1.4965912411460476,1.4965912411460476,1.4965912411460476,1.4965912411460476,1.4965912411460476,1.4965912411460476,1.4965912411460476,1.4965912411460476,1.4965912411460476,1.4965912411460476,1.4965912411460476,1.4965912411460476,1.4965912411460476,1.4965912411460476,1.4965912411460476,1.4965912411460476,1.4965912411460476,1.4965912411460476,0.881295907332436,0.7858297300370047,0.7858297300370047,0.7858297300370047,0.7858297300370047,0.7858297300370047,0.7858297300370047,0.7858297300370047,0.7858297300370047,0.881295907332436,1.0969321950785909,1.0969321950785909,1.0969321950785909,1.0969321950785909,1.0969321950785909,1.0969321950785909,1.0969321950785909,0.881295907332436,0.6559243730048503,0.6559243730048503,0.6559243730048503,0.6559243730048503,0.9499800303766645,1.4965912411460476,1.4965912411460476,1.4965912411460476,1.4965912411460476,1.1632758957376543,0.0
1.0,-1.0,-1.0,-1.0,-1.0,-1.0,-1.0,-1.0,-1.0,-1.0,-1.0,-1.0,-1.0,-1.0,-1.0,-1.0,-1.0,-1.0,-1.0,-1.0,-1.0,-1.0,-1.0,-1.0,-1.0,-1.0,-1.0,-1.0,-1.0,-1.0,-1.0,-1.0,-1.0,-1.0,-1.0,-1.0,-1.0,-1.0,-1.0,-1.0,-1.0,-1.0,-1.0,-1.0,-1.0,-1.0,-1.0,-1.0,-1.0,-1.0,-1.0,-1.0,-1.0,-1.0,-1.0,-1.0,-1.0,-1.0,-1.0,-1.0,-1.0,-1.0,-1.0,-1.0,-1.0,-1.0,1.0,1.0,1.0,1.0,1.0,1.0,1.0,1.0,1.0,1.0,-1.0,-1.0,1.0,-1.0,-1.0,-1.0,-1.0,-1.0,-1.0,-1.0,-1.0,-1.0,-1.0,-1.0,-1.0,-1.0,-1.0,-1.0,-1.0,-1.0,-1.0,-1.0,-1.0,-1.0,-1.0,-1.0,-1.0,-1.0,-1.0,-1.0,-1.0,-1.0,-1.0,-1.0,-1.0,-1.0,-1.0,-1.0,-1.0,1.0,1.0,-1.0,-1.0,-1.0,-1.0,1.0,1.0,-1.0,-1.0,-1.0,-1.0,-1.0,1.0,1.0,1.0,1.0,1.0,1.0,1.0,1.0,1.0,1.0,-1.0,-1.0,-1.0,1.0,1.0,1.0,1.0,1.0,1.0,-1.0,-1.0,-1.0,1.0,-1.0,-1.0,-1.0,-1.0,-1.0,-1.0,-1.0,-1.0,-1.0,-1.0,1.0,1.0,1.0,1.0,-1.0,-1.0,-1.0,-1.0,-1.0,-1.0,-1.0,-1.0,-1.0,-1.0,-1.0,-1.0,-1.0,1.0,-1.0,-1.0,-1.0,-1.0,-1.0,-1.0,-1.0,-1.0,-1.0,-1.0,-1.0,-1.0,-1.0,-1.0,-1.0,-1.0,-1.0,-1.0,-1.0,-1.0,-1.0,-1.0,-1.0,-1.0,-1.0,-1.0,-1.0,-1.0,-1.0,-1.0,-1.0,-1.0,-1.0,-1.0,-1.0,-1.0,-1.0,-1.0,-1.0,-1.0,-1.0,-1.0,-1.0,-1.0,-1.0,-1.0,-1.0,-1.0,-1.0,-1.0,-1.0,-1.0,-1.0,-1.0,-1.0,-1.0,-1.0,-1.0,-1.0,-1.0,-1.0,-1.0,-1.0,-1.0,-1.0,-1.0,-1.0,-1.0,-1.0,-1.0,-1.0,-1.0,-1.0,-1.0,-1.0,-1.0,-1.0,-1.0,-1.0,-1.0,-1.0,-1.0,-1.0,-1.0,-1.0,-1.0,-1.0,-1.0,-1.0,-1.0,-1.0,-1.0,-1.0,-1.0,-1.0,-1.0,-1.0,-1.0,-1.0,-1.0,-1.0,-1.0,-1.0,-1.0,-1.0,-1.0,-1.0,-1.0,-1.0,-1.0,-1.0,-1.0,-1.0,-1.0,-1.0,-1.0,-1.0,-1.0,-1.0,-1.0,-1.0,-1.0,-1.0,-1.0,-1.0,-1.0,-1.0,-1.0,-1.0,-1.0,-1.0,-1.0,-1.0,-1.0,-1.0,-1.0,-1.0,-1.0,-1.0,-1.0,-1.0,-1.0,-1.0,-1.0,-1.0,1.0,1.0,-1.0,-1.0,-1.0,-1.0,-1.0,-1.0,-1.0,-1.0,-1.0,-1.0,-1.0,-1.0,-1.0,-1.0,-1.0,-1.0,-1.0,-1.0,-1.0,-1.0,-1.0,-1.0,-1.0,-1.0,-1.0,-1.0,-1.0,-1.0,-1.0,-1.0,-1.0,-1.0,-1.0,-1.0,-1.0,-1.0,-1.0,-1.0,-1.0,-1.0,-1.0,-1.0,-1.0,-1.0,-1.0,-1.0,-1.0,-1.0,1.0,1.0,1.0,1.0,1.0,1.0,0.0
1.0,1.0,1.0,1.0,1.0,1.0,1.0,1.0,1.0,1.0,1.0,1.0,1.0,1.0,1.0,1.0,1.0,1.0,1.0,1.0,1.0,1.0,1.0,1.0,1.0,1.0,1.0,1.0,1.0,1.0,1.0,1.0,1.0,1.0,1.0,1.0,1.0,1.0,1.0,1.0,1.0,1.0,1.0,1.0,1.0,1.0,1.0,1.0,1.0,1.0,1.0,1.0,1.0,1.0,1.0,1.0,1.0,1.0,1.0,1.0,1.0,1.0,1.0,1.0,1.0,1.0,1.0,1.0,1.0,1.0,1.0,1.0,1.0,1.0,1.0,1.0,1.0,1.0,1.0,1.0,1.0,1.0,1.0,1.0,1.0,1.0,1.0,1.0,1.0,1.0,1.0,1.0,1.0,1.0,1.0,1.0,1.0,1.0,1.0,1.0,1.0,1.0,1.0,1.0,1.0,1.0,1.0,1.0,1.0,1.0,1.0,1.0,1.0,1.0,1.0,1.0,1.0,1.0,1.0,1.0,1.0,1.0,1.0,1.0,1.0,1.0,1.0,1.0,1.0,1.0,1.0,1.0,1.0,1.0,1.0,1.0,1.0,1.0,1.0,1.0,1.0,1.0,1.0,1.0,1.0,1.0,1.0,1.0,1.0,1.0,1.0,1.0,1.0,1.0,1.0,1.0,1.0,1.0,1.0,1.0,1.0,1.0,1.0,1.0,1.0,1.0,1.0,1.0,1.0,1.0,1.0,1.0,1.0,1.0,1.0,1.0,1.0,1.0,1.0,1.0,1.0,1.0,1.0,1.0,1.0,1.0,1.0,1.0,1.0,1.0,1.0,1.0,1.0,1.0,1.0,1.0,1.0,1.0,1.0,1.0,1.0,1.0,1.0,1.0,1.0,1.0,1.0,1.0,1.0,1.0,1.0,1.0,1.0,1.0,1.0,1.0,1.0,1.0,1.0,1.0,1.0,1.0,1.0,1.0,1.0,1.0,1.0,1.0,1.0,1.0,1.0,1.0,1.0,1.0,1.0,1.0,1.0,1.0,1.0,1.0,1.0,1.0,1.0,1.0,1.0,1.0,1.0,1.0,1.0,1.0,1.0,1.0,1.0,1.0,1.0,1.0,1.0,1.0,1.0,1.0,1.0,1.0,1.0,1.0,1.0,1.0,1.0,1.0,1.0,1.0,1.0,1.0,1.0,1.0,1.0,1.0,1.0,1.0,1.0,1.0,1.0,1.0,1.0,1.0,1.0,1.0,1.0,1.0,1.0,1.0,1.0,1.0,1.0,1.0,1.0,1.0,1.0,1.0,1.0,1.0,1.0,1.0,1.0,1.0,1.0,1.0,1.0,1.0,1.0,1.0,1.0,1.0,1.0,1.0,1.0,1.0,1.0,1.0,1.0,1.0,1.0,1.0,1.0,1.0,1.0,1.0,1.0,1.0,1.0,1.0,1.0,1.0,1.0,1.0,1.0,1.0,1.0,1.0,1.0,1.0,1.0,1.0,1.0,1.0,1.0,1.0,1.0,1.0,1.0,1.0,1.0,1.0,1.0,1.0,1.0,1.0,1.0,1.0,1.0,1.0,1.0,1.0,1.0,1.0,1.0,1.0,1.0,1.0,1.0,1.0,1.0,1.0,1.0,1.0,1.0,1.0,1.0,1.0,1.0,1.0,1.0
-0.40749362598381556,-0.40749362598381556,-0.40749362598381556,-0.40749362598381556,-0.40749362598381556,-0.40749362598381556,-0.40749362598381556,-0.40749362598381556,-0.40749362598381556,-0.40749362598381556,-0.40749362598381556,-0.40749362598381556,-0.40749362598381556,-0.40749362598381556,-0.40749362598381556,-0.40749362598381556,-0.40749362598381556,-0.40749362598381556,-0.40749362598381556,-0.40749362598381556,-0.40749362598381556,-0.40749362598381556,-0.40749362598381556,-0.40749362598381556,-0.40749362598381556,-0.40749362598381556,-0.40749362598381556,-0.40749362598381556,-0.40749362598381556,-0.40749362598381556,-0.40749362598381556,-0.40749362598381556,-0.40749362598381556,-0.40749362598381556,-0.40749362598381556,-0.40749362598381556,-0.40749362598381556,-0.40749362598381556,-0.40749362598381556,-0.40749362598381556,-0.40749362598381556,-0.40749362598381556,-0.40749362598381556,-0.40749362598381556,-0.40749362598381556,-0.40749362598381556,-0.40749362598381556,-0.40749362598381556,-0.40749362598381556,-0.40749362598381556,-0.40749362598381556,-0.40749362598381556,-0.40749362598381556,-0.40749362598381556,-0.40749362598381556,-0.40749362598381556,-0.40749362598381556,-0.40749362598381556,-0.40749362598381556,-0.40749362598381556,-0.40749362598381556,-0.40749362598381556,-0.40749362598381556,-0.40749362598381556,-0.40749362598381556,-0.40749362598381556,-0.40749362598381556,-0.40749362598381556,-0.40749362598381556,-0.40749362598381556,-0.40749362598381556,-0.40749362598381556,-0.40749362598381556,-0.40749362598381556,-0.40749362598381556,-0.40749362598381556,-0.40749362598381556,-0.40749362598381556,-0.40749362598381556,-0.40749362598381556,-0.40749362598381556,-0.40749362598381556,-0.40749362598381556,-0.40749362598381556,-0.40749362598381556,-0.40749362598381556,-0.40749362598381556,-0.40749362598381556,-0.40749362598381556,-0.40749362598381556,-0.40749362598381556,-0.40749362598381556,-0.40749362598381556,-0.40749362598381556,-0.40749362598381556,-0.40749362598381556,-0.40749362598381556,-0.40749362598381556,-0.40749362598381556,-0.40749362598381556,-0.40749362598381556,-0.40749362598381556,-0.40749362598381556,-0.40749362598381556,-0.40749362598381556,-0.40749362598381556,-0.40749362598381556,-0.40749362598381556,-0.40749362598381556,-0.40749362598381556,-0.40749362598381556,-0.40749362598381556,-0.40749362598381556,-0.40749362598381556,-0.40749362598381556,-0.40749362598381556,-0.40749362598381556,-0.40749362598381556,-0.40749362598381556,-0.40749362598381556,-0.40749362598381556,-0.40749362598381556,-0.40749362598381556,-0.40749362598381556,-0.40749362598381556,-0.40749362598381556,-0.40749362598381556,-0.40749362598381556,-0.40749362598381556,-0.40749362598381556,-0.40749362598381556,-0.40749362598381556,-0.40749362598381556,-0.40749362598381556,-0.40749362598381556,-0.40749362598381556,-0.40749362598381556,-0.40749362598381556,-0.40749362598381556,-0.40749362598381556,-0.40749362598381556,-0.40749362598381556,-0.40749362598381556,-0.40749362598381556,-0.40749362598381556,-0.40749362598381556,-0.40749362598381556,-0.40749362598381556,-0.40749362598381556,-0.40749362598381556,-0.40749362598381556,-0.40749362598381556,-0.40749362598381556,-0.40749362598381556,-0.40749362598381556,-0.40749362598381556,-0.40749362598381556,-0.40749362598381556,-0.40749362598381556,-0.40749362598381556,-0.40749362598381556,-0.40749362598381556,-0.40749362598381556,-0.40749362598381556,-0.40749362598381556,-0.40749362598381556,-0.40749362598381556,-0.40749362598381556,-0.40749362598381556,-0.40749362598381556,-0.40749362598381556,-0.40749362598381556,-0.40749362598381556,-0.40749362598381556,-0.40749362598381556,-0.40749362598381556,-0.40749362598381556,-0.40749362598381556,-0.40749362598381556,-0.40749362598381556,-0.40749362598381556,-0.40749362598381556,-0.40749362598381556,-0.40749362598381556,-0.40749362598381556,-0.40749362598381556,-0.40749362598381556,-0.40749362598381556,-0.40749362598381556,-0.40749362598381556,-0.40749362598381556,-0.40749362598381556,-0.40749362598381556,-0.40749362598381556,-0.40749362598381556,-0.40749362598381556,-0.40749362598381556,-0.40749362598381556,-0.40749362598381556,-0.40749362598381556,-0.40749362598381556,-0.40749362598381556,-0.40749362598381556,-0.40749362598381556,-0.40749362598381556,-0.40749362598381556,-0.40749362598381556,-0.40749362598381556,-0.40749362598381556,-0.40749362598381556,-0.40749362598381556,-0.40749362598381556,-0.40749362598381556,-0.40749362598381556,-0.40749362598381556,-0.40749362598381556,-0.40749362598381556,-0.40749362598381556,-0.40749362598381556,-0.40749362598381556,-0.40749362598381556,-0.40749362598381556,-0.40749362598381556,-0.40749362598381556,-0.40749362598381556,-0.40749362598381556,-0.40749362598381556,-0.40749362598381556,-0.40749362598381556,-0.40749362598381556,-0.40749362598381556,-0.40749362598381556,-0.40749362598381556,-0.40749362598381556,-0.40749362598381556,-0.40749362598381556,-0.40749362598381556,-0.40749362598381556,-0.40749362598381556,-0.40749362598381556,-0.40749362598381556,-0.40749362598381556,-0.40749362598381556,-0.40749362598381556,-0.40749362598381556,-0.40749362598381556,-0.40749362598381556,-0.40749362598381556,-0.40749362598381556,-0.40749362598381556,-0.40749362598381556,-0.40749362598381556,-0.40749362598381556,-0.40749362598381556,-0.40749362598381556,-0.40749362598381556,-0.40749362598381556,-0.40749362598381556,-0.40749362598381556,-0.40749362598381556,-0.40749362598381556,-0.40749362598381556,-0.40749362598381556,-0.40749362598381556,-0.40749362598381556,-0.40749362598381556,-0.40749362598381556,-0.40749362598381556,-0.40749362598381556,-0.40749362598381556,-0.40749362598381556,-0.40749362598381556,-0.40749362598381556,-0.40749362598381556,-0.40749362598381556,-0.40749362598381556,-0.40749362598381556,-0.40749362598381556,-0.40749362598381556,-0.40749362598381556,-0.40749362598381556,-0.40749362598381556,-0.40749362598381556,-0.40749362598381556,-0.40749362598381556,-0.40749362598381556,-0.40749362598381556,-0.40749362598381556,-0.40749362598381556,-0.40749362598381556,-0.40749362598381556,-0.40749362598381556,-0.40749362598381556,-0.40749362598381556,-0.40749362598381556,-0.40749362598381556,-0.40749362598381556,-0.40749362598381556,-0.40749362598381556,-0.40749362598381556,-0.40749362598381556,-0.40749362598381556,-0.40749362598381556,-0.40749362598381556,-0.40749362598381556,-0.40749362598381556,-0.40749362598381556,-0.40749362598381556,-0.40749362598381556,-0.40749362598381556,-0.40749362598381556,-0.40749362598381556,-0.40749362598381556,-0.40749362598381556,-0.40749362598381556,-0.40749362598381556,-0.40749362598381556,-0.40749362598381556,-0.40749362598381556,-0.40749362598381556,-0.40749362598381556,-0.40749362598381556,-0.40749362598381556,-0.40749362598381556,-0.40749362598381556,-0.40749362598381556,-0.40749362598381556,-0.40749362598381556,-0.40749362598381556,-0.40749362598381556,-0.40749362598381556,-0.40749362598381556,-0.40749362598381556,-0.40749362598381556,-0.40749362598381556,-0.40749362598381556,-0.40749362598381556,-0.40749362598381556,-0.40749362598381556,-0.40749362598381556,-0.40749362598381556,-0.40749362598381556,-0.40749362598381556,-0.40749362598381556,-0.40749362598381556,-0.40749362598381556,-0.40749362598381556,-0.40749362598381556,-0.40749362598381556,-0.40749362598381556,-0.40749362598381556,-0.40749362598381556,-0.40749362598381556,-0.40749362598381556,-0.40749362598381556,-0.40749362598381556,-0.40749362598381556,-0.40749362598381556,-0.40749362598381556,-0.40749362598381556,-0.40749362598381556,-0.40749362598381556,-0.40749362598381556,-0.40749362598381556,-0.40749362598381556,-0.40749362598381556,-0.40749362598381556,-0.40749362598381556,-0.40749362598381556,-0.40749362598381556,-0.40749362598381556,-0.40749362598381556,-0.40749362598381556,-0.40749362598381556,-0.40749362598381556,-0.40749362598381556,-0.40749362598381556,-0.40749362598381556,-0.40749362598381556,-0.40749362598381556,-0.40749362598381556
0.04722599305560278,0.04722599305560278,0.04722599305560278,0.04722599305560278,0.04722599305560278,0.04722599305560278,0.04722599305560278,0.04722599305560278,0.04722599305560278,0.04722599305560278,0.04722599305560278,0.04722599305560278,0.04722599305560278,0.04722599305560278,0.04722599305560278,0.04722599305560278,0.04722599305560278,0.04722599305560278,0.04722599305560278,0.04722599305560278,0.04722599305560278,0.04722599305560278,0.04722599305560278,0.04722599305560278,0.04722599305560278,0.04722599305560278,0.04722599305560278,0.04722599305560278,0.04722599305560278,0.04722599305560278,0.04722599305560278,0.04722599305560278,0.04722599305560278,0.04722599305560278,0.04722599305560278,0.04722599305560278,0.04722599305560278,0.04722599305560278,0.04722599305560278,0.04722599305560278,0.04722599305560278,0.04722599305560278,0.04722599305560278,0.04722599305560278,0.04722599305560278,0.04722599305560278,0.04722599305560278,0.04722599305560278,0.04722599305560278,0.04722599305560278,0.04722599305560278,0.04722599305560278,0.04722599305560278,0.04722599305560278,0.04722599305560278,0.04722599305560278,0.04722599305560278,0.04722599305560278,0.04722599305560278,0.04722599305560278,0.04722599305560278,0.04722599305560278,0.04722599305560278,0.04722599305560278,0.04722599305560278,0.04722599305560278,0.04722599305560278,0.04722599305560278,0.04722599305560278,0.04722599305560278,0.04722599305560278,0.04722599305560278,0.04722599305560278,0.04722599305560278,0.04722599305560278,0.04722599305560278,0.04722599305560278,0.04722599305560278,0.04722599305560278,0.04722599305560278,0.04722599305560278,0.04722599305560278,0.04722599305560278,0.04722599305560278,0.04722599305560278,0.04722599305560278,0.04722599305560278,0.04722599305560278,0.04722599305560278,0.04722599305560278,0.04722599305560278,0.04722599305560278,0.04722599305560278,0.04722599305560278,0.04722599305560278,0.04722599305560278,0.04722599305560278,0.04722599305560278,0.04722599305560278,0.04722599305560278,0.04722599305560278,0.04722599305560278,0.04722599305560278,0.04722599305560278,0.04722599305560278,0.04722599305560278,0.04722599305560278,0.04722599305560278,0.04722599305560278,0.04722599305560278,0.04722599305560278,0.04722599305560278,0.04722599305560278,0.04722599305560278,0.04722599305560278,0.04722599305560278,0.04722599305560278,0.04722599305560278,0.04722599305560278,0.04722599305560278,0.04722599305560278,0.04722599305560278,0.04722599305560278,0.04722599305560278,0.04722599305560278,0.04722599305560278,0.04722599305560278,0.04722599305560278,0.04722599305560278,0.04722599305560278,0.04722599305560278,0.04722599305560278,0.04722599305560278,0.04722599305560278,0.04722599305560278,0.04722599305560278,0.04722599305560278,0.04722599305560278,0.04722599305560278,0.04722599305560278,0.04722599305560278,0.04722599305560278,0.04722599305560278,0.04722599305560278,0.04722599305560278,0.04722599305560278,0.04722599305560278,0.04722599305560278,0.04722599305560278,0.04722599305560278,0.04722599305560278,0.04722599305560278,0.04722599305560278,0.04722599305560278,0.04722599305560278,0.04722599305560278,0.04722599305560278,0.04722599305560278,0.04722599305560278,0.04722599305560278,0.04722599305560278,0.04722599305560278,0.04722599305560278,0.04722599305560278,0.04722599305560278,0.04722599305560278,0.04722599305560278,0.04722599305560278,0.04722599305560278,0.04722599305560278,0.04722599305560278,0.04722599305560278,0.04722599305560278,0.04722599305560278,0.04722599305560278,0.04722599305560278,0.04722599305560278,0.04722599305560278,0.04722599305560278,0.04722599305560278,0.04722599305560278,0.04722599305560278,0.04722599305560278,0.04722599305560278,0.04722599305560278,0.04722599305560278,0.04722599305560278,0.04722599305560278,0.04722599305560278,0.04722599305560278,0.04722599305560278,0.04722599305560278,0.04722599305560278,0.04722599305560278,0.04722599305560278,0.04722599305560278,0.04722599305560278,0.04722599305560278,0.04722599305560278,0.04722599305560278,0.04722599305560278,0.04722599305560278,0.04722599305560278,0.04722599305560278,0.04722599305560278,0.04722599305560278,0.04722599305560278,0.04722599305560278,0.04722599305560278,0.04722599305560278,0.04722599305560278,0.04722599305560278,0.04722599305560278,0.04722599305560278,0.04722599305560278,0.04722599305560278,0.04722599305560278,0.04722599305560278,0.04722599305560278,0.04722599305560278,0.04722599305560278,0.04722599305560278,0.04722599305560278,0.04722599305560278,0.04722599305560278,0.04722599305560278,0.04722599305560278,0.04722599305560278,0.04722599305560278,0.04722599305560278,0.04722599305560278,0.04722599305560278,0.04722599305560278,0.04722599305560278,0.04722599305560278,0.04722599305560278,0.04722599305560278,0.04722599305560278,0.04722599305560278,0.04722599305560278,0.04722599305560278,0.04722599305560278,0.04722599305560278,0.04722599305560278,0.04722599305560278,0.04722599305560278,0.04722599305560278,0.04722599305560278,0.04722599305560278,0.04722599305560278,0.04722599305560278,0.04722599305560278,0.04722599305560278,0.04722599305560278,0.04722599305560278,0.04722599305560278,0.04722599305560278,0.04722599305560278,0.04722599305560278,0.04722599305560278,0.04722599305560278,0.04722599305560278,0.04722599305560278,0.04722599305560278,0.04722599305560278,0.04722599305560278,0.04722599305560278,0.04722599305560278,0.04722599305560278,0.04722599305560278,0.04722599305560278,0.04722599305560278,0.04722599305560278,0.04722599305560278,0.04722599305560278,0.04722599305560278,0.04722599305560278,0.04722599305560278,0.04722599305560278,0.04722599305560278,0.04722599305560278,0.04722599305560278,0.04722599305560278,0.04722599305560278,0.04722599305560278,0.04722599305560278,0.04722599305560278,0.04722599305560278,0.04722599305560278,0.04722599305560278,0.04722599305560278,0.04722599305560278,0.04722599305560278,0.04722599305560278,0.04722599305560278,0.04722599305560278,0.04722599305560278,0.04722599305560278,0.04722599305560278,0.04722599305560278,0.04722599305560278,0.04722599305560278,0.04722599305560278,0.04722599305560278,0.04722599305560278,0.04722599305560278,0.04722599305560278,0.04722599305560278,0.04722599305560278,0.04722599305560278,0.04722599305560278,0.04722599305560278,0.04722599305560278,0.04722599305560278,0.04722599305560278,0.04722599305560278,0.04722599305560278,0.04722599305560278,0.04722599305560278,0.04722599305560278,0.04722599305560278,0.04722599305560278,0.04722599305560278,0.04722599305560278,0.04722599305560278,0.04722599305560278,0.04722599305560278,0.04722599305560278,0.04722599305560278,0.04722599305560278,0.04722599305560278,0.04722599305560278,0.04722599305560278,0.04722599305560278,0.04722599305560278,0.04722599305560278,0.04722599305560278,0.04722599305560278,0.04722599305560278,0.04722599305560278,0.04722599305560278,0.04722599305560278,0.04722599305560278,0.04722599305560278,0.04722599305560278,0.04722599305560278,0.04722599305560278,0.04722599305560278,0.04722599305560278,0.04722599305560278,0.04722599305560278,0.04722599305560278,0.04722599305560278,0.04722599305560278,0.04722599305560278,0.04722599305560278,0.04722599305560278,0.04722599305560278,0.04722599305560278,0.04722599305560278,0.04722599305560278,0.04722599305560278,0.04722599305560278,0.04722599305560278,0.04722599305560278,0.04722599305560278,0.04722599305560278,0.04722599305560278,0.04722599305560278,0.04722599305560278,0.04722599305560278,0.04722599305560278,0.04722599305560278,0.04722599305560278,0.04722599305560278,0.04722599305560278,0.04722599305560278,0.04722599305560278,0.04722599305560278,0.04722599305560278,0.04722599305560278
1.0,1.0,1.0,1.0,1.0,1.0,1.0,1.0,1.0,1.0,1.0,1.0,1.0,1.0,1.0,1.0,1.0,1.0,1.0,1.0,1.0,1.0,1.0,1.0,1.0,1.0,1.0,1.0,1.0,1.0,1.0,1.0,1.0,1.0,1.0,1.0,1.0,1.0,1.0,1.0,1.0,1.0,1.0,1.0,1.0,1.0,1.0,1.0,1.0,1.0,1.0,1.0,1.0,1.0,1.0,1.0,1.0,1.0,1.0,1.0,1.0,1.0,1.0,1.0,1.0,1.0,1.0,1.0,1.0,1.0,1.0,1.0,1.0,1.0,1.0,1.0,1.0,1.0,1.0,1.0,1.0,1.0,1.0,1.0,1.0,1.0,1.0,1.0,1.0,1.0,1.0,1.0,1.0,1.0,1.0,1.0,1.0,1.0,1.0,1.0,1.0,1.0,1.0,1.0,1.0,1.0,1.0,1.0,1.0,1.0,1.0,1.0,1.0,1.0,1.0,1.0,1.0,1.0,1.0,1.0,1.0,1.0,1.0,1.0,1.0,1.0,1.0,1.0,1.0,1.0,1.0,1.0,1.0,1.0,1.0,1.0,1.0,1.0,1.0,1.0,1.0,1.0,1.0,1.0,1.0,1.0,1.0,1.0,1.0,1.0,1.0,1.0,1.0,1.0,1.0,1.0,1.0,1.0,1.0,1.0,1.0,1.0,1.0,1.0,1.0,1.0,1.0,1.0,1.0,1.0,1.0,1.0,1.0,1.0,1.0,1.0,1.0,1.0,1.0,1.0,1.0,1.0,1.0,1.0,1.0,1.0,1.0,1.0,1.0,1.0,1.0,1.0,1.0,1.0,1.0,1.0,1.0,1.0,1.0,1.0,1.0,1.0,1.0,1.0,1.0,1.0,1.0,1.0,1.0,1.0,1.0,1.0,1.0,1.0,1.0,1.0,1.0,1.0,1.0,1.0,1.0,1.0,1.0,1.0,1.0,1.0,1.0,1.0,1.0,1.0,1.0,1.0,1.0,1.0,1.0,1.0,1.0,1.0,1.0,1.0,1.0,1.0,1.0,1.0,1.0,1.0,1.0,1.0,1.0,1.0,1.0,1.0,1.0,1.0,1.0,1.0,1.0,1.0,1.0,1.0,1.0,1.0,1.0,1.0,1.0,1.0,1.0,1.0,1.0,1.0,1.0,1.0,1.0,1.0,1.0,1.0,1.0,1.0,1.0,1.0,1.0,1.0,1.0,1.0,1.0,1.0,1.0,1.0,1.0,1.0,1.0,1.0,1.0,1.0,1.0,1.0,1.0,1.0,1.0,1.0,1.0,1.0,1.0,1.0,1.0,1.0,1.0,1.0,1.0,1.0,1.0,1.0,1.0,1.0,1.0,1.0,1.0,1.0,1.0,1.0,1.0,1.0,1.0,1.0,1.0,1.0,1.0,1.0,1.0,1.0,1.0,1.0,1.0,1.0,1.0,1.0,1.0,1.0,1.0,1.0,1.0,1.0,1.0,1.0,1.0,1.0,1.0,1.0,1.0,1.0,1.0,1.0,1.0,1.0,1.0,1.0,1.0,1.0,1.0,1.0,1.0,1.0,1.0,1.0,1.0,1.0,1.0,1.0,1.0,1.0,1.0,1.0,1.0,1.0,1.0,1.0,1.0,1.0,1.0,1.0,1.0
-0.8071429685579414,-0.8071429685579414,-0.8071429685579414,-0.8071429685579414,-0.8071429685579414,-0.8071429685579414,-0.8071429685579414,-0.8071429685579414,-0.8071429685579414,-0.8071429685579414,-0.8071429685579414,-0.8071429685579414,-0.8071429685579414,-0.8071429685579414,-0.8071429685579414,-0.8071429685579414,-0.8071429685579414,-0.8071429685579414,-0.8071429685579414,-0.8071429685579414,-0.8071429685579414,-0.8071429685579414,-0.8071429685579414,-0.8071429685579414,-0.8071429685579414,-0.8071429685579414,-0.8071429685579414,-0.8071429685579414,-0.8071429685579414,-0.8071429685579414,-0.8071429685579414,-0.8071429685579414,-0.8071429685579414,-0.8071429685579414,-0.8071429685579414,-0.8071429685579414,-0.8071429685579414,-0.8071429685579414,-0.8071429685579414,-0.8071429685579414,-0.8071429685579414,-0.8071429685579414,-0.8071429685579414,-0.8071429685579414,-0.8071429685579414,-0.8071429685579414,-0.8071429685579414,-0.8071429685579414,-0.8071429685579414,-0.8071429685579414,-0.8071429685579414,-0.8071429685579414,-0.8071429685579414,-0.8071429685579414,-0.8071429685579414,-0.8071429685579414,-0.8071429685579414,-0.8071429685579414,-0.8071429685579414,-0.8071429685579414,-0.8071429685579414,-0.8071429685579414,-0.8071429685579414,-0.8071429685579414,-0.8071429685579414,-0.8071429685579414,-0.8071429685579414,-0.8071429685579414,-0.8071429685579414,-0.8071429685579414,-0.8071429685579414,-0.8071429685579414,-0.8071429685579414,-0.8071429685579414,-0.8071429685579414,-0.8071429685579414,-0.8071429685579414,-0.8071429685579414,-0.8071429685579414,-0.8071429685579414,-0.8071429685579414,-0.8071429685579414,-0.8071429685579414,-0.8071429685579414,-0.8071429685579414,-0.8071429685579414,-0.8071429685579414,-0.8071429685579414,-0.8071429685579414,-0.8071429685579414,-0.8071429685579414,-0.8071429685579414,-0.8071429685579414,-0.8071429685579414,-0.8071429685579414,-0.8071429685579414,-0.8071429685579414,-0.8071429685579414,-0.8071429685579414,-0.8071429685579414,-0.8071429685579414,-0.8071429685579414,-0.8071429685579414,-0.8071429685579414,-0.8071429685579414,-0.8071429685579414,-0.8071429685579414,-0.8071429685579414,-0.8071429685579414,-0.8071429685579414,-0.8071429685579414,-0.8071429685579414,-0.8071429685579414,-0.8071429685579414,-0.8071429685579414,-0.8071429685579414,-0.8071429685579414,-0.8071429685579414,-0.8071429685579414,-0.8071429685579414,-0.8071429685579414,-0.8071429685579414,-0.8071429685579414,-0.8071429685579414,-0.8071429685579414,-0.8071429685579414,-0.8071429685579414,-0.8071429685579414,-0.8071429685579414,-0.8071429685579414,-0.8071429685579414,-0.8071429685579414,-0.8071429685579414,-0.8071429685579414,-0.8071429685579414,-0.8071429685579414,-0.8071429685579414,-0.8071429685579414,-0.8071429685579414,-0.8071429685579414,-0.8071429685579414,-0.8071429685579414,-0.8071429685579414,-0.8071429685579414,-0.8071429685579414,-0.8071429685579414,-0.8071429685579414,-0.8071429685579414,-0.8071429685579414,-0.8071429685579414,-0.8071429685579414,-0.8071429685579414,-0.8071429685579414,-0.8071429685579414,-0.8071429685579414,-0.8071429685579414,-0.8071429685579414,-0.8071429685579414,-0.8071429685579414,-0.8071429685579414,-0.8071429685579414,-0.8071429685579414,-0.8071429685579414,-0.8071429685579414,-0.8071429685579414,-0.8071429685579414,-0.8071429685579414,-0.8071429685579414,-0.8071429685579414,-0.8071429685579414,-0.8071429685579414,-0.8071429685579414,-0.8071429685579414,-0.8071429685579414,-0.8071429685579414,-0.8071429685579414,-0.8071429685579414,-0.8071429685579414,-0.8071429685579414,-0.8071429685579414,-0.8071429685579414,-0.8071429685579414,-0.8071429685579414,-0.8071429685579414,-0.8071429685579414,-0.8071429685579414,-0.8071429685579414,-0.8071429685579414,-0.8071429685579414,-0.8071429685579414,-0.8071429685579414,-0.8071429685579414,-0.8071429685579414,-0.8071429685579414,-0.8071429685579414,-0.8071429685579414,-0.8071429685579414,-0.8071429685579414,-0.8071429685579414,-0.8071429685579414,-0.8071429685579414,-0.8071429685579414,-0.8071429685579414,-0.8071429685579414,-0.8071429685579414,-0.8071429685579414,-0.8071429685579414,-0.8071429685579414,-0.8071429685579414,-0.8071429685579414,-0.8071429685579414,-0.8071429685579414,-0.8071429685579414,-0.8071429685579414,-0.8071429685579414,-0.8071429685579414,-0.8071429685579414,-0.8071429685579414,-0.8071429685579414,-0.8071429685579414,-0.8071429685579414,-0.8071429685579414,-0.8071429685579414,-0.8071429685579414,-0.8071429685579414,-0.8071429685579414,-0.8071429685579414,-0.8071429685579414,-0.8071429685579414,-0.8071429685579414,-0.8071429685579414,-0.8071429685579414,-0.8071429685579414,-0.8071429685579414,-0.8071429685579414,-0.8071429685579414,-0.8071429685579414,-0.8071429685579414,-0.8071429685579414,-0.8071429685579414,-0.8071429685579414,-0.8071429685579414,-0.8071429685579414,-0.8071429685579414,-0.8071429685579414,-0.8071429685579414,-0.8071429685579414,-0.8071429685579414,-0.8071429685579414,-0.8071429685579414,-0.8071429685579414,-0.8071429685579414,-0.8071429685579414,-0.8071429685579414,-0.8071429685579414,-0.8071429685579414,-0.8071429685579414,-0.8071429685579414,-0.8071429685579414,-0.8071429685579414,-0.8071429685579414,-0.8071429685579414,-0.8071429685579414,-0.8071429685579414,-0.8071429685579414,-0.8071429685579414,-0.8071429685579414,-0.8071429685579414,-0.8071429685579414,-0.8071429685579414,-0.8071429685579414,-0.8071429685579414,-0.8071429685579414,-0.8071429685579414,-0.8071429685579414,-0.8071429685579414,-0.8071429685579414,-0.8071429685579414,-0.8071429685579414,-0.8071429685579414,-0.8071429685579414,-0.8071429685579414,-0.8071429685579414,-0.8071429685579414,-0.8071429685579414,-0.8071429685579414,-0.8071429685579414,-0.8071429685579414,-0.8071429685579414,-0.8071429685579414,-0.8071429685579414,-0.8071429685579414,-0.8071429685579414,-0.8071429685579414,-0.8071429685579414,-0.8071429685579414,-0.8071429685579414,-0.8071429685579414,-0.8071429685579414,-0.8071429685579414,-0.8071429685579414,-0.8071429685579414,-0.8071429685579414,-0.8071429685579414,-0.8071429685579414,-0.8071429685579414,-0.8071429685579414,-0.8071429685579414,-0.8071429685579414,-0.8071429685579414,-0.8071429685579414,-0.8071429685579414,-0.8071429685579414,-0.8071429685579414,-0.8071429685579414,-0.8071429685579414,-0.8071429685579414,-0.8071429685579414,-0.8071429685579414,-0.8071429685579414,-0.8071429685579414,-0.8071429685579414,-0.8071429685579414,-0.8071429685579414,-0.8071429685579414,-0.8071429685579414,-0.8071429685579414,-0.8071429685579414,-0.8071429685579414,-0.8071429685579414,-0.8071429685579414,-0.8071429685579414,-0.8071429685579414,-0.8071429685579414,-0.8071429685579414,-0.8071429685579414,-0.8071429685579414,-0.8071429685579414,-0.8071429685579414,-0.8071429685579414,-0.8071429685579414,-0.8071429685579414,-0.8071429685579414,-0.8071429685579414,-0.8071429685579414,-0.8071429685579414,-0.8071429685579414,-0.8071429685579414,-0.8071429685579414,-0.8071429685579414,-0.8071429685579414,-0.8071429685579414,-0.8071429685579414,-0.8071429685579414,-0.8071429685579414,-0.8071429685579414,-0.8071429685579414,-0.8071429685579414,-0.8071429685579414,-0.8071429685579414,-0.8071429685579414,-0.8071429685579414,-0.8071429685579414,-0.8071429685579414,-0.8071429685579414,-0.8071429685579414,-0.8071429685579414,-0.8071429685579414,-0.8071429685579414,-0.8071429685579414,-0.8071429685579414,-0.8071429685579414,-0.8071429685579414,-0.8071429685579414,-0.8071429685579414,-0.8071429685579414,-0.8071429685579414,-0.8071429685579414,-0.8071429685579414,-0.8071429685579414,-0.8071429685579414
1.0,1.0,1.0,1.0,1.0,1.0,1.0,1.0,1.0,1.0,1.0,1.0,1.0,1.0,1.0,1.0,1.0,1.0,1.0,1.0,1.0,1.0,1.0,1.0,1.0,1.0,1.0,1.0,1.0,1.0,1.0,1.0,1.0,1.0,1.0,1.0,1.0,1.0,1.0,1.0,1.0,1.0,1.0,1.0,1.0,1.0,1.0,1.0,1.0,1.0,1.0,1.0,1.0,1.0,1.0,1.0,1.0,1.0,1.0,1.0,1.0,1.0,1.0,1.0,1.0,1.0,1.0,1.0,1.0,1.0,1.0,1.0,1.0,1.0,1.0,1.0,1.0,1.0,1.0,1.0,1.0,1.0,1.0,1.0,1.0,1.0,1.0,1.0,1.0,1.0,1.0,1.0,1.0,1.0,1.0,1.0,1.0,1.0,1.0,1.0,1.0,1.0,1.0,1.0,1.0,1.0,1.0,1.0,1.0,1.0,1.0,1.0,1.0,1.0,1.0,1.0,1.0,1.0,1.0,1.0,1.0,1.0,1.0,1.0,1.0,1.0,1.0,1.0,1.0,1.0,1.0,1.0,1.0,1.0,1.0,1.0,1.0,1.0,1.0,1.0,1.0,1.0,1.0,1.0,1.0,1.0,1.0,1.0,1.0,1.0,1.0,1.0,1.0,1.0,1.0,1.0,1.0,1.0,1.0,1.0,1.0,1.0,1.0,1.0,1.0,1.0,1.0,1.0,1.0,1.0,1.0,1.0,1.0,1.0,1.0,1.0,1.0,1.0,1.0,1.0,1.0,1.0,1.0,1.0,1.0,1.0,1.0,1.0,1.0,1.0,1.0,1.0,1.0,1.0,1.0,1.0,1.0,1.0,1.0,1.0,1.0,1.0,1.0,1.0,1.0,1.0,1.0,1.0,1.0,1.0,1.0,1.0,1.0,1.0,1.0,1.0,1.0,1.0,1.0,1.0,1.0,1.0,1.0,1.0,1.0,1.0,1.0,1.0,1.0,1.0,1.0,1.0,1.0,1.0,1.0,1.0,1.0,1.0,1.0,1.0,1.0,1.0,1.0,1.0,1.0,1.0,1.0,1.0,1.0,1.0,1.0,1.0,1.0,1.0,1.0,1.0,1.0,1.0,1.0,1.0,1.0,1.0,1.0,1.0,1.0,1.0,1.0,1.0,1.0,1.0,1.0,1.0,1.0,1.0,1.0,1.0,1.0,1.0,1.0,1.0,1.0,1.0,1.0,1.0,1.0,1.0,1.0,1.0,1.0,1.0,1.0,1.0,1.0,1.0,1.0,1.0,1.0,1.0,1.0,1.0,1.0,1.0,1.0,1.0,1.0,1.0,1.0,1.0,1.0,1.0,1.0,1.0,1.0,1.0,1.0,1.0,1.0,1.0,1.0,1.0,1.0,1.0,1.0,1.0,1.0,1.0,1.0,1.0,1.0,1.0,1.0,1.0,1.0,1.0,1.0,1.0,1.0,1.0,1.0,1.0,1.0,1.0,1.0,1.0,1.0,1.0,1.0,1.0,1.0,1.0,1.0,1.0,1.0,1.0,1.0,1.0,1.0,1.0,1.0,1.0,1.0,1.0,1.0,1.0,1.0,1.0,1.0,1.0,1.0,1.0,1.0,1.0,1.0,1.0,1.0,1.0,1.0,1.0,1.0,1.0,1.0
1.0,1.0,1.0,1.0,1.0,1.0,1.0,1.0,1.0,1.0,1.0,1.0,1.0,1.0,1.0,1.0,1.0,1.0,1.0,1.0,1.0,1.0,1.0,1.0,1.0,1.0,1.0,1.0,1.0,1.0,1.0,1.0,1.0,1.0,1.0,1.0,1.0,1.0,1.0,1.0,1.0,1.0,1.0,1.0,1.0,1.0,1.0,1.0,1.0,1.0,1.0,1.0,1.0,1.0,1.0,1.0,1.0,1.0,1.0,1.0,1.0,1.0,1.0,1.0,1.0,1.0,1.0,1.0,1.0,1.0,1.0,1.0,1.0,1.0,1.0,1.0,1.0,1.0,1.0,1.0,1.0,1.0,1.0,1.0,1.0,1.0,1.0,1.0,1.0,1.0,1.0,1.0,1.0,1.0,1.0,1.0,1.0,1.0,1.0,1.0,1.0,1.0,1.0,1.0,1.0,1.0,1.0,1.0,1.0,1.0,1.0,1.0,1.0,1.0,1.0,1.0,1.0,1.0,1.0,1.0,1.0,1.0,1.0,1.0,1.0,1.0,1.0,1.0,1.0,1.0,1.0,1.0,1.0,1.0,1.0,1.0,1.0,1.0,1.0,1.0,1.0,1.0,1.0,1.0,1.0,1.0,1.0,1.0,1.0,1.0,1.0,1.0,1.0,1.0,1.0,1.0,1.0,1.0,1.0,1.0,1.0,1.0,1.0,1.0,1.0,1.0,1.0,1.0,1.0,1.0,1.0,1.0,1.0,1.0,1.0,1.0,1.0,1.0,1.0,1.0,1.0,1.0,1.0,1.0,1.0,1.0,1.0,1.0,1.0,1.0,1.0,1.0,1.0,1.0,1.0,1.0,1.0,1.0,1.0,1.0,1.0,1.0,1.0,1.0,1.0,1.0,1.0,1.0,1.0,1.0,1.0,1.0,1.0,1.0,1.0,1.0,1.0,1.0,1.0,1.0,1.0,1.0,1.0,1.0,1.0,1.0,1.0,1.0,1.0,1.0,1.0,1.0,1.0,1.0,1.0,1.0,1.0,1.0,1.0,1.0,1.0,1.0,1.0,1.0,1.0,1.0,1.0,1.0,1.0,1.0,1.0,1.0,1.0,1.0,1.0,1.0,1.0,1.0,1.0,1.0,1.0,1.0,1.0,1.0,1.0,1.0,1.0,1.0,1.0,1.0,1.0,1.0,1.0,1.0,1.0,1.0,1.0,1.0,1.0,1.0,1.0,1.0,1.0,1.0,1.0,1.0,1.0,1.0,1.0,1.0,1.0,1.0,1.0,1.0,1.0,1.0,1.0,1.0,1.0,1.0,1.0,1.0,1.0,1.0,1.0,1.0,1.0,1.0,1.0,1.0,1.0,1.0,1.0,1.0,1.0,1.0,1.0,1.0,1.0,1.0,1.0,1.0,1.0,1.0,1.0,1.0,1.0,1.0,1.0,1.0,1.0,1.0,1.0,1.0,1.0,1.0,1.0,1.0,1.0,1.0,1.0,1.0,1.0,1.0,1.0,1.0,1.0,1.0,1.0,1.0,1.0,1.0,1.0,1.0,1.0,1.0,1.0,1.0,1.0,1.0,1.0,1.0,1.0,1.0,1.0,1.0,1.0,1.0,1.0,1.0,1.0,1.0,1.0,1.0,1.0,1.0,1.0,1.0,1.0,1.0,1.0
1.7759147907554131,1.7759147907554131,1.7759147907554131,1.7759147907554131,1.7759147907554131,1.7759147907554131,1.7759147907554131,1.7759147907554131,1.7759147907554131,1.7759147907554131,1.7759147907554131,1.7759147907554131,1.7759147907554131,1.7759147907554131,1.7759147907554131,1.7759147907554131,1.7759147907554131,1.7759147907554131,1.7759147907554131,1.7759147907554131,1.7759147907554131,1.7759147907554131,1.7759147907554131,1.7759147907554131,1.7759147907554131,1.7759147907554131,1.7759147907554131,1.7759147907554131,1.7759147907554131,1.7759147907554131,1.7759147907554131,1.7759147907554131,1.7759147907554131,1.7759147907554131,1.7759147907554131,1.7759147907554131,1.7759147907554131,1.7759147907554131,1.7759147907554131,1.7759147907554131,1.7759147907554131,1.7759147907554131,1.7759147907554131,1.7759147907554131,1.7759147907554131,1.7759147907554131,1.7759147907554131,1.7759147907554131,1.7759147907554131,1.7759147907554131,1.7759147907554131,1.7759147907554131,1.7759147907554131,1.7759147907554131,1.7759147907554131,1.7759147907554131,1.7759147907554131,1.7759147907554131,1.7759147907554131,1.7759147907554131,1.7759147907554131,1.7759147907554131,1.7759147907554131,1.7759147907554131,1.7759147907554131,1.7759147907554131,1.7759147907554131,1.7759147907554131,1.7759147907554131,1.7759147907554131,1.7759147907554131,1.7759147907554131,1.7759147907554131,1.7759147907554131,1.7759147907554131,1.7759147907554131,1.7759147907554131,1.7759147907554131,1.7759147907554131,1.7759147907554131,1.7759147907554131,1.7759147907554131,1.7759147907554131,1.7759147907554131,1.7759147907554131,1.7759147907554131,1.7759147907554131,1.7759147907554131,1.7759147907554131,1.7759147907554131,1.7759147907554131,1.7759147907554131,1.7759147907554131,1.7759147907554131,1.7759147907554131,1.7759147907554131,1.7759147907554131,1.7759147907554131,1.7759147907554131,1.7759147907554131,1.7759147907554131,1.7759147907554131,1.7759147907554131,1.7759147907554131,1.7759147907554131,1.7759147907554131,1.7759147907554131,1.7759147907554131,1.7759147907554131,1.7759147907554131,1.7759147907554131,1.7759147907554131,1.7759147907554131,1.7759147907554131,1.7759147907554131,1.7759147907554131,1.7759147907554131,1.7759147907554131,1.7759147907554131,1.7759147907554131,1.7759147907554131,1.7759147907554131,1.7759147907554131,1.7759147907554131,1.7759147907554131,1.7759147907554131,1.7759147907554131,1.7759147907554131,1.7759147907554131,1.7759147907554131,1.7759147907554131,1.7759147907554131,1.7759147907554131,1.7759147907554131,1.7759147907554131,1.7759147907554131,1.7759147907554131,1.7759147907554131,1.7759147907554131,1.7759147907554131,1.7759147907554131,1.7759147907554131,1.7759147907554131,1.7759147907554131,1.7759147907554131,1.7759147907554131,1.7759147907554131,1.7759147907554131,1.7759147907554131,1.7759147907554131,1.7759147907554131,1.7759147907554131,1.7759147907554131,1.7759147907554131,1.7759147907554131,1.7759147907554131,1.7759147907554131,1.7759147907554131,1.7759147907554131,1.7759147907554131,1.7759147907554131,1.7759147907554131,1.7759147907554131,1.7759147907554131,1.7759147907554131,1.7759147907554131,1.7759147907554131,1.7759147907554131,1.7759147907554131,1.7759147907554131,1.7759147907554131,1.7759147907554131,1.7759147907554131,1.7759147907554131,1.7759147907554131,1.7759147907554131,1.7759147907554131,1.7759147907554131,1.7759147907554131,1.7759147907554131,1.7759147907554131,1.7759147907554131,1.7759147907554131,1.7759147907554131,1.7759147907554131,1.7759147907554131,1.7759147907554131,1.7759147907554131,1.7759147907554131,1.7759147907554131,1.7759147907554131,1.7759147907554131,1.7759147907554131,1.7759147907554131,1.7759147907554131,1.7759147907554131,1.7759147907554131,1.7759147907554131,1.7759147907554131,1.7759147907554131,1.7759147907554131,1.7759147907554131,1.7759147907554131,1.7759147907554131,1.7759147907554131,1.7759147907554131,1.7759147907554131,1.7759147907554131,1.7759147907554131,1.7759147907554131,1.7759147907554131,1.7759147907554131,1.7759147907554131,1.7759147907554131,1.7759147907554131,1.7759147907554131,1.7759147907554131,1.7759147907554131,1.7759147907554131,1.7759147907554131,1.7759147907554131,1.7759147907554131,1.7759147907554131,1.7759147907554131,1.7759147907554131,1.7759147907554131,1.7759147907554131,1.7759147907554131,1.7759147907554131,1.7759147907554131,1.7759147907554131,1.7759147907554131,1.7759147907554131,1.7759147907554131,1.7759147907554131,1.7759147907554131,1.7759147907554131,1.7759147907554131,1.7759147907554131,1.7759147907554131,1.7759147907554131,1.7759147907554131,1.7759147907554131,1.7759147907554131,1.7759147907554131,1.7759147907554131,1.7759147907554131,1.7759147907554131,1.7759147907554131,1.7759147907554131,1.7759147907554131,1.7759147907554131,1.7759147907554131,1.7759147907554131,1.7759147907554131,1.7759147907554131,1.7759147907554131,1.7759147907554131,1.7759147907554131,1.7759147907554131,1.7759147907554131,1.7759147907554131,1.7759147907554131,1.7759147907554131,1.7759147907554131,1.7759147907554131,1.7759147907554131,1.7759147907554131,1.7759147907554131,1.7759147907554131,1.7759147907554131,1.7759147907554131,1.7759147907554131,1.7759147907554131,1.7759147907554131,1.7759147907554131,1.7759147907554131,1.7759147907554131,1.7759147907554131,1.7759147907554131,1.7759147907554131,1.7759147907554131,1.7759147907554131,1.7759147907554131,1.7759147907554131,1.7759147907554131,1.7759147907554131,1.7759147907554131,1.7759147907554131,1.7759147907554131,1.7759147907554131,1.7759147907554131,1.7759147907554131,1.7759147907554131,1.7759147907554131,1.7759147907554131,1.7759147907554131,1.7759147907554131,1.7759147907554131,1.7759147907554131,1.7759147907554131,1.7759147907554131,1.7759147907554131,1.7759147907554131,1.7759147907554131,1.7759147907554131,1.7759147907554131,1.7759147907554131,1.7759147907554131,1.7759147907554131,1.7759147907554131,1.7759147907554131,1.7759147907554131,1.7759147907554131,1.7759147907554131,1.7759147907554131,1.7759147907554131,1.7759147907554131,1.7759147907554131,1.7759147907554131,1.7759147907554131,1.7759147907554131,1.7759147907554131,1.7759147907554131,1.7759147907554131,1.7759147907554131,1.7759147907554131,1.7759147907554131,1.7759147907554131,1.7759147907554131,1.7759147907554131,1.7759147907554131,1.7759147907554131,1.7759147907554131,1.7759147907554131,1.7759147907554131,1.7759147907554131,1.7759147907554131,1.7759147907554131,1.7759147907554131,1.7759147907554131,1.7759147907554131,1.7759147907554131,1.7759147907554131,1.7759147907554131,1.7759147907554131,1.7759147907554131,1.7759147907554131,1.7759147907554131,1.7759147907554131,1.7759147907554131,1.7759147907554131,1.7759147907554131,1.7759147907554131,1.7759147907554131,1.7759147907554131,1.7759147907554131,1.7759147907554131,1.7759147907554131,1.7759147907554131,1.7759147907554131,1.7759147907554131,1.7759147907554131,1.7759147907554131,1.7759147907554131,1.7759147907554131,1.7759147907554131,1.7759147907554131,1.7759147907554131,1.7759147907554131,1.7759147907554131,1.7759147907554131,1.7759147907554131,1.7759147907554131,1.7759147907554131,1.7759147907554131,1.7759147907554131,1.7759147907554131,1.7759147907554131,1.7759147907554131,1.7759147907554131
-0.9595754525073974,-0.9595754525073974,-0.9595754525073974,-0.9595754525073974,-0.9595754525073974,-0.9595754525073974,-0.9595754525073974,-0.9595754525073974,-0.9595754525073974,-0.9595754525073974,-0.9595754525073974,-0.9595754525073974,-0.9595754525073974,-0.9595754525073974,-0.9595754525073974,-0.9595754525073974,-0.9595754525073974,-0.9595754525073974,-0.9595754525073974,-0.9595754525073974,-0.9595754525073974,-0.9595754525073974,-0.9595754525073974,-0.9595754525073974,-0.9595754525073974,-0.9595754525073974,-0.9595754525073974,-0.9595754525073974,-0.9595754525073974,-0.9595754525073974,-0.9595754525073974,-0.9595754525073974,-0.9595754525073974,-0.9595754525073974,-0.9595754525073974,-0.9595754525073974,-0.9595754525073974,-0.9595754525073974,-0.9595754525073974,-0.9595754525073974,-0.9595754525073974,-0.9595754525073974,-0.9595754525073974,-0.9595754525073974,-0.9595754525073974,-0.9595754525073974,-0.9595754525073974,-0.9595754525073974,-0.9595754525073974,-0.9595754525073974,-0.9595754525073974,-0.9595754525073974,-0.9595754525073974,-0.9595754525073974,-0.9595754525073974,-0.9595754525073974,-0.9595754525073974,-0.9595754525073974,-0.9595754525073974,-0.9595754525073974,-0.9595754525073974,-0.9595754525073974,-0.9595754525073974,-0.9595754525073974,-0.9595754525073974,-0.9595754525073974,-0.9595754525073974,-0.9595754525073974,-0.9595754525073974,-0.9595754525073974,-0.9595754525073974,-0.9595754525073974,-0.9595754525073974,-0.9595754525073974,-0.9595754525073974,-0.9595754525073974,-0.9595754525073974,-0.9595754525073974,-0.9595754525073974,-0.9595754525073974,-0.9595754525073974,-0.9595754525073974,-0.9595754525073974,-0.9595754525073974,-0.9595754525073974,-0.9595754525073974,-0.9595754525073974,-0.9595754525073974,-0.9595754525073974,-0.9595754525073974,-0.9595754525073974,-0.9595754525073974,-0.9595754525073974,-0.9595754525073974,-0.9595754525073974,-0.9595754525073974,-0.9595754525073974,-0.9595754525073974,-0.9595754525073974,-0.9595754525073974,-0.9595754525073974,-0.9595754525073974,-0.9595754525073974,-0.9595754525073974,-0.9595754525073974,-0.9595754525073974,-0.9595754525073974,-0.9595754525073974,-0.9595754525073974,-0.9595754525073974,-0.9595754525073974,-0.9595754525073974,-0.9595754525073974,-0.9595754525073974,-0.9595754525073974,-0.9595754525073974,-0.9595754525073974,-0.9595754525073974,-0.9595754525073974,-0.9595754525073974,-0.9595754525073974,-0.9595754525073974,-0.9595754525073974,-0.9595754525073974,-0.9595754525073974,-0.9595754525073974,-0.9595754525073974,-0.9595754525073974,-0.9595754525073974,-0.9595754525073974,-0.9595754525073974,-0.9595754525073974,-0.9595754525073974,-0.9595754525073974,-0.9595754525073974,-0.9595754525073974,-0.9595754525073974,-0.9595754525073974,-0.9595754525073974,-0.9595754525073974,-0.9595754525073974,-0.9595754525073974,-0.9595754525073974,-0.9595754525073974,-0.9595754525073974,-0.9595754525073974,-0.9595754525073974,-0.9595754525073974,-0.9595754525073974,-0.9595754525073974,-0.9595754525073974,-0.9595754525073974,-0.9595754525073974,-0.9595754525073974,-0.9595754525073974,-0.9595754525073974,-0.9595754525073974,-0.9595754525073974,-0.9595754525073974,-0.9595754525073974,-0.9595754525073974,-0.9595754525073974,-0.9595754525073974,-0.9595754525073974,-0.9595754525073974,-0.9595754525073974,-0.9595754525073974,-0.9595754525073974,-0.9595754525073974,-0.9595754525073974,-0.9595754525073974,-0.9595754525073974,-0.9595754525073974,-0.9595754525073974,-0.9595754525073974,-0.9595754525073974,-0.9595754525073974,-0.9595754525073974,-0.9595754525073974,-0.9595754525073974,-0.9595754525073974,-0.9595754525073974,-0.9595754525073974,-0.9595754525073974,-0.9595754525073974,-0.9595754525073974,-0.9595754525073974,-0.9595754525073974,-0.9595754525073974,-0.9595754525073974,-0.9595754525073974,-0.9595754525073974,-0.9595754525073974,-0.9595754525073974,-0.9595754525073974,-0.9595754525073974,-0.9595754525073974,-0.9595754525073974,-0.9595754525073974,-0.9595754525073974,-0.9595754525073974,-0.9595754525073974,-0.9595754525073974,-0.9595754525073974,-0.9595754525073974,-0.9595754525073974,-0.9595754525073974,-0.9595754525073974,-0.9595754525073974,-0.9595754525073974,-0.9595754525073974,-0.9595754525073974,-0.9595754525073974,-0.9595754525073974,-0.9595754525073974,-0.9595754525073974,-0.9595754525073974,-0.9595754525073974,-0.9595754525073974,-0.9595754525073974,-0.9595754525073974,-0.9595754525073974,-0.9595754525073974,-0.9595754525073974,-0.9595754525073974,-0.9595754525073974,-0.9595754525073974,-0.9595754525073974,-0.9595754525073974,-0.9595754525073974,-0.9595754525073974,-0.9595754525073974,-0.9595754525073974,-0.9595754525073974,-0.9595754525073974,-0.9595754525073974,-0.9595754525073974,-0.9595754525073974,-0.9595754525073974,-0.9595754525073974,-0.9595754525073974,-0.9595754525073974,-0.9595754525073974,-0.9595754525073974,-0.9595754525073974,-0.9595754525073974,-0.9595754525073974,-0.9595754525073974,-0.9595754525073974,-0.9595754525073974,-0.9595754525073974,-0.9595754525073974,-0.9595754525073974,-0.9595754525073974,-0.9595754525073974,-0.9595754525073974,-0.9595754525073974,-0.9595754525073974,-0.9595754525073974,-0.9595754525073974,-0.9595754525073974,-0.9595754525073974,-0.9595754525073974,-0.9595754525073974,-0.9595754525073974,-0.9595754525073974,-0.9595754525073974,-0.9595754525073974,-0.9595754525073974,-0.9595754525073974,-0.9595754525073974,-0.9595754525073974,-0.9595754525073974,-0.9595754525073974,-0.9595754525073974,-0.9595754525073974,-0.9595754525073974,-0.9595754525073974,-0.9595754525073974,-0.9595754525073974,-0.9595754525073974,-0.9595754525073974,-0.9595754525073974,-0.9595754525073974,-0.9595754525073974,-0.9595754525073974,-0.9595754525073974,-0.9595754525073974,-0.9595754525073974,-0.9595754525073974,-0.9595754525073974,-0.9595754525073974,-0.9595754525073974,-0.9595754525073974,-0.9595754525073974,-0.9595754525073974,-0.9595754525073974,-0.9595754525073974,-0.9595754525073974,-0.9595754525073974,-0.9595754525073974,-0.9595754525073974,-0.9595754525073974,-0.9595754525073974,-0.9595754525073974,-0.9595754525073974,-0.9595754525073974,-0.9595754525073974,-0.9595754525073974,-0.9595754525073974,-0.9595754525073974,-0.9595754525073974,-0.9595754525073974,-0.9595754525073974,-0.9595754525073974,-0.9595754525073974,-0.9595754525073974,-0.9595754525073974,-0.9595754525073974,-0.9595754525073974,-0.9595754525073974,-0.9595754525073974,-0.9595754525073974,-0.9595754525073974,-0.9595754525073974,-0.9595754525073974,-0.9595754525073974,-0.9595754525073974,-0.9595754525073974,-0.9595754525073974,-0.9595754525073974,-0.9595754525073974,-0.9595754525073974,-0.9595754525073974,-0.9595754525073974,-0.9595754525073974,-0.9595754525073974,-0.9595754525073974,-0.9595754525073974,-0.9595754525073974,-0.9595754525073974,-0.9595754525073974,-0.9595754525073974,-0.9595754525073974,-0.9595754525073974,-0.9595754525073974,-0.9595754525073974,-0.9595754525073974,-0.9595754525073974,-0.9595754525073974,-0.9595754525073974,-0.9595754525073974,-0.9595754525073974,-0.9595754525073974,-0.9595754525073974,-0.9595754525073974,-0.9595754525073974,-0.9595754525073974,-0.9595754525073974,-0.9595754525073974,-0.9595754525073974,-0.9595754525073974,-0.9595754525073974,-0.9595754525073974,-0.9595754525073974,-0.9595754525073974,-0.9595754525073974,-0.9595754525073974,-0.9595754525073974,-0.9595754525073974,-0.9595754525073974,-0.9595754525073974,-0.9595754525073974,-0.9595754525073974,-0.9595754525073974,-0.9595754525073974,-0.9595754525073974,-0.9595754525073974,-0.9595754525073974,-0.9595754525073974,-0.9595754525073974
1.969566382794139,1.969566382794139,1.969566382794139,1.969566382794139,1.969566382794139,1.969566382794139,1.969566382794139,1.969566382794139,1.969566382794139,1.969566382794139,1.969566382794139,1.969566382794139,1.969566382794139,1.969566382794139,1.969566382794139,1.969566382794139,1.969566382794139,1.969566382794139,1.969566382794139,1.969566382794139,1.969566382794139,1.969566382794139,1.969566382794139,1.969566382794139,1.969566382794139,1.969566382794139,1.969566382794139,1.969566382794139,1.969566382794139,1.969566382794139,1.969566382794139,1.969566382794139,1.969566382794139,1.969566382794139,1.969566382794139,1.969566382794139,1.969566382794139,1.969566382794139,1.969566382794139,1.969566382794139,1.969566382794139,1.969566382794139,1.969566382794139,1.969566382794139,1.969566382794139,1.969566382794139,1.969566382794139,1.969566382794139,1.969566382794139,1.969566382794139,1.969566382794139,1.969566382794139,1.969566382794139,1.969566382794139,1.969566382794139,1.969566382794139,1.969566382794139,1.969566382794139,1.969566382794139,1.969566382794139,1.969566382794139,1.969566382794139,1.969566382794139,1.969566382794139,1.969566382794139,1.969566382794139,1.969566382794139,1.969566382794139,1.969566382794139,1.969566382794139,1.969566382794139,1.969566382794139,1.969566382794139,1.969566382794139,1.969566382794139,1.969566382794139,1.969566382794139,1.969566382794139,1.969566382794139,1.969566382794139,1.969566382794139,1.969566382794139,1.969566382794139,1.969566382794139,1.969566382794139,1.969566382794139,1.969566382794139,1.969566382794139,1.969566382794139,1.969566382794139,1.969566382794139,1.969566382794139,1.969566382794139,1.969566382794139,1.969566382794139,1.969566382794139,1.969566382794139,1.969566382794139,1.969566382794139,1.969566382794139,1.969566382794139,1.969566382794139,1.969566382794139,1.969566382794139,1.969566382794139,1.969566382794139,1.969566382794139,1.969566382794139,1.969566382794139,1.969566382794139,1.969566382794139,1.969566382794139,1.969566382794139,1.969566382794139,1.969566382794139,1.969566382794139,1.969566382794139,1.969566382794139,1.969566382794139,1.969566382794139,1.969566382794139,1.969566382794139,1.969566382794139,1.969566382794139,1.969566382794139,1.969566382794139,1.969566382794139,1.969566382794139,1.969566382794139,1.969566382794139,1.969566382794139,1.969566382794139,1.969566382794139,1.969566382794139,1.969566382794139,1.969566382794139,1.969566382794139,1.969566382794139,1.969566382794139,1.969566382794139,1.969566382794139,1.969566382794139,1.969566382794139,1.969566382794139,1.969566382794139,1.969566382794139,1.969566382794139,1.969566382794139,1.969566382794139,1.969566382794139,1.969566382794139,1.969566382794139,1.969566382794139,1.969566382794139,1.969566382794139,1.969566382794139,1.969566382794139,1.969566382794139,1.969566382794139,1.969566382794139,1.969566382794139,1.969566382794139,1.969566382794139,1.969566382794139,1.969566382794139,1.969566382794139,1.969566382794139,1.969566382794139,1.969566382794139,1.969566382794139,1.969566382794139,1.969566382794139,1.969566382794139,1.969566382794139,1.969566382794139,1.969566382794139,1.969566382794139,1.969566382794139,1.969566382794139,1.969566382794139,1.969566382794139,1.969566382794139,1.969566382794139,1.969566382794139,1.969566382794139,1.969566382794139,1.969566382794139,1.969566382794139,1.969566382794139,1.969566382794139,1.969566382794139,1.969566382794139,1.969566382794139,1.969566382794139,1.969566382794139,1.969566382794139,1.969566382794139,1.969566382794139,1.969566382794139,1.969566382794139,1.969566382794139,1.969566382794139,1.969566382794139,1.969566382794139,1.969566382794139,1.969566382794139,1.969566382794139,1.969566382794139,1.969566382794139,1.969566382794139,1.969566382794139,1.969566382794139,1.969566382794139,1.969566382794139,1.969566382794139,1.969566382794139,1.969566382794139,1.969566382794139,1.969566382794139,1.969566382794139,1.969566382794139,1.969566382794139,1.969566382794139,1.969566382794139,1.969566382794139,1.969566382794139,1.969566382794139,1.969566382794139,1.969566382794139,1.969566382794139,1.969566382794139,1.969566382794139,1.969566382794139,1.969566382794139,1.969566382794139,1.969566382794139,1.969566382794139,1.969566382794139,1.969566382794139,1.969566382794139,1.969566382794139,1.969566382794139,1.969566382794139,1.969566382794139,1.969566382794139,1.969566382794139,1.969566382794139,1.969566382794139,1.969566382794139,1.969566382794139,1.969566382794139,1.969566382794139,1.969566382794139,1.969566382794139,1.969566382794139,1.969566382794139,1.969566382794139,1.969566382794139,1.969566382794139,1.969566382794139,1.969566382794139,1.969566382794139,1.969566382794139,1.969566382794139,1.969566382794139,1.969566382794139,1.969566382794139,1.969566382794139,1.969566382794139,1.969566382794139,1.969566382794139,1.969566382794139,1.969566382794139,1.969566382794139,1.969566382794139,1.969566382794139,1.969566382794139,1.969566382794139,1.969566382794139,1.969566382794139,1.969566382794139,1.969566382794139,1.969566382794139,1.969566382794139,1.969566382794139,1.969566382794139,1.969566382794139,1.969566382794139,1.969566382794139,1.969566382794139,1.969566382794139,1.969566382794139,1.969566382794139,1.969566382794139,1.969566382794139,1.969566382794139,1.969566382794139,1.969566382794139,1.969566382794139,1.969566382794139,1.969566382794139,1.969566382794139,1.969566382794139,1.969566382794139,1.969566382794139,1.969566382794139,1.969566382794139,1.969566382794139,1.969566382794139,1.969566382794139,1.969566382794139,1.969566382794139,1.969566382794139,1.969566382794139,1.969566382794139,1.969566382794139,1.969566382794139,1.969566382794139,1.969566382794139,1.969566382794139,1.969566382794139,1.969566382794139,1.969566382794139,1.969566382794139,1.969566382794139,1.969566382794139,1.969566382794139,1.969566382794139,1.969566382794139,1.969566382794139,1.969566382794139,1.969566382794139,1.969566382794139,1.969566382794139,1.969566382794139,1.969566382794139,1.969566382794139,1.969566382794139,1.969566382794139,1.969566382794139,1.969566382794139,1.969566382794139,1.969566382794139,1.969566382794139,1.969566382794139,1.969566382794139,1.969566382794139,1.969566382794139,1.969566382794139,1.969566382794139,1.969566382794139,1.969566382794139,1.969566382794139,1.969566382794139,1.969566382794139,1.969566382794139,1.969566382794139,1.969566382794139,1.969566382794139,1.969566382794139,1.969566382794139,1.969566382794139,1.969566382794139,1.969566382794139,1.969566382794139,1.969566382794139,1.969566382794139,1.969566382794139,1.969566382794139,1.969566382794139,1.969566382794139,1.969566382794139,1.969566382794139,1.969566382794139,1.969566382794139,1.969566382794139,1.969566382794139,1.969566382794139,1.969566382794139,1.969566382794139,1.969566382794139
-0.8467660311848141,-0.8467660311848141,-0.8467660311848141,-0.8467660311848141,-0.8467660311848141,-0.8467660311848141,-0.8467660311848141,-0.8467660311848141,-0.8467660311848141,-0.8467660311848141,-0.8467660311848141,-0.8467660311848141,-0.8467660311848141,-0.8467660311848141,-0.8467660311848141,-0.8467660311848141,-0.8467660311848141,-0.8467660311848141,-0.8467660311848141,-0.8467660311848141,-0.8467660311848141,-0.8467660311848141,-0.8467660311848141,-0.8467660311848141,-0.8467660311848141,-0.8467660311848141,-0.8467660311848141,-0.8467660311848141,-0.8467660311848141,-0.8467660311848141,-0.8467660311848141,-0.8467660311848141,-0.8467660311848141,-0.8467660311848141,-0.8467660311848141,-0.8467660311848141,-0.8467660311848141,-0.8467660311848141,-0.8467660311848141,-0.8467660311848141,-0.8467660311848141,-0.8467660311848141,-0.8467660311848141,-0.8467660311848141,-0.8467660311848141,-0.8467660311848141,-0.8467660311848141,-0.8467660311848141,-0.8467660311848141,-0.8467660311848141,-0.8467660311848141,-0.8467660311848141,-0.8467660311848141,-0.8467660311848141,-0.8467660311848141,-0.8467660311848141,-0.8467660311848141,-0.8467660311848141,-0.8467660311848141,-0.8467660311848141,-0.8467660311848141,-0.8467660311848141,-0.8467660311848141,-0.8467660311848141,-0.8467660311848141,-0.8467660311848141,-0.8467660311848141,-0.8467660311848141,-0.8467660311848141,-0.8467660311848141,-0.8467660311848141,-0.8467660311848141,-0.8467660311848141,-0.8467660311848141,-0.8467660311848141,-0.8467660311848141,-0.8467660311848141,-0.8467660311848141,-0.8467660311848141,-0.8467660311848141,-0.8467660311848141,-0.8467660311848141,-0.8467660311848141,-0.8467660311848141,-0.8467660311848141,-0.8467660311848141,-0.8467660311848141,-0.8467660311848141,-0.8467660311848141,-0.8467660311848141,-0.8467660311848141,-0.8467660311848141,-0.8467660311848141,-0.8467660311848141,-0.8467660311848141,-0.8467660311848141,-0.8467660311848141,-0.8467660311848141,-0.8467660311848141,-0.8467660311848141,-0.8467660311848141,-0.8467660311848141,-0.8467660311848141,-0.8467660311848141,-0.8467660311848141,-0.8467660311848141,-0.8467660311848141,-0.8467660311848141,-0.8467660311848141,-0.8467660311848141,-0.8467660311848141,-0.8467660311848141,-0.8467660311848141,-0.8467660311848141,-0.8467660311848141,-0.8467660311848141,-0.8467660311848141,-0.8467660311848141,-0.8467660311848141,-0.8467660311848141,-0.8467660311848141,-0.8467660311848141,-0.8467660311848141,-0.8467660311848141,-0.8467660311848141,-0.8467660311848141,-0.8467660311848141,-0.8467660311848141,-0.8467660311848141,-0.8467660311848141,-0.8467660311848141,-0.8467660311848141,-0.8467660311848141,-0.8467660311848141,-0.8467660311848141,-0.8467660311848141,-0.8467660311848141,-0.8467660311848141,-0.8467660311848141,-0.8467660311848141,-0.8467660311848141,-0.8467660311848141,-0.8467660311848141,-0.8467660311848141,-0.8467660311848141,-0.8467660311848141,-0.8467660311848141,-0.8467660311848141,-0.8467660311848141,-0.8467660311848141,-0.8467660311848141,-0.8467660311848141,-0.8467660311848141,-0.8467660311848141,-0.8467660311848141,-0.8467660311848141,-0.8467660311848141,-0.8467660311848141,-0.8467660311848141,-0.8467660311848141,-0.8467660311848141,-0.8467660311848141,-0.8467660311848141,-0.8467660311848141,-0.8467660311848141,-0.8467660311848141,-0.8467660311848141,-0.8467660311848141,-0.8467660311848141,-0.8467660311848141,-0.8467660311848141,-0.8467660311848141,-0.8467660311848141,-0.8467660311848141,-0.8467660311848141,-0.8467660311848141,-0.8467660311848141,-0.8467660311848141,-0.8467660311848141,-0.8467660311848141,-0.8467660311848141,-0.8467660311848141,-0.8467660311848141,-0.8467660311848141,-0.8467660311848141,-0.8467660311848141,-0.8467660311848141,-0.8467660311848141,-0.8467660311848141,-0.8467660311848141,-0.8467660311848141,-0.8467660311848141,-0.8467660311848141,-0.8467660311848141,-0.8467660311848141,-0.8467660311848141,-0.8467660311848141,-0.8467660311848141,-0.8467660311848141,-0.8467660311848141,-0.8467660311848141,-0.8467660311848141,-0.8467660311848141,-0.8467660311848141,-0.8467660311848141,-0.8467660311848141,-0.8467660311848141,-0.8467660311848141,-0.8467660311848141,-0.8467660311848141,-0.8467660311848141,-0.8467660311848141,-0.8467660311848141,-0.8467660311848141,-0.8467660311848141,-0.8467660311848141,-0.8467660311848141,-0.8467660311848141,-0.8467660311848141,-0.8467660311848141,-0.8467660311848141,-0.8467660311848141,-0.8467660311848141,-0.8467660311848141,-0.8467660311848141,-0.8467660311848141,-0.8467660311848141,-0.8467660311848141,-0.8467660311848141,-0.8467660311848141,-0.8467660311848141,-0.8467660311848141,-0.8467660311848141,-0.8467660311848141,-0.8467660311848141,-0.8467660311848141,-0.8467660311848141,-0.8467660311848141,-0.8467660311848141,-0.8467660311848141,-0.8467660311848141,-0.8467660311848141,-0.8467660311848141,-0.8467660311848141,-0.8467660311848141,-0.8467660311848141,-0.8467660311848141,-0.8467660311848141,-0.8467660311848141,-0.8467660311848141,-0.8467660311848141,-0.8467660311848141,-0.8467660311848141,-0.8467660311848141,-0.8467660311848141,-0.8467660311848141,-0.8467660311848141,-0.8467660311848141,-0.8467660311848141,-0.8467660311848141,-0.8467660311848141,-0.8467660311848141,-0.8467660311848141,-0.8467660311848141,-0.8467660311848141,-0.8467660311848141,-0.8467660311848141,-0.8467660311848141,-0.8467660311848141,-0.8467660311848141,-0.8467660311848141,-0.8467660311848141,-0.8467660311848141,-0.8467660311848141,-0.8467660311848141,-0.8467660311848141,-0.8467660311848141,-0.8467660311848141,-0.8467660311848141,-0.8467660311848141,-0.8467660311848141,-0.8467660311848141,-0.8467660311848141,-0.8467660311848141,-0.8467660311848141,-0.8467660311848141,-0.8467660311848141,-0.8467660311848141,-0.8467660311848141,-0.8467660311848141,-0.8467660311848141,-0.8467660311848141,-0.8467660311848141,-0.8467660311848141,-0.8467660311848141,-0.8467660311848141,-0.8467660311848141,-0.8467660311848141,-0.8467660311848141,-0.8467660311848141,-0.8467660311848141,-0.8467660311848141,-0.8467660311848141,-0.8467660311848141,-0.8467660311848141,-0.8467660311848141,-0.8467660311848141,-0.8467660311848141,-0.8467660311848141,-0.8467660311848141,-0.8467660311848141,-0.8467660311848141,-0.8467660311848141,-0.8467660311848141,-0.8467660311848141,-0.8467660311848141,-0.8467660311848141,-0.8467660311848141,-0.8467660311848141,-0.8467660311848141,-0.8467660311848141,-0.8467660311848141,-0.8467660311848141,-0.8467660311848141,-0.8467660311848141,-0.8467660311848141,-0.8467660311848141,-0.8467660311848141,-0.8467660311848141,-0.8467660311848141,-0.8467660311848141,-0.8467660311848141,-0.8467660311848141,-0.8467660311848141,-0.8467660311848141,-0.8467660311848141,-0.8467660311848141,-0.8467660311848141,-0.8467660311848141,-0.8467660311848141,-0.8467660311848141,-0.8467660311848141,-0.8467660311848141,-0.8467660311848141,-0.8467660311848141,-0.8467660311848141,-0.8467660311848141,-0.8467660311848141,-0.8467660311848141,-0.8467660311848141,-0.8467660311848141,-0.8467660311848141,-0.8467660311848141,-0.8467660311848141,-0.8467660311848141,-0.8467660311848141,-0.8467660311848141,-0.8467660311848141,-0.8467660311848141,-0.8467660311848141,-0.8467660311848141,-0.8467660311848141,-0.8467660311848141,-0.8467660311848141,-0.8467660311848141,-0.8467660311848141,-0.8467660311848141,-0.8467660311848141,-0.8467660311848141,-0.8467660311848141,-0.8467660311848141,-0.8467660311848141,-0.8467660311848141,-0.8467660311848141,-0.8467660311848141,-0.8467660311848141,-0.8467660311848141,-0.8467660311848141,-0.8467660311848141,-0.8467660311848141,-0.8467660311848141
0.5485278398908471,0.5485278398908471,0.5485278398908471,0.5485278398908471,0.5485278398908471,0.5485278398908471,0.5485278398908471,0.5485278398908471,0.5485278398908471,0.5485278398908471,0.5485278398908471,0.5485278398908471,0.5485278398908471,0.5485278398908471,0.5485278398908471,0.5485278398908471,0.5485278398908471,0.5485278398908471,0.5485278398908471,0.5485278398908471,0.5485278398908471,0.5485278398908471,0.5485278398908471,0.5485278398908471,0.5485278398908471,0.5485278398908471,0.5485278398908471,0.5485278398908471,0.5485278398908471,0.5485278398908471,0.5485278398908471,0.5485278398908471,0.5485278398908471,0.5485278398908471,0.5485278398908471,0.5485278398908471,0.5485278398908471,0.5485278398908471,0.5485278398908471,0.5485278398908471,0.5485278398908471,0.5485278398908471,0.5485278398908471,0.5485278398908471,0.5485278398908471,0.5485278398908471,0.5485278398908471,0.5485278398908471,0.5485278398908471,0.5485278398908471,0.5485278398908471,0.5485278398908471,0.5485278398908471,0.5485278398908471,0.5485278398908471,0.5485278398908471,0.5485278398908471,0.5485278398908471,0.5485278398908471,0.5485278398908471,0.5485278398908471,0.5485278398908471,0.5485278398908471,0.5485278398908471,0.5485278398908471,0.5485278398908471,0.5485278398908471,0.5485278398908471,0.5485278398908471,0.5485278398908471,0.5485278398908471,0.5485278398908471,0.5485278398908471,0.5485278398908471,0.5485278398908471,0.5485278398908471,0.5485278398908471,0.5485278398908471,0.5485278398908471,0.5485278398908471,0.5485278398908471,0.5485278398908471,0.5485278398908471,0.5485278398908471,0.5485278398908471,0.5485278398908471,0.5485278398908471,0.5485278398908471,0.5485278398908471,0.5485278398908471,0.5485278398908471,0.5485278398908471,0.5485278398908471,0.5485278398908471,0.5485278398908471,0.5485278398908471,0.5485278398908471,0.5485278398908471,0.5485278398908471,0.5485278398908471,0.5485278398908471,0.5485278398908471,0.5485278398908471,0.5485278398908471,0.5485278398908471,0.5485278398908471,0.5485278398908471,0.5485278398908471,0.5485278398908471,0.5485278398908471,0.5485278398908471,0.5485278398908471,0.5485278398908471,0.5485278398908471,0.5485278398908471,0.5485278398908471,0.5485278398908471,0.5485278398908471,0.5485278398908471,0.5485278398908471,0.5485278398908471,0.5485278398908471,0.5485278398908471,0.5485278398908471,0.5485278398908471,0.5485278398908471,0.5485278398908471,0.5485278398908471,0.5485278398908471,0.5485278398908471,0.5485278398908471,0.5485278398908471,0.5485278398908471,0.5485278398908471,0.5485278398908471,0.5485278398908471,0.5485278398908471,0.5485278398908471,0.5485278398908471,0.5485278398908471,0.5485278398908471,0.5485278398908471,0.5485278398908471,0.5485278398908471,0.5485278398908471,0.5485278398908471,0.5485278398908471,0.5485278398908471,0.5485278398908471,0.5485278398908471,0.5485278398908471,0.5485278398908471,0.5485278398908471,0.5485278398908471,0.5485278398908471,0.5485278398908471,0.5485278398908471,0.5485278398908471,0.5485278398908471,0.5485278398908471,0.5485278398908471,0.5485278398908471,0.5485278398908471,0.5485278398908471,0.5485278398908471,0.5485278398908471,0.5485278398908471,0.5485278398908471,0.5485278398908471,0.5485278398908471,0.5485278398908471,0.5485278398908471,0.5485278398908471,0.5485278398908471,0.5485278398908471,0.5485278398908471,0.5485278398908471,0.5485278398908471,0.5485278398908471,0.5485278398908471,0.5485278398908471,0.5485278398908471,0.5485278398908471,0.5485278398908471,0.5485278398908471,0.5485278398908471,0.5485278398908471,0.5485278398908471,0.5485278398908471,0.5485278398908471,0.5485278398908471,0.5485278398908471,0.5485278398908471,0.5485278398908471,0.5485278398908471,0.5485278398908471,0.5485278398908471,0.5485278398908471,0.5485278398908471,0.5485278398908471,0.5485278398908471,0.5485278398908471,0.5485278398908471,0.5485278398908471,0.5485278398908471,0.5485278398908471,0.5485278398908471,0.5485278398908471,0.5485278398908471,0.5485278398908471,0.5485278398908471,0.5485278398908471,0.5485278398908471,0.5485278398908471,0.5485278398908471,0.5485278398908471,0.5485278398908471,0.5485278398908471,0.5485278398908471,0.5485278398908471,0.5485278398908471,0.5485278398908471,0.5485278398908471,0.5485278398908471,0.5485278398908471,0.5485278398908471,0.5485278398908471,0.5485278398908471,0.5485278398908471,0.5485278398908471,0.5485278398908471,0.5485278398908471,0.5485278398908471,0.5485278398908471,0.5485278398908471,0.5485278398908471,0.5485278398908471,0.5485278398908471,0.5485278398908471,0.5485278398908471,0.5485278398908471,0.5485278398908471,0.5485278398908471,0.5485278398908471,0.5485278398908471,0.5485278398908471,0.5485278398908471,0.5485278398908471,0.5485278398908471,0.5485278398908471,0.5485278398908471,0.5485278398908471,0.5485278398908471,0.5485278398908471,0.5485278398908471,0.5485278398908471,0.5485278398908471,0.5485278398908471,0.5485278398908471,0.5485278398908471,0.5485278398908471,0.5485278398908471,0.5485278398908471,0.5485278398908471,0.5485278398908471,0.5485278398908471,0.5485278398908471,0.5485278398908471,0.5485278398908471,0.5485278398908471,0.5485278398908471,0.5485278398908471,0.5485278398908471,0.5485278398908471,0.5485278398908471,0.5485278398908471,0.5485278398908471,0.5485278398908471,0.5485278398908471,0.5485278398908471,0.5485278398908471,0.5485278398908471,0.5485278398908471,0.5485278398908471,0.5485278398908471,0.5485278398908471,0.5485278398908471,0.5485278398908471,0.5485278398908471,0.5485278398908471,0.5485278398908471,0.5485278398908471,0.5485278398908471,0.5485278398908471,0.5485278398908471,0.5485278398908471,0.5485278398908471,0.5485278398908471,0.5485278398908471,0.5485278398908471,0.5485278398908471,0.5485278398908471,0.5485278398908471,0.5485278398908471,0.5485278398908471,0.5485278398908471,0.5485278398908471,0.5485278398908471,0.5485278398908471,0.5485278398908471,0.5485278398908471,0.5485278398908471,0.5485278398908471,0.5485278398908471,0.5485278398908471,0.5485278398908471,0.5485278398908471,0.5485278398908471,0.5485278398908471,0.5485278398908471,0.5485278398908471,0.5485278398908471,0.5485278398908471,0.5485278398908471,0.5485278398908471,0.5485278398908471,0.5485278398908471,0.5485278398908471,0.5485278398908471,0.5485278398908471,0.5485278398908471,0.5485278398908471,0.5485278398908471,0.5485278398908471,0.5485278398908471,0.5485278398908471,0.5485278398908471,0.5485278398908471,0.5485278398908471,0.5485278398908471,0.5485278398908471,0.5485278398908471,0.5485278398908471,0.5485278398908471,0.5485278398908471,0.5485278398908471,0.5485278398908471,0.5485278398908471,0.5485278398908471,0.5485278398908471,0.5485278398908471,0.5485278398908471,0.5485278398908471,0.5485278398908471,0.5485278398908471,0.5485278398908471,0.5485278398908471,0.5485278398908471,0.5485278398908471,0.5485278398908471,0.5485278398908471,0.5485278398908471,0.5485278398908471,0.5485278398908471,0.5485278398908471,0.5485278398908471,0.5485278398908471,0.5485278398908471,0.5485278398908471,0.5485278398908471,0.5485278398908471,0.5485278398908471,0.5485278398908471,0.5485278398908471,0.5485278398908471,0.5485278398908471,0.5485278398908471,0.5485278398908471,0.5485278398908471,0.5485278398908471,0.5485278398908471
1.0,1.0,1.0,1.0,1.0,1.0,1.0,1.0,1.0,1.0,1.0,1.0,1.0,1.0,1.0,1.0,1.0,1.0,1.0,1.0,1.0,1.0,1.0,1.0,1.0,1.0,1.0,1.0,1.0,1.0,1.0,1.0,1.0,1.0,1.0,1.0,1.0,1.0,1.0,1.0,1.0,1.0,1.0,1.0,1.0,1.0,1.0,1.0,1.0,1.0,1.0,1.0,1.0,1.0,1.0,1.0,1.0,1.0,1.0,1.0,1.0,1.0,1.0,1.0,1.0,1.0,1.0,1.0,1.0,1.0,1.0,1.0,1.0,1.0,1.0,1.0,1.0,1.0,1.0,1.0,1.0,1.0,1.0,1.0,1.0,1.0,1.0,1.0,1.0,1.0,1.0,1.0,1.0,1.0,1.0,1.0,1.0,1.0,1.0,1.0,1.0,1.0,1.0,1.0,1.0,1.0,1.0,1.0,1.0,1.0,1.0,1.0,1.0,1.0,1.0,1.0,1.0,1.0,1.0,1.0,1.0,1.0,1.0,1.0,1.0,1.0,1.0,1.0,1.0,1.0,1.0,1.0,1.0,1.0,1.0,1.0,1.0,1.0,1.0,1.0,1.0,1.0,1.0,1.0,1.0,1.0,1.0,1.0,1.0,1.0,1.0,1.0,1.0,1.0,1.0,1.0,1.0,1.0,1.0,1.0,1.0,1.0,1.0,1.0,1.0,1.0,1.0,1.0,1.0,1.0,1.0,1.0,1.0,1.0,1.0,1.0,1.0,1.0,1.0,1.0,1.0,1.0,1.0,1.0,1.0,1.0,1.0,1.0,1.0,1.0,1.0,1.0,1.0,1.0,1.0,1.0,1.0,1.0,1.0,1.0,1.0,1.0,1.0,1.0,1.0,1.0,1.0,1.0,1.0,1.0,1.0,1.0,1.0,1.0,1.0,1.0,1.0,1.0,1.0,1.0,1.0,1.0,1.0,1.0,1.0,1.0,1.0,1.0,1.0,1.0,1.0,1.0,1.0,1.0,1.0,1.0,1.0,1.0,1.0,1.0,1.0,1.0,1.0,1.0,1.0,1.0,1.0,1.0,1.0,1.0,1.0,1.0,1.0,1.0,1.0,1.0,1.0,1.0,1.0,1.0,1.0,1.0,1.0,1.0,1.0,1.0,1.0,1.0,1.0,1.0,1.0,1.0,1.0,1.0,1.0,1.0,1.0,1.0,1.0,1.0,1.0,1.0,1.0,1.0,1.0,1.0,1.0,1.0,1.0,1.0,1.0,1.0,1.0,1.0,1.0,1.0,1.0,1.0,1.0,1.0,1.0,1.0,1.0,1.0,1.0,1.0,1.0,1.0,1.0,1.0,1.0,1.0,1.0,1.0,1.0,1.0,1.0,1.0,1.0,1.0,1.0,1.0,1.0,1.0,1.0,1.0,1.0,1.0,1.0,1.0,1.0,1.0,1.0,1.0,1.0,1.0,1.0,1.0,1.0,1.0,1.0,1.0,1.0,1.0,1.0,1.0,1.0,1.0,1.0,1.0,1.0,1.0,1.0,1.0,1.0,1.0,1.0,1.0,1.0,1.0,1.0,1.0,1.0,1.0,1.0,1.0,1.0,1.0,1.0,1.0,1.0,1.0,1.0,1.0,1.0,1.0,1.0,1.0,1.0,1.0,1.0
-1.0,-1.0,-1.0,-1.0,-1.0,-1.0,-1.0,-1.0,-1.0,-1.0,-1.0,-1.0,-1.0,-1.0,-1.0,-1.0,-1.0,-1.0,-1.0,-1.0,-1.0,-1.0,-1.0,-1.0,-1.0,-1.0,-1.0,-1.0,-1.0,-1.0,-1.0,-1.0,-1.0,-1.0,-1.0,-1.0,-1.0,-1.0,-1.0,-1.0,-1.0,-1.0,-1.0,-1.0,-1.0,-1.0,-1.0,-1.0,-1.0,-1.0,-1.0,-1.0,-1.0,-1.0,-1.0,-1.0,-1.0,-1.0,-1.0,-1.0,-1.0,-1.0,-1.0,-1.0,-1.0,-1.0,-1.0,-1.0,-1.0,-1.0,-1.0,-1.0,-1.0,-1.0,-1.0,-1.0,-1.0,-1.0,-1.0,-1.0,-1.0,-1.0,-1.0,-1.0,-1.0,-1.0,-1.0,-1.0,-1.0,-1.0,-1.0,-1.0,-1.0,-1.0,-1.0,-1.0,-1.0,-1.0,-1.0,-1.0,-1.0,-1.0,-1.0,-1.0,-1.0,-1.0,-1.0,-1.0,-1.0,-1.0,-1.0,-1.0,-1.0,-1.0,-1.0,-1.0,-1.0,-1.0,-1.0,-1.0,-1.0,-1.0,-1.0,-1.0,-1.0,-1.0,-1.0,-1.0,-1.0,-1.0,-1.0,-1.0,-1.0,-1.0,-1.0,-1.0,-1.0,-1.0,-1.0,-1.0,-1.0,-1.0,-1.0,-1.0,-1.0,-1.0,-1.0,-1.0,-1.0,-1.0,-1.0,-1.0,-1.0,-1.0,-1.0,-1.0,-1.0,-1.0,-1.0,-1.0,-1.0,-1.0,-1.0,-1.0,-1.0,-1.0,-1.0,-1.0,-1.0,-1.0,-1.0,-1.0,-1.0,-1.0,-1.0,-1.0,-1.0,-1.0,-1.0,-1.0,-1.0,-1.0,-1.0,-1.0,-1.0,-1.0,-1.0,-1.0,-1.0,-1.0,-1.0,-1.0,-1.0,-1.0,-1.0,-1.0,-1.0,-1.0,-1.0,-1.0,-1.0,-1.0,-1.0,-1.0,-1.0,-1.0,-1.0,-1.0,-1.0,-1.0,-1.0,-1.0,-1.0,-1.0,-1.0,-1.0,-1.0,-1.0,-1.0,-1.0,-1.0,-1.0,-1.0,-1.0,-1.0,-1.0,-1.0,-1.0,-1.0,-1.0,-1.0,-1.0,-1.0,-1.0,-1.0,-1.0,-1.0,-1.0,-1.0,-1.0,-1.0,-1.0,-1.0,-1.0,-1.0,-1.0,-1.0,-1.0,-1.0,-1.0,-1.0,-1.0,-1.0,-1.0,-1.0,-1.0,-1.0,-1.0,-1.0,-1.0,-1.0,-1.0,-1.0,-1.0,-1.0,-1.0,-1.0,-1.0,-1.0,-1.0,-1.0,-1.0,-1.0,-1.0,-1.0,-1.0,-1.0,-1.0,-1.0,-1.0,-1.0,-1.0,-1.0,-1.0,-1.0,-1.0,-1.0,-1.0,-1.0,-1.0,-1.0,-1.0,-1.0,-1.0,-1.0,-1.0,-1.0,-1.0,-1.0,-1.0,-1.0,-1.0,-1.0,-1.0,-1.0,-1.0,-1.0,-1.0,-1.0,-1.0,-1.0,-1.0,-1.0,-1.0,-1.0,-1.0,-1.0,-1.0,-1.0,-1.0,-1.0,-1.0,-1.0,-1.0,-1.0,-1.0,-1.0,-1.0,-1.0,-1.0,-1.0,-1.0,-1.0,-1.0,-1.0,-1.0,-1.0,-1.0,-1.0,-1.0,-1.0,-1.0,-1.0,-1.0,-1.0,-1.0,-1.0,-1.0,-1.0,-1.0,-1.0,-1.0,-1.0,-1.0,-1.0,-1.0,-1.0,-1.0,-1.0,-1.0,-1.0,-1.0,-1.0,-1.0,-1.0,-1.0,-1.0,-1.0,-1.0,-1.0,-1.0,-1.0,-1.0,-1.0,-1.0,-1.0,-1.0,-1.0,-1.0,-1.0,-1.0
1.0,1.0,1.0,1.0,1.0,1.0,1.0,1.0,1.0,1.0,1.0,1.0,1.0,1.0,1.0,1.0,1.0,1.0,1.0,1.0,1.0,1.0,1.0,1.0,1.0,1.0,1.0,1.0,1.0,1.0,1.0,1.0,1.0,1.0,1.0,1.0,1.0,1.0,1.0,1.0,1.0,1.0,1.0,1.0,1.0,1.0,1.0,1.0,1.0,1.0,1.0,1.0,1.0,1.0,1.0,1.0,1.0,1.0,1.0,1.0,1.0,1.0,1.0,1.0,1.0,1.0,1.0,1.0,1.0,1.0,1.0,1.0,1.0,1.0,1.0,1.0,1.0,1.0,1.0,1.0,1.0,1.0,1.0,1.0,1.0,1.0,1.0,1.0,1.0,1.0,1.0,1.0,1.0,1.0,1.0,1.0,1.0,1.0,1.0,1.0,1.0,1.0,1.0,1.0,1.0,1.0,1.0,1.0,1.0,1.0,1.0,1.0,1.0,1.0,1.0,1.0,1.0,1.0,1.0,1.0,1.0,1.0,1.0,1.0,1.0,1.0,1.0,1.0,1.0,1.0,1.0,1.0,1.0,1.0,1.0,1.0,1.0,1.0,1.0,1.0,1.0,1.0,1.0,1.0,1.0,1.0,1.0,1.0,1.0,1.0,1.0,1.0,1.0,1.0,1.0,1.0,1.0,1.0,1.0,1.0,1.0,1.0,1.0,1.0,1.0,1.0,1.0,1.0,1.0,1.0,1.0,1.0,1.0,1.0,1.0,1.0,1.0,1.0,1.0,1.0,1.0,1.0,1.0,1.0,1.0,1.0,1.0,1.0,1.0,1.0,1.0,1.0,1.0,1.0,1.0,1.0,1.0,1.0,1.0,1.0,1.0,1.0,1.0,1.0,1.0,1.0,1.0,1.0,1.0,1.0,1.0,1.0,1.0,1.0,1.0,1.0,1.0,1.0,1.0,1.0,1.0,1.0,1.0,1.0,1.0,1.0,1.0,1.0,1.0,1.0,1.0,1.0,1.0,1.0,1.0,1.0,1.0,1.0,1.0,1.0,1.0,1.0,1.0,1.0,1.0,1.0,1.0,1.0,1.0,1.0,1.0,1.0,1.0,1.0,1.0,1.0,1.0,1.0,1.0,1.0,1.0,1.0,1.0,1.0,1.0,1.0,1.0,1.0,1.0,1.0,1.0,1.0,1.0,1.0,1.0,1.0,1.0,1.0,1.0,1.0,1.0,1.0,1.0,1.0,1.0,1.0,1.0,1.0,1.0,1.0,1.0,1.0,1.0,1.0,1.0,1.0,1.0,1.0,1.0,1.0,1.0,1.0,1.0,1.0,1.0,1.0,1.0,1.0,1.0,1.0,1.0,1.0,1.0,1.0,1.0,1.0,1.0,1.0,1.0,1.0,1.0,1.0,1.0,1.0,1.0,1.0,1.0,1.0,1.0,1.0,1.0,1.0,1.0,1.0,1.0,1.0,1.0,1.0,1.0,1.0,1.0,1.0,1.0,1.0,1.0,1.0,1.0,1.0,1.0,1.0,1.0,1.0,1.0,1.0,1.0,1.0,1.0,1.0,1.0,1.0,1.0,1.0,1.0,1.0,1.0,1.0,1.0,1.0,1.0,1.0,1.0,1.0,1.0,1.0,1.0,1.0,1.0,1.0,1.0,1.0,1.0
-1.0,-1.0,-1.0,-1.0,-1.0,-1.0,-1.0,-1.0,-1.0,-1.0,-1.0,-1.0,-1.0,-1.0,-1.0,-1.0,-1.0,-1.0,-1.0,-1.0,-1.0,-1.0,-1.0,-1.0,-1.0,-1.0,-1.0,-1.0,-1.0,-1.0,-1.0,-1.0,-1.0,-1.0,-1.0,-1.0,-1.0,-1.0,-1.0,-1.0,-1.0,-1.0,-1.0,-1.0,-1.0,-1.0,-1.0,-1.0,-1.0,-1.0,-1.0,-1.0,-1.0,-1.0,-1.0,-1.0,-1.0,-1.0,-1.0,-1.0,-1.0,-1.0,-1.0,-1.0,-1.0,-1.0,-1.0,-1.0,-1.0,-1.0,-1.0,-1.0,-1.0,-1.0,-1.0,-1.0,-1.0,-1.0,-1.0,-1.0,-1.0,-1.0,-1.0,-1.0,-1.0,-1.0,-1.0,-1.0,-1.0,-1.0,-1.0,-1.0,-1.0,-1.0,-1.0,-1.0,-1.0,-1.0,-1.0,-1.0,-1.0,-1.0,-1.0,-1.0,-1.0,-1.0,-1.0,-1.0,-1.0,-1.0,-1.0,-1.0,-1.0,-1.0,-1.0,-1.0,-1.0,-1.0,-1.0,-1.0,-1.0,-1.0,-1.0,-1.0,-1.0,-1.0,-1.0,-1.0,-1.0,-1.0,-1.0,-1.0,-1.0,-1.0,-1.0,-1.0,-1.0,-1.0,-1.0,-1.0,-1.0,-1.0,-1.0,-1.0,-1.0,-1.0,-1.0,-1.0,-1.0,-1.0,-1.0,-1.0,-1.0,-1.0,-1.0,-1.0,-1.0,-1.0,-1.0,-1.0,-1.0,-1.0,-1.0,-1.0,-1.0,-1.0,-1.0,-1.0,-1.0,-1.0,-1.0,-1.0,-1.0,-1.0,-1.0,-1.0,-1.0,-1.0,-1.0,-1.0,-1.0,-1.0,-1.0,-1.0,-1.0,-1.0,-1.0,-1.0,-1.0,-1.0,-1.0,-1.0,-1.0,-1.0,-1.0,-1.0,-1.0,-1.0,-1.0,-1.0,-1.0,-1.0,-1.0,-1.0,-1.0,-1.0,-1.0,-1.0,-1.0,-1.0,-1.0,-1.0,-1.0,-1.0,-1.0,-1.0,-1.0,-1.0,-1.0,-1.0,-1.0,-1.0,-1.0,-1.0,-1.0,-1.0,-1.0,-1.0,-1.0,-1.0,-1.0,-1.0,-1.0,-1.0,-1.0,-1.0,-1.0,-1.0,-1.0,-1.0,-1.0,-1.0,-1.0,-1.0,-1.0,-1.0,-1.0,-1.0,-1.0,-1.0,-1.0,-1.0,-1.0,-1.0,-1.0,-1.0,-1.0,-1.0,-1.0,-1.0,-1.0,-1.0,-1.0,-1.0,-1.0,-1.0,-1.0,-1.0,-1.0,-1.0,-1.0,-1.0,-1.0,-1.0,-1.0,-1.0,-1.0,-1.0,-1.0,-1.0,-1.0,-1.0,-1.0,-1.0,-1.0,-1.0,-1.0,-1.0,-1.0,-1.0,-1.0,-1.0,-1.0,-1.0,-1.0,-1.0,-1.0,-1.0,-1.0,-1.0,-1.0,-1.0,-1.0,-1.0,-1.0,-1.0,-1.0,-1.0,-1.0,-1.0,-1.0,-1.0,-1.0,-1.0,-1.0,-1.0,-1.0,-1.0,-1.0,-1.0,-1.0,-1.0,-1.0,-1.0,-1.0,-1.0,-1.0,-1.0,-1.0,-1.0,-1.0,-1.0,-1.0,-1.0,-1.0,-1.0,-1.0,-1.0,-1.0,-1.0,-1.0,-1.0,-1.0,-1.0,-1.0,-1.0,-1.0,-1.0,-1.0,-1.0,-1.0,-1.0,-1.0,-1.0,-1.0,-1.0,-1.0,-1.0,-1.0,-1.0,-1.0,-1.0,-1.0,-1.0,-1.0,-1.0,-1.0,-1.0,-1.0,-1.0,-1.0,-1.0,-1.0,-1.0,-1.0,-1.0,-1.0,-1.0,-1.0,-1.0,-1.0
-1.0,-1.0,-1.0,-1.0,-1.0,-1.0,-1.0,-1.0,-1.0,-1.0,-1.0,-1.0,-1.0,-1.0,-1.0,-1.0,-1.0,-1.0,-1.0,-1.0,-1.0,-1.0,-1.0,-1.0,-1.0,-1.0,-1.0,-1.0,-1.0,-1.0,-1.0,-1.0,-1.0,-1.0,-1.0,-1.0,-1.0,-1.0,-1.0,-1.0,-1.0,-1.0,-1.0,-1.0,-1.0,-1.0,-1.0,-1.0,-1.0,-1.0,-1.0,-1.0,-1.0,-1.0,-1.0,-1.0,-1.0,-1.0,-1.0,-1.0,-1.0,-1.0,-1.0,-1.0,-1.0,-1.0,-1.0,-1.0,-1.0,-1.0,-1.0,-1.0,-1.0,-1.0,-1.0,-1.0,-1.0,-1.0,-1.0,-1.0,-1.0,-1.0,-1.0,-1.0,-1.0,-1.0,-1.0,-1.0,-1.0,-1.0,-1.0,-1.0,-1.0,-1.0,-1.0,-1.0,-1.0,-1.0,-1.0,-1.0,-1.0,-1.0,-1.0,-1.0,-1.0,-1.0,-1.0,-1.0,-1.0,-1.0,-1.0,-1.0,-1.0,-1.0,-1.0,-1.0,-1.0,-1.0,-1.0,-1.0,-1.0,-1.0,-1.0,-1.0,-1.0,-1.0,-1.0,-1.0,-1.0,-1.0,-1.0,-1.0,-1.0,-1.0,-1.0,-1.0,-1.0,-1.0,-1.0,-1.0,-1.0,-1.0,-1.0,-1.0,-1.0,-1.0,-1.0,-1.0,-1.0,-1.0,-1.0,-1.0,-1.0,-1.0,-1.0,-1.0,-1.0,-1.0,-1.0,-1.0,-1.0,-1.0,-1.0,-1.0,-1.0,-1.0,-1.0,-1.0,-1.0,-1.0,-1.0,-1.0,-1.0,-1.0,-1.0,-1.0,-1.0,-1.0,-1.0,-1.0,-1.0,-1.0,-1.0,-1.0,-1.0,-1.0,-1.0,-1.0,-1.0,-1.0,-1.0,-1.0,-1.0,-1.0,-1.0,-1.0,-1.0,-1.0,-1.0,-1.0,-1.0,-1.0,-1.0,-1.0,-1.0,-1.0,-1.0,-1.0,-1.0,-1.0,-1.0,-1.0,-1.0,-1.0,-1.0,-1.0,-1.0,-1.0,-1.0,-1.0,-1.0,-1.0,-1.0,-1.0,-1.0,-1.0,-1.0,-1.0,-1.0,-1.0,-1.0,-1.0,-1.0,-1.0,-1.0,-1.0,-1.0,-1.0,-1.0,-1.0,-1.0,-1.0,-1.0,-1.0,-1.0,-1.0,-1.0,-1.0,-1.0,-1.0,-1.0,-1.0,-1.0,-1.0,-1.0,-1.0,-1.0,-1.0,-1.0,-1.0,-1.0,-1.0,-1.0,-1.0,-1.0,-1.0,-1.0,-1.0,-1.0,-1.0,-1.0,-1.0,-1.0,-1.0,-1.0,-1.0,-1.0,-1.0,-1.0,-1.0,-1.0,-1.0,-1.0,-1.0,-1.0,-1.0,-1.0,-1.0,-1.0,-1.0,-1.0,-1.0,-1.0,-1.0,-1.0,-1.0,-1.0,-1.0,-1.0,-1.0,-1.0,-1.0,-1.0,-1.0,-1.0,-1.0,-1.0,-1.0,-1.0,-1.0,-1.0,-1.0,-1.0,-1.0,-1.0,-1.0,-1.0,-1.0,-1.0,-1.0,-1.0,-1.0,-1.0,-1.0,-1.0,-1.0,-1.0,-1.0,-1.0,-1.0,-1.0,-1.0,-1.0,-1.0,-1.0,-1.0,-1.0,-1.0,-1.0,-1.0,-1.0,-1.0,-1.0,-1.0,-1.0,-1.0,-1.0,-1.0,-1.0,-1.0,-1.0,-1.0,-1.0,-1.0,-1.0,-1.0,-1.0,-1.0,-1.0,-1.0,-1.0,-1.0,-1.0,-1.0,-1.0,-1.0,-1.0,-1.0,-1.0,-1.0,-1.0,-1.0,-1.0,-1.0,-1.0,-1.0,-1.0,-1.0,-1.0,-1.0,-1.0
1.0,1.0,1.0,1.0,1.0,1.0,1.0,1.0,1.0,1.0,1.0,1.0,1.0,1.0,1.0,1.0,1.0,1.0,1.0,1.0,1.0,1.0,1.0,1.0,1.0,1.0,1.0,1.0,1.0,1.0,1.0,1.0,1.0,1.0,1.0,1.0,1.0,1.0,1.0,1.0,1.0,1.0,1.0,1.0,1.0,1.0,1.0,1.0,1.0,1.0,1.0,1.0,1.0,1.0,1.0,1.0,1.0,1.0,1.0,1.0,1.0,1.0,1.0,1.0,1.0,1.0,1.0,1.0,1.0,1.0,1.0,1.0,1.0,1.0,1.0,1.0,1.0,1.0,1.0,1.0,1.0,1.0,1.0,1.0,1.0,1.0,1.0,1.0,1.0,1.0,1.0,1.0,1.0,1.0,1.0,1.0,1.0,1.0,1.0,1.0,1.0,1.0,1.0,1.0,1.0,1.0,1.0,1.0,1.0,1.0,1.0,1.0,1.0,1.0,1.0,1.0,1.0,1.0,1.0,1.0,1.0,1.0,1.0,1.0,1.0,1.0,1.0,1.0,1.0,1.0,1.0,1.0,1.0,1.0,1.0,1.0,1.0,1.0,1.0,1.0,1.0,1.0,1.0,1.0,1.0,1.0,1.0,1.0,1.0,1.0,1.0,1.0,1.0,1.0,1.0,1.0,1.0,1.0,1.0,1.0,1.0,1.0,1.0,1.0,1.0,1.0,1.0,1.0,1.0,1.0,1.0,1.0,1.0,1.0,1.0,1.0,1.0,1.0,1.0,1.0,1.0,1.0,1.0,1.0,1.0,1.0,1.0,1.0,1.0,1.0,1.0,1.0,1.0,1.0,1.0,1.0,1.0,1.0,1.0,1.0,1.0,1.0,1.0,1.0,1.0,1.0,1.0,1.0,1.0,1.0,1.0,1.0,1.0,1.0,1.0,1.0,1.0,1.0,1.0,1.0,1.0,1.0,1.0,1.0,1.0,1.0,1.0,1.0,1.0,1.0,1.0,1.0,1.0,1.0,1.0,1.0,1.0,1.0,1.0,1.0,1.0,1.0,1.0,1.0,1.0,1.0,1.0,1.0,1.0,1.0,1.0,1.0,1.0,1.0,1.0,1.0,1.0,1.0,1.0,1.0,1.0,1.0,1.0,1.0,1.0,1.0,1.0,1.0,1.0,1.0,1.0,1.0,1.0,1.0,1.0,1.0,1.0,1.0,1.0,1.0,1.0,1.0,1.0,1.0,1.0,1.0,1.0,1.0,1.0,1.0,1.0,1.0,1.0,1.0,1.0,1.0,1.0,1.0,1.0,1.0,1.0,1.0,1.0,1.0,1.0,1.0,1.0,1.0,1.0,1.0,1.0,1.0,1.0,1.0,1.0,1.0,1.0,1.0,1.0,1.0,1.0,1.0,1.0,1.0,1.0,1.0,1.0,1.0,1.0,1.0,1.0,1.0,1.0,1.0,1.0,1.0,1.0,1.0,1.0,1.0,1.0,1.0,1.0,1.0,1.0,1.0,1.0,1.0,1.0,1.0,1.0,1.0,1.0,1.0,1.0,1.0,1.0,1.0,1.0,1.0,1.0,1.0,1.0,1.0,1.0,1.0,1.0,1.0,1.0,1.0,1.0,1.0,1.0,1.0,1.0,1.0,1.0,1.0,1.0,1.0,1.0
-0.06136282257208365,-0.06136282257208365,-0.06136282257208365,-0.06136282257208365,-0.06136282257208365,-0.06136282257208365,-0.06136282257208365,-0.06136282257208365,-0.06136282257208365,-0.06136282257208365,-0.06136282257208365,-0.06136282257208365,-0.06136282257208365,-0.06136282257208365,-0.06136282257208365,-0.06136282257208365,-0.06136282257208365,-0.06136282257208365,-0.06136282257208365,-0.06136282257208365,-0.06136282257208365,-0.06136282257208365,-0.06136282257208365,-0.06136282257208365,-0.06136282257208365,-0.06136282257208365,-0.06136282257208365,-0.06136282257208365,-0.06136282257208365,-0.06136282257208365,-0.06136282257208365,-0.06136282257208365,-0.06136282257208365,-0.06136282257208365,-0.06136282257208365,-0.06136282257208365,-0.06136282257208365,-0.06136282257208365,-0.06136282257208365,-0.06136282257208365,-0.06136282257208365,-0.06136282257208365,-0.06136282257208365,-0.06136282257208365,-0.06136282257208365,-0.06136282257208365,-0.06136282257208365,-0.06136282257208365,-0.06136282257208365,-0.06136282257208365,-0.06136282257208365,-0.06136282257208365,-0.06136282257208365,-0.06136282257208365,-0.06136282257208365,-0.06136282257208365,-0.06136282257208365,-0.06136282257208365,-0.06136282257208365,-0.06136282257208365,-0.06136282257208365,-0.06136282257208365,-0.06136282257208365,-0.06136282257208365,-0.06136282257208365,-0.06136282257208365,-0.06136282257208365,-0.06136282257208365,-0.06136282257208365,-0.06136282257208365,-0.06136282257208365,-0.06136282257208365,-0.06136282257208365,-0.06136282257208365,-0.06136282257208365,-0.06136282257208365,-0.06136282257208365,-0.06136282257208365,-0.06136282257208365,-0.06136282257208365,-0.06136282257208365,-0.06136282257208365,-0.06136282257208365,-0.06136282257208365,-0.06136282257208365,-0.06136282257208365,-0.06136282257208365,-0.06136282257208365,-0.06136282257208365,-0.06136282257208365,-0.06136282257208365,-0.06136282257208365,-0.06136282257208365,-0.06136282257208365,-0.06136282257208365,-0.06136282257208365,-0.06136282257208365,-0.06136282257208365,-0.06136282257208365,-0.06136282257208365,-0.06136282257208365,-0.06136282257208365,-0.06136282257208365,-0.06136282257208365,-0.06136282257208365,-0.06136282257208365,-0.06136282257208365,-0.06136282257208365,-0.06136282257208365,-0.06136282257208365,-0.06136282257208365,-0.06136282257208365,-0.06136282257208365,-0.06136282257208365,-0.06136282257208365,-0.06136282257208365,-0.06136282257208365,-0.06136282257208365,-0.06136282257208365,-0.06136282257208365,-0.06136282257208365,-0.06136282257208365,-0.06136282257208365,-0.06136282257208365,-0.06136282257208365,-0.06136282257208365,-0.06136282257208365,-0.06136282257208365,-0.06136282257208365,-0.06136282257208365,-0.06136282257208365,-0.06136282257208365,-0.06136282257208365,-0.06136282257208365,-0.06136282257208365,-0.06136282257208365,-0.06136282257208365,-0.06136282257208365,-0.06136282257208365,-0.06136282257208365,-0.06136282257208365,-0.06136282257208365,-0.06136282257208365,-0.06136282257208365,-0.06136282257208365,-0.06136282257208365,-0.06136282257208365,-0.06136282257208365,-0.06136282257208365,-0.06136282257208365,-0.06136282257208365,-0.06136282257208365,-0.06136282257208365,-0.06136282257208365,-0.06136282257208365,-0.06136282257208365,-0.06136282257208365,-0.06136282257208365,-0.06136282257208365,-0.06136282257208365,-0.06136282257208365,-0.06136282257208365,-0.06136282257208365,-0.06136282257208365,-0.06136282257208365,-0.06136282257208365,-0.06136282257208365,-0.06136282257208365,-0.06136282257208365,-0.06136282257208365,-0.06136282257208365,-0.06136282257208365,-0.06136282257208365,-0.06136282257208365,-0.06136282257208365,-0.06136282257208365,-0.06136282257208365,-0.06136282257208365,-0.06136282257208365,-0.06136282257208365,-0.06136282257208365,-0.06136282257208365,-0.06136282257208365,-0.06136282257208365,-0.06136282257208365,-0.06136282257208365,-0.06136282257208365,-0.06136282257208365,-0.06136282257208365,-0.06136282257208365,-0.06136282257208365,-0.06136282257208365,-0.06136282257208365,-0.06136282257208365,-0.06136282257208365,-0.06136282257208365,-0.06136282257208365,-0.06136282257208365,-0.06136282257208365,-0.06136282257208365,-0.06136282257208365,-0.06136282257208365,-0.06136282257208365,-0.06136282257208365,-0.06136282257208365,-0.06136282257208365,-0.06136282257208365,-0.06136282257208365,-0.06136282257208365,-0.06136282257208365,-0.06136282257208365,-0.06136282257208365,-0.06136282257208365,-0.06136282257208365,-0.06136282257208365,-0.06136282257208365,-0.06136282257208365,-0.06136282257208365,-0.06136282257208365,-0.06136282257208365,-0.06136282257208365,-0.06136282257208365,-0.06136282257208365,-0.06136282257208365,-0.06136282257208365,-0.06136282257208365,-0.06136282257208365,-0.06136282257208365,-0.06136282257208365,-0.06136282257208365,-0.06136282257208365,-0.06136282257208365,-0.06136282257208365,-0.06136282257208365,-0.06136282257208365,-0.06136282257208365,-0.06136282257208365,-0.06136282257208365,-0.06136282257208365,-0.06136282257208365,-0.06136282257208365,-0.06136282257208365,-0.06136282257208365,-0.06136282257208365,-0.06136282257208365,-0.06136282257208365,-0.06136282257208365,-0.06136282257208365,-0.06136282257208365,-0.06136282257208365,-0.06136282257208365,-0.06136282257208365,-0.06136282257208365,-0.06136282257208365,-0.06136282257208365,-0.06136282257208365,-0.06136282257208365,-0.06136282257208365,-0.06136282257208365,-0.06136282257208365,-0.06136282257208365,-0.06136282257208365,-0.06136282257208365,-0.06136282257208365,-0.06136282257208365,-0.06136282257208365,-0.06136282257208365,-0.06136282257208365,-0.06136282257208365,-0.06136282257208365,-0.06136282257208365,-0.06136282257208365,-0.06136282257208365,-0.06136282257208365,-0.06136282257208365,-0.06136282257208365,-0.06136282257208365,-0.06136282257208365,-0.06136282257208365,-0.06136282257208365,-0.06136282257208365,-0.06136282257208365,-0.06136282257208365,-0.06136282257208365,-0.06136282257208365,-0.06136282257208365,-0.06136282257208365,-0.06136282257208365,-0.06136282257208365,-0.06136282257208365,-0.06136282257208365,-0.06136282257208365,-0.06136282257208365,-0.06136282257208365,-0.06136282257208365,-0.06136282257208365,-0.06136282257208365,-0.06136282257208365,-0.06136282257208365,-0.06136282257208365,-0.06136282257208365,-0.06136282257208365,-0.06136282257208365,-0.06136282257208365,-0.06136282257208365,-0.06136282257208365,-0.06136282257208365,-0.06136282257208365,-0.06136282257208365,-0.06136282257208365,-0.06136282257208365,-0.06136282257208365,-0.06136282257208365,-0.06136282257208365,-0.06136282257208365,-0.06136282257208365,-0.06136282257208365,-0.06136282257208365,-0.06136282257208365,-0.06136282257208365,-0.06136282257208365,-0.06136282257208365,-0.06136282257208365,-0.06136282257208365,-0.06136282257208365,-0.06136282257208365,-0.06136282257208365,-0.06136282257208365,-0.06136282257208365,-0.06136282257208365,-0.06136282257208365,-0.06136282257208365,-0.06136282257208365,-0.06136282257208365,-0.06136282257208365,-0.06136282257208365,-0.06136282257208365,-0.06136282257208365,-0.06136282257208365,-0.06136282257208365,-0.06136282257208365,-0.06136282257208365,-0.06136282257208365,-0.06136282257208365,-0.06136282257208365,-0.06136282257208365,-0.06136282257208365,-0.06136282257208365,-0.06136282257208365,-0.06136282257208365,-0.06136282257208365,-0.06136282257208365,-0.06136282257208365,-0.06136282257208365,-0.06136282257208365,-0.06136282257208365,-0.06136282257208365,-0.06136282257208365,-0.06136282257208365,-0.06136282257208365,-0.06136282257208365,-0.06136282257208365,-0.06136282257208365,-0.06136282257208365,-0.06136282257208365,-0.06136282257208365,-0.06136282257208365,-0.06136282257208365,-0.06136282257208365,-0.06136282257208365,-0.06136282257208365,-0.06136282257208365,-0.06136282257208365,-0.06136282257208365,-0.06136282257208365,-0.06136282257208365,-0.06136282257208365,-0.06136282257208365,-0.06136282257208365,-0.06136282257208365,-0.06136282257208365
-0.4442767514388153,-0.4442767514388153,-0.4442767514388153,-0.4442767514388153,-0.4442767514388153,-0.4442767514388153,-0.4442767514388153,-0.4442767514388153,-0.4442767514388153,-0.4442767514388153,-0.4442767514388153,-0.4442767514388153,-0.4442767514388153,-0.4442767514388153,-0.4442767514388153,-0.4442767514388153,-0.4442767514388153,-0.4442767514388153,-0.4442767514388153,-0.4442767514388153,-0.4442767514388153,-0.4442767514388153,-0.4442767514388153,-0.4442767514388153,-0.4442767514388153,-0.4442767514388153,-0.4442767514388153,-0.4442767514388153,-0.4442767514388153,-0.4442767514388153,-0.4442767514388153,-0.4442767514388153,-0.4442767514388153,-0.4442767514388153,-0.4442767514388153,-0.4442767514388153,-0.4442767514388153,-0.4442767514388153,-0.4442767514388153,-0.4442767514388153,-0.4442767514388153,-0.4442767514388153,-0.4442767514388153,-0.4442767514388153,-0.4442767514388153,-0.4442767514388153,-0.4442767514388153,-0.4442767514388153,-0.4442767514388153,-0.4442767514388153,-0.4442767514388153,-0.4442767514388153,-0.4442767514388153,-0.4442767514388153,-0.4442767514388153,-0.4442767514388153,-0.4442767514388153,-0.4442767514388153,-0.4442767514388153,-0.4442767514388153,-0.4442767514388153,-0.4442767514388153,-0.4442767514388153,-0.4442767514388153,-0.4442767514388153,-0.4442767514388153,-0.4442767514388153,-0.4442767514388153,-0.4442767514388153,-0.4442767514388153,-0.4442767514388153,-0.4442767514388153,-0.4442767514388153,-0.4442767514388153,-0.4442767514388153,-0.4442767514388153,-0.4442767514388153,-0.4442767514388153,-0.4442767514388153,-0.4442767514388153,-0.4442767514388153,-0.4442767514388153,-0.4442767514388153,-0.4442767514388153,-0.4442767514388153,-0.4442767514388153,-0.4442767514388153,-0.4442767514388153,-0.4442767514388153,-0.4442767514388153,-0.4442767514388153,-0.4442767514388153,-0.4442767514388153,-0.4442767514388153,-0.4442767514388153,-0.4442767514388153,-0.4442767514388153,-0.4442767514388153,-0.4442767514388153,-0.4442767514388153,-0.4442767514388153,-0.4442767514388153,-0.4442767514388153,-0.4442767514388153,-0.4442767514388153,-0.4442767514388153,-0.4442767514388153,-0.4442767514388153,-0.4442767514388153,-0.4442767514388153,-0.4442767514388153,-0.4442767514388153,-0.4442767514388153,-0.4442767514388153,-0.4442767514388153,-0.4442767514388153,-0.4442767514388153,-0.4442767514388153,-0.4442767514388153,-0.4442767514388153,-0.4442767514388153,-0.4442767514388153,-0.4442767514388153,-0.4442767514388153,-0.4442767514388153,-0.4442767514388153,-0.4442767514388153,-0.4442767514388153,-0.4442767514388153,-0.4442767514388153,-0.4442767514388153,-0.4442767514388153,-0.4442767514388153,-0.4442767514388153,-0.4442767514388153,-0.4442767514388153,-0.4442767514388153,-0.4442767514388153,-0.4442767514388153,-0.4442767514388153,-0.4442767514388153,-0.4442767514388153,-0.4442767514388153,-0.4442767514388153,-0.4442767514388153,-0.4442767514388153,-0.4442767514388153,-0.4442767514388153,-0.4442767514388153,-0.4442767514388153,-0.4442767514388153,-0.4442767514388153,-0.4442767514388153,-0.4442767514388153,-0.4442767514388153,-0.4442767514388153,-0.4442767514388153,-0.4442767514388153,-0.4442767514388153,-0.4442767514388153,-0.4442767514388153,-0.4442767514388153,-0.4442767514388153,-0.4442767514388153,-0.4442767514388153,-0.4442767514388153,-0.4442767514388153,-0.4442767514388153,-0.4442767514388153,-0.4442767514388153,-0.4442767514388153,-0.4442767514388153,-0.4442767514388153,-0.4442767514388153,-0.4442767514388153,-0.4442767514388153,-0.4442767514388153,-0.4442767514388153,-0.4442767514388153,-0.4442767514388153,-0.4442767514388153,-0.4442767514388153,-0.4442767514388153,-0.4442767514388153,-0.4442767514388153,-0.4442767514388153,-0.4442767514388153,-0.4442767514388153,-0.4442767514388153,-0.4442767514388153,-0.4442767514388153,-0.4442767514388153,-0.4442767514388153,-0.4442767514388153,-0.4442767514388153,-0.4442767514388153,-0.4442767514388153,-0.4442767514388153,-0.4442767514388153,-0.4442767514388153,-0.4442767514388153,-0.4442767514388153,-0.4442767514388153,-0.4442767514388153,-0.4442767514388153,-0.4442767514388153,-0.4442767514388153,-0.4442767514388153,-0.4442767514388153,-0.4442767514388153,-0.4442767514388153,-0.4442767514388153,-0.4442767514388153,-0.4442767514388153,-0.4442767514388153,-0.4442767514388153,-0.4442767514388153,-0.4442767514388153,-0.4442767514388153,-0.4442767514388153,-0.4442767514388153,-0.4442767514388153,-0.4442767514388153,-0.4442767514388153,-0.4442767514388153,-0.4442767514388153,-0.4442767514388153,-0.4442767514388153,-0.4442767514388153,-0.4442767514388153,-0.4442767514388153,-0.4442767514388153,-0.4442767514388153,-0.4442767514388153,-0.4442767514388153,-0.4442767514388153,-0.4442767514388153,-0.4442767514388153,-0.4442767514388153,-0.4442767514388153,-0.4442767514388153,-0.4442767514388153,-0.4442767514388153,-0.4442767514388153,-0.4442767514388153,-0.4442767514388153,-0.4442767514388153,-0.4442767514388153,-0.4442767514388153,-0.4442767514388153,-0.4442767514388153,-0.4442767514388153,-0.4442767514388153,-0.4442767514388153,-0.4442767514388153,-0.4442767514388153,-0.4442767514388153,-0.4442767514388153,-0.4442767514388153,-0.4442767514388153,-0.4442767514388153,-0.4442767514388153,-0.4442767514388153,-0.4442767514388153,-0.4442767514388153,-0.4442767514388153,-0.4442767514388153,-0.4442767514388153,-0.4442767514388153,-0.4442767514388153,-0.4442767514388153,-0.4442767514388153,-0.4442767514388153,-0.4442767514388153,-0.4442767514388153,-0.4442767514388153,-0.4442767514388153,-0.4442767514388153,-0.4442767514388153,-0.4442767514388153,-0.4442767514388153,-0.4442767514388153,-0.4442767514388153,-0.4442767514388153,-0.4442767514388153,-0.4442767514388153,-0.4442767514388153,-0.4442767514388153,-0.4442767514388153,-0.4442767514388153,-0.4442767514388153,-0.4442767514388153,-0.4442767514388153,-0.4442767514388153,-0.4442767514388153,-0.4442767514388153,-0.4442767514388153,-0.4442767514388153,-0.4442767514388153,-0.4442767514388153,-0.4442767514388153,-0.4442767514388153,-0.4442767514388153,-0.4442767514388153,-0.4442767514388153,-0.4442767514388153,-0.4442767514388153,-0.4442767514388153,-0.4442767514388153,-0.4442767514388153,-0.4442767514388153,-0.4442767514388153,-0.4442767514388153,-0.4442767514388153,-0.4442767514388153,-0.4442767514388153,-0.4442767514388153,-0.4442767514388153,-0.4442767514388153,-0.4442767514388153,-0.4442767514388153,-0.4442767514388153,-0.4442767514388153,-0.4442767514388153,-0.4442767514388153,-0.4442767514388153,-0.4442767514388153,-0.4442767514388153,-0.4442767514388153,-0.4442767514388153,-0.4442767514388153,-0.4442767514388153,-0.4442767514388153,-0.4442767514388153,-0.4442767514388153,-0.4442767514388153,-0.4442767514388153,-0.4442767514388153,-0.4442767514388153,-0.4442767514388153,-0.4442767514388153,-0.4442767514388153,-0.4442767514388153,-0.4442767514388153,-0.4442767514388153,-0.4442767514388153,-0.4442767514388153,-0.4442767514388153,-0.4442767514388153,-0.4442767514388153,-0.4442767514388153,-0.4442767514388153,-0.4442767514388153,-0.4442767514388153,-0.4442767514388153,-0.4442767514388153,-0.4442767514388153,-0.4442767514388153,-0.4442767514388153,-0.4442767514388153,-0.4442767514388153,-0.4442767514388153,-0.4442767514388153,-0.4442767514388153,-0.4442767514388153,-0.4442767514388153,-0.4442767514388153,-0.4442767514388153,-0.4442767514388153,-0.4442767514388153,-0.4442767514388153,-0.4442767514388153,-0.4442767514388153,-0.4442767514388153,-0.4442767514388153,-0.4442767514388153,-0.4442767514388153,-0.4442767514388153,-0.4442767514388153,-0.4442767514388153,-0.4442767514388153
-0.6029548755238772,-0.6029548755238772,-0.6029548755238772,-0.6029548755238772,-0.6029548755238772,-0.6029548755238772,-0.6029548755238772,-0.6029548755238772,-0.6029548755238772,-0.6029548755238772,-0.6029548755238772,-0.6029548755238772,-0.6029548755238772,-0.6029548755238772,-0.6029548755238772,-0.6029548755238772,-0.6029548755238772,-0.6029548755238772,-0.6029548755238772,-0.6029548755238772,-0.6029548755238772,-0.6029548755238772,-0.6029548755238772,-0.6029548755238772,-0.6029548755238772,-0.6029548755238772,-0.6029548755238772,-0.6029548755238772,-0.6029548755238772,-0.6029548755238772,-0.6029548755238772,-0.6029548755238772,-0.6029548755238772,-0.6029548755238772,-0.6029548755238772,-0.6029548755238772,-0.6029548755238772,-0.6029548755238772,-0.6029548755238772,-0.6029548755238772,-0.6029548755238772,-0.6029548755238772,-0.6029548755238772,-0.6029548755238772,-0.6029548755238772,-0.6029548755238772,-0.6029548755238772,-0.6029548755238772,-0.6029548755238772,-0.6029548755238772,-0.6029548755238772,-0.6029548755238772,-0.6029548755238772,-0.6029548755238772,-0.6029548755238772,-0.6029548755238772,-0.6029548755238772,-0.6029548755238772,-0.6029548755238772,-0.6029548755238772,-0.6029548755238772,-0.6029548755238772,-0.6029548755238772,-0.6029548755238772,-0.6029548755238772,-0.6029548755238772,-0.6029548755238772,-0.6029548755238772,-0.6029548755238772,-0.6029548755238772,-0.6029548755238772,-0.6029548755238772,-0.6029548755238772,-0.6029548755238772,-0.6029548755238772,-0.6029548755238772,-0.6029548755238772,-0.6029548755238772,-0.6029548755238772,-0.6029548755238772,-0.6029548755238772,-0.6029548755238772,-0.6029548755238772,-0.6029548755238772,-0.6029548755238772,-0.6029548755238772,-0.6029548755238772,-0.6029548755238772,-0.6029548755238772,-0.6029548755238772,-0.6029548755238772,-0.6029548755238772,-0.6029548755238772,-0.6029548755238772,-0.6029548755238772,-0.6029548755238772,-0.6029548755238772,-0.6029548755238772,-0.6029548755238772,-0.6029548755238772,-0.6029548755238772,-0.6029548755238772,-0.6029548755238772,-0.6029548755238772,-0.6029548755238772,-0.6029548755238772,-0.6029548755238772,-0.6029548755238772,-0.6029548755238772,-0.6029548755238772,-0.6029548755238772,-0.6029548755238772,-0.6029548755238772,-0.6029548755238772,-0.6029548755238772,-0.6029548755238772,-0.6029548755238772,-0.6029548755238772,-0.6029548755238772,-0.6029548755238772,-0.6029548755238772,-0.6029548755238772,-0.6029548755238772,-0.6029548755238772,-0.6029548755238772,-0.6029548755238772,-0.6029548755238772,-0.6029548755238772,-0.6029548755238772,-0.6029548755238772,-0.6029548755238772,-0.6029548755238772,-0.6029548755238772,-0.6029548755238772,-0.6029548755238772,-0.6029548755238772,-0.6029548755238772,-0.6029548755238772,-0.6029548755238772,-0.6029548755238772,-0.6029548755238772,-0.6029548755238772,-0.6029548755238772,-0.6029548755238772,-0.6029548755238772,-0.6029548755238772,-0.6029548755238772,-0.6029548755238772,-0.6029548755238772,-0.6029548755238772,-0.6029548755238772,-0.6029548755238772,-0.6029548755238772,-0.6029548755238772,-0.6029548755238772,-0.6029548755238772,-0.6029548755238772,-0.6029548755238772,-0.6029548755238772,-0.6029548755238772,-0.6029548755238772,-0.6029548755238772,-0.6029548755238772,-0.6029548755238772,-0.6029548755238772,-0.6029548755238772,-0.6029548755238772,-0.6029548755238772,-0.6029548755238772,-0.6029548755238772,-0.6029548755238772,-0.6029548755238772,-0.6029548755238772,-0.6029548755238772,-0.6029548755238772,-0.6029548755238772,-0.6029548755238772,-0.6029548755238772,-0.6029548755238772,-0.6029548755238772,-0.6029548755238772,-0.6029548755238772,-0.6029548755238772,-0.6029548755238772,-0.6029548755238772,-0.6029548755238772,-0.6029548755238772,-0.6029548755238772,-0.6029548755238772,-0.6029548755238772,-0.6029548755238772,-0.6029548755238772,-0.6029548755238772,-0.6029548755238772,-0.6029548755238772,-0.6029548755238772,-0.6029548755238772,-0.6029548755238772,-0.6029548755238772,-0.6029548755238772,-0.6029548755238772,-0.6029548755238772,-0.6029548755238772,-0.6029548755238772,-0.6029548755238772,-0.6029548755238772,-0.6029548755238772,-0.6029548755238772,-0.6029548755238772,-0.6029548755238772,-0.6029548755238772,-0.6029548755238772,-0.6029548755238772,-0.6029548755238772,-0.6029548755238772,-0.6029548755238772,-0.6029548755238772,-0.6029548755238772,-0.6029548755238772,-0.6029548755238772,-0.6029548755238772,-0.6029548755238772,-0.6029548755238772,-0.6029548755238772,-0.6029548755238772,-0.6029548755238772,-0.6029548755238772,-0.6029548755238772,-0.6029548755238772,-0.6029548755238772,-0.6029548755238772,-0.6029548755238772,-0.6029548755238772,-0.6029548755238772,-0.6029548755238772,-0.6029548755238772,-0.6029548755238772,-0.6029548755238772,-0.6029548755238772,-0.6029548755238772,-0.6029548755238772,-0.6029548755238772,-0.6029548755238772,-0.6029548755238772,-0.6029548755238772,-0.6029548755238772,-0.6029548755238772,-0.6029548755238772,-0.6029548755238772,-0.6029548755238772,-0.6029548755238772,-0.6029548755238772,-0.6029548755238772,-0.6029548755238772,-0.6029548755238772,-0.6029548755238772,-0.6029548755238772,-0.6029548755238772,-0.6029548755238772,-0.6029548755238772,-0.6029548755238772,-0.6029548755238772,-0.6029548755238772,-0.6029548755238772,-0.6029548755238772,-0.6029548755238772,-0.6029548755238772,-0.6029548755238772,-0.6029548755238772,-0.6029548755238772,-0.6029548755238772,-0.6029548755238772,-0.6029548755238772,-0.6029548755238772,-0.6029548755238772,-0.6029548755238772,-0.6029548755238772,-0.6029548755238772,-0.6029548755238772,-0.6029548755238772,-0.6029548755238772,-0.6029548755238772,-0.6029548755238772,-0.6029548755238772,-0.6029548755238772,-0.6029548755238772,-0.6029548755238772,-0.6029548755238772,-0.6029548755238772,-0.6029548755238772,-0.6029548755238772,-0.6029548755238772,-0.6029548755238772,-0.6029548755238772,-0.6029548755238772,-0.6029548755238772,-0.6029548755238772,-0.6029548755238772,-0.6029548755238772,-0.6029548755238772,-0.6029548755238772,-0.6029548755238772,-0.6029548755238772,-0.6029548755238772,-0.6029548755238772,-0.6029548755238772,-0.6029548755238772,-0.6029548755238772,-0.6029548755238772,-0.6029548755238772,-0.6029548755238772,-0.6029548755238772,-0.6029548755238772,-0.6029548755238772,-0.6029548755238772,-0.6029548755238772,-0.6029548755238772,-0.6029548755238772,-0.6029548755238772,-0.6029548755238772,-0.6029548755238772,-0.6029548755238772,-0.6029548755238772,-0.6029548755238772,-0.6029548755238772,-0.6029548755238772,-0.6029548755238772,-0.6029548755238772,-0.6029548755238772,-0.6029548755238772,-0.6029548755238772,-0.6029548755238772,-0.6029548755238772,-0.6029548755238772,-0.6029548755238772,-0.6029548755238772,-0.6029548755238772,-0.6029548755238772,-0.6029548755238772,-0.6029548755238772,-0.6029548755238772,-0.6029548755238772,-0.6029548755238772,-0.6029548755238772,-0.6029548755238772,-0.6029548755238772,-0.6029548755238772,-0.6029548755238772,-0.6029548755238772,-0.6029548755238772,-0.6029548755238772,-0.6029548755238772,-0.6029548755238772,-0.6029548755238772,-0.6029548755238772,-0.6029548755238772,-0.6029548755238772,-0.6029548755238772,-0.6029548755238772,-0.6029548755238772,-0.6029548755238772,-0.6029548755238772,-0.6029548755238772,-0.6029548755238772,-0.6029548755238772,-0.6029548755238772,-0.6029548755238772,-0.6029548755238772,-0.6029548755238772,-0.6029548755238772,-0.6029548755238772,-0.6029548755238772,-0.6029548755238772,-0.6029548755238772,-0.6029548755238772,-0.6029548755238772,-0.6029548755238772,-0.6029548755238772,-0.6029548755238772,-0.6029548755238772,-0.6029548755238772
1.0,1.0,1.0,1.0,1.0,1.0,1.0,1.0,1.0,1.0,1.0,1.0,1.0,1.0,1.0,1.0,1.0,1.0,1.0,1.0,1.0,1.0,1.0,1.0,1.0,1.0,1.0,1.0,1.0,1.0,1.0,1.0,1.0,1.0,1.0,1.0,1.0,1.0,1.0,1.0,1.0,1.0,1.0,1.0,1.0,1.0,1.0,1.0,1.0,1.0,1.0,1.0,1.0,1.0,1.0,1.0,1.0,1.0,1.0,1.0,1.0,1.0,1.0,1.0,1.0,1.0,1.0,1.0,1.0,1.0,1.0,1.0,1.0,1.0,1.0,1.0,1.0,1.0,1.0,1.0,1.0,1.0,1.0,1.0,1.0,1.0,1.0,1.0,1.0,1.0,1.0,1.0,1.0,1.0,1.0,1.0,1.0,1.0,1.0,1.0,1.0,1.0,1.0,1.0,1.0,1.0,1.0,1.0,1.0,1.0,1.0,1.0,1.0,1.0,1.0,1.0,1.0,1.0,1.0,1.0,1.0,1.0,1.0,1.0,1.0,1.0,1.0,1.0,1.0,1.0,1.0,1.0,1.0,1.0,1.0,1.0,1.0,1.0,1.0,1.0,1.0,1.0,1.0,1.0,1.0,1.0,1.0,1.0,1.0,1.0,1.0,1.0,1.0,1.0,1.0,1.0,1.0,1.0,1.0,1.0,1.0,1.0,1.0,1.0,1.0,1.0,1.0,1.0,1.0,1.0,1.0,1.0,1.0,1.0,1.0,1.0,1.0,1.0,1.0,1.0,1.0,1.0,1.0,1.0,1.0,1.0,1.0,1.0,1.0,1.0,1.0,1.0,1.0,1.0,1.0,1.0,1.0,1.0,1.0,1.0,1.0,1.0,1.0,1.0,1.0,1.0,1.0,1.0,1.0,1.0,1.0,1.0,1.0,1.0,1.0,1.0,1.0,1.0,1.0,1.0,1.0,1.0,1.0,1.0,1.0,1.0,1.0,1.0,1.0,1.0,1.0,1.0,1.0,1.0,1.0,1.0,1.0,1.0,1.0,1.0,1.0,1.0,1.0,1.0,1.0,1.0,1.0,1.0,1.0,1.0,1.0,1.0,1.0,1.0,1.0,1.0,1.0,1.0,1.0,1.0,1.0,1.0,1.0,1.0,1.0,1.0,1.0,1.0,1.0,1.0,1.0,1.0,1.0,1.0,1.0,1.0,1.0,1.0,1.0,1.0,1.0,1.0,1.0,1.0,1.0,1.0,1.0,1.0,1.0,1.0,1.0,1.0,1.0,1.0,1.0,1.0,1.0,1.0,1.0,1.0,1.0,1.0,1.0,1.0,1.0,1.0,1.0,1.0,1.0,1.0,1.0,1.0,1.0,1.0,1.0,1.0,1.0,1.0,1.0,1.0,1.0,1.0,1.0,1.0,1.0,1.0,1.0,1.0,1.0,1.0,1.0,1.0,1.0,1.0,1.0,1.0,1.0,1.0,1.0,1.0,1.0,1.0,1.0,1.0,1.0,1.0,1.0,1.0,1.0,1.0,1.0,1.0,1.0,1.0,1.0,1.0,1.0,1.0,1.0,1.0,1.0,1.0,1.0,1.0,1.0,1.0,1.0,1.0,1.0,1.0,1.0,1.0,1.0,1.0,1.0,1.0,1.0,1.0,1.0,1.0,1.0
1.0,1.0,1.0,1.0,1.0,1.0,1.0,1.0,1.0,1.0,1.0,1.0,1.0,1.0,1.0,1.0,1.0,1.0,1.0,1.0,1.0,1.0,1.0,1.0,1.0,1.0,1.0,1.0,1.0,1.0,1.0,1.0,1.0,1.0,1.0,1.0,1.0,1.0,1.0,1.0,1.0,1.0,1.0,1.0,1.0,1.0,1.0,1.0,1.0,1.0,1.0,1.0,1.0,1.0,1.0,1.0,1.0,1.0,1.0,1.0,1.0,1.0,1.0,1.0,1.0,1.0,-1.0,-1.0,-1.0,1.0,1.0,-1.0,1.0,-1.0,-1.0,-1.0,1.0,-1.0,-1.0,1.0,1.0,1.0,1.0,1.0,1.0,1.0,1.0,1.0,1.0,-1.0,-1.0,-1.0,-1.0,1.0,1.0,1.0,1.0,1.0,1.0,1.0,1.0,1.0,1.0,1.0,1.0,1.0,1.0,1.0,1.0,1.0,1.0,1.0,1.0,-1.0,-1.0,1.0,-1.0,-1.0,1.0,1.0,-1.0,-1.0,-1.0,-1.0,-1.0,1.0,1.0,-1.0,-1.0,-1.0,-1.0,-1.0,-1.0,-1.0,-1.0,-1.0,-1.0,-1.0,-1.0,-1.0,-1.0,-1.0,-1.0,-1.0,-1.0,-1.0,-1.0,1.0,1.0,1.0,1.0,-1.0,1.0,1.0,1.0,1.0,1.0,1.0,1.0,1.0,1.0,-1.0,-1.0,-1.0,1.0,-1.0,-1.0,1.0,1.0,-1.0,-1.0,1.0,1.0,-1.0,-1.0,1.0,1.0,1.0,-1.0,-1.0,-1.0,-1.0,1.0,1.0,-1.0,1.0,-1.0,1.0,-1.0,-1.0,1.0,1.0,-1.0,1.0,-1.0,1.0,1.0,1.0,-1.0,1.0,-1.0,1.0,1.0,1.0,-1.0,1.0,-1.0,1.0,-1.0,1.0,-1.0,1.0,-1.0,1.0,-1.0,1.0,1.0,1.0,-1.0,1.0,-1.0,1.0,1.0,1.0,-1.0,1.0,-1.0,1.0,1.0,1.0,-1.0,1.0,-1.0,1.0,1.0,1.0,-1.0,1.0,-1.0,1.0,1.0,1.0,-1.0,1.0,-1.0,1.0,1.0,1.0,-1.0,1.0,-1.0,1.0,-1.0,-1.0,1.0,1.0,-1.0,1.0,-1.0,1.0,-1.0,-1.0,1.0,1.0,-1.0,1.0,-1.0,1.0,-1.0,-1.0,1.0,1.0,-1.0,1.0,-1.0,1.0,-1.0,-1.0,1.0,1.0,-1.0,1.0,-1.0,1.0,1.0,-1.0,-1.0,-1.0,1.0,-1.0,1.0,1.0,-1.0,-1.0,-1.0,1.0,-1.0,1.0,1.0,-1.0,-1.0,-1.0,-1.0,1.0,-1.0,1.0,1.0,-1.0,-1.0,-1.0,-1.0,1.0,-1.0,1.0,-1.0,-1.0,1.0,-1.0,1.0,-1.0,1.0,-1.0,1.0,-1.0,-1.0,-1.0,1.0,1.0,-1.0,1.0,1.0,1.0,1.0,1.0,1.0,1.0,1.0,1.0,1.0,1.0,1.0,-1.0,1.0,1.0,1.0,1.0,1.0,1.0,1.0,1.0,1.0,1.0,-1.0,1.0,1.0,1.0,1.0,1.0,1.0,1.0,1.0,-1.0,1.0,1.0,1.0,1.0,1.0,1.0,1.0,-1.0,1.0,1.0,1.0,1.0,-1.0,-1.0,-1.0,-1.0,-1.0,-1.0,-1.0
-1.0,-1.0,-1.0,-1.0,-1.0,-1.0,-1.0,-1.0,-1.0,-1.0,-1.0,-1.0,-1.0,-1.0,-1.0,-1.0,-1.0,-1.0,-1.0,-1.0,-1.0,-1.0,-1.0,-1.0,-1.0,-1.0,-1.0,-1.0,-1.0,-1.0,-1.0,-1.0,-1.0,-1.0,-1.0,-1.0,-1.0,-1.0,-1.0,-1.0,-1.0,-1.0,-1.0,-1.0,-1.0,-1.0,-1.0,-1.0,-1.0,-1.0,-1.0,-1.0,-1.0,-1.0,-1.0,-1.0,-1.0,-1.0,-1.0,-1.0,-1.0,-1.0,-1.0,-1.0,-1.0,-1.0,-1.0,1.0,-1.0,-1.0,-1.0,-1.0,-1.0,-1.0,-1.0,-1.0,-1.0,-1.0,-1.0,1.0,1.0,1.0,1.0,1.0,1.0,1.0,1.0,1.0,1.0,-1.0,-1.0,-1.0,-1.0,1.0,1.0,1.0,1.0,1.0,1.0,1.0,1.0,1.0,1.0,1.0,1.0,1.0,1.0,1.0,1.0,1.0,1.0,1.0,1.0,-1.0,-1.0,-1.0,-1.0,-1.0,-1.0,-1.0,-1.0,-1.0,-1.0,-1.0,-1.0,-1.0,-1.0,-1.0,-1.0,1.0,1.0,-1.0,1.0,1.0,-1.0,-1.0,1.0,-1.0,-1.0,-1.0,-1.0,-1.0,-1.0,1.0,-1.0,1.0,1.0,-1.0,-1.0,-1.0,-1.0,-1.0,-1.0,-1.0,-1.0,-1.0,-1.0,-1.0,-1.0,-1.0,-1.0,-1.0,-1.0,1.0,-1.0,-1.0,-1.0,-1.0,-1.0,-1.0,-1.0,-1.0,-1.0,-1.0,-1.0,-1.0,-1.0,-1.0,-1.0,-1.0,-1.0,-1.0,-1.0,-1.0,-1.0,-1.0,-1.0,-1.0,-1.0,-1.0,-1.0,-1.0,-1.0,-1.0,-1.0,-1.0,-1.0,-1.0,-1.0,-1.0,-1.0,-1.0,-1.0,-1.0,-1.0,-1.0,-1.0,-1.0,-1.0,-1.0,-1.0,-1.0,-1.0,-1.0,-1.0,-1.0,-1.0,-1.0,-1.0,-1.0,-1.0,-1.0,-1.0,-1.0,-1.0,-1.0,-1.0,-1.0,-1.0,-1.0,-1.0,-1.0,-1.0,-1.0,-1.0,-1.0,-1.0,-1.0,-1.0,-1.0,-1.0,-1.0,-1.0,-1.0,-1.0,-1.0,-1.0,-1.0,-1.0,-1.0,-1.0,-1.0,-1.0,-1.0,-1.0,-1.0,-1.0,-1.0,-1.0,-1.0,-1.0,-1.0,-1.0,-1.0,-1.0,-1.0,-1.0,-1.0,-1.0,-1.0,-1.0,-1.0,-1.0,-1.0,-1.0,-1.0,-1.0,-1.0,-1.0,-1.0,-1.0,-1.0,-1.0,-1.0,-1.0,-1.0,-1.0,-1.0,-1.0,-1.0,-1.0,-1.0,-1.0,-1.0,-1.0,-1.0,-1.0,-1.0,-1.0,-1.0,-1.0,-1.0,-1.0,-1.0,-1.0,-1.0,-1.0,-1.0,-1.0,-1.0,-1.0,-1.0,-1.0,-1.0,-1.0,-1.0,-1.0,-1.0,-1.0,-1.0,-1.0,-1.0,-1.0,-1.0,-1.0,1.0,-1.0,-1.0,-1.0,-1.0,-1.0,-1.0,-1.0,-1.0,-1.0,-1.0,-1.0,-1.0,-1.0,-1.0,-1.0,-1.0,-1.0,-1.0,-1.0,-1.0,-1.0,-1.0,-1.0,-1.0,-1.0,-1.0,-1.0,-1.0,-1.0,-1.0,-1.0,-1.0,-1.0,-1.0,-1.0,-1.0,-1.0,-1.0,-1.0,-1.0,-1.0,-1.0,-1.0,-1.0,-1.0,-1.0,-1.0,-1.0,1.0,-1.0,-1.0,-1.0,-1.0,1.0,-1.0
-1.0,-1.0,-1.0,-1.0,-1.0,-1.0,-1.0,-1.0,-1.0,-1.0,-1.0,-1.0,-1.0,-1.0,-1.0,-1.0,-1.0,-1.0,-1.0,-1.0,-1.0,-1.0,-1.0,-1.0,-1.0,-1.0,-1.0,-1.0,-1.0,-1.0,-1.0,-1.0,-1.0,-1.0,-1.0,-1.0,-1.0,-1.0,-1.0,-1.0,-1.0,-1.0,-1.0,-1.0,-1.0,-1.0,-1.0,-1.0,-1.0,-1.0,-1.0,-1.0,-1.0,-1.0,-1.0,-1.0,-1.0,-1.0,-1.0,-1.0,-1.0,-1.0,-1.0,-1.0,-1.0,-1.0,-1.0,-1.0,-1.0,-1.0,-1.0,-1.0,-1.0,-1.0,-1.0,-1.0,-1.0,-1.0,-1.0,-1.0,-1.0,-1.0,-1.0,-1.0,-1.0,-1.0,-1.0,-1.0,-1.0,-1.0,-1.0,-1.0,-1.0,-1.0,-1.0,-1.0,-1.0,-1.0,-1.0,-1.0,-1.0,-1.0,-1.0,-1.0,-1.0,-1.0,-1.0,-1.0,-1.0,-1.0,-1.0,-1.0,-1.0,-1.0,-1.0,-1.0,-1.0,-1.0,-1.0,-1.0,-1.0,-1.0,-1.0,-1.0,-1.0,-1.0,-1.0,-1.0,-1.0,-1.0,-1.0,-1.0,-1.0,-1.0,-1.0,-1.0,-1.0,-1.0,-1.0,-1.0,-1.0,-1.0,-1.0,-1.0,-1.0,-1.0,-1.0,-1.0,-1.0,-1.0,-1.0,-1.0,-1.0,-1.0,-1.0,-1.0,-1.0,-1.0,-1.0,-1.0,-1.0,-1.0,-1.0,-1.0,-1.0,-1.0,-1.0,-1.0,-1.0,-1.0,-1.0,-1.0,-1.0,-1.0,-1.0,-1.0,-1.0,-1.0,-1.0,-1.0,-1.0,-1.0,-1.0,-1.0,-1.0,-1.0,-1.0,-1.0,-1.0,-1.0,-1.0,-1.0,-1.0,-1.0,-1.0,-1.0,-1.0,-1.0,-1.0,-1.0,-1.0,-1.0,-1.0,-1.0,-1.0,-1.0,-1.0,-1.0,-1.0,-1.0,-1.0,-1.0,-1.0,-1.0,-1.0,-1.0,-1.0,-1.0,-1.0,-1.0,-1.0,-1.0,-1.0,-1.0,-1.0,-1.0,-1.0,-1.0,-1.0,-1.0,-1.0,-1.0,-1.0,-1.0,-1.0,-1.0,-1.0,-1.0,-1.0,-1.0,-1.0,-1.0,-1.0,-1.0,-1.0,-1.0,-1.0,-1.0,-1.0,-1.0,-1.0,-1.0,-1.0,-1.0,-1.0,-1.0,-1.0,-1.0,-1.0,-1.0,-1.0,-1.0,-1.0,-1.0,-1.0,-1.0,-1.0,-1.0,-1.0,-1.0,-1.0,-1.0,-1.0,-1.0,-1.0,-1.0,-1.0,-1.0,-1.0,-1.0,-1.0,-1.0,-1.0,-1.0,-1.0,-1.0,-1.0,-1.0,-1.0,-1.0,-1.0,-1.0,-1.0,-1.0,-1.0,-1.0,-1.0,-1.0,-1.0,-1.0,-1.0,-1.0,-1.0,-1.0,-1.0,-1.0,-1.0,-1.0,-1.0,-1.0,-1.0,-1.0,-1.0,-1.0,-1.0,-1.0,-1.0,-1.0,-1.0,-1.0,-1.0,-1.0,-1.0,-1.0,-1.0,-1.0,-1.0,-1.0,-1.0,-1.0,-1.0,-1.0,-1.0,-1.0,-1.0,-1.0,-1.0,-1.0,-1.0,-1.0,-1.0,-1.0,-1.0,-1.0,-1.0,-1.0,-1.0,-1.0,-1.0,-1.0,-1.0,-1.0,-1.0,-1.0,-1.0,-1.0,-1.0,-1.0,-1.0,-1.0,-1.0,-1.0,-1.0,-1.0,-1.0,-1.0,-1.0,-1.0,-1.0,-1.0,-1.0,-1.0,-1.0,-1.0,-1.0,-1.0,-1.0,-1.0,-1.0,-1.0,-1.0
-1.0,-1.0,-1.0,-1.0,-1.0,-1.0,-1.0,-1.0,-1.0,-1.0,-1.0,-1.0,-1.0,-1.0,-1.0,-1.0,-1.0,-1.0,-1.0,-1.0,-1.0,-1.0,-1.0,-1.0,-1.0,-1.0,-1.0,-1.0,-1.0,-1.0,-1.0,-1.0,-1.0,-1.0,-1.0,-1.0,-1.0,-1.0,-1.0,-1.0,-1.0,-1.0,-1.0,-1.0,-1.0,-1.0,-1.0,-1.0,-1.0,-1.0,-1.0,-1.0,-1.0,-1.0,-1.0,-1.0,-1.0,-1.0,-1.0,-1.0,-1.0,-1.0,-1.0,-1.0,-1.0,-1.0,-1.0,-1.0,-1.0,-1.0,-1.0,-1.0,-1.0,-1.0,-1.0,-1.0,-1.0,-1.0,-1.0,-1.0,-1.0,-1.0,-1.0,-1.0,-1.0,-1.0,-1.0,-1.0,-1.0,-1.0,-1.0,-1.0,-1.0,-1.0,-1.0,-1.0,-1.0,-1.0,-1.0,-1.0,-1.0,-1.0,-1.0,-1.0,-1.0,-1.0,-1.0,-1.0,-1.0,-1.0,-1.0,-1.0,-1.0,-1.0,-1.0,-1.0,-1.0,-1.0,-1.0,-1.0,-1.0,-1.0,-1.0,-1.0,-1.0,-1.0,-1.0,-1.0,-1.0,-1.0,-1.0,-1.0,-1.0,-1.0,-1.0,-1.0,-1.0,-1.0,-1.0,-1.0,-1.0,-1.0,-1.0,-1.0,-1.0,-1.0,-1.0,-1.0,-1.0,-1.0,-1.0,-1.0,-1.0,-1.0,-1.0,-1.0,-1.0,-1.0,-1.0,-1.0,-1.0,-1.0,-1.0,-1.0,-1.0,-1.0,-1.0,-1.0,-1.0,-1.0,-1.0,-1.0,-1.0,-1.0,-1.0,-1.0,-1.0,-1.0,-1.0,-1.0,-1.0,-1.0,-1.0,-1.0,-1.0,-1.0,-1.0,-1.0,-1.0,-1.0,-1.0,-1.0,-1.0,-1.0,-1.0,-1.0,-1.0,-1.0,-1.0,-1.0,-1.0,-1.0,-1.0,-1.0,-1.0,-1.0,-1.0,-1.0,-1.0,-1.0,-1.0,-1.0,-1.0,-1.0,-1.0,-1.0,-1.0,-1.0,-1.0,-1.0,-1.0,-1.0,-1.0,-1.0,-1.0,-1.0,-1.0,-1.0,-1.0,-1.0,-1.0,-1.0,-1.0,-1.0,-1.0,-1.0,-1.0,-1.0,-1.0,-1.0,-1.0,-1.0,-1.0,-1.0,-1.0,-1.0,-1.0,-1.0,-1.0,-1.0,-1.0,-1.0,-1.0,-1.0,-1.0,-1.0,-1.0,-1.0,-1.0,-1.0,-1.0,-1.0,-1.0,-1.0,-1.0,-1.0,-1.0,-1.0,-1.0,-1.0,-1.0,-1.0,-1.0,-1.0,-1.0,-1.0,-1.0,-1.0,-1.0,-1.0,-1.0,-1.0,-1.0,-1.0,-1.0,-1.0,-1.0,-1.0,-1.0,-1.0,-1.0,-1.0,-1.0,-1.0,-1.0,-1.0,-1.0,-1.0,-1.0,-1.0,-1.0,-1.0,-1.0,-1.0,-1.0,-1.0,-1.0,-1.0,-1.0,-1.0,-1.0,-1.0,-1.0,-1.0,-1.0,-1.0,-1.0,-1.0,-1.0,-1.0,-1.0,-1.0,-1.0,-1.0,-1.0,-1.0,-1.0,-1.0,-1.0,-1.0,-1.0,-1.0,-1.0,-1.0,-1.0,-1.0,-1.0,-1.0,-1.0,-1.0,-1.0,-1.0,-1.0,-1.0,-1.0,-1.0,-1.0,-1.0,-1.0,-1.0,-1.0,-1.0,-1.0,-1.0,-1.0,-1.0,-1.0,-1.0,-1.0,-1.0,-1.0,-1.0,-1.0,-1.0,-1.0,-1.0,-1.0,-1.0,-1.0,-1.0,-1.0,-1.0,-1.0,-1.0,-1.0,-1.0,-1.0,-1.0,-1.0,-1.0,-1.0
-1.0,-1.0,1.0,1.0,1.0,1.0,1.0,1.0,1.0,1.0,1.0,1.0,1.0,1.0,-1.0,1.0,1.0,1.0,1.0,1.0,1.0,1.0,1.0,1.0,1.0,-1.0,1.0,1.0,1.0,1.0,1.0,1.0,1.0,-1.0,1.0,1.0,1.0,1.0,1.0,1.0,1.0,1.0,-1.0,1.0,1.0,1.0,1.0,1.0,1.0,1.0,1.0,1.0,1.0,-1.0,1.0,1.0,1.0,1.0,1.0,1.0,1.0,1.0,1.0,1.0,1.0,1.0,-1.0,-1.0,-1.0,1.0,1.0,1.0,1.0,-1.0,-1.0,-1.0,1.0,1.0,-1.0,-1.0,-1.0,-1.0,-1.0,-1.0,-1.0,-1.0,-1.0,-1.0,-1.0,-1.0,-1.0,-1.0,-1.0,-1.0,-1.0,-1.0,-1.0,-1.0,-1.0,-1.0,-1.0,-1.0,-1.0,-1.0,-1.0,-1.0,-1.0,-1.0,-1.0,-1.0,-1.0,-1.0,-1.0,-1.0,-1.0,-1.0,-1.0,-1.0,-1.0,1.0,-1.0,-1.0,-1.0,-1.0,-1.0,-1.0,-1.0,-1.0,-1.0,-1.0,-1.0,-1.0,-1.0,-1.0,-1.0,-1.0,-1.0,-1.0,-1.0,-1.0,-1.0,-1.0,-1.0,-1.0,-1.0,-1.0,-1.0,1.0,-1.0,1.0,-1.0,-1.0,-1.0,-1.0,-1.0,-1.0,-1.0,-1.0,-1.0,-1.0,-1.0,-1.0,-1.0,-1.0,-1.0,-1.0,-1.0,-1.0,-1.0,-1.0,-1.0,-1.0,-1.0,-1.0,-1.0,-1.0,-1.0,-1.0,-1.0,-1.0,-1.0,-1.0,-1.0,-1.0,-1.0,-1.0,-1.0,-1.0,-1.0,-1.0,-1.0,-1.0,-1.0,-1.0,-1.0,-1.0,-1.0,-1.0,-1.0,-1.0,-1.0,-1.0,-1.0,-1.0,-1.0,-1.0,-1.0,-1.0,-1.0,-1.0,-1.0,-1.0,-1.0,-1.0,-1.0,-1.0,-1.0,-1.0,-1.0,-1.0,-1.0,-1.0,-1.0,-1.0,-1.0,-1.0,-1.0,-1.0,-1.0,-1.0,-1.0,-1.0,-1.0,-1.0,-1.0,-1.0,-1.0,-1.0,-1.0,-1.0,-1.0,-1.0,-1.0,-1.0,-1.0,-1.0,-1.0,-1.0,-1.0,-1.0,-1.0,-1.0,-1.0,-1.0,-1.0,-1.0,-1.0,-1.0,-1.0,-1.0,-1.0,-1.0,-1.0,-1.0,-1.0,-1.0,-1.0,-1.0,-1.0,-1.0,-1.0,-1.0,-1.0,-1.0,-1.0,-1.0,-1.0,-1.0,-1.0,-1.0,-1.0,-1.0,-1.0,-1.0,-1.0,-1.0,-1.0,-1.0,-1.0,-1.0,-1.0,-1.0,-1.0,-1.0,-1.0,-1.0,-1.0,-1.0,-1.0,-1.0,-1.0,-1.0,-1.0,-1.0,-1.0,-1.0,-1.0,-1.0,-1.0,-1.0,-1.0,-1.0,-1.0,-1.0,-1.0,-1.0,-1.0,-1.0,-1.0,-1.0,-1.0,-1.0,-1.0,-1.0,1.0,-1.0,1.0,1.0,-1.0,1.0,1.0,1.0,1.0,1.0,1.0,1.0,1.0,1.0,1.0,1.0,1.0,-1.0,1.0,1.0,1.0,1.0,1.0,1.0,1.0,1.0,1.0,1.0,-1.0,1.0,1.0,1.0,1.0,1.0,1.0,1.0,1.0,-1.0,1.0,1.0,1.0,1.0,1.0,1.0,1.0,-1.0,1.0,1.0,1.0,1.0,-1.0,-1.0,-1.0,-1.0,-1.0,-1.0,-1.0
-1.0,-1.0,-1.0,-1.0,-1.0,-1.0,-1.0,-1.0,-1.0,-1.0,-1.0,-1.0,-1.0,-1.0,-1.0,-1.0,-1.0,-1.0,-1.0,-1.0,-1.0,-1.0,-1.0,-1.0,-1.0,-1.0,-1.0,-1.0,-1.0,-1.0,-1.0,-1.0,-1.0,-1.0,-1.0,-1.0,-1.0,-1.0,-1.0,-1.0,-1.0,-1.0,-1.0,-1.0,-1.0,-1.0,-1.0,-1.0,-1.0,-1.0,-1.0,-1.0,-1.0,-1.0,-1.0,-1.0,-1.0,-1.0,-1.0,-1.0,-1.0,-1.0,-1.0,-1.0,-1.0,-1.0,1.0,-1.0,-1.0,-1.0,-1.0,1.0,-1.0,1.0,-1.0,1.0,-1.0,1.0,-1.0,-1.0,-1.0,-1.0,-1.0,-1.0,-1.0,-1.0,-1.0,-1.0,-1.0,-1.0,-1.0,-1.0,-1.0,-1.0,-1.0,-1.0,-1.0,-1.0,-1.0,-1.0,-1.0,-1.0,-1.0,-1.0,-1.0,-1.0,-1.0,-1.0,-1.0,-1.0,-1.0,-1.0,-1.0,1.0,1.0,-1.0,-1.0,1.0,-1.0,-1.0,-1.0,-1.0,1.0,1.0,-1.0,-1.0,-1.0,-1.0,1.0,-1.0,-1.0,1.0,-1.0,-1.0,1.0,1.0,-1.0,1.0,-1.0,-1.0,-1.0,1.0,1.0,-1.0,1.0,1.0,-1.0,-1.0,1.0,-1.0,1.0,-1.0,-1.0,-1.0,-1.0,-1.0,-1.0,-1.0,-1.0,-1.0,-1.0,-1.0,-1.0,-1.0,-1.0,1.0,1.0,-1.0,-1.0,1.0,1.0,-1.0,-1.0,1.0,1.0,-1.0,-1.0,-1.0,-1.0,1.0,1.0,1.0,-1.0,-1.0,1.0,-1.0,-1.0,-1.0,1.0,1.0,-1.0,-1.0,1.0,-1.0,-1.0,-1.0,-1.0,-1.0,1.0,-1.0,-1.0,-1.0,-1.0,-1.0,1.0,-1.0,-1.0,-1.0,-1.0,-1.0,-1.0,-1.0,-1.0,-1.0,-1.0,-1.0,-1.0,-1.0,1.0,-1.0,-1.0,-1.0,-1.0,-1.0,1.0,-1.0,-1.0,-1.0,-1.0,-1.0,1.0,-1.0,-1.0,-1.0,-1.0,-1.0,1.0,-1.0,-1.0,-1.0,-1.0,-1.0,1.0,-1.0,-1.0,-1.0,-1.0,-1.0,1.0,-1.0,-1.0,-1.0,1.0,1.0,-1.0,-1.0,1.0,-1.0,-1.0,-1.0,1.0,1.0,-1.0,-1.0,1.0,-1.0,-1.0,-1.0,1.0,1.0,-1.0,-1.0,1.0,-1.0,-1.0,-1.0,1.0,1.0,-1.0,-1.0,1.0,-1.0,-1.0,-1.0,-1.0,-1.0,-1.0,1.0,-1.0,-1.0,-1.0,-1.0,-1.0,-1.0,1.0,-1.0,-1.0,-1.0,-1.0,-1.0,-1.0,-1.0,1.0,-1.0,-1.0,-1.0,-1.0,-1.0,-1.0,-1.0,1.0,-1.0,-1.0,-1.0,1.0,-1.0,-1.0,1.0,-1.0,1.0,-1.0,1.0,-1.0,1.0,1.0,-1.0,-1.0,-1.0,1.0,-1.0,-1.0,-1.0,-1.0,-1.0,-1.0,-1.0,-1.0,-1.0,-1.0,-1.0,-1.0,1.0,-1.0,-1.0,-1.0,-1.0,-1.0,-1.0,-1.0,-1.0,-1.0,-1.0,1.0,-1.0,-1.0,-1.0,-1.0,-1.0,-1.0,-1.0,-1.0,1.0,-1.0,-1.0,-1.0,-1.0,-1.0,-1.0,-1.0,1.0,-1.0,-1.0,-1.0,-1.0,-1.0,-1.0,-1.0,-1.0,-1.0,-1.0,1.0
-1.0,-1.0,-1.0,-1.0,-1.0,-1.0,-1.0,-1.0,-1.0,-1.0,-1.0,-1.0,-1.0,-1.0,-1.0,-1.0,-1.0,-1.0,-1.0,-1.0,-1.0,-1.0,-1.0,-1.0,-1.0,-1.0,-1.0,-1.0,-1.0,-1.0,-1.0,-1.0,-1.0,-1.0,-1.0,-1.0,-1.0,-1.0,-1.0,-1.0,-1.0,-1.0,-1.0,-1.0,-1.0,-1.0,-1.0,-1.0,-1.0,-1.0,-1.0,-1.0,-1.0,-1.0,-1.0,-1.0,-1.0,-1.0,-1.0,-1.0,-1.0,-1.0,-1.0,-1.0,-1.0,-1.0,-1.0,-1.0,-1.0,-1.0,-1.0,-1.0,-1.0,-1.0,-1.0,-1.0,-1.0,-1.0,-1.0,-1.0,-1.0,-1.0,-1.0,-1.0,-1.0,-1.0,-1.0,-1.0,-1.0,1.0,-1.0,1.0,-1.0,-1.0,-1.0,-1.0,-1.0,-1.0,-1.0,-1.0,-1.0,-1.0,-1.0,-1.0,-1.0,-1.0,-1.0,-1.0,-1.0,-1.0,-1.0,-1.0,-1.0,-1.0,-1.0,-1.0,-1.0,-1.0,-1.0,-1.0,-1.0,-1.0,-1.0,-1.0,-1.0,-1.0,-1.0,-1.0,-1.0,-1.0,-1.0,-1.0,-1.0,-1.0,-1.0,-1.0,-1.0,-1.0,-1.0,-1.0,-1.0,-1.0,-1.0,-1.0,-1.0,-1.0,-1.0,-1.0,-1.0,-1.0,-1.0,-1.0,-1.0,-1.0,-1.0,-1.0,-1.0,-1.0,-1.0,-1.0,-1.0,-1.0,-1.0,-1.0,-1.0,-1.0,-1.0,-1.0,-1.0,-1.0,-1.0,-1.0,-1.0,-1.0,-1.0,-1.0,-1.0,-1.0,-1.0,-1.0,-1.0,-1.0,-1.0,-1.0,-1.0,-1.0,-1.0,-1.0,-1.0,-1.0,-1.0,-1.0,-1.0,-1.0,-1.0,-1.0,-1.0,-1.0,-1.0,-1.0,-1.0,-1.0,-1.0,-1.0,-1.0,-1.0,-1.0,-1.0,-1.0,-1.0,-1.0,-1.0,-1.0,-1.0,-1.0,-1.0,-1.0,-1.0,-1.0,-1.0,-1.0,-1.0,-1.0,-1.0,-1.0,-1.0,-1.0,-1.0,-1.0,-1.0,-1.0,-1.0,-1.0,-1.0,-1.0,-1.0,-1.0,-1.0,-1.0,-1.0,-1.0,-1.0,-1.0,-1.0,-1.0,-1.0,-1.0,-1.0,-1.0,-1.0,-1.0,-1.0,-1.0,-1.0,-1.0,-1.0,-1.0,-1.0,-1.0,-1.0,-1.0,-1.0,-1.0,-1.0,-1.0,-1.0,-1.0,-1.0,-1.0,-1.0,-1.0,-1.0,-1.0,-1.0,-1.0,-1.0,-1.0,-1.0,-1.0,-1.0,-1.0,-1.0,-1.0,-1.0,-1.0,-1.0,1.0,-1.0,-1.0,-1.0,-1.0,-1.0,-1.0,1.0,-1.0,-1.0,-1.0,-1.0,-1.0,-1.0,1.0,-1.0,-1.0,-1.0,-1.0,-1.0,-1.0,-1.0,1.0,-1.0,-1.0,-1.0,-1.0,-1.0,-1.0,-1.0,-1.0,-1.0,-1.0,-1.0,-1.0,-1.0,-1.0,-1.0,-1.0,-1.0,-1.0,-1.0,-1.0,-1.0,-1.0,-1.0,-1.0,-1.0,-1.0,-1.0,-1.0,-1.0,-1.0,-1.0,-1.0,-1.0,-1.0,-1.0,-1.0,-1.0,-1.0,-1.0,-1.0,-1.0,-1.0,-1.0,-1.0,-1.0,-1.0,-1.0,-1.0,-1.0,-1.0,-1.0,-1.0,-1.0,-1.0,-1.0,-1.0,-1.0,-1.0,-1.0,-1.0,-1.0,-1.0,-1.0,-1.0,-1.0,-1.0,-1.0,-1.0,-1.0,-1.0,-1.0,-1.0
-1.0,-1.0,-1.0,-1.0,-1.0,-1.0,-1.0,-1.0,-1.0,-1.0,-1.0,-1.0,-1.0,-1.0,-1.0,-1.0,-1.0,-1.0,-1.0,-1.0,-1.0,-1.0,-1.0,-1.0,-1.0,-1.0,-1.0,-1.0,-1.0,-1.0,-1.0,-1.0,-1.0,-1.0,-1.0,-1.0,-1.0,-1.0,-1.0,-1.0,-1.0,-1.0,-1.0,-1.0,-1.0,-1.0,-1.0,-1.0,-1.0,-1.0,-1.0,-1.0,-1.0,-1.0,-1.0,-1.0,-1.0,-1.0,-1.0,-1.0,-1.0,-1.0,-1.0,-1.0,-1.0,-1.0,-1.0,-1.0,-1.0,-1.0,-1.0,-1.0,-1.0,-1.0,-1.0,-1.0,-1.0,-1.0,-1.0,-1.0,-1.0,-1.0,-1.0,-1.0,-1.0,-1.0,-1.0,-1.0,-1.0,-1.0,-1.0,-1.0,-1.0,-1.0,-1.0,-1.0,-1.0,-1.0,-1.0,-1.0,-1.0,-1.0,-1.0,-1.0,-1.0,-1.0,-1.0,-1.0,-1.0,-1.0,-1.0,-1.0,-1.0,-1.0,-1.0,-1.0,-1.0,-1.0,-1.0,-1.0,-1.0,-1.0,-1.0,-1.0,-1.0,-1.0,-1.0,-1.0,-1.0,-1.0,-1.0,-1.0,-1.0,-1.0,-1.0,-1.0,-1.0,-1.0,-1.0,-1.0,-1.0,-1.0,-1.0,-1.0,-1.0,-1.0,-1.0,-1.0,-1.0,-1.0,-1.0,-1.0,-1.0,-1.0,-1.0,-1.0,-1.0,-1.0,-1.0,-1.0,-1.0,-1.0,-1.0,-1.0,-1.0,-1.0,-1.0,-1.0,-1.0,-1.0,-1.0,-1.0,-1.0,-1.0,-1.0,-1.0,-1.0,-1.0,-1.0,-1.0,-1.0,-1.0,-1.0,-1.0,-1.0,-1.0,-1.0,-1.0,-1.0,-1.0,-1.0,-1.0,-1.0,-1.0,-1.0,-1.0,-1.0,-1.0,-1.0,-1.0,-1.0,-1.0,-1.0,-1.0,-1.0,-1.0,-1.0,-1.0,-1.0,-1.0,-1.0,-1.0,-1.0,-1.0,-1.0,-1.0,-1.0,-1.0,-1.0,-1.0,-1.0,-1.0,-1.0,-1.0,-1.0,-1.0,-1.0,-1.0,-1.0,-1.0,-1.0,-1.0,-1.0,-1.0,-1.0,-1.0,-1.0,-1.0,-1.0,-1.0,-1.0,-1.0,-1.0,-1.0,-1.0,-1.0,-1.0,-1.0,-1.0,-1.0,-1.0,-1.0,-1.0,-1.0,-1.0,-1.0,-1.0,-1.0,-1.0,-1.0,-1.0,-1.0,-1.0,-1.0,-1.0,-1.0,-1.0,-1.0,-1.0,-1.0,-1.0,-1.0,-1.0,-1.0,-1.0,-1.0,-1.0,-1.0,-1.0,-1.0,-1.0,-1.0,-1.0,-1.0,-1.0,-1.0,-1.0,-1.0,-1.0,-1.0,-1.0,-1.0,-1.0,-1.0,-1.0,-1.0,-1.0,-1.0,-1.0,-1.0,-1.0,-1.0,-1.0,-1.0,-1.0,-1.0,-1.0,-1.0,-1.0,-1.0,-1.0,-1.0,-1.0,-1.0,-1.0,-1.0,-1.0,-1.0,-1.0,-1.0,-1.0,-1.0,-1.0,-1.0,-1.0,-1.0,-1.0,-1.0,-1.0,-1.0,-1.0,-1.0,-1.0,-1.0,-1.0,-1.0,-1.0,-1.0,-1.0,-1.0,-1.0,-1.0,-1.0,-1.0,-1.0,-1.0,-1.0,-1.0,-1.0,-1.0,-1.0,-1.0,-1.0,-1.0,-1.0,-1.0,-1.0,-1.0,-1.0,-1.0,-1.0,-1.0,-1.0,-1.0,-1.0,-1.0,-1.0,-1.0,-1.0,-1.0,-1.0,-1.0,-1.0,-1.0,-1.0,-1.0,-1.0,-1.0,-1.0,-1.0,-1.0
-1.0,-1.0,-1.0,-1.0,-1.0,-1.0,-1.0,-1.0,-1.0,-1.0,-1.0,-1.0,-1.0,-1.0,-1.0,-1.0,-1.0,-1.0,-1.0,-1.0,-1.0,-1.0,-1.0,-1.0,-1.0,-1.0,-1.0,-1.0,-1.0,-1.0,-1.0,-1.0,-1.0,-1.0,-1.0,-1.0,-1.0,-1.0,-1.0,-1.0,-1.0,-1.0,-1.0,-1.0,-1.0,-1.0,-1.0,-1.0,-1.0,-1.0,-1.0,-1.0,-1.0,-1.0,-1.0,-1.0,-1.0,-1.0,-1.0,-1.0,-1.0,-1.0,-1.0,-1.0,-1.0,-1.0,-1.0,1.0,-1.0,-1.0,-1.0,-1.0,-1.0,-1.0,1.0,-1.0,-1.0,-1.0,-1.0,1.0,1.0,1.0,1.0,1.0,1.0,1.0,1.0,1.0,1.0,-1.0,-1.0,-1.0,-1.0,1.0,1.0,1.0,1.0,1.0,1.0,1.0,1.0,1.0,1.0,1.0,1.0,1.0,1.0,1.0,1.0,1.0,1.0,1.0,1.0,1.0,1.0,1.0,-1.0,-1.0,-1.0,1.0,-1.0,-1.0,-1.0,-1.0,-1.0,-1.0,-1.0,-1.0,1.0,-1.0,-1.0,1.0,-1.0,-1.0,1.0,1.0,-1.0,1.0,-1.0,-1.0,-1.0,1.0,1.0,-1.0,1.0,-1.0,-1.0,-1.0,1.0,-1.0,1.0,-1.0,-1.0,-1.0,-1.0,-1.0,-1.0,-1.0,-1.0,-1.0,-1.0,1.0,-1.0,-1.0,-1.0,1.0,-1.0,1.0,-1.0,1.0,-1.0,1.0,-1.0,1.0,-1.0,1.0,-1.0,1.0,-1.0,-1.0,-1.0,-1.0,-1.0,-1.0,-1.0,-1.0,-1.0,-1.0,-1.0,-1.0,-1.0,-1.0,-1.0,-1.0,-1.0,-1.0,1.0,-1.0,-1.0,-1.0,-1.0,-1.0,1.0,-1.0,-1.0,-1.0,-1.0,-1.0,1.0,-1.0,-1.0,-1.0,1.0,-1.0,-1.0,-1.0,1.0,-1.0,-1.0,-1.0,-1.0,-1.0,1.0,-1.0,-1.0,-1.0,-1.0,-1.0,1.0,-1.0,-1.0,-1.0,-1.0,-1.0,1.0,-1.0,-1.0,-1.0,-1.0,-1.0,1.0,-1.0,-1.0,-1.0,-1.0,-1.0,1.0,-1.0,-1.0,-1.0,-1.0,-1.0,-1.0,-1.0,-1.0,-1.0,-1.0,-1.0,-1.0,-1.0,-1.0,-1.0,-1.0,-1.0,-1.0,-1.0,-1.0,-1.0,-1.0,-1.0,-1.0,-1.0,-1.0,-1.0,-1.0,-1.0,-1.0,-1.0,-1.0,-1.0,-1.0,-1.0,-1.0,-1.0,1.0,-1.0,-1.0,-1.0,-1.0,-1.0,-1.0,1.0,-1.0,-1.0,-1.0,-1.0,-1.0,-1.0,1.0,-1.0,-1.0,-1.0,-1.0,-1.0,-1.0,-1.0,1.0,-1.0,-1.0,-1.0,-1.0,-1.0,-1.0,-1.0,1.0,-1.0,-1.0,1.0,-1.0,1.0,-1.0,1.0,-1.0,1.0,1.0,1.0,-1.0,-1.0,-1.0,-1.0,-1.0,-1.0,-1.0,-1.0,-1.0,-1.0,-1.0,-1.0,-1.0,-1.0,-1.0,-1.0,-1.0,-1.0,-1.0,-1.0,-1.0,-1.0,-1.0,-1.0,-1.0,-1.0,-1.0,-1.0,-1.0,-1.0,-1.0,-1.0,-1.0,-1.0,-1.0,-1.0,-1.0,-1.0,-1.0,-1.0,-1.0,-1.0,-1.0,-1.0,-1.0,-1.0,-1.0,-1.0,-1.0,1.0,1.0,1.0,1.0,1.0,1.0
-1.0,-1.0,-1.0,-1.0,-1.0,-1.0,-1.0,-1.0,-1.0,-1.0,-1.0,-1.0,-1.0,-1.0,-1.0,-1.0,-1.0,-1.0,-1.0,-1.0,-1.0,-1.0,-1.0,-1.0,-1.0,-1.0,-1.0,-1.0,-1.0,-1.0,-1.0,-1.0,-1.0,-1.0,-1.0,-1.0,-1.0,-1.0,-1.0,-1.0,-1.0,-1.0,-1.0,-1.0,-1.0,-1.0,-1.0,-1.0,-1.0,-1.0,-1.0,-1.0,-1.0,-1.0,-1.0,-1.0,-1.0,-1.0,-1.0,-1.0,-1.0,-1.0,-1.0,-1.0,-1.0,-1.0,-1.0,-1.0,-1.0,-1.0,-1.0,-1.0,-1.0,-1.0,-1.0,-1.0,-1.0,-1.0,-1.0,-1.0,-1.0,-1.0,-1.0,-1.0,-1.0,-1.0,-1.0,-1.0,-1.0,-1.0,-1.0,-1.0,-1.0,-1.0,-1.0,-1.0,-1.0,-1.0,-1.0,-1.0,-1.0,-1.0,-1.0,-1.0,-1.0,-1.0,-1.0,-1.0,-1.0,-1.0,-1.0,-1.0,-1.0,-1.0,-1.0,-1.0,-1.0,-1.0,-1.0,-1.0,-1.0,-1.0,-1.0,-1.0,-1.0,-1.0,-1.0,-1.0,-1.0,-1.0,-1.0,-1.0,-1.0,-1.0,-1.0,-1.0,-1.0,-1.0,-1.0,-1.0,-1.0,-1.0,-1.0,-1.0,-1.0,-1.0,1.0,-1.0,-1.0,-1.0,-1.0,-1.0,-1.0,-1.0,-1.0,-1.0,-1.0,-1.0,-1.0,-1.0,-1.0,-1.0,-1.0,-1.0,-1.0,-1.0,-1.0,-1.0,-1.0,-1.0,-1.0,-1.0,-1.0,-1.0,-1.0,-1.0,-1.0,-1.0,-1.0,-1.0,-1.0,-1.0,-1.0,-1.0,-1.0,-1.0,-1.0,-1.0,-1.0,-1.0,-1.0,-1.0,-1.0,-1.0,-1.0,-1.0,-1.0,-1.0,-1.0,-1.0,-1.0,-1.0,-1.0,-1.0,-1.0,-1.0,-1.0,-1.0,-1.0,-1.0,-1.0,-1.0,-1.0,-1.0,-1.0,-1.0,-1.0,-1.0,-1.0,-1.0,-1.0,-1.0,-1.0,-1.0,-1.0,-1.0,-1.0,-1.0,-1.0,-1.0,-1.0,-1.0,-1.0,-1.0,-1.0,-1.0,-1.0,-1.0,-1.0,-1.0,-1.0,-1.0,-1.0,-1.0,-1.0,-1.0,-1.0,-1.0,-1.0,-1.0,-1.0,-1.0,-1.0,-1.0,-1.0,-1.0,-1.0,-1.0,-1.0,-1.0,-1.0,-1.0,-1.0,-1.0,-1.0,-1.0,-1.0,-1.0,-1.0,-1.0,-1.0,-1.0,-1.0,-1.0,-1.0,-1.0,-1.0,-1.0,-1.0,-1.0,-1.0,-1.0,-1.0,-1.0,-1.0,-1.0,-1.0,-1.0,-1.0,-1.0,-1.0,-1.0,-1.0,-1.0,-1.0,-1.0,-1.0,-1.0,-1.0,-1.0,-1.0,-1.0,-1.0,-1.0,-1.0,-1.0,-1.0,-1.0,-1.0,-1.0,-1.0,-1.0,-1.0,-1.0,-1.0,-1.0,-1.0,-1.0,-1.0,-1.0,-1.0,-1.0,-1.0,-1.0,-1.0,-1.0,-1.0,-1.0,-1.0,-1.0,-1.0,-1.0,-1.0,-1.0,-1.0,-1.0,-1.0,-1.0,-1.0,-1.0,-1.0,-1.0,-1.0,-1.0,-1.0,-1.0,-1.0,-1.0,-1.0,-1.0,-1.0,-1.0,-1.0,-1.0,-1.0,-1.0,-1.0,-1.0,-1.0,-1.0,-1.0,-1.0,-1.0,-1.0,-1.0,-1.0,-1.0,-1.0,-1.0,-1.0,-1.0,-1.0,-1.0,-1.0,-1.0,-1.0,-1.0,-1.0,-1.0,-1.0,-1.0
-1.0,-1.0,-1.0,-1.0,-1.0,-1.0,-1.0,-1.0,-1.0,-1.0,-1.0,-1.0,-1.0,-1.0,-1.0,-1.0,-1.0,-1.0,-1.0,-1.0,-1.0,-1.0,-1.0,-1.0,-1.0,-1.0,-1.0,-1.0,-1.0,-1.0,-1.0,-1.0,-1.0,-1.0,-1.0,-1.0,-1.0,-1.0,-1.0,-1.0,-1.0,-1.0,-1.0,-1.0,-1.0,-1.0,-1.0,-1.0,-1.0,-1.0,-1.0,-1.0,-1.0,-1.0,-1.0,-1.0,-1.0,-1.0,-1.0,-1.0,-1.0,-1.0,-1.0,-1.0,-1.0,-1.0,-1.0,-1.0,-1.0,-1.0,-1.0,-1.0,-1.0,-1.0,-1.0,-1.0,-1.0,-1.0,-1.0,-1.0,-1.0,-1.0,-1.0,-1.0,-1.0,-1.0,-1.0,-1.0,-1.0,-1.0,-1.0,-1.0,-1.0,-1.0,-1.0,-1.0,-1.0,-1.0,-1.0,-1.0,-1.0,-1.0,-1.0,-1.0,-1.0,-1.0,-1.0,-1.0,-1.0,-1.0,-1.0,-1.0,-1.0,-1.0,-1.0,-1.0,-1.0,-1.0,-1.0,-1.0,-1.0,-1.0,-1.0,-1.0,-1.0,-1.0,-1.0,-1.0,-1.0,-1.0,-1.0,-1.0,-1.0,-1.0,-1.0,-1.0,-1.0,-1.0,-1.0,1.0,-1.0,-1.0,-1.0,-1.0,-1.0,1.0,-1.0,-1.0,-1.0,-1.0,-1.0,-1.0,-1.0,-1.0,-1.0,-1.0,-1.0,-1.0,-1.0,-1.0,-1.0,-1.0,-1.0,-1.0,-1.0,-1.0,-1.0,-1.0,-1.0,-1.0,-1.0,-1.0,-1.0,-1.0,-1.0,-1.0,-1.0,-1.0,-1.0,-1.0,-1.0,-1.0,-1.0,-1.0,-1.0,-1.0,-1.0,-1.0,-1.0,-1.0,-1.0,-1.0,-1.0,-1.0,-1.0,-1.0,-1.0,-1.0,-1.0,-1.0,-1.0,-1.0,-1.0,-1.0,-1.0,-1.0,-1.0,-1.0,-1.0,-1.0,-1.0,-1.0,-1.0,-1.0,-1.0,-1.0,-1.0,-1.0,-1.0,-1.0,-1.0,-1.0,-1.0,-1.0,-1.0,-1.0,-1.0,-1.0,-1.0,-1.0,-1.0,-1.0,-1.0,-1.0,-1.0,-1.0,-1.0,-1.0,-1.0,-1.0,-1.0,-1.0,-1.0,-1.0,-1.0,-1.0,-1.0,-1.0,-1.0,-1.0,-1.0,-1.0,-1.0,-1.0,-1.0,-1.0,-1.0,-1.0,-1.0,-1.0,-1.0,-1.0,-1.0,-1.0,-1.0,-1.0,-1.0,-1.0,-1.0,-1.0,-1.0,-1.0,-1.0,-1.0,-1.0,-1.0,-1.0,-1.0,-1.0,-1.0,-1.0,-1.0,-1.0,-1.0,-1.0,-1.0,-1.0,-1.0,-1.0,-1.0,-1.0,-1.0,-1.0,-1.0,-1.0,-1.0,-1.0,-1.0,-1.0,-1.0,-1.0,-1.0,-1.0,-1.0,-1.0,-1.0,-1.0,-1.0,-1.0,-1.0,-1.0,-1.0,-1.0,-1.0,-1.0,-1.0,-1.0,-1.0,-1.0,-1.0,-1.0,-1.0,-1.0,-1.0,-1.0,-1.0,-1.0,-1.0,-1.0,-1.0,-1.0,-1.0,-1.0,-1.0,-1.0,-1.0,-1.0,-1.0,-1.0,-1.0,-1.0,-1.0,-1.0,-1.0,-1.0,-1.0,-1.0,-1.0,-1.0,-1.0,-1.0,-1.0,-1.0,-1.0,-1.0,-1.0,-1.0,-1.0,-1.0,-1.0,-1.0,-1.0,-1.0,-1.0,-1.0,-1.0,-1.0,-1.0,-1.0,-1.0,-1.0,-1.0,-1.0,-1.0,-1.0,-1.0,-1.0,-1.0,-1.0,-1.0,-1.0
-1.0,-1.0,-1.0,-1.0,-1.0,-1.0,-1.0,-1.0,-1.0,-1.0,-1.0,-1.0,-1.0,-1.0,-1.0,-1.0,-1.0,-1.0,-1.0,-1.0,-1.0,-1.0,-1.0,-1.0,-1.0,-1.0,-1.0,-1.0,-1.0,-1.0,-1.0,-1.0,-1.0,-1.0,-1.0,-1.0,-1.0,-1.0,-1.0,-1.0,-1.0,-1.0,-1.0,-1.0,-1.0,-1.0,-1.0,-1.0,-1.0,-1.0,-1.0,-1.0,-1.0,-1.0,-1.0,-1.0,-1.0,-1.0,-1.0,-1.0,-1.0,-1.0,-1.0,-1.0,-1.0,-1.0,-1.0,-1.0,-1.0,-1.0,-1.0,-1.0,-1.0,-1.0,-1.0,-1.0,-1.0,-1.0,-1.0,-1.0,-1.0,-1.0,-1.0,-1.0,-1.0,-1.0,-1.0,-1.0,-1.0,-1.0,-1.0,-1.0,-1.0,-1.0,-1.0,-1.0,-1.0,-1.0,-1.0,-1.0,-1.0,-1.0,-1.0,-1.0,-1.0,-1.0,-1.0,-1.0,-1.0,-1.0,-1.0,-1.0,-1.0,-1.0,-1.0,-1.0,-1.0,-1.0,-1.0,-1.0,-1.0,-1.0,-1.0,-1.0,-1.0,-1.0,-1.0,-1.0,-1.0,-1.0,-1.0,-1.0,-1.0,-1.0,-1.0,-1.0,-1.0,-1.0,-1.0,-1.0,-1.0,-1.0,-1.0,-1.0,-1.0,-1.0,-1.0,-1.0,-1.0,-1.0,-1.0,-1.0,-1.0,-1.0,-1.0,-1.0,-1.0,-1.0,-1.0,-1.0,-1.0,1.0,-1.0,-1.0,1.0,-1.0,-1.0,-1.0,-1.0,-1.0,-1.0,-1.0,-1.0,-1.0,-1.0,-1.0,-1.0,-1.0,1.0,1.0,-1.0,-1.0,-1.0,-1.0,-1.0,-1.0,-1.0,-1.0,-1.0,-1.0,-1.0,-1.0,-1.0,-1.0,-1.0,-1.0,-1.0,-1.0,-1.0,-1.0,-1.0,-1.0,-1.0,-1.0,-1.0,-1.0,-1.0,-1.0,-1.0,-1.0,-1.0,-1.0,-1.0,-1.0,-1.0,-1.0,-1.0,-1.0,-1.0,-1.0,-1.0,-1.0,-1.0,-1.0,-1.0,-1.0,-1.0,-1.0,-1.0,-1.0,-1.0,-1.0,-1.0,-1.0,-1.0,-1.0,-1.0,-1.0,-1.0,-1.0,-1.0,-1.0,-1.0,-1.0,-1.0,-1.0,-1.0,-1.0,-1.0,-1.0,-1.0,-1.0,-1.0,-1.0,-1.0,-1.0,-1.0,-1.0,-1.0,-1.0,-1.0,-1.0,-1.0,-1.0,-1.0,-1.0,-1.0,-1.0,-1.0,-1.0,-1.0,-1.0,-1.0,-1.0,-1.0,-1.0,-1.0,-1.0,-1.0,-1.0,-1.0,-1.0,-1.0,-1.0,-1.0,-1.0,-1.0,-1.0,-1.0,-1.0,-1.0,-1.0,-1.0,-1.0,-1.0,-1.0,-1.0,-1.0,-1.0,-1.0,-1.0,-1.0,-1.0,-1.0,-1.0,-1.0,-1.0,-1.0,-1.0,-1.0,-1.0,-1.0,-1.0,-1.0,-1.0,1.0,-1.0,-1.0,-1.0,-1.0,-1.0,-1.0,-1.0,-1.0,-1.0,-1.0,-1.0,-1.0,-1.0,-1.0,-1.0,-1.0,-1.0,-1.0,-1.0,-1.0,-1.0,-1.0,-1.0,-1.0,-1.0,-1.0,-1.0,-1.0,-1.0,-1.0,-1.0,-1.0,-1.0,-1.0,-1.0,-1.0,-1.0,-1.0,-1.0,-1.0,-1.0,-1.0,-1.0,-1.0,-1.0,-1.0,-1.0,-1.0,-1.0,-1.0,-1.0,-1.0,-1.0,-1.0,-1.0,-1.0,-1.0,-1.0,-1.0,-1.0,-1.0,-1.0,-1.0,-1.0,-1.0
-1.0,-1.0,-1.0,-1.0,-1.0,-1.0,-1.0,-1.0,-1.0,-1.0,-1.0,-1.0,-1.0,-1.0,-1.0,-1.0,-1.0,-1.0,-1.0,-1.0,-1.0,-1.0,-1.0,-1.0,-1.0,-1.0,-1.0,-1.0,-1.0,-1.0,-1.0,-1.0,-1.0,-1.0,-1.0,-1.0,-1.0,-1.0,-1.0,-1.0,-1.0,-1.0,-1.0,-1.0,-1.0,-1.0,-1.0,-1.0,-1.0,-1.0,-1.0,-1.0,-1.0,-1.0,-1.0,-1.0,-1.0,-1.0,-1.0,-1.0,-1.0,-1.0,-1.0,-1.0,-1.0,-1.0,-1.0,-1.0,-1.0,-1.0,-1.0,-1.0,-1.0,-1.0,-1.0,-1.0,-1.0,-1.0,1.0,-1.0,-1.0,-1.0,-1.0,-1.0,-1.0,-1.0,-1.0,-1.0,-1.0,-1.0,-1.0,-1.0,-1.0,-1.0,-1.0,-1.0,-1.0,-1.0,-1.0,-1.0,-1.0,-1.0,-1.0,-1.0,-1.0,-1.0,-1.0,-1.0,-1.0,-1.0,-1.0,-1.0,-1.0,-1.0,-1.0,-1.0,-1.0,-1.0,-1.0,-1.0,-1.0,-1.0,-1.0,-1.0,-1.0,-1.0,-1.0,-1.0,-1.0,-1.0,-1.0,-1.0,-1.0,-1.0,-1.0,-1.0,-1.0,-1.0,-1.0,-1.0,-1.0,-1.0,-1.0,-1.0,-1.0,-1.0,-1.0,-1.0,-1.0,-1.0,-1.0,-1.0,-1.0,-1.0,-1.0,-1.0,-1.0,-1.0,-1.0,-1.0,-1.0,-1.0,-1.0,-1.0,-1.0,-1.0,-1.0,-1.0,-1.0,-1.0,-1.0,-1.0,-1.0,-1.0,-1.0,-1.0,-1.0,-1.0,-1.0,-1.0,-1.0,-1.0,-1.0,-1.0,-1.0,-1.0,-1.0,-1.0,-1.0,-1.0,-1.0,-1.0,-1.0,-1.0,-1.0,-1.0,-1.0,-1.0,-1.0,-1.0,-1.0,-1.0,-1.0,-1.0,-1.0,-1.0,-1.0,-1.0,-1.0,-1.0,-1.0,-1.0,-1.0,-1.0,-1.0,-1.0,-1.0,-1.0,-1.0,-1.0,-1.0,-1.0,-1.0,-1.0,-1.0,-1.0,-1.0,-1.0,-1.0,-1.0,-1.0,-1.0,-1.0,-1.0,-1.0,-1.0,-1.0,-1.0,-1.0,-1.0,-1.0,-1.0,-1.0,-1.0,-1.0,-1.0,-1.0,-1.0,-1.0,-1.0,-1.0,-1.0,-1.0,-1.0,-1.0,-1.0,-1.0,-1.0,-1.0,-1.0,-1.0,-1.0,-1.0,-1.0,-1.0,-1.0,-1.0,-1.0,-1.0,-1.0,-1.0,-1.0,-1.0,-1.0,-1.0,-1.0,-1.0,-1.0,-1.0,-1.0,-1.0,-1.0,-1.0,-1.0,-1.0,-1.0,-1.0,-1.0,-1.0,-1.0,-1.0,-1.0,-1.0,-1.0,-1.0,-1.0,-1.0,-1.0,-1.0,-1.0,-1.0,-1.0,-1.0,-1.0,-1.0,-1.0,-1.0,-1.0,-1.0,-1.0,-1.0,-1.0,-1.0,-1.0,-1.0,-1.0,-1.0,-1.0,-1.0,-1.0,-1.0,-1.0,-1.0,-1.0,-1.0,-1.0,-1.0,-1.0,-1.0,-1.0,-1.0,-1.0,-1.0,-1.0,-1.0,-1.0,-1.0,-1.0,-1.0,-1.0,-1.0,-1.0,-1.0,-1.0,-1.0,-1.0,-1.0,-1.0,-1.0,-1.0,-1.0,-1.0,-1.0,-1.0,-1.0,-1.0,-1.0,-1.0,-1.0,-1.0,-1.0,-1.0,-1.0,-1.0,-1.0,-1.0,-1.0,-1.0,-1.0,-1.0,-1.0,-1.0,-1.0,-1.0,-1.0,-1.0,-1.0,-1.0,-1.0,-1.0,-1.0
-1.0,-1.0,-1.0,-1.0,-1.0,-1.0,-1.0,-1.0,-1.0,-1.0,-1.0,-1.0,-1.0,-1.0,-1.0,-1.0,-1.0,-1.0,-1.0,-1.0,-1.0,-1.0,-1.0,-1.0,-1.0,-1.0,-1.0,-1.0,-1.0,-1.0,-1.0,-1.0,-1.0,-1.0,-1.0,-1.0,-1.0,-1.0,-1.0,-1.0,-1.0,-1.0,-1.0,-1.0,-1.0,-1.0,-1.0,-1.0,-1.0,-1.0,-1.0,-1.0,-1.0,-1.0,-1.0,-1.0,-1.0,-1.0,-1.0,-1.0,-1.0,-1.0,-1.0,-1.0,-1.0,-1.0,-1.0,-1.0,-1.0,-1.0,-1.0,-1.0,-1.0,-1.0,-1.0,-1.0,-1.0,-1.0,-1.0,-1.0,-1.0,-1.0,-1.0,-1.0,-1.0,-1.0,-1.0,-1.0,-1.0,-1.0,-1.0,-1.0,-1.0,-1.0,-1.0,-1.0,-1.0,-1.0,-1.0,-1.0,-1.0,-1.0,-1.0,-1.0,-1.0,-1.0,-1.0,-1.0,-1.0,-1.0,-1.0,-1.0,-1.0,-1.0,-1.0,-1.0,-1.0,-1.0,-1.0,-1.0,-1.0,-1.0,-1.0,-1.0,-1.0,-1.0,-1.0,-1.0,-1.0,-1.0,-1.0,-1.0,-1.0,-1.0,-1.0,-1.0,-1.0,-1.0,-1.0,-1.0,-1.0,-1.0,-1.0,-1.0,-1.0,-1.0,-1.0,-1.0,-1.0,-1.0,-1.0,-1.0,-1.0,-1.0,-1.0,-1.0,-1.0,-1.0,-1.0,-1.0,-1.0,-1.0,-1.0,-1.0,-1.0,-1.0,-1.0,-1.0,-1.0,-1.0,-1.0,-1.0,-1.0,-1.0,-1.0,-1.0,-1.0,-1.0,-1.0,-1.0,-1.0,-1.0,-1.0,-1.0,-1.0,-1.0,-1.0,-1.0,-1.0,-1.0,-1.0,-1.0,-1.0,-1.0,-1.0,-1.0,-1.0,-1.0,-1.0,-1.0,-1.0,-1.0,-1.0,-1.0,-1.0,-1.0,-1.0,-1.0,-1.0,-1.0,-1.0,-1.0,-1.0,-1.0,-1.0,-1.0,-1.0,-1.0,-1.0,-1.0,-1.0,-1.0,-1.0,-1.0,-1.0,-1.0,-1.0,-1.0,-1.0,-1.0,-1.0,-1.0,-1.0,-1.0,-1.0,-1.0,-1.0,-1.0,-1.0,-1.0,-1.0,-1.0,-1.0,-1.0,-1.0,-1.0,-1.0,-1.0,-1.0,-1.0,-1.0,-1.0,-1.0,-1.0,-1.0,-1.0,-1.0,-1.0,-1.0,-1.0,-1.0,-1.0,-1.0,-1.0,-1.0,-1.0,-1.0,-1.0,-1.0,-1.0,-1.0,-1.0,-1.0,-1.0,-1.0,-1.0,-1.0,-1.0,-1.0,-1.0,-1.0,-1.0,-1.0,-1.0,-1.0,-1.0,-1.0,-1.0,-1.0,-1.0,-1.0,-1.0,-1.0,-1.0,-1.0,-1.0,-1.0,-1.0,-1.0,-1.0,-1.0,-1.0,-1.0,-1.0,-1.0,-1.0,-1.0,-1.0,-1.0,-1.0,-1.0,-1.0,-1.0,-1.0,-1.0,-1.0,-1.0,-1.0,-1.0,-1.0,-1.0,-1.0,-1.0,-1.0,-1.0,-1.0,-1.0,-1.0,-1.0,-1.0,-1.0,-1.0,-1.0,-1.0,-1.0,-1.0,-1.0,-1.0,-1.0,-1.0,-1.0,-1.0,-1.0,-1.0,-1.0,-1.0,-1.0,-1.0,-1.0,-1.0,-1.0,-1.0,-1.0,-1.0,-1.0,-1.0,-1.0,-1.0,-1.0,-1.0,-1.0,-1.0,-1.0,-1.0,-1.0,-1.0,-1.0,-1.0,-1.0,-1.0,-1.0,-1.0,-1.0,-1.0,-1.0,-1.0,-1.0,-1.0,-1.0,-1.0,-1.0
-1.0,-1.0,-1.0,-1.0,-1.0,-1.0,-1.0,-1.0,-1.0,-1.0,-1.0,-1.0,-1.0,-1.0,-1.0,-1.0,-1.0,-1.0,-1.0,-1.0,-1.0,-1.0,-1.0,-1.0,-1.0,-1.0,-1.0,-1.0,-1.0,-1.0,-1.0,-1.0,-1.0,-1.0,-1.0,-1.0,-1.0,-1.0,-1.0,-1.0,-1.0,-1.0,-1.0,-1.0,-1.0,-1.0,-1.0,-1.0,-1.0,-1.0,-1.0,-1.0,-1.0,-1.0,-1.0,-1.0,-1.0,-1.0,-1.0,-1.0,-1.0,-1.0,-1.0,-1.0,-1.0,-1.0,-1.0,-1.0,-1.0,-1.0,-1.0,-1.0,-1.0,-1.0,-1.0,-1.0,-1.0,-1.0,-1.0,-1.0,-1.0,-1.0,-1.0,-1.0,-1.0,-1.0,-1.0,-1.0,-1.0,-1.0,-1.0,-1.0,-1.0,-1.0,-1.0,-1.0,-1.0,-1.0,-1.0,-1.0,-1.0,-1.0,-1.0,-1.0,-1.0,-1.0,-1.0,-1.0,-1.0,-1.0,-1.0,-1.0,-1.0,-1.0,-1.0,-1.0,-1.0,-1.0,-1.0,-1.0,-1.0,-1.0,-1.0,-1.0,-1.0,-1.0,-1.0,-1.0,-1.0,-1.0,-1.0,-1.0,-1.0,-1.0,-1.0,-1.0,-1.0,-1.0,-1.0,-1.0,-1.0,-1.0,-1.0,-1.0,-1.0,-1.0,-1.0,-1.0,-1.0,-1.0,-1.0,-1.0,-1.0,-1.0,-1.0,-1.0,-1.0,-1.0,-1.0,-1.0,-1.0,-1.0,-1.0,-1.0,-1.0,-1.0,-1.0,-1.0,1.0,-1.0,-1.0,-1.0,1.0,-1.0,-1.0,-1.0,1.0,-1.0,-1.0,-1.0,-1.0,-1.0,-1.0,1.0,-1.0,-1.0,-1.0,-1.0,-1.0,-1.0,-1.0,1.0,-1.0,-1.0,-1.0,-1.0,-1.0,1.0,-1.0,-1.0,-1.0,-1.0,-1.0,1.0,-1.0,-1.0,-1.0,-1.0,-1.0,1.0,-1.0,-1.0,-1.0,1.0,-1.0,-1.0,-1.0,1.0,-1.0,-1.0,-1.0,-1.0,-1.0,1.0,-1.0,-1.0,-1.0,-1.0,-1.0,1.0,-1.0,-1.0,-1.0,-1.0,-1.0,1.0,-1.0,-1.0,-1.0,-1.0,-1.0,1.0,-1.0,-1.0,-1.0,-1.0,-1.0,1.0,-1.0,-1.0,-1.0,-1.0,-1.0,-1.0,-1.0,1.0,-1.0,-1.0,-1.0,-1.0,-1.0,-1.0,-1.0,1.0,-1.0,-1.0,-1.0,-1.0,-1.0,-1.0,-1.0,1.0,-1.0,-1.0,-1.0,-1.0,-1.0,-1.0,-1.0,1.0,-1.0,-1.0,-1.0,-1.0,-1.0,-1.0,-1.0,-1.0,-1.0,-1.0,-1.0,-1.0,-1.0,-1.0,-1.0,-1.0,-1.0,-1.0,-1.0,-1.0,-1.0,-1.0,-1.0,-1.0,-1.0,-1.0,-1.0,-1.0,-1.0,-1.0,-1.0,-1.0,-1.0,-1.0,-1.0,-1.0,1.0,-1.0,1.0,-1.0,1.0,-1.0,1.0,-1.0,-1.0,-1.0,-1.0,-1.0,-1.0,-1.0,-1.0,-1.0,-1.0,-1.0,-1.0,-1.0,-1.0,-1.0,-1.0,-1.0,-1.0,-1.0,-1.0,-1.0,-1.0,-1.0,-1.0,-1.0,-1.0,-1.0,-1.0,-1.0,-1.0,-1.0,-1.0,-1.0,-1.0,-1.0,-1.0,-1.0,-1.0,-1.0,-1.0,-1.0,-1.0,-1.0,-1.0,-1.0,-1.0,-1.0,-1.0,-1.0,-1.0,-1.0,-1.0,-1.0,-1.0,-1.0,-1.0,-1.0,-1.0
-1.0,-1.0,-1.0,-1.0,-1.0,-1.0,-1.0,-1.0,-1.0,-1.0,-1.0,-1.0,-1.0,-1.0,-1.0,-1.0,-1.0,-1.0,-1.0,-1.0,-1.0,-1.0,-1.0,-1.0,-1.0,-1.0,-1.0,-1.0,-1.0,-1.0,-1.0,-1.0,-1.0,-1.0,-1.0,-1.0,-1.0,-1.0,-1.0,-1.0,-1.0,-1.0,-1.0,-1.0,-1.0,-1.0,-1.0,-1.0,-1.0,-1.0,-1.0,-1.0,-1.0,-1.0,-1.0,-1.0,-1.0,-1.0,-1.0,-1.0,-1.0,-1.0,-1.0,-1.0,-1.0,-1.0,-1.0,-1.0,-1.0,-1.0,-1.0,-1.0,-1.0,-1.0,-1.0,-1.0,-1.0,-1.0,-1.0,-1.0,-1.0,-1.0,-1.0,-1.0,-1.0,-1.0,-1.0,-1.0,-1.0,-1.0,-1.0,-1.0,-1.0,-1.0,-1.0,-1.0,-1.0,-1.0,-1.0,-1.0,-1.0,-1.0,-1.0,-1.0,-1.0,-1.0,-1.0,-1.0,-1.0,-1.0,-1.0,-1.0,-1.0,-1.0,-1.0,-1.0,-1.0,-1.0,-1.0,-1.0,-1.0,-1.0,-1.0,-1.0,-1.0,-1.0,-1.0,-1.0,-1.0,-1.0,-1.0,-1.0,-1.0,-1.0,-1.0,-1.0,-1.0,-1.0,-1.0,-1.0,-1.0,-1.0,-1.0,-1.0,-1.0,-1.0,-1.0,-1.0,-1.0,-1.0,-1.0,-1.0,-1.0,-1.0,-1.0,-1.0,-1.0,-1.0,-1.0,-1.0,-1.0,-1.0,-1.0,-1.0,-1.0,-1.0,-1.0,-1.0,-1.0,-1.0,-1.0,-1.0,-1.0,-1.0,-1.0,-1.0,-1.0,-1.0,-1.0,-1.0,-1.0,-1.0,-1.0,-1.0,-1.0,-1.0,-1.0,-1.0,-1.0,-1.0,-1.0,-1.0,-1.0,-1.0,-1.0,-1.0,-1.0,-1.0,-1.0,-1.0,-1.0,-1.0,-1.0,-1.0,-1.0,-1.0,-1.0,-1.0,-1.0,-1.0,-1.0,-1.0,-1.0,-1.0,-1.0,-1.0,-1.0,-1.0,-1.0,-1.0,-1.0,-1.0,-1.0,-1.0,-1.0,-1.0,-1.0,-1.0,-1.0,-1.0,-1.0,-1.0,-1.0,-1.0,-1.0,-1.0,-1.0,-1.0,-1.0,-1.0,-1.0,-1.0,-1.0,-1.0,-1.0,-1.0,-1.0,-1.0,-1.0,-1.0,-1.0,-1.0,-1.0,-1.0,-1.0,-1.0,-1.0,-1.0,-1.0,-1.0,-1.0,-1.0,-1.0,-1.0,-1.0,-1.0,-1.0,-1.0,-1.0,-1.0,-1.0,-1.0,-1.0,-1.0,-1.0,-1.0,-1.0,-1.0,-1.0,-1.0,-1.0,-1.0,-1.0,-1.0,-1.0,-1.0,-1.0,-1.0,-1.0,-1.0,-1.0,-1.0,-1.0,-1.0,-1.0,-1.0,-1.0,-1.0,-1.0,-1.0,-1.0,-1.0,-1.0,-1.0,-1.0,-1.0,-1.0,-1.0,-1.0,-1.0,-1.0,-1.0,-1.0,-1.0,-1.0,-1.0,-1.0,-1.0,-1.0,-1.0,-1.0,-1.0,-1.0,-1.0,-1.0,-1.0,-1.0,-1.0,-1.0,-1.0,-1.0,-1.0,-1.0,-1.0,-1.0,-1.0,-1.0,-1.0,-1.0,-1.0,-1.0,-1.0,-1.0,-1.0,-1.0,-1.0,-1.0,-1.0,-1.0,-1.0,-1.0,-1.0,-1.0,-1.0,-1.0,-1.0,-1.0,-1.0,-1.0,-1.0,-1.0,-1.0,-1.0,-1.0,-1.0,-1.0,-1.0,-1.0,-1.0,-1.0,-1.0,-1.0,-1.0,-1.0,-1.0,-1.0,-1.0,-1.0,-1.0,-1.0,-1.0
-1.0,-1.0,-1.0,-1.0,-1.0,-1.0,-1.0,-1.0,-1.0,-1.0,-1.0,-1.0,-1.0,-1.0,-1.0,-1.0,-1.0,-1.0,-1.0,-1.0,-1.0,-1.0,-1.0,-1.0,-1.0,-1.0,-1.0,-1.0,-1.0,-1.0,-1.0,-1.0,-1.0,-1.0,-1.0,-1.0,-1.0,-1.0,-1.0,-1.0,-1.0,-1.0,-1.0,-1.0,-1.0,-1.0,-1.0,-1.0,-1.0,-1.0,-1.0,-1.0,-1.0,-1.0,-1.0,-1.0,-1.0,-1.0,-1.0,-1.0,-1.0,-1.0,-1.0,-1.0,-1.0,-1.0,-1.0,-1.0,-1.0,-1.0,-1.0,-1.0,-1.0,-1.0,-1.0,-1.0,-1.0,-1.0,-1.0,-1.0,-1.0,-1.0,-1.0,-1.0,-1.0,-1.0,-1.0,-1.0,-1.0,-1.0,-1.0,-1.0,-1.0,-1.0,-1.0,-1.0,-1.0,-1.0,-1.0,-1.0,-1.0,-1.0,-1.0,-1.0,-1.0,-1.0,-1.0,-1.0,-1.0,-1.0,-1.0,-1.0,-1.0,-1.0,-1.0,-1.0,-1.0,-1.0,-1.0,-1.0,-1.0,-1.0,-1.0,-1.0,-1.0,-1.0,-1.0,-1.0,-1.0,-1.0,-1.0,-1.0,-1.0,-1.0,-1.0,-1.0,-1.0,-1.0,-1.0,-1.0,-1.0,-1.0,-1.0,-1.0,-1.0,-1.0,-1.0,-1.0,-1.0,-1.0,-1.0,-1.0,-1.0,-1.0,-1.0,-1.0,-1.0,-1.0,-1.0,-1.0,-1.0,-1.0,-1.0,-1.0,-1.0,-1.0,-1.0,-1.0,-1.0,-1.0,-1.0,-1.0,-1.0,-1.0,-1.0,-1.0,-1.0,-1.0,-1.0,-1.0,-1.0,-1.0,-1.0,-1.0,-1.0,-1.0,-1.0,-1.0,-1.0,-1.0,-1.0,-1.0,-1.0,-1.0,-1.0,-1.0,-1.0,-1.0,-1.0,-1.0,-1.0,-1.0,-1.0,-1.0,-1.0,-1.0,-1.0,-1.0,-1.0,-1.0,-1.0,-1.0,-1.0,-1.0,-1.0,-1.0,-1.0,-1.0,-1.0,-1.0,-1.0,-1.0,-1.0,-1.0,-1.0,-1.0,-1.0,-1.0,-1.0,-1.0,-1.0,-1.0,-1.0,-1.0,-1.0,-1.0,-1.0,-1.0,-1.0,-1.0,-1.0,-1.0,-1.0,-1.0,-1.0,-1.0,-1.0,-1.0,-1.0,-1.0,-1.0,-1.0,-1.0,-1.0,-1.0,-1.0,-1.0,-1.0,-1.0,-1.0,-1.0,-1.0,-1.0,-1.0,-1.0,-1.0,-1.0,-1.0,-1.0,-1.0,-1.0,-1.0,-1.0,-1.0,-1.0,-1.0,-1.0,-1.0,-1.0,-1.0,-1.0,-1.0,-1.0,-1.0,-1.0,-1.0,-1.0,-1.0,-1.0,-1.0,-1.0,-1.0,-1.0,-1.0,-1.0,-1.0,-1.0,-1.0,-1.0,-1.0,-1.0,-1.0,-1.0,-1.0,-1.0,-1.0,-1.0,-1.0,-1.0,-1.0,-1.0,-1.0,-1.0,-1.0,-1.0,-1.0,-1.0,-1.0,-1.0,-1.0,-1.0,-1.0,-1.0,-1.0,-1.0,-1.0,-1.0,-1.0,-1.0,-1.0,-1.0,-1.0,-1.0,-1.0,-1.0,-1.0,-1.0,-1.0,-1.0,-1.0,-1.0,-1.0,-1.0,-1.0,-1.0,-1.0,-1.0,-1.0,-1.0,-1.0,-1.0,-1.0,-1.0,-1.0,-1.0,-1.0,-1.0,-1.0,-1.0,-1.0,-1.0,-1.0,-1.0,-1.0,-1.0,-1.0,-1.0,-1.0,-1.0,-1.0,-1.0,-1.0,-1.0,-1.0,-1.0,-1.0,-1.0,-1.0,-1.0,-1.0,-1.0
-1.0,-1.0,-1.0,-1.0,-1.0,-1.0,-1.0,-1.0,-1.0,-1.0,-1.0,-1.0,-1.0,-1.0,-1.0,-1.0,-1.0,-1.0,-1.0,-1.0,-1.0,-1.0,-1.0,-1.0,-1.0,-1.0,-1.0,-1.0,-1.0,-1.0,-1.0,-1.0,-1.0,-1.0,-1.0,-1.0,-1.0,-1.0,-1.0,-1.0,-1.0,-1.0,-1.0,-1.0,-1.0,-1.0,-1.0,-1.0,-1.0,-1.0,-1.0,-1.0,-1.0,-1.0,-1.0,-1.0,-1.0,-1.0,-1.0,-1.0,-1.0,-1.0,-1.0,-1.0,-1.0,-1.0,-1.0,-1.0,1.0,-1.0,-1.0,-1.0,-1.0,-1.0,-1.0,-1.0,-1.0,-1.0,-1.0,-1.0,-1.0,-1.0,-1.0,-1.0,-1.0,-1.0,-1.0,-1.0,-1.0,-1.0,-1.0,-1.0,-1.0,-1.0,-1.0,-1.0,-1.0,-1.0,-1.0,-1.0,-1.0,-1.0,-1.0,-1.0,-1.0,-1.0,-1.0,-1.0,-1.0,-1.0,-1.0,-1.0,-1.0,-1.0,-1.0,-1.0,1.0,-1.0,-1.0,-1.0,-1.0,-1.0,-1.0,-1.0,-1.0,-1.0,-1.0,-1.0,-1.0,-1.0,-1.0,-1.0,-1.0,-1.0,-1.0,-1.0,-1.0,-1.0,-1.0,-1.0,-1.0,-1.0,-1.0,-1.0,-1.0,-1.0,-1.0,-1.0,-1.0,-1.0,-1.0,-1.0,-1.0,-1.0,-1.0,-1.0,-1.0,-1.0,-1.0,-1.0,-1.0,-1.0,-1.0,-1.0,-1.0,-1.0,-1.0,-1.0,-1.0,-1.0,-1.0,-1.0,-1.0,-1.0,-1.0,-1.0,-1.0,-1.0,-1.0,-1.0,-1.0,-1.0,-1.0,-1.0,-1.0,-1.0,-1.0,-1.0,-1.0,-1.0,-1.0,-1.0,-1.0,-1.0,-1.0,-1.0,-1.0,-1.0,-1.0,-1.0,-1.0,-1.0,-1.0,-1.0,-1.0,-1.0,-1.0,-1.0,-1.0,-1.0,-1.0,-1.0,-1.0,-1.0,-1.0,-1.0,-1.0,-1.0,-1.0,-1.0,-1.0,-1.0,-1.0,-1.0,-1.0,-1.0,-1.0,-1.0,-1.0,-1.0,-1.0,-1.0,-1.0,-1.0,-1.0,-1.0,-1.0,-1.0,-1.0,-1.0,-1.0,-1.0,-1.0,-1.0,-1.0,-1.0,-1.0,-1.0,-1.0,-1.0,-1.0,-1.0,-1.0,-1.0,-1.0,-1.0,-1.0,-1.0,-1.0,-1.0,-1.0,-1.0,-1.0,-1.0,-1.0,-1.0,-1.0,-1.0,-1.0,-1.0,-1.0,-1.0,-1.0,-1.0,-1.0,-1.0,-1.0,-1.0,-1.0,-1.0,-1.0,-1.0,-1.0,-1.0,-1.0,-1.0,-1.0,-1.0,-1.0,-1.0,-1.0,-1.0,-1.0,-1.0,-1.0,-1.0,-1.0,-1.0,-1.0,-1.0,-1.0,-1.0,-1.0,-1.0,-1.0,-1.0,-1.0,-1.0,-1.0,-1.0,-1.0,-1.0,-1.0,-1.0,-1.0,-1.0,-1.0,-1.0,-1.0,-1.0,-1.0,-1.0,-1.0,-1.0,-1.0,-1.0,-1.0,-1.0,-1.0,-1.0,-1.0,-1.0,-1.0,-1.0,-1.0,-1.0,-1.0,-1.0,-1.0,-1.0,-1.0,-1.0,-1.0,-1.0,-1.0,-1.0,-1.0,-1.0,-1.0,-1.0,-1.0,-1.0,-1.0,-1.0,-1.0,-1.0,-1.0,-1.0,-1.0,-1.0,-1.0,-1.0,-1.0,-1.0,-1.0,-1.0,-1.0,-1.0,-1.0,-1.0,-1.0,-1.0,-1.0,-1.0,-1.0,-1.0,-1.0,-1.0,-1.0,-1.0,-1.0
-1.0,-1.0,-1.0,-1.0,-1.0,-1.0,-1.0,-1.0,-1.0,-1.0,-1.0,-1.0,-1.0,-1.0,-1.0,-1.0,-1.0,-1.0,-1.0,-1.0,-1.0,-1.0,-1.0,-1.0,-1.0,-1.0,-1.0,-1.0,-1.0,-1.0,-1.0,-1.0,-1.0,-1.0,-1.0,-1.0,-1.0,-1.0,-1.0,-1.0,-1.0,-1.0,-1.0,-1.0,-1.0,-1.0,-1.0,-1.0,-1.0,-1.0,-1.0,-1.0,-1.0,-1.0,-1.0,-1.0,-1.0,-1.0,-1.0,-1.0,-1.0,-1.0,-1.0,-1.0,-1.0,-1.0,-1.0,-1.0,-1.0,-1.0,-1.0,-1.0,-1.0,-1.0,-1.0,-1.0,-1.0,-1.0,-1.0,-1.0,-1.0,-1.0,-1.0,-1.0,-1.0,-1.0,-1.0,-1.0,-1.0,-1.0,-1.0,-1.0,-1.0,-1.0,-1.0,-1.0,-1.0,-1.0,-1.0,-1.0,-1.0,-1.0,-1.0,-1.0,-1.0,-1.0,-1.0,-1.0,-1.0,-1.0,-1.0,-1.0,-1.0,-1.0,-1.0,-1.0,-1.0,-1.0,-1.0,-1.0,-1.0,-1.0,-1.0,-1.0,-1.0,-1.0,-1.0,-1.0,-1.0,-1.0,-1.0,-1.0,-1.0,-1.0,-1.0,-1.0,-1.0,-1.0,-1.0,-1.0,-1.0,-1.0,-1.0,-1.0,-1.0,-1.0,-1.0,-1.0,-1.0,-1.0,-1.0,-1.0,-1.0,-1.0,-1.0,-1.0,-1.0,-1.0,-1.0,-1.0,-1.0,-1.0,-1.0,-1.0,-1.0,-1.0,-1.0,-1.0,-1.0,-1.0,-1.0,-1.0,-1.0,-1.0,-1.0,-1.0,-1.0,-1.0,-1.0,-1.0,-1.0,-1.0,-1.0,-1.0,-1.0,-1.0,-1.0,-1.0,-1.0,-1.0,-1.0,-1.0,-1.0,-1.0,-1.0,-1.0,-1.0,-1.0,-1.0,-1.0,-1.0,-1.0,-1.0,-1.0,-1.0,-1.0,-1.0,-1.0,-1.0,-1.0,-1.0,-1.0,-1.0,-1.0,-1.0,-1.0,-1.0,-1.0,-1.0,-1.0,-1.0,-1.0,-1.0,-1.0,-1.0,-1.0,-1.0,-1.0,-1.0,-1.0,-1.0,-1.0,-1.0,-1.0,-1.0,-1.0,-1.0,-1.0,-1.0,-1.0,-1.0,-1.0,-1.0,-1.0,-1.0,-1.0,-1.0,-1.0,-1.0,-1.0,-1.0,-1.0,-1.0,-1.0,-1.0,-1.0,-1.0,-1.0,-1.0,-1.0,-1.0,-1.0,-1.0,-1.0,-1.0,-1.0,-1.0,-1.0,-1.0,-1.0,-1.0,-1.0,-1.0,-1.0,-1.0,-1.0,-1.0,-1.0,-1.0,-1.0,-1.0,-1.0,-1.0,-1.0,-1.0,-1.0,-1.0,-1.0,-1.0,-1.0,-1.0,-1.0,-1.0,-1.0,-1.0,-1.0,-1.0,-1.0,-1.0,-1.0,-1.0,-1.0,-1.0,-1.0,-1.0,-1.0,-1.0,-1.0,-1.0,-1.0,-1.0,-1.0,-1.0,-1.0,-1.0,-1.0,-1.0,-1.0,-1.0,-1.0,-1.0,-1.0,-1.0,-1.0,-1.0,-1.0,-1.0,-1.0,-1.0,-1.0,-1.0,-1.0,-1.0,-1.0,-1.0,-1.0,-1.0,-1.0,-1.0,-1.0,-1.0,-1.0,-1.0,-1.0,-1.0,-1.0,-1.0,-1.0,-1.0,-1.0,-1.0,-1.0,-1.0,-1.0,-1.0,-1.0,-1.0,-1.0,-1.0,-1.0,-1.0,-1.0,-1.0,-1.0,-1.0,-1.0,-1.0,-1.0,-1.0,-1.0,-1.0,-1.0,-1.0,-1.0,-1.0,-1.0,-1.0,-1.0,-1.0,-1.0,-1.0
