-1.0,-1.0,-1.0,1.0,1.0,1.0,1.0,1.0,-1.0,-1.0,-1.0,-1.0,-1.0,-1.0,-1.0,-1.0,-1.0,-1.0,-1.0,1.0,1.0,1.0,1.0,1.0,1.0,1.0,1.0,-1.0,1.0,1.0,1.0,1.0,1.0,1.0,-1.0,1.0,1.0,-1.0,-1.0,1.0,1.0,-1.0,-1.0,1.0,1.0,1.0,-1.0,1.0,-1.0,-1.0,-1.0,-1.0,-1.0,1.0,1.0,-1.0,-1.0,-1.0,-1.0,-1.0,-1.0,-1.0,1.0,-1.0,-1.0,-1.0,-1.0,-1.0,-1.0,-1.0,-1.0,1.0,-1.0,-1.0,-1.0,-1.0,-1.0,-1.0,1.0,-1.0,-1.0,-1.0,-1.0,-1.0,-1.0,-1.0,1.0,1.0,1.0,1.0,1.0,1.0,1.0,1.0,1.0,1.0,1.0,1.0,1.0,-1.0,-1.0,-1.0,-1.0,-1.0,-1.0,-1.0,-1.0,-1.0,-1.0,1.0,1.0,1.0,1.0,1.0,1.0,1.0,1.0,1.0,1.0,1.0,1.0,1.0,1.0,1.0,1.0,1.0,1.0,1.0,-1.0,-1.0,-1.0,-1.0,-1.0,-1.0,-1.0,-1.0,-1.0,1.0,1.0,1.0,-1.0,-1.0,-1.0,-1.0,-1.0,-1.0,-1.0,-1.0,-1.0,-1.0,-1.0,-1.0,-1.0,-1.0,-1.0,-1.0,-1.0,-1.0,-1.0,-1.0,-1.0,-1.0,-1.0,-1.0,-1.0,-1.0,-1.0,1.0,1.0,-1.0,-1.0,-1.0,1.0,-1.0,1.0,1.0,1.0,-1.0,-1.0,-1.0,-1.0,-1.0,-1.0,1.0,1.0,1.0,1.0,1.0,1.0,1.0,1.0,1.0,1.0,1.0,1.0,1.0,1.0,-1.0,-1.0,-1.0,-1.0,-1.0,-1.0,-1.0,-1.0,-1.0,-1.0,-1.0,1.0,1.0,-1.0,-1.0,1.0,1.0,-1.0,1.0,1.0,1.0,-1.0,-1.0,-1.0
-1.0,-1.0,-1.0,-1.0,-1.0,-1.0,-1.0,-1.0,-1.0,-1.0,-1.0,-1.0,-1.0,-1.0,-1.0,-1.0,-1.0,-1.0,-1.0,-1.0,-1.0,-1.0,-1.0,-1.0,-1.0,-1.0,-1.0,-1.0,-1.0,-1.0,-1.0,-1.0,-1.0,-1.0,-1.0,-1.0,-1.0,-1.0,-1.0,-1.0,-1.0,-1.0,-1.0,-1.0,-1.0,-1.0,-1.0,-1.0,-1.0,-1.0,-1.0,-1.0,-1.0,-1.0,-1.0,-1.0,-1.0,-1.0,-1.0,-1.0,-1.0,-1.0,-1.0,-1.0,-1.0,-1.0,-1.0,-1.0,-1.0,-1.0,-1.0,-1.0,-1.0,-1.0,-1.0,-1.0,-1.0,-1.0,-1.0,-1.0,-1.0,-1.0,-1.0,-1.0,-1.0,-1.0,-1.0,-1.0,-1.0,-1.0,-1.0,-1.0,-1.0,-1.0,-1.0,-1.0,-1.0,-1.0,-1.0,-1.0,-1.0,-1.0,-1.0,-1.0,-1.0,-1.0,-1.0,-1.0,-1.0,-1.0,-1.0,-1.0,-1.0,-1.0,-1.0,-1.0,-1.0,-1.0,-1.0,-1.0,-1.0,-1.0,-1.0,-1.0,-1.0,-1.0,-1.0,-1.0,-1.0,-1.0,-1.0,-1.0,-1.0,-1.0,-1.0,-1.0,-1.0,-1.0,-1.0,-1.0,-1.0,-1.0,-1.0,-1.0,-1.0,-1.0,-1.0,-1.0,-1.0,-1.0,-1.0,-1.0,-1.0,-1.0,-1.0,-1.0,-1.0,-1.0,-1.0,-1.0,-1.0,-1.0,-1.0,-1.0,-1.0,-1.0,-1.0,-1.0,-1.0,-1.0,-1.0,-1.0,-1.0,-1.0,-1.0,-1.0,-1.0,-1.0,-1.0,-1.0,-1.0,-1.0,-1.0,-1.0,-1.0,-1.0,-1.0,-1.0,-1.0,-1.0,-1.0,-1.0,-1.0,-1.0,-1.0,-1.0,-1.0,-1.0,-1.0,-1.0,-1.0,-1.0,-1.0,-1.0,-1.0,-1.0,-1.0,-1.0,-1.0,-1.0,-1.0,-1.0,-1.0,-1.0,-1.0,-1.0,-1.0,-1.0,-1.0,-1.0,-1.0
0.0,0.0,0.0,0.0,0.0,0.0,0.0,0.0,0.0,0.0,0.0,0.0,0.0,0.0,0.0,0.0,0.0,0.0,0.0,0.0,0.0,0.0,0.0,0.0,0.0,0.0,0.0,0.0,0.0,0.0,0.0,0.0,0.0,0.0,0.0,0.0,0.0,0.0,0.0,0.0,0.0,0.0,0.0,0.0,0.0,0.0,0.0,0.0,0.0,0.0,0.0,0.0,0.0,0.0,0.0,0.0,0.0,0.0,0.0,0.0,0.0,0.0,0.0,0.0,0.0,0.0,0.0,0.0,0.0,0.0,0.0,0.0,0.0,0.0,0.0,0.0,0.0,0.0,0.0,0.0,0.0,0.0,0.0,0.0,0.0,0.0,0.0,0.0,0.0,0.0,0.0,0.0,0.0,0.0,0.0,0.0,0.0,0.0,0.0,0.0,0.0,0.0,0.0,0.0,0.0,0.0,0.0,0.0,0.0,0.0,0.0,0.0,0.0,0.0,0.0,0.0,0.0,0.0,0.0,0.0,0.0,0.0,0.0,0.0,0.0,0.0,0.0,0.0,0.0,0.0,0.0,0.0,0.0,0.0,0.0,0.0,0.0,0.0,0.0,0.0,0.0,0.0,0.0,0.0,0.0,0.0,0.0,0.0,0.0,0.0,0.0,0.0,0.0,0.0,0.0,0.0,0.0,0.0,0.0,0.0,0.0,0.0,0.0,0.0,0.0,0.0,0.0,0.0,0.0,0.0,0.0,0.0,0.0,0.0,0.0,0.0,0.0,0.0,0.0,0.0,0.0,0.0,0.0,0.0,0.0,0.0,0.0,0.0,0.0,0.0,0.0,0.0,0.0,0.0,0.0,0.0,0.0,0.0,0.0,0.0,0.0,0.0,0.0,0.0,0.0,0.0,0.0,0.0,0.0,0.0,0.0,0.0,0.0,0.0,0.0,0.0,0.0,0.0,0.0,0.0,0.0
0.30918791307372295,0.30918791307372295,0.30918791307372295,0.30918791307372295,0.30918791307372295,0.30918791307372295,0.30918791307372295,0.30918791307372295,0.30918791307372295,0.30918791307372295,0.30918791307372295,0.30918791307372295,0.30918791307372295,0.30918791307372295,0.30918791307372295,0.30918791307372295,0.30918791307372295,0.30918791307372295,0.30918791307372295,0.30918791307372295,0.30918791307372295,0.30918791307372295,0.30918791307372295,0.30918791307372295,0.30918791307372295,0.30918791307372295,0.30918791307372295,0.30918791307372295,0.30918791307372295,0.30918791307372295,0.30918791307372295,0.30918791307372295,0.30918791307372295,0.30918791307372295,0.30918791307372295,0.30918791307372295,0.30918791307372295,0.30918791307372295,0.30918791307372295,0.30918791307372295,0.30918791307372295,0.30918791307372295,0.30918791307372295,0.30918791307372295,0.30918791307372295,0.30918791307372295,0.30918791307372295,0.30918791307372295,0.30918791307372295,0.30918791307372295,0.30918791307372295,0.30918791307372295,0.30918791307372295,0.30918791307372295,0.30918791307372295,0.30918791307372295,0.30918791307372295,0.30918791307372295,0.30918791307372295,0.30918791307372295,0.30918791307372295,0.30918791307372295,0.30918791307372295,0.30918791307372295,0.30918791307372295,0.30918791307372295,0.30918791307372295,0.30918791307372295,0.30918791307372295,0.30918791307372295,0.30918791307372295,0.30918791307372295,0.30918791307372295,0.30918791307372295,0.30918791307372295,0.30918791307372295,0.30918791307372295,0.30918791307372295,0.30918791307372295,0.30918791307372295,0.30918791307372295,0.30918791307372295,0.30918791307372295,0.30918791307372295,0.30918791307372295,0.30918791307372295,0.30918791307372295,0.30918791307372295,0.30918791307372295,0.30918791307372295,0.30918791307372295,0.30918791307372295,0.30918791307372295,0.30918791307372295,0.30918791307372295,0.30918791307372295,0.30918791307372295,0.30918791307372295,0.30918791307372295,0.30918791307372295,0.30918791307372295,0.30918791307372295,0.30918791307372295,0.30918791307372295,0.30918791307372295,0.30918791307372295,0.30918791307372295,0.30918791307372295,0.30918791307372295,0.30918791307372295,0.30918791307372295,0.30918791307372295,0.30918791307372295,0.30918791307372295,0.30918791307372295,0.30918791307372295,0.30918791307372295,0.30918791307372295,0.30918791307372295,0.30918791307372295,0.30918791307372295,0.30918791307372295,0.30918791307372295,0.30918791307372295,0.30918791307372295,0.30918791307372295,0.30918791307372295,0.30918791307372295,0.30918791307372295,0.30918791307372295,0.30918791307372295,0.30918791307372295,0.30918791307372295,0.30918791307372295,0.30918791307372295,0.30918791307372295,0.30918791307372295,0.30918791307372295,0.30918791307372295,0.30918791307372295,0.30918791307372295,0.30918791307372295,0.30918791307372295,0.30918791307372295,0.30918791307372295,0.30918791307372295,0.30918791307372295,0.30918791307372295,0.30918791307372295,0.30918791307372295,-3.234513096367228,0.30918791307372295,0.30918791307372295,0.30918791307372295,0.30918791307372295,0.30918791307372295,0.30918791307372295,0.30918791307372295,0.30918791307372295,0.30918791307372295,0.30918791307372295,0.30918791307372295,0.30918791307372295,0.30918791307372295,0.30918791307372295,0.30918791307372295,0.30918791307372295,0.30918791307372295,0.30918791307372295,0.30918791307372295,0.30918791307372295,0.30918791307372295,0.30918791307372295,0.30918791307372295,0.30918791307372295,0.30918791307372295,0.30918791307372295,0.30918791307372295,0.30918791307372295,0.30918791307372295,0.30918791307372295,0.30918791307372295,0.30918791307372295,0.30918791307372295,0.30918791307372295,0.30918791307372295,0.30918791307372295,0.30918791307372295,0.30918791307372295,0.30918791307372295,0.30918791307372295,0.30918791307372295,0.30918791307372295,0.30918791307372295,0.30918791307372295,0.30918791307372295,0.30918791307372295,0.30918791307372295,0.30918791307372295,0.30918791307372295,0.30918791307372295,0.30918791307372295,0.30918791307372295,0.30918791307372295,0.30918791307372295,0.30918791307372295,0.30918791307372295,0.30918791307372295,0.30918791307372295,0.30918791307372295,0.30918791307372295,0.30918791307372295,0.30918791307372295,0.30918791307372295,0.30918791307372295,0.30918791307372295,0.30918791307372295,0.30918791307372295,0.30918791307372295,0.30918791307372295,0.30918791307372295
-0.10149845550216545,0.08368291488307082,-0.3402387645907802,0.23498711139257678,-1.2519502074688795,-1.2519502074688795,-1.2519502074688795,-0.6767243314855225,-0.6767243314855225,-0.6767243314855225,-0.6767243314855225,-0.6767243314855225,-0.6767243314855225,-0.6767243314855225,-1.2519502074688795,-1.2519502074688795,-1.2519502074688795,-0.6767243314855225,-1.2519502074688795,-0.3402387645907802,-0.6767243314855225,-0.3402387645907802,-0.6767243314855225,-0.3402387645907802,-0.6767243314855225,-0.3402387645907802,-0.6767243314855225,-0.6767243314855225,-0.6767243314855225,-1.2519502074688795,-1.2519502074688795,-1.2519502074688795,-1.2519502074688795,-1.2519502074688795,-1.2519502074688795,-1.2519502074688795,-1.2519502074688795,-0.6767243314855225,-0.6767243314855225,-1.2519502074688795,-1.2519502074688795,-1.2519502074688795,-0.6767243314855225,-1.2519502074688795,-1.2519502074688795,-1.2519502074688795,-1.2519502074688795,-1.2519502074688795,-0.3402387645907802,-1.2519502074688795,-1.2519502074688795,-0.6767243314855225,-1.2519502074688795,-1.2519502074688795,-1.2519502074688795,-1.2519502074688795,-0.6767243314855225,-1.2519502074688795,-1.2519502074688795,-1.2519502074688795,-1.2519502074688795,-0.6767243314855225,-1.2519502074688795,-1.2519502074688795,-1.2519502074688795,-0.6767243314855225,-0.6767243314855225,-1.2519502074688795,-1.2519502074688795,-1.2519502074688795,-1.2519502074688795,-1.2519502074688795,-1.2519502074688795,-1.2519502074688795,-1.2519502074688795,-0.6767243314855225,-0.6767243314855225,-0.6767243314855225,-1.2519502074688795,-1.2519502074688795,-1.2519502074688795,-1.2519502074688795,-1.2519502074688795,0.36291298676789485,-0.3402387645907802,-0.3402387645907802,-1.2519502074688795,-0.6767243314855225,-0.3402387645907802,-0.6767243314855225,-0.3402387645907802,-0.6767243314855225,-0.3402387645907802,-0.6767243314855225,-0.6767243314855225,-1.2519502074688795,-1.2519502074688795,-0.6767243314855225,-0.6767243314855225,-0.3402387645907802,-1.2519502074688795,-1.2519502074688795,-1.2519502074688795,-1.2519502074688795,-0.3402387645907802,-0.3402387645907802,-0.6767243314855225,-0.6767243314855225,-1.2519502074688795,-1.2519502074688795,-1.2519502074688795,-0.6767243314855225,-1.2519502074688795,-1.2519502074688795,-0.6767243314855225,-0.6767243314855225,-1.2519502074688795,-0.6767243314855225,-1.2519502074688795,-1.2519502074688795,-1.2519502074688795,-0.6767243314855225,-1.2519502074688795,-1.2519502074688795,-1.2519502074688795,-1.2519502074688795,-0.3402387645907802,-0.6767243314855225,0.8766384709224371,-0.6767243314855225,1.4831841211654184,-0.6767243314855225,-1.2519502074688795,-0.10149845550216545,-0.3402387645907802,0.36291298676789485,-0.3402387645907802,-0.3402387645907802,-0.3402387645907802,-0.3402387645907802,1.234134666849785,-1.2519502074688795,1.6526141078838175,1.6526141078838175,1.6526141078838175,1.4518643469057944,1.6526141078838175,0.08368291488307082,-0.10149845550216545,0.4737274204811915,0.0,1.0489532964645487,-0.6767243314855225,1.6241791724479058,1.6526141078838175,0.36291298676789485,1.1915676175655106,-0.10149845550216545,0.08368291488307082,1.350119681269004,-1.2519502074688795,1.6526141078838175,-1.2519502074688795,-0.6767243314855225,1.6526141078838175,0.9381388627512518,-1.2519502074688795,-0.6767243314855225,-0.3402387645907802,-0.6767243314855225,-0.6767243314855225,-1.2519502074688795,-1.2519502074688795,-1.2519502074688795,-0.3402387645907802,-0.3402387645907802,-0.3402387645907802,-0.3402387645907802,-0.3402387645907802,-0.3402387645907802,-0.3402387645907802,-0.3402387645907802,-0.6767243314855225,-1.2519502074688795,-0.6767243314855225,-1.2519502074688795,-1.2519502074688795,-1.2519502074688795,-0.6767243314855225,-1.2519502074688795,-1.2519502074688795,-1.2519502074688795,-1.2519502074688795,-1.2519502074688795,-1.2519502074688795,-1.2519502074688795,-1.2519502074688795,-0.6767243314855225,-0.6767243314855225,-1.2519502074688795,-0.3402387645907802,-0.6767243314855225,-0.6767243314855225,-0.6767243314855225,-1.2519502074688795,-0.6767243314855225,-0.6767243314855225,-0.3402387645907802,-1.2519502074688795,-1.2519502074688795,-0.3402387645907802,-0.3402387645907802,-1.2519502074688795,-0.6767243314855225,-0.3402387645907802,0.23498711139257678,-1.2519502074688795,-1.2519502074688795,-0.3402387645907802,0.810212987375934,-1.2519502074688795
-0.4775130935520587,-0.4775130935520587,0.5719650796632643,0.04722599305560278,2.6709214260939103,2.1461823394862485,2.6709214260939103,0.04722599305560278,-1.0022521801597202,-0.4775130935520587,1.0967041662709258,0.5719650796632643,1.0967041662709258,1.0967041662709258,2.6709214260939103,4.245138685916894,4.245138685916894,-1.0022521801597202,0.5719650796632643,-1.0022521801597202,2.6709214260939103,-1.0022521801597202,-0.4775130935520587,-1.0022521801597202,-0.4775130935520587,-1.0022521801597202,1.6214432528785871,1.0967041662709258,2.6709214260939103,-0.4775130935520587,1.0967041662709258,0.04722599305560278,1.0967041662709258,2.1461823394862485,-0.4775130935520587,-0.4775130935520587,-0.4775130935520587,-0.4775130935520587,-1.0022521801597202,3.1956605127015716,1.0967041662709258,0.5719650796632643,1.6214432528785871,1.6214432528785871,-0.4775130935520587,1.6214432528785871,2.6709214260939103,1.0967041662709258,0.04722599305560278,2.6709214260939103,1.6214432528785871,0.5719650796632643,1.0967041662709258,0.04722599305560278,1.6214432528785871,1.0967041662709258,0.04722599305560278,0.5719650796632643,1.0967041662709258,-1.0022521801597202,-0.4775130935520587,-0.4775130935520587,1.0967041662709258,0.04722599305560278,0.04722599305560278,-1.0022521801597202,-0.4775130935520587,-0.4775130935520587,0.04722599305560278,2.1461823394862485,0.04722599305560278,2.1461823394862485,1.0967041662709258,-0.4775130935520587,1.0967041662709258,-1.0022521801597202,0.5719650796632643,0.04722599305560278,0.04722599305560278,-1.0022521801597202,0.5719650796632643,0.5719650796632643,0.04722599305560278,-1.0022521801597202,0.04722599305560278,0.04722599305560278,2.1461823394862485,2.6709214260939103,-1.0022521801597202,-0.4775130935520587,-1.0022521801597202,-0.4775130935520587,-1.0022521801597202,1.6214432528785871,0.04722599305560278,0.5719650796632643,1.6214432528785871,1.0967041662709258,0.5719650796632643,-0.4775130935520587,0.04722599305560278,1.6214432528785871,1.6214432528785871,3.1956605127015716,-1.0022521801597202,0.04722599305560278,0.04722599305560278,1.0967041662709258,2.6709214260939103,1.6214432528785871,1.0967041662709258,0.04722599305560278,0.5719650796632643,1.6214432528785871,1.0967041662709258,0.5719650796632643,-1.0022521801597202,0.5719650796632643,0.04722599305560278,3.1956605127015716,0.5719650796632643,0.04722599305560278,1.6214432528785871,-0.4775130935520587,1.0967041662709258,-0.4775130935520587,0.5719650796632643,0.04722599305560278,0.04722599305560278,1.0967041662709258,-0.4775130935520587,0.5719650796632643,4.769877772524556,-1.0022521801597202,-1.0022521801597202,-1.0022521801597202,-1.0022521801597202,0.04722599305560278,-0.4775130935520587,-0.4775130935520587,-0.4775130935520587,-1.0022521801597202,-0.4775130935520587,-0.4775130935520587,0.04722599305560278,-0.4775130935520587,-0.4775130935520587,-0.4775130935520587,0.04722599305560278,-0.4775130935520587,-1.0,-0.4775130935520587,-0.4775130935520587,-0.4775130935520587,0.04722599305560278,-0.4775130935520587,-0.4775130935520587,-0.4775130935520587,-1.0022521801597202,-0.4775130935520587,1.6214432528785871,-0.4775130935520587,1.6214432528785871,-0.4775130935520587,-0.4775130935520587,-0.4775130935520587,0.5719650796632643,0.04722599305560278,0.5719650796632643,0.04722599305560278,0.04722599305560278,1.6214432528785871,0.04722599305560278,1.0967041662709258,0.04722599305560278,-0.4775130935520587,-0.4775130935520587,0.04722599305560278,0.04722599305560278,0.04722599305560278,0.04722599305560278,0.04722599305560278,0.04722599305560278,-1.0022521801597202,0.5719650796632643,0.04722599305560278,3.1956605127015716,0.5719650796632643,0.04722599305560278,1.6214432528785871,-0.4775130935520587,1.0967041662709258,-0.4775130935520587,1.0967041662709258,0.04722599305560278,1.0967041662709258,2.1461823394862485,-0.4775130935520587,2.6709214260939103,2.6709214260939103,-1.0022521801597202,0.5719650796632643,0.5719650796632643,1.0967041662709258,-0.4775130935520587,-0.4775130935520587,0.04722599305560278,1.0967041662709258,1.6214432528785871,1.0967041662709258,0.04722599305560278,-0.4775130935520587,0.5719650796632643,0.5719650796632643,0.5719650796632643,0.04722599305560278,2.6709214260939103,2.1461823394862485,-1.0022521801597202,0.04722599305560278,0.04722599305560278
1.0,1.0,-1.0,1.0,-1.0,-1.0,-1.0,-1.0,1.0,-1.0,-1.0,-1.0,-1.0,-1.0,-1.0,-1.0,-1.0,1.0,-1.0,1.0,-1.0,1.0,-1.0,1.0,-1.0,1.0,-1.0,-1.0,-1.0,-1.0,-1.0,-1.0,-1.0,-1.0,-1.0,-1.0,-1.0,-1.0,-1.0,-1.0,-1.0,-1.0,-1.0,-1.0,-1.0,-1.0,-1.0,-1.0,-1.0,-1.0,-1.0,-1.0,-1.0,-1.0,-1.0,-1.0,-1.0,-1.0,-1.0,-1.0,-1.0,-1.0,-1.0,-1.0,-1.0,-1.0,-1.0,-1.0,-1.0,-1.0,-1.0,-1.0,-1.0,-1.0,-1.0,-1.0,-1.0,-1.0,-1.0,-1.0,-1.0,-1.0,-1.0,1.0,1.0,1.0,-1.0,-1.0,1.0,-1.0,1.0,-1.0,1.0,-1.0,-1.0,-1.0,-1.0,-1.0,-1.0,-1.0,-1.0,-1.0,-1.0,-1.0,-1.0,1.0,-1.0,-1.0,-1.0,-1.0,-1.0,-1.0,-1.0,-1.0,-1.0,-1.0,-1.0,-1.0,-1.0,-1.0,-1.0,-1.0,-1.0,-1.0,-1.0,-1.0,-1.0,-1.0,1.0,-1.0,1.0,-1.0,-1.0,-1.0,-1.0,1.0,-1.0,1.0,1.0,-1.0,1.0,-1.0,1.0,1.0,1.0,1.0,1.0,-1.0,1.0,1.0,-1.0,1.0,-1.0,1.0,1.0,1.0,1.0,1.0,-1.0,1.0,-1.0,1.0,-1.0,1.0,1.0,1.0,-1.0,-1.0,-1.0,-1.0,-1.0,-1.0,-1.0,-1.0,1.0,1.0,-1.0,1.0,1.0,1.0,1.0,1.0,-1.0,-1.0,-1.0,-1.0,-1.0,-1.0,-1.0,-1.0,-1.0,-1.0,-1.0,-1.0,-1.0,-1.0,-1.0,-1.0,-1.0,-1.0,1.0,-1.0,-1.0,-1.0,-1.0,-1.0,-1.0,-1.0,-1.0,-1.0,1.0,-1.0,-1.0,-1.0,-1.0,1.0,-1.0,-1.0,1.0,1.0,-1.0
1.0,-1.0,-1.0,-1.0,-1.0,-1.0,-1.0,-1.0,-1.0,-1.0,-1.0,-1.0,-1.0,-1.0,-1.0,-1.0,-1.0,-1.0,-1.0,-1.0,-1.0,-1.0,-1.0,-1.0,-1.0,-1.0,-1.0,-1.0,-1.0,-1.0,-1.0,-1.0,-1.0,-1.0,-1.0,-1.0,-1.0,-1.0,-1.0,-1.0,-1.0,-1.0,-1.0,-1.0,-1.0,-1.0,-1.0,-1.0,-1.0,-1.0,-1.0,-1.0,-1.0,-1.0,-1.0,-1.0,-1.0,-1.0,-1.0,-1.0,-1.0,-1.0,-1.0,-1.0,-1.0,-1.0,1.0,-1.0,-1.0,-1.0,-1.0,-1.0,-1.0,-1.0,-1.0,1.0,-1.0,-1.0,-1.0,-1.0,-1.0,-1.0,-1.0,-1.0,-1.0,-1.0,-1.0,-1.0,-1.0,-1.0,-1.0,-1.0,-1.0,-1.0,-1.0,-1.0,-1.0,-1.0,-1.0,-1.0,-1.0,-1.0,-1.0,-1.0,-1.0,-1.0,-1.0,-1.0,-1.0,-1.0,-1.0,-1.0,-1.0,-1.0,-1.0,-1.0,-1.0,-1.0,-1.0,-1.0,-1.0,-1.0,-1.0,-1.0,-1.0,-1.0,1.0,-1.0,-1.0,1.0,-1.0,-1.0,-1.0,-1.0,-1.0,-1.0,-1.0,-1.0,-1.0,-1.0,-1.0,-1.0,-1.0,-1.0,-1.0,-1.0,-1.0,-1.0,-1.0,-1.0,-1.0,-1.0,-1.0,-1.0,-1.0,-1.0,-1.0,-1.0,-1.0,-1.0,-1.0,-1.0,-1.0,-1.0,-1.0,-1.0,-1.0,-1.0,1.0,1.0,-1.0,-1.0,-1.0,-1.0,-1.0,-1.0,-1.0,-1.0,-1.0,-1.0,-1.0,-1.0,-1.0,-1.0,-1.0,-1.0,-1.0,-1.0,-1.0,-1.0,-1.0,-1.0,-1.0,-1.0,-1.0,-1.0,-1.0,-1.0,-1.0,-1.0,-1.0,-1.0,-1.0,-1.0,-1.0,-1.0,-1.0,-1.0,-1.0,-1.0,-1.0,-1.0,-1.0,-1.0,-1.0,-1.0,-1.0,-1.0,-1.0,-1.0,-1.0
-1.0,-1.0,-1.0,-1.0,-1.0,-1.0,-1.0,-1.0,-1.0,-1.0,-1.0,-1.0,-1.0,-1.0,-1.0,-1.0,-1.0,-1.0,-1.0,-1.0,-1.0,-1.0,-1.0,-1.0,-1.0,-1.0,-1.0,-1.0,-1.0,-1.0,-1.0,-1.0,-1.0,-1.0,-1.0,-1.0,-1.0,-1.0,-1.0,-1.0,-1.0,-1.0,-1.0,-1.0,-1.0,-1.0,-1.0,-1.0,-1.0,-1.0,-1.0,-1.0,-1.0,-1.0,-1.0,-1.0,-1.0,-1.0,-1.0,-1.0,-1.0,-1.0,-1.0,-1.0,-1.0,-1.0,-1.0,-1.0,-1.0,-1.0,-1.0,-1.0,-1.0,-1.0,-1.0,-1.0,-1.0,-1.0,-1.0,-1.0,-1.0,-1.0,-1.0,-1.0,-1.0,-1.0,-1.0,-1.0,-1.0,-1.0,-1.0,-1.0,-1.0,-1.0,-1.0,-1.0,-1.0,-1.0,-1.0,-1.0,-1.0,-1.0,-1.0,-1.0,-1.0,-1.0,-1.0,-1.0,-1.0,-1.0,-1.0,-1.0,-1.0,-1.0,-1.0,-1.0,-1.0,-1.0,-1.0,-1.0,-1.0,-1.0,-1.0,-1.0,-1.0,-1.0,-1.0,-1.0,-1.0,-1.0,-1.0,-1.0,-1.0,-1.0,-1.0,-1.0,-1.0,-1.0,-1.0,-1.0,-1.0,-1.0,-1.0,-1.0,-1.0,-1.0,-1.0,-1.0,-1.0,-1.0,-1.0,-1.0,-1.0,-1.0,-1.0,-1.0,-1.0,-1.0,1.0,-1.0,-1.0,-1.0,-1.0,-1.0,-1.0,-1.0,-1.0,-1.0,-1.0,-1.0,-1.0,-1.0,-1.0,-1.0,-1.0,-1.0,-1.0,-1.0,-1.0,-1.0,-1.0,-1.0,-1.0,-1.0,-1.0,-1.0,-1.0,-1.0,-1.0,-1.0,-1.0,-1.0,-1.0,-1.0,-1.0,-1.0,-1.0,-1.0,-1.0,-1.0,-1.0,-1.0,-1.0,-1.0,-1.0,-1.0,-1.0,-1.0,-1.0,-1.0,-1.0,-1.0,-1.0,-1.0,-1.0,-1.0,-1.0,-1.0,-1.0,-1.0,-1.0
-0.8109875735775016,-1.1379986919555263,-2.446043165467626,-1.356006104207543,-2.446043165467626,-2.446043165467626,-2.446043165467626,-2.446043165467626,0.8240680183126226,-2.446043165467626,-2.446043165467626,-2.446043165467626,-2.446043165467626,-2.446043165467626,-2.446043165467626,-2.446043165467626,-2.446043165467626,0.8240680183126226,-2.446043165467626,1.914105079572705,-2.446043165467626,1.914105079572705,-2.446043165467626,1.914105079572705,-2.446043165467626,1.914105079572705,-2.446043165467626,-2.446043165467626,-2.446043165467626,-2.446043165467626,-2.446043165467626,-2.446043165467626,-2.446043165467626,-2.446043165467626,-2.446043165467626,-2.446043165467626,-2.446043165467626,-2.446043165467626,-2.446043165467626,-2.446043165467626,-2.446043165467626,-2.446043165467626,-2.446043165467626,-2.446043165467626,-2.446043165467626,-2.446043165467626,-2.446043165467626,-2.446043165467626,-2.446043165467626,-2.446043165467626,-2.446043165467626,-2.446043165467626,-2.446043165467626,-2.446043165467626,-2.446043165467626,-2.446043165467626,-2.446043165467626,-2.446043165467626,-2.446043165467626,-2.446043165467626,-2.446043165467626,-2.446043165467626,-2.446043165467626,-2.446043165467626,-2.446043165467626,-2.446043165467626,-2.446043165467626,-2.446043165467626,-2.446043165467626,-2.446043165467626,-2.446043165467626,-2.446043165467626,-2.446043165467626,-2.446043165467626,-2.446043165467626,-2.446043165467626,-2.446043165467626,-2.446043165467626,-2.446043165467626,-2.446043165467626,-2.446043165467626,-2.446043165467626,-2.446043165467626,0.35690927777258696,-0.2659690429474603,-0.2659690429474603,-2.446043165467626,-2.446043165467626,1.914105079572705,-2.446043165467626,1.914105079572705,-2.446043165467626,1.914105079572705,-2.446043165467626,-2.446043165467626,-2.446043165467626,-2.446043165467626,-2.446043165467626,-2.446043165467626,-2.446043165467626,-2.446043165467626,-2.446043165467626,-2.446043165467626,-2.446043165467626,-2.446043165467626,-0.2659690429474603,-2.446043165467626,-2.446043165467626,-2.446043165467626,-2.446043165467626,-2.446043165467626,-2.446043165467626,-2.446043165467626,-2.446043165467626,-2.446043165467626,-2.446043165467626,-2.446043165467626,-2.446043165467626,-2.446043165467626,-2.446043165467626,-2.446043165467626,-2.446043165467626,-2.446043165467626,-2.446043165467626,-2.446043165467626,-2.446043165467626,-2.446043165467626,-2.446043165467626,-0.4336670523720882,-2.446043165467626,-0.5081995010052565,-2.446043165467626,-2.446043165467626,-2.446043165467626,-2.446043165467626,-1.5117256843875548,-2.446043165467626,-0.2659690429474603,-0.2659690429474603,-2.446043165467626,-0.4839764551994768,-2.446043165467626,-0.577408203307484,-0.2659690429474603,-0.01681771465944119,0.3209739900387382,-0.09565075212557225,-2.446043165467626,-0.8109875735775016,-0.8109875735775016,0.0,0.006540222367560503,-2.446043165467626,-0.19784172661870503,-0.08043081975425447,-1.5117256843875548,0.30773467350521483,0.8240680183126226,-2.446043165467626,0.11317428270822089,-2.446043165467626,0.24698957411610806,-2.446043165467626,0.8240680183126226,-0.17118321153354002,-0.11024946276744832,-2.446043165467626,-2.446043165467626,-2.446043165467626,-2.446043165467626,-2.446043165467626,-2.446043165467626,-2.446043165467626,-2.446043165467626,-0.2659690429474603,-0.2659690429474603,-2.446043165467626,-0.2659690429474603,-0.2659690429474603,-0.2659690429474603,-0.2659690429474603,-0.2659690429474603,-2.446043165467626,-2.446043165467626,-2.446043165467626,-2.446043165467626,-2.446043165467626,-2.446043165467626,-2.446043165467626,-2.446043165467626,-2.446043165467626,-2.446043165467626,-2.446043165467626,-2.446043165467626,-2.446043165467626,-2.446043165467626,-2.446043165467626,-2.446043165467626,-2.446043165467626,-2.446043165467626,-0.2659690429474603,-2.446043165467626,-2.446043165467626,-2.446043165467626,-2.446043165467626,-2.446043165467626,-2.446043165467626,-2.446043165467626,-2.446043165467626,-2.446043165467626,-0.2659690429474603,-2.446043165467626,-2.446043165467626,-2.446043165467626,-2.446043165467626,-1.356006104207543,-2.446043165467626,-2.446043165467626,-0.2659690429474603,-1.356006104207543,-2.446043165467626
1.0,-1.0,-1.0,-1.0,-1.0,-1.0,-1.0,-1.0,-1.0,-1.0,-1.0,-1.0,-1.0,-1.0,-1.0,-1.0,-1.0,-1.0,-1.0,-1.0,-1.0,-1.0,-1.0,-1.0,-1.0,-1.0,-1.0,-1.0,-1.0,-1.0,-1.0,-1.0,-1.0,-1.0,-1.0,-1.0,-1.0,-1.0,-1.0,-1.0,-1.0,-1.0,-1.0,-1.0,-1.0,-1.0,-1.0,-1.0,-1.0,-1.0,-1.0,-1.0,-1.0,-1.0,-1.0,-1.0,-1.0,-1.0,-1.0,-1.0,-1.0,-1.0,-1.0,-1.0,-1.0,-1.0,1.0,-1.0,-1.0,-1.0,-1.0,-1.0,-1.0,-1.0,-1.0,1.0,-1.0,-1.0,-1.0,-1.0,-1.0,-1.0,-1.0,-1.0,-1.0,-1.0,-1.0,-1.0,-1.0,-1.0,-1.0,-1.0,-1.0,-1.0,-1.0,-1.0,-1.0,-1.0,-1.0,-1.0,-1.0,-1.0,-1.0,-1.0,-1.0,-1.0,-1.0,-1.0,-1.0,-1.0,-1.0,-1.0,-1.0,-1.0,-1.0,-1.0,-1.0,-1.0,-1.0,-1.0,-1.0,-1.0,-1.0,-1.0,-1.0,-1.0,1.0,-1.0,-1.0,1.0,-1.0,-1.0,-1.0,-1.0,-1.0,-1.0,-1.0,-1.0,-1.0,-1.0,-1.0,-1.0,-1.0,-1.0,-1.0,-1.0,-1.0,-1.0,-1.0,-1.0,-1.0,-1.0,-1.0,-1.0,-1.0,-1.0,-1.0,-1.0,-1.0,-1.0,-1.0,-1.0,-1.0,-1.0,-1.0,-1.0,-1.0,-1.0,1.0,1.0,-1.0,-1.0,-1.0,-1.0,-1.0,-1.0,-1.0,-1.0,-1.0,-1.0,-1.0,-1.0,-1.0,-1.0,-1.0,-1.0,-1.0,-1.0,-1.0,-1.0,-1.0,-1.0,-1.0,-1.0,-1.0,-1.0,-1.0,-1.0,-1.0,-1.0,-1.0,-1.0,-1.0,-1.0,-1.0,-1.0,-1.0,-1.0,-1.0,-1.0,-1.0,-1.0,-1.0,-1.0,-1.0,-1.0,-1.0,-1.0,-1.0,-1.0,-1.0
-0.3722746267518522,-0.09034067734104072,-0.3722746267518522,0.30210161745907094,-0.8379914509840762,-0.8379914509840762,-0.8379914509840762,-0.8379914509840762,-0.8379914509840762,-0.8379914509840762,-0.471255805443032,-0.7073537229411824,-0.6425382111868007,-0.471255805443032,-0.8379914509840762,-0.7769746277781607,-0.7769746277781607,-0.8379914509840762,-0.8379914509840762,-0.7769746277781607,-0.3264385948391911,-0.7769746277781607,-0.8379914509840762,-0.7769746277781607,-0.8379914509840762,-0.7769746277781607,-0.5249534087498556,-0.5819073491100745,-0.3264385948391911,-0.8379914509840762,-0.8379914509840762,-0.8379914509840762,-0.8379914509840762,-0.8379914509840762,-0.8379914509840762,-0.8379914509840762,-0.8379914509840762,-0.8379914509840762,-0.8379914509840762,-0.8379914509840762,-0.8379914509840762,-0.8379914509840762,-0.471255805443032,-0.8379914509840762,-0.8379914509840762,-0.8379914509840762,-0.8379914509840762,-0.8379914509840762,-0.5249534087498556,-0.8379914509840762,-0.8379914509840762,-0.7073537229411824,-0.8379914509840762,-0.8379914509840762,-0.8379914509840762,-0.8379914509840762,-0.8379914509840762,-0.8379914509840762,-0.8379914509840762,-0.8379914509840762,-0.8379914509840762,-0.8379914509840762,-0.8379914509840762,-0.8379914509840762,-0.8379914509840762,-0.8379914509840762,-0.8379914509840762,-0.8379914509840762,-0.8379914509840762,-0.8379914509840762,-0.8379914509840762,-0.8379914509840762,-0.8379914509840762,-0.8379914509840762,-0.8379914509840762,-0.8379914509840762,-0.5819073491100745,-0.7769746277781607,-0.8379914509840762,-0.8379914509840762,-0.8379914509840762,-0.8379914509840762,-0.8379914509840762,0.06927136342686518,-0.471255805443032,-0.42046223010339584,-0.8379914509840762,-0.3264385948391911,-0.7769746277781607,-0.8379914509840762,-0.7769746277781607,-0.8379914509840762,-0.7769746277781607,-0.5249534087498556,-0.8379914509840762,-0.8379914509840762,-0.8379914509840762,-0.6425382111868007,-0.7073537229411824,-0.5819073491100745,-0.8379914509840762,-0.8379914509840762,-0.8379914509840762,-0.8379914509840762,-0.7769746277781607,-0.42046223010339584,-0.8379914509840762,-0.6425382111868007,-0.8379914509840762,-0.8379914509840762,-0.8379914509840762,-0.8379914509840762,-0.8379914509840762,-0.8379914509840762,-0.6425382111868007,-0.7073537229411824,-0.8379914509840762,-0.7073537229411824,-0.8379914509840762,-0.8379914509840762,-0.8379914509840762,-0.8379914509840762,-0.8379914509840762,-0.8379914509840762,-0.8379914509840762,-0.8379914509840762,-0.28273525918707676,-0.8379914509840762,0.9062979253977095,-0.6425382111868007,1.5392342725280055,-0.7073537229411824,-0.6425382111868007,-0.7073537229411824,-0.8379914509840762,0.039444975795149016,-0.8379914509840762,-0.5249534087498556,-0.5819073491100745,-0.6425382111868007,1.2872130534997008,-0.8379914509840762,1.9803654469444316,1.9803654469444316,1.9803654469444316,1.5753715084975637,1.9803654469444316,-0.09034067734104072,-0.056175010404242665,0.3684434533498625,-0.8379914509840762,1.0613824764423323,-0.8379914509840762,1.7525439166027355,1.9803654469444316,0.2056629363936535,1.2461824146696363,-0.3264385948391911,-0.2009922210080832,1.3418024008690284,-0.8379914509840762,1.9803654469444316,-0.8379914509840762,-0.8379914509840762,1.9803654469444316,0.9300827983220268,-0.8379914509840762,-0.8379914509840762,-0.28273525918707676,-0.8379914509840762,-0.8379914509840762,-0.8379914509840762,-0.8379914509840762,-0.8379914509840762,-0.5249534087498556,-0.5819073491100745,-0.6425382111868007,-0.5249534087498556,-0.471255805443032,-0.5249534087498556,-0.471255805443032,-0.471255805443032,-0.8379914509840762,-0.8379914509840762,-0.7073537229411824,-0.8379914509840762,-0.8379914509840762,-0.8379914509840762,-0.8379914509840762,-0.8379914509840762,-0.8379914509840762,-0.8379914509840762,-0.8379914509840762,-0.8379914509840762,-0.8379914509840762,-0.8379914509840762,-0.8379914509840762,-0.8379914509840762,-0.2009922210080832,-0.8379914509840762,-0.8379914509840762,-0.7073537229411824,-0.7769746277781607,-0.471255805443032,-0.8379914509840762,-0.8379914509840762,-0.8379914509840762,-0.1626419043936299,-0.8379914509840762,-0.8379914509840762,-0.5249534087498556,-0.7073537229411824,-0.8379914509840762,-0.7073537229411824,-0.3722746267518522,0.30210161745907094,-0.8379914509840762,-0.8379914509840762,-0.8379914509840762,0.998024610130591,-0.8379914509840762
-1.0,-1.0,-1.0,1.0,-1.0,-1.0,-1.0,-1.0,-1.0,-1.0,-1.0,-1.0,-1.0,-1.0,-1.0,-1.0,-1.0,-1.0,-1.0,-1.0,-1.0,-1.0,-1.0,-1.0,-1.0,-1.0,-1.0,1.0,-1.0,-1.0,-1.0,-1.0,-1.0,-1.0,-1.0,-1.0,-1.0,-1.0,-1.0,-1.0,-1.0,-1.0,-1.0,-1.0,-1.0,-1.0,-1.0,-1.0,-1.0,-1.0,-1.0,-1.0,-1.0,-1.0,-1.0,-1.0,-1.0,-1.0,-1.0,-1.0,-1.0,-1.0,-1.0,-1.0,-1.0,-1.0,-1.0,-1.0,-1.0,-1.0,-1.0,-1.0,-1.0,-1.0,-1.0,-1.0,-1.0,-1.0,-1.0,-1.0,-1.0,-1.0,-1.0,1.0,-1.0,-1.0,-1.0,-1.0,-1.0,-1.0,-1.0,-1.0,-1.0,-1.0,-1.0,-1.0,-1.0,-1.0,-1.0,-1.0,-1.0,-1.0,-1.0,-1.0,-1.0,-1.0,-1.0,-1.0,-1.0,-1.0,-1.0,-1.0,-1.0,-1.0,-1.0,-1.0,-1.0,-1.0,-1.0,-1.0,-1.0,-1.0,-1.0,-1.0,-1.0,-1.0,-1.0,-1.0,-1.0,-1.0,1.0,-1.0,-1.0,-1.0,1.0,-1.0,1.0,-1.0,-1.0,-1.0,1.0,-1.0,1.0,1.0,1.0,1.0,1.0,-1.0,1.0,-1.0,1.0,1.0,-1.0,1.0,1.0,-1.0,1.0,-1.0,1.0,1.0,-1.0,1.0,-1.0,1.0,1.0,1.0,-1.0,-1.0,-1.0,-1.0,-1.0,-1.0,-1.0,-1.0,-1.0,-1.0,-1.0,-1.0,-1.0,-1.0,-1.0,-1.0,-1.0,-1.0,-1.0,-1.0,-1.0,-1.0,-1.0,-1.0,-1.0,-1.0,-1.0,-1.0,-1.0,-1.0,-1.0,-1.0,-1.0,-1.0,-1.0,-1.0,-1.0,-1.0,-1.0,-1.0,-1.0,-1.0,-1.0,-1.0,-1.0,-1.0,-1.0,-1.0,-1.0,1.0,-1.0,-1.0,-1.0,1.0,-1.0
-0.16989594669116745,-0.16989594669116745,-0.16989594669116745,2.2788781480215374,-0.16989594669116745,-0.16989594669116745,-0.16989594669116745,-0.16989594669116745,-0.16989594669116745,-0.16989594669116745,-0.16989594669116745,-0.16989594669116745,-0.16989594669116745,-0.16989594669116745,-0.16989594669116745,-0.16989594669116745,-0.16989594669116745,-0.16989594669116745,-0.16989594669116745,-0.16989594669116745,-0.16989594669116745,-0.16989594669116745,-0.16989594669116745,-0.16989594669116745,-0.16989594669116745,-0.16989594669116745,-0.16989594669116745,2.2788781480215374,-0.16989594669116745,-0.16989594669116745,-0.16989594669116745,-0.16989594669116745,-0.16989594669116745,-0.16989594669116745,-0.16989594669116745,-0.16989594669116745,-0.16989594669116745,-0.16989594669116745,-0.16989594669116745,-0.16989594669116745,-0.16989594669116745,-0.16989594669116745,-0.16989594669116745,-0.16989594669116745,-0.16989594669116745,-0.16989594669116745,-0.16989594669116745,-0.16989594669116745,-0.16989594669116745,-0.16989594669116745,-0.16989594669116745,-0.16989594669116745,-0.16989594669116745,-0.16989594669116745,-0.16989594669116745,-0.16989594669116745,-0.16989594669116745,-0.16989594669116745,-0.16989594669116745,-0.16989594669116745,-0.16989594669116745,-0.16989594669116745,-0.16989594669116745,-0.16989594669116745,-0.16989594669116745,-0.16989594669116745,-0.16989594669116745,-0.16989594669116745,-0.16989594669116745,-0.16989594669116745,-0.16989594669116745,-0.16989594669116745,-0.16989594669116745,-0.16989594669116745,-0.16989594669116745,-0.16989594669116745,-0.16989594669116745,-0.16989594669116745,-0.16989594669116745,-0.16989594669116745,-0.16989594669116745,-0.16989594669116745,-0.16989594669116745,2.2788781480215374,-0.16989594669116745,-0.16989594669116745,-0.16989594669116745,-0.16989594669116745,-0.16989594669116745,-0.16989594669116745,-0.16989594669116745,-0.16989594669116745,-0.16989594669116745,-0.16989594669116745,-0.16989594669116745,-0.16989594669116745,-0.16989594669116745,-0.16989594669116745,-0.16989594669116745,-0.16989594669116745,-0.16989594669116745,-0.16989594669116745,-0.16989594669116745,-0.16989594669116745,-0.16989594669116745,-0.16989594669116745,-0.16989594669116745,-0.16989594669116745,-0.16989594669116745,-0.16989594669116745,-0.16989594669116745,-0.16989594669116745,-0.16989594669116745,-0.16989594669116745,-0.16989594669116745,-0.16989594669116745,-0.16989594669116745,-0.16989594669116745,-0.16989594669116745,-0.16989594669116745,-0.16989594669116745,-0.16989594669116745,-0.16989594669116745,-0.16989594669116745,-0.16989594669116745,-0.16989594669116745,-0.16989594669116745,-0.16989594669116745,-0.16989594669116745,-0.16989594669116745,2.2788781480215374,-0.16989594669116745,-0.16989594669116745,-0.16989594669116745,2.2788781480215374,-0.16989594669116745,2.2788781480215374,-0.16989594669116745,-0.16989594669116745,-0.16989594669116745,4.7276522427342424,-0.16989594669116745,7.176426337446948,4.7276522427342424,9.625200432159653,7.176426337446948,9.625200432159653,-0.16989594669116745,2.2788781480215374,-0.16989594669116745,2.2788781480215374,4.7276522427342424,-0.16989594669116745,4.7276522427342424,7.176426337446948,-0.16989594669116745,4.7276522427342424,-0.16989594669116745,2.2788781480215374,4.7276522427342424,-0.16989594669116745,4.7276522427342424,-0.16989594669116745,2.2788781480215374,9.625200432159653,2.2788781480215374,-0.16989594669116745,-0.16989594669116745,-0.16989594669116745,-0.16989594669116745,-0.16989594669116745,-0.16989594669116745,-0.16989594669116745,-0.16989594669116745,-0.16989594669116745,-0.16989594669116745,-0.16989594669116745,-0.16989594669116745,-0.16989594669116745,-0.16989594669116745,-0.16989594669116745,-0.16989594669116745,-0.16989594669116745,-0.16989594669116745,-0.16989594669116745,-0.16989594669116745,-0.16989594669116745,-0.16989594669116745,-0.16989594669116745,-0.16989594669116745,-0.16989594669116745,-0.16989594669116745,-0.16989594669116745,-0.16989594669116745,-0.16989594669116745,-0.16989594669116745,-0.16989594669116745,-0.16989594669116745,-0.16989594669116745,-0.16989594669116745,-0.16989594669116745,-0.16989594669116745,-0.16989594669116745,-0.16989594669116745,-0.16989594669116745,-0.16989594669116745,-0.16989594669116745,-0.16989594669116745,-0.16989594669116745,-0.16989594669116745,-0.16989594669116745,-0.16989594669116745,-0.16989594669116745,-0.16989594669116745,-0.16989594669116745,2.2788781480215374,-0.16989594669116745,-0.16989594669116745,-0.16989594669116745,4.7276522427342424,-0.16989594669116745
0.0,0.0,0.0,-0.6189992528449889,0.0,0.0,0.0,0.0,0.0,0.0,0.0,0.0,0.0,0.0,0.0,0.0,0.0,0.0,0.0,0.0,0.0,0.0,0.0,0.0,0.0,0.0,0.0,0.934053787354754,0.0,0.0,0.0,0.0,0.0,0.0,0.0,0.0,0.0,0.0,0.0,0.0,0.0,0.0,0.0,0.0,0.0,0.0,0.0,0.0,0.0,0.0,0.0,0.0,0.0,0.0,0.0,0.0,0.0,0.0,0.0,0.0,0.0,0.0,0.0,0.0,0.0,0.0,0.0,0.0,0.0,0.0,0.0,0.0,0.0,0.0,0.0,0.0,0.0,0.0,0.0,0.0,0.0,0.0,0.0,-0.20995619157541512,0.0,0.0,0.0,0.0,0.0,0.0,0.0,0.0,0.0,0.0,0.0,0.0,0.0,0.0,0.0,0.0,0.0,0.0,0.0,0.0,0.0,0.0,0.0,0.0,0.0,0.0,0.0,0.0,0.0,0.0,0.0,0.0,0.0,0.0,0.0,0.0,0.0,0.0,0.0,0.0,0.0,0.0,0.0,0.0,0.0,0.0,-1.0917363902447395,0.0,0.0,0.0,1.383949894750324,0.0,1.383949894750324,0.0,0.0,0.0,-1.0917363902447395,0.0,-1.0917363902447395,-1.0917363902447395,-1.0917363902447395,-1.0427044554630998,-1.0917363902447395,0.0,0.01043169998246617,0.0,1.383949894750324,-0.8089162938928366,0.0,-1.0917363902447395,-1.0917363902447395,0.0,-1.0917363902447395,0.0,0.2648508492298048,-1.0917363902447395,0.0,-1.0917363902447395,0.0,1.383949894750324,-1.0917363902447395,-1.0917363902447395,0.0,0.0,0.0,0.0,0.0,0.0,0.0,0.0,0.0,0.0,0.0,0.0,0.0,0.0,0.0,0.0,0.0,0.0,0.0,0.0,0.0,0.0,0.0,0.0,0.0,0.0,0.0,0.0,0.0,0.0,0.0,0.0,0.0,0.0,0.0,0.0,0.0,0.0,0.0,0.0,0.0,0.0,0.0,0.0,0.0,0.0,0.0,0.0,0.0,-0.6189992528449889,0.0,0.0,0.0,-0.6976073246208357,0.0
-0.5077224524862195,-0.5077224524862195,-0.5077224524862195,-0.5077224524862195,-0.5077224524862195,-0.5077224524862195,-0.5077224524862195,-0.5077224524862195,-0.5077224524862195,-0.5077224524862195,-0.5077224524862195,-0.5077224524862195,-0.5077224524862195,-0.5077224524862195,-0.5077224524862195,-0.5077224524862195,-0.5077224524862195,-0.5077224524862195,-0.5077224524862195,-0.5077224524862195,-0.5077224524862195,-0.5077224524862195,-0.5077224524862195,-0.5077224524862195,-0.5077224524862195,-0.5077224524862195,-0.5077224524862195,-0.5077224524862195,-0.5077224524862195,-0.5077224524862195,-0.5077224524862195,-0.5077224524862195,-0.5077224524862195,-0.5077224524862195,-0.5077224524862195,-0.5077224524862195,-0.5077224524862195,-0.5077224524862195,-0.5077224524862195,-0.5077224524862195,-0.5077224524862195,-0.5077224524862195,-0.5077224524862195,-0.5077224524862195,-0.5077224524862195,-0.5077224524862195,-0.5077224524862195,-0.5077224524862195,-0.5077224524862195,-0.5077224524862195,-0.5077224524862195,-0.5077224524862195,-0.5077224524862195,-0.5077224524862195,-0.5077224524862195,-0.5077224524862195,-0.5077224524862195,-0.5077224524862195,-0.5077224524862195,1.969566382794139,-0.5077224524862195,-0.5077224524862195,-0.5077224524862195,-0.5077224524862195,-0.5077224524862195,-0.5077224524862195,-0.5077224524862195,-0.5077224524862195,-0.5077224524862195,-0.5077224524862195,-0.5077224524862195,-0.5077224524862195,-0.5077224524862195,-0.5077224524862195,-0.5077224524862195,-0.5077224524862195,-0.5077224524862195,-0.5077224524862195,-0.5077224524862195,-0.5077224524862195,-0.5077224524862195,-0.5077224524862195,-0.5077224524862195,-0.5077224524862195,-0.5077224524862195,-0.5077224524862195,-0.5077224524862195,-0.5077224524862195,-0.5077224524862195,-0.5077224524862195,-0.5077224524862195,-0.5077224524862195,-0.5077224524862195,-0.5077224524862195,-0.5077224524862195,-0.5077224524862195,-0.5077224524862195,-0.5077224524862195,-0.5077224524862195,-0.5077224524862195,-0.5077224524862195,-0.5077224524862195,-0.5077224524862195,-0.5077224524862195,-0.5077224524862195,-0.5077224524862195,-0.5077224524862195,-0.5077224524862195,-0.5077224524862195,-0.5077224524862195,-0.5077224524862195,-0.5077224524862195,-0.5077224524862195,-0.5077224524862195,-0.5077224524862195,-0.5077224524862195,-0.5077224524862195,1.969566382794139,-0.5077224524862195,-0.5077224524862195,-0.5077224524862195,-0.5077224524862195,-0.5077224524862195,-0.5077224524862195,-0.5077224524862195,-0.5077224524862195,-0.5077224524862195,-0.5077224524862195,-0.5077224524862195,-0.5077224524862195,-0.5077224524862195,-0.5077224524862195,-0.5077224524862195,1.969566382794139,1.969566382794139,1.969566382794139,1.969566382794139,-0.5077224524862195,-0.5077224524862195,-0.5077224524862195,-0.5077224524862195,-0.5077224524862195,-0.5077224524862195,-0.5077224524862195,-0.5077224524862195,-0.5077224524862195,-0.5077224524862195,-0.5077224524862195,-0.5077224524862195,-0.5077224524862195,-0.5077224524862195,-0.5077224524862195,-0.5077224524862195,-0.5077224524862195,-0.5077224524862195,-0.5077224524862195,-0.5077224524862195,-0.5077224524862195,-0.5077224524862195,-0.5077224524862195,-0.5077224524862195,-0.5077224524862195,-0.5077224524862195,-0.5077224524862195,-0.5077224524862195,-0.5077224524862195,-0.5077224524862195,-0.5077224524862195,-0.5077224524862195,-0.5077224524862195,-0.5077224524862195,-0.5077224524862195,-0.5077224524862195,-0.5077224524862195,-0.5077224524862195,-0.5077224524862195,-0.5077224524862195,-0.5077224524862195,-0.5077224524862195,-0.5077224524862195,-0.5077224524862195,-0.5077224524862195,-0.5077224524862195,-0.5077224524862195,1.969566382794139,-0.5077224524862195,-0.5077224524862195,-0.5077224524862195,-0.5077224524862195,-0.5077224524862195,-0.5077224524862195,-0.5077224524862195,-0.5077224524862195,-0.5077224524862195,-0.5077224524862195,-0.5077224524862195,-0.5077224524862195,-0.5077224524862195,-0.5077224524862195,-0.5077224524862195,-0.5077224524862195,-0.5077224524862195,-0.5077224524862195,-0.5077224524862195,-0.5077224524862195,-0.5077224524862195,-0.5077224524862195,-0.5077224524862195,-0.5077224524862195,-0.5077224524862195,-0.5077224524862195,-0.5077224524862195,-0.5077224524862195,-0.5077224524862195,-0.5077224524862195,-0.5077224524862195,-0.5077224524862195,-0.5077224524862195,-0.5077224524862195,1.969566382794139,-0.5077224524862195
-0.8700053950135924,-0.8700053950135924,-0.8700053950135924,-0.8700053950135924,-0.8700053950135924,-0.8700053950135924,-0.8700053950135924,-0.8700053950135924,-0.8700053950135924,-0.8700053950135924,-0.8700053950135924,-0.8700053950135924,-0.8700053950135924,-0.8700053950135924,-0.8700053950135924,-0.8700053950135924,-0.8700053950135924,-0.8700053950135924,-0.8700053950135924,-0.8700053950135924,-0.8700053950135924,-0.8700053950135924,-0.8700053950135924,-0.8700053950135924,-0.8700053950135924,-0.8700053950135924,-0.8700053950135924,-0.8700053950135924,-0.8700053950135924,-0.8700053950135924,-0.8700053950135924,-0.8700053950135924,-0.8700053950135924,-0.8700053950135924,-0.8700053950135924,-0.8700053950135924,-0.8700053950135924,-0.8700053950135924,-0.8700053950135924,-0.8700053950135924,-0.8700053950135924,-0.8700053950135924,-0.8700053950135924,-0.8700053950135924,-0.8700053950135924,-0.8700053950135924,-0.8700053950135924,-0.8700053950135924,-0.8700053950135924,-0.8700053950135924,-0.8700053950135924,-0.8700053950135924,-0.8700053950135924,-0.8700053950135924,-0.8700053950135924,-0.8700053950135924,-0.8700053950135924,-0.8700053950135924,-0.8700053950135924,0.7678250823255489,-0.8700053950135924,-0.8700053950135924,-0.8700053950135924,-0.8700053950135924,-0.8700053950135924,-0.8700053950135924,-0.8700053950135924,-0.8700053950135924,-0.8700053950135924,-0.8700053950135924,-0.8700053950135924,-0.8700053950135924,-0.8700053950135924,-0.8700053950135924,-0.8700053950135924,-0.8700053950135924,-0.8700053950135924,-0.8700053950135924,-0.8700053950135924,-0.8700053950135924,-0.8700053950135924,-0.8700053950135924,-0.8700053950135924,-0.8700053950135924,-0.8700053950135924,-0.8700053950135924,-0.8700053950135924,-0.8700053950135924,-0.8700053950135924,-0.8700053950135924,-0.8700053950135924,-0.8700053950135924,-0.8700053950135924,-0.8700053950135924,-0.8700053950135924,-0.8700053950135924,-0.8700053950135924,-0.8700053950135924,-0.8700053950135924,-0.8700053950135924,-0.8700053950135924,-0.8700053950135924,-0.8700053950135924,-0.8700053950135924,-0.8700053950135924,-0.8700053950135924,-0.8700053950135924,-0.8700053950135924,-0.8700053950135924,-0.8700053950135924,-0.8700053950135924,-0.8700053950135924,-0.8700053950135924,-0.8700053950135924,-0.8700053950135924,-0.8700053950135924,-0.8700053950135924,0.06589773489448826,-0.8700053950135924,-0.8700053950135924,-0.8700053950135924,-0.8700053950135924,-0.8700053950135924,-0.8700053950135924,-0.8700053950135924,-0.8700053950135924,-0.8700053950135924,-0.8700053950135924,-0.8700053950135924,-0.8700053950135924,-0.8700053950135924,-0.8700053950135924,-0.8700053950135924,0.2998735173715085,0.5858439181767553,-0.3416729829687082,0.5858439181767553,-0.8700053950135924,-0.8700053950135924,-0.8700053950135924,-0.8700053950135924,-0.8700053950135924,-0.8700053950135924,-0.8700053950135924,-0.8700053950135924,-0.8700053950135924,-0.8700053950135924,-0.8700053950135924,-0.8700053950135924,-0.8700053950135924,-0.8700053950135924,-0.8700053950135924,-0.8700053950135924,-0.8700053950135924,-0.8700053950135924,-0.8700053950135924,-0.8700053950135924,-0.8700053950135924,-0.8700053950135924,-0.8700053950135924,-0.8700053950135924,-0.8700053950135924,-0.8700053950135924,-0.8700053950135924,-0.8700053950135924,-0.8700053950135924,-0.8700053950135924,-0.8700053950135924,-0.8700053950135924,-0.8700053950135924,-0.8700053950135924,-0.8700053950135924,-0.8700053950135924,-0.8700053950135924,-0.8700053950135924,-0.8700053950135924,-0.8700053950135924,-0.8700053950135924,-0.8700053950135924,-0.8700053950135924,-0.8700053950135924,-0.8700053950135924,-0.8700053950135924,-0.8700053950135924,0.06589773489448826,-0.8700053950135924,-0.8700053950135924,-0.8700053950135924,-0.8700053950135924,-0.8700053950135924,-0.8700053950135924,-0.8700053950135924,-0.8700053950135924,-0.8700053950135924,-0.8700053950135924,-0.8700053950135924,-0.8700053950135924,-0.8700053950135924,-0.8700053950135924,-0.8700053950135924,-0.8700053950135924,-0.8700053950135924,-0.8700053950135924,-0.8700053950135924,-0.8700053950135924,-0.8700053950135924,-0.8700053950135924,-0.8700053950135924,-0.8700053950135924,-0.8700053950135924,-0.8700053950135924,-0.8700053950135924,-0.8700053950135924,-0.8700053950135924,-0.8700053950135924,-0.8700053950135924,-0.8700053950135924,-0.8700053950135924,-0.8700053950135924,-0.717649071540184,-0.8700053950135924
-0.11203533773096849,0.1848040217649151,-0.11203533773096849,0.5979941312604431,-0.797640857572655,-0.901855017471593,-0.797640857572655,-0.7033676826920172,-1.096933728981207,-0.797640857572655,-0.21624949762990653,-0.4648295453855011,-0.3965873381778338,-0.21624949762990653,-0.797640857572655,-0.538131199345661,-0.538131199345661,-1.0183565364195493,-1.096933728981207,-0.538131199345661,-0.0637760259906795,-0.538131199345661,-0.797640857572655,-0.538131199345661,-0.797640857572655,-0.538131199345661,-0.2727860098355923,-0.3327510165778624,-0.0637760259906795,-1.096933728981207,-1.096933728981207,-1.096933728981207,-1.096933728981207,-0.901855017471593,-1.096933728981207,-1.096933728981207,-1.096933728981207,-0.797640857572655,-1.096933728981207,-0.7033676826920172,-1.096933728981207,-1.096933728981207,-0.21624949762990653,-1.0183565364195493,-1.096933728981207,-1.0183565364195493,-0.797640857572655,-1.096933728981207,-0.2727860098355923,-0.797640857572655,-1.0183565364195493,-0.4648295453855011,-1.096933728981207,-1.096933728981207,-1.0183565364195493,-1.096933728981207,-0.7033676826920172,-1.096933728981207,-1.096933728981207,-1.096933728981207,-1.096933728981207,-0.901855017471593,-1.096933728981207,-1.096933728981207,-1.096933728981207,-0.797640857572655,-0.6173030170247277,-1.096933728981207,-1.096933728981207,-0.901855017471593,-1.096933728981207,-0.901855017471593,-1.096933728981207,-1.096933728981207,-1.096933728981207,-0.797640857572655,-0.3327510165778624,-0.538131199345661,-1.096933728981207,-1.096933728981207,-1.096933728981207,-1.096933728981207,-1.096933728981207,0.3528545032638245,-0.21624949762990653,-0.16277054484031625,-0.901855017471593,-0.0637760259906795,-0.538131199345661,-0.797640857572655,-0.538131199345661,-0.797640857572655,-0.538131199345661,-0.2727860098355923,-0.7033676826920172,-1.096933728981207,-1.0183565364195493,-0.3965873381778338,-0.4648295453855011,-0.3327510165778624,-1.096933728981207,-1.0183565364195493,-1.0183565364195493,-0.7033676826920172,-0.538131199345661,-0.16277054484031625,-0.6173030170247277,-0.3965873381778338,-0.797640857572655,-1.0183565364195493,-1.096933728981207,-0.7033676826920172,-1.096933728981207,-1.0183565364195493,-0.3965873381778338,-0.4648295453855011,-1.096933728981207,-0.4648295453855011,-1.096933728981207,-0.7033676826920172,-1.096933728981207,-0.7033676826920172,-1.0183565364195493,-1.096933728981207,-1.096933728981207,-1.096933728981207,-0.017762162850330287,-0.6173030170247277,1.234133359732534,-0.3965873381778338,1.8704253214638973,-0.4648295453855011,-0.3965873381778338,-0.4648295453855011,-0.901855017471593,0.32145124083595084,-0.901855017471593,-0.2727860098355923,-0.3327510165778624,-0.3965873381778338,1.6351868791273556,-1.096933728981207,1.8704253214638973,1.7545023962278643,1.8704253214638973,1.8704253214638973,1.6519520208818297,0.1848040217649151,0.2207759744561858,0.6678433569913562,-1.096933728981207,1.3974169901573101,-0.797640857572655,1.4395135425003327,1.8704253214638973,0.49645688688845147,1.5919870141395591,-0.0637760259906795,0.06830250281695922,1.6926622805193248,-1.0183565364195493,1.8704253214638973,-1.0183565364195493,-0.797640857572655,1.7084885330875155,1.2591757019524048,-1.096933728981207,-0.6173030170247277,-0.017762162850330287,-0.6173030170247277,-0.7033676826920172,-1.0183565364195493,-1.096933728981207,-1.096933728981207,-0.2727860098355923,-0.3327510165778624,-0.3965873381778338,-0.2727860098355923,-0.21624949762990653,-0.2727860098355923,-0.21624949762990653,-0.21624949762990653,-0.6173030170247277,-1.096933728981207,-0.4648295453855011,-1.096933728981207,-0.7033676826920172,-1.096933728981207,-0.7033676826920172,-1.0183565364195493,-1.096933728981207,-1.096933728981207,-1.096933728981207,-1.096933728981207,-1.096933728981207,-1.096933728981207,-0.901855017471593,-0.797640857572655,0.06830250281695922,-0.797640857572655,-0.7033676826920172,-0.4648295453855011,-0.538131199345661,-0.21624949762990653,-1.096933728981207,-0.797640857572655,-0.7033676826920172,0.10868034111592541,-1.0183565364195493,-1.096933728981207,-0.2727860098355923,-0.4648295453855011,-1.096933728981207,-0.4648295453855011,-0.11203533773096849,0.5979941312604431,-0.797640857572655,-0.901855017471593,-0.7033676826920172,0.6451039720015455,-1.096933728981207
-1.0,-1.0,-1.0,-1.0,-1.0,-1.0,-1.0,-1.0,-1.0,-1.0,-1.0,-1.0,-1.0,-1.0,-1.0,-1.0,-1.0,-1.0,-1.0,-1.0,-1.0,-1.0,-1.0,-1.0,-1.0,-1.0,-1.0,-1.0,-1.0,-1.0,-1.0,-1.0,-1.0,-1.0,-1.0,-1.0,-1.0,-1.0,-1.0,-1.0,-1.0,-1.0,-1.0,-1.0,-1.0,-1.0,-1.0,-1.0,-1.0,-1.0,-1.0,-1.0,-1.0,-1.0,-1.0,-1.0,-1.0,-1.0,-1.0,-1.0,-1.0,-1.0,-1.0,-1.0,-1.0,-1.0,-1.0,-1.0,-1.0,-1.0,-1.0,-1.0,-1.0,-1.0,-1.0,-1.0,-1.0,-1.0,-1.0,-1.0,-1.0,-1.0,-1.0,-1.0,-1.0,-1.0,-1.0,-1.0,-1.0,-1.0,-1.0,-1.0,-1.0,-1.0,-1.0,-1.0,-1.0,-1.0,-1.0,-1.0,-1.0,-1.0,-1.0,-1.0,-1.0,-1.0,-1.0,-1.0,-1.0,-1.0,-1.0,-1.0,-1.0,-1.0,-1.0,-1.0,-1.0,-1.0,-1.0,-1.0,-1.0,-1.0,-1.0,-1.0,-1.0,-1.0,-1.0,-1.0,-1.0,-1.0,-1.0,-1.0,-1.0,-1.0,-1.0,-1.0,-1.0,-1.0,-1.0,-1.0,-1.0,-1.0,1.0,1.0,1.0,-1.0,1.0,-1.0,-1.0,-1.0,-1.0,-1.0,-1.0,1.0,-1.0,-1.0,-1.0,-1.0,-1.0,-1.0,-1.0,1.0,-1.0,-1.0,1.0,-1.0,-1.0,-1.0,-1.0,-1.0,-1.0,-1.0,-1.0,-1.0,-1.0,-1.0,-1.0,-1.0,-1.0,-1.0,-1.0,-1.0,-1.0,-1.0,-1.0,-1.0,-1.0,-1.0,-1.0,-1.0,-1.0,-1.0,-1.0,-1.0,-1.0,-1.0,-1.0,-1.0,-1.0,-1.0,-1.0,-1.0,-1.0,-1.0,-1.0,-1.0,-1.0,-1.0,-1.0,-1.0,-1.0,-1.0,-1.0,-1.0,-1.0,-1.0,-1.0,-1.0,-1.0,1.0,-1.0
-1.734464876925717,-1.6937461510056484,-1.5821689596026691,-1.5791612085795361,-1.561425849098304,-1.535683648962387,-1.5091532106273042,-1.484987486889719,-1.395252790847836,-1.302095481572733,-1.2870774695675729,-1.279070628912888,-1.2710430451476988,-1.263056947603518,-1.2550501069488331,-1.2472299542886875,-1.239347572297029,-1.2099130984913349,-1.1824907064045644,-1.1463976941269693,-1.1453397954912468,-1.1360676250957955,-1.1352379006756212,-1.1261939044957179,-1.1253641800755434,-1.1163201838956403,-1.1153452577019352,-1.1044758677976478,-1.1033557398304121,-1.0935442485618474,-1.0859315270067453,-1.0787958969932439,-1.07141134965369,-1.0635704538830402,-1.0406908029967252,-1.0401929683446207,-1.0132269246889463,-1.0012374068174232,-0.9934587403782863,-0.9852029823975491,-0.9774035728479079,-0.9697908512928058,-0.9609542862179464,-0.9529059593422529,-0.9451065497926115,-0.937224167800953,-0.9289684098202156,-0.9144689755776645,-0.9013593297389056,-0.8927924251006031,-0.8845781533408746,-0.875741588266015,-0.867672518279817,-0.8535257169158401,-0.8414739697128041,-0.8334878721686234,-0.82510765552486,-0.8171630442016882,-0.8092184328785166,-0.8014397664393795,-0.7938892742157907,-0.7858202042295928,-0.7713415130975461,-0.7594764538890493,-0.7520089341074778,-0.7435664881322014,-0.7349373541623856,-0.7272209170547618,-0.7197741403836947,-0.71110352019287,-0.7035530279692813,-0.6888669057321908,-0.6766699567556242,-0.6692646663055659,-0.6614030274244116,-0.652504233018039,-0.6427549710809874,-0.6332753695804927,-0.6250196115997554,-0.6172202020501142,-0.6091511320639161,-0.6014346949562923,-0.5938219734011906,-0.5577497042340999,-0.548954625380249,-0.5244984980956028,-0.5066594230618487,-0.4938816669911599,-0.4846509828167176,-0.483821258396543,-0.4757729315208494,-0.4749432071006748,-0.46689488022498116,-0.46591995403127595,-0.4521880148773863,-0.4424180098298305,-0.43308361010286606,-0.4245996779065808,-0.4150785901850774,-0.40449960382785116,-0.39643053384165317,-0.3891497020546211,-0.38172366849405853,-0.3738205433918953,-0.36566850096367987,-0.3573505136514296,-0.34953036099128404,-0.3396358972807018,-0.33194020328358254,-0.3086664332976849,-0.2754567133801966,-0.26168328800529816,-0.2509590998745415,-0.2406705170643765,-0.23123240178489046,-0.22075713098018604,-0.2067347882792354,-0.19930875471867276,-0.19281616113080655,-0.18597093466436612,-0.1795613135185173,-0.1700402257970137,-0.16338168732511266,-0.15695132306875945,-0.15066616058593682,-0.14064723821232858,-0.06958134162437418,-0.05933424503521794,-0.04995835908724473,-0.023220489647118255,-0.004593176414198591,0.007956405440942244,0.03855249343488073,0.047368315399235576,0.04942188333916796,0.056598999573678,0.059005200392184404,0.0892486555075485,0.13112899561586142,0.18221927678811237,0.45432740038437236,0.46586056982479923,0.47405409847402363,0.48749563408085206,0.5022024994284469,0.5146898519520745,0.525745929850901,0.5414899507237142,0.5428175097959934,0.5509695522242091,0.5520896801914447,0.5543921654574291,0.5631250149797667,0.5675225544066923,0.5778941096588748,0.591148957271164,0.5944263687308536,0.6027650991536084,0.6039059702313484,0.6073700696855773,0.6162273778709413,0.6239023287575561,0.6321580867382933,0.6327596369429201,0.6385677078841421,0.6458692827816785,0.674308087283163,0.683849918115171,0.6914833827807775,0.7023112864640559,0.7098825217981491,0.7169559224801375,0.7242367542671696,0.7306671185235228,0.7574672172951624,0.7995964747295278,0.8509356732278311,0.8944962052869977,0.9377455906885986,0.999331885776058,1.0691324526232462,1.115265130384954,1.1703588318845473,1.2256599644891846,1.233085998049747,1.2395785916376134,1.246423818104054,1.2528334392499028,1.2623545269714063,1.2690130654433072,1.2754434296996604,1.2817285921824833,1.2980119339284097,1.3057076279255289,1.312926230381048,1.3203937501626193,1.328317618375287,1.3560096708986142,1.3628548973650547,1.368828913190312,1.3754044792201956,1.3811503208299043,1.3868961624396134,1.39305686625941,1.4006488447040075,1.4089046026847447,1.4162269206927856,1.4226987711701475,1.4295232545260836,1.4355594996828538,1.4439397163266172,1.4516354103237366,1.4594763060943865,1.467109770759993,1.4723162914965886,1.4754277580722435,1.492499338017336,1.517577758617113,1.5347530541147272,1.5506215336505664,1.6025830254640006
-1.1401173051672582,-1.139636271152651,-1.133486550507201,-1.1332227811737678,-1.1315628494958851,-1.1288352943421491,-1.125629903063703,-1.1223618765011836,-1.1073205850397152,-1.086861214025876,-1.0831010113000659,-1.0810438438049244,-1.078944748216124,-1.0768201382641904,-1.0746536002185978,-1.072502385594232,-1.0702988597354777,-1.0617581186918759,-1.0533578879559184,-1.041649786532431,-1.0412954432285124,-1.0381624943901089,-1.037879757810028,-1.0347725387785052,-1.0344851434261966,-1.0313271437773899,-1.0309839399306375,-1.0271209770215248,-1.0267190668946413,-1.0231681356545348,-1.0203752578587753,-1.017727487727351,-1.0149568659680248,-1.0119810820586135,-1.0030979256605652,-1.002901329387484,-0.9920417900483575,-0.9870806718221432,-0.9838182313819959,-0.980318055679123,-0.9769757526520214,-0.9736800912998914,-0.9698132804993893,-0.9662527570576934,-0.962767208529389,-0.9592094333718141,-0.9554452496468365,-0.9487404717695318,-0.9425754421391764,-0.9384939114873614,-0.9345411918503704,-0.9302461831155754,-0.9262854284422503,-0.91925201932836,-0.913170440077878,-0.9090949778194465,-0.9047793916987892,-0.9006512542393891,-0.896487224414478,-0.8923753960834434,-0.8883512719534574,-0.8840149297057028,-0.8761412141258853,-0.8695999543824519,-0.8654420295310948,-0.8607030732022709,-0.8558174383415852,-0.8514126905631157,-0.8471297661304952,-0.8421032278782582,-0.8376912267046247,-0.8290167875843442,-0.8217193621291132,-0.8172475085782309,-0.8124659521327479,-0.8070111759404796,-0.8009833877696816,-0.7950704969359786,-0.789879345469245,-0.7849395377004055,-0.7797925316484404,-0.7748358250642046,-0.7699125602187339,-0.7461360092921453,-0.7402266503412007,-0.7235635119307623,-0.7111943591114175,-0.7022233587980901,-0.6956849218448778,-0.6950948237457975,-0.6893505556313763,-0.6887562685522255,-0.6829713673311211,-0.6822681177111143,-0.6723053499403037,-0.6651517495189445,-0.6582663949141019,-0.6519653901832051,-0.6448453490709921,-0.6368737322311335,-0.6307506363221554,-0.6251939064231217,-0.6194953055319707,-0.6133961470015142,-0.6070676748444628,-0.6005714259610381,-0.5944280964463963,-0.5866053996831669,-0.5804825902984685,-0.5617606901580958,-0.5345127556707996,-0.5230279288425336,-0.5140109775955161,-0.5052988151437275,-0.49725387341308885,-0.48826556089173495,-0.476136008923816,-0.469667082980989,-0.4639855956149312,-0.4579695693759082,-0.45231222467775745,-0.4438654692255007,-0.4379276292473537,-0.43216933539019897,-0.42651834389692733,-0.417463882192973,-0.35160063809972364,-0.3418668073877319,-0.33290823699190303,-0.3070859024660711,-0.28885613946198463,-0.2764631477491931,-0.24587348475145424,-0.23696072312825173,-0.23487822735171393,-0.22758117283654072,-0.22512820495939634,-0.1940161752904831,-0.15007420952112074,-0.09511837842296593,0.22258337362233788,0.23697913934001802,0.24725230404993737,0.26418818213249823,0.2828360392362667,0.2987661764808617,0.3129444454351486,0.3332544849371957,0.3349735014204531,0.34555130970599435,0.3470077020965441,0.35000363825438335,0.361394004438453,0.3671461885507271,0.38075621416156574,0.39823886975623163,0.40257706070953064,0.4136422779913819,0.4151592509370244,0.41976986812299066,0.4315897222123191,0.4418678276921019,0.45296113120446485,0.45377095219665164,0.46160049850506774,0.47147057334701614,0.5102023928761127,0.5233007952528355,0.5338167951619057,0.5487903499347748,0.5592999730270165,0.5691480056858368,0.5793145527784106,0.5883186235234201,0.6260984876665167,0.6863134180817917,0.761056423590702,0.825650129251618,0.8908499713977805,0.9855290729845171,1.0954438868255578,1.1696096223751449,1.259767357009124,1.3520003803919844,1.36451820628005,1.3754882570060523,1.387080084870575,1.3979584074544211,1.4141605960766916,1.425522170363279,1.4365183384746913,1.447288929642286,1.475297426068303,1.4885870320179744,1.5010833654042053,1.5140417892926863,1.5278267938862289,1.576282568215308,1.5883276207232102,1.5988614414147864,1.6104794226331813,1.6206515423905388,1.6308424364616718,1.6417899917285186,1.6553106056150946,1.6700505503652792,1.6831563516014556,1.694765332752127,1.7070326550628057,1.7179051558941507,1.7330339755069506,1.7469622015003796,1.7611878618396228,1.7750707681825733,1.7845588238241783,1.7902363354517619,1.8214849179187609,1.8676901345664085,1.8995407479756272,1.9291170362575256,2.026967025947288
-1.0,-1.0,-1.0,-1.0,-1.0,-1.0,-1.0,-1.0,-1.0,-1.0,-1.0,-1.0,-1.0,-1.0,-1.0,-1.0,-1.0,-1.0,-1.0,-1.0,-1.0,-1.0,-1.0,-1.0,-1.0,-1.0,-1.0,1.0,-1.0,-1.0,-1.0,-1.0,-1.0,-1.0,-1.0,-1.0,-1.0,-1.0,-1.0,-1.0,-1.0,-1.0,-1.0,-1.0,-1.0,-1.0,-1.0,-1.0,-1.0,-1.0,-1.0,-1.0,-1.0,-1.0,-1.0,-1.0,-1.0,-1.0,-1.0,-1.0,-1.0,-1.0,-1.0,-1.0,-1.0,-1.0,-1.0,-1.0,-1.0,-1.0,-1.0,-1.0,-1.0,-1.0,-1.0,-1.0,-1.0,-1.0,-1.0,-1.0,-1.0,-1.0,-1.0,1.0,-1.0,-1.0,-1.0,-1.0,-1.0,-1.0,-1.0,-1.0,-1.0,-1.0,-1.0,-1.0,-1.0,-1.0,-1.0,-1.0,-1.0,-1.0,-1.0,-1.0,-1.0,-1.0,-1.0,-1.0,-1.0,-1.0,-1.0,-1.0,-1.0,-1.0,-1.0,-1.0,-1.0,-1.0,-1.0,-1.0,-1.0,-1.0,-1.0,-1.0,-1.0,-1.0,-1.0,-1.0,-1.0,-1.0,-1.0,-1.0,-1.0,-1.0,-1.0,-1.0,-1.0,-1.0,-1.0,-1.0,-1.0,-1.0,-1.0,1.0,1.0,1.0,-1.0,-1.0,-1.0,-1.0,-1.0,1.0,-1.0,1.0,1.0,-1.0,-1.0,-1.0,1.0,1.0,-1.0,-1.0,-1.0,1.0,1.0,-1.0,-1.0,-1.0,-1.0,-1.0,-1.0,-1.0,-1.0,-1.0,-1.0,-1.0,-1.0,-1.0,-1.0,-1.0,-1.0,-1.0,-1.0,-1.0,-1.0,-1.0,-1.0,-1.0,-1.0,-1.0,-1.0,-1.0,-1.0,-1.0,-1.0,-1.0,-1.0,-1.0,-1.0,-1.0,-1.0,-1.0,-1.0,-1.0,-1.0,-1.0,-1.0,-1.0,-1.0,-1.0,-1.0,-1.0,-1.0,-1.0,-1.0,-1.0,-1.0,-1.0,-1.0,1.0,-1.0
-1.0,-1.0,-1.0,-1.0,-1.0,-1.0,-1.0,-1.0,-1.0,-1.0,-1.0,-1.0,-1.0,-1.0,-1.0,-1.0,-1.0,-1.0,-1.0,-1.0,-1.0,-1.0,-1.0,-1.0,-1.0,-1.0,-1.0,-1.0,-1.0,-1.0,-1.0,-1.0,-1.0,-1.0,-1.0,-1.0,-1.0,-1.0,-1.0,-1.0,-1.0,-1.0,-1.0,-1.0,-1.0,-1.0,-1.0,-1.0,-1.0,-1.0,-1.0,-1.0,-1.0,-1.0,-1.0,-1.0,-1.0,-1.0,-1.0,-1.0,-1.0,-1.0,-1.0,-1.0,-1.0,-1.0,-1.0,-1.0,-1.0,-1.0,-1.0,-1.0,-1.0,-1.0,-1.0,-1.0,-1.0,-1.0,-1.0,-1.0,-1.0,-1.0,-1.0,1.0,-1.0,-1.0,-1.0,-1.0,-1.0,-1.0,-1.0,-1.0,-1.0,-1.0,-1.0,-1.0,-1.0,-1.0,-1.0,-1.0,-1.0,-1.0,-1.0,-1.0,-1.0,-1.0,-1.0,-1.0,-1.0,-1.0,-1.0,-1.0,-1.0,-1.0,-1.0,-1.0,-1.0,-1.0,-1.0,-1.0,-1.0,-1.0,-1.0,-1.0,-1.0,-1.0,-1.0,-1.0,-1.0,-1.0,-1.0,-1.0,-1.0,-1.0,-1.0,-1.0,-1.0,-1.0,-1.0,-1.0,-1.0,-1.0,-1.0,-1.0,-1.0,-1.0,-1.0,-1.0,-1.0,-1.0,-1.0,-1.0,-1.0,-1.0,-1.0,-1.0,-1.0,-1.0,-1.0,-1.0,-1.0,-1.0,-1.0,-1.0,-1.0,-1.0,-1.0,-1.0,-1.0,-1.0,-1.0,-1.0,-1.0,-1.0,-1.0,-1.0,-1.0,-1.0,-1.0,-1.0,-1.0,-1.0,-1.0,-1.0,-1.0,-1.0,-1.0,-1.0,-1.0,-1.0,-1.0,-1.0,-1.0,-1.0,-1.0,-1.0,-1.0,-1.0,-1.0,-1.0,-1.0,-1.0,-1.0,-1.0,-1.0,-1.0,-1.0,-1.0,-1.0,-1.0,-1.0,-1.0,-1.0,-1.0,-1.0,-1.0,-1.0,-1.0,-1.0,-1.0,-1.0
-1.0,-1.0,-1.0,-1.0,-1.0,-1.0,-1.0,-1.0,-1.0,-1.0,-1.0,-1.0,-1.0,-1.0,-1.0,-1.0,-1.0,-1.0,-1.0,-1.0,-1.0,-1.0,-1.0,-1.0,-1.0,-1.0,-1.0,-1.0,-1.0,-1.0,-1.0,-1.0,-1.0,-1.0,-1.0,-1.0,-1.0,-1.0,-1.0,-1.0,-1.0,-1.0,-1.0,-1.0,-1.0,-1.0,-1.0,-1.0,-1.0,-1.0,-1.0,-1.0,-1.0,-1.0,-1.0,-1.0,-1.0,-1.0,-1.0,-1.0,-1.0,-1.0,-1.0,-1.0,-1.0,-1.0,-1.0,-1.0,-1.0,-1.0,-1.0,-1.0,-1.0,-1.0,-1.0,-1.0,-1.0,-1.0,-1.0,-1.0,-1.0,-1.0,-1.0,-1.0,-1.0,-1.0,-1.0,-1.0,-1.0,-1.0,-1.0,-1.0,-1.0,-1.0,-1.0,-1.0,-1.0,-1.0,-1.0,-1.0,-1.0,-1.0,-1.0,-1.0,-1.0,-1.0,-1.0,-1.0,-1.0,-1.0,-1.0,-1.0,-1.0,-1.0,-1.0,-1.0,-1.0,-1.0,-1.0,-1.0,-1.0,-1.0,-1.0,-1.0,-1.0,-1.0,-1.0,-1.0,-1.0,-1.0,-1.0,-1.0,-1.0,-1.0,-1.0,-1.0,-1.0,-1.0,-1.0,-1.0,-1.0,-1.0,-1.0,-1.0,-1.0,-1.0,-1.0,-1.0,-1.0,-1.0,-1.0,-1.0,-1.0,-1.0,-1.0,-1.0,-1.0,-1.0,-1.0,-1.0,-1.0,-1.0,-1.0,-1.0,-1.0,-1.0,-1.0,-1.0,-1.0,-1.0,-1.0,-1.0,-1.0,-1.0,-1.0,-1.0,-1.0,-1.0,-1.0,-1.0,-1.0,-1.0,-1.0,-1.0,-1.0,-1.0,-1.0,-1.0,-1.0,-1.0,-1.0,-1.0,-1.0,-1.0,-1.0,-1.0,-1.0,-1.0,-1.0,-1.0,-1.0,-1.0,-1.0,-1.0,-1.0,-1.0,-1.0,-1.0,-1.0,-1.0,-1.0,-1.0,-1.0,-1.0,-1.0,-1.0,-1.0,-1.0,-1.0,1.0,-1.0
-1.0,-1.0,-1.0,-1.0,-1.0,-1.0,-1.0,-1.0,-1.0,-1.0,-1.0,-1.0,-1.0,-1.0,-1.0,-1.0,-1.0,-1.0,-1.0,-1.0,-1.0,-1.0,-1.0,-1.0,-1.0,-1.0,-1.0,-1.0,-1.0,-1.0,-1.0,-1.0,-1.0,-1.0,-1.0,-1.0,-1.0,-1.0,-1.0,-1.0,-1.0,-1.0,-1.0,-1.0,-1.0,-1.0,-1.0,-1.0,-1.0,-1.0,-1.0,-1.0,-1.0,-1.0,-1.0,-1.0,-1.0,-1.0,-1.0,-1.0,-1.0,-1.0,-1.0,-1.0,-1.0,-1.0,-1.0,-1.0,-1.0,-1.0,-1.0,-1.0,-1.0,-1.0,-1.0,-1.0,-1.0,-1.0,-1.0,-1.0,-1.0,-1.0,-1.0,-1.0,-1.0,-1.0,-1.0,-1.0,-1.0,-1.0,-1.0,-1.0,-1.0,-1.0,-1.0,-1.0,-1.0,-1.0,-1.0,-1.0,-1.0,-1.0,-1.0,-1.0,-1.0,-1.0,-1.0,-1.0,-1.0,-1.0,-1.0,-1.0,-1.0,-1.0,-1.0,-1.0,-1.0,-1.0,-1.0,-1.0,-1.0,-1.0,-1.0,-1.0,-1.0,-1.0,-1.0,-1.0,-1.0,-1.0,-1.0,-1.0,-1.0,-1.0,-1.0,-1.0,-1.0,-1.0,-1.0,-1.0,-1.0,-1.0,-1.0,-1.0,-1.0,-1.0,-1.0,-1.0,-1.0,-1.0,-1.0,-1.0,-1.0,-1.0,-1.0,-1.0,-1.0,-1.0,-1.0,-1.0,-1.0,-1.0,-1.0,-1.0,-1.0,-1.0,-1.0,-1.0,-1.0,-1.0,-1.0,-1.0,-1.0,-1.0,-1.0,-1.0,-1.0,-1.0,-1.0,-1.0,-1.0,-1.0,-1.0,-1.0,-1.0,-1.0,-1.0,-1.0,-1.0,-1.0,-1.0,-1.0,-1.0,-1.0,-1.0,-1.0,-1.0,-1.0,-1.0,-1.0,-1.0,-1.0,-1.0,-1.0,-1.0,-1.0,-1.0,-1.0,-1.0,-1.0,-1.0,-1.0,-1.0,-1.0,-1.0,-1.0,-1.0,-1.0,-1.0,-1.0,-1.0
-1.0,-1.0,-1.0,-1.0,-1.0,-1.0,-1.0,-1.0,-1.0,-1.0,-1.0,-1.0,-1.0,-1.0,-1.0,-1.0,-1.0,-1.0,-1.0,-1.0,-1.0,-1.0,-1.0,-1.0,-1.0,-1.0,-1.0,-1.0,-1.0,-1.0,-1.0,-1.0,-1.0,-1.0,-1.0,-1.0,-1.0,-1.0,-1.0,-1.0,-1.0,-1.0,-1.0,-1.0,-1.0,-1.0,-1.0,-1.0,-1.0,-1.0,-1.0,-1.0,-1.0,-1.0,-1.0,-1.0,-1.0,-1.0,-1.0,-1.0,-1.0,-1.0,-1.0,-1.0,-1.0,-1.0,-1.0,-1.0,-1.0,-1.0,-1.0,-1.0,-1.0,-1.0,-1.0,-1.0,-1.0,-1.0,-1.0,-1.0,-1.0,-1.0,-1.0,-1.0,-1.0,-1.0,-1.0,-1.0,-1.0,-1.0,-1.0,-1.0,-1.0,-1.0,-1.0,-1.0,-1.0,-1.0,-1.0,-1.0,-1.0,-1.0,-1.0,-1.0,-1.0,-1.0,-1.0,-1.0,-1.0,-1.0,-1.0,-1.0,-1.0,-1.0,-1.0,-1.0,-1.0,-1.0,-1.0,-1.0,-1.0,-1.0,-1.0,-1.0,-1.0,-1.0,-1.0,-1.0,-1.0,-1.0,-1.0,-1.0,-1.0,-1.0,-1.0,-1.0,-1.0,-1.0,-1.0,-1.0,-1.0,-1.0,-1.0,-1.0,-1.0,-1.0,-1.0,-1.0,-1.0,-1.0,-1.0,-1.0,-1.0,-1.0,-1.0,-1.0,-1.0,-1.0,-1.0,-1.0,-1.0,-1.0,-1.0,-1.0,-1.0,-1.0,-1.0,-1.0,-1.0,-1.0,-1.0,-1.0,-1.0,-1.0,-1.0,-1.0,-1.0,-1.0,-1.0,-1.0,-1.0,-1.0,-1.0,-1.0,-1.0,-1.0,-1.0,-1.0,-1.0,-1.0,-1.0,-1.0,-1.0,-1.0,-1.0,-1.0,-1.0,-1.0,-1.0,-1.0,-1.0,-1.0,-1.0,-1.0,-1.0,-1.0,-1.0,-1.0,-1.0,-1.0,-1.0,-1.0,-1.0,-1.0,-1.0,-1.0,-1.0,-1.0,-1.0,-1.0,-1.0
-1.0,-1.0,-1.0,-1.0,-1.0,-1.0,-1.0,-1.0,-1.0,-1.0,-1.0,-1.0,-1.0,-1.0,-1.0,-1.0,-1.0,-1.0,-1.0,-1.0,-1.0,-1.0,-1.0,-1.0,-1.0,-1.0,-1.0,-1.0,-1.0,-1.0,-1.0,-1.0,-1.0,-1.0,-1.0,-1.0,-1.0,-1.0,-1.0,-1.0,-1.0,-1.0,-1.0,-1.0,-1.0,-1.0,-1.0,-1.0,-1.0,-1.0,-1.0,-1.0,-1.0,-1.0,-1.0,-1.0,-1.0,-1.0,-1.0,-1.0,-1.0,-1.0,-1.0,-1.0,-1.0,-1.0,-1.0,-1.0,-1.0,-1.0,-1.0,-1.0,-1.0,-1.0,-1.0,-1.0,-1.0,-1.0,-1.0,-1.0,-1.0,-1.0,-1.0,-1.0,-1.0,-1.0,-1.0,-1.0,-1.0,-1.0,-1.0,-1.0,-1.0,-1.0,-1.0,-1.0,-1.0,-1.0,-1.0,-1.0,-1.0,-1.0,-1.0,-1.0,-1.0,-1.0,-1.0,-1.0,-1.0,-1.0,-1.0,-1.0,-1.0,-1.0,-1.0,-1.0,-1.0,1.0,-1.0,-1.0,-1.0,-1.0,-1.0,-1.0,-1.0,-1.0,-1.0,-1.0,-1.0,-1.0,-1.0,-1.0,-1.0,1.0,-1.0,1.0,-1.0,-1.0,-1.0,-1.0,-1.0,-1.0,-1.0,-1.0,-1.0,-1.0,-1.0,-1.0,-1.0,-1.0,-1.0,-1.0,-1.0,-1.0,-1.0,-1.0,-1.0,-1.0,-1.0,-1.0,-1.0,-1.0,-1.0,-1.0,-1.0,-1.0,-1.0,-1.0,-1.0,-1.0,-1.0,-1.0,-1.0,-1.0,-1.0,-1.0,-1.0,-1.0,-1.0,-1.0,-1.0,-1.0,-1.0,-1.0,1.0,-1.0,-1.0,-1.0,-1.0,-1.0,-1.0,-1.0,-1.0,-1.0,-1.0,-1.0,-1.0,-1.0,-1.0,-1.0,-1.0,-1.0,-1.0,-1.0,-1.0,-1.0,-1.0,-1.0,-1.0,-1.0,-1.0,-1.0,-1.0,-1.0,-1.0,-1.0,-1.0,-1.0,-1.0,1.0,-1.0
-0.47847101069523384,0.3691269934294201,1.337810426714739,-0.6802800592963419,1.337810426714739,1.337810426714739,1.337810426714739,0.12695613510809048,0.12695613510809048,0.12695613510809048,0.12695613510809048,0.12695613510809048,0.12695613510809048,0.12695613510809048,1.337810426714739,1.337810426714739,1.337810426714739,0.12695613510809048,1.337810426714739,-1.0838981564985581,0.12695613510809048,-1.0838981564985581,0.12695613510809048,-1.0838981564985581,0.12695613510809048,-1.0838981564985581,0.12695613510809048,-1.0838981564985581,0.12695613510809048,1.337810426714739,1.337810426714739,1.337810426714739,1.337810426714739,1.337810426714739,1.337810426714739,1.337810426714739,1.337810426714739,0.12695613510809048,0.12695613510809048,1.337810426714739,1.337810426714739,1.337810426714739,0.12695613510809048,1.337810426714739,1.337810426714739,1.337810426714739,1.337810426714739,1.337810426714739,0.5305742323103066,1.337810426714739,1.337810426714739,0.12695613510809048,1.337810426714739,1.337810426714739,1.337810426714739,1.337810426714739,0.12695613510809048,1.337810426714739,1.337810426714739,1.337810426714739,1.337810426714739,0.12695613510809048,1.337810426714739,1.337810426714739,1.337810426714739,0.12695613510809048,0.12695613510809048,1.337810426714739,1.337810426714739,1.337810426714739,1.337810426714739,1.337810426714739,1.337810426714739,1.337810426714739,1.337810426714739,0.12695613510809048,0.12695613510809048,0.12695613510809048,1.337810426714739,1.337810426714739,1.337810426714739,1.337810426714739,1.337810426714739,-0.7379397874680871,-0.27666196209412575,-0.27666196209412575,1.337810426714739,0.12695613510809048,-1.0838981564985581,0.12695613510809048,-1.0838981564985581,0.12695613510809048,-1.0838981564985581,0.12695613510809048,0.12695613510809048,1.337810426714739,1.337810426714739,1.337810426714739,1.337810426714739,0.5305742323103066,1.337810426714739,1.337810426714739,1.337810426714739,1.337810426714739,-0.27666196209412575,0.5305742323103066,1.337810426714739,1.337810426714739,1.337810426714739,1.337810426714739,1.337810426714739,0.12695613510809048,1.337810426714739,1.337810426714739,1.337810426714739,1.337810426714739,1.337810426714739,0.12695613510809048,1.337810426714739,1.337810426714739,1.337810426714739,1.337810426714739,1.337810426714739,1.337810426714739,1.337810426714739,1.337810426714739,0.5305742323103066,1.337810426714739,-0.711327605234974,1.337810426714739,-0.814819425030414,0.12695613510809048,1.337810426714739,0.12695613510809048,-0.27666196209412575,-0.04602304940714509,-0.27666196209412575,0.5305742323103066,0.5305742323103066,0.5305742323103066,-0.357385581534569,1.337810426714739,-0.8532592438115775,-0.8686351713240428,-0.9801106457894168,-0.897612880866766,-0.7055061903714804,0.3691269934294201,-0.47847101069523384,-1.0838981564985581,0.0,-0.781184583596896,0.12695613510809048,-0.629827797146065,-0.7747438692798393,-0.39198141843761614,-0.701523117043827,-1.0838981564985581,-1.0838981564985581,-0.9786064789675452,1.337810426714739,-0.9414447104271877,-1.0838981564985581,-1.0838981564985581,-0.8733148014365323,-0.5649606029528517,1.337810426714739,1.337810426714739,0.5305742323103066,1.337810426714739,0.12695613510809048,1.337810426714739,1.337810426714739,-1.0838981564985581,0.5305742323103066,0.5305742323103066,0.5305742323103066,0.5305742323103066,0.5305742323103066,0.5305742323103066,0.5305742323103066,-0.27666196209412575,0.12695613510809048,1.337810426714739,0.12695613510809048,1.337810426714739,1.337810426714739,1.337810426714739,1.337810426714739,1.337810426714739,1.337810426714739,1.337810426714739,1.337810426714739,1.337810426714739,1.337810426714739,1.337810426714739,1.337810426714739,0.12695613510809048,0.12695613510809048,1.337810426714739,-0.27666196209412575,0.12695613510809048,0.12695613510809048,0.12695613510809048,1.337810426714739,0.12695613510809048,0.12695613510809048,-0.27666196209412575,1.337810426714739,1.337810426714739,-0.27666196209412575,0.5305742323103066,1.337810426714739,1.337810426714739,1.337810426714739,-0.6802800592963419,1.337810426714739,1.337810426714739,-0.27666196209412575,-0.07485291349301758,1.337810426714739
-0.7114277058548415,-0.02500070950017269,1.4516825767754173,-0.791542901507814,1.4516825767754173,1.4516825767754173,1.4516825767754173,-0.2788056493287897,-0.2788056493287897,-0.2788056493287897,-0.2788056493287897,-0.2788056493287897,-0.2788056493287897,-0.2788056493287897,1.4516825767754173,1.4516825767754173,1.4516825767754173,-0.2788056493287897,1.4516825767754173,-0.8556350580301921,-0.2788056493287897,-0.8556350580301921,-0.2788056493287897,-0.8556350580301921,-0.2788056493287897,-0.8556350580301921,-0.2788056493287897,-0.8556350580301921,-0.2788056493287897,1.4516825767754173,1.4516825767754173,1.4516825767754173,1.4516825767754173,1.4516825767754173,1.4516825767754173,1.4516825767754173,1.4516825767754173,-0.2788056493287897,-0.2788056493287897,1.4516825767754173,1.4516825767754173,1.4516825767754173,-0.2788056493287897,1.4516825767754173,1.4516825767754173,1.4516825767754173,1.4516825767754173,1.4516825767754173,0.16983944632785655,1.4516825767754173,1.4516825767754173,-0.2788056493287897,1.4516825767754173,1.4516825767754173,1.4516825767754173,1.4516825767754173,-0.2788056493287897,1.4516825767754173,1.4516825767754173,1.4516825767754173,1.4516825767754173,-0.2788056493287897,1.4516825767754173,1.4516825767754173,1.4516825767754173,-0.2788056493287897,-0.2788056493287897,1.4516825767754173,1.4516825767754173,1.4516825767754173,1.4516825767754173,1.4516825767754173,1.4516825767754173,1.4516825767754173,1.4516825767754173,-0.2788056493287897,-0.2788056493287897,-0.2788056493287897,1.4516825767754173,1.4516825767754173,1.4516825767754173,1.4516825767754173,1.4516825767754173,-0.8085469430341592,-0.59926643194068,-0.59926643194068,1.4516825767754173,-0.2788056493287897,-0.8556350580301921,-0.2788056493287897,-0.8556350580301921,-0.2788056493287897,-0.8556350580301921,-0.2788056493287897,-0.2788056493287897,1.4516825767754173,1.4516825767754173,1.4516825767754173,1.4516825767754173,0.16983944632785655,1.4516825767754173,1.4516825767754173,1.4516825767754173,1.4516825767754173,-0.59926643194068,0.16983944632785655,1.4516825767754173,1.4516825767754173,1.4516825767754173,1.4516825767754173,1.4516825767754173,-0.2788056493287897,1.4516825767754173,1.4516825767754173,1.4516825767754173,1.4516825767754173,1.4516825767754173,-0.2788056493287897,1.4516825767754173,1.4516825767754173,1.4516825767754173,1.4516825767754173,1.4516825767754173,1.4516825767754173,1.4516825767754173,1.4516825767754173,0.16983944632785655,1.4516825767754173,-0.8010239897507694,1.4516825767754173,-0.8271496551313574,-0.2788056493287897,1.4516825767754173,-0.2788056493287897,-0.59926643194068,-0.43184202306589653,-0.59926643194068,0.16983944632785655,0.16983944632785655,0.16983944632785655,-0.6479764708976872,1.4516825767754173,-0.8347070069208442,-0.8374044001749379,-0.8513971276805491,-0.8419822909603365,-0.7993040610866958,-0.02500070950017269,-0.7114277058548415,-0.8556350580301921,0.0,-0.8195832199863545,-0.2788056493287897,-0.7745184224315574,-0.8180327787848314,-0.6672825980460608,-0.7981119036998584,-0.8556350580301921,-0.8556350580301921,-0.8512733989851909,1.4516825767754173,-0.8476512599858821,-0.8556350580301921,-0.8556350580301921,-0.8381884218501875,-0.7496867992891182,1.4516825767754173,1.4516825767754173,0.16983944632785655,1.4516825767754173,-0.2788056493287897,1.4516825767754173,1.4516825767754173,-0.8556350580301921,0.16983944632785655,0.16983944632785655,0.16983944632785655,0.16983944632785655,0.16983944632785655,0.16983944632785655,0.16983944632785655,-0.59926643194068,-0.2788056493287897,1.4516825767754173,-0.2788056493287897,1.4516825767754173,1.4516825767754173,1.4516825767754173,1.4516825767754173,1.4516825767754173,1.4516825767754173,1.4516825767754173,1.4516825767754173,1.4516825767754173,1.4516825767754173,1.4516825767754173,1.4516825767754173,-0.2788056493287897,-0.2788056493287897,1.4516825767754173,-0.59926643194068,-0.2788056493287897,-0.2788056493287897,-0.2788056493287897,1.4516825767754173,-0.2788056493287897,-0.2788056493287897,-0.59926643194068,1.4516825767754173,1.4516825767754173,-0.59926643194068,0.16983944632785655,1.4516825767754173,1.4516825767754173,1.4516825767754173,-0.791542901507814,1.4516825767754173,1.4516825767754173,-0.59926643194068,-0.4550590797653293,1.4516825767754173
-0.7383952689010893,-0.2834513481892721,1.4965912411460476,-0.7633598448510573,1.4965912411460476,1.4965912411460476,1.4965912411460476,-0.49006343445140743,-0.49006343445140743,-0.49006343445140743,-0.49006343445140743,-0.49006343445140743,-0.49006343445140743,-0.49006343445140743,1.4965912411460476,1.4965912411460476,1.4965912411460476,-0.49006343445140743,1.4965912411460476,-0.7738712452510439,-0.49006343445140743,-0.7738712452510439,-0.49006343445140743,-0.7738712452510439,-0.49006343445140743,-0.7738712452510439,-0.49006343445140743,-0.7738712452510439,-0.49006343445140743,1.4965912411460476,1.4965912411460476,1.4965912411460476,1.4965912411460476,1.4965912411460476,1.4965912411460476,1.4965912411460476,1.4965912411460476,-0.49006343445140743,-0.49006343445140743,1.4965912411460476,1.4965912411460476,1.4965912411460476,-0.49006343445140743,1.4965912411460476,1.4965912411460476,1.4965912411460476,1.4965912411460476,1.4965912411460476,-0.10114161965190568,1.4965912411460476,1.4965912411460476,-0.49006343445140743,1.4965912411460476,1.4965912411460476,1.4965912411460476,1.4965912411460476,-0.49006343445140743,1.4965912411460476,1.4965912411460476,1.4965912411460476,1.4965912411460476,-0.49006343445140743,1.4965912411460476,1.4965912411460476,1.4965912411460476,-0.49006343445140743,-0.49006343445140743,1.4965912411460476,1.4965912411460476,1.4965912411460476,1.4965912411460476,1.4965912411460476,1.4965912411460476,1.4965912411460476,1.4965912411460476,-0.49006343445140743,-0.49006343445140743,-0.49006343445140743,1.4965912411460476,1.4965912411460476,1.4965912411460476,1.4965912411460476,1.4965912411460476,-0.7672518210924518,-0.6897800420511516,-0.6897800420511516,1.4965912411460476,-0.49006343445140743,-0.7738712452510439,-0.49006343445140743,-0.7738712452510439,-0.49006343445140743,-0.7738712452510439,-0.49006343445140743,-0.49006343445140743,1.4965912411460476,1.4965912411460476,1.4965912411460476,1.4965912411460476,-0.10114161965190568,1.4965912411460476,1.4965912411460476,1.4965912411460476,1.4965912411460476,-0.6897800420511516,-0.10114161965190568,1.4965912411460476,1.4965912411460476,1.4965912411460476,1.4965912411460476,1.4965912411460476,-0.49006343445140743,1.4965912411460476,1.4965912411460476,1.4965912411460476,1.4965912411460476,1.4965912411460476,-0.49006343445140743,1.4965912411460476,1.4965912411460476,1.4965912411460476,1.4965912411460476,1.4965912411460476,1.4965912411460476,1.4965912411460476,1.4965912411460476,-0.10114161965190568,1.4965912411460476,-0.7656037441626612,1.4965912411460476,-0.7707567562436405,-0.49006343445140743,1.4965912411460476,-0.49006343445140743,-0.6897800420511516,-0.5951467929690571,-0.6897800420511516,-0.10114161965190568,-0.10114161965190568,-0.10114161965190568,-0.7125687581183223,1.4965912411460476,-0.7719099343892388,-0.7722766268792534,-0.7736925207987618,-0.7728378076149961,-0.7652101182124807,-0.2834513481892721,-0.7383952689010893,-0.7738712452510439,0.0,-0.7694367482072996,-0.49006343445140743,-0.7589048177284068,-0.7691476300881053,-0.720915851982307,-0.7649337197906675,-0.7738712452510439,-0.7738712452510439,-0.7736846370085522,1.4965912411460476,-0.7734091116287363,-0.7738712452510439,-0.7738712452510439,-0.7723783793111099,-0.7515306887157955,1.4965912411460476,1.4965912411460476,-0.10114161965190568,1.4965912411460476,-0.49006343445140743,1.4965912411460476,1.4965912411460476,-0.7738712452510439,-0.10114161965190568,-0.10114161965190568,-0.10114161965190568,-0.10114161965190568,-0.10114161965190568,-0.10114161965190568,-0.10114161965190568,-0.6897800420511516,-0.49006343445140743,1.4965912411460476,-0.49006343445140743,1.4965912411460476,1.4965912411460476,1.4965912411460476,1.4965912411460476,1.4965912411460476,1.4965912411460476,1.4965912411460476,1.4965912411460476,1.4965912411460476,1.4965912411460476,1.4965912411460476,1.4965912411460476,-0.49006343445140743,-0.49006343445140743,1.4965912411460476,-0.6897800420511516,-0.49006343445140743,-0.49006343445140743,-0.49006343445140743,1.4965912411460476,-0.49006343445140743,-0.49006343445140743,-0.6897800420511516,1.4965912411460476,1.4965912411460476,-0.6897800420511516,-0.10114161965190568,1.4965912411460476,1.4965912411460476,1.4965912411460476,-0.7633598448510573,1.4965912411460476,1.4965912411460476,-0.6897800420511516,-0.6096306140012543,1.4965912411460476
-1.0,-1.0,-1.0,-1.0,-1.0,-1.0,-1.0,-1.0,-1.0,-1.0,-1.0,-1.0,-1.0,-1.0,-1.0,-1.0,-1.0,-1.0,-1.0,-1.0,-1.0,-1.0,-1.0,-1.0,-1.0,-1.0,-1.0,-1.0,-1.0,-1.0,-1.0,-1.0,-1.0,-1.0,-1.0,-1.0,-1.0,-1.0,-1.0,-1.0,-1.0,-1.0,-1.0,-1.0,-1.0,-1.0,-1.0,-1.0,-1.0,-1.0,-1.0,-1.0,-1.0,-1.0,-1.0,-1.0,-1.0,-1.0,-1.0,-1.0,-1.0,-1.0,-1.0,-1.0,-1.0,-1.0,-1.0,-1.0,-1.0,-1.0,-1.0,-1.0,-1.0,-1.0,-1.0,-1.0,-1.0,-1.0,-1.0,-1.0,-1.0,-1.0,-1.0,-1.0,-1.0,-1.0,-1.0,-1.0,-1.0,-1.0,-1.0,-1.0,-1.0,-1.0,-1.0,-1.0,-1.0,-1.0,-1.0,-1.0,-1.0,-1.0,-1.0,-1.0,-1.0,-1.0,-1.0,-1.0,-1.0,-1.0,-1.0,-1.0,-1.0,-1.0,-1.0,-1.0,-1.0,-1.0,-1.0,-1.0,-1.0,-1.0,-1.0,-1.0,-1.0,-1.0,1.0,-1.0,-1.0,1.0,-1.0,-1.0,-1.0,-1.0,-1.0,-1.0,-1.0,-1.0,-1.0,-1.0,-1.0,-1.0,-1.0,-1.0,-1.0,-1.0,-1.0,-1.0,-1.0,-1.0,-1.0,-1.0,-1.0,-1.0,-1.0,-1.0,-1.0,-1.0,-1.0,-1.0,-1.0,-1.0,-1.0,-1.0,-1.0,-1.0,-1.0,-1.0,1.0,-1.0,-1.0,-1.0,-1.0,-1.0,-1.0,-1.0,-1.0,-1.0,-1.0,-1.0,-1.0,-1.0,-1.0,-1.0,-1.0,-1.0,-1.0,-1.0,-1.0,-1.0,-1.0,-1.0,-1.0,-1.0,-1.0,-1.0,-1.0,-1.0,-1.0,-1.0,-1.0,-1.0,-1.0,-1.0,-1.0,-1.0,-1.0,-1.0,-1.0,-1.0,-1.0,-1.0,-1.0,-1.0,-1.0,-1.0,-1.0,-1.0,-1.0,-1.0,-1.0
1.0,1.0,1.0,1.0,1.0,1.0,1.0,1.0,1.0,1.0,1.0,1.0,1.0,1.0,1.0,1.0,1.0,1.0,1.0,1.0,1.0,1.0,1.0,1.0,1.0,1.0,1.0,1.0,1.0,1.0,1.0,1.0,1.0,1.0,1.0,1.0,1.0,1.0,1.0,1.0,1.0,1.0,1.0,1.0,1.0,1.0,1.0,1.0,1.0,1.0,1.0,1.0,1.0,1.0,1.0,1.0,1.0,1.0,1.0,1.0,1.0,1.0,1.0,1.0,1.0,1.0,1.0,1.0,1.0,1.0,1.0,1.0,1.0,1.0,1.0,1.0,1.0,1.0,1.0,1.0,1.0,1.0,1.0,1.0,1.0,1.0,1.0,1.0,1.0,1.0,1.0,1.0,1.0,1.0,1.0,1.0,1.0,1.0,1.0,1.0,1.0,1.0,1.0,1.0,1.0,1.0,1.0,1.0,1.0,1.0,1.0,1.0,1.0,1.0,1.0,1.0,1.0,1.0,1.0,1.0,1.0,1.0,1.0,1.0,1.0,1.0,1.0,1.0,1.0,1.0,1.0,1.0,1.0,1.0,1.0,1.0,1.0,1.0,1.0,1.0,1.0,1.0,1.0,1.0,1.0,1.0,1.0,1.0,1.0,1.0,1.0,1.0,1.0,1.0,1.0,1.0,1.0,1.0,1.0,1.0,1.0,1.0,1.0,1.0,1.0,1.0,1.0,1.0,1.0,1.0,1.0,1.0,1.0,1.0,1.0,1.0,1.0,1.0,1.0,1.0,1.0,1.0,1.0,1.0,1.0,1.0,1.0,1.0,1.0,1.0,1.0,1.0,1.0,1.0,1.0,1.0,1.0,1.0,1.0,1.0,1.0,1.0,1.0,1.0,1.0,1.0,1.0,1.0,1.0,1.0,1.0,1.0,1.0,1.0,1.0,1.0,1.0,1.0,1.0,1.0,1.0
1.0,0.0,0.0,0.0,0.0,0.0,0.0,0.0,0.0,0.0,0.0,0.0,0.0,0.0,0.0,0.0,0.0,0.0,0.0,0.0,0.0,0.0,0.0,0.0,0.0,0.0,0.0,0.0,0.0,0.0,0.0,0.0,0.0,0.0,0.0,0.0,0.0,0.0,0.0,0.0,0.0,0.0,0.0,0.0,0.0,0.0,0.0,0.0,0.0,0.0,0.0,0.0,0.0,0.0,0.0,0.0,0.0,0.0,0.0,0.0,0.0,0.0,0.0,0.0,0.0,0.0,0.0,0.0,0.0,0.0,0.0,0.0,0.0,0.0,0.0,0.0,0.0,0.0,0.0,0.0,0.0,0.0,0.0,0.0,0.0,0.0,0.0,0.0,0.0,0.0,0.0,0.0,0.0,0.0,0.0,0.0,0.0,0.0,0.0,0.0,0.0,0.0,0.0,0.0,0.0,0.0,0.0,0.0,0.0,0.0,0.0,0.0,0.0,0.0,0.0,0.0,0.0,0.0,0.0,0.0,0.0,0.0,0.0,0.0,0.0,0.0,0.0,0.0,0.0,0.0,0.0,0.0,0.0,0.0,0.0,0.0,0.0,0.0,0.0,0.0,0.0,0.0,0.0,0.0,0.0,0.0,0.0,0.0,0.0,0.0,0.0,0.0,0.0,0.0,0.0,0.0,0.0,0.0,0.0,0.0,0.0,0.0,0.0,0.0,0.0,0.0,0.0,0.0,0.0,0.0,0.0,0.0,0.0,0.0,0.0,0.0,0.0,0.0,0.0,0.0,0.0,0.0,0.0,0.0,0.0,0.0,0.0,0.0,0.0,0.0,0.0,0.0,0.0,0.0,0.0,0.0,0.0,0.0,0.0,0.0,0.0,0.0,0.0,0.0,0.0,0.0,0.0,0.0,0.0,0.0,0.0,0.0,0.0,0.0,0.0,0.0,0.0,0.0,0.0,0.0,1.0
-0.3433191489361702,0.6439024390243901,-1.0,-1.0,-0.3555555555555555,-0.3555555555555555,-0.3555555555555555,0.8601398601398602,0.8412698412698412,0.8412698412698412,1.0,1.0,1.0,1.0,1.0,1.0,1.0,1.0,0.8601398601398602,1.0,1.0,1.0,1.0,1.0,1.0,1.0,1.0,-1.0,-1.0,1.0,1.0,1.0,1.0,1.0,-1.0,-1.0,0.913978494623656,1.0,1.0,1.0,1.0,1.0,1.0,1.0,1.0,1.0,1.0,0.7777777777777777,1.0,1.0,1.0,1.0,1.0,0.8305084745762712,1.0,1.0,1.0,1.0,1.0,1.0,1.0,1.0,0.7741935483870968,1.0,1.0,1.0,1.0,1.0,1.0,1.0,1.0,0.8021978021978022,1.0,1.0,1.0,1.0,1.0,1.0,1.0,1.0,1.0,1.0,1.0,-1.0,-1.0,1.0,1.0,0.5670103092783505,1.0,1.0,1.0,1.0,1.0,1.0,1.0,1.0,1.0,1.0,1.0,1.0,1.0,1.0,1.0,1.0,1.0,1.0,1.0,1.0,1.0,1.0,1.0,1.0,1.0,1.0,1.0,1.0,1.0,1.0,1.0,1.0,1.0,1.0,1.0,1.0,1.0,0.8888888888888888,1.0,1.0,-0.6774193548387097,-0.6774193548387097,-0.5828677839851024,-0.6739130434782609,-0.6739130434782609,-1.0,-1.0,-1.0,-1.0,1.0,1.0,1.0,-0.5828677839851024,-1.0,-1.0,-0.7946377638334284,-0.7946377638334284,-0.7946377638334284,-0.6899563318777293,-0.6899563318777293,-0.6899563318777293,-0.6899563318777293,-0.6899563318777293,-0.9319727891156463,-0.9319727891156463,-0.9319727891156463,-0.7598343685300207,-0.7598343685300207,-0.7598343685300207,-0.7598343685300207,-0.7598343685300207,-0.7946377638334284,-0.9576719576719577,-0.9576719576719577,-0.9576719576719577,-0.9576719576719577,-0.7946377638334284,-0.7946377638334284,0.9452054794520548,1.0,1.0,1.0,1.0,1.0,1.0,1.0,1.0,1.0,1.0,1.0,1.0,1.0,1.0,0.9452054794520548,-0.7612823674475956,1.0,1.0,1.0,1.0,1.0,1.0,1.0,1.0,1.0,1.0,1.0,1.0,1.0,1.0,1.0,1.0,1.0,1.0,1.0,1.0,1.0,1.0,1.0,1.0,1.0,1.0,1.0,1.0,1.0,1.0,1.0,-1.0,-1.0,-0.525,-0.525,-0.7731958762886598,-0.7731958762886598,-0.3433191489361702
0.04722599305560278,0.04722599305560278,0.04722599305560278,0.04722599305560278,0.5719650796632643,0.5719650796632643,0.5719650796632643,0.5719650796632643,0.5719650796632643,0.5719650796632643,1.0967041662709258,1.0967041662709258,1.0967041662709258,1.0967041662709258,1.0967041662709258,1.0967041662709258,1.0967041662709258,1.0967041662709258,0.5719650796632643,0.5719650796632643,0.5719650796632643,-0.4775130935520587,-0.4775130935520587,-0.4775130935520587,-0.4775130935520587,0.04722599305560278,0.04722599305560278,1.6214432528785871,1.6214432528785871,0.5719650796632643,0.5719650796632643,0.5719650796632643,0.5719650796632643,0.5719650796632643,-0.4775130935520587,-0.4775130935520587,0.5719650796632643,0.5719650796632643,0.5719650796632643,0.5719650796632643,0.5719650796632643,0.5719650796632643,0.5719650796632643,0.5719650796632643,0.5719650796632643,0.5719650796632643,0.5719650796632643,0.5719650796632643,0.5719650796632643,0.5719650796632643,0.5719650796632643,0.5719650796632643,0.5719650796632643,0.04722599305560278,0.04722599305560278,0.04722599305560278,0.04722599305560278,0.04722599305560278,0.04722599305560278,0.04722599305560278,0.04722599305560278,0.04722599305560278,0.04722599305560278,-0.4775130935520587,-0.4775130935520587,-0.4775130935520587,-0.4775130935520587,-0.4775130935520587,-0.4775130935520587,-0.4775130935520587,-0.4775130935520587,0.04722599305560278,0.04722599305560278,0.04722599305560278,0.04722599305560278,0.04722599305560278,0.04722599305560278,0.04722599305560278,0.04722599305560278,0.04722599305560278,0.04722599305560278,0.04722599305560278,0.04722599305560278,-0.4775130935520587,-0.4775130935520587,0.5719650796632643,0.5719650796632643,0.04722599305560278,-0.4775130935520587,-0.4775130935520587,-0.4775130935520587,-0.4775130935520587,0.04722599305560278,0.04722599305560278,0.5719650796632643,0.5719650796632643,0.5719650796632643,0.5719650796632643,0.5719650796632643,0.5719650796632643,0.5719650796632643,0.5719650796632643,0.5719650796632643,0.5719650796632643,0.5719650796632643,0.5719650796632643,0.5719650796632643,0.5719650796632643,0.5719650796632643,0.5719650796632643,0.5719650796632643,0.5719650796632643,0.5719650796632643,0.5719650796632643,0.5719650796632643,0.5719650796632643,0.5719650796632643,0.5719650796632643,0.5719650796632643,0.5719650796632643,0.5719650796632643,0.5719650796632643,0.5719650796632643,0.5719650796632643,0.5719650796632643,0.04722599305560278,0.5719650796632643,0.5719650796632643,0.04722599305560278,0.04722599305560278,-0.4775130935520587,-1.0022521801597202,-1.0022521801597202,-1.0022521801597202,-1.0022521801597202,-1.0022521801597202,-1.0022521801597202,-0.4775130935520587,-0.4775130935520587,-0.4775130935520587,-0.4775130935520587,-0.4775130935520587,-0.4775130935520587,-0.4775130935520587,-0.4775130935520587,-0.4775130935520587,-0.4775130935520587,-0.4775130935520587,-0.4775130935520587,-0.4775130935520587,-0.4775130935520587,-0.4775130935520587,-0.4775130935520587,-0.4775130935520587,-0.4775130935520587,-0.4775130935520587,-0.4775130935520587,-0.4775130935520587,-0.4775130935520587,-0.4775130935520587,-0.4775130935520587,-0.4775130935520587,-0.4775130935520587,-0.4775130935520587,-0.4775130935520587,-0.4775130935520587,0.04722599305560278,0.5719650796632643,0.5719650796632643,0.04722599305560278,0.04722599305560278,0.04722599305560278,0.04722599305560278,0.04722599305560278,-0.4775130935520587,-0.4775130935520587,-0.4775130935520587,-0.4775130935520587,-0.4775130935520587,-0.4775130935520587,-0.4775130935520587,0.04722599305560278,-0.4775130935520587,0.5719650796632643,0.5719650796632643,0.5719650796632643,0.5719650796632643,0.5719650796632643,0.5719650796632643,0.5719650796632643,0.5719650796632643,0.5719650796632643,0.5719650796632643,0.5719650796632643,0.5719650796632643,0.5719650796632643,0.5719650796632643,0.5719650796632643,0.5719650796632643,0.5719650796632643,0.5719650796632643,0.5719650796632643,0.5719650796632643,0.5719650796632643,0.5719650796632643,0.5719650796632643,0.5719650796632643,0.5719650796632643,0.5719650796632643,0.5719650796632643,0.04722599305560278,0.04722599305560278,0.04722599305560278,0.04722599305560278,0.04722599305560278,0.04722599305560278,0.5719650796632643,0.5719650796632643,0.04722599305560278,0.04722599305560278,0.04722599305560278
1.0,1.0,1.0,1.0,1.0,1.0,1.0,1.0,1.0,1.0,1.0,1.0,1.0,1.0,1.0,1.0,1.0,1.0,1.0,1.0,1.0,1.0,1.0,1.0,1.0,1.0,1.0,-1.0,-1.0,-1.0,-1.0,-1.0,-1.0,-1.0,-1.0,-1.0,-1.0,-1.0,-1.0,-1.0,-1.0,-1.0,-1.0,-1.0,-1.0,-1.0,-1.0,-1.0,-1.0,-1.0,-1.0,-1.0,-1.0,-1.0,-1.0,-1.0,-1.0,-1.0,-1.0,-1.0,-1.0,-1.0,-1.0,-1.0,-1.0,-1.0,-1.0,-1.0,-1.0,-1.0,-1.0,-1.0,-1.0,-1.0,-1.0,-1.0,-1.0,-1.0,-1.0,-1.0,-1.0,-1.0,-1.0,1.0,1.0,1.0,1.0,1.0,1.0,1.0,1.0,1.0,1.0,1.0,1.0,1.0,1.0,1.0,1.0,1.0,1.0,1.0,1.0,1.0,1.0,1.0,1.0,1.0,1.0,1.0,1.0,-1.0,-1.0,-1.0,-1.0,-1.0,-1.0,-1.0,-1.0,-1.0,-1.0,-1.0,-1.0,-1.0,-1.0,-1.0,-1.0,-1.0,1.0,1.0,1.0,1.0,1.0,-1.0,-1.0,1.0,1.0,1.0,1.0,1.0,1.0,1.0,1.0,1.0,1.0,1.0,1.0,1.0,1.0,1.0,1.0,1.0,1.0,1.0,1.0,1.0,1.0,1.0,1.0,1.0,1.0,1.0,1.0,1.0,1.0,1.0,1.0,-1.0,-1.0,-1.0,-1.0,-1.0,-1.0,-1.0,1.0,1.0,1.0,1.0,1.0,1.0,1.0,1.0,1.0,-1.0,-1.0,-1.0,-1.0,-1.0,-1.0,-1.0,-1.0,-1.0,-1.0,-1.0,-1.0,-1.0,-1.0,1.0,1.0,1.0,1.0,1.0,1.0,1.0,1.0,-1.0,-1.0,-1.0,-1.0,-1.0,1.0,1.0,1.0,1.0,1.0,1.0,1.0,1.0,1.0,1.0,1.0
-0.7436134235599187,-1.6410927202294108,-1.7193517912942373,-1.7193517912942373,-1.9010246348375845,-1.9010246348375845,-1.9010246348375845,-1.7920209287115763,-1.676605239872273,-1.676605239872273,-1.9429491371937413,-1.9429491371937413,-1.9429491371937413,-1.9429491371937413,-1.9429491371937413,-1.9429491371937413,-1.9429491371937413,-1.9429491371937413,-1.7920209287115763,0.17004578155657307,0.17004578155657307,0.17004578155657307,0.17004578155657307,0.17004578155657307,0.17004578155657307,0.17004578155657307,0.17004578155657307,-2.446043165467626,-2.446043165467626,-2.446043165467626,-2.446043165467626,-2.446043165467626,-2.446043165467626,-2.446043165467626,-2.446043165467626,-2.446043165467626,-2.446043165467626,-2.446043165467626,-2.446043165467626,-2.446043165467626,-2.446043165467626,-2.446043165467626,-2.446043165467626,-2.446043165467626,-2.446043165467626,-2.446043165467626,-2.446043165467626,-2.446043165467626,-2.446043165467626,-2.446043165467626,-2.446043165467626,-2.446043165467626,-2.446043165467626,-2.446043165467626,-2.446043165467626,-2.446043165467626,-2.446043165467626,-2.446043165467626,-2.446043165467626,-2.446043165467626,-2.446043165467626,-2.446043165467626,-2.446043165467626,-2.446043165467626,-2.446043165467626,-2.446043165467626,-2.446043165467626,-2.446043165467626,-2.446043165467626,-2.446043165467626,-2.446043165467626,-2.446043165467626,-2.446043165467626,-2.446043165467626,-2.446043165467626,-2.446043165467626,-2.446043165467626,-2.446043165467626,-2.446043165467626,-2.446043165467626,-2.446043165467626,-2.446043165467626,-2.446043165467626,0.17004578155657307,0.17004578155657307,-0.8109875735775016,-0.8109875735775016,-0.13772938868156795,0.17004578155657307,0.17004578155657307,0.17004578155657307,0.17004578155657307,0.17004578155657307,0.17004578155657307,-2.2124637951976083,-2.2124637951976083,-2.2124637951976083,-2.2124637951976083,-2.2124637951976083,-2.2124637951976083,-2.2124637951976083,-2.2124637951976083,-2.2124637951976083,-2.2124637951976083,-2.2124637951976083,-2.2124637951976083,-2.2124637951976083,-2.2124637951976083,-2.2124637951976083,-2.2124637951976083,-2.2124637951976083,-2.446043165467626,-2.446043165467626,-2.446043165467626,-2.446043165467626,-2.446043165467626,-2.446043165467626,-2.446043165467626,-2.446043165467626,-2.446043165467626,-2.446043165467626,-2.446043165467626,-2.446043165467626,-2.446043165467626,-2.446043165467626,-2.446043165467626,-2.446043165467626,-2.446043165467626,-0.7019838674514933,-0.7019838674514933,-1.0153695225637671,-2.119032047089601,-2.119032047089601,-2.446043165467626,-2.446043165467626,-1.7920209287115763,-1.7920209287115763,-0.9926604171208488,-0.9926604171208488,-0.9926604171208488,-1.0153695225637671,-0.606605624591236,-0.606605624591236,-0.2266562309020146,-0.2266562309020146,-0.2266562309020146,-0.3467125289667257,-0.3467125289667257,-0.3467125289667257,-0.3467125289667257,-0.3467125289667257,-0.22236756049705672,-0.22236756049705672,-0.22236756049705672,-0.21279650337379746,-0.21279650337379746,-0.21279650337379746,-0.21279650337379746,-0.21279650337379746,-0.2266562309020146,0.18821306591090772,0.18821306591090772,0.18821306591090772,0.18821306591090772,-0.2266562309020146,-0.2266562309020146,-1.208703798631856,-2.446043165467626,-2.446043165467626,-2.446043165467626,-2.446043165467626,-2.446043165467626,-2.446043165467626,-2.446043165467626,-0.577408203307484,-0.577408203307484,-0.577408203307484,-0.577408203307484,-0.577408203307484,-0.577408203307484,-0.577408203307484,-1.208703798631856,-0.33986986066000835,-2.446043165467626,-2.446043165467626,-2.446043165467626,-2.446043165467626,-2.446043165467626,-2.446043165467626,-2.446043165467626,-2.446043165467626,-2.446043165467626,-2.446043165467626,-2.446043165467626,-2.446043165467626,-2.446043165467626,-2.446043165467626,-2.0100283409635926,-2.0100283409635926,-2.0100283409635926,-2.0100283409635926,-2.0100283409635926,-2.0100283409635926,-2.0100283409635926,-2.0100283409635926,-2.446043165467626,-2.446043165467626,-2.446043165467626,-2.446043165467626,-2.446043165467626,-1.7193517912942373,-1.7193517912942373,-1.7193517912942373,-1.7193517912942373,-1.7193517912942373,-1.7193517912942373,-1.8514774956893987,-1.8514774956893987,-1.1379986919555263,-1.1379986919555263,-0.7436134235599187
1.0,1.0,-1.0,-1.0,-1.0,-1.0,-1.0,-1.0,-1.0,-1.0,-1.0,-1.0,-1.0,-1.0,-1.0,-1.0,-1.0,-1.0,-1.0,-1.0,-1.0,-1.0,-1.0,-1.0,-1.0,-1.0,-1.0,-1.0,-1.0,-1.0,-1.0,-1.0,-1.0,-1.0,-1.0,-1.0,-1.0,-1.0,-1.0,-1.0,-1.0,-1.0,-1.0,-1.0,-1.0,-1.0,-1.0,-1.0,-1.0,-1.0,-1.0,-1.0,-1.0,-1.0,-1.0,-1.0,-1.0,-1.0,-1.0,-1.0,-1.0,-1.0,1.0,1.0,1.0,1.0,1.0,1.0,1.0,1.0,1.0,1.0,1.0,1.0,1.0,1.0,1.0,1.0,1.0,1.0,1.0,1.0,1.0,-1.0,-1.0,-1.0,-1.0,-1.0,-1.0,-1.0,-1.0,-1.0,-1.0,-1.0,-1.0,-1.0,-1.0,-1.0,-1.0,-1.0,-1.0,-1.0,-1.0,-1.0,-1.0,-1.0,-1.0,-1.0,-1.0,-1.0,-1.0,-1.0,-1.0,-1.0,-1.0,-1.0,-1.0,-1.0,-1.0,-1.0,-1.0,-1.0,-1.0,-1.0,-1.0,-1.0,1.0,1.0,1.0,1.0,1.0,-1.0,-1.0,-1.0,-1.0,-1.0,-1.0,-1.0,-1.0,-1.0,1.0,-1.0,-1.0,1.0,1.0,1.0,-1.0,-1.0,-1.0,-1.0,-1.0,-1.0,-1.0,-1.0,-1.0,-1.0,-1.0,-1.0,-1.0,1.0,-1.0,-1.0,-1.0,-1.0,1.0,1.0,1.0,1.0,1.0,1.0,1.0,1.0,1.0,1.0,-1.0,-1.0,-1.0,-1.0,-1.0,-1.0,-1.0,1.0,1.0,-1.0,-1.0,-1.0,-1.0,-1.0,-1.0,-1.0,-1.0,-1.0,-1.0,-1.0,-1.0,-1.0,-1.0,-1.0,-1.0,-1.0,-1.0,-1.0,-1.0,-1.0,-1.0,-1.0,-1.0,-1.0,-1.0,-1.0,-1.0,-1.0,-1.0,-1.0,-1.0,-1.0,-1.0,-1.0,-1.0,-1.0,1.0
1.0,-1.0,-1.0,-1.0,-1.0,-1.0,-1.0,-1.0,-1.0,-1.0,-1.0,-1.0,-1.0,-1.0,-1.0,-1.0,-1.0,-1.0,-1.0,-1.0,-1.0,-1.0,-1.0,-1.0,-1.0,-1.0,-1.0,-1.0,-1.0,-1.0,-1.0,-1.0,-1.0,-1.0,-1.0,-1.0,-1.0,-1.0,-1.0,-1.0,-1.0,-1.0,-1.0,-1.0,-1.0,-1.0,-1.0,-1.0,-1.0,-1.0,-1.0,-1.0,-1.0,-1.0,-1.0,-1.0,-1.0,-1.0,-1.0,-1.0,-1.0,-1.0,-1.0,-1.0,-1.0,-1.0,-1.0,-1.0,-1.0,-1.0,-1.0,-1.0,-1.0,-1.0,-1.0,-1.0,-1.0,-1.0,-1.0,-1.0,-1.0,-1.0,-1.0,-1.0,-1.0,-1.0,-1.0,-1.0,-1.0,-1.0,-1.0,-1.0,-1.0,-1.0,-1.0,-1.0,-1.0,-1.0,-1.0,-1.0,-1.0,-1.0,-1.0,-1.0,-1.0,-1.0,-1.0,-1.0,-1.0,-1.0,-1.0,-1.0,-1.0,-1.0,-1.0,-1.0,-1.0,-1.0,-1.0,-1.0,-1.0,-1.0,-1.0,-1.0,-1.0,-1.0,-1.0,-1.0,-1.0,-1.0,-1.0,-1.0,-1.0,-1.0,-1.0,-1.0,-1.0,-1.0,-1.0,-1.0,-1.0,-1.0,-1.0,1.0,1.0,1.0,-1.0,-1.0,-1.0,-1.0,-1.0,-1.0,-1.0,-1.0,1.0,1.0,1.0,1.0,1.0,1.0,-1.0,-1.0,-1.0,-1.0,1.0,1.0,-1.0,-1.0,-1.0,-1.0,-1.0,-1.0,-1.0,-1.0,-1.0,-1.0,-1.0,-1.0,-1.0,-1.0,-1.0,-1.0,1.0,-1.0,-1.0,-1.0,-1.0,-1.0,-1.0,-1.0,-1.0,-1.0,-1.0,-1.0,-1.0,-1.0,-1.0,-1.0,-1.0,-1.0,-1.0,-1.0,-1.0,-1.0,-1.0,-1.0,-1.0,-1.0,-1.0,-1.0,-1.0,-1.0,-1.0,-1.0,-1.0,-1.0,-1.0,-1.0,-1.0,-1.0,1.0
1.2516174481366167,0.5209203029749827,-0.8827692223489199,-0.8827692223489199,-0.7010235185372593,-0.7010235185372593,-0.7010235185372593,-0.4846520419346229,-0.543793501424543,-0.543793501424543,-0.6115196812013348,-0.6115196812013348,-0.6115196812013348,-0.6115196812013348,-0.6115196812013348,-0.6115196812013348,-0.6115196812013348,-0.6115196812013348,-0.4846520419346229,-1.1559062969083356,-1.1559062969083356,-1.3385541047060048,-1.3385541047060048,-1.3385541047060048,-1.3385541047060048,-1.214393746886843,-1.214393746886843,-1.116393498764381,-1.116393498764381,-1.18423555943938,-1.18423555943938,-1.18423555943938,-1.18423555943938,-1.18423555943938,-1.6355140186915886,-1.6355140186915886,-0.685701171423712,-0.7062446870410563,-0.7062446870410563,-0.7062446870410563,-0.7062446870410563,-0.7062446870410563,-0.7062446870410563,-0.7062446870410563,-0.7062446870410563,-0.7062446870410563,-0.7062446870410563,-0.8676940530880688,-0.922732854796659,-0.922732854796659,-0.922732854796659,-0.922732854796659,-0.922732854796659,-0.8983469888291029,-0.9397270810447315,-0.9397270810447315,-0.9397270810447315,-0.9397270810447315,-0.9397270810447315,-0.9397270810447315,-0.9397270810447315,-0.9397270810447315,-0.8751708481097702,-0.9311527171810882,-0.9311527171810882,-0.9311527171810882,-0.9311527171810882,-0.9311527171810882,-0.9311527171810882,-0.9311527171810882,-0.9311527171810882,-0.695860043683715,-0.7445237162316573,-0.7445237162316573,-0.7445237162316573,-0.7445237162316573,-0.7445237162316573,-0.7445237162316573,-0.7445237162316573,-0.7445237162316573,-0.7445237162316573,-0.7445237162316573,-0.7445237162316573,-0.9756901843793709,-0.9756901843793709,-1.2466334064601852,-1.2466334064601852,-0.6660229072414099,-1.3385541047060048,-1.3385541047060048,-1.3385541047060048,-1.3385541047060048,-1.214393746886843,-1.214393746886843,-0.3618006197601861,-0.3618006197601861,-0.3618006197601861,-0.3618006197601861,-0.3618006197601861,-0.3618006197601861,-0.3618006197601861,-0.3618006197601861,-0.3618006197601861,-0.3618006197601861,-0.3618006197601861,-0.3618006197601861,-0.3618006197601861,-0.3618006197601861,-0.3618006197601861,-0.3618006197601861,-0.3618006197601861,-0.9397270810447315,-0.9397270810447315,-0.9397270810447315,-0.9397270810447315,-0.9397270810447315,-0.8320057452448097,-0.8320057452448097,-0.8320057452448097,-0.8320057452448097,-0.8320057452448097,-0.8320057452448097,-0.8320057452448097,-0.8320057452448097,-0.8320057452448097,-0.8052962060672638,-1.1559062969083356,-1.1559062969083356,-0.685701171423712,-0.685701171423712,0.13364396939666584,-0.690753001378953,-0.690753001378953,-1.3385541047060048,-1.3385541047060048,-1.0799628719093755,-1.0799628719093755,-0.9947658827533218,-0.9947658827533218,-0.9947658827533218,0.13364396939666584,-0.044223435488518384,-0.044223435488518384,1.0103883483556915,1.0103883483556915,1.0103883483556915,0.059284665473918384,0.059284665473918384,0.059284665473918384,0.059284665473918384,0.059284665473918384,-0.14785992180435448,-0.14785992180435448,-0.14785992180435448,0.08411993161335152,0.08411993161335152,0.08411993161335152,0.08411993161335152,0.08411993161335152,1.0103883483556915,-0.030423273074958887,-0.030423273074958887,-0.030423273074958887,-0.030423273074958887,1.0103883483556915,1.0103883483556915,-0.2854805000857472,-1.1559062969083356,-1.1559062969083356,-1.046168170236653,-1.046168170236653,-1.046168170236653,-1.046168170236653,-1.046168170236653,-0.574446437165577,-0.574446437165577,-0.574446437165577,-0.574446437165577,-0.574446437165577,-0.574446437165577,-0.574446437165577,-0.2854805000857472,1.0783672740885573,-0.8320057452448097,-0.8320057452448097,-0.8320057452448097,-0.8320057452448097,-0.8320057452448097,-0.8320057452448097,-0.8320057452448097,-0.8320057452448097,-0.8320057452448097,-1.18423555943938,-1.18423555943938,-1.18423555943938,-1.18423555943938,-1.18423555943938,-0.63346219666291,-0.63346219666291,-0.63346219666291,-0.63346219666291,-0.63346219666291,-0.63346219666291,-0.63346219666291,-0.63346219666291,-0.8827692223489199,-0.8827692223489199,-0.8827692223489199,-0.8827692223489199,-0.8827692223489199,-0.9664366202222776,-0.9664366202222776,-0.9664366202222776,-0.9664366202222776,-0.8827692223489199,-0.8827692223489199,-0.7560623202458499,-0.7560623202458499,-0.6660229072414099,-0.6660229072414099,1.2516174481366167
-1.0917363902447395,-1.0917363902447395,-1.0917363902447395,-1.0917363902447395,-1.0917363902447395,-1.0917363902447395,-1.0917363902447395,0.0,0.0,0.0,0.0,0.0,0.0,0.0,0.0,0.0,0.0,0.0,0.0,0.0,0.0,0.0,0.0,0.0,0.0,0.0,0.0,-0.4495729319754428,-0.4495729319754428,0.0,0.0,0.0,0.0,0.0,0.0,0.0,0.0,0.0,0.0,0.0,0.0,0.0,0.0,0.0,0.0,0.0,0.0,0.0,0.0,0.0,0.0,0.0,0.0,0.0,0.0,0.0,0.0,0.0,0.0,0.0,0.0,0.0,0.0,0.0,0.0,0.0,0.0,0.0,0.0,0.0,0.0,0.0,0.0,0.0,0.0,0.0,0.0,0.0,0.0,0.0,0.0,0.0,0.0,-0.9465340976736566,-0.9465340976736566,0.0,0.0,0.0,0.0,0.0,0.0,0.0,0.0,0.0,0.0,0.0,0.0,0.0,0.0,0.0,0.0,0.0,0.0,0.0,0.0,0.0,0.0,0.0,0.0,0.0,0.0,0.0,0.0,0.0,0.0,0.0,0.0,0.0,0.0,0.0,0.0,0.0,0.0,0.0,0.0,0.0,0.0,0.0,0.0,0.0,-1.0917363902447395,-0.8089162938928366,-0.8089162938928366,0.33509368503733256,0.33509368503733256,-0.5782451446245359,-0.5782451446245359,0.0,0.0,0.0,-1.0917363902447395,-1.0917363902447395,-1.0917363902447395,-1.0917363902447395,-1.0917363902447395,-1.0917363902447395,-1.0917363902447395,-1.0917363902447395,-1.0917363902447395,-1.0917363902447395,-1.0917363902447395,-1.0917363902447395,-1.0917363902447395,-1.0917363902447395,-1.0917363902447395,-1.0917363902447395,-1.0917363902447395,-1.0917363902447395,-1.0917363902447395,-1.0917363902447395,-1.0917363902447395,-1.0917363902447395,-1.0917363902447395,-1.0917363902447395,-1.0917363902447395,-1.0917363902447395,0.0,0.0,0.0,0.0,0.0,0.0,0.0,0.0,0.0,0.0,0.0,0.0,0.0,0.0,0.0,0.0,-1.0917363902447395,0.0,0.0,0.0,0.0,0.0,0.0,0.0,0.0,0.0,0.0,0.0,0.0,0.0,0.0,0.0,0.0,0.0,0.0,0.0,0.0,0.0,0.0,0.0,0.0,0.0,0.0,0.0,0.0,0.0,0.0,0.0,-1.0917363902447395,-1.0917363902447395,-1.0917363902447395,-1.0917363902447395,-0.8962624695258486,-0.8962624695258486,-1.0917363902447395
1.969566382794139,1.969566382794139,-0.5077224524862195,-0.5077224524862195,-0.5077224524862195,-0.5077224524862195,-0.5077224524862195,-0.5077224524862195,-0.5077224524862195,-0.5077224524862195,-0.5077224524862195,-0.5077224524862195,-0.5077224524862195,-0.5077224524862195,-0.5077224524862195,-0.5077224524862195,-0.5077224524862195,-0.5077224524862195,-0.5077224524862195,-0.5077224524862195,-0.5077224524862195,-0.5077224524862195,-0.5077224524862195,-0.5077224524862195,-0.5077224524862195,-0.5077224524862195,-0.5077224524862195,-0.5077224524862195,-0.5077224524862195,-0.5077224524862195,-0.5077224524862195,-0.5077224524862195,-0.5077224524862195,-0.5077224524862195,-0.5077224524862195,-0.5077224524862195,-0.5077224524862195,-0.5077224524862195,-0.5077224524862195,-0.5077224524862195,-0.5077224524862195,-0.5077224524862195,-0.5077224524862195,-0.5077224524862195,-0.5077224524862195,-0.5077224524862195,-0.5077224524862195,-0.5077224524862195,-0.5077224524862195,-0.5077224524862195,-0.5077224524862195,-0.5077224524862195,-0.5077224524862195,1.969566382794139,1.969566382794139,1.969566382794139,1.969566382794139,1.969566382794139,1.969566382794139,1.969566382794139,1.969566382794139,1.969566382794139,-0.5077224524862195,-0.5077224524862195,-0.5077224524862195,-0.5077224524862195,-0.5077224524862195,-0.5077224524862195,-0.5077224524862195,-0.5077224524862195,-0.5077224524862195,-0.5077224524862195,-0.5077224524862195,-0.5077224524862195,-0.5077224524862195,-0.5077224524862195,-0.5077224524862195,-0.5077224524862195,-0.5077224524862195,-0.5077224524862195,-0.5077224524862195,-0.5077224524862195,-0.5077224524862195,-0.5077224524862195,-0.5077224524862195,-0.5077224524862195,-0.5077224524862195,-0.5077224524862195,-0.5077224524862195,-0.5077224524862195,-0.5077224524862195,-0.5077224524862195,-0.5077224524862195,-0.5077224524862195,-0.5077224524862195,-0.5077224524862195,-0.5077224524862195,-0.5077224524862195,-0.5077224524862195,-0.5077224524862195,-0.5077224524862195,-0.5077224524862195,-0.5077224524862195,-0.5077224524862195,-0.5077224524862195,-0.5077224524862195,-0.5077224524862195,-0.5077224524862195,-0.5077224524862195,-0.5077224524862195,-0.5077224524862195,-0.5077224524862195,-0.5077224524862195,-0.5077224524862195,-0.5077224524862195,-0.5077224524862195,1.969566382794139,1.969566382794139,1.969566382794139,1.969566382794139,1.969566382794139,1.969566382794139,1.969566382794139,1.969566382794139,1.969566382794139,1.969566382794139,-0.5077224524862195,-0.5077224524862195,-0.5077224524862195,-0.5077224524862195,1.969566382794139,1.969566382794139,1.969566382794139,1.969566382794139,1.969566382794139,1.969566382794139,1.969566382794139,-0.5077224524862195,-0.5077224524862195,-0.5077224524862195,1.969566382794139,-0.5077224524862195,-0.5077224524862195,-0.5077224524862195,-0.5077224524862195,-0.5077224524862195,-0.5077224524862195,-0.5077224524862195,-0.5077224524862195,-0.5077224524862195,-0.5077224524862195,-0.5077224524862195,-0.5077224524862195,-0.5077224524862195,-0.5077224524862195,-0.5077224524862195,-0.5077224524862195,-0.5077224524862195,-0.5077224524862195,-0.5077224524862195,-0.5077224524862195,-0.5077224524862195,-0.5077224524862195,-0.5077224524862195,-0.5077224524862195,-0.5077224524862195,-0.5077224524862195,-0.5077224524862195,-0.5077224524862195,-0.5077224524862195,-0.5077224524862195,-0.5077224524862195,-0.5077224524862195,-0.5077224524862195,-0.5077224524862195,-0.5077224524862195,-0.5077224524862195,-0.5077224524862195,-0.5077224524862195,-0.5077224524862195,-0.5077224524862195,-0.5077224524862195,1.969566382794139,1.969566382794139,1.969566382794139,1.969566382794139,1.969566382794139,1.969566382794139,1.969566382794139,1.969566382794139,1.969566382794139,1.969566382794139,-0.5077224524862195,-0.5077224524862195,-0.5077224524862195,-0.5077224524862195,-0.5077224524862195,-0.5077224524862195,-0.5077224524862195,-0.5077224524862195,-0.5077224524862195,-0.5077224524862195,-0.5077224524862195,-0.5077224524862195,-0.5077224524862195,-0.5077224524862195,-0.5077224524862195,-0.5077224524862195,-0.5077224524862195,-0.5077224524862195,-0.5077224524862195,-0.5077224524862195,-0.5077224524862195,-0.5077224524862195,-0.5077224524862195,-0.5077224524862195,-0.5077224524862195,-0.5077224524862195,1.969566382794139,1.969566382794139,1.969566382794139
-0.8527210563591198,-0.8673422560260492,-0.8700053950135924,-0.8700053950135924,-0.8700053950135924,-0.8700053950135924,-0.8700053950135924,-0.8700053950135924,-0.8700053950135924,-0.8700053950135924,-0.8700053950135924,-0.8700053950135924,-0.8700053950135924,-0.8700053950135924,-0.8700053950135924,-0.8700053950135924,-0.8700053950135924,-0.8700053950135924,-0.8700053950135924,-0.8700053950135924,-0.8700053950135924,-0.8700053950135924,-0.8700053950135924,-0.8700053950135924,-0.8700053950135924,-0.8700053950135924,-0.8700053950135924,-0.8700053950135924,-0.8700053950135924,-0.8700053950135924,-0.8700053950135924,-0.8700053950135924,-0.8700053950135924,-0.8700053950135924,-0.8700053950135924,-0.8700053950135924,-0.8700053950135924,-0.8700053950135924,-0.8700053950135924,-0.8700053950135924,-0.8700053950135924,-0.8700053950135924,-0.8700053950135924,-0.8700053950135924,-0.8700053950135924,-0.8700053950135924,-0.8700053950135924,-0.8700053950135924,-0.8700053950135924,-0.8700053950135924,-0.8700053950135924,-0.8700053950135924,-0.8700053950135924,-0.8144857178156554,-0.8093450069639946,-0.8093450069639946,-0.8093450069639946,-0.8093450069639946,-0.8093450069639946,-0.8093450069639946,-0.8093450069639946,-0.8093450069639946,-0.8700053950135924,-0.8700053950135924,-0.8700053950135924,-0.8700053950135924,-0.8700053950135924,-0.8700053950135924,-0.8700053950135924,-0.8700053950135924,-0.8700053950135924,-0.8700053950135924,-0.8700053950135924,-0.8700053950135924,-0.8700053950135924,-0.8700053950135924,-0.8700053950135924,-0.8700053950135924,-0.8700053950135924,-0.8700053950135924,-0.8700053950135924,-0.8700053950135924,-0.8700053950135924,-0.8700053950135924,-0.8700053950135924,-0.8700053950135924,-0.8700053950135924,-0.8700053950135924,-0.8700053950135924,-0.8700053950135924,-0.8700053950135924,-0.8700053950135924,-0.8700053950135924,-0.8700053950135924,-0.8700053950135924,-0.8700053950135924,-0.8700053950135924,-0.8700053950135924,-0.8700053950135924,-0.8700053950135924,-0.8700053950135924,-0.8700053950135924,-0.8700053950135924,-0.8700053950135924,-0.8700053950135924,-0.8700053950135924,-0.8700053950135924,-0.8700053950135924,-0.8700053950135924,-0.8700053950135924,-0.8700053950135924,-0.8700053950135924,-0.8700053950135924,-0.8700053950135924,-0.8700053950135924,-0.8700053950135924,-0.6773194565031052,-0.6773194565031052,-0.6773194565031052,-0.6773194565031052,-0.6773194565031052,-0.6773194565031052,-0.6773194565031052,-0.6773194565031052,-0.6773194565031052,-0.688024230864799,-0.8700053950135924,-0.8700053950135924,-0.8700053950135924,-0.8700053950135924,-0.7602067037953261,-0.22911520822871104,-0.22911520822871104,0.4117749785561704,0.4117749785561704,-0.13298168021097884,-0.13298168021097884,-0.8700053950135924,-0.8700053950135924,-0.8700053950135924,-0.7602067037953261,-0.8700053950135924,-0.8700053950135924,-0.8700053950135924,-0.8700053950135924,-0.8700053950135924,-0.8700053950135924,-0.8700053950135924,-0.8700053950135924,-0.8700053950135924,-0.8700053950135924,-0.8700053950135924,-0.8700053950135924,-0.8700053950135924,-0.8700053950135924,-0.8700053950135924,-0.8700053950135924,-0.8700053950135924,-0.8700053950135924,-0.8700053950135924,-0.8700053950135924,-0.8700053950135924,-0.8700053950135924,-0.8700053950135924,-0.8700053950135924,-0.8700053950135924,-0.8700053950135924,-0.8700053950135924,-0.8700053950135924,-0.8700053950135924,-0.8700053950135924,-0.8700053950135924,-0.8700053950135924,-0.8700053950135924,-0.8700053950135924,-0.8700053950135924,-0.8700053950135924,-0.8700053950135924,-0.8700053950135924,-0.8700053950135924,-0.8700053950135924,-0.8700053950135924,-0.8554648531679182,-0.6773194565031052,-0.6773194565031052,-0.6773194565031052,-0.6773194565031052,-0.6773194565031052,-0.6773194565031052,-0.6773194565031052,-0.6773194565031052,-0.6773194565031052,-0.8700053950135924,-0.8700053950135924,-0.8700053950135924,-0.8700053950135924,-0.8700053950135924,-0.8700053950135924,-0.8700053950135924,-0.8700053950135924,-0.8700053950135924,-0.8700053950135924,-0.8700053950135924,-0.8700053950135924,-0.8700053950135924,-0.8700053950135924,-0.8700053950135924,-0.8700053950135924,-0.8700053950135924,-0.8700053950135924,-0.8700053950135924,-0.8700053950135924,-0.8700053950135924,-0.8700053950135924,-0.8700053950135924,-0.8700053950135924,-0.8700053950135924,-0.8700053950135924,-0.7349265927588179,-0.7349265927588179,-0.8527210563591198
0.10868034111592541,-0.797640857572655,0.2890181816638531,0.2890181816638531,-0.21624949762990653,-0.21624949762990653,-0.21624949762990653,-0.7033676826920172,-0.6173030170247277,-0.6173030170247277,-0.538131199345661,-0.538131199345661,-0.538131199345661,-0.538131199345661,-0.538131199345661,-0.538131199345661,-0.538131199345661,-0.538131199345661,-0.7033676826920172,-0.2727860098355923,-0.2727860098355923,-0.7033676826920172,-0.7033676826920172,-0.7033676826920172,-0.7033676826920172,-0.3965873381778338,-0.3965873381778338,-0.21624949762990653,-0.21624949762990653,-1.096933728981207,-1.096933728981207,-1.096933728981207,-1.096933728981207,-1.096933728981207,-1.096933728981207,-1.096933728981207,-1.0183565364195493,-1.0183565364195493,-1.0183565364195493,-1.0183565364195493,-1.0183565364195493,-1.0183565364195493,-1.0183565364195493,-1.0183565364195493,-1.0183565364195493,-1.0183565364195493,-1.0183565364195493,-0.797640857572655,-0.7033676826920172,-0.7033676826920172,-0.7033676826920172,-0.7033676826920172,-0.7033676826920172,-1.096933728981207,-1.096933728981207,-1.096933728981207,-1.096933728981207,-1.096933728981207,-1.096933728981207,-1.096933728981207,-1.096933728981207,-1.096933728981207,-1.096933728981207,-1.096933728981207,-1.096933728981207,-1.096933728981207,-1.096933728981207,-1.096933728981207,-1.096933728981207,-1.096933728981207,-1.096933728981207,-1.096933728981207,-1.096933728981207,-1.096933728981207,-1.096933728981207,-1.096933728981207,-1.096933728981207,-1.096933728981207,-1.096933728981207,-1.096933728981207,-1.096933728981207,-1.096933728981207,-1.096933728981207,0.10868034111592541,0.10868034111592541,-0.4648295453855011,-0.4648295453855011,-0.538131199345661,-0.7033676826920172,-0.7033676826920172,-0.7033676826920172,-0.7033676826920172,-0.3965873381778338,-0.3965873381778338,-0.797640857572655,-0.797640857572655,-0.797640857572655,-0.797640857572655,-0.797640857572655,-0.797640857572655,-0.797640857572655,-0.797640857572655,-0.797640857572655,-0.797640857572655,-0.797640857572655,-0.797640857572655,-0.797640857572655,-0.797640857572655,-0.797640857572655,-0.797640857572655,-0.797640857572655,-0.797640857572655,-0.797640857572655,-0.797640857572655,-0.797640857572655,-0.797640857572655,-1.096933728981207,-1.096933728981207,-1.096933728981207,-1.096933728981207,-1.096933728981207,-1.096933728981207,-1.096933728981207,-1.096933728981207,-1.096933728981207,-1.096933728981207,-0.2727860098355923,-0.2727860098355923,0.7118114703156233,0.7118114703156233,0.4414916533030797,-0.3965873381778338,-0.3965873381778338,-0.7033676826920172,-0.7033676826920172,-0.11203533773096849,-0.11203533773096849,-0.3327510165778624,-0.3327510165778624,-0.3327510165778624,0.4414916533030797,1.6765786792613817,1.6765786792613817,1.1411274748183142,1.1411274748183142,1.1411274748183142,1.0537955191846062,1.0537955191846062,1.0537955191846062,1.0537955191846062,1.0537955191846062,1.1686047884751642,1.1686047884751642,1.1686047884751642,1.4395135425003327,1.4395135425003327,1.4395135425003327,1.4395135425003327,1.4395135425003327,1.1411274748183142,1.1953393803524335,1.1953393803524335,1.1953393803524335,1.1953393803524335,1.1411274748183142,1.1411274748183142,-0.538131199345661,-0.2727860098355923,-0.2727860098355923,-1.0183565364195493,-1.0183565364195493,-1.0183565364195493,-1.0183565364195493,-1.0183565364195493,-0.3327510165778624,-0.3327510165778624,-0.3327510165778624,-0.3327510165778624,-0.3327510165778624,-0.3327510165778624,-0.3327510165778624,-0.538131199345661,1.0070567606776377,-1.096933728981207,-1.096933728981207,-1.096933728981207,-1.096933728981207,-1.096933728981207,-1.096933728981207,-1.096933728981207,-1.096933728981207,-1.096933728981207,-1.096933728981207,-1.096933728981207,-1.096933728981207,-1.096933728981207,-1.096933728981207,-0.538131199345661,-0.538131199345661,-0.538131199345661,-0.538131199345661,-0.538131199345661,-0.538131199345661,-0.538131199345661,-0.538131199345661,-0.6173030170247277,-0.6173030170247277,-0.6173030170247277,-0.6173030170247277,-0.6173030170247277,-0.6173030170247277,-0.6173030170247277,-0.6173030170247277,-0.6173030170247277,0.2890181816638531,0.2890181816638531,-0.11203533773096849,-0.11203533773096849,0.3528545032638245,0.3528545032638245,0.10868034111592541
-1.0,-1.0,-1.0,-1.0,-1.0,-1.0,-1.0,-1.0,-1.0,-1.0,-1.0,-1.0,-1.0,-1.0,-1.0,-1.0,-1.0,-1.0,-1.0,-1.0,-1.0,-1.0,-1.0,-1.0,-1.0,-1.0,-1.0,-1.0,-1.0,-1.0,-1.0,-1.0,-1.0,-1.0,-1.0,-1.0,-1.0,-1.0,-1.0,-1.0,-1.0,-1.0,-1.0,-1.0,-1.0,-1.0,-1.0,-1.0,-1.0,-1.0,-1.0,-1.0,-1.0,-1.0,-1.0,-1.0,-1.0,-1.0,-1.0,-1.0,-1.0,-1.0,-1.0,-1.0,-1.0,-1.0,-1.0,-1.0,-1.0,-1.0,-1.0,-1.0,-1.0,-1.0,-1.0,-1.0,-1.0,-1.0,-1.0,-1.0,-1.0,-1.0,-1.0,-1.0,-1.0,-1.0,-1.0,-1.0,-1.0,-1.0,-1.0,-1.0,-1.0,-1.0,-1.0,-1.0,-1.0,-1.0,-1.0,-1.0,-1.0,-1.0,-1.0,-1.0,-1.0,-1.0,-1.0,-1.0,-1.0,-1.0,-1.0,-1.0,-1.0,-1.0,-1.0,-1.0,-1.0,-1.0,-1.0,-1.0,-1.0,-1.0,-1.0,-1.0,-1.0,-1.0,-1.0,-1.0,-1.0,-1.0,-1.0,-1.0,-1.0,-1.0,-1.0,-1.0,-1.0,-1.0,-1.0,-1.0,-1.0,-1.0,-1.0,-1.0,-1.0,-1.0,-1.0,-1.0,-1.0,-1.0,-1.0,1.0,1.0,1.0,1.0,1.0,1.0,1.0,1.0,-1.0,1.0,1.0,1.0,1.0,-1.0,-1.0,-1.0,-1.0,-1.0,-1.0,-1.0,-1.0,-1.0,-1.0,-1.0,-1.0,-1.0,-1.0,-1.0,-1.0,-1.0,-1.0,-1.0,-1.0,-1.0,-1.0,-1.0,-1.0,-1.0,-1.0,-1.0,-1.0,-1.0,-1.0,-1.0,-1.0,-1.0,-1.0,-1.0,-1.0,-1.0,-1.0,-1.0,-1.0,-1.0,-1.0,-1.0,-1.0,-1.0,-1.0,-1.0,-1.0,-1.0,-1.0,-1.0,-1.0,-1.0,-1.0,1.0,1.0,-1.0
-1.0,-1.0,-1.0,-1.0,-1.0,-1.0,-1.0,-1.0,-1.0,-1.0,-1.0,-1.0,-1.0,-1.0,-1.0,-1.0,-1.0,-1.0,-1.0,-1.0,-1.0,-1.0,-1.0,-1.0,-1.0,-1.0,-1.0,-1.0,-1.0,-1.0,-1.0,-1.0,-1.0,-1.0,-1.0,-1.0,-1.0,-1.0,-1.0,-1.0,-1.0,-1.0,-1.0,-1.0,-1.0,-1.0,-1.0,-1.0,-1.0,-1.0,-1.0,-1.0,-1.0,-1.0,-1.0,-1.0,-1.0,-1.0,-1.0,-1.0,-1.0,-1.0,-1.0,-1.0,-1.0,-1.0,-1.0,-1.0,-1.0,-1.0,-1.0,-1.0,-1.0,-1.0,-1.0,-1.0,-1.0,-1.0,-1.0,-1.0,-1.0,-1.0,-1.0,-1.0,-1.0,-1.0,-1.0,-1.0,-1.0,-1.0,-1.0,-1.0,-1.0,-1.0,-1.0,-1.0,-1.0,-1.0,-1.0,-1.0,-1.0,-1.0,-1.0,-1.0,-1.0,-1.0,-1.0,-1.0,-1.0,-1.0,-1.0,-1.0,-1.0,-1.0,-1.0,-1.0,-1.0,-1.0,-1.0,-1.0,-1.0,-1.0,-1.0,-1.0,-1.0,-1.0,-1.0,-1.0,-1.0,-1.0,-1.0,-1.0,-1.0,-1.0,-1.0,-1.0,-1.0,-1.0,-1.0,-1.0,-1.0,-1.0,-1.0,-1.0,-1.0,-1.0,-1.0,-1.0,-1.0,-1.0,-1.0,-1.0,-1.0,-1.0,-1.0,-1.0,-1.0,-1.0,-1.0,-1.0,-1.0,-1.0,-1.0,-1.0,-1.0,-1.0,-1.0,-1.0,-1.0,-1.0,-1.0,-1.0,-1.0,-1.0,-1.0,-1.0,-1.0,-1.0,-1.0,-1.0,-1.0,-1.0,-1.0,-1.0,-1.0,-1.0,-1.0,-1.0,-1.0,-1.0,-1.0,-1.0,-1.0,-1.0,-1.0,-1.0,-1.0,-1.0,-1.0,-1.0,-1.0,-1.0,-1.0,-1.0,-1.0,-1.0,-1.0,-1.0,-1.0,-1.0,-1.0,-1.0,-1.0,-1.0,-1.0,-1.0,-1.0,-1.0,-1.0,-1.0,-1.0
1.0,-1.0,-1.0,-1.0,-1.0,-1.0,-1.0,-1.0,-1.0,-1.0,-1.0,-1.0,-1.0,-1.0,-1.0,-1.0,-1.0,-1.0,-1.0,-1.0,-1.0,-1.0,-1.0,-1.0,-1.0,-1.0,-1.0,-1.0,-1.0,-1.0,-1.0,-1.0,-1.0,-1.0,-1.0,-1.0,-1.0,-1.0,-1.0,-1.0,-1.0,-1.0,-1.0,-1.0,-1.0,-1.0,-1.0,-1.0,-1.0,-1.0,-1.0,-1.0,-1.0,-1.0,-1.0,-1.0,-1.0,-1.0,-1.0,-1.0,-1.0,-1.0,-1.0,-1.0,-1.0,-1.0,-1.0,-1.0,-1.0,-1.0,-1.0,-1.0,-1.0,-1.0,-1.0,-1.0,-1.0,-1.0,-1.0,-1.0,-1.0,-1.0,-1.0,-1.0,-1.0,-1.0,-1.0,-1.0,-1.0,-1.0,-1.0,-1.0,-1.0,-1.0,-1.0,-1.0,-1.0,-1.0,-1.0,-1.0,-1.0,-1.0,-1.0,-1.0,-1.0,-1.0,-1.0,-1.0,-1.0,-1.0,-1.0,-1.0,-1.0,-1.0,-1.0,-1.0,-1.0,-1.0,-1.0,-1.0,-1.0,-1.0,-1.0,-1.0,-1.0,-1.0,-1.0,-1.0,-1.0,-1.0,-1.0,-1.0,-1.0,-1.0,-1.0,-1.0,-1.0,-1.0,-1.0,-1.0,-1.0,-1.0,-1.0,-1.0,-1.0,-1.0,-1.0,-1.0,-1.0,-1.0,-1.0,-1.0,-1.0,-1.0,-1.0,-1.0,-1.0,-1.0,-1.0,-1.0,-1.0,-1.0,-1.0,-1.0,-1.0,-1.0,-1.0,-1.0,-1.0,-1.0,-1.0,-1.0,-1.0,-1.0,-1.0,-1.0,-1.0,-1.0,-1.0,-1.0,-1.0,-1.0,-1.0,-1.0,-1.0,-1.0,-1.0,-1.0,-1.0,-1.0,-1.0,-1.0,-1.0,-1.0,-1.0,-1.0,-1.0,-1.0,-1.0,-1.0,-1.0,-1.0,-1.0,-1.0,-1.0,-1.0,-1.0,-1.0,-1.0,-1.0,-1.0,-1.0,-1.0,-1.0,-1.0,-1.0,-1.0,-1.0,1.0,1.0,1.0
-1.0,-1.0,-1.0,-1.0,-1.0,-1.0,-1.0,-1.0,-1.0,-1.0,-1.0,-1.0,-1.0,-1.0,-1.0,-1.0,-1.0,-1.0,-1.0,-1.0,-1.0,-1.0,-1.0,-1.0,-1.0,-1.0,-1.0,-1.0,-1.0,-1.0,-1.0,-1.0,-1.0,-1.0,-1.0,-1.0,-1.0,-1.0,-1.0,-1.0,-1.0,-1.0,-1.0,-1.0,-1.0,-1.0,-1.0,-1.0,-1.0,-1.0,-1.0,-1.0,-1.0,-1.0,-1.0,-1.0,-1.0,-1.0,-1.0,-1.0,-1.0,-1.0,-1.0,-1.0,-1.0,-1.0,-1.0,-1.0,-1.0,-1.0,-1.0,-1.0,-1.0,-1.0,-1.0,-1.0,-1.0,-1.0,-1.0,-1.0,-1.0,-1.0,-1.0,-1.0,-1.0,-1.0,-1.0,-1.0,-1.0,-1.0,-1.0,-1.0,-1.0,-1.0,-1.0,-1.0,-1.0,-1.0,-1.0,-1.0,-1.0,-1.0,-1.0,-1.0,-1.0,-1.0,-1.0,-1.0,-1.0,-1.0,-1.0,-1.0,-1.0,-1.0,-1.0,-1.0,-1.0,-1.0,-1.0,-1.0,-1.0,-1.0,-1.0,-1.0,-1.0,-1.0,-1.0,-1.0,-1.0,-1.0,-1.0,-1.0,-1.0,-1.0,-1.0,-1.0,-1.0,-1.0,-1.0,-1.0,-1.0,-1.0,-1.0,-1.0,-1.0,-1.0,-1.0,-1.0,-1.0,-1.0,-1.0,-1.0,-1.0,-1.0,-1.0,-1.0,-1.0,-1.0,-1.0,-1.0,-1.0,-1.0,-1.0,-1.0,-1.0,-1.0,-1.0,-1.0,-1.0,-1.0,-1.0,-1.0,-1.0,-1.0,-1.0,-1.0,-1.0,-1.0,-1.0,-1.0,-1.0,-1.0,-1.0,-1.0,-1.0,-1.0,-1.0,-1.0,-1.0,-1.0,-1.0,-1.0,-1.0,-1.0,-1.0,-1.0,-1.0,-1.0,-1.0,-1.0,-1.0,-1.0,-1.0,-1.0,-1.0,-1.0,-1.0,-1.0,-1.0,-1.0,-1.0,-1.0,-1.0,-1.0,-1.0,-1.0,-1.0,-1.0,-1.0,-1.0,-1.0
-1.0,-1.0,-1.0,-1.0,-1.0,-1.0,-1.0,-1.0,-1.0,-1.0,-1.0,-1.0,-1.0,-1.0,-1.0,-1.0,-1.0,-1.0,-1.0,-1.0,-1.0,-1.0,-1.0,-1.0,-1.0,-1.0,-1.0,-1.0,-1.0,-1.0,-1.0,-1.0,-1.0,-1.0,-1.0,-1.0,-1.0,-1.0,-1.0,-1.0,-1.0,-1.0,-1.0,-1.0,-1.0,-1.0,-1.0,-1.0,-1.0,-1.0,-1.0,-1.0,-1.0,-1.0,-1.0,-1.0,-1.0,-1.0,-1.0,-1.0,-1.0,-1.0,-1.0,-1.0,-1.0,-1.0,-1.0,-1.0,-1.0,-1.0,-1.0,-1.0,-1.0,-1.0,-1.0,-1.0,-1.0,-1.0,-1.0,-1.0,-1.0,-1.0,-1.0,-1.0,-1.0,-1.0,-1.0,-1.0,-1.0,-1.0,-1.0,-1.0,-1.0,-1.0,-1.0,-1.0,-1.0,-1.0,-1.0,-1.0,-1.0,-1.0,-1.0,-1.0,-1.0,-1.0,-1.0,-1.0,-1.0,-1.0,-1.0,-1.0,-1.0,-1.0,-1.0,-1.0,-1.0,-1.0,-1.0,-1.0,-1.0,-1.0,-1.0,-1.0,-1.0,-1.0,-1.0,-1.0,-1.0,-1.0,-1.0,-1.0,-1.0,-1.0,-1.0,-1.0,-1.0,-1.0,-1.0,-1.0,-1.0,-1.0,-1.0,-1.0,-1.0,-1.0,-1.0,-1.0,-1.0,-1.0,-1.0,-1.0,-1.0,-1.0,-1.0,-1.0,-1.0,-1.0,-1.0,-1.0,-1.0,-1.0,-1.0,-1.0,-1.0,-1.0,-1.0,-1.0,-1.0,-1.0,-1.0,-1.0,-1.0,-1.0,-1.0,-1.0,-1.0,-1.0,-1.0,-1.0,-1.0,-1.0,-1.0,-1.0,-1.0,-1.0,-1.0,-1.0,-1.0,-1.0,-1.0,-1.0,-1.0,-1.0,-1.0,-1.0,-1.0,-1.0,-1.0,-1.0,-1.0,-1.0,-1.0,-1.0,-1.0,-1.0,-1.0,-1.0,-1.0,-1.0,-1.0,-1.0,-1.0,-1.0,-1.0,-1.0,-1.0,-1.0,-1.0,-1.0,-1.0
1.0,-1.0,-1.0,-1.0,-1.0,-1.0,-1.0,-1.0,-1.0,-1.0,-1.0,-1.0,-1.0,-1.0,-1.0,-1.0,-1.0,-1.0,-1.0,-1.0,-1.0,-1.0,-1.0,-1.0,-1.0,-1.0,-1.0,-1.0,-1.0,-1.0,-1.0,-1.0,-1.0,-1.0,-1.0,-1.0,-1.0,-1.0,-1.0,-1.0,-1.0,-1.0,-1.0,-1.0,-1.0,-1.0,-1.0,-1.0,-1.0,-1.0,-1.0,-1.0,-1.0,-1.0,-1.0,-1.0,-1.0,-1.0,-1.0,-1.0,-1.0,-1.0,-1.0,-1.0,-1.0,-1.0,-1.0,-1.0,-1.0,-1.0,-1.0,-1.0,-1.0,-1.0,-1.0,-1.0,-1.0,-1.0,-1.0,-1.0,-1.0,-1.0,-1.0,-1.0,-1.0,-1.0,-1.0,-1.0,-1.0,-1.0,-1.0,-1.0,-1.0,-1.0,-1.0,-1.0,-1.0,-1.0,-1.0,-1.0,-1.0,-1.0,-1.0,-1.0,-1.0,-1.0,-1.0,-1.0,-1.0,-1.0,-1.0,-1.0,-1.0,-1.0,-1.0,-1.0,1.0,1.0,1.0,1.0,1.0,1.0,1.0,1.0,1.0,1.0,-1.0,-1.0,-1.0,-1.0,1.0,1.0,1.0,1.0,1.0,1.0,1.0,-1.0,-1.0,-1.0,1.0,-1.0,-1.0,-1.0,-1.0,-1.0,-1.0,-1.0,-1.0,-1.0,-1.0,-1.0,-1.0,-1.0,-1.0,-1.0,-1.0,-1.0,-1.0,-1.0,-1.0,-1.0,-1.0,-1.0,-1.0,-1.0,-1.0,-1.0,-1.0,-1.0,-1.0,-1.0,-1.0,-1.0,-1.0,-1.0,-1.0,-1.0,-1.0,-1.0,-1.0,-1.0,1.0,1.0,1.0,1.0,1.0,1.0,1.0,1.0,1.0,1.0,-1.0,-1.0,-1.0,-1.0,-1.0,-1.0,-1.0,-1.0,-1.0,-1.0,-1.0,-1.0,-1.0,-1.0,-1.0,-1.0,-1.0,-1.0,-1.0,-1.0,-1.0,-1.0,-1.0,-1.0,-1.0,-1.0,1.0,1.0,1.0
-0.353734764574951,0.4063840485557787,-0.007583230625981649,-0.007583230625981649,0.32876518370919866,0.32876518370919866,0.32876518370919866,0.3691269934294201,0.3406363042151462,0.3406363042151462,0.4063840485557787,0.4063840485557787,0.4063840485557787,0.4063840485557787,0.4063840485557787,0.4063840485557787,0.4063840485557787,0.4063840485557787,0.3691269934294201,-0.5995564398558987,-0.5995564398558987,-0.5995564398558987,-0.5995564398558987,-0.5995564398558987,-0.5995564398558987,-0.5995564398558987,-0.5995564398558987,-0.47847101069523384,-0.47847101069523384,1.337810426714739,1.337810426714739,1.337810426714739,1.337810426714739,1.337810426714739,1.337810426714739,1.337810426714739,0.8188728731690326,0.7789545998193629,0.7789545998193629,0.7789545998193629,0.7789545998193629,0.7789545998193629,0.7789545998193629,0.7789545998193629,0.7789545998193629,0.7789545998193629,0.7789545998193629,0.7996529637784509,0.7323832809114148,0.7323832809114148,0.7323832809114148,0.7323832809114148,0.7323832809114148,0.8974997752214124,0.8534687100720798,0.8534687100720798,0.8534687100720798,0.8534687100720798,0.8534687100720798,0.8534687100720798,0.8534687100720798,0.8534687100720798,0.8974997752214124,0.8534687100720798,0.8534687100720798,0.8534687100720798,0.8534687100720798,0.8534687100720798,0.8534687100720798,0.8534687100720798,0.8534687100720798,0.8534687100720798,0.8188728731690326,0.8188728731690326,0.8188728731690326,0.8188728731690326,0.8188728731690326,0.8188728731690326,0.8188728731690326,0.8188728731690326,0.8188728731690326,0.8188728731690326,0.8188728731690326,-0.5995564398558987,-0.5995564398558987,0.12695613510809048,0.12695613510809048,-0.5140843722130765,-0.5995564398558987,-0.5995564398558987,-0.5995564398558987,-0.5995564398558987,-0.5995564398558987,-0.5995564398558987,0.9053624654266502,0.9053624654266502,0.9053624654266502,0.9053624654266502,0.9053624654266502,0.9053624654266502,0.9053624654266502,0.9053624654266502,0.9053624654266502,0.9053624654266502,0.9053624654266502,0.9053624654266502,0.9053624654266502,0.9053624654266502,0.9053624654266502,0.9053624654266502,0.9053624654266502,1.035096853813077,1.035096853813077,1.035096853813077,1.035096853813077,1.035096853813077,1.1176551009680757,1.1176551009680757,1.1176551009680757,1.1176551009680757,1.1176551009680757,1.1176551009680757,1.1176551009680757,1.1176551009680757,1.1176551009680757,1.1360013781136309,0.8534687100720798,0.8534687100720798,-0.4381092009750122,-0.4381092009750122,-0.27666196209412575,0.005870705947425645,0.005870705947425645,-0.04602304940714509,-0.04602304940714509,-0.1152147232132392,-0.1152147232132392,0.5305742323103066,0.5305742323103066,0.5305742323103066,-0.27666196209412575,-0.8190237802096038,-0.8190237802096038,-0.7345369182645086,-0.7345369182645086,-0.7345369182645086,-0.665331240881445,-0.665331240881445,-0.665331240881445,-0.665331240881445,-0.665331240881445,-0.6479906115201647,-0.6479906115201647,-0.6479906115201647,-0.7590348099699451,-0.7590348099699451,-0.7590348099699451,-0.7590348099699451,-0.7590348099699451,-0.7345369182645086,-0.915723949330968,-0.915723949330968,-0.915723949330968,-0.915723949330968,-0.7345369182645086,-0.7345369182645086,0.5523914267536697,0.8534687100720798,0.8534687100720798,0.645893688653797,0.645893688653797,0.645893688653797,0.645893688653797,0.645893688653797,0.5305742323103066,0.5305742323103066,0.5305742323103066,0.5305742323103066,0.5305742323103066,0.5305742323103066,0.5305742323103066,0.5523914267536697,-0.6700185822488279,1.1176551009680757,1.1176551009680757,1.1176551009680757,1.1176551009680757,1.1176551009680757,1.1176551009680757,1.1176551009680757,1.1176551009680757,1.1176551009680757,1.337810426714739,1.337810426714739,1.337810426714739,1.337810426714739,1.337810426714739,0.2076797545485337,0.2076797545485337,0.2076797545485337,0.2076797545485337,0.2076797545485337,0.2076797545485337,0.2076797545485337,0.2076797545485337,0.2614955008421626,0.2614955008421626,0.2614955008421626,0.2614955008421626,0.2614955008421626,0.5305742323103066,0.5305742323103066,0.5305742323103066,0.5305742323103066,-0.007583230625981649,-0.007583230625981649,0.23703379798142207,0.23703379798142207,-0.1152147232132392,-0.1152147232132392,-0.353734764574951
-0.6458842061501843,0.01814203444057139,-0.3998686116488372,-0.3998686116488372,-0.07050614063106092,-0.07050614063106092,-0.07050614063106092,-0.02500070950017269,-0.05725525359918527,-0.05725525359918527,0.01814203444057139,0.01814203444057139,0.01814203444057139,0.01814203444057139,0.01814203444057139,0.01814203444057139,0.01814203444057139,0.01814203444057139,-0.02500070950017269,-0.7633423526379678,-0.7633423526379678,-0.7633423526379678,-0.7633423526379678,-0.7633423526379678,-0.7633423526379678,-0.7633423526379678,-0.7633423526379678,-0.7114277058548415,-0.7114277058548415,1.4516825767754173,1.4516825767754173,1.4516825767754173,1.4516825767754173,1.4516825767754173,1.4516825767754173,1.4516825767754173,0.5687804205998015,0.5096416489553758,0.5096416489553758,0.5096416489553758,0.5096416489553758,0.5096416489553758,0.5096416489553758,0.5096416489553758,0.5096416489553758,0.5096416489553758,0.5096416489553758,0.5401496840127076,0.4422311115479633,0.4422311115479633,0.4422311115479633,0.4422311115479633,0.4422311115479633,0.6889329454347204,0.6210482282453983,0.6210482282453983,0.6210482282453983,0.6210482282453983,0.6210482282453983,0.6210482282453983,0.6210482282453983,0.6210482282453983,0.6889329454347204,0.6210482282453983,0.6210482282453983,0.6210482282453983,0.6210482282453983,0.6210482282453983,0.6210482282453983,0.6210482282453983,0.6210482282453983,0.6210482282453983,0.5687804205998015,0.5687804205998015,0.5687804205998015,0.5687804205998015,0.5687804205998015,0.5687804205998015,0.5687804205998015,0.5687804205998015,0.5687804205998015,0.5687804205998015,0.5687804205998015,-0.7633423526379678,-0.7633423526379678,-0.2788056493287897,-0.2788056493287897,-0.727894289321231,-0.7633423526379678,-0.7633423526379678,-0.7633423526379678,-0.7633423526379678,-0.7633423526379678,-0.7633423526379678,0.7012157440261437,0.7012157440261437,0.7012157440261437,0.7012157440261437,0.7012157440261437,0.7012157440261437,0.7012157440261437,0.7012157440261437,0.7012157440261437,0.7012157440261437,0.7012157440261437,0.7012157440261437,0.7012157440261437,0.7012157440261437,0.7012157440261437,0.7012157440261437,0.7012157440261437,0.9109050061178527,0.9109050061178527,0.9109050061178527,0.9109050061178527,0.9109050061178527,1.0512390203215511,1.0512390203215511,1.0512390203215511,1.0512390203215511,1.0512390203215511,1.0512390203215511,1.0512390203215511,1.0512390203215511,1.0512390203215511,1.0831526767717434,0.6210482282453983,0.6210482282453983,-0.6915591373329043,-0.6915591373329043,-0.59926643194068,-0.38840323698205614,-0.38840323698205614,-0.43184202306589653,-0.43184202306589653,-0.4864642364612945,-0.4864642364612945,0.16983944632785655,0.16983944632785655,0.16983944632785655,-0.59926643194068,-0.8280328695278789,-0.8280328695278789,-0.8076160637707601,-0.8076160637707601,-0.8076160637707601,-0.7867074164478267,-0.7867074164478267,-0.7867074164478267,-0.7867074164478267,-0.7867074164478267,-0.7808779666624904,-0.7808779666624904,-0.7808779666624904,-0.8141143212943982,-0.8141143212943982,-0.8141143212943982,-0.8141143212943982,-0.8141143212943982,-0.8076160637707601,-0.8445079475228348,-0.8445079475228348,-0.8445079475228348,-0.8445079475228348,-0.8076160637707601,-0.8076160637707601,0.19774224054797143,0.6210482282453983,0.6210482282453983,0.32156781687062913,0.32156781687062913,0.32156781687062913,0.32156781687062913,0.32156781687062913,0.16983944632785655,0.16983944632785655,0.16983944632785655,0.16983944632785655,0.16983944632785655,0.16983944632785655,0.16983944632785655,0.19774224054797143,-0.788242551304816,1.0512390203215511,1.0512390203215511,1.0512390203215511,1.0512390203215511,1.0512390203215511,1.0512390203215511,1.0512390203215511,1.0512390203215511,1.0512390203215511,1.4516825767754173,1.4516825767754173,1.4516825767754173,1.4516825767754173,1.4516825767754173,-0.19933137524104094,-0.19933137524104094,-0.19933137524104094,-0.19933137524104094,-0.19933137524104094,-0.19933137524104094,-0.19933137524104094,-0.19933137524104094,-0.14349998555932486,-0.14349998555932486,-0.14349998555932486,-0.14349998555932486,-0.14349998555932486,0.16983944632785655,0.16983944632785655,0.16983944632785655,0.16983944632785655,-0.3998686116488372,-0.3998686116488372,-0.16916038982356457,-0.16916038982356457,-0.4864642364612945,-0.4864642364612945,-0.6458842061501843
-0.711639948231392,-0.24475117559455276,-0.5745439487772251,-0.5745439487772251,-0.32319495310162105,-0.32319495310162105,-0.32319495310162105,-0.2834513481892721,-0.3117376229434738,-0.3117376229434738,-0.24475117559455276,-0.24475117559455276,-0.24475117559455276,-0.24475117559455276,-0.24475117559455276,-0.24475117559455276,-0.24475117559455276,-0.24475117559455276,-0.2834513481892721,-0.7557075453598672,-0.7557075453598672,-0.7557075453598672,-0.7557075453598672,-0.7557075453598672,-0.7557075453598672,-0.7557075453598672,-0.7557075453598672,-0.7383952689010893,-0.7383952689010893,1.4965912411460476,1.4965912411460476,1.4965912411460476,1.4965912411460476,1.4965912411460476,1.4965912411460476,1.4965912411460476,0.3274354491347172,0.25956639079679034,0.25956639079679034,0.25956639079679034,0.25956639079679034,0.25956639079679034,0.25956639079679034,0.25956639079679034,0.25956639079679034,0.25956639079679034,0.25956639079679034,0.2943984842883285,0.1839801161977291,0.1839801161977291,0.1839801161977291,0.1839801161977291,0.1839801161977291,0.4696803344510448,0.38860554778426726,0.38860554778426726,0.38860554778426726,0.38860554778426726,0.38860554778426726,0.38860554778426726,0.38860554778426726,0.38860554778426726,0.4696803344510448,0.38860554778426726,0.38860554778426726,0.38860554778426726,0.38860554778426726,0.38860554778426726,0.38860554778426726,0.38860554778426726,0.38860554778426726,0.38860554778426726,0.3274354491347172,0.3274354491347172,0.3274354491347172,0.3274354491347172,0.3274354491347172,0.3274354491347172,0.3274354491347172,0.3274354491347172,0.3274354491347172,0.3274354491347172,0.3274354491347172,-0.7557075453598672,-0.7557075453598672,-0.49006343445140743,-0.49006343445140743,-0.7442946934233594,-0.7557075453598672,-0.7557075453598672,-0.7557075453598672,-0.7557075453598672,-0.7557075453598672,-0.7557075453598672,0.4845433443988015,0.4845433443988015,0.4845433443988015,0.4845433443988015,0.4845433443988015,0.4845433443988015,0.4845433443988015,0.4845433443988015,0.4845433443988015,0.4845433443988015,0.4845433443988015,0.4845433443988015,0.4845433443988015,0.4845433443988015,0.4845433443988015,0.4845433443988015,0.4845433443988015,0.7471612407532576,0.7471612407532576,0.7471612407532576,0.7471612407532576,0.7471612407532576,0.9319608256708879,0.9319608256708879,0.9319608256708879,0.9319608256708879,0.9319608256708879,0.9319608256708879,0.9319608256708879,0.9319608256708879,0.9319608256708879,0.9749629962967157,0.38860554778426726,0.38860554778426726,-0.730816549212699,-0.730816549212699,-0.6897800420511516,-0.5669753511781089,-0.5669753511781089,-0.5951467929690571,-0.5951467929690571,-0.62856164612163,-0.62856164612163,-0.10114161965190568,-0.10114161965190568,-0.10114161965190568,-0.6897800420511516,-0.7709004786768168,-0.7709004786768168,-0.7670545662711733,-0.7670545662711733,-0.7670545662711733,-0.7621481206470453,-0.7621481206470453,-0.7621481206470453,-0.7621481206470453,-0.7621481206470453,-0.760629908030376,-0.760629908030376,-0.760629908030376,-0.7683903584941147,-0.7683903584941147,-0.7683903584941147,-0.7683903584941147,-0.7683903584941147,-0.7670545662711733,-0.7731108719582207,-0.7731108719582207,-0.7731108719582207,-0.7731108719582207,-0.7670545662711733,-0.7670545662711733,-0.07349858519231976,0.38860554778426726,0.38860554778426726,0.05355677457296914,0.05355677457296914,0.05355677457296914,0.05355677457296914,0.05355677457296914,-0.10114161965190568,-0.10114161965190568,-0.10114161965190568,-0.10114161965190568,-0.10114161965190568,-0.10114161965190568,-0.10114161965190568,-0.07349858519231976,-0.7625375725021257,0.9319608256708879,0.9319608256708879,0.9319608256708879,0.9319608256708879,0.9319608256708879,0.9319608256708879,0.9319608256708879,0.9319608256708879,0.9319608256708879,1.4965912411460476,1.4965912411460476,1.4965912411460476,1.4965912411460476,1.4965912411460476,-0.42943367694428514,-0.42943367694428514,-0.42943367694428514,-0.42943367694428514,-0.42943367694428514,-0.42943367694428514,-0.42943367694428514,-0.42943367694428514,-0.38456011932561657,-0.38456011932561657,-0.38456011932561657,-0.38456011932561657,-0.38456011932561657,-0.10114161965190568,-0.10114161965190568,-0.10114161965190568,-0.10114161965190568,-0.5745439487772251,-0.5745439487772251,-0.40541151793190666,-0.40541151793190666,-0.62856164612163,-0.62856164612163,-0.711639948231392
1.0,1.0,-1.0,-1.0,-1.0,-1.0,-1.0,1.0,1.0,1.0,-1.0,-1.0,-1.0,-1.0,-1.0,-1.0,-1.0,-1.0,1.0,-1.0,-1.0,-1.0,-1.0,-1.0,-1.0,-1.0,-1.0,-1.0,-1.0,-1.0,-1.0,-1.0,-1.0,-1.0,-1.0,-1.0,-1.0,-1.0,-1.0,-1.0,-1.0,-1.0,-1.0,-1.0,-1.0,-1.0,-1.0,-1.0,-1.0,-1.0,-1.0,-1.0,-1.0,-1.0,-1.0,-1.0,-1.0,-1.0,-1.0,-1.0,-1.0,-1.0,-1.0,-1.0,-1.0,-1.0,-1.0,-1.0,-1.0,-1.0,-1.0,-1.0,-1.0,-1.0,-1.0,-1.0,-1.0,-1.0,-1.0,-1.0,-1.0,-1.0,-1.0,1.0,1.0,-1.0,-1.0,-1.0,-1.0,-1.0,-1.0,-1.0,-1.0,-1.0,-1.0,-1.0,-1.0,-1.0,-1.0,-1.0,-1.0,-1.0,-1.0,-1.0,-1.0,-1.0,-1.0,-1.0,-1.0,-1.0,-1.0,-1.0,-1.0,-1.0,-1.0,-1.0,-1.0,-1.0,-1.0,-1.0,-1.0,-1.0,-1.0,-1.0,-1.0,-1.0,-1.0,-1.0,-1.0,-1.0,1.0,-1.0,-1.0,-1.0,-1.0,-1.0,-1.0,-1.0,-1.0,-1.0,1.0,-1.0,-1.0,-1.0,-1.0,-1.0,-1.0,-1.0,-1.0,-1.0,-1.0,-1.0,-1.0,-1.0,-1.0,-1.0,-1.0,-1.0,-1.0,-1.0,-1.0,-1.0,-1.0,-1.0,-1.0,-1.0,-1.0,-1.0,-1.0,-1.0,-1.0,-1.0,-1.0,-1.0,-1.0,-1.0,-1.0,-1.0,-1.0,-1.0,-1.0,-1.0,1.0,-1.0,-1.0,-1.0,-1.0,-1.0,-1.0,-1.0,-1.0,-1.0,-1.0,-1.0,-1.0,-1.0,-1.0,-1.0,-1.0,-1.0,-1.0,-1.0,-1.0,-1.0,-1.0,-1.0,-1.0,-1.0,-1.0,-1.0,-1.0,-1.0,-1.0,-1.0,-1.0,-1.0,-1.0,-1.0,-1.0,-1.0,1.0
-1.0,-1.0,-1.0,-1.0,-1.0,-1.0,-1.0,-1.0,-1.0,-1.0,-1.0,-1.0,-1.0,-1.0,-1.0,-1.0,-1.0,-1.0,-1.0,-1.0,-1.0,-1.0,-1.0,-1.0,-1.0,-1.0,-1.0,-1.0,-1.0,-1.0,-1.0,-1.0,-1.0,-1.0,-1.0,-1.0,-1.0,-1.0,-1.0,-1.0,-1.0,-1.0,-1.0,-1.0,-1.0,-1.0,-1.0,-1.0,-1.0,-1.0,-1.0,-1.0,-1.0,-1.0,-1.0,-1.0,-1.0,-1.0,-1.0,-1.0,-1.0,-1.0,-1.0,-1.0,-1.0,-1.0,-1.0,-1.0,-1.0,-1.0,-1.0,-1.0,-1.0,-1.0,-1.0,-1.0,-1.0,-1.0,-1.0,-1.0,-1.0,-1.0,-1.0,-1.0,-1.0,-1.0,-1.0,-1.0,-1.0,-1.0,-1.0,-1.0,-1.0,-1.0,-1.0,-1.0,-1.0,-1.0,-1.0,-1.0,-1.0,-1.0,-1.0,-1.0,-1.0,-1.0,-1.0,-1.0,-1.0,-1.0,-1.0,-1.0,-1.0,-1.0,-1.0,-1.0,-1.0,-1.0,-1.0,-1.0,-1.0,-1.0,-1.0,-1.0,-1.0,-1.0,-1.0,-1.0,-1.0,-1.0,-1.0,-1.0,-1.0,-1.0,-1.0,-1.0,-1.0,-1.0,-1.0,-1.0,-1.0,-1.0,-1.0,-1.0,-1.0,-1.0,-1.0,-1.0,-1.0,-1.0,-1.0,-1.0,-1.0,-1.0,-1.0,-1.0,-1.0,-1.0,-1.0,-1.0,-1.0,-1.0,-1.0,-1.0,-1.0,-1.0,-1.0,-1.0,-1.0,-1.0,-1.0,-1.0,-1.0,-1.0,-1.0,-1.0,-1.0,-1.0,-1.0,-1.0,-1.0,-1.0,-1.0,-1.0,-1.0,-1.0,-1.0,-1.0,-1.0,-1.0,-1.0,-1.0,-1.0,-1.0,-1.0,-1.0,-1.0,-1.0,-1.0,-1.0,-1.0,-1.0,-1.0,-1.0,-1.0,-1.0,-1.0,-1.0,-1.0,-1.0,-1.0,-1.0,-1.0,-1.0,-1.0,-1.0,-1.0,-1.0,-1.0,-1.0,-1.0
-1.0,-1.0,1.0,1.0,1.0,1.0,1.0,1.0,1.0,1.0,-1.0,-1.0,-1.0,-1.0,-1.0,-1.0,-1.0,-1.0,1.0,-1.0,-1.0,-1.0,-1.0,-1.0,-1.0,-1.0,-1.0,-1.0,-1.0,-1.0,-1.0,-1.0,-1.0,-1.0,-1.0,-1.0,-1.0,-1.0,-1.0,-1.0,-1.0,-1.0,-1.0,-1.0,-1.0,-1.0,-1.0,-1.0,-1.0,-1.0,-1.0,-1.0,-1.0,-1.0,-1.0,-1.0,-1.0,-1.0,-1.0,-1.0,-1.0,-1.0,-1.0,-1.0,-1.0,-1.0,-1.0,-1.0,-1.0,-1.0,-1.0,-1.0,-1.0,-1.0,-1.0,-1.0,-1.0,-1.0,-1.0,-1.0,-1.0,-1.0,-1.0,1.0,1.0,-1.0,-1.0,-1.0,-1.0,-1.0,-1.0,-1.0,-1.0,-1.0,-1.0,-1.0,-1.0,-1.0,-1.0,-1.0,-1.0,-1.0,-1.0,-1.0,-1.0,-1.0,-1.0,-1.0,-1.0,-1.0,-1.0,-1.0,-1.0,-1.0,-1.0,-1.0,-1.0,-1.0,-1.0,-1.0,-1.0,-1.0,-1.0,-1.0,-1.0,1.0,1.0,1.0,1.0,1.0,-1.0,1.0,1.0,-1.0,-1.0,-1.0,-1.0,1.0,1.0,1.0,-1.0,-1.0,-1.0,1.0,1.0,1.0,-1.0,-1.0,-1.0,-1.0,-1.0,-1.0,-1.0,-1.0,-1.0,-1.0,-1.0,-1.0,-1.0,1.0,-1.0,-1.0,-1.0,-1.0,1.0,1.0,1.0,1.0,1.0,1.0,1.0,1.0,1.0,1.0,1.0,1.0,1.0,1.0,1.0,1.0,1.0,1.0,1.0,1.0,1.0,1.0,1.0,1.0,1.0,1.0,1.0,1.0,1.0,1.0,1.0,1.0,1.0,-1.0,-1.0,-1.0,-1.0,-1.0,-1.0,-1.0,-1.0,-1.0,-1.0,-1.0,-1.0,-1.0,-1.0,-1.0,-1.0,-1.0,1.0,1.0,1.0,1.0,1.0,1.0,-1.0
-1.0,-1.0,-1.0,-1.0,-1.0,-1.0,-1.0,-1.0,-1.0,-1.0,-1.0,-1.0,-1.0,-1.0,-1.0,-1.0,-1.0,-1.0,-1.0,-1.0,-1.0,-1.0,-1.0,-1.0,-1.0,-1.0,-1.0,-1.0,-1.0,-1.0,-1.0,-1.0,-1.0,-1.0,-1.0,-1.0,-1.0,-1.0,-1.0,-1.0,-1.0,-1.0,-1.0,-1.0,-1.0,-1.0,-1.0,-1.0,-1.0,-1.0,-1.0,-1.0,-1.0,-1.0,-1.0,-1.0,-1.0,-1.0,-1.0,-1.0,-1.0,-1.0,-1.0,-1.0,-1.0,-1.0,-1.0,-1.0,-1.0,-1.0,-1.0,-1.0,-1.0,-1.0,-1.0,-1.0,-1.0,-1.0,-1.0,-1.0,-1.0,-1.0,-1.0,-1.0,-1.0,-1.0,-1.0,-1.0,-1.0,-1.0,-1.0,-1.0,-1.0,-1.0,-1.0,-1.0,-1.0,-1.0,-1.0,-1.0,-1.0,-1.0,-1.0,-1.0,-1.0,-1.0,-1.0,-1.0,-1.0,-1.0,-1.0,-1.0,-1.0,-1.0,-1.0,-1.0,-1.0,-1.0,-1.0,-1.0,-1.0,-1.0,-1.0,-1.0,-1.0,-1.0,-1.0,-1.0,-1.0,-1.0,-1.0,-1.0,-1.0,-1.0,-1.0,-1.0,-1.0,-1.0,-1.0,-1.0,-1.0,1.0,1.0,-1.0,-1.0,-1.0,1.0,1.0,1.0,1.0,1.0,1.0,1.0,1.0,1.0,1.0,1.0,1.0,1.0,-1.0,1.0,1.0,1.0,1.0,-1.0,-1.0,-1.0,-1.0,-1.0,-1.0,-1.0,-1.0,-1.0,-1.0,-1.0,-1.0,-1.0,-1.0,-1.0,-1.0,-1.0,-1.0,-1.0,-1.0,-1.0,-1.0,-1.0,-1.0,-1.0,-1.0,-1.0,-1.0,-1.0,-1.0,-1.0,-1.0,-1.0,-1.0,-1.0,-1.0,-1.0,-1.0,-1.0,-1.0,-1.0,-1.0,-1.0,-1.0,-1.0,-1.0,-1.0,-1.0,-1.0,-1.0,-1.0,-1.0,-1.0,-1.0,-1.0,-1.0,-1.0
-1.0,-1.0,-1.0,-1.0,-1.0,-1.0,-1.0,-1.0,-1.0,-1.0,-1.0,-1.0,-1.0,-1.0,-1.0,-1.0,-1.0,-1.0,-1.0,-1.0,-1.0,-1.0,-1.0,-1.0,-1.0,-1.0,-1.0,-1.0,-1.0,-1.0,-1.0,-1.0,-1.0,-1.0,-1.0,-1.0,-1.0,-1.0,-1.0,-1.0,-1.0,-1.0,-1.0,-1.0,-1.0,-1.0,-1.0,-1.0,-1.0,-1.0,-1.0,-1.0,-1.0,-1.0,-1.0,-1.0,-1.0,-1.0,-1.0,-1.0,-1.0,-1.0,-1.0,-1.0,-1.0,-1.0,-1.0,-1.0,-1.0,-1.0,-1.0,-1.0,-1.0,-1.0,-1.0,-1.0,-1.0,-1.0,-1.0,-1.0,-1.0,-1.0,-1.0,-1.0,-1.0,-1.0,-1.0,-1.0,-1.0,-1.0,-1.0,-1.0,-1.0,-1.0,-1.0,-1.0,-1.0,-1.0,-1.0,-1.0,-1.0,-1.0,-1.0,-1.0,-1.0,-1.0,-1.0,-1.0,-1.0,-1.0,-1.0,-1.0,-1.0,-1.0,-1.0,-1.0,-1.0,-1.0,-1.0,-1.0,-1.0,-1.0,-1.0,-1.0,-1.0,-1.0,-1.0,-1.0,-1.0,-1.0,-1.0,-1.0,-1.0,-1.0,-1.0,-1.0,-1.0,-1.0,-1.0,-1.0,-1.0,-1.0,-1.0,-1.0,-1.0,-1.0,-1.0,-1.0,-1.0,-1.0,-1.0,-1.0,-1.0,-1.0,-1.0,-1.0,-1.0,-1.0,-1.0,-1.0,-1.0,-1.0,-1.0,-1.0,-1.0,-1.0,-1.0,-1.0,-1.0,-1.0,-1.0,-1.0,-1.0,-1.0,-1.0,-1.0,-1.0,-1.0,-1.0,-1.0,-1.0,-1.0,-1.0,-1.0,-1.0,-1.0,-1.0,-1.0,-1.0,-1.0,-1.0,-1.0,-1.0,-1.0,-1.0,-1.0,-1.0,-1.0,-1.0,-1.0,-1.0,-1.0,-1.0,-1.0,-1.0,-1.0,-1.0,-1.0,-1.0,-1.0,-1.0,-1.0,-1.0,-1.0,-1.0,-1.0,-1.0,-1.0,-1.0,-1.0,-1.0
-1.0,-1.0,-1.0,-1.0,-1.0,-1.0,-1.0,-1.0,-1.0,-1.0,-1.0,-1.0,-1.0,-1.0,-1.0,-1.0,-1.0,-1.0,-1.0,-1.0,-1.0,-1.0,-1.0,-1.0,-1.0,-1.0,-1.0,-1.0,-1.0,-1.0,-1.0,-1.0,-1.0,-1.0,-1.0,-1.0,-1.0,-1.0,-1.0,-1.0,-1.0,-1.0,-1.0,-1.0,-1.0,-1.0,-1.0,-1.0,-1.0,-1.0,-1.0,-1.0,-1.0,-1.0,-1.0,-1.0,-1.0,-1.0,-1.0,-1.0,-1.0,-1.0,-1.0,-1.0,-1.0,-1.0,-1.0,-1.0,-1.0,-1.0,-1.0,-1.0,-1.0,-1.0,-1.0,-1.0,-1.0,-1.0,-1.0,-1.0,-1.0,-1.0,-1.0,-1.0,-1.0,-1.0,-1.0,-1.0,-1.0,-1.0,-1.0,-1.0,-1.0,-1.0,-1.0,-1.0,-1.0,-1.0,-1.0,-1.0,-1.0,-1.0,-1.0,-1.0,-1.0,-1.0,-1.0,-1.0,-1.0,-1.0,-1.0,-1.0,-1.0,-1.0,-1.0,-1.0,-1.0,-1.0,-1.0,-1.0,-1.0,-1.0,-1.0,-1.0,-1.0,-1.0,-1.0,-1.0,-1.0,-1.0,-1.0,-1.0,-1.0,-1.0,-1.0,-1.0,-1.0,-1.0,-1.0,-1.0,-1.0,-1.0,-1.0,-1.0,-1.0,-1.0,-1.0,-1.0,-1.0,-1.0,-1.0,-1.0,-1.0,-1.0,-1.0,-1.0,-1.0,-1.0,-1.0,-1.0,-1.0,-1.0,-1.0,-1.0,-1.0,-1.0,-1.0,-1.0,-1.0,-1.0,-1.0,-1.0,-1.0,-1.0,-1.0,-1.0,-1.0,-1.0,-1.0,-1.0,-1.0,-1.0,-1.0,-1.0,-1.0,-1.0,-1.0,-1.0,-1.0,-1.0,-1.0,-1.0,-1.0,-1.0,-1.0,-1.0,-1.0,-1.0,-1.0,-1.0,-1.0,-1.0,-1.0,-1.0,-1.0,-1.0,-1.0,-1.0,-1.0,-1.0,-1.0,-1.0,-1.0,-1.0,-1.0,-1.0,-1.0,-1.0,-1.0,-1.0,-1.0
1.0,-1.0,-1.0,-1.0,-1.0,-1.0,-1.0,-1.0,-1.0,-1.0,-1.0,-1.0,-1.0,-1.0,-1.0,-1.0,-1.0,-1.0,-1.0,-1.0,-1.0,-1.0,-1.0,-1.0,-1.0,-1.0,-1.0,-1.0,-1.0,-1.0,-1.0,-1.0,-1.0,-1.0,-1.0,-1.0,-1.0,-1.0,-1.0,-1.0,-1.0,-1.0,-1.0,-1.0,-1.0,-1.0,-1.0,-1.0,-1.0,-1.0,-1.0,-1.0,-1.0,-1.0,-1.0,-1.0,-1.0,-1.0,-1.0,-1.0,-1.0,-1.0,-1.0,-1.0,-1.0,-1.0,-1.0,-1.0,-1.0,-1.0,-1.0,-1.0,-1.0,-1.0,-1.0,-1.0,-1.0,-1.0,-1.0,-1.0,-1.0,-1.0,-1.0,-1.0,-1.0,-1.0,-1.0,-1.0,-1.0,-1.0,-1.0,-1.0,-1.0,-1.0,-1.0,-1.0,-1.0,-1.0,-1.0,-1.0,-1.0,-1.0,-1.0,-1.0,-1.0,-1.0,-1.0,-1.0,-1.0,-1.0,-1.0,-1.0,-1.0,-1.0,-1.0,-1.0,-1.0,-1.0,-1.0,-1.0,-1.0,-1.0,-1.0,-1.0,-1.0,-1.0,-1.0,-1.0,-1.0,-1.0,-1.0,-1.0,-1.0,-1.0,-1.0,-1.0,-1.0,-1.0,-1.0,-1.0,-1.0,-1.0,-1.0,-1.0,-1.0,-1.0,-1.0,-1.0,-1.0,-1.0,-1.0,-1.0,-1.0,-1.0,-1.0,-1.0,-1.0,-1.0,-1.0,-1.0,-1.0,-1.0,-1.0,-1.0,-1.0,-1.0,-1.0,-1.0,-1.0,-1.0,-1.0,-1.0,-1.0,-1.0,-1.0,-1.0,-1.0,-1.0,-1.0,-1.0,-1.0,-1.0,-1.0,-1.0,-1.0,-1.0,-1.0,-1.0,-1.0,-1.0,-1.0,-1.0,-1.0,-1.0,-1.0,-1.0,-1.0,-1.0,-1.0,-1.0,-1.0,-1.0,-1.0,-1.0,-1.0,-1.0,-1.0,-1.0,-1.0,-1.0,-1.0,-1.0,-1.0,-1.0,-1.0,-1.0,-1.0,-1.0,-1.0,-1.0,1.0
-1.0,-1.0,-1.0,-1.0,-1.0,-1.0,-1.0,-1.0,-1.0,-1.0,1.0,1.0,1.0,1.0,1.0,1.0,1.0,1.0,-1.0,-1.0,-1.0,-1.0,-1.0,-1.0,-1.0,-1.0,-1.0,-1.0,-1.0,1.0,1.0,1.0,1.0,1.0,-1.0,-1.0,-1.0,1.0,1.0,1.0,1.0,1.0,1.0,1.0,1.0,1.0,1.0,-1.0,1.0,1.0,1.0,1.0,1.0,-1.0,1.0,1.0,1.0,1.0,1.0,1.0,1.0,1.0,-1.0,1.0,1.0,1.0,1.0,1.0,1.0,1.0,1.0,-1.0,1.0,1.0,1.0,1.0,1.0,1.0,1.0,1.0,1.0,1.0,1.0,-1.0,-1.0,1.0,1.0,1.0,-1.0,-1.0,-1.0,-1.0,-1.0,-1.0,1.0,1.0,1.0,1.0,1.0,1.0,1.0,1.0,1.0,1.0,1.0,1.0,1.0,1.0,1.0,1.0,1.0,1.0,1.0,1.0,1.0,1.0,1.0,1.0,1.0,1.0,1.0,1.0,1.0,1.0,1.0,-1.0,-1.0,-1.0,-1.0,-1.0,-1.0,-1.0,-1.0,-1.0,-1.0,-1.0,-1.0,1.0,1.0,1.0,-1.0,-1.0,-1.0,-1.0,-1.0,-1.0,-1.0,-1.0,-1.0,-1.0,-1.0,-1.0,-1.0,-1.0,-1.0,-1.0,-1.0,-1.0,-1.0,-1.0,-1.0,-1.0,-1.0,-1.0,-1.0,-1.0,-1.0,1.0,1.0,1.0,1.0,1.0,1.0,1.0,1.0,1.0,1.0,1.0,1.0,1.0,1.0,-1.0,-1.0,1.0,1.0,1.0,1.0,1.0,1.0,1.0,1.0,1.0,1.0,1.0,1.0,1.0,1.0,1.0,1.0,1.0,1.0,1.0,1.0,1.0,1.0,1.0,1.0,1.0,1.0,1.0,1.0,1.0,1.0,1.0,-1.0,-1.0,-1.0,-1.0,-1.0,-1.0,-1.0
-1.0,-1.0,-1.0,-1.0,-1.0,-1.0,-1.0,-1.0,-1.0,-1.0,-1.0,-1.0,-1.0,-1.0,-1.0,-1.0,-1.0,-1.0,-1.0,-1.0,-1.0,-1.0,-1.0,-1.0,-1.0,-1.0,-1.0,-1.0,-1.0,-1.0,-1.0,-1.0,-1.0,-1.0,1.0,1.0,-1.0,-1.0,-1.0,-1.0,-1.0,-1.0,-1.0,-1.0,-1.0,-1.0,-1.0,-1.0,-1.0,-1.0,-1.0,-1.0,-1.0,-1.0,-1.0,-1.0,-1.0,-1.0,-1.0,-1.0,-1.0,-1.0,-1.0,-1.0,-1.0,-1.0,-1.0,-1.0,-1.0,-1.0,-1.0,-1.0,-1.0,-1.0,-1.0,-1.0,-1.0,-1.0,-1.0,-1.0,-1.0,-1.0,-1.0,-1.0,-1.0,-1.0,-1.0,-1.0,-1.0,-1.0,-1.0,-1.0,-1.0,-1.0,-1.0,-1.0,-1.0,-1.0,-1.0,-1.0,-1.0,-1.0,-1.0,-1.0,-1.0,-1.0,-1.0,-1.0,-1.0,-1.0,-1.0,-1.0,-1.0,-1.0,-1.0,-1.0,-1.0,-1.0,-1.0,-1.0,-1.0,-1.0,-1.0,-1.0,-1.0,-1.0,-1.0,-1.0,-1.0,-1.0,-1.0,-1.0,-1.0,-1.0,-1.0,-1.0,-1.0,-1.0,-1.0,-1.0,-1.0,-1.0,-1.0,-1.0,-1.0,-1.0,-1.0,-1.0,-1.0,-1.0,-1.0,-1.0,-1.0,-1.0,-1.0,-1.0,-1.0,-1.0,-1.0,-1.0,-1.0,-1.0,-1.0,-1.0,-1.0,-1.0,-1.0,-1.0,-1.0,-1.0,-1.0,-1.0,-1.0,-1.0,-1.0,-1.0,-1.0,-1.0,-1.0,-1.0,-1.0,-1.0,-1.0,-1.0,-1.0,-1.0,-1.0,-1.0,-1.0,-1.0,-1.0,-1.0,-1.0,-1.0,-1.0,-1.0,-1.0,-1.0,-1.0,-1.0,-1.0,-1.0,-1.0,-1.0,-1.0,-1.0,-1.0,-1.0,-1.0,-1.0,-1.0,-1.0,-1.0,-1.0,-1.0,-1.0,-1.0,-1.0,-1.0,-1.0,-1.0
-1.0,-1.0,-1.0,-1.0,-1.0,-1.0,-1.0,-1.0,-1.0,-1.0,-1.0,-1.0,-1.0,-1.0,-1.0,-1.0,-1.0,-1.0,-1.0,1.0,1.0,1.0,1.0,1.0,1.0,1.0,1.0,-1.0,-1.0,-1.0,-1.0,-1.0,-1.0,-1.0,-1.0,-1.0,1.0,-1.0,-1.0,-1.0,-1.0,-1.0,-1.0,-1.0,-1.0,-1.0,-1.0,1.0,-1.0,-1.0,-1.0,-1.0,-1.0,1.0,-1.0,-1.0,-1.0,-1.0,-1.0,-1.0,-1.0,-1.0,1.0,-1.0,-1.0,-1.0,-1.0,-1.0,-1.0,-1.0,-1.0,1.0,-1.0,-1.0,-1.0,-1.0,-1.0,-1.0,-1.0,-1.0,-1.0,-1.0,-1.0,-1.0,-1.0,-1.0,-1.0,1.0,1.0,1.0,1.0,1.0,1.0,1.0,-1.0,-1.0,-1.0,-1.0,-1.0,-1.0,-1.0,-1.0,-1.0,-1.0,-1.0,-1.0,-1.0,-1.0,-1.0,-1.0,-1.0,-1.0,-1.0,-1.0,-1.0,-1.0,-1.0,-1.0,-1.0,-1.0,-1.0,-1.0,-1.0,-1.0,-1.0,-1.0,-1.0,-1.0,-1.0,-1.0,-1.0,-1.0,-1.0,-1.0,-1.0,-1.0,-1.0,-1.0,-1.0,-1.0,-1.0,-1.0,-1.0,-1.0,-1.0,-1.0,-1.0,-1.0,-1.0,-1.0,-1.0,-1.0,-1.0,-1.0,-1.0,-1.0,-1.0,-1.0,-1.0,-1.0,-1.0,-1.0,-1.0,-1.0,-1.0,-1.0,-1.0,-1.0,-1.0,-1.0,-1.0,-1.0,-1.0,-1.0,-1.0,-1.0,-1.0,-1.0,-1.0,-1.0,-1.0,-1.0,-1.0,-1.0,-1.0,-1.0,-1.0,-1.0,-1.0,-1.0,-1.0,-1.0,-1.0,-1.0,-1.0,-1.0,-1.0,-1.0,-1.0,-1.0,-1.0,-1.0,-1.0,-1.0,-1.0,-1.0,-1.0,-1.0,-1.0,-1.0,-1.0,-1.0,-1.0,-1.0,-1.0,-1.0,-1.0,-1.0,-1.0,-1.0,-1.0
-1.0,-1.0,-1.0,-1.0,-1.0,-1.0,-1.0,-1.0,-1.0,-1.0,-1.0,-1.0,-1.0,-1.0,-1.0,-1.0,-1.0,-1.0,-1.0,-1.0,-1.0,-1.0,-1.0,-1.0,-1.0,-1.0,-1.0,-1.0,-1.0,-1.0,-1.0,-1.0,-1.0,-1.0,-1.0,-1.0,-1.0,-1.0,-1.0,-1.0,-1.0,-1.0,-1.0,-1.0,-1.0,-1.0,-1.0,-1.0,-1.0,-1.0,-1.0,-1.0,-1.0,-1.0,-1.0,-1.0,-1.0,-1.0,-1.0,-1.0,-1.0,-1.0,-1.0,-1.0,-1.0,-1.0,-1.0,-1.0,-1.0,-1.0,-1.0,-1.0,-1.0,-1.0,-1.0,-1.0,-1.0,-1.0,-1.0,-1.0,-1.0,-1.0,-1.0,-1.0,-1.0,-1.0,-1.0,-1.0,-1.0,-1.0,-1.0,-1.0,-1.0,-1.0,-1.0,-1.0,-1.0,-1.0,-1.0,-1.0,-1.0,-1.0,-1.0,-1.0,-1.0,-1.0,-1.0,-1.0,-1.0,-1.0,-1.0,-1.0,-1.0,-1.0,-1.0,-1.0,-1.0,-1.0,-1.0,-1.0,-1.0,-1.0,-1.0,-1.0,-1.0,-1.0,-1.0,-1.0,-1.0,-1.0,-1.0,-1.0,-1.0,-1.0,-1.0,-1.0,-1.0,-1.0,-1.0,-1.0,-1.0,-1.0,-1.0,-1.0,-1.0,-1.0,-1.0,-1.0,-1.0,-1.0,-1.0,-1.0,-1.0,-1.0,-1.0,-1.0,-1.0,-1.0,-1.0,-1.0,-1.0,-1.0,-1.0,-1.0,-1.0,-1.0,-1.0,-1.0,-1.0,-1.0,-1.0,-1.0,-1.0,-1.0,-1.0,-1.0,-1.0,-1.0,-1.0,-1.0,-1.0,-1.0,-1.0,-1.0,-1.0,-1.0,-1.0,-1.0,-1.0,-1.0,-1.0,-1.0,-1.0,-1.0,-1.0,-1.0,-1.0,-1.0,-1.0,-1.0,-1.0,-1.0,-1.0,-1.0,-1.0,-1.0,-1.0,-1.0,-1.0,-1.0,-1.0,-1.0,-1.0,-1.0,-1.0,-1.0,-1.0,-1.0,-1.0,-1.0,-1.0
-1.0,-1.0,-1.0,-1.0,-1.0,-1.0,-1.0,-1.0,-1.0,-1.0,-1.0,-1.0,-1.0,-1.0,-1.0,-1.0,-1.0,-1.0,-1.0,-1.0,-1.0,-1.0,-1.0,-1.0,-1.0,-1.0,-1.0,-1.0,-1.0,-1.0,-1.0,-1.0,-1.0,-1.0,-1.0,-1.0,-1.0,-1.0,-1.0,-1.0,-1.0,-1.0,-1.0,-1.0,-1.0,-1.0,-1.0,-1.0,-1.0,-1.0,-1.0,-1.0,-1.0,-1.0,-1.0,-1.0,-1.0,-1.0,-1.0,-1.0,-1.0,-1.0,-1.0,-1.0,-1.0,-1.0,-1.0,-1.0,-1.0,-1.0,-1.0,-1.0,-1.0,-1.0,-1.0,-1.0,-1.0,-1.0,-1.0,-1.0,-1.0,-1.0,-1.0,-1.0,-1.0,-1.0,-1.0,-1.0,-1.0,-1.0,-1.0,-1.0,-1.0,-1.0,-1.0,-1.0,-1.0,-1.0,-1.0,-1.0,-1.0,-1.0,-1.0,-1.0,-1.0,-1.0,-1.0,-1.0,-1.0,-1.0,-1.0,-1.0,-1.0,-1.0,-1.0,-1.0,-1.0,-1.0,-1.0,-1.0,-1.0,-1.0,-1.0,-1.0,-1.0,-1.0,-1.0,-1.0,-1.0,-1.0,-1.0,-1.0,-1.0,-1.0,-1.0,-1.0,-1.0,-1.0,-1.0,-1.0,-1.0,-1.0,-1.0,-1.0,-1.0,-1.0,-1.0,-1.0,-1.0,-1.0,-1.0,-1.0,-1.0,-1.0,-1.0,-1.0,-1.0,-1.0,-1.0,-1.0,-1.0,-1.0,-1.0,-1.0,-1.0,-1.0,-1.0,-1.0,-1.0,-1.0,-1.0,-1.0,-1.0,-1.0,-1.0,-1.0,-1.0,-1.0,-1.0,-1.0,-1.0,-1.0,-1.0,-1.0,-1.0,-1.0,-1.0,-1.0,-1.0,-1.0,-1.0,-1.0,-1.0,-1.0,-1.0,-1.0,-1.0,-1.0,-1.0,-1.0,-1.0,-1.0,-1.0,-1.0,-1.0,-1.0,-1.0,-1.0,-1.0,-1.0,-1.0,-1.0,-1.0,-1.0,-1.0,-1.0,-1.0,-1.0,-1.0,-1.0,-1.0
-1.0,-1.0,-1.0,-1.0,-1.0,-1.0,-1.0,-1.0,-1.0,-1.0,-1.0,-1.0,-1.0,-1.0,-1.0,-1.0,-1.0,-1.0,-1.0,-1.0,-1.0,-1.0,-1.0,-1.0,-1.0,-1.0,-1.0,-1.0,-1.0,-1.0,-1.0,-1.0,-1.0,-1.0,-1.0,-1.0,-1.0,-1.0,-1.0,-1.0,-1.0,-1.0,-1.0,-1.0,-1.0,-1.0,-1.0,-1.0,-1.0,-1.0,-1.0,-1.0,-1.0,-1.0,-1.0,-1.0,-1.0,-1.0,-1.0,-1.0,-1.0,-1.0,-1.0,-1.0,-1.0,-1.0,-1.0,-1.0,-1.0,-1.0,-1.0,-1.0,-1.0,-1.0,-1.0,-1.0,-1.0,-1.0,-1.0,-1.0,-1.0,-1.0,-1.0,-1.0,-1.0,-1.0,-1.0,-1.0,-1.0,-1.0,-1.0,-1.0,-1.0,-1.0,-1.0,-1.0,-1.0,-1.0,-1.0,-1.0,-1.0,-1.0,-1.0,-1.0,-1.0,-1.0,-1.0,-1.0,-1.0,-1.0,-1.0,-1.0,-1.0,-1.0,-1.0,-1.0,-1.0,-1.0,-1.0,-1.0,-1.0,-1.0,-1.0,-1.0,-1.0,-1.0,-1.0,-1.0,-1.0,-1.0,-1.0,-1.0,-1.0,-1.0,-1.0,-1.0,-1.0,-1.0,-1.0,-1.0,-1.0,-1.0,-1.0,-1.0,-1.0,-1.0,-1.0,-1.0,-1.0,-1.0,-1.0,-1.0,-1.0,-1.0,-1.0,-1.0,-1.0,-1.0,-1.0,-1.0,-1.0,-1.0,-1.0,-1.0,-1.0,-1.0,-1.0,-1.0,-1.0,-1.0,-1.0,-1.0,-1.0,-1.0,-1.0,-1.0,-1.0,-1.0,-1.0,-1.0,-1.0,-1.0,-1.0,-1.0,-1.0,-1.0,-1.0,-1.0,-1.0,-1.0,-1.0,-1.0,-1.0,-1.0,-1.0,-1.0,-1.0,-1.0,-1.0,-1.0,-1.0,-1.0,-1.0,-1.0,-1.0,-1.0,-1.0,-1.0,-1.0,-1.0,-1.0,-1.0,-1.0,-1.0,-1.0,-1.0,-1.0,-1.0,-1.0,-1.0,-1.0
-1.0,-1.0,-1.0,-1.0,-1.0,-1.0,-1.0,-1.0,-1.0,-1.0,-1.0,-1.0,-1.0,-1.0,-1.0,-1.0,-1.0,-1.0,-1.0,1.0,1.0,1.0,1.0,1.0,1.0,1.0,1.0,-1.0,-1.0,-1.0,-1.0,-1.0,-1.0,-1.0,-1.0,-1.0,-1.0,-1.0,-1.0,-1.0,-1.0,-1.0,-1.0,-1.0,-1.0,-1.0,-1.0,-1.0,-1.0,-1.0,-1.0,-1.0,-1.0,-1.0,-1.0,-1.0,-1.0,-1.0,-1.0,-1.0,-1.0,-1.0,-1.0,-1.0,-1.0,-1.0,-1.0,-1.0,-1.0,-1.0,-1.0,-1.0,-1.0,-1.0,-1.0,-1.0,-1.0,-1.0,-1.0,-1.0,-1.0,-1.0,-1.0,-1.0,-1.0,-1.0,-1.0,-1.0,1.0,1.0,1.0,1.0,1.0,1.0,-1.0,-1.0,-1.0,-1.0,-1.0,-1.0,-1.0,-1.0,-1.0,-1.0,-1.0,-1.0,-1.0,-1.0,-1.0,-1.0,-1.0,-1.0,-1.0,-1.0,-1.0,-1.0,-1.0,-1.0,-1.0,-1.0,-1.0,-1.0,-1.0,-1.0,-1.0,-1.0,-1.0,-1.0,-1.0,-1.0,-1.0,-1.0,-1.0,-1.0,-1.0,-1.0,-1.0,-1.0,-1.0,-1.0,-1.0,-1.0,-1.0,-1.0,-1.0,-1.0,-1.0,-1.0,-1.0,-1.0,-1.0,-1.0,-1.0,-1.0,-1.0,-1.0,-1.0,-1.0,-1.0,-1.0,-1.0,-1.0,-1.0,-1.0,-1.0,-1.0,-1.0,-1.0,-1.0,-1.0,-1.0,-1.0,-1.0,-1.0,-1.0,-1.0,-1.0,-1.0,-1.0,-1.0,-1.0,-1.0,-1.0,-1.0,-1.0,-1.0,-1.0,-1.0,-1.0,-1.0,-1.0,-1.0,-1.0,-1.0,-1.0,-1.0,-1.0,-1.0,-1.0,-1.0,-1.0,-1.0,-1.0,-1.0,-1.0,-1.0,-1.0,-1.0,-1.0,-1.0,-1.0,-1.0,-1.0,-1.0,-1.0,-1.0,-1.0,-1.0,-1.0,-1.0,-1.0
-1.0,-1.0,-1.0,-1.0,-1.0,-1.0,-1.0,-1.0,-1.0,-1.0,-1.0,-1.0,-1.0,-1.0,-1.0,-1.0,-1.0,-1.0,-1.0,-1.0,-1.0,-1.0,-1.0,-1.0,-1.0,-1.0,-1.0,-1.0,-1.0,-1.0,-1.0,-1.0,-1.0,-1.0,-1.0,-1.0,-1.0,-1.0,-1.0,-1.0,-1.0,-1.0,-1.0,-1.0,-1.0,-1.0,-1.0,-1.0,-1.0,-1.0,-1.0,-1.0,-1.0,-1.0,-1.0,-1.0,-1.0,-1.0,-1.0,-1.0,-1.0,-1.0,-1.0,-1.0,-1.0,-1.0,-1.0,-1.0,-1.0,-1.0,-1.0,-1.0,-1.0,-1.0,-1.0,-1.0,-1.0,-1.0,-1.0,-1.0,-1.0,-1.0,-1.0,-1.0,-1.0,-1.0,-1.0,-1.0,-1.0,-1.0,-1.0,-1.0,-1.0,-1.0,-1.0,-1.0,-1.0,-1.0,-1.0,-1.0,-1.0,-1.0,-1.0,-1.0,-1.0,-1.0,-1.0,-1.0,-1.0,-1.0,-1.0,-1.0,-1.0,-1.0,-1.0,-1.0,-1.0,-1.0,-1.0,-1.0,-1.0,-1.0,-1.0,-1.0,-1.0,-1.0,-1.0,-1.0,-1.0,-1.0,-1.0,-1.0,-1.0,-1.0,-1.0,-1.0,-1.0,-1.0,-1.0,-1.0,-1.0,-1.0,-1.0,-1.0,-1.0,-1.0,-1.0,-1.0,-1.0,-1.0,-1.0,-1.0,-1.0,-1.0,-1.0,-1.0,-1.0,-1.0,-1.0,-1.0,-1.0,-1.0,-1.0,-1.0,-1.0,-1.0,-1.0,-1.0,-1.0,-1.0,-1.0,-1.0,-1.0,-1.0,-1.0,-1.0,-1.0,-1.0,-1.0,-1.0,-1.0,-1.0,-1.0,-1.0,-1.0,-1.0,-1.0,-1.0,-1.0,-1.0,-1.0,-1.0,-1.0,-1.0,-1.0,-1.0,-1.0,-1.0,-1.0,-1.0,-1.0,-1.0,-1.0,-1.0,-1.0,-1.0,-1.0,-1.0,-1.0,-1.0,-1.0,-1.0,-1.0,-1.0,-1.0,-1.0,-1.0,-1.0,-1.0,-1.0,-1.0
-1.0,-1.0,-1.0,-1.0,-1.0,-1.0,-1.0,-1.0,-1.0,-1.0,1.0,1.0,1.0,1.0,1.0,1.0,1.0,1.0,-1.0,-1.0,-1.0,-1.0,-1.0,-1.0,-1.0,-1.0,-1.0,-1.0,-1.0,1.0,1.0,1.0,1.0,1.0,-1.0,-1.0,-1.0,1.0,1.0,1.0,1.0,1.0,1.0,1.0,1.0,1.0,1.0,-1.0,1.0,1.0,1.0,1.0,1.0,-1.0,1.0,1.0,1.0,1.0,1.0,1.0,1.0,1.0,-1.0,1.0,1.0,1.0,1.0,1.0,1.0,1.0,1.0,-1.0,1.0,1.0,1.0,1.0,1.0,1.0,1.0,1.0,1.0,1.0,1.0,-1.0,-1.0,1.0,1.0,1.0,-1.0,-1.0,-1.0,-1.0,-1.0,-1.0,1.0,1.0,1.0,1.0,1.0,1.0,1.0,1.0,1.0,1.0,1.0,1.0,1.0,1.0,1.0,1.0,1.0,1.0,1.0,1.0,1.0,1.0,1.0,1.0,1.0,1.0,1.0,1.0,1.0,1.0,1.0,-1.0,-1.0,-1.0,-1.0,-1.0,-1.0,-1.0,-1.0,-1.0,-1.0,-1.0,-1.0,1.0,1.0,1.0,-1.0,-1.0,-1.0,-1.0,-1.0,-1.0,-1.0,-1.0,-1.0,-1.0,-1.0,-1.0,-1.0,-1.0,-1.0,-1.0,-1.0,-1.0,-1.0,-1.0,-1.0,-1.0,-1.0,-1.0,-1.0,-1.0,-1.0,1.0,1.0,1.0,1.0,1.0,1.0,1.0,1.0,1.0,1.0,1.0,1.0,1.0,1.0,-1.0,-1.0,1.0,1.0,1.0,1.0,1.0,1.0,1.0,1.0,1.0,1.0,1.0,1.0,1.0,1.0,1.0,1.0,1.0,1.0,1.0,1.0,1.0,1.0,1.0,1.0,1.0,1.0,1.0,1.0,1.0,1.0,1.0,-1.0,-1.0,-1.0,-1.0,-1.0,-1.0,-1.0
-1.0,-1.0,-1.0,-1.0,-1.0,-1.0,-1.0,-1.0,-1.0,-1.0,-1.0,-1.0,-1.0,-1.0,-1.0,-1.0,-1.0,-1.0,-1.0,-1.0,-1.0,-1.0,-1.0,-1.0,-1.0,-1.0,-1.0,-1.0,-1.0,-1.0,-1.0,-1.0,-1.0,-1.0,-1.0,-1.0,-1.0,-1.0,-1.0,-1.0,-1.0,-1.0,-1.0,-1.0,-1.0,-1.0,-1.0,-1.0,-1.0,-1.0,-1.0,-1.0,-1.0,-1.0,-1.0,-1.0,-1.0,-1.0,-1.0,-1.0,-1.0,-1.0,-1.0,-1.0,-1.0,-1.0,-1.0,-1.0,-1.0,-1.0,-1.0,-1.0,-1.0,-1.0,-1.0,-1.0,-1.0,-1.0,-1.0,-1.0,-1.0,-1.0,-1.0,-1.0,-1.0,-1.0,-1.0,-1.0,-1.0,-1.0,-1.0,-1.0,-1.0,-1.0,-1.0,-1.0,-1.0,-1.0,-1.0,-1.0,-1.0,-1.0,-1.0,-1.0,-1.0,-1.0,-1.0,-1.0,-1.0,-1.0,-1.0,-1.0,-1.0,-1.0,-1.0,-1.0,-1.0,-1.0,-1.0,-1.0,-1.0,-1.0,-1.0,-1.0,-1.0,-1.0,-1.0,-1.0,-1.0,-1.0,-1.0,-1.0,-1.0,-1.0,-1.0,-1.0,-1.0,-1.0,-1.0,-1.0,-1.0,-1.0,-1.0,-1.0,-1.0,-1.0,-1.0,-1.0,-1.0,-1.0,-1.0,-1.0,-1.0,-1.0,-1.0,-1.0,-1.0,-1.0,-1.0,-1.0,-1.0,-1.0,-1.0,-1.0,-1.0,-1.0,-1.0,-1.0,-1.0,-1.0,-1.0,-1.0,-1.0,-1.0,-1.0,-1.0,-1.0,-1.0,-1.0,-1.0,-1.0,-1.0,-1.0,-1.0,-1.0,-1.0,-1.0,-1.0,-1.0,-1.0,-1.0,-1.0,-1.0,-1.0,-1.0,-1.0,-1.0,-1.0,-1.0,-1.0,-1.0,-1.0,-1.0,-1.0,-1.0,-1.0,-1.0,-1.0,-1.0,-1.0,-1.0,-1.0,-1.0,-1.0,-1.0,-1.0,-1.0,-1.0,-1.0,-1.0,-1.0
-1.0,-1.0,-1.0,-1.0,-1.0,-1.0,-1.0,-1.0,-1.0,-1.0,-1.0,-1.0,-1.0,-1.0,-1.0,-1.0,-1.0,-1.0,-1.0,-1.0,-1.0,-1.0,-1.0,-1.0,-1.0,-1.0,-1.0,-1.0,-1.0,-1.0,-1.0,-1.0,-1.0,-1.0,-1.0,-1.0,-1.0,-1.0,-1.0,-1.0,-1.0,-1.0,-1.0,-1.0,-1.0,-1.0,-1.0,-1.0,-1.0,-1.0,-1.0,-1.0,-1.0,-1.0,-1.0,-1.0,-1.0,-1.0,-1.0,-1.0,-1.0,-1.0,-1.0,-1.0,-1.0,-1.0,-1.0,-1.0,-1.0,-1.0,-1.0,-1.0,-1.0,-1.0,-1.0,-1.0,-1.0,-1.0,-1.0,-1.0,-1.0,-1.0,-1.0,1.0,1.0,-1.0,-1.0,-1.0,-1.0,-1.0,-1.0,-1.0,-1.0,-1.0,-1.0,-1.0,-1.0,-1.0,-1.0,-1.0,-1.0,-1.0,-1.0,-1.0,-1.0,-1.0,-1.0,-1.0,-1.0,-1.0,-1.0,-1.0,-1.0,-1.0,-1.0,-1.0,-1.0,-1.0,-1.0,-1.0,-1.0,-1.0,-1.0,-1.0,-1.0,-1.0,-1.0,-1.0,-1.0,-1.0,-1.0,-1.0,-1.0,-1.0,-1.0,-1.0,-1.0,-1.0,-1.0,-1.0,-1.0,-1.0,-1.0,-1.0,-1.0,-1.0,-1.0,-1.0,-1.0,-1.0,-1.0,-1.0,-1.0,-1.0,-1.0,-1.0,-1.0,-1.0,-1.0,-1.0,-1.0,-1.0,-1.0,-1.0,-1.0,-1.0,-1.0,-1.0,-1.0,-1.0,-1.0,-1.0,-1.0,-1.0,-1.0,-1.0,-1.0,-1.0,-1.0,-1.0,-1.0,-1.0,-1.0,-1.0,-1.0,-1.0,-1.0,-1.0,-1.0,-1.0,-1.0,-1.0,-1.0,-1.0,-1.0,-1.0,-1.0,-1.0,-1.0,-1.0,-1.0,-1.0,-1.0,-1.0,-1.0,-1.0,-1.0,-1.0,-1.0,-1.0,-1.0,-1.0,-1.0,-1.0,-1.0,-1.0,-1.0,-1.0,-1.0,-1.0,-1.0
-1.0,-1.0,-1.0,-1.0,-1.0,-1.0,-1.0,-1.0,-1.0,-1.0,-1.0,-1.0,-1.0,-1.0,-1.0,-1.0,-1.0,-1.0,-1.0,-1.0,-1.0,-1.0,-1.0,-1.0,-1.0,-1.0,-1.0,-1.0,-1.0,-1.0,-1.0,-1.0,-1.0,-1.0,-1.0,-1.0,-1.0,-1.0,-1.0,-1.0,-1.0,-1.0,-1.0,-1.0,-1.0,-1.0,-1.0,-1.0,-1.0,-1.0,-1.0,-1.0,-1.0,-1.0,-1.0,-1.0,-1.0,-1.0,-1.0,-1.0,-1.0,-1.0,-1.0,-1.0,-1.0,-1.0,-1.0,-1.0,-1.0,-1.0,-1.0,-1.0,-1.0,-1.0,-1.0,-1.0,-1.0,-1.0,-1.0,-1.0,-1.0,-1.0,-1.0,-1.0,-1.0,-1.0,-1.0,-1.0,-1.0,-1.0,-1.0,-1.0,-1.0,-1.0,-1.0,-1.0,-1.0,-1.0,-1.0,-1.0,-1.0,-1.0,-1.0,-1.0,-1.0,-1.0,-1.0,-1.0,-1.0,-1.0,-1.0,-1.0,-1.0,-1.0,-1.0,-1.0,-1.0,-1.0,-1.0,-1.0,-1.0,-1.0,-1.0,-1.0,-1.0,-1.0,-1.0,-1.0,-1.0,-1.0,-1.0,-1.0,-1.0,-1.0,-1.0,-1.0,-1.0,-1.0,-1.0,-1.0,-1.0,-1.0,-1.0,-1.0,-1.0,-1.0,-1.0,-1.0,-1.0,-1.0,-1.0,-1.0,-1.0,-1.0,-1.0,-1.0,-1.0,-1.0,-1.0,-1.0,-1.0,-1.0,-1.0,-1.0,-1.0,-1.0,-1.0,-1.0,-1.0,-1.0,-1.0,-1.0,-1.0,-1.0,-1.0,-1.0,-1.0,-1.0,-1.0,-1.0,-1.0,-1.0,-1.0,-1.0,-1.0,-1.0,-1.0,-1.0,-1.0,-1.0,-1.0,-1.0,-1.0,-1.0,-1.0,-1.0,-1.0,-1.0,-1.0,-1.0,-1.0,-1.0,-1.0,-1.0,-1.0,-1.0,-1.0,-1.0,-1.0,-1.0,-1.0,-1.0,-1.0,-1.0,-1.0,-1.0,-1.0,-1.0,-1.0,-1.0,-1.0
-1.0,-1.0,-1.0,-1.0,-1.0,-1.0,-1.0,-1.0,-1.0,-1.0,-1.0,-1.0,-1.0,-1.0,-1.0,-1.0,-1.0,-1.0,-1.0,-1.0,-1.0,-1.0,-1.0,-1.0,-1.0,-1.0,-1.0,-1.0,-1.0,-1.0,-1.0,-1.0,-1.0,-1.0,-1.0,-1.0,-1.0,-1.0,-1.0,-1.0,-1.0,-1.0,-1.0,-1.0,-1.0,-1.0,-1.0,-1.0,-1.0,-1.0,-1.0,-1.0,-1.0,-1.0,-1.0,-1.0,-1.0,-1.0,-1.0,-1.0,-1.0,-1.0,-1.0,-1.0,-1.0,-1.0,-1.0,-1.0,-1.0,-1.0,-1.0,-1.0,-1.0,-1.0,-1.0,-1.0,-1.0,-1.0,-1.0,-1.0,-1.0,-1.0,-1.0,-1.0,-1.0,-1.0,-1.0,-1.0,-1.0,-1.0,-1.0,-1.0,-1.0,-1.0,-1.0,-1.0,-1.0,-1.0,-1.0,-1.0,-1.0,-1.0,-1.0,-1.0,-1.0,-1.0,-1.0,-1.0,-1.0,-1.0,-1.0,-1.0,-1.0,-1.0,-1.0,-1.0,-1.0,-1.0,-1.0,-1.0,-1.0,-1.0,-1.0,-1.0,-1.0,-1.0,-1.0,-1.0,-1.0,-1.0,-1.0,-1.0,-1.0,-1.0,-1.0,-1.0,-1.0,-1.0,-1.0,-1.0,-1.0,-1.0,-1.0,-1.0,-1.0,-1.0,-1.0,-1.0,-1.0,-1.0,-1.0,-1.0,-1.0,-1.0,-1.0,-1.0,-1.0,-1.0,-1.0,-1.0,-1.0,-1.0,-1.0,-1.0,-1.0,-1.0,-1.0,-1.0,-1.0,-1.0,-1.0,-1.0,-1.0,-1.0,-1.0,-1.0,-1.0,-1.0,-1.0,-1.0,-1.0,-1.0,-1.0,-1.0,-1.0,-1.0,-1.0,-1.0,-1.0,-1.0,-1.0,-1.0,-1.0,-1.0,-1.0,-1.0,-1.0,-1.0,-1.0,-1.0,-1.0,-1.0,-1.0,-1.0,-1.0,-1.0,-1.0,-1.0,-1.0,-1.0,-1.0,-1.0,-1.0,-1.0,-1.0,-1.0,-1.0,-1.0,-1.0,-1.0,-1.0
-1.0,-1.0,-1.0,-1.0,-1.0,-1.0,-1.0,-1.0,-1.0,-1.0,-1.0,-1.0,-1.0,-1.0,-1.0,-1.0,-1.0,-1.0,-1.0,-1.0,-1.0,-1.0,-1.0,-1.0,-1.0,-1.0,-1.0,-1.0,-1.0,-1.0,-1.0,-1.0,-1.0,-1.0,-1.0,-1.0,-1.0,-1.0,-1.0,-1.0,-1.0,-1.0,-1.0,-1.0,-1.0,-1.0,-1.0,-1.0,-1.0,-1.0,-1.0,-1.0,-1.0,-1.0,-1.0,-1.0,-1.0,-1.0,-1.0,-1.0,-1.0,-1.0,-1.0,-1.0,-1.0,-1.0,-1.0,-1.0,-1.0,-1.0,-1.0,-1.0,-1.0,-1.0,-1.0,-1.0,-1.0,-1.0,-1.0,-1.0,-1.0,-1.0,-1.0,-1.0,-1.0,-1.0,-1.0,-1.0,-1.0,-1.0,-1.0,-1.0,-1.0,-1.0,-1.0,-1.0,-1.0,-1.0,-1.0,-1.0,-1.0,-1.0,-1.0,-1.0,-1.0,-1.0,-1.0,-1.0,-1.0,-1.0,-1.0,-1.0,-1.0,-1.0,-1.0,-1.0,-1.0,-1.0,-1.0,-1.0,-1.0,-1.0,-1.0,-1.0,-1.0,-1.0,-1.0,-1.0,-1.0,-1.0,-1.0,-1.0,-1.0,-1.0,-1.0,-1.0,-1.0,-1.0,-1.0,-1.0,-1.0,-1.0,-1.0,-1.0,-1.0,-1.0,-1.0,-1.0,-1.0,-1.0,-1.0,-1.0,-1.0,-1.0,-1.0,-1.0,-1.0,-1.0,-1.0,-1.0,-1.0,-1.0,-1.0,-1.0,-1.0,-1.0,-1.0,-1.0,-1.0,-1.0,-1.0,-1.0,-1.0,-1.0,-1.0,-1.0,-1.0,-1.0,-1.0,-1.0,-1.0,-1.0,-1.0,-1.0,-1.0,-1.0,-1.0,-1.0,-1.0,-1.0,-1.0,-1.0,-1.0,-1.0,-1.0,-1.0,-1.0,-1.0,-1.0,-1.0,-1.0,-1.0,-1.0,-1.0,-1.0,-1.0,-1.0,-1.0,-1.0,-1.0,-1.0,-1.0,-1.0,-1.0,-1.0,-1.0,-1.0,-1.0,-1.0,-1.0,-1.0
0.0,1.0,1.0,1.0,1.0,1.0,1.0,1.0,1.0,1.0,1.0,1.0,1.0,1.0,1.0,1.0,1.0,1.0,1.0,1.0,1.0,1.0,1.0,1.0,1.0,1.0,1.0,1.0,1.0,1.0,1.0,1.0,1.0,1.0,1.0,1.0,1.0,1.0,1.0,1.0,1.0,1.0,1.0,1.0,1.0,1.0,1.0,1.0,1.0,1.0,1.0,1.0,1.0,1.0,1.0,1.0,1.0,1.0,1.0,1.0,1.0,1.0,1.0,1.0,1.0,1.0,1.0,1.0,1.0,1.0,1.0,1.0,1.0,1.0,1.0,1.0,1.0,1.0,1.0,1.0,1.0,1.0,1.0,1.0,1.0,1.0,1.0,1.0,1.0,1.0,1.0,1.0,1.0,1.0,1.0,1.0,1.0,1.0,1.0,1.0,1.0,1.0,1.0,1.0,1.0,1.0,1.0,1.0,1.0,1.0,1.0,1.0,1.0,1.0,1.0,1.0,1.0,1.0,1.0,1.0,1.0,1.0,1.0,1.0,1.0,1.0,1.0,1.0,1.0,1.0,1.0,1.0,1.0,1.0,1.0,1.0,1.0,1.0,1.0,1.0,1.0,1.0,1.0,1.0,1.0,1.0,1.0,1.0,1.0,1.0,1.0,1.0,1.0,1.0,1.0,1.0,1.0,1.0,1.0,1.0,1.0,1.0,1.0,1.0,1.0,1.0,1.0,1.0,1.0,1.0,1.0,1.0,1.0,1.0,1.0,1.0,1.0,1.0,1.0,1.0,1.0,1.0,1.0,1.0,1.0,1.0,1.0,1.0,1.0,1.0,1.0,1.0,1.0,1.0,1.0,1.0,1.0,1.0,1.0,1.0,1.0,1.0,1.0,1.0,1.0,1.0,1.0,1.0,1.0,1.0,1.0,1.0,1.0,1.0,1.0,1.0,1.0,1.0,1.0,1.0,0.0
0.0,0.0,0.0,0.0,0.0,0.0,0.0,0.0,0.0,0.0,0.0,0.0,0.0,0.0,0.0,0.0,0.0,0.0,0.0,0.0,0.0,0.0,0.0,0.0,0.0,0.0,0.0,0.0,0.0,0.0,0.0,0.0,0.0,0.0,0.0,0.0,0.0,0.0,0.0,0.0,0.0,0.0,0.0,0.0,0.0,0.0,0.0,0.0,0.0,0.0,0.0,0.0,0.0,0.0,0.0,0.0,0.0,0.0,0.0,0.0,0.0,0.0,0.0,0.0,0.0,0.0,0.0,0.0,0.0,0.0,0.0,0.0,0.0,0.0,0.0,0.0,0.0,0.0,0.0,0.0,0.0,0.0,0.0,0.0,0.0,0.0,0.0,0.0,0.0,0.0,0.0,0.0,0.0,0.0,0.0,0.0,0.0,0.0,0.0,0.0,0.0,0.0,0.0,0.0,0.0,0.0,0.0,0.0,0.0,0.0,0.0,0.0,0.0,0.0,0.0,0.0,0.0,0.0,0.0,0.0,0.0,0.0,0.0,0.0,0.0,0.0,0.0,0.0,0.0,0.0,0.0,0.0,0.0,0.0,0.0,0.0,0.0,0.0,0.0,0.0,0.0,0.0,0.0,0.0,0.0,0.0,0.0,0.0,0.0,0.0,0.0,0.0,0.0,0.0,0.0,0.0,0.0,0.0,0.0,0.0,0.0,0.0,0.0,0.0,0.0,0.0,0.0,0.0,0.0,0.0,0.0,0.0,0.0,0.0,0.0,0.0,0.0,0.0,0.0,0.0,0.0,0.0,1.0,0.0,0.0,0.0,0.0,0.0,0.0,0.0,0.0,0.0,0.0,0.0,0.0,0.0,0.0,0.0,0.0,0.0,0.0,0.0,0.0,0.0,0.0,0.0,0.0,0.0,0.0,0.0,0.0,0.0,0.0,0.0,0.0,0.0,0.0,0.0,0.0,0.0,0.0
0.0,0.6574500768049154,-0.3555555555555555,-0.3555555555555555,0.6439024390243901,0.6439024390243901,0.6439024390243901,0.6439024390243901,0.8601398601398602,0.8601398601398602,0.8412698412698412,0.8412698412698412,0.8412698412698412,0.8412698412698412,0.8412698412698412,0.8412698412698412,0.8412698412698412,0.8412698412698412,0.6439024390243901,1.0,1.0,1.0,1.0,1.0,1.0,1.0,1.0,0.4965986394557824,0.4965986394557824,0.6439024390243901,0.6439024390243901,0.6439024390243901,0.6439024390243901,0.6439024390243901,0.6439024390243901,0.6439024390243901,0.826086956521739,0.913978494623656,0.913978494623656,0.913978494623656,0.913978494623656,0.913978494623656,0.913978494623656,0.913978494623656,0.913978494623656,0.913978494623656,0.913978494623656,0.826086956521739,0.7777777777777777,0.7777777777777777,0.7777777777777777,0.7777777777777777,0.7777777777777777,0.826086956521739,0.8305084745762712,0.8305084745762712,0.8305084745762712,0.8305084745762712,0.8305084745762712,0.8305084745762712,0.8305084745762712,0.8305084745762712,0.826086956521739,0.7741935483870968,0.7741935483870968,0.7741935483870968,0.7741935483870968,0.7741935483870968,0.7741935483870968,0.7741935483870968,0.7741935483870968,0.826086956521739,0.8021978021978022,0.8021978021978022,0.8021978021978022,0.8021978021978022,0.8021978021978022,0.8021978021978022,0.8021978021978022,0.8021978021978022,0.8021978021978022,0.8021978021978022,0.8021978021978022,0.7369093231162196,0.7369093231162196,0.7369093231162196,0.7369093231162196,0.7369093231162196,1.0,1.0,1.0,1.0,1.0,1.0,0.7369093231162196,0.7369093231162196,0.7369093231162196,0.7369093231162196,0.7369093231162196,0.7369093231162196,0.7369093231162196,0.7369093231162196,0.7369093231162196,0.7369093231162196,0.7369093231162196,0.7369093231162196,0.7369093231162196,0.7369093231162196,0.7369093231162196,0.7369093231162196,0.7369093231162196,0.7369093231162196,0.7369093231162196,0.7369093231162196,0.7369093231162196,0.7369093231162196,0.8888888888888888,0.8888888888888888,0.8888888888888888,0.8888888888888888,0.8888888888888888,0.8888888888888888,0.8888888888888888,0.8888888888888888,0.8888888888888888,0.6574500768049154,-0.5828677839851024,-0.5828677839851024,-0.5828677839851024,-0.5828677839851024,-0.7665100173138758,-0.09999999999999998,-0.09999999999999998,-1.0,-1.0,-1.0,-1.0,-0.09999999999999998,-0.09999999999999998,-0.09999999999999998,-0.7665100173138758,-0.7946377638334284,-0.7946377638334284,-0.7665100173138758,-0.7665100173138758,-0.7665100173138758,-0.7946377638334284,-0.7946377638334284,-0.7946377638334284,-0.7946377638334284,-0.7946377638334284,-0.7946377638334284,-0.7946377638334284,-0.7946377638334284,-0.7946377638334284,-0.7946377638334284,-0.7946377638334284,-0.7946377638334284,-0.7946377638334284,-0.7665100173138758,-0.7946377638334284,-0.7946377638334284,-0.7946377638334284,-0.7946377638334284,-0.7665100173138758,-0.7665100173138758,-0.7946377638334284,0.9452054794520548,0.9452054794520548,0.9452054794520548,0.9452054794520548,0.9452054794520548,0.9452054794520548,0.9452054794520548,0.9452054794520548,0.9452054794520548,0.9452054794520548,0.9452054794520548,0.9452054794520548,0.9452054794520548,0.9452054794520548,-0.7946377638334284,-0.3433191489361702,0.4036511156186613,0.4036511156186613,0.4036511156186613,0.4036511156186613,0.4036511156186613,0.4036511156186613,0.4036511156186613,0.4036511156186613,0.4036511156186613,0.30823529411764716,0.30823529411764716,0.30823529411764716,0.30823529411764716,0.30823529411764716,0.5878378378378379,0.5878378378378379,0.5878378378378379,0.5878378378378379,0.5878378378378379,0.5878378378378379,0.5878378378378379,0.5878378378378379,0.5878378378378379,0.5878378378378379,0.5878378378378379,0.5878378378378379,0.5878378378378379,0.5878378378378379,0.5878378378378379,0.5878378378378379,0.5878378378378379,-0.525,-0.525,0.5878378378378379,0.5878378378378379,0.30823529411764716,0.30823529411764716,0.0
0.0,0.04722599305560278,0.5719650796632643,0.5719650796632643,0.04722599305560278,0.04722599305560278,0.04722599305560278,0.04722599305560278,0.5719650796632643,0.5719650796632643,0.5719650796632643,0.5719650796632643,0.5719650796632643,0.5719650796632643,0.5719650796632643,0.5719650796632643,0.5719650796632643,0.5719650796632643,0.04722599305560278,-0.4775130935520587,-0.4775130935520587,-0.4775130935520587,-0.4775130935520587,-0.4775130935520587,-0.4775130935520587,-0.4775130935520587,-0.4775130935520587,0.04722599305560278,0.04722599305560278,0.04722599305560278,0.04722599305560278,0.04722599305560278,0.04722599305560278,0.04722599305560278,0.04722599305560278,0.04722599305560278,0.04722599305560278,0.5719650796632643,0.5719650796632643,0.5719650796632643,0.5719650796632643,0.5719650796632643,0.5719650796632643,0.5719650796632643,0.5719650796632643,0.5719650796632643,0.5719650796632643,0.04722599305560278,0.5719650796632643,0.5719650796632643,0.5719650796632643,0.5719650796632643,0.5719650796632643,0.04722599305560278,0.04722599305560278,0.04722599305560278,0.04722599305560278,0.04722599305560278,0.04722599305560278,0.04722599305560278,0.04722599305560278,0.04722599305560278,0.04722599305560278,0.04722599305560278,0.04722599305560278,0.04722599305560278,0.04722599305560278,0.04722599305560278,0.04722599305560278,0.04722599305560278,0.04722599305560278,0.04722599305560278,0.04722599305560278,0.04722599305560278,0.04722599305560278,0.04722599305560278,0.04722599305560278,0.04722599305560278,0.04722599305560278,0.04722599305560278,0.04722599305560278,0.04722599305560278,0.04722599305560278,0.04722599305560278,0.04722599305560278,0.04722599305560278,0.04722599305560278,0.04722599305560278,-0.4775130935520587,-0.4775130935520587,-0.4775130935520587,-0.4775130935520587,-0.4775130935520587,-0.4775130935520587,0.04722599305560278,0.04722599305560278,0.04722599305560278,0.04722599305560278,0.04722599305560278,0.04722599305560278,0.04722599305560278,0.04722599305560278,0.04722599305560278,0.04722599305560278,0.04722599305560278,0.04722599305560278,0.04722599305560278,0.04722599305560278,0.04722599305560278,0.04722599305560278,0.04722599305560278,0.04722599305560278,0.04722599305560278,0.04722599305560278,0.04722599305560278,0.04722599305560278,0.04722599305560278,0.04722599305560278,0.04722599305560278,0.04722599305560278,0.04722599305560278,0.04722599305560278,0.04722599305560278,0.04722599305560278,0.04722599305560278,0.04722599305560278,-0.4775130935520587,-0.4775130935520587,-0.4775130935520587,-0.4775130935520587,-0.4775130935520587,-0.4775130935520587,-0.4775130935520587,-1.0022521801597202,-1.0022521801597202,-1.0022521801597202,-1.0022521801597202,-0.4775130935520587,-0.4775130935520587,-0.4775130935520587,-0.4775130935520587,-0.4775130935520587,-0.4775130935520587,-0.4775130935520587,-0.4775130935520587,-0.4775130935520587,-0.4775130935520587,-0.4775130935520587,-0.4775130935520587,-0.4775130935520587,-0.4775130935520587,-0.4775130935520587,-0.4775130935520587,-0.4775130935520587,-0.4775130935520587,-0.4775130935520587,-0.4775130935520587,-0.4775130935520587,-0.4775130935520587,-0.4775130935520587,-0.4775130935520587,-0.4775130935520587,-0.4775130935520587,-0.4775130935520587,-0.4775130935520587,-0.4775130935520587,-0.4775130935520587,0.04722599305560278,0.04722599305560278,0.04722599305560278,0.04722599305560278,0.04722599305560278,0.04722599305560278,0.04722599305560278,0.04722599305560278,0.04722599305560278,0.04722599305560278,0.04722599305560278,0.04722599305560278,0.04722599305560278,0.04722599305560278,-0.4775130935520587,0.04722599305560278,0.04722599305560278,0.04722599305560278,0.04722599305560278,0.04722599305560278,0.04722599305560278,0.04722599305560278,0.04722599305560278,0.04722599305560278,0.04722599305560278,0.04722599305560278,0.04722599305560278,0.04722599305560278,0.04722599305560278,0.04722599305560278,0.5719650796632643,0.5719650796632643,0.5719650796632643,0.5719650796632643,0.5719650796632643,0.5719650796632643,0.5719650796632643,0.5719650796632643,0.5719650796632643,0.5719650796632643,0.5719650796632643,0.5719650796632643,0.5719650796632643,0.5719650796632643,0.5719650796632643,0.5719650796632643,0.5719650796632643,0.5719650796632643,0.5719650796632643,0.5719650796632643,0.5719650796632643,0.04722599305560278,0.04722599305560278,0.0
0.0,1.0,1.0,1.0,1.0,1.0,1.0,1.0,1.0,1.0,1.0,1.0,1.0,1.0,1.0,1.0,1.0,1.0,1.0,1.0,1.0,1.0,1.0,1.0,1.0,1.0,1.0,1.0,1.0,1.0,1.0,1.0,1.0,1.0,1.0,1.0,-1.0,-1.0,-1.0,-1.0,-1.0,-1.0,-1.0,-1.0,-1.0,-1.0,-1.0,-1.0,-1.0,-1.0,-1.0,-1.0,-1.0,-1.0,-1.0,-1.0,-1.0,-1.0,-1.0,-1.0,-1.0,-1.0,-1.0,-1.0,-1.0,-1.0,-1.0,-1.0,-1.0,-1.0,-1.0,-1.0,-1.0,-1.0,-1.0,-1.0,-1.0,-1.0,-1.0,-1.0,-1.0,-1.0,-1.0,1.0,1.0,1.0,1.0,1.0,1.0,1.0,1.0,1.0,1.0,1.0,1.0,1.0,1.0,1.0,1.0,1.0,1.0,1.0,1.0,1.0,1.0,1.0,1.0,1.0,1.0,1.0,1.0,1.0,1.0,1.0,1.0,1.0,-1.0,-1.0,-1.0,-1.0,-1.0,-1.0,-1.0,-1.0,-1.0,1.0,1.0,1.0,1.0,1.0,1.0,1.0,1.0,1.0,1.0,1.0,1.0,1.0,1.0,1.0,1.0,1.0,1.0,1.0,1.0,1.0,1.0,1.0,1.0,1.0,1.0,1.0,1.0,1.0,1.0,1.0,1.0,1.0,1.0,1.0,1.0,1.0,1.0,1.0,1.0,1.0,1.0,1.0,1.0,1.0,1.0,1.0,1.0,1.0,1.0,1.0,1.0,1.0,1.0,1.0,1.0,1.0,1.0,1.0,1.0,1.0,1.0,1.0,1.0,1.0,1.0,1.0,1.0,1.0,1.0,1.0,1.0,1.0,1.0,1.0,1.0,1.0,1.0,1.0,1.0,1.0,1.0,1.0,1.0,1.0,1.0,1.0,1.0,1.0,1.0,1.0,1.0,1.0,1.0,1.0,0.0
0.0,-1.6877565141562638,-1.9010246348375845,-1.9010246348375845,-1.6410927202294108,-1.6410927202294108,-1.6410927202294108,-1.6410927202294108,-1.7920209287115763,-1.7920209287115763,-1.676605239872273,-1.676605239872273,-1.676605239872273,-1.676605239872273,-1.676605239872273,-1.676605239872273,-1.676605239872273,-1.676605239872273,-1.6410927202294108,0.17004578155657307,0.17004578155657307,0.17004578155657307,0.17004578155657307,0.17004578155657307,0.17004578155657307,0.17004578155657307,0.17004578155657307,-0.2659690429474603,-0.2659690429474603,-1.6410927202294108,-1.6410927202294108,-1.6410927202294108,-1.6410927202294108,-1.6410927202294108,-1.6410927202294108,-1.6410927202294108,-2.446043165467626,-2.446043165467626,-2.446043165467626,-2.446043165467626,-2.446043165467626,-2.446043165467626,-2.446043165467626,-2.446043165467626,-2.446043165467626,-2.446043165467626,-2.446043165467626,-2.446043165467626,-2.446043165467626,-2.446043165467626,-2.446043165467626,-2.446043165467626,-2.446043165467626,-2.446043165467626,-2.446043165467626,-2.446043165467626,-2.446043165467626,-2.446043165467626,-2.446043165467626,-2.446043165467626,-2.446043165467626,-2.446043165467626,-2.446043165467626,-2.446043165467626,-2.446043165467626,-2.446043165467626,-2.446043165467626,-2.446043165467626,-2.446043165467626,-2.446043165467626,-2.446043165467626,-2.446043165467626,-2.446043165467626,-2.446043165467626,-2.446043165467626,-2.446043165467626,-2.446043165467626,-2.446043165467626,-2.446043165467626,-2.446043165467626,-2.446043165467626,-2.446043165467626,-2.446043165467626,-1.8280693984540355,-1.8280693984540355,-1.8280693984540355,-1.8280693984540355,-1.8280693984540355,0.17004578155657307,0.17004578155657307,0.17004578155657307,0.17004578155657307,0.17004578155657307,0.17004578155657307,-1.8280693984540355,-1.8280693984540355,-1.8280693984540355,-1.8280693984540355,-1.8280693984540355,-1.8280693984540355,-1.8280693984540355,-1.8280693984540355,-1.8280693984540355,-1.8280693984540355,-1.8280693984540355,-1.8280693984540355,-1.8280693984540355,-1.8280693984540355,-1.8280693984540355,-1.8280693984540355,-1.8280693984540355,-1.8280693984540355,-1.8280693984540355,-1.8280693984540355,-1.8280693984540355,-1.8280693984540355,-2.446043165467626,-2.446043165467626,-2.446043165467626,-2.446043165467626,-2.446043165467626,-2.446043165467626,-2.446043165467626,-2.446043165467626,-2.446043165467626,-1.6877565141562638,-1.0153695225637671,-1.0153695225637671,-1.0153695225637671,-1.0153695225637671,-0.3339033640458224,-1.7694684377889538,-1.7694684377889538,-2.061324202669949,-2.061324202669949,-2.061324202669949,-2.061324202669949,-1.7694684377889538,-1.7694684377889538,-1.7694684377889538,-0.3339033640458224,-0.2266562309020146,-0.2266562309020146,-0.3339033640458224,-0.3339033640458224,-0.3339033640458224,-0.2266562309020146,-0.2266562309020146,-0.2266562309020146,-0.2266562309020146,-0.2266562309020146,-0.2266562309020146,-0.2266562309020146,-0.2266562309020146,-0.2266562309020146,-0.2266562309020146,-0.2266562309020146,-0.2266562309020146,-0.2266562309020146,-0.3339033640458224,-0.2266562309020146,-0.2266562309020146,-0.2266562309020146,-0.2266562309020146,-0.3339033640458224,-0.3339033640458224,-0.2266562309020146,-1.208703798631856,-1.208703798631856,-1.208703798631856,-1.208703798631856,-1.208703798631856,-1.208703798631856,-1.208703798631856,-1.208703798631856,-1.208703798631856,-1.208703798631856,-1.208703798631856,-1.208703798631856,-1.208703798631856,-1.208703798631856,-0.2266562309020146,-0.7436134235599187,-1.922825376062786,-1.922825376062786,-1.922825376062786,-1.922825376062786,-1.922825376062786,-1.922825376062786,-1.922825376062786,-1.922825376062786,-1.922825376062786,-1.832897318508829,-1.832897318508829,-1.832897318508829,-1.832897318508829,-1.832897318508829,-2.0001189131339556,-2.0001189131339556,-2.0001189131339556,-2.0001189131339556,-2.0001189131339556,-2.0001189131339556,-2.0001189131339556,-2.0001189131339556,-2.0001189131339556,-2.0001189131339556,-2.0001189131339556,-2.0001189131339556,-2.0001189131339556,-2.0001189131339556,-2.0001189131339556,-2.0001189131339556,-2.0001189131339556,-1.8514774956893987,-1.8514774956893987,-2.0001189131339556,-2.0001189131339556,-1.832897318508829,-1.832897318508829,0.0
0.0,1.0,-1.0,-1.0,1.0,1.0,1.0,1.0,-1.0,-1.0,-1.0,-1.0,-1.0,-1.0,-1.0,-1.0,-1.0,-1.0,1.0,-1.0,-1.0,-1.0,-1.0,-1.0,-1.0,-1.0,-1.0,-1.0,-1.0,1.0,1.0,1.0,1.0,1.0,1.0,1.0,1.0,-1.0,-1.0,-1.0,-1.0,-1.0,-1.0,-1.0,-1.0,-1.0,-1.0,1.0,-1.0,-1.0,-1.0,-1.0,-1.0,1.0,-1.0,-1.0,-1.0,-1.0,-1.0,-1.0,-1.0,-1.0,1.0,1.0,1.0,1.0,1.0,1.0,1.0,1.0,1.0,1.0,1.0,1.0,1.0,1.0,1.0,1.0,1.0,1.0,1.0,1.0,1.0,1.0,1.0,1.0,1.0,1.0,-1.0,-1.0,-1.0,-1.0,-1.0,-1.0,1.0,1.0,1.0,1.0,1.0,1.0,1.0,1.0,1.0,1.0,1.0,1.0,1.0,1.0,1.0,1.0,1.0,1.0,1.0,1.0,1.0,1.0,-1.0,-1.0,-1.0,-1.0,-1.0,-1.0,-1.0,-1.0,-1.0,1.0,1.0,1.0,1.0,1.0,1.0,-1.0,-1.0,-1.0,-1.0,-1.0,-1.0,-1.0,-1.0,-1.0,1.0,1.0,1.0,1.0,1.0,1.0,1.0,1.0,1.0,1.0,1.0,1.0,1.0,1.0,1.0,1.0,1.0,1.0,1.0,1.0,1.0,1.0,1.0,1.0,1.0,1.0,1.0,1.0,1.0,1.0,1.0,1.0,1.0,1.0,1.0,1.0,1.0,1.0,1.0,1.0,1.0,1.0,1.0,-1.0,-1.0,-1.0,-1.0,-1.0,-1.0,-1.0,-1.0,-1.0,-1.0,-1.0,-1.0,-1.0,-1.0,-1.0,-1.0,-1.0,-1.0,-1.0,-1.0,-1.0,-1.0,-1.0,-1.0,-1.0,-1.0,-1.0,-1.0,-1.0,-1.0,-1.0,-1.0,-1.0,-1.0,-1.0,-1.0,-1.0,0.0
0.0,-1.0,-1.0,-1.0,-1.0,-1.0,-1.0,-1.0,-1.0,-1.0,-1.0,-1.0,-1.0,-1.0,-1.0,-1.0,-1.0,-1.0,-1.0,-1.0,-1.0,-1.0,-1.0,-1.0,-1.0,-1.0,-1.0,-1.0,-1.0,-1.0,-1.0,-1.0,-1.0,-1.0,-1.0,-1.0,-1.0,-1.0,-1.0,-1.0,-1.0,-1.0,-1.0,-1.0,-1.0,-1.0,-1.0,-1.0,-1.0,-1.0,-1.0,-1.0,-1.0,-1.0,-1.0,-1.0,-1.0,-1.0,-1.0,-1.0,-1.0,-1.0,-1.0,-1.0,-1.0,-1.0,-1.0,-1.0,-1.0,-1.0,-1.0,-1.0,-1.0,-1.0,-1.0,-1.0,-1.0,-1.0,-1.0,-1.0,-1.0,-1.0,-1.0,-1.0,-1.0,-1.0,-1.0,-1.0,-1.0,-1.0,-1.0,-1.0,-1.0,-1.0,-1.0,-1.0,-1.0,-1.0,-1.0,-1.0,-1.0,-1.0,-1.0,-1.0,-1.0,-1.0,-1.0,-1.0,-1.0,-1.0,-1.0,-1.0,-1.0,-1.0,-1.0,-1.0,-1.0,-1.0,-1.0,-1.0,-1.0,-1.0,-1.0,-1.0,-1.0,-1.0,-1.0,-1.0,-1.0,-1.0,1.0,-1.0,-1.0,-1.0,-1.0,-1.0,-1.0,-1.0,-1.0,-1.0,1.0,1.0,1.0,1.0,1.0,1.0,1.0,1.0,1.0,1.0,1.0,1.0,1.0,1.0,1.0,1.0,1.0,1.0,1.0,1.0,1.0,1.0,1.0,1.0,1.0,1.0,1.0,-1.0,-1.0,-1.0,-1.0,-1.0,-1.0,-1.0,-1.0,-1.0,-1.0,-1.0,-1.0,-1.0,-1.0,1.0,1.0,-1.0,-1.0,-1.0,-1.0,-1.0,-1.0,-1.0,-1.0,-1.0,-1.0,-1.0,-1.0,-1.0,-1.0,-1.0,-1.0,-1.0,-1.0,-1.0,-1.0,-1.0,-1.0,-1.0,-1.0,-1.0,-1.0,-1.0,-1.0,-1.0,-1.0,-1.0,-1.0,-1.0,-1.0,-1.0,-1.0,-1.0,0.0
0.0,0.5475031882095861,-0.7010235185372593,-0.7010235185372593,0.5209203029749827,0.5209203029749827,0.5209203029749827,0.5209203029749827,-0.4846520419346229,-0.4846520419346229,-0.543793501424543,-0.543793501424543,-0.543793501424543,-0.543793501424543,-0.543793501424543,-0.543793501424543,-0.543793501424543,-0.543793501424543,0.5209203029749827,-0.6072521655175623,-0.6072521655175623,-0.6072521655175623,-0.6072521655175623,-0.6072521655175623,-0.6072521655175623,-0.6072521655175623,-0.6072521655175623,-0.47176047346788036,-0.47176047346788036,0.5209203029749827,0.5209203029749827,0.5209203029749827,0.5209203029749827,0.5209203029749827,0.5209203029749827,0.5209203029749827,-0.04295189805190128,-0.685701171423712,-0.685701171423712,-0.685701171423712,-0.685701171423712,-0.685701171423712,-0.685701171423712,-0.685701171423712,-0.685701171423712,-0.685701171423712,-0.685701171423712,-0.04295189805190128,-0.8676940530880688,-0.8676940530880688,-0.8676940530880688,-0.8676940530880688,-0.8676940530880688,-0.04295189805190128,-0.8983469888291029,-0.8983469888291029,-0.8983469888291029,-0.8983469888291029,-0.8983469888291029,-0.8983469888291029,-0.8983469888291029,-0.8983469888291029,-0.04295189805190128,-0.8751708481097702,-0.8751708481097702,-0.8751708481097702,-0.8751708481097702,-0.8751708481097702,-0.8751708481097702,-0.8751708481097702,-0.8751708481097702,-0.04295189805190128,-0.695860043683715,-0.695860043683715,-0.695860043683715,-0.695860043683715,-0.695860043683715,-0.695860043683715,-0.695860043683715,-0.695860043683715,-0.695860043683715,-0.695860043683715,-0.695860043683715,0.3098750915844873,0.3098750915844873,0.3098750915844873,0.3098750915844873,0.3098750915844873,-0.7800311493989107,-0.7800311493989107,-0.7800311493989107,-0.7800311493989107,-0.7800311493989107,-0.7800311493989107,0.3098750915844873,0.3098750915844873,0.3098750915844873,0.3098750915844873,0.3098750915844873,0.3098750915844873,0.3098750915844873,0.3098750915844873,0.3098750915844873,0.3098750915844873,0.3098750915844873,0.3098750915844873,0.3098750915844873,0.3098750915844873,0.3098750915844873,0.3098750915844873,0.3098750915844873,0.3098750915844873,0.3098750915844873,0.3098750915844873,0.3098750915844873,0.3098750915844873,-0.8052962060672638,-0.8052962060672638,-0.8052962060672638,-0.8052962060672638,-0.8052962060672638,-0.8052962060672638,-0.8052962060672638,-0.8052962060672638,-0.8052962060672638,0.5475031882095861,0.13364396939666584,0.13364396939666584,0.13364396939666584,0.13364396939666584,1.0769823689910145,-0.494559615603129,-0.494559615603129,-0.8676940530880688,-0.8676940530880688,-0.8676940530880688,-0.8676940530880688,-0.494559615603129,-0.494559615603129,-0.494559615603129,1.0769823689910145,1.0103883483556915,1.0103883483556915,1.0769823689910145,1.0769823689910145,1.0769823689910145,1.0103883483556915,1.0103883483556915,1.0103883483556915,1.0103883483556915,1.0103883483556915,1.0103883483556915,1.0103883483556915,1.0103883483556915,1.0103883483556915,1.0103883483556915,1.0103883483556915,1.0103883483556915,1.0103883483556915,1.0769823689910145,1.0103883483556915,1.0103883483556915,1.0103883483556915,1.0103883483556915,1.0769823689910145,1.0769823689910145,1.0103883483556915,-0.2854805000857472,-0.2854805000857472,-0.2854805000857472,-0.2854805000857472,-0.2854805000857472,-0.2854805000857472,-0.2854805000857472,-0.2854805000857472,-0.2854805000857472,-0.2854805000857472,-0.2854805000857472,-0.2854805000857472,-0.2854805000857472,-0.2854805000857472,1.0103883483556915,1.2516174481366167,0.09369587572088312,0.09369587572088312,0.09369587572088312,0.09369587572088312,0.09369587572088312,0.09369587572088312,0.09369587572088312,0.09369587572088312,0.09369587572088312,0.024340733142251013,0.024340733142251013,0.024340733142251013,0.024340733142251013,0.024340733142251013,-0.14469184377380367,-0.14469184377380367,-0.14469184377380367,-0.14469184377380367,-0.14469184377380367,-0.14469184377380367,-0.14469184377380367,-0.14469184377380367,-0.14469184377380367,-0.14469184377380367,-0.14469184377380367,-0.14469184377380367,-0.14469184377380367,-0.14469184377380367,-0.14469184377380367,-0.14469184377380367,-0.14469184377380367,-0.7560623202458499,-0.7560623202458499,-0.14469184377380367,-0.14469184377380367,0.024340733142251013,0.024340733142251013,0.0
0.0,-1.0917363902447395,-1.0917363902447395,-1.0917363902447395,-1.0917363902447395,-1.0917363902447395,-1.0917363902447395,-1.0917363902447395,0.0,0.0,0.0,0.0,0.0,0.0,0.0,0.0,0.0,0.0,-1.0917363902447395,0.0,0.0,0.0,0.0,0.0,0.0,0.0,0.0,-1.0917363902447395,-1.0917363902447395,-1.0917363902447395,-1.0917363902447395,-1.0917363902447395,-1.0917363902447395,-1.0917363902447395,-1.0917363902447395,-1.0917363902447395,0.0,0.0,0.0,0.0,0.0,0.0,0.0,0.0,0.0,0.0,0.0,0.0,0.0,0.0,0.0,0.0,0.0,0.0,0.0,0.0,0.0,0.0,0.0,0.0,0.0,0.0,0.0,0.0,0.0,0.0,0.0,0.0,0.0,0.0,0.0,0.0,0.0,0.0,0.0,0.0,0.0,0.0,0.0,0.0,0.0,0.0,0.0,-1.0917363902447395,-1.0917363902447395,-1.0917363902447395,-1.0917363902447395,-1.0917363902447395,0.0,0.0,0.0,0.0,0.0,0.0,-1.0917363902447395,-1.0917363902447395,-1.0917363902447395,-1.0917363902447395,-1.0917363902447395,-1.0917363902447395,-1.0917363902447395,-1.0917363902447395,-1.0917363902447395,-1.0917363902447395,-1.0917363902447395,-1.0917363902447395,-1.0917363902447395,-1.0917363902447395,-1.0917363902447395,-1.0917363902447395,-1.0917363902447395,-1.0917363902447395,-1.0917363902447395,-1.0917363902447395,-1.0917363902447395,-1.0917363902447395,0.0,0.0,0.0,0.0,0.0,0.0,0.0,0.0,0.0,-1.0917363902447395,-1.0917363902447395,-1.0917363902447395,-1.0917363902447395,-1.0917363902447395,-1.0917363902447395,-1.0917363902447395,-1.0917363902447395,-0.18396419733726313,-0.18396419733726313,-0.18396419733726313,-0.18396419733726313,-1.0917363902447395,-1.0917363902447395,-1.0917363902447395,-1.0917363902447395,-1.0917363902447395,-1.0917363902447395,-1.0917363902447395,-1.0917363902447395,-1.0917363902447395,-1.0917363902447395,-1.0917363902447395,-1.0917363902447395,-1.0917363902447395,-1.0917363902447395,-1.0917363902447395,-1.0917363902447395,-1.0917363902447395,-1.0917363902447395,-1.0917363902447395,-1.0917363902447395,-1.0917363902447395,-1.0917363902447395,-1.0917363902447395,-1.0917363902447395,-1.0917363902447395,-1.0917363902447395,-1.0917363902447395,-1.0917363902447395,-1.0917363902447395,-1.0917363902447395,0.0,0.0,0.0,0.0,0.0,0.0,0.0,0.0,0.0,0.0,0.0,0.0,0.0,0.0,-1.0917363902447395,-1.0917363902447395,-1.0917363902447395,-1.0917363902447395,-1.0917363902447395,-1.0917363902447395,-1.0917363902447395,-1.0917363902447395,-1.0917363902447395,-1.0917363902447395,-1.0917363902447395,-1.0917363902447395,-1.0917363902447395,-1.0917363902447395,-1.0917363902447395,-1.0917363902447395,-1.0917363902447395,-1.0917363902447395,-1.0917363902447395,-1.0917363902447395,-1.0917363902447395,-1.0917363902447395,-1.0917363902447395,-1.0917363902447395,-1.0917363902447395,-1.0917363902447395,-1.0917363902447395,-1.0917363902447395,-1.0917363902447395,-1.0917363902447395,-1.0917363902447395,-1.0917363902447395,-1.0917363902447395,-1.0917363902447395,-1.0917363902447395,-1.0917363902447395,-1.0917363902447395,-1.0917363902447395,-1.0917363902447395,0.0
0.0,1.969566382794139,-0.5077224524862195,-0.5077224524862195,1.969566382794139,1.969566382794139,1.969566382794139,1.969566382794139,-0.5077224524862195,-0.5077224524862195,-0.5077224524862195,-0.5077224524862195,-0.5077224524862195,-0.5077224524862195,-0.5077224524862195,-0.5077224524862195,-0.5077224524862195,-0.5077224524862195,1.969566382794139,-0.5077224524862195,-0.5077224524862195,-0.5077224524862195,-0.5077224524862195,-0.5077224524862195,-0.5077224524862195,-0.5077224524862195,-0.5077224524862195,-0.5077224524862195,-0.5077224524862195,1.969566382794139,1.969566382794139,1.969566382794139,1.969566382794139,1.969566382794139,1.969566382794139,1.969566382794139,1.969566382794139,-0.5077224524862195,-0.5077224524862195,-0.5077224524862195,-0.5077224524862195,-0.5077224524862195,-0.5077224524862195,-0.5077224524862195,-0.5077224524862195,-0.5077224524862195,-0.5077224524862195,1.969566382794139,-0.5077224524862195,-0.5077224524862195,-0.5077224524862195,-0.5077224524862195,-0.5077224524862195,1.969566382794139,1.969566382794139,1.969566382794139,1.969566382794139,1.969566382794139,1.969566382794139,1.969566382794139,1.969566382794139,1.969566382794139,1.969566382794139,-0.5077224524862195,-0.5077224524862195,-0.5077224524862195,-0.5077224524862195,-0.5077224524862195,-0.5077224524862195,-0.5077224524862195,-0.5077224524862195,1.969566382794139,-0.5077224524862195,-0.5077224524862195,-0.5077224524862195,-0.5077224524862195,-0.5077224524862195,-0.5077224524862195,-0.5077224524862195,-0.5077224524862195,-0.5077224524862195,-0.5077224524862195,-0.5077224524862195,1.969566382794139,1.969566382794139,1.969566382794139,1.969566382794139,1.969566382794139,-0.5077224524862195,-0.5077224524862195,-0.5077224524862195,-0.5077224524862195,-0.5077224524862195,-0.5077224524862195,1.969566382794139,1.969566382794139,1.969566382794139,1.969566382794139,1.969566382794139,1.969566382794139,1.969566382794139,1.969566382794139,1.969566382794139,1.969566382794139,1.969566382794139,1.969566382794139,1.969566382794139,1.969566382794139,1.969566382794139,1.969566382794139,1.969566382794139,1.969566382794139,1.969566382794139,1.969566382794139,1.969566382794139,1.969566382794139,1.969566382794139,1.969566382794139,1.969566382794139,1.969566382794139,1.969566382794139,1.969566382794139,1.969566382794139,1.969566382794139,1.969566382794139,1.969566382794139,1.969566382794139,1.969566382794139,1.969566382794139,1.969566382794139,1.969566382794139,1.969566382794139,1.969566382794139,1.969566382794139,1.969566382794139,1.969566382794139,1.969566382794139,1.969566382794139,1.969566382794139,1.969566382794139,1.969566382794139,-0.5077224524862195,-0.5077224524862195,1.969566382794139,1.969566382794139,1.969566382794139,-0.5077224524862195,-0.5077224524862195,-0.5077224524862195,-0.5077224524862195,-0.5077224524862195,-0.5077224524862195,-0.5077224524862195,-0.5077224524862195,-0.5077224524862195,-0.5077224524862195,-0.5077224524862195,-0.5077224524862195,-0.5077224524862195,1.969566382794139,-0.5077224524862195,-0.5077224524862195,-0.5077224524862195,-0.5077224524862195,1.969566382794139,1.969566382794139,-0.5077224524862195,-0.5077224524862195,-0.5077224524862195,-0.5077224524862195,-0.5077224524862195,-0.5077224524862195,-0.5077224524862195,-0.5077224524862195,-0.5077224524862195,-0.5077224524862195,-0.5077224524862195,-0.5077224524862195,-0.5077224524862195,-0.5077224524862195,-0.5077224524862195,-0.5077224524862195,1.969566382794139,1.969566382794139,1.969566382794139,1.969566382794139,1.969566382794139,1.969566382794139,1.969566382794139,1.969566382794139,1.969566382794139,1.969566382794139,1.969566382794139,1.969566382794139,1.969566382794139,1.969566382794139,1.969566382794139,-0.5077224524862195,-0.5077224524862195,-0.5077224524862195,-0.5077224524862195,-0.5077224524862195,-0.5077224524862195,-0.5077224524862195,-0.5077224524862195,-0.5077224524862195,-0.5077224524862195,-0.5077224524862195,-0.5077224524862195,-0.5077224524862195,-0.5077224524862195,-0.5077224524862195,-0.5077224524862195,-0.5077224524862195,-0.5077224524862195,-0.5077224524862195,-0.5077224524862195,-0.5077224524862195,1.969566382794139,1.969566382794139,0.0
0.0,-0.8574260518696666,-0.8700053950135924,-0.8700053950135924,-0.8673422560260492,-0.8673422560260492,-0.8673422560260492,-0.8673422560260492,-0.8700053950135924,-0.8700053950135924,-0.8700053950135924,-0.8700053950135924,-0.8700053950135924,-0.8700053950135924,-0.8700053950135924,-0.8700053950135924,-0.8700053950135924,-0.8700053950135924,-0.8673422560260492,-0.8700053950135924,-0.8700053950135924,-0.8700053950135924,-0.8700053950135924,-0.8700053950135924,-0.8700053950135924,-0.8700053950135924,-0.8700053950135924,-0.8700053950135924,-0.8700053950135924,-0.8673422560260492,-0.8673422560260492,-0.8673422560260492,-0.8673422560260492,-0.8673422560260492,-0.8673422560260492,-0.8673422560260492,-0.861104142419358,-0.8700053950135924,-0.8700053950135924,-0.8700053950135924,-0.8700053950135924,-0.8700053950135924,-0.8700053950135924,-0.8700053950135924,-0.8700053950135924,-0.8700053950135924,-0.8700053950135924,-0.861104142419358,-0.8700053950135924,-0.8700053950135924,-0.8700053950135924,-0.8700053950135924,-0.8700053950135924,-0.861104142419358,-0.8144857178156554,-0.8144857178156554,-0.8144857178156554,-0.8144857178156554,-0.8144857178156554,-0.8144857178156554,-0.8144857178156554,-0.8144857178156554,-0.861104142419358,-0.8700053950135924,-0.8700053950135924,-0.8700053950135924,-0.8700053950135924,-0.8700053950135924,-0.8700053950135924,-0.8700053950135924,-0.8700053950135924,-0.861104142419358,-0.8700053950135924,-0.8700053950135924,-0.8700053950135924,-0.8700053950135924,-0.8700053950135924,-0.8700053950135924,-0.8700053950135924,-0.8700053950135924,-0.8700053950135924,-0.8700053950135924,-0.8700053950135924,-0.8658219199756891,-0.8658219199756891,-0.8658219199756891,-0.8658219199756891,-0.8658219199756891,-0.8700053950135924,-0.8700053950135924,-0.8700053950135924,-0.8700053950135924,-0.8700053950135924,-0.8700053950135924,-0.8658219199756891,-0.8658219199756891,-0.8658219199756891,-0.8658219199756891,-0.8658219199756891,-0.8658219199756891,-0.8658219199756891,-0.8658219199756891,-0.8658219199756891,-0.8658219199756891,-0.8658219199756891,-0.8658219199756891,-0.8658219199756891,-0.8658219199756891,-0.8658219199756891,-0.8658219199756891,-0.8658219199756891,-0.8658219199756891,-0.8658219199756891,-0.8658219199756891,-0.8658219199756891,-0.8658219199756891,-0.688024230864799,-0.688024230864799,-0.688024230864799,-0.688024230864799,-0.688024230864799,-0.688024230864799,-0.688024230864799,-0.688024230864799,-0.688024230864799,-0.8574260518696666,-0.7602067037953261,-0.7602067037953261,-0.7602067037953261,-0.7602067037953261,-0.8554216954874463,-0.44884898655495614,-0.44884898655495614,0.06589773489448826,0.06589773489448826,0.06589773489448826,0.06589773489448826,-0.44884898655495614,-0.44884898655495614,-0.44884898655495614,-0.8554216954874463,-0.8700053950135924,-0.8700053950135924,-0.8554216954874463,-0.8554216954874463,-0.8554216954874463,-0.8700053950135924,-0.8700053950135924,-0.8700053950135924,-0.8700053950135924,-0.8700053950135924,-0.8700053950135924,-0.8700053950135924,-0.8700053950135924,-0.8700053950135924,-0.8700053950135924,-0.8700053950135924,-0.8700053950135924,-0.8700053950135924,-0.8554216954874463,-0.8700053950135924,-0.8700053950135924,-0.8700053950135924,-0.8700053950135924,-0.8554216954874463,-0.8554216954874463,-0.8700053950135924,-0.8700053950135924,-0.8700053950135924,-0.8700053950135924,-0.8700053950135924,-0.8700053950135924,-0.8700053950135924,-0.8700053950135924,-0.8700053950135924,-0.8700053950135924,-0.8700053950135924,-0.8700053950135924,-0.8700053950135924,-0.8700053950135924,-0.8700053950135924,-0.8700053950135924,-0.8527210563591198,-0.816850653355527,-0.816850653355527,-0.816850653355527,-0.816850653355527,-0.816850653355527,-0.816850653355527,-0.816850653355527,-0.816850653355527,-0.816850653355527,-0.8391756448519145,-0.8391756448519145,-0.8391756448519145,-0.8391756448519145,-0.8391756448519145,-0.8700053950135924,-0.8700053950135924,-0.8700053950135924,-0.8700053950135924,-0.8700053950135924,-0.8700053950135924,-0.8700053950135924,-0.8700053950135924,-0.8700053950135924,-0.8700053950135924,-0.8700053950135924,-0.8700053950135924,-0.8700053950135924,-0.8700053950135924,-0.8700053950135924,-0.8700053950135924,-0.8700053950135924,-0.8700053950135924,-0.8700053950135924,-0.8700053950135924,-0.8700053950135924,-0.8391756448519145,-0.8391756448519145,0.0
0.0,-0.797640857572655,-0.21624949762990653,-0.21624949762990653,-0.797640857572655,-0.797640857572655,-0.797640857572655,-0.797640857572655,-0.7033676826920172,-0.7033676826920172,-0.6173030170247277,-0.6173030170247277,-0.6173030170247277,-0.6173030170247277,-0.6173030170247277,-0.6173030170247277,-0.6173030170247277,-0.6173030170247277,-0.797640857572655,-0.538131199345661,-0.538131199345661,-0.538131199345661,-0.538131199345661,-0.538131199345661,-0.538131199345661,-0.538131199345661,-0.538131199345661,-0.4648295453855011,-0.4648295453855011,-0.797640857572655,-0.797640857572655,-0.797640857572655,-0.797640857572655,-0.797640857572655,-0.797640857572655,-0.797640857572655,-1.096933728981207,-1.0183565364195493,-1.0183565364195493,-1.0183565364195493,-1.0183565364195493,-1.0183565364195493,-1.0183565364195493,-1.0183565364195493,-1.0183565364195493,-1.0183565364195493,-1.0183565364195493,-1.096933728981207,-0.797640857572655,-0.797640857572655,-0.797640857572655,-0.797640857572655,-0.797640857572655,-1.096933728981207,-1.096933728981207,-1.096933728981207,-1.096933728981207,-1.096933728981207,-1.096933728981207,-1.096933728981207,-1.096933728981207,-1.096933728981207,-1.096933728981207,-1.096933728981207,-1.096933728981207,-1.096933728981207,-1.096933728981207,-1.096933728981207,-1.096933728981207,-1.096933728981207,-1.096933728981207,-1.096933728981207,-1.096933728981207,-1.096933728981207,-1.096933728981207,-1.096933728981207,-1.096933728981207,-1.096933728981207,-1.096933728981207,-1.096933728981207,-1.096933728981207,-1.096933728981207,-1.096933728981207,-0.901855017471593,-0.901855017471593,-0.901855017471593,-0.901855017471593,-0.901855017471593,-0.6173030170247277,-0.6173030170247277,-0.6173030170247277,-0.6173030170247277,-0.6173030170247277,-0.6173030170247277,-0.901855017471593,-0.901855017471593,-0.901855017471593,-0.901855017471593,-0.901855017471593,-0.901855017471593,-0.901855017471593,-0.901855017471593,-0.901855017471593,-0.901855017471593,-0.901855017471593,-0.901855017471593,-0.901855017471593,-0.901855017471593,-0.901855017471593,-0.901855017471593,-0.901855017471593,-0.901855017471593,-0.901855017471593,-0.901855017471593,-0.901855017471593,-0.901855017471593,-1.096933728981207,-1.096933728981207,-1.096933728981207,-1.096933728981207,-1.096933728981207,-1.096933728981207,-1.096933728981207,-1.096933728981207,-1.096933728981207,-0.797640857572655,0.4414916533030797,0.4414916533030797,0.4414916533030797,0.4414916533030797,1.0228830132458286,-0.3965873381778338,-0.3965873381778338,-0.3965873381778338,-0.3965873381778338,-0.3965873381778338,-0.3965873381778338,-0.3965873381778338,-0.3965873381778338,-0.3965873381778338,1.0228830132458286,1.1411274748183142,1.1411274748183142,1.0228830132458286,1.0228830132458286,1.0228830132458286,1.1411274748183142,1.1411274748183142,1.1411274748183142,1.1411274748183142,1.1411274748183142,1.1411274748183142,1.1411274748183142,1.1411274748183142,1.1411274748183142,1.1411274748183142,1.1411274748183142,1.1411274748183142,1.1411274748183142,1.0228830132458286,1.1411274748183142,1.1411274748183142,1.1411274748183142,1.1411274748183142,1.0228830132458286,1.0228830132458286,1.1411274748183142,-0.538131199345661,-0.538131199345661,-0.538131199345661,-0.538131199345661,-0.538131199345661,-0.538131199345661,-0.538131199345661,-0.538131199345661,-0.538131199345661,-0.538131199345661,-0.538131199345661,-0.538131199345661,-0.538131199345661,-0.538131199345661,1.1411274748183142,0.10868034111592541,-0.6173030170247277,-0.6173030170247277,-0.6173030170247277,-0.6173030170247277,-0.6173030170247277,-0.6173030170247277,-0.6173030170247277,-0.6173030170247277,-0.6173030170247277,-0.4648295453855011,-0.4648295453855011,-0.4648295453855011,-0.4648295453855011,-0.4648295453855011,-0.4648295453855011,-0.4648295453855011,-0.4648295453855011,-0.4648295453855011,-0.4648295453855011,-0.4648295453855011,-0.4648295453855011,-0.4648295453855011,-0.4648295453855011,-0.4648295453855011,-0.4648295453855011,-0.4648295453855011,-0.4648295453855011,-0.4648295453855011,-0.4648295453855011,-0.4648295453855011,-0.4648295453855011,-0.11203533773096849,-0.11203533773096849,-0.4648295453855011,-0.4648295453855011,-0.4648295453855011,-0.4648295453855011,0.0
0.0,-1.0,-1.0,-1.0,-1.0,-1.0,-1.0,-1.0,-1.0,-1.0,-1.0,-1.0,-1.0,-1.0,-1.0,-1.0,-1.0,-1.0,-1.0,-1.0,-1.0,-1.0,-1.0,-1.0,-1.0,-1.0,-1.0,-1.0,-1.0,-1.0,-1.0,-1.0,-1.0,-1.0,-1.0,-1.0,-1.0,-1.0,-1.0,-1.0,-1.0,-1.0,-1.0,-1.0,-1.0,-1.0,-1.0,-1.0,-1.0,-1.0,-1.0,-1.0,-1.0,-1.0,-1.0,-1.0,-1.0,-1.0,-1.0,-1.0,-1.0,-1.0,-1.0,-1.0,-1.0,-1.0,-1.0,-1.0,-1.0,-1.0,-1.0,-1.0,-1.0,-1.0,-1.0,-1.0,-1.0,-1.0,-1.0,-1.0,-1.0,-1.0,-1.0,-1.0,-1.0,-1.0,-1.0,-1.0,-1.0,-1.0,-1.0,-1.0,-1.0,-1.0,-1.0,-1.0,-1.0,-1.0,-1.0,-1.0,-1.0,-1.0,-1.0,-1.0,-1.0,-1.0,-1.0,-1.0,-1.0,-1.0,-1.0,-1.0,-1.0,-1.0,-1.0,-1.0,-1.0,-1.0,-1.0,-1.0,-1.0,-1.0,-1.0,-1.0,-1.0,-1.0,-1.0,-1.0,-1.0,-1.0,-1.0,-1.0,-1.0,-1.0,-1.0,-1.0,-1.0,-1.0,-1.0,-1.0,-1.0,-1.0,-1.0,-1.0,-1.0,-1.0,-1.0,-1.0,-1.0,-1.0,-1.0,-1.0,-1.0,-1.0,-1.0,-1.0,-1.0,-1.0,-1.0,-1.0,-1.0,-1.0,-1.0,-1.0,-1.0,-1.0,-1.0,-1.0,-1.0,-1.0,-1.0,-1.0,-1.0,-1.0,-1.0,-1.0,-1.0,-1.0,-1.0,-1.0,-1.0,-1.0,-1.0,1.0,1.0,1.0,1.0,1.0,1.0,1.0,1.0,1.0,1.0,1.0,1.0,1.0,1.0,-1.0,-1.0,-1.0,-1.0,-1.0,-1.0,-1.0,-1.0,-1.0,-1.0,-1.0,-1.0,-1.0,-1.0,-1.0,-1.0,-1.0,-1.0,-1.0,-1.0,-1.0,1.0,1.0,0.0
0.0,-1.0,-1.0,-1.0,-1.0,-1.0,-1.0,-1.0,-1.0,-1.0,-1.0,-1.0,-1.0,-1.0,-1.0,-1.0,-1.0,-1.0,-1.0,-1.0,-1.0,-1.0,-1.0,-1.0,-1.0,-1.0,-1.0,-1.0,-1.0,-1.0,-1.0,-1.0,-1.0,-1.0,-1.0,-1.0,-1.0,-1.0,-1.0,-1.0,-1.0,-1.0,-1.0,-1.0,-1.0,-1.0,-1.0,-1.0,-1.0,-1.0,-1.0,-1.0,-1.0,-1.0,-1.0,-1.0,-1.0,-1.0,-1.0,-1.0,-1.0,-1.0,-1.0,-1.0,-1.0,-1.0,-1.0,-1.0,-1.0,-1.0,-1.0,-1.0,-1.0,-1.0,-1.0,-1.0,-1.0,-1.0,-1.0,-1.0,-1.0,-1.0,-1.0,-1.0,-1.0,-1.0,-1.0,-1.0,-1.0,-1.0,-1.0,-1.0,-1.0,-1.0,-1.0,-1.0,-1.0,-1.0,-1.0,-1.0,-1.0,-1.0,-1.0,-1.0,-1.0,-1.0,-1.0,-1.0,-1.0,-1.0,-1.0,-1.0,-1.0,-1.0,-1.0,-1.0,-1.0,-1.0,-1.0,-1.0,-1.0,-1.0,-1.0,-1.0,-1.0,-1.0,-1.0,-1.0,-1.0,-1.0,-1.0,-1.0,-1.0,-1.0,-1.0,-1.0,-1.0,-1.0,-1.0,-1.0,-1.0,-1.0,-1.0,-1.0,-1.0,-1.0,-1.0,-1.0,-1.0,-1.0,-1.0,-1.0,-1.0,-1.0,-1.0,-1.0,-1.0,-1.0,-1.0,-1.0,-1.0,-1.0,-1.0,-1.0,-1.0,-1.0,-1.0,-1.0,-1.0,-1.0,-1.0,-1.0,-1.0,-1.0,-1.0,-1.0,-1.0,-1.0,-1.0,-1.0,-1.0,-1.0,-1.0,-1.0,-1.0,-1.0,-1.0,-1.0,-1.0,-1.0,-1.0,-1.0,-1.0,-1.0,-1.0,-1.0,-1.0,-1.0,-1.0,-1.0,-1.0,-1.0,-1.0,-1.0,-1.0,-1.0,-1.0,-1.0,-1.0,-1.0,-1.0,-1.0,-1.0,-1.0,-1.0,-1.0,-1.0,-1.0,-1.0,-1.0,0.0
0.0,-1.0,-1.0,-1.0,-1.0,-1.0,-1.0,-1.0,-1.0,-1.0,-1.0,-1.0,-1.0,-1.0,-1.0,-1.0,-1.0,-1.0,-1.0,-1.0,-1.0,-1.0,-1.0,-1.0,-1.0,-1.0,-1.0,-1.0,-1.0,-1.0,-1.0,-1.0,-1.0,-1.0,-1.0,-1.0,-1.0,-1.0,-1.0,-1.0,-1.0,-1.0,-1.0,-1.0,-1.0,-1.0,-1.0,-1.0,-1.0,-1.0,-1.0,-1.0,-1.0,-1.0,-1.0,-1.0,-1.0,-1.0,-1.0,-1.0,-1.0,-1.0,-1.0,-1.0,-1.0,-1.0,-1.0,-1.0,-1.0,-1.0,-1.0,-1.0,-1.0,-1.0,-1.0,-1.0,-1.0,-1.0,-1.0,-1.0,-1.0,-1.0,-1.0,-1.0,-1.0,-1.0,-1.0,-1.0,-1.0,-1.0,-1.0,-1.0,-1.0,-1.0,-1.0,-1.0,-1.0,-1.0,-1.0,-1.0,-1.0,-1.0,-1.0,-1.0,-1.0,-1.0,-1.0,-1.0,-1.0,-1.0,-1.0,-1.0,-1.0,-1.0,-1.0,-1.0,-1.0,-1.0,-1.0,-1.0,-1.0,-1.0,-1.0,-1.0,-1.0,-1.0,-1.0,-1.0,-1.0,-1.0,-1.0,-1.0,-1.0,-1.0,-1.0,-1.0,-1.0,-1.0,-1.0,-1.0,-1.0,-1.0,-1.0,-1.0,-1.0,-1.0,-1.0,-1.0,-1.0,-1.0,-1.0,-1.0,-1.0,-1.0,-1.0,-1.0,-1.0,-1.0,-1.0,-1.0,-1.0,-1.0,-1.0,-1.0,-1.0,-1.0,-1.0,-1.0,-1.0,-1.0,-1.0,-1.0,-1.0,-1.0,-1.0,-1.0,-1.0,-1.0,-1.0,-1.0,-1.0,-1.0,1.0,1.0,1.0,1.0,1.0,1.0,1.0,1.0,1.0,1.0,1.0,1.0,1.0,1.0,1.0,-1.0,-1.0,-1.0,-1.0,-1.0,-1.0,-1.0,-1.0,-1.0,-1.0,-1.0,-1.0,-1.0,-1.0,-1.0,-1.0,-1.0,-1.0,-1.0,-1.0,-1.0,1.0,1.0,0.0
0.0,-1.0,-1.0,-1.0,-1.0,-1.0,-1.0,-1.0,-1.0,-1.0,-1.0,-1.0,-1.0,-1.0,-1.0,-1.0,-1.0,-1.0,-1.0,-1.0,-1.0,-1.0,-1.0,-1.0,-1.0,-1.0,-1.0,-1.0,-1.0,-1.0,-1.0,-1.0,-1.0,-1.0,-1.0,-1.0,-1.0,-1.0,-1.0,-1.0,-1.0,-1.0,-1.0,-1.0,-1.0,-1.0,-1.0,-1.0,-1.0,-1.0,-1.0,-1.0,-1.0,-1.0,-1.0,-1.0,-1.0,-1.0,-1.0,-1.0,-1.0,-1.0,-1.0,-1.0,-1.0,-1.0,-1.0,-1.0,-1.0,-1.0,-1.0,-1.0,-1.0,-1.0,-1.0,-1.0,-1.0,-1.0,-1.0,-1.0,-1.0,-1.0,-1.0,-1.0,-1.0,-1.0,-1.0,-1.0,-1.0,-1.0,-1.0,-1.0,-1.0,-1.0,-1.0,-1.0,-1.0,-1.0,-1.0,-1.0,-1.0,-1.0,-1.0,-1.0,-1.0,-1.0,-1.0,-1.0,-1.0,-1.0,-1.0,-1.0,-1.0,-1.0,-1.0,-1.0,-1.0,-1.0,-1.0,-1.0,-1.0,-1.0,-1.0,-1.0,-1.0,-1.0,-1.0,-1.0,-1.0,-1.0,-1.0,-1.0,-1.0,-1.0,-1.0,-1.0,-1.0,-1.0,-1.0,-1.0,-1.0,-1.0,-1.0,-1.0,-1.0,-1.0,-1.0,-1.0,-1.0,-1.0,-1.0,-1.0,-1.0,-1.0,-1.0,-1.0,-1.0,-1.0,-1.0,-1.0,-1.0,-1.0,-1.0,-1.0,-1.0,-1.0,-1.0,-1.0,-1.0,-1.0,-1.0,-1.0,-1.0,-1.0,-1.0,-1.0,-1.0,-1.0,-1.0,-1.0,-1.0,-1.0,-1.0,-1.0,-1.0,-1.0,-1.0,-1.0,-1.0,-1.0,-1.0,-1.0,-1.0,-1.0,-1.0,-1.0,-1.0,-1.0,-1.0,-1.0,-1.0,-1.0,-1.0,-1.0,-1.0,-1.0,-1.0,-1.0,-1.0,-1.0,-1.0,-1.0,-1.0,-1.0,-1.0,-1.0,-1.0,-1.0,-1.0,-1.0,0.0
0.0,-1.0,-1.0,-1.0,-1.0,-1.0,-1.0,-1.0,-1.0,-1.0,-1.0,-1.0,-1.0,-1.0,-1.0,-1.0,-1.0,-1.0,-1.0,-1.0,-1.0,-1.0,-1.0,-1.0,-1.0,-1.0,-1.0,-1.0,-1.0,-1.0,-1.0,-1.0,-1.0,-1.0,-1.0,-1.0,-1.0,-1.0,-1.0,-1.0,-1.0,-1.0,-1.0,-1.0,-1.0,-1.0,-1.0,-1.0,-1.0,-1.0,-1.0,-1.0,-1.0,-1.0,-1.0,-1.0,-1.0,-1.0,-1.0,-1.0,-1.0,-1.0,-1.0,-1.0,-1.0,-1.0,-1.0,-1.0,-1.0,-1.0,-1.0,-1.0,-1.0,-1.0,-1.0,-1.0,-1.0,-1.0,-1.0,-1.0,-1.0,-1.0,-1.0,-1.0,-1.0,-1.0,-1.0,-1.0,-1.0,-1.0,-1.0,-1.0,-1.0,-1.0,-1.0,-1.0,-1.0,-1.0,-1.0,-1.0,-1.0,-1.0,-1.0,-1.0,-1.0,-1.0,-1.0,-1.0,-1.0,-1.0,-1.0,-1.0,-1.0,-1.0,-1.0,-1.0,-1.0,-1.0,-1.0,-1.0,-1.0,-1.0,-1.0,-1.0,-1.0,-1.0,-1.0,-1.0,-1.0,-1.0,-1.0,-1.0,-1.0,-1.0,-1.0,-1.0,-1.0,-1.0,-1.0,-1.0,-1.0,-1.0,-1.0,-1.0,-1.0,-1.0,-1.0,-1.0,-1.0,-1.0,-1.0,-1.0,-1.0,-1.0,-1.0,-1.0,-1.0,-1.0,-1.0,-1.0,-1.0,-1.0,-1.0,-1.0,-1.0,-1.0,-1.0,-1.0,-1.0,-1.0,-1.0,-1.0,-1.0,-1.0,-1.0,-1.0,-1.0,-1.0,-1.0,-1.0,-1.0,-1.0,-1.0,-1.0,-1.0,-1.0,-1.0,-1.0,-1.0,-1.0,-1.0,-1.0,-1.0,-1.0,-1.0,-1.0,-1.0,-1.0,-1.0,-1.0,-1.0,-1.0,-1.0,-1.0,-1.0,-1.0,-1.0,-1.0,-1.0,-1.0,-1.0,-1.0,-1.0,-1.0,-1.0,-1.0,-1.0,-1.0,-1.0,-1.0,0.0
0.0,1.0,-1.0,-1.0,-1.0,-1.0,-1.0,-1.0,-1.0,-1.0,-1.0,-1.0,-1.0,-1.0,-1.0,-1.0,-1.0,-1.0,-1.0,-1.0,-1.0,-1.0,-1.0,-1.0,-1.0,-1.0,-1.0,-1.0,-1.0,-1.0,-1.0,-1.0,-1.0,-1.0,-1.0,-1.0,-1.0,-1.0,-1.0,-1.0,-1.0,-1.0,-1.0,-1.0,-1.0,-1.0,-1.0,-1.0,-1.0,-1.0,-1.0,-1.0,-1.0,-1.0,-1.0,-1.0,-1.0,-1.0,-1.0,-1.0,-1.0,-1.0,-1.0,-1.0,-1.0,-1.0,-1.0,-1.0,-1.0,-1.0,-1.0,-1.0,-1.0,-1.0,-1.0,-1.0,-1.0,-1.0,-1.0,-1.0,-1.0,-1.0,-1.0,-1.0,-1.0,-1.0,-1.0,-1.0,-1.0,-1.0,-1.0,-1.0,-1.0,-1.0,-1.0,-1.0,-1.0,-1.0,-1.0,-1.0,-1.0,-1.0,-1.0,-1.0,-1.0,-1.0,-1.0,-1.0,-1.0,-1.0,-1.0,-1.0,-1.0,-1.0,-1.0,-1.0,1.0,1.0,1.0,1.0,1.0,1.0,1.0,1.0,1.0,1.0,1.0,1.0,1.0,1.0,1.0,1.0,1.0,1.0,1.0,1.0,1.0,1.0,1.0,1.0,1.0,-1.0,-1.0,1.0,1.0,1.0,-1.0,-1.0,-1.0,-1.0,-1.0,-1.0,-1.0,-1.0,-1.0,-1.0,-1.0,-1.0,-1.0,1.0,-1.0,-1.0,-1.0,-1.0,1.0,1.0,-1.0,-1.0,-1.0,-1.0,-1.0,-1.0,-1.0,-1.0,-1.0,-1.0,-1.0,-1.0,-1.0,-1.0,-1.0,-1.0,1.0,1.0,1.0,1.0,1.0,1.0,1.0,1.0,1.0,1.0,1.0,1.0,1.0,1.0,1.0,-1.0,-1.0,-1.0,-1.0,-1.0,-1.0,-1.0,-1.0,-1.0,-1.0,-1.0,-1.0,-1.0,-1.0,-1.0,-1.0,-1.0,-1.0,-1.0,-1.0,-1.0,1.0,1.0,0.0
0.0,0.44868070534174115,0.32876518370919866,0.32876518370919866,0.4063840485557787,0.4063840485557787,0.4063840485557787,0.4063840485557787,0.3691269934294201,0.3691269934294201,0.3406363042151462,0.3406363042151462,0.3406363042151462,0.3406363042151462,0.3406363042151462,0.3406363042151462,0.3406363042151462,0.3406363042151462,0.4063840485557787,-0.5995564398558987,-0.5995564398558987,-0.5995564398558987,-0.5995564398558987,-0.5995564398558987,-0.5995564398558987,-0.5995564398558987,-0.5995564398558987,-0.5793755349957879,-0.5793755349957879,0.4063840485557787,0.4063840485557787,0.4063840485557787,0.4063840485557787,0.4063840485557787,0.4063840485557787,0.4063840485557787,0.8534687100720798,0.8188728731690326,0.8188728731690326,0.8188728731690326,0.8188728731690326,0.8188728731690326,0.8188728731690326,0.8188728731690326,0.8188728731690326,0.8188728731690326,0.8188728731690326,0.8534687100720798,0.7996529637784509,0.7996529637784509,0.7996529637784509,0.7996529637784509,0.7996529637784509,0.8534687100720798,0.8974997752214124,0.8974997752214124,0.8974997752214124,0.8974997752214124,0.8974997752214124,0.8974997752214124,0.8974997752214124,0.8974997752214124,0.8534687100720798,0.8974997752214124,0.8974997752214124,0.8974997752214124,0.8974997752214124,0.8974997752214124,0.8974997752214124,0.8974997752214124,0.8974997752214124,0.8534687100720798,0.8534687100720798,0.8534687100720798,0.8534687100720798,0.8534687100720798,0.8534687100720798,0.8534687100720798,0.8534687100720798,0.8534687100720798,0.8534687100720798,0.8534687100720798,0.8534687100720798,0.5559989943387927,0.5559989943387927,0.5559989943387927,0.5559989943387927,0.5559989943387927,-0.5995564398558987,-0.5995564398558987,-0.5995564398558987,-0.5995564398558987,-0.5995564398558987,-0.5995564398558987,0.5559989943387927,0.5559989943387927,0.5559989943387927,0.5559989943387927,0.5559989943387927,0.5559989943387927,0.5559989943387927,0.5559989943387927,0.5559989943387927,0.5559989943387927,0.5559989943387927,0.5559989943387927,0.5559989943387927,0.5559989943387927,0.5559989943387927,0.5559989943387927,0.5559989943387927,0.5559989943387927,0.5559989943387927,0.5559989943387927,0.5559989943387927,0.5559989943387927,1.1360013781136309,1.1360013781136309,1.1360013781136309,1.1360013781136309,1.1360013781136309,1.1360013781136309,1.1360013781136309,1.1360013781136309,1.1360013781136309,0.44868070534174115,-0.27666196209412575,-0.27666196209412575,-0.27666196209412575,-0.27666196209412575,-0.6722763009948816,0.1687097313703888,0.1687097313703888,-0.08672403399896521,-0.08672403399896521,-0.08672403399896521,-0.08672403399896521,0.1687097313703888,0.1687097313703888,0.1687097313703888,-0.6722763009948816,-0.7345369182645086,-0.7345369182645086,-0.6722763009948816,-0.6722763009948816,-0.6722763009948816,-0.7345369182645086,-0.7345369182645086,-0.7345369182645086,-0.7345369182645086,-0.7345369182645086,-0.7345369182645086,-0.7345369182645086,-0.7345369182645086,-0.7345369182645086,-0.7345369182645086,-0.7345369182645086,-0.7345369182645086,-0.7345369182645086,-0.6722763009948816,-0.7345369182645086,-0.7345369182645086,-0.7345369182645086,-0.7345369182645086,-0.6722763009948816,-0.6722763009948816,-0.7345369182645086,0.5523914267536697,0.5523914267536697,0.5523914267536697,0.5523914267536697,0.5523914267536697,0.5523914267536697,0.5523914267536697,0.5523914267536697,0.5523914267536697,0.5523914267536697,0.5523914267536697,0.5523914267536697,0.5523914267536697,0.5523914267536697,-0.7345369182645086,-0.353734764574951,0.4014164412055974,0.4014164412055974,0.4014164412055974,0.4014164412055974,0.4014164412055974,0.4014164412055974,0.4014164412055974,0.4014164412055974,0.4014164412055974,0.27831292155892157,0.27831292155892157,0.27831292155892157,0.27831292155892157,0.27831292155892157,0.29207262941808815,0.29207262941808815,0.29207262941808815,0.29207262941808815,0.29207262941808815,0.29207262941808815,0.29207262941808815,0.29207262941808815,0.29207262941808815,0.29207262941808815,0.29207262941808815,0.29207262941808815,0.29207262941808815,0.29207262941808815,0.29207262941808815,0.29207262941808815,0.29207262941808815,0.23703379798142207,0.23703379798142207,0.29207262941808815,0.29207262941808815,0.27831292155892157,0.27831292155892157,0.0
0.0,0.06844433544221266,-0.07050614063106092,-0.07050614063106092,0.01814203444057139,0.01814203444057139,0.01814203444057139,0.01814203444057139,-0.02500070950017269,-0.02500070950017269,-0.05725525359918527,-0.05725525359918527,-0.05725525359918527,-0.05725525359918527,-0.05725525359918527,-0.05725525359918527,-0.05725525359918527,-0.05725525359918527,0.01814203444057139,-0.7633423526379678,-0.7633423526379678,-0.7633423526379678,-0.7633423526379678,-0.7633423526379678,-0.7633423526379678,-0.7633423526379678,-0.7633423526379678,-0.7554910634639764,-0.7554910634639764,0.01814203444057139,0.01814203444057139,0.01814203444057139,0.01814203444057139,0.01814203444057139,0.01814203444057139,0.01814203444057139,0.6210482282453983,0.5687804205998015,0.5687804205998015,0.5687804205998015,0.5687804205998015,0.5687804205998015,0.5687804205998015,0.5687804205998015,0.5687804205998015,0.5687804205998015,0.5687804205998015,0.6210482282453983,0.5401496840127076,0.5401496840127076,0.5401496840127076,0.5401496840127076,0.5401496840127076,0.6210482282453983,0.6889329454347204,0.6889329454347204,0.6889329454347204,0.6889329454347204,0.6889329454347204,0.6889329454347204,0.6889329454347204,0.6889329454347204,0.6210482282453983,0.6889329454347204,0.6889329454347204,0.6889329454347204,0.6889329454347204,0.6889329454347204,0.6889329454347204,0.6889329454347204,0.6889329454347204,0.6210482282453983,0.6210482282453983,0.6210482282453983,0.6210482282453983,0.6210482282453983,0.6210482282453983,0.6210482282453983,0.6210482282453983,0.6210482282453983,0.6210482282453983,0.6210482282453983,0.6210482282453983,0.2023921740996541,0.2023921740996541,0.2023921740996541,0.2023921740996541,0.2023921740996541,-0.7633423526379678,-0.7633423526379678,-0.7633423526379678,-0.7633423526379678,-0.7633423526379678,-0.7633423526379678,0.2023921740996541,0.2023921740996541,0.2023921740996541,0.2023921740996541,0.2023921740996541,0.2023921740996541,0.2023921740996541,0.2023921740996541,0.2023921740996541,0.2023921740996541,0.2023921740996541,0.2023921740996541,0.2023921740996541,0.2023921740996541,0.2023921740996541,0.2023921740996541,0.2023921740996541,0.2023921740996541,0.2023921740996541,0.2023921740996541,0.2023921740996541,0.2023921740996541,1.0831526767717434,1.0831526767717434,1.0831526767717434,1.0831526767717434,1.0831526767717434,1.0831526767717434,1.0831526767717434,1.0831526767717434,1.0831526767717434,0.06844433544221266,-0.59926643194068,-0.59926643194068,-0.59926643194068,-0.59926643194068,-0.7889757999886367,-0.23833842565056995,-0.23833842565056995,-0.46442895385899885,-0.46442895385899885,-0.46442895385899885,-0.46442895385899885,-0.23833842565056995,-0.23833842565056995,-0.23833842565056995,-0.7889757999886367,-0.8076160637707601,-0.8076160637707601,-0.7889757999886367,-0.7889757999886367,-0.7889757999886367,-0.8076160637707601,-0.8076160637707601,-0.8076160637707601,-0.8076160637707601,-0.8076160637707601,-0.8076160637707601,-0.8076160637707601,-0.8076160637707601,-0.8076160637707601,-0.8076160637707601,-0.8076160637707601,-0.8076160637707601,-0.8076160637707601,-0.7889757999886367,-0.8076160637707601,-0.8076160637707601,-0.8076160637707601,-0.8076160637707601,-0.7889757999886367,-0.7889757999886367,-0.8076160637707601,0.19774224054797143,0.19774224054797143,0.19774224054797143,0.19774224054797143,0.19774224054797143,0.19774224054797143,0.19774224054797143,0.19774224054797143,0.19774224054797143,0.19774224054797143,0.19774224054797143,0.19774224054797143,0.19774224054797143,0.19774224054797143,-0.8076160637707601,-0.6458842061501843,0.012326562458460184,0.012326562458460184,0.012326562458460184,0.012326562458460184,0.012326562458460184,0.012326562458460184,0.012326562458460184,0.012326562458460184,0.012326562458460184,-0.1255853376424797,-0.1255853376424797,-0.1255853376424797,-0.1255853376424797,-0.1255853376424797,-0.11076237117404215,-0.11076237117404215,-0.11076237117404215,-0.11076237117404215,-0.11076237117404215,-0.11076237117404215,-0.11076237117404215,-0.11076237117404215,-0.11076237117404215,-0.11076237117404215,-0.11076237117404215,-0.11076237117404215,-0.11076237117404215,-0.11076237117404215,-0.11076237117404215,-0.11076237117404215,-0.11076237117404215,-0.16916038982356457,-0.16916038982356457,-0.11076237117404215,-0.11076237117404215,-0.1255853376424797,-0.1255853376424797,0.0
0.0,-0.19840854227228513,-0.32319495310162105,-0.32319495310162105,-0.24475117559455276,-0.24475117559455276,-0.24475117559455276,-0.24475117559455276,-0.2834513481892721,-0.2834513481892721,-0.3117376229434738,-0.3117376229434738,-0.3117376229434738,-0.3117376229434738,-0.3117376229434738,-0.3117376229434738,-0.3117376229434738,-0.3117376229434738,-0.24475117559455276,-0.7557075453598672,-0.7557075453598672,-0.7557075453598672,-0.7557075453598672,-0.7557075453598672,-0.7557075453598672,-0.7557075453598672,-0.7557075453598672,-0.7533411663448202,-0.7533411663448202,-0.24475117559455276,-0.24475117559455276,-0.24475117559455276,-0.24475117559455276,-0.24475117559455276,-0.24475117559455276,-0.24475117559455276,0.38860554778426726,0.3274354491347172,0.3274354491347172,0.3274354491347172,0.3274354491347172,0.3274354491347172,0.3274354491347172,0.3274354491347172,0.3274354491347172,0.3274354491347172,0.3274354491347172,0.38860554778426726,0.2943984842883285,0.2943984842883285,0.2943984842883285,0.2943984842883285,0.2943984842883285,0.38860554778426726,0.4696803344510448,0.4696803344510448,0.4696803344510448,0.4696803344510448,0.4696803344510448,0.4696803344510448,0.4696803344510448,0.4696803344510448,0.38860554778426726,0.4696803344510448,0.4696803344510448,0.4696803344510448,0.4696803344510448,0.4696803344510448,0.4696803344510448,0.4696803344510448,0.4696803344510448,0.38860554778426726,0.38860554778426726,0.38860554778426726,0.38860554778426726,0.38860554778426726,0.38860554778426726,0.38860554778426726,0.38860554778426726,0.38860554778426726,0.38860554778426726,0.38860554778426726,0.38860554778426726,-0.0688559784538733,-0.0688559784538733,-0.0688559784538733,-0.0688559784538733,-0.0688559784538733,-0.7557075453598672,-0.7557075453598672,-0.7557075453598672,-0.7557075453598672,-0.7557075453598672,-0.7557075453598672,-0.0688559784538733,-0.0688559784538733,-0.0688559784538733,-0.0688559784538733,-0.0688559784538733,-0.0688559784538733,-0.0688559784538733,-0.0688559784538733,-0.0688559784538733,-0.0688559784538733,-0.0688559784538733,-0.0688559784538733,-0.0688559784538733,-0.0688559784538733,-0.0688559784538733,-0.0688559784538733,-0.0688559784538733,-0.0688559784538733,-0.0688559784538733,-0.0688559784538733,-0.0688559784538733,-0.0688559784538733,0.9749629962967157,0.9749629962967157,0.9749629962967157,0.9749629962967157,0.9749629962967157,0.9749629962967157,0.9749629962967157,0.9749629962967157,0.9749629962967157,-0.19840854227228513,-0.6897800420511516,-0.6897800420511516,-0.6897800420511516,-0.6897800420511516,-0.7627220385878587,-0.45967997494106044,-0.45967997494106044,-0.6153594127995474,-0.6153594127995474,-0.6153594127995474,-0.6153594127995474,-0.45967997494106044,-0.45967997494106044,-0.45967997494106044,-0.7627220385878587,-0.7670545662711733,-0.7670545662711733,-0.7627220385878587,-0.7627220385878587,-0.7627220385878587,-0.7670545662711733,-0.7670545662711733,-0.7670545662711733,-0.7670545662711733,-0.7670545662711733,-0.7670545662711733,-0.7670545662711733,-0.7670545662711733,-0.7670545662711733,-0.7670545662711733,-0.7670545662711733,-0.7670545662711733,-0.7670545662711733,-0.7627220385878587,-0.7670545662711733,-0.7670545662711733,-0.7670545662711733,-0.7670545662711733,-0.7627220385878587,-0.7627220385878587,-0.7670545662711733,-0.07349858519231976,-0.07349858519231976,-0.07349858519231976,-0.07349858519231976,-0.07349858519231976,-0.07349858519231976,-0.07349858519231976,-0.07349858519231976,-0.07349858519231976,-0.07349858519231976,-0.07349858519231976,-0.07349858519231976,-0.07349858519231976,-0.07349858519231976,-0.7670545662711733,-0.711639948231392,-0.2500247585525022,-0.2500247585525022,-0.2500247585525022,-0.2500247585525022,-0.2500247585525022,-0.2500247585525022,-0.2500247585525022,-0.2500247585525022,-0.2500247585525022,-0.3697777021398428,-0.3697777021398428,-0.3697777021398428,-0.3697777021398428,-0.3697777021398428,-0.35740833731111893,-0.35740833731111893,-0.35740833731111893,-0.35740833731111893,-0.35740833731111893,-0.35740833731111893,-0.35740833731111893,-0.35740833731111893,-0.35740833731111893,-0.35740833731111893,-0.35740833731111893,-0.35740833731111893,-0.35740833731111893,-0.35740833731111893,-0.35740833731111893,-0.35740833731111893,-0.35740833731111893,-0.40541151793190666,-0.40541151793190666,-0.35740833731111893,-0.35740833731111893,-0.3697777021398428,-0.3697777021398428,0.0
0.0,1.0,-1.0,-1.0,1.0,1.0,1.0,1.0,1.0,1.0,1.0,1.0,1.0,1.0,1.0,1.0,1.0,1.0,1.0,-1.0,-1.0,-1.0,-1.0,-1.0,-1.0,-1.0,-1.0,1.0,1.0,1.0,1.0,1.0,1.0,1.0,1.0,1.0,-1.0,-1.0,-1.0,-1.0,-1.0,-1.0,-1.0,-1.0,-1.0,-1.0,-1.0,-1.0,-1.0,-1.0,-1.0,-1.0,-1.0,-1.0,-1.0,-1.0,-1.0,-1.0,-1.0,-1.0,-1.0,-1.0,-1.0,-1.0,-1.0,-1.0,-1.0,-1.0,-1.0,-1.0,-1.0,-1.0,-1.0,-1.0,-1.0,-1.0,-1.0,-1.0,-1.0,-1.0,-1.0,-1.0,-1.0,1.0,1.0,1.0,1.0,1.0,-1.0,-1.0,-1.0,-1.0,-1.0,-1.0,1.0,1.0,1.0,1.0,1.0,1.0,1.0,1.0,1.0,1.0,1.0,1.0,1.0,1.0,1.0,1.0,1.0,1.0,1.0,1.0,1.0,1.0,-1.0,-1.0,-1.0,-1.0,-1.0,-1.0,-1.0,-1.0,-1.0,1.0,1.0,1.0,1.0,1.0,1.0,-1.0,-1.0,-1.0,-1.0,-1.0,-1.0,-1.0,-1.0,-1.0,1.0,-1.0,-1.0,1.0,1.0,1.0,-1.0,-1.0,-1.0,-1.0,-1.0,-1.0,-1.0,-1.0,-1.0,-1.0,-1.0,-1.0,-1.0,1.0,-1.0,-1.0,-1.0,-1.0,1.0,1.0,-1.0,-1.0,-1.0,-1.0,-1.0,-1.0,-1.0,-1.0,-1.0,-1.0,-1.0,-1.0,-1.0,-1.0,-1.0,-1.0,1.0,-1.0,-1.0,-1.0,-1.0,-1.0,-1.0,-1.0,-1.0,-1.0,-1.0,-1.0,-1.0,-1.0,-1.0,-1.0,-1.0,-1.0,-1.0,-1.0,-1.0,-1.0,-1.0,-1.0,-1.0,-1.0,-1.0,-1.0,-1.0,-1.0,-1.0,-1.0,-1.0,-1.0,-1.0,-1.0,-1.0,-1.0,0.0
1.0,1.0,1.0,1.0,1.0,1.0,1.0,1.0,1.0,1.0,1.0,1.0,1.0,1.0,1.0,1.0,1.0,1.0,1.0,1.0,1.0,1.0,1.0,1.0,1.0,1.0,1.0,1.0,1.0,1.0,1.0,1.0,1.0,1.0,1.0,1.0,1.0,1.0,1.0,1.0,1.0,1.0,1.0,1.0,1.0,1.0,1.0,1.0,1.0,1.0,1.0,1.0,1.0,1.0,1.0,1.0,1.0,1.0,1.0,1.0,1.0,1.0,1.0,1.0,1.0,1.0,1.0,1.0,1.0,1.0,1.0,1.0,1.0,1.0,1.0,1.0,1.0,1.0,1.0,1.0,1.0,1.0,1.0,1.0,1.0,1.0,1.0,1.0,1.0,1.0,1.0,1.0,1.0,1.0,1.0,1.0,1.0,1.0,1.0,1.0,1.0,1.0,1.0,1.0,1.0,1.0,1.0,1.0,1.0,1.0,1.0,1.0,1.0,1.0,1.0,1.0,1.0,1.0,1.0,1.0,1.0,1.0,1.0,1.0,1.0,1.0,1.0,1.0,1.0,1.0,1.0,1.0,1.0,1.0,1.0,1.0,1.0,1.0,1.0,1.0,1.0,1.0,1.0,1.0,1.0,1.0,1.0,1.0,1.0,1.0,1.0,1.0,1.0,1.0,1.0,1.0,1.0,1.0,1.0,1.0,1.0,1.0,1.0,1.0,1.0,1.0,1.0,1.0,1.0,1.0,1.0,1.0,1.0,1.0,1.0,1.0,1.0,1.0,1.0,1.0,1.0,1.0,1.0,1.0,1.0,1.0,1.0,1.0,1.0,1.0,1.0,1.0,1.0,1.0,1.0,1.0,1.0,1.0,1.0,1.0,1.0,1.0,1.0,1.0,1.0,1.0,1.0,1.0,1.0,1.0,1.0,1.0,1.0,1.0,1.0,1.0,1.0,1.0,1.0,1.0,1.0
-0.3433191489361702,-0.3433191489361702,-0.3433191489361702,-0.3433191489361702,-0.3433191489361702,-0.3433191489361702,-0.3433191489361702,-0.3433191489361702,-0.3433191489361702,-0.3433191489361702,-0.3433191489361702,-0.3433191489361702,-0.3433191489361702,-0.3433191489361702,-0.3433191489361702,-0.3433191489361702,-0.3433191489361702,-0.3433191489361702,-0.3433191489361702,-0.3433191489361702,-0.3433191489361702,-0.3433191489361702,-0.3433191489361702,-0.3433191489361702,-0.3433191489361702,-0.3433191489361702,-0.3433191489361702,-0.3433191489361702,-0.3433191489361702,-0.3433191489361702,-0.3433191489361702,-0.3433191489361702,-0.3433191489361702,-0.3433191489361702,-0.3433191489361702,-0.3433191489361702,-0.3433191489361702,-0.3433191489361702,-0.3433191489361702,-0.3433191489361702,-0.3433191489361702,-0.3433191489361702,-0.3433191489361702,-0.3433191489361702,-0.3433191489361702,-0.3433191489361702,-0.3433191489361702,-0.3433191489361702,-0.3433191489361702,-0.3433191489361702,-0.3433191489361702,-0.3433191489361702,-0.3433191489361702,-0.3433191489361702,-0.3433191489361702,-0.3433191489361702,-0.3433191489361702,-0.3433191489361702,-0.3433191489361702,-0.3433191489361702,-0.3433191489361702,-0.3433191489361702,-0.3433191489361702,-0.3433191489361702,-0.3433191489361702,-0.3433191489361702,-0.3433191489361702,-0.3433191489361702,-0.3433191489361702,-0.3433191489361702,-0.3433191489361702,-0.3433191489361702,-0.3433191489361702,-0.3433191489361702,-0.3433191489361702,-0.3433191489361702,-0.3433191489361702,-0.3433191489361702,-0.3433191489361702,-0.3433191489361702,-0.3433191489361702,-0.3433191489361702,-0.3433191489361702,-0.3433191489361702,-0.3433191489361702,-0.3433191489361702,-0.3433191489361702,-0.3433191489361702,-0.3433191489361702,-0.3433191489361702,-0.3433191489361702,-0.3433191489361702,-0.3433191489361702,-0.3433191489361702,-0.3433191489361702,-0.3433191489361702,-0.3433191489361702,-0.3433191489361702,-0.3433191489361702,-0.3433191489361702,-0.3433191489361702,-0.3433191489361702,-0.3433191489361702,-0.3433191489361702,-0.3433191489361702,-0.3433191489361702,-0.3433191489361702,-0.3433191489361702,-0.3433191489361702,-0.3433191489361702,-0.3433191489361702,-0.3433191489361702,-0.3433191489361702,-0.3433191489361702,-0.3433191489361702,-0.3433191489361702,-0.3433191489361702,-0.3433191489361702,-0.3433191489361702,-0.3433191489361702,-0.3433191489361702,-0.3433191489361702,-0.3433191489361702,-0.3433191489361702,-0.3433191489361702,-0.3433191489361702,-0.3433191489361702,-0.3433191489361702,-0.3433191489361702,-0.3433191489361702,-0.3433191489361702,-0.3433191489361702,-0.3433191489361702,-0.3433191489361702,-0.3433191489361702,-0.3433191489361702,-0.3433191489361702,-0.3433191489361702,-0.3433191489361702,-0.3433191489361702,-0.3433191489361702,-0.3433191489361702,-0.3433191489361702,-0.3433191489361702,-0.3433191489361702,-0.3433191489361702,-0.3433191489361702,-0.3433191489361702,-0.3433191489361702,-0.3433191489361702,-0.3433191489361702,-0.3433191489361702,-0.3433191489361702,-0.3433191489361702,-0.3433191489361702,-0.3433191489361702,-0.3433191489361702,-0.3433191489361702,-0.3433191489361702,-0.3433191489361702,-0.3433191489361702,-0.3433191489361702,-0.3433191489361702,-0.3433191489361702,-0.3433191489361702,-0.3433191489361702,-0.3433191489361702,-0.3433191489361702,-0.3433191489361702,-0.3433191489361702,-0.3433191489361702,-0.3433191489361702,-0.3433191489361702,-0.3433191489361702,-0.3433191489361702,-0.3433191489361702,-0.3433191489361702,-0.3433191489361702,-0.3433191489361702,-0.3433191489361702,-0.3433191489361702,-0.3433191489361702,-0.3433191489361702,-0.3433191489361702,-0.3433191489361702,-0.3433191489361702,-0.3433191489361702,-0.3433191489361702,-0.3433191489361702,-0.3433191489361702,-0.3433191489361702,-0.3433191489361702,-0.3433191489361702,-0.3433191489361702,-0.3433191489361702,-0.3433191489361702,-0.3433191489361702,-0.3433191489361702,-0.3433191489361702,-0.3433191489361702,-0.3433191489361702,-0.3433191489361702,-0.3433191489361702,-0.3433191489361702,-0.3433191489361702,-0.3433191489361702,-0.3433191489361702,-0.3433191489361702,-0.3433191489361702,-0.3433191489361702,-0.3433191489361702,-0.3433191489361702,-0.3433191489361702,-0.3433191489361702,-0.3433191489361702,-0.3433191489361702,-0.3433191489361702,-0.3433191489361702,-0.3433191489361702,-0.3433191489361702,-0.3433191489361702
0.04722599305560278,0.04722599305560278,0.04722599305560278,0.04722599305560278,0.04722599305560278,0.04722599305560278,0.04722599305560278,0.04722599305560278,0.04722599305560278,0.04722599305560278,0.04722599305560278,0.04722599305560278,0.04722599305560278,0.04722599305560278,0.04722599305560278,0.04722599305560278,0.04722599305560278,0.04722599305560278,0.04722599305560278,0.04722599305560278,0.04722599305560278,0.04722599305560278,0.04722599305560278,0.04722599305560278,0.04722599305560278,0.04722599305560278,0.04722599305560278,0.04722599305560278,0.04722599305560278,0.04722599305560278,0.04722599305560278,0.04722599305560278,0.04722599305560278,0.04722599305560278,0.04722599305560278,0.04722599305560278,0.04722599305560278,0.04722599305560278,0.04722599305560278,0.04722599305560278,0.04722599305560278,0.04722599305560278,0.04722599305560278,0.04722599305560278,0.04722599305560278,0.04722599305560278,0.04722599305560278,0.04722599305560278,0.04722599305560278,0.04722599305560278,0.04722599305560278,0.04722599305560278,0.04722599305560278,0.04722599305560278,0.04722599305560278,0.04722599305560278,0.04722599305560278,0.04722599305560278,0.04722599305560278,0.04722599305560278,0.04722599305560278,0.04722599305560278,0.04722599305560278,0.04722599305560278,0.04722599305560278,0.04722599305560278,0.04722599305560278,0.04722599305560278,0.04722599305560278,0.04722599305560278,0.04722599305560278,0.04722599305560278,0.04722599305560278,0.04722599305560278,0.04722599305560278,0.04722599305560278,0.04722599305560278,0.04722599305560278,0.04722599305560278,0.04722599305560278,0.04722599305560278,0.04722599305560278,0.04722599305560278,0.04722599305560278,0.04722599305560278,0.04722599305560278,0.04722599305560278,0.04722599305560278,0.04722599305560278,0.04722599305560278,0.04722599305560278,0.04722599305560278,0.04722599305560278,0.04722599305560278,0.04722599305560278,0.04722599305560278,0.04722599305560278,0.04722599305560278,0.04722599305560278,0.04722599305560278,0.04722599305560278,0.04722599305560278,0.04722599305560278,0.04722599305560278,0.04722599305560278,0.04722599305560278,0.04722599305560278,0.04722599305560278,0.04722599305560278,0.04722599305560278,0.04722599305560278,0.04722599305560278,0.04722599305560278,0.04722599305560278,0.04722599305560278,0.04722599305560278,0.04722599305560278,0.04722599305560278,0.04722599305560278,0.04722599305560278,0.04722599305560278,0.04722599305560278,0.04722599305560278,0.04722599305560278,0.04722599305560278,0.04722599305560278,0.04722599305560278,0.04722599305560278,0.04722599305560278,0.04722599305560278,0.04722599305560278,0.04722599305560278,0.04722599305560278,0.04722599305560278,0.04722599305560278,0.04722599305560278,0.04722599305560278,0.04722599305560278,0.04722599305560278,0.04722599305560278,0.04722599305560278,0.04722599305560278,0.04722599305560278,0.04722599305560278,0.04722599305560278,0.04722599305560278,0.04722599305560278,0.04722599305560278,0.04722599305560278,0.04722599305560278,0.04722599305560278,0.04722599305560278,0.04722599305560278,0.04722599305560278,0.04722599305560278,0.04722599305560278,0.04722599305560278,0.04722599305560278,0.04722599305560278,0.04722599305560278,0.04722599305560278,0.04722599305560278,0.04722599305560278,0.04722599305560278,0.04722599305560278,0.04722599305560278,0.04722599305560278,0.04722599305560278,0.04722599305560278,0.04722599305560278,0.04722599305560278,0.04722599305560278,0.04722599305560278,0.04722599305560278,0.04722599305560278,0.04722599305560278,0.04722599305560278,0.04722599305560278,0.04722599305560278,0.04722599305560278,0.04722599305560278,0.04722599305560278,0.04722599305560278,0.04722599305560278,0.04722599305560278,0.04722599305560278,0.04722599305560278,0.04722599305560278,0.04722599305560278,0.04722599305560278,0.04722599305560278,0.04722599305560278,0.04722599305560278,0.04722599305560278,0.04722599305560278,0.04722599305560278,0.04722599305560278,0.04722599305560278,0.04722599305560278,0.04722599305560278,0.04722599305560278,0.04722599305560278,0.04722599305560278,0.04722599305560278,0.04722599305560278,0.04722599305560278,0.04722599305560278,0.04722599305560278,0.04722599305560278,0.04722599305560278,0.04722599305560278,0.04722599305560278,0.04722599305560278,0.04722599305560278,0.04722599305560278,0.04722599305560278,0.04722599305560278,0.04722599305560278,0.04722599305560278,0.04722599305560278,0.04722599305560278
1.0,1.0,1.0,1.0,1.0,1.0,1.0,1.0,1.0,1.0,1.0,1.0,1.0,1.0,1.0,1.0,1.0,1.0,1.0,1.0,1.0,1.0,1.0,1.0,1.0,1.0,1.0,1.0,1.0,1.0,1.0,1.0,1.0,1.0,1.0,1.0,1.0,1.0,1.0,1.0,1.0,1.0,1.0,1.0,1.0,1.0,1.0,1.0,1.0,1.0,1.0,1.0,1.0,1.0,1.0,1.0,1.0,1.0,1.0,1.0,1.0,1.0,1.0,1.0,1.0,1.0,1.0,1.0,1.0,1.0,1.0,1.0,1.0,1.0,1.0,1.0,1.0,1.0,1.0,1.0,1.0,1.0,1.0,1.0,1.0,1.0,1.0,1.0,1.0,1.0,1.0,1.0,1.0,1.0,1.0,1.0,1.0,1.0,1.0,1.0,1.0,1.0,1.0,1.0,1.0,1.0,1.0,1.0,1.0,1.0,1.0,1.0,1.0,1.0,1.0,1.0,1.0,1.0,1.0,1.0,1.0,1.0,1.0,1.0,1.0,1.0,1.0,1.0,1.0,1.0,1.0,1.0,1.0,1.0,1.0,1.0,1.0,1.0,1.0,1.0,1.0,1.0,1.0,1.0,1.0,1.0,1.0,1.0,1.0,1.0,1.0,1.0,1.0,1.0,1.0,1.0,1.0,1.0,1.0,1.0,1.0,1.0,1.0,1.0,1.0,1.0,1.0,1.0,1.0,1.0,1.0,1.0,1.0,1.0,1.0,1.0,1.0,1.0,1.0,1.0,1.0,1.0,1.0,1.0,1.0,1.0,1.0,1.0,1.0,1.0,1.0,1.0,1.0,1.0,1.0,1.0,1.0,1.0,1.0,1.0,1.0,1.0,1.0,1.0,1.0,1.0,1.0,1.0,1.0,1.0,1.0,1.0,1.0,1.0,1.0,1.0,1.0,1.0,1.0,1.0,1.0
-0.7436134235599187,-0.7436134235599187,-0.7436134235599187,-0.7436134235599187,-0.7436134235599187,-0.7436134235599187,-0.7436134235599187,-0.7436134235599187,-0.7436134235599187,-0.7436134235599187,-0.7436134235599187,-0.7436134235599187,-0.7436134235599187,-0.7436134235599187,-0.7436134235599187,-0.7436134235599187,-0.7436134235599187,-0.7436134235599187,-0.7436134235599187,-0.7436134235599187,-0.7436134235599187,-0.7436134235599187,-0.7436134235599187,-0.7436134235599187,-0.7436134235599187,-0.7436134235599187,-0.7436134235599187,-0.7436134235599187,-0.7436134235599187,-0.7436134235599187,-0.7436134235599187,-0.7436134235599187,-0.7436134235599187,-0.7436134235599187,-0.7436134235599187,-0.7436134235599187,-0.7436134235599187,-0.7436134235599187,-0.7436134235599187,-0.7436134235599187,-0.7436134235599187,-0.7436134235599187,-0.7436134235599187,-0.7436134235599187,-0.7436134235599187,-0.7436134235599187,-0.7436134235599187,-0.7436134235599187,-0.7436134235599187,-0.7436134235599187,-0.7436134235599187,-0.7436134235599187,-0.7436134235599187,-0.7436134235599187,-0.7436134235599187,-0.7436134235599187,-0.7436134235599187,-0.7436134235599187,-0.7436134235599187,-0.7436134235599187,-0.7436134235599187,-0.7436134235599187,-0.7436134235599187,-0.7436134235599187,-0.7436134235599187,-0.7436134235599187,-0.7436134235599187,-0.7436134235599187,-0.7436134235599187,-0.7436134235599187,-0.7436134235599187,-0.7436134235599187,-0.7436134235599187,-0.7436134235599187,-0.7436134235599187,-0.7436134235599187,-0.7436134235599187,-0.7436134235599187,-0.7436134235599187,-0.7436134235599187,-0.7436134235599187,-0.7436134235599187,-0.7436134235599187,-0.7436134235599187,-0.7436134235599187,-0.7436134235599187,-0.7436134235599187,-0.7436134235599187,-0.7436134235599187,-0.7436134235599187,-0.7436134235599187,-0.7436134235599187,-0.7436134235599187,-0.7436134235599187,-0.7436134235599187,-0.7436134235599187,-0.7436134235599187,-0.7436134235599187,-0.7436134235599187,-0.7436134235599187,-0.7436134235599187,-0.7436134235599187,-0.7436134235599187,-0.7436134235599187,-0.7436134235599187,-0.7436134235599187,-0.7436134235599187,-0.7436134235599187,-0.7436134235599187,-0.7436134235599187,-0.7436134235599187,-0.7436134235599187,-0.7436134235599187,-0.7436134235599187,-0.7436134235599187,-0.7436134235599187,-0.7436134235599187,-0.7436134235599187,-0.7436134235599187,-0.7436134235599187,-0.7436134235599187,-0.7436134235599187,-0.7436134235599187,-0.7436134235599187,-0.7436134235599187,-0.7436134235599187,-0.7436134235599187,-0.7436134235599187,-0.7436134235599187,-0.7436134235599187,-0.7436134235599187,-0.7436134235599187,-0.7436134235599187,-0.7436134235599187,-0.7436134235599187,-0.7436134235599187,-0.7436134235599187,-0.7436134235599187,-0.7436134235599187,-0.7436134235599187,-0.7436134235599187,-0.7436134235599187,-0.7436134235599187,-0.7436134235599187,-0.7436134235599187,-0.7436134235599187,-0.7436134235599187,-0.7436134235599187,-0.7436134235599187,-0.7436134235599187,-0.7436134235599187,-0.7436134235599187,-0.7436134235599187,-0.7436134235599187,-0.7436134235599187,-0.7436134235599187,-0.7436134235599187,-0.7436134235599187,-0.7436134235599187,-0.7436134235599187,-0.7436134235599187,-0.7436134235599187,-0.7436134235599187,-0.7436134235599187,-0.7436134235599187,-0.7436134235599187,-0.7436134235599187,-0.7436134235599187,-0.7436134235599187,-0.7436134235599187,-0.7436134235599187,-0.7436134235599187,-0.7436134235599187,-0.7436134235599187,-0.7436134235599187,-0.7436134235599187,-0.7436134235599187,-0.7436134235599187,-0.7436134235599187,-0.7436134235599187,-0.7436134235599187,-0.7436134235599187,-0.7436134235599187,-0.7436134235599187,-0.7436134235599187,-0.7436134235599187,-0.7436134235599187,-0.7436134235599187,-0.7436134235599187,-0.7436134235599187,-0.7436134235599187,-0.7436134235599187,-0.7436134235599187,-0.7436134235599187,-0.7436134235599187,-0.7436134235599187,-0.7436134235599187,-0.7436134235599187,-0.7436134235599187,-0.7436134235599187,-0.7436134235599187,-0.7436134235599187,-0.7436134235599187,-0.7436134235599187,-0.7436134235599187,-0.7436134235599187,-0.7436134235599187,-0.7436134235599187,-0.7436134235599187,-0.7436134235599187,-0.7436134235599187,-0.7436134235599187,-0.7436134235599187,-0.7436134235599187,-0.7436134235599187,-0.7436134235599187,-0.7436134235599187,-0.7436134235599187,-0.7436134235599187,-0.7436134235599187,-0.7436134235599187
1.0,1.0,1.0,1.0,1.0,1.0,1.0,1.0,1.0,1.0,1.0,1.0,1.0,1.0,1.0,1.0,1.0,1.0,1.0,1.0,1.0,1.0,1.0,1.0,1.0,1.0,1.0,1.0,1.0,1.0,1.0,1.0,1.0,1.0,1.0,1.0,1.0,1.0,1.0,1.0,1.0,1.0,1.0,1.0,1.0,1.0,1.0,1.0,1.0,1.0,1.0,1.0,1.0,1.0,1.0,1.0,1.0,1.0,1.0,1.0,1.0,1.0,1.0,1.0,1.0,1.0,1.0,1.0,1.0,1.0,1.0,1.0,1.0,1.0,1.0,1.0,1.0,1.0,1.0,1.0,1.0,1.0,1.0,1.0,1.0,1.0,1.0,1.0,1.0,1.0,1.0,1.0,1.0,1.0,1.0,1.0,1.0,1.0,1.0,1.0,1.0,1.0,1.0,1.0,1.0,1.0,1.0,1.0,1.0,1.0,1.0,1.0,1.0,1.0,1.0,1.0,1.0,1.0,1.0,1.0,1.0,1.0,1.0,1.0,1.0,1.0,1.0,1.0,1.0,1.0,1.0,1.0,1.0,1.0,1.0,1.0,1.0,1.0,1.0,1.0,1.0,1.0,1.0,1.0,1.0,1.0,1.0,1.0,1.0,1.0,1.0,1.0,1.0,1.0,1.0,1.0,1.0,1.0,1.0,1.0,1.0,1.0,1.0,1.0,1.0,1.0,1.0,1.0,1.0,1.0,1.0,1.0,1.0,1.0,1.0,1.0,1.0,1.0,1.0,1.0,1.0,1.0,1.0,1.0,1.0,1.0,1.0,1.0,1.0,1.0,1.0,1.0,1.0,1.0,1.0,1.0,1.0,1.0,1.0,1.0,1.0,1.0,1.0,1.0,1.0,1.0,1.0,1.0,1.0,1.0,1.0,1.0,1.0,1.0,1.0,1.0,1.0,1.0,1.0,1.0,1.0
1.0,1.0,1.0,1.0,1.0,1.0,1.0,1.0,1.0,1.0,1.0,1.0,1.0,1.0,1.0,1.0,1.0,1.0,1.0,1.0,1.0,1.0,1.0,1.0,1.0,1.0,1.0,1.0,1.0,1.0,1.0,1.0,1.0,1.0,1.0,1.0,1.0,1.0,1.0,1.0,1.0,1.0,1.0,1.0,1.0,1.0,1.0,1.0,1.0,1.0,1.0,1.0,1.0,1.0,1.0,1.0,1.0,1.0,1.0,1.0,1.0,1.0,1.0,1.0,1.0,1.0,1.0,1.0,1.0,1.0,1.0,1.0,1.0,1.0,1.0,1.0,1.0,1.0,1.0,1.0,1.0,1.0,1.0,1.0,1.0,1.0,1.0,1.0,1.0,1.0,1.0,1.0,1.0,1.0,1.0,1.0,1.0,1.0,1.0,1.0,1.0,1.0,1.0,1.0,1.0,1.0,1.0,1.0,1.0,1.0,1.0,1.0,1.0,1.0,1.0,1.0,1.0,1.0,1.0,1.0,1.0,1.0,1.0,1.0,1.0,1.0,1.0,1.0,1.0,1.0,1.0,1.0,1.0,1.0,1.0,1.0,1.0,1.0,1.0,1.0,1.0,1.0,1.0,1.0,1.0,1.0,1.0,1.0,1.0,1.0,1.0,1.0,1.0,1.0,1.0,1.0,1.0,1.0,1.0,1.0,1.0,1.0,1.0,1.0,1.0,1.0,1.0,1.0,1.0,1.0,1.0,1.0,1.0,1.0,1.0,1.0,1.0,1.0,1.0,1.0,1.0,1.0,1.0,1.0,1.0,1.0,1.0,1.0,1.0,1.0,1.0,1.0,1.0,1.0,1.0,1.0,1.0,1.0,1.0,1.0,1.0,1.0,1.0,1.0,1.0,1.0,1.0,1.0,1.0,1.0,1.0,1.0,1.0,1.0,1.0,1.0,1.0,1.0,1.0,1.0,1.0
1.2516174481366167,1.2516174481366167,1.2516174481366167,1.2516174481366167,1.2516174481366167,1.2516174481366167,1.2516174481366167,1.2516174481366167,1.2516174481366167,1.2516174481366167,1.2516174481366167,1.2516174481366167,1.2516174481366167,1.2516174481366167,1.2516174481366167,1.2516174481366167,1.2516174481366167,1.2516174481366167,1.2516174481366167,1.2516174481366167,1.2516174481366167,1.2516174481366167,1.2516174481366167,1.2516174481366167,1.2516174481366167,1.2516174481366167,1.2516174481366167,1.2516174481366167,1.2516174481366167,1.2516174481366167,1.2516174481366167,1.2516174481366167,1.2516174481366167,1.2516174481366167,1.2516174481366167,1.2516174481366167,1.2516174481366167,1.2516174481366167,1.2516174481366167,1.2516174481366167,1.2516174481366167,1.2516174481366167,1.2516174481366167,1.2516174481366167,1.2516174481366167,1.2516174481366167,1.2516174481366167,1.2516174481366167,1.2516174481366167,1.2516174481366167,1.2516174481366167,1.2516174481366167,1.2516174481366167,1.2516174481366167,1.2516174481366167,1.2516174481366167,1.2516174481366167,1.2516174481366167,1.2516174481366167,1.2516174481366167,1.2516174481366167,1.2516174481366167,1.2516174481366167,1.2516174481366167,1.2516174481366167,1.2516174481366167,1.2516174481366167,1.2516174481366167,1.2516174481366167,1.2516174481366167,1.2516174481366167,1.2516174481366167,1.2516174481366167,1.2516174481366167,1.2516174481366167,1.2516174481366167,1.2516174481366167,1.2516174481366167,1.2516174481366167,1.2516174481366167,1.2516174481366167,1.2516174481366167,1.2516174481366167,1.2516174481366167,1.2516174481366167,1.2516174481366167,1.2516174481366167,1.2516174481366167,1.2516174481366167,1.2516174481366167,1.2516174481366167,1.2516174481366167,1.2516174481366167,1.2516174481366167,1.2516174481366167,1.2516174481366167,1.2516174481366167,1.2516174481366167,1.2516174481366167,1.2516174481366167,1.2516174481366167,1.2516174481366167,1.2516174481366167,1.2516174481366167,1.2516174481366167,1.2516174481366167,1.2516174481366167,1.2516174481366167,1.2516174481366167,1.2516174481366167,1.2516174481366167,1.2516174481366167,1.2516174481366167,1.2516174481366167,1.2516174481366167,1.2516174481366167,1.2516174481366167,1.2516174481366167,1.2516174481366167,1.2516174481366167,1.2516174481366167,1.2516174481366167,1.2516174481366167,1.2516174481366167,1.2516174481366167,1.2516174481366167,1.2516174481366167,1.2516174481366167,1.2516174481366167,1.2516174481366167,1.2516174481366167,1.2516174481366167,1.2516174481366167,1.2516174481366167,1.2516174481366167,1.2516174481366167,1.2516174481366167,1.2516174481366167,1.2516174481366167,1.2516174481366167,1.2516174481366167,1.2516174481366167,1.2516174481366167,1.2516174481366167,1.2516174481366167,1.2516174481366167,1.2516174481366167,1.2516174481366167,1.2516174481366167,1.2516174481366167,1.2516174481366167,1.2516174481366167,1.2516174481366167,1.2516174481366167,1.2516174481366167,1.2516174481366167,1.2516174481366167,1.2516174481366167,1.2516174481366167,1.2516174481366167,1.2516174481366167,1.2516174481366167,1.2516174481366167,1.2516174481366167,1.2516174481366167,1.2516174481366167,1.2516174481366167,1.2516174481366167,1.2516174481366167,1.2516174481366167,1.2516174481366167,1.2516174481366167,1.2516174481366167,1.2516174481366167,1.2516174481366167,1.2516174481366167,1.2516174481366167,1.2516174481366167,1.2516174481366167,1.2516174481366167,1.2516174481366167,1.2516174481366167,1.2516174481366167,1.2516174481366167,1.2516174481366167,1.2516174481366167,1.2516174481366167,1.2516174481366167,1.2516174481366167,1.2516174481366167,1.2516174481366167,1.2516174481366167,1.2516174481366167,1.2516174481366167,1.2516174481366167,1.2516174481366167,1.2516174481366167,1.2516174481366167,1.2516174481366167,1.2516174481366167,1.2516174481366167,1.2516174481366167,1.2516174481366167,1.2516174481366167,1.2516174481366167,1.2516174481366167,1.2516174481366167,1.2516174481366167,1.2516174481366167,1.2516174481366167,1.2516174481366167,1.2516174481366167,1.2516174481366167,1.2516174481366167,1.2516174481366167,1.2516174481366167,1.2516174481366167,1.2516174481366167,1.2516174481366167,1.2516174481366167,1.2516174481366167
-1.0917363902447395,-1.0917363902447395,-1.0917363902447395,-1.0917363902447395,-1.0917363902447395,-1.0917363902447395,-1.0917363902447395,-1.0917363902447395,-1.0917363902447395,-1.0917363902447395,-1.0917363902447395,-1.0917363902447395,-1.0917363902447395,-1.0917363902447395,-1.0917363902447395,-1.0917363902447395,-1.0917363902447395,-1.0917363902447395,-1.0917363902447395,-1.0917363902447395,-1.0917363902447395,-1.0917363902447395,-1.0917363902447395,-1.0917363902447395,-1.0917363902447395,-1.0917363902447395,-1.0917363902447395,-1.0917363902447395,-1.0917363902447395,-1.0917363902447395,-1.0917363902447395,-1.0917363902447395,-1.0917363902447395,-1.0917363902447395,-1.0917363902447395,-1.0917363902447395,-1.0917363902447395,-1.0917363902447395,-1.0917363902447395,-1.0917363902447395,-1.0917363902447395,-1.0917363902447395,-1.0917363902447395,-1.0917363902447395,-1.0917363902447395,-1.0917363902447395,-1.0917363902447395,-1.0917363902447395,-1.0917363902447395,-1.0917363902447395,-1.0917363902447395,-1.0917363902447395,-1.0917363902447395,-1.0917363902447395,-1.0917363902447395,-1.0917363902447395,-1.0917363902447395,-1.0917363902447395,-1.0917363902447395,-1.0917363902447395,-1.0917363902447395,-1.0917363902447395,-1.0917363902447395,-1.0917363902447395,-1.0917363902447395,-1.0917363902447395,-1.0917363902447395,-1.0917363902447395,-1.0917363902447395,-1.0917363902447395,-1.0917363902447395,-1.0917363902447395,-1.0917363902447395,-1.0917363902447395,-1.0917363902447395,-1.0917363902447395,-1.0917363902447395,-1.0917363902447395,-1.0917363902447395,-1.0917363902447395,-1.0917363902447395,-1.0917363902447395,-1.0917363902447395,-1.0917363902447395,-1.0917363902447395,-1.0917363902447395,-1.0917363902447395,-1.0917363902447395,-1.0917363902447395,-1.0917363902447395,-1.0917363902447395,-1.0917363902447395,-1.0917363902447395,-1.0917363902447395,-1.0917363902447395,-1.0917363902447395,-1.0917363902447395,-1.0917363902447395,-1.0917363902447395,-1.0917363902447395,-1.0917363902447395,-1.0917363902447395,-1.0917363902447395,-1.0917363902447395,-1.0917363902447395,-1.0917363902447395,-1.0917363902447395,-1.0917363902447395,-1.0917363902447395,-1.0917363902447395,-1.0917363902447395,-1.0917363902447395,-1.0917363902447395,-1.0917363902447395,-1.0917363902447395,-1.0917363902447395,-1.0917363902447395,-1.0917363902447395,-1.0917363902447395,-1.0917363902447395,-1.0917363902447395,-1.0917363902447395,-1.0917363902447395,-1.0917363902447395,-1.0917363902447395,-1.0917363902447395,-1.0917363902447395,-1.0917363902447395,-1.0917363902447395,-1.0917363902447395,-1.0917363902447395,-1.0917363902447395,-1.0917363902447395,-1.0917363902447395,-1.0917363902447395,-1.0917363902447395,-1.0917363902447395,-1.0917363902447395,-1.0917363902447395,-1.0917363902447395,-1.0917363902447395,-1.0917363902447395,-1.0917363902447395,-1.0917363902447395,-1.0917363902447395,-1.0917363902447395,-1.0917363902447395,-1.0917363902447395,-1.0917363902447395,-1.0917363902447395,-1.0917363902447395,-1.0917363902447395,-1.0917363902447395,-1.0917363902447395,-1.0917363902447395,-1.0917363902447395,-1.0917363902447395,-1.0917363902447395,-1.0917363902447395,-1.0917363902447395,-1.0917363902447395,-1.0917363902447395,-1.0917363902447395,-1.0917363902447395,-1.0917363902447395,-1.0917363902447395,-1.0917363902447395,-1.0917363902447395,-1.0917363902447395,-1.0917363902447395,-1.0917363902447395,-1.0917363902447395,-1.0917363902447395,-1.0917363902447395,-1.0917363902447395,-1.0917363902447395,-1.0917363902447395,-1.0917363902447395,-1.0917363902447395,-1.0917363902447395,-1.0917363902447395,-1.0917363902447395,-1.0917363902447395,-1.0917363902447395,-1.0917363902447395,-1.0917363902447395,-1.0917363902447395,-1.0917363902447395,-1.0917363902447395,-1.0917363902447395,-1.0917363902447395,-1.0917363902447395,-1.0917363902447395,-1.0917363902447395,-1.0917363902447395,-1.0917363902447395,-1.0917363902447395,-1.0917363902447395,-1.0917363902447395,-1.0917363902447395,-1.0917363902447395,-1.0917363902447395,-1.0917363902447395,-1.0917363902447395,-1.0917363902447395,-1.0917363902447395,-1.0917363902447395,-1.0917363902447395,-1.0917363902447395,-1.0917363902447395,-1.0917363902447395,-1.0917363902447395,-1.0917363902447395,-1.0917363902447395,-1.0917363902447395,-1.0917363902447395,-1.0917363902447395,-1.0917363902447395,-1.0917363902447395,-1.0917363902447395,-1.0917363902447395
1.969566382794139,1.969566382794139,1.969566382794139,1.969566382794139,1.969566382794139,1.969566382794139,1.969566382794139,1.969566382794139,1.969566382794139,1.969566382794139,1.969566382794139,1.969566382794139,1.969566382794139,1.969566382794139,1.969566382794139,1.969566382794139,1.969566382794139,1.969566382794139,1.969566382794139,1.969566382794139,1.969566382794139,1.969566382794139,1.969566382794139,1.969566382794139,1.969566382794139,1.969566382794139,1.969566382794139,1.969566382794139,1.969566382794139,1.969566382794139,1.969566382794139,1.969566382794139,1.969566382794139,1.969566382794139,1.969566382794139,1.969566382794139,1.969566382794139,1.969566382794139,1.969566382794139,1.969566382794139,1.969566382794139,1.969566382794139,1.969566382794139,1.969566382794139,1.969566382794139,1.969566382794139,1.969566382794139,1.969566382794139,1.969566382794139,1.969566382794139,1.969566382794139,1.969566382794139,1.969566382794139,1.969566382794139,1.969566382794139,1.969566382794139,1.969566382794139,1.969566382794139,1.969566382794139,1.969566382794139,1.969566382794139,1.969566382794139,1.969566382794139,1.969566382794139,1.969566382794139,1.969566382794139,1.969566382794139,1.969566382794139,1.969566382794139,1.969566382794139,1.969566382794139,1.969566382794139,1.969566382794139,1.969566382794139,1.969566382794139,1.969566382794139,1.969566382794139,1.969566382794139,1.969566382794139,1.969566382794139,1.969566382794139,1.969566382794139,1.969566382794139,1.969566382794139,1.969566382794139,1.969566382794139,1.969566382794139,1.969566382794139,1.969566382794139,1.969566382794139,1.969566382794139,1.969566382794139,1.969566382794139,1.969566382794139,1.969566382794139,1.969566382794139,1.969566382794139,1.969566382794139,1.969566382794139,1.969566382794139,1.969566382794139,1.969566382794139,1.969566382794139,1.969566382794139,1.969566382794139,1.969566382794139,1.969566382794139,1.969566382794139,1.969566382794139,1.969566382794139,1.969566382794139,1.969566382794139,1.969566382794139,1.969566382794139,1.969566382794139,1.969566382794139,1.969566382794139,1.969566382794139,1.969566382794139,1.969566382794139,1.969566382794139,1.969566382794139,1.969566382794139,1.969566382794139,1.969566382794139,1.969566382794139,1.969566382794139,1.969566382794139,1.969566382794139,1.969566382794139,1.969566382794139,1.969566382794139,1.969566382794139,1.969566382794139,1.969566382794139,1.969566382794139,1.969566382794139,1.969566382794139,1.969566382794139,1.969566382794139,1.969566382794139,1.969566382794139,1.969566382794139,1.969566382794139,1.969566382794139,1.969566382794139,1.969566382794139,1.969566382794139,1.969566382794139,1.969566382794139,1.969566382794139,1.969566382794139,1.969566382794139,1.969566382794139,1.969566382794139,1.969566382794139,1.969566382794139,1.969566382794139,1.969566382794139,1.969566382794139,1.969566382794139,1.969566382794139,1.969566382794139,1.969566382794139,1.969566382794139,1.969566382794139,1.969566382794139,1.969566382794139,1.969566382794139,1.969566382794139,1.969566382794139,1.969566382794139,1.969566382794139,1.969566382794139,1.969566382794139,1.969566382794139,1.969566382794139,1.969566382794139,1.969566382794139,1.969566382794139,1.969566382794139,1.969566382794139,1.969566382794139,1.969566382794139,1.969566382794139,1.969566382794139,1.969566382794139,1.969566382794139,1.969566382794139,1.969566382794139,1.969566382794139,1.969566382794139,1.969566382794139,1.969566382794139,1.969566382794139,1.969566382794139,1.969566382794139,1.969566382794139,1.969566382794139,1.969566382794139,1.969566382794139,1.969566382794139,1.969566382794139,1.969566382794139,1.969566382794139,1.969566382794139,1.969566382794139,1.969566382794139,1.969566382794139,1.969566382794139,1.969566382794139,1.969566382794139,1.969566382794139,1.969566382794139,1.969566382794139,1.969566382794139,1.969566382794139,1.969566382794139,1.969566382794139,1.969566382794139,1.969566382794139
-0.8527210563591198,-0.8527210563591198,-0.8527210563591198,-0.8527210563591198,-0.8527210563591198,-0.8527210563591198,-0.8527210563591198,-0.8527210563591198,-0.8527210563591198,-0.8527210563591198,-0.8527210563591198,-0.8527210563591198,-0.8527210563591198,-0.8527210563591198,-0.8527210563591198,-0.8527210563591198,-0.8527210563591198,-0.8527210563591198,-0.8527210563591198,-0.8527210563591198,-0.8527210563591198,-0.8527210563591198,-0.8527210563591198,-0.8527210563591198,-0.8527210563591198,-0.8527210563591198,-0.8527210563591198,-0.8527210563591198,-0.8527210563591198,-0.8527210563591198,-0.8527210563591198,-0.8527210563591198,-0.8527210563591198,-0.8527210563591198,-0.8527210563591198,-0.8527210563591198,-0.8527210563591198,-0.8527210563591198,-0.8527210563591198,-0.8527210563591198,-0.8527210563591198,-0.8527210563591198,-0.8527210563591198,-0.8527210563591198,-0.8527210563591198,-0.8527210563591198,-0.8527210563591198,-0.8527210563591198,-0.8527210563591198,-0.8527210563591198,-0.8527210563591198,-0.8527210563591198,-0.8527210563591198,-0.8527210563591198,-0.8527210563591198,-0.8527210563591198,-0.8527210563591198,-0.8527210563591198,-0.8527210563591198,-0.8527210563591198,-0.8527210563591198,-0.8527210563591198,-0.8527210563591198,-0.8527210563591198,-0.8527210563591198,-0.8527210563591198,-0.8527210563591198,-0.8527210563591198,-0.8527210563591198,-0.8527210563591198,-0.8527210563591198,-0.8527210563591198,-0.8527210563591198,-0.8527210563591198,-0.8527210563591198,-0.8527210563591198,-0.8527210563591198,-0.8527210563591198,-0.8527210563591198,-0.8527210563591198,-0.8527210563591198,-0.8527210563591198,-0.8527210563591198,-0.8527210563591198,-0.8527210563591198,-0.8527210563591198,-0.8527210563591198,-0.8527210563591198,-0.8527210563591198,-0.8527210563591198,-0.8527210563591198,-0.8527210563591198,-0.8527210563591198,-0.8527210563591198,-0.8527210563591198,-0.8527210563591198,-0.8527210563591198,-0.8527210563591198,-0.8527210563591198,-0.8527210563591198,-0.8527210563591198,-0.8527210563591198,-0.8527210563591198,-0.8527210563591198,-0.8527210563591198,-0.8527210563591198,-0.8527210563591198,-0.8527210563591198,-0.8527210563591198,-0.8527210563591198,-0.8527210563591198,-0.8527210563591198,-0.8527210563591198,-0.8527210563591198,-0.8527210563591198,-0.8527210563591198,-0.8527210563591198,-0.8527210563591198,-0.8527210563591198,-0.8527210563591198,-0.8527210563591198,-0.8527210563591198,-0.8527210563591198,-0.8527210563591198,-0.8527210563591198,-0.8527210563591198,-0.8527210563591198,-0.8527210563591198,-0.8527210563591198,-0.8527210563591198,-0.8527210563591198,-0.8527210563591198,-0.8527210563591198,-0.8527210563591198,-0.8527210563591198,-0.8527210563591198,-0.8527210563591198,-0.8527210563591198,-0.8527210563591198,-0.8527210563591198,-0.8527210563591198,-0.8527210563591198,-0.8527210563591198,-0.8527210563591198,-0.8527210563591198,-0.8527210563591198,-0.8527210563591198,-0.8527210563591198,-0.8527210563591198,-0.8527210563591198,-0.8527210563591198,-0.8527210563591198,-0.8527210563591198,-0.8527210563591198,-0.8527210563591198,-0.8527210563591198,-0.8527210563591198,-0.8527210563591198,-0.8527210563591198,-0.8527210563591198,-0.8527210563591198,-0.8527210563591198,-0.8527210563591198,-0.8527210563591198,-0.8527210563591198,-0.8527210563591198,-0.8527210563591198,-0.8527210563591198,-0.8527210563591198,-0.8527210563591198,-0.8527210563591198,-0.8527210563591198,-0.8527210563591198,-0.8527210563591198,-0.8527210563591198,-0.8527210563591198,-0.8527210563591198,-0.8527210563591198,-0.8527210563591198,-0.8527210563591198,-0.8527210563591198,-0.8527210563591198,-0.8527210563591198,-0.8527210563591198,-0.8527210563591198,-0.8527210563591198,-0.8527210563591198,-0.8527210563591198,-0.8527210563591198,-0.8527210563591198,-0.8527210563591198,-0.8527210563591198,-0.8527210563591198,-0.8527210563591198,-0.8527210563591198,-0.8527210563591198,-0.8527210563591198,-0.8527210563591198,-0.8527210563591198,-0.8527210563591198,-0.8527210563591198,-0.8527210563591198,-0.8527210563591198,-0.8527210563591198,-0.8527210563591198,-0.8527210563591198,-0.8527210563591198,-0.8527210563591198,-0.8527210563591198,-0.8527210563591198,-0.8527210563591198,-0.8527210563591198,-0.8527210563591198,-0.8527210563591198,-0.8527210563591198,-0.8527210563591198,-0.8527210563591198,-0.8527210563591198,-0.8527210563591198,-0.8527210563591198,-0.8527210563591198
0.10868034111592541,0.10868034111592541,0.10868034111592541,0.10868034111592541,0.10868034111592541,0.10868034111592541,0.10868034111592541,0.10868034111592541,0.10868034111592541,0.10868034111592541,0.10868034111592541,0.10868034111592541,0.10868034111592541,0.10868034111592541,0.10868034111592541,0.10868034111592541,0.10868034111592541,0.10868034111592541,0.10868034111592541,0.10868034111592541,0.10868034111592541,0.10868034111592541,0.10868034111592541,0.10868034111592541,0.10868034111592541,0.10868034111592541,0.10868034111592541,0.10868034111592541,0.10868034111592541,0.10868034111592541,0.10868034111592541,0.10868034111592541,0.10868034111592541,0.10868034111592541,0.10868034111592541,0.10868034111592541,0.10868034111592541,0.10868034111592541,0.10868034111592541,0.10868034111592541,0.10868034111592541,0.10868034111592541,0.10868034111592541,0.10868034111592541,0.10868034111592541,0.10868034111592541,0.10868034111592541,0.10868034111592541,0.10868034111592541,0.10868034111592541,0.10868034111592541,0.10868034111592541,0.10868034111592541,0.10868034111592541,0.10868034111592541,0.10868034111592541,0.10868034111592541,0.10868034111592541,0.10868034111592541,0.10868034111592541,0.10868034111592541,0.10868034111592541,0.10868034111592541,0.10868034111592541,0.10868034111592541,0.10868034111592541,0.10868034111592541,0.10868034111592541,0.10868034111592541,0.10868034111592541,0.10868034111592541,0.10868034111592541,0.10868034111592541,0.10868034111592541,0.10868034111592541,0.10868034111592541,0.10868034111592541,0.10868034111592541,0.10868034111592541,0.10868034111592541,0.10868034111592541,0.10868034111592541,0.10868034111592541,0.10868034111592541,0.10868034111592541,0.10868034111592541,0.10868034111592541,0.10868034111592541,0.10868034111592541,0.10868034111592541,0.10868034111592541,0.10868034111592541,0.10868034111592541,0.10868034111592541,0.10868034111592541,0.10868034111592541,0.10868034111592541,0.10868034111592541,0.10868034111592541,0.10868034111592541,0.10868034111592541,0.10868034111592541,0.10868034111592541,0.10868034111592541,0.10868034111592541,0.10868034111592541,0.10868034111592541,0.10868034111592541,0.10868034111592541,0.10868034111592541,0.10868034111592541,0.10868034111592541,0.10868034111592541,0.10868034111592541,0.10868034111592541,0.10868034111592541,0.10868034111592541,0.10868034111592541,0.10868034111592541,0.10868034111592541,0.10868034111592541,0.10868034111592541,0.10868034111592541,0.10868034111592541,0.10868034111592541,0.10868034111592541,0.10868034111592541,0.10868034111592541,0.10868034111592541,0.10868034111592541,0.10868034111592541,0.10868034111592541,0.10868034111592541,0.10868034111592541,0.10868034111592541,0.10868034111592541,0.10868034111592541,0.10868034111592541,0.10868034111592541,0.10868034111592541,0.10868034111592541,0.10868034111592541,0.10868034111592541,0.10868034111592541,0.10868034111592541,0.10868034111592541,0.10868034111592541,0.10868034111592541,0.10868034111592541,0.10868034111592541,0.10868034111592541,0.10868034111592541,0.10868034111592541,0.10868034111592541,0.10868034111592541,0.10868034111592541,0.10868034111592541,0.10868034111592541,0.10868034111592541,0.10868034111592541,0.10868034111592541,0.10868034111592541,0.10868034111592541,0.10868034111592541,0.10868034111592541,0.10868034111592541,0.10868034111592541,0.10868034111592541,0.10868034111592541,0.10868034111592541,0.10868034111592541,0.10868034111592541,0.10868034111592541,0.10868034111592541,0.10868034111592541,0.10868034111592541,0.10868034111592541,0.10868034111592541,0.10868034111592541,0.10868034111592541,0.10868034111592541,0.10868034111592541,0.10868034111592541,0.10868034111592541,0.10868034111592541,0.10868034111592541,0.10868034111592541,0.10868034111592541,0.10868034111592541,0.10868034111592541,0.10868034111592541,0.10868034111592541,0.10868034111592541,0.10868034111592541,0.10868034111592541,0.10868034111592541,0.10868034111592541,0.10868034111592541,0.10868034111592541,0.10868034111592541,0.10868034111592541,0.10868034111592541,0.10868034111592541,0.10868034111592541,0.10868034111592541,0.10868034111592541,0.10868034111592541,0.10868034111592541,0.10868034111592541,0.10868034111592541,0.10868034111592541,0.10868034111592541,0.10868034111592541,0.10868034111592541,0.10868034111592541,0.10868034111592541,0.10868034111592541,0.10868034111592541,0.10868034111592541,0.10868034111592541,0.10868034111592541
-1.0,-1.0,-1.0,-1.0,-1.0,-1.0,-1.0,-1.0,-1.0,-1.0,-1.0,-1.0,-1.0,-1.0,-1.0,-1.0,-1.0,-1.0,-1.0,-1.0,-1.0,-1.0,-1.0,-1.0,-1.0,-1.0,-1.0,-1.0,-1.0,-1.0,-1.0,-1.0,-1.0,-1.0,-1.0,-1.0,-1.0,-1.0,-1.0,-1.0,-1.0,-1.0,-1.0,-1.0,-1.0,-1.0,-1.0,-1.0,-1.0,-1.0,-1.0,-1.0,-1.0,-1.0,-1.0,-1.0,-1.0,-1.0,-1.0,-1.0,-1.0,-1.0,-1.0,-1.0,-1.0,-1.0,-1.0,-1.0,-1.0,-1.0,-1.0,-1.0,-1.0,-1.0,-1.0,-1.0,-1.0,-1.0,-1.0,-1.0,-1.0,-1.0,-1.0,-1.0,-1.0,-1.0,-1.0,-1.0,-1.0,-1.0,-1.0,-1.0,-1.0,-1.0,-1.0,-1.0,-1.0,-1.0,-1.0,-1.0,-1.0,-1.0,-1.0,-1.0,-1.0,-1.0,-1.0,-1.0,-1.0,-1.0,-1.0,-1.0,-1.0,-1.0,-1.0,-1.0,-1.0,-1.0,-1.0,-1.0,-1.0,-1.0,-1.0,-1.0,-1.0,-1.0,-1.0,-1.0,-1.0,-1.0,-1.0,-1.0,-1.0,-1.0,-1.0,-1.0,-1.0,-1.0,-1.0,-1.0,-1.0,-1.0,-1.0,-1.0,-1.0,-1.0,-1.0,-1.0,-1.0,-1.0,-1.0,-1.0,-1.0,-1.0,-1.0,-1.0,-1.0,-1.0,-1.0,-1.0,-1.0,-1.0,-1.0,-1.0,-1.0,-1.0,-1.0,-1.0,-1.0,-1.0,-1.0,-1.0,-1.0,-1.0,-1.0,-1.0,-1.0,-1.0,-1.0,-1.0,-1.0,-1.0,-1.0,-1.0,-1.0,-1.0,-1.0,-1.0,-1.0,-1.0,-1.0,-1.0,-1.0,-1.0,-1.0,-1.0,-1.0,-1.0,-1.0,-1.0,-1.0,-1.0,-1.0,-1.0,-1.0,-1.0,-1.0,-1.0,-1.0,-1.0,-1.0,-1.0,-1.0,-1.0,-1.0,-1.0,-1.0,-1.0,-1.0,-1.0,-1.0
-1.0,-1.0,-1.0,-1.0,-1.0,-1.0,-1.0,-1.0,-1.0,-1.0,-1.0,-1.0,-1.0,-1.0,-1.0,-1.0,-1.0,-1.0,-1.0,-1.0,-1.0,-1.0,-1.0,-1.0,-1.0,-1.0,-1.0,-1.0,-1.0,-1.0,-1.0,-1.0,-1.0,-1.0,-1.0,-1.0,-1.0,-1.0,-1.0,-1.0,-1.0,-1.0,-1.0,-1.0,-1.0,-1.0,-1.0,-1.0,-1.0,-1.0,-1.0,-1.0,-1.0,-1.0,-1.0,-1.0,-1.0,-1.0,-1.0,-1.0,-1.0,-1.0,-1.0,-1.0,-1.0,-1.0,-1.0,-1.0,-1.0,-1.0,-1.0,-1.0,-1.0,-1.0,-1.0,-1.0,-1.0,-1.0,-1.0,-1.0,-1.0,-1.0,-1.0,-1.0,-1.0,-1.0,-1.0,-1.0,-1.0,-1.0,-1.0,-1.0,-1.0,-1.0,-1.0,-1.0,-1.0,-1.0,-1.0,-1.0,-1.0,-1.0,-1.0,-1.0,-1.0,-1.0,-1.0,-1.0,-1.0,-1.0,-1.0,-1.0,-1.0,-1.0,-1.0,-1.0,-1.0,-1.0,-1.0,-1.0,-1.0,-1.0,-1.0,-1.0,-1.0,-1.0,-1.0,-1.0,-1.0,-1.0,-1.0,-1.0,-1.0,-1.0,-1.0,-1.0,-1.0,-1.0,-1.0,-1.0,-1.0,-1.0,-1.0,-1.0,-1.0,-1.0,-1.0,-1.0,-1.0,-1.0,-1.0,-1.0,-1.0,-1.0,-1.0,-1.0,-1.0,-1.0,-1.0,-1.0,-1.0,-1.0,-1.0,-1.0,-1.0,-1.0,-1.0,-1.0,-1.0,-1.0,-1.0,-1.0,-1.0,-1.0,-1.0,-1.0,-1.0,-1.0,-1.0,-1.0,-1.0,-1.0,-1.0,-1.0,-1.0,-1.0,-1.0,-1.0,-1.0,-1.0,-1.0,-1.0,-1.0,-1.0,-1.0,-1.0,-1.0,-1.0,-1.0,-1.0,-1.0,-1.0,-1.0,-1.0,-1.0,-1.0,-1.0,-1.0,-1.0,-1.0,-1.0,-1.0,-1.0,-1.0,-1.0,-1.0,-1.0,-1.0,-1.0,-1.0,-1.0
1.0,1.0,1.0,1.0,1.0,1.0,1.0,1.0,1.0,1.0,1.0,1.0,1.0,1.0,1.0,1.0,1.0,1.0,1.0,1.0,1.0,1.0,1.0,1.0,1.0,1.0,1.0,1.0,1.0,1.0,1.0,1.0,1.0,1.0,1.0,1.0,1.0,1.0,1.0,1.0,1.0,1.0,1.0,1.0,1.0,1.0,1.0,1.0,1.0,1.0,1.0,1.0,1.0,1.0,1.0,1.0,1.0,1.0,1.0,1.0,1.0,1.0,1.0,1.0,1.0,1.0,1.0,1.0,1.0,1.0,1.0,1.0,1.0,1.0,1.0,1.0,1.0,1.0,1.0,1.0,1.0,1.0,1.0,1.0,1.0,1.0,1.0,1.0,1.0,1.0,1.0,1.0,1.0,1.0,1.0,1.0,1.0,1.0,1.0,1.0,1.0,1.0,1.0,1.0,1.0,1.0,1.0,1.0,1.0,1.0,1.0,1.0,1.0,1.0,1.0,1.0,1.0,1.0,1.0,1.0,1.0,1.0,1.0,1.0,1.0,1.0,1.0,1.0,1.0,1.0,1.0,1.0,1.0,1.0,1.0,1.0,1.0,1.0,1.0,1.0,1.0,1.0,1.0,1.0,1.0,1.0,1.0,1.0,1.0,1.0,1.0,1.0,1.0,1.0,1.0,1.0,1.0,1.0,1.0,1.0,1.0,1.0,1.0,1.0,1.0,1.0,1.0,1.0,1.0,1.0,1.0,1.0,1.0,1.0,1.0,1.0,1.0,1.0,1.0,1.0,1.0,1.0,1.0,1.0,1.0,1.0,1.0,1.0,1.0,1.0,1.0,1.0,1.0,1.0,1.0,1.0,1.0,1.0,1.0,1.0,1.0,1.0,1.0,1.0,1.0,1.0,1.0,1.0,1.0,1.0,1.0,1.0,1.0,1.0,1.0,1.0,1.0,1.0,1.0,1.0,1.0
-1.0,-1.0,-1.0,-1.0,-1.0,-1.0,-1.0,-1.0,-1.0,-1.0,-1.0,-1.0,-1.0,-1.0,-1.0,-1.0,-1.0,-1.0,-1.0,-1.0,-1.0,-1.0,-1.0,-1.0,-1.0,-1.0,-1.0,-1.0,-1.0,-1.0,-1.0,-1.0,-1.0,-1.0,-1.0,-1.0,-1.0,-1.0,-1.0,-1.0,-1.0,-1.0,-1.0,-1.0,-1.0,-1.0,-1.0,-1.0,-1.0,-1.0,-1.0,-1.0,-1.0,-1.0,-1.0,-1.0,-1.0,-1.0,-1.0,-1.0,-1.0,-1.0,-1.0,-1.0,-1.0,-1.0,-1.0,-1.0,-1.0,-1.0,-1.0,-1.0,-1.0,-1.0,-1.0,-1.0,-1.0,-1.0,-1.0,-1.0,-1.0,-1.0,-1.0,-1.0,-1.0,-1.0,-1.0,-1.0,-1.0,-1.0,-1.0,-1.0,-1.0,-1.0,-1.0,-1.0,-1.0,-1.0,-1.0,-1.0,-1.0,-1.0,-1.0,-1.0,-1.0,-1.0,-1.0,-1.0,-1.0,-1.0,-1.0,-1.0,-1.0,-1.0,-1.0,-1.0,-1.0,-1.0,-1.0,-1.0,-1.0,-1.0,-1.0,-1.0,-1.0,-1.0,-1.0,-1.0,-1.0,-1.0,-1.0,-1.0,-1.0,-1.0,-1.0,-1.0,-1.0,-1.0,-1.0,-1.0,-1.0,-1.0,-1.0,-1.0,-1.0,-1.0,-1.0,-1.0,-1.0,-1.0,-1.0,-1.0,-1.0,-1.0,-1.0,-1.0,-1.0,-1.0,-1.0,-1.0,-1.0,-1.0,-1.0,-1.0,-1.0,-1.0,-1.0,-1.0,-1.0,-1.0,-1.0,-1.0,-1.0,-1.0,-1.0,-1.0,-1.0,-1.0,-1.0,-1.0,-1.0,-1.0,-1.0,-1.0,-1.0,-1.0,-1.0,-1.0,-1.0,-1.0,-1.0,-1.0,-1.0,-1.0,-1.0,-1.0,-1.0,-1.0,-1.0,-1.0,-1.0,-1.0,-1.0,-1.0,-1.0,-1.0,-1.0,-1.0,-1.0,-1.0,-1.0,-1.0,-1.0,-1.0,-1.0,-1.0,-1.0,-1.0,-1.0,-1.0,-1.0
-1.0,-1.0,-1.0,-1.0,-1.0,-1.0,-1.0,-1.0,-1.0,-1.0,-1.0,-1.0,-1.0,-1.0,-1.0,-1.0,-1.0,-1.0,-1.0,-1.0,-1.0,-1.0,-1.0,-1.0,-1.0,-1.0,-1.0,-1.0,-1.0,-1.0,-1.0,-1.0,-1.0,-1.0,-1.0,-1.0,-1.0,-1.0,-1.0,-1.0,-1.0,-1.0,-1.0,-1.0,-1.0,-1.0,-1.0,-1.0,-1.0,-1.0,-1.0,-1.0,-1.0,-1.0,-1.0,-1.0,-1.0,-1.0,-1.0,-1.0,-1.0,-1.0,-1.0,-1.0,-1.0,-1.0,-1.0,-1.0,-1.0,-1.0,-1.0,-1.0,-1.0,-1.0,-1.0,-1.0,-1.0,-1.0,-1.0,-1.0,-1.0,-1.0,-1.0,-1.0,-1.0,-1.0,-1.0,-1.0,-1.0,-1.0,-1.0,-1.0,-1.0,-1.0,-1.0,-1.0,-1.0,-1.0,-1.0,-1.0,-1.0,-1.0,-1.0,-1.0,-1.0,-1.0,-1.0,-1.0,-1.0,-1.0,-1.0,-1.0,-1.0,-1.0,-1.0,-1.0,-1.0,-1.0,-1.0,-1.0,-1.0,-1.0,-1.0,-1.0,-1.0,-1.0,-1.0,-1.0,-1.0,-1.0,-1.0,-1.0,-1.0,-1.0,-1.0,-1.0,-1.0,-1.0,-1.0,-1.0,-1.0,-1.0,-1.0,-1.0,-1.0,-1.0,-1.0,-1.0,-1.0,-1.0,-1.0,-1.0,-1.0,-1.0,-1.0,-1.0,-1.0,-1.0,-1.0,-1.0,-1.0,-1.0,-1.0,-1.0,-1.0,-1.0,-1.0,-1.0,-1.0,-1.0,-1.0,-1.0,-1.0,-1.0,-1.0,-1.0,-1.0,-1.0,-1.0,-1.0,-1.0,-1.0,-1.0,-1.0,-1.0,-1.0,-1.0,-1.0,-1.0,-1.0,-1.0,-1.0,-1.0,-1.0,-1.0,-1.0,-1.0,-1.0,-1.0,-1.0,-1.0,-1.0,-1.0,-1.0,-1.0,-1.0,-1.0,-1.0,-1.0,-1.0,-1.0,-1.0,-1.0,-1.0,-1.0,-1.0,-1.0,-1.0,-1.0,-1.0,-1.0
1.0,1.0,1.0,1.0,1.0,1.0,1.0,1.0,1.0,1.0,1.0,1.0,1.0,1.0,1.0,1.0,1.0,1.0,1.0,1.0,1.0,1.0,1.0,1.0,1.0,1.0,1.0,1.0,1.0,1.0,1.0,1.0,1.0,1.0,1.0,1.0,1.0,1.0,1.0,1.0,1.0,1.0,1.0,1.0,1.0,1.0,1.0,1.0,1.0,1.0,1.0,1.0,1.0,1.0,1.0,1.0,1.0,1.0,1.0,1.0,1.0,1.0,1.0,1.0,1.0,1.0,1.0,1.0,1.0,1.0,1.0,1.0,1.0,1.0,1.0,1.0,1.0,1.0,1.0,1.0,1.0,1.0,1.0,1.0,1.0,1.0,1.0,1.0,1.0,1.0,1.0,1.0,1.0,1.0,1.0,1.0,1.0,1.0,1.0,1.0,1.0,1.0,1.0,1.0,1.0,1.0,1.0,1.0,1.0,1.0,1.0,1.0,1.0,1.0,1.0,1.0,1.0,1.0,1.0,1.0,1.0,1.0,1.0,1.0,1.0,1.0,1.0,1.0,1.0,1.0,1.0,1.0,1.0,1.0,1.0,1.0,1.0,1.0,1.0,1.0,1.0,1.0,1.0,1.0,1.0,1.0,1.0,1.0,1.0,1.0,1.0,1.0,1.0,1.0,1.0,1.0,1.0,1.0,1.0,1.0,1.0,1.0,1.0,1.0,1.0,1.0,1.0,1.0,1.0,1.0,1.0,1.0,1.0,1.0,1.0,1.0,1.0,1.0,1.0,1.0,1.0,1.0,1.0,1.0,1.0,1.0,1.0,1.0,1.0,1.0,1.0,1.0,1.0,1.0,1.0,1.0,1.0,1.0,1.0,1.0,1.0,1.0,1.0,1.0,1.0,1.0,1.0,1.0,1.0,1.0,1.0,1.0,1.0,1.0,1.0,1.0,1.0,1.0,1.0,1.0,1.0
-0.353734764574951,-0.353734764574951,-0.353734764574951,-0.353734764574951,-0.353734764574951,-0.353734764574951,-0.353734764574951,-0.353734764574951,-0.353734764574951,-0.353734764574951,-0.353734764574951,-0.353734764574951,-0.353734764574951,-0.353734764574951,-0.353734764574951,-0.353734764574951,-0.353734764574951,-0.353734764574951,-0.353734764574951,-0.353734764574951,-0.353734764574951,-0.353734764574951,-0.353734764574951,-0.353734764574951,-0.353734764574951,-0.353734764574951,-0.353734764574951,-0.353734764574951,-0.353734764574951,-0.353734764574951,-0.353734764574951,-0.353734764574951,-0.353734764574951,-0.353734764574951,-0.353734764574951,-0.353734764574951,-0.353734764574951,-0.353734764574951,-0.353734764574951,-0.353734764574951,-0.353734764574951,-0.353734764574951,-0.353734764574951,-0.353734764574951,-0.353734764574951,-0.353734764574951,-0.353734764574951,-0.353734764574951,-0.353734764574951,-0.353734764574951,-0.353734764574951,-0.353734764574951,-0.353734764574951,-0.353734764574951,-0.353734764574951,-0.353734764574951,-0.353734764574951,-0.353734764574951,-0.353734764574951,-0.353734764574951,-0.353734764574951,-0.353734764574951,-0.353734764574951,-0.353734764574951,-0.353734764574951,-0.353734764574951,-0.353734764574951,-0.353734764574951,-0.353734764574951,-0.353734764574951,-0.353734764574951,-0.353734764574951,-0.353734764574951,-0.353734764574951,-0.353734764574951,-0.353734764574951,-0.353734764574951,-0.353734764574951,-0.353734764574951,-0.353734764574951,-0.353734764574951,-0.353734764574951,-0.353734764574951,-0.353734764574951,-0.353734764574951,-0.353734764574951,-0.353734764574951,-0.353734764574951,-0.353734764574951,-0.353734764574951,-0.353734764574951,-0.353734764574951,-0.353734764574951,-0.353734764574951,-0.353734764574951,-0.353734764574951,-0.353734764574951,-0.353734764574951,-0.353734764574951,-0.353734764574951,-0.353734764574951,-0.353734764574951,-0.353734764574951,-0.353734764574951,-0.353734764574951,-0.353734764574951,-0.353734764574951,-0.353734764574951,-0.353734764574951,-0.353734764574951,-0.353734764574951,-0.353734764574951,-0.353734764574951,-0.353734764574951,-0.353734764574951,-0.353734764574951,-0.353734764574951,-0.353734764574951,-0.353734764574951,-0.353734764574951,-0.353734764574951,-0.353734764574951,-0.353734764574951,-0.353734764574951,-0.353734764574951,-0.353734764574951,-0.353734764574951,-0.353734764574951,-0.353734764574951,-0.353734764574951,-0.353734764574951,-0.353734764574951,-0.353734764574951,-0.353734764574951,-0.353734764574951,-0.353734764574951,-0.353734764574951,-0.353734764574951,-0.353734764574951,-0.353734764574951,-0.353734764574951,-0.353734764574951,-0.353734764574951,-0.353734764574951,-0.353734764574951,-0.353734764574951,-0.353734764574951,-0.353734764574951,-0.353734764574951,-0.353734764574951,-0.353734764574951,-0.353734764574951,-0.353734764574951,-0.353734764574951,-0.353734764574951,-0.353734764574951,-0.353734764574951,-0.353734764574951,-0.353734764574951,-0.353734764574951,-0.353734764574951,-0.353734764574951,-0.353734764574951,-0.353734764574951,-0.353734764574951,-0.353734764574951,-0.353734764574951,-0.353734764574951,-0.353734764574951,-0.353734764574951,-0.353734764574951,-0.353734764574951,-0.353734764574951,-0.353734764574951,-0.353734764574951,-0.353734764574951,-0.353734764574951,-0.353734764574951,-0.353734764574951,-0.353734764574951,-0.353734764574951,-0.353734764574951,-0.353734764574951,-0.353734764574951,-0.353734764574951,-0.353734764574951,-0.353734764574951,-0.353734764574951,-0.353734764574951,-0.353734764574951,-0.353734764574951,-0.353734764574951,-0.353734764574951,-0.353734764574951,-0.353734764574951,-0.353734764574951,-0.353734764574951,-0.353734764574951,-0.353734764574951,-0.353734764574951,-0.353734764574951,-0.353734764574951,-0.353734764574951,-0.353734764574951,-0.353734764574951,-0.353734764574951,-0.353734764574951,-0.353734764574951,-0.353734764574951,-0.353734764574951,-0.353734764574951,-0.353734764574951,-0.353734764574951,-0.353734764574951,-0.353734764574951,-0.353734764574951,-0.353734764574951,-0.353734764574951,-0.353734764574951,-0.353734764574951,-0.353734764574951
-0.6458842061501843,-0.6458842061501843,-0.6458842061501843,-0.6458842061501843,-0.6458842061501843,-0.6458842061501843,-0.6458842061501843,-0.6458842061501843,-0.6458842061501843,-0.6458842061501843,-0.6458842061501843,-0.6458842061501843,-0.6458842061501843,-0.6458842061501843,-0.6458842061501843,-0.6458842061501843,-0.6458842061501843,-0.6458842061501843,-0.6458842061501843,-0.6458842061501843,-0.6458842061501843,-0.6458842061501843,-0.6458842061501843,-0.6458842061501843,-0.6458842061501843,-0.6458842061501843,-0.6458842061501843,-0.6458842061501843,-0.6458842061501843,-0.6458842061501843,-0.6458842061501843,-0.6458842061501843,-0.6458842061501843,-0.6458842061501843,-0.6458842061501843,-0.6458842061501843,-0.6458842061501843,-0.6458842061501843,-0.6458842061501843,-0.6458842061501843,-0.6458842061501843,-0.6458842061501843,-0.6458842061501843,-0.6458842061501843,-0.6458842061501843,-0.6458842061501843,-0.6458842061501843,-0.6458842061501843,-0.6458842061501843,-0.6458842061501843,-0.6458842061501843,-0.6458842061501843,-0.6458842061501843,-0.6458842061501843,-0.6458842061501843,-0.6458842061501843,-0.6458842061501843,-0.6458842061501843,-0.6458842061501843,-0.6458842061501843,-0.6458842061501843,-0.6458842061501843,-0.6458842061501843,-0.6458842061501843,-0.6458842061501843,-0.6458842061501843,-0.6458842061501843,-0.6458842061501843,-0.6458842061501843,-0.6458842061501843,-0.6458842061501843,-0.6458842061501843,-0.6458842061501843,-0.6458842061501843,-0.6458842061501843,-0.6458842061501843,-0.6458842061501843,-0.6458842061501843,-0.6458842061501843,-0.6458842061501843,-0.6458842061501843,-0.6458842061501843,-0.6458842061501843,-0.6458842061501843,-0.6458842061501843,-0.6458842061501843,-0.6458842061501843,-0.6458842061501843,-0.6458842061501843,-0.6458842061501843,-0.6458842061501843,-0.6458842061501843,-0.6458842061501843,-0.6458842061501843,-0.6458842061501843,-0.6458842061501843,-0.6458842061501843,-0.6458842061501843,-0.6458842061501843,-0.6458842061501843,-0.6458842061501843,-0.6458842061501843,-0.6458842061501843,-0.6458842061501843,-0.6458842061501843,-0.6458842061501843,-0.6458842061501843,-0.6458842061501843,-0.6458842061501843,-0.6458842061501843,-0.6458842061501843,-0.6458842061501843,-0.6458842061501843,-0.6458842061501843,-0.6458842061501843,-0.6458842061501843,-0.6458842061501843,-0.6458842061501843,-0.6458842061501843,-0.6458842061501843,-0.6458842061501843,-0.6458842061501843,-0.6458842061501843,-0.6458842061501843,-0.6458842061501843,-0.6458842061501843,-0.6458842061501843,-0.6458842061501843,-0.6458842061501843,-0.6458842061501843,-0.6458842061501843,-0.6458842061501843,-0.6458842061501843,-0.6458842061501843,-0.6458842061501843,-0.6458842061501843,-0.6458842061501843,-0.6458842061501843,-0.6458842061501843,-0.6458842061501843,-0.6458842061501843,-0.6458842061501843,-0.6458842061501843,-0.6458842061501843,-0.6458842061501843,-0.6458842061501843,-0.6458842061501843,-0.6458842061501843,-0.6458842061501843,-0.6458842061501843,-0.6458842061501843,-0.6458842061501843,-0.6458842061501843,-0.6458842061501843,-0.6458842061501843,-0.6458842061501843,-0.6458842061501843,-0.6458842061501843,-0.6458842061501843,-0.6458842061501843,-0.6458842061501843,-0.6458842061501843,-0.6458842061501843,-0.6458842061501843,-0.6458842061501843,-0.6458842061501843,-0.6458842061501843,-0.6458842061501843,-0.6458842061501843,-0.6458842061501843,-0.6458842061501843,-0.6458842061501843,-0.6458842061501843,-0.6458842061501843,-0.6458842061501843,-0.6458842061501843,-0.6458842061501843,-0.6458842061501843,-0.6458842061501843,-0.6458842061501843,-0.6458842061501843,-0.6458842061501843,-0.6458842061501843,-0.6458842061501843,-0.6458842061501843,-0.6458842061501843,-0.6458842061501843,-0.6458842061501843,-0.6458842061501843,-0.6458842061501843,-0.6458842061501843,-0.6458842061501843,-0.6458842061501843,-0.6458842061501843,-0.6458842061501843,-0.6458842061501843,-0.6458842061501843,-0.6458842061501843,-0.6458842061501843,-0.6458842061501843,-0.6458842061501843,-0.6458842061501843,-0.6458842061501843,-0.6458842061501843,-0.6458842061501843,-0.6458842061501843,-0.6458842061501843,-0.6458842061501843,-0.6458842061501843,-0.6458842061501843,-0.6458842061501843,-0.6458842061501843,-0.6458842061501843,-0.6458842061501843,-0.6458842061501843,-0.6458842061501843,-0.6458842061501843,-0.6458842061501843,-0.6458842061501843,-0.6458842061501843,-0.6458842061501843
-0.711639948231392,-0.711639948231392,-0.711639948231392,-0.711639948231392,-0.711639948231392,-0.711639948231392,-0.711639948231392,-0.711639948231392,-0.711639948231392,-0.711639948231392,-0.711639948231392,-0.711639948231392,-0.711639948231392,-0.711639948231392,-0.711639948231392,-0.711639948231392,-0.711639948231392,-0.711639948231392,-0.711639948231392,-0.711639948231392,-0.711639948231392,-0.711639948231392,-0.711639948231392,-0.711639948231392,-0.711639948231392,-0.711639948231392,-0.711639948231392,-0.711639948231392,-0.711639948231392,-0.711639948231392,-0.711639948231392,-0.711639948231392,-0.711639948231392,-0.711639948231392,-0.711639948231392,-0.711639948231392,-0.711639948231392,-0.711639948231392,-0.711639948231392,-0.711639948231392,-0.711639948231392,-0.711639948231392,-0.711639948231392,-0.711639948231392,-0.711639948231392,-0.711639948231392,-0.711639948231392,-0.711639948231392,-0.711639948231392,-0.711639948231392,-0.711639948231392,-0.711639948231392,-0.711639948231392,-0.711639948231392,-0.711639948231392,-0.711639948231392,-0.711639948231392,-0.711639948231392,-0.711639948231392,-0.711639948231392,-0.711639948231392,-0.711639948231392,-0.711639948231392,-0.711639948231392,-0.711639948231392,-0.711639948231392,-0.711639948231392,-0.711639948231392,-0.711639948231392,-0.711639948231392,-0.711639948231392,-0.711639948231392,-0.711639948231392,-0.711639948231392,-0.711639948231392,-0.711639948231392,-0.711639948231392,-0.711639948231392,-0.711639948231392,-0.711639948231392,-0.711639948231392,-0.711639948231392,-0.711639948231392,-0.711639948231392,-0.711639948231392,-0.711639948231392,-0.711639948231392,-0.711639948231392,-0.711639948231392,-0.711639948231392,-0.711639948231392,-0.711639948231392,-0.711639948231392,-0.711639948231392,-0.711639948231392,-0.711639948231392,-0.711639948231392,-0.711639948231392,-0.711639948231392,-0.711639948231392,-0.711639948231392,-0.711639948231392,-0.711639948231392,-0.711639948231392,-0.711639948231392,-0.711639948231392,-0.711639948231392,-0.711639948231392,-0.711639948231392,-0.711639948231392,-0.711639948231392,-0.711639948231392,-0.711639948231392,-0.711639948231392,-0.711639948231392,-0.711639948231392,-0.711639948231392,-0.711639948231392,-0.711639948231392,-0.711639948231392,-0.711639948231392,-0.711639948231392,-0.711639948231392,-0.711639948231392,-0.711639948231392,-0.711639948231392,-0.711639948231392,-0.711639948231392,-0.711639948231392,-0.711639948231392,-0.711639948231392,-0.711639948231392,-0.711639948231392,-0.711639948231392,-0.711639948231392,-0.711639948231392,-0.711639948231392,-0.711639948231392,-0.711639948231392,-0.711639948231392,-0.711639948231392,-0.711639948231392,-0.711639948231392,-0.711639948231392,-0.711639948231392,-0.711639948231392,-0.711639948231392,-0.711639948231392,-0.711639948231392,-0.711639948231392,-0.711639948231392,-0.711639948231392,-0.711639948231392,-0.711639948231392,-0.711639948231392,-0.711639948231392,-0.711639948231392,-0.711639948231392,-0.711639948231392,-0.711639948231392,-0.711639948231392,-0.711639948231392,-0.711639948231392,-0.711639948231392,-0.711639948231392,-0.711639948231392,-0.711639948231392,-0.711639948231392,-0.711639948231392,-0.711639948231392,-0.711639948231392,-0.711639948231392,-0.711639948231392,-0.711639948231392,-0.711639948231392,-0.711639948231392,-0.711639948231392,-0.711639948231392,-0.711639948231392,-0.711639948231392,-0.711639948231392,-0.711639948231392,-0.711639948231392,-0.711639948231392,-0.711639948231392,-0.711639948231392,-0.711639948231392,-0.711639948231392,-0.711639948231392,-0.711639948231392,-0.711639948231392,-0.711639948231392,-0.711639948231392,-0.711639948231392,-0.711639948231392,-0.711639948231392,-0.711639948231392,-0.711639948231392,-0.711639948231392,-0.711639948231392,-0.711639948231392,-0.711639948231392,-0.711639948231392,-0.711639948231392,-0.711639948231392,-0.711639948231392,-0.711639948231392,-0.711639948231392,-0.711639948231392,-0.711639948231392,-0.711639948231392,-0.711639948231392,-0.711639948231392,-0.711639948231392,-0.711639948231392,-0.711639948231392,-0.711639948231392,-0.711639948231392,-0.711639948231392,-0.711639948231392,-0.711639948231392
1.0,1.0,1.0,1.0,1.0,1.0,1.0,1.0,1.0,1.0,1.0,1.0,1.0,1.0,1.0,1.0,1.0,1.0,1.0,1.0,1.0,1.0,1.0,1.0,1.0,1.0,1.0,1.0,1.0,1.0,1.0,1.0,1.0,1.0,1.0,1.0,1.0,1.0,1.0,1.0,1.0,1.0,1.0,1.0,1.0,1.0,1.0,1.0,1.0,1.0,1.0,1.0,1.0,1.0,1.0,1.0,1.0,1.0,1.0,1.0,1.0,1.0,1.0,1.0,1.0,1.0,1.0,1.0,1.0,1.0,1.0,1.0,1.0,1.0,1.0,1.0,1.0,1.0,1.0,1.0,1.0,1.0,1.0,1.0,1.0,1.0,1.0,1.0,1.0,1.0,1.0,1.0,1.0,1.0,1.0,1.0,1.0,1.0,1.0,1.0,1.0,1.0,1.0,1.0,1.0,1.0,1.0,1.0,1.0,1.0,1.0,1.0,1.0,1.0,1.0,1.0,1.0,1.0,1.0,1.0,1.0,1.0,1.0,1.0,1.0,1.0,1.0,1.0,1.0,1.0,1.0,1.0,1.0,1.0,1.0,1.0,1.0,1.0,1.0,1.0,1.0,1.0,1.0,1.0,1.0,1.0,1.0,1.0,1.0,1.0,1.0,1.0,1.0,1.0,1.0,1.0,1.0,1.0,1.0,1.0,1.0,1.0,1.0,1.0,1.0,1.0,1.0,1.0,1.0,1.0,1.0,1.0,1.0,1.0,1.0,1.0,1.0,1.0,1.0,1.0,1.0,1.0,1.0,1.0,1.0,1.0,1.0,1.0,1.0,1.0,1.0,1.0,1.0,1.0,1.0,1.0,1.0,1.0,1.0,1.0,1.0,1.0,1.0,1.0,1.0,1.0,1.0,1.0,1.0,1.0,1.0,1.0,1.0,1.0,1.0,1.0,1.0,1.0,1.0,1.0,1.0
1.0,1.0,-1.0,-1.0,1.0,1.0,1.0,1.0,1.0,-1.0,1.0,1.0,1.0,1.0,1.0,1.0,1.0,1.0,1.0,-1.0,-1.0,-1.0,-1.0,-1.0,-1.0,-1.0,-1.0,-1.0,-1.0,1.0,1.0,1.0,1.0,1.0,-1.0,-1.0,-1.0,1.0,1.0,1.0,1.0,1.0,1.0,1.0,1.0,1.0,1.0,-1.0,1.0,1.0,1.0,1.0,1.0,-1.0,1.0,1.0,1.0,1.0,1.0,1.0,1.0,1.0,-1.0,1.0,1.0,1.0,1.0,1.0,1.0,1.0,1.0,-1.0,1.0,1.0,1.0,1.0,1.0,1.0,1.0,1.0,1.0,1.0,1.0,-1.0,-1.0,1.0,1.0,-1.0,-1.0,-1.0,-1.0,-1.0,-1.0,-1.0,1.0,1.0,1.0,1.0,1.0,1.0,1.0,1.0,1.0,1.0,1.0,1.0,1.0,1.0,1.0,1.0,1.0,1.0,1.0,1.0,1.0,1.0,1.0,1.0,1.0,1.0,1.0,1.0,1.0,1.0,1.0,-1.0,1.0,1.0,-1.0,1.0,-1.0,-1.0,1.0,-1.0,-1.0,-1.0,-1.0,1.0,1.0,1.0,-1.0,-1.0,-1.0,-1.0,-1.0,-1.0,-1.0,1.0,-1.0,1.0,-1.0,-1.0,1.0,-1.0,-1.0,1.0,-1.0,1.0,-1.0,-1.0,1.0,-1.0,-1.0,-1.0,-1.0,-1.0,-1.0,1.0,1.0,1.0,1.0,1.0,1.0,1.0,1.0,1.0,1.0,1.0,1.0,1.0,1.0,1.0,1.0,1.0,1.0,1.0,1.0,1.0,1.0,1.0,1.0,1.0,1.0,1.0,1.0,1.0,1.0,1.0,1.0,1.0,1.0,1.0,1.0,1.0,1.0,1.0,1.0,1.0,1.0,1.0,1.0,1.0,1.0,1.0,-1.0,-1.0,1.0,1.0,1.0,-1.0,-1.0
-1.0,-1.0,-1.0,-1.0,-1.0,-1.0,-1.0,-1.0,-1.0,-1.0,-1.0,-1.0,-1.0,-1.0,-1.0,-1.0,-1.0,-1.0,-1.0,-1.0,-1.0,-1.0,-1.0,-1.0,-1.0,-1.0,-1.0,-1.0,-1.0,-1.0,-1.0,-1.0,-1.0,-1.0,-1.0,-1.0,-1.0,-1.0,-1.0,-1.0,-1.0,-1.0,-1.0,-1.0,-1.0,-1.0,-1.0,-1.0,-1.0,-1.0,-1.0,-1.0,-1.0,-1.0,-1.0,-1.0,-1.0,-1.0,-1.0,-1.0,-1.0,-1.0,-1.0,-1.0,-1.0,-1.0,-1.0,-1.0,-1.0,-1.0,-1.0,-1.0,-1.0,-1.0,-1.0,-1.0,-1.0,-1.0,-1.0,-1.0,-1.0,-1.0,-1.0,-1.0,-1.0,-1.0,-1.0,-1.0,-1.0,-1.0,-1.0,-1.0,-1.0,-1.0,-1.0,-1.0,-1.0,-1.0,-1.0,-1.0,-1.0,-1.0,-1.0,-1.0,-1.0,-1.0,-1.0,-1.0,-1.0,-1.0,-1.0,-1.0,-1.0,-1.0,-1.0,-1.0,-1.0,-1.0,-1.0,-1.0,-1.0,-1.0,-1.0,-1.0,-1.0,-1.0,-1.0,-1.0,-1.0,-1.0,1.0,1.0,-1.0,-1.0,-1.0,-1.0,-1.0,-1.0,-1.0,-1.0,-1.0,-1.0,-1.0,1.0,1.0,1.0,-1.0,-1.0,-1.0,-1.0,-1.0,-1.0,-1.0,-1.0,-1.0,-1.0,-1.0,-1.0,-1.0,1.0,-1.0,-1.0,-1.0,-1.0,1.0,-1.0,-1.0,-1.0,-1.0,-1.0,-1.0,-1.0,-1.0,-1.0,-1.0,-1.0,-1.0,-1.0,-1.0,-1.0,-1.0,-1.0,-1.0,-1.0,-1.0,-1.0,-1.0,-1.0,-1.0,-1.0,-1.0,-1.0,-1.0,-1.0,-1.0,-1.0,-1.0,-1.0,-1.0,-1.0,-1.0,-1.0,-1.0,-1.0,-1.0,-1.0,-1.0,-1.0,-1.0,-1.0,-1.0,-1.0,-1.0,-1.0,-1.0,-1.0,-1.0,-1.0,-1.0,-1.0,-1.0
-1.0,-1.0,-1.0,-1.0,-1.0,-1.0,-1.0,-1.0,-1.0,-1.0,-1.0,-1.0,-1.0,-1.0,-1.0,-1.0,-1.0,-1.0,-1.0,-1.0,-1.0,-1.0,-1.0,-1.0,-1.0,-1.0,-1.0,-1.0,-1.0,-1.0,-1.0,-1.0,-1.0,-1.0,-1.0,-1.0,-1.0,-1.0,-1.0,-1.0,-1.0,-1.0,-1.0,-1.0,-1.0,-1.0,-1.0,-1.0,-1.0,-1.0,-1.0,-1.0,-1.0,-1.0,-1.0,-1.0,-1.0,-1.0,-1.0,-1.0,-1.0,-1.0,-1.0,-1.0,-1.0,-1.0,-1.0,-1.0,-1.0,-1.0,-1.0,-1.0,-1.0,-1.0,-1.0,-1.0,-1.0,-1.0,-1.0,-1.0,-1.0,-1.0,-1.0,-1.0,-1.0,-1.0,-1.0,-1.0,-1.0,-1.0,-1.0,-1.0,-1.0,-1.0,-1.0,-1.0,-1.0,-1.0,-1.0,-1.0,-1.0,-1.0,-1.0,-1.0,-1.0,-1.0,-1.0,-1.0,-1.0,-1.0,-1.0,-1.0,-1.0,-1.0,-1.0,-1.0,-1.0,-1.0,-1.0,-1.0,-1.0,-1.0,-1.0,-1.0,-1.0,-1.0,-1.0,-1.0,-1.0,-1.0,-1.0,-1.0,-1.0,-1.0,-1.0,-1.0,-1.0,-1.0,-1.0,-1.0,-1.0,-1.0,-1.0,-1.0,-1.0,-1.0,-1.0,-1.0,-1.0,-1.0,-1.0,-1.0,-1.0,-1.0,-1.0,-1.0,-1.0,-1.0,-1.0,-1.0,-1.0,-1.0,-1.0,-1.0,-1.0,-1.0,-1.0,-1.0,-1.0,-1.0,-1.0,-1.0,-1.0,-1.0,-1.0,-1.0,-1.0,-1.0,-1.0,-1.0,-1.0,-1.0,-1.0,-1.0,-1.0,-1.0,-1.0,-1.0,-1.0,-1.0,-1.0,-1.0,-1.0,-1.0,-1.0,-1.0,-1.0,-1.0,-1.0,-1.0,-1.0,-1.0,-1.0,-1.0,-1.0,-1.0,-1.0,-1.0,-1.0,-1.0,-1.0,-1.0,-1.0,-1.0,-1.0,-1.0,-1.0,-1.0,-1.0,-1.0,-1.0
-1.0,-1.0,-1.0,-1.0,-1.0,-1.0,-1.0,-1.0,-1.0,-1.0,-1.0,-1.0,-1.0,-1.0,-1.0,-1.0,-1.0,-1.0,-1.0,-1.0,-1.0,-1.0,-1.0,-1.0,-1.0,-1.0,-1.0,-1.0,-1.0,-1.0,-1.0,-1.0,-1.0,-1.0,-1.0,-1.0,-1.0,-1.0,-1.0,-1.0,-1.0,-1.0,-1.0,-1.0,-1.0,-1.0,-1.0,-1.0,-1.0,-1.0,-1.0,-1.0,-1.0,-1.0,-1.0,-1.0,-1.0,-1.0,-1.0,-1.0,-1.0,-1.0,-1.0,-1.0,-1.0,-1.0,-1.0,-1.0,-1.0,-1.0,-1.0,-1.0,-1.0,-1.0,-1.0,-1.0,-1.0,-1.0,-1.0,-1.0,-1.0,-1.0,-1.0,-1.0,-1.0,-1.0,-1.0,-1.0,-1.0,-1.0,-1.0,-1.0,-1.0,-1.0,-1.0,-1.0,-1.0,-1.0,-1.0,-1.0,-1.0,-1.0,-1.0,-1.0,-1.0,-1.0,-1.0,-1.0,-1.0,-1.0,-1.0,-1.0,-1.0,-1.0,-1.0,-1.0,-1.0,-1.0,-1.0,-1.0,-1.0,-1.0,-1.0,-1.0,-1.0,-1.0,-1.0,-1.0,-1.0,-1.0,-1.0,-1.0,-1.0,-1.0,-1.0,-1.0,-1.0,-1.0,-1.0,-1.0,-1.0,-1.0,-1.0,-1.0,-1.0,-1.0,-1.0,-1.0,-1.0,-1.0,-1.0,-1.0,-1.0,-1.0,-1.0,-1.0,-1.0,-1.0,-1.0,-1.0,-1.0,-1.0,-1.0,-1.0,-1.0,-1.0,-1.0,-1.0,-1.0,-1.0,-1.0,-1.0,-1.0,-1.0,-1.0,-1.0,-1.0,-1.0,-1.0,-1.0,-1.0,-1.0,-1.0,-1.0,-1.0,-1.0,-1.0,-1.0,-1.0,-1.0,-1.0,-1.0,-1.0,-1.0,-1.0,-1.0,-1.0,-1.0,-1.0,-1.0,-1.0,-1.0,-1.0,-1.0,-1.0,-1.0,-1.0,-1.0,-1.0,-1.0,-1.0,-1.0,-1.0,-1.0,-1.0,-1.0,-1.0,-1.0,-1.0,-1.0,-1.0
-1.0,-1.0,-1.0,-1.0,-1.0,-1.0,-1.0,-1.0,-1.0,-1.0,1.0,1.0,1.0,1.0,1.0,1.0,1.0,1.0,-1.0,-1.0,-1.0,-1.0,-1.0,-1.0,-1.0,-1.0,-1.0,-1.0,-1.0,1.0,1.0,1.0,1.0,1.0,-1.0,-1.0,-1.0,1.0,1.0,1.0,1.0,1.0,1.0,1.0,1.0,1.0,1.0,-1.0,1.0,1.0,1.0,1.0,1.0,-1.0,1.0,1.0,1.0,1.0,1.0,1.0,1.0,1.0,-1.0,1.0,1.0,1.0,1.0,1.0,1.0,1.0,1.0,-1.0,1.0,1.0,1.0,1.0,1.0,1.0,1.0,1.0,1.0,1.0,1.0,-1.0,-1.0,1.0,1.0,-1.0,-1.0,-1.0,-1.0,-1.0,-1.0,-1.0,1.0,1.0,1.0,1.0,1.0,1.0,1.0,1.0,1.0,1.0,1.0,1.0,1.0,1.0,1.0,1.0,1.0,1.0,1.0,1.0,1.0,1.0,1.0,1.0,1.0,1.0,1.0,1.0,1.0,1.0,1.0,-1.0,-1.0,-1.0,-1.0,-1.0,-1.0,-1.0,-1.0,-1.0,-1.0,-1.0,-1.0,1.0,1.0,1.0,-1.0,-1.0,-1.0,-1.0,-1.0,-1.0,-1.0,-1.0,-1.0,-1.0,-1.0,-1.0,-1.0,-1.0,-1.0,-1.0,-1.0,-1.0,-1.0,-1.0,-1.0,-1.0,-1.0,-1.0,-1.0,-1.0,-1.0,1.0,1.0,1.0,1.0,1.0,1.0,1.0,1.0,1.0,1.0,1.0,1.0,1.0,1.0,1.0,-1.0,1.0,1.0,1.0,1.0,1.0,1.0,1.0,1.0,1.0,1.0,1.0,1.0,1.0,1.0,1.0,1.0,1.0,1.0,1.0,1.0,1.0,1.0,1.0,1.0,1.0,1.0,1.0,1.0,1.0,1.0,1.0,-1.0,-1.0,-1.0,-1.0,-1.0,-1.0,-1.0
-1.0,1.0,-1.0,-1.0,-1.0,-1.0,-1.0,-1.0,-1.0,-1.0,-1.0,-1.0,-1.0,-1.0,-1.0,-1.0,-1.0,-1.0,-1.0,1.0,-1.0,1.0,-1.0,1.0,-1.0,1.0,-1.0,1.0,-1.0,-1.0,-1.0,-1.0,-1.0,-1.0,1.0,-1.0,-1.0,-1.0,-1.0,-1.0,-1.0,-1.0,-1.0,-1.0,-1.0,-1.0,-1.0,-1.0,-1.0,-1.0,-1.0,-1.0,-1.0,-1.0,-1.0,-1.0,-1.0,-1.0,-1.0,-1.0,-1.0,-1.0,-1.0,-1.0,-1.0,-1.0,-1.0,-1.0,-1.0,-1.0,-1.0,-1.0,-1.0,-1.0,-1.0,-1.0,-1.0,-1.0,-1.0,-1.0,-1.0,-1.0,-1.0,1.0,1.0,-1.0,-1.0,-1.0,1.0,-1.0,1.0,-1.0,1.0,-1.0,-1.0,-1.0,-1.0,-1.0,-1.0,-1.0,-1.0,-1.0,-1.0,-1.0,-1.0,-1.0,-1.0,-1.0,-1.0,-1.0,-1.0,-1.0,-1.0,-1.0,-1.0,-1.0,-1.0,-1.0,-1.0,-1.0,-1.0,-1.0,-1.0,-1.0,-1.0,-1.0,1.0,1.0,-1.0,1.0,-1.0,-1.0,-1.0,-1.0,1.0,-1.0,1.0,1.0,1.0,1.0,-1.0,1.0,-1.0,-1.0,-1.0,-1.0,-1.0,-1.0,-1.0,-1.0,-1.0,-1.0,-1.0,-1.0,-1.0,-1.0,-1.0,-1.0,-1.0,-1.0,-1.0,-1.0,-1.0,-1.0,-1.0,-1.0,1.0,-1.0,-1.0,-1.0,-1.0,-1.0,-1.0,-1.0,1.0,1.0,1.0,1.0,1.0,1.0,1.0,1.0,-1.0,-1.0,-1.0,-1.0,-1.0,-1.0,-1.0,-1.0,-1.0,-1.0,-1.0,-1.0,-1.0,-1.0,-1.0,-1.0,-1.0,-1.0,-1.0,-1.0,-1.0,-1.0,-1.0,-1.0,-1.0,-1.0,-1.0,-1.0,-1.0,-1.0,-1.0,-1.0,-1.0,-1.0,-1.0,-1.0,1.0,-1.0,1.0
-1.0,-1.0,-1.0,-1.0,-1.0,-1.0,-1.0,-1.0,-1.0,-1.0,-1.0,-1.0,-1.0,-1.0,-1.0,-1.0,-1.0,-1.0,-1.0,-1.0,-1.0,-1.0,-1.0,-1.0,-1.0,-1.0,-1.0,-1.0,-1.0,-1.0,-1.0,-1.0,-1.0,-1.0,-1.0,-1.0,-1.0,-1.0,-1.0,-1.0,-1.0,-1.0,-1.0,-1.0,-1.0,-1.0,-1.0,-1.0,-1.0,-1.0,-1.0,-1.0,-1.0,-1.0,-1.0,-1.0,-1.0,-1.0,-1.0,-1.0,-1.0,-1.0,-1.0,-1.0,-1.0,-1.0,-1.0,-1.0,-1.0,-1.0,-1.0,-1.0,-1.0,-1.0,-1.0,-1.0,-1.0,-1.0,-1.0,-1.0,-1.0,-1.0,-1.0,-1.0,-1.0,-1.0,-1.0,-1.0,-1.0,-1.0,-1.0,-1.0,-1.0,-1.0,-1.0,-1.0,-1.0,-1.0,-1.0,-1.0,-1.0,-1.0,-1.0,-1.0,-1.0,-1.0,-1.0,-1.0,-1.0,-1.0,-1.0,-1.0,-1.0,-1.0,-1.0,-1.0,-1.0,-1.0,-1.0,-1.0,-1.0,-1.0,-1.0,-1.0,-1.0,-1.0,-1.0,-1.0,-1.0,-1.0,-1.0,-1.0,-1.0,-1.0,-1.0,-1.0,-1.0,-1.0,-1.0,-1.0,-1.0,-1.0,-1.0,-1.0,-1.0,-1.0,-1.0,-1.0,-1.0,-1.0,-1.0,-1.0,-1.0,-1.0,-1.0,-1.0,-1.0,-1.0,-1.0,-1.0,-1.0,-1.0,-1.0,-1.0,-1.0,-1.0,-1.0,-1.0,-1.0,-1.0,-1.0,-1.0,-1.0,-1.0,-1.0,-1.0,-1.0,-1.0,-1.0,-1.0,-1.0,-1.0,-1.0,-1.0,-1.0,-1.0,-1.0,-1.0,-1.0,-1.0,-1.0,-1.0,-1.0,-1.0,-1.0,-1.0,-1.0,-1.0,-1.0,-1.0,-1.0,-1.0,-1.0,-1.0,-1.0,-1.0,-1.0,-1.0,-1.0,-1.0,-1.0,-1.0,-1.0,-1.0,-1.0,-1.0,-1.0,-1.0,-1.0,-1.0,-1.0
-1.0,-1.0,-1.0,-1.0,-1.0,-1.0,-1.0,-1.0,-1.0,-1.0,-1.0,-1.0,-1.0,-1.0,-1.0,-1.0,-1.0,-1.0,-1.0,-1.0,-1.0,-1.0,-1.0,-1.0,-1.0,-1.0,-1.0,-1.0,-1.0,-1.0,-1.0,-1.0,-1.0,-1.0,-1.0,-1.0,-1.0,-1.0,-1.0,-1.0,-1.0,-1.0,-1.0,-1.0,-1.0,-1.0,-1.0,-1.0,-1.0,-1.0,-1.0,-1.0,-1.0,-1.0,-1.0,-1.0,-1.0,-1.0,-1.0,-1.0,-1.0,-1.0,-1.0,-1.0,-1.0,-1.0,-1.0,-1.0,-1.0,-1.0,-1.0,-1.0,-1.0,-1.0,-1.0,-1.0,-1.0,-1.0,-1.0,-1.0,-1.0,-1.0,-1.0,-1.0,-1.0,-1.0,-1.0,-1.0,-1.0,-1.0,-1.0,-1.0,-1.0,-1.0,-1.0,-1.0,-1.0,-1.0,-1.0,-1.0,-1.0,-1.0,-1.0,-1.0,-1.0,-1.0,-1.0,-1.0,-1.0,-1.0,-1.0,-1.0,-1.0,-1.0,-1.0,-1.0,-1.0,-1.0,-1.0,-1.0,-1.0,-1.0,-1.0,-1.0,-1.0,-1.0,-1.0,-1.0,-1.0,-1.0,-1.0,-1.0,-1.0,-1.0,-1.0,-1.0,-1.0,-1.0,-1.0,-1.0,-1.0,-1.0,-1.0,-1.0,-1.0,-1.0,-1.0,-1.0,-1.0,-1.0,-1.0,-1.0,-1.0,-1.0,-1.0,-1.0,-1.0,-1.0,-1.0,-1.0,-1.0,-1.0,-1.0,-1.0,-1.0,-1.0,-1.0,-1.0,-1.0,-1.0,-1.0,-1.0,-1.0,-1.0,-1.0,-1.0,-1.0,-1.0,-1.0,-1.0,-1.0,-1.0,-1.0,-1.0,-1.0,-1.0,-1.0,-1.0,-1.0,-1.0,-1.0,-1.0,-1.0,-1.0,-1.0,-1.0,-1.0,-1.0,-1.0,-1.0,-1.0,-1.0,-1.0,-1.0,-1.0,-1.0,-1.0,-1.0,-1.0,-1.0,-1.0,-1.0,-1.0,-1.0,-1.0,-1.0,-1.0,-1.0,-1.0,-1.0,-1.0
-1.0,-1.0,1.0,1.0,-1.0,-1.0,-1.0,1.0,-1.0,-1.0,-1.0,-1.0,-1.0,-1.0,-1.0,-1.0,-1.0,-1.0,-1.0,-1.0,-1.0,-1.0,-1.0,-1.0,-1.0,-1.0,-1.0,-1.0,-1.0,-1.0,-1.0,-1.0,-1.0,-1.0,-1.0,-1.0,-1.0,-1.0,-1.0,-1.0,-1.0,-1.0,-1.0,-1.0,-1.0,-1.0,-1.0,-1.0,-1.0,-1.0,-1.0,-1.0,-1.0,-1.0,-1.0,-1.0,-1.0,-1.0,-1.0,-1.0,-1.0,-1.0,-1.0,-1.0,-1.0,-1.0,-1.0,-1.0,-1.0,-1.0,-1.0,-1.0,-1.0,-1.0,-1.0,-1.0,-1.0,-1.0,-1.0,-1.0,-1.0,-1.0,-1.0,-1.0,-1.0,-1.0,-1.0,-1.0,-1.0,-1.0,-1.0,-1.0,-1.0,-1.0,-1.0,-1.0,-1.0,-1.0,-1.0,-1.0,-1.0,-1.0,-1.0,-1.0,-1.0,-1.0,-1.0,-1.0,-1.0,-1.0,-1.0,-1.0,-1.0,-1.0,-1.0,-1.0,-1.0,-1.0,-1.0,-1.0,-1.0,-1.0,-1.0,-1.0,-1.0,1.0,1.0,1.0,-1.0,-1.0,1.0,-1.0,1.0,-1.0,-1.0,-1.0,-1.0,-1.0,-1.0,-1.0,-1.0,-1.0,-1.0,-1.0,-1.0,-1.0,-1.0,-1.0,-1.0,-1.0,-1.0,-1.0,-1.0,-1.0,-1.0,-1.0,-1.0,-1.0,-1.0,-1.0,-1.0,-1.0,-1.0,-1.0,-1.0,-1.0,-1.0,-1.0,-1.0,-1.0,-1.0,-1.0,-1.0,-1.0,-1.0,-1.0,-1.0,-1.0,-1.0,-1.0,-1.0,1.0,1.0,-1.0,-1.0,-1.0,-1.0,-1.0,-1.0,-1.0,-1.0,-1.0,-1.0,-1.0,-1.0,-1.0,-1.0,-1.0,-1.0,-1.0,-1.0,-1.0,-1.0,-1.0,-1.0,-1.0,-1.0,-1.0,-1.0,-1.0,-1.0,-1.0,-1.0,-1.0,1.0,1.0,-1.0,-1.0,-1.0,1.0,1.0
-1.0,-1.0,-1.0,-1.0,-1.0,-1.0,-1.0,-1.0,-1.0,-1.0,-1.0,-1.0,-1.0,-1.0,-1.0,-1.0,-1.0,-1.0,-1.0,-1.0,-1.0,-1.0,-1.0,-1.0,-1.0,-1.0,-1.0,-1.0,-1.0,-1.0,-1.0,-1.0,-1.0,-1.0,-1.0,-1.0,-1.0,-1.0,-1.0,-1.0,-1.0,-1.0,-1.0,-1.0,-1.0,-1.0,-1.0,-1.0,-1.0,-1.0,-1.0,-1.0,-1.0,-1.0,-1.0,-1.0,-1.0,-1.0,-1.0,-1.0,-1.0,-1.0,-1.0,-1.0,-1.0,-1.0,-1.0,-1.0,-1.0,-1.0,-1.0,-1.0,-1.0,-1.0,-1.0,-1.0,-1.0,-1.0,-1.0,-1.0,-1.0,-1.0,-1.0,-1.0,-1.0,-1.0,-1.0,-1.0,-1.0,-1.0,-1.0,-1.0,-1.0,-1.0,-1.0,-1.0,-1.0,-1.0,-1.0,-1.0,-1.0,-1.0,-1.0,-1.0,-1.0,-1.0,-1.0,-1.0,-1.0,-1.0,-1.0,-1.0,-1.0,-1.0,-1.0,-1.0,-1.0,-1.0,-1.0,-1.0,-1.0,-1.0,-1.0,-1.0,-1.0,-1.0,-1.0,-1.0,-1.0,-1.0,-1.0,-1.0,-1.0,-1.0,-1.0,-1.0,-1.0,-1.0,-1.0,-1.0,-1.0,-1.0,-1.0,-1.0,-1.0,-1.0,-1.0,-1.0,-1.0,-1.0,-1.0,-1.0,-1.0,-1.0,-1.0,-1.0,-1.0,-1.0,-1.0,-1.0,-1.0,-1.0,-1.0,-1.0,-1.0,-1.0,-1.0,-1.0,-1.0,-1.0,-1.0,-1.0,-1.0,-1.0,-1.0,-1.0,-1.0,-1.0,-1.0,-1.0,-1.0,-1.0,-1.0,-1.0,-1.0,-1.0,-1.0,-1.0,-1.0,-1.0,-1.0,-1.0,-1.0,-1.0,-1.0,-1.0,-1.0,-1.0,-1.0,-1.0,-1.0,-1.0,-1.0,-1.0,-1.0,-1.0,-1.0,-1.0,-1.0,-1.0,-1.0,-1.0,-1.0,-1.0,-1.0,-1.0,-1.0,-1.0,-1.0,-1.0,-1.0
-1.0,-1.0,-1.0,-1.0,-1.0,-1.0,-1.0,-1.0,-1.0,-1.0,-1.0,-1.0,-1.0,-1.0,-1.0,-1.0,-1.0,-1.0,-1.0,-1.0,-1.0,-1.0,-1.0,-1.0,-1.0,-1.0,-1.0,-1.0,-1.0,-1.0,-1.0,-1.0,-1.0,-1.0,-1.0,-1.0,-1.0,-1.0,-1.0,-1.0,-1.0,-1.0,-1.0,-1.0,-1.0,-1.0,-1.0,-1.0,-1.0,-1.0,-1.0,-1.0,-1.0,-1.0,-1.0,-1.0,-1.0,-1.0,-1.0,-1.0,-1.0,-1.0,-1.0,-1.0,-1.0,-1.0,-1.0,-1.0,-1.0,-1.0,-1.0,-1.0,-1.0,-1.0,-1.0,-1.0,-1.0,-1.0,-1.0,-1.0,-1.0,-1.0,-1.0,-1.0,-1.0,-1.0,-1.0,-1.0,-1.0,-1.0,-1.0,-1.0,-1.0,-1.0,-1.0,-1.0,-1.0,-1.0,-1.0,-1.0,-1.0,-1.0,-1.0,-1.0,-1.0,-1.0,-1.0,-1.0,-1.0,-1.0,-1.0,-1.0,-1.0,-1.0,-1.0,-1.0,-1.0,-1.0,-1.0,-1.0,-1.0,-1.0,-1.0,-1.0,-1.0,-1.0,-1.0,-1.0,-1.0,-1.0,-1.0,-1.0,-1.0,-1.0,-1.0,-1.0,-1.0,-1.0,-1.0,-1.0,-1.0,-1.0,-1.0,-1.0,-1.0,-1.0,-1.0,-1.0,-1.0,-1.0,-1.0,-1.0,-1.0,-1.0,-1.0,-1.0,-1.0,-1.0,-1.0,-1.0,-1.0,-1.0,1.0,-1.0,-1.0,-1.0,-1.0,-1.0,-1.0,-1.0,-1.0,-1.0,-1.0,-1.0,-1.0,-1.0,-1.0,-1.0,-1.0,-1.0,-1.0,-1.0,-1.0,-1.0,-1.0,-1.0,-1.0,-1.0,-1.0,-1.0,-1.0,-1.0,-1.0,-1.0,-1.0,-1.0,-1.0,-1.0,-1.0,-1.0,-1.0,-1.0,-1.0,-1.0,-1.0,-1.0,-1.0,-1.0,-1.0,-1.0,-1.0,-1.0,-1.0,-1.0,-1.0,-1.0,-1.0,-1.0,-1.0,-1.0,-1.0
-1.0,-1.0,-1.0,-1.0,-1.0,-1.0,-1.0,-1.0,-1.0,-1.0,-1.0,-1.0,-1.0,-1.0,-1.0,-1.0,-1.0,-1.0,-1.0,-1.0,-1.0,-1.0,-1.0,-1.0,-1.0,-1.0,-1.0,-1.0,-1.0,-1.0,-1.0,-1.0,-1.0,-1.0,-1.0,-1.0,-1.0,-1.0,-1.0,-1.0,-1.0,-1.0,-1.0,-1.0,-1.0,-1.0,-1.0,-1.0,-1.0,-1.0,-1.0,-1.0,-1.0,-1.0,-1.0,-1.0,-1.0,-1.0,-1.0,-1.0,-1.0,-1.0,-1.0,-1.0,-1.0,-1.0,-1.0,-1.0,-1.0,-1.0,-1.0,-1.0,-1.0,-1.0,-1.0,-1.0,-1.0,-1.0,-1.0,-1.0,-1.0,-1.0,-1.0,-1.0,-1.0,-1.0,-1.0,-1.0,-1.0,-1.0,-1.0,-1.0,-1.0,-1.0,-1.0,-1.0,-1.0,-1.0,-1.0,-1.0,-1.0,-1.0,-1.0,-1.0,-1.0,-1.0,-1.0,-1.0,-1.0,-1.0,-1.0,-1.0,-1.0,-1.0,-1.0,-1.0,-1.0,-1.0,-1.0,-1.0,-1.0,-1.0,-1.0,-1.0,-1.0,-1.0,-1.0,-1.0,-1.0,-1.0,-1.0,-1.0,-1.0,-1.0,-1.0,-1.0,-1.0,-1.0,-1.0,-1.0,-1.0,-1.0,-1.0,-1.0,-1.0,-1.0,-1.0,-1.0,-1.0,-1.0,-1.0,-1.0,-1.0,-1.0,-1.0,-1.0,-1.0,-1.0,-1.0,-1.0,-1.0,-1.0,-1.0,-1.0,-1.0,-1.0,-1.0,-1.0,-1.0,-1.0,-1.0,-1.0,-1.0,-1.0,-1.0,-1.0,-1.0,-1.0,-1.0,-1.0,-1.0,-1.0,-1.0,-1.0,-1.0,-1.0,-1.0,-1.0,-1.0,-1.0,-1.0,-1.0,-1.0,-1.0,-1.0,-1.0,-1.0,-1.0,-1.0,-1.0,-1.0,-1.0,-1.0,-1.0,-1.0,-1.0,-1.0,-1.0,-1.0,-1.0,-1.0,-1.0,-1.0,-1.0,-1.0,-1.0,-1.0,-1.0,-1.0,-1.0,-1.0
-1.0,-1.0,-1.0,-1.0,-1.0,-1.0,-1.0,-1.0,-1.0,-1.0,-1.0,-1.0,-1.0,-1.0,-1.0,-1.0,-1.0,-1.0,-1.0,-1.0,-1.0,-1.0,-1.0,-1.0,-1.0,-1.0,-1.0,-1.0,-1.0,-1.0,-1.0,-1.0,-1.0,-1.0,-1.0,-1.0,-1.0,-1.0,-1.0,-1.0,-1.0,-1.0,-1.0,-1.0,-1.0,-1.0,-1.0,-1.0,-1.0,-1.0,-1.0,-1.0,-1.0,-1.0,-1.0,-1.0,-1.0,-1.0,-1.0,-1.0,-1.0,-1.0,-1.0,-1.0,-1.0,-1.0,-1.0,-1.0,-1.0,-1.0,-1.0,-1.0,-1.0,-1.0,-1.0,-1.0,-1.0,-1.0,-1.0,-1.0,-1.0,-1.0,-1.0,-1.0,-1.0,-1.0,-1.0,-1.0,-1.0,-1.0,-1.0,-1.0,-1.0,-1.0,-1.0,-1.0,-1.0,-1.0,-1.0,-1.0,-1.0,-1.0,-1.0,-1.0,-1.0,-1.0,-1.0,-1.0,-1.0,-1.0,-1.0,-1.0,-1.0,-1.0,-1.0,-1.0,-1.0,-1.0,-1.0,-1.0,-1.0,-1.0,-1.0,-1.0,-1.0,-1.0,-1.0,-1.0,-1.0,-1.0,-1.0,-1.0,-1.0,-1.0,-1.0,-1.0,-1.0,-1.0,-1.0,-1.0,-1.0,-1.0,-1.0,-1.0,-1.0,-1.0,-1.0,-1.0,-1.0,-1.0,-1.0,-1.0,-1.0,-1.0,-1.0,-1.0,-1.0,-1.0,-1.0,-1.0,-1.0,-1.0,-1.0,-1.0,-1.0,1.0,-1.0,-1.0,-1.0,-1.0,-1.0,-1.0,-1.0,-1.0,-1.0,-1.0,-1.0,-1.0,-1.0,-1.0,-1.0,-1.0,1.0,-1.0,-1.0,-1.0,-1.0,-1.0,-1.0,-1.0,-1.0,-1.0,-1.0,-1.0,-1.0,-1.0,-1.0,-1.0,-1.0,-1.0,-1.0,-1.0,-1.0,-1.0,-1.0,-1.0,-1.0,-1.0,-1.0,-1.0,-1.0,-1.0,-1.0,-1.0,-1.0,-1.0,-1.0,-1.0,-1.0,-1.0,-1.0
-1.0,-1.0,-1.0,-1.0,-1.0,-1.0,-1.0,-1.0,-1.0,-1.0,-1.0,-1.0,-1.0,-1.0,-1.0,-1.0,-1.0,-1.0,-1.0,-1.0,-1.0,-1.0,-1.0,-1.0,-1.0,-1.0,-1.0,-1.0,-1.0,-1.0,-1.0,-1.0,-1.0,-1.0,-1.0,-1.0,-1.0,-1.0,-1.0,-1.0,-1.0,-1.0,-1.0,-1.0,-1.0,-1.0,-1.0,-1.0,-1.0,-1.0,-1.0,-1.0,-1.0,-1.0,-1.0,-1.0,-1.0,-1.0,-1.0,-1.0,-1.0,-1.0,-1.0,-1.0,-1.0,-1.0,-1.0,-1.0,-1.0,-1.0,-1.0,-1.0,-1.0,-1.0,-1.0,-1.0,-1.0,-1.0,-1.0,-1.0,-1.0,-1.0,-1.0,-1.0,-1.0,-1.0,-1.0,-1.0,-1.0,-1.0,-1.0,-1.0,-1.0,-1.0,-1.0,-1.0,-1.0,-1.0,-1.0,-1.0,-1.0,-1.0,-1.0,-1.0,-1.0,-1.0,-1.0,-1.0,-1.0,-1.0,-1.0,-1.0,-1.0,-1.0,-1.0,-1.0,-1.0,-1.0,-1.0,-1.0,-1.0,-1.0,-1.0,-1.0,-1.0,-1.0,-1.0,-1.0,-1.0,-1.0,-1.0,-1.0,-1.0,-1.0,-1.0,-1.0,-1.0,-1.0,-1.0,-1.0,-1.0,-1.0,-1.0,-1.0,-1.0,-1.0,-1.0,-1.0,-1.0,-1.0,-1.0,-1.0,-1.0,-1.0,-1.0,-1.0,-1.0,-1.0,-1.0,-1.0,-1.0,-1.0,-1.0,-1.0,-1.0,-1.0,-1.0,-1.0,-1.0,-1.0,-1.0,-1.0,-1.0,-1.0,-1.0,-1.0,-1.0,-1.0,-1.0,-1.0,-1.0,-1.0,-1.0,-1.0,-1.0,-1.0,-1.0,-1.0,-1.0,-1.0,-1.0,-1.0,-1.0,-1.0,-1.0,-1.0,-1.0,-1.0,-1.0,-1.0,-1.0,-1.0,-1.0,-1.0,-1.0,-1.0,-1.0,-1.0,-1.0,-1.0,-1.0,-1.0,-1.0,-1.0,-1.0,-1.0,-1.0,-1.0,-1.0,-1.0,-1.0
-1.0,-1.0,-1.0,-1.0,-1.0,-1.0,-1.0,-1.0,-1.0,-1.0,-1.0,-1.0,-1.0,-1.0,-1.0,-1.0,-1.0,-1.0,-1.0,-1.0,-1.0,-1.0,-1.0,-1.0,-1.0,-1.0,-1.0,-1.0,-1.0,-1.0,-1.0,-1.0,-1.0,-1.0,-1.0,-1.0,-1.0,-1.0,-1.0,-1.0,-1.0,-1.0,-1.0,-1.0,-1.0,-1.0,-1.0,-1.0,-1.0,-1.0,-1.0,-1.0,-1.0,-1.0,-1.0,-1.0,-1.0,-1.0,-1.0,-1.0,-1.0,-1.0,-1.0,-1.0,-1.0,-1.0,-1.0,-1.0,-1.0,-1.0,-1.0,-1.0,-1.0,-1.0,-1.0,-1.0,-1.0,-1.0,-1.0,-1.0,-1.0,-1.0,-1.0,-1.0,-1.0,-1.0,-1.0,-1.0,-1.0,-1.0,-1.0,-1.0,-1.0,-1.0,-1.0,-1.0,-1.0,-1.0,-1.0,-1.0,-1.0,-1.0,-1.0,-1.0,-1.0,-1.0,-1.0,-1.0,-1.0,-1.0,-1.0,-1.0,-1.0,-1.0,-1.0,-1.0,-1.0,-1.0,-1.0,-1.0,-1.0,-1.0,-1.0,-1.0,-1.0,-1.0,-1.0,-1.0,-1.0,-1.0,-1.0,-1.0,-1.0,-1.0,-1.0,-1.0,-1.0,-1.0,-1.0,-1.0,-1.0,-1.0,-1.0,-1.0,-1.0,-1.0,-1.0,-1.0,-1.0,-1.0,-1.0,-1.0,-1.0,-1.0,-1.0,-1.0,-1.0,-1.0,-1.0,-1.0,-1.0,-1.0,-1.0,-1.0,-1.0,-1.0,-1.0,-1.0,-1.0,-1.0,-1.0,-1.0,-1.0,-1.0,-1.0,-1.0,-1.0,-1.0,-1.0,-1.0,-1.0,-1.0,-1.0,-1.0,-1.0,-1.0,-1.0,-1.0,-1.0,-1.0,-1.0,-1.0,-1.0,-1.0,-1.0,-1.0,-1.0,-1.0,-1.0,-1.0,-1.0,-1.0,-1.0,-1.0,-1.0,-1.0,-1.0,-1.0,-1.0,-1.0,-1.0,-1.0,-1.0,-1.0,-1.0,-1.0,-1.0,-1.0,-1.0,-1.0,-1.0
-1.0,-1.0,-1.0,-1.0,-1.0,-1.0,-1.0,-1.0,-1.0,-1.0,-1.0,-1.0,-1.0,-1.0,-1.0,-1.0,-1.0,-1.0,-1.0,-1.0,-1.0,-1.0,-1.0,-1.0,-1.0,-1.0,-1.0,-1.0,-1.0,-1.0,-1.0,-1.0,-1.0,-1.0,-1.0,-1.0,-1.0,-1.0,-1.0,-1.0,-1.0,-1.0,-1.0,-1.0,-1.0,-1.0,-1.0,-1.0,-1.0,-1.0,-1.0,-1.0,-1.0,-1.0,-1.0,-1.0,-1.0,-1.0,-1.0,-1.0,-1.0,-1.0,-1.0,-1.0,-1.0,-1.0,-1.0,-1.0,-1.0,-1.0,-1.0,-1.0,-1.0,-1.0,-1.0,-1.0,-1.0,-1.0,-1.0,-1.0,-1.0,-1.0,-1.0,-1.0,-1.0,-1.0,-1.0,-1.0,-1.0,-1.0,-1.0,-1.0,-1.0,-1.0,-1.0,-1.0,-1.0,-1.0,-1.0,-1.0,-1.0,-1.0,-1.0,-1.0,-1.0,-1.0,-1.0,-1.0,-1.0,-1.0,-1.0,-1.0,-1.0,-1.0,-1.0,-1.0,-1.0,-1.0,-1.0,-1.0,-1.0,-1.0,-1.0,-1.0,-1.0,-1.0,-1.0,-1.0,-1.0,-1.0,-1.0,-1.0,-1.0,-1.0,-1.0,-1.0,-1.0,-1.0,-1.0,-1.0,-1.0,-1.0,-1.0,-1.0,-1.0,-1.0,-1.0,-1.0,-1.0,-1.0,-1.0,-1.0,-1.0,-1.0,-1.0,-1.0,-1.0,-1.0,-1.0,-1.0,-1.0,-1.0,-1.0,-1.0,-1.0,-1.0,-1.0,-1.0,-1.0,-1.0,-1.0,-1.0,-1.0,-1.0,-1.0,-1.0,-1.0,-1.0,-1.0,-1.0,-1.0,-1.0,-1.0,-1.0,-1.0,-1.0,-1.0,-1.0,-1.0,-1.0,-1.0,-1.0,-1.0,-1.0,-1.0,-1.0,-1.0,-1.0,-1.0,-1.0,-1.0,-1.0,-1.0,-1.0,-1.0,-1.0,-1.0,-1.0,-1.0,-1.0,-1.0,-1.0,-1.0,-1.0,-1.0,-1.0,-1.0,-1.0,-1.0,-1.0,-1.0
-1.0,-1.0,-1.0,-1.0,-1.0,-1.0,-1.0,-1.0,-1.0,-1.0,-1.0,-1.0,-1.0,-1.0,-1.0,-1.0,-1.0,-1.0,-1.0,-1.0,-1.0,-1.0,-1.0,-1.0,-1.0,-1.0,-1.0,-1.0,-1.0,-1.0,-1.0,-1.0,-1.0,-1.0,-1.0,-1.0,-1.0,-1.0,-1.0,-1.0,-1.0,-1.0,-1.0,-1.0,-1.0,-1.0,-1.0,-1.0,-1.0,-1.0,-1.0,-1.0,-1.0,-1.0,-1.0,-1.0,-1.0,-1.0,-1.0,-1.0,-1.0,-1.0,-1.0,-1.0,-1.0,-1.0,-1.0,-1.0,-1.0,-1.0,-1.0,-1.0,-1.0,-1.0,-1.0,-1.0,-1.0,-1.0,-1.0,-1.0,-1.0,-1.0,-1.0,-1.0,-1.0,-1.0,-1.0,-1.0,-1.0,-1.0,-1.0,-1.0,-1.0,-1.0,-1.0,-1.0,-1.0,-1.0,-1.0,-1.0,-1.0,-1.0,-1.0,-1.0,-1.0,-1.0,-1.0,-1.0,-1.0,-1.0,-1.0,-1.0,-1.0,-1.0,-1.0,-1.0,-1.0,-1.0,-1.0,-1.0,-1.0,-1.0,-1.0,-1.0,-1.0,-1.0,-1.0,-1.0,-1.0,-1.0,-1.0,-1.0,-1.0,-1.0,-1.0,-1.0,-1.0,-1.0,-1.0,-1.0,-1.0,-1.0,-1.0,-1.0,-1.0,-1.0,-1.0,-1.0,-1.0,-1.0,-1.0,-1.0,-1.0,-1.0,-1.0,-1.0,-1.0,-1.0,-1.0,-1.0,-1.0,-1.0,-1.0,-1.0,-1.0,-1.0,-1.0,-1.0,-1.0,-1.0,-1.0,-1.0,-1.0,-1.0,-1.0,-1.0,-1.0,-1.0,-1.0,-1.0,-1.0,-1.0,-1.0,-1.0,-1.0,-1.0,-1.0,-1.0,-1.0,-1.0,-1.0,-1.0,-1.0,-1.0,-1.0,-1.0,-1.0,-1.0,-1.0,-1.0,-1.0,-1.0,-1.0,-1.0,-1.0,-1.0,-1.0,-1.0,-1.0,-1.0,-1.0,-1.0,-1.0,-1.0,-1.0,-1.0,-1.0,-1.0,-1.0,-1.0,-1.0
-1.0,-1.0,-1.0,-1.0,-1.0,-1.0,-1.0,-1.0,-1.0,-1.0,-1.0,-1.0,-1.0,-1.0,-1.0,-1.0,-1.0,-1.0,-1.0,-1.0,-1.0,-1.0,-1.0,-1.0,-1.0,-1.0,-1.0,-1.0,-1.0,-1.0,-1.0,-1.0,-1.0,-1.0,-1.0,-1.0,-1.0,-1.0,-1.0,-1.0,-1.0,-1.0,-1.0,-1.0,-1.0,-1.0,-1.0,-1.0,-1.0,-1.0,-1.0,-1.0,-1.0,-1.0,-1.0,-1.0,-1.0,-1.0,-1.0,-1.0,-1.0,-1.0,-1.0,-1.0,-1.0,-1.0,-1.0,-1.0,-1.0,-1.0,-1.0,-1.0,-1.0,-1.0,-1.0,-1.0,-1.0,-1.0,-1.0,-1.0,-1.0,-1.0,-1.0,-1.0,-1.0,-1.0,-1.0,-1.0,-1.0,-1.0,-1.0,-1.0,-1.0,-1.0,-1.0,-1.0,-1.0,-1.0,-1.0,-1.0,-1.0,-1.0,-1.0,-1.0,-1.0,-1.0,-1.0,-1.0,-1.0,-1.0,-1.0,-1.0,-1.0,-1.0,-1.0,-1.0,-1.0,-1.0,-1.0,-1.0,-1.0,-1.0,-1.0,-1.0,-1.0,-1.0,-1.0,-1.0,1.0,-1.0,-1.0,-1.0,-1.0,-1.0,-1.0,-1.0,-1.0,-1.0,-1.0,-1.0,-1.0,-1.0,-1.0,-1.0,-1.0,-1.0,-1.0,-1.0,-1.0,-1.0,-1.0,-1.0,-1.0,-1.0,-1.0,-1.0,-1.0,-1.0,-1.0,-1.0,-1.0,-1.0,-1.0,-1.0,-1.0,-1.0,-1.0,-1.0,-1.0,-1.0,-1.0,-1.0,-1.0,-1.0,-1.0,-1.0,-1.0,-1.0,-1.0,-1.0,-1.0,-1.0,-1.0,-1.0,-1.0,-1.0,-1.0,-1.0,-1.0,-1.0,-1.0,-1.0,-1.0,-1.0,-1.0,-1.0,-1.0,-1.0,-1.0,-1.0,-1.0,-1.0,-1.0,-1.0,-1.0,-1.0,-1.0,-1.0,-1.0,-1.0,-1.0,-1.0,-1.0,-1.0,-1.0,-1.0,-1.0,-1.0,-1.0,-1.0,-1.0
-1.0,-1.0,-1.0,-1.0,-1.0,-1.0,-1.0,-1.0,-1.0,-1.0,-1.0,-1.0,-1.0,-1.0,-1.0,-1.0,-1.0,-1.0,-1.0,-1.0,-1.0,-1.0,-1.0,-1.0,-1.0,-1.0,-1.0,-1.0,-1.0,-1.0,-1.0,-1.0,-1.0,-1.0,-1.0,-1.0,-1.0,-1.0,-1.0,-1.0,-1.0,-1.0,-1.0,-1.0,-1.0,-1.0,-1.0,-1.0,-1.0,-1.0,-1.0,-1.0,-1.0,-1.0,-1.0,-1.0,-1.0,-1.0,-1.0,-1.0,-1.0,-1.0,-1.0,-1.0,-1.0,-1.0,-1.0,-1.0,-1.0,-1.0,-1.0,-1.0,-1.0,-1.0,-1.0,-1.0,-1.0,-1.0,-1.0,-1.0,-1.0,-1.0,-1.0,-1.0,-1.0,-1.0,-1.0,-1.0,-1.0,-1.0,-1.0,-1.0,-1.0,-1.0,-1.0,-1.0,-1.0,-1.0,-1.0,-1.0,-1.0,-1.0,-1.0,-1.0,-1.0,-1.0,-1.0,-1.0,-1.0,-1.0,-1.0,-1.0,-1.0,-1.0,-1.0,-1.0,-1.0,-1.0,-1.0,-1.0,-1.0,-1.0,-1.0,-1.0,-1.0,-1.0,-1.0,-1.0,-1.0,-1.0,-1.0,-1.0,-1.0,-1.0,-1.0,-1.0,-1.0,-1.0,-1.0,-1.0,-1.0,-1.0,-1.0,-1.0,-1.0,-1.0,-1.0,-1.0,-1.0,-1.0,-1.0,-1.0,-1.0,-1.0,-1.0,-1.0,-1.0,-1.0,-1.0,-1.0,-1.0,-1.0,-1.0,-1.0,-1.0,-1.0,-1.0,-1.0,-1.0,-1.0,-1.0,-1.0,-1.0,-1.0,-1.0,-1.0,-1.0,-1.0,-1.0,-1.0,-1.0,-1.0,-1.0,-1.0,-1.0,-1.0,-1.0,-1.0,-1.0,-1.0,-1.0,-1.0,-1.0,-1.0,-1.0,-1.0,-1.0,-1.0,-1.0,-1.0,-1.0,-1.0,-1.0,-1.0,-1.0,-1.0,-1.0,-1.0,-1.0,-1.0,-1.0,-1.0,-1.0,-1.0,-1.0,-1.0,-1.0,-1.0,-1.0,-1.0,-1.0
