-1.0,-1.0,-1.0,-1.0,-1.0,-1.0,-1.0,-1.0,-1.0,-1.0,-1.0,-1.0,-1.0,-1.0,-1.0,-1.0,-1.0,-1.0,-1.0,-1.0,-1.0,-1.0,-1.0,-1.0,-1.0,-1.0,-1.0,-1.0,-1.0,-1.0,-1.0,-1.0,-1.0,-1.0,-1.0,-1.0,-1.0,-1.0,-1.0,-1.0,-1.0,-1.0,-1.0,-1.0,-1.0,-1.0,-1.0,-1.0,-1.0,-1.0,-1.0,-1.0,-1.0,-1.0,-1.0,-1.0,-1.0,-1.0,-1.0,-1.0,-1.0,-1.0,-1.0,-1.0,-1.0,-1.0,-1.0,-1.0,-1.0,-1.0,-1.0,-1.0,-1.0,-1.0,-1.0,-1.0,-1.0,-1.0,-1.0,-1.0,-1.0,-1.0,-1.0,-1.0,-1.0,-1.0,-1.0,-1.0,-1.0,-1.0
-1.0,-1.0,-1.0,-1.0,-1.0,-1.0,-1.0,-1.0,-1.0,-1.0,-1.0,-1.0,-1.0,-1.0,-1.0,-1.0,-1.0,-1.0,-1.0,-1.0,-1.0,-1.0,-1.0,-1.0,-1.0,-1.0,-1.0,-1.0,-1.0,-1.0,-1.0,-1.0,-1.0,-1.0,-1.0,-1.0,-1.0,-1.0,-1.0,-1.0,-1.0,-1.0,-1.0,-1.0,-1.0,-1.0,-1.0,-1.0,-1.0,-1.0,-1.0,-1.0,-1.0,-1.0,-1.0,-1.0,-1.0,-1.0,-1.0,-1.0,-1.0,-1.0,-1.0,-1.0,-1.0,-1.0,-1.0,-1.0,-1.0,-1.0,-1.0,-1.0,-1.0,-1.0,-1.0,-1.0,-1.0,-1.0,-1.0,-1.0,-1.0,-1.0,-1.0,-1.0,-1.0,-1.0,-1.0,-1.0,-1.0,-1.0
0.0,0.0,0.0,0.0,0.0,0.0,0.0,0.0,0.0,0.0,0.0,0.0,0.0,0.0,0.0,0.0,0.0,0.0,0.0,0.0,0.0,0.0,0.0,0.0,0.0,0.0,0.0,0.0,0.0,0.0,0.0,0.0,0.0,0.0,0.0,0.0,0.0,0.0,0.0,0.0,0.0,0.0,0.0,0.0,0.0,0.0,0.0,0.0,0.0,0.0,0.0,0.0,0.0,0.0,0.0,0.0,0.0,0.0,0.0,0.0,0.0,0.0,0.0,0.0,0.0,0.0,0.0,0.0,0.0,0.0,0.0,0.0,0.0,0.0,0.0,0.0,0.0,0.0,0.0,0.0,0.0,0.0,0.0,0.0,0.0,0.0,0.0,0.0,0.0,0.0
0.30918791307372295,0.30918791307372295,0.30918791307372295,0.30918791307372295,0.30918791307372295,0.30918791307372295,0.30918791307372295,0.30918791307372295,0.30918791307372295,0.30918791307372295,0.30918791307372295,0.30918791307372295,0.30918791307372295,0.30918791307372295,0.30918791307372295,0.30918791307372295,0.30918791307372295,0.30918791307372295,0.30918791307372295,0.30918791307372295,0.30918791307372295,0.30918791307372295,0.30918791307372295,0.30918791307372295,0.30918791307372295,0.30918791307372295,0.30918791307372295,0.30918791307372295,0.30918791307372295,0.30918791307372295,0.30918791307372295,0.30918791307372295,0.30918791307372295,0.30918791307372295,0.30918791307372295,0.30918791307372295,0.30918791307372295,0.30918791307372295,0.30918791307372295,0.30918791307372295,0.30918791307372295,0.30918791307372295,0.30918791307372295,0.30918791307372295,0.30918791307372295,0.30918791307372295,0.30918791307372295,0.30918791307372295,0.30918791307372295,0.30918791307372295,0.30918791307372295,0.30918791307372295,0.30918791307372295,0.30918791307372295,0.30918791307372295,0.30918791307372295,0.30918791307372295,0.30918791307372295,0.30918791307372295,0.30918791307372295,0.30918791307372295,0.30918791307372295,0.30918791307372295,0.30918791307372295,0.30918791307372295,0.30918791307372295,0.30918791307372295,0.30918791307372295,0.30918791307372295,0.30918791307372295,0.30918791307372295,0.30918791307372295,0.30918791307372295,0.30918791307372295,0.30918791307372295,0.30918791307372295,0.30918791307372295,0.30918791307372295,0.30918791307372295,0.30918791307372295,0.30918791307372295,0.30918791307372295,0.30918791307372295,0.30918791307372295,0.30918791307372295,0.30918791307372295,0.30918791307372295,-3.234513096367228,0.30918791307372295,0.30918791307372295
-0.3402387645907802,-1.2519502074688795,-0.6767243314855225,-1.2519502074688795,-0.3402387645907802,-0.3402387645907802,-0.6767243314855225,-0.3402387645907802,-0.3402387645907802,-0.3402387645907802,-1.2519502074688795,-1.2519502074688795,-1.2519502074688795,-1.2519502074688795,-1.2519502074688795,-1.2519502074688795,-1.2519502074688795,-1.2519502074688795,-1.2519502074688795,-0.6767243314855225,-0.6767243314855225,0.5714726782873192,0.7380043757662827,-0.6767243314855225,-0.3402387645907802,1.6526141078838175,1.6526141078838175,1.6526141078838175,1.6526141078838175,0.6589087908664282,1.6526141078838175,1.6526141078838175,1.5424861659638789,-0.6767243314855225,0.4737274204811915,0.5714726782873192,1.6526141078838175,1.6526141078838175,1.6526141078838175,1.4831841211654184,1.5978317049669264,1.6526141078838175,1.4518643469057944,1.4518643469057944,1.6526141078838175,1.4831841211654184,-0.3402387645907802,1.6497158186443819,1.6526141078838175,1.4831841211654184,1.4518643469057944,1.6526141078838175,1.350119681269004,1.146698554270676,-1.2519502074688795,-0.6767243314855225,1.6526141078838175,0.9381388627512518,1.6526141078838175,0.9381388627512518,-0.6767243314855225,0.08368291488307082,-0.6767243314855225,-0.10149845550216545,0.08368291488307082,-0.6767243314855225,-0.3402387645907802,-0.10149845550216545,0.08368291488307082,0.08368291488307082,-0.6767243314855225,-0.10149845550216545,-0.3402387645907802,-0.10149845550216545,0.23498711139257678,-0.10149845550216545,-0.10149845550216545,-1.2519502074688795,-1.2519502074688795,-0.3402387645907802,-0.6767243314855225,-1.2519502074688795,-0.3402387645907802,-1.2519502074688795,0.5714726782873192,0.08368291488307082,-0.10149845550216545,0.0,-1.2519502074688795,-0.10149845550216545
1.0967041662709258,2.1461823394862485,2.1461823394862485,0.04722599305560278,0.04722599305560278,1.0967041662709258,0.5719650796632643,-0.4775130935520587,1.6214432528785871,0.04722599305560278,0.04722599305560278,1.0967041662709258,1.0967041662709258,1.6214432528785871,1.0967041662709258,0.04722599305560278,1.6214432528785871,-1.0022521801597202,-0.4775130935520587,0.5719650796632643,-0.4775130935520587,-1.0022521801597202,-0.4775130935520587,0.5719650796632643,-1.0022521801597202,0.04722599305560278,-0.4775130935520587,-0.4775130935520587,-0.4775130935520587,-1.0022521801597202,-0.4775130935520587,-0.4775130935520587,-0.4775130935520587,1.0967041662709258,0.04722599305560278,0.04722599305560278,-0.4775130935520587,-0.4775130935520587,-0.4775130935520587,0.04722599305560278,-0.4775130935520587,0.04722599305560278,0.04722599305560278,-0.4775130935520587,0.04722599305560278,0.04722599305560278,0.04722599305560278,-0.4775130935520587,0.04722599305560278,0.04722599305560278,-0.4775130935520587,0.04722599305560278,0.04722599305560278,-0.4775130935520587,2.1461823394862485,-0.4775130935520587,0.04722599305560278,0.04722599305560278,-0.4775130935520587,0.04722599305560278,0.5719650796632643,0.5719650796632643,-1.0022521801597202,0.04722599305560278,0.5719650796632643,1.0967041662709258,0.04722599305560278,0.04722599305560278,0.5719650796632643,0.04722599305560278,0.04722599305560278,0.04722599305560278,0.5719650796632643,0.04722599305560278,0.04722599305560278,0.04722599305560278,0.04722599305560278,-0.4775130935520587,3.1956605127015716,0.04722599305560278,2.6709214260939103,1.0967041662709258,-1.0022521801597202,1.0967041662709258,-0.4775130935520587,-0.4775130935520587,0.04722599305560278,-1.0,-0.4775130935520587,0.5719650796632643
-1.0,-1.0,-1.0,-1.0,-1.0,-1.0,-1.0,-1.0,-1.0,1.0,-1.0,-1.0,-1.0,-1.0,-1.0,-1.0,-1.0,-1.0,-1.0,-1.0,-1.0,-1.0,1.0,-1.0,-1.0,1.0,1.0,1.0,1.0,1.0,1.0,1.0,1.0,-1.0,1.0,1.0,1.0,1.0,1.0,1.0,1.0,1.0,1.0,1.0,1.0,1.0,-1.0,1.0,1.0,1.0,1.0,1.0,1.0,1.0,-1.0,-1.0,1.0,1.0,1.0,1.0,-1.0,-1.0,-1.0,-1.0,-1.0,-1.0,-1.0,-1.0,-1.0,-1.0,1.0,1.0,1.0,1.0,-1.0,1.0,1.0,-1.0,-1.0,1.0,-1.0,-1.0,1.0,-1.0,1.0,1.0,1.0,-1.0,-1.0,-1.0
-1.0,-1.0,-1.0,-1.0,-1.0,-1.0,-1.0,-1.0,-1.0,-1.0,-1.0,-1.0,-1.0,-1.0,-1.0,-1.0,-1.0,-1.0,-1.0,-1.0,-1.0,-1.0,-1.0,1.0,-1.0,-1.0,-1.0,-1.0,-1.0,-1.0,-1.0,-1.0,-1.0,-1.0,-1.0,-1.0,-1.0,-1.0,-1.0,-1.0,-1.0,-1.0,-1.0,-1.0,-1.0,-1.0,-1.0,-1.0,-1.0,-1.0,-1.0,-1.0,-1.0,-1.0,-1.0,-1.0,-1.0,-1.0,-1.0,-1.0,-1.0,-1.0,-1.0,-1.0,-1.0,-1.0,-1.0,-1.0,-1.0,-1.0,-1.0,-1.0,-1.0,-1.0,-1.0,-1.0,-1.0,-1.0,-1.0,-1.0,-1.0,-1.0,-1.0,-1.0,-1.0,-1.0,-1.0,-1.0,-1.0,-1.0
-1.0,-1.0,-1.0,-1.0,-1.0,-1.0,-1.0,-1.0,-1.0,-1.0,-1.0,-1.0,-1.0,-1.0,-1.0,-1.0,-1.0,-1.0,-1.0,-1.0,-1.0,-1.0,-1.0,-1.0,-1.0,-1.0,-1.0,-1.0,-1.0,-1.0,-1.0,-1.0,-1.0,-1.0,-1.0,-1.0,-1.0,-1.0,-1.0,-1.0,-1.0,-1.0,-1.0,-1.0,-1.0,-1.0,-1.0,-1.0,-1.0,-1.0,-1.0,-1.0,-1.0,-1.0,-1.0,-1.0,-1.0,-1.0,-1.0,-1.0,-1.0,-1.0,-1.0,1.0,1.0,-1.0,-1.0,1.0,1.0,1.0,-1.0,1.0,-1.0,1.0,-1.0,1.0,1.0,-1.0,-1.0,-1.0,-1.0,-1.0,-1.0,-1.0,-1.0,-1.0,1.0,-1.0,-1.0,-1.0
-2.446043165467626,-2.446043165467626,-2.446043165467626,-2.446043165467626,-2.446043165467626,-2.446043165467626,-2.446043165467626,-2.446043165467626,-2.446043165467626,-0.2659690429474603,-2.446043165467626,-2.446043165467626,-2.446043165467626,-2.446043165467626,-2.446043165467626,-2.446043165467626,-2.446043165467626,-2.446043165467626,-2.446043165467626,-2.446043165467626,-2.446043165467626,-2.446043165467626,-0.662346156132945,-2.446043165467626,-2.446043165467626,-0.6784154985593833,0.6683484381326106,-0.577408203307484,-1.2292576087121845,0.17004578155657307,-0.20859867130219262,-0.20859867130219262,-0.4163189824316095,-2.446043165467626,-1.6285153695225636,-1.7193517912942373,-0.20368121087545543,0.3335513407455853,-0.3723141220947853,-0.2659690429474603,0.08565581552353418,-0.5016527318685591,-1.1883080947829148,0.06942697590179618,-0.577408203307484,-0.9926604171208488,-2.446043165467626,-1.2569118259111718,-0.577408203307484,-0.5081995010052565,-0.6852140665090306,0.23712498532642406,0.11317428270822089,0.46072233122592815,-2.446043165467626,-2.446043165467626,-1.1379986919555263,-1.0445669438475194,-0.7331277834874956,-1.9788844249275905,-2.446043165467626,-2.446043165467626,-2.446043165467626,-2.446043165467626,-2.446043165467626,-2.446043165467626,-2.446043165467626,-2.446043165467626,-2.446043165467626,-2.446043165467626,0.8240680183126226,-0.8109875735775016,-0.2659690429474603,-0.8109875735775016,-2.446043165467626,-0.8109875735775016,-0.8109875735775016,-2.446043165467626,-2.446043165467626,-0.2659690429474603,-2.446043165467626,-2.446043165467626,-0.2659690429474603,-2.446043165467626,-0.9926604171208488,1.478090255068672,-0.8109875735775016,0.0,-2.446043165467626,-2.446043165467626
-0.2009922210080832,-0.8379914509840762,-0.3722746267518522,-0.8379914509840762,-0.42046223010339584,-0.1626419043936299,-0.5819073491100745,-0.5819073491100745,-0.056175010404242665,-0.471255805443032,-0.8379914509840762,-0.8379914509840762,-0.8379914509840762,-0.8379914509840762,-0.8379914509840762,-0.8379914509840762,-0.8379914509840762,-0.8379914509840762,-0.8379914509840762,-0.7769746277781607,-0.8379914509840762,0.32474011769774863,0.6279703232151996,-0.7769746277781607,-0.8379914509840762,1.958254076688911,1.966082891155672,1.946387153013867,1.958254076688911,0.30210161745907094,1.8761536284621179,1.9181004307898353,1.5514351232272507,-0.5819073491100745,0.560838035195899,0.5950037021326975,1.712561188979272,1.8761536284621179,1.9015457768842317,1.6214888556688953,1.7176530838257549,1.9181004307898353,1.5812615108589665,1.482280332167787,1.8931577542018123,1.6437254511744661,-0.471255805443032,1.7074415452500555,1.8718540681000415,1.6214888556688953,1.526872879717154,1.9621766389609578,1.4490806831046001,1.0407343419890698,-0.8379914509840762,-0.8379914509840762,1.8675347395748603,1.008885451317191,1.946387153013867,1.05111513600155,-0.7073537229411824,0.2056629363936535,-0.8379914509840762,-0.2009922210080832,0.1262253037870841,-0.5819073491100745,-0.42046223010339584,-0.24097494863154706,0.15345771195397964,0.008640501350139093,-0.8379914509840762,-0.1626419043936299,-0.3264385948391911,-0.12579591524122108,0.27890408578508746,-0.1626419043936299,-0.12579591524122108,-0.8379914509840762,-0.8379914509840762,-0.5249534087498556,-0.28273525918707676,-0.8379914509840762,-0.8379914509840762,-0.8379914509840762,0.4304078178496487,-0.2009922210080832,-0.2009922210080832,-0.8379914509840762,-0.8379914509840762,-0.023208389321739645
-1.0,-1.0,-1.0,-1.0,-1.0,-1.0,-1.0,1.0,-1.0,-1.0,-1.0,-1.0,-1.0,-1.0,-1.0,-1.0,-1.0,-1.0,-1.0,-1.0,-1.0,1.0,-1.0,-1.0,-1.0,1.0,1.0,1.0,1.0,1.0,1.0,1.0,1.0,-1.0,-1.0,1.0,1.0,1.0,1.0,1.0,1.0,1.0,1.0,1.0,1.0,1.0,-1.0,1.0,1.0,1.0,1.0,1.0,1.0,1.0,-1.0,-1.0,1.0,1.0,1.0,1.0,1.0,1.0,1.0,-1.0,-1.0,-1.0,-1.0,-1.0,-1.0,-1.0,-1.0,-1.0,-1.0,-1.0,-1.0,-1.0,-1.0,-1.0,-1.0,-1.0,-1.0,-1.0,-1.0,-1.0,1.0,-1.0,1.0,-1.0,-1.0,1.0
-0.16989594669116745,-0.16989594669116745,-0.16989594669116745,-0.16989594669116745,-0.16989594669116745,-0.16989594669116745,-0.16989594669116745,2.2788781480215374,-0.16989594669116745,-0.16989594669116745,-0.16989594669116745,-0.16989594669116745,-0.16989594669116745,-0.16989594669116745,-0.16989594669116745,-0.16989594669116745,-0.16989594669116745,-0.16989594669116745,-0.16989594669116745,-0.16989594669116745,-0.16989594669116745,4.7276522427342424,-0.16989594669116745,-0.16989594669116745,-0.16989594669116745,9.625200432159653,7.176426337446948,12.073974526872357,21.869070905723177,2.2788781480215374,7.176426337446948,7.176426337446948,4.7276522427342424,-0.16989594669116745,-0.16989594669116745,2.2788781480215374,2.2788781480215374,9.625200432159653,7.176426337446948,9.625200432159653,2.2788781480215374,9.625200432159653,7.176426337446948,9.625200432159653,7.176426337446948,7.176426337446948,-0.16989594669116745,9.625200432159653,9.625200432159653,7.176426337446948,7.176426337446948,9.625200432159653,4.7276522427342424,4.7276522427342424,-0.16989594669116745,-0.16989594669116745,7.176426337446948,12.073974526872357,12.073974526872357,2.2788781480215374,2.2788781480215374,2.2788781480215374,2.2788781480215374,-0.16989594669116745,-0.16989594669116745,-0.16989594669116745,-0.16989594669116745,-0.16989594669116745,-0.16989594669116745,-0.16989594669116745,-0.16989594669116745,-0.16989594669116745,-0.16989594669116745,-0.16989594669116745,-0.16989594669116745,-0.16989594669116745,-0.16989594669116745,-0.16989594669116745,-0.16989594669116745,-0.16989594669116745,-0.16989594669116745,-0.16989594669116745,-0.16989594669116745,-0.16989594669116745,2.2788781480215374,-0.16989594669116745,2.2788781480215374,-0.16989594669116745,-0.16989594669116745,4.7276522427342424
0.0,0.0,0.0,0.0,0.0,0.0,0.0,0.934053787354754,0.0,0.0,0.0,0.0,0.0,0.0,0.0,0.0,0.0,0.0,0.0,0.0,0.0,0.4852387407876861,0.0,0.0,0.0,-1.0917363902447395,-1.0917363902447395,-0.8514196948295941,0.09784906665753754,-0.6189992528449889,-1.0917363902447395,-1.0917363902447395,-1.0917363902447395,0.0,0.0,-1.0917363902447395,-1.0917363902447395,-1.0917363902447395,-1.0917363902447395,-0.6489177311240713,-1.0917363902447395,-1.0917363902447395,-1.0530521854297565,-0.4043520888951437,-1.0917363902447395,-1.0917363902447395,0.0,-0.7999219527050337,-1.0887667247779529,-1.0917363902447395,-0.9575006331927713,-1.0917363902447395,-1.0917363902447395,-0.7726410419442644,0.0,0.0,-1.0917363902447395,0.7956109610507159,-0.8514196948295941,-1.0917363902447395,1.1544416789126346,-0.4495729319754428,1.383949894750324,0.0,0.0,0.0,0.0,0.0,0.0,0.0,0.0,0.0,0.0,0.0,0.0,0.0,0.0,0.0,0.0,0.0,0.0,0.0,0.0,0.0,-0.8444113720980554,0.0,0.2648508492298048,0.0,0.0,1.0965249461265436
-0.5077224524862195,-0.5077224524862195,-0.5077224524862195,-0.5077224524862195,-0.5077224524862195,-0.5077224524862195,-0.5077224524862195,-0.5077224524862195,-0.5077224524862195,-0.5077224524862195,-0.5077224524862195,-0.5077224524862195,-0.5077224524862195,-0.5077224524862195,-0.5077224524862195,-0.5077224524862195,-0.5077224524862195,-0.5077224524862195,-0.5077224524862195,-0.5077224524862195,-0.5077224524862195,1.969566382794139,-0.5077224524862195,-0.5077224524862195,1.969566382794139,-0.5077224524862195,-0.5077224524862195,1.969566382794139,1.969566382794139,-0.5077224524862195,-0.5077224524862195,-0.5077224524862195,-0.5077224524862195,-0.5077224524862195,-0.5077224524862195,-0.5077224524862195,-0.5077224524862195,-0.5077224524862195,-0.5077224524862195,-0.5077224524862195,-0.5077224524862195,-0.5077224524862195,-0.5077224524862195,-0.5077224524862195,1.969566382794139,-0.5077224524862195,-0.5077224524862195,1.969566382794139,-0.5077224524862195,-0.5077224524862195,1.969566382794139,-0.5077224524862195,-0.5077224524862195,1.969566382794139,-0.5077224524862195,1.969566382794139,-0.5077224524862195,1.969566382794139,-0.5077224524862195,-0.5077224524862195,-0.5077224524862195,-0.5077224524862195,1.969566382794139,-0.5077224524862195,-0.5077224524862195,-0.5077224524862195,-0.5077224524862195,-0.5077224524862195,-0.5077224524862195,-0.5077224524862195,-0.5077224524862195,-0.5077224524862195,-0.5077224524862195,-0.5077224524862195,-0.5077224524862195,-0.5077224524862195,-0.5077224524862195,-0.5077224524862195,-0.5077224524862195,-0.5077224524862195,-0.5077224524862195,-0.5077224524862195,-0.5077224524862195,-0.5077224524862195,1.969566382794139,-0.5077224524862195,-0.5077224524862195,-0.5077224524862195,1.969566382794139,-0.5077224524862195
-0.8700053950135924,-0.8700053950135924,-0.8700053950135924,-0.8700053950135924,-0.8700053950135924,-0.8700053950135924,-0.8700053950135924,-0.8700053950135924,-0.8700053950135924,-0.8700053950135924,-0.8700053950135924,-0.8700053950135924,-0.8700053950135924,-0.8700053950135924,-0.8700053950135924,-0.8700053950135924,-0.8700053950135924,-0.8700053950135924,-0.8700053950135924,-0.8700053950135924,-0.8700053950135924,-0.012094192597851713,-0.8700053950135924,-0.8700053950135924,-0.5424392995457642,-0.8700053950135924,-0.8700053950135924,-0.8144857178156554,-0.7877712287873594,-0.8700053950135924,-0.8700053950135924,-0.8700053950135924,-0.8700053950135924,-0.8700053950135924,-0.8700053950135924,-0.8700053950135924,-0.8700053950135924,-0.8700053950135924,-0.8700053950135924,-0.8700053950135924,-0.8700053950135924,-0.8700053950135924,-0.8700053950135924,-0.8700053950135924,-0.7818710195513965,-0.8700053950135924,-0.8700053950135924,-0.7268071019129025,-0.8700053950135924,-0.8700053950135924,-0.7832329193929757,-0.8700053950135924,-0.8700053950135924,-0.688024230864799,-0.8700053950135924,-0.27443067598117743,-0.8700053950135924,-0.6440977429668143,-0.8700053950135924,-0.8700053950135924,-0.8700053950135924,-0.8700053950135924,0.4402589868577207,-0.8700053950135924,-0.8700053950135924,-0.8700053950135924,-0.8700053950135924,-0.8700053950135924,-0.8700053950135924,-0.8700053950135924,-0.8700053950135924,-0.8700053950135924,-0.8700053950135924,-0.8700053950135924,-0.8700053950135924,-0.8700053950135924,-0.8700053950135924,-0.8700053950135924,-0.8700053950135924,-0.8700053950135924,-0.8700053950135924,-0.8700053950135924,-0.8700053950135924,-0.8700053950135924,-0.7306155671549421,-0.8700053950135924,-0.8700053950135924,-0.8700053950135924,2.40565555966469,-0.8700053950135924
0.06830250281695922,-0.901855017471593,-0.11203533773096849,-1.096933728981207,-0.16277054484031625,0.10868034111592541,-0.3327510165778624,-0.3327510165778624,0.2207759744561858,-0.21624949762990653,-1.096933728981207,-1.096933728981207,-1.096933728981207,-1.0183565364195493,-1.096933728981207,-1.096933728981207,-1.0183565364195493,-1.096933728981207,-1.096933728981207,-0.538131199345661,-0.797640857572655,0.6218294938510074,0.9410910094425512,-0.538131199345661,-0.797640857572655,1.8704253214638973,1.8704253214638973,1.8704253214638973,1.8704253214638973,0.5979941312604431,1.5651314364284308,1.8704253214638973,1.8704253214638973,-0.3327510165778624,0.870409541606602,0.9063814942978732,1.8704253214638973,1.5651314364284308,1.8704253214638973,1.8704253214638973,1.8704253214638973,1.8704253214638973,1.8704253214638973,1.1549615420534673,1.5831159261249594,1.8704253214638973,-0.21624949762990653,1.8704253214638973,1.8704253214638973,1.8704253214638973,1.8704253214638973,1.8704253214638973,1.8056121989423262,1.3756772209003612,-0.901855017471593,-0.7033676826920172,1.8704253214638973,1.3421445288373728,1.8704253214638973,1.3866068313717606,-0.4648295453855011,0.49645688688845147,-1.096933728981207,0.06830250281695922,0.41281951000609457,-0.3327510165778624,-0.16277054484031625,0.026205950473936392,0.4414916533030797,0.2890181816638531,-0.7033676826920172,0.10868034111592541,-0.0637760259906795,0.14747432049602588,0.5735701821107184,0.10868034111592541,0.14747432049602588,-1.096933728981207,-0.7033676826920172,-0.2727860098355923,-0.017762162850330287,-1.096933728981207,-0.6173030170247277,-1.096933728981207,0.026205950473936392,0.06830250281695922,0.06830250281695922,-1.096933728981207,-1.096933728981207,-0.4648295453855011
-1.0,-1.0,-1.0,-1.0,-1.0,-1.0,-1.0,-1.0,-1.0,-1.0,-1.0,-1.0,-1.0,-1.0,-1.0,-1.0,-1.0,-1.0,-1.0,-1.0,-1.0,-1.0,-1.0,-1.0,-1.0,-1.0,-1.0,-1.0,-1.0,-1.0,1.0,-1.0,-1.0,-1.0,-1.0,-1.0,-1.0,1.0,-1.0,-1.0,-1.0,-1.0,-1.0,1.0,1.0,-1.0,-1.0,-1.0,-1.0,-1.0,-1.0,-1.0,-1.0,-1.0,-1.0,-1.0,-1.0,-1.0,-1.0,-1.0,-1.0,-1.0,-1.0,-1.0,-1.0,-1.0,-1.0,-1.0,-1.0,-1.0,-1.0,-1.0,-1.0,-1.0,-1.0,-1.0,-1.0,-1.0,-1.0,-1.0,-1.0,-1.0,-1.0,-1.0,1.0,-1.0,-1.0,-1.0,-1.0,1.0
-1.7341921481839806,-1.7259697063850885,-1.7198673366876531,-1.7147390541719678,-1.704768985370524,-1.7004142426756403,-1.6941972744862341,-1.6898425317913506,-1.685143993620555,-1.6737414436694786,-1.6660346950844545,-1.657096012710746,-1.6501055047005382,0.07789650610144298,0.12353535552874223,0.16880175985713666,0.21398221531655362,0.25987891135078683,0.2648066465055234,0.3268903795306065,0.4787620310146704,0.4826870293646642,0.4879299103723199,0.5180406641376002,0.5251744202627712,0.5547981304371765,0.5691802411794892,0.583476403052824,0.5980590611560853,0.6070550427757792,0.6149623387217519,0.6282557637903435,0.6404032039392292,0.6541550229757038,0.6822316535085056,0.7029739805551877,0.7119413125518889,0.7241174023237671,0.7374681266383444,0.7491571728193474,0.7597002340806446,0.7720195719674859,0.7836226692795112,0.7931343441130728,0.912488673500473,0.9258107481920577,0.9317412201515374,0.9380154875869285,0.9501629277358142,0.9621957693927294,0.9721085389481878,0.9841127309821105,0.9957731275401209,1.0027922851733213,1.0968776470812003,1.099198266543605,1.1118613999063587,1.12137307473992,1.13108529693443,1.146613392596449,1.1564402132829295,1.1639177648840127,1.1962345396197271,1.2030245002689868,1.211447489428827,1.2175785087492554,1.2236235792007053,1.2303275909809865,1.238865178632798,1.2470303211857043,1.2523305014393458,1.2590918124656123,1.265681225753923,1.272872281125079,1.2822120582206846,1.2898042083137382,1.2971098621768653,1.318195984699459,1.322120983049453,1.3256735363005423,1.3304580233403156,1.3343830216903094,1.3380215238103765,1.3431498063260616,1.5847520770231207,1.5906538993596073,1.5926307233461008,1.5990195892734629,1.5996498809793012,1.6018559019497356
-1.140117219676763,-1.1400947813068862,-1.140053273414906,-1.1400020153516564,-1.1398595617506804,-1.1397796037182633,-1.1396467656279983,-1.1395406279026246,-1.139414016171192,-1.139054549494959,-1.1387697195419586,-1.1383970537971653,-1.1380739487391163,-0.20575532897912177,-0.15811568759446076,-0.10969480329304805,-0.0602039517011832,-0.008739976820645803,-0.0031432954284523044,0.06855129787021907,0.25317244809445366,0.25811770028203124,0.2647370688723511,0.30305590312874087,0.31220984015289105,0.350532182351843,0.3693173732364126,0.3881068753592864,0.4073926616198657,0.4193502942560923,0.4298988285370462,0.4477127298482885,0.4640788205775002,0.48270773893387864,0.5210757014229133,0.5497089330974377,0.5621634153523646,0.5791476533573203,0.5978672717845855,0.6143402022477681,0.6292647855359719,0.6467839188516274,0.6633634213613271,0.6770116241935572,0.8526451443505724,0.8727515469216689,0.8817346031975014,0.8912601893609096,0.909766047103813,0.9281800500090277,0.9434115352126954,0.9619314062887858,0.9799993336584942,0.9909128846377727,1.1399037147638775,1.1436421913013706,1.164096222788699,1.1795198557737434,1.1953217726727845,1.2206976340455513,1.2368273716893823,1.2491378114887686,1.302707210039531,1.3140379823717647,1.3281303111297929,1.338413363869569,1.3485731900623208,1.3598647873742293,1.3742816840193928,1.3881084329830449,1.3971039835182744,1.4086025762800967,1.4198338456616952,1.4321187550327248,1.448118353398598,1.461160712775978,1.4737418539052016,1.5102247029992226,1.517043580659209,1.5232229646610176,1.5315565411596985,1.53840278781976,1.5447571332282384,1.5537260410435636,1.9932160801352734,2.004367205713563,2.0081067198608378,2.0202075928237653,2.0214026588397527,2.0255871689553975
-1.0,-1.0,-1.0,-1.0,-1.0,-1.0,-1.0,-1.0,-1.0,-1.0,-1.0,-1.0,-1.0,-1.0,-1.0,-1.0,-1.0,-1.0,-1.0,-1.0,-1.0,-1.0,-1.0,-1.0,-1.0,1.0,1.0,1.0,1.0,1.0,1.0,1.0,1.0,-1.0,-1.0,-1.0,1.0,1.0,1.0,1.0,1.0,1.0,1.0,1.0,-1.0,1.0,-1.0,1.0,1.0,1.0,1.0,1.0,1.0,1.0,-1.0,-1.0,1.0,1.0,1.0,-1.0,1.0,1.0,-1.0,-1.0,-1.0,-1.0,-1.0,-1.0,-1.0,-1.0,-1.0,-1.0,-1.0,-1.0,-1.0,-1.0,-1.0,-1.0,-1.0,-1.0,-1.0,-1.0,-1.0,-1.0,-1.0,-1.0,1.0,-1.0,-1.0,1.0
-1.0,-1.0,-1.0,-1.0,-1.0,-1.0,-1.0,-1.0,-1.0,-1.0,-1.0,-1.0,-1.0,-1.0,-1.0,-1.0,-1.0,-1.0,-1.0,-1.0,-1.0,-1.0,-1.0,-1.0,-1.0,-1.0,-1.0,-1.0,-1.0,-1.0,-1.0,-1.0,-1.0,-1.0,-1.0,-1.0,-1.0,-1.0,-1.0,-1.0,-1.0,-1.0,-1.0,-1.0,-1.0,-1.0,-1.0,-1.0,-1.0,-1.0,-1.0,-1.0,-1.0,-1.0,-1.0,-1.0,-1.0,-1.0,-1.0,-1.0,-1.0,-1.0,-1.0,-1.0,-1.0,-1.0,-1.0,-1.0,-1.0,-1.0,-1.0,-1.0,-1.0,-1.0,-1.0,-1.0,-1.0,-1.0,-1.0,-1.0,-1.0,-1.0,-1.0,-1.0,-1.0,-1.0,-1.0,-1.0,-1.0,-1.0
-1.0,-1.0,-1.0,-1.0,-1.0,-1.0,-1.0,-1.0,-1.0,-1.0,-1.0,-1.0,-1.0,-1.0,-1.0,-1.0,-1.0,-1.0,-1.0,-1.0,-1.0,-1.0,-1.0,-1.0,-1.0,-1.0,-1.0,-1.0,-1.0,-1.0,-1.0,-1.0,-1.0,-1.0,-1.0,-1.0,-1.0,-1.0,-1.0,-1.0,-1.0,-1.0,-1.0,-1.0,-1.0,-1.0,-1.0,-1.0,-1.0,-1.0,-1.0,-1.0,-1.0,-1.0,-1.0,-1.0,-1.0,-1.0,-1.0,-1.0,-1.0,-1.0,-1.0,-1.0,-1.0,-1.0,-1.0,-1.0,-1.0,-1.0,-1.0,-1.0,-1.0,-1.0,-1.0,-1.0,-1.0,-1.0,-1.0,-1.0,-1.0,-1.0,-1.0,-1.0,-1.0,-1.0,-1.0,1.0,-1.0,-1.0
-1.0,-1.0,-1.0,-1.0,-1.0,-1.0,-1.0,-1.0,-1.0,-1.0,-1.0,-1.0,-1.0,-1.0,-1.0,-1.0,-1.0,-1.0,-1.0,-1.0,-1.0,-1.0,-1.0,-1.0,-1.0,-1.0,-1.0,-1.0,-1.0,-1.0,-1.0,-1.0,-1.0,-1.0,-1.0,-1.0,-1.0,-1.0,-1.0,-1.0,-1.0,-1.0,-1.0,-1.0,-1.0,-1.0,-1.0,-1.0,-1.0,-1.0,-1.0,-1.0,-1.0,-1.0,-1.0,-1.0,-1.0,-1.0,-1.0,-1.0,-1.0,-1.0,-1.0,-1.0,-1.0,-1.0,-1.0,-1.0,-1.0,-1.0,-1.0,-1.0,-1.0,-1.0,-1.0,-1.0,-1.0,-1.0,-1.0,-1.0,-1.0,-1.0,-1.0,-1.0,-1.0,-1.0,-1.0,-1.0,-1.0,-1.0
-1.0,-1.0,-1.0,-1.0,-1.0,-1.0,-1.0,-1.0,-1.0,-1.0,-1.0,-1.0,-1.0,-1.0,-1.0,-1.0,-1.0,-1.0,-1.0,-1.0,-1.0,-1.0,-1.0,-1.0,-1.0,-1.0,-1.0,-1.0,-1.0,-1.0,-1.0,-1.0,-1.0,-1.0,-1.0,-1.0,-1.0,-1.0,-1.0,-1.0,-1.0,-1.0,-1.0,-1.0,-1.0,-1.0,-1.0,-1.0,-1.0,-1.0,-1.0,-1.0,-1.0,-1.0,-1.0,-1.0,-1.0,-1.0,-1.0,-1.0,-1.0,-1.0,-1.0,-1.0,-1.0,-1.0,-1.0,-1.0,-1.0,-1.0,-1.0,-1.0,-1.0,-1.0,-1.0,-1.0,-1.0,-1.0,-1.0,-1.0,-1.0,-1.0,-1.0,-1.0,-1.0,-1.0,-1.0,-1.0,-1.0,-1.0
-1.0,-1.0,-1.0,-1.0,-1.0,-1.0,-1.0,-1.0,-1.0,-1.0,-1.0,-1.0,-1.0,-1.0,-1.0,-1.0,-1.0,-1.0,-1.0,-1.0,-1.0,-1.0,-1.0,-1.0,-1.0,-1.0,-1.0,-1.0,-1.0,-1.0,-1.0,-1.0,-1.0,-1.0,-1.0,-1.0,-1.0,-1.0,-1.0,-1.0,-1.0,-1.0,-1.0,-1.0,-1.0,-1.0,-1.0,-1.0,-1.0,-1.0,-1.0,-1.0,-1.0,-1.0,-1.0,-1.0,-1.0,-1.0,-1.0,-1.0,-1.0,-1.0,-1.0,-1.0,-1.0,-1.0,-1.0,-1.0,-1.0,-1.0,-1.0,-1.0,-1.0,-1.0,-1.0,-1.0,-1.0,-1.0,-1.0,-1.0,-1.0,-1.0,-1.0,-1.0,-1.0,-1.0,-1.0,-1.0,-1.0,-1.0
-1.0,-1.0,-1.0,-1.0,-1.0,-1.0,-1.0,-1.0,-1.0,-1.0,-1.0,-1.0,-1.0,-1.0,-1.0,-1.0,-1.0,-1.0,-1.0,-1.0,-1.0,1.0,-1.0,-1.0,-1.0,-1.0,-1.0,1.0,-1.0,-1.0,-1.0,-1.0,-1.0,-1.0,-1.0,-1.0,-1.0,-1.0,-1.0,-1.0,-1.0,-1.0,-1.0,-1.0,1.0,-1.0,-1.0,-1.0,-1.0,-1.0,-1.0,-1.0,-1.0,-1.0,-1.0,-1.0,-1.0,-1.0,-1.0,-1.0,-1.0,-1.0,-1.0,-1.0,-1.0,-1.0,-1.0,-1.0,-1.0,-1.0,-1.0,-1.0,-1.0,-1.0,-1.0,-1.0,-1.0,-1.0,-1.0,-1.0,-1.0,-1.0,-1.0,-1.0,-1.0,-1.0,-1.0,-1.0,1.0,-1.0
1.337810426714739,1.337810426714739,1.337810426714739,1.337810426714739,1.337810426714739,1.337810426714739,1.337810426714739,1.337810426714739,1.337810426714739,-0.27666196209412575,1.337810426714739,1.337810426714739,1.337810426714739,1.337810426714739,1.337810426714739,1.337810426714739,1.337810426714739,1.337810426714739,1.337810426714739,1.337810426714739,1.337810426714739,-0.54574069356227,-0.20327685351190458,1.337810426714739,0.5305742323103066,-0.49483390652775605,-0.8532592438115775,-0.4496411466093612,-0.577028918151589,-0.8417272981772284,-0.8289814635287374,-0.6377939438013719,-0.5828550013509795,1.337810426714739,-0.47847101069523384,-0.27666196209412575,-0.7379397874680871,-0.7206418690165637,-0.906699967482951,-0.6354336040516513,-0.6932999979157682,-1.018446573168469,-0.4318996917872858,-0.80447024305087,-0.1152147232132392,-0.6354336040516513,1.337810426714739,-0.6435875050052313,-0.8071314612741813,-0.6354336040516513,-0.5250423296031819,-0.773422697112238,-0.8733148014365323,-0.814819425030414,1.337810426714739,0.12695613510809048,-0.6687481136619929,-0.9109189719833226,-0.39198141843761614,0.2999353196233259,1.337810426714739,1.337810426714739,-1.0838981564985581,-1.0838981564985581,-1.0838981564985581,-1.0838981564985581,-1.0838981564985581,-1.0838981564985581,-1.0838981564985581,-1.0838981564985581,-1.0838981564985581,-1.0838981564985581,-1.0838981564985581,-1.0838981564985581,-1.0838981564985581,-1.0838981564985581,-1.0838981564985581,1.337810426714739,1.337810426714739,0.5305742323103066,1.337810426714739,1.337810426714739,0.5305742323103066,1.337810426714739,-0.54574069356227,-1.0838981564985581,-1.0838981564985581,0.0,-1.0838981564985581,1.337810426714739
1.4516825767754173,1.4516825767754173,1.4516825767754173,1.4516825767754173,1.4516825767754173,1.4516825767754173,1.4516825767754173,1.4516825767754173,1.4516825767754173,-0.59926643194068,1.4516825767754173,1.4516825767754173,1.4516825767754173,1.4516825767754173,1.4516825767754173,1.4516825767754173,1.4516825767754173,1.4516825767754173,1.4516825767754173,1.4516825767754173,1.4516825767754173,-0.7416934464348534,-0.5505352054939131,1.4516825767754173,0.16983944632785655,-0.7191173601344621,-0.8347070069208442,-0.6973666715157484,-0.7545573249748895,-0.832561881682136,-0.8300692116611549,-0.7773396535250156,-0.7568675968494526,1.4516825767754173,-0.7114277058548415,-0.59926643194068,-0.8085469430341592,-0.8037204112470658,-0.843281780984832,-0.7765089388667625,-0.7956111861569973,-0.8539496543524672,-0.6883886614244601,-0.8249163321230168,-0.4864642364612945,-0.7765089388667625,1.4516825767754173,-0.7793600948961223,-0.8254986644327311,-0.7765089388667625,-0.732760154401491,-0.8177107050583707,-0.8381884218501875,-0.8271496551313574,1.4516825767754173,-0.2788056493287897,-0.7878281724359047,-0.843863029281184,-0.6672825980460608,-0.1022252180936666,1.4516825767754173,1.4516825767754173,-0.8556350580301921,-0.8556350580301921,-0.8556350580301921,-0.8556350580301921,-0.8556350580301921,-0.8556350580301921,-0.8556350580301921,-0.8556350580301921,-0.8556350580301921,-0.8556350580301921,-0.8556350580301921,-0.8556350580301921,-0.8556350580301921,-0.8556350580301921,-0.8556350580301921,1.4516825767754173,1.4516825767754173,0.16983944632785655,1.4516825767754173,1.4516825767754173,0.16983944632785655,1.4516825767754173,-0.7416934464348534,-0.8556350580301921,-0.8556350580301921,0.0,-0.8556350580301921,1.4516825767754173
1.4965912411460476,1.4965912411460476,1.4965912411460476,1.4965912411460476,1.4965912411460476,1.4965912411460476,1.4965912411460476,1.4965912411460476,1.4965912411460476,-0.6897800420511516,1.4965912411460476,1.4965912411460476,1.4965912411460476,1.4965912411460476,1.4965912411460476,1.4965912411460476,1.4965912411460476,1.4965912411460476,1.4965912411460476,1.4965912411460476,1.4965912411460476,-0.7489553331918166,-0.6646979927120402,1.4965912411460476,-0.10114161965190568,-0.7411946584233441,-0.7719099343892388,-0.7330821084219415,-0.7530533656607753,-0.7716007827646468,-0.7712230895590805,-0.7596787858394277,-0.7537630039512049,1.4965912411460476,-0.7383952689010893,-0.6897800420511516,-0.7672518210924518,-0.7662084343594536,-0.772981785041054,-0.7594523146612132,-0.764344616040892,-0.7738264214008002,-0.729562606605493,-0.7703833932293824,-0.62856164612163,-0.7594523146612132,1.4965912411460476,-0.7602245886836685,-0.7704821000818447,-0.7594523146612132,-0.7459684290777524,-0.7690868117508224,-0.7723783793111099,-0.7707567562436405,1.4965912411460476,-0.49006343445140743,-0.7624328803049967,-0.7730438172312198,-0.720915851982307,-0.3502280991011493,1.4965912411460476,1.4965912411460476,-0.7738712452510439,-0.7738712452510439,-0.7738712452510439,-0.7738712452510439,-0.7738712452510439,-0.7738712452510439,-0.7738712452510439,-0.7738712452510439,-0.7738712452510439,-0.7738712452510439,-0.7738712452510439,-0.7738712452510439,-0.7738712452510439,-0.7738712452510439,-0.7738712452510439,1.4965912411460476,1.4965912411460476,-0.10114161965190568,1.4965912411460476,1.4965912411460476,-0.10114161965190568,1.4965912411460476,-0.7489553331918166,-0.7738712452510439,-0.7738712452510439,0.0,-0.7738712452510439,1.4965912411460476
-1.0,-1.0,-1.0,-1.0,-1.0,-1.0,-1.0,-1.0,-1.0,-1.0,-1.0,-1.0,-1.0,-1.0,-1.0,-1.0,-1.0,-1.0,-1.0,-1.0,-1.0,-1.0,-1.0,1.0,-1.0,-1.0,-1.0,-1.0,-1.0,-1.0,-1.0,-1.0,-1.0,-1.0,-1.0,-1.0,-1.0,-1.0,-1.0,-1.0,-1.0,-1.0,-1.0,-1.0,-1.0,-1.0,-1.0,-1.0,-1.0,-1.0,-1.0,-1.0,-1.0,-1.0,-1.0,-1.0,-1.0,-1.0,-1.0,-1.0,-1.0,-1.0,-1.0,-1.0,-1.0,-1.0,-1.0,-1.0,-1.0,-1.0,-1.0,-1.0,-1.0,-1.0,-1.0,-1.0,-1.0,-1.0,-1.0,-1.0,-1.0,-1.0,-1.0,-1.0,-1.0,-1.0,-1.0,-1.0,-1.0,-1.0
1.0,1.0,1.0,1.0,1.0,1.0,1.0,1.0,1.0,1.0,1.0,1.0,1.0,1.0,1.0,1.0,1.0,1.0,1.0,1.0,1.0,1.0,1.0,1.0,1.0,1.0,1.0,1.0,1.0,1.0,1.0,1.0,1.0,1.0,1.0,1.0,1.0,1.0,1.0,1.0,1.0,1.0,1.0,1.0,1.0,1.0,1.0,1.0,1.0,1.0,1.0,1.0,1.0,1.0,1.0,1.0,1.0,1.0,1.0,1.0,1.0,1.0,1.0,1.0,1.0,1.0,1.0,1.0,1.0,1.0,1.0,1.0,1.0,1.0,1.0,1.0,1.0,1.0,1.0,1.0,1.0,1.0,1.0,1.0,1.0,1.0,1.0,1.0,1.0,1.0
0.0,0.0,0.0,0.0,0.0,0.0,0.0,0.0,0.0,0.0,0.0,0.0,0.0,0.0,0.0,0.0,0.0,0.0,0.0,0.0,0.0,0.0,0.0,0.0,0.0,0.0,0.0,0.0,0.0,0.0,0.0,0.0,0.0,0.0,0.0,0.0,0.0,0.0,0.0,0.0,0.0,0.0,0.0,0.0,0.0,0.0,0.0,0.0,0.0,0.0,0.0,0.0,0.0,0.0,0.0,0.0,0.0,0.0,0.0,0.0,0.0,0.0,0.0,0.0,0.0,0.0,0.0,0.0,0.0,0.0,0.0,0.0,0.0,0.0,0.0,0.0,0.0,0.0,0.0,0.0,0.0,0.0,0.0,0.0,0.0,0.0,0.0,0.0,0.0,0.0
0.7037037037037037,1.0,1.0,1.0,1.0,1.0,1.0,1.0,1.0,1.0,1.0,1.0,1.0,1.0,1.0,1.0,1.0,1.0,1.0,0.44680851063829796,-0.8181818181818181,-0.8181818181818181,-0.8181818181818181,0.13043478260869557,0.13043478260869557,-0.9469314079422383,-0.9469314079422383,-0.9469314079422383,-0.9469314079422383,-0.9469314079422383,-0.9469314079422383,-0.9469314079422383,-0.9469314079422383,0.746031746031746,1.0,1.0,-0.9469314079422383,-0.9469314079422383,-0.9469314079422383,-0.9469314079422383,-0.9469314079422383,-0.9469314079422383,-0.9469314079422383,-0.9469314079422383,-0.9469314079422383,-0.9469314079422383,-0.9469314079422383,-0.9469314079422383,-0.9469314079422383,-0.9469314079422383,-0.9469314079422383,-0.9469314079422383,-0.9469314079422383,-0.9469314079422383,-1.0,-1.0,-0.9469314079422383,-0.9469314079422383,-0.9469314079422383,-0.9469314079422383,0.4509803921568627,0.4509803921568627,-1.0,-1.0,-1.0,-1.0,-1.0,-1.0,-1.0,-1.0,-1.0,-1.0,-1.0,-1.0,-1.0,-1.0,-1.0,1.0,1.0,1.0,1.0,1.0,1.0,1.0,-0.49473684210526314,-0.49473684210526314,-0.49473684210526314,-1.0,-1.0,1.0
0.5719650796632643,0.5719650796632643,0.5719650796632643,0.5719650796632643,0.5719650796632643,0.5719650796632643,0.5719650796632643,0.5719650796632643,0.5719650796632643,0.04722599305560278,0.04722599305560278,0.04722599305560278,0.04722599305560278,0.04722599305560278,0.04722599305560278,0.04722599305560278,0.04722599305560278,0.04722599305560278,0.04722599305560278,0.04722599305560278,-1.0022521801597202,-1.0022521801597202,-1.0022521801597202,-0.4775130935520587,-0.4775130935520587,-0.4775130935520587,-0.4775130935520587,-0.4775130935520587,-0.4775130935520587,-0.4775130935520587,-0.4775130935520587,-0.4775130935520587,-0.4775130935520587,0.04722599305560278,0.04722599305560278,0.04722599305560278,-0.4775130935520587,-0.4775130935520587,-0.4775130935520587,-0.4775130935520587,-0.4775130935520587,-0.4775130935520587,-0.4775130935520587,-0.4775130935520587,-0.4775130935520587,-0.4775130935520587,-0.4775130935520587,-0.4775130935520587,-0.4775130935520587,-0.4775130935520587,-0.4775130935520587,-0.4775130935520587,-0.4775130935520587,-0.4775130935520587,0.04722599305560278,0.04722599305560278,-0.4775130935520587,-0.4775130935520587,-0.4775130935520587,-0.4775130935520587,0.5719650796632643,0.5719650796632643,0.04722599305560278,0.04722599305560278,0.04722599305560278,0.04722599305560278,0.04722599305560278,0.04722599305560278,0.04722599305560278,0.04722599305560278,0.04722599305560278,0.04722599305560278,0.04722599305560278,0.04722599305560278,0.04722599305560278,0.04722599305560278,0.04722599305560278,0.5719650796632643,0.5719650796632643,0.5719650796632643,0.5719650796632643,0.5719650796632643,0.5719650796632643,0.5719650796632643,-0.4775130935520587,-0.4775130935520587,-0.4775130935520587,-0.4775130935520587,-0.4775130935520587,0.04722599305560278
-1.0,-1.0,-1.0,-1.0,-1.0,-1.0,-1.0,-1.0,-1.0,1.0,1.0,1.0,1.0,-1.0,-1.0,-1.0,-1.0,-1.0,-1.0,-1.0,1.0,1.0,1.0,-1.0,-1.0,1.0,1.0,1.0,1.0,1.0,1.0,1.0,1.0,1.0,1.0,1.0,1.0,1.0,1.0,1.0,1.0,1.0,1.0,1.0,1.0,1.0,1.0,1.0,1.0,1.0,1.0,1.0,1.0,1.0,-1.0,-1.0,1.0,1.0,1.0,1.0,-1.0,-1.0,1.0,1.0,1.0,1.0,1.0,1.0,1.0,1.0,1.0,1.0,1.0,1.0,1.0,1.0,1.0,1.0,1.0,1.0,1.0,1.0,1.0,1.0,1.0,1.0,1.0,-1.0,-1.0,-1.0
-2.446043165467626,-2.446043165467626,-2.446043165467626,-2.446043165467626,-2.446043165467626,-2.446043165467626,-2.446043165467626,-2.446043165467626,-2.446043165467626,-1.356006104207543,-1.356006104207543,-1.356006104207543,-1.356006104207543,-2.446043165467626,-2.446043165467626,-2.446043165467626,-2.446043165467626,-2.446043165467626,-2.446043165467626,-2.446043165467626,-1.5541946608002855,-1.5541946608002855,-1.5541946608002855,-2.446043165467626,-2.446043165467626,-0.4881422019304071,-0.4881422019304071,-0.4881422019304071,-0.4881422019304071,-0.4881422019304071,-0.4881422019304071,-0.4881422019304071,-0.4881422019304071,-1.7575987057244156,-1.676605239872273,-1.676605239872273,-0.4881422019304071,-0.4881422019304071,-0.4881422019304071,-0.4881422019304071,-0.4881422019304071,-0.4881422019304071,-0.4881422019304071,-0.4881422019304071,-0.4881422019304071,-0.4881422019304071,-0.4881422019304071,-0.4881422019304071,-0.4881422019304071,-0.4881422019304071,-0.4881422019304071,-0.4881422019304071,-0.4881422019304071,-0.4881422019304071,-2.446043165467626,-2.446043165467626,-0.4881422019304071,-0.4881422019304071,-0.4881422019304071,-0.4881422019304071,-2.446043165467626,-2.446043165467626,-1.7575987057244156,-1.7325643617337536,-1.7325643617337536,-1.7325643617337536,-1.7325643617337536,-1.7325643617337536,-1.7325643617337536,-1.7325643617337536,-1.7325643617337536,-1.7325643617337536,-1.7325643617337536,-1.7325643617337536,-1.7325643617337536,-1.7325643617337536,-1.7325643617337536,-1.356006104207543,-1.356006104207543,-1.356006104207543,-1.356006104207543,-1.356006104207543,-1.356006104207543,-1.356006104207543,-0.2659690429474603,-0.2659690429474603,-0.2659690429474603,-2.446043165467626,-2.446043165467626,-2.446043165467626
-1.0,-1.0,-1.0,-1.0,-1.0,-1.0,-1.0,-1.0,-1.0,-1.0,-1.0,-1.0,-1.0,-1.0,-1.0,-1.0,-1.0,-1.0,-1.0,-1.0,-1.0,-1.0,-1.0,1.0,1.0,-1.0,-1.0,-1.0,-1.0,-1.0,-1.0,-1.0,-1.0,-1.0,-1.0,-1.0,-1.0,-1.0,-1.0,-1.0,-1.0,-1.0,-1.0,-1.0,-1.0,-1.0,-1.0,-1.0,-1.0,-1.0,-1.0,-1.0,-1.0,-1.0,-1.0,-1.0,-1.0,-1.0,-1.0,-1.0,-1.0,-1.0,-1.0,-1.0,-1.0,-1.0,-1.0,-1.0,-1.0,-1.0,-1.0,-1.0,-1.0,-1.0,-1.0,-1.0,-1.0,-1.0,-1.0,-1.0,-1.0,-1.0,-1.0,-1.0,-1.0,-1.0,-1.0,-1.0,-1.0,-1.0
-1.0,-1.0,-1.0,-1.0,-1.0,-1.0,-1.0,-1.0,-1.0,-1.0,-1.0,-1.0,-1.0,-1.0,-1.0,-1.0,-1.0,-1.0,-1.0,-1.0,-1.0,-1.0,-1.0,-1.0,-1.0,-1.0,-1.0,-1.0,-1.0,-1.0,-1.0,-1.0,-1.0,-1.0,-1.0,-1.0,-1.0,-1.0,-1.0,-1.0,-1.0,-1.0,-1.0,-1.0,-1.0,-1.0,-1.0,-1.0,-1.0,-1.0,-1.0,-1.0,-1.0,-1.0,-1.0,-1.0,-1.0,-1.0,-1.0,-1.0,-1.0,-1.0,1.0,1.0,1.0,1.0,1.0,1.0,1.0,1.0,1.0,1.0,1.0,1.0,1.0,1.0,1.0,-1.0,-1.0,-1.0,-1.0,-1.0,-1.0,-1.0,1.0,1.0,1.0,-1.0,-1.0,-1.0
-0.4263568526951478,-0.5012833246928948,-0.5012833246928948,-0.5012833246928948,-0.5012833246928948,-0.5012833246928948,-0.5012833246928948,-0.5012833246928948,-0.5012833246928948,-1.116393498764381,-1.116393498764381,-1.116393498764381,-1.116393498764381,-1.1559062969083356,-1.1559062969083356,-1.1559062969083356,-1.1559062969083356,-1.1559062969083356,-1.1559062969083356,-1.0046039244345522,-0.6072521655175623,-0.6072521655175623,-0.6072521655175623,-1.3385541047060048,-1.3385541047060048,1.224182140066042,1.224182140066042,1.224182140066042,1.224182140066042,1.224182140066042,1.224182140066042,1.224182140066042,1.224182140066042,-0.543793501424543,-0.6072521655175623,-0.6072521655175623,1.224182140066042,1.224182140066042,1.224182140066042,1.224182140066042,1.224182140066042,1.224182140066042,1.224182140066042,1.224182140066042,1.224182140066042,1.224182140066042,1.224182140066042,1.224182140066042,1.224182140066042,1.224182140066042,1.224182140066042,1.224182140066042,1.224182140066042,1.224182140066042,-1.4038634235729013,-1.4038634235729013,1.224182140066042,1.224182140066042,1.224182140066042,1.224182140066042,-0.9664366202222776,-0.9664366202222776,-0.05322241521020756,-0.059758042301207494,-0.059758042301207494,-0.059758042301207494,-0.059758042301207494,-0.059758042301207494,-0.059758042301207494,-0.059758042301207494,-0.059758042301207494,-0.059758042301207494,-0.059758042301207494,-0.059758042301207494,-0.059758042301207494,-0.059758042301207494,-0.059758042301207494,-0.7560623202458499,-0.7560623202458499,-0.7560623202458499,-0.7560623202458499,-0.7560623202458499,-0.7560623202458499,-0.7560623202458499,-0.6757584618689061,-0.6757584618689061,-0.6757584618689061,-1.6355140186915886,-1.6355140186915886,-1.1559062969083356
-1.0917363902447395,-1.0917363902447395,-1.0917363902447395,-1.0917363902447395,-1.0917363902447395,-1.0917363902447395,-1.0917363902447395,-1.0917363902447395,-1.0917363902447395,0.0,0.0,0.0,0.0,0.0,0.0,0.0,0.0,0.0,0.0,0.0,-1.0917363902447395,-1.0917363902447395,-1.0917363902447395,0.0,0.0,-1.0917363902447395,-1.0917363902447395,-1.0917363902447395,-1.0917363902447395,-1.0917363902447395,-1.0917363902447395,-1.0917363902447395,-1.0917363902447395,-1.0917363902447395,-1.0917363902447395,-1.0917363902447395,-1.0917363902447395,-1.0917363902447395,-1.0917363902447395,-1.0917363902447395,-1.0917363902447395,-1.0917363902447395,-1.0917363902447395,-1.0917363902447395,-1.0917363902447395,-1.0917363902447395,-1.0917363902447395,-1.0917363902447395,-1.0917363902447395,-1.0917363902447395,-1.0917363902447395,-1.0917363902447395,-1.0917363902447395,-1.0917363902447395,0.0,0.0,-1.0917363902447395,-1.0917363902447395,-1.0917363902447395,-1.0917363902447395,0.16479248605383176,0.16479248605383176,-1.0917363902447395,0.0,0.0,0.0,0.0,0.0,0.0,0.0,0.0,0.0,0.0,0.0,0.0,0.0,0.0,0.0,0.0,0.0,0.0,0.0,0.0,0.0,-0.8618766940553412,-0.8618766940553412,-0.8618766940553412,0.0,0.0,0.8339954241787803
-0.5077224524862195,-0.5077224524862195,-0.5077224524862195,-0.5077224524862195,-0.5077224524862195,-0.5077224524862195,-0.5077224524862195,-0.5077224524862195,-0.5077224524862195,-0.5077224524862195,-0.5077224524862195,-0.5077224524862195,-0.5077224524862195,-0.5077224524862195,-0.5077224524862195,-0.5077224524862195,-0.5077224524862195,-0.5077224524862195,-0.5077224524862195,-0.5077224524862195,1.969566382794139,1.969566382794139,1.969566382794139,1.969566382794139,1.969566382794139,1.969566382794139,1.969566382794139,1.969566382794139,1.969566382794139,1.969566382794139,1.969566382794139,1.969566382794139,1.969566382794139,-0.5077224524862195,-0.5077224524862195,-0.5077224524862195,1.969566382794139,1.969566382794139,1.969566382794139,1.969566382794139,1.969566382794139,1.969566382794139,1.969566382794139,1.969566382794139,1.969566382794139,1.969566382794139,1.969566382794139,1.969566382794139,1.969566382794139,1.969566382794139,1.969566382794139,1.969566382794139,1.969566382794139,1.969566382794139,1.969566382794139,1.969566382794139,1.969566382794139,1.969566382794139,1.969566382794139,1.969566382794139,-0.5077224524862195,-0.5077224524862195,1.969566382794139,-0.5077224524862195,-0.5077224524862195,-0.5077224524862195,-0.5077224524862195,-0.5077224524862195,-0.5077224524862195,-0.5077224524862195,-0.5077224524862195,-0.5077224524862195,-0.5077224524862195,-0.5077224524862195,-0.5077224524862195,-0.5077224524862195,-0.5077224524862195,-0.5077224524862195,-0.5077224524862195,-0.5077224524862195,-0.5077224524862195,-0.5077224524862195,-0.5077224524862195,-0.5077224524862195,1.969566382794139,1.969566382794139,1.969566382794139,1.969566382794139,1.969566382794139,1.969566382794139
-0.8700053950135924,-0.8700053950135924,-0.8700053950135924,-0.8700053950135924,-0.8700053950135924,-0.8700053950135924,-0.8700053950135924,-0.8700053950135924,-0.8700053950135924,-0.8700053950135924,-0.8700053950135924,-0.8700053950135924,-0.8700053950135924,-0.8700053950135924,-0.8700053950135924,-0.8700053950135924,-0.8700053950135924,-0.8700053950135924,-0.8700053950135924,-0.8700053950135924,-0.5424392995457642,-0.5424392995457642,-0.5424392995457642,-0.7275853535058411,-0.7275853535058411,-0.845763138850811,-0.845763138850811,-0.845763138850811,-0.845763138850811,-0.845763138850811,-0.845763138850811,-0.845763138850811,-0.845763138850811,-0.8700053950135924,-0.8700053950135924,-0.8700053950135924,-0.845763138850811,-0.845763138850811,-0.845763138850811,-0.845763138850811,-0.845763138850811,-0.845763138850811,-0.845763138850811,-0.845763138850811,-0.845763138850811,-0.845763138850811,-0.845763138850811,-0.845763138850811,-0.845763138850811,-0.845763138850811,-0.845763138850811,-0.845763138850811,-0.845763138850811,-0.845763138850811,-0.5424392995457642,-0.5424392995457642,-0.845763138850811,-0.845763138850811,-0.845763138850811,-0.845763138850811,-0.8700053950135924,-0.8700053950135924,-0.8518072785987132,-0.8700053950135924,-0.8700053950135924,-0.8700053950135924,-0.8700053950135924,-0.8700053950135924,-0.8700053950135924,-0.8700053950135924,-0.8700053950135924,-0.8700053950135924,-0.8700053950135924,-0.8700053950135924,-0.8700053950135924,-0.8700053950135924,-0.8700053950135924,-0.8700053950135924,-0.8700053950135924,-0.8700053950135924,-0.8700053950135924,-0.8700053950135924,-0.8700053950135924,-0.8700053950135924,-0.8010441117572075,-0.8010441117572075,-0.8010441117572075,1.7505233687290338,1.7505233687290338,-0.484633517992618
-0.21624949762990653,-0.2727860098355923,-0.2727860098355923,-0.2727860098355923,-0.2727860098355923,-0.2727860098355923,-0.2727860098355923,-0.2727860098355923,-0.2727860098355923,-0.901855017471593,-0.901855017471593,-0.901855017471593,-0.901855017471593,-1.096933728981207,-1.096933728981207,-1.096933728981207,-1.096933728981207,-1.096933728981207,-1.096933728981207,-1.096933728981207,0.4693560222117804,0.4693560222117804,0.4693560222117804,-0.7033676826920172,-0.7033676826920172,1.7767307402951829,1.7767307402951829,1.7767307402951829,1.7767307402951829,1.7767307402951829,1.7767307402951829,1.7767307402951829,1.7767307402951829,0.6218294938510074,0.8885590358382506,0.8885590358382506,1.7767307402951829,1.7767307402951829,1.7767307402951829,1.7767307402951829,1.7767307402951829,1.7767307402951829,1.7767307402951829,1.7767307402951829,1.7767307402951829,1.7767307402951829,1.7767307402951829,1.7767307402951829,1.7767307402951829,1.7767307402951829,1.7767307402951829,1.7767307402951829,1.7767307402951829,1.7767307402951829,-0.797640857572655,-0.797640857572655,1.7767307402951829,1.7767307402951829,1.7767307402951829,1.7767307402951829,0.10868034111592541,0.10868034111592541,0.06830250281695922,0.10868034111592541,0.10868034111592541,0.10868034111592541,0.10868034111592541,0.10868034111592541,0.10868034111592541,0.10868034111592541,0.10868034111592541,0.10868034111592541,0.10868034111592541,0.10868034111592541,0.10868034111592541,0.10868034111592541,0.10868034111592541,-0.7033676826920172,-0.7033676826920172,-0.7033676826920172,-0.7033676826920172,-0.7033676826920172,-0.7033676826920172,-0.7033676826920172,0.026205950473936392,0.026205950473936392,0.026205950473936392,-1.096933728981207,-1.096933728981207,-1.0183565364195493
-1.0,-1.0,-1.0,-1.0,-1.0,-1.0,-1.0,-1.0,-1.0,-1.0,-1.0,-1.0,-1.0,-1.0,-1.0,-1.0,-1.0,-1.0,-1.0,-1.0,-1.0,-1.0,-1.0,-1.0,-1.0,1.0,1.0,1.0,1.0,1.0,1.0,1.0,1.0,-1.0,-1.0,-1.0,1.0,1.0,1.0,1.0,1.0,1.0,1.0,1.0,1.0,1.0,1.0,1.0,1.0,1.0,1.0,1.0,1.0,1.0,-1.0,-1.0,1.0,1.0,1.0,1.0,1.0,1.0,-1.0,-1.0,-1.0,-1.0,-1.0,-1.0,-1.0,-1.0,-1.0,-1.0,-1.0,-1.0,-1.0,-1.0,-1.0,-1.0,-1.0,-1.0,-1.0,-1.0,-1.0,-1.0,1.0,1.0,1.0,-1.0,-1.0,1.0
-1.0,-1.0,-1.0,-1.0,-1.0,-1.0,-1.0,-1.0,-1.0,-1.0,-1.0,-1.0,-1.0,-1.0,-1.0,-1.0,-1.0,-1.0,-1.0,-1.0,-1.0,-1.0,-1.0,-1.0,-1.0,-1.0,-1.0,-1.0,-1.0,-1.0,-1.0,-1.0,-1.0,-1.0,-1.0,-1.0,-1.0,-1.0,-1.0,-1.0,-1.0,-1.0,-1.0,-1.0,-1.0,-1.0,-1.0,-1.0,-1.0,-1.0,-1.0,-1.0,-1.0,-1.0,-1.0,-1.0,-1.0,-1.0,-1.0,-1.0,-1.0,-1.0,-1.0,-1.0,-1.0,-1.0,-1.0,-1.0,-1.0,-1.0,-1.0,-1.0,-1.0,-1.0,-1.0,-1.0,-1.0,-1.0,-1.0,-1.0,-1.0,-1.0,-1.0,-1.0,-1.0,-1.0,-1.0,-1.0,-1.0,-1.0
-1.0,-1.0,-1.0,-1.0,-1.0,-1.0,-1.0,-1.0,-1.0,-1.0,-1.0,-1.0,-1.0,-1.0,-1.0,-1.0,-1.0,-1.0,-1.0,-1.0,-1.0,-1.0,-1.0,-1.0,-1.0,-1.0,-1.0,-1.0,-1.0,-1.0,-1.0,-1.0,-1.0,-1.0,-1.0,-1.0,-1.0,-1.0,-1.0,-1.0,-1.0,-1.0,-1.0,-1.0,-1.0,-1.0,-1.0,-1.0,-1.0,-1.0,-1.0,-1.0,-1.0,-1.0,-1.0,-1.0,-1.0,-1.0,-1.0,-1.0,-1.0,-1.0,-1.0,-1.0,-1.0,-1.0,-1.0,-1.0,-1.0,-1.0,-1.0,-1.0,-1.0,-1.0,-1.0,-1.0,-1.0,-1.0,-1.0,-1.0,-1.0,-1.0,-1.0,-1.0,-1.0,-1.0,-1.0,1.0,1.0,1.0
-1.0,-1.0,-1.0,-1.0,-1.0,-1.0,-1.0,-1.0,-1.0,-1.0,-1.0,-1.0,-1.0,-1.0,-1.0,-1.0,-1.0,-1.0,-1.0,-1.0,-1.0,-1.0,-1.0,-1.0,-1.0,-1.0,-1.0,-1.0,-1.0,-1.0,-1.0,-1.0,-1.0,-1.0,-1.0,-1.0,-1.0,-1.0,-1.0,-1.0,-1.0,-1.0,-1.0,-1.0,-1.0,-1.0,-1.0,-1.0,-1.0,-1.0,-1.0,-1.0,-1.0,-1.0,-1.0,-1.0,-1.0,-1.0,-1.0,-1.0,-1.0,-1.0,-1.0,-1.0,-1.0,-1.0,-1.0,-1.0,-1.0,-1.0,-1.0,-1.0,-1.0,-1.0,-1.0,-1.0,-1.0,-1.0,-1.0,-1.0,-1.0,-1.0,-1.0,-1.0,-1.0,-1.0,-1.0,-1.0,-1.0,-1.0
-1.0,-1.0,-1.0,-1.0,-1.0,-1.0,-1.0,-1.0,-1.0,-1.0,-1.0,-1.0,-1.0,-1.0,-1.0,-1.0,-1.0,-1.0,-1.0,-1.0,-1.0,-1.0,-1.0,-1.0,-1.0,-1.0,-1.0,-1.0,-1.0,-1.0,-1.0,-1.0,-1.0,-1.0,-1.0,-1.0,-1.0,-1.0,-1.0,-1.0,-1.0,-1.0,-1.0,-1.0,-1.0,-1.0,-1.0,-1.0,-1.0,-1.0,-1.0,-1.0,-1.0,-1.0,-1.0,-1.0,-1.0,-1.0,-1.0,-1.0,-1.0,-1.0,-1.0,-1.0,-1.0,-1.0,-1.0,-1.0,-1.0,-1.0,-1.0,-1.0,-1.0,-1.0,-1.0,-1.0,-1.0,-1.0,-1.0,-1.0,-1.0,-1.0,-1.0,-1.0,-1.0,-1.0,-1.0,-1.0,-1.0,-1.0
-1.0,-1.0,-1.0,-1.0,-1.0,-1.0,-1.0,-1.0,-1.0,-1.0,-1.0,-1.0,-1.0,-1.0,-1.0,-1.0,-1.0,-1.0,-1.0,-1.0,-1.0,-1.0,-1.0,-1.0,-1.0,-1.0,-1.0,-1.0,-1.0,-1.0,-1.0,-1.0,-1.0,-1.0,-1.0,-1.0,-1.0,-1.0,-1.0,-1.0,-1.0,-1.0,-1.0,-1.0,-1.0,-1.0,-1.0,-1.0,-1.0,-1.0,-1.0,-1.0,-1.0,-1.0,-1.0,-1.0,-1.0,-1.0,-1.0,-1.0,-1.0,-1.0,-1.0,-1.0,-1.0,-1.0,-1.0,-1.0,-1.0,-1.0,-1.0,-1.0,-1.0,-1.0,-1.0,-1.0,-1.0,-1.0,-1.0,-1.0,-1.0,-1.0,-1.0,-1.0,-1.0,-1.0,-1.0,-1.0,-1.0,-1.0
-1.0,-1.0,-1.0,-1.0,-1.0,-1.0,-1.0,-1.0,-1.0,-1.0,-1.0,-1.0,-1.0,-1.0,-1.0,-1.0,-1.0,-1.0,-1.0,-1.0,1.0,1.0,1.0,-1.0,-1.0,1.0,1.0,1.0,1.0,1.0,1.0,1.0,1.0,-1.0,-1.0,-1.0,1.0,1.0,1.0,1.0,1.0,1.0,1.0,1.0,1.0,1.0,1.0,1.0,1.0,1.0,1.0,1.0,1.0,1.0,-1.0,-1.0,1.0,1.0,1.0,1.0,-1.0,-1.0,-1.0,-1.0,-1.0,-1.0,-1.0,-1.0,-1.0,-1.0,-1.0,-1.0,-1.0,-1.0,-1.0,-1.0,-1.0,-1.0,-1.0,-1.0,-1.0,-1.0,-1.0,-1.0,-1.0,-1.0,-1.0,1.0,1.0,1.0
1.337810426714739,1.337810426714739,1.337810426714739,1.337810426714739,1.337810426714739,1.337810426714739,1.337810426714739,1.337810426714739,1.337810426714739,0.5305742323103066,0.5305742323103066,0.5305742323103066,0.5305742323103066,1.337810426714739,1.337810426714739,1.337810426714739,1.337810426714739,1.337810426714739,1.337810426714739,1.337810426714739,-0.20327685351190458,-0.20327685351190458,-0.20327685351190458,0.8534687100720798,0.8534687100720798,-0.6185804775584235,-0.6185804775584235,-0.6185804775584235,-0.6185804775584235,-0.6185804775584235,-0.6185804775584235,-0.6185804775584235,-0.6185804775584235,-0.19168973110418552,-0.371630926141706,-0.371630926141706,-0.6185804775584235,-0.6185804775584235,-0.6185804775584235,-0.6185804775584235,-0.6185804775584235,-0.6185804775584235,-0.6185804775584235,-0.6185804775584235,-0.6185804775584235,-0.6185804775584235,-0.6185804775584235,-0.6185804775584235,-0.6185804775584235,-0.6185804775584235,-0.6185804775584235,-0.6185804775584235,-0.6185804775584235,-0.6185804775584235,0.5305742323103066,0.5305742323103066,-0.6185804775584235,-0.6185804775584235,-0.6185804775584235,-0.6185804775584235,1.337810426714739,1.337810426714739,-1.0838981564985581,-1.0838981564985581,-1.0838981564985581,-1.0838981564985581,-1.0838981564985581,-1.0838981564985581,-1.0838981564985581,-1.0838981564985581,-1.0838981564985581,-1.0838981564985581,-1.0838981564985581,-1.0838981564985581,-1.0838981564985581,-1.0838981564985581,-1.0838981564985581,0.934192329512523,0.934192329512523,0.934192329512523,0.934192329512523,0.934192329512523,0.934192329512523,0.934192329512523,-0.814819425030414,-0.814819425030414,-0.814819425030414,-1.0838981564985581,-1.0838981564985581,0.8534687100720798
1.4516825767754173,1.4516825767754173,1.4516825767754173,1.4516825767754173,1.4516825767754173,1.4516825767754173,1.4516825767754173,1.4516825767754173,1.4516825767754173,0.16983944632785655,0.16983944632785655,0.16983944632785655,0.16983944632785655,1.4516825767754173,1.4516825767754173,1.4516825767754173,1.4516825767754173,1.4516825767754173,1.4516825767754173,1.4516825767754173,-0.5505352054939131,-0.5505352054939131,-0.5505352054939131,0.6210482282453983,0.6210482282453983,-0.7704501361335785,-0.7704501361335785,-0.7704501361335785,-0.7704501361335785,-0.7704501361335785,-0.7704501361335785,-0.7704501361335785,-0.7704501361335785,-0.5424534400094861,-0.6560401069224404,-0.6560401069224404,-0.7704501361335785,-0.7704501361335785,-0.7704501361335785,-0.7704501361335785,-0.7704501361335785,-0.7704501361335785,-0.7704501361335785,-0.7704501361335785,-0.7704501361335785,-0.7704501361335785,-0.7704501361335785,-0.7704501361335785,-0.7704501361335785,-0.7704501361335785,-0.7704501361335785,-0.7704501361335785,-0.7704501361335785,-0.7704501361335785,0.16983944632785655,0.16983944632785655,-0.7704501361335785,-0.7704501361335785,-0.7704501361335785,-0.7704501361335785,1.4516825767754173,1.4516825767754173,-0.8556350580301921,-0.8556350580301921,-0.8556350580301921,-0.8556350580301921,-0.8556350580301921,-0.8556350580301921,-0.8556350580301921,-0.8556350580301921,-0.8556350580301921,-0.8556350580301921,-0.8556350580301921,-0.8556350580301921,-0.8556350580301921,-0.8556350580301921,-0.8556350580301921,0.7466688550292592,0.7466688550292592,0.7466688550292592,0.7466688550292592,0.7466688550292592,0.7466688550292592,0.7466688550292592,-0.8271496551313574,-0.8271496551313574,-0.8271496551313574,-0.8556350580301921,-0.8556350580301921,0.6210482282453983
1.4965912411460476,1.4965912411460476,1.4965912411460476,1.4965912411460476,1.4965912411460476,1.4965912411460476,1.4965912411460476,1.4965912411460476,1.4965912411460476,-0.10114161965190568,-0.10114161965190568,-0.10114161965190568,-0.10114161965190568,1.4965912411460476,1.4965912411460476,1.4965912411460476,1.4965912411460476,1.4965912411460476,1.4965912411460476,1.4965912411460476,-0.6646979927120402,-0.6646979927120402,-0.6646979927120402,0.38860554778426726,0.38860554778426726,-0.757764887292512,-0.757764887292512,-0.757764887292512,-0.757764887292512,-0.757764887292512,-0.757764887292512,-0.757764887292512,-0.757764887292512,-0.6603315699581145,-0.7161045424625977,-0.7161045424625977,-0.757764887292512,-0.757764887292512,-0.757764887292512,-0.757764887292512,-0.757764887292512,-0.757764887292512,-0.757764887292512,-0.757764887292512,-0.757764887292512,-0.757764887292512,-0.757764887292512,-0.757764887292512,-0.757764887292512,-0.757764887292512,-0.757764887292512,-0.757764887292512,-0.757764887292512,-0.757764887292512,-0.10114161965190568,-0.10114161965190568,-0.757764887292512,-0.757764887292512,-0.757764887292512,-0.757764887292512,1.4965912411460476,1.4965912411460476,-0.7738712452510439,-0.7738712452510439,-0.7738712452510439,-0.7738712452510439,-0.7738712452510439,-0.7738712452510439,-0.7738712452510439,-0.7738712452510439,-0.7738712452510439,-0.7738712452510439,-0.7738712452510439,-0.7738712452510439,-0.7738712452510439,-0.7738712452510439,-0.7738712452510439,0.5400538047472733,0.5400538047472733,0.5400538047472733,0.5400538047472733,0.5400538047472733,0.5400538047472733,0.5400538047472733,-0.7707567562436405,-0.7707567562436405,-0.7707567562436405,-0.7738712452510439,-0.7738712452510439,0.38860554778426726
-1.0,-1.0,-1.0,-1.0,-1.0,-1.0,-1.0,-1.0,-1.0,-1.0,-1.0,-1.0,-1.0,-1.0,-1.0,-1.0,-1.0,-1.0,-1.0,1.0,-1.0,-1.0,-1.0,-1.0,-1.0,-1.0,-1.0,-1.0,-1.0,-1.0,-1.0,-1.0,-1.0,-1.0,-1.0,-1.0,-1.0,-1.0,-1.0,-1.0,-1.0,-1.0,-1.0,-1.0,-1.0,-1.0,-1.0,-1.0,-1.0,-1.0,-1.0,-1.0,-1.0,-1.0,-1.0,-1.0,-1.0,-1.0,-1.0,-1.0,-1.0,-1.0,-1.0,-1.0,-1.0,-1.0,-1.0,-1.0,-1.0,-1.0,-1.0,-1.0,-1.0,-1.0,-1.0,-1.0,-1.0,-1.0,-1.0,-1.0,-1.0,-1.0,-1.0,-1.0,-1.0,-1.0,-1.0,-1.0,-1.0,-1.0
-1.0,-1.0,-1.0,-1.0,-1.0,-1.0,-1.0,-1.0,-1.0,-1.0,-1.0,-1.0,-1.0,-1.0,-1.0,-1.0,-1.0,-1.0,-1.0,-1.0,-1.0,-1.0,-1.0,-1.0,-1.0,-1.0,-1.0,-1.0,-1.0,-1.0,-1.0,-1.0,-1.0,-1.0,-1.0,-1.0,-1.0,-1.0,-1.0,-1.0,-1.0,-1.0,-1.0,-1.0,-1.0,-1.0,-1.0,-1.0,-1.0,-1.0,-1.0,-1.0,-1.0,-1.0,-1.0,-1.0,-1.0,-1.0,-1.0,-1.0,-1.0,-1.0,-1.0,-1.0,-1.0,-1.0,-1.0,-1.0,-1.0,-1.0,-1.0,-1.0,-1.0,-1.0,-1.0,-1.0,-1.0,-1.0,-1.0,-1.0,-1.0,-1.0,-1.0,-1.0,-1.0,-1.0,-1.0,-1.0,-1.0,-1.0
1.0,1.0,1.0,1.0,1.0,1.0,1.0,1.0,1.0,1.0,1.0,1.0,1.0,1.0,1.0,1.0,1.0,1.0,1.0,1.0,1.0,1.0,1.0,1.0,1.0,1.0,1.0,1.0,1.0,1.0,1.0,1.0,1.0,1.0,-1.0,-1.0,1.0,1.0,1.0,1.0,1.0,1.0,1.0,1.0,1.0,1.0,1.0,1.0,1.0,1.0,1.0,1.0,1.0,1.0,1.0,1.0,1.0,1.0,1.0,1.0,1.0,1.0,1.0,-1.0,-1.0,-1.0,-1.0,-1.0,-1.0,-1.0,-1.0,-1.0,-1.0,-1.0,-1.0,-1.0,-1.0,1.0,1.0,1.0,1.0,1.0,1.0,1.0,-1.0,-1.0,-1.0,-1.0,-1.0,-1.0
-1.0,-1.0,-1.0,-1.0,-1.0,-1.0,-1.0,-1.0,-1.0,-1.0,-1.0,-1.0,-1.0,-1.0,-1.0,-1.0,-1.0,-1.0,-1.0,-1.0,-1.0,-1.0,-1.0,-1.0,-1.0,-1.0,-1.0,-1.0,-1.0,-1.0,-1.0,-1.0,-1.0,-1.0,-1.0,-1.0,-1.0,-1.0,-1.0,-1.0,-1.0,-1.0,-1.0,-1.0,-1.0,-1.0,-1.0,-1.0,-1.0,-1.0,-1.0,-1.0,-1.0,-1.0,-1.0,-1.0,-1.0,-1.0,-1.0,-1.0,-1.0,-1.0,-1.0,-1.0,-1.0,-1.0,-1.0,-1.0,-1.0,-1.0,-1.0,-1.0,-1.0,-1.0,-1.0,-1.0,-1.0,-1.0,-1.0,-1.0,-1.0,-1.0,-1.0,-1.0,1.0,1.0,1.0,-1.0,-1.0,1.0
-1.0,-1.0,-1.0,-1.0,-1.0,-1.0,-1.0,-1.0,-1.0,-1.0,-1.0,-1.0,-1.0,-1.0,-1.0,-1.0,-1.0,-1.0,-1.0,-1.0,-1.0,-1.0,-1.0,-1.0,-1.0,-1.0,-1.0,-1.0,-1.0,-1.0,-1.0,-1.0,-1.0,-1.0,-1.0,-1.0,-1.0,-1.0,-1.0,-1.0,-1.0,-1.0,-1.0,-1.0,-1.0,-1.0,-1.0,-1.0,-1.0,-1.0,-1.0,-1.0,-1.0,-1.0,-1.0,-1.0,-1.0,-1.0,-1.0,-1.0,-1.0,-1.0,-1.0,-1.0,-1.0,-1.0,-1.0,-1.0,-1.0,-1.0,-1.0,-1.0,-1.0,-1.0,-1.0,-1.0,-1.0,-1.0,-1.0,-1.0,-1.0,-1.0,-1.0,-1.0,-1.0,-1.0,-1.0,-1.0,-1.0,-1.0
-1.0,-1.0,-1.0,-1.0,-1.0,-1.0,-1.0,-1.0,-1.0,-1.0,-1.0,-1.0,-1.0,-1.0,-1.0,-1.0,-1.0,-1.0,-1.0,-1.0,-1.0,-1.0,-1.0,-1.0,-1.0,-1.0,-1.0,-1.0,-1.0,-1.0,-1.0,-1.0,-1.0,-1.0,-1.0,-1.0,-1.0,-1.0,-1.0,-1.0,-1.0,-1.0,-1.0,-1.0,-1.0,-1.0,-1.0,-1.0,-1.0,-1.0,-1.0,-1.0,-1.0,-1.0,-1.0,-1.0,-1.0,-1.0,-1.0,-1.0,-1.0,-1.0,-1.0,-1.0,-1.0,-1.0,-1.0,-1.0,-1.0,-1.0,-1.0,-1.0,-1.0,-1.0,-1.0,-1.0,-1.0,-1.0,-1.0,-1.0,-1.0,-1.0,-1.0,-1.0,-1.0,-1.0,-1.0,-1.0,-1.0,-1.0
-1.0,-1.0,-1.0,-1.0,-1.0,-1.0,-1.0,-1.0,-1.0,-1.0,-1.0,-1.0,-1.0,-1.0,-1.0,-1.0,-1.0,-1.0,-1.0,-1.0,-1.0,-1.0,-1.0,-1.0,-1.0,-1.0,-1.0,-1.0,-1.0,-1.0,-1.0,-1.0,-1.0,-1.0,-1.0,-1.0,-1.0,-1.0,-1.0,-1.0,-1.0,-1.0,-1.0,-1.0,-1.0,-1.0,-1.0,-1.0,-1.0,-1.0,-1.0,-1.0,-1.0,-1.0,-1.0,-1.0,-1.0,-1.0,-1.0,-1.0,-1.0,-1.0,-1.0,-1.0,-1.0,-1.0,-1.0,-1.0,-1.0,-1.0,-1.0,-1.0,-1.0,-1.0,-1.0,-1.0,-1.0,-1.0,-1.0,-1.0,-1.0,-1.0,-1.0,-1.0,-1.0,-1.0,-1.0,-1.0,-1.0,-1.0
-1.0,-1.0,-1.0,-1.0,-1.0,-1.0,-1.0,-1.0,-1.0,-1.0,-1.0,-1.0,-1.0,1.0,1.0,1.0,1.0,1.0,1.0,-1.0,-1.0,-1.0,-1.0,-1.0,-1.0,-1.0,-1.0,-1.0,-1.0,-1.0,-1.0,-1.0,-1.0,-1.0,1.0,1.0,-1.0,-1.0,-1.0,-1.0,-1.0,-1.0,-1.0,-1.0,-1.0,-1.0,-1.0,-1.0,-1.0,-1.0,-1.0,-1.0,-1.0,-1.0,-1.0,-1.0,-1.0,-1.0,-1.0,-1.0,-1.0,-1.0,-1.0,1.0,1.0,1.0,1.0,1.0,1.0,1.0,1.0,1.0,1.0,1.0,1.0,1.0,1.0,1.0,1.0,1.0,1.0,1.0,1.0,1.0,-1.0,-1.0,-1.0,-1.0,-1.0,-1.0
-1.0,-1.0,-1.0,-1.0,-1.0,-1.0,-1.0,-1.0,-1.0,-1.0,-1.0,-1.0,-1.0,-1.0,-1.0,-1.0,-1.0,-1.0,-1.0,-1.0,-1.0,-1.0,-1.0,-1.0,-1.0,-1.0,-1.0,-1.0,-1.0,-1.0,-1.0,-1.0,-1.0,-1.0,-1.0,-1.0,-1.0,-1.0,-1.0,-1.0,-1.0,-1.0,-1.0,-1.0,-1.0,-1.0,-1.0,-1.0,-1.0,-1.0,-1.0,-1.0,-1.0,-1.0,-1.0,-1.0,-1.0,-1.0,-1.0,-1.0,-1.0,-1.0,-1.0,-1.0,-1.0,-1.0,-1.0,-1.0,-1.0,-1.0,-1.0,-1.0,-1.0,-1.0,-1.0,-1.0,-1.0,-1.0,-1.0,-1.0,-1.0,-1.0,-1.0,-1.0,-1.0,-1.0,-1.0,1.0,1.0,-1.0
-1.0,-1.0,-1.0,-1.0,-1.0,-1.0,-1.0,-1.0,-1.0,-1.0,-1.0,-1.0,-1.0,-1.0,-1.0,-1.0,-1.0,-1.0,-1.0,-1.0,-1.0,-1.0,-1.0,-1.0,-1.0,-1.0,-1.0,-1.0,-1.0,-1.0,-1.0,-1.0,-1.0,-1.0,-1.0,-1.0,-1.0,-1.0,-1.0,-1.0,-1.0,-1.0,-1.0,-1.0,-1.0,-1.0,-1.0,-1.0,-1.0,-1.0,-1.0,-1.0,-1.0,-1.0,-1.0,-1.0,-1.0,-1.0,-1.0,-1.0,-1.0,-1.0,-1.0,-1.0,-1.0,-1.0,-1.0,-1.0,-1.0,-1.0,-1.0,-1.0,-1.0,-1.0,-1.0,-1.0,-1.0,-1.0,-1.0,-1.0,-1.0,-1.0,-1.0,-1.0,-1.0,-1.0,-1.0,-1.0,-1.0,-1.0
-1.0,-1.0,-1.0,-1.0,-1.0,-1.0,-1.0,-1.0,-1.0,-1.0,-1.0,-1.0,-1.0,-1.0,-1.0,-1.0,-1.0,-1.0,-1.0,-1.0,-1.0,-1.0,-1.0,-1.0,-1.0,-1.0,-1.0,-1.0,-1.0,-1.0,-1.0,-1.0,-1.0,-1.0,-1.0,-1.0,-1.0,-1.0,-1.0,-1.0,-1.0,-1.0,-1.0,-1.0,-1.0,-1.0,-1.0,-1.0,-1.0,-1.0,-1.0,-1.0,-1.0,-1.0,-1.0,-1.0,-1.0,-1.0,-1.0,-1.0,-1.0,-1.0,-1.0,-1.0,-1.0,-1.0,-1.0,-1.0,-1.0,-1.0,-1.0,-1.0,-1.0,-1.0,-1.0,-1.0,-1.0,-1.0,-1.0,-1.0,-1.0,-1.0,-1.0,-1.0,-1.0,-1.0,-1.0,-1.0,-1.0,-1.0
-1.0,-1.0,-1.0,-1.0,-1.0,-1.0,-1.0,-1.0,-1.0,-1.0,-1.0,-1.0,-1.0,-1.0,-1.0,-1.0,-1.0,-1.0,-1.0,-1.0,-1.0,-1.0,-1.0,-1.0,-1.0,-1.0,-1.0,-1.0,-1.0,-1.0,-1.0,-1.0,-1.0,-1.0,-1.0,-1.0,-1.0,-1.0,-1.0,-1.0,-1.0,-1.0,-1.0,-1.0,-1.0,-1.0,-1.0,-1.0,-1.0,-1.0,-1.0,-1.0,-1.0,-1.0,-1.0,-1.0,-1.0,-1.0,-1.0,-1.0,-1.0,-1.0,-1.0,-1.0,-1.0,-1.0,-1.0,-1.0,-1.0,-1.0,-1.0,-1.0,-1.0,-1.0,-1.0,-1.0,-1.0,-1.0,-1.0,-1.0,-1.0,-1.0,-1.0,-1.0,-1.0,-1.0,-1.0,-1.0,-1.0,-1.0
-1.0,-1.0,-1.0,-1.0,-1.0,-1.0,-1.0,-1.0,-1.0,-1.0,-1.0,-1.0,-1.0,-1.0,-1.0,-1.0,-1.0,-1.0,-1.0,-1.0,-1.0,-1.0,-1.0,-1.0,-1.0,-1.0,-1.0,-1.0,-1.0,-1.0,-1.0,-1.0,-1.0,-1.0,-1.0,-1.0,-1.0,-1.0,-1.0,-1.0,-1.0,-1.0,-1.0,-1.0,-1.0,-1.0,-1.0,-1.0,-1.0,-1.0,-1.0,-1.0,-1.0,-1.0,-1.0,-1.0,-1.0,-1.0,-1.0,-1.0,-1.0,-1.0,-1.0,-1.0,-1.0,-1.0,-1.0,-1.0,-1.0,-1.0,-1.0,-1.0,-1.0,-1.0,-1.0,-1.0,-1.0,-1.0,-1.0,-1.0,-1.0,-1.0,-1.0,-1.0,-1.0,-1.0,-1.0,-1.0,-1.0,-1.0
-1.0,-1.0,-1.0,-1.0,-1.0,-1.0,-1.0,-1.0,-1.0,-1.0,-1.0,-1.0,-1.0,-1.0,-1.0,-1.0,-1.0,-1.0,-1.0,-1.0,-1.0,-1.0,-1.0,-1.0,-1.0,-1.0,-1.0,-1.0,-1.0,-1.0,-1.0,-1.0,-1.0,-1.0,-1.0,-1.0,-1.0,-1.0,-1.0,-1.0,-1.0,-1.0,-1.0,-1.0,-1.0,-1.0,-1.0,-1.0,-1.0,-1.0,-1.0,-1.0,-1.0,-1.0,-1.0,-1.0,-1.0,-1.0,-1.0,-1.0,-1.0,-1.0,-1.0,-1.0,-1.0,-1.0,-1.0,-1.0,-1.0,-1.0,-1.0,-1.0,-1.0,-1.0,-1.0,-1.0,-1.0,-1.0,-1.0,-1.0,-1.0,-1.0,-1.0,-1.0,-1.0,-1.0,-1.0,-1.0,-1.0,1.0
-1.0,-1.0,-1.0,-1.0,-1.0,-1.0,-1.0,-1.0,-1.0,-1.0,-1.0,-1.0,-1.0,-1.0,-1.0,-1.0,-1.0,-1.0,-1.0,-1.0,-1.0,-1.0,-1.0,-1.0,-1.0,-1.0,-1.0,-1.0,-1.0,-1.0,-1.0,-1.0,-1.0,-1.0,-1.0,-1.0,-1.0,-1.0,-1.0,-1.0,-1.0,-1.0,-1.0,-1.0,-1.0,-1.0,-1.0,-1.0,-1.0,-1.0,-1.0,-1.0,-1.0,-1.0,-1.0,-1.0,-1.0,-1.0,-1.0,-1.0,-1.0,-1.0,-1.0,-1.0,-1.0,-1.0,-1.0,-1.0,-1.0,-1.0,-1.0,-1.0,-1.0,-1.0,-1.0,-1.0,-1.0,-1.0,-1.0,-1.0,-1.0,-1.0,-1.0,-1.0,-1.0,-1.0,-1.0,-1.0,-1.0,-1.0
-1.0,-1.0,-1.0,-1.0,-1.0,-1.0,-1.0,-1.0,-1.0,-1.0,-1.0,-1.0,-1.0,1.0,1.0,1.0,1.0,1.0,1.0,-1.0,-1.0,-1.0,-1.0,-1.0,-1.0,-1.0,-1.0,-1.0,-1.0,-1.0,-1.0,-1.0,-1.0,-1.0,1.0,1.0,-1.0,-1.0,-1.0,-1.0,-1.0,-1.0,-1.0,-1.0,-1.0,-1.0,-1.0,-1.0,-1.0,-1.0,-1.0,-1.0,-1.0,-1.0,-1.0,-1.0,-1.0,-1.0,-1.0,-1.0,-1.0,-1.0,-1.0,1.0,1.0,1.0,1.0,1.0,1.0,1.0,1.0,1.0,1.0,1.0,1.0,1.0,1.0,1.0,1.0,1.0,1.0,1.0,1.0,1.0,-1.0,-1.0,-1.0,-1.0,-1.0,-1.0
-1.0,-1.0,-1.0,-1.0,-1.0,-1.0,-1.0,-1.0,-1.0,-1.0,-1.0,-1.0,-1.0,-1.0,-1.0,-1.0,-1.0,-1.0,-1.0,-1.0,-1.0,-1.0,-1.0,-1.0,-1.0,-1.0,-1.0,-1.0,-1.0,-1.0,-1.0,-1.0,-1.0,-1.0,-1.0,-1.0,-1.0,-1.0,-1.0,-1.0,-1.0,-1.0,-1.0,-1.0,-1.0,-1.0,-1.0,-1.0,-1.0,-1.0,-1.0,-1.0,-1.0,-1.0,-1.0,-1.0,-1.0,-1.0,-1.0,-1.0,-1.0,-1.0,-1.0,-1.0,-1.0,-1.0,-1.0,-1.0,-1.0,-1.0,-1.0,-1.0,-1.0,-1.0,-1.0,-1.0,-1.0,-1.0,-1.0,-1.0,-1.0,-1.0,-1.0,-1.0,-1.0,-1.0,-1.0,-1.0,-1.0,-1.0
-1.0,-1.0,-1.0,-1.0,-1.0,-1.0,-1.0,-1.0,-1.0,-1.0,-1.0,-1.0,-1.0,-1.0,-1.0,-1.0,-1.0,-1.0,-1.0,-1.0,-1.0,-1.0,-1.0,-1.0,-1.0,-1.0,-1.0,-1.0,-1.0,-1.0,-1.0,-1.0,-1.0,-1.0,-1.0,-1.0,-1.0,-1.0,-1.0,-1.0,-1.0,-1.0,-1.0,-1.0,-1.0,-1.0,-1.0,-1.0,-1.0,-1.0,-1.0,-1.0,-1.0,-1.0,-1.0,-1.0,-1.0,-1.0,-1.0,-1.0,-1.0,-1.0,-1.0,-1.0,-1.0,-1.0,-1.0,-1.0,-1.0,-1.0,-1.0,-1.0,-1.0,-1.0,-1.0,-1.0,-1.0,-1.0,-1.0,-1.0,-1.0,-1.0,-1.0,-1.0,-1.0,-1.0,-1.0,-1.0,-1.0,-1.0
-1.0,-1.0,-1.0,-1.0,-1.0,-1.0,-1.0,-1.0,-1.0,-1.0,-1.0,-1.0,-1.0,-1.0,-1.0,-1.0,-1.0,-1.0,-1.0,-1.0,-1.0,-1.0,-1.0,-1.0,-1.0,-1.0,-1.0,-1.0,-1.0,-1.0,-1.0,-1.0,-1.0,-1.0,-1.0,-1.0,-1.0,-1.0,-1.0,-1.0,-1.0,-1.0,-1.0,-1.0,-1.0,-1.0,-1.0,-1.0,-1.0,-1.0,-1.0,-1.0,-1.0,-1.0,-1.0,-1.0,-1.0,-1.0,-1.0,-1.0,-1.0,-1.0,-1.0,-1.0,-1.0,-1.0,-1.0,-1.0,-1.0,-1.0,-1.0,-1.0,-1.0,-1.0,-1.0,-1.0,-1.0,-1.0,-1.0,-1.0,-1.0,-1.0,-1.0,-1.0,-1.0,-1.0,-1.0,-1.0,-1.0,-1.0
-1.0,-1.0,-1.0,-1.0,-1.0,-1.0,-1.0,-1.0,-1.0,-1.0,-1.0,-1.0,-1.0,-1.0,-1.0,-1.0,-1.0,-1.0,-1.0,-1.0,-1.0,-1.0,-1.0,-1.0,-1.0,-1.0,-1.0,-1.0,-1.0,-1.0,-1.0,-1.0,-1.0,-1.0,-1.0,-1.0,-1.0,-1.0,-1.0,-1.0,-1.0,-1.0,-1.0,-1.0,-1.0,-1.0,-1.0,-1.0,-1.0,-1.0,-1.0,-1.0,-1.0,-1.0,-1.0,-1.0,-1.0,-1.0,-1.0,-1.0,-1.0,-1.0,-1.0,-1.0,-1.0,-1.0,-1.0,-1.0,-1.0,-1.0,-1.0,-1.0,-1.0,-1.0,-1.0,-1.0,-1.0,-1.0,-1.0,-1.0,-1.0,-1.0,-1.0,-1.0,-1.0,-1.0,-1.0,-1.0,-1.0,-1.0
-1.0,-1.0,-1.0,-1.0,-1.0,-1.0,-1.0,-1.0,-1.0,-1.0,-1.0,-1.0,-1.0,-1.0,-1.0,-1.0,-1.0,-1.0,-1.0,-1.0,-1.0,-1.0,-1.0,-1.0,-1.0,-1.0,-1.0,-1.0,-1.0,-1.0,-1.0,-1.0,-1.0,-1.0,-1.0,-1.0,-1.0,-1.0,-1.0,-1.0,-1.0,-1.0,-1.0,-1.0,-1.0,-1.0,-1.0,-1.0,-1.0,-1.0,-1.0,-1.0,-1.0,-1.0,-1.0,-1.0,-1.0,-1.0,-1.0,-1.0,-1.0,-1.0,-1.0,-1.0,-1.0,-1.0,-1.0,-1.0,-1.0,-1.0,-1.0,-1.0,-1.0,-1.0,-1.0,-1.0,-1.0,-1.0,-1.0,-1.0,-1.0,-1.0,-1.0,-1.0,-1.0,-1.0,-1.0,-1.0,-1.0,-1.0
1.0,1.0,1.0,1.0,1.0,1.0,1.0,1.0,1.0,1.0,1.0,1.0,1.0,1.0,1.0,1.0,1.0,1.0,1.0,1.0,1.0,1.0,1.0,1.0,1.0,1.0,1.0,1.0,1.0,1.0,1.0,1.0,1.0,1.0,1.0,1.0,1.0,1.0,1.0,1.0,1.0,1.0,1.0,1.0,1.0,1.0,1.0,1.0,1.0,1.0,1.0,1.0,1.0,1.0,1.0,1.0,1.0,1.0,1.0,1.0,1.0,1.0,1.0,1.0,1.0,1.0,1.0,1.0,1.0,1.0,1.0,1.0,1.0,1.0,1.0,1.0,1.0,1.0,1.0,1.0,1.0,1.0,1.0,1.0,1.0,1.0,1.0,1.0,1.0,1.0
0.0,0.0,0.0,0.0,0.0,0.0,0.0,0.0,0.0,0.0,0.0,0.0,0.0,0.0,0.0,0.0,0.0,0.0,0.0,0.0,0.0,0.0,0.0,0.0,0.0,0.0,0.0,0.0,0.0,0.0,0.0,0.0,0.0,0.0,0.0,0.0,0.0,0.0,0.0,0.0,0.0,0.0,0.0,0.0,0.0,0.0,0.0,0.0,0.0,0.0,0.0,0.0,0.0,0.0,0.0,0.0,0.0,0.0,0.0,0.0,0.0,0.0,0.0,0.0,0.0,0.0,0.0,0.0,0.0,0.0,0.0,0.0,0.0,0.0,0.0,0.0,0.0,0.0,0.0,0.0,0.0,0.0,0.0,0.0,0.0,0.0,0.0,0.0,0.0,0.0
0.7587939698492463,0.7037037037037037,0.7037037037037037,0.7037037037037037,0.7037037037037037,0.7037037037037037,0.7037037037037037,0.7037037037037037,0.7037037037037037,0.7587939698492463,0.7587939698492463,0.7587939698492463,0.7587939698492463,0.44680851063829796,0.44680851063829796,0.44680851063829796,0.44680851063829796,0.44680851063829796,0.44680851063829796,0.6991869918699187,-0.6541353383458647,-0.6541353383458647,-0.6541353383458647,-0.6541353383458647,-0.6541353383458647,-0.9400669839591045,-0.9400669839591045,-0.9400669839591045,-0.9400669839591045,-0.9400669839591045,-0.9400669839591045,-0.9400669839591045,-0.9400669839591045,-0.9469314079422383,0.746031746031746,0.746031746031746,-0.9400669839591045,-0.9400669839591045,-0.9400669839591045,-0.9400669839591045,-0.9400669839591045,-0.9400669839591045,-0.9400669839591045,-0.9400669839591045,-0.9400669839591045,-0.9400669839591045,-0.9400669839591045,-0.9400669839591045,-0.9400669839591045,-0.9400669839591045,-0.9400669839591045,-0.9400669839591045,-0.9400669839591045,-0.9400669839591045,-0.9469314079422383,-0.9469314079422383,-0.9400669839591045,-0.9400669839591045,-0.9400669839591045,-0.9400669839591045,-0.9469314079422383,-0.9469314079422383,-0.94364329520968,-1.0,-1.0,-1.0,-1.0,-1.0,-1.0,-1.0,-1.0,-1.0,-1.0,-1.0,-1.0,-1.0,-1.0,0.32057416267942584,0.32057416267942584,0.32057416267942584,0.32057416267942584,0.32057416267942584,0.32057416267942584,0.32057416267942584,-0.10077519379844957,-0.10077519379844957,-0.10077519379844957,1.0,1.0,-0.10077519379844957
0.5719650796632643,0.5719650796632643,0.5719650796632643,0.5719650796632643,0.5719650796632643,0.5719650796632643,0.5719650796632643,0.5719650796632643,0.5719650796632643,0.5719650796632643,0.5719650796632643,0.5719650796632643,0.5719650796632643,0.04722599305560278,0.04722599305560278,0.04722599305560278,0.04722599305560278,0.04722599305560278,0.04722599305560278,0.5719650796632643,-1.0022521801597202,-1.0022521801597202,-1.0022521801597202,-1.0022521801597202,-1.0022521801597202,-0.4775130935520587,-0.4775130935520587,-0.4775130935520587,-0.4775130935520587,-0.4775130935520587,-0.4775130935520587,-0.4775130935520587,-0.4775130935520587,-0.4775130935520587,0.04722599305560278,0.04722599305560278,-0.4775130935520587,-0.4775130935520587,-0.4775130935520587,-0.4775130935520587,-0.4775130935520587,-0.4775130935520587,-0.4775130935520587,-0.4775130935520587,-0.4775130935520587,-0.4775130935520587,-0.4775130935520587,-0.4775130935520587,-0.4775130935520587,-0.4775130935520587,-0.4775130935520587,-0.4775130935520587,-0.4775130935520587,-0.4775130935520587,-0.4775130935520587,-0.4775130935520587,-0.4775130935520587,-0.4775130935520587,-0.4775130935520587,-0.4775130935520587,-0.4775130935520587,-0.4775130935520587,-0.4775130935520587,0.04722599305560278,0.04722599305560278,0.04722599305560278,0.04722599305560278,0.04722599305560278,0.04722599305560278,0.04722599305560278,0.04722599305560278,0.04722599305560278,0.04722599305560278,0.04722599305560278,0.04722599305560278,0.04722599305560278,0.04722599305560278,0.04722599305560278,0.04722599305560278,0.04722599305560278,0.04722599305560278,0.04722599305560278,0.04722599305560278,0.04722599305560278,-0.4775130935520587,-0.4775130935520587,-0.4775130935520587,0.04722599305560278,0.04722599305560278,-0.4775130935520587
1.0,-1.0,-1.0,-1.0,-1.0,-1.0,-1.0,-1.0,-1.0,1.0,1.0,1.0,1.0,-1.0,-1.0,-1.0,-1.0,-1.0,-1.0,1.0,1.0,1.0,1.0,1.0,1.0,1.0,1.0,1.0,1.0,1.0,1.0,1.0,1.0,1.0,1.0,1.0,1.0,1.0,1.0,1.0,1.0,1.0,1.0,1.0,1.0,1.0,1.0,1.0,1.0,1.0,1.0,1.0,1.0,1.0,1.0,1.0,1.0,1.0,1.0,1.0,1.0,1.0,1.0,1.0,1.0,1.0,1.0,1.0,1.0,1.0,1.0,1.0,1.0,1.0,1.0,1.0,1.0,1.0,1.0,1.0,1.0,1.0,1.0,1.0,1.0,1.0,1.0,-1.0,-1.0,1.0
-2.2038127074098295,-2.446043165467626,-2.446043165467626,-2.446043165467626,-2.446043165467626,-2.446043165467626,-2.446043165467626,-2.446043165467626,-2.446043165467626,-2.2038127074098295,-2.2038127074098295,-2.2038127074098295,-2.2038127074098295,-2.446043165467626,-2.446043165467626,-2.446043165467626,-2.446043165467626,-2.446043165467626,-2.446043165467626,-2.2591796692516115,-1.7193517912942373,-1.7193517912942373,-1.7193517912942373,-1.7193517912942373,-1.7193517912942373,-0.5224483514792443,-0.5224483514792443,-0.5224483514792443,-0.5224483514792443,-0.5224483514792443,-0.5224483514792443,-0.5224483514792443,-0.5224483514792443,-0.4881422019304071,-1.7575987057244156,-1.7575987057244156,-0.5224483514792443,-0.5224483514792443,-0.5224483514792443,-0.5224483514792443,-0.5224483514792443,-0.5224483514792443,-0.5224483514792443,-0.5224483514792443,-0.5224483514792443,-0.5224483514792443,-0.5224483514792443,-0.5224483514792443,-0.5224483514792443,-0.5224483514792443,-0.5224483514792443,-0.5224483514792443,-0.5224483514792443,-0.5224483514792443,-0.4881422019304071,-0.4881422019304071,-0.5224483514792443,-0.5224483514792443,-0.5224483514792443,-0.5224483514792443,-0.4881422019304071,-0.4881422019304071,-0.591067815603976,-1.7575987057244156,-1.7575987057244156,-1.7575987057244156,-1.7575987057244156,-1.7575987057244156,-1.7575987057244156,-1.7575987057244156,-1.7575987057244156,-1.7575987057244156,-1.7575987057244156,-1.7575987057244156,-1.7575987057244156,-1.7575987057244156,-1.7575987057244156,-0.9511351957395123,-0.9511351957395123,-0.9511351957395123,-0.9511351957395123,-0.9511351957395123,-0.9511351957395123,-0.9511351957395123,-0.7398982000170614,-0.7398982000170614,-0.7398982000170614,-2.446043165467626,-2.446043165467626,-0.7398982000170614
-1.0,-1.0,-1.0,-1.0,-1.0,-1.0,-1.0,-1.0,-1.0,-1.0,-1.0,-1.0,-1.0,-1.0,-1.0,-1.0,-1.0,-1.0,-1.0,-1.0,1.0,1.0,1.0,1.0,1.0,1.0,1.0,1.0,1.0,1.0,1.0,1.0,1.0,-1.0,-1.0,-1.0,1.0,1.0,1.0,1.0,1.0,1.0,1.0,1.0,1.0,1.0,1.0,1.0,1.0,1.0,1.0,1.0,1.0,1.0,-1.0,-1.0,1.0,1.0,1.0,1.0,-1.0,-1.0,1.0,-1.0,-1.0,-1.0,-1.0,-1.0,-1.0,-1.0,-1.0,-1.0,-1.0,-1.0,-1.0,-1.0,-1.0,-1.0,-1.0,-1.0,-1.0,-1.0,-1.0,-1.0,-1.0,-1.0,-1.0,-1.0,-1.0,-1.0
-1.0,-1.0,-1.0,-1.0,-1.0,-1.0,-1.0,-1.0,-1.0,-1.0,-1.0,-1.0,-1.0,-1.0,-1.0,-1.0,-1.0,-1.0,-1.0,-1.0,-1.0,-1.0,-1.0,-1.0,-1.0,-1.0,-1.0,-1.0,-1.0,-1.0,-1.0,-1.0,-1.0,-1.0,-1.0,-1.0,-1.0,-1.0,-1.0,-1.0,-1.0,-1.0,-1.0,-1.0,-1.0,-1.0,-1.0,-1.0,-1.0,-1.0,-1.0,-1.0,-1.0,-1.0,-1.0,-1.0,-1.0,-1.0,-1.0,-1.0,-1.0,-1.0,1.0,1.0,1.0,1.0,1.0,1.0,1.0,1.0,1.0,1.0,1.0,1.0,1.0,1.0,1.0,1.0,1.0,1.0,1.0,1.0,1.0,1.0,1.0,1.0,1.0,-1.0,-1.0,1.0
-0.3302313903156578,-0.4263568526951478,-0.4263568526951478,-0.4263568526951478,-0.4263568526951478,-0.4263568526951478,-0.4263568526951478,-0.4263568526951478,-0.4263568526951478,-0.3302313903156578,-0.3302313903156578,-0.3302313903156578,-0.3302313903156578,-1.0046039244345522,-1.0046039244345522,-1.0046039244345522,-1.0046039244345522,-1.0046039244345522,-1.0046039244345522,-0.2311534878820736,-0.5185284447561899,-0.5185284447561899,-0.5185284447561899,-0.5185284447561899,-0.5185284447561899,1.235267923984377,1.235267923984377,1.235267923984377,1.235267923984377,1.235267923984377,1.235267923984377,1.235267923984377,1.235267923984377,1.224182140066042,-0.543793501424543,-0.543793501424543,1.235267923984377,1.235267923984377,1.235267923984377,1.235267923984377,1.235267923984377,1.235267923984377,1.235267923984377,1.235267923984377,1.235267923984377,1.235267923984377,1.235267923984377,1.235267923984377,1.235267923984377,1.235267923984377,1.235267923984377,1.235267923984377,1.235267923984377,1.235267923984377,1.224182140066042,1.224182140066042,1.235267923984377,1.235267923984377,1.235267923984377,1.235267923984377,1.224182140066042,1.224182140066042,1.264018541327459,-0.05322241521020756,-0.05322241521020756,-0.05322241521020756,-0.05322241521020756,-0.05322241521020756,-0.05322241521020756,-0.05322241521020756,-0.05322241521020756,-0.05322241521020756,-0.05322241521020756,-0.05322241521020756,-0.05322241521020756,-0.05322241521020756,-0.05322241521020756,-0.30732044300709765,-0.30732044300709765,-0.30732044300709765,-0.30732044300709765,-0.30732044300709765,-0.30732044300709765,-0.30732044300709765,-0.5327979418870692,-0.5327979418870692,-0.5327979418870692,-1.1559062969083356,-1.1559062969083356,-0.5327979418870692
-1.0917363902447395,-1.0917363902447395,-1.0917363902447395,-1.0917363902447395,-1.0917363902447395,-1.0917363902447395,-1.0917363902447395,-1.0917363902447395,-1.0917363902447395,-1.0917363902447395,-1.0917363902447395,-1.0917363902447395,-1.0917363902447395,0.0,0.0,0.0,0.0,0.0,0.0,-1.0917363902447395,-1.0917363902447395,-1.0917363902447395,-1.0917363902447395,-1.0917363902447395,-1.0917363902447395,-1.0917363902447395,-1.0917363902447395,-1.0917363902447395,-1.0917363902447395,-1.0917363902447395,-1.0917363902447395,-1.0917363902447395,-1.0917363902447395,-1.0917363902447395,-1.0917363902447395,-1.0917363902447395,-1.0917363902447395,-1.0917363902447395,-1.0917363902447395,-1.0917363902447395,-1.0917363902447395,-1.0917363902447395,-1.0917363902447395,-1.0917363902447395,-1.0917363902447395,-1.0917363902447395,-1.0917363902447395,-1.0917363902447395,-1.0917363902447395,-1.0917363902447395,-1.0917363902447395,-1.0917363902447395,-1.0917363902447395,-1.0917363902447395,-1.0917363902447395,-1.0917363902447395,-1.0917363902447395,-1.0917363902447395,-1.0917363902447395,-1.0917363902447395,-1.0917363902447395,-1.0917363902447395,-1.0917363902447395,-1.0917363902447395,-1.0917363902447395,-1.0917363902447395,-1.0917363902447395,-1.0917363902447395,-1.0917363902447395,-1.0917363902447395,-1.0917363902447395,-1.0917363902447395,-1.0917363902447395,-1.0917363902447395,-1.0917363902447395,-1.0917363902447395,-1.0917363902447395,-1.0191820973633288,-1.0191820973633288,-1.0191820973633288,-1.0191820973633288,-1.0191820973633288,-1.0191820973633288,-1.0191820973633288,-0.22280028381561584,-0.22280028381561584,-0.22280028381561584,0.8339954241787803,0.8339954241787803,-0.22280028381561584
-0.5077224524862195,-0.5077224524862195,-0.5077224524862195,-0.5077224524862195,-0.5077224524862195,-0.5077224524862195,-0.5077224524862195,-0.5077224524862195,-0.5077224524862195,-0.5077224524862195,-0.5077224524862195,-0.5077224524862195,-0.5077224524862195,-0.5077224524862195,-0.5077224524862195,-0.5077224524862195,-0.5077224524862195,-0.5077224524862195,-0.5077224524862195,-0.5077224524862195,1.969566382794139,1.969566382794139,1.969566382794139,1.969566382794139,1.969566382794139,1.969566382794139,1.969566382794139,1.969566382794139,1.969566382794139,1.969566382794139,1.969566382794139,1.969566382794139,1.969566382794139,1.969566382794139,-0.5077224524862195,-0.5077224524862195,1.969566382794139,1.969566382794139,1.969566382794139,1.969566382794139,1.969566382794139,1.969566382794139,1.969566382794139,1.969566382794139,1.969566382794139,1.969566382794139,1.969566382794139,1.969566382794139,1.969566382794139,1.969566382794139,1.969566382794139,1.969566382794139,1.969566382794139,1.969566382794139,1.969566382794139,1.969566382794139,1.969566382794139,1.969566382794139,1.969566382794139,1.969566382794139,1.969566382794139,1.969566382794139,1.969566382794139,1.969566382794139,1.969566382794139,1.969566382794139,1.969566382794139,1.969566382794139,1.969566382794139,1.969566382794139,1.969566382794139,1.969566382794139,1.969566382794139,1.969566382794139,1.969566382794139,1.969566382794139,1.969566382794139,1.969566382794139,1.969566382794139,1.969566382794139,1.969566382794139,1.969566382794139,1.969566382794139,1.969566382794139,1.969566382794139,1.969566382794139,1.969566382794139,1.969566382794139,1.969566382794139,1.969566382794139
-0.8700053950135924,-0.8700053950135924,-0.8700053950135924,-0.8700053950135924,-0.8700053950135924,-0.8700053950135924,-0.8700053950135924,-0.8700053950135924,-0.8700053950135924,-0.8700053950135924,-0.8700053950135924,-0.8700053950135924,-0.8700053950135924,-0.8700053950135924,-0.8700053950135924,-0.8700053950135924,-0.8700053950135924,-0.8700053950135924,-0.8700053950135924,-0.8700053950135924,-0.5744570382005143,-0.5744570382005143,-0.5744570382005143,-0.5744570382005143,-0.5744570382005143,-0.8394025339880419,-0.8394025339880419,-0.8394025339880419,-0.8394025339880419,-0.8394025339880419,-0.8394025339880419,-0.8394025339880419,-0.8394025339880419,-0.845763138850811,-0.8700053950135924,-0.8700053950135924,-0.8394025339880419,-0.8394025339880419,-0.8394025339880419,-0.8394025339880419,-0.8394025339880419,-0.8394025339880419,-0.8394025339880419,-0.8394025339880419,-0.8394025339880419,-0.8394025339880419,-0.8394025339880419,-0.8394025339880419,-0.8394025339880419,-0.8394025339880419,-0.8394025339880419,-0.8394025339880419,-0.8394025339880419,-0.8394025339880419,-0.845763138850811,-0.845763138850811,-0.8394025339880419,-0.8394025339880419,-0.8394025339880419,-0.8394025339880419,-0.845763138850811,-0.845763138850811,-0.8401427474904191,-0.8518072785987132,-0.8518072785987132,-0.8518072785987132,-0.8518072785987132,-0.8518072785987132,-0.8518072785987132,-0.8518072785987132,-0.8518072785987132,-0.8518072785987132,-0.8518072785987132,-0.8518072785987132,-0.8518072785987132,-0.8518072785987132,-0.8518072785987132,-0.7759672814821584,-0.7759672814821584,-0.7759672814821584,-0.7759672814821584,-0.7759672814821584,-0.7759672814821584,-0.7759672814821584,-0.717649071540184,-0.717649071540184,-0.717649071540184,-0.484633517992618,-0.484633517992618,-0.717649071540184
-0.3965873381778338,-0.21624949762990653,-0.21624949762990653,-0.21624949762990653,-0.21624949762990653,-0.21624949762990653,-0.21624949762990653,-0.21624949762990653,-0.21624949762990653,-0.3965873381778338,-0.3965873381778338,-0.3965873381778338,-0.3965873381778338,-1.096933728981207,-1.096933728981207,-1.096933728981207,-1.096933728981207,-1.096933728981207,-1.096933728981207,-0.6173030170247277,0.14747432049602588,0.14747432049602588,0.14747432049602588,0.14747432049602588,0.14747432049602588,1.6846531704969507,1.6846531704969507,1.6846531704969507,1.6846531704969507,1.6846531704969507,1.6846531704969507,1.6846531704969507,1.6846531704969507,1.7767307402951829,0.6218294938510074,0.6218294938510074,1.6846531704969507,1.6846531704969507,1.6846531704969507,1.6846531704969507,1.6846531704969507,1.6846531704969507,1.6846531704969507,1.6846531704969507,1.6846531704969507,1.6846531704969507,1.6846531704969507,1.6846531704969507,1.6846531704969507,1.6846531704969507,1.6846531704969507,1.6846531704969507,1.6846531704969507,1.6846531704969507,1.7767307402951829,1.7767307402951829,1.6846531704969507,1.6846531704969507,1.6846531704969507,1.6846531704969507,1.7767307402951829,1.7767307402951829,1.4599084853319213,0.06830250281695922,0.06830250281695922,0.06830250281695922,0.06830250281695922,0.06830250281695922,0.06830250281695922,0.06830250281695922,0.06830250281695922,0.06830250281695922,0.06830250281695922,0.06830250281695922,0.06830250281695922,0.06830250281695922,0.06830250281695922,-0.538131199345661,-0.538131199345661,-0.538131199345661,-0.538131199345661,-0.538131199345661,-0.538131199345661,-0.538131199345661,-0.3327510165778624,-0.3327510165778624,-0.3327510165778624,-1.0183565364195493,-1.0183565364195493,-0.3327510165778624
-1.0,-1.0,-1.0,-1.0,-1.0,-1.0,-1.0,-1.0,-1.0,-1.0,-1.0,-1.0,-1.0,-1.0,-1.0,-1.0,-1.0,-1.0,-1.0,-1.0,-1.0,-1.0,-1.0,-1.0,-1.0,1.0,1.0,1.0,1.0,1.0,1.0,1.0,1.0,1.0,-1.0,-1.0,1.0,1.0,1.0,1.0,1.0,1.0,1.0,1.0,1.0,1.0,1.0,1.0,1.0,1.0,1.0,1.0,1.0,1.0,1.0,1.0,1.0,1.0,1.0,1.0,1.0,1.0,-1.0,-1.0,-1.0,-1.0,-1.0,-1.0,-1.0,-1.0,-1.0,-1.0,-1.0,-1.0,-1.0,-1.0,-1.0,1.0,1.0,1.0,1.0,1.0,1.0,1.0,1.0,1.0,1.0,1.0,1.0,1.0
-1.0,-1.0,-1.0,-1.0,-1.0,-1.0,-1.0,-1.0,-1.0,-1.0,-1.0,-1.0,-1.0,-1.0,-1.0,-1.0,-1.0,-1.0,-1.0,-1.0,-1.0,-1.0,-1.0,-1.0,-1.0,-1.0,-1.0,-1.0,-1.0,-1.0,-1.0,-1.0,-1.0,-1.0,-1.0,-1.0,-1.0,-1.0,-1.0,-1.0,-1.0,-1.0,-1.0,-1.0,-1.0,-1.0,-1.0,-1.0,-1.0,-1.0,-1.0,-1.0,-1.0,-1.0,-1.0,-1.0,-1.0,-1.0,-1.0,-1.0,-1.0,-1.0,-1.0,-1.0,-1.0,-1.0,-1.0,-1.0,-1.0,-1.0,-1.0,-1.0,-1.0,-1.0,-1.0,-1.0,-1.0,-1.0,-1.0,-1.0,-1.0,-1.0,-1.0,-1.0,-1.0,-1.0,-1.0,-1.0,-1.0,-1.0
-1.0,-1.0,-1.0,-1.0,-1.0,-1.0,-1.0,-1.0,-1.0,-1.0,-1.0,-1.0,-1.0,-1.0,-1.0,-1.0,-1.0,-1.0,-1.0,-1.0,-1.0,-1.0,-1.0,-1.0,-1.0,-1.0,-1.0,-1.0,-1.0,-1.0,-1.0,-1.0,-1.0,-1.0,-1.0,-1.0,-1.0,-1.0,-1.0,-1.0,-1.0,-1.0,-1.0,-1.0,-1.0,-1.0,-1.0,-1.0,-1.0,-1.0,-1.0,-1.0,-1.0,-1.0,-1.0,-1.0,-1.0,-1.0,-1.0,-1.0,-1.0,-1.0,-1.0,-1.0,-1.0,-1.0,-1.0,-1.0,-1.0,-1.0,-1.0,-1.0,-1.0,-1.0,-1.0,-1.0,-1.0,1.0,1.0,1.0,1.0,1.0,1.0,1.0,1.0,1.0,1.0,1.0,1.0,1.0
-1.0,-1.0,-1.0,-1.0,-1.0,-1.0,-1.0,-1.0,-1.0,-1.0,-1.0,-1.0,-1.0,-1.0,-1.0,-1.0,-1.0,-1.0,-1.0,-1.0,-1.0,-1.0,-1.0,-1.0,-1.0,-1.0,-1.0,-1.0,-1.0,-1.0,-1.0,-1.0,-1.0,-1.0,-1.0,-1.0,-1.0,-1.0,-1.0,-1.0,-1.0,-1.0,-1.0,-1.0,-1.0,-1.0,-1.0,-1.0,-1.0,-1.0,-1.0,-1.0,-1.0,-1.0,-1.0,-1.0,-1.0,-1.0,-1.0,-1.0,-1.0,-1.0,-1.0,-1.0,-1.0,-1.0,-1.0,-1.0,-1.0,-1.0,-1.0,-1.0,-1.0,-1.0,-1.0,-1.0,-1.0,-1.0,-1.0,-1.0,-1.0,-1.0,-1.0,-1.0,-1.0,-1.0,-1.0,-1.0,-1.0,-1.0
-1.0,-1.0,-1.0,-1.0,-1.0,-1.0,-1.0,-1.0,-1.0,-1.0,-1.0,-1.0,-1.0,-1.0,-1.0,-1.0,-1.0,-1.0,-1.0,-1.0,-1.0,-1.0,-1.0,-1.0,-1.0,-1.0,-1.0,-1.0,-1.0,-1.0,-1.0,-1.0,-1.0,-1.0,-1.0,-1.0,-1.0,-1.0,-1.0,-1.0,-1.0,-1.0,-1.0,-1.0,-1.0,-1.0,-1.0,-1.0,-1.0,-1.0,-1.0,-1.0,-1.0,-1.0,-1.0,-1.0,-1.0,-1.0,-1.0,-1.0,-1.0,-1.0,-1.0,-1.0,-1.0,-1.0,-1.0,-1.0,-1.0,-1.0,-1.0,-1.0,-1.0,-1.0,-1.0,-1.0,-1.0,-1.0,-1.0,-1.0,-1.0,-1.0,-1.0,-1.0,-1.0,-1.0,-1.0,-1.0,-1.0,-1.0
-1.0,-1.0,-1.0,-1.0,-1.0,-1.0,-1.0,-1.0,-1.0,-1.0,-1.0,-1.0,-1.0,-1.0,-1.0,-1.0,-1.0,-1.0,-1.0,-1.0,-1.0,-1.0,-1.0,-1.0,-1.0,-1.0,-1.0,-1.0,-1.0,-1.0,-1.0,-1.0,-1.0,-1.0,-1.0,-1.0,-1.0,-1.0,-1.0,-1.0,-1.0,-1.0,-1.0,-1.0,-1.0,-1.0,-1.0,-1.0,-1.0,-1.0,-1.0,-1.0,-1.0,-1.0,-1.0,-1.0,-1.0,-1.0,-1.0,-1.0,-1.0,-1.0,-1.0,-1.0,-1.0,-1.0,-1.0,-1.0,-1.0,-1.0,-1.0,-1.0,-1.0,-1.0,-1.0,-1.0,-1.0,-1.0,-1.0,-1.0,-1.0,-1.0,-1.0,-1.0,-1.0,-1.0,-1.0,-1.0,-1.0,-1.0
-1.0,-1.0,-1.0,-1.0,-1.0,-1.0,-1.0,-1.0,-1.0,-1.0,-1.0,-1.0,-1.0,-1.0,-1.0,-1.0,-1.0,-1.0,-1.0,-1.0,1.0,1.0,1.0,1.0,1.0,1.0,1.0,1.0,1.0,1.0,1.0,1.0,1.0,1.0,-1.0,-1.0,1.0,1.0,1.0,1.0,1.0,1.0,1.0,1.0,1.0,1.0,1.0,1.0,1.0,1.0,1.0,1.0,1.0,1.0,1.0,1.0,1.0,1.0,1.0,1.0,1.0,1.0,1.0,-1.0,-1.0,-1.0,-1.0,-1.0,-1.0,-1.0,-1.0,-1.0,-1.0,-1.0,-1.0,-1.0,-1.0,1.0,1.0,1.0,1.0,1.0,1.0,1.0,1.0,1.0,1.0,1.0,1.0,1.0
1.1584246057359764,1.337810426714739,1.337810426714739,1.337810426714739,1.337810426714739,1.337810426714739,1.337810426714739,1.337810426714739,1.337810426714739,1.1584246057359764,1.1584246057359764,1.1584246057359764,1.1584246057359764,1.337810426714739,1.337810426714739,1.337810426714739,1.337810426714739,1.337810426714739,1.337810426714739,1.1994270791025508,-0.007583230625981649,-0.007583230625981649,-0.007583230625981649,-0.007583230625981649,-0.007583230625981649,-0.6015557864674267,-0.6015557864674267,-0.6015557864674267,-0.6015557864674267,-0.6015557864674267,-0.6015557864674267,-0.6015557864674267,-0.6015557864674267,-0.6185804775584235,-0.19168973110418552,-0.19168973110418552,-0.6015557864674267,-0.6015557864674267,-0.6015557864674267,-0.6015557864674267,-0.6015557864674267,-0.6015557864674267,-0.6015557864674267,-0.6015557864674267,-0.6015557864674267,-0.6015557864674267,-0.6015557864674267,-0.6015557864674267,-0.6015557864674267,-0.6015557864674267,-0.6015557864674267,-0.6015557864674267,-0.6015557864674267,-0.6015557864674267,-0.6185804775584235,-0.6185804775584235,-0.6015557864674267,-0.6015557864674267,-0.6015557864674267,-0.6015557864674267,-0.6185804775584235,-0.6185804775584235,-0.6283525848024897,-1.0838981564985581,-1.0838981564985581,-1.0838981564985581,-1.0838981564985581,-1.0838981564985581,-1.0838981564985581,-1.0838981564985581,-1.0838981564985581,-1.0838981564985581,-1.0838981564985581,-1.0838981564985581,-1.0838981564985581,-1.0838981564985581,-1.0838981564985581,0.023168624398949136,0.023168624398949136,0.023168624398949136,0.023168624398949136,0.023168624398949136,0.023168624398949136,0.023168624398949136,-0.4521480913124806,-0.4521480913124806,-0.4521480913124806,0.8534687100720798,0.8534687100720798,-0.4521480913124806
1.12251792105555,1.4516825767754173,1.4516825767754173,1.4516825767754173,1.4516825767754173,1.4516825767754173,1.4516825767754173,1.4516825767754173,1.4516825767754173,1.12251792105555,1.12251792105555,1.12251792105555,1.12251792105555,1.4516825767754173,1.4516825767754173,1.4516825767754173,1.4516825767754173,1.4516825767754173,1.4516825767754173,1.1955232311969988,-0.3998686116488372,-0.3998686116488372,-0.3998686116488372,-0.3998686116488372,-0.3998686116488372,-0.7641027424400089,-0.7641027424400089,-0.7641027424400089,-0.7641027424400089,-0.7641027424400089,-0.7641027424400089,-0.7641027424400089,-0.7641027424400089,-0.7704501361335785,-0.5424534400094861,-0.5424534400094861,-0.7641027424400089,-0.7641027424400089,-0.7641027424400089,-0.7641027424400089,-0.7641027424400089,-0.7641027424400089,-0.7641027424400089,-0.7641027424400089,-0.7641027424400089,-0.7641027424400089,-0.7641027424400089,-0.7641027424400089,-0.7641027424400089,-0.7641027424400089,-0.7641027424400089,-0.7641027424400089,-0.7641027424400089,-0.7641027424400089,-0.7704501361335785,-0.7704501361335785,-0.7641027424400089,-0.7641027424400089,-0.7641027424400089,-0.7641027424400089,-0.7704501361335785,-0.7704501361335785,-0.7739904925809237,-0.8556350580301921,-0.8556350580301921,-0.8556350580301921,-0.8556350580301921,-0.8556350580301921,-0.8556350580301921,-0.8556350580301921,-0.8556350580301921,-0.8556350580301921,-0.8556350580301921,-0.8556350580301921,-0.8556350580301921,-0.8556350580301921,-0.8556350580301921,-0.37345276047081577,-0.37345276047081577,-0.37345276047081577,-0.37345276047081577,-0.37345276047081577,-0.37345276047081577,-0.37345276047081577,-0.6986153324101507,-0.6986153324101507,-0.6986153324101507,0.6210482282453983,0.6210482282453983,-0.6986153324101507
1.0284950784777858,1.4965912411460476,1.4965912411460476,1.4965912411460476,1.4965912411460476,1.4965912411460476,1.4965912411460476,1.4965912411460476,1.4965912411460476,1.0284950784777858,1.0284950784777858,1.0284950784777858,1.0284950784777858,1.4965912411460476,1.4965912411460476,1.4965912411460476,1.4965912411460476,1.4965912411460476,1.4965912411460476,1.1291867226475516,-0.5745439487772251,-0.5745439487772251,-0.5745439487772251,-0.5745439487772251,-0.5745439487772251,-0.7559315555630666,-0.7559315555630666,-0.7559315555630666,-0.7559315555630666,-0.7559315555630666,-0.7559315555630666,-0.7559315555630666,-0.7559315555630666,-0.757764887292512,-0.6603315699581145,-0.6603315699581145,-0.7559315555630666,-0.7559315555630666,-0.7559315555630666,-0.7559315555630666,-0.7559315555630666,-0.7559315555630666,-0.7559315555630666,-0.7559315555630666,-0.7559315555630666,-0.7559315555630666,-0.7559315555630666,-0.7559315555630666,-0.7559315555630666,-0.7559315555630666,-0.7559315555630666,-0.7559315555630666,-0.7559315555630666,-0.7559315555630666,-0.757764887292512,-0.757764887292512,-0.7559315555630666,-0.7559315555630666,-0.7559315555630666,-0.7559315555630666,-0.757764887292512,-0.757764887292512,-0.7587584716850232,-0.7738712452510439,-0.7738712452510439,-0.7738712452510439,-0.7738712452510439,-0.7738712452510439,-0.7738712452510439,-0.7738712452510439,-0.7738712452510439,-0.7738712452510439,-0.7738712452510439,-0.7738712452510439,-0.7738712452510439,-0.7738712452510439,-0.7738712452510439,-0.5569659544222979,-0.5569659544222979,-0.5569659544222979,-0.5569659544222979,-0.5569659544222979,-0.5569659544222979,-0.5569659544222979,-0.7335638648728264,-0.7335638648728264,-0.7335638648728264,0.38860554778426726,0.38860554778426726,-0.7335638648728264
-1.0,-1.0,-1.0,-1.0,-1.0,-1.0,-1.0,-1.0,-1.0,-1.0,-1.0,-1.0,-1.0,1.0,1.0,1.0,1.0,1.0,1.0,1.0,-1.0,-1.0,-1.0,-1.0,-1.0,-1.0,-1.0,-1.0,-1.0,-1.0,-1.0,-1.0,-1.0,-1.0,-1.0,-1.0,-1.0,-1.0,-1.0,-1.0,-1.0,-1.0,-1.0,-1.0,-1.0,-1.0,-1.0,-1.0,-1.0,-1.0,-1.0,-1.0,-1.0,-1.0,-1.0,-1.0,-1.0,-1.0,-1.0,-1.0,-1.0,-1.0,-1.0,-1.0,-1.0,-1.0,-1.0,-1.0,-1.0,-1.0,-1.0,-1.0,-1.0,-1.0,-1.0,-1.0,-1.0,-1.0,-1.0,-1.0,-1.0,-1.0,-1.0,-1.0,-1.0,-1.0,-1.0,-1.0,-1.0,-1.0
1.0,1.0,1.0,1.0,1.0,1.0,1.0,1.0,1.0,1.0,1.0,1.0,1.0,1.0,1.0,1.0,1.0,1.0,1.0,1.0,1.0,1.0,1.0,1.0,1.0,1.0,1.0,1.0,1.0,1.0,1.0,1.0,1.0,1.0,1.0,1.0,1.0,1.0,1.0,1.0,1.0,1.0,1.0,1.0,1.0,1.0,1.0,1.0,1.0,1.0,1.0,1.0,1.0,1.0,1.0,1.0,1.0,1.0,1.0,1.0,1.0,1.0,1.0,1.0,1.0,1.0,1.0,1.0,1.0,1.0,1.0,1.0,1.0,1.0,1.0,1.0,1.0,1.0,1.0,1.0,1.0,1.0,1.0,1.0,1.0,1.0,1.0,1.0,1.0,1.0
-0.8406288532675709,-0.8406288532675709,-0.8406288532675709,-0.8406288532675709,-0.8406288532675709,-0.8406288532675709,-0.8406288532675709,-0.8406288532675709,-0.8406288532675709,-0.8406288532675709,-0.8406288532675709,-0.8406288532675709,-0.8406288532675709,-0.8406288532675709,-0.8406288532675709,-0.8406288532675709,-0.8406288532675709,-0.8406288532675709,-0.8406288532675709,-0.8406288532675709,-0.8406288532675709,-0.8406288532675709,-0.8406288532675709,-0.8406288532675709,-0.8406288532675709,-0.8406288532675709,-0.8406288532675709,-0.8406288532675709,-0.8406288532675709,-0.8406288532675709,-0.8406288532675709,-0.8406288532675709,-0.8406288532675709,-0.8406288532675709,-0.8406288532675709,-0.8406288532675709,-0.8406288532675709,-0.8406288532675709,-0.8406288532675709,-0.8406288532675709,-0.8406288532675709,-0.8406288532675709,-0.8406288532675709,-0.8406288532675709,-0.8406288532675709,-0.8406288532675709,-0.8406288532675709,-0.8406288532675709,-0.8406288532675709,-0.8406288532675709,-0.8406288532675709,-0.8406288532675709,-0.8406288532675709,-0.8406288532675709,-0.8406288532675709,-0.8406288532675709,-0.8406288532675709,-0.8406288532675709,-0.8406288532675709,-0.8406288532675709,-0.8406288532675709,-0.8406288532675709,-0.8406288532675709,-0.8406288532675709,-0.8406288532675709,-0.8406288532675709,-0.8406288532675709,-0.8406288532675709,-0.8406288532675709,-0.8406288532675709,-0.8406288532675709,-0.8406288532675709,-0.8406288532675709,-0.8406288532675709,-0.8406288532675709,-0.8406288532675709,-0.8406288532675709,-0.8406288532675709,-0.8406288532675709,-0.8406288532675709,-0.8406288532675709,-0.8406288532675709,-0.8406288532675709,-0.8406288532675709,-0.8406288532675709,-0.8406288532675709,-0.8406288532675709,-0.8406288532675709,-0.8406288532675709,-0.8406288532675709
-0.4775130935520587,-0.4775130935520587,-0.4775130935520587,-0.4775130935520587,-0.4775130935520587,-0.4775130935520587,-0.4775130935520587,-0.4775130935520587,-0.4775130935520587,-0.4775130935520587,-0.4775130935520587,-0.4775130935520587,-0.4775130935520587,-0.4775130935520587,-0.4775130935520587,-0.4775130935520587,-0.4775130935520587,-0.4775130935520587,-0.4775130935520587,-0.4775130935520587,-0.4775130935520587,-0.4775130935520587,-0.4775130935520587,-0.4775130935520587,-0.4775130935520587,-0.4775130935520587,-0.4775130935520587,-0.4775130935520587,-0.4775130935520587,-0.4775130935520587,-0.4775130935520587,-0.4775130935520587,-0.4775130935520587,-0.4775130935520587,-0.4775130935520587,-0.4775130935520587,-0.4775130935520587,-0.4775130935520587,-0.4775130935520587,-0.4775130935520587,-0.4775130935520587,-0.4775130935520587,-0.4775130935520587,-0.4775130935520587,-0.4775130935520587,-0.4775130935520587,-0.4775130935520587,-0.4775130935520587,-0.4775130935520587,-0.4775130935520587,-0.4775130935520587,-0.4775130935520587,-0.4775130935520587,-0.4775130935520587,-0.4775130935520587,-0.4775130935520587,-0.4775130935520587,-0.4775130935520587,-0.4775130935520587,-0.4775130935520587,-0.4775130935520587,-0.4775130935520587,-0.4775130935520587,-0.4775130935520587,-0.4775130935520587,-0.4775130935520587,-0.4775130935520587,-0.4775130935520587,-0.4775130935520587,-0.4775130935520587,-0.4775130935520587,-0.4775130935520587,-0.4775130935520587,-0.4775130935520587,-0.4775130935520587,-0.4775130935520587,-0.4775130935520587,-0.4775130935520587,-0.4775130935520587,-0.4775130935520587,-0.4775130935520587,-0.4775130935520587,-0.4775130935520587,-0.4775130935520587,-0.4775130935520587,-0.4775130935520587,-0.4775130935520587,-0.4775130935520587,-0.4775130935520587,-0.4775130935520587
1.0,1.0,1.0,1.0,1.0,1.0,1.0,1.0,1.0,1.0,1.0,1.0,1.0,1.0,1.0,1.0,1.0,1.0,1.0,1.0,1.0,1.0,1.0,1.0,1.0,1.0,1.0,1.0,1.0,1.0,1.0,1.0,1.0,1.0,1.0,1.0,1.0,1.0,1.0,1.0,1.0,1.0,1.0,1.0,1.0,1.0,1.0,1.0,1.0,1.0,1.0,1.0,1.0,1.0,1.0,1.0,1.0,1.0,1.0,1.0,1.0,1.0,1.0,1.0,1.0,1.0,1.0,1.0,1.0,1.0,1.0,1.0,1.0,1.0,1.0,1.0,1.0,1.0,1.0,1.0,1.0,1.0,1.0,1.0,1.0,1.0,1.0,1.0,1.0,1.0
-0.6558363130331832,-0.6558363130331832,-0.6558363130331832,-0.6558363130331832,-0.6558363130331832,-0.6558363130331832,-0.6558363130331832,-0.6558363130331832,-0.6558363130331832,-0.6558363130331832,-0.6558363130331832,-0.6558363130331832,-0.6558363130331832,-0.6558363130331832,-0.6558363130331832,-0.6558363130331832,-0.6558363130331832,-0.6558363130331832,-0.6558363130331832,-0.6558363130331832,-0.6558363130331832,-0.6558363130331832,-0.6558363130331832,-0.6558363130331832,-0.6558363130331832,-0.6558363130331832,-0.6558363130331832,-0.6558363130331832,-0.6558363130331832,-0.6558363130331832,-0.6558363130331832,-0.6558363130331832,-0.6558363130331832,-0.6558363130331832,-0.6558363130331832,-0.6558363130331832,-0.6558363130331832,-0.6558363130331832,-0.6558363130331832,-0.6558363130331832,-0.6558363130331832,-0.6558363130331832,-0.6558363130331832,-0.6558363130331832,-0.6558363130331832,-0.6558363130331832,-0.6558363130331832,-0.6558363130331832,-0.6558363130331832,-0.6558363130331832,-0.6558363130331832,-0.6558363130331832,-0.6558363130331832,-0.6558363130331832,-0.6558363130331832,-0.6558363130331832,-0.6558363130331832,-0.6558363130331832,-0.6558363130331832,-0.6558363130331832,-0.6558363130331832,-0.6558363130331832,-0.6558363130331832,-0.6558363130331832,-0.6558363130331832,-0.6558363130331832,-0.6558363130331832,-0.6558363130331832,-0.6558363130331832,-0.6558363130331832,-0.6558363130331832,-0.6558363130331832,-0.6558363130331832,-0.6558363130331832,-0.6558363130331832,-0.6558363130331832,-0.6558363130331832,-0.6558363130331832,-0.6558363130331832,-0.6558363130331832,-0.6558363130331832,-0.6558363130331832,-0.6558363130331832,-0.6558363130331832,-0.6558363130331832,-0.6558363130331832,-0.6558363130331832,-0.6558363130331832,-0.6558363130331832,-0.6558363130331832
1.0,1.0,1.0,1.0,1.0,1.0,1.0,1.0,1.0,1.0,1.0,1.0,1.0,1.0,1.0,1.0,1.0,1.0,1.0,1.0,1.0,1.0,1.0,1.0,1.0,1.0,1.0,1.0,1.0,1.0,1.0,1.0,1.0,1.0,1.0,1.0,1.0,1.0,1.0,1.0,1.0,1.0,1.0,1.0,1.0,1.0,1.0,1.0,1.0,1.0,1.0,1.0,1.0,1.0,1.0,1.0,1.0,1.0,1.0,1.0,1.0,1.0,1.0,1.0,1.0,1.0,1.0,1.0,1.0,1.0,1.0,1.0,1.0,1.0,1.0,1.0,1.0,1.0,1.0,1.0,1.0,1.0,1.0,1.0,1.0,1.0,1.0,1.0,1.0,1.0
1.0,1.0,1.0,1.0,1.0,1.0,1.0,1.0,1.0,1.0,1.0,1.0,1.0,1.0,1.0,1.0,1.0,1.0,1.0,1.0,1.0,1.0,1.0,1.0,1.0,1.0,1.0,1.0,1.0,1.0,1.0,1.0,1.0,1.0,1.0,1.0,1.0,1.0,1.0,1.0,1.0,1.0,1.0,1.0,1.0,1.0,1.0,1.0,1.0,1.0,1.0,1.0,1.0,1.0,1.0,1.0,1.0,1.0,1.0,1.0,1.0,1.0,1.0,1.0,1.0,1.0,1.0,1.0,1.0,1.0,1.0,1.0,1.0,1.0,1.0,1.0,1.0,1.0,1.0,1.0,1.0,1.0,1.0,1.0,1.0,1.0,1.0,1.0,1.0,1.0
1.2979951382220791,1.2979951382220791,1.2979951382220791,1.2979951382220791,1.2979951382220791,1.2979951382220791,1.2979951382220791,1.2979951382220791,1.2979951382220791,1.2979951382220791,1.2979951382220791,1.2979951382220791,1.2979951382220791,1.2979951382220791,1.2979951382220791,1.2979951382220791,1.2979951382220791,1.2979951382220791,1.2979951382220791,1.2979951382220791,1.2979951382220791,1.2979951382220791,1.2979951382220791,1.2979951382220791,1.2979951382220791,1.2979951382220791,1.2979951382220791,1.2979951382220791,1.2979951382220791,1.2979951382220791,1.2979951382220791,1.2979951382220791,1.2979951382220791,1.2979951382220791,1.2979951382220791,1.2979951382220791,1.2979951382220791,1.2979951382220791,1.2979951382220791,1.2979951382220791,1.2979951382220791,1.2979951382220791,1.2979951382220791,1.2979951382220791,1.2979951382220791,1.2979951382220791,1.2979951382220791,1.2979951382220791,1.2979951382220791,1.2979951382220791,1.2979951382220791,1.2979951382220791,1.2979951382220791,1.2979951382220791,1.2979951382220791,1.2979951382220791,1.2979951382220791,1.2979951382220791,1.2979951382220791,1.2979951382220791,1.2979951382220791,1.2979951382220791,1.2979951382220791,1.2979951382220791,1.2979951382220791,1.2979951382220791,1.2979951382220791,1.2979951382220791,1.2979951382220791,1.2979951382220791,1.2979951382220791,1.2979951382220791,1.2979951382220791,1.2979951382220791,1.2979951382220791,1.2979951382220791,1.2979951382220791,1.2979951382220791,1.2979951382220791,1.2979951382220791,1.2979951382220791,1.2979951382220791,1.2979951382220791,1.2979951382220791,1.2979951382220791,1.2979951382220791,1.2979951382220791,1.2979951382220791,1.2979951382220791,1.2979951382220791
-1.0917363902447395,-1.0917363902447395,-1.0917363902447395,-1.0917363902447395,-1.0917363902447395,-1.0917363902447395,-1.0917363902447395,-1.0917363902447395,-1.0917363902447395,-1.0917363902447395,-1.0917363902447395,-1.0917363902447395,-1.0917363902447395,-1.0917363902447395,-1.0917363902447395,-1.0917363902447395,-1.0917363902447395,-1.0917363902447395,-1.0917363902447395,-1.0917363902447395,-1.0917363902447395,-1.0917363902447395,-1.0917363902447395,-1.0917363902447395,-1.0917363902447395,-1.0917363902447395,-1.0917363902447395,-1.0917363902447395,-1.0917363902447395,-1.0917363902447395,-1.0917363902447395,-1.0917363902447395,-1.0917363902447395,-1.0917363902447395,-1.0917363902447395,-1.0917363902447395,-1.0917363902447395,-1.0917363902447395,-1.0917363902447395,-1.0917363902447395,-1.0917363902447395,-1.0917363902447395,-1.0917363902447395,-1.0917363902447395,-1.0917363902447395,-1.0917363902447395,-1.0917363902447395,-1.0917363902447395,-1.0917363902447395,-1.0917363902447395,-1.0917363902447395,-1.0917363902447395,-1.0917363902447395,-1.0917363902447395,-1.0917363902447395,-1.0917363902447395,-1.0917363902447395,-1.0917363902447395,-1.0917363902447395,-1.0917363902447395,-1.0917363902447395,-1.0917363902447395,-1.0917363902447395,-1.0917363902447395,-1.0917363902447395,-1.0917363902447395,-1.0917363902447395,-1.0917363902447395,-1.0917363902447395,-1.0917363902447395,-1.0917363902447395,-1.0917363902447395,-1.0917363902447395,-1.0917363902447395,-1.0917363902447395,-1.0917363902447395,-1.0917363902447395,-1.0917363902447395,-1.0917363902447395,-1.0917363902447395,-1.0917363902447395,-1.0917363902447395,-1.0917363902447395,-1.0917363902447395,-1.0917363902447395,-1.0917363902447395,-1.0917363902447395,-1.0917363902447395,-1.0917363902447395,-1.0917363902447395
1.969566382794139,1.969566382794139,1.969566382794139,1.969566382794139,1.969566382794139,1.969566382794139,1.969566382794139,1.969566382794139,1.969566382794139,1.969566382794139,1.969566382794139,1.969566382794139,1.969566382794139,1.969566382794139,1.969566382794139,1.969566382794139,1.969566382794139,1.969566382794139,1.969566382794139,1.969566382794139,1.969566382794139,1.969566382794139,1.969566382794139,1.969566382794139,1.969566382794139,1.969566382794139,1.969566382794139,1.969566382794139,1.969566382794139,1.969566382794139,1.969566382794139,1.969566382794139,1.969566382794139,1.969566382794139,1.969566382794139,1.969566382794139,1.969566382794139,1.969566382794139,1.969566382794139,1.969566382794139,1.969566382794139,1.969566382794139,1.969566382794139,1.969566382794139,1.969566382794139,1.969566382794139,1.969566382794139,1.969566382794139,1.969566382794139,1.969566382794139,1.969566382794139,1.969566382794139,1.969566382794139,1.969566382794139,1.969566382794139,1.969566382794139,1.969566382794139,1.969566382794139,1.969566382794139,1.969566382794139,1.969566382794139,1.969566382794139,1.969566382794139,1.969566382794139,1.969566382794139,1.969566382794139,1.969566382794139,1.969566382794139,1.969566382794139,1.969566382794139,1.969566382794139,1.969566382794139,1.969566382794139,1.969566382794139,1.969566382794139,1.969566382794139,1.969566382794139,1.969566382794139,1.969566382794139,1.969566382794139,1.969566382794139,1.969566382794139,1.969566382794139,1.969566382794139,1.969566382794139,1.969566382794139,1.969566382794139,1.969566382794139,1.969566382794139,1.969566382794139
-0.839207719576574,-0.839207719576574,-0.839207719576574,-0.839207719576574,-0.839207719576574,-0.839207719576574,-0.839207719576574,-0.839207719576574,-0.839207719576574,-0.839207719576574,-0.839207719576574,-0.839207719576574,-0.839207719576574,-0.839207719576574,-0.839207719576574,-0.839207719576574,-0.839207719576574,-0.839207719576574,-0.839207719576574,-0.839207719576574,-0.839207719576574,-0.839207719576574,-0.839207719576574,-0.839207719576574,-0.839207719576574,-0.839207719576574,-0.839207719576574,-0.839207719576574,-0.839207719576574,-0.839207719576574,-0.839207719576574,-0.839207719576574,-0.839207719576574,-0.839207719576574,-0.839207719576574,-0.839207719576574,-0.839207719576574,-0.839207719576574,-0.839207719576574,-0.839207719576574,-0.839207719576574,-0.839207719576574,-0.839207719576574,-0.839207719576574,-0.839207719576574,-0.839207719576574,-0.839207719576574,-0.839207719576574,-0.839207719576574,-0.839207719576574,-0.839207719576574,-0.839207719576574,-0.839207719576574,-0.839207719576574,-0.839207719576574,-0.839207719576574,-0.839207719576574,-0.839207719576574,-0.839207719576574,-0.839207719576574,-0.839207719576574,-0.839207719576574,-0.839207719576574,-0.839207719576574,-0.839207719576574,-0.839207719576574,-0.839207719576574,-0.839207719576574,-0.839207719576574,-0.839207719576574,-0.839207719576574,-0.839207719576574,-0.839207719576574,-0.839207719576574,-0.839207719576574,-0.839207719576574,-0.839207719576574,-0.839207719576574,-0.839207719576574,-0.839207719576574,-0.839207719576574,-0.839207719576574,-0.839207719576574,-0.839207719576574,-0.839207719576574,-0.839207719576574,-0.839207719576574,-0.839207719576574,-0.839207719576574,-0.839207719576574
1.0837711368852283,1.0837711368852283,1.0837711368852283,1.0837711368852283,1.0837711368852283,1.0837711368852283,1.0837711368852283,1.0837711368852283,1.0837711368852283,1.0837711368852283,1.0837711368852283,1.0837711368852283,1.0837711368852283,1.0837711368852283,1.0837711368852283,1.0837711368852283,1.0837711368852283,1.0837711368852283,1.0837711368852283,1.0837711368852283,1.0837711368852283,1.0837711368852283,1.0837711368852283,1.0837711368852283,1.0837711368852283,1.0837711368852283,1.0837711368852283,1.0837711368852283,1.0837711368852283,1.0837711368852283,1.0837711368852283,1.0837711368852283,1.0837711368852283,1.0837711368852283,1.0837711368852283,1.0837711368852283,1.0837711368852283,1.0837711368852283,1.0837711368852283,1.0837711368852283,1.0837711368852283,1.0837711368852283,1.0837711368852283,1.0837711368852283,1.0837711368852283,1.0837711368852283,1.0837711368852283,1.0837711368852283,1.0837711368852283,1.0837711368852283,1.0837711368852283,1.0837711368852283,1.0837711368852283,1.0837711368852283,1.0837711368852283,1.0837711368852283,1.0837711368852283,1.0837711368852283,1.0837711368852283,1.0837711368852283,1.0837711368852283,1.0837711368852283,1.0837711368852283,1.0837711368852283,1.0837711368852283,1.0837711368852283,1.0837711368852283,1.0837711368852283,1.0837711368852283,1.0837711368852283,1.0837711368852283,1.0837711368852283,1.0837711368852283,1.0837711368852283,1.0837711368852283,1.0837711368852283,1.0837711368852283,1.0837711368852283,1.0837711368852283,1.0837711368852283,1.0837711368852283,1.0837711368852283,1.0837711368852283,1.0837711368852283,1.0837711368852283,1.0837711368852283,1.0837711368852283,1.0837711368852283,1.0837711368852283,1.0837711368852283
1.0,1.0,1.0,1.0,1.0,1.0,1.0,1.0,1.0,1.0,1.0,1.0,1.0,1.0,1.0,1.0,1.0,1.0,1.0,1.0,1.0,1.0,1.0,1.0,1.0,1.0,1.0,1.0,1.0,1.0,1.0,1.0,1.0,1.0,1.0,1.0,1.0,1.0,1.0,1.0,1.0,1.0,1.0,1.0,1.0,1.0,1.0,1.0,1.0,1.0,1.0,1.0,1.0,1.0,1.0,1.0,1.0,1.0,1.0,1.0,1.0,1.0,1.0,1.0,1.0,1.0,1.0,1.0,1.0,1.0,1.0,1.0,1.0,1.0,1.0,1.0,1.0,1.0,1.0,1.0,1.0,1.0,1.0,1.0,1.0,1.0,1.0,1.0,1.0,1.0
-1.0,-1.0,-1.0,-1.0,-1.0,-1.0,-1.0,-1.0,-1.0,-1.0,-1.0,-1.0,-1.0,-1.0,-1.0,-1.0,-1.0,-1.0,-1.0,-1.0,-1.0,-1.0,-1.0,-1.0,-1.0,-1.0,-1.0,-1.0,-1.0,-1.0,-1.0,-1.0,-1.0,-1.0,-1.0,-1.0,-1.0,-1.0,-1.0,-1.0,-1.0,-1.0,-1.0,-1.0,-1.0,-1.0,-1.0,-1.0,-1.0,-1.0,-1.0,-1.0,-1.0,-1.0,-1.0,-1.0,-1.0,-1.0,-1.0,-1.0,-1.0,-1.0,-1.0,-1.0,-1.0,-1.0,-1.0,-1.0,-1.0,-1.0,-1.0,-1.0,-1.0,-1.0,-1.0,-1.0,-1.0,-1.0,-1.0,-1.0,-1.0,-1.0,-1.0,-1.0,-1.0,-1.0,-1.0,-1.0,-1.0,-1.0
1.0,1.0,1.0,1.0,1.0,1.0,1.0,1.0,1.0,1.0,1.0,1.0,1.0,1.0,1.0,1.0,1.0,1.0,1.0,1.0,1.0,1.0,1.0,1.0,1.0,1.0,1.0,1.0,1.0,1.0,1.0,1.0,1.0,1.0,1.0,1.0,1.0,1.0,1.0,1.0,1.0,1.0,1.0,1.0,1.0,1.0,1.0,1.0,1.0,1.0,1.0,1.0,1.0,1.0,1.0,1.0,1.0,1.0,1.0,1.0,1.0,1.0,1.0,1.0,1.0,1.0,1.0,1.0,1.0,1.0,1.0,1.0,1.0,1.0,1.0,1.0,1.0,1.0,1.0,1.0,1.0,1.0,1.0,1.0,1.0,1.0,1.0,1.0,1.0,1.0
-1.0,-1.0,-1.0,-1.0,-1.0,-1.0,-1.0,-1.0,-1.0,-1.0,-1.0,-1.0,-1.0,-1.0,-1.0,-1.0,-1.0,-1.0,-1.0,-1.0,-1.0,-1.0,-1.0,-1.0,-1.0,-1.0,-1.0,-1.0,-1.0,-1.0,-1.0,-1.0,-1.0,-1.0,-1.0,-1.0,-1.0,-1.0,-1.0,-1.0,-1.0,-1.0,-1.0,-1.0,-1.0,-1.0,-1.0,-1.0,-1.0,-1.0,-1.0,-1.0,-1.0,-1.0,-1.0,-1.0,-1.0,-1.0,-1.0,-1.0,-1.0,-1.0,-1.0,-1.0,-1.0,-1.0,-1.0,-1.0,-1.0,-1.0,-1.0,-1.0,-1.0,-1.0,-1.0,-1.0,-1.0,-1.0,-1.0,-1.0,-1.0,-1.0,-1.0,-1.0,-1.0,-1.0,-1.0,-1.0,-1.0,-1.0
-1.0,-1.0,-1.0,-1.0,-1.0,-1.0,-1.0,-1.0,-1.0,-1.0,-1.0,-1.0,-1.0,-1.0,-1.0,-1.0,-1.0,-1.0,-1.0,-1.0,-1.0,-1.0,-1.0,-1.0,-1.0,-1.0,-1.0,-1.0,-1.0,-1.0,-1.0,-1.0,-1.0,-1.0,-1.0,-1.0,-1.0,-1.0,-1.0,-1.0,-1.0,-1.0,-1.0,-1.0,-1.0,-1.0,-1.0,-1.0,-1.0,-1.0,-1.0,-1.0,-1.0,-1.0,-1.0,-1.0,-1.0,-1.0,-1.0,-1.0,-1.0,-1.0,-1.0,-1.0,-1.0,-1.0,-1.0,-1.0,-1.0,-1.0,-1.0,-1.0,-1.0,-1.0,-1.0,-1.0,-1.0,-1.0,-1.0,-1.0,-1.0,-1.0,-1.0,-1.0,-1.0,-1.0,-1.0,-1.0,-1.0,-1.0
-1.0,-1.0,-1.0,-1.0,-1.0,-1.0,-1.0,-1.0,-1.0,-1.0,-1.0,-1.0,-1.0,-1.0,-1.0,-1.0,-1.0,-1.0,-1.0,-1.0,-1.0,-1.0,-1.0,-1.0,-1.0,-1.0,-1.0,-1.0,-1.0,-1.0,-1.0,-1.0,-1.0,-1.0,-1.0,-1.0,-1.0,-1.0,-1.0,-1.0,-1.0,-1.0,-1.0,-1.0,-1.0,-1.0,-1.0,-1.0,-1.0,-1.0,-1.0,-1.0,-1.0,-1.0,-1.0,-1.0,-1.0,-1.0,-1.0,-1.0,-1.0,-1.0,-1.0,-1.0,-1.0,-1.0,-1.0,-1.0,-1.0,-1.0,-1.0,-1.0,-1.0,-1.0,-1.0,-1.0,-1.0,-1.0,-1.0,-1.0,-1.0,-1.0,-1.0,-1.0,-1.0,-1.0,-1.0,-1.0,-1.0,-1.0
1.0,1.0,1.0,1.0,1.0,1.0,1.0,1.0,1.0,1.0,1.0,1.0,1.0,1.0,1.0,1.0,1.0,1.0,1.0,1.0,1.0,1.0,1.0,1.0,1.0,1.0,1.0,1.0,1.0,1.0,1.0,1.0,1.0,1.0,1.0,1.0,1.0,1.0,1.0,1.0,1.0,1.0,1.0,1.0,1.0,1.0,1.0,1.0,1.0,1.0,1.0,1.0,1.0,1.0,1.0,1.0,1.0,1.0,1.0,1.0,1.0,1.0,1.0,1.0,1.0,1.0,1.0,1.0,1.0,1.0,1.0,1.0,1.0,1.0,1.0,1.0,1.0,1.0,1.0,1.0,1.0,1.0,1.0,1.0,1.0,1.0,1.0,1.0,1.0,1.0
-0.5491778306430674,-0.5491778306430674,-0.5491778306430674,-0.5491778306430674,-0.5491778306430674,-0.5491778306430674,-0.5491778306430674,-0.5491778306430674,-0.5491778306430674,-0.5491778306430674,-0.5491778306430674,-0.5491778306430674,-0.5491778306430674,-0.5491778306430674,-0.5491778306430674,-0.5491778306430674,-0.5491778306430674,-0.5491778306430674,-0.5491778306430674,-0.5491778306430674,-0.5491778306430674,-0.5491778306430674,-0.5491778306430674,-0.5491778306430674,-0.5491778306430674,-0.5491778306430674,-0.5491778306430674,-0.5491778306430674,-0.5491778306430674,-0.5491778306430674,-0.5491778306430674,-0.5491778306430674,-0.5491778306430674,-0.5491778306430674,-0.5491778306430674,-0.5491778306430674,-0.5491778306430674,-0.5491778306430674,-0.5491778306430674,-0.5491778306430674,-0.5491778306430674,-0.5491778306430674,-0.5491778306430674,-0.5491778306430674,-0.5491778306430674,-0.5491778306430674,-0.5491778306430674,-0.5491778306430674,-0.5491778306430674,-0.5491778306430674,-0.5491778306430674,-0.5491778306430674,-0.5491778306430674,-0.5491778306430674,-0.5491778306430674,-0.5491778306430674,-0.5491778306430674,-0.5491778306430674,-0.5491778306430674,-0.5491778306430674,-0.5491778306430674,-0.5491778306430674,-0.5491778306430674,-0.5491778306430674,-0.5491778306430674,-0.5491778306430674,-0.5491778306430674,-0.5491778306430674,-0.5491778306430674,-0.5491778306430674,-0.5491778306430674,-0.5491778306430674,-0.5491778306430674,-0.5491778306430674,-0.5491778306430674,-0.5491778306430674,-0.5491778306430674,-0.5491778306430674,-0.5491778306430674,-0.5491778306430674,-0.5491778306430674,-0.5491778306430674,-0.5491778306430674,-0.5491778306430674,-0.5491778306430674,-0.5491778306430674,-0.5491778306430674,-0.5491778306430674,-0.5491778306430674,-0.5491778306430674
-0.7431442570712008,-0.7431442570712008,-0.7431442570712008,-0.7431442570712008,-0.7431442570712008,-0.7431442570712008,-0.7431442570712008,-0.7431442570712008,-0.7431442570712008,-0.7431442570712008,-0.7431442570712008,-0.7431442570712008,-0.7431442570712008,-0.7431442570712008,-0.7431442570712008,-0.7431442570712008,-0.7431442570712008,-0.7431442570712008,-0.7431442570712008,-0.7431442570712008,-0.7431442570712008,-0.7431442570712008,-0.7431442570712008,-0.7431442570712008,-0.7431442570712008,-0.7431442570712008,-0.7431442570712008,-0.7431442570712008,-0.7431442570712008,-0.7431442570712008,-0.7431442570712008,-0.7431442570712008,-0.7431442570712008,-0.7431442570712008,-0.7431442570712008,-0.7431442570712008,-0.7431442570712008,-0.7431442570712008,-0.7431442570712008,-0.7431442570712008,-0.7431442570712008,-0.7431442570712008,-0.7431442570712008,-0.7431442570712008,-0.7431442570712008,-0.7431442570712008,-0.7431442570712008,-0.7431442570712008,-0.7431442570712008,-0.7431442570712008,-0.7431442570712008,-0.7431442570712008,-0.7431442570712008,-0.7431442570712008,-0.7431442570712008,-0.7431442570712008,-0.7431442570712008,-0.7431442570712008,-0.7431442570712008,-0.7431442570712008,-0.7431442570712008,-0.7431442570712008,-0.7431442570712008,-0.7431442570712008,-0.7431442570712008,-0.7431442570712008,-0.7431442570712008,-0.7431442570712008,-0.7431442570712008,-0.7431442570712008,-0.7431442570712008,-0.7431442570712008,-0.7431442570712008,-0.7431442570712008,-0.7431442570712008,-0.7431442570712008,-0.7431442570712008,-0.7431442570712008,-0.7431442570712008,-0.7431442570712008,-0.7431442570712008,-0.7431442570712008,-0.7431442570712008,-0.7431442570712008,-0.7431442570712008,-0.7431442570712008,-0.7431442570712008,-0.7431442570712008,-0.7431442570712008,-0.7431442570712008
-0.7494296939982592,-0.7494296939982592,-0.7494296939982592,-0.7494296939982592,-0.7494296939982592,-0.7494296939982592,-0.7494296939982592,-0.7494296939982592,-0.7494296939982592,-0.7494296939982592,-0.7494296939982592,-0.7494296939982592,-0.7494296939982592,-0.7494296939982592,-0.7494296939982592,-0.7494296939982592,-0.7494296939982592,-0.7494296939982592,-0.7494296939982592,-0.7494296939982592,-0.7494296939982592,-0.7494296939982592,-0.7494296939982592,-0.7494296939982592,-0.7494296939982592,-0.7494296939982592,-0.7494296939982592,-0.7494296939982592,-0.7494296939982592,-0.7494296939982592,-0.7494296939982592,-0.7494296939982592,-0.7494296939982592,-0.7494296939982592,-0.7494296939982592,-0.7494296939982592,-0.7494296939982592,-0.7494296939982592,-0.7494296939982592,-0.7494296939982592,-0.7494296939982592,-0.7494296939982592,-0.7494296939982592,-0.7494296939982592,-0.7494296939982592,-0.7494296939982592,-0.7494296939982592,-0.7494296939982592,-0.7494296939982592,-0.7494296939982592,-0.7494296939982592,-0.7494296939982592,-0.7494296939982592,-0.7494296939982592,-0.7494296939982592,-0.7494296939982592,-0.7494296939982592,-0.7494296939982592,-0.7494296939982592,-0.7494296939982592,-0.7494296939982592,-0.7494296939982592,-0.7494296939982592,-0.7494296939982592,-0.7494296939982592,-0.7494296939982592,-0.7494296939982592,-0.7494296939982592,-0.7494296939982592,-0.7494296939982592,-0.7494296939982592,-0.7494296939982592,-0.7494296939982592,-0.7494296939982592,-0.7494296939982592,-0.7494296939982592,-0.7494296939982592,-0.7494296939982592,-0.7494296939982592,-0.7494296939982592,-0.7494296939982592,-0.7494296939982592,-0.7494296939982592,-0.7494296939982592,-0.7494296939982592,-0.7494296939982592,-0.7494296939982592,-0.7494296939982592,-0.7494296939982592,-0.7494296939982592
1.0,1.0,1.0,1.0,1.0,1.0,1.0,1.0,1.0,1.0,1.0,1.0,1.0,1.0,1.0,1.0,1.0,1.0,1.0,1.0,1.0,1.0,1.0,1.0,1.0,1.0,1.0,1.0,1.0,1.0,1.0,1.0,1.0,1.0,1.0,1.0,1.0,1.0,1.0,1.0,1.0,1.0,1.0,1.0,1.0,1.0,1.0,1.0,1.0,1.0,1.0,1.0,1.0,1.0,1.0,1.0,1.0,1.0,1.0,1.0,1.0,1.0,1.0,1.0,1.0,1.0,1.0,1.0,1.0,1.0,1.0,1.0,1.0,1.0,1.0,1.0,1.0,1.0,1.0,1.0,1.0,1.0,1.0,1.0,1.0,1.0,1.0,1.0,1.0,1.0
-1.0,1.0,1.0,1.0,1.0,1.0,1.0,1.0,1.0,1.0,1.0,1.0,1.0,1.0,1.0,1.0,1.0,1.0,1.0,-1.0,1.0,-1.0,-1.0,1.0,-1.0,-1.0,-1.0,-1.0,-1.0,-1.0,-1.0,-1.0,-1.0,-1.0,1.0,1.0,-1.0,-1.0,-1.0,-1.0,-1.0,-1.0,-1.0,-1.0,-1.0,-1.0,-1.0,-1.0,-1.0,-1.0,-1.0,-1.0,-1.0,-1.0,-1.0,-1.0,-1.0,-1.0,-1.0,-1.0,-1.0,1.0,-1.0,-1.0,-1.0,-1.0,-1.0,-1.0,-1.0,-1.0,-1.0,-1.0,-1.0,-1.0,-1.0,-1.0,-1.0,1.0,1.0,1.0,1.0,1.0,1.0,1.0,-1.0,1.0,-1.0,-1.0,-1.0,-1.0
-1.0,-1.0,-1.0,-1.0,-1.0,-1.0,-1.0,-1.0,-1.0,-1.0,-1.0,-1.0,-1.0,-1.0,-1.0,-1.0,-1.0,-1.0,-1.0,-1.0,-1.0,-1.0,-1.0,-1.0,1.0,1.0,1.0,1.0,1.0,1.0,1.0,1.0,1.0,-1.0,-1.0,-1.0,1.0,1.0,1.0,1.0,1.0,1.0,1.0,1.0,-1.0,1.0,-1.0,1.0,1.0,1.0,1.0,1.0,1.0,1.0,-1.0,-1.0,1.0,1.0,1.0,1.0,-1.0,-1.0,-1.0,-1.0,-1.0,-1.0,-1.0,-1.0,-1.0,-1.0,-1.0,-1.0,-1.0,-1.0,-1.0,-1.0,-1.0,-1.0,-1.0,-1.0,-1.0,-1.0,-1.0,-1.0,-1.0,-1.0,-1.0,-1.0,-1.0,-1.0
-1.0,-1.0,-1.0,-1.0,-1.0,-1.0,-1.0,-1.0,-1.0,-1.0,-1.0,-1.0,-1.0,-1.0,-1.0,-1.0,-1.0,-1.0,-1.0,-1.0,-1.0,-1.0,-1.0,-1.0,-1.0,-1.0,-1.0,-1.0,-1.0,-1.0,-1.0,-1.0,-1.0,-1.0,-1.0,-1.0,-1.0,-1.0,-1.0,-1.0,-1.0,-1.0,-1.0,-1.0,-1.0,-1.0,-1.0,-1.0,-1.0,-1.0,-1.0,-1.0,-1.0,-1.0,-1.0,-1.0,-1.0,-1.0,-1.0,-1.0,-1.0,-1.0,-1.0,-1.0,-1.0,-1.0,-1.0,-1.0,-1.0,-1.0,-1.0,-1.0,-1.0,-1.0,-1.0,-1.0,-1.0,-1.0,-1.0,-1.0,-1.0,-1.0,-1.0,-1.0,-1.0,-1.0,-1.0,-1.0,-1.0,-1.0
-1.0,-1.0,-1.0,-1.0,-1.0,-1.0,-1.0,-1.0,-1.0,-1.0,-1.0,-1.0,-1.0,-1.0,-1.0,-1.0,-1.0,-1.0,-1.0,-1.0,-1.0,-1.0,-1.0,-1.0,-1.0,-1.0,-1.0,-1.0,-1.0,-1.0,-1.0,-1.0,-1.0,-1.0,-1.0,-1.0,-1.0,-1.0,-1.0,-1.0,-1.0,-1.0,-1.0,-1.0,-1.0,-1.0,-1.0,-1.0,-1.0,-1.0,-1.0,-1.0,-1.0,-1.0,-1.0,-1.0,-1.0,-1.0,-1.0,-1.0,-1.0,-1.0,-1.0,-1.0,-1.0,-1.0,-1.0,-1.0,-1.0,-1.0,-1.0,-1.0,-1.0,-1.0,-1.0,-1.0,-1.0,-1.0,-1.0,-1.0,-1.0,-1.0,-1.0,-1.0,-1.0,-1.0,-1.0,-1.0,-1.0,-1.0
-1.0,-1.0,-1.0,-1.0,-1.0,-1.0,-1.0,-1.0,-1.0,-1.0,-1.0,-1.0,-1.0,1.0,1.0,1.0,1.0,1.0,1.0,-1.0,-1.0,-1.0,-1.0,-1.0,-1.0,-1.0,-1.0,-1.0,-1.0,-1.0,-1.0,-1.0,-1.0,-1.0,1.0,1.0,-1.0,-1.0,-1.0,-1.0,-1.0,-1.0,-1.0,-1.0,-1.0,-1.0,-1.0,-1.0,-1.0,-1.0,-1.0,-1.0,-1.0,-1.0,-1.0,-1.0,-1.0,-1.0,-1.0,-1.0,-1.0,-1.0,-1.0,1.0,1.0,1.0,1.0,1.0,1.0,1.0,1.0,1.0,1.0,1.0,1.0,1.0,1.0,1.0,1.0,1.0,1.0,1.0,1.0,1.0,-1.0,-1.0,-1.0,-1.0,-1.0,-1.0
1.0,-1.0,-1.0,-1.0,-1.0,-1.0,-1.0,-1.0,-1.0,-1.0,-1.0,-1.0,-1.0,-1.0,-1.0,-1.0,-1.0,-1.0,-1.0,-1.0,-1.0,-1.0,-1.0,1.0,-1.0,-1.0,-1.0,-1.0,-1.0,-1.0,-1.0,-1.0,-1.0,-1.0,1.0,1.0,-1.0,-1.0,-1.0,-1.0,-1.0,-1.0,-1.0,-1.0,1.0,-1.0,-1.0,-1.0,-1.0,-1.0,-1.0,-1.0,-1.0,-1.0,-1.0,1.0,-1.0,-1.0,-1.0,-1.0,1.0,1.0,1.0,-1.0,-1.0,-1.0,-1.0,-1.0,-1.0,-1.0,-1.0,-1.0,-1.0,-1.0,-1.0,-1.0,-1.0,-1.0,-1.0,-1.0,-1.0,-1.0,-1.0,-1.0,1.0,-1.0,1.0,-1.0,-1.0,1.0
-1.0,-1.0,-1.0,-1.0,-1.0,-1.0,-1.0,-1.0,-1.0,-1.0,-1.0,-1.0,-1.0,-1.0,-1.0,-1.0,-1.0,-1.0,-1.0,-1.0,-1.0,-1.0,-1.0,-1.0,-1.0,-1.0,-1.0,-1.0,-1.0,-1.0,-1.0,-1.0,-1.0,-1.0,-1.0,-1.0,-1.0,-1.0,-1.0,-1.0,-1.0,-1.0,-1.0,-1.0,-1.0,-1.0,-1.0,-1.0,-1.0,-1.0,-1.0,-1.0,-1.0,-1.0,-1.0,-1.0,-1.0,-1.0,-1.0,-1.0,-1.0,-1.0,-1.0,-1.0,-1.0,-1.0,-1.0,-1.0,-1.0,-1.0,-1.0,-1.0,-1.0,-1.0,-1.0,-1.0,-1.0,-1.0,-1.0,-1.0,-1.0,-1.0,-1.0,-1.0,-1.0,-1.0,-1.0,-1.0,-1.0,-1.0
-1.0,-1.0,-1.0,-1.0,-1.0,-1.0,-1.0,-1.0,-1.0,-1.0,-1.0,-1.0,-1.0,-1.0,-1.0,-1.0,-1.0,-1.0,-1.0,-1.0,-1.0,-1.0,-1.0,-1.0,-1.0,-1.0,-1.0,-1.0,-1.0,-1.0,-1.0,-1.0,-1.0,-1.0,-1.0,-1.0,-1.0,-1.0,-1.0,-1.0,-1.0,-1.0,-1.0,-1.0,-1.0,-1.0,-1.0,-1.0,-1.0,-1.0,-1.0,-1.0,-1.0,-1.0,-1.0,-1.0,-1.0,-1.0,-1.0,-1.0,-1.0,-1.0,-1.0,-1.0,-1.0,-1.0,-1.0,-1.0,-1.0,-1.0,-1.0,-1.0,-1.0,-1.0,-1.0,-1.0,-1.0,-1.0,-1.0,-1.0,-1.0,-1.0,-1.0,-1.0,-1.0,-1.0,-1.0,-1.0,-1.0,-1.0
-1.0,-1.0,-1.0,-1.0,-1.0,-1.0,-1.0,-1.0,-1.0,1.0,1.0,1.0,1.0,-1.0,-1.0,-1.0,-1.0,-1.0,-1.0,1.0,1.0,1.0,-1.0,1.0,1.0,-1.0,-1.0,-1.0,-1.0,-1.0,-1.0,-1.0,-1.0,-1.0,1.0,1.0,-1.0,-1.0,-1.0,-1.0,-1.0,-1.0,-1.0,-1.0,1.0,-1.0,-1.0,-1.0,-1.0,-1.0,-1.0,-1.0,-1.0,-1.0,-1.0,-1.0,-1.0,-1.0,-1.0,1.0,-1.0,-1.0,-1.0,-1.0,-1.0,-1.0,-1.0,-1.0,-1.0,-1.0,-1.0,-1.0,-1.0,-1.0,-1.0,-1.0,-1.0,-1.0,-1.0,-1.0,-1.0,-1.0,-1.0,-1.0,-1.0,-1.0,-1.0,-1.0,-1.0,-1.0
-1.0,-1.0,-1.0,-1.0,-1.0,-1.0,-1.0,-1.0,-1.0,-1.0,-1.0,-1.0,-1.0,-1.0,-1.0,-1.0,-1.0,-1.0,-1.0,-1.0,-1.0,-1.0,-1.0,-1.0,-1.0,-1.0,-1.0,-1.0,-1.0,-1.0,-1.0,-1.0,-1.0,-1.0,-1.0,-1.0,-1.0,-1.0,-1.0,-1.0,-1.0,-1.0,-1.0,-1.0,-1.0,-1.0,-1.0,-1.0,-1.0,-1.0,-1.0,-1.0,-1.0,-1.0,-1.0,-1.0,-1.0,-1.0,-1.0,-1.0,-1.0,-1.0,-1.0,-1.0,-1.0,-1.0,-1.0,-1.0,-1.0,-1.0,-1.0,-1.0,-1.0,-1.0,-1.0,-1.0,-1.0,-1.0,-1.0,-1.0,-1.0,-1.0,-1.0,-1.0,-1.0,-1.0,-1.0,-1.0,-1.0,-1.0
-1.0,-1.0,-1.0,-1.0,-1.0,-1.0,-1.0,-1.0,-1.0,-1.0,-1.0,-1.0,-1.0,-1.0,-1.0,-1.0,-1.0,-1.0,-1.0,-1.0,-1.0,-1.0,-1.0,-1.0,-1.0,-1.0,-1.0,-1.0,-1.0,-1.0,-1.0,-1.0,-1.0,-1.0,-1.0,-1.0,-1.0,-1.0,-1.0,-1.0,-1.0,-1.0,-1.0,-1.0,-1.0,-1.0,-1.0,-1.0,-1.0,-1.0,-1.0,-1.0,-1.0,-1.0,-1.0,-1.0,-1.0,-1.0,-1.0,-1.0,-1.0,-1.0,-1.0,-1.0,-1.0,-1.0,-1.0,-1.0,-1.0,-1.0,-1.0,-1.0,-1.0,-1.0,-1.0,-1.0,-1.0,-1.0,-1.0,-1.0,-1.0,-1.0,-1.0,-1.0,-1.0,-1.0,-1.0,-1.0,-1.0,-1.0
-1.0,-1.0,-1.0,-1.0,-1.0,-1.0,-1.0,-1.0,-1.0,-1.0,-1.0,-1.0,-1.0,-1.0,-1.0,-1.0,-1.0,-1.0,-1.0,-1.0,-1.0,-1.0,-1.0,-1.0,-1.0,-1.0,-1.0,-1.0,-1.0,-1.0,-1.0,-1.0,-1.0,-1.0,-1.0,-1.0,-1.0,-1.0,-1.0,-1.0,-1.0,-1.0,-1.0,-1.0,-1.0,-1.0,1.0,-1.0,-1.0,-1.0,-1.0,-1.0,-1.0,-1.0,-1.0,-1.0,-1.0,-1.0,-1.0,-1.0,-1.0,-1.0,-1.0,-1.0,-1.0,-1.0,-1.0,-1.0,-1.0,-1.0,-1.0,-1.0,-1.0,-1.0,-1.0,-1.0,-1.0,-1.0,-1.0,-1.0,-1.0,-1.0,-1.0,-1.0,-1.0,-1.0,-1.0,-1.0,-1.0,-1.0
-1.0,-1.0,-1.0,-1.0,-1.0,-1.0,-1.0,-1.0,-1.0,-1.0,-1.0,-1.0,-1.0,-1.0,-1.0,-1.0,-1.0,-1.0,-1.0,-1.0,-1.0,-1.0,-1.0,-1.0,-1.0,-1.0,-1.0,-1.0,-1.0,-1.0,-1.0,-1.0,-1.0,-1.0,-1.0,-1.0,-1.0,-1.0,-1.0,-1.0,-1.0,-1.0,-1.0,-1.0,-1.0,-1.0,-1.0,-1.0,-1.0,-1.0,-1.0,-1.0,-1.0,-1.0,-1.0,-1.0,-1.0,-1.0,-1.0,-1.0,-1.0,-1.0,-1.0,-1.0,-1.0,-1.0,-1.0,-1.0,-1.0,-1.0,-1.0,-1.0,-1.0,-1.0,-1.0,-1.0,-1.0,-1.0,-1.0,-1.0,-1.0,-1.0,-1.0,-1.0,-1.0,-1.0,-1.0,-1.0,-1.0,-1.0
-1.0,-1.0,-1.0,-1.0,-1.0,-1.0,-1.0,-1.0,-1.0,-1.0,-1.0,-1.0,-1.0,-1.0,-1.0,-1.0,-1.0,-1.0,-1.0,-1.0,-1.0,-1.0,-1.0,-1.0,-1.0,-1.0,-1.0,-1.0,-1.0,-1.0,-1.0,-1.0,-1.0,-1.0,-1.0,-1.0,-1.0,-1.0,-1.0,-1.0,-1.0,-1.0,-1.0,-1.0,-1.0,-1.0,-1.0,-1.0,-1.0,-1.0,-1.0,-1.0,-1.0,-1.0,-1.0,-1.0,-1.0,-1.0,-1.0,-1.0,-1.0,-1.0,-1.0,-1.0,-1.0,-1.0,-1.0,-1.0,-1.0,-1.0,-1.0,-1.0,-1.0,-1.0,-1.0,-1.0,-1.0,-1.0,-1.0,-1.0,-1.0,-1.0,-1.0,-1.0,-1.0,-1.0,-1.0,-1.0,-1.0,-1.0
-1.0,-1.0,-1.0,-1.0,-1.0,-1.0,-1.0,-1.0,-1.0,-1.0,-1.0,-1.0,-1.0,-1.0,-1.0,-1.0,-1.0,-1.0,-1.0,-1.0,-1.0,-1.0,-1.0,-1.0,-1.0,-1.0,-1.0,-1.0,-1.0,-1.0,-1.0,-1.0,-1.0,1.0,-1.0,-1.0,-1.0,-1.0,-1.0,-1.0,-1.0,-1.0,-1.0,-1.0,-1.0,-1.0,-1.0,-1.0,-1.0,-1.0,-1.0,-1.0,-1.0,-1.0,-1.0,-1.0,-1.0,-1.0,-1.0,-1.0,-1.0,-1.0,-1.0,-1.0,-1.0,-1.0,-1.0,-1.0,-1.0,-1.0,-1.0,-1.0,-1.0,-1.0,-1.0,-1.0,-1.0,-1.0,-1.0,-1.0,-1.0,-1.0,-1.0,-1.0,-1.0,-1.0,-1.0,-1.0,-1.0,-1.0
-1.0,-1.0,-1.0,-1.0,-1.0,-1.0,-1.0,-1.0,-1.0,-1.0,-1.0,-1.0,-1.0,-1.0,-1.0,-1.0,-1.0,-1.0,-1.0,-1.0,-1.0,-1.0,-1.0,-1.0,-1.0,-1.0,-1.0,-1.0,-1.0,-1.0,-1.0,-1.0,-1.0,-1.0,-1.0,-1.0,-1.0,-1.0,-1.0,-1.0,-1.0,-1.0,-1.0,-1.0,-1.0,-1.0,-1.0,-1.0,-1.0,-1.0,-1.0,-1.0,-1.0,-1.0,-1.0,-1.0,-1.0,-1.0,-1.0,-1.0,-1.0,-1.0,-1.0,-1.0,-1.0,-1.0,-1.0,-1.0,-1.0,-1.0,-1.0,-1.0,-1.0,-1.0,-1.0,-1.0,-1.0,-1.0,-1.0,-1.0,-1.0,-1.0,-1.0,-1.0,-1.0,-1.0,-1.0,-1.0,-1.0,-1.0
-1.0,-1.0,-1.0,-1.0,-1.0,-1.0,-1.0,-1.0,-1.0,-1.0,-1.0,-1.0,-1.0,-1.0,-1.0,-1.0,-1.0,-1.0,-1.0,-1.0,-1.0,-1.0,-1.0,-1.0,-1.0,-1.0,-1.0,-1.0,-1.0,-1.0,-1.0,-1.0,-1.0,-1.0,-1.0,-1.0,-1.0,-1.0,-1.0,-1.0,-1.0,-1.0,-1.0,-1.0,-1.0,-1.0,-1.0,-1.0,-1.0,-1.0,-1.0,-1.0,-1.0,-1.0,-1.0,-1.0,-1.0,-1.0,-1.0,-1.0,-1.0,-1.0,-1.0,-1.0,-1.0,-1.0,-1.0,-1.0,-1.0,-1.0,-1.0,-1.0,-1.0,-1.0,-1.0,-1.0,-1.0,-1.0,-1.0,-1.0,-1.0,-1.0,-1.0,-1.0,-1.0,-1.0,-1.0,-1.0,-1.0,-1.0
-1.0,-1.0,-1.0,-1.0,-1.0,-1.0,-1.0,-1.0,-1.0,-1.0,-1.0,-1.0,-1.0,-1.0,-1.0,-1.0,-1.0,-1.0,-1.0,-1.0,-1.0,-1.0,1.0,-1.0,-1.0,-1.0,-1.0,-1.0,-1.0,-1.0,-1.0,-1.0,-1.0,-1.0,-1.0,-1.0,-1.0,-1.0,-1.0,-1.0,-1.0,-1.0,-1.0,-1.0,-1.0,-1.0,-1.0,-1.0,-1.0,-1.0,-1.0,-1.0,-1.0,-1.0,-1.0,-1.0,-1.0,-1.0,-1.0,-1.0,-1.0,-1.0,-1.0,-1.0,-1.0,-1.0,-1.0,-1.0,-1.0,-1.0,-1.0,-1.0,-1.0,-1.0,-1.0,-1.0,-1.0,-1.0,-1.0,-1.0,-1.0,-1.0,-1.0,-1.0,-1.0,-1.0,-1.0,-1.0,-1.0,-1.0
-1.0,-1.0,-1.0,-1.0,-1.0,-1.0,-1.0,-1.0,-1.0,-1.0,-1.0,-1.0,-1.0,-1.0,-1.0,-1.0,-1.0,-1.0,-1.0,-1.0,-1.0,-1.0,-1.0,-1.0,-1.0,-1.0,-1.0,-1.0,-1.0,-1.0,-1.0,-1.0,-1.0,-1.0,-1.0,-1.0,-1.0,-1.0,-1.0,-1.0,-1.0,-1.0,-1.0,-1.0,-1.0,-1.0,-1.0,-1.0,-1.0,-1.0,-1.0,-1.0,-1.0,-1.0,-1.0,-1.0,-1.0,-1.0,-1.0,-1.0,-1.0,-1.0,-1.0,-1.0,-1.0,-1.0,-1.0,-1.0,-1.0,-1.0,-1.0,-1.0,-1.0,-1.0,-1.0,-1.0,-1.0,-1.0,-1.0,-1.0,-1.0,-1.0,-1.0,-1.0,-1.0,-1.0,-1.0,-1.0,-1.0,-1.0
